date,county,fips,population,confirmed_cases,reported_cases,probable_cases,reported_and_probable_cases,reported_deaths
2023-02-21,Alameda,001,1643700,377325,377332,22457,399789,2174
2023-02-21,Alpine,002,1148,139,139,4,143,0
2023-02-21,Amador,005,37829,10540,10541,965,11506,99
2023-02-21,Butte,007,227075,41596,41596,10223,51819,487
2023-02-21,Calaveras,009,45235,8974,8974,639,9613,140
2023-02-21,Colusa,011,21464,3969,3971,1342,5313,22
2023-02-21,Contra Costa,013,1133247,271441,271445,22264,293709,1552
2023-02-21,Del Norte,015,27424,7919,7920,469,8389,60
2023-02-21,El Dorado,017,186661,34500,34500,4539,39039,244
2023-02-21,Fresno,019,978130,293587,293597,34627,328224,2991
2023-02-21,Glenn,021,27897,5782,5782,2010,7792,58
2023-02-21,Humboldt,023,135768,23336,23339,5864,29203,169
2023-02-21,Imperial,025,180216,69788,69789,18808,88597,974
2023-02-21,Inyo,027,18085,4758,4758,1303,6061,63
2023-02-21,Kern,029,883053,229374,229379,72485,301864,2476
2023-02-21,Kings,031,150075,62766,62766,4464,67230,478
2023-02-21,Lake,033,64148,13620,13620,1280,14900,155
2023-02-21,Lassen,035,31185,10248,10248,1063,11311,67
2023-02-21,Los Angeles,037,10098052,3481115,3481382,216380,3697762,35366
2023-02-21,Madera,039,155013,46162,46164,8865,55029,378
2023-02-21,Marin,041,260295,48916,48920,5679,54599,317
2023-02-21,Mariposa,043,17540,3352,3352,359,3711,33
2023-02-21,Mendocino,045,87422,16853,16853,4813,21666,144
2023-02-21,Merced,047,269075,76314,76318,12700,89018,903
2023-02-21,Modoc,049,8938,954,954,369,1323,11
2023-02-21,Mono,051,14174,3321,3321,302,3623,8
2023-02-21,Monterey,053,433212,97916,97918,23618,121536,797
2023-02-21,Napa,055,140530,34317,34318,1527,35845,165
2023-02-21,Nevada,057,99092,20120,20125,2305,22430,133
2023-02-21,Orange,059,3164182,708419,708420,77182,785602,7914
2023-02-21,Placer,061,380077,80815,80815,10184,90999,682
2023-02-21,Plumas,063,18699,3825,3825,460,4285,15
2023-02-21,Riverside,065,2383286,732941,733001,41523,774524,6837
2023-02-21,Sacramento,067,1510023,369561,369563,37551,407114,3514
2023-02-21,San Benito,069,59416,17597,17599,1129,18728,116
2023-02-21,San Bernardino,071,2135413,708146,708208,35109,743317,8170
2023-02-21,San Diego,073,3302833,983163,983163,80930,1064093,5768
2023-02-21,San Francisco,075,870044,195253,195263,13279,208542,1168
2023-02-21,San Joaquin,077,732212,209368,209376,16795,226171,2417
2023-02-21,San Luis Obispo,079,281455,66317,66318,8106,74424,561
2023-02-21,San Mateo,081,765935,182298,182302,11336,193638,749
2023-02-21,Santa Barbara,083,443738,111917,111918,7684,119602,761
2023-02-21,Santa Clara,085,1922200,473288,473306,21703,495009,2699
2023-02-21,Santa Cruz,087,273765,68187,68187,3896,72083,276
2023-02-21,Shasta,089,179085,36417,36417,8290,44707,605
2023-02-21,Sierra,091,2930,311,311,61,372,5
2023-02-21,Siskiyou,093,43540,5448,5448,3438,8886,95
2023-02-21,Solano,095,438530,113457,113469,8584,122053,481
2023-02-21,Sonoma,097,501317,113279,113286,5759,119045,552
2023-02-21,Stanislaus,099,539301,144773,144793,22966,167759,1843
2023-02-21,Sutter,101,95872,25683,25688,2541,28229,238
2023-02-21,Tehama,103,63373,14441,14441,3402,17843,222
2023-02-21,Trinity,105,12862,1472,1472,504,1976,24
2023-02-21,Tulare,107,460477,128042,128042,40096,168138,1567
2023-02-21,Tuolumne,109,53932,16832,16833,989,17822,203
2023-02-21,Ventura,111,848112,220496,220499,18073,238572,1665
2023-02-21,Yolo,113,214977,49933,49933,4848,54781,442
2023-02-21,Yuba,115,75493,19977,19981,1865,21846,134
2023-02-20,Alameda,001,1643700,377325,376312,22457,398769,2174
2023-02-20,Alpine,002,1148,139,139,4,143,0
2023-02-20,Amador,005,37829,10540,10524,965,11489,99
2023-02-20,Butte,007,227075,41596,41548,10223,51771,484
2023-02-20,Calaveras,009,45235,8974,8960,639,9599,140
2023-02-20,Colusa,011,21464,3969,3960,1342,5302,22
2023-02-20,Contra Costa,013,1133247,271441,270737,22264,293001,1542
2023-02-20,Del Norte,015,27424,7919,7892,469,8361,59
2023-02-20,El Dorado,017,186661,34500,34430,4539,38969,243
2023-02-20,Fresno,019,978130,293587,293104,34627,327731,2983
2023-02-20,Glenn,021,27897,5782,5773,2010,7783,58
2023-02-20,Humboldt,023,135768,23336,23276,5864,29140,169
2023-02-20,Imperial,025,180216,69788,69669,18808,88477,974
2023-02-20,Inyo,027,18085,4758,4752,1303,6055,63
2023-02-20,Kern,029,883053,229374,228953,72485,301438,2474
2023-02-20,Kings,031,150075,62766,62684,4464,67148,473
2023-02-20,Lake,033,64148,13620,13595,1280,14875,155
2023-02-20,Lassen,035,31185,10248,10246,1063,11309,66
2023-02-20,Los Angeles,037,10098052,3481115,3475808,216380,3692188,35250
2023-02-20,Madera,039,155013,46162,46098,8865,54963,377
2023-02-20,Marin,041,260295,48916,48759,5679,54438,317
2023-02-20,Mariposa,043,17540,3352,3342,359,3701,32
2023-02-20,Mendocino,045,87422,16853,16830,4813,21643,143
2023-02-20,Merced,047,269075,76314,76157,12700,88857,903
2023-02-20,Modoc,049,8938,954,953,369,1322,11
2023-02-20,Mono,051,14174,3321,3319,302,3621,8
2023-02-20,Monterey,053,433212,97916,97704,23618,121322,796
2023-02-20,Napa,055,140530,34317,34245,1527,35772,165
2023-02-20,Nevada,057,99092,20120,20088,2305,22393,132
2023-02-20,Orange,059,3164182,708419,707080,77182,784262,7892
2023-02-20,Placer,061,380077,80815,80615,10184,90799,682
2023-02-20,Plumas,063,18699,3825,3819,460,4279,14
2023-02-20,Riverside,065,2383286,732941,731962,41523,773485,6827
2023-02-20,Sacramento,067,1510023,369561,368833,37551,406384,3507
2023-02-20,San Benito,069,59416,17597,17566,1129,18695,115
2023-02-20,San Bernardino,071,2135413,708146,707191,35109,742300,8171
2023-02-20,San Diego,073,3302833,983163,981249,80930,1062179,5759
2023-02-20,San Francisco,075,870044,195253,194654,13279,207933,1164
2023-02-20,San Joaquin,077,732212,209368,208935,16795,225730,2415
2023-02-20,San Luis Obispo,079,281455,66317,66209,8106,74315,559
2023-02-20,San Mateo,081,765935,182298,181782,11336,193118,749
2023-02-20,Santa Barbara,083,443738,111917,111692,7684,119376,760
2023-02-20,Santa Clara,085,1922200,473288,472011,21703,493714,2688
2023-02-20,Santa Cruz,087,273765,68187,68030,3896,71926,278
2023-02-20,Shasta,089,179085,36417,36385,8290,44675,606
2023-02-20,Sierra,091,2930,311,311,61,372,5
2023-02-20,Siskiyou,093,43540,5448,5433,3438,8871,95
2023-02-20,Solano,095,438530,113457,113211,8584,121795,481
2023-02-20,Sonoma,097,501317,113279,113031,5759,118790,548
2023-02-20,Stanislaus,099,539301,144773,144597,22966,167563,1842
2023-02-20,Sutter,101,95872,25683,25633,2541,28174,238
2023-02-20,Tehama,103,63373,14441,14421,3402,17823,222
2023-02-20,Trinity,105,12862,1472,1470,504,1974,24
2023-02-20,Tulare,107,460477,128042,127791,40096,167887,1567
2023-02-20,Tuolumne,109,53932,16832,16802,989,17791,203
2023-02-20,Ventura,111,848112,220496,220185,18073,238258,1664
2023-02-20,Yolo,113,214977,49933,49841,4848,54689,439
2023-02-20,Yuba,115,75493,19977,19958,1865,21823,134
2023-02-19,Alameda,001,1643700,377266,376312,22457,398769,2174
2023-02-19,Alpine,002,1148,139,139,4,143,0
2023-02-19,Amador,005,37829,10540,10524,965,11489,99
2023-02-19,Butte,007,227075,41596,41548,10223,51771,484
2023-02-19,Calaveras,009,45235,8974,8960,639,9599,140
2023-02-19,Colusa,011,21464,3966,3960,1342,5302,22
2023-02-19,Contra Costa,013,1133247,271409,270737,22264,293001,1542
2023-02-19,Del Norte,015,27424,7919,7892,469,8361,59
2023-02-19,El Dorado,017,186661,34499,34430,4539,38969,243
2023-02-19,Fresno,019,978130,293569,293104,34627,327731,2983
2023-02-19,Glenn,021,27897,5782,5773,2010,7783,58
2023-02-19,Humboldt,023,135768,23333,23276,5864,29140,169
2023-02-19,Imperial,025,180216,69776,69669,18808,88477,974
2023-02-19,Inyo,027,18085,4758,4752,1303,6055,63
2023-02-19,Kern,029,883053,229361,228953,72485,301438,2474
2023-02-19,Kings,031,150075,62754,62684,4464,67148,473
2023-02-19,Lake,033,64148,13617,13595,1280,14875,155
2023-02-19,Lassen,035,31185,10248,10246,1063,11309,66
2023-02-19,Los Angeles,037,10098052,3481077,3475808,216378,3692186,35250
2023-02-19,Madera,039,155013,46158,46098,8865,54963,377
2023-02-19,Marin,041,260295,48907,48759,5679,54438,317
2023-02-19,Mariposa,043,17540,3352,3342,359,3701,32
2023-02-19,Mendocino,045,87422,16846,16830,4813,21643,143
2023-02-19,Merced,047,269075,76313,76157,12700,88857,903
2023-02-19,Modoc,049,8938,954,953,369,1322,11
2023-02-19,Mono,051,14174,3321,3319,302,3621,8
2023-02-19,Monterey,053,433212,97905,97704,23618,121322,796
2023-02-19,Napa,055,140530,34310,34245,1527,35772,165
2023-02-19,Nevada,057,99092,20120,20088,2305,22393,132
2023-02-19,Orange,059,3164182,708344,707080,77182,784262,7892
2023-02-19,Placer,061,380077,80804,80615,10184,90799,682
2023-02-19,Plumas,063,18699,3824,3819,460,4279,14
2023-02-19,Riverside,065,2383286,732917,731962,41523,773485,6827
2023-02-19,Sacramento,067,1510023,369525,368833,37551,406384,3507
2023-02-19,San Benito,069,59416,17597,17566,1129,18695,115
2023-02-19,San Bernardino,071,2135413,708126,707191,35109,742300,8171
2023-02-19,San Diego,073,3302833,983116,981249,80924,1062173,5759
2023-02-19,San Francisco,075,870044,195222,194654,13279,207933,1164
2023-02-19,San Joaquin,077,732212,209349,208935,16795,225730,2415
2023-02-19,San Luis Obispo,079,281455,66314,66209,8106,74315,559
2023-02-19,San Mateo,081,765935,182280,181782,11336,193118,749
2023-02-19,Santa Barbara,083,443738,111905,111692,7684,119376,760
2023-02-19,Santa Clara,085,1922200,473243,472011,21703,493714,2688
2023-02-19,Santa Cruz,087,273765,68183,68030,3896,71926,278
2023-02-19,Shasta,089,179085,36417,36385,8290,44675,606
2023-02-19,Sierra,091,2930,311,311,61,372,5
2023-02-19,Siskiyou,093,43540,5446,5433,3438,8871,95
2023-02-19,Solano,095,438530,113450,113211,8584,121795,481
2023-02-19,Sonoma,097,501317,113250,113031,5759,118790,548
2023-02-19,Stanislaus,099,539301,144745,144597,22966,167563,1842
2023-02-19,Sutter,101,95872,25679,25633,2541,28174,238
2023-02-19,Tehama,103,63373,14441,14421,3402,17823,222
2023-02-19,Trinity,105,12862,1472,1470,504,1974,24
2023-02-19,Tulare,107,460477,128029,127791,40096,167887,1567
2023-02-19,Tuolumne,109,53932,16826,16802,989,17791,203
2023-02-19,Ventura,111,848112,220478,220185,18073,238258,1664
2023-02-19,Yolo,113,214977,49932,49841,4848,54689,439
2023-02-19,Yuba,115,75493,19974,19958,1865,21823,134
2023-02-18,Alameda,001,1643700,377206,376312,22457,398769,2174
2023-02-18,Alpine,002,1148,139,139,4,143,0
2023-02-18,Amador,005,37829,10540,10524,965,11489,99
2023-02-18,Butte,007,227075,41594,41548,10223,51771,484
2023-02-18,Calaveras,009,45235,8973,8960,639,9599,140
2023-02-18,Colusa,011,21464,3965,3960,1342,5302,22
2023-02-18,Contra Costa,013,1133247,271353,270737,22264,293001,1542
2023-02-18,Del Norte,015,27424,7918,7892,469,8361,59
2023-02-18,El Dorado,017,186661,34495,34430,4539,38969,243
2023-02-18,Fresno,019,978130,293537,293104,34627,327731,2983
2023-02-18,Glenn,021,27897,5782,5773,2010,7783,58
2023-02-18,Humboldt,023,135768,23333,23276,5864,29140,169
2023-02-18,Imperial,025,180216,69766,69669,18808,88477,974
2023-02-18,Inyo,027,18085,4758,4752,1303,6055,63
2023-02-18,Kern,029,883053,229342,228953,72485,301438,2474
2023-02-18,Kings,031,150075,62750,62684,4464,67148,473
2023-02-18,Lake,033,64148,13617,13595,1280,14875,155
2023-02-18,Lassen,035,31185,10248,10246,1063,11309,66
2023-02-18,Los Angeles,037,10098052,3480904,3475808,216358,3692166,35250
2023-02-18,Madera,039,155013,46154,46098,8865,54963,377
2023-02-18,Marin,041,260295,48897,48759,5679,54438,317
2023-02-18,Mariposa,043,17540,3351,3342,359,3701,32
2023-02-18,Mendocino,045,87422,16846,16830,4813,21643,143
2023-02-18,Merced,047,269075,76309,76157,12700,88857,903
2023-02-18,Modoc,049,8938,954,953,369,1322,11
2023-02-18,Mono,051,14174,3321,3319,302,3621,8
2023-02-18,Monterey,053,433212,97894,97704,23618,121322,796
2023-02-18,Napa,055,140530,34305,34245,1527,35772,165
2023-02-18,Nevada,057,99092,20117,20088,2305,22393,132
2023-02-18,Orange,059,3164182,708236,707080,77182,784262,7892
2023-02-18,Placer,061,380077,80786,80615,10184,90799,682
2023-02-18,Plumas,063,18699,3824,3819,460,4279,14
2023-02-18,Riverside,065,2383286,732862,731962,41523,773485,6827
2023-02-18,Sacramento,067,1510023,369477,368833,37551,406384,3507
2023-02-18,San Benito,069,59416,17595,17566,1129,18695,115
2023-02-18,San Bernardino,071,2135413,708064,707191,35109,742300,8171
2023-02-18,San Diego,073,3302833,983005,981249,80909,1062158,5759
2023-02-18,San Francisco,075,870044,195166,194654,13279,207933,1164
2023-02-18,San Joaquin,077,732212,209319,208935,16795,225730,2415
2023-02-18,San Luis Obispo,079,281455,66309,66209,8106,74315,559
2023-02-18,San Mateo,081,765935,182228,181782,11336,193118,749
2023-02-18,Santa Barbara,083,443738,111890,111692,7684,119376,760
2023-02-18,Santa Clara,085,1922200,473134,472011,21703,493714,2688
2023-02-18,Santa Cruz,087,273765,68173,68030,3896,71926,278
2023-02-18,Shasta,089,179085,36417,36385,8290,44675,606
2023-02-18,Sierra,091,2930,311,311,61,372,5
2023-02-18,Siskiyou,093,43540,5445,5433,3438,8871,95
2023-02-18,Solano,095,438530,113434,113211,8584,121795,481
2023-02-18,Sonoma,097,501317,113236,113031,5759,118790,548
2023-02-18,Stanislaus,099,539301,144725,144597,22966,167563,1842
2023-02-18,Sutter,101,95872,25674,25633,2541,28174,238
2023-02-18,Tehama,103,63373,14441,14421,3402,17823,222
2023-02-18,Trinity,105,12862,1472,1470,504,1974,24
2023-02-18,Tulare,107,460477,128019,127791,40096,167887,1567
2023-02-18,Tuolumne,109,53932,16822,16802,989,17791,203
2023-02-18,Ventura,111,848112,220448,220185,18073,238258,1664
2023-02-18,Yolo,113,214977,49925,49841,4848,54689,439
2023-02-18,Yuba,115,75493,19973,19958,1865,21823,134
2023-02-17,Alameda,001,1643700,377113,376312,22457,398769,2174
2023-02-17,Alpine,002,1148,139,139,4,143,0
2023-02-17,Amador,005,37829,10540,10524,965,11489,99
2023-02-17,Butte,007,227075,41592,41548,10223,51771,484
2023-02-17,Calaveras,009,45235,8971,8960,639,9599,140
2023-02-17,Colusa,011,21464,3965,3960,1342,5302,22
2023-02-17,Contra Costa,013,1133247,271292,270737,22264,293001,1542
2023-02-17,Del Norte,015,27424,7917,7892,469,8361,59
2023-02-17,El Dorado,017,186661,34489,34430,4539,38969,243
2023-02-17,Fresno,019,978130,293502,293104,34627,327731,2983
2023-02-17,Glenn,021,27897,5782,5773,2010,7783,58
2023-02-17,Humboldt,023,135768,23330,23276,5864,29140,169
2023-02-17,Imperial,025,180216,69761,69669,18808,88477,974
2023-02-17,Inyo,027,18085,4757,4752,1303,6055,63
2023-02-17,Kern,029,883053,229302,228953,72485,301438,2474
2023-02-17,Kings,031,150075,62745,62684,4464,67148,473
2023-02-17,Lake,033,64148,13614,13595,1280,14875,155
2023-02-17,Lassen,035,31185,10247,10246,1063,11309,66
2023-02-17,Los Angeles,037,10098052,3480582,3475808,216318,3692126,35250
2023-02-17,Madera,039,155013,46151,46098,8865,54963,377
2023-02-17,Marin,041,260295,48874,48759,5679,54438,317
2023-02-17,Mariposa,043,17540,3351,3342,359,3701,32
2023-02-17,Mendocino,045,87422,16846,16830,4813,21643,143
2023-02-17,Merced,047,269075,76301,76157,12700,88857,903
2023-02-17,Modoc,049,8938,954,953,369,1322,11
2023-02-17,Mono,051,14174,3321,3319,302,3621,8
2023-02-17,Monterey,053,433212,97883,97704,23618,121322,796
2023-02-17,Napa,055,140530,34302,34245,1527,35772,165
2023-02-17,Nevada,057,99092,20114,20088,2305,22393,132
2023-02-17,Orange,059,3164182,708128,707080,77182,784262,7892
2023-02-17,Placer,061,380077,80777,80615,10184,90799,682
2023-02-17,Plumas,063,18699,3823,3819,460,4279,14
2023-02-17,Riverside,065,2383286,732799,731962,41523,773485,6827
2023-02-17,Sacramento,067,1510023,369410,368833,37551,406384,3507
2023-02-17,San Benito,069,59416,17595,17566,1129,18695,115
2023-02-17,San Bernardino,071,2135413,708000,707191,35109,742300,8171
2023-02-17,San Diego,073,3302833,982835,981249,80897,1062146,5759
2023-02-17,San Francisco,075,870044,195112,194654,13279,207933,1164
2023-02-17,San Joaquin,077,732212,209280,208935,16795,225730,2415
2023-02-17,San Luis Obispo,079,281455,66297,66209,8106,74315,559
2023-02-17,San Mateo,081,765935,182192,181782,11336,193118,749
2023-02-17,Santa Barbara,083,443738,111878,111692,7684,119376,760
2023-02-17,Santa Clara,085,1922200,473032,472011,21703,493714,2688
2023-02-17,Santa Cruz,087,273765,68158,68030,3896,71926,278
2023-02-17,Shasta,089,179085,36416,36385,8290,44675,606
2023-02-17,Sierra,091,2930,311,311,61,372,5
2023-02-17,Siskiyou,093,43540,5442,5433,3438,8871,95
2023-02-17,Solano,095,438530,113424,113211,8584,121795,481
2023-02-17,Sonoma,097,501317,113217,113031,5759,118790,548
2023-02-17,Stanislaus,099,539301,144706,144597,22966,167563,1842
2023-02-17,Sutter,101,95872,25671,25633,2541,28174,238
2023-02-17,Tehama,103,63373,14440,14421,3402,17823,222
2023-02-17,Trinity,105,12862,1472,1470,504,1974,24
2023-02-17,Tulare,107,460477,128011,127791,40096,167887,1567
2023-02-17,Tuolumne,109,53932,16820,16802,989,17791,203
2023-02-17,Ventura,111,848112,220428,220185,18073,238258,1664
2023-02-17,Yolo,113,214977,49916,49841,4848,54689,439
2023-02-17,Yuba,115,75493,19972,19958,1865,21823,134
2023-02-16,Alameda,001,1643700,376965,376312,22457,398769,2174
2023-02-16,Alpine,002,1148,139,139,4,143,0
2023-02-16,Amador,005,37829,10539,10524,965,11489,99
2023-02-16,Butte,007,227075,41588,41548,10222,51770,484
2023-02-16,Calaveras,009,45235,8967,8960,639,9599,140
2023-02-16,Colusa,011,21464,3962,3960,1342,5302,22
2023-02-16,Contra Costa,013,1133247,271208,270737,22264,293001,1542
2023-02-16,Del Norte,015,27424,7915,7892,469,8361,59
2023-02-16,El Dorado,017,186661,34480,34430,4539,38969,243
2023-02-16,Fresno,019,978130,293457,293104,34627,327731,2983
2023-02-16,Glenn,021,27897,5781,5773,2010,7783,58
2023-02-16,Humboldt,023,135768,23326,23276,5863,29139,169
2023-02-16,Imperial,025,180216,69747,69669,18808,88477,974
2023-02-16,Inyo,027,18085,4757,4752,1303,6055,63
2023-02-16,Kern,029,883053,229261,228953,72483,301436,2474
2023-02-16,Kings,031,150075,62735,62684,4464,67148,473
2023-02-16,Lake,033,64148,13613,13595,1280,14875,155
2023-02-16,Lassen,035,31185,10247,10246,1063,11309,66
2023-02-16,Los Angeles,037,10098052,3480072,3475808,216260,3692068,35250
2023-02-16,Madera,039,155013,46147,46098,8865,54963,377
2023-02-16,Marin,041,260295,48857,48759,5679,54438,317
2023-02-16,Mariposa,043,17540,3349,3342,359,3701,32
2023-02-16,Mendocino,045,87422,16841,16830,4813,21643,143
2023-02-16,Merced,047,269075,76289,76157,12700,88857,903
2023-02-16,Modoc,049,8938,953,953,369,1322,11
2023-02-16,Mono,051,14174,3321,3319,302,3621,8
2023-02-16,Monterey,053,433212,97865,97704,23618,121322,796
2023-02-16,Napa,055,140530,34290,34245,1527,35772,165
2023-02-16,Nevada,057,99092,20109,20088,2305,22393,132
2023-02-16,Orange,059,3164182,707970,707080,77182,784262,7892
2023-02-16,Placer,061,380077,80756,80615,10184,90799,682
2023-02-16,Plumas,063,18699,3822,3819,460,4279,14
2023-02-16,Riverside,065,2383286,732702,731962,41523,773485,6827
2023-02-16,Sacramento,067,1510023,369301,368833,37545,406378,3507
2023-02-16,San Benito,069,59416,17588,17566,1129,18695,115
2023-02-16,San Bernardino,071,2135413,707892,707191,35109,742300,8171
2023-02-16,San Diego,073,3302833,982609,981249,80850,1062099,5759
2023-02-16,San Francisco,075,870044,195031,194654,13279,207933,1164
2023-02-16,San Joaquin,077,732212,209232,208935,16794,225729,2415
2023-02-16,San Luis Obispo,079,281455,66283,66209,8106,74315,559
2023-02-16,San Mateo,081,765935,182131,181782,11336,193118,749
2023-02-16,Santa Barbara,083,443738,111853,111692,7684,119376,760
2023-02-16,Santa Clara,085,1922200,472858,472011,21703,493714,2688
2023-02-16,Santa Cruz,087,273765,68144,68030,3896,71926,278
2023-02-16,Shasta,089,179085,36414,36385,8290,44675,606
2023-02-16,Sierra,091,2930,311,311,61,372,5
2023-02-16,Siskiyou,093,43540,5440,5433,3438,8871,95
2023-02-16,Solano,095,438530,113389,113211,8584,121795,481
2023-02-16,Sonoma,097,501317,113191,113031,5759,118790,548
2023-02-16,Stanislaus,099,539301,144674,144597,22963,167560,1842
2023-02-16,Sutter,101,95872,25667,25633,2541,28174,238
2023-02-16,Tehama,103,63373,14438,14421,3402,17823,222
2023-02-16,Trinity,105,12862,1472,1470,504,1974,24
2023-02-16,Tulare,107,460477,127985,127791,40095,167886,1567
2023-02-16,Tuolumne,109,53932,16819,16802,989,17791,203
2023-02-16,Ventura,111,848112,220403,220185,18073,238258,1664
2023-02-16,Yolo,113,214977,49908,49841,4848,54689,439
2023-02-16,Yuba,115,75493,19969,19958,1865,21823,134
2023-02-15,Alameda,001,1643700,376837,376312,22456,398768,2174
2023-02-15,Alpine,002,1148,139,139,4,143,0
2023-02-15,Amador,005,37829,10537,10524,965,11489,99
2023-02-15,Butte,007,227075,41583,41548,10222,51770,484
2023-02-15,Calaveras,009,45235,8965,8960,639,9599,140
2023-02-15,Colusa,011,21464,3962,3960,1342,5302,22
2023-02-15,Contra Costa,013,1133247,271128,270737,22264,293001,1542
2023-02-15,Del Norte,015,27424,7913,7892,469,8361,59
2023-02-15,El Dorado,017,186661,34474,34430,4539,38969,243
2023-02-15,Fresno,019,978130,293389,293104,34627,327731,2983
2023-02-15,Glenn,021,27897,5781,5773,2010,7783,58
2023-02-15,Humboldt,023,135768,23321,23276,5863,29139,169
2023-02-15,Imperial,025,180216,69729,69669,18808,88477,974
2023-02-15,Inyo,027,18085,4756,4752,1303,6055,63
2023-02-15,Kern,029,883053,229159,228953,72462,301415,2474
2023-02-15,Kings,031,150075,62725,62684,4464,67148,473
2023-02-15,Lake,033,64148,13608,13595,1280,14875,155
2023-02-15,Lassen,035,31185,10246,10246,1063,11309,66
2023-02-15,Los Angeles,037,10098052,3479448,3475808,216173,3691981,35250
2023-02-15,Madera,039,155013,46144,46098,8865,54963,377
2023-02-15,Marin,041,260295,48833,48759,5679,54438,317
2023-02-15,Mariposa,043,17540,3349,3342,359,3701,32
2023-02-15,Mendocino,045,87422,16840,16830,4813,21643,143
2023-02-15,Merced,047,269075,76270,76157,12700,88857,903
2023-02-15,Modoc,049,8938,953,953,369,1322,11
2023-02-15,Mono,051,14174,3319,3319,302,3621,8
2023-02-15,Monterey,053,433212,97851,97704,23618,121322,796
2023-02-15,Napa,055,140530,34283,34245,1527,35772,165
2023-02-15,Nevada,057,99092,20108,20088,2305,22393,132
2023-02-15,Orange,059,3164182,707746,707080,77182,784262,7892
2023-02-15,Placer,061,380077,80734,80615,10183,90798,682
2023-02-15,Plumas,063,18699,3821,3819,460,4279,14
2023-02-15,Riverside,065,2383286,732563,731962,41522,773484,6827
2023-02-15,Sacramento,067,1510023,369198,368833,37535,406368,3507
2023-02-15,San Benito,069,59416,17581,17566,1129,18695,115
2023-02-15,San Bernardino,071,2135413,707789,707191,35109,742300,8171
2023-02-15,San Diego,073,3302833,982363,981249,80809,1062058,5759
2023-02-15,San Francisco,075,870044,194947,194654,13279,207933,1164
2023-02-15,San Joaquin,077,732212,209168,208935,16791,225726,2415
2023-02-15,San Luis Obispo,079,281455,66277,66209,8105,74314,559
2023-02-15,San Mateo,081,765935,182068,181782,11336,193118,749
2023-02-15,Santa Barbara,083,443738,111819,111692,7684,119376,760
2023-02-15,Santa Clara,085,1922200,472689,472011,21703,493714,2688
2023-02-15,Santa Cruz,087,273765,68131,68030,3896,71926,278
2023-02-15,Shasta,089,179085,36410,36385,8290,44675,606
2023-02-15,Sierra,091,2930,311,311,61,372,5
2023-02-15,Siskiyou,093,43540,5440,5433,3438,8871,95
2023-02-15,Solano,095,438530,113357,113211,8584,121795,481
2023-02-15,Sonoma,097,501317,113152,113031,5759,118790,548
2023-02-15,Stanislaus,099,539301,144640,144597,22959,167556,1842
2023-02-15,Sutter,101,95872,25662,25633,2541,28174,238
2023-02-15,Tehama,103,63373,14437,14421,3402,17823,222
2023-02-15,Trinity,105,12862,1472,1470,504,1974,24
2023-02-15,Tulare,107,460477,127960,127791,40094,167885,1567
2023-02-15,Tuolumne,109,53932,16817,16802,989,17791,203
2023-02-15,Ventura,111,848112,220358,220185,18073,238258,1664
2023-02-15,Yolo,113,214977,49898,49841,4848,54689,439
2023-02-15,Yuba,115,75493,19966,19958,1865,21823,134
2023-02-14,Alameda,001,1643700,376714,376312,22452,398764,2174
2023-02-14,Alpine,002,1148,139,139,4,143,0
2023-02-14,Amador,005,37829,10535,10524,965,11489,99
2023-02-14,Butte,007,227075,41574,41548,10222,51770,484
2023-02-14,Calaveras,009,45235,8963,8960,639,9599,140
2023-02-14,Colusa,011,21464,3959,3960,1342,5302,22
2023-02-14,Contra Costa,013,1133247,271015,270737,22264,293001,1542
2023-02-14,Del Norte,015,27424,7910,7892,469,8361,59
2023-02-14,El Dorado,017,186661,34468,34430,4537,38967,243
2023-02-14,Fresno,019,978130,293323,293104,34627,327731,2983
2023-02-14,Glenn,021,27897,5779,5773,2010,7783,58
2023-02-14,Humboldt,023,135768,23317,23276,5863,29139,169
2023-02-14,Imperial,025,180216,69709,69669,18808,88477,974
2023-02-14,Inyo,027,18085,4755,4752,1303,6055,63
2023-02-14,Kern,029,883053,229113,228953,72425,301378,2474
2023-02-14,Kings,031,150075,62715,62684,4463,67147,473
2023-02-14,Lake,033,64148,13607,13595,1280,14875,155
2023-02-14,Lassen,035,31185,10246,10246,1063,11309,66
2023-02-14,Los Angeles,037,10098052,3478698,3475808,216044,3691852,35250
2023-02-14,Madera,039,155013,46135,46098,8865,54963,377
2023-02-14,Marin,041,260295,48810,48759,5678,54437,317
2023-02-14,Mariposa,043,17540,3349,3342,359,3701,32
2023-02-14,Mendocino,045,87422,16838,16830,4813,21643,143
2023-02-14,Merced,047,269075,76254,76157,12700,88857,903
2023-02-14,Modoc,049,8938,953,953,369,1322,11
2023-02-14,Mono,051,14174,3319,3319,302,3621,8
2023-02-14,Monterey,053,433212,97823,97704,23617,121321,796
2023-02-14,Napa,055,140530,34274,34245,1527,35772,165
2023-02-14,Nevada,057,99092,20103,20088,2305,22393,132
2023-02-14,Orange,059,3164182,707546,707080,77182,784262,7892
2023-02-14,Placer,061,380077,80708,80615,10181,90796,682
2023-02-14,Plumas,063,18699,3821,3819,460,4279,14
2023-02-14,Riverside,065,2383286,732420,731962,41520,773482,6827
2023-02-14,Sacramento,067,1510023,369105,368833,37533,406366,3507
2023-02-14,San Benito,069,59416,17579,17566,1129,18695,115
2023-02-14,San Bernardino,071,2135413,707631,707191,35109,742300,8171
2023-02-14,San Diego,073,3302833,982076,981249,80762,1062011,5759
2023-02-14,San Francisco,075,870044,194870,194654,13278,207932,1164
2023-02-14,San Joaquin,077,732212,209098,208935,16788,225723,2415
2023-02-14,San Luis Obispo,079,281455,66266,66209,8105,74314,559
2023-02-14,San Mateo,081,765935,181990,181782,11336,193118,749
2023-02-14,Santa Barbara,083,443738,111787,111692,7684,119376,760
2023-02-14,Santa Clara,085,1922200,472497,472011,21703,493714,2688
2023-02-14,Santa Cruz,087,273765,68116,68030,3896,71926,278
2023-02-14,Shasta,089,179085,36409,36385,8290,44675,606
2023-02-14,Sierra,091,2930,311,311,61,372,5
2023-02-14,Siskiyou,093,43540,5439,5433,3438,8871,95
2023-02-14,Solano,095,438530,113302,113211,8584,121795,481
2023-02-14,Sonoma,097,501317,113110,113031,5759,118790,548
2023-02-14,Stanislaus,099,539301,144600,144597,22954,167551,1842
2023-02-14,Sutter,101,95872,25654,25633,2541,28174,238
2023-02-14,Tehama,103,63373,14433,14421,3402,17823,222
2023-02-14,Trinity,105,12862,1472,1470,504,1974,24
2023-02-14,Tulare,107,460477,127929,127791,40084,167875,1567
2023-02-14,Tuolumne,109,53932,16816,16802,989,17791,203
2023-02-14,Ventura,111,848112,220320,220185,18073,238258,1664
2023-02-14,Yolo,113,214977,49883,49841,4848,54689,439
2023-02-14,Yuba,115,75493,19960,19958,1864,21822,134
2023-02-13,Alameda,001,1643700,376543,375137,22452,397589,2162
2023-02-13,Alpine,002,1148,139,139,4,143,0
2023-02-13,Amador,005,37829,10530,10499,965,11464,99
2023-02-13,Butte,007,227075,41566,41466,10222,51688,486
2023-02-13,Calaveras,009,45235,8962,8942,639,9581,140
2023-02-13,Colusa,011,21464,3959,3949,1340,5289,22
2023-02-13,Contra Costa,013,1133247,270919,270063,22264,292327,1523
2023-02-13,Del Norte,015,27424,7908,7792,469,8261,58
2023-02-13,El Dorado,017,186661,34457,34358,4536,38894,243
2023-02-13,Fresno,019,978130,293248,292431,34627,327058,2979
2023-02-13,Glenn,021,27897,5779,5762,2009,7771,58
2023-02-13,Humboldt,023,135768,23312,23129,5863,28992,169
2023-02-13,Imperial,025,180216,69699,69511,18808,88319,974
2023-02-13,Inyo,027,18085,4752,4744,1303,6047,63
2023-02-13,Kern,029,883053,229063,228620,72387,301007,2470
2023-02-13,Kings,031,150075,62697,62582,4463,67045,471
2023-02-13,Lake,033,64148,13602,13570,1280,14850,151
2023-02-13,Lassen,035,31185,10246,10239,1063,11302,66
2023-02-13,Los Angeles,037,10098052,3477844,3469761,215899,3685660,35132
2023-02-13,Madera,039,155013,46124,46029,8865,54894,377
2023-02-13,Marin,041,260295,48796,48605,5677,54282,317
2023-02-13,Mariposa,043,17540,3347,3331,359,3690,32
2023-02-13,Mendocino,045,87422,16834,16793,4813,21606,142
2023-02-13,Merced,047,269075,76226,75938,12700,88638,903
2023-02-13,Modoc,049,8938,953,952,369,1321,11
2023-02-13,Mono,051,14174,3319,3318,302,3620,8
2023-02-13,Monterey,053,433212,97801,97486,23613,121099,794
2023-02-13,Napa,055,140530,34254,34145,1527,35672,165
2023-02-13,Nevada,057,99092,20097,20045,2305,22350,132
2023-02-13,Orange,059,3164182,707315,705665,77182,782847,7880
2023-02-13,Placer,061,380077,80681,80453,10181,90634,680
2023-02-13,Plumas,063,18699,3821,3817,460,4277,14
2023-02-13,Riverside,065,2383286,732281,730745,41519,772264,6813
2023-02-13,Sacramento,067,1510023,368980,368005,37530,405535,3503
2023-02-13,San Benito,069,59416,17572,17519,1129,18648,115
2023-02-13,San Bernardino,071,2135413,707508,706058,35109,741167,8170
2023-02-13,San Diego,073,3302833,981781,979002,80731,1059733,5745
2023-02-13,San Francisco,075,870044,194785,194077,13278,207355,1154
2023-02-13,San Joaquin,077,732212,209034,208426,16782,225208,2396
2023-02-13,San Luis Obispo,079,281455,66247,66055,8105,74160,552
2023-02-13,San Mateo,081,765935,181921,181227,11336,192563,749
2023-02-13,Santa Barbara,083,443738,111750,111455,7684,119139,759
2023-02-13,Santa Clara,085,1922200,472299,470539,21703,492242,2681
2023-02-13,Santa Cruz,087,273765,68096,67794,3896,71690,276
2023-02-13,Shasta,089,179085,36404,36352,8290,44642,605
2023-02-13,Sierra,091,2930,311,311,61,372,5
2023-02-13,Siskiyou,093,43540,5437,5420,3438,8858,95
2023-02-13,Solano,095,438530,113254,112930,8582,121512,482
2023-02-13,Sonoma,097,501317,113078,112766,5759,118525,549
2023-02-13,Stanislaus,099,539301,144556,144307,22941,167248,1838
2023-02-13,Sutter,101,95872,25647,25583,2541,28124,238
2023-02-13,Tehama,103,63373,14431,14396,3402,17798,222
2023-02-13,Trinity,105,12862,1472,1469,504,1973,24
2023-02-13,Tulare,107,460477,127903,127513,40077,167590,1567
2023-02-13,Tuolumne,109,53932,16812,16757,989,17746,203
2023-02-13,Ventura,111,848112,220272,219808,18073,237881,1662
2023-02-13,Yolo,113,214977,49870,49749,4848,54597,436
2023-02-13,Yuba,115,75493,19957,19930,1864,21794,134
2023-02-12,Alameda,001,1643700,376357,375137,22448,397585,2162
2023-02-12,Alpine,002,1148,139,139,4,143,0
2023-02-12,Amador,005,37829,10528,10499,965,11464,99
2023-02-12,Butte,007,227075,41557,41466,10215,51681,486
2023-02-12,Calaveras,009,45235,8961,8942,639,9581,140
2023-02-12,Colusa,011,21464,3959,3949,1340,5289,22
2023-02-12,Contra Costa,013,1133247,270818,270063,22258,292321,1523
2023-02-12,Del Norte,015,27424,7905,7792,469,8261,58
2023-02-12,El Dorado,017,186661,34445,34358,4536,38894,243
2023-02-12,Fresno,019,978130,293159,292431,34623,327054,2979
2023-02-12,Glenn,021,27897,5778,5762,2009,7771,58
2023-02-12,Humboldt,023,135768,23307,23129,5862,28991,169
2023-02-12,Imperial,025,180216,69674,69511,18794,88305,974
2023-02-12,Inyo,027,18085,4752,4744,1299,6043,63
2023-02-12,Kern,029,883053,229001,228620,72349,300969,2470
2023-02-12,Kings,031,150075,62685,62582,4463,67045,471
2023-02-12,Lake,033,64148,13597,13570,1280,14850,151
2023-02-12,Lassen,035,31185,10246,10239,1063,11302,66
2023-02-12,Los Angeles,037,10098052,3476904,3469761,215736,3685497,35132
2023-02-12,Madera,039,155013,46119,46029,8853,54882,377
2023-02-12,Marin,041,260295,48776,48605,5677,54282,317
2023-02-12,Mariposa,043,17540,3347,3331,359,3690,32
2023-02-12,Mendocino,045,87422,16829,16793,4813,21606,142
2023-02-12,Merced,047,269075,76191,75938,12697,88635,903
2023-02-12,Modoc,049,8938,953,952,369,1321,11
2023-02-12,Mono,051,14174,3319,3318,302,3620,8
2023-02-12,Monterey,053,433212,97768,97486,23596,121082,794
2023-02-12,Napa,055,140530,34241,34145,1527,35672,165
2023-02-12,Nevada,057,99092,20096,20045,2305,22350,132
2023-02-12,Orange,059,3164182,707090,705665,77128,782793,7880
2023-02-12,Placer,061,380077,80657,80453,10180,90633,680
2023-02-12,Plumas,063,18699,3820,3817,460,4277,14
2023-02-12,Riverside,065,2383286,732081,730745,41512,772257,6813
2023-02-12,Sacramento,067,1510023,368849,368005,37524,405529,3503
2023-02-12,San Benito,069,59416,17569,17519,1129,18648,115
2023-02-12,San Bernardino,071,2135413,707319,706058,35100,741158,8170
2023-02-12,San Diego,073,3302833,981384,979002,80674,1059676,5745
2023-02-12,San Francisco,075,870044,194675,194077,13278,207355,1154
2023-02-12,San Joaquin,077,732212,208945,208426,16773,225199,2396
2023-02-12,San Luis Obispo,079,281455,66223,66055,8105,74160,552
2023-02-12,San Mateo,081,765935,181816,181227,11334,192561,749
2023-02-12,Santa Barbara,083,443738,111722,111455,7681,119136,759
2023-02-12,Santa Clara,085,1922200,472064,470539,21701,492240,2681
2023-02-12,Santa Cruz,087,273765,68075,67794,3894,71688,276
2023-02-12,Shasta,089,179085,36399,36352,8289,44641,605
2023-02-12,Sierra,091,2930,311,311,61,372,5
2023-02-12,Siskiyou,093,43540,5437,5420,3437,8857,95
2023-02-12,Solano,095,438530,113211,112930,8580,121510,482
2023-02-12,Sonoma,097,501317,113024,112766,5757,118523,549
2023-02-12,Stanislaus,099,539301,144515,144307,22930,167237,1838
2023-02-12,Sutter,101,95872,25638,25583,2541,28124,238
2023-02-12,Tehama,103,63373,14429,14396,3401,17797,222
2023-02-12,Trinity,105,12862,1472,1469,504,1973,24
2023-02-12,Tulare,107,460477,127864,127513,40069,167582,1567
2023-02-12,Tuolumne,109,53932,16807,16757,989,17746,203
2023-02-12,Ventura,111,848112,220237,219808,18065,237873,1662
2023-02-12,Yolo,113,214977,49859,49749,4848,54597,436
2023-02-12,Yuba,115,75493,19950,19930,1864,21794,134
2023-02-11,Alameda,001,1643700,376247,375137,22443,397580,2162
2023-02-11,Alpine,002,1148,139,139,4,143,0
2023-02-11,Amador,005,37829,10526,10499,965,11464,99
2023-02-11,Butte,007,227075,41552,41466,10210,51676,486
2023-02-11,Calaveras,009,45235,8958,8942,639,9581,140
2023-02-11,Colusa,011,21464,3959,3949,1340,5289,22
2023-02-11,Contra Costa,013,1133247,270750,270063,22254,292317,1523
2023-02-11,Del Norte,015,27424,7905,7792,469,8261,58
2023-02-11,El Dorado,017,186661,34439,34358,4535,38893,243
2023-02-11,Fresno,019,978130,293120,292431,34622,327053,2979
2023-02-11,Glenn,021,27897,5776,5762,2009,7771,58
2023-02-11,Humboldt,023,135768,23301,23129,5861,28990,169
2023-02-11,Imperial,025,180216,69667,69511,18793,88304,974
2023-02-11,Inyo,027,18085,4751,4744,1298,6042,63
2023-02-11,Kern,029,883053,228973,228620,72317,300937,2470
2023-02-11,Kings,031,150075,62683,62582,4462,67044,471
2023-02-11,Lake,033,64148,13595,13570,1280,14850,151
2023-02-11,Lassen,035,31185,10245,10239,1063,11302,66
2023-02-11,Los Angeles,037,10098052,3476370,3469761,215659,3685420,35132
2023-02-11,Madera,039,155013,46118,46029,8853,54882,377
2023-02-11,Marin,041,260295,48760,48605,5676,54281,317
2023-02-11,Mariposa,043,17540,3347,3331,359,3690,32
2023-02-11,Mendocino,045,87422,16828,16793,4813,21606,142
2023-02-11,Merced,047,269075,76182,75938,12691,88629,903
2023-02-11,Modoc,049,8938,953,952,369,1321,11
2023-02-11,Mono,051,14174,3319,3318,302,3620,8
2023-02-11,Monterey,053,433212,97745,97486,23586,121072,794
2023-02-11,Napa,055,140530,34237,34145,1527,35672,165
2023-02-11,Nevada,057,99092,20093,20045,2305,22350,132
2023-02-11,Orange,059,3164182,706961,705665,77088,782753,7880
2023-02-11,Placer,061,380077,80634,80453,10180,90633,680
2023-02-11,Plumas,063,18699,3820,3817,460,4277,14
2023-02-11,Riverside,065,2383286,731985,730745,41501,772246,6813
2023-02-11,Sacramento,067,1510023,368777,368005,37520,405525,3503
2023-02-11,San Benito,069,59416,17564,17519,1129,18648,115
2023-02-11,San Bernardino,071,2135413,707233,706058,35092,741150,8170
2023-02-11,San Diego,073,3302833,981231,979002,80663,1059665,5745
2023-02-11,San Francisco,075,870044,194607,194077,13278,207355,1154
2023-02-11,San Joaquin,077,732212,208916,208426,16768,225194,2396
2023-02-11,San Luis Obispo,079,281455,66214,66055,8104,74159,552
2023-02-11,San Mateo,081,765935,181770,181227,11331,192558,749
2023-02-11,Santa Barbara,083,443738,111697,111455,7680,119135,759
2023-02-11,Santa Clara,085,1922200,471939,470539,21696,492235,2681
2023-02-11,Santa Cruz,087,273765,68060,67794,3894,71688,276
2023-02-11,Shasta,089,179085,36396,36352,8288,44640,605
2023-02-11,Sierra,091,2930,311,311,61,372,5
2023-02-11,Siskiyou,093,43540,5435,5420,3437,8857,95
2023-02-11,Solano,095,438530,113197,112930,8579,121509,482
2023-02-11,Sonoma,097,501317,112999,112766,5757,118523,549
2023-02-11,Stanislaus,099,539301,144483,144307,22930,167237,1838
2023-02-11,Sutter,101,95872,25630,25583,2541,28124,238
2023-02-11,Tehama,103,63373,14428,14396,3401,17797,222
2023-02-11,Trinity,105,12862,1471,1469,504,1973,24
2023-02-11,Tulare,107,460477,127842,127513,40064,167577,1567
2023-02-11,Tuolumne,109,53932,16802,16757,988,17745,203
2023-02-11,Ventura,111,848112,220215,219808,18063,237871,1662
2023-02-11,Yolo,113,214977,49851,49749,4847,54596,436
2023-02-11,Yuba,115,75493,19949,19930,1863,21793,134
2023-02-10,Alameda,001,1643700,376167,375137,22434,397571,2162
2023-02-10,Alpine,002,1148,139,139,4,143,0
2023-02-10,Amador,005,37829,10525,10499,965,11464,99
2023-02-10,Butte,007,227075,41546,41466,10209,51675,486
2023-02-10,Calaveras,009,45235,8956,8942,639,9581,140
2023-02-10,Colusa,011,21464,3956,3949,1340,5289,22
2023-02-10,Contra Costa,013,1133247,270688,270063,22248,292311,1523
2023-02-10,Del Norte,015,27424,7902,7792,469,8261,58
2023-02-10,El Dorado,017,186661,34434,34358,4535,38893,243
2023-02-10,Fresno,019,978130,293072,292431,34618,327049,2979
2023-02-10,Glenn,021,27897,5773,5762,2008,7770,58
2023-02-10,Humboldt,023,135768,23301,23129,5860,28989,169
2023-02-10,Imperial,025,180216,69653,69511,18792,88303,974
2023-02-10,Inyo,027,18085,4751,4744,1298,6042,63
2023-02-10,Kern,029,883053,228940,228620,72290,300910,2470
2023-02-10,Kings,031,150075,62679,62582,4461,67043,471
2023-02-10,Lake,033,64148,13593,13570,1280,14850,151
2023-02-10,Lassen,035,31185,10244,10239,1063,11302,66
2023-02-10,Los Angeles,037,10098052,3475828,3469761,215548,3685309,35132
2023-02-10,Madera,039,155013,46114,46029,8851,54880,377
2023-02-10,Marin,041,260295,48742,48605,5675,54280,317
2023-02-10,Mariposa,043,17540,3347,3331,359,3690,32
2023-02-10,Mendocino,045,87422,16826,16793,4813,21606,142
2023-02-10,Merced,047,269075,76157,75938,12689,88627,903
2023-02-10,Modoc,049,8938,953,952,369,1321,11
2023-02-10,Mono,051,14174,3319,3318,302,3620,8
2023-02-10,Monterey,053,433212,97731,97486,23573,121059,794
2023-02-10,Napa,055,140530,34231,34145,1527,35672,165
2023-02-10,Nevada,057,99092,20088,20045,2304,22349,132
2023-02-10,Orange,059,3164182,706825,705665,77036,782701,7880
2023-02-10,Placer,061,380077,80624,80453,10180,90633,680
2023-02-10,Plumas,063,18699,3819,3817,460,4277,14
2023-02-10,Riverside,065,2383286,731871,730745,41487,772232,6813
2023-02-10,Sacramento,067,1510023,368687,368005,37516,405521,3503
2023-02-10,San Benito,069,59416,17561,17519,1129,18648,115
2023-02-10,San Bernardino,071,2135413,707118,706058,35085,741143,8170
2023-02-10,San Diego,073,3302833,981051,979002,80647,1059649,5745
2023-02-10,San Francisco,075,870044,194552,194077,13275,207352,1154
2023-02-10,San Joaquin,077,732212,208867,208426,16753,225179,2396
2023-02-10,San Luis Obispo,079,281455,66203,66055,8100,74155,552
2023-02-10,San Mateo,081,765935,181710,181227,11329,192556,749
2023-02-10,Santa Barbara,083,443738,111674,111455,7679,119134,759
2023-02-10,Santa Clara,085,1922200,471816,470539,21690,492229,2681
2023-02-10,Santa Cruz,087,273765,68027,67794,3894,71688,276
2023-02-10,Shasta,089,179085,36392,36352,8288,44640,605
2023-02-10,Sierra,091,2930,311,311,61,372,5
2023-02-10,Siskiyou,093,43540,5433,5420,3437,8857,95
2023-02-10,Solano,095,438530,113177,112930,8578,121508,482
2023-02-10,Sonoma,097,501317,112983,112766,5756,118522,549
2023-02-10,Stanislaus,099,539301,144466,144307,22925,167232,1838
2023-02-10,Sutter,101,95872,25622,25583,2541,28124,238
2023-02-10,Tehama,103,63373,14427,14396,3401,17797,222
2023-02-10,Trinity,105,12862,1471,1469,504,1973,24
2023-02-10,Tulare,107,460477,127817,127513,40055,167568,1567
2023-02-10,Tuolumne,109,53932,16799,16757,988,17745,203
2023-02-10,Ventura,111,848112,220184,219808,18059,237867,1662
2023-02-10,Yolo,113,214977,49845,49749,4845,54594,436
2023-02-10,Yuba,115,75493,19947,19930,1862,21792,134
2023-02-09,Alameda,001,1643700,376001,375137,22424,397561,2162
2023-02-09,Alpine,002,1148,139,139,4,143,0
2023-02-09,Amador,005,37829,10520,10499,965,11464,99
2023-02-09,Butte,007,227075,41535,41466,10199,51665,486
2023-02-09,Calaveras,009,45235,8955,8942,639,9581,140
2023-02-09,Colusa,011,21464,3956,3949,1340,5289,22
2023-02-09,Contra Costa,013,1133247,270596,270063,22241,292304,1523
2023-02-09,Del Norte,015,27424,7899,7792,469,8261,58
2023-02-09,El Dorado,017,186661,34429,34358,4535,38893,243
2023-02-09,Fresno,019,978130,293018,292431,34612,327043,2979
2023-02-09,Glenn,021,27897,5771,5762,2008,7770,58
2023-02-09,Humboldt,023,135768,23296,23129,5857,28986,169
2023-02-09,Imperial,025,180216,69638,69511,18785,88296,974
2023-02-09,Inyo,027,18085,4750,4744,1296,6040,63
2023-02-09,Kern,029,883053,228886,228620,72248,300868,2470
2023-02-09,Kings,031,150075,62657,62582,4461,67043,471
2023-02-09,Lake,033,64148,13591,13570,1280,14850,151
2023-02-09,Lassen,035,31185,10243,10239,1063,11302,66
2023-02-09,Los Angeles,037,10098052,3475083,3469761,215405,3685166,35132
2023-02-09,Madera,039,155013,46101,46029,8839,54868,377
2023-02-09,Marin,041,260295,48723,48605,5674,54279,317
2023-02-09,Mariposa,043,17540,3347,3331,359,3690,32
2023-02-09,Mendocino,045,87422,16821,16793,4813,21606,142
2023-02-09,Merced,047,269075,76139,75938,12689,88627,903
2023-02-09,Modoc,049,8938,953,952,369,1321,11
2023-02-09,Mono,051,14174,3318,3318,302,3620,8
2023-02-09,Monterey,053,433212,97701,97486,23548,121034,794
2023-02-09,Napa,055,140530,34213,34145,1527,35672,165
2023-02-09,Nevada,057,99092,20084,20045,2302,22347,132
2023-02-09,Orange,059,3164182,706629,705665,76974,782639,7880
2023-02-09,Placer,061,380077,80608,80453,10179,90632,680
2023-02-09,Plumas,063,18699,3818,3817,460,4277,14
2023-02-09,Riverside,065,2383286,731721,730745,41469,772214,6813
2023-02-09,Sacramento,067,1510023,368559,368005,37508,405513,3503
2023-02-09,San Benito,069,59416,17551,17519,1129,18648,115
2023-02-09,San Bernardino,071,2135413,706990,706058,35067,741125,8170
2023-02-09,San Diego,073,3302833,980777,979002,80605,1059607,5745
2023-02-09,San Francisco,075,870044,194454,194077,13267,207344,1154
2023-02-09,San Joaquin,077,732212,208805,208426,16746,225172,2396
2023-02-09,San Luis Obispo,079,281455,66187,66055,8096,74151,552
2023-02-09,San Mateo,081,765935,181634,181227,11328,192555,749
2023-02-09,Santa Barbara,083,443738,111646,111455,7673,119128,759
2023-02-09,Santa Clara,085,1922200,471598,470539,21680,492219,2681
2023-02-09,Santa Cruz,087,273765,67970,67794,3891,71685,276
2023-02-09,Shasta,089,179085,36390,36352,8285,44637,605
2023-02-09,Sierra,091,2930,311,311,61,372,5
2023-02-09,Siskiyou,093,43540,5432,5420,3437,8857,95
2023-02-09,Solano,095,438530,113140,112930,8577,121507,482
2023-02-09,Sonoma,097,501317,112960,112766,5755,118521,549
2023-02-09,Stanislaus,099,539301,144426,144307,22912,167219,1838
2023-02-09,Sutter,101,95872,25618,25583,2541,28124,238
2023-02-09,Tehama,103,63373,14424,14396,3401,17797,222
2023-02-09,Trinity,105,12862,1471,1469,504,1973,24
2023-02-09,Tulare,107,460477,127776,127513,40037,167550,1567
2023-02-09,Tuolumne,109,53932,16795,16757,988,17745,203
2023-02-09,Ventura,111,848112,220144,219808,18048,237856,1662
2023-02-09,Yolo,113,214977,49830,49749,4841,54590,436
2023-02-09,Yuba,115,75493,19943,19930,1861,21791,134
2023-02-08,Alameda,001,1643700,375838,375137,22419,397556,2162
2023-02-08,Alpine,002,1148,139,139,4,143,0
2023-02-08,Amador,005,37829,10515,10499,965,11464,99
2023-02-08,Butte,007,227075,41523,41466,10188,51654,486
2023-02-08,Calaveras,009,45235,8953,8942,639,9581,140
2023-02-08,Colusa,011,21464,3955,3949,1340,5289,22
2023-02-08,Contra Costa,013,1133247,270491,270063,22233,292296,1523
2023-02-08,Del Norte,015,27424,7896,7792,469,8261,58
2023-02-08,El Dorado,017,186661,34420,34358,4534,38892,243
2023-02-08,Fresno,019,978130,292940,292431,34567,326998,2979
2023-02-08,Glenn,021,27897,5770,5762,2007,7769,58
2023-02-08,Humboldt,023,135768,23289,23129,5855,28984,169
2023-02-08,Imperial,025,180216,69621,69511,18782,88293,974
2023-02-08,Inyo,027,18085,4750,4744,1294,6038,63
2023-02-08,Kern,029,883053,228847,228620,72200,300820,2470
2023-02-08,Kings,031,150075,62637,62582,4458,67040,471
2023-02-08,Lake,033,64148,13591,13570,1279,14849,151
2023-02-08,Lassen,035,31185,10242,10239,1063,11302,66
2023-02-08,Los Angeles,037,10098052,3474300,3469761,215252,3685013,35132
2023-02-08,Madera,039,155013,46093,46029,8838,54867,377
2023-02-08,Marin,041,260295,48699,48605,5673,54278,317
2023-02-08,Mariposa,043,17540,3345,3331,359,3690,32
2023-02-08,Mendocino,045,87422,16819,16793,4813,21606,142
2023-02-08,Merced,047,269075,76114,75938,12688,88626,903
2023-02-08,Modoc,049,8938,953,952,369,1321,11
2023-02-08,Mono,051,14174,3318,3318,301,3619,8
2023-02-08,Monterey,053,433212,97673,97486,23520,121006,794
2023-02-08,Napa,055,140530,34194,34145,1527,35672,165
2023-02-08,Nevada,057,99092,20078,20045,2300,22345,132
2023-02-08,Orange,059,3164182,706442,705665,76909,782574,7880
2023-02-08,Placer,061,380077,80572,80453,10178,90631,680
2023-02-08,Plumas,063,18699,3818,3817,460,4277,14
2023-02-08,Riverside,065,2383286,731554,730745,41453,772198,6813
2023-02-08,Sacramento,067,1510023,368448,368005,37497,405502,3503
2023-02-08,San Benito,069,59416,17549,17519,1125,18644,115
2023-02-08,San Bernardino,071,2135413,706853,706058,35054,741112,8170
2023-02-08,San Diego,073,3302833,980476,979002,80563,1059565,5745
2023-02-08,San Francisco,075,870044,194364,194077,13263,207340,1154
2023-02-08,San Joaquin,077,732212,208719,208426,16740,225166,2396
2023-02-08,San Luis Obispo,079,281455,66166,66055,8091,74146,552
2023-02-08,San Mateo,081,765935,181565,181227,11324,192551,749
2023-02-08,Santa Barbara,083,443738,111620,111455,7671,119126,759
2023-02-08,Santa Clara,085,1922200,471405,470539,21670,492209,2681
2023-02-08,Santa Cruz,087,273765,67947,67794,3888,71682,276
2023-02-08,Shasta,089,179085,36388,36352,8282,44634,605
2023-02-08,Sierra,091,2930,311,311,61,372,5
2023-02-08,Siskiyou,093,43540,5432,5420,3437,8857,95
2023-02-08,Solano,095,438530,113089,112930,8573,121503,482
2023-02-08,Sonoma,097,501317,112925,112766,5754,118520,549
2023-02-08,Stanislaus,099,539301,144381,144307,22899,167206,1838
2023-02-08,Sutter,101,95872,25610,25583,2541,28124,238
2023-02-08,Tehama,103,63373,14423,14396,3400,17796,222
2023-02-08,Trinity,105,12862,1471,1469,504,1973,24
2023-02-08,Tulare,107,460477,127737,127513,40016,167529,1567
2023-02-08,Tuolumne,109,53932,16788,16757,988,17745,203
2023-02-08,Ventura,111,848112,220083,219808,18039,237847,1662
2023-02-08,Yolo,113,214977,49826,49749,4839,54588,436
2023-02-08,Yuba,115,75493,19935,19930,1860,21790,134
2023-02-07,Alameda,001,1643700,375671,375137,22409,397546,2162
2023-02-07,Alpine,002,1148,139,139,4,143,0
2023-02-07,Amador,005,37829,10513,10499,965,11464,99
2023-02-07,Butte,007,227075,41508,41466,10178,51644,486
2023-02-07,Calaveras,009,45235,8952,8942,639,9581,140
2023-02-07,Colusa,011,21464,3952,3949,1340,5289,22
2023-02-07,Contra Costa,013,1133247,270380,270063,22223,292286,1523
2023-02-07,Del Norte,015,27424,7892,7792,469,8261,58
2023-02-07,El Dorado,017,186661,34408,34358,4532,38890,243
2023-02-07,Fresno,019,978130,292866,292431,34534,326965,2979
2023-02-07,Glenn,021,27897,5769,5762,2003,7765,58
2023-02-07,Humboldt,023,135768,23286,23129,5852,28981,169
2023-02-07,Imperial,025,180216,69591,69511,18778,88289,974
2023-02-07,Inyo,027,18085,4749,4744,1291,6035,63
2023-02-07,Kern,029,883053,228796,228620,72141,300761,2470
2023-02-07,Kings,031,150075,62626,62582,4457,67039,471
2023-02-07,Lake,033,64148,13587,13570,1279,14849,151
2023-02-07,Lassen,035,31185,10241,10239,1063,11302,66
2023-02-07,Los Angeles,037,10098052,3473375,3469761,215054,3684815,35132
2023-02-07,Madera,039,155013,46082,46029,8828,54857,377
2023-02-07,Marin,041,260295,48681,48605,5673,54278,317
2023-02-07,Mariposa,043,17540,3344,3331,359,3690,32
2023-02-07,Mendocino,045,87422,16814,16793,4813,21606,142
2023-02-07,Merced,047,269075,76087,75938,12687,88625,903
2023-02-07,Modoc,049,8938,953,952,369,1321,11
2023-02-07,Mono,051,14174,3318,3318,301,3619,8
2023-02-07,Monterey,053,433212,97646,97486,23491,120977,794
2023-02-07,Napa,055,140530,34183,34145,1527,35672,165
2023-02-07,Nevada,057,99092,20071,20045,2297,22342,132
2023-02-07,Orange,059,3164182,706202,705665,76851,782516,7880
2023-02-07,Placer,061,380077,80542,80453,10178,90631,680
2023-02-07,Plumas,063,18699,3818,3817,460,4277,14
2023-02-07,Riverside,065,2383286,731388,730745,41424,772169,6813
2023-02-07,Sacramento,067,1510023,368296,368005,37484,405489,3503
2023-02-07,San Benito,069,59416,17542,17519,1124,18643,115
2023-02-07,San Bernardino,071,2135413,706689,706058,35029,741087,8170
2023-02-07,San Diego,073,3302833,980172,979002,80522,1059524,5745
2023-02-07,San Francisco,075,870044,194279,194077,13263,207340,1154
2023-02-07,San Joaquin,077,732212,208656,208426,16728,225154,2396
2023-02-07,San Luis Obispo,079,281455,66147,66055,8089,74144,552
2023-02-07,San Mateo,081,765935,181504,181227,11322,192549,749
2023-02-07,Santa Barbara,083,443738,111596,111455,7667,119122,759
2023-02-07,Santa Clara,085,1922200,471164,470539,21660,492199,2681
2023-02-07,Santa Cruz,087,273765,67921,67794,3885,71679,276
2023-02-07,Shasta,089,179085,36379,36352,8276,44628,605
2023-02-07,Sierra,091,2930,311,311,61,372,5
2023-02-07,Siskiyou,093,43540,5430,5420,3437,8857,95
2023-02-07,Solano,095,438530,113047,112930,8569,121499,482
2023-02-07,Sonoma,097,501317,112883,112766,5748,118514,549
2023-02-07,Stanislaus,099,539301,144333,144307,22885,167192,1838
2023-02-07,Sutter,101,95872,25606,25583,2541,28124,238
2023-02-07,Tehama,103,63373,14419,14396,3399,17795,222
2023-02-07,Trinity,105,12862,1471,1469,504,1973,24
2023-02-07,Tulare,107,460477,127697,127513,39993,167506,1567
2023-02-07,Tuolumne,109,53932,16783,16757,988,17745,203
2023-02-07,Ventura,111,848112,220034,219808,18027,237835,1662
2023-02-07,Yolo,113,214977,49813,49749,4838,54587,436
2023-02-07,Yuba,115,75493,19934,19930,1857,21787,134
2023-02-06,Alameda,001,1643700,375470,374080,22391,396471,2153
2023-02-06,Alpine,002,1148,139,139,4,143,0
2023-02-06,Amador,005,37829,10511,10469,965,11434,98
2023-02-06,Butte,007,227075,41485,41393,10172,51565,486
2023-02-06,Calaveras,009,45235,8949,8925,638,9563,140
2023-02-06,Colusa,011,21464,3951,3942,1340,5282,22
2023-02-06,Contra Costa,013,1133247,270278,269280,22214,291494,1522
2023-02-06,Del Norte,015,27424,7889,7749,469,8218,58
2023-02-06,El Dorado,017,186661,34394,34310,4531,38841,240
2023-02-06,Fresno,019,978130,292787,291147,34526,325673,2969
2023-02-06,Glenn,021,27897,5768,5754,2002,7756,58
2023-02-06,Humboldt,023,135768,23280,23081,5843,28924,169
2023-02-06,Imperial,025,180216,69564,69391,18763,88154,974
2023-02-06,Inyo,027,18085,4746,4733,1291,6024,63
2023-02-06,Kern,029,883053,228748,228236,72086,300322,2470
2023-02-06,Kings,031,150075,62610,62444,4455,66899,470
2023-02-06,Lake,033,64148,13582,13542,1278,14820,151
2023-02-06,Lassen,035,31185,10241,10232,1063,11295,66
2023-02-06,Los Angeles,037,10098052,3472464,3463362,214901,3678263,35040
2023-02-06,Madera,039,155013,46070,45956,8825,54781,377
2023-02-06,Marin,041,260295,48659,48478,5673,54151,317
2023-02-06,Mariposa,043,17540,3344,3330,359,3689,32
2023-02-06,Mendocino,045,87422,16806,16755,4813,21568,142
2023-02-06,Merced,047,269075,76060,75741,12686,88427,903
2023-02-06,Modoc,049,8938,953,951,369,1320,11
2023-02-06,Mono,051,14174,3318,3313,301,3614,8
2023-02-06,Monterey,053,433212,97606,97259,23454,120713,790
2023-02-06,Napa,055,140530,34165,34034,1526,35560,165
2023-02-06,Nevada,057,99092,20069,20012,2292,22304,132
2023-02-06,Orange,059,3164182,705974,704157,76778,780935,7806
2023-02-06,Placer,061,380077,80523,80269,10176,90445,679
2023-02-06,Plumas,063,18699,3818,3814,460,4274,14
2023-02-06,Riverside,065,2383286,731219,729601,41395,770996,6789
2023-02-06,Sacramento,067,1510023,368174,367271,37459,404730,3487
2023-02-06,San Benito,069,59416,17534,17469,1121,18590,115
2023-02-06,San Bernardino,071,2135413,706533,704949,35007,739956,8170
2023-02-06,San Diego,073,3302833,979780,976987,80464,1057451,5728
2023-02-06,San Francisco,075,870044,194206,193361,13256,206617,1152
2023-02-06,San Joaquin,077,732212,208589,208068,16721,224789,2395
2023-02-06,San Luis Obispo,079,281455,66127,65882,8087,73969,549
2023-02-06,San Mateo,081,765935,181416,180691,11319,192010,749
2023-02-06,Santa Barbara,083,443738,111563,111213,7660,118873,758
2023-02-06,Santa Clara,085,1922200,470957,469329,21646,490975,2672
2023-02-06,Santa Cruz,087,273765,67903,67589,3884,71473,277
2023-02-06,Shasta,089,179085,36373,36324,8272,44596,605
2023-02-06,Sierra,091,2930,311,311,61,372,5
2023-02-06,Siskiyou,093,43540,5426,5407,3436,8843,95
2023-02-06,Solano,095,438530,112994,112466,8561,121027,482
2023-02-06,Sonoma,097,501317,112848,112508,5742,118250,544
2023-02-06,Stanislaus,099,539301,144291,143982,22877,166859,1827
2023-02-06,Sutter,101,95872,25601,25528,2541,28069,237
2023-02-06,Tehama,103,63373,14416,14379,3395,17774,222
2023-02-06,Trinity,105,12862,1471,1468,504,1972,24
2023-02-06,Tulare,107,460477,127665,127199,39976,167175,1562
2023-02-06,Tuolumne,109,53932,16779,16709,988,17697,203
2023-02-06,Ventura,111,848112,219972,219465,18010,237475,1659
2023-02-06,Yolo,113,214977,49795,49661,4837,54498,436
2023-02-06,Yuba,115,75493,19927,19907,1857,21764,134
2023-02-05,Alameda,001,1643700,375247,374080,22379,396459,2153
2023-02-05,Alpine,002,1148,139,139,4,143,0
2023-02-05,Amador,005,37829,10510,10469,965,11434,98
2023-02-05,Butte,007,227075,41464,41393,10164,51557,486
2023-02-05,Calaveras,009,45235,8947,8925,638,9563,140
2023-02-05,Colusa,011,21464,3948,3942,1339,5281,22
2023-02-05,Contra Costa,013,1133247,270143,269280,22204,291484,1522
2023-02-05,Del Norte,015,27424,7868,7749,467,8216,58
2023-02-05,El Dorado,017,186661,34383,34310,4529,38839,240
2023-02-05,Fresno,019,978130,292680,291147,34513,325660,2969
2023-02-05,Glenn,021,27897,5767,5754,2002,7756,58
2023-02-05,Humboldt,023,135768,23276,23081,5832,28913,169
2023-02-05,Imperial,025,180216,69543,69391,18743,88134,974
2023-02-05,Inyo,027,18085,4744,4733,1288,6021,63
2023-02-05,Kern,029,883053,228689,228236,72021,300257,2470
2023-02-05,Kings,031,150075,62586,62444,4454,66898,470
2023-02-05,Lake,033,64148,13573,13542,1278,14820,151
2023-02-05,Lassen,035,31185,10239,10232,1063,11295,66
2023-02-05,Los Angeles,037,10098052,3471379,3463362,214705,3678067,35040
2023-02-05,Madera,039,155013,46062,45956,8818,54774,377
2023-02-05,Marin,041,260295,48632,48478,5673,54151,317
2023-02-05,Mariposa,043,17540,3344,3330,359,3689,32
2023-02-05,Mendocino,045,87422,16801,16755,4813,21568,142
2023-02-05,Merced,047,269075,76031,75741,12681,88422,903
2023-02-05,Modoc,049,8938,952,951,369,1320,11
2023-02-05,Mono,051,14174,3318,3313,301,3614,8
2023-02-05,Monterey,053,433212,97573,97259,23416,120675,790
2023-02-05,Napa,055,140530,34138,34034,1525,35559,165
2023-02-05,Nevada,057,99092,20062,20012,2288,22300,132
2023-02-05,Orange,059,3164182,705748,704157,76709,780866,7806
2023-02-05,Placer,061,380077,80496,80269,10176,90445,679
2023-02-05,Plumas,063,18699,3818,3814,460,4274,14
2023-02-05,Riverside,065,2383286,731013,729601,41370,770971,6789
2023-02-05,Sacramento,067,1510023,368011,367271,37442,404713,3487
2023-02-05,San Benito,069,59416,17525,17469,1121,18590,115
2023-02-05,San Bernardino,071,2135413,706332,704949,34987,739936,8170
2023-02-05,San Diego,073,3302833,979399,976987,80391,1057378,5728
2023-02-05,San Francisco,075,870044,194098,193361,13252,206613,1152
2023-02-05,San Joaquin,077,732212,208487,208068,16712,224780,2395
2023-02-05,San Luis Obispo,079,281455,66094,65882,8081,73963,549
2023-02-05,San Mateo,081,765935,181321,180691,11315,192006,749
2023-02-05,Santa Barbara,083,443738,111522,111213,7658,118871,758
2023-02-05,Santa Clara,085,1922200,470707,469329,21624,490953,2672
2023-02-05,Santa Cruz,087,273765,67864,67589,3879,71468,277
2023-02-05,Shasta,089,179085,36372,36324,8270,44594,605
2023-02-05,Sierra,091,2930,311,311,61,372,5
2023-02-05,Siskiyou,093,43540,5425,5407,3435,8842,95
2023-02-05,Solano,095,438530,112920,112466,8556,121022,482
2023-02-05,Sonoma,097,501317,112806,112508,5741,118249,544
2023-02-05,Stanislaus,099,539301,144242,143982,22849,166831,1827
2023-02-05,Sutter,101,95872,25586,25528,2541,28069,237
2023-02-05,Tehama,103,63373,14412,14379,3394,17773,222
2023-02-05,Trinity,105,12862,1471,1468,504,1972,24
2023-02-05,Tulare,107,460477,127610,127199,39949,167148,1562
2023-02-05,Tuolumne,109,53932,16774,16709,988,17697,203
2023-02-05,Ventura,111,848112,219911,219465,17994,237459,1659
2023-02-05,Yolo,113,214977,49774,49661,4836,54497,436
2023-02-05,Yuba,115,75493,19919,19907,1854,21761,134
2023-02-04,Alameda,001,1643700,375136,374080,22369,396449,2153
2023-02-04,Alpine,002,1148,139,139,4,143,0
2023-02-04,Amador,005,37829,10503,10469,965,11434,98
2023-02-04,Butte,007,227075,41453,41393,10157,51550,486
2023-02-04,Calaveras,009,45235,8946,8925,638,9563,140
2023-02-04,Colusa,011,21464,3948,3942,1338,5280,22
2023-02-04,Contra Costa,013,1133247,270074,269280,22201,291481,1522
2023-02-04,Del Norte,015,27424,7867,7749,466,8215,58
2023-02-04,El Dorado,017,186661,34377,34310,4529,38839,240
2023-02-04,Fresno,019,978130,292629,291147,34509,325656,2969
2023-02-04,Glenn,021,27897,5764,5754,2002,7756,58
2023-02-04,Humboldt,023,135768,23274,23081,5831,28912,169
2023-02-04,Imperial,025,180216,69532,69391,18742,88133,974
2023-02-04,Inyo,027,18085,4744,4733,1288,6021,63
2023-02-04,Kern,029,883053,228657,228236,71987,300223,2470
2023-02-04,Kings,031,150075,62578,62444,4454,66898,470
2023-02-04,Lake,033,64148,13570,13542,1278,14820,151
2023-02-04,Lassen,035,31185,10239,10232,1063,11295,66
2023-02-04,Los Angeles,037,10098052,3470792,3463362,214597,3677959,35040
2023-02-04,Madera,039,155013,46056,45956,8818,54774,377
2023-02-04,Marin,041,260295,48617,48478,5671,54149,317
2023-02-04,Mariposa,043,17540,3344,3330,359,3689,32
2023-02-04,Mendocino,045,87422,16801,16755,4813,21568,142
2023-02-04,Merced,047,269075,76011,75741,12681,88422,903
2023-02-04,Modoc,049,8938,952,951,369,1320,11
2023-02-04,Mono,051,14174,3318,3313,301,3614,8
2023-02-04,Monterey,053,433212,97557,97259,23393,120652,790
2023-02-04,Napa,055,140530,34128,34034,1525,35559,165
2023-02-04,Nevada,057,99092,20059,20012,2288,22300,132
2023-02-04,Orange,059,3164182,705632,704157,76673,780830,7806
2023-02-04,Placer,061,380077,80478,80269,10176,90445,679
2023-02-04,Plumas,063,18699,3818,3814,459,4273,14
2023-02-04,Riverside,065,2383286,730896,729601,41356,770957,6789
2023-02-04,Sacramento,067,1510023,367940,367271,37439,404710,3487
2023-02-04,San Benito,069,59416,17518,17469,1121,18590,115
2023-02-04,San Bernardino,071,2135413,706204,704949,34970,739919,8170
2023-02-04,San Diego,073,3302833,979242,976987,80363,1057350,5728
2023-02-04,San Francisco,075,870044,194040,193361,13247,206608,1152
2023-02-04,San Joaquin,077,732212,208444,208068,16699,224767,2395
2023-02-04,San Luis Obispo,079,281455,66091,65882,8075,73957,549
2023-02-04,San Mateo,081,765935,181258,180691,11312,192003,749
2023-02-04,Santa Barbara,083,443738,111496,111213,7655,118868,758
2023-02-04,Santa Clara,085,1922200,470588,469329,21614,490943,2672
2023-02-04,Santa Cruz,087,273765,67851,67589,3877,71466,277
2023-02-04,Shasta,089,179085,36370,36324,8267,44591,605
2023-02-04,Sierra,091,2930,311,311,61,372,5
2023-02-04,Siskiyou,093,43540,5423,5407,3435,8842,95
2023-02-04,Solano,095,438530,112897,112466,8551,121017,482
2023-02-04,Sonoma,097,501317,112781,112508,5740,118248,544
2023-02-04,Stanislaus,099,539301,144213,143982,22839,166821,1827
2023-02-04,Sutter,101,95872,25582,25528,2541,28069,237
2023-02-04,Tehama,103,63373,14410,14379,3393,17772,222
2023-02-04,Trinity,105,12862,1471,1468,504,1972,24
2023-02-04,Tulare,107,460477,127588,127199,39935,167134,1562
2023-02-04,Tuolumne,109,53932,16764,16709,986,17695,203
2023-02-04,Ventura,111,848112,219873,219465,17987,237452,1659
2023-02-04,Yolo,113,214977,49765,49661,4832,54493,436
2023-02-04,Yuba,115,75493,19916,19907,1853,21760,134
2023-02-03,Alameda,001,1643700,375034,374080,22364,396444,2153
2023-02-03,Alpine,002,1148,139,139,4,143,0
2023-02-03,Amador,005,37829,10502,10469,965,11434,98
2023-02-03,Butte,007,227075,41448,41393,10151,51544,486
2023-02-03,Calaveras,009,45235,8945,8925,638,9563,140
2023-02-03,Colusa,011,21464,3948,3942,1338,5280,22
2023-02-03,Contra Costa,013,1133247,270013,269280,22199,291479,1522
2023-02-03,Del Norte,015,27424,7867,7749,466,8215,58
2023-02-03,El Dorado,017,186661,34373,34310,4528,38838,240
2023-02-03,Fresno,019,978130,292577,291147,34502,325649,2969
2023-02-03,Glenn,021,27897,5764,5754,2002,7756,58
2023-02-03,Humboldt,023,135768,23270,23081,5829,28910,169
2023-02-03,Imperial,025,180216,69516,69391,18737,88128,974
2023-02-03,Inyo,027,18085,4743,4733,1286,6019,63
2023-02-03,Kern,029,883053,228625,228236,71946,300182,2470
2023-02-03,Kings,031,150075,62569,62444,4454,66898,470
2023-02-03,Lake,033,64148,13567,13542,1278,14820,151
2023-02-03,Lassen,035,31185,10238,10232,1063,11295,66
2023-02-03,Los Angeles,037,10098052,3470248,3463362,214479,3677841,35040
2023-02-03,Madera,039,155013,46048,45956,8818,54774,377
2023-02-03,Marin,041,260295,48602,48478,5671,54149,317
2023-02-03,Mariposa,043,17540,3344,3330,359,3689,32
2023-02-03,Mendocino,045,87422,16795,16755,4813,21568,142
2023-02-03,Merced,047,269075,75993,75741,12681,88422,903
2023-02-03,Modoc,049,8938,952,951,369,1320,11
2023-02-03,Mono,051,14174,3318,3313,301,3614,8
2023-02-03,Monterey,053,433212,97527,97259,23377,120636,790
2023-02-03,Napa,055,140530,34116,34034,1525,35559,165
2023-02-03,Nevada,057,99092,20056,20012,2287,22299,132
2023-02-03,Orange,059,3164182,705482,704157,76641,780798,7806
2023-02-03,Placer,061,380077,80455,80269,10173,90442,679
2023-02-03,Plumas,063,18699,3818,3814,459,4273,14
2023-02-03,Riverside,065,2383286,730771,729601,41345,770946,6789
2023-02-03,Sacramento,067,1510023,367862,367271,37432,404703,3487
2023-02-03,San Benito,069,59416,17513,17469,1120,18589,115
2023-02-03,San Bernardino,071,2135413,706093,704949,34950,739899,8170
2023-02-03,San Diego,073,3302833,979063,976987,80338,1057325,5728
2023-02-03,San Francisco,075,870044,194000,193361,13245,206606,1152
2023-02-03,San Joaquin,077,732212,208401,208068,16694,224762,2395
2023-02-03,San Luis Obispo,079,281455,66087,65882,8075,73957,549
2023-02-03,San Mateo,081,765935,181198,180691,11310,192001,749
2023-02-03,Santa Barbara,083,443738,111474,111213,7655,118868,758
2023-02-03,Santa Clara,085,1922200,470464,469329,21608,490937,2672
2023-02-03,Santa Cruz,087,273765,67817,67589,3872,71461,277
2023-02-03,Shasta,089,179085,36367,36324,8267,44591,605
2023-02-03,Sierra,091,2930,311,311,61,372,5
2023-02-03,Siskiyou,093,43540,5422,5407,3435,8842,95
2023-02-03,Solano,095,438530,112879,112466,8551,121017,482
2023-02-03,Sonoma,097,501317,112756,112508,5735,118243,544
2023-02-03,Stanislaus,099,539301,144172,143982,22836,166818,1827
2023-02-03,Sutter,101,95872,25577,25528,2540,28068,237
2023-02-03,Tehama,103,63373,14409,14379,3392,17771,222
2023-02-03,Trinity,105,12862,1471,1468,504,1972,24
2023-02-03,Tulare,107,460477,127564,127199,39920,167119,1562
2023-02-03,Tuolumne,109,53932,16757,16709,986,17695,203
2023-02-03,Ventura,111,848112,219841,219465,17981,237446,1659
2023-02-03,Yolo,113,214977,49756,49661,4831,54492,436
2023-02-03,Yuba,115,75493,19913,19907,1853,21760,134
2023-02-02,Alameda,001,1643700,374858,374080,22353,396433,2153
2023-02-02,Alpine,002,1148,139,139,4,143,0
2023-02-02,Amador,005,37829,10497,10469,963,11432,98
2023-02-02,Butte,007,227075,41441,41393,10141,51534,486
2023-02-02,Calaveras,009,45235,8945,8925,638,9563,140
2023-02-02,Colusa,011,21464,3947,3942,1338,5280,22
2023-02-02,Contra Costa,013,1133247,269909,269280,22193,291473,1522
2023-02-02,Del Norte,015,27424,7860,7749,465,8214,58
2023-02-02,El Dorado,017,186661,34360,34310,4526,38836,240
2023-02-02,Fresno,019,978130,292515,291147,34488,325635,2969
2023-02-02,Glenn,021,27897,5762,5754,2002,7756,58
2023-02-02,Humboldt,023,135768,23257,23081,5820,28901,169
2023-02-02,Imperial,025,180216,69501,69391,18731,88122,974
2023-02-02,Inyo,027,18085,4742,4733,1283,6016,63
2023-02-02,Kern,029,883053,228576,228236,71902,300138,2470
2023-02-02,Kings,031,150075,62547,62444,4452,66896,470
2023-02-02,Lake,033,64148,13564,13542,1277,14819,151
2023-02-02,Lassen,035,31185,10235,10232,1063,11295,66
2023-02-02,Los Angeles,037,10098052,3469472,3463362,214347,3677709,35040
2023-02-02,Madera,039,155013,46038,45956,8816,54772,377
2023-02-02,Marin,041,260295,48578,48478,5667,54145,317
2023-02-02,Mariposa,043,17540,3343,3330,359,3689,32
2023-02-02,Mendocino,045,87422,16791,16755,4812,21567,142
2023-02-02,Merced,047,269075,75974,75741,12680,88421,903
2023-02-02,Modoc,049,8938,952,951,369,1320,11
2023-02-02,Mono,051,14174,3317,3313,301,3614,8
2023-02-02,Monterey,053,433212,97488,97259,23342,120601,790
2023-02-02,Napa,055,140530,34108,34034,1525,35559,165
2023-02-02,Nevada,057,99092,20051,20012,2284,22296,132
2023-02-02,Orange,059,3164182,705306,704157,76583,780740,7806
2023-02-02,Placer,061,380077,80433,80269,10172,90441,679
2023-02-02,Plumas,063,18699,3818,3814,459,4273,14
2023-02-02,Riverside,065,2383286,730650,729601,41320,770921,6789
2023-02-02,Sacramento,067,1510023,367758,367271,37419,404690,3487
2023-02-02,San Benito,069,59416,17506,17469,1118,18587,115
2023-02-02,San Bernardino,071,2135413,705955,704949,34938,739887,8170
2023-02-02,San Diego,073,3302833,978820,976987,80301,1057288,5728
2023-02-02,San Francisco,075,870044,193905,193361,13241,206602,1152
2023-02-02,San Joaquin,077,732212,208342,208068,16689,224757,2395
2023-02-02,San Luis Obispo,079,281455,66052,65882,8069,73951,549
2023-02-02,San Mateo,081,765935,181138,180691,11305,191996,749
2023-02-02,Santa Barbara,083,443738,111434,111213,7649,118862,758
2023-02-02,Santa Clara,085,1922200,470277,469329,21593,490922,2672
2023-02-02,Santa Cruz,087,273765,67795,67589,3868,71457,277
2023-02-02,Shasta,089,179085,36365,36324,8267,44591,605
2023-02-02,Sierra,091,2930,311,311,61,372,5
2023-02-02,Siskiyou,093,43540,5420,5407,3434,8841,95
2023-02-02,Solano,095,438530,112835,112466,8546,121012,482
2023-02-02,Sonoma,097,501317,112719,112508,5732,118240,544
2023-02-02,Stanislaus,099,539301,144139,143982,22819,166801,1827
2023-02-02,Sutter,101,95872,25566,25528,2540,28068,237
2023-02-02,Tehama,103,63373,14407,14379,3392,17771,222
2023-02-02,Trinity,105,12862,1471,1468,504,1972,24
2023-02-02,Tulare,107,460477,127522,127199,39908,167107,1562
2023-02-02,Tuolumne,109,53932,16754,16709,986,17695,203
2023-02-02,Ventura,111,848112,219809,219465,17969,237434,1659
2023-02-02,Yolo,113,214977,49747,49661,4826,54487,436
2023-02-02,Yuba,115,75493,19912,19907,1852,21759,134
2023-02-01,Alameda,001,1643700,374696,374080,22347,396427,2153
2023-02-01,Alpine,002,1148,139,139,4,143,0
2023-02-01,Amador,005,37829,10494,10469,963,11432,98
2023-02-01,Butte,007,227075,41433,41393,10133,51526,486
2023-02-01,Calaveras,009,45235,8939,8925,638,9563,140
2023-02-01,Colusa,011,21464,3947,3942,1337,5279,22
2023-02-01,Contra Costa,013,1133247,269822,269280,22182,291462,1522
2023-02-01,Del Norte,015,27424,7853,7749,463,8212,58
2023-02-01,El Dorado,017,186661,34354,34310,4524,38834,240
2023-02-01,Fresno,019,978130,292451,291147,34474,325621,2969
2023-02-01,Glenn,021,27897,5760,5754,2001,7755,58
2023-02-01,Humboldt,023,135768,23250,23081,5816,28897,169
2023-02-01,Imperial,025,180216,69487,69391,18718,88109,974
2023-02-01,Inyo,027,18085,4741,4733,1279,6012,63
2023-02-01,Kern,029,883053,228515,228236,71837,300073,2470
2023-02-01,Kings,031,150075,62531,62444,4452,66896,470
2023-02-01,Lake,033,64148,13563,13542,1275,14817,151
2023-02-01,Lassen,035,31185,10235,10232,1062,11294,66
2023-02-01,Los Angeles,037,10098052,3468644,3463362,214187,3677549,35040
2023-02-01,Madera,039,155013,46033,45956,8814,54770,377
2023-02-01,Marin,041,260295,48561,48478,5663,54141,317
2023-02-01,Mariposa,043,17540,3343,3330,359,3689,32
2023-02-01,Mendocino,045,87422,16786,16755,4812,21567,142
2023-02-01,Merced,047,269075,75951,75741,12675,88416,903
2023-02-01,Modoc,049,8938,952,951,369,1320,11
2023-02-01,Mono,051,14174,3317,3313,301,3614,8
2023-02-01,Monterey,053,433212,97460,97259,23298,120557,790
2023-02-01,Napa,055,140530,34094,34034,1523,35557,165
2023-02-01,Nevada,057,99092,20047,20012,2284,22296,132
2023-02-01,Orange,059,3164182,705109,704157,76524,780681,7806
2023-02-01,Placer,061,380077,80416,80269,10170,90439,679
2023-02-01,Plumas,063,18699,3818,3814,459,4273,14
2023-02-01,Riverside,065,2383286,730467,729601,41292,770893,6789
2023-02-01,Sacramento,067,1510023,367653,367271,37410,404681,3487
2023-02-01,San Benito,069,59416,17500,17469,1115,18584,115
2023-02-01,San Bernardino,071,2135413,705832,704949,34915,739864,8170
2023-02-01,San Diego,073,3302833,978572,976987,80243,1057230,5728
2023-02-01,San Francisco,075,870044,193822,193361,13237,206598,1152
2023-02-01,San Joaquin,077,732212,208274,208068,16684,224752,2395
2023-02-01,San Luis Obispo,079,281455,66031,65882,8066,73948,549
2023-02-01,San Mateo,081,765935,181045,180691,11296,191987,749
2023-02-01,Santa Barbara,083,443738,111399,111213,7645,118858,758
2023-02-01,Santa Clara,085,1922200,470086,469329,21580,490909,2672
2023-02-01,Santa Cruz,087,273765,67732,67589,3865,71454,277
2023-02-01,Shasta,089,179085,36358,36324,8265,44589,605
2023-02-01,Sierra,091,2930,311,311,61,372,5
2023-02-01,Siskiyou,093,43540,5419,5407,3434,8841,95
2023-02-01,Solano,095,438530,112789,112466,8541,121007,482
2023-02-01,Sonoma,097,501317,112667,112508,5729,118237,544
2023-02-01,Stanislaus,099,539301,144102,143982,22814,166796,1827
2023-02-01,Sutter,101,95872,25562,25528,2540,28068,237
2023-02-01,Tehama,103,63373,14404,14379,3391,17770,222
2023-02-01,Trinity,105,12862,1470,1468,504,1972,24
2023-02-01,Tulare,107,460477,127481,127199,39893,167092,1562
2023-02-01,Tuolumne,109,53932,16752,16709,985,17694,203
2023-02-01,Ventura,111,848112,219764,219465,17954,237419,1659
2023-02-01,Yolo,113,214977,49736,49661,4822,54483,436
2023-02-01,Yuba,115,75493,19909,19907,1848,21755,134
2023-01-31,Alameda,001,1643700,374544,374080,22331,396411,2153
2023-01-31,Alpine,002,1148,139,139,4,143,0
2023-01-31,Amador,005,37829,10491,10469,962,11431,98
2023-01-31,Butte,007,227075,41412,41393,10127,51520,486
2023-01-31,Calaveras,009,45235,8938,8925,638,9563,140
2023-01-31,Colusa,011,21464,3946,3942,1337,5279,22
2023-01-31,Contra Costa,013,1133247,269703,269280,22170,291450,1522
2023-01-31,Del Norte,015,27424,7841,7749,460,8209,58
2023-01-31,El Dorado,017,186661,34347,34310,4519,38829,240
2023-01-31,Fresno,019,978130,292374,291147,34451,325598,2969
2023-01-31,Glenn,021,27897,5758,5754,2000,7754,58
2023-01-31,Humboldt,023,135768,23241,23081,5812,28893,169
2023-01-31,Imperial,025,180216,69461,69391,18712,88103,974
2023-01-31,Inyo,027,18085,4739,4733,1275,6008,63
2023-01-31,Kern,029,883053,228478,228236,71759,299995,2470
2023-01-31,Kings,031,150075,62508,62444,4449,66893,470
2023-01-31,Lake,033,64148,13560,13542,1274,14816,151
2023-01-31,Lassen,035,31185,10235,10232,1062,11294,66
2023-01-31,Los Angeles,037,10098052,3467769,3463362,213989,3677351,35040
2023-01-31,Madera,039,155013,46026,45956,8810,54766,377
2023-01-31,Marin,041,260295,48545,48478,5659,54137,317
2023-01-31,Mariposa,043,17540,3342,3330,359,3689,32
2023-01-31,Mendocino,045,87422,16783,16755,4812,21567,142
2023-01-31,Merced,047,269075,75925,75741,12672,88413,903
2023-01-31,Modoc,049,8938,952,951,368,1319,11
2023-01-31,Mono,051,14174,3316,3313,301,3614,8
2023-01-31,Monterey,053,433212,97423,97259,23254,120513,790
2023-01-31,Napa,055,140530,34074,34034,1523,35557,165
2023-01-31,Nevada,057,99092,20044,20012,2280,22292,132
2023-01-31,Orange,059,3164182,704923,704157,76455,780612,7806
2023-01-31,Placer,061,380077,80390,80269,10168,90437,679
2023-01-31,Plumas,063,18699,3817,3814,459,4273,14
2023-01-31,Riverside,065,2383286,730303,729601,41252,770853,6789
2023-01-31,Sacramento,067,1510023,367557,367271,37389,404660,3487
2023-01-31,San Benito,069,59416,17494,17469,1115,18584,115
2023-01-31,San Bernardino,071,2135413,705640,704949,34888,739837,8170
2023-01-31,San Diego,073,3302833,978267,976987,80179,1057166,5728
2023-01-31,San Francisco,075,870044,193722,193361,13233,206594,1152
2023-01-31,San Joaquin,077,732212,208213,208068,16678,224746,2395
2023-01-31,San Luis Obispo,079,281455,66002,65882,8064,73946,549
2023-01-31,San Mateo,081,765935,180984,180691,11290,191981,749
2023-01-31,Santa Barbara,083,443738,111362,111213,7632,118845,758
2023-01-31,Santa Clara,085,1922200,469882,469329,21555,490884,2672
2023-01-31,Santa Cruz,087,273765,67703,67589,3863,71452,277
2023-01-31,Shasta,089,179085,36355,36324,8261,44585,605
2023-01-31,Sierra,091,2930,311,311,61,372,5
2023-01-31,Siskiyou,093,43540,5418,5407,3433,8840,95
2023-01-31,Solano,095,438530,112747,112466,8536,121002,482
2023-01-31,Sonoma,097,501317,112629,112508,5725,118233,544
2023-01-31,Stanislaus,099,539301,144058,143982,22805,166787,1827
2023-01-31,Sutter,101,95872,25553,25528,2540,28068,237
2023-01-31,Tehama,103,63373,14402,14379,3389,17768,222
2023-01-31,Trinity,105,12862,1470,1468,503,1971,24
2023-01-31,Tulare,107,460477,127433,127199,39866,167065,1562
2023-01-31,Tuolumne,109,53932,16742,16709,984,17693,203
2023-01-31,Ventura,111,848112,219712,219465,17950,237415,1659
2023-01-31,Yolo,113,214977,49725,49661,4819,54480,436
2023-01-31,Yuba,115,75493,19906,19907,1848,21755,134
2023-01-30,Alameda,001,1643700,374390,373183,22307,395490,2138
2023-01-30,Alpine,002,1148,139,139,4,143,0
2023-01-30,Amador,005,37829,10482,10443,962,11405,98
2023-01-30,Butte,007,227075,41405,41340,10123,51463,486
2023-01-30,Calaveras,009,45235,8935,8906,636,9542,140
2023-01-30,Colusa,011,21464,3945,3936,1337,5273,22
2023-01-30,Contra Costa,013,1133247,269599,268472,22162,290634,1521
2023-01-30,Del Norte,015,27424,7831,7725,457,8182,57
2023-01-30,El Dorado,017,186661,34338,34271,4514,38785,238
2023-01-30,Fresno,019,978130,292302,290101,34424,324525,2962
2023-01-30,Glenn,021,27897,5757,5752,2000,7752,58
2023-01-30,Humboldt,023,135768,23233,23039,5810,28849,167
2023-01-30,Imperial,025,180216,69449,69274,18694,87968,973
2023-01-30,Inyo,027,18085,4737,4722,1273,5995,63
2023-01-30,Kern,029,883053,228424,227749,71692,299441,2467
2023-01-30,Kings,031,150075,62484,62312,4442,66754,471
2023-01-30,Lake,033,64148,13558,13502,1273,14775,149
2023-01-30,Lassen,035,31185,10235,10225,1062,11287,67
2023-01-30,Los Angeles,037,10098052,3466734,3457684,213786,3671470,34926
2023-01-30,Madera,039,155013,46018,45883,8809,54692,377
2023-01-30,Marin,041,260295,48520,48374,5657,54031,317
2023-01-30,Mariposa,043,17540,3342,3305,359,3664,32
2023-01-30,Mendocino,045,87422,16776,16728,4811,21539,139
2023-01-30,Merced,047,269075,75900,75565,12666,88231,897
2023-01-30,Modoc,049,8938,951,951,368,1319,11
2023-01-30,Mono,051,14174,3314,3311,301,3612,8
2023-01-30,Monterey,053,433212,97400,97118,23222,120340,789
2023-01-30,Napa,055,140530,34059,33957,1521,35478,164
2023-01-30,Nevada,057,99092,20040,19981,2278,22259,132
2023-01-30,Orange,059,3164182,704724,702777,76397,779174,7781
2023-01-30,Placer,061,380077,80360,80107,10164,90271,679
2023-01-30,Plumas,063,18699,3817,3811,459,4270,13
2023-01-30,Riverside,065,2383286,730111,728514,41217,769731,6788
2023-01-30,Sacramento,067,1510023,367447,366562,37372,403934,3472
2023-01-30,San Benito,069,59416,17490,17434,1109,18543,115
2023-01-30,San Bernardino,071,2135413,705490,703892,34856,738748,8163
2023-01-30,San Diego,073,3302833,977926,974936,80097,1055033,5716
2023-01-30,San Francisco,075,870044,193640,192738,13219,205957,1152
2023-01-30,San Joaquin,077,732212,208162,207738,16672,224410,2391
2023-01-30,San Luis Obispo,079,281455,65984,65721,8058,73779,549
2023-01-30,San Mateo,081,765935,180904,180043,11286,191329,749
2023-01-30,Santa Barbara,083,443738,111332,110976,7624,118600,755
2023-01-30,Santa Clara,085,1922200,469671,467820,21548,489368,2655
2023-01-30,Santa Cruz,087,273765,67686,67454,3859,71313,276
2023-01-30,Shasta,089,179085,36350,36311,8257,44568,605
2023-01-30,Sierra,091,2930,311,311,61,372,5
2023-01-30,Siskiyou,093,43540,5415,5406,3431,8837,95
2023-01-30,Solano,095,438530,112705,112210,8530,120740,482
2023-01-30,Sonoma,097,501317,112588,112332,5722,118054,541
2023-01-30,Stanislaus,099,539301,144018,143769,22802,166571,1816
2023-01-30,Sutter,101,95872,25549,25478,2540,28018,237
2023-01-30,Tehama,103,63373,14397,14356,3389,17745,222
2023-01-30,Trinity,105,12862,1470,1459,503,1962,23
2023-01-30,Tulare,107,460477,127397,126918,39832,166750,1559
2023-01-30,Tuolumne,109,53932,16735,16639,983,17622,203
2023-01-30,Ventura,111,848112,219664,219015,17938,236953,1650
2023-01-30,Yolo,113,214977,49717,49563,4813,54376,435
2023-01-30,Yuba,115,75493,19905,19871,1847,21718,134
2023-01-29,Alameda,001,1643700,374240,373183,22292,395475,2138
2023-01-29,Alpine,002,1148,139,139,4,143,0
2023-01-29,Amador,005,37829,10478,10443,962,11405,98
2023-01-29,Butte,007,227075,41395,41340,10115,51455,486
2023-01-29,Calaveras,009,45235,8932,8906,636,9542,140
2023-01-29,Colusa,011,21464,3942,3936,1336,5272,22
2023-01-29,Contra Costa,013,1133247,269479,268472,22153,290625,1521
2023-01-29,Del Norte,015,27424,7822,7725,456,8181,57
2023-01-29,El Dorado,017,186661,34329,34271,4511,38782,238
2023-01-29,Fresno,019,978130,292229,290101,34397,324498,2962
2023-01-29,Glenn,021,27897,5757,5752,2000,7752,58
2023-01-29,Humboldt,023,135768,23228,23039,5805,28844,167
2023-01-29,Imperial,025,180216,69429,69274,18676,87950,973
2023-01-29,Inyo,027,18085,4734,4722,1273,5995,63
2023-01-29,Kern,029,883053,228366,227749,71634,299383,2467
2023-01-29,Kings,031,150075,62458,62312,4428,66740,471
2023-01-29,Lake,033,64148,13554,13502,1272,14774,149
2023-01-29,Lassen,035,31185,10235,10225,1062,11287,67
2023-01-29,Los Angeles,037,10098052,3465607,3457684,213599,3671283,34926
2023-01-29,Madera,039,155013,46011,45883,8807,54690,377
2023-01-29,Marin,041,260295,48502,48374,5655,54029,317
2023-01-29,Mariposa,043,17540,3341,3305,359,3664,32
2023-01-29,Mendocino,045,87422,16770,16728,4803,21531,139
2023-01-29,Merced,047,269075,75878,75565,12653,88218,897
2023-01-29,Modoc,049,8938,951,951,368,1319,11
2023-01-29,Mono,051,14174,3313,3311,301,3612,8
2023-01-29,Monterey,053,433212,97376,97118,23174,120292,789
2023-01-29,Napa,055,140530,34041,33957,1521,35478,164
2023-01-29,Nevada,057,99092,20037,19981,2275,22256,132
2023-01-29,Orange,059,3164182,704501,702777,76329,779106,7781
2023-01-29,Placer,061,380077,80331,80107,10161,90268,679
2023-01-29,Plumas,063,18699,3817,3811,459,4270,13
2023-01-29,Riverside,065,2383286,729901,728514,41174,769688,6788
2023-01-29,Sacramento,067,1510023,367333,366562,37341,403903,3472
2023-01-29,San Benito,069,59416,17483,17434,1109,18543,115
2023-01-29,San Bernardino,071,2135413,705322,703892,34820,738712,8163
2023-01-29,San Diego,073,3302833,977602,974936,80035,1054971,5716
2023-01-29,San Francisco,075,870044,193551,192738,13209,205947,1152
2023-01-29,San Joaquin,077,732212,208100,207738,16664,224402,2391
2023-01-29,San Luis Obispo,079,281455,65953,65721,8057,73778,549
2023-01-29,San Mateo,081,765935,180829,180043,11281,191324,749
2023-01-29,Santa Barbara,083,443738,111296,110976,7614,118590,755
2023-01-29,Santa Clara,085,1922200,469465,467820,21533,489353,2655
2023-01-29,Santa Cruz,087,273765,67656,67454,3857,71311,276
2023-01-29,Shasta,089,179085,36348,36311,8256,44567,605
2023-01-29,Sierra,091,2930,311,311,61,372,5
2023-01-29,Siskiyou,093,43540,5412,5406,3427,8833,95
2023-01-29,Solano,095,438530,112658,112210,8527,120737,482
2023-01-29,Sonoma,097,501317,112570,112332,5716,118048,541
2023-01-29,Stanislaus,099,539301,143977,143769,22788,166557,1816
2023-01-29,Sutter,101,95872,25540,25478,2537,28015,237
2023-01-29,Tehama,103,63373,14396,14356,3388,17744,222
2023-01-29,Trinity,105,12862,1463,1459,503,1962,23
2023-01-29,Tulare,107,460477,127346,126918,39790,166708,1559
2023-01-29,Tuolumne,109,53932,16732,16639,983,17622,203
2023-01-29,Ventura,111,848112,219602,219015,17925,236940,1650
2023-01-29,Yolo,113,214977,49699,49563,4811,54374,435
2023-01-29,Yuba,115,75493,19901,19871,1845,21716,134
2023-01-28,Alameda,001,1643700,374167,373183,22279,395462,2138
2023-01-28,Alpine,002,1148,139,139,4,143,0
2023-01-28,Amador,005,37829,10477,10443,962,11405,98
2023-01-28,Butte,007,227075,41388,41340,10110,51450,486
2023-01-28,Calaveras,009,45235,8929,8906,636,9542,140
2023-01-28,Colusa,011,21464,3942,3936,1336,5272,22
2023-01-28,Contra Costa,013,1133247,269418,268472,22148,290620,1521
2023-01-28,Del Norte,015,27424,7821,7725,456,8181,57
2023-01-28,El Dorado,017,186661,34323,34271,4511,38782,238
2023-01-28,Fresno,019,978130,292188,290101,34390,324491,2962
2023-01-28,Glenn,021,27897,5756,5752,2000,7752,58
2023-01-28,Humboldt,023,135768,23227,23039,5803,28842,167
2023-01-28,Imperial,025,180216,69418,69274,18674,87948,973
2023-01-28,Inyo,027,18085,4734,4722,1272,5994,63
2023-01-28,Kern,029,883053,228338,227749,71599,299348,2467
2023-01-28,Kings,031,150075,62445,62312,4428,66740,471
2023-01-28,Lake,033,64148,13552,13502,1271,14773,149
2023-01-28,Lassen,035,31185,10235,10225,1062,11287,67
2023-01-28,Los Angeles,037,10098052,3464999,3457684,213501,3671185,34926
2023-01-28,Madera,039,155013,46004,45883,8806,54689,377
2023-01-28,Marin,041,260295,48493,48374,5654,54028,317
2023-01-28,Mariposa,043,17540,3341,3305,359,3664,32
2023-01-28,Mendocino,045,87422,16768,16728,4802,21530,139
2023-01-28,Merced,047,269075,75864,75565,12653,88218,897
2023-01-28,Modoc,049,8938,951,951,368,1319,11
2023-01-28,Mono,051,14174,3313,3311,301,3612,8
2023-01-28,Monterey,053,433212,97354,97118,23157,120275,789
2023-01-28,Napa,055,140530,34038,33957,1521,35478,164
2023-01-28,Nevada,057,99092,20035,19981,2270,22251,132
2023-01-28,Orange,059,3164182,704405,702777,76277,779054,7781
2023-01-28,Placer,061,380077,80307,80107,10160,90267,679
2023-01-28,Plumas,063,18699,3817,3811,459,4270,13
2023-01-28,Riverside,065,2383286,729782,728514,41149,769663,6788
2023-01-28,Sacramento,067,1510023,367275,366562,37332,403894,3472
2023-01-28,San Benito,069,59416,17480,17434,1108,18542,115
2023-01-28,San Bernardino,071,2135413,705236,703892,34808,738700,8163
2023-01-28,San Diego,073,3302833,977475,974936,80016,1054952,5716
2023-01-28,San Francisco,075,870044,193501,192738,13206,205944,1152
2023-01-28,San Joaquin,077,732212,208070,207738,16663,224401,2391
2023-01-28,San Luis Obispo,079,281455,65942,65721,8056,73777,549
2023-01-28,San Mateo,081,765935,180793,180043,11274,191317,749
2023-01-28,Santa Barbara,083,443738,111273,110976,7606,118582,755
2023-01-28,Santa Clara,085,1922200,469339,467820,21527,489347,2655
2023-01-28,Santa Cruz,087,273765,67646,67454,3856,71310,276
2023-01-28,Shasta,089,179085,36347,36311,8255,44566,605
2023-01-28,Sierra,091,2930,311,311,61,372,5
2023-01-28,Siskiyou,093,43540,5411,5406,3427,8833,95
2023-01-28,Solano,095,438530,112636,112210,8525,120735,482
2023-01-28,Sonoma,097,501317,112552,112332,5715,118047,541
2023-01-28,Stanislaus,099,539301,143952,143769,22784,166553,1816
2023-01-28,Sutter,101,95872,25537,25478,2537,28015,237
2023-01-28,Tehama,103,63373,14395,14356,3388,17744,222
2023-01-28,Trinity,105,12862,1463,1459,503,1962,23
2023-01-28,Tulare,107,460477,127324,126918,39772,166690,1559
2023-01-28,Tuolumne,109,53932,16728,16639,983,17622,203
2023-01-28,Ventura,111,848112,219565,219015,17915,236930,1650
2023-01-28,Yolo,113,214977,49693,49563,4808,54371,435
2023-01-28,Yuba,115,75493,19898,19871,1845,21716,134
2023-01-27,Alameda,001,1643700,374078,373183,22272,395455,2138
2023-01-27,Alpine,002,1148,139,139,4,143,0
2023-01-27,Amador,005,37829,10476,10443,962,11405,98
2023-01-27,Butte,007,227075,41384,41340,10108,51448,486
2023-01-27,Calaveras,009,45235,8927,8906,636,9542,140
2023-01-27,Colusa,011,21464,3942,3936,1336,5272,22
2023-01-27,Contra Costa,013,1133247,269357,268472,22145,290617,1521
2023-01-27,Del Norte,015,27424,7820,7725,455,8180,57
2023-01-27,El Dorado,017,186661,34314,34271,4509,38780,238
2023-01-27,Fresno,019,978130,292149,290101,34385,324486,2962
2023-01-27,Glenn,021,27897,5756,5752,2000,7752,58
2023-01-27,Humboldt,023,135768,23221,23039,5799,28838,167
2023-01-27,Imperial,025,180216,69413,69274,18674,87948,973
2023-01-27,Inyo,027,18085,4734,4722,1271,5993,63
2023-01-27,Kern,029,883053,228312,227749,71579,299328,2467
2023-01-27,Kings,031,150075,62435,62312,4428,66740,471
2023-01-27,Lake,033,64148,13551,13502,1271,14773,149
2023-01-27,Lassen,035,31185,10235,10225,1062,11287,67
2023-01-27,Los Angeles,037,10098052,3464421,3457684,213376,3671060,34926
2023-01-27,Madera,039,155013,45998,45883,8805,54688,377
2023-01-27,Marin,041,260295,48477,48374,5653,54027,317
2023-01-27,Mariposa,043,17540,3341,3305,359,3664,32
2023-01-27,Mendocino,045,87422,16766,16728,4802,21530,139
2023-01-27,Merced,047,269075,75844,75565,12652,88217,897
2023-01-27,Modoc,049,8938,951,951,368,1319,11
2023-01-27,Mono,051,14174,3313,3311,301,3612,8
2023-01-27,Monterey,053,433212,97326,97118,23139,120257,789
2023-01-27,Napa,055,140530,34028,33957,1521,35478,164
2023-01-27,Nevada,057,99092,20030,19981,2266,22247,132
2023-01-27,Orange,059,3164182,704292,702777,76242,779019,7781
2023-01-27,Placer,061,380077,80298,80107,10159,90266,679
2023-01-27,Plumas,063,18699,3816,3811,459,4270,13
2023-01-27,Riverside,065,2383286,729677,728514,41131,769645,6788
2023-01-27,Sacramento,067,1510023,367202,366562,37328,403890,3472
2023-01-27,San Benito,069,59416,17478,17434,1108,18542,115
2023-01-27,San Bernardino,071,2135413,705132,703892,34799,738691,8163
2023-01-27,San Diego,073,3302833,977296,974936,79992,1054928,5716
2023-01-27,San Francisco,075,870044,193455,192738,13198,205936,1152
2023-01-27,San Joaquin,077,732212,208044,207738,16660,224398,2391
2023-01-27,San Luis Obispo,079,281455,65928,65721,8051,73772,549
2023-01-27,San Mateo,081,765935,180763,180043,11269,191312,749
2023-01-27,Santa Barbara,083,443738,111254,110976,7605,118581,755
2023-01-27,Santa Clara,085,1922200,469205,467820,21522,489342,2655
2023-01-27,Santa Cruz,087,273765,67614,67454,3852,71306,276
2023-01-27,Shasta,089,179085,36346,36311,8254,44565,605
2023-01-27,Sierra,091,2930,311,311,61,372,5
2023-01-27,Siskiyou,093,43540,5411,5406,3427,8833,95
2023-01-27,Solano,095,438530,112608,112210,8525,120735,482
2023-01-27,Sonoma,097,501317,112534,112332,5711,118043,541
2023-01-27,Stanislaus,099,539301,143929,143769,22783,166552,1816
2023-01-27,Sutter,101,95872,25531,25478,2537,28015,237
2023-01-27,Tehama,103,63373,14394,14356,3386,17742,222
2023-01-27,Trinity,105,12862,1463,1459,503,1962,23
2023-01-27,Tulare,107,460477,127297,126918,39753,166671,1559
2023-01-27,Tuolumne,109,53932,16721,16639,982,17621,203
2023-01-27,Ventura,111,848112,219532,219015,17913,236928,1650
2023-01-27,Yolo,113,214977,49684,49563,4805,54368,435
2023-01-27,Yuba,115,75493,19893,19871,1844,21715,134
2023-01-26,Alameda,001,1643700,373930,373183,22260,395443,2138
2023-01-26,Alpine,002,1148,139,139,4,143,0
2023-01-26,Amador,005,37829,10475,10443,962,11405,98
2023-01-26,Butte,007,227075,41377,41340,10103,51443,486
2023-01-26,Calaveras,009,45235,8925,8906,636,9542,140
2023-01-26,Colusa,011,21464,3941,3936,1336,5272,22
2023-01-26,Contra Costa,013,1133247,269266,268472,22137,290609,1521
2023-01-26,Del Norte,015,27424,7816,7725,451,8176,57
2023-01-26,El Dorado,017,186661,34307,34271,4509,38780,238
2023-01-26,Fresno,019,978130,292079,290101,34362,324463,2962
2023-01-26,Glenn,021,27897,5756,5752,1999,7751,58
2023-01-26,Humboldt,023,135768,23217,23039,5796,28835,167
2023-01-26,Imperial,025,180216,69401,69274,18668,87942,973
2023-01-26,Inyo,027,18085,4731,4722,1270,5992,63
2023-01-26,Kern,029,883053,228272,227749,71540,299289,2467
2023-01-26,Kings,031,150075,62413,62312,4423,66735,471
2023-01-26,Lake,033,64148,13548,13502,1271,14773,149
2023-01-26,Lassen,035,31185,10234,10225,1062,11287,67
2023-01-26,Los Angeles,037,10098052,3463590,3457684,213207,3670891,34926
2023-01-26,Madera,039,155013,45994,45883,8804,54687,377
2023-01-26,Marin,041,260295,48467,48374,5652,54026,317
2023-01-26,Mariposa,043,17540,3341,3305,359,3664,32
2023-01-26,Mendocino,045,87422,16763,16728,4798,21526,139
2023-01-26,Merced,047,269075,75820,75565,12649,88214,897
2023-01-26,Modoc,049,8938,951,951,368,1319,11
2023-01-26,Mono,051,14174,3313,3311,301,3612,8
2023-01-26,Monterey,053,433212,97303,97118,23110,120228,789
2023-01-26,Napa,055,140530,34017,33957,1521,35478,164
2023-01-26,Nevada,057,99092,20029,19981,2257,22238,132
2023-01-26,Orange,059,3164182,704135,702777,76194,778971,7781
2023-01-26,Placer,061,380077,80268,80107,10153,90260,679
2023-01-26,Plumas,063,18699,3816,3811,459,4270,13
2023-01-26,Riverside,065,2383286,729542,728514,41104,769618,6788
2023-01-26,Sacramento,067,1510023,367101,366562,37307,403869,3472
2023-01-26,San Benito,069,59416,17477,17434,1108,18542,115
2023-01-26,San Bernardino,071,2135413,704987,703892,34772,738664,8163
2023-01-26,San Diego,073,3302833,977026,974936,79954,1054890,5716
2023-01-26,San Francisco,075,870044,193379,192738,13193,205931,1152
2023-01-26,San Joaquin,077,732212,207997,207738,16657,224395,2391
2023-01-26,San Luis Obispo,079,281455,65909,65721,8048,73769,549
2023-01-26,San Mateo,081,765935,180691,180043,11266,191309,749
2023-01-26,Santa Barbara,083,443738,111223,110976,7599,118575,755
2023-01-26,Santa Clara,085,1922200,469023,467820,21514,489334,2655
2023-01-26,Santa Cruz,087,273765,67603,67454,3846,71300,276
2023-01-26,Shasta,089,179085,36342,36311,8252,44563,605
2023-01-26,Sierra,091,2930,311,311,61,372,5
2023-01-26,Siskiyou,093,43540,5411,5406,3425,8831,95
2023-01-26,Solano,095,438530,112576,112210,8521,120731,482
2023-01-26,Sonoma,097,501317,112494,112332,5708,118040,541
2023-01-26,Stanislaus,099,539301,143895,143769,22777,166546,1816
2023-01-26,Sutter,101,95872,25528,25478,2537,28015,237
2023-01-26,Tehama,103,63373,14394,14356,3385,17741,222
2023-01-26,Trinity,105,12862,1463,1459,503,1962,23
2023-01-26,Tulare,107,460477,127264,126918,39719,166637,1559
2023-01-26,Tuolumne,109,53932,16711,16639,981,17620,203
2023-01-26,Ventura,111,848112,219493,219015,17902,236917,1650
2023-01-26,Yolo,113,214977,49670,49563,4803,54366,435
2023-01-26,Yuba,115,75493,19891,19871,1841,21712,134
2023-01-25,Alameda,001,1643700,373799,373183,22249,395432,2138
2023-01-25,Alpine,002,1148,139,139,4,143,0
2023-01-25,Amador,005,37829,10470,10443,961,11404,98
2023-01-25,Butte,007,227075,41370,41340,10097,51437,486
2023-01-25,Calaveras,009,45235,8925,8906,636,9542,140
2023-01-25,Colusa,011,21464,3941,3936,1336,5272,22
2023-01-25,Contra Costa,013,1133247,269163,268472,22132,290604,1521
2023-01-25,Del Norte,015,27424,7811,7725,451,8176,57
2023-01-25,El Dorado,017,186661,34299,34271,4508,38779,238
2023-01-25,Fresno,019,978130,292010,290101,34350,324451,2962
2023-01-25,Glenn,021,27897,5756,5752,1999,7751,58
2023-01-25,Humboldt,023,135768,23213,23039,5794,28833,167
2023-01-25,Imperial,025,180216,69386,69274,18663,87937,973
2023-01-25,Inyo,027,18085,4730,4722,1268,5990,63
2023-01-25,Kern,029,883053,228221,227749,71495,299244,2467
2023-01-25,Kings,031,150075,62394,62312,4412,66724,471
2023-01-25,Lake,033,64148,13545,13502,1271,14773,149
2023-01-25,Lassen,035,31185,10234,10225,1062,11287,67
2023-01-25,Los Angeles,037,10098052,3462822,3457684,213055,3670739,34926
2023-01-25,Madera,039,155013,45987,45883,8803,54686,377
2023-01-25,Marin,041,260295,48450,48374,5651,54025,317
2023-01-25,Mariposa,043,17540,3341,3305,359,3664,32
2023-01-25,Mendocino,045,87422,16759,16728,4795,21523,139
2023-01-25,Merced,047,269075,75806,75565,12644,88209,897
2023-01-25,Modoc,049,8938,951,951,368,1319,11
2023-01-25,Mono,051,14174,3313,3311,301,3612,8
2023-01-25,Monterey,053,433212,97287,97118,23087,120205,789
2023-01-25,Napa,055,140530,34005,33957,1521,35478,164
2023-01-25,Nevada,057,99092,20026,19981,2257,22238,132
2023-01-25,Orange,059,3164182,703938,702777,76123,778900,7781
2023-01-25,Placer,061,380077,80242,80107,10152,90259,679
2023-01-25,Plumas,063,18699,3816,3811,459,4270,13
2023-01-25,Riverside,065,2383286,729387,728514,41074,769588,6788
2023-01-25,Sacramento,067,1510023,367014,366562,37291,403853,3472
2023-01-25,San Benito,069,59416,17468,17434,1108,18542,115
2023-01-25,San Bernardino,071,2135413,704879,703892,34762,738654,8163
2023-01-25,San Diego,073,3302833,976736,974936,79907,1054843,5716
2023-01-25,San Francisco,075,870044,193318,192738,13190,205928,1152
2023-01-25,San Joaquin,077,732212,207954,207738,16647,224385,2391
2023-01-25,San Luis Obispo,079,281455,65890,65721,8044,73765,549
2023-01-25,San Mateo,081,765935,180613,180043,11263,191306,749
2023-01-25,Santa Barbara,083,443738,111194,110976,7589,118565,755
2023-01-25,Santa Clara,085,1922200,468853,467820,21506,489326,2655
2023-01-25,Santa Cruz,087,273765,67588,67454,3843,71297,276
2023-01-25,Shasta,089,179085,36341,36311,8250,44561,605
2023-01-25,Sierra,091,2930,311,311,61,372,5
2023-01-25,Siskiyou,093,43540,5411,5406,3425,8831,95
2023-01-25,Solano,095,438530,112543,112210,8516,120726,482
2023-01-25,Sonoma,097,501317,112475,112332,5705,118037,541
2023-01-25,Stanislaus,099,539301,143861,143769,22770,166539,1816
2023-01-25,Sutter,101,95872,25524,25478,2537,28015,237
2023-01-25,Tehama,103,63373,14394,14356,3385,17741,222
2023-01-25,Trinity,105,12862,1463,1459,503,1962,23
2023-01-25,Tulare,107,460477,127226,126918,39695,166613,1559
2023-01-25,Tuolumne,109,53932,16706,16639,981,17620,203
2023-01-25,Ventura,111,848112,219440,219015,17896,236911,1650
2023-01-25,Yolo,113,214977,49659,49563,4802,54365,435
2023-01-25,Yuba,115,75493,19888,19871,1839,21710,134
2023-01-24,Alameda,001,1643700,373686,373183,22245,395428,2138
2023-01-24,Alpine,002,1148,139,139,4,143,0
2023-01-24,Amador,005,37829,10463,10443,961,11404,98
2023-01-24,Butte,007,227075,41363,41340,10094,51434,486
2023-01-24,Calaveras,009,45235,8922,8906,636,9542,140
2023-01-24,Colusa,011,21464,3939,3936,1336,5272,22
2023-01-24,Contra Costa,013,1133247,269061,268472,22114,290586,1521
2023-01-24,Del Norte,015,27424,7805,7725,451,8176,57
2023-01-24,El Dorado,017,186661,34292,34271,4508,38779,238
2023-01-24,Fresno,019,978130,291937,290101,34337,324438,2962
2023-01-24,Glenn,021,27897,5755,5752,1999,7751,58
2023-01-24,Humboldt,023,135768,23208,23039,5793,28832,167
2023-01-24,Imperial,025,180216,69374,69274,18657,87931,973
2023-01-24,Inyo,027,18085,4728,4722,1266,5988,63
2023-01-24,Kern,029,883053,228177,227749,71459,299208,2467
2023-01-24,Kings,031,150075,62379,62312,4402,66714,471
2023-01-24,Lake,033,64148,13540,13502,1270,14772,149
2023-01-24,Lassen,035,31185,10232,10225,1061,11286,67
2023-01-24,Los Angeles,037,10098052,3461952,3457684,212893,3670577,34926
2023-01-24,Madera,039,155013,45978,45883,8802,54685,377
2023-01-24,Marin,041,260295,48436,48374,5650,54024,317
2023-01-24,Mariposa,043,17540,3340,3305,359,3664,32
2023-01-24,Mendocino,045,87422,16753,16728,4795,21523,139
2023-01-24,Merced,047,269075,75787,75565,12641,88206,897
2023-01-24,Modoc,049,8938,951,951,367,1318,11
2023-01-24,Mono,051,14174,3313,3311,301,3612,8
2023-01-24,Monterey,053,433212,97267,97118,23063,120181,789
2023-01-24,Napa,055,140530,33994,33957,1521,35478,164
2023-01-24,Nevada,057,99092,20021,19981,2254,22235,132
2023-01-24,Orange,059,3164182,703749,702777,76068,778845,7781
2023-01-24,Placer,061,380077,80210,80107,10151,90258,679
2023-01-24,Plumas,063,18699,3816,3811,459,4270,13
2023-01-24,Riverside,065,2383286,729214,728514,41047,769561,6788
2023-01-24,Sacramento,067,1510023,366901,366562,37268,403830,3472
2023-01-24,San Benito,069,59416,17466,17434,1107,18541,115
2023-01-24,San Bernardino,071,2135413,704732,703892,34739,738631,8163
2023-01-24,San Diego,073,3302833,976421,974936,79859,1054795,5716
2023-01-24,San Francisco,075,870044,193243,192738,13180,205918,1152
2023-01-24,San Joaquin,077,732212,207911,207738,16612,224350,2391
2023-01-24,San Luis Obispo,079,281455,65867,65721,8036,73757,549
2023-01-24,San Mateo,081,765935,180553,180043,11257,191300,749
2023-01-24,Santa Barbara,083,443738,111152,110976,7578,118554,755
2023-01-24,Santa Clara,085,1922200,468681,467820,21490,489310,2655
2023-01-24,Santa Cruz,087,273765,67564,67454,3838,71292,276
2023-01-24,Shasta,089,179085,36339,36311,8249,44560,605
2023-01-24,Sierra,091,2930,311,311,61,372,5
2023-01-24,Siskiyou,093,43540,5411,5406,3424,8830,95
2023-01-24,Solano,095,438530,112509,112210,8512,120722,482
2023-01-24,Sonoma,097,501317,112455,112332,5703,118035,541
2023-01-24,Stanislaus,099,539301,143824,143769,22757,166526,1816
2023-01-24,Sutter,101,95872,25517,25478,2537,28015,237
2023-01-24,Tehama,103,63373,14392,14356,3382,17738,222
2023-01-24,Trinity,105,12862,1463,1459,503,1962,23
2023-01-24,Tulare,107,460477,127168,126918,39667,166585,1559
2023-01-24,Tuolumne,109,53932,16701,16639,981,17620,203
2023-01-24,Ventura,111,848112,219376,219015,17890,236905,1650
2023-01-24,Yolo,113,214977,49645,49563,4800,54363,435
2023-01-24,Yuba,115,75493,19879,19871,1839,21710,134
2023-01-23,Alameda,001,1643700,373563,372424,22231,394655,2125
2023-01-23,Alpine,002,1148,139,139,4,143,0
2023-01-23,Amador,005,37829,10458,10401,961,11362,97
2023-01-23,Butte,007,227075,41352,41293,10092,51385,481
2023-01-23,Calaveras,009,45235,8920,8893,636,9529,139
2023-01-23,Colusa,011,21464,3938,3925,1336,5261,22
2023-01-23,Contra Costa,013,1133247,268968,267942,22106,290048,1518
2023-01-23,Del Norte,015,27424,7801,7708,450,8158,57
2023-01-23,El Dorado,017,186661,34279,34211,4507,38718,237
2023-01-23,Fresno,019,978130,291859,288834,34315,323149,2952
2023-01-23,Glenn,021,27897,5755,5749,1997,7746,58
2023-01-23,Humboldt,023,135768,23205,23013,5790,28803,167
2023-01-23,Imperial,025,180216,69348,69148,18649,87797,969
2023-01-23,Inyo,027,18085,4727,4717,1264,5981,62
2023-01-23,Kern,029,883053,228124,227433,71401,298834,2461
2023-01-23,Kings,031,150075,62349,62192,4401,66593,470
2023-01-23,Lake,033,64148,13533,13471,1270,14741,149
2023-01-23,Lassen,035,31185,10231,10219,1061,11280,66
2023-01-23,Los Angeles,037,10098052,3460993,3451542,212747,3664289,34790
2023-01-23,Madera,039,155013,45970,45839,8800,54639,377
2023-01-23,Marin,041,260295,48423,48236,5646,53882,317
2023-01-23,Mariposa,043,17540,3337,3290,359,3649,32
2023-01-23,Mendocino,045,87422,16752,16706,4790,21496,139
2023-01-23,Merced,047,269075,75768,75414,12637,88051,883
2023-01-23,Modoc,049,8938,951,950,367,1317,11
2023-01-23,Mono,051,14174,3312,3304,299,3603,8
2023-01-23,Monterey,053,433212,97249,96993,23027,120020,784
2023-01-23,Napa,055,140530,33987,33873,1521,35394,164
2023-01-23,Nevada,057,99092,20013,19957,2253,22210,132
2023-01-23,Orange,059,3164182,703550,701534,76016,777550,7754
2023-01-23,Placer,061,380077,80191,79943,10151,90094,671
2023-01-23,Plumas,063,18699,3814,3805,459,4264,13
2023-01-23,Riverside,065,2383286,729045,727487,41008,768495,6788
2023-01-23,Sacramento,067,1510023,366789,365898,37245,403143,3454
2023-01-23,San Benito,069,59416,17460,17407,1106,18513,115
2023-01-23,San Bernardino,071,2135413,704578,702778,34722,737500,8155
2023-01-23,San Diego,073,3302833,976094,973112,79817,1052929,5703
2023-01-23,San Francisco,075,870044,193175,192280,13174,205454,1147
2023-01-23,San Joaquin,077,732212,207864,207428,16605,224033,2388
2023-01-23,San Luis Obispo,079,281455,65844,65596,8034,73630,545
2023-01-23,San Mateo,081,765935,180481,179715,11255,190970,749
2023-01-23,Santa Barbara,083,443738,111111,110772,7571,118343,752
2023-01-23,Santa Clara,085,1922200,468500,467082,21481,488563,2633
2023-01-23,Santa Cruz,087,273765,67554,67312,3833,71145,277
2023-01-23,Shasta,089,179085,36332,36230,8246,44476,603
2023-01-23,Sierra,091,2930,311,311,61,372,5
2023-01-23,Siskiyou,093,43540,5409,5400,3423,8823,95
2023-01-23,Solano,095,438530,112471,111971,8511,120482,482
2023-01-23,Sonoma,097,501317,112435,112137,5701,117838,541
2023-01-23,Stanislaus,099,539301,143789,143576,22751,166327,1813
2023-01-23,Sutter,101,95872,25514,25442,2537,27979,237
2023-01-23,Tehama,103,63373,14389,14342,3381,17723,222
2023-01-23,Trinity,105,12862,1463,1452,503,1955,23
2023-01-23,Tulare,107,460477,127134,126692,39637,166329,1554
2023-01-23,Tuolumne,109,53932,16692,16613,981,17594,205
2023-01-23,Ventura,111,848112,219307,218678,17880,236558,1640
2023-01-23,Yolo,113,214977,49631,49481,4795,54276,436
2023-01-23,Yuba,115,75493,19875,19840,1836,21676,133
2023-01-22,Alameda,001,1643700,373435,372424,22224,394648,2125
2023-01-22,Alpine,002,1148,139,139,4,143,0
2023-01-22,Amador,005,37829,10457,10401,961,11362,97
2023-01-22,Butte,007,227075,41343,41293,10089,51382,481
2023-01-22,Calaveras,009,45235,8917,8893,636,9529,139
2023-01-22,Colusa,011,21464,3937,3925,1336,5261,22
2023-01-22,Contra Costa,013,1133247,268888,267942,22092,290034,1518
2023-01-22,Del Norte,015,27424,7797,7708,450,8158,57
2023-01-22,El Dorado,017,186661,34275,34211,4507,38718,237
2023-01-22,Fresno,019,978130,291774,288834,34292,323126,2952
2023-01-22,Glenn,021,27897,5754,5749,1997,7746,58
2023-01-22,Humboldt,023,135768,23201,23013,5788,28801,167
2023-01-22,Imperial,025,180216,69330,69148,18643,87791,969
2023-01-22,Inyo,027,18085,4726,4717,1263,5980,62
2023-01-22,Kern,029,883053,228074,227433,71342,298775,2461
2023-01-22,Kings,031,150075,62321,62192,4398,66590,470
2023-01-22,Lake,033,64148,13527,13471,1269,14740,149
2023-01-22,Lassen,035,31185,10230,10219,1061,11280,66
2023-01-22,Los Angeles,037,10098052,3460023,3451542,212574,3664116,34790
2023-01-22,Madera,039,155013,45959,45839,8798,54637,377
2023-01-22,Marin,041,260295,48410,48236,5644,53880,317
2023-01-22,Mariposa,043,17540,3337,3290,359,3649,32
2023-01-22,Mendocino,045,87422,16745,16706,4790,21496,139
2023-01-22,Merced,047,269075,75736,75414,12628,88042,883
2023-01-22,Modoc,049,8938,951,950,367,1317,11
2023-01-22,Mono,051,14174,3311,3304,299,3603,8
2023-01-22,Monterey,053,433212,97226,96993,22997,119990,784
2023-01-22,Napa,055,140530,33976,33873,1521,35394,164
2023-01-22,Nevada,057,99092,20010,19957,2250,22207,132
2023-01-22,Orange,059,3164182,703365,701534,75966,777500,7754
2023-01-22,Placer,061,380077,80170,79943,10150,90093,671
2023-01-22,Plumas,063,18699,3814,3805,459,4264,13
2023-01-22,Riverside,065,2383286,728867,727487,40971,768458,6788
2023-01-22,Sacramento,067,1510023,366672,365898,37222,403120,3454
2023-01-22,San Benito,069,59416,17454,17407,1106,18513,115
2023-01-22,San Bernardino,071,2135413,704400,702778,34685,737463,8155
2023-01-22,San Diego,073,3302833,975742,973112,79743,1052855,5703
2023-01-22,San Francisco,075,870044,193105,192280,13163,205443,1147
2023-01-22,San Joaquin,077,732212,207821,207428,16594,224022,2388
2023-01-22,San Luis Obispo,079,281455,65823,65596,8028,73624,545
2023-01-22,San Mateo,081,765935,180406,179715,11248,190963,749
2023-01-22,Santa Barbara,083,443738,111068,110772,7560,118332,752
2023-01-22,Santa Clara,085,1922200,468348,467082,21465,488547,2633
2023-01-22,Santa Cruz,087,273765,67527,67312,3827,71139,277
2023-01-22,Shasta,089,179085,36329,36230,8241,44471,603
2023-01-22,Sierra,091,2930,311,311,61,372,5
2023-01-22,Siskiyou,093,43540,5408,5400,3423,8823,95
2023-01-22,Solano,095,438530,112428,111971,8507,120478,482
2023-01-22,Sonoma,097,501317,112402,112137,5698,117835,541
2023-01-22,Stanislaus,099,539301,143760,143576,22745,166321,1813
2023-01-22,Sutter,101,95872,25510,25442,2535,27977,237
2023-01-22,Tehama,103,63373,14385,14342,3378,17720,222
2023-01-22,Trinity,105,12862,1461,1452,503,1955,23
2023-01-22,Tulare,107,460477,127097,126692,39602,166294,1554
2023-01-22,Tuolumne,109,53932,16687,16613,981,17594,205
2023-01-22,Ventura,111,848112,219249,218678,17869,236547,1640
2023-01-22,Yolo,113,214977,49616,49481,4794,54275,436
2023-01-22,Yuba,115,75493,19870,19840,1836,21676,133
2023-01-21,Alameda,001,1643700,373359,372424,22221,394645,2125
2023-01-21,Alpine,002,1148,139,139,4,143,0
2023-01-21,Amador,005,37829,10456,10401,961,11362,97
2023-01-21,Butte,007,227075,41341,41293,10086,51379,481
2023-01-21,Calaveras,009,45235,8915,8893,636,9529,139
2023-01-21,Colusa,011,21464,3936,3925,1335,5260,22
2023-01-21,Contra Costa,013,1133247,268838,267942,22092,290034,1518
2023-01-21,Del Norte,015,27424,7794,7708,450,8158,57
2023-01-21,El Dorado,017,186661,34266,34211,4506,38717,237
2023-01-21,Fresno,019,978130,291737,288834,34287,323121,2952
2023-01-21,Glenn,021,27897,5754,5749,1997,7746,58
2023-01-21,Humboldt,023,135768,23199,23013,5787,28800,167
2023-01-21,Imperial,025,180216,69324,69148,18642,87790,969
2023-01-21,Inyo,027,18085,4726,4717,1263,5980,62
2023-01-21,Kern,029,883053,228038,227433,71321,298754,2461
2023-01-21,Kings,031,150075,62313,62192,4398,66590,470
2023-01-21,Lake,033,64148,13524,13471,1269,14740,149
2023-01-21,Lassen,035,31185,10230,10219,1061,11280,66
2023-01-21,Los Angeles,037,10098052,3459468,3451542,212496,3664038,34790
2023-01-21,Madera,039,155013,45953,45839,8798,54637,377
2023-01-21,Marin,041,260295,48392,48236,5642,53878,317
2023-01-21,Mariposa,043,17540,3336,3290,359,3649,32
2023-01-21,Mendocino,045,87422,16744,16706,4789,21495,139
2023-01-21,Merced,047,269075,75730,75414,12627,88041,883
2023-01-21,Modoc,049,8938,951,950,367,1317,11
2023-01-21,Mono,051,14174,3311,3304,299,3603,8
2023-01-21,Monterey,053,433212,97218,96993,22975,119968,784
2023-01-21,Napa,055,140530,33969,33873,1521,35394,164
2023-01-21,Nevada,057,99092,20009,19957,2249,22206,132
2023-01-21,Orange,059,3164182,703267,701534,75916,777450,7754
2023-01-21,Placer,061,380077,80153,79943,10150,90093,671
2023-01-21,Plumas,063,18699,3814,3805,459,4264,13
2023-01-21,Riverside,065,2383286,728785,727487,40954,768441,6788
2023-01-21,Sacramento,067,1510023,366612,365898,37218,403116,3454
2023-01-21,San Benito,069,59416,17450,17407,1104,18511,115
2023-01-21,San Bernardino,071,2135413,704304,702778,34670,737448,8155
2023-01-21,San Diego,073,3302833,975585,973112,79717,1052829,5703
2023-01-21,San Francisco,075,870044,193060,192280,13158,205438,1147
2023-01-21,San Joaquin,077,732212,207798,207428,16588,224016,2388
2023-01-21,San Luis Obispo,079,281455,65820,65596,8026,73622,545
2023-01-21,San Mateo,081,765935,180374,179715,11246,190961,749
2023-01-21,Santa Barbara,083,443738,111048,110772,7558,118330,752
2023-01-21,Santa Clara,085,1922200,468236,467082,21463,488545,2633
2023-01-21,Santa Cruz,087,273765,67520,67312,3827,71139,277
2023-01-21,Shasta,089,179085,36325,36230,8241,44471,603
2023-01-21,Sierra,091,2930,311,311,61,372,5
2023-01-21,Siskiyou,093,43540,5408,5400,3422,8822,95
2023-01-21,Solano,095,438530,112418,111971,8506,120477,482
2023-01-21,Sonoma,097,501317,112377,112137,5698,117835,541
2023-01-21,Stanislaus,099,539301,143748,143576,22744,166320,1813
2023-01-21,Sutter,101,95872,25506,25442,2535,27977,237
2023-01-21,Tehama,103,63373,14383,14342,3377,17719,222
2023-01-21,Trinity,105,12862,1461,1452,503,1955,23
2023-01-21,Tulare,107,460477,127077,126692,39592,166284,1554
2023-01-21,Tuolumne,109,53932,16682,16613,981,17594,205
2023-01-21,Ventura,111,848112,219210,218678,17865,236543,1640
2023-01-21,Yolo,113,214977,49609,49481,4794,54275,436
2023-01-21,Yuba,115,75493,19869,19840,1836,21676,133
2023-01-20,Alameda,001,1643700,373300,372424,22218,394642,2125
2023-01-20,Alpine,002,1148,139,139,4,143,0
2023-01-20,Amador,005,37829,10455,10401,960,11361,97
2023-01-20,Butte,007,227075,41340,41293,10085,51378,481
2023-01-20,Calaveras,009,45235,8914,8893,636,9529,139
2023-01-20,Colusa,011,21464,3936,3925,1335,5260,22
2023-01-20,Contra Costa,013,1133247,268787,267942,22091,290033,1518
2023-01-20,Del Norte,015,27424,7794,7708,449,8157,57
2023-01-20,El Dorado,017,186661,34260,34211,4505,38716,237
2023-01-20,Fresno,019,978130,291684,288834,34281,323115,2952
2023-01-20,Glenn,021,27897,5754,5749,1996,7745,58
2023-01-20,Humboldt,023,135768,23196,23013,5785,28798,167
2023-01-20,Imperial,025,180216,69318,69148,18640,87788,969
2023-01-20,Inyo,027,18085,4725,4717,1263,5980,62
2023-01-20,Kern,029,883053,228010,227433,71298,298731,2461
2023-01-20,Kings,031,150075,62301,62192,4398,66590,470
2023-01-20,Lake,033,64148,13524,13471,1269,14740,149
2023-01-20,Lassen,035,31185,10230,10219,1061,11280,66
2023-01-20,Los Angeles,037,10098052,3458959,3451542,212415,3663957,34790
2023-01-20,Madera,039,155013,45947,45839,8798,54637,377
2023-01-20,Marin,041,260295,48382,48236,5642,53878,317
2023-01-20,Mariposa,043,17540,3334,3290,359,3649,32
2023-01-20,Mendocino,045,87422,16742,16706,4789,21495,139
2023-01-20,Merced,047,269075,75721,75414,12625,88039,883
2023-01-20,Modoc,049,8938,951,950,367,1317,11
2023-01-20,Mono,051,14174,3311,3304,299,3603,8
2023-01-20,Monterey,053,433212,97205,96993,22956,119949,784
2023-01-20,Napa,055,140530,33962,33873,1521,35394,164
2023-01-20,Nevada,057,99092,20006,19957,2249,22206,132
2023-01-20,Orange,059,3164182,703143,701534,75885,777419,7754
2023-01-20,Placer,061,380077,80142,79943,10150,90093,671
2023-01-20,Plumas,063,18699,3813,3805,459,4264,13
2023-01-20,Riverside,065,2383286,728676,727487,40935,768422,6788
2023-01-20,Sacramento,067,1510023,366566,365898,37215,403113,3454
2023-01-20,San Benito,069,59416,17449,17407,1104,18511,115
2023-01-20,San Bernardino,071,2135413,704201,702778,34660,737438,8155
2023-01-20,San Diego,073,3302833,975394,973112,79692,1052804,5703
2023-01-20,San Francisco,075,870044,193018,192280,13146,205426,1147
2023-01-20,San Joaquin,077,732212,207780,207428,16584,224012,2388
2023-01-20,San Luis Obispo,079,281455,65813,65596,8024,73620,545
2023-01-20,San Mateo,081,765935,180348,179715,11245,190960,749
2023-01-20,Santa Barbara,083,443738,111031,110772,7556,118328,752
2023-01-20,Santa Clara,085,1922200,468125,467082,21457,488539,2633
2023-01-20,Santa Cruz,087,273765,67499,67312,3827,71139,277
2023-01-20,Shasta,089,179085,36324,36230,8238,44468,603
2023-01-20,Sierra,091,2930,311,311,61,372,5
2023-01-20,Siskiyou,093,43540,5407,5400,3422,8822,95
2023-01-20,Solano,095,438530,112400,111971,8503,120474,482
2023-01-20,Sonoma,097,501317,112362,112137,5698,117835,541
2023-01-20,Stanislaus,099,539301,143725,143576,22742,166318,1813
2023-01-20,Sutter,101,95872,25503,25442,2535,27977,237
2023-01-20,Tehama,103,63373,14381,14342,3376,17718,222
2023-01-20,Trinity,105,12862,1461,1452,503,1955,23
2023-01-20,Tulare,107,460477,127054,126692,39580,166272,1554
2023-01-20,Tuolumne,109,53932,16675,16613,981,17594,205
2023-01-20,Ventura,111,848112,219175,218678,17861,236539,1640
2023-01-20,Yolo,113,214977,49598,49481,4793,54274,436
2023-01-20,Yuba,115,75493,19867,19840,1836,21676,133
2023-01-19,Alameda,001,1643700,373198,372424,22210,394634,2125
2023-01-19,Alpine,002,1148,139,139,4,143,0
2023-01-19,Amador,005,37829,10453,10401,960,11361,97
2023-01-19,Butte,007,227075,41334,41293,10079,51372,481
2023-01-19,Calaveras,009,45235,8914,8893,636,9529,139
2023-01-19,Colusa,011,21464,3934,3925,1335,5260,22
2023-01-19,Contra Costa,013,1133247,268719,267942,22084,290026,1518
2023-01-19,Del Norte,015,27424,7790,7708,449,8157,57
2023-01-19,El Dorado,017,186661,34256,34211,4503,38714,237
2023-01-19,Fresno,019,978130,291617,288834,34275,323109,2952
2023-01-19,Glenn,021,27897,5754,5749,1996,7745,58
2023-01-19,Humboldt,023,135768,23190,23013,5780,28793,167
2023-01-19,Imperial,025,180216,69307,69148,18639,87787,969
2023-01-19,Inyo,027,18085,4724,4717,1262,5979,62
2023-01-19,Kern,029,883053,227962,227433,71238,298671,2461
2023-01-19,Kings,031,150075,62284,62192,4395,66587,470
2023-01-19,Lake,033,64148,13522,13471,1269,14740,149
2023-01-19,Lassen,035,31185,10230,10219,1061,11280,66
2023-01-19,Los Angeles,037,10098052,3458193,3451542,212310,3663852,34790
2023-01-19,Madera,039,155013,45937,45839,8797,54636,377
2023-01-19,Marin,041,260295,48364,48236,5642,53878,317
2023-01-19,Mariposa,043,17540,3333,3290,359,3649,32
2023-01-19,Mendocino,045,87422,16740,16706,4789,21495,139
2023-01-19,Merced,047,269075,75703,75414,12622,88036,883
2023-01-19,Modoc,049,8938,950,950,366,1316,11
2023-01-19,Mono,051,14174,3311,3304,298,3602,8
2023-01-19,Monterey,053,433212,97191,96993,22938,119931,784
2023-01-19,Napa,055,140530,33954,33873,1521,35394,164
2023-01-19,Nevada,057,99092,20005,19957,2249,22206,132
2023-01-19,Orange,059,3164182,702978,701534,75831,777365,7754
2023-01-19,Placer,061,380077,80120,79943,10150,90093,671
2023-01-19,Plumas,063,18699,3813,3805,459,4264,13
2023-01-19,Riverside,065,2383286,728530,727487,40902,768389,6788
2023-01-19,Sacramento,067,1510023,366476,365898,37201,403099,3454
2023-01-19,San Benito,069,59416,17446,17407,1103,18510,115
2023-01-19,San Bernardino,071,2135413,704072,702778,34643,737421,8155
2023-01-19,San Diego,073,3302833,975149,973112,79634,1052746,5703
2023-01-19,San Francisco,075,870044,192943,192280,13138,205418,1147
2023-01-19,San Joaquin,077,732212,207744,207428,16575,224003,2388
2023-01-19,San Luis Obispo,079,281455,65797,65596,8019,73615,545
2023-01-19,San Mateo,081,765935,180298,179715,11242,190957,749
2023-01-19,Santa Barbara,083,443738,111006,110772,7555,118327,752
2023-01-19,Santa Clara,085,1922200,468002,467082,21447,488529,2633
2023-01-19,Santa Cruz,087,273765,67485,67312,3827,71139,277
2023-01-19,Shasta,089,179085,36322,36230,8237,44467,603
2023-01-19,Sierra,091,2930,311,311,61,372,5
2023-01-19,Siskiyou,093,43540,5405,5400,3422,8822,95
2023-01-19,Solano,095,438530,112360,111971,8500,120471,482
2023-01-19,Sonoma,097,501317,112338,112137,5698,117835,541
2023-01-19,Stanislaus,099,539301,143699,143576,22705,166281,1813
2023-01-19,Sutter,101,95872,25500,25442,2535,27977,237
2023-01-19,Tehama,103,63373,14379,14342,3376,17718,222
2023-01-19,Trinity,105,12862,1461,1452,503,1955,23
2023-01-19,Tulare,107,460477,127022,126692,39557,166249,1554
2023-01-19,Tuolumne,109,53932,16670,16613,981,17594,205
2023-01-19,Ventura,111,848112,219122,218678,17847,236525,1640
2023-01-19,Yolo,113,214977,49590,49481,4792,54273,436
2023-01-19,Yuba,115,75493,19864,19840,1835,21675,133
2023-01-18,Alameda,001,1643700,373082,372424,22200,394624,2125
2023-01-18,Alpine,002,1148,139,139,4,143,0
2023-01-18,Amador,005,37829,10439,10401,960,11361,97
2023-01-18,Butte,007,227075,41327,41293,10072,51365,481
2023-01-18,Calaveras,009,45235,8910,8893,636,9529,139
2023-01-18,Colusa,011,21464,3930,3925,1335,5260,22
2023-01-18,Contra Costa,013,1133247,268632,267942,22080,290022,1518
2023-01-18,Del Norte,015,27424,7785,7708,442,8150,57
2023-01-18,El Dorado,017,186661,34252,34211,4503,38714,237
2023-01-18,Fresno,019,978130,291568,288834,34261,323095,2952
2023-01-18,Glenn,021,27897,5753,5749,1996,7745,58
2023-01-18,Humboldt,023,135768,23187,23013,5774,28787,167
2023-01-18,Imperial,025,180216,69293,69148,18637,87785,969
2023-01-18,Inyo,027,18085,4724,4717,1259,5976,62
2023-01-18,Kern,029,883053,227912,227433,71198,298631,2461
2023-01-18,Kings,031,150075,62269,62192,4394,66586,470
2023-01-18,Lake,033,64148,13519,13471,1269,14740,149
2023-01-18,Lassen,035,31185,10230,10219,1060,11279,66
2023-01-18,Los Angeles,037,10098052,3457389,3451542,212158,3663700,34790
2023-01-18,Madera,039,155013,45929,45839,8797,54636,377
2023-01-18,Marin,041,260295,48347,48236,5641,53877,317
2023-01-18,Mariposa,043,17540,3332,3290,359,3649,32
2023-01-18,Mendocino,045,87422,16738,16706,4784,21490,139
2023-01-18,Merced,047,269075,75683,75414,12622,88036,883
2023-01-18,Modoc,049,8938,950,950,366,1316,11
2023-01-18,Mono,051,14174,3311,3304,298,3602,8
2023-01-18,Monterey,053,433212,97171,96993,22922,119915,784
2023-01-18,Napa,055,140530,33939,33873,1520,35393,164
2023-01-18,Nevada,057,99092,20001,19957,2248,22205,132
2023-01-18,Orange,059,3164182,702791,701534,75788,777322,7754
2023-01-18,Placer,061,380077,80096,79943,10148,90091,671
2023-01-18,Plumas,063,18699,3812,3805,459,4264,13
2023-01-18,Riverside,065,2383286,728390,727487,40886,768373,6788
2023-01-18,Sacramento,067,1510023,366408,365898,37181,403079,3454
2023-01-18,San Benito,069,59416,17442,17407,1103,18510,115
2023-01-18,San Bernardino,071,2135413,703961,702778,34628,737406,8155
2023-01-18,San Diego,073,3302833,974835,973112,79581,1052693,5703
2023-01-18,San Francisco,075,870044,192875,192280,13136,205416,1147
2023-01-18,San Joaquin,077,732212,207704,207428,16571,223999,2388
2023-01-18,San Luis Obispo,079,281455,65780,65596,8011,73607,545
2023-01-18,San Mateo,081,765935,180245,179715,11239,190954,749
2023-01-18,Santa Barbara,083,443738,110975,110772,7542,118314,752
2023-01-18,Santa Clara,085,1922200,467848,467082,21439,488521,2633
2023-01-18,Santa Cruz,087,273765,67475,67312,3824,71136,277
2023-01-18,Shasta,089,179085,36317,36230,8235,44465,603
2023-01-18,Sierra,091,2930,311,311,61,372,5
2023-01-18,Siskiyou,093,43540,5404,5400,3422,8822,95
2023-01-18,Solano,095,438530,112325,111971,8500,120471,482
2023-01-18,Sonoma,097,501317,112311,112137,5694,117831,541
2023-01-18,Stanislaus,099,539301,143669,143576,22703,166279,1813
2023-01-18,Sutter,101,95872,25489,25442,2533,27975,237
2023-01-18,Tehama,103,63373,14378,14342,3373,17715,222
2023-01-18,Trinity,105,12862,1460,1452,503,1955,23
2023-01-18,Tulare,107,460477,126995,126692,39529,166221,1554
2023-01-18,Tuolumne,109,53932,16665,16613,981,17594,205
2023-01-18,Ventura,111,848112,219058,218678,17837,236515,1640
2023-01-18,Yolo,113,214977,49577,49481,4791,54272,436
2023-01-18,Yuba,115,75493,19856,19840,1835,21675,133
2023-01-17,Alameda,001,1643700,372969,372424,22190,394614,2125
2023-01-17,Alpine,002,1148,139,139,4,143,0
2023-01-17,Amador,005,37829,10432,10401,959,11360,97
2023-01-17,Butte,007,227075,41323,41293,10069,51362,481
2023-01-17,Calaveras,009,45235,8908,8893,636,9529,139
2023-01-17,Colusa,011,21464,3929,3925,1335,5260,22
2023-01-17,Contra Costa,013,1133247,268542,267942,22072,290014,1518
2023-01-17,Del Norte,015,27424,7780,7708,442,8150,57
2023-01-17,El Dorado,017,186661,34247,34211,4501,38712,237
2023-01-17,Fresno,019,978130,291503,288834,34250,323084,2952
2023-01-17,Glenn,021,27897,5753,5749,1996,7745,58
2023-01-17,Humboldt,023,135768,23180,23013,5772,28785,167
2023-01-17,Imperial,025,180216,69274,69148,18635,87783,969
2023-01-17,Inyo,027,18085,4723,4717,1252,5969,62
2023-01-17,Kern,029,883053,227869,227433,71153,298586,2461
2023-01-17,Kings,031,150075,62252,62192,4391,66583,470
2023-01-17,Lake,033,64148,13515,13471,1269,14740,149
2023-01-17,Lassen,035,31185,10228,10219,1060,11279,66
2023-01-17,Los Angeles,037,10098052,3456527,3451542,212005,3663547,34790
2023-01-17,Madera,039,155013,45926,45839,8796,54635,377
2023-01-17,Marin,041,260295,48331,48236,5639,53875,317
2023-01-17,Mariposa,043,17540,3332,3290,359,3649,32
2023-01-17,Mendocino,045,87422,16736,16706,4775,21481,139
2023-01-17,Merced,047,269075,75667,75414,12616,88030,883
2023-01-17,Modoc,049,8938,950,950,366,1316,11
2023-01-17,Mono,051,14174,3308,3304,298,3602,8
2023-01-17,Monterey,053,433212,97160,96993,22914,119907,784
2023-01-17,Napa,055,140530,33925,33873,1520,35393,164
2023-01-17,Nevada,057,99092,19999,19957,2248,22205,132
2023-01-17,Orange,059,3164182,702601,701534,75722,777256,7754
2023-01-17,Placer,061,380077,80079,79943,10147,90090,671
2023-01-17,Plumas,063,18699,3809,3805,459,4264,13
2023-01-17,Riverside,065,2383286,728228,727487,40862,768349,6788
2023-01-17,Sacramento,067,1510023,366294,365898,37169,403067,3454
2023-01-17,San Benito,069,59416,17439,17407,1102,18509,115
2023-01-17,San Bernardino,071,2135413,703775,702778,34593,737371,8155
2023-01-17,San Diego,073,3302833,974497,973112,79528,1052640,5703
2023-01-17,San Francisco,075,870044,192805,192280,13133,205413,1147
2023-01-17,San Joaquin,077,732212,207664,207428,16568,223996,2388
2023-01-17,San Luis Obispo,079,281455,65764,65596,8008,73604,545
2023-01-17,San Mateo,081,765935,180188,179715,11239,190954,749
2023-01-17,Santa Barbara,083,443738,110934,110772,7538,118310,752
2023-01-17,Santa Clara,085,1922200,467688,467082,21418,488500,2633
2023-01-17,Santa Cruz,087,273765,67457,67312,3822,71134,277
2023-01-17,Shasta,089,179085,36313,36230,8234,44464,603
2023-01-17,Sierra,091,2930,311,311,61,372,5
2023-01-17,Siskiyou,093,43540,5404,5400,3422,8822,95
2023-01-17,Solano,095,438530,112278,111971,8496,120467,482
2023-01-17,Sonoma,097,501317,112269,112137,5693,117830,541
2023-01-17,Stanislaus,099,539301,143644,143576,22700,166276,1813
2023-01-17,Sutter,101,95872,25479,25442,2533,27975,237
2023-01-17,Tehama,103,63373,14377,14342,3373,17715,222
2023-01-17,Trinity,105,12862,1459,1452,502,1954,23
2023-01-17,Tulare,107,460477,126949,126692,39509,166201,1554
2023-01-17,Tuolumne,109,53932,16661,16613,981,17594,205
2023-01-17,Ventura,111,848112,219004,218678,17826,236504,1640
2023-01-17,Yolo,113,214977,49564,49481,4787,54268,436
2023-01-17,Yuba,115,75493,19850,19840,1834,21674,133
2023-01-16,Alameda,001,1643700,372831,371533,22174,393707,2112
2023-01-16,Alpine,002,1148,139,139,4,143,0
2023-01-16,Amador,005,37829,10424,10384,959,11343,96
2023-01-16,Butte,007,227075,41310,41228,10065,51293,478
2023-01-16,Calaveras,009,45235,8905,8878,636,9514,138
2023-01-16,Colusa,011,21464,3928,3919,1333,5252,22
2023-01-16,Contra Costa,013,1133247,268461,267212,22063,289275,1505
2023-01-16,Del Norte,015,27424,7779,7700,441,8141,57
2023-01-16,El Dorado,017,186661,34240,34153,4499,38652,236
2023-01-16,Fresno,019,978130,291420,287748,34242,321990,2940
2023-01-16,Glenn,021,27897,5752,5747,1996,7743,58
2023-01-16,Humboldt,023,135768,23172,22986,5769,28755,166
2023-01-16,Imperial,025,180216,69265,69018,18626,87644,964
2023-01-16,Inyo,027,18085,4722,4709,1252,5961,62
2023-01-16,Kern,029,883053,227823,226971,71097,298068,2457
2023-01-16,Kings,031,150075,62241,62044,4387,66431,469
2023-01-16,Lake,033,64148,13505,13448,1269,14717,149
2023-01-16,Lassen,035,31185,10226,10212,1058,11270,66
2023-01-16,Los Angeles,037,10098052,3455432,3443850,211805,3655655,34651
2023-01-16,Madera,039,155013,45919,45761,8792,54553,377
2023-01-16,Marin,041,260295,48315,48130,5634,53764,317
2023-01-16,Mariposa,043,17540,3330,3285,359,3644,32
2023-01-16,Mendocino,045,87422,16732,16682,4773,21455,137
2023-01-16,Merced,047,269075,75642,75253,12614,87867,883
2023-01-16,Modoc,049,8938,950,946,366,1312,11
2023-01-16,Mono,051,14174,3307,3299,298,3597,8
2023-01-16,Monterey,053,433212,97143,96874,22904,119778,781
2023-01-16,Napa,055,140530,33909,33808,1520,35328,165
2023-01-16,Nevada,057,99092,19993,19927,2247,22174,132
2023-01-16,Orange,059,3164182,702394,699881,75672,775553,7723
2023-01-16,Placer,061,380077,80053,79766,10143,89909,671
2023-01-16,Plumas,063,18699,3809,3804,458,4262,13
2023-01-16,Riverside,065,2383286,728036,725898,40825,766723,6761
2023-01-16,Sacramento,067,1510023,366198,365352,37139,402491,3434
2023-01-16,San Benito,069,59416,17433,17378,1102,18480,115
2023-01-16,San Bernardino,071,2135413,703557,701674,34574,736248,8146
2023-01-16,San Diego,073,3302833,974065,970800,79472,1050272,5681
2023-01-16,San Francisco,075,870044,192725,191765,13130,204895,1123
2023-01-16,San Joaquin,077,732212,207624,207038,16562,223600,2378
2023-01-16,San Luis Obispo,079,281455,65735,65502,8002,73504,539
2023-01-16,San Mateo,081,765935,180133,179319,11234,190553,749
2023-01-16,Santa Barbara,083,443738,110902,110537,7529,118066,750
2023-01-16,Santa Clara,085,1922200,467483,465994,21405,487399,2601
2023-01-16,Santa Cruz,087,273765,67432,67144,3819,70963,276
2023-01-16,Shasta,089,179085,36309,36179,8232,44411,604
2023-01-16,Sierra,091,2930,311,311,61,372,5
2023-01-16,Siskiyou,093,43540,5403,5384,3422,8806,95
2023-01-16,Solano,095,438530,112243,111700,8494,120194,479
2023-01-16,Sonoma,097,501317,112234,111955,5691,117646,542
2023-01-16,Stanislaus,099,539301,143610,143318,22695,166013,1800
2023-01-16,Sutter,101,95872,25473,25392,2533,27925,237
2023-01-16,Tehama,103,63373,14375,14320,3373,17693,221
2023-01-16,Trinity,105,12862,1459,1448,502,1950,23
2023-01-16,Tulare,107,460477,126915,126451,39484,165935,1552
2023-01-16,Tuolumne,109,53932,16656,16552,981,17533,209
2023-01-16,Ventura,111,848112,218940,218234,17814,236048,1632
2023-01-16,Yolo,113,214977,49547,49393,4778,54171,433
2023-01-16,Yuba,115,75493,19846,19804,1831,21635,132
2023-01-15,Alameda,001,1643700,372715,371533,22171,393704,2112
2023-01-15,Alpine,002,1148,139,139,4,143,0
2023-01-15,Amador,005,37829,10422,10384,959,11343,96
2023-01-15,Butte,007,227075,41304,41228,10062,51290,478
2023-01-15,Calaveras,009,45235,8905,8878,636,9514,138
2023-01-15,Colusa,011,21464,3927,3919,1333,5252,22
2023-01-15,Contra Costa,013,1133247,268393,267212,22061,289273,1505
2023-01-15,Del Norte,015,27424,7777,7700,440,8140,57
2023-01-15,El Dorado,017,186661,34230,34153,4499,38652,236
2023-01-15,Fresno,019,978130,291363,287748,34224,321972,2940
2023-01-15,Glenn,021,27897,5751,5747,1996,7743,58
2023-01-15,Humboldt,023,135768,23169,22986,5766,28752,166
2023-01-15,Imperial,025,180216,69251,69018,18613,87631,964
2023-01-15,Inyo,027,18085,4721,4709,1248,5957,62
2023-01-15,Kern,029,883053,227758,226971,71052,298023,2457
2023-01-15,Kings,031,150075,62226,62044,4387,66431,469
2023-01-15,Lake,033,64148,13503,13448,1269,14717,149
2023-01-15,Lassen,035,31185,10225,10212,1058,11270,66
2023-01-15,Los Angeles,037,10098052,3454652,3443850,211630,3655480,34651
2023-01-15,Madera,039,155013,45911,45761,8792,54553,377
2023-01-15,Marin,041,260295,48288,48130,5631,53761,317
2023-01-15,Mariposa,043,17540,3329,3285,359,3644,32
2023-01-15,Mendocino,045,87422,16729,16682,4773,21455,137
2023-01-15,Merced,047,269075,75626,75253,12613,87866,883
2023-01-15,Modoc,049,8938,949,946,366,1312,11
2023-01-15,Mono,051,14174,3306,3299,298,3597,8
2023-01-15,Monterey,053,433212,97127,96874,22893,119767,781
2023-01-15,Napa,055,140530,33901,33808,1520,35328,165
2023-01-15,Nevada,057,99092,19987,19927,2245,22172,132
2023-01-15,Orange,059,3164182,702179,699881,75604,775485,7723
2023-01-15,Placer,061,380077,80031,79766,10142,89908,671
2023-01-15,Plumas,063,18699,3808,3804,458,4262,13
2023-01-15,Riverside,065,2383286,727863,725898,40803,766701,6761
2023-01-15,Sacramento,067,1510023,366124,365352,37130,402482,3434
2023-01-15,San Benito,069,59416,17430,17378,1102,18480,115
2023-01-15,San Bernardino,071,2135413,703416,701674,34559,736233,8146
2023-01-15,San Diego,073,3302833,973817,970800,79431,1050231,5681
2023-01-15,San Francisco,075,870044,192658,191765,13124,204889,1123
2023-01-15,San Joaquin,077,732212,207578,207038,16558,223596,2378
2023-01-15,San Luis Obispo,079,281455,65719,65502,8000,73502,539
2023-01-15,San Mateo,081,765935,180087,179319,11229,190548,749
2023-01-15,Santa Barbara,083,443738,110865,110537,7527,118064,750
2023-01-15,Santa Clara,085,1922200,467370,465994,21400,487394,2601
2023-01-15,Santa Cruz,087,273765,67402,67144,3818,70962,276
2023-01-15,Shasta,089,179085,36305,36179,8231,44410,604
2023-01-15,Sierra,091,2930,311,311,61,372,5
2023-01-15,Siskiyou,093,43540,5402,5384,3422,8806,95
2023-01-15,Solano,095,438530,112216,111700,8491,120191,479
2023-01-15,Sonoma,097,501317,112202,111955,5691,117646,542
2023-01-15,Stanislaus,099,539301,143580,143318,22695,166013,1800
2023-01-15,Sutter,101,95872,25466,25392,2533,27925,237
2023-01-15,Tehama,103,63373,14375,14320,3372,17692,221
2023-01-15,Trinity,105,12862,1459,1448,502,1950,23
2023-01-15,Tulare,107,460477,126857,126451,39461,165912,1552
2023-01-15,Tuolumne,109,53932,16651,16552,981,17533,209
2023-01-15,Ventura,111,848112,218892,218234,17804,236038,1632
2023-01-15,Yolo,113,214977,49537,49393,4778,54171,433
2023-01-15,Yuba,115,75493,19843,19804,1831,21635,132
2023-01-14,Alameda,001,1643700,372629,371533,22166,393699,2112
2023-01-14,Alpine,002,1148,139,139,4,143,0
2023-01-14,Amador,005,37829,10418,10384,959,11343,96
2023-01-14,Butte,007,227075,41301,41228,10058,51286,478
2023-01-14,Calaveras,009,45235,8903,8878,635,9513,138
2023-01-14,Colusa,011,21464,3926,3919,1333,5252,22
2023-01-14,Contra Costa,013,1133247,268330,267212,22058,289270,1505
2023-01-14,Del Norte,015,27424,7776,7700,440,8140,57
2023-01-14,El Dorado,017,186661,34223,34153,4498,38651,236
2023-01-14,Fresno,019,978130,291321,287748,34217,321965,2940
2023-01-14,Glenn,021,27897,5751,5747,1996,7743,58
2023-01-14,Humboldt,023,135768,23167,22986,5763,28749,166
2023-01-14,Imperial,025,180216,69236,69018,18613,87631,964
2023-01-14,Inyo,027,18085,4719,4709,1248,5957,62
2023-01-14,Kern,029,883053,227722,226971,71019,297990,2457
2023-01-14,Kings,031,150075,62217,62044,4386,66430,469
2023-01-14,Lake,033,64148,13501,13448,1269,14717,149
2023-01-14,Lassen,035,31185,10225,10212,1058,11270,66
2023-01-14,Los Angeles,037,10098052,3454063,3443850,211537,3655387,34651
2023-01-14,Madera,039,155013,45908,45761,8791,54552,377
2023-01-14,Marin,041,260295,48276,48130,5630,53760,317
2023-01-14,Mariposa,043,17540,3328,3285,359,3644,32
2023-01-14,Mendocino,045,87422,16725,16682,4773,21455,137
2023-01-14,Merced,047,269075,75612,75253,12613,87866,883
2023-01-14,Modoc,049,8938,949,946,365,1311,11
2023-01-14,Mono,051,14174,3305,3299,298,3597,8
2023-01-14,Monterey,053,433212,97117,96874,22889,119763,781
2023-01-14,Napa,055,140530,33895,33808,1520,35328,165
2023-01-14,Nevada,057,99092,19987,19927,2243,22170,132
2023-01-14,Orange,059,3164182,702050,699881,75566,775447,7723
2023-01-14,Placer,061,380077,80021,79766,10141,89907,671
2023-01-14,Plumas,063,18699,3808,3804,458,4262,13
2023-01-14,Riverside,065,2383286,727759,725898,40785,766683,6761
2023-01-14,Sacramento,067,1510023,366074,365352,37124,402476,3434
2023-01-14,San Benito,069,59416,17425,17378,1102,18480,115
2023-01-14,San Bernardino,071,2135413,703322,701674,34546,736220,8146
2023-01-14,San Diego,073,3302833,973623,970800,79413,1050213,5681
2023-01-14,San Francisco,075,870044,192615,191765,13123,204888,1123
2023-01-14,San Joaquin,077,732212,207554,207038,16558,223596,2378
2023-01-14,San Luis Obispo,079,281455,65713,65502,7996,73498,539
2023-01-14,San Mateo,081,765935,180059,179319,11225,190544,749
2023-01-14,Santa Barbara,083,443738,110838,110537,7524,118061,750
2023-01-14,Santa Clara,085,1922200,467284,465994,21389,487383,2601
2023-01-14,Santa Cruz,087,273765,67395,67144,3814,70958,276
2023-01-14,Shasta,089,179085,36302,36179,8231,44410,604
2023-01-14,Sierra,091,2930,311,311,61,372,5
2023-01-14,Siskiyou,093,43540,5402,5384,3422,8806,95
2023-01-14,Solano,095,438530,112207,111700,8488,120188,479
2023-01-14,Sonoma,097,501317,112191,111955,5691,117646,542
2023-01-14,Stanislaus,099,539301,143558,143318,22692,166010,1800
2023-01-14,Sutter,101,95872,25463,25392,2533,27925,237
2023-01-14,Tehama,103,63373,14370,14320,3372,17692,221
2023-01-14,Trinity,105,12862,1459,1448,502,1950,23
2023-01-14,Tulare,107,460477,126836,126451,39453,165904,1552
2023-01-14,Tuolumne,109,53932,16648,16552,979,17531,209
2023-01-14,Ventura,111,848112,218853,218234,17798,236032,1632
2023-01-14,Yolo,113,214977,49523,49393,4776,54169,433
2023-01-14,Yuba,115,75493,19841,19804,1830,21634,132
2023-01-13,Alameda,001,1643700,372540,371533,22158,393691,2112
2023-01-13,Alpine,002,1148,139,139,4,143,0
2023-01-13,Amador,005,37829,10416,10384,959,11343,96
2023-01-13,Butte,007,227075,41297,41228,10053,51281,478
2023-01-13,Calaveras,009,45235,8902,8878,635,9513,138
2023-01-13,Colusa,011,21464,3925,3919,1333,5252,22
2023-01-13,Contra Costa,013,1133247,268267,267212,22056,289268,1505
2023-01-13,Del Norte,015,27424,7775,7700,440,8140,57
2023-01-13,El Dorado,017,186661,34218,34153,4498,38651,236
2023-01-13,Fresno,019,978130,291279,287748,34210,321958,2940
2023-01-13,Glenn,021,27897,5751,5747,1996,7743,58
2023-01-13,Humboldt,023,135768,23166,22986,5762,28748,166
2023-01-13,Imperial,025,180216,69226,69018,18609,87627,964
2023-01-13,Inyo,027,18085,4718,4709,1246,5955,62
2023-01-13,Kern,029,883053,227689,226971,70988,297959,2457
2023-01-13,Kings,031,150075,62203,62044,4386,66430,469
2023-01-13,Lake,033,64148,13501,13448,1269,14717,149
2023-01-13,Lassen,035,31185,10225,10212,1058,11270,66
2023-01-13,Los Angeles,037,10098052,3453491,3443850,211450,3655300,34651
2023-01-13,Madera,039,155013,45900,45761,8791,54552,377
2023-01-13,Marin,041,260295,48263,48130,5627,53757,317
2023-01-13,Mariposa,043,17540,3326,3285,359,3644,32
2023-01-13,Mendocino,045,87422,16722,16682,4773,21455,137
2023-01-13,Merced,047,269075,75604,75253,12613,87866,883
2023-01-13,Modoc,049,8938,949,946,365,1311,11
2023-01-13,Mono,051,14174,3304,3299,298,3597,8
2023-01-13,Monterey,053,433212,97098,96874,22883,119757,781
2023-01-13,Napa,055,140530,33884,33808,1519,35327,165
2023-01-13,Nevada,057,99092,19984,19927,2242,22169,132
2023-01-13,Orange,059,3164182,701933,699881,75524,775405,7723
2023-01-13,Placer,061,380077,80003,79766,10141,89907,671
2023-01-13,Plumas,063,18699,3807,3804,458,4262,13
2023-01-13,Riverside,065,2383286,727656,725898,40770,766668,6761
2023-01-13,Sacramento,067,1510023,366011,365352,37119,402471,3434
2023-01-13,San Benito,069,59416,17424,17378,1101,18479,115
2023-01-13,San Bernardino,071,2135413,703232,701674,34538,736212,8146
2023-01-13,San Diego,073,3302833,973433,970800,79383,1050183,5681
2023-01-13,San Francisco,075,870044,192573,191765,13121,204886,1123
2023-01-13,San Joaquin,077,732212,207519,207038,16557,223595,2378
2023-01-13,San Luis Obispo,079,281455,65698,65502,7996,73498,539
2023-01-13,San Mateo,081,765935,180003,179319,11220,190539,749
2023-01-13,Santa Barbara,083,443738,110821,110537,7523,118060,750
2023-01-13,Santa Clara,085,1922200,467172,465994,21386,487380,2601
2023-01-13,Santa Cruz,087,273765,67376,67144,3814,70958,276
2023-01-13,Shasta,089,179085,36301,36179,8230,44409,604
2023-01-13,Sierra,091,2930,311,311,61,372,5
2023-01-13,Siskiyou,093,43540,5400,5384,3422,8806,95
2023-01-13,Solano,095,438530,112180,111700,8482,120182,479
2023-01-13,Sonoma,097,501317,112170,111955,5691,117646,542
2023-01-13,Stanislaus,099,539301,143536,143318,22689,166007,1800
2023-01-13,Sutter,101,95872,25461,25392,2533,27925,237
2023-01-13,Tehama,103,63373,14370,14320,3371,17691,221
2023-01-13,Trinity,105,12862,1458,1448,502,1950,23
2023-01-13,Tulare,107,460477,126806,126451,39438,165889,1552
2023-01-13,Tuolumne,109,53932,16637,16552,979,17531,209
2023-01-13,Ventura,111,848112,218813,218234,17793,236027,1632
2023-01-13,Yolo,113,214977,49512,49393,4774,54167,433
2023-01-13,Yuba,115,75493,19839,19804,1830,21634,132
2023-01-12,Alameda,001,1643700,372409,371533,22146,393679,2112
2023-01-12,Alpine,002,1148,139,139,4,143,0
2023-01-12,Amador,005,37829,10413,10384,959,11343,96
2023-01-12,Butte,007,227075,41288,41228,10051,51279,478
2023-01-12,Calaveras,009,45235,8900,8878,635,9513,138
2023-01-12,Colusa,011,21464,3924,3919,1333,5252,22
2023-01-12,Contra Costa,013,1133247,268174,267212,22051,289263,1505
2023-01-12,Del Norte,015,27424,7773,7700,440,8140,57
2023-01-12,El Dorado,017,186661,34210,34153,4495,38648,236
2023-01-12,Fresno,019,978130,291221,287748,34196,321944,2940
2023-01-12,Glenn,021,27897,5751,5747,1996,7743,58
2023-01-12,Humboldt,023,135768,23158,22986,5762,28748,166
2023-01-12,Imperial,025,180216,69209,69018,18604,87622,964
2023-01-12,Inyo,027,18085,4716,4709,1244,5953,62
2023-01-12,Kern,029,883053,227614,226971,70948,297919,2457
2023-01-12,Kings,031,150075,62186,62044,4383,66427,469
2023-01-12,Lake,033,64148,13498,13448,1268,14716,149
2023-01-12,Lassen,035,31185,10224,10212,1058,11270,66
2023-01-12,Los Angeles,037,10098052,3452595,3443850,211318,3655168,34651
2023-01-12,Madera,039,155013,45884,45761,8791,54552,377
2023-01-12,Marin,041,260295,48246,48130,5623,53753,317
2023-01-12,Mariposa,043,17540,3324,3285,358,3643,32
2023-01-12,Mendocino,045,87422,16719,16682,4773,21455,137
2023-01-12,Merced,047,269075,75584,75253,12610,87863,883
2023-01-12,Modoc,049,8938,949,946,365,1311,11
2023-01-12,Mono,051,14174,3303,3299,298,3597,8
2023-01-12,Monterey,053,433212,97086,96874,22865,119739,781
2023-01-12,Napa,055,140530,33875,33808,1519,35327,165
2023-01-12,Nevada,057,99092,19981,19927,2241,22168,132
2023-01-12,Orange,059,3164182,701705,699881,75474,775355,7723
2023-01-12,Placer,061,380077,79968,79766,10141,89907,671
2023-01-12,Plumas,063,18699,3807,3804,458,4262,13
2023-01-12,Riverside,065,2383286,727473,725898,40733,766631,6761
2023-01-12,Sacramento,067,1510023,365936,365352,37100,402452,3434
2023-01-12,San Benito,069,59416,17422,17378,1101,18479,115
2023-01-12,San Bernardino,071,2135413,703086,701674,34519,736193,8146
2023-01-12,San Diego,073,3302833,973138,970800,79339,1050139,5681
2023-01-12,San Francisco,075,870044,192500,191765,13112,204877,1123
2023-01-12,San Joaquin,077,732212,207465,207038,16552,223590,2378
2023-01-12,San Luis Obispo,079,281455,65681,65502,7982,73484,539
2023-01-12,San Mateo,081,765935,179945,179319,11218,190537,749
2023-01-12,Santa Barbara,083,443738,110774,110537,7522,118059,750
2023-01-12,Santa Clara,085,1922200,467008,465994,21378,487372,2601
2023-01-12,Santa Cruz,087,273765,67346,67144,3813,70957,276
2023-01-12,Shasta,089,179085,36291,36179,8224,44403,604
2023-01-12,Sierra,091,2930,311,311,61,372,5
2023-01-12,Siskiyou,093,43540,5400,5384,3422,8806,95
2023-01-12,Solano,095,438530,112145,111700,8476,120176,479
2023-01-12,Sonoma,097,501317,112146,111955,5689,117644,542
2023-01-12,Stanislaus,099,539301,143516,143318,22635,165953,1800
2023-01-12,Sutter,101,95872,25454,25392,2533,27925,237
2023-01-12,Tehama,103,63373,14369,14320,3371,17691,221
2023-01-12,Trinity,105,12862,1458,1448,500,1948,23
2023-01-12,Tulare,107,460477,126781,126451,39424,165875,1552
2023-01-12,Tuolumne,109,53932,16631,16552,976,17528,209
2023-01-12,Ventura,111,848112,218751,218234,17783,236017,1632
2023-01-12,Yolo,113,214977,49502,49393,4773,54166,433
2023-01-12,Yuba,115,75493,19833,19804,1830,21634,132
2023-01-11,Alameda,001,1643700,372264,371533,22137,393670,2112
2023-01-11,Alpine,002,1148,139,139,4,143,0
2023-01-11,Amador,005,37829,10409,10384,959,11343,96
2023-01-11,Butte,007,227075,41276,41228,10050,51278,478
2023-01-11,Calaveras,009,45235,8899,8878,634,9512,138
2023-01-11,Colusa,011,21464,3923,3919,1332,5251,22
2023-01-11,Contra Costa,013,1133247,268072,267212,22042,289254,1505
2023-01-11,Del Norte,015,27424,7772,7700,440,8140,57
2023-01-11,El Dorado,017,186661,34195,34153,4495,38648,236
2023-01-11,Fresno,019,978130,291148,287748,34178,321926,2940
2023-01-11,Glenn,021,27897,5751,5747,1996,7743,58
2023-01-11,Humboldt,023,135768,23147,22986,5760,28746,166
2023-01-11,Imperial,025,180216,69181,69018,18595,87613,964
2023-01-11,Inyo,027,18085,4714,4709,1242,5951,62
2023-01-11,Kern,029,883053,227540,226971,70888,297859,2457
2023-01-11,Kings,031,150075,62159,62044,4383,66427,469
2023-01-11,Lake,033,64148,13490,13448,1268,14716,149
2023-01-11,Lassen,035,31185,10224,10212,1058,11270,66
2023-01-11,Los Angeles,037,10098052,3451603,3443850,211144,3654994,34651
2023-01-11,Madera,039,155013,45874,45761,8789,54550,377
2023-01-11,Marin,041,260295,48230,48130,5621,53751,317
2023-01-11,Mariposa,043,17540,3322,3285,358,3643,32
2023-01-11,Mendocino,045,87422,16715,16682,4771,21453,137
2023-01-11,Merced,047,269075,75570,75253,12607,87860,883
2023-01-11,Modoc,049,8938,948,946,365,1311,11
2023-01-11,Mono,051,14174,3303,3299,298,3597,8
2023-01-11,Monterey,053,433212,97068,96874,22853,119727,781
2023-01-11,Napa,055,140530,33865,33808,1519,35327,165
2023-01-11,Nevada,057,99092,19977,19927,2240,22167,132
2023-01-11,Orange,059,3164182,701458,699881,75412,775293,7723
2023-01-11,Placer,061,380077,79944,79766,10137,89903,671
2023-01-11,Plumas,063,18699,3807,3804,458,4262,13
2023-01-11,Riverside,065,2383286,727277,725898,40705,766603,6761
2023-01-11,Sacramento,067,1510023,365846,365352,37084,402436,3434
2023-01-11,San Benito,069,59416,17415,17378,1099,18477,115
2023-01-11,San Bernardino,071,2135413,702949,701674,34483,736157,8146
2023-01-11,San Diego,073,3302833,972810,970800,79290,1050090,5681
2023-01-11,San Francisco,075,870044,192445,191765,13105,204870,1123
2023-01-11,San Joaquin,077,732212,207402,207038,16548,223586,2378
2023-01-11,San Luis Obispo,079,281455,65670,65502,7975,73477,539
2023-01-11,San Mateo,081,765935,179892,179319,11215,190534,749
2023-01-11,Santa Barbara,083,443738,110735,110537,7517,118054,750
2023-01-11,Santa Clara,085,1922200,466822,465994,21371,487365,2601
2023-01-11,Santa Cruz,087,273765,67326,67144,3809,70953,276
2023-01-11,Shasta,089,179085,36285,36179,8224,44403,604
2023-01-11,Sierra,091,2930,311,311,61,372,5
2023-01-11,Siskiyou,093,43540,5399,5384,3422,8806,95
2023-01-11,Solano,095,438530,112116,111700,8472,120172,479
2023-01-11,Sonoma,097,501317,112112,111955,5686,117641,542
2023-01-11,Stanislaus,099,539301,143495,143318,22591,165909,1800
2023-01-11,Sutter,101,95872,25447,25392,2532,27924,237
2023-01-11,Tehama,103,63373,14366,14320,3369,17689,221
2023-01-11,Trinity,105,12862,1458,1448,500,1948,23
2023-01-11,Tulare,107,460477,126752,126451,39404,165855,1552
2023-01-11,Tuolumne,109,53932,16623,16552,974,17526,209
2023-01-11,Ventura,111,848112,218690,218234,17772,236006,1632
2023-01-11,Yolo,113,214977,49490,49393,4770,54163,433
2023-01-11,Yuba,115,75493,19828,19804,1827,21631,132
2023-01-10,Alameda,001,1643700,372147,371533,22125,393658,2112
2023-01-10,Alpine,002,1148,139,139,4,143,0
2023-01-10,Amador,005,37829,10409,10384,959,11343,96
2023-01-10,Butte,007,227075,41263,41228,10045,51273,478
2023-01-10,Calaveras,009,45235,8898,8878,634,9512,138
2023-01-10,Colusa,011,21464,3923,3919,1331,5250,22
2023-01-10,Contra Costa,013,1133247,267976,267212,22026,289238,1505
2023-01-10,Del Norte,015,27424,7769,7700,439,8139,57
2023-01-10,El Dorado,017,186661,34185,34153,4493,38646,236
2023-01-10,Fresno,019,978130,291067,287748,34165,321913,2940
2023-01-10,Glenn,021,27897,5750,5747,1996,7743,58
2023-01-10,Humboldt,023,135768,23144,22986,5756,28742,166
2023-01-10,Imperial,025,180216,69160,69018,18584,87602,964
2023-01-10,Inyo,027,18085,4713,4709,1242,5951,62
2023-01-10,Kern,029,883053,227482,226971,70831,297802,2457
2023-01-10,Kings,031,150075,62137,62044,4382,66426,469
2023-01-10,Lake,033,64148,13485,13448,1268,14716,149
2023-01-10,Lassen,035,31185,10221,10212,1058,11270,66
2023-01-10,Los Angeles,037,10098052,3450428,3443850,210974,3654824,34651
2023-01-10,Madera,039,155013,45865,45761,8786,54547,377
2023-01-10,Marin,041,260295,48211,48130,5619,53749,317
2023-01-10,Mariposa,043,17540,3319,3285,358,3643,32
2023-01-10,Mendocino,045,87422,16711,16682,4769,21451,137
2023-01-10,Merced,047,269075,75549,75253,12601,87854,883
2023-01-10,Modoc,049,8938,948,946,365,1311,11
2023-01-10,Mono,051,14174,3303,3299,297,3596,8
2023-01-10,Monterey,053,433212,97051,96874,22829,119703,781
2023-01-10,Napa,055,140530,33853,33808,1519,35327,165
2023-01-10,Nevada,057,99092,19972,19927,2239,22166,132
2023-01-10,Orange,059,3164182,701222,699881,75359,775240,7723
2023-01-10,Placer,061,380077,79916,79766,10135,89901,671
2023-01-10,Plumas,063,18699,3807,3804,458,4262,13
2023-01-10,Riverside,065,2383286,727043,725898,40674,766572,6761
2023-01-10,Sacramento,067,1510023,365746,365352,37059,402411,3434
2023-01-10,San Benito,069,59416,17410,17378,1099,18477,115
2023-01-10,San Bernardino,071,2135413,702754,701674,34460,736134,8146
2023-01-10,San Diego,073,3302833,972437,970800,79227,1050027,5681
2023-01-10,San Francisco,075,870044,192372,191765,13100,204865,1123
2023-01-10,San Joaquin,077,732212,207332,207038,16544,223582,2378
2023-01-10,San Luis Obispo,079,281455,65645,65502,7963,73465,539
2023-01-10,San Mateo,081,765935,179822,179319,11209,190528,749
2023-01-10,Santa Barbara,083,443738,110689,110537,7507,118044,750
2023-01-10,Santa Clara,085,1922200,466590,465994,21357,487351,2601
2023-01-10,Santa Cruz,087,273765,67298,67144,3802,70946,276
2023-01-10,Shasta,089,179085,36273,36179,8223,44402,604
2023-01-10,Sierra,091,2930,311,311,61,372,5
2023-01-10,Siskiyou,093,43540,5398,5384,3422,8806,95
2023-01-10,Solano,095,438530,112073,111700,8468,120168,479
2023-01-10,Sonoma,097,501317,112077,111955,5684,117639,542
2023-01-10,Stanislaus,099,539301,143450,143318,22587,165905,1800
2023-01-10,Sutter,101,95872,25436,25392,2532,27924,237
2023-01-10,Tehama,103,63373,14361,14320,3368,17688,221
2023-01-10,Trinity,105,12862,1456,1448,500,1948,23
2023-01-10,Tulare,107,460477,126702,126451,39383,165834,1552
2023-01-10,Tuolumne,109,53932,16618,16552,974,17526,209
2023-01-10,Ventura,111,848112,218607,218234,17758,235992,1632
2023-01-10,Yolo,113,214977,49483,49393,4768,54161,433
2023-01-10,Yuba,115,75493,19819,19804,1826,21630,132
2023-01-09,Alameda,001,1643700,371969,369872,22107,391979,2098
2023-01-09,Alpine,002,1148,139,138,4,142,0
2023-01-09,Amador,005,37829,10404,10340,959,11299,96
2023-01-09,Butte,007,227075,41253,41102,10040,51142,478
2023-01-09,Calaveras,009,45235,8895,8852,634,9486,137
2023-01-09,Colusa,011,21464,3921,3911,1331,5242,22
2023-01-09,Contra Costa,013,1133247,267860,265846,22016,287862,1501
2023-01-09,Del Norte,015,27424,7769,7680,439,8119,57
2023-01-09,El Dorado,017,186661,34180,34009,4492,38501,236
2023-01-09,Fresno,019,978130,290963,286556,34146,320702,2924
2023-01-09,Glenn,021,27897,5749,5732,1996,7728,58
2023-01-09,Humboldt,023,135768,23137,22878,5748,28626,164
2023-01-09,Imperial,025,180216,69138,68809,18574,87383,964
2023-01-09,Inyo,027,18085,4711,4687,1239,5926,62
2023-01-09,Kern,029,883053,227441,226454,70784,297238,2450
2023-01-09,Kings,031,150075,62115,61886,4380,66266,466
2023-01-09,Lake,033,64148,13482,13363,1268,14631,149
2023-01-09,Lassen,035,31185,10220,10189,1057,11246,66
2023-01-09,Los Angeles,037,10098052,3449342,3434193,210797,3644990,34492
2023-01-09,Madera,039,155013,45852,45608,8776,54384,377
2023-01-09,Marin,041,260295,48192,47893,5614,53507,317
2023-01-09,Mariposa,043,17540,3319,3223,358,3581,32
2023-01-09,Mendocino,045,87422,16707,16582,4767,21349,137
2023-01-09,Merced,047,269075,75525,74969,12599,87568,883
2023-01-09,Modoc,049,8938,948,940,365,1305,11
2023-01-09,Mono,051,14174,3301,3284,297,3581,8
2023-01-09,Monterey,053,433212,97031,96607,22808,119415,778
2023-01-09,Napa,055,140530,33846,33666,1516,35182,164
2023-01-09,Nevada,057,99092,19969,19845,2238,22083,132
2023-01-09,Orange,059,3164182,700956,697391,75278,772669,7683
2023-01-09,Placer,061,380077,79889,79461,10131,89592,672
2023-01-09,Plumas,063,18699,3807,3798,457,4255,13
2023-01-09,Riverside,065,2383286,726821,723578,40642,764220,6748
2023-01-09,Sacramento,067,1510023,365627,364212,37047,401259,3422
2023-01-09,San Benito,069,59416,17406,17293,1099,18392,115
2023-01-09,San Bernardino,071,2135413,702579,699531,34438,733969,8143
2023-01-09,San Diego,073,3302833,971999,967383,79161,1046544,5662
2023-01-09,San Francisco,075,870044,192286,190940,13092,204032,1114
2023-01-09,San Joaquin,077,732212,207269,206280,16533,222813,2369
2023-01-09,San Luis Obispo,079,281455,65628,65166,7956,73122,539
2023-01-09,San Mateo,081,765935,179746,178472,11201,189673,749
2023-01-09,Santa Barbara,083,443738,110660,110007,7506,117513,748
2023-01-09,Santa Clara,085,1922200,466384,463958,21340,485298,2601
2023-01-09,Santa Cruz,087,273765,67261,66937,3799,70736,276
2023-01-09,Shasta,089,179085,36269,36083,8221,44304,602
2023-01-09,Sierra,091,2930,311,310,61,371,5
2023-01-09,Siskiyou,093,43540,5397,5373,3421,8794,95
2023-01-09,Solano,095,438530,112021,111243,8461,119704,478
2023-01-09,Sonoma,097,501317,112047,111530,5681,117211,537
2023-01-09,Stanislaus,099,539301,143405,142918,22580,165498,1801
2023-01-09,Sutter,101,95872,25426,25308,2532,27840,235
2023-01-09,Tehama,103,63373,14359,14258,3365,17623,221
2023-01-09,Trinity,105,12862,1456,1448,498,1946,24
2023-01-09,Tulare,107,460477,126651,125773,39363,165136,1546
2023-01-09,Tuolumne,109,53932,16612,16425,973,17398,211
2023-01-09,Ventura,111,848112,218527,217286,17747,235033,1610
2023-01-09,Yolo,113,214977,49471,49138,4766,53904,428
2023-01-09,Yuba,115,75493,19808,19743,1826,21569,132
2023-01-08,Alameda,001,1643700,371753,369872,22086,391958,2098
2023-01-08,Alpine,002,1148,139,138,4,142,0
2023-01-08,Amador,005,37829,10398,10340,958,11298,96
2023-01-08,Butte,007,227075,41239,41102,10034,51136,478
2023-01-08,Calaveras,009,45235,8890,8852,634,9486,137
2023-01-08,Colusa,011,21464,3921,3911,1329,5240,22
2023-01-08,Contra Costa,013,1133247,267734,265846,22003,287849,1501
2023-01-08,Del Norte,015,27424,7766,7680,439,8119,57
2023-01-08,El Dorado,017,186661,34172,34009,4492,38501,236
2023-01-08,Fresno,019,978130,290853,286556,34131,320687,2924
2023-01-08,Glenn,021,27897,5748,5732,1996,7728,58
2023-01-08,Humboldt,023,135768,23129,22878,5738,28616,164
2023-01-08,Imperial,025,180216,69114,68809,18565,87374,964
2023-01-08,Inyo,027,18085,4709,4687,1238,5925,62
2023-01-08,Kern,029,883053,227358,226454,70718,297172,2450
2023-01-08,Kings,031,150075,62091,61886,4378,66264,466
2023-01-08,Lake,033,64148,13476,13363,1268,14631,149
2023-01-08,Lassen,035,31185,10218,10189,1056,11245,66
2023-01-08,Los Angeles,037,10098052,3447970,3434193,210545,3644738,34492
2023-01-08,Madera,039,155013,45833,45608,8771,54379,377
2023-01-08,Marin,041,260295,48170,47893,5609,53502,317
2023-01-08,Mariposa,043,17540,3319,3223,358,3581,32
2023-01-08,Mendocino,045,87422,16696,16582,4765,21347,137
2023-01-08,Merced,047,269075,75495,74969,12592,87561,883
2023-01-08,Modoc,049,8938,948,940,364,1304,11
2023-01-08,Mono,051,14174,3298,3284,297,3581,8
2023-01-08,Monterey,053,433212,97007,96607,22779,119386,778
2023-01-08,Napa,055,140530,33822,33666,1515,35181,164
2023-01-08,Nevada,057,99092,19960,19845,2235,22080,132
2023-01-08,Orange,059,3164182,700640,697391,75180,772571,7683
2023-01-08,Placer,061,380077,79848,79461,10127,89588,672
2023-01-08,Plumas,063,18699,3807,3798,457,4255,13
2023-01-08,Riverside,065,2383286,726552,723578,40580,764158,6748
2023-01-08,Sacramento,067,1510023,365486,364212,37018,401230,3422
2023-01-08,San Benito,069,59416,17401,17293,1099,18392,115
2023-01-08,San Bernardino,071,2135413,702333,699531,34404,733935,8143
2023-01-08,San Diego,073,3302833,971453,967383,79062,1046445,5662
2023-01-08,San Francisco,075,870044,192160,190940,13080,204020,1114
2023-01-08,San Joaquin,077,732212,207188,206280,16525,222805,2369
2023-01-08,San Luis Obispo,079,281455,65611,65166,7947,73113,539
2023-01-08,San Mateo,081,765935,179650,178472,11196,189668,749
2023-01-08,Santa Barbara,083,443738,110629,110007,7499,117506,748
2023-01-08,Santa Clara,085,1922200,466088,463958,21320,485278,2601
2023-01-08,Santa Cruz,087,273765,67242,66937,3797,70734,276
2023-01-08,Shasta,089,179085,36262,36083,8217,44300,602
2023-01-08,Sierra,091,2930,311,310,61,371,5
2023-01-08,Siskiyou,093,43540,5393,5373,3421,8794,95
2023-01-08,Solano,095,438530,111941,111243,8457,119700,478
2023-01-08,Sonoma,097,501317,111993,111530,5678,117208,537
2023-01-08,Stanislaus,099,539301,143364,142918,22572,165490,1801
2023-01-08,Sutter,101,95872,25416,25308,2532,27840,235
2023-01-08,Tehama,103,63373,14356,14258,3362,17620,221
2023-01-08,Trinity,105,12862,1456,1448,498,1946,24
2023-01-08,Tulare,107,460477,126602,125773,39341,165114,1546
2023-01-08,Tuolumne,109,53932,16605,16425,972,17397,211
2023-01-08,Ventura,111,848112,218437,217286,17730,235016,1610
2023-01-08,Yolo,113,214977,49451,49138,4761,53899,428
2023-01-08,Yuba,115,75493,19805,19743,1826,21569,132
2023-01-07,Alameda,001,1643700,371655,369872,22071,391943,2098
2023-01-07,Alpine,002,1148,139,138,4,142,0
2023-01-07,Amador,005,37829,10397,10340,958,11298,96
2023-01-07,Butte,007,227075,41233,41102,10030,51132,478
2023-01-07,Calaveras,009,45235,8889,8852,633,9485,137
2023-01-07,Colusa,011,21464,3920,3911,1329,5240,22
2023-01-07,Contra Costa,013,1133247,267655,265846,21998,287844,1501
2023-01-07,Del Norte,015,27424,7764,7680,439,8119,57
2023-01-07,El Dorado,017,186661,34164,34009,4490,38499,236
2023-01-07,Fresno,019,978130,290798,286556,34124,320680,2924
2023-01-07,Glenn,021,27897,5747,5732,1994,7726,58
2023-01-07,Humboldt,023,135768,23124,22878,5732,28610,164
2023-01-07,Imperial,025,180216,69099,68809,18565,87374,964
2023-01-07,Inyo,027,18085,4709,4687,1238,5925,62
2023-01-07,Kern,029,883053,227314,226454,70662,297116,2450
2023-01-07,Kings,031,150075,62074,61886,4376,66262,466
2023-01-07,Lake,033,64148,13474,13363,1268,14631,149
2023-01-07,Lassen,035,31185,10216,10189,1056,11245,66
2023-01-07,Los Angeles,037,10098052,3447112,3434193,210416,3644609,34492
2023-01-07,Madera,039,155013,45824,45608,8771,54379,377
2023-01-07,Marin,041,260295,48155,47893,5609,53502,317
2023-01-07,Mariposa,043,17540,3318,3223,358,3581,32
2023-01-07,Mendocino,045,87422,16690,16582,4764,21346,137
2023-01-07,Merced,047,269075,75480,74969,12592,87561,883
2023-01-07,Modoc,049,8938,948,940,364,1304,11
2023-01-07,Mono,051,14174,3298,3284,297,3581,8
2023-01-07,Monterey,053,433212,96989,96607,22773,119380,778
2023-01-07,Napa,055,140530,33819,33666,1514,35180,164
2023-01-07,Nevada,057,99092,19959,19845,2234,22079,132
2023-01-07,Orange,059,3164182,700453,697391,75106,772497,7683
2023-01-07,Placer,061,380077,79820,79461,10127,89588,672
2023-01-07,Plumas,063,18699,3807,3798,457,4255,13
2023-01-07,Riverside,065,2383286,726406,723578,40556,764134,6748
2023-01-07,Sacramento,067,1510023,365417,364212,37013,401225,3422
2023-01-07,San Benito,069,59416,17397,17293,1099,18392,115
2023-01-07,San Bernardino,071,2135413,702166,699531,34386,733917,8143
2023-01-07,San Diego,073,3302833,971178,967383,79045,1046428,5662
2023-01-07,San Francisco,075,870044,192097,190940,13072,204012,1114
2023-01-07,San Joaquin,077,732212,207139,206280,16516,222796,2369
2023-01-07,San Luis Obispo,079,281455,65602,65166,7941,73107,539
2023-01-07,San Mateo,081,765935,179610,178472,11186,189658,749
2023-01-07,Santa Barbara,083,443738,110590,110007,7488,117495,748
2023-01-07,Santa Clara,085,1922200,465943,463958,21308,485266,2601
2023-01-07,Santa Cruz,087,273765,67230,66937,3794,70731,276
2023-01-07,Shasta,089,179085,36256,36083,8216,44299,602
2023-01-07,Sierra,091,2930,311,310,61,371,5
2023-01-07,Siskiyou,093,43540,5390,5373,3421,8794,95
2023-01-07,Solano,095,438530,111915,111243,8455,119698,478
2023-01-07,Sonoma,097,501317,111984,111530,5678,117208,537
2023-01-07,Stanislaus,099,539301,143331,142918,22565,165483,1801
2023-01-07,Sutter,101,95872,25410,25308,2531,27839,235
2023-01-07,Tehama,103,63373,14354,14258,3360,17618,221
2023-01-07,Trinity,105,12862,1456,1448,498,1946,24
2023-01-07,Tulare,107,460477,126582,125773,39329,165102,1546
2023-01-07,Tuolumne,109,53932,16597,16425,972,17397,211
2023-01-07,Ventura,111,848112,218388,217286,17708,234994,1610
2023-01-07,Yolo,113,214977,49441,49138,4759,53897,428
2023-01-07,Yuba,115,75493,19798,19743,1826,21569,132
2023-01-06,Alameda,001,1643700,371535,369872,22061,391933,2098
2023-01-06,Alpine,002,1148,139,138,4,142,0
2023-01-06,Amador,005,37829,10394,10340,957,11297,96
2023-01-06,Butte,007,227075,41225,41102,10026,51128,478
2023-01-06,Calaveras,009,45235,8889,8852,633,9485,137
2023-01-06,Colusa,011,21464,3919,3911,1329,5240,22
2023-01-06,Contra Costa,013,1133247,267575,265846,21992,287838,1501
2023-01-06,Del Norte,015,27424,7763,7680,439,8119,57
2023-01-06,El Dorado,017,186661,34154,34009,4489,38498,236
2023-01-06,Fresno,019,978130,290715,286556,34110,320666,2924
2023-01-06,Glenn,021,27897,5745,5732,1994,7726,58
2023-01-06,Humboldt,023,135768,23119,22878,5728,28606,164
2023-01-06,Imperial,025,180216,69088,68809,18563,87372,964
2023-01-06,Inyo,027,18085,4708,4687,1236,5923,62
2023-01-06,Kern,029,883053,227280,226454,70604,297058,2450
2023-01-06,Kings,031,150075,62057,61886,4376,66262,466
2023-01-06,Lake,033,64148,13471,13363,1268,14631,149
2023-01-06,Lassen,035,31185,10213,10189,1056,11245,66
2023-01-06,Los Angeles,037,10098052,3446134,3434193,210237,3644430,34492
2023-01-06,Madera,039,155013,45816,45608,8766,54374,377
2023-01-06,Marin,041,260295,48140,47893,5607,53500,317
2023-01-06,Mariposa,043,17540,3318,3223,357,3580,32
2023-01-06,Mendocino,045,87422,16686,16582,4764,21346,137
2023-01-06,Merced,047,269075,75461,74969,12590,87559,883
2023-01-06,Modoc,049,8938,948,940,364,1304,11
2023-01-06,Mono,051,14174,3298,3284,296,3580,8
2023-01-06,Monterey,053,433212,96974,96607,22752,119359,778
2023-01-06,Napa,055,140530,33807,33666,1510,35176,164
2023-01-06,Nevada,057,99092,19957,19845,2233,22078,132
2023-01-06,Orange,059,3164182,700194,697391,75029,772420,7683
2023-01-06,Placer,061,380077,79794,79461,10126,89587,672
2023-01-06,Plumas,063,18699,3807,3798,457,4255,13
2023-01-06,Riverside,065,2383286,726225,723578,40525,764103,6748
2023-01-06,Sacramento,067,1510023,365321,364212,37009,401221,3422
2023-01-06,San Benito,069,59416,17389,17293,1095,18388,115
2023-01-06,San Bernardino,071,2135413,701989,699531,34369,733900,8143
2023-01-06,San Diego,073,3302833,970857,967383,79014,1046397,5662
2023-01-06,San Francisco,075,870044,192026,190940,13066,204006,1114
2023-01-06,San Joaquin,077,732212,207077,206280,16511,222791,2369
2023-01-06,San Luis Obispo,079,281455,65588,65166,7936,73102,539
2023-01-06,San Mateo,081,765935,179560,178472,11179,189651,749
2023-01-06,Santa Barbara,083,443738,110543,110007,7485,117492,748
2023-01-06,Santa Clara,085,1922200,465773,463958,21292,485250,2601
2023-01-06,Santa Cruz,087,273765,67215,66937,3789,70726,276
2023-01-06,Shasta,089,179085,36251,36083,8214,44297,602
2023-01-06,Sierra,091,2930,311,310,61,371,5
2023-01-06,Siskiyou,093,43540,5388,5373,3421,8794,95
2023-01-06,Solano,095,438530,111873,111243,8452,119695,478
2023-01-06,Sonoma,097,501317,111959,111530,5674,117204,537
2023-01-06,Stanislaus,099,539301,143308,142918,22562,165480,1801
2023-01-06,Sutter,101,95872,25407,25308,2531,27839,235
2023-01-06,Tehama,103,63373,14351,14258,3359,17617,221
2023-01-06,Trinity,105,12862,1456,1448,495,1943,24
2023-01-06,Tulare,107,460477,126559,125773,39312,165085,1546
2023-01-06,Tuolumne,109,53932,16586,16425,972,17397,211
2023-01-06,Ventura,111,848112,218323,217286,17701,234987,1610
2023-01-06,Yolo,113,214977,49430,49138,4757,53895,428
2023-01-06,Yuba,115,75493,19790,19743,1826,21569,132
2023-01-05,Alameda,001,1643700,371320,369872,22045,391917,2098
2023-01-05,Alpine,002,1148,139,138,4,142,0
2023-01-05,Amador,005,37829,10393,10340,957,11297,96
2023-01-05,Butte,007,227075,41215,41102,10019,51121,478
2023-01-05,Calaveras,009,45235,8888,8852,633,9485,137
2023-01-05,Colusa,011,21464,3916,3911,1329,5240,22
2023-01-05,Contra Costa,013,1133247,267420,265846,21988,287834,1501
2023-01-05,Del Norte,015,27424,7761,7680,439,8119,57
2023-01-05,El Dorado,017,186661,34139,34009,4489,38498,236
2023-01-05,Fresno,019,978130,290609,286556,34094,320650,2924
2023-01-05,Glenn,021,27897,5744,5732,1993,7725,58
2023-01-05,Humboldt,023,135768,23107,22878,5721,28599,164
2023-01-05,Imperial,025,180216,69060,68809,18548,87357,964
2023-01-05,Inyo,027,18085,4708,4687,1235,5922,62
2023-01-05,Kern,029,883053,227178,226454,70529,296983,2450
2023-01-05,Kings,031,150075,62034,61886,4376,66262,466
2023-01-05,Lake,033,64148,13462,13363,1266,14629,149
2023-01-05,Lassen,035,31185,10211,10189,1051,11240,66
2023-01-05,Los Angeles,037,10098052,3444698,3434193,209984,3644177,34492
2023-01-05,Madera,039,155013,45803,45608,8754,54362,377
2023-01-05,Marin,041,260295,48122,47893,5606,53499,317
2023-01-05,Mariposa,043,17540,3315,3223,357,3580,32
2023-01-05,Mendocino,045,87422,16680,16582,4764,21346,137
2023-01-05,Merced,047,269075,75433,74969,12577,87546,883
2023-01-05,Modoc,049,8938,948,940,364,1304,11
2023-01-05,Mono,051,14174,3294,3284,296,3580,8
2023-01-05,Monterey,053,433212,96946,96607,22719,119326,778
2023-01-05,Napa,055,140530,33792,33666,1507,35173,164
2023-01-05,Nevada,057,99092,19950,19845,2233,22078,132
2023-01-05,Orange,059,3164182,699838,697391,74928,772319,7683
2023-01-05,Placer,061,380077,79754,79461,10124,89585,672
2023-01-05,Plumas,063,18699,3804,3798,457,4255,13
2023-01-05,Riverside,065,2383286,725959,723578,40480,764058,6748
2023-01-05,Sacramento,067,1510023,365153,364212,36991,401203,3422
2023-01-05,San Benito,069,59416,17382,17293,1094,18387,115
2023-01-05,San Bernardino,071,2135413,701764,699531,34350,733881,8143
2023-01-05,San Diego,073,3302833,970399,967383,78926,1046309,5662
2023-01-05,San Francisco,075,870044,191882,190940,13048,203988,1114
2023-01-05,San Joaquin,077,732212,206992,206280,16505,222785,2369
2023-01-05,San Luis Obispo,079,281455,65564,65166,7924,73090,539
2023-01-05,San Mateo,081,765935,179456,178472,11168,189640,749
2023-01-05,Santa Barbara,083,443738,110485,110007,7475,117482,748
2023-01-05,Santa Clara,085,1922200,465458,463958,21273,485231,2601
2023-01-05,Santa Cruz,087,273765,67189,66937,3788,70725,276
2023-01-05,Shasta,089,179085,36244,36083,8208,44291,602
2023-01-05,Sierra,091,2930,311,310,61,371,5
2023-01-05,Siskiyou,093,43540,5385,5373,3421,8794,95
2023-01-05,Solano,095,438530,111811,111243,8444,119687,478
2023-01-05,Sonoma,097,501317,111901,111530,5670,117200,537
2023-01-05,Stanislaus,099,539301,143259,142918,22549,165467,1801
2023-01-05,Sutter,101,95872,25394,25308,2531,27839,235
2023-01-05,Tehama,103,63373,14346,14258,3355,17613,221
2023-01-05,Trinity,105,12862,1455,1448,494,1942,24
2023-01-05,Tulare,107,460477,126516,125773,39285,165058,1546
2023-01-05,Tuolumne,109,53932,16569,16425,972,17397,211
2023-01-05,Ventura,111,848112,218219,217286,17682,234968,1610
2023-01-05,Yolo,113,214977,49417,49138,4754,53892,428
2023-01-05,Yuba,115,75493,19784,19743,1825,21568,132
2023-01-04,Alameda,001,1643700,371098,369872,22019,391891,2098
2023-01-04,Alpine,002,1148,139,138,4,142,0
2023-01-04,Amador,005,37829,10387,10340,956,11296,96
2023-01-04,Butte,007,227075,41202,41102,10005,51107,478
2023-01-04,Calaveras,009,45235,8886,8852,632,9484,137
2023-01-04,Colusa,011,21464,3914,3911,1326,5237,22
2023-01-04,Contra Costa,013,1133247,267250,265846,21971,287817,1501
2023-01-04,Del Norte,015,27424,7759,7680,439,8119,57
2023-01-04,El Dorado,017,186661,34130,34009,4489,38498,236
2023-01-04,Fresno,019,978130,290489,286556,34078,320634,2924
2023-01-04,Glenn,021,27897,5744,5732,1990,7722,58
2023-01-04,Humboldt,023,135768,23103,22878,5718,28596,164
2023-01-04,Imperial,025,180216,69047,68809,18531,87340,964
2023-01-04,Inyo,027,18085,4704,4687,1232,5919,62
2023-01-04,Kern,029,883053,227075,226454,70443,296897,2450
2023-01-04,Kings,031,150075,62012,61886,4376,66262,466
2023-01-04,Lake,033,64148,13459,13363,1265,14628,149
2023-01-04,Lassen,035,31185,10207,10189,1049,11238,66
2023-01-04,Los Angeles,037,10098052,3443188,3434193,209741,3643934,34492
2023-01-04,Madera,039,155013,45790,45608,8750,54358,377
2023-01-04,Marin,041,260295,48097,47893,5603,53496,317
2023-01-04,Mariposa,043,17540,3315,3223,357,3580,32
2023-01-04,Mendocino,045,87422,16676,16582,4758,21340,137
2023-01-04,Merced,047,269075,75412,74969,12574,87543,883
2023-01-04,Modoc,049,8938,946,940,364,1304,11
2023-01-04,Mono,051,14174,3293,3284,296,3580,8
2023-01-04,Monterey,053,433212,96909,96607,22692,119299,778
2023-01-04,Napa,055,140530,33765,33666,1507,35173,164
2023-01-04,Nevada,057,99092,19942,19845,2231,22076,132
2023-01-04,Orange,059,3164182,699496,697391,74828,772219,7683
2023-01-04,Placer,061,380077,79720,79461,10121,89582,672
2023-01-04,Plumas,063,18699,3804,3798,457,4255,13
2023-01-04,Riverside,065,2383286,725678,723578,40425,764003,6748
2023-01-04,Sacramento,067,1510023,365024,364212,36959,401171,3422
2023-01-04,San Benito,069,59416,17372,17293,1094,18387,115
2023-01-04,San Bernardino,071,2135413,701546,699531,34318,733849,8143
2023-01-04,San Diego,073,3302833,969838,967383,78834,1046217,5662
2023-01-04,San Francisco,075,870044,191785,190940,13041,203981,1114
2023-01-04,San Joaquin,077,732212,206893,206280,16497,222777,2369
2023-01-04,San Luis Obispo,079,281455,65538,65166,7909,73075,539
2023-01-04,San Mateo,081,765935,179375,178472,11161,189633,749
2023-01-04,Santa Barbara,083,443738,110433,110007,7468,117475,748
2023-01-04,Santa Clara,085,1922200,465170,463958,21247,485205,2601
2023-01-04,Santa Cruz,087,273765,67163,66937,3786,70723,276
2023-01-04,Shasta,089,179085,36227,36083,8208,44291,602
2023-01-04,Sierra,091,2930,311,310,61,371,5
2023-01-04,Siskiyou,093,43540,5383,5373,3421,8794,95
2023-01-04,Solano,095,438530,111755,111243,8438,119681,478
2023-01-04,Sonoma,097,501317,111863,111530,5666,117196,537
2023-01-04,Stanislaus,099,539301,143222,142918,22539,165457,1801
2023-01-04,Sutter,101,95872,25384,25308,2530,27838,235
2023-01-04,Tehama,103,63373,14343,14258,3354,17612,221
2023-01-04,Trinity,105,12862,1454,1448,494,1942,24
2023-01-04,Tulare,107,460477,126462,125773,39253,165026,1546
2023-01-04,Tuolumne,109,53932,16558,16425,972,17397,211
2023-01-04,Ventura,111,848112,218126,217286,17662,234948,1610
2023-01-04,Yolo,113,214977,49404,49138,4754,53892,428
2023-01-04,Yuba,115,75493,19778,19743,1823,21566,132
2023-01-03,Alameda,001,1643700,370855,369872,21993,391865,2098
2023-01-03,Alpine,002,1148,139,138,4,142,0
2023-01-03,Amador,005,37829,10379,10340,956,11296,96
2023-01-03,Butte,007,227075,41190,41102,10001,51103,478
2023-01-03,Calaveras,009,45235,8881,8852,631,9483,137
2023-01-03,Colusa,011,21464,3914,3911,1326,5237,22
2023-01-03,Contra Costa,013,1133247,267072,265846,21960,287806,1501
2023-01-03,Del Norte,015,27424,7756,7680,437,8117,57
2023-01-03,El Dorado,017,186661,34112,34009,4487,38496,236
2023-01-03,Fresno,019,978130,290343,286556,34055,320611,2924
2023-01-03,Glenn,021,27897,5743,5732,1987,7719,58
2023-01-03,Humboldt,023,135768,23092,22878,5715,28593,164
2023-01-03,Imperial,025,180216,69018,68809,18514,87323,964
2023-01-03,Inyo,027,18085,4703,4687,1231,5918,62
2023-01-03,Kern,029,883053,226952,226454,70327,296781,2450
2023-01-03,Kings,031,150075,61975,61886,4376,66262,466
2023-01-03,Lake,033,64148,13450,13363,1265,14628,149
2023-01-03,Lassen,035,31185,10204,10189,1047,11236,66
2023-01-03,Los Angeles,037,10098052,3441446,3434193,209423,3643616,34492
2023-01-03,Madera,039,155013,45776,45608,8743,54351,377
2023-01-03,Marin,041,260295,48083,47893,5598,53491,317
2023-01-03,Mariposa,043,17540,3314,3223,357,3580,32
2023-01-03,Mendocino,045,87422,16673,16582,4757,21339,137
2023-01-03,Merced,047,269075,75376,74969,12568,87537,883
2023-01-03,Modoc,049,8938,944,940,364,1304,11
2023-01-03,Mono,051,14174,3292,3284,296,3580,8
2023-01-03,Monterey,053,433212,96879,96607,22669,119276,778
2023-01-03,Napa,055,140530,33738,33666,1505,35171,164
2023-01-03,Nevada,057,99092,19933,19845,2231,22076,132
2023-01-03,Orange,059,3164182,699079,697391,74690,772081,7683
2023-01-03,Placer,061,380077,79669,79461,10113,89574,672
2023-01-03,Plumas,063,18699,3804,3798,457,4255,13
2023-01-03,Riverside,065,2383286,725308,723578,40364,763942,6748
2023-01-03,Sacramento,067,1510023,364825,364212,36935,401147,3422
2023-01-03,San Benito,069,59416,17365,17293,1093,18386,115
2023-01-03,San Bernardino,071,2135413,701235,699531,34278,733809,8143
2023-01-03,San Diego,073,3302833,969164,967383,78730,1046113,5662
2023-01-03,San Francisco,075,870044,191684,190940,13038,203978,1114
2023-01-03,San Joaquin,077,732212,206800,206280,16480,222760,2369
2023-01-03,San Luis Obispo,079,281455,65503,65166,7889,73055,539
2023-01-03,San Mateo,081,765935,179301,178472,11154,189626,749
2023-01-03,Santa Barbara,083,443738,110368,110007,7454,117461,748
2023-01-03,Santa Clara,085,1922200,464909,463958,21222,485180,2601
2023-01-03,Santa Cruz,087,273765,67140,66937,3781,70718,276
2023-01-03,Shasta,089,179085,36220,36083,8208,44291,602
2023-01-03,Sierra,091,2930,311,310,61,371,5
2023-01-03,Siskiyou,093,43540,5381,5373,3421,8794,95
2023-01-03,Solano,095,438530,111699,111243,8428,119671,478
2023-01-03,Sonoma,097,501317,111815,111530,5666,117196,537
2023-01-03,Stanislaus,099,539301,143167,142918,22534,165452,1801
2023-01-03,Sutter,101,95872,25377,25308,2529,27837,235
2023-01-03,Tehama,103,63373,14335,14258,3353,17611,221
2023-01-03,Trinity,105,12862,1454,1448,492,1940,24
2023-01-03,Tulare,107,460477,126403,125773,39212,164985,1546
2023-01-03,Tuolumne,109,53932,16543,16425,972,17397,211
2023-01-03,Ventura,111,848112,218009,217286,17623,234909,1610
2023-01-03,Yolo,113,214977,49389,49138,4751,53889,428
2023-01-03,Yuba,115,75493,19774,19743,1821,21564,132
2023-01-02,Alameda,001,1643700,370508,367954,21951,389905,2094
2023-01-02,Alpine,002,1148,139,138,4,142,0
2023-01-02,Amador,005,37829,10376,10313,956,11269,96
2023-01-02,Butte,007,227075,41167,41018,9999,51017,474
2023-01-02,Calaveras,009,45235,8876,8818,631,9449,135
2023-01-02,Colusa,011,21464,3913,3906,1326,5232,22
2023-01-02,Contra Costa,013,1133247,266839,264448,21950,286398,1502
2023-01-02,Del Norte,015,27424,7752,7645,435,8080,56
2023-01-02,El Dorado,017,186661,34094,33865,4484,38349,236
2023-01-02,Fresno,019,978130,290165,285444,34028,319472,2918
2023-01-02,Glenn,021,27897,5741,5719,1985,7704,58
2023-01-02,Humboldt,023,135768,23079,22835,5701,28536,163
2023-01-02,Imperial,025,180216,68979,68622,18475,87097,963
2023-01-02,Inyo,027,18085,4701,4670,1228,5898,62
2023-01-02,Kern,029,883053,226829,225659,70184,295843,2450
2023-01-02,Kings,031,150075,61931,61692,4374,66066,466
2023-01-02,Lake,033,64148,13438,13312,1263,14575,149
2023-01-02,Lassen,035,31185,10201,10172,1045,11217,66
2023-01-02,Los Angeles,037,10098052,3439264,3420383,209022,3629405,34360
2023-01-02,Madera,039,155013,45753,45448,8734,54182,377
2023-01-02,Marin,041,260295,48046,47686,5595,53281,317
2023-01-02,Mariposa,043,17540,3310,3211,357,3568,32
2023-01-02,Mendocino,045,87422,16667,16508,4749,21257,137
2023-01-02,Merced,047,269075,75346,74732,12561,87293,883
2023-01-02,Modoc,049,8938,940,931,364,1295,11
2023-01-02,Mono,051,14174,3289,3274,295,3569,8
2023-01-02,Monterey,053,433212,96861,96380,22645,119025,776
2023-01-02,Napa,055,140530,33714,33534,1504,35038,163
2023-01-02,Nevada,057,99092,19927,19774,2230,22004,132
2023-01-02,Orange,059,3164182,698561,694080,74505,768585,7656
2023-01-02,Placer,061,380077,79631,79154,10106,89260,672
2023-01-02,Plumas,063,18699,3802,3787,457,4244,13
2023-01-02,Riverside,065,2383286,724845,720437,40282,760719,6738
2023-01-02,Sacramento,067,1510023,364612,362664,36904,399568,3414
2023-01-02,San Benito,069,59416,17355,17211,1090,18301,108
2023-01-02,San Bernardino,071,2135413,700860,696472,34204,730676,8142
2023-01-02,San Diego,073,3302833,968398,962601,78607,1041208,5641
2023-01-02,San Francisco,075,870044,191501,190012,13033,203045,1104
2023-01-02,San Joaquin,077,732212,206685,205467,16467,221934,2363
2023-01-02,San Luis Obispo,079,281455,65444,64966,7860,72826,536
2023-01-02,San Mateo,081,765935,179149,177703,11143,188846,749
2023-01-02,Santa Barbara,083,443738,110293,109576,7436,117012,747
2023-01-02,Santa Clara,085,1922200,464447,461535,21182,482717,2587
2023-01-02,Santa Cruz,087,273765,67109,66735,3771,70506,276
2023-01-02,Shasta,089,179085,36212,35950,8200,44150,602
2023-01-02,Sierra,091,2930,311,309,61,370,5
2023-01-02,Siskiyou,093,43540,5377,5355,3420,8775,95
2023-01-02,Solano,095,438530,111619,110589,8419,119008,475
2023-01-02,Sonoma,097,501317,111756,111095,5662,116757,536
2023-01-02,Stanislaus,099,539301,143102,142392,22522,164914,1795
2023-01-02,Sutter,101,95872,25364,25207,2528,27735,235
2023-01-02,Tehama,103,63373,14331,14187,3353,17540,219
2023-01-02,Trinity,105,12862,1453,1442,487,1929,23
2023-01-02,Tulare,107,460477,126317,125303,39163,164466,1546
2023-01-02,Tuolumne,109,53932,16538,16340,972,17312,211
2023-01-02,Ventura,111,848112,217867,216327,17574,233901,1605
2023-01-02,Yolo,113,214977,49363,48970,4749,53719,426
2023-01-02,Yuba,115,75493,19760,19654,1820,21474,132
2023-01-01,Alameda,001,1643700,370309,367954,21925,389879,2094
2023-01-01,Alpine,002,1148,139,138,4,142,0
2023-01-01,Amador,005,37829,10374,10313,956,11269,96
2023-01-01,Butte,007,227075,41155,41018,9989,51007,474
2023-01-01,Calaveras,009,45235,8874,8818,630,9448,135
2023-01-01,Colusa,011,21464,3912,3906,1326,5232,22
2023-01-01,Contra Costa,013,1133247,266663,264448,21941,286389,1502
2023-01-01,Del Norte,015,27424,7750,7645,435,8080,56
2023-01-01,El Dorado,017,186661,34069,33865,4483,38348,236
2023-01-01,Fresno,019,978130,290030,285444,34007,319451,2918
2023-01-01,Glenn,021,27897,5738,5719,1976,7695,58
2023-01-01,Humboldt,023,135768,23069,22835,5695,28530,163
2023-01-01,Imperial,025,180216,68961,68622,18465,87087,963
2023-01-01,Inyo,027,18085,4699,4670,1224,5894,62
2023-01-01,Kern,029,883053,226758,225659,70088,295747,2450
2023-01-01,Kings,031,150075,61905,61692,4372,66064,466
2023-01-01,Lake,033,64148,13429,13312,1263,14575,149
2023-01-01,Lassen,035,31185,10200,10172,1044,11216,66
2023-01-01,Los Angeles,037,10098052,3437427,3420383,208725,3629108,34360
2023-01-01,Madera,039,155013,45741,45448,8731,54179,377
2023-01-01,Marin,041,260295,48018,47686,5592,53278,317
2023-01-01,Mariposa,043,17540,3308,3211,356,3567,32
2023-01-01,Mendocino,045,87422,16659,16508,4748,21256,137
2023-01-01,Merced,047,269075,75318,74732,12554,87286,883
2023-01-01,Modoc,049,8938,940,931,364,1295,11
2023-01-01,Mono,051,14174,3288,3274,294,3568,8
2023-01-01,Monterey,053,433212,96833,96380,22627,119007,776
2023-01-01,Napa,055,140530,33703,33534,1503,35037,163
2023-01-01,Nevada,057,99092,19922,19774,2229,22003,132
2023-01-01,Orange,059,3164182,698163,694080,74310,768390,7656
2023-01-01,Placer,061,380077,79601,79154,10099,89253,672
2023-01-01,Plumas,063,18699,3800,3787,457,4244,13
2023-01-01,Riverside,065,2383286,724444,720437,40213,760650,6738
2023-01-01,Sacramento,067,1510023,364443,362664,36878,399542,3414
2023-01-01,San Benito,069,59416,17351,17211,1089,18300,108
2023-01-01,San Bernardino,071,2135413,700539,696472,34163,730635,8142
2023-01-01,San Diego,073,3302833,967891,962601,78524,1041125,5641
2023-01-01,San Francisco,075,870044,191384,190012,13020,203032,1104
2023-01-01,San Joaquin,077,732212,206609,205467,16461,221928,2363
2023-01-01,San Luis Obispo,079,281455,65423,64966,7847,72813,536
2023-01-01,San Mateo,081,765935,179062,177703,11136,188839,749
2023-01-01,Santa Barbara,083,443738,110221,109576,7434,117010,747
2023-01-01,Santa Clara,085,1922200,464153,461535,21151,482686,2587
2023-01-01,Santa Cruz,087,273765,67095,66735,3768,70503,276
2023-01-01,Shasta,089,179085,36203,35950,8195,44145,602
2023-01-01,Sierra,091,2930,311,309,61,370,5
2023-01-01,Siskiyou,093,43540,5375,5355,3420,8775,95
2023-01-01,Solano,095,438530,111549,110589,8409,118998,475
2023-01-01,Sonoma,097,501317,111715,111095,5659,116754,536
2023-01-01,Stanislaus,099,539301,143046,142392,22515,164907,1795
2023-01-01,Sutter,101,95872,25355,25207,2528,27735,235
2023-01-01,Tehama,103,63373,14325,14187,3352,17539,219
2023-01-01,Trinity,105,12862,1453,1442,487,1929,23
2023-01-01,Tulare,107,460477,126263,125303,39123,164426,1546
2023-01-01,Tuolumne,109,53932,16535,16340,972,17312,211
2023-01-01,Ventura,111,848112,217766,216327,17548,233875,1605
2023-01-01,Yolo,113,214977,49349,48970,4747,53717,426
2023-01-01,Yuba,115,75493,19751,19654,1819,21473,132
2022-12-31,Alameda,001,1643700,370174,367954,21911,389865,2094
2022-12-31,Alpine,002,1148,139,138,4,142,0
2022-12-31,Amador,005,37829,10372,10313,956,11269,96
2022-12-31,Butte,007,227075,41146,41018,9985,51003,474
2022-12-31,Calaveras,009,45235,8872,8818,630,9448,135
2022-12-31,Colusa,011,21464,3911,3906,1325,5231,22
2022-12-31,Contra Costa,013,1133247,266559,264448,21938,286386,1502
2022-12-31,Del Norte,015,27424,7748,7645,435,8080,56
2022-12-31,El Dorado,017,186661,34056,33865,4481,38346,236
2022-12-31,Fresno,019,978130,289969,285444,34004,319448,2918
2022-12-31,Glenn,021,27897,5737,5719,1973,7692,58
2022-12-31,Humboldt,023,135768,23065,22835,5692,28527,163
2022-12-31,Imperial,025,180216,68953,68622,18464,87086,963
2022-12-31,Inyo,027,18085,4697,4670,1224,5894,62
2022-12-31,Kern,029,883053,226704,225659,70055,295714,2450
2022-12-31,Kings,031,150075,61898,61692,4372,66064,466
2022-12-31,Lake,033,64148,13425,13312,1263,14575,149
2022-12-31,Lassen,035,31185,10199,10172,1044,11216,66
2022-12-31,Los Angeles,037,10098052,3436584,3420383,208526,3628909,34360
2022-12-31,Madera,039,155013,45731,45448,8730,54178,377
2022-12-31,Marin,041,260295,48000,47686,5592,53278,317
2022-12-31,Mariposa,043,17540,3307,3211,356,3567,32
2022-12-31,Mendocino,045,87422,16657,16508,4747,21255,137
2022-12-31,Merced,047,269075,75309,74732,12551,87283,883
2022-12-31,Modoc,049,8938,940,931,364,1295,11
2022-12-31,Mono,051,14174,3288,3274,294,3568,8
2022-12-31,Monterey,053,433212,96808,96380,22616,118996,776
2022-12-31,Napa,055,140530,33699,33534,1503,35037,163
2022-12-31,Nevada,057,99092,19917,19774,2227,22001,132
2022-12-31,Orange,059,3164182,697975,694080,74226,768306,7656
2022-12-31,Placer,061,380077,79571,79154,10094,89248,672
2022-12-31,Plumas,063,18699,3799,3787,457,4244,13
2022-12-31,Riverside,065,2383286,724270,720437,40168,760605,6738
2022-12-31,Sacramento,067,1510023,364362,362664,36865,399529,3414
2022-12-31,San Benito,069,59416,17348,17211,1089,18300,108
2022-12-31,San Bernardino,071,2135413,700387,696472,34139,730611,8142
2022-12-31,San Diego,073,3302833,967702,962601,78492,1041093,5641
2022-12-31,San Francisco,075,870044,191320,190012,13014,203026,1104
2022-12-31,San Joaquin,077,732212,206558,205467,16456,221923,2363
2022-12-31,San Luis Obispo,079,281455,65412,64966,7845,72811,536
2022-12-31,San Mateo,081,765935,179017,177703,11130,188833,749
2022-12-31,Santa Barbara,083,443738,110188,109576,7428,117004,747
2022-12-31,Santa Clara,085,1922200,464004,461535,21127,482662,2587
2022-12-31,Santa Cruz,087,273765,67087,66735,3765,70500,276
2022-12-31,Shasta,089,179085,36201,35950,8194,44144,602
2022-12-31,Sierra,091,2930,311,309,61,370,5
2022-12-31,Siskiyou,093,43540,5374,5355,3420,8775,95
2022-12-31,Solano,095,438530,111522,110589,8404,118993,475
2022-12-31,Sonoma,097,501317,111676,111095,5656,116751,536
2022-12-31,Stanislaus,099,539301,143010,142392,22513,164905,1795
2022-12-31,Sutter,101,95872,25349,25207,2528,27735,235
2022-12-31,Tehama,103,63373,14320,14187,3352,17539,219
2022-12-31,Trinity,105,12862,1453,1442,487,1929,23
2022-12-31,Tulare,107,460477,126230,125303,39099,164402,1546
2022-12-31,Tuolumne,109,53932,16526,16340,972,17312,211
2022-12-31,Ventura,111,848112,217689,216327,17534,233861,1605
2022-12-31,Yolo,113,214977,49342,48970,4745,53715,426
2022-12-31,Yuba,115,75493,19750,19654,1819,21473,132
2022-12-30,Alameda,001,1643700,370011,367954,21900,389854,2094
2022-12-30,Alpine,002,1148,139,138,4,142,0
2022-12-30,Amador,005,37829,10372,10313,956,11269,96
2022-12-30,Butte,007,227075,41142,41018,9981,50999,474
2022-12-30,Calaveras,009,45235,8868,8818,630,9448,135
2022-12-30,Colusa,011,21464,3911,3906,1324,5230,22
2022-12-30,Contra Costa,013,1133247,266450,264448,21927,286375,1502
2022-12-30,Del Norte,015,27424,7742,7645,435,8080,56
2022-12-30,El Dorado,017,186661,34048,33865,4479,38344,236
2022-12-30,Fresno,019,978130,289870,285444,33992,319436,2918
2022-12-30,Glenn,021,27897,5737,5719,1972,7691,58
2022-12-30,Humboldt,023,135768,23060,22835,5690,28525,163
2022-12-30,Imperial,025,180216,68940,68622,18462,87084,963
2022-12-30,Inyo,027,18085,4694,4670,1222,5892,62
2022-12-30,Kern,029,883053,226635,225659,69977,295636,2450
2022-12-30,Kings,031,150075,61890,61692,4372,66064,466
2022-12-30,Lake,033,64148,13420,13312,1263,14575,149
2022-12-30,Lassen,035,31185,10198,10172,1043,11215,66
2022-12-30,Los Angeles,037,10098052,3435466,3420383,208291,3628674,34360
2022-12-30,Madera,039,155013,45724,45448,8729,54177,377
2022-12-30,Marin,041,260295,47977,47686,5587,53273,317
2022-12-30,Mariposa,043,17540,3305,3211,356,3567,32
2022-12-30,Mendocino,045,87422,16651,16508,4746,21254,137
2022-12-30,Merced,047,269075,75294,74732,12549,87281,883
2022-12-30,Modoc,049,8938,940,931,364,1295,11
2022-12-30,Mono,051,14174,3288,3274,294,3568,8
2022-12-30,Monterey,053,433212,96786,96380,22602,118982,776
2022-12-30,Napa,055,140530,33689,33534,1503,35037,163
2022-12-30,Nevada,057,99092,19911,19774,2226,22000,132
2022-12-30,Orange,059,3164182,697675,694080,74119,768199,7656
2022-12-30,Placer,061,380077,79542,79154,10083,89237,672
2022-12-30,Plumas,063,18699,3799,3787,457,4244,13
2022-12-30,Riverside,065,2383286,723992,720437,40117,760554,6738
2022-12-30,Sacramento,067,1510023,364248,362664,36853,399517,3414
2022-12-30,San Benito,069,59416,17344,17211,1089,18300,108
2022-12-30,San Bernardino,071,2135413,700135,696472,34113,730585,8142
2022-12-30,San Diego,073,3302833,967303,962601,78432,1041033,5641
2022-12-30,San Francisco,075,870044,191255,190012,13006,203018,1104
2022-12-30,San Joaquin,077,732212,206488,205467,16450,221917,2363
2022-12-30,San Luis Obispo,079,281455,65401,64966,7840,72806,536
2022-12-30,San Mateo,081,765935,178975,177703,11123,188826,749
2022-12-30,Santa Barbara,083,443738,110156,109576,7424,117000,747
2022-12-30,Santa Clara,085,1922200,463826,461535,21103,482638,2587
2022-12-30,Santa Cruz,087,273765,67068,66735,3763,70498,276
2022-12-30,Shasta,089,179085,36195,35950,8194,44144,602
2022-12-30,Sierra,091,2930,311,309,61,370,5
2022-12-30,Siskiyou,093,43540,5373,5355,3419,8774,95
2022-12-30,Solano,095,438530,111478,110589,8398,118987,475
2022-12-30,Sonoma,097,501317,111628,111095,5653,116748,536
2022-12-30,Stanislaus,099,539301,142971,142392,22509,164901,1795
2022-12-30,Sutter,101,95872,25339,25207,2528,27735,235
2022-12-30,Tehama,103,63373,14315,14187,3352,17539,219
2022-12-30,Trinity,105,12862,1453,1442,487,1929,23
2022-12-30,Tulare,107,460477,126205,125303,39070,164373,1546
2022-12-30,Tuolumne,109,53932,16516,16340,972,17312,211
2022-12-30,Ventura,111,848112,217629,216327,17513,233840,1605
2022-12-30,Yolo,113,214977,49324,48970,4743,53713,426
2022-12-30,Yuba,115,75493,19735,19654,1819,21473,132
2022-12-29,Alameda,001,1643700,369738,367954,21865,389819,2094
2022-12-29,Alpine,002,1148,139,138,3,141,0
2022-12-29,Amador,005,37829,10366,10313,956,11269,96
2022-12-29,Butte,007,227075,41129,41018,9968,50986,474
2022-12-29,Calaveras,009,45235,8864,8818,629,9447,135
2022-12-29,Colusa,011,21464,3911,3906,1324,5230,22
2022-12-29,Contra Costa,013,1133247,266285,264448,21918,286366,1502
2022-12-29,Del Norte,015,27424,7737,7645,435,8080,56
2022-12-29,El Dorado,017,186661,34032,33865,4475,38340,236
2022-12-29,Fresno,019,978130,289729,285444,33962,319406,2918
2022-12-29,Glenn,021,27897,5734,5719,1971,7690,58
2022-12-29,Humboldt,023,135768,23055,22835,5680,28515,163
2022-12-29,Imperial,025,180216,68918,68622,18446,87068,963
2022-12-29,Inyo,027,18085,4691,4670,1220,5890,62
2022-12-29,Kern,029,883053,226480,225659,69859,295518,2450
2022-12-29,Kings,031,150075,61864,61692,4372,66064,466
2022-12-29,Lake,033,64148,13414,13312,1263,14575,149
2022-12-29,Lassen,035,31185,10195,10172,1042,11214,66
2022-12-29,Los Angeles,037,10098052,3433504,3420383,207910,3628293,34360
2022-12-29,Madera,039,155013,45702,45448,8713,54161,377
2022-12-29,Marin,041,260295,47944,47686,5580,53266,317
2022-12-29,Mariposa,043,17540,3304,3211,356,3567,32
2022-12-29,Mendocino,045,87422,16643,16508,4746,21254,137
2022-12-29,Merced,047,269075,75271,74732,12544,87276,883
2022-12-29,Modoc,049,8938,940,931,364,1295,11
2022-12-29,Mono,051,14174,3287,3274,293,3567,8
2022-12-29,Monterey,053,433212,96750,96380,22583,118963,776
2022-12-29,Napa,055,140530,33668,33534,1502,35036,163
2022-12-29,Nevada,057,99092,19904,19774,2224,21998,132
2022-12-29,Orange,059,3164182,697208,694080,73947,768027,7656
2022-12-29,Placer,061,380077,79496,79154,10078,89232,672
2022-12-29,Plumas,063,18699,3799,3787,457,4244,13
2022-12-29,Riverside,065,2383286,723572,720437,40031,760468,6738
2022-12-29,Sacramento,067,1510023,363980,362664,36829,399493,3414
2022-12-29,San Benito,069,59416,17337,17211,1087,18298,108
2022-12-29,San Bernardino,071,2135413,699736,696472,34069,730541,8142
2022-12-29,San Diego,073,3302833,966590,962601,78317,1040918,5641
2022-12-29,San Francisco,075,870044,191106,190012,12992,203004,1104
2022-12-29,San Joaquin,077,732212,206370,205467,16434,221901,2363
2022-12-29,San Luis Obispo,079,281455,65367,64966,7820,72786,536
2022-12-29,San Mateo,081,765935,178887,177703,11116,188819,749
2022-12-29,Santa Barbara,083,443738,110083,109576,7416,116992,747
2022-12-29,Santa Clara,085,1922200,463403,461535,21084,482619,2587
2022-12-29,Santa Cruz,087,273765,67048,66735,3755,70490,276
2022-12-29,Shasta,089,179085,36176,35950,8187,44137,602
2022-12-29,Sierra,091,2930,311,309,61,370,5
2022-12-29,Siskiyou,093,43540,5372,5355,3415,8770,95
2022-12-29,Solano,095,438530,111379,110589,8386,118975,475
2022-12-29,Sonoma,097,501317,111568,111095,5644,116739,536
2022-12-29,Stanislaus,099,539301,142901,142392,22489,164881,1795
2022-12-29,Sutter,101,95872,25326,25207,2525,27732,235
2022-12-29,Tehama,103,63373,14310,14187,3350,17537,219
2022-12-29,Trinity,105,12862,1453,1442,487,1929,23
2022-12-29,Tulare,107,460477,126126,125303,39036,164339,1546
2022-12-29,Tuolumne,109,53932,16503,16340,972,17312,211
2022-12-29,Ventura,111,848112,217504,216327,17474,233801,1605
2022-12-29,Yolo,113,214977,49300,48970,4738,53708,426
2022-12-29,Yuba,115,75493,19721,19654,1817,21471,132
2022-12-28,Alameda,001,1643700,369401,367954,21840,389794,2094
2022-12-28,Alpine,002,1148,139,138,3,141,0
2022-12-28,Amador,005,37829,10357,10313,956,11269,96
2022-12-28,Butte,007,227075,41118,41018,9962,50980,474
2022-12-28,Calaveras,009,45235,8857,8818,629,9447,135
2022-12-28,Colusa,011,21464,3909,3906,1323,5229,22
2022-12-28,Contra Costa,013,1133247,266064,264448,21892,286340,1502
2022-12-28,Del Norte,015,27424,7734,7645,435,8080,56
2022-12-28,El Dorado,017,186661,34010,33865,4474,38339,236
2022-12-28,Fresno,019,978130,289570,285444,33941,319385,2918
2022-12-28,Glenn,021,27897,5732,5719,1969,7688,58
2022-12-28,Humboldt,023,135768,23052,22835,5668,28503,163
2022-12-28,Imperial,025,180216,68880,68622,18410,87032,963
2022-12-28,Inyo,027,18085,4690,4670,1219,5889,62
2022-12-28,Kern,029,883053,226310,225659,69721,295380,2450
2022-12-28,Kings,031,150075,61818,61692,4369,66061,466
2022-12-28,Lake,033,64148,13407,13312,1262,14574,149
2022-12-28,Lassen,035,31185,10195,10172,1042,11214,66
2022-12-28,Los Angeles,037,10098052,3431328,3420383,207459,3627842,34360
2022-12-28,Madera,039,155013,45663,45448,8711,54159,377
2022-12-28,Marin,041,260295,47916,47686,5576,53262,317
2022-12-28,Mariposa,043,17540,3302,3211,356,3567,32
2022-12-28,Mendocino,045,87422,16635,16508,4739,21247,137
2022-12-28,Merced,047,269075,75242,74732,12537,87269,883
2022-12-28,Modoc,049,8938,938,931,363,1294,11
2022-12-28,Mono,051,14174,3285,3274,293,3567,8
2022-12-28,Monterey,053,433212,96728,96380,22558,118938,776
2022-12-28,Napa,055,140530,33637,33534,1501,35035,163
2022-12-28,Nevada,057,99092,19895,19774,2223,21997,132
2022-12-28,Orange,059,3164182,696675,694080,73751,767831,7656
2022-12-28,Placer,061,380077,79440,79154,10064,89218,672
2022-12-28,Plumas,063,18699,3794,3787,457,4244,13
2022-12-28,Riverside,065,2383286,723061,720437,39950,760387,6738
2022-12-28,Sacramento,067,1510023,363742,362664,36798,399462,3414
2022-12-28,San Benito,069,59416,17321,17211,1083,18294,108
2022-12-28,San Bernardino,071,2135413,699237,696472,34004,730476,8142
2022-12-28,San Diego,073,3302833,965765,962601,78198,1040799,5641
2022-12-28,San Francisco,075,870044,190969,190012,12985,202997,1104
2022-12-28,San Joaquin,077,732212,206221,205467,16412,221879,2363
2022-12-28,San Luis Obispo,079,281455,65324,64966,7811,72777,536
2022-12-28,San Mateo,081,765935,178762,177703,11101,188804,749
2022-12-28,Santa Barbara,083,443738,110016,109576,7399,116975,747
2022-12-28,Santa Clara,085,1922200,463024,461535,21067,482602,2587
2022-12-28,Santa Cruz,087,273765,67017,66735,3751,70486,276
2022-12-28,Shasta,089,179085,36157,35950,8178,44128,602
2022-12-28,Sierra,091,2930,311,309,61,370,5
2022-12-28,Siskiyou,093,43540,5370,5355,3414,8769,95
2022-12-28,Solano,095,438530,111249,110589,8381,118970,475
2022-12-28,Sonoma,097,501317,111499,111095,5636,116731,536
2022-12-28,Stanislaus,099,539301,142826,142392,22483,164875,1795
2022-12-28,Sutter,101,95872,25304,25207,2525,27732,235
2022-12-28,Tehama,103,63373,14299,14187,3349,17536,219
2022-12-28,Trinity,105,12862,1453,1442,487,1929,23
2022-12-28,Tulare,107,460477,126043,125303,38985,164288,1546
2022-12-28,Tuolumne,109,53932,16495,16340,972,17312,211
2022-12-28,Ventura,111,848112,217353,216327,17433,233760,1605
2022-12-28,Yolo,113,214977,49278,48970,4735,53705,426
2022-12-28,Yuba,115,75493,19708,19654,1813,21467,132
2022-12-27,Alameda,001,1643700,369062,367954,21809,389763,2094
2022-12-27,Alpine,002,1148,139,138,3,141,0
2022-12-27,Amador,005,37829,10347,10313,956,11269,96
2022-12-27,Butte,007,227075,41098,41018,9953,50971,474
2022-12-27,Calaveras,009,45235,8850,8818,629,9447,135
2022-12-27,Colusa,011,21464,3908,3906,1323,5229,22
2022-12-27,Contra Costa,013,1133247,265796,264448,21875,286323,1502
2022-12-27,Del Norte,015,27424,7725,7645,432,8077,56
2022-12-27,El Dorado,017,186661,33977,33865,4471,38336,236
2022-12-27,Fresno,019,978130,289341,285444,33902,319346,2918
2022-12-27,Glenn,021,27897,5730,5719,1968,7687,58
2022-12-27,Humboldt,023,135768,23044,22835,5648,28483,163
2022-12-27,Imperial,025,180216,68830,68622,18393,87015,963
2022-12-27,Inyo,027,18085,4688,4670,1208,5878,62
2022-12-27,Kern,029,883053,226124,225659,69581,295240,2450
2022-12-27,Kings,031,150075,61780,61692,4369,66061,466
2022-12-27,Lake,033,64148,13396,13312,1262,14574,149
2022-12-27,Lassen,035,31185,10190,10172,1039,11211,66
2022-12-27,Los Angeles,037,10098052,3428786,3420383,206937,3627320,34360
2022-12-27,Madera,039,155013,45643,45448,8702,54150,377
2022-12-27,Marin,041,260295,47870,47686,5572,53258,317
2022-12-27,Mariposa,043,17540,3299,3211,356,3567,32
2022-12-27,Mendocino,045,87422,16622,16508,4734,21242,137
2022-12-27,Merced,047,269075,75201,74732,12524,87256,883
2022-12-27,Modoc,049,8938,934,931,363,1294,11
2022-12-27,Mono,051,14174,3283,3274,292,3566,8
2022-12-27,Monterey,053,433212,96686,96380,22534,118914,776
2022-12-27,Napa,055,140530,33614,33534,1500,35034,163
2022-12-27,Nevada,057,99092,19887,19774,2219,21993,132
2022-12-27,Orange,059,3164182,696067,694080,73552,767632,7656
2022-12-27,Placer,061,380077,79378,79154,10054,89208,672
2022-12-27,Plumas,063,18699,3792,3787,457,4244,13
2022-12-27,Riverside,065,2383286,722495,720437,39870,760307,6738
2022-12-27,Sacramento,067,1510023,363437,362664,36761,399425,3414
2022-12-27,San Benito,069,59416,17314,17211,1083,18294,108
2022-12-27,San Bernardino,071,2135413,698692,696472,33916,730388,8142
2022-12-27,San Diego,073,3302833,964834,962601,78064,1040665,5641
2022-12-27,San Francisco,075,870044,190831,190012,12976,202988,1104
2022-12-27,San Joaquin,077,732212,206091,205467,16381,221848,2363
2022-12-27,San Luis Obispo,079,281455,65284,64966,7789,72755,536
2022-12-27,San Mateo,081,765935,178613,177703,11086,188789,749
2022-12-27,Santa Barbara,083,443738,109945,109576,7382,116958,747
2022-12-27,Santa Clara,085,1922200,462570,461535,21044,482579,2587
2022-12-27,Santa Cruz,087,273765,66979,66735,3744,70479,276
2022-12-27,Shasta,089,179085,36137,35950,8167,44117,602
2022-12-27,Sierra,091,2930,310,309,61,370,5
2022-12-27,Siskiyou,093,43540,5367,5355,3413,8768,95
2022-12-27,Solano,095,438530,111114,110589,8375,118964,475
2022-12-27,Sonoma,097,501317,111428,111095,5617,116712,536
2022-12-27,Stanislaus,099,539301,142723,142392,22466,164858,1795
2022-12-27,Sutter,101,95872,25286,25207,2522,27729,235
2022-12-27,Tehama,103,63373,14283,14187,3348,17535,219
2022-12-27,Trinity,105,12862,1452,1442,487,1929,23
2022-12-27,Tulare,107,460477,125954,125303,38940,164243,1546
2022-12-27,Tuolumne,109,53932,16483,16340,972,17312,211
2022-12-27,Ventura,111,848112,217194,216327,17394,233721,1605
2022-12-27,Yolo,113,214977,49253,48970,4732,53702,426
2022-12-27,Yuba,115,75493,19697,19654,1812,21466,132
2022-12-26,Alameda,001,1643700,368702,366018,21776,387794,2088
2022-12-26,Alpine,002,1148,139,138,3,141,0
2022-12-26,Amador,005,37829,10342,10269,956,11225,96
2022-12-26,Butte,007,227075,41071,40923,9927,50850,473
2022-12-26,Calaveras,009,45235,8843,8794,628,9422,135
2022-12-26,Colusa,011,21464,3908,3891,1323,5214,22
2022-12-26,Contra Costa,013,1133247,265501,262951,21853,284804,1492
2022-12-26,Del Norte,015,27424,7720,7612,432,8044,56
2022-12-26,El Dorado,017,186661,33947,33729,4467,38196,236
2022-12-26,Fresno,019,978130,289105,284361,33850,318211,2907
2022-12-26,Glenn,021,27897,5729,5702,1967,7669,58
2022-12-26,Humboldt,023,135768,23032,22760,5627,28387,161
2022-12-26,Imperial,025,180216,68774,68403,18332,86735,963
2022-12-26,Inyo,027,18085,4685,4655,1205,5860,60
2022-12-26,Kern,029,883053,225943,224945,69438,294383,2446
2022-12-26,Kings,031,150075,61745,61461,4366,65827,467
2022-12-26,Lake,033,64148,13392,13254,1258,14512,149
2022-12-26,Lassen,035,31185,10187,10151,1037,11188,66
2022-12-26,Los Angeles,037,10098052,3425987,3399852,206323,3606175,34170
2022-12-26,Madera,039,155013,45600,45290,8695,53985,377
2022-12-26,Marin,041,260295,47820,47457,5565,53022,315
2022-12-26,Mariposa,043,17540,3295,3201,356,3557,32
2022-12-26,Mendocino,045,87422,16608,16435,4718,21153,137
2022-12-26,Merced,047,269075,75168,74498,12512,87010,880
2022-12-26,Modoc,049,8938,931,927,363,1290,11
2022-12-26,Mono,051,14174,3279,3264,292,3556,8
2022-12-26,Monterey,053,433212,96647,96192,22517,118709,776
2022-12-26,Napa,055,140530,33590,33370,1500,34870,163
2022-12-26,Nevada,057,99092,19873,19696,2210,21906,132
2022-12-26,Orange,059,3164182,695392,690845,73326,764171,7628
2022-12-26,Placer,061,380077,79324,78813,10047,88860,669
2022-12-26,Plumas,063,18699,3790,3778,457,4235,13
2022-12-26,Riverside,065,2383286,721810,717576,39759,757335,6738
2022-12-26,Sacramento,067,1510023,363091,361095,36724,397819,3407
2022-12-26,San Benito,069,59416,17297,17109,1079,18188,108
2022-12-26,San Bernardino,071,2135413,698049,693567,33828,727395,8136
2022-12-26,San Diego,073,3302833,963763,957866,77886,1035752,5626
2022-12-26,San Francisco,075,870044,190621,188947,12969,201916,1095
2022-12-26,San Joaquin,077,732212,205932,204712,16352,221064,2353
2022-12-26,San Luis Obispo,079,281455,65234,64748,7761,72509,536
2022-12-26,San Mateo,081,765935,178431,176920,11072,187992,748
2022-12-26,Santa Barbara,083,443738,109861,109074,7373,116447,744
2022-12-26,Santa Clara,085,1922200,462041,459089,21020,480109,2579
2022-12-26,Santa Cruz,087,273765,66938,66560,3739,70299,277
2022-12-26,Shasta,089,179085,36114,35856,8157,44013,601
2022-12-26,Sierra,091,2930,310,308,61,369,5
2022-12-26,Siskiyou,093,43540,5362,5334,3411,8745,95
2022-12-26,Solano,095,438530,110979,109900,8366,118266,474
2022-12-26,Sonoma,097,501317,111332,110643,5606,116249,536
2022-12-26,Stanislaus,099,539301,142630,141956,22448,164404,1795
2022-12-26,Sutter,101,95872,25267,25088,2516,27604,235
2022-12-26,Tehama,103,63373,14277,14127,3341,17468,218
2022-12-26,Trinity,105,12862,1451,1438,487,1925,23
2022-12-26,Tulare,107,460477,125848,124848,38882,163730,1546
2022-12-26,Tuolumne,109,53932,16473,16261,970,17231,209
2022-12-26,Ventura,111,848112,216968,215497,17350,232847,1604
2022-12-26,Yolo,113,214977,49228,48842,4727,53569,422
2022-12-26,Yuba,115,75493,19681,19553,1808,21361,132
2022-12-25,Alameda,001,1643700,368416,366018,21750,387768,2088
2022-12-25,Alpine,002,1148,139,138,3,141,0
2022-12-25,Amador,005,37829,10336,10269,956,11225,96
2022-12-25,Butte,007,227075,41056,40923,9913,50836,473
2022-12-25,Calaveras,009,45235,8839,8794,627,9421,135
2022-12-25,Colusa,011,21464,3907,3891,1322,5213,22
2022-12-25,Contra Costa,013,1133247,265268,262951,21848,284799,1492
2022-12-25,Del Norte,015,27424,7715,7612,432,8044,56
2022-12-25,El Dorado,017,186661,33931,33729,4466,38195,236
2022-12-25,Fresno,019,978130,288966,284361,33829,318190,2907
2022-12-25,Glenn,021,27897,5729,5702,1965,7667,58
2022-12-25,Humboldt,023,135768,23022,22760,5618,28378,161
2022-12-25,Imperial,025,180216,68739,68403,18311,86714,963
2022-12-25,Inyo,027,18085,4683,4655,1203,5858,60
2022-12-25,Kern,029,883053,225849,224945,69281,294226,2446
2022-12-25,Kings,031,150075,61704,61461,4365,65826,467
2022-12-25,Lake,033,64148,13389,13254,1258,14512,149
2022-12-25,Lassen,035,31185,10185,10151,1035,11186,66
2022-12-25,Los Angeles,037,10098052,3423695,3399852,205853,3605705,34170
2022-12-25,Madera,039,155013,45583,45290,8694,53984,377
2022-12-25,Marin,041,260295,47788,47457,5562,53019,315
2022-12-25,Mariposa,043,17540,3295,3201,356,3557,32
2022-12-25,Mendocino,045,87422,16594,16435,4716,21151,137
2022-12-25,Merced,047,269075,75127,74498,12504,87002,880
2022-12-25,Modoc,049,8938,930,927,363,1290,11
2022-12-25,Mono,051,14174,3274,3264,292,3556,8
2022-12-25,Monterey,053,433212,96617,96192,22504,118696,776
2022-12-25,Napa,055,140530,33572,33370,1497,34867,163
2022-12-25,Nevada,057,99092,19864,19696,2206,21902,132
2022-12-25,Orange,059,3164182,694852,690845,73092,763937,7628
2022-12-25,Placer,061,380077,79288,78813,10041,88854,669
2022-12-25,Plumas,063,18699,3790,3778,457,4235,13
2022-12-25,Riverside,065,2383286,721316,717576,39661,757237,6738
2022-12-25,Sacramento,067,1510023,362905,361095,36698,397793,3407
2022-12-25,San Benito,069,59416,17287,17109,1079,18188,108
2022-12-25,San Bernardino,071,2135413,697578,693567,33760,727327,8136
2022-12-25,San Diego,073,3302833,963117,957866,77789,1035655,5626
2022-12-25,San Francisco,075,870044,190453,188947,12963,201910,1095
2022-12-25,San Joaquin,077,732212,205821,204712,16342,221054,2353
2022-12-25,San Luis Obispo,079,281455,65208,64748,7750,72498,536
2022-12-25,San Mateo,081,765935,178309,176920,11065,187985,748
2022-12-25,Santa Barbara,083,443738,109800,109074,7371,116445,744
2022-12-25,Santa Clara,085,1922200,461686,459089,20980,480069,2579
2022-12-25,Santa Cruz,087,273765,66877,66560,3735,70295,277
2022-12-25,Shasta,089,179085,36102,35856,8152,44008,601
2022-12-25,Sierra,091,2930,310,308,61,369,5
2022-12-25,Siskiyou,093,43540,5361,5334,3411,8745,95
2022-12-25,Solano,095,438530,110886,109900,8359,118259,474
2022-12-25,Sonoma,097,501317,111269,110643,5604,116247,536
2022-12-25,Stanislaus,099,539301,142561,141956,22440,164396,1795
2022-12-25,Sutter,101,95872,25253,25088,2514,27602,235
2022-12-25,Tehama,103,63373,14270,14127,3340,17467,218
2022-12-25,Trinity,105,12862,1451,1438,487,1925,23
2022-12-25,Tulare,107,460477,125765,124848,38836,163684,1546
2022-12-25,Tuolumne,109,53932,16451,16261,970,17231,209
2022-12-25,Ventura,111,848112,216828,215497,17317,232814,1604
2022-12-25,Yolo,113,214977,49208,48842,4725,53567,422
2022-12-25,Yuba,115,75493,19664,19553,1808,21361,132
2022-12-24,Alameda,001,1643700,368275,366018,21738,387756,2088
2022-12-24,Alpine,002,1148,139,138,3,141,0
2022-12-24,Amador,005,37829,10334,10269,956,11225,96
2022-12-24,Butte,007,227075,41048,40923,9905,50828,473
2022-12-24,Calaveras,009,45235,8838,8794,626,9420,135
2022-12-24,Colusa,011,21464,3907,3891,1322,5213,22
2022-12-24,Contra Costa,013,1133247,265180,262951,21845,284796,1492
2022-12-24,Del Norte,015,27424,7712,7612,432,8044,56
2022-12-24,El Dorado,017,186661,33916,33729,4465,38194,236
2022-12-24,Fresno,019,978130,288887,284361,33827,318188,2907
2022-12-24,Glenn,021,27897,5729,5702,1965,7667,58
2022-12-24,Humboldt,023,135768,23013,22760,5611,28371,161
2022-12-24,Imperial,025,180216,68725,68403,18304,86707,963
2022-12-24,Inyo,027,18085,4682,4655,1203,5858,60
2022-12-24,Kern,029,883053,225805,224945,69266,294211,2446
2022-12-24,Kings,031,150075,61698,61461,4364,65825,467
2022-12-24,Lake,033,64148,13379,13254,1257,14511,149
2022-12-24,Lassen,035,31185,10183,10151,1035,11186,66
2022-12-24,Los Angeles,037,10098052,3422933,3399852,205668,3605520,34170
2022-12-24,Madera,039,155013,45563,45290,8694,53984,377
2022-12-24,Marin,041,260295,47771,47457,5559,53016,315
2022-12-24,Mariposa,043,17540,3293,3201,356,3557,32
2022-12-24,Mendocino,045,87422,16590,16435,4716,21151,137
2022-12-24,Merced,047,269075,75116,74498,12499,86997,880
2022-12-24,Modoc,049,8938,930,927,363,1290,11
2022-12-24,Mono,051,14174,3272,3264,292,3556,8
2022-12-24,Monterey,053,433212,96591,96192,22493,118685,776
2022-12-24,Napa,055,140530,33557,33370,1497,34867,163
2022-12-24,Nevada,057,99092,19857,19696,2205,21901,132
2022-12-24,Orange,059,3164182,694680,690845,73069,763914,7628
2022-12-24,Placer,061,380077,79259,78813,10040,88853,669
2022-12-24,Plumas,063,18699,3789,3778,455,4233,13
2022-12-24,Riverside,065,2383286,721139,717576,39622,757198,6738
2022-12-24,Sacramento,067,1510023,362831,361095,36690,397785,3407
2022-12-24,San Benito,069,59416,17283,17109,1079,18188,108
2022-12-24,San Bernardino,071,2135413,697400,693567,33733,727300,8136
2022-12-24,San Diego,073,3302833,962892,957866,77742,1035608,5626
2022-12-24,San Francisco,075,870044,190389,188947,12961,201908,1095
2022-12-24,San Joaquin,077,732212,205764,204712,16337,221049,2353
2022-12-24,San Luis Obispo,079,281455,65195,64748,7743,72491,536
2022-12-24,San Mateo,081,765935,178244,176920,11063,187983,748
2022-12-24,Santa Barbara,083,443738,109762,109074,7366,116440,744
2022-12-24,Santa Clara,085,1922200,461525,459089,20967,480056,2579
2022-12-24,Santa Cruz,087,273765,66859,66560,3735,70295,277
2022-12-24,Shasta,089,179085,36096,35856,8149,44005,601
2022-12-24,Sierra,091,2930,310,308,61,369,5
2022-12-24,Siskiyou,093,43540,5358,5334,3411,8745,95
2022-12-24,Solano,095,438530,110859,109900,8356,118256,474
2022-12-24,Sonoma,097,501317,111236,110643,5602,116245,536
2022-12-24,Stanislaus,099,539301,142512,141956,22435,164391,1795
2022-12-24,Sutter,101,95872,25244,25088,2514,27602,235
2022-12-24,Tehama,103,63373,14261,14127,3339,17466,218
2022-12-24,Trinity,105,12862,1451,1438,487,1925,23
2022-12-24,Tulare,107,460477,125724,124848,38813,163661,1546
2022-12-24,Tuolumne,109,53932,16443,16261,969,17230,209
2022-12-24,Ventura,111,848112,216758,215497,17302,232799,1604
2022-12-24,Yolo,113,214977,49196,48842,4723,53565,422
2022-12-24,Yuba,115,75493,19656,19553,1808,21361,132
2022-12-23,Alameda,001,1643700,368108,366018,21710,387728,2088
2022-12-23,Alpine,002,1148,139,138,3,141,0
2022-12-23,Amador,005,37829,10329,10269,956,11225,96
2022-12-23,Butte,007,227075,41040,40923,9889,50812,473
2022-12-23,Calaveras,009,45235,8837,8794,625,9419,135
2022-12-23,Colusa,011,21464,3905,3891,1320,5211,22
2022-12-23,Contra Costa,013,1133247,265054,262951,21835,284786,1492
2022-12-23,Del Norte,015,27424,7707,7612,432,8044,56
2022-12-23,El Dorado,017,186661,33896,33729,4464,38193,236
2022-12-23,Fresno,019,978130,288782,284361,33803,318164,2907
2022-12-23,Glenn,021,27897,5726,5702,1964,7666,58
2022-12-23,Humboldt,023,135768,23008,22760,5608,28368,161
2022-12-23,Imperial,025,180216,68698,68403,18298,86701,963
2022-12-23,Inyo,027,18085,4679,4655,1201,5856,60
2022-12-23,Kern,029,883053,225757,224945,69201,294146,2446
2022-12-23,Kings,031,150075,61681,61461,4363,65824,467
2022-12-23,Lake,033,64148,13372,13254,1257,14511,149
2022-12-23,Lassen,035,31185,10181,10151,1035,11186,66
2022-12-23,Los Angeles,037,10098052,3421752,3399852,205348,3605200,34170
2022-12-23,Madera,039,155013,45546,45290,8693,53983,377
2022-12-23,Marin,041,260295,47748,47457,5558,53015,315
2022-12-23,Mariposa,043,17540,3293,3201,356,3557,32
2022-12-23,Mendocino,045,87422,16585,16435,4714,21149,137
2022-12-23,Merced,047,269075,75104,74498,12495,86993,880
2022-12-23,Modoc,049,8938,930,927,363,1290,11
2022-12-23,Mono,051,14174,3272,3264,291,3555,8
2022-12-23,Monterey,053,433212,96565,96192,22475,118667,776
2022-12-23,Napa,055,140530,33538,33370,1496,34866,163
2022-12-23,Nevada,057,99092,19853,19696,2199,21895,132
2022-12-23,Orange,059,3164182,694424,690845,72911,763756,7628
2022-12-23,Placer,061,380077,79234,78813,10034,88847,669
2022-12-23,Plumas,063,18699,3788,3778,455,4233,13
2022-12-23,Riverside,065,2383286,720869,717576,39565,757141,6738
2022-12-23,Sacramento,067,1510023,362720,361095,36682,397777,3407
2022-12-23,San Benito,069,59416,17271,17109,1077,18186,108
2022-12-23,San Bernardino,071,2135413,697144,693567,33690,727257,8136
2022-12-23,San Diego,073,3302833,962458,957866,77703,1035569,5626
2022-12-23,San Francisco,075,870044,190289,188947,12949,201896,1095
2022-12-23,San Joaquin,077,732212,205706,204712,16335,221047,2353
2022-12-23,San Luis Obispo,079,281455,65177,64748,7739,72487,536
2022-12-23,San Mateo,081,765935,178184,176920,11050,187970,748
2022-12-23,Santa Barbara,083,443738,109723,109074,7361,116435,744
2022-12-23,Santa Clara,085,1922200,461349,459089,20946,480035,2579
2022-12-23,Santa Cruz,087,273765,66840,66560,3731,70291,277
2022-12-23,Shasta,089,179085,36089,35856,8147,44003,601
2022-12-23,Sierra,091,2930,310,308,61,369,5
2022-12-23,Siskiyou,093,43540,5357,5334,3411,8745,95
2022-12-23,Solano,095,438530,110802,109900,8348,118248,474
2022-12-23,Sonoma,097,501317,111191,110643,5601,116244,536
2022-12-23,Stanislaus,099,539301,142472,141956,22434,164390,1795
2022-12-23,Sutter,101,95872,25231,25088,2514,27602,235
2022-12-23,Tehama,103,63373,14258,14127,3339,17466,218
2022-12-23,Trinity,105,12862,1450,1438,487,1925,23
2022-12-23,Tulare,107,460477,125689,124848,38787,163635,1546
2022-12-23,Tuolumne,109,53932,16435,16261,968,17229,209
2022-12-23,Ventura,111,848112,216663,215497,17280,232777,1604
2022-12-23,Yolo,113,214977,49185,48842,4722,53564,422
2022-12-23,Yuba,115,75493,19648,19553,1807,21360,132
2022-12-22,Alameda,001,1643700,367779,366018,21678,387696,2088
2022-12-22,Alpine,002,1148,139,138,3,141,0
2022-12-22,Amador,005,37829,10323,10269,956,11225,96
2022-12-22,Butte,007,227075,41030,40923,9876,50799,473
2022-12-22,Calaveras,009,45235,8837,8794,625,9419,135
2022-12-22,Colusa,011,21464,3900,3891,1320,5211,22
2022-12-22,Contra Costa,013,1133247,264805,262951,21827,284778,1492
2022-12-22,Del Norte,015,27424,7700,7612,431,8043,56
2022-12-22,El Dorado,017,186661,33874,33729,4464,38193,236
2022-12-22,Fresno,019,978130,288620,284361,33767,318128,2907
2022-12-22,Glenn,021,27897,5724,5702,1964,7666,58
2022-12-22,Humboldt,023,135768,22997,22760,5601,28361,161
2022-12-22,Imperial,025,180216,68663,68403,18286,86689,963
2022-12-22,Inyo,027,18085,4679,4655,1200,5855,60
2022-12-22,Kern,029,883053,225664,224945,69104,294049,2446
2022-12-22,Kings,031,150075,61667,61461,4363,65824,467
2022-12-22,Lake,033,64148,13366,13254,1257,14511,149
2022-12-22,Lassen,035,31185,10178,10151,1034,11185,66
2022-12-22,Los Angeles,037,10098052,3419735,3399852,204900,3604752,34170
2022-12-22,Madera,039,155013,45513,45290,8685,53975,377
2022-12-22,Marin,041,260295,47718,47457,5556,53013,315
2022-12-22,Mariposa,043,17540,3291,3201,356,3557,32
2022-12-22,Mendocino,045,87422,16575,16435,4713,21148,137
2022-12-22,Merced,047,269075,75070,74498,12491,86989,880
2022-12-22,Modoc,049,8938,928,927,363,1290,11
2022-12-22,Mono,051,14174,3272,3264,291,3555,8
2022-12-22,Monterey,053,433212,96541,96192,22457,118649,776
2022-12-22,Napa,055,140530,33520,33370,1496,34866,163
2022-12-22,Nevada,057,99092,19842,19696,2195,21891,132
2022-12-22,Orange,059,3164182,693959,690845,72720,763565,7628
2022-12-22,Placer,061,380077,79187,78813,10029,88842,669
2022-12-22,Plumas,063,18699,3786,3778,455,4233,13
2022-12-22,Riverside,065,2383286,720461,717576,39489,757065,6738
2022-12-22,Sacramento,067,1510023,362478,361095,36663,397758,3407
2022-12-22,San Benito,069,59416,17254,17109,1071,18180,108
2022-12-22,San Bernardino,071,2135413,696729,693567,33618,727185,8136
2022-12-22,San Diego,073,3302833,961735,957866,77562,1035428,5626
2022-12-22,San Francisco,075,870044,190154,188947,12925,201872,1095
2022-12-22,San Joaquin,077,732212,205597,204712,16325,221037,2353
2022-12-22,San Luis Obispo,079,281455,65135,64748,7716,72464,536
2022-12-22,San Mateo,081,765935,178070,176920,11042,187962,748
2022-12-22,Santa Barbara,083,443738,109645,109074,7345,116419,744
2022-12-22,Santa Clara,085,1922200,460972,459089,20922,480011,2579
2022-12-22,Santa Cruz,087,273765,66814,66560,3723,70283,277
2022-12-22,Shasta,089,179085,36077,35856,8142,43998,601
2022-12-22,Sierra,091,2930,310,308,61,369,5
2022-12-22,Siskiyou,093,43540,5352,5334,3410,8744,95
2022-12-22,Solano,095,438530,110716,109900,8338,118238,474
2022-12-22,Sonoma,097,501317,111123,110643,5597,116240,536
2022-12-22,Stanislaus,099,539301,142404,141956,22423,164379,1795
2022-12-22,Sutter,101,95872,25209,25088,2512,27600,235
2022-12-22,Tehama,103,63373,14253,14127,3339,17466,218
2022-12-22,Trinity,105,12862,1449,1438,486,1924,23
2022-12-22,Tulare,107,460477,125627,124848,38749,163597,1546
2022-12-22,Tuolumne,109,53932,16425,16261,968,17229,209
2022-12-22,Ventura,111,848112,216557,215497,17246,232743,1604
2022-12-22,Yolo,113,214977,49172,48842,4718,53560,422
2022-12-22,Yuba,115,75493,19634,19553,1805,21358,132
2022-12-21,Alameda,001,1643700,367449,366018,21645,387663,2088
2022-12-21,Alpine,002,1148,139,138,3,141,0
2022-12-21,Amador,005,37829,10320,10269,956,11225,96
2022-12-21,Butte,007,227075,41012,40923,9862,50785,473
2022-12-21,Calaveras,009,45235,8830,8794,620,9414,135
2022-12-21,Colusa,011,21464,3897,3891,1320,5211,22
2022-12-21,Contra Costa,013,1133247,264582,262951,21806,284757,1492
2022-12-21,Del Norte,015,27424,7695,7612,420,8032,56
2022-12-21,El Dorado,017,186661,33848,33729,4460,38189,236
2022-12-21,Fresno,019,978130,288425,284361,33742,318103,2907
2022-12-21,Glenn,021,27897,5723,5702,1963,7665,58
2022-12-21,Humboldt,023,135768,22984,22760,5586,28346,161
2022-12-21,Imperial,025,180216,68623,68403,18260,86663,963
2022-12-21,Inyo,027,18085,4678,4655,1199,5854,60
2022-12-21,Kern,029,883053,225536,224945,68997,293942,2446
2022-12-21,Kings,031,150075,61624,61461,4361,65822,467
2022-12-21,Lake,033,64148,13360,13254,1257,14511,149
2022-12-21,Lassen,035,31185,10172,10151,1034,11185,66
2022-12-21,Los Angeles,037,10098052,3417540,3399852,204438,3604290,34170
2022-12-21,Madera,039,155013,45502,45290,8683,53973,377
2022-12-21,Marin,041,260295,47673,47457,5546,53003,315
2022-12-21,Mariposa,043,17540,3283,3201,355,3556,32
2022-12-21,Mendocino,045,87422,16563,16435,4704,21139,137
2022-12-21,Merced,047,269075,75034,74498,12485,86983,880
2022-12-21,Modoc,049,8938,928,927,363,1290,11
2022-12-21,Mono,051,14174,3272,3264,291,3555,8
2022-12-21,Monterey,053,433212,96507,96192,22441,118633,776
2022-12-21,Napa,055,140530,33501,33370,1493,34863,163
2022-12-21,Nevada,057,99092,19833,19696,2193,21889,132
2022-12-21,Orange,059,3164182,693442,690845,72498,763343,7628
2022-12-21,Placer,061,380077,79130,78813,10015,88828,669
2022-12-21,Plumas,063,18699,3783,3778,455,4233,13
2022-12-21,Riverside,065,2383286,719958,717576,39397,756973,6738
2022-12-21,Sacramento,067,1510023,362247,361095,36623,397718,3407
2022-12-21,San Benito,069,59416,17236,17109,1064,18173,108
2022-12-21,San Bernardino,071,2135413,696258,693567,33542,727109,8136
2022-12-21,San Diego,073,3302833,960920,957866,77433,1035299,5626
2022-12-21,San Francisco,075,870044,190008,188947,12913,201860,1095
2022-12-21,San Joaquin,077,732212,205453,204712,16304,221016,2353
2022-12-21,San Luis Obispo,079,281455,65100,64748,7702,72450,536
2022-12-21,San Mateo,081,765935,177925,176920,11031,187951,748
2022-12-21,Santa Barbara,083,443738,109564,109074,7332,116406,744
2022-12-21,Santa Clara,085,1922200,460583,459089,20879,479968,2579
2022-12-21,Santa Cruz,087,273765,66769,66560,3722,70282,277
2022-12-21,Shasta,089,179085,36051,35856,8132,43988,601
2022-12-21,Sierra,091,2930,310,308,61,369,5
2022-12-21,Siskiyou,093,43540,5350,5334,3410,8744,95
2022-12-21,Solano,095,438530,110591,109900,8330,118230,474
2022-12-21,Sonoma,097,501317,111056,110643,5584,116227,536
2022-12-21,Stanislaus,099,539301,142331,141956,22410,164366,1795
2022-12-21,Sutter,101,95872,25192,25088,2512,27600,235
2022-12-21,Tehama,103,63373,14250,14127,3336,17463,218
2022-12-21,Trinity,105,12862,1449,1438,481,1919,23
2022-12-21,Tulare,107,460477,125562,124848,38698,163546,1546
2022-12-21,Tuolumne,109,53932,16403,16261,968,17229,209
2022-12-21,Ventura,111,848112,216421,215497,17212,232709,1604
2022-12-21,Yolo,113,214977,49146,48842,4714,53556,422
2022-12-21,Yuba,115,75493,19612,19553,1804,21357,132
2022-12-20,Alameda,001,1643700,367112,366018,21609,387627,2088
2022-12-20,Alpine,002,1148,139,138,2,140,0
2022-12-20,Amador,005,37829,10314,10269,956,11225,96
2022-12-20,Butte,007,227075,40995,40923,9844,50767,473
2022-12-20,Calaveras,009,45235,8822,8794,620,9414,135
2022-12-20,Colusa,011,21464,3896,3891,1319,5210,22
2022-12-20,Contra Costa,013,1133247,264353,262951,21791,284742,1492
2022-12-20,Del Norte,015,27424,7691,7612,419,8031,56
2022-12-20,El Dorado,017,186661,33825,33729,4456,38185,236
2022-12-20,Fresno,019,978130,288215,284361,33708,318069,2907
2022-12-20,Glenn,021,27897,5721,5702,1961,7663,58
2022-12-20,Humboldt,023,135768,22966,22760,5570,28330,161
2022-12-20,Imperial,025,180216,68593,68403,18233,86636,963
2022-12-20,Inyo,027,18085,4674,4655,1198,5853,60
2022-12-20,Kern,029,883053,225385,224945,68884,293829,2446
2022-12-20,Kings,031,150075,61577,61461,4359,65820,467
2022-12-20,Lake,033,64148,13345,13254,1245,14499,149
2022-12-20,Lassen,035,31185,10166,10151,1033,11184,66
2022-12-20,Los Angeles,037,10098052,3415186,3399852,203943,3603795,34170
2022-12-20,Madera,039,155013,45469,45290,8674,53964,377
2022-12-20,Marin,041,260295,47636,47457,5542,52999,315
2022-12-20,Mariposa,043,17540,3280,3201,355,3556,32
2022-12-20,Mendocino,045,87422,16549,16435,4698,21133,137
2022-12-20,Merced,047,269075,74995,74498,12472,86970,880
2022-12-20,Modoc,049,8938,927,927,363,1290,11
2022-12-20,Mono,051,14174,3270,3264,287,3551,8
2022-12-20,Monterey,053,433212,96479,96192,22419,118611,776
2022-12-20,Napa,055,140530,33476,33370,1492,34862,163
2022-12-20,Nevada,057,99092,19815,19696,2182,21878,132
2022-12-20,Orange,059,3164182,692866,690845,72297,763142,7628
2022-12-20,Placer,061,380077,79076,78813,10006,88819,669
2022-12-20,Plumas,063,18699,3782,3778,454,4232,13
2022-12-20,Riverside,065,2383286,719465,717576,39309,756885,6738
2022-12-20,Sacramento,067,1510023,362002,361095,36593,397688,3407
2022-12-20,San Benito,069,59416,17212,17109,1062,18171,108
2022-12-20,San Bernardino,071,2135413,695748,693567,33493,727060,8136
2022-12-20,San Diego,073,3302833,960123,957866,77320,1035186,5626
2022-12-20,San Francisco,075,870044,189794,188947,12904,201851,1095
2022-12-20,San Joaquin,077,732212,205314,204712,16284,220996,2353
2022-12-20,San Luis Obispo,079,281455,65059,64748,7692,72440,536
2022-12-20,San Mateo,081,765935,177792,176920,11016,187936,748
2022-12-20,Santa Barbara,083,443738,109469,109074,7321,116395,744
2022-12-20,Santa Clara,085,1922200,460184,459089,20838,479927,2579
2022-12-20,Santa Cruz,087,273765,66747,66560,3717,70277,277
2022-12-20,Shasta,089,179085,36032,35856,8129,43985,601
2022-12-20,Sierra,091,2930,310,308,61,369,5
2022-12-20,Siskiyou,093,43540,5346,5334,3408,8742,95
2022-12-20,Solano,095,438530,110474,109900,8324,118224,474
2022-12-20,Sonoma,097,501317,110971,110643,5574,116217,536
2022-12-20,Stanislaus,099,539301,142261,141956,22399,164355,1795
2022-12-20,Sutter,101,95872,25167,25088,2511,27599,235
2022-12-20,Tehama,103,63373,14241,14127,3332,17459,218
2022-12-20,Trinity,105,12862,1449,1438,477,1915,23
2022-12-20,Tulare,107,460477,125491,124848,38671,163519,1546
2022-12-20,Tuolumne,109,53932,16388,16261,964,17225,209
2022-12-20,Ventura,111,848112,216264,215497,17161,232658,1604
2022-12-20,Yolo,113,214977,49121,48842,4704,53546,422
2022-12-20,Yuba,115,75493,19594,19553,1803,21356,132
2022-12-19,Alameda,001,1643700,366772,363758,21558,385316,2082
2022-12-19,Alpine,002,1148,139,139,2,141,0
2022-12-19,Amador,005,37829,10299,10236,956,11192,96
2022-12-19,Butte,007,227075,40975,40800,9828,50628,471
2022-12-19,Calaveras,009,45235,8819,8758,620,9378,135
2022-12-19,Colusa,011,21464,3894,3882,1319,5201,22
2022-12-19,Contra Costa,013,1133247,264088,261280,21771,283051,1491
2022-12-19,Del Norte,015,27424,7687,7586,418,8004,56
2022-12-19,El Dorado,017,186661,33795,33598,4452,38050,235
2022-12-19,Fresno,019,978130,288035,283068,33672,316740,2905
2022-12-19,Glenn,021,27897,5717,5690,1960,7650,58
2022-12-19,Humboldt,023,135768,22950,22679,5562,28241,161
2022-12-19,Imperial,025,180216,68540,68094,18200,86294,963
2022-12-19,Inyo,027,18085,4672,4649,1195,5844,60
2022-12-19,Kern,029,883053,225253,223971,68766,292737,2444
2022-12-19,Kings,031,150075,61544,61254,4357,65611,466
2022-12-19,Lake,033,64148,13334,13201,1243,14444,149
2022-12-19,Lassen,035,31185,10160,10142,1033,11175,66
2022-12-19,Los Angeles,037,10098052,3412598,3390335,203410,3593745,34114
2022-12-19,Madera,039,155013,45434,45131,8660,53791,377
2022-12-19,Marin,041,260295,47605,47184,5539,52723,315
2022-12-19,Mariposa,043,17540,3273,3202,355,3557,32
2022-12-19,Mendocino,045,87422,16533,16396,4696,21092,136
2022-12-19,Merced,047,269075,74967,74307,12469,86776,880
2022-12-19,Modoc,049,8938,927,918,362,1280,11
2022-12-19,Mono,051,14174,3269,3251,284,3535,8
2022-12-19,Monterey,053,433212,96458,95970,22381,118351,776
2022-12-19,Napa,055,140530,33448,33212,1487,34699,162
2022-12-19,Nevada,057,99092,19808,19663,2175,21838,132
2022-12-19,Orange,059,3164182,692248,687587,72084,759671,7596
2022-12-19,Placer,061,380077,79028,78475,10004,88479,666
2022-12-19,Plumas,063,18699,3780,3769,453,4222,13
2022-12-19,Riverside,065,2383286,718949,714426,39217,753643,6694
2022-12-19,Sacramento,067,1510023,361721,359420,36542,395962,3395
2022-12-19,San Benito,069,59416,17191,17018,1057,18075,108
2022-12-19,San Bernardino,071,2135413,695198,690423,33426,723849,8136
2022-12-19,San Diego,073,3302833,959174,953029,77202,1030231,5608
2022-12-19,San Francisco,075,870044,189611,187665,12893,200558,1087
2022-12-19,San Joaquin,077,732212,205183,203845,16263,220108,2353
2022-12-19,San Luis Obispo,079,281455,65022,64540,7680,72220,533
2022-12-19,San Mateo,081,765935,177614,175963,11007,186970,748
2022-12-19,Santa Barbara,083,443738,109375,108635,7310,115945,743
2022-12-19,Santa Clara,085,1922200,459765,456121,20800,476921,2566
2022-12-19,Santa Cruz,087,273765,66717,66157,3710,69867,275
2022-12-19,Shasta,089,179085,36015,35797,8117,43914,599
2022-12-19,Sierra,091,2930,310,309,61,370,5
2022-12-19,Siskiyou,093,43540,5345,5325,3408,8733,94
2022-12-19,Solano,095,438530,110333,109297,8318,117615,472
2022-12-19,Sonoma,097,501317,110886,110159,5565,115724,533
2022-12-19,Stanislaus,099,539301,142176,141472,22384,163856,1796
2022-12-19,Sutter,101,95872,25140,25020,2509,27529,235
2022-12-19,Tehama,103,63373,14229,14104,3329,17433,218
2022-12-19,Trinity,105,12862,1448,1434,475,1909,23
2022-12-19,Tulare,107,460477,125406,124442,38634,163076,1546
2022-12-19,Tuolumne,109,53932,16380,16161,963,17124,209
2022-12-19,Ventura,111,848112,216081,214659,17127,231786,1597
2022-12-19,Yolo,113,214977,49091,48765,4699,53464,416
2022-12-19,Yuba,115,75493,19582,19482,1800,21282,132
2022-12-18,Alameda,001,1643700,366366,363758,21507,385265,2082
2022-12-18,Alpine,002,1148,139,139,2,141,0
2022-12-18,Amador,005,37829,10292,10236,956,11192,96
2022-12-18,Butte,007,227075,40957,40800,9808,50608,471
2022-12-18,Calaveras,009,45235,8814,8758,615,9373,135
2022-12-18,Colusa,011,21464,3893,3882,1319,5201,22
2022-12-18,Contra Costa,013,1133247,263770,261280,21748,283028,1491
2022-12-18,Del Norte,015,27424,7678,7586,417,8003,56
2022-12-18,El Dorado,017,186661,33769,33598,4446,38044,235
2022-12-18,Fresno,019,978130,287828,283068,33621,316689,2905
2022-12-18,Glenn,021,27897,5715,5690,1958,7648,58
2022-12-18,Humboldt,023,135768,22937,22679,5538,28217,161
2022-12-18,Imperial,025,180216,68488,68094,18152,86246,963
2022-12-18,Inyo,027,18085,4669,4649,1193,5842,60
2022-12-18,Kern,029,883053,225087,223971,68656,292627,2444
2022-12-18,Kings,031,150075,61495,61254,4354,65608,466
2022-12-18,Lake,033,64148,13318,13201,1243,14444,149
2022-12-18,Lassen,035,31185,10158,10142,1033,11175,66
2022-12-18,Los Angeles,037,10098052,3409827,3390335,202895,3593230,34114
2022-12-18,Madera,039,155013,45402,45131,8644,53775,377
2022-12-18,Marin,041,260295,47559,47184,5526,52710,315
2022-12-18,Mariposa,043,17540,3271,3202,355,3557,32
2022-12-18,Mendocino,045,87422,16517,16396,4688,21084,136
2022-12-18,Merced,047,269075,74923,74307,12453,86760,880
2022-12-18,Modoc,049,8938,927,918,360,1278,11
2022-12-18,Mono,051,14174,3264,3251,284,3535,8
2022-12-18,Monterey,053,433212,96411,95970,22355,118325,776
2022-12-18,Napa,055,140530,33396,33212,1484,34696,162
2022-12-18,Nevada,057,99092,19790,19663,2170,21833,132
2022-12-18,Orange,059,3164182,691655,687587,71864,759451,7596
2022-12-18,Placer,061,380077,78961,78475,9994,88469,666
2022-12-18,Plumas,063,18699,3778,3769,453,4222,13
2022-12-18,Riverside,065,2383286,718377,714426,39091,753517,6694
2022-12-18,Sacramento,067,1510023,361403,359420,36479,395899,3395
2022-12-18,San Benito,069,59416,17177,17018,1057,18075,108
2022-12-18,San Bernardino,071,2135413,694606,690423,33353,723776,8136
2022-12-18,San Diego,073,3302833,958283,953029,77102,1030131,5608
2022-12-18,San Francisco,075,870044,189350,187665,12879,200544,1087
2022-12-18,San Joaquin,077,732212,205019,203845,16245,220090,2353
2022-12-18,San Luis Obispo,079,281455,64974,64540,7651,72191,533
2022-12-18,San Mateo,081,765935,177435,175963,10987,186950,748
2022-12-18,Santa Barbara,083,443738,109276,108635,7298,115933,743
2022-12-18,Santa Clara,085,1922200,459244,456121,20761,476882,2566
2022-12-18,Santa Cruz,087,273765,66682,66157,3708,69865,275
2022-12-18,Shasta,089,179085,36004,35797,8108,43905,599
2022-12-18,Sierra,091,2930,310,309,61,370,5
2022-12-18,Siskiyou,093,43540,5340,5325,3405,8730,94
2022-12-18,Solano,095,438530,110192,109297,8311,117608,472
2022-12-18,Sonoma,097,501317,110806,110159,5558,115717,533
2022-12-18,Stanislaus,099,539301,142085,141472,22360,163832,1796
2022-12-18,Sutter,101,95872,25128,25020,2508,27528,235
2022-12-18,Tehama,103,63373,14218,14104,3326,17430,218
2022-12-18,Trinity,105,12862,1448,1434,474,1908,23
2022-12-18,Tulare,107,460477,125292,124442,38576,163018,1546
2022-12-18,Tuolumne,109,53932,16367,16161,963,17124,209
2022-12-18,Ventura,111,848112,215900,214659,17085,231744,1597
2022-12-18,Yolo,113,214977,49064,48765,4692,53457,416
2022-12-18,Yuba,115,75493,19559,19482,1795,21277,132
2022-12-17,Alameda,001,1643700,366152,363758,21487,385245,2082
2022-12-17,Alpine,002,1148,139,139,2,141,0
2022-12-17,Amador,005,37829,10286,10236,955,11191,96
2022-12-17,Butte,007,227075,40941,40800,9797,50597,471
2022-12-17,Calaveras,009,45235,8810,8758,611,9369,135
2022-12-17,Colusa,011,21464,3893,3882,1319,5201,22
2022-12-17,Contra Costa,013,1133247,263598,261280,21737,283017,1491
2022-12-17,Del Norte,015,27424,7675,7586,417,8003,56
2022-12-17,El Dorado,017,186661,33755,33598,4446,38044,235
2022-12-17,Fresno,019,978130,287727,283068,33592,316660,2905
2022-12-17,Glenn,021,27897,5713,5690,1958,7648,58
2022-12-17,Humboldt,023,135768,22919,22679,5531,28210,161
2022-12-17,Imperial,025,180216,68473,68094,18147,86241,963
2022-12-17,Inyo,027,18085,4669,4649,1192,5841,60
2022-12-17,Kern,029,883053,225033,223971,68593,292564,2444
2022-12-17,Kings,031,150075,61482,61254,4353,65607,466
2022-12-17,Lake,033,64148,13313,13201,1242,14443,149
2022-12-17,Lassen,035,31185,10158,10142,1033,11175,66
2022-12-17,Los Angeles,037,10098052,3408547,3390335,202638,3592973,34114
2022-12-17,Madera,039,155013,45382,45131,8639,53770,377
2022-12-17,Marin,041,260295,47541,47184,5521,52705,315
2022-12-17,Mariposa,043,17540,3271,3202,355,3557,32
2022-12-17,Mendocino,045,87422,16514,16396,4684,21080,136
2022-12-17,Merced,047,269075,74904,74307,12444,86751,880
2022-12-17,Modoc,049,8938,927,918,360,1278,11
2022-12-17,Mono,051,14174,3263,3251,284,3535,8
2022-12-17,Monterey,053,433212,96385,95970,22344,118314,776
2022-12-17,Napa,055,140530,33386,33212,1483,34695,162
2022-12-17,Nevada,057,99092,19779,19663,2170,21833,132
2022-12-17,Orange,059,3164182,691365,687587,71720,759307,7596
2022-12-17,Placer,061,380077,78918,78475,9993,88468,666
2022-12-17,Plumas,063,18699,3778,3769,453,4222,13
2022-12-17,Riverside,065,2383286,718026,714426,39019,753445,6694
2022-12-17,Sacramento,067,1510023,361281,359420,36465,395885,3395
2022-12-17,San Benito,069,59416,17168,17018,1055,18073,108
2022-12-17,San Bernardino,071,2135413,694307,690423,33320,723743,8136
2022-12-17,San Diego,073,3302833,957872,953029,77063,1030092,5608
2022-12-17,San Francisco,075,870044,189242,187665,12872,200537,1087
2022-12-17,San Joaquin,077,732212,204951,203845,16233,220078,2353
2022-12-17,San Luis Obispo,079,281455,64956,64540,7643,72183,533
2022-12-17,San Mateo,081,765935,177348,175963,10972,186935,748
2022-12-17,Santa Barbara,083,443738,109232,108635,7284,115919,743
2022-12-17,Santa Clara,085,1922200,459008,456121,20733,476854,2566
2022-12-17,Santa Cruz,087,273765,66666,66157,3706,69863,275
2022-12-17,Shasta,089,179085,35994,35797,8108,43905,599
2022-12-17,Sierra,091,2930,310,309,61,370,5
2022-12-17,Siskiyou,093,43540,5340,5325,3405,8730,94
2022-12-17,Solano,095,438530,110154,109297,8307,117604,472
2022-12-17,Sonoma,097,501317,110751,110159,5549,115708,533
2022-12-17,Stanislaus,099,539301,142035,141472,22352,163824,1796
2022-12-17,Sutter,101,95872,25121,25020,2507,27527,235
2022-12-17,Tehama,103,63373,14214,14104,3323,17427,218
2022-12-17,Trinity,105,12862,1448,1434,473,1907,23
2022-12-17,Tulare,107,460477,125239,124442,38547,162989,1546
2022-12-17,Tuolumne,109,53932,16360,16161,962,17123,209
2022-12-17,Ventura,111,848112,215804,214659,17056,231715,1597
2022-12-17,Yolo,113,214977,49041,48765,4687,53452,416
2022-12-17,Yuba,115,75493,19552,19482,1795,21277,132
2022-12-16,Alameda,001,1643700,365922,363758,21463,385221,2082
2022-12-16,Alpine,002,1148,139,139,2,141,0
2022-12-16,Amador,005,37829,10280,10236,955,11191,96
2022-12-16,Butte,007,227075,40934,40800,9788,50588,471
2022-12-16,Calaveras,009,45235,8806,8758,610,9368,135
2022-12-16,Colusa,011,21464,3892,3882,1319,5201,22
2022-12-16,Contra Costa,013,1133247,263413,261280,21722,283002,1491
2022-12-16,Del Norte,015,27424,7671,7586,417,8003,56
2022-12-16,El Dorado,017,186661,33733,33598,4446,38044,235
2022-12-16,Fresno,019,978130,287594,283068,33566,316634,2905
2022-12-16,Glenn,021,27897,5712,5690,1956,7646,58
2022-12-16,Humboldt,023,135768,22908,22679,5526,28205,161
2022-12-16,Imperial,025,180216,68465,68094,18136,86230,963
2022-12-16,Inyo,027,18085,4667,4649,1188,5837,60
2022-12-16,Kern,029,883053,224941,223971,68530,292501,2444
2022-12-16,Kings,031,150075,61459,61254,4352,65606,466
2022-12-16,Lake,033,64148,13303,13201,1241,14442,149
2022-12-16,Lassen,035,31185,10155,10142,1033,11175,66
2022-12-16,Los Angeles,037,10098052,3407086,3390335,202319,3592654,34114
2022-12-16,Madera,039,155013,45361,45131,8635,53766,377
2022-12-16,Marin,041,260295,47501,47184,5520,52704,315
2022-12-16,Mariposa,043,17540,3267,3202,355,3557,32
2022-12-16,Mendocino,045,87422,16499,16396,4684,21080,136
2022-12-16,Merced,047,269075,74884,74307,12437,86744,880
2022-12-16,Modoc,049,8938,927,918,360,1278,11
2022-12-16,Mono,051,14174,3260,3251,284,3535,8
2022-12-16,Monterey,053,433212,96362,95970,22333,118303,776
2022-12-16,Napa,055,140530,33362,33212,1483,34695,162
2022-12-16,Nevada,057,99092,19776,19663,2167,21830,132
2022-12-16,Orange,059,3164182,691056,687587,71571,759158,7596
2022-12-16,Placer,061,380077,78884,78475,9988,88463,666
2022-12-16,Plumas,063,18699,3777,3769,453,4222,13
2022-12-16,Riverside,065,2383286,717701,714426,38962,753388,6694
2022-12-16,Sacramento,067,1510023,361120,359420,36447,395867,3395
2022-12-16,San Benito,069,59416,17156,17018,1054,18072,108
2022-12-16,San Bernardino,071,2135413,693998,690423,33278,723701,8136
2022-12-16,San Diego,073,3302833,957414,953029,77017,1030046,5608
2022-12-16,San Francisco,075,870044,189125,187665,12853,200518,1087
2022-12-16,San Joaquin,077,732212,204869,203845,16221,220066,2353
2022-12-16,San Luis Obispo,079,281455,64944,64540,7639,72179,533
2022-12-16,San Mateo,081,765935,177264,175963,10961,186924,748
2022-12-16,Santa Barbara,083,443738,109185,108635,7283,115918,743
2022-12-16,Santa Clara,085,1922200,458738,456121,20706,476827,2566
2022-12-16,Santa Cruz,087,273765,66640,66157,3703,69860,275
2022-12-16,Shasta,089,179085,35987,35797,8104,43901,599
2022-12-16,Sierra,091,2930,310,309,61,370,5
2022-12-16,Siskiyou,093,43540,5338,5325,3405,8730,94
2022-12-16,Solano,095,438530,110088,109297,8300,117597,472
2022-12-16,Sonoma,097,501317,110690,110159,5545,115704,533
2022-12-16,Stanislaus,099,539301,141994,141472,22351,163823,1796
2022-12-16,Sutter,101,95872,25107,25020,2507,27527,235
2022-12-16,Tehama,103,63373,14205,14104,3322,17426,218
2022-12-16,Trinity,105,12862,1448,1434,473,1907,23
2022-12-16,Tulare,107,460477,125187,124442,38518,162960,1546
2022-12-16,Tuolumne,109,53932,16347,16161,962,17123,209
2022-12-16,Ventura,111,848112,215719,214659,17037,231696,1597
2022-12-16,Yolo,113,214977,49021,48765,4685,53450,416
2022-12-16,Yuba,115,75493,19545,19482,1795,21277,132
2022-12-15,Alameda,001,1643700,365597,363758,21412,385170,2082
2022-12-15,Alpine,002,1148,139,139,2,141,0
2022-12-15,Amador,005,37829,10271,10236,955,11191,96
2022-12-15,Butte,007,227075,40914,40800,9769,50569,471
2022-12-15,Calaveras,009,45235,8803,8758,608,9366,135
2022-12-15,Colusa,011,21464,3890,3882,1319,5201,22
2022-12-15,Contra Costa,013,1133247,263167,261280,21707,282987,1491
2022-12-15,Del Norte,015,27424,7665,7586,417,8003,56
2022-12-15,El Dorado,017,186661,33712,33598,4440,38038,235
2022-12-15,Fresno,019,978130,287439,283068,33517,316585,2905
2022-12-15,Glenn,021,27897,5709,5690,1954,7644,58
2022-12-15,Humboldt,023,135768,22897,22679,5519,28198,161
2022-12-15,Imperial,025,180216,68430,68094,18107,86201,963
2022-12-15,Inyo,027,18085,4666,4649,1186,5835,60
2022-12-15,Kern,029,883053,224795,223971,68419,292390,2444
2022-12-15,Kings,031,150075,61439,61254,4347,65601,466
2022-12-15,Lake,033,64148,13296,13201,1241,14442,149
2022-12-15,Lassen,035,31185,10153,10142,1031,11173,66
2022-12-15,Los Angeles,037,10098052,3405077,3390335,201939,3592274,34114
2022-12-15,Madera,039,155013,45339,45131,8621,53752,377
2022-12-15,Marin,041,260295,47456,47184,5520,52704,315
2022-12-15,Mariposa,043,17540,3264,3202,354,3556,32
2022-12-15,Mendocino,045,87422,16490,16396,4682,21078,136
2022-12-15,Merced,047,269075,74851,74307,12436,86743,880
2022-12-15,Modoc,049,8938,927,918,360,1278,11
2022-12-15,Mono,051,14174,3259,3251,282,3533,8
2022-12-15,Monterey,053,433212,96331,95970,22308,118278,776
2022-12-15,Napa,055,140530,33334,33212,1481,34693,162
2022-12-15,Nevada,057,99092,19770,19663,2156,21819,132
2022-12-15,Orange,059,3164182,690620,687587,71421,759008,7596
2022-12-15,Placer,061,380077,78833,78475,9975,88450,666
2022-12-15,Plumas,063,18699,3776,3769,453,4222,13
2022-12-15,Riverside,065,2383286,717280,714426,38883,753309,6694
2022-12-15,Sacramento,067,1510023,360841,359420,36414,395834,3395
2022-12-15,San Benito,069,59416,17146,17018,1053,18071,108
2022-12-15,San Bernardino,071,2135413,693580,690423,33227,723650,8136
2022-12-15,San Diego,073,3302833,956727,953029,76912,1029941,5608
2022-12-15,San Francisco,075,870044,188939,187665,12837,200502,1087
2022-12-15,San Joaquin,077,732212,204743,203845,16195,220040,2353
2022-12-15,San Luis Obispo,079,281455,64899,64540,7620,72160,533
2022-12-15,San Mateo,081,765935,177136,175963,10944,186907,748
2022-12-15,Santa Barbara,083,443738,109125,108635,7276,115911,743
2022-12-15,Santa Clara,085,1922200,458331,456121,20686,476807,2566
2022-12-15,Santa Cruz,087,273765,66613,66157,3696,69853,275
2022-12-15,Shasta,089,179085,35969,35797,8094,43891,599
2022-12-15,Sierra,091,2930,310,309,61,370,5
2022-12-15,Siskiyou,093,43540,5336,5325,3403,8728,94
2022-12-15,Solano,095,438530,110001,109297,8293,117590,472
2022-12-15,Sonoma,097,501317,110639,110159,5535,115694,533
2022-12-15,Stanislaus,099,539301,141927,141472,22345,163817,1796
2022-12-15,Sutter,101,95872,25098,25020,2507,27527,235
2022-12-15,Tehama,103,63373,14196,14104,3319,17423,218
2022-12-15,Trinity,105,12862,1448,1434,472,1906,23
2022-12-15,Tulare,107,460477,125137,124442,38471,162913,1546
2022-12-15,Tuolumne,109,53932,16336,16161,960,17121,209
2022-12-15,Ventura,111,848112,215577,214659,17013,231672,1597
2022-12-15,Yolo,113,214977,48993,48765,4683,53448,416
2022-12-15,Yuba,115,75493,19534,19482,1794,21276,132
2022-12-14,Alameda,001,1643700,365266,363758,21371,385129,2082
2022-12-14,Alpine,002,1148,139,139,2,141,0
2022-12-14,Amador,005,37829,10269,10236,954,11190,96
2022-12-14,Butte,007,227075,40900,40800,9749,50549,471
2022-12-14,Calaveras,009,45235,8797,8758,608,9366,135
2022-12-14,Colusa,011,21464,3886,3882,1319,5201,22
2022-12-14,Contra Costa,013,1133247,262957,261280,21681,282961,1491
2022-12-14,Del Norte,015,27424,7660,7586,415,8001,56
2022-12-14,El Dorado,017,186661,33694,33598,4438,38036,235
2022-12-14,Fresno,019,978130,287254,283068,33480,316548,2905
2022-12-14,Glenn,021,27897,5706,5690,1954,7644,58
2022-12-14,Humboldt,023,135768,22877,22679,5512,28191,161
2022-12-14,Imperial,025,180216,68380,68094,18065,86159,963
2022-12-14,Inyo,027,18085,4664,4649,1181,5830,60
2022-12-14,Kern,029,883053,224626,223971,68326,292297,2444
2022-12-14,Kings,031,150075,61403,61254,4344,65598,466
2022-12-14,Lake,033,64148,13285,13201,1239,14440,149
2022-12-14,Lassen,035,31185,10152,10142,1031,11173,66
2022-12-14,Los Angeles,037,10098052,3402729,3390335,201468,3591803,34114
2022-12-14,Madera,039,155013,45311,45131,8615,53746,377
2022-12-14,Marin,041,260295,47418,47184,5516,52700,315
2022-12-14,Mariposa,043,17540,3260,3202,354,3556,32
2022-12-14,Mendocino,045,87422,16484,16396,4681,21077,136
2022-12-14,Merced,047,269075,74815,74307,12420,86727,880
2022-12-14,Modoc,049,8938,927,918,360,1278,11
2022-12-14,Mono,051,14174,3259,3251,281,3532,8
2022-12-14,Monterey,053,433212,96305,95970,22274,118244,776
2022-12-14,Napa,055,140530,33316,33212,1480,34692,162
2022-12-14,Nevada,057,99092,19760,19663,2153,21816,132
2022-12-14,Orange,059,3164182,690138,687587,71265,758852,7596
2022-12-14,Placer,061,380077,78771,78475,9968,88443,666
2022-12-14,Plumas,063,18699,3776,3769,452,4221,13
2022-12-14,Riverside,065,2383286,716866,714426,38802,753228,6694
2022-12-14,Sacramento,067,1510023,360594,359420,36375,395795,3395
2022-12-14,San Benito,069,59416,17134,17018,1052,18070,108
2022-12-14,San Bernardino,071,2135413,693110,690423,33168,723591,8136
2022-12-14,San Diego,073,3302833,955960,953029,76794,1029823,5608
2022-12-14,San Francisco,075,870044,188786,187665,12833,200498,1087
2022-12-14,San Joaquin,077,732212,204595,203845,16181,220026,2353
2022-12-14,San Luis Obispo,079,281455,64864,64540,7596,72136,533
2022-12-14,San Mateo,081,765935,176989,175963,10930,186893,748
2022-12-14,Santa Barbara,083,443738,109045,108635,7267,115902,743
2022-12-14,Santa Clara,085,1922200,457943,456121,20663,476784,2566
2022-12-14,Santa Cruz,087,273765,66581,66157,3693,69850,275
2022-12-14,Shasta,089,179085,35940,35797,8085,43882,599
2022-12-14,Sierra,091,2930,310,309,61,370,5
2022-12-14,Siskiyou,093,43540,5335,5325,3402,8727,94
2022-12-14,Solano,095,438530,109913,109297,8282,117579,472
2022-12-14,Sonoma,097,501317,110579,110159,5525,115684,533
2022-12-14,Stanislaus,099,539301,141847,141472,22324,163796,1796
2022-12-14,Sutter,101,95872,25090,25020,2507,27527,235
2022-12-14,Tehama,103,63373,14184,14104,3316,17420,218
2022-12-14,Trinity,105,12862,1448,1434,467,1901,23
2022-12-14,Tulare,107,460477,125074,124442,38424,162866,1546
2022-12-14,Tuolumne,109,53932,16318,16161,959,17120,209
2022-12-14,Ventura,111,848112,215425,214659,16994,231653,1597
2022-12-14,Yolo,113,214977,48967,48765,4672,53437,416
2022-12-14,Yuba,115,75493,19521,19482,1793,21275,132
2022-12-13,Alameda,001,1643700,364887,363758,21326,385084,2082
2022-12-13,Alpine,002,1148,139,139,2,141,0
2022-12-13,Amador,005,37829,10265,10236,954,11190,96
2022-12-13,Butte,007,227075,40870,40800,9736,50536,471
2022-12-13,Calaveras,009,45235,8794,8758,608,9366,135
2022-12-13,Colusa,011,21464,3883,3882,1319,5201,22
2022-12-13,Contra Costa,013,1133247,262694,261280,21659,282939,1491
2022-12-13,Del Norte,015,27424,7655,7586,415,8001,56
2022-12-13,El Dorado,017,186661,33660,33598,4434,38032,235
2022-12-13,Fresno,019,978130,287082,283068,33450,316518,2905
2022-12-13,Glenn,021,27897,5704,5690,1953,7643,58
2022-12-13,Humboldt,023,135768,22853,22679,5506,28185,161
2022-12-13,Imperial,025,180216,68336,68094,18016,86110,963
2022-12-13,Inyo,027,18085,4662,4649,1177,5826,60
2022-12-13,Kern,029,883053,224500,223971,68206,292177,2444
2022-12-13,Kings,031,150075,61362,61254,4337,65591,466
2022-12-13,Lake,033,64148,13272,13201,1239,14440,149
2022-12-13,Lassen,035,31185,10152,10142,1031,11173,66
2022-12-13,Los Angeles,037,10098052,3400175,3390335,201027,3591362,34114
2022-12-13,Madera,039,155013,45281,45131,8601,53732,377
2022-12-13,Marin,041,260295,47378,47184,5513,52697,315
2022-12-13,Mariposa,043,17540,3255,3202,354,3556,32
2022-12-13,Mendocino,045,87422,16479,16396,4672,21068,136
2022-12-13,Merced,047,269075,74771,74307,12414,86721,880
2022-12-13,Modoc,049,8938,925,918,358,1276,11
2022-12-13,Mono,051,14174,3258,3251,281,3532,8
2022-12-13,Monterey,053,433212,96260,95970,22251,118221,776
2022-12-13,Napa,055,140530,33298,33212,1480,34692,162
2022-12-13,Nevada,057,99092,19752,19663,2139,21802,132
2022-12-13,Orange,059,3164182,689604,687587,71127,758714,7596
2022-12-13,Placer,061,380077,78698,78475,9959,88434,666
2022-12-13,Plumas,063,18699,3773,3769,452,4221,13
2022-12-13,Riverside,065,2383286,716355,714426,38733,753159,6694
2022-12-13,Sacramento,067,1510023,360290,359420,36329,395749,3395
2022-12-13,San Benito,069,59416,17116,17018,1050,18068,108
2022-12-13,San Bernardino,071,2135413,692599,690423,33123,723546,8136
2022-12-13,San Diego,073,3302833,955199,953029,76684,1029713,5608
2022-12-13,San Francisco,075,870044,188593,187665,12825,200490,1087
2022-12-13,San Joaquin,077,732212,204442,203845,16148,219993,2353
2022-12-13,San Luis Obispo,079,281455,64814,64540,7581,72121,533
2022-12-13,San Mateo,081,765935,176858,175963,10919,186882,748
2022-12-13,Santa Barbara,083,443738,108966,108635,7259,115894,743
2022-12-13,Santa Clara,085,1922200,457504,456121,20633,476754,2566
2022-12-13,Santa Cruz,087,273765,66545,66157,3688,69845,275
2022-12-13,Shasta,089,179085,35924,35797,8073,43870,599
2022-12-13,Sierra,091,2930,310,309,61,370,5
2022-12-13,Siskiyou,093,43540,5335,5325,3399,8724,94
2022-12-13,Solano,095,438530,109813,109297,8276,117573,472
2022-12-13,Sonoma,097,501317,110516,110159,5518,115677,533
2022-12-13,Stanislaus,099,539301,141779,141472,22305,163777,1796
2022-12-13,Sutter,101,95872,25075,25020,2506,27526,235
2022-12-13,Tehama,103,63373,14171,14104,3312,17416,218
2022-12-13,Trinity,105,12862,1448,1434,464,1898,23
2022-12-13,Tulare,107,460477,125014,124442,38374,162816,1546
2022-12-13,Tuolumne,109,53932,16306,16161,959,17120,209
2022-12-13,Ventura,111,848112,215290,214659,16960,231619,1597
2022-12-13,Yolo,113,214977,48944,48765,4665,53430,416
2022-12-13,Yuba,115,75493,19513,19482,1791,21273,132
2022-12-12,Alameda,001,1643700,364484,360943,21279,382222,2081
2022-12-12,Alpine,002,1148,139,139,2,141,0
2022-12-12,Amador,005,37829,10257,10196,952,11148,96
2022-12-12,Butte,007,227075,40847,40598,9725,50323,470
2022-12-12,Calaveras,009,45235,8790,8727,606,9333,135
2022-12-12,Colusa,011,21464,3882,3869,1319,5188,22
2022-12-12,Contra Costa,013,1133247,262419,259434,21635,281069,1487
2022-12-12,Del Norte,015,27424,7648,7563,414,7977,56
2022-12-12,El Dorado,017,186661,33635,33447,4430,37877,235
2022-12-12,Fresno,019,978130,286870,281598,33400,314998,2899
2022-12-12,Glenn,021,27897,5696,5668,1953,7621,58
2022-12-12,Humboldt,023,135768,22837,22566,5499,28065,161
2022-12-12,Imperial,025,180216,68278,67632,17973,85605,962
2022-12-12,Inyo,027,18085,4660,4627,1170,5797,60
2022-12-12,Kern,029,883053,224335,222985,68093,291078,2437
2022-12-12,Kings,031,150075,61315,60965,4334,65299,464
2022-12-12,Lake,033,64148,13264,13140,1238,14378,149
2022-12-12,Lassen,035,31185,10152,10128,1030,11158,66
2022-12-12,Los Angeles,037,10098052,3397417,3370904,200592,3571496,34009
2022-12-12,Madera,039,155013,45249,44902,8594,53496,379
2022-12-12,Marin,041,260295,47336,46842,5507,52349,315
2022-12-12,Mariposa,043,17540,3248,3190,354,3544,32
2022-12-12,Mendocino,045,87422,16467,16350,4670,21020,136
2022-12-12,Merced,047,269075,74714,73999,12399,86398,877
2022-12-12,Modoc,049,8938,919,908,354,1262,11
2022-12-12,Mono,051,14174,3258,3238,281,3519,8
2022-12-12,Monterey,053,433212,96227,95709,22223,117932,776
2022-12-12,Napa,055,140530,33267,33043,1479,34522,164
2022-12-12,Nevada,057,99092,19736,19565,2134,21699,132
2022-12-12,Orange,059,3164182,689033,684112,70967,755079,7576
2022-12-12,Placer,061,380077,78666,78117,9947,88064,665
2022-12-12,Plumas,063,18699,3773,3762,452,4214,13
2022-12-12,Riverside,065,2383286,715853,710833,38642,749475,6697
2022-12-12,Sacramento,067,1510023,359999,357413,36277,393690,3382
2022-12-12,San Benito,069,59416,17086,16829,1046,17875,108
2022-12-12,San Bernardino,071,2135413,692029,686731,33063,719794,8135
2022-12-12,San Diego,073,3302833,954326,948180,76561,1024741,5584
2022-12-12,San Francisco,075,870044,188395,186203,12816,199019,1081
2022-12-12,San Joaquin,077,732212,204333,202515,16121,218636,2354
2022-12-12,San Luis Obispo,079,281455,64780,64350,7565,71915,533
2022-12-12,San Mateo,081,765935,176699,174791,10909,185700,749
2022-12-12,Santa Barbara,083,443738,108908,108151,7250,115401,739
2022-12-12,Santa Clara,085,1922200,456975,448654,20596,469250,2565
2022-12-12,Santa Cruz,087,273765,66458,65656,3684,69340,275
2022-12-12,Shasta,089,179085,35906,35666,8062,43728,598
2022-12-12,Sierra,091,2930,310,308,61,369,5
2022-12-12,Siskiyou,093,43540,5330,5442,3396,8838,95
2022-12-12,Solano,095,438530,109697,108649,8265,116914,473
2022-12-12,Sonoma,097,501317,110407,109622,5509,115131,531
2022-12-12,Stanislaus,099,539301,141702,140827,22295,163122,1785
2022-12-12,Sutter,101,95872,25059,24906,2506,27412,234
2022-12-12,Tehama,103,63373,14162,14004,3306,17310,218
2022-12-12,Trinity,105,12862,1446,1431,463,1894,23
2022-12-12,Tulare,107,460477,124939,123976,38325,162301,1546
2022-12-12,Tuolumne,109,53932,16292,16054,959,17013,208
2022-12-12,Ventura,111,848112,215148,213720,16937,230657,1598
2022-12-12,Yolo,113,214977,48919,48547,4649,53196,416
2022-12-12,Yuba,115,75493,19501,19399,1786,21185,132
2022-12-11,Alameda,001,1643700,364064,360943,21237,382180,2081
2022-12-11,Alpine,002,1148,139,139,2,141,0
2022-12-11,Amador,005,37829,10255,10196,951,11147,96
2022-12-11,Butte,007,227075,40819,40598,9719,50317,470
2022-12-11,Calaveras,009,45235,8780,8727,603,9330,135
2022-12-11,Colusa,011,21464,3881,3869,1319,5188,22
2022-12-11,Contra Costa,013,1133247,262073,259434,21603,281037,1487
2022-12-11,Del Norte,015,27424,7640,7563,413,7976,56
2022-12-11,El Dorado,017,186661,33612,33447,4427,37874,235
2022-12-11,Fresno,019,978130,286619,281598,33343,314941,2899
2022-12-11,Glenn,021,27897,5694,5668,1948,7616,58
2022-12-11,Humboldt,023,135768,22823,22566,5484,28050,161
2022-12-11,Imperial,025,180216,68204,67632,17878,85510,962
2022-12-11,Inyo,027,18085,4659,4627,1164,5791,60
2022-12-11,Kern,029,883053,224122,222985,67973,290958,2437
2022-12-11,Kings,031,150075,61283,60965,4328,65293,464
2022-12-11,Lake,033,64148,13257,13140,1238,14378,149
2022-12-11,Lassen,035,31185,10149,10128,1028,11156,66
2022-12-11,Los Angeles,037,10098052,3394225,3370904,200031,3570935,34009
2022-12-11,Madera,039,155013,45207,44902,8584,53486,379
2022-12-11,Marin,041,260295,47276,46842,5503,52345,315
2022-12-11,Mariposa,043,17540,3247,3190,353,3543,32
2022-12-11,Mendocino,045,87422,16456,16350,4661,21011,136
2022-12-11,Merced,047,269075,74655,73999,12372,86371,877
2022-12-11,Modoc,049,8938,919,908,354,1262,11
2022-12-11,Mono,051,14174,3257,3238,280,3518,8
2022-12-11,Monterey,053,433212,96165,95709,22200,117909,776
2022-12-11,Napa,055,140530,33227,33043,1473,34516,164
2022-12-11,Nevada,057,99092,19720,19565,2126,21691,132
2022-12-11,Orange,059,3164182,688384,684112,70766,754878,7576
2022-12-11,Placer,061,380077,78610,78117,9936,88053,665
2022-12-11,Plumas,063,18699,3771,3762,452,4214,13
2022-12-11,Riverside,065,2383286,715300,710833,38515,749348,6697
2022-12-11,Sacramento,067,1510023,359662,357413,36209,393622,3382
2022-12-11,San Benito,069,59416,17076,16829,1046,17875,108
2022-12-11,San Bernardino,071,2135413,691388,686731,33005,719736,8135
2022-12-11,San Diego,073,3302833,953447,948180,76387,1024567,5584
2022-12-11,San Francisco,075,870044,188121,186203,12793,198996,1081
2022-12-11,San Joaquin,077,732212,204141,202515,16087,218602,2354
2022-12-11,San Luis Obispo,079,281455,64722,64350,7544,71894,533
2022-12-11,San Mateo,081,765935,176503,174791,10895,185686,749
2022-12-11,Santa Barbara,083,443738,108797,108151,7224,115375,739
2022-12-11,Santa Clara,085,1922200,456353,448654,20545,469199,2565
2022-12-11,Santa Cruz,087,273765,66340,65656,3681,69337,275
2022-12-11,Shasta,089,179085,35889,35666,8041,43707,598
2022-12-11,Sierra,091,2930,310,308,61,369,5
2022-12-11,Siskiyou,093,43540,5326,5442,3393,8835,95
2022-12-11,Solano,095,438530,109568,108649,8259,116908,473
2022-12-11,Sonoma,097,501317,110277,109622,5499,115121,531
2022-12-11,Stanislaus,099,539301,141593,140827,22273,163100,1785
2022-12-11,Sutter,101,95872,25042,24906,2505,27411,234
2022-12-11,Tehama,103,63373,14148,14004,3298,17302,218
2022-12-11,Trinity,105,12862,1445,1431,462,1893,23
2022-12-11,Tulare,107,460477,124838,123976,38278,162254,1546
2022-12-11,Tuolumne,109,53932,16276,16054,958,17012,208
2022-12-11,Ventura,111,848112,214984,213720,16896,230616,1598
2022-12-11,Yolo,113,214977,48894,48547,4639,53186,416
2022-12-11,Yuba,115,75493,19483,19399,1782,21181,132
2022-12-10,Alameda,001,1643700,363823,360943,21208,382151,2081
2022-12-10,Alpine,002,1148,139,139,2,141,0
2022-12-10,Amador,005,37829,10251,10196,951,11147,96
2022-12-10,Butte,007,227075,40805,40598,9711,50309,470
2022-12-10,Calaveras,009,45235,8775,8727,601,9328,135
2022-12-10,Colusa,011,21464,3880,3869,1319,5188,22
2022-12-10,Contra Costa,013,1133247,261904,259434,21595,281029,1487
2022-12-10,Del Norte,015,27424,7635,7563,413,7976,56
2022-12-10,El Dorado,017,186661,33597,33447,4427,37874,235
2022-12-10,Fresno,019,978130,286507,281598,33330,314928,2899
2022-12-10,Glenn,021,27897,5693,5668,1947,7615,58
2022-12-10,Humboldt,023,135768,22807,22566,5476,28042,161
2022-12-10,Imperial,025,180216,68184,67632,17871,85503,962
2022-12-10,Inyo,027,18085,4655,4627,1160,5787,60
2022-12-10,Kern,029,883053,224030,222985,67900,290885,2437
2022-12-10,Kings,031,150075,61272,60965,4328,65293,464
2022-12-10,Lake,033,64148,13252,13140,1238,14378,149
2022-12-10,Lassen,035,31185,10148,10128,1028,11156,66
2022-12-10,Los Angeles,037,10098052,3392788,3370904,199770,3570674,34009
2022-12-10,Madera,039,155013,45194,44902,8581,53483,379
2022-12-10,Marin,041,260295,47245,46842,5499,52341,315
2022-12-10,Mariposa,043,17540,3247,3190,353,3543,32
2022-12-10,Mendocino,045,87422,16451,16350,4660,21010,136
2022-12-10,Merced,047,269075,74632,73999,12365,86364,877
2022-12-10,Modoc,049,8938,919,908,354,1262,11
2022-12-10,Mono,051,14174,3256,3238,280,3518,8
2022-12-10,Monterey,053,433212,96132,95709,22186,117895,776
2022-12-10,Napa,055,140530,33214,33043,1473,34516,164
2022-12-10,Nevada,057,99092,19714,19565,2124,21689,132
2022-12-10,Orange,059,3164182,688105,684112,70650,754762,7576
2022-12-10,Placer,061,380077,78568,78117,9931,88048,665
2022-12-10,Plumas,063,18699,3769,3762,452,4214,13
2022-12-10,Riverside,065,2383286,714982,710833,38458,749291,6697
2022-12-10,Sacramento,067,1510023,359519,357413,36193,393606,3382
2022-12-10,San Benito,069,59416,17058,16829,1044,17873,108
2022-12-10,San Bernardino,071,2135413,691080,686731,32963,719694,8135
2022-12-10,San Diego,073,3302833,953081,948180,76336,1024516,5584
2022-12-10,San Francisco,075,870044,187975,186203,12790,198993,1081
2022-12-10,San Joaquin,077,732212,204055,202515,16067,218582,2354
2022-12-10,San Luis Obispo,079,281455,64702,64350,7538,71888,533
2022-12-10,San Mateo,081,765935,176395,174791,10887,185678,749
2022-12-10,Santa Barbara,083,443738,108747,108151,7214,115365,739
2022-12-10,Santa Clara,085,1922200,456060,448654,20525,469179,2565
2022-12-10,Santa Cruz,087,273765,66306,65656,3677,69333,275
2022-12-10,Shasta,089,179085,35879,35666,8038,43704,598
2022-12-10,Sierra,091,2930,310,308,61,369,5
2022-12-10,Siskiyou,093,43540,5325,5442,3393,8835,95
2022-12-10,Solano,095,438530,109543,108649,8253,116902,473
2022-12-10,Sonoma,097,501317,110237,109622,5499,115121,531
2022-12-10,Stanislaus,099,539301,141537,140827,22259,163086,1785
2022-12-10,Sutter,101,95872,25032,24906,2505,27411,234
2022-12-10,Tehama,103,63373,14143,14004,3297,17301,218
2022-12-10,Trinity,105,12862,1444,1431,462,1893,23
2022-12-10,Tulare,107,460477,124793,123976,38254,162230,1546
2022-12-10,Tuolumne,109,53932,16237,16054,957,17011,208
2022-12-10,Ventura,111,848112,214902,213720,16876,230596,1598
2022-12-10,Yolo,113,214977,48871,48547,4629,53176,416
2022-12-10,Yuba,115,75493,19476,19399,1777,21176,132
2022-12-09,Alameda,001,1643700,363545,360943,21180,382123,2081
2022-12-09,Alpine,002,1148,139,139,2,141,0
2022-12-09,Amador,005,37829,10247,10196,950,11146,96
2022-12-09,Butte,007,227075,40790,40598,9701,50299,470
2022-12-09,Calaveras,009,45235,8770,8727,599,9326,135
2022-12-09,Colusa,011,21464,3876,3869,1319,5188,22
2022-12-09,Contra Costa,013,1133247,261754,259434,21583,281017,1487
2022-12-09,Del Norte,015,27424,7631,7563,413,7976,56
2022-12-09,El Dorado,017,186661,33583,33447,4425,37872,235
2022-12-09,Fresno,019,978130,286363,281598,33280,314878,2899
2022-12-09,Glenn,021,27897,5692,5668,1946,7614,58
2022-12-09,Humboldt,023,135768,22798,22566,5472,28038,161
2022-12-09,Imperial,025,180216,68150,67632,17866,85498,962
2022-12-09,Inyo,027,18085,4654,4627,1158,5785,60
2022-12-09,Kern,029,883053,223934,222985,67837,290822,2437
2022-12-09,Kings,031,150075,61248,60965,4328,65293,464
2022-12-09,Lake,033,64148,13247,13140,1238,14378,149
2022-12-09,Lassen,035,31185,10147,10128,1028,11156,66
2022-12-09,Los Angeles,037,10098052,3391081,3370904,199446,3570350,34009
2022-12-09,Madera,039,155013,45172,44902,8573,53475,379
2022-12-09,Marin,041,260295,47223,46842,5493,52335,315
2022-12-09,Mariposa,043,17540,3246,3190,353,3543,32
2022-12-09,Mendocino,045,87422,16444,16350,4660,21010,136
2022-12-09,Merced,047,269075,74596,73999,12359,86358,877
2022-12-09,Modoc,049,8938,919,908,354,1262,11
2022-12-09,Mono,051,14174,3255,3238,280,3518,8
2022-12-09,Monterey,053,433212,96106,95709,22180,117889,776
2022-12-09,Napa,055,140530,33201,33043,1472,34515,164
2022-12-09,Nevada,057,99092,19707,19565,2121,21686,132
2022-12-09,Orange,059,3164182,687760,684112,70529,754641,7576
2022-12-09,Placer,061,380077,78543,78117,9927,88044,665
2022-12-09,Plumas,063,18699,3768,3762,452,4214,13
2022-12-09,Riverside,065,2383286,714673,710833,38395,749228,6697
2022-12-09,Sacramento,067,1510023,359316,357413,36178,393591,3382
2022-12-09,San Benito,069,59416,17049,16829,1043,17872,108
2022-12-09,San Bernardino,071,2135413,690757,686731,32924,719655,8135
2022-12-09,San Diego,073,3302833,952640,948180,76282,1024462,5584
2022-12-09,San Francisco,075,870044,187861,186203,12776,198979,1081
2022-12-09,San Joaquin,077,732212,203967,202515,16056,218571,2354
2022-12-09,San Luis Obispo,079,281455,64687,64350,7535,71885,533
2022-12-09,San Mateo,081,765935,176281,174791,10878,185669,749
2022-12-09,Santa Barbara,083,443738,108703,108151,7212,115363,739
2022-12-09,Santa Clara,085,1922200,455738,448654,20490,469144,2565
2022-12-09,Santa Cruz,087,273765,66234,65656,3677,69333,275
2022-12-09,Shasta,089,179085,35870,35666,8032,43698,598
2022-12-09,Sierra,091,2930,310,308,61,369,5
2022-12-09,Siskiyou,093,43540,5324,5442,3392,8834,95
2022-12-09,Solano,095,438530,109478,108649,8245,116894,473
2022-12-09,Sonoma,097,501317,110183,109622,5496,115118,531
2022-12-09,Stanislaus,099,539301,141463,140827,22247,163074,1785
2022-12-09,Sutter,101,95872,25022,24906,2505,27411,234
2022-12-09,Tehama,103,63373,14136,14004,3296,17300,218
2022-12-09,Trinity,105,12862,1444,1431,462,1893,23
2022-12-09,Tulare,107,460477,124749,123976,38219,162195,1546
2022-12-09,Tuolumne,109,53932,16221,16054,957,17011,208
2022-12-09,Ventura,111,848112,214815,213720,16857,230577,1598
2022-12-09,Yolo,113,214977,48857,48547,4621,53168,416
2022-12-09,Yuba,115,75493,19469,19399,1776,21175,132
2022-12-08,Alameda,001,1643700,363137,360943,21135,382078,2081
2022-12-08,Alpine,002,1148,139,139,2,141,0
2022-12-08,Amador,005,37829,10241,10196,950,11146,96
2022-12-08,Butte,007,227075,40763,40598,9682,50280,470
2022-12-08,Calaveras,009,45235,8766,8727,598,9325,135
2022-12-08,Colusa,011,21464,3872,3869,1319,5188,22
2022-12-08,Contra Costa,013,1133247,261527,259434,21566,281000,1487
2022-12-08,Del Norte,015,27424,7628,7563,413,7976,56
2022-12-08,El Dorado,017,186661,33558,33447,4424,37871,235
2022-12-08,Fresno,019,978130,286158,281598,33231,314829,2899
2022-12-08,Glenn,021,27897,5686,5668,1943,7611,58
2022-12-08,Humboldt,023,135768,22784,22566,5464,28030,161
2022-12-08,Imperial,025,180216,68076,67632,17827,85459,962
2022-12-08,Inyo,027,18085,4648,4627,1157,5784,60
2022-12-08,Kern,029,883053,223818,222985,67763,290748,2437
2022-12-08,Kings,031,150075,61209,60965,4327,65292,464
2022-12-08,Lake,033,64148,13233,13140,1238,14378,149
2022-12-08,Lassen,035,31185,10145,10128,1028,11156,66
2022-12-08,Los Angeles,037,10098052,3388587,3370904,199026,3569930,34009
2022-12-08,Madera,039,155013,45151,44902,8570,53472,379
2022-12-08,Marin,041,260295,47171,46842,5484,52326,315
2022-12-08,Mariposa,043,17540,3239,3190,353,3543,32
2022-12-08,Mendocino,045,87422,16438,16350,4659,21009,136
2022-12-08,Merced,047,269075,74571,73999,12347,86346,877
2022-12-08,Modoc,049,8938,919,908,354,1262,11
2022-12-08,Mono,051,14174,3254,3238,280,3518,8
2022-12-08,Monterey,053,433212,96078,95709,22154,117863,776
2022-12-08,Napa,055,140530,33169,33043,1471,34514,164
2022-12-08,Nevada,057,99092,19688,19565,2119,21684,132
2022-12-08,Orange,059,3164182,687305,684112,70374,754486,7576
2022-12-08,Placer,061,380077,78491,78117,9921,88038,665
2022-12-08,Plumas,063,18699,3768,3762,452,4214,13
2022-12-08,Riverside,065,2383286,714203,710833,38316,749149,6697
2022-12-08,Sacramento,067,1510023,359012,357413,36113,393526,3382
2022-12-08,San Benito,069,59416,17040,16829,1043,17872,108
2022-12-08,San Bernardino,071,2135413,690221,686731,32872,719603,8135
2022-12-08,San Diego,073,3302833,951994,948180,76163,1024343,5584
2022-12-08,San Francisco,075,870044,187654,186203,12753,198956,1081
2022-12-08,San Joaquin,077,732212,203836,202515,16034,218549,2354
2022-12-08,San Luis Obispo,079,281455,64655,64350,7520,71870,533
2022-12-08,San Mateo,081,765935,176121,174791,10871,185662,749
2022-12-08,Santa Barbara,083,443738,108631,108151,7209,115360,739
2022-12-08,Santa Clara,085,1922200,455246,448654,20451,469105,2565
2022-12-08,Santa Cruz,087,273765,66206,65656,3674,69330,275
2022-12-08,Shasta,089,179085,35857,35666,8028,43694,598
2022-12-08,Sierra,091,2930,310,308,61,369,5
2022-12-08,Siskiyou,093,43540,5321,5442,3391,8833,95
2022-12-08,Solano,095,438530,109372,108649,8240,116889,473
2022-12-08,Sonoma,097,501317,110103,109622,5492,115114,531
2022-12-08,Stanislaus,099,539301,141380,140827,22222,163049,1785
2022-12-08,Sutter,101,95872,24999,24906,2502,27408,234
2022-12-08,Tehama,103,63373,14124,14004,3293,17297,218
2022-12-08,Trinity,105,12862,1443,1431,460,1891,23
2022-12-08,Tulare,107,460477,124707,123976,38167,162143,1546
2022-12-08,Tuolumne,109,53932,16198,16054,957,17011,208
2022-12-08,Ventura,111,848112,214692,213720,16821,230541,1598
2022-12-08,Yolo,113,214977,48815,48547,4617,53164,416
2022-12-08,Yuba,115,75493,19458,19399,1773,21172,132
2022-12-07,Alameda,001,1643700,362757,360943,21090,382033,2081
2022-12-07,Alpine,002,1148,139,139,2,141,0
2022-12-07,Amador,005,37829,10238,10196,950,11146,96
2022-12-07,Butte,007,227075,40731,40598,9667,50265,470
2022-12-07,Calaveras,009,45235,8761,8727,597,9324,135
2022-12-07,Colusa,011,21464,3872,3869,1319,5188,22
2022-12-07,Contra Costa,013,1133247,261295,259434,21536,280970,1487
2022-12-07,Del Norte,015,27424,7626,7563,413,7976,56
2022-12-07,El Dorado,017,186661,33532,33447,4420,37867,235
2022-12-07,Fresno,019,978130,285896,281598,33181,314779,2899
2022-12-07,Glenn,021,27897,5685,5668,1943,7611,58
2022-12-07,Humboldt,023,135768,22768,22566,5449,28015,161
2022-12-07,Imperial,025,180216,68006,67632,17756,85388,962
2022-12-07,Inyo,027,18085,4644,4627,1132,5759,60
2022-12-07,Kern,029,883053,223696,222985,67659,290644,2437
2022-12-07,Kings,031,150075,61166,60965,4323,65288,464
2022-12-07,Lake,033,64148,13225,13140,1238,14378,149
2022-12-07,Lassen,035,31185,10144,10128,1028,11156,66
2022-12-07,Los Angeles,037,10098052,3385934,3370904,198530,3569434,34009
2022-12-07,Madera,039,155013,45105,44902,8566,53468,379
2022-12-07,Marin,041,260295,47128,46842,5478,52320,315
2022-12-07,Mariposa,043,17540,3236,3190,353,3543,32
2022-12-07,Mendocino,045,87422,16434,16350,4654,21004,136
2022-12-07,Merced,047,269075,74528,73999,12314,86313,877
2022-12-07,Modoc,049,8938,918,908,354,1262,11
2022-12-07,Mono,051,14174,3252,3238,280,3518,8
2022-12-07,Monterey,053,433212,96039,95709,22127,117836,776
2022-12-07,Napa,055,140530,33151,33043,1467,34510,164
2022-12-07,Nevada,057,99092,19671,19565,2110,21675,132
2022-12-07,Orange,059,3164182,686791,684112,70207,754319,7576
2022-12-07,Placer,061,380077,78446,78117,9917,88034,665
2022-12-07,Plumas,063,18699,3767,3762,452,4214,13
2022-12-07,Riverside,065,2383286,713654,710833,38240,749073,6697
2022-12-07,Sacramento,067,1510023,358767,357413,36057,393470,3382
2022-12-07,San Benito,069,59416,17017,16829,1039,17868,108
2022-12-07,San Bernardino,071,2135413,689694,686731,32794,719525,8135
2022-12-07,San Diego,073,3302833,951185,948180,76044,1024224,5584
2022-12-07,San Francisco,075,870044,187450,186203,12740,198943,1081
2022-12-07,San Joaquin,077,732212,203675,202515,16004,218519,2354
2022-12-07,San Luis Obispo,079,281455,64629,64350,7500,71850,533
2022-12-07,San Mateo,081,765935,175961,174791,10861,185652,749
2022-12-07,Santa Barbara,083,443738,108549,108151,7201,115352,739
2022-12-07,Santa Clara,085,1922200,454806,448654,20413,469067,2565
2022-12-07,Santa Cruz,087,273765,66113,65656,3664,69320,275
2022-12-07,Shasta,089,179085,35837,35666,8017,43683,598
2022-12-07,Sierra,091,2930,310,308,61,369,5
2022-12-07,Siskiyou,093,43540,5319,5442,3391,8833,95
2022-12-07,Solano,095,438530,109275,108649,8233,116882,473
2022-12-07,Sonoma,097,501317,110031,109622,5490,115112,531
2022-12-07,Stanislaus,099,539301,141319,140827,22201,163028,1785
2022-12-07,Sutter,101,95872,24984,24906,2502,27408,234
2022-12-07,Tehama,103,63373,14115,14004,3290,17294,218
2022-12-07,Trinity,105,12862,1443,1431,459,1890,23
2022-12-07,Tulare,107,460477,124654,123976,38132,162108,1546
2022-12-07,Tuolumne,109,53932,16187,16054,957,17011,208
2022-12-07,Ventura,111,848112,214569,213720,16796,230516,1598
2022-12-07,Yolo,113,214977,48784,48547,4615,53162,416
2022-12-07,Yuba,115,75493,19452,19399,1771,21170,132
2022-12-06,Alameda,001,1643700,362306,360943,21058,382001,2081
2022-12-06,Alpine,002,1148,139,139,2,141,0
2022-12-06,Amador,005,37829,10230,10196,949,11145,96
2022-12-06,Butte,007,227075,40702,40598,9656,50254,470
2022-12-06,Calaveras,009,45235,8755,8727,595,9322,135
2022-12-06,Colusa,011,21464,3871,3869,1319,5188,22
2022-12-06,Contra Costa,013,1133247,260987,259434,21506,280940,1487
2022-12-06,Del Norte,015,27424,7622,7563,413,7976,56
2022-12-06,El Dorado,017,186661,33506,33447,4418,37865,235
2022-12-06,Fresno,019,978130,285672,281598,33129,314727,2899
2022-12-06,Glenn,021,27897,5682,5668,1938,7606,58
2022-12-06,Humboldt,023,135768,22746,22566,5439,28005,161
2022-12-06,Imperial,025,180216,67927,67632,17688,85320,962
2022-12-06,Inyo,027,18085,4641,4627,1128,5755,60
2022-12-06,Kern,029,883053,223592,222985,67547,290532,2437
2022-12-06,Kings,031,150075,61123,60965,4318,65283,464
2022-12-06,Lake,033,64148,13218,13140,1238,14378,149
2022-12-06,Lassen,035,31185,10142,10128,1027,11155,66
2022-12-06,Los Angeles,037,10098052,3383065,3370904,197963,3568867,34009
2022-12-06,Madera,039,155013,45081,44902,8538,53440,379
2022-12-06,Marin,041,260295,47081,46842,5473,52315,315
2022-12-06,Mariposa,043,17540,3236,3190,353,3543,32
2022-12-06,Mendocino,045,87422,16426,16350,4652,21002,136
2022-12-06,Merced,047,269075,74483,73999,12292,86291,877
2022-12-06,Modoc,049,8938,915,908,353,1261,11
2022-12-06,Mono,051,14174,3251,3238,280,3518,8
2022-12-06,Monterey,053,433212,96006,95709,22101,117810,776
2022-12-06,Napa,055,140530,33128,33043,1466,34509,164
2022-12-06,Nevada,057,99092,19656,19565,2101,21666,132
2022-12-06,Orange,059,3164182,686252,684112,70022,754134,7576
2022-12-06,Placer,061,380077,78384,78117,9906,88023,665
2022-12-06,Plumas,063,18699,3767,3762,452,4214,13
2022-12-06,Riverside,065,2383286,713151,710833,38129,748962,6697
2022-12-06,Sacramento,067,1510023,358504,357413,36022,393435,3382
2022-12-06,San Benito,069,59416,16998,16829,1035,17864,108
2022-12-06,San Bernardino,071,2135413,689127,686731,32733,719464,8135
2022-12-06,San Diego,073,3302833,950354,948180,75901,1024081,5584
2022-12-06,San Francisco,075,870044,187225,186203,12730,198933,1081
2022-12-06,San Joaquin,077,732212,203510,202515,15981,218496,2354
2022-12-06,San Luis Obispo,079,281455,64592,64350,7470,71820,533
2022-12-06,San Mateo,081,765935,175770,174791,10838,185629,749
2022-12-06,Santa Barbara,083,443738,108480,108151,7184,115335,739
2022-12-06,Santa Clara,085,1922200,454305,448654,20363,469017,2565
2022-12-06,Santa Cruz,087,273765,66006,65656,3662,69318,275
2022-12-06,Shasta,089,179085,35820,35666,8006,43672,598
2022-12-06,Sierra,091,2930,308,308,61,369,5
2022-12-06,Siskiyou,093,43540,5316,5442,3388,8830,95
2022-12-06,Solano,095,438530,109163,108649,8219,116868,473
2022-12-06,Sonoma,097,501317,109942,109622,5487,115109,531
2022-12-06,Stanislaus,099,539301,141222,140827,22171,162998,1785
2022-12-06,Sutter,101,95872,24969,24906,2499,27405,234
2022-12-06,Tehama,103,63373,14098,14004,3281,17285,218
2022-12-06,Trinity,105,12862,1443,1431,458,1889,23
2022-12-06,Tulare,107,460477,124594,123976,38080,162056,1546
2022-12-06,Tuolumne,109,53932,16178,16054,956,17010,208
2022-12-06,Ventura,111,848112,214402,213720,16763,230483,1598
2022-12-06,Yolo,113,214977,48742,48547,4608,53155,416
2022-12-06,Yuba,115,75493,19438,19399,1770,21169,132
2022-12-05,Alameda,001,1643700,361859,357689,21021,378710,2063
2022-12-05,Alpine,002,1148,139,139,2,141,0
2022-12-05,Amador,005,37829,10225,10150,949,11099,96
2022-12-05,Butte,007,227075,40664,40335,9641,49976,465
2022-12-05,Calaveras,009,45235,8749,8676,594,9270,135
2022-12-05,Colusa,011,21464,3870,3849,1319,5168,22
2022-12-05,Contra Costa,013,1133247,260720,257263,21487,278750,1485
2022-12-05,Del Norte,015,27424,7614,7519,412,7931,56
2022-12-05,El Dorado,017,186661,33489,33200,4414,37614,235
2022-12-05,Fresno,019,978130,285395,279787,33062,312849,2898
2022-12-05,Glenn,021,27897,5679,5647,1938,7585,58
2022-12-05,Humboldt,023,135768,22730,22436,5431,27867,160
2022-12-05,Imperial,025,180216,67824,67001,17620,84621,960
2022-12-05,Inyo,027,18085,4638,4590,1127,5717,60
2022-12-05,Kern,029,883053,223395,222087,67451,289538,2431
2022-12-05,Kings,031,150075,61059,60636,4310,64946,464
2022-12-05,Lake,033,64148,13208,13078,1238,14316,149
2022-12-05,Lassen,035,31185,10137,10110,1027,11137,65
2022-12-05,Los Angeles,037,10098052,3379987,3346956,197406,3544362,33937
2022-12-05,Madera,039,155013,45037,44650,8535,53185,377
2022-12-05,Marin,041,260295,47023,46509,5462,51971,314
2022-12-05,Mariposa,043,17540,3230,3175,353,3528,32
2022-12-05,Mendocino,045,87422,16414,16294,4646,20940,136
2022-12-05,Merced,047,269075,74429,73547,12272,85819,876
2022-12-05,Modoc,049,8938,914,895,353,1248,11
2022-12-05,Mono,051,14174,3249,3237,280,3517,8
2022-12-05,Monterey,053,433212,95961,95364,22080,117444,775
2022-12-05,Napa,055,140530,33105,32859,1463,34322,161
2022-12-05,Nevada,057,99092,19646,19398,2098,21496,132
2022-12-05,Orange,059,3164182,685620,679165,69812,748977,7567
2022-12-05,Placer,061,380077,78336,77618,9899,87517,665
2022-12-05,Plumas,063,18699,3766,3738,451,4189,13
2022-12-05,Riverside,065,2383286,712555,706396,38021,744417,6693
2022-12-05,Sacramento,067,1510023,358193,354844,35963,390807,3377
2022-12-05,San Benito,069,59416,16961,16555,1031,17586,108
2022-12-05,San Bernardino,071,2135413,688491,681872,32671,714543,8133
2022-12-05,San Diego,073,3302833,949493,942451,75761,1018212,5569
2022-12-05,San Francisco,075,870044,186978,184552,12714,197266,1078
2022-12-05,San Joaquin,077,732212,203336,201175,15956,217131,2347
2022-12-05,San Luis Obispo,079,281455,64549,64105,7456,71561,531
2022-12-05,San Mateo,081,765935,175553,173283,10828,184111,748
2022-12-05,Santa Barbara,083,443738,108396,107527,7169,114696,738
2022-12-05,Santa Clara,085,1922200,453757,444150,20313,464463,2560
2022-12-05,Santa Cruz,087,273765,65881,65044,3656,68700,275
2022-12-05,Shasta,089,179085,35802,35519,7996,43515,598
2022-12-05,Sierra,091,2930,308,308,61,369,5
2022-12-05,Siskiyou,093,43540,5315,5406,3386,8792,95
2022-12-05,Solano,095,438530,109062,107925,8203,116128,470
2022-12-05,Sonoma,097,501317,109848,109040,5481,114521,530
2022-12-05,Stanislaus,099,539301,141109,140127,22154,162281,1785
2022-12-05,Sutter,101,95872,24945,24800,2496,27296,234
2022-12-05,Tehama,103,63373,14082,13904,3277,17181,216
2022-12-05,Trinity,105,12862,1443,1428,457,1885,22
2022-12-05,Tulare,107,460477,124502,123368,38024,161392,1546
2022-12-05,Tuolumne,109,53932,16159,15945,955,16900,207
2022-12-05,Ventura,111,848112,214235,212363,16734,229097,1591
2022-12-05,Yolo,113,214977,48708,48329,4604,52933,409
2022-12-05,Yuba,115,75493,19426,19307,1770,21077,132
2022-12-04,Alameda,001,1643700,361314,357689,20963,378652,2063
2022-12-04,Alpine,002,1148,139,139,2,141,0
2022-12-04,Amador,005,37829,10221,10150,949,11099,96
2022-12-04,Butte,007,227075,40603,40335,9625,49960,465
2022-12-04,Calaveras,009,45235,8738,8676,592,9268,135
2022-12-04,Colusa,011,21464,3868,3849,1319,5168,22
2022-12-04,Contra Costa,013,1133247,260365,257263,21450,278713,1485
2022-12-04,Del Norte,015,27424,7608,7519,412,7931,56
2022-12-04,El Dorado,017,186661,33467,33200,4406,37606,235
2022-12-04,Fresno,019,978130,285093,279787,32988,312775,2898
2022-12-04,Glenn,021,27897,5674,5647,1935,7582,58
2022-12-04,Humboldt,023,135768,22700,22436,5421,27857,160
2022-12-04,Imperial,025,180216,67741,67001,17513,84514,960
2022-12-04,Inyo,027,18085,4636,4590,1125,5715,60
2022-12-04,Kern,029,883053,223256,222087,67322,289409,2431
2022-12-04,Kings,031,150075,61002,60636,4295,64931,464
2022-12-04,Lake,033,64148,13194,13078,1237,14315,149
2022-12-04,Lassen,035,31185,10134,10110,1025,11135,65
2022-12-04,Los Angeles,037,10098052,3376153,3346956,196733,3543689,33937
2022-12-04,Madera,039,155013,45009,44650,8525,53175,377
2022-12-04,Marin,041,260295,46956,46509,5453,51962,314
2022-12-04,Mariposa,043,17540,3227,3175,353,3528,32
2022-12-04,Mendocino,045,87422,16406,16294,4642,20936,136
2022-12-04,Merced,047,269075,74379,73547,12234,85781,876
2022-12-04,Modoc,049,8938,912,895,353,1248,11
2022-12-04,Mono,051,14174,3248,3237,280,3517,8
2022-12-04,Monterey,053,433212,95919,95364,22056,117420,775
2022-12-04,Napa,055,140530,33082,32859,1454,34313,161
2022-12-04,Nevada,057,99092,19621,19398,2086,21484,132
2022-12-04,Orange,059,3164182,684932,679165,69550,748715,7567
2022-12-04,Placer,061,380077,78263,77618,9886,87504,665
2022-12-04,Plumas,063,18699,3763,3738,449,4187,13
2022-12-04,Riverside,065,2383286,711863,706396,37896,744292,6693
2022-12-04,Sacramento,067,1510023,357841,354844,35890,390734,3377
2022-12-04,San Benito,069,59416,16945,16555,1031,17586,108
2022-12-04,San Bernardino,071,2135413,687705,681872,32597,714469,8133
2022-12-04,San Diego,073,3302833,948433,942451,75595,1018046,5569
2022-12-04,San Francisco,075,870044,186678,184552,12678,197230,1078
2022-12-04,San Joaquin,077,732212,203150,201175,15922,217097,2347
2022-12-04,San Luis Obispo,079,281455,64507,64105,7442,71547,531
2022-12-04,San Mateo,081,765935,175346,173283,10813,184096,748
2022-12-04,Santa Barbara,083,443738,108297,107527,7160,114687,738
2022-12-04,Santa Clara,085,1922200,453118,444150,20255,464405,2560
2022-12-04,Santa Cruz,087,273765,65817,65044,3645,68689,275
2022-12-04,Shasta,089,179085,35782,35519,7972,43491,598
2022-12-04,Sierra,091,2930,308,308,61,369,5
2022-12-04,Siskiyou,093,43540,5310,5406,3385,8791,95
2022-12-04,Solano,095,438530,108916,107925,8197,116122,470
2022-12-04,Sonoma,097,501317,109749,109040,5474,114514,530
2022-12-04,Stanislaus,099,539301,140990,140127,22132,162259,1785
2022-12-04,Sutter,101,95872,24925,24800,2485,27285,234
2022-12-04,Tehama,103,63373,14067,13904,3276,17180,216
2022-12-04,Trinity,105,12862,1443,1428,457,1885,22
2022-12-04,Tulare,107,460477,124393,123368,37963,161331,1546
2022-12-04,Tuolumne,109,53932,16136,15945,954,16899,207
2022-12-04,Ventura,111,848112,214065,212363,16691,229054,1591
2022-12-04,Yolo,113,214977,48662,48329,4595,52924,409
2022-12-04,Yuba,115,75493,19416,19307,1768,21075,132
2022-12-03,Alameda,001,1643700,361074,357689,20929,378618,2063
2022-12-03,Alpine,002,1148,139,139,2,141,0
2022-12-03,Amador,005,37829,10214,10150,949,11099,96
2022-12-03,Butte,007,227075,40587,40335,9615,49950,465
2022-12-03,Calaveras,009,45235,8735,8676,592,9268,135
2022-12-03,Colusa,011,21464,3867,3849,1319,5168,22
2022-12-03,Contra Costa,013,1133247,260190,257263,21433,278696,1485
2022-12-03,Del Norte,015,27424,7604,7519,411,7930,56
2022-12-03,El Dorado,017,186661,33451,33200,4404,37604,235
2022-12-03,Fresno,019,978130,284966,279787,32966,312753,2898
2022-12-03,Glenn,021,27897,5672,5647,1935,7582,58
2022-12-03,Humboldt,023,135768,22678,22436,5410,27846,160
2022-12-03,Imperial,025,180216,67704,67001,17491,84492,960
2022-12-03,Inyo,027,18085,4635,4590,1124,5714,60
2022-12-03,Kern,029,883053,223204,222087,67245,289332,2431
2022-12-03,Kings,031,150075,60982,60636,4293,64929,464
2022-12-03,Lake,033,64148,13189,13078,1236,14314,149
2022-12-03,Lassen,035,31185,10132,10110,1025,11135,65
2022-12-03,Los Angeles,037,10098052,3374272,3346956,196373,3543329,33937
2022-12-03,Madera,039,155013,44989,44650,8522,53172,377
2022-12-03,Marin,041,260295,46915,46509,5448,51957,314
2022-12-03,Mariposa,043,17540,3225,3175,353,3528,32
2022-12-03,Mendocino,045,87422,16400,16294,4641,20935,136
2022-12-03,Merced,047,269075,74340,73547,12222,85769,876
2022-12-03,Modoc,049,8938,910,895,352,1247,11
2022-12-03,Mono,051,14174,3246,3237,280,3517,8
2022-12-03,Monterey,053,433212,95898,95364,22039,117403,775
2022-12-03,Napa,055,140530,33074,32859,1454,34313,161
2022-12-03,Nevada,057,99092,19614,19398,2084,21482,132
2022-12-03,Orange,059,3164182,684589,679165,69387,748552,7567
2022-12-03,Placer,061,380077,78214,77618,9885,87503,665
2022-12-03,Plumas,063,18699,3761,3738,448,4186,13
2022-12-03,Riverside,065,2383286,711473,706396,37835,744231,6693
2022-12-03,Sacramento,067,1510023,357661,354844,35869,390713,3377
2022-12-03,San Benito,069,59416,16924,16555,1028,17583,108
2022-12-03,San Bernardino,071,2135413,687346,681872,32550,714422,8133
2022-12-03,San Diego,073,3302833,947932,942451,75533,1017984,5569
2022-12-03,San Francisco,075,870044,186538,184552,12671,197223,1078
2022-12-03,San Joaquin,077,732212,203038,201175,15899,217074,2347
2022-12-03,San Luis Obispo,079,281455,64494,64105,7437,71542,531
2022-12-03,San Mateo,081,765935,175222,173283,10804,184087,748
2022-12-03,Santa Barbara,083,443738,108257,107527,7154,114681,738
2022-12-03,Santa Clara,085,1922200,452766,444150,20218,464368,2560
2022-12-03,Santa Cruz,087,273765,65775,65044,3634,68678,275
2022-12-03,Shasta,089,179085,35772,35519,7969,43488,598
2022-12-03,Sierra,091,2930,308,308,61,369,5
2022-12-03,Siskiyou,093,43540,5309,5406,3385,8791,95
2022-12-03,Solano,095,438530,108887,107925,8188,116113,470
2022-12-03,Sonoma,097,501317,109701,109040,5472,114512,530
2022-12-03,Stanislaus,099,539301,140924,140127,22116,162243,1785
2022-12-03,Sutter,101,95872,24909,24800,2485,27285,234
2022-12-03,Tehama,103,63373,14063,13904,3273,17177,216
2022-12-03,Trinity,105,12862,1443,1428,457,1885,22
2022-12-03,Tulare,107,460477,124331,123368,37929,161297,1546
2022-12-03,Tuolumne,109,53932,16120,15945,951,16896,207
2022-12-03,Ventura,111,848112,213970,212363,16671,229034,1591
2022-12-03,Yolo,113,214977,48636,48329,4588,52917,409
2022-12-03,Yuba,115,75493,19411,19307,1767,21074,132
2022-12-02,Alameda,001,1643700,360805,357689,20903,378592,2063
2022-12-02,Alpine,002,1148,139,139,2,141,0
2022-12-02,Amador,005,37829,10208,10150,949,11099,96
2022-12-02,Butte,007,227075,40572,40335,9601,49936,465
2022-12-02,Calaveras,009,45235,8731,8676,592,9268,135
2022-12-02,Colusa,011,21464,3867,3849,1319,5168,22
2022-12-02,Contra Costa,013,1133247,260035,257263,21426,278689,1485
2022-12-02,Del Norte,015,27424,7600,7519,411,7930,56
2022-12-02,El Dorado,017,186661,33434,33200,4404,37604,235
2022-12-02,Fresno,019,978130,284807,279787,32935,312722,2898
2022-12-02,Glenn,021,27897,5671,5647,1934,7581,58
2022-12-02,Humboldt,023,135768,22666,22436,5406,27842,160
2022-12-02,Imperial,025,180216,67661,67001,17473,84474,960
2022-12-02,Inyo,027,18085,4632,4590,1122,5712,60
2022-12-02,Kern,029,883053,223114,222087,67196,289283,2431
2022-12-02,Kings,031,150075,60964,60636,4291,64927,464
2022-12-02,Lake,033,64148,13183,13078,1235,14313,149
2022-12-02,Lassen,035,31185,10131,10110,1024,11134,65
2022-12-02,Los Angeles,037,10098052,3372224,3346956,195961,3542917,33937
2022-12-02,Madera,039,155013,44965,44650,8521,53171,377
2022-12-02,Marin,041,260295,46878,46509,5445,51954,314
2022-12-02,Mariposa,043,17540,3223,3175,352,3527,32
2022-12-02,Mendocino,045,87422,16395,16294,4641,20935,136
2022-12-02,Merced,047,269075,74310,73547,12216,85763,876
2022-12-02,Modoc,049,8938,909,895,351,1246,11
2022-12-02,Mono,051,14174,3246,3237,279,3516,8
2022-12-02,Monterey,053,433212,95866,95364,22021,117385,775
2022-12-02,Napa,055,140530,33060,32859,1450,34309,161
2022-12-02,Nevada,057,99092,19608,19398,2079,21477,132
2022-12-02,Orange,059,3164182,684222,679165,69204,748369,7567
2022-12-02,Placer,061,380077,78186,77618,9878,87496,665
2022-12-02,Plumas,063,18699,3761,3738,448,4186,13
2022-12-02,Riverside,065,2383286,711032,706396,37770,744166,6693
2022-12-02,Sacramento,067,1510023,357439,354844,35834,390678,3377
2022-12-02,San Benito,069,59416,16901,16555,1025,17580,108
2022-12-02,San Bernardino,071,2135413,686977,681872,32518,714390,8133
2022-12-02,San Diego,073,3302833,947427,942451,75456,1017907,5569
2022-12-02,San Francisco,075,870044,186415,184552,12657,197209,1078
2022-12-02,San Joaquin,077,732212,202940,201175,15882,217057,2347
2022-12-02,San Luis Obispo,079,281455,64473,64105,7427,71532,531
2022-12-02,San Mateo,081,765935,175098,173283,10794,184077,748
2022-12-02,Santa Barbara,083,443738,108202,107527,7152,114679,738
2022-12-02,Santa Clara,085,1922200,452447,444150,20194,464344,2560
2022-12-02,Santa Cruz,087,273765,65720,65044,3630,68674,275
2022-12-02,Shasta,089,179085,35755,35519,7967,43486,598
2022-12-02,Sierra,091,2930,308,308,61,369,5
2022-12-02,Siskiyou,093,43540,5307,5406,3385,8791,95
2022-12-02,Solano,095,438530,108815,107925,8182,116107,470
2022-12-02,Sonoma,097,501317,109650,109040,5465,114505,530
2022-12-02,Stanislaus,099,539301,140861,140127,22109,162236,1785
2022-12-02,Sutter,101,95872,24900,24800,2485,27285,234
2022-12-02,Tehama,103,63373,14058,13904,3269,17173,216
2022-12-02,Trinity,105,12862,1443,1428,456,1884,22
2022-12-02,Tulare,107,460477,124285,123368,37886,161254,1546
2022-12-02,Tuolumne,109,53932,16108,15945,949,16894,207
2022-12-02,Ventura,111,848112,213866,212363,16645,229008,1591
2022-12-02,Yolo,113,214977,48624,48329,4587,52916,409
2022-12-02,Yuba,115,75493,19400,19307,1767,21074,132
2022-12-01,Alameda,001,1643700,360399,357689,20853,378542,2063
2022-12-01,Alpine,002,1148,139,139,2,141,0
2022-12-01,Amador,005,37829,10202,10150,949,11099,96
2022-12-01,Butte,007,227075,40544,40335,9586,49921,465
2022-12-01,Calaveras,009,45235,8724,8676,589,9265,135
2022-12-01,Colusa,011,21464,3867,3849,1315,5164,22
2022-12-01,Contra Costa,013,1133247,259799,257263,21406,278669,1485
2022-12-01,Del Norte,015,27424,7598,7519,411,7930,56
2022-12-01,El Dorado,017,186661,33406,33200,4397,37597,235
2022-12-01,Fresno,019,978130,284626,279787,32885,312672,2898
2022-12-01,Glenn,021,27897,5663,5647,1931,7578,58
2022-12-01,Humboldt,023,135768,22649,22436,5401,27837,160
2022-12-01,Imperial,025,180216,67588,67001,17373,84374,960
2022-12-01,Inyo,027,18085,4626,4590,1118,5708,60
2022-12-01,Kern,029,883053,222968,222087,67108,289195,2431
2022-12-01,Kings,031,150075,60924,60636,4288,64924,464
2022-12-01,Lake,033,64148,13177,13078,1235,14313,149
2022-12-01,Lassen,035,31185,10129,10110,1024,11134,65
2022-12-01,Los Angeles,037,10098052,3369356,3346956,195458,3542414,33937
2022-12-01,Madera,039,155013,44932,44650,8508,53158,377
2022-12-01,Marin,041,260295,46838,46509,5432,51941,314
2022-12-01,Mariposa,043,17540,3219,3175,352,3527,32
2022-12-01,Mendocino,045,87422,16390,16294,4641,20935,136
2022-12-01,Merced,047,269075,74263,73547,12200,85747,876
2022-12-01,Modoc,049,8938,906,895,350,1245,11
2022-12-01,Mono,051,14174,3243,3237,278,3515,8
2022-12-01,Monterey,053,433212,95830,95364,22007,117371,775
2022-12-01,Napa,055,140530,33031,32859,1449,34308,161
2022-12-01,Nevada,057,99092,19591,19398,2076,21474,132
2022-12-01,Orange,059,3164182,683643,679165,69004,748169,7567
2022-12-01,Placer,061,380077,78131,77618,9869,87487,665
2022-12-01,Plumas,063,18699,3754,3738,448,4186,13
2022-12-01,Riverside,065,2383286,710504,706396,37670,744066,6693
2022-12-01,Sacramento,067,1510023,357132,354844,35774,390618,3377
2022-12-01,San Benito,069,59416,16870,16555,1022,17577,108
2022-12-01,San Bernardino,071,2135413,686415,681872,32441,714313,8133
2022-12-01,San Diego,073,3302833,946624,942451,75306,1017757,5569
2022-12-01,San Francisco,075,870044,186205,184552,12629,197181,1078
2022-12-01,San Joaquin,077,732212,202787,201175,15857,217032,2347
2022-12-01,San Luis Obispo,079,281455,64451,64105,7413,71518,531
2022-12-01,San Mateo,081,765935,174932,173283,10786,184069,748
2022-12-01,Santa Barbara,083,443738,108136,107527,7145,114672,738
2022-12-01,Santa Clara,085,1922200,451950,444150,20151,464301,2560
2022-12-01,Santa Cruz,087,273765,65652,65044,3623,68667,275
2022-12-01,Shasta,089,179085,35736,35519,7959,43478,598
2022-12-01,Sierra,091,2930,308,308,61,369,5
2022-12-01,Siskiyou,093,43540,5305,5406,3384,8790,95
2022-12-01,Solano,095,438530,108735,107925,8177,116102,470
2022-12-01,Sonoma,097,501317,109581,109040,5452,114492,530
2022-12-01,Stanislaus,099,539301,140777,140127,22096,162223,1785
2022-12-01,Sutter,101,95872,24890,24800,2484,27284,234
2022-12-01,Tehama,103,63373,14041,13904,3264,17168,216
2022-12-01,Trinity,105,12862,1443,1428,455,1883,22
2022-12-01,Tulare,107,460477,124224,123368,37830,161198,1546
2022-12-01,Tuolumne,109,53932,16093,15945,949,16894,207
2022-12-01,Ventura,111,848112,213719,212363,16614,228977,1591
2022-12-01,Yolo,113,214977,48590,48329,4582,52911,409
2022-12-01,Yuba,115,75493,19381,19307,1767,21074,132
2022-11-30,Alameda,001,1643700,359975,357689,20813,378502,2063
2022-11-30,Alpine,002,1148,139,139,2,141,0
2022-11-30,Amador,005,37829,10196,10150,949,11099,96
2022-11-30,Butte,007,227075,40508,40335,9560,49895,465
2022-11-30,Calaveras,009,45235,8718,8676,588,9264,135
2022-11-30,Colusa,011,21464,3864,3849,1314,5163,22
2022-11-30,Contra Costa,013,1133247,259547,257263,21387,278650,1485
2022-11-30,Del Norte,015,27424,7593,7519,410,7929,56
2022-11-30,El Dorado,017,186661,33380,33200,4394,37594,235
2022-11-30,Fresno,019,978130,284367,279787,32839,312626,2898
2022-11-30,Glenn,021,27897,5661,5647,1925,7572,58
2022-11-30,Humboldt,023,135768,22635,22436,5390,27826,160
2022-11-30,Imperial,025,180216,67475,67001,17282,84283,960
2022-11-30,Inyo,027,18085,4625,4590,1115,5705,60
2022-11-30,Kern,029,883053,222872,222087,67031,289118,2431
2022-11-30,Kings,031,150075,60866,60636,4277,64913,464
2022-11-30,Lake,033,64148,13165,13078,1235,14313,149
2022-11-30,Lassen,035,31185,10127,10110,1024,11134,65
2022-11-30,Los Angeles,037,10098052,3365900,3346956,194881,3541837,33937
2022-11-30,Madera,039,155013,44905,44650,8503,53153,377
2022-11-30,Marin,041,260295,46800,46509,5426,51935,314
2022-11-30,Mariposa,043,17540,3215,3175,351,3526,32
2022-11-30,Mendocino,045,87422,16383,16294,4636,20930,136
2022-11-30,Merced,047,269075,74200,73547,12177,85724,876
2022-11-30,Modoc,049,8938,906,895,349,1244,11
2022-11-30,Mono,051,14174,3241,3237,278,3515,8
2022-11-30,Monterey,053,433212,95782,95364,21987,117351,775
2022-11-30,Napa,055,140530,32999,32859,1449,34308,161
2022-11-30,Nevada,057,99092,19579,19398,2071,21469,132
2022-11-30,Orange,059,3164182,683015,679165,68780,747945,7567
2022-11-30,Placer,061,380077,78063,77618,9861,87479,665
2022-11-30,Plumas,063,18699,3752,3738,448,4186,13
2022-11-30,Riverside,065,2383286,709843,706396,37567,743963,6693
2022-11-30,Sacramento,067,1510023,356844,354844,35738,390582,3377
2022-11-30,San Benito,069,59416,16830,16555,1020,17575,108
2022-11-30,San Bernardino,071,2135413,685808,681872,32360,714232,8133
2022-11-30,San Diego,073,3302833,945776,942451,75170,1017621,5569
2022-11-30,San Francisco,075,870044,185977,184552,12612,197164,1078
2022-11-30,San Joaquin,077,732212,202608,201175,15806,216981,2347
2022-11-30,San Luis Obispo,079,281455,64416,64105,7397,71502,531
2022-11-30,San Mateo,081,765935,174748,173283,10768,184051,748
2022-11-30,Santa Barbara,083,443738,108057,107527,7129,114656,738
2022-11-30,Santa Clara,085,1922200,451438,444150,20110,464260,2560
2022-11-30,Santa Cruz,087,273765,65588,65044,3617,68661,275
2022-11-30,Shasta,089,179085,35718,35519,7950,43469,598
2022-11-30,Sierra,091,2930,308,308,61,369,5
2022-11-30,Siskiyou,093,43540,5302,5406,3383,8789,95
2022-11-30,Solano,095,438530,108644,107925,8170,116095,470
2022-11-30,Sonoma,097,501317,109508,109040,5446,114486,530
2022-11-30,Stanislaus,099,539301,140670,140127,22081,162208,1785
2022-11-30,Sutter,101,95872,24872,24800,2481,27281,234
2022-11-30,Tehama,103,63373,14022,13904,3259,17163,216
2022-11-30,Trinity,105,12862,1442,1428,454,1882,22
2022-11-30,Tulare,107,460477,124141,123368,37778,161146,1546
2022-11-30,Tuolumne,109,53932,16077,15945,947,16892,207
2022-11-30,Ventura,111,848112,213528,212363,16571,228934,1591
2022-11-30,Yolo,113,214977,48563,48329,4576,52905,409
2022-11-30,Yuba,115,75493,19369,19307,1767,21074,132
2022-11-29,Alameda,001,1643700,359550,357689,20756,378445,2063
2022-11-29,Alpine,002,1148,139,139,1,140,0
2022-11-29,Amador,005,37829,10192,10150,949,11099,96
2022-11-29,Butte,007,227075,40465,40335,9541,49876,465
2022-11-29,Calaveras,009,45235,8711,8676,588,9264,135
2022-11-29,Colusa,011,21464,3863,3849,1310,5159,22
2022-11-29,Contra Costa,013,1133247,259287,257263,21366,278629,1485
2022-11-29,Del Norte,015,27424,7584,7519,410,7929,56
2022-11-29,El Dorado,017,186661,33339,33200,4391,37591,235
2022-11-29,Fresno,019,978130,284142,279787,32781,312568,2898
2022-11-29,Glenn,021,27897,5659,5647,1924,7571,58
2022-11-29,Humboldt,023,135768,22617,22436,5373,27809,160
2022-11-29,Imperial,025,180216,67381,67001,17194,84195,960
2022-11-29,Inyo,027,18085,4619,4590,1110,5700,60
2022-11-29,Kern,029,883053,222753,222087,66926,289013,2431
2022-11-29,Kings,031,150075,60827,60636,4274,64910,464
2022-11-29,Lake,033,64148,13157,13078,1235,14313,149
2022-11-29,Lassen,035,31185,10124,10110,1023,11133,65
2022-11-29,Los Angeles,037,10098052,3361945,3346956,194288,3541244,33937
2022-11-29,Madera,039,155013,44863,44650,8478,53128,377
2022-11-29,Marin,041,260295,46755,46509,5422,51931,314
2022-11-29,Mariposa,043,17540,3213,3175,350,3525,32
2022-11-29,Mendocino,045,87422,16374,16294,4632,20926,136
2022-11-29,Merced,047,269075,74146,73547,12151,85698,876
2022-11-29,Modoc,049,8938,904,895,349,1244,11
2022-11-29,Mono,051,14174,3240,3237,278,3515,8
2022-11-29,Monterey,053,433212,95741,95364,21955,117319,775
2022-11-29,Napa,055,140530,32974,32859,1449,34308,161
2022-11-29,Nevada,057,99092,19558,19398,2065,21463,132
2022-11-29,Orange,059,3164182,682269,679165,68535,747700,7567
2022-11-29,Placer,061,380077,77992,77618,9851,87469,665
2022-11-29,Plumas,063,18699,3746,3738,447,4185,13
2022-11-29,Riverside,065,2383286,709250,706396,37457,743853,6693
2022-11-29,Sacramento,067,1510023,356458,354844,35689,390533,3377
2022-11-29,San Benito,069,59416,16788,16555,1016,17571,108
2022-11-29,San Bernardino,071,2135413,685178,681872,32283,714155,8133
2022-11-29,San Diego,073,3302833,944872,942451,74991,1017442,5569
2022-11-29,San Francisco,075,870044,185747,184552,12596,197148,1078
2022-11-29,San Joaquin,077,732212,202407,201175,15768,216943,2347
2022-11-29,San Luis Obispo,079,281455,64376,64105,7387,71492,531
2022-11-29,San Mateo,081,765935,174564,173283,10757,184040,748
2022-11-29,Santa Barbara,083,443738,107973,107527,7119,114646,738
2022-11-29,Santa Clara,085,1922200,450901,444150,20056,464206,2560
2022-11-29,Santa Cruz,087,273765,65504,65044,3613,68657,275
2022-11-29,Shasta,089,179085,35698,35519,7935,43454,598
2022-11-29,Sierra,091,2930,308,308,61,369,5
2022-11-29,Siskiyou,093,43540,5298,5406,3382,8788,95
2022-11-29,Solano,095,438530,108536,107925,8163,116088,470
2022-11-29,Sonoma,097,501317,109429,109040,5436,114476,530
2022-11-29,Stanislaus,099,539301,140584,140127,22056,162183,1785
2022-11-29,Sutter,101,95872,24864,24800,2480,27280,234
2022-11-29,Tehama,103,63373,14007,13904,3250,17154,216
2022-11-29,Trinity,105,12862,1440,1428,454,1882,22
2022-11-29,Tulare,107,460477,124054,123368,37737,161105,1546
2022-11-29,Tuolumne,109,53932,16062,15945,945,16890,207
2022-11-29,Ventura,111,848112,213345,212363,16530,228893,1591
2022-11-29,Yolo,113,214977,48528,48329,4565,52894,409
2022-11-29,Yuba,115,75493,19358,19307,1766,21073,132
2022-11-28,Alameda,001,1643700,359098,356253,20723,376976,2059
2022-11-28,Alpine,002,1148,139,138,1,139,0
2022-11-28,Amador,005,37829,10184,10132,949,11081,95
2022-11-28,Butte,007,227075,40426,40206,9518,49724,465
2022-11-28,Calaveras,009,45235,8702,8651,588,9239,135
2022-11-28,Colusa,011,21464,3858,3840,1309,5149,22
2022-11-28,Contra Costa,013,1133247,258990,256191,21332,277523,1483
2022-11-28,Del Norte,015,27424,7575,7502,409,7911,56
2022-11-28,El Dorado,017,186661,33307,33057,4387,37444,233
2022-11-28,Fresno,019,978130,283871,278793,32718,311511,2893
2022-11-28,Glenn,021,27897,5655,5625,1923,7548,58
2022-11-28,Humboldt,023,135768,22597,22351,5353,27704,160
2022-11-28,Imperial,025,180216,67237,66747,17100,83847,960
2022-11-28,Inyo,027,18085,4612,4557,1105,5662,60
2022-11-28,Kern,029,883053,222598,221639,66828,288467,2430
2022-11-28,Kings,031,150075,60764,60457,4262,64719,463
2022-11-28,Lake,033,64148,13144,13042,1232,14274,149
2022-11-28,Lassen,035,31185,10123,10091,1021,11112,65
2022-11-28,Los Angeles,037,10098052,3357648,3332327,193715,3526042,33882
2022-11-28,Madera,039,155013,44832,44503,8468,52971,377
2022-11-28,Marin,041,260295,46713,46293,5414,51707,314
2022-11-28,Mariposa,043,17540,3211,3156,349,3505,32
2022-11-28,Mendocino,045,87422,16367,16255,4619,20874,136
2022-11-28,Merced,047,269075,74085,73259,12126,85385,876
2022-11-28,Modoc,049,8938,902,895,346,1241,11
2022-11-28,Mono,051,14174,3240,3233,276,3509,8
2022-11-28,Monterey,053,433212,95690,95169,21913,117082,775
2022-11-28,Napa,055,140530,32945,32736,1447,34183,161
2022-11-28,Nevada,057,99092,19531,19310,2061,21371,132
2022-11-28,Orange,059,3164182,681444,676959,68260,745219,7565
2022-11-28,Placer,061,380077,77944,77331,9842,87173,665
2022-11-28,Plumas,063,18699,3744,3737,447,4184,13
2022-11-28,Riverside,065,2383286,708597,704180,37348,741528,6692
2022-11-28,Sacramento,067,1510023,356072,353538,35629,389167,3374
2022-11-28,San Benito,069,59416,16742,16474,1004,17478,108
2022-11-28,San Bernardino,071,2135413,684486,679620,32190,711810,8133
2022-11-28,San Diego,073,3302833,943822,938583,74856,1013439,5562
2022-11-28,San Francisco,075,870044,185493,183671,12579,196250,1076
2022-11-28,San Joaquin,077,732212,202220,200474,15722,216196,2344
2022-11-28,San Luis Obispo,079,281455,64343,63962,7378,71340,530
2022-11-28,San Mateo,081,765935,174328,172573,10744,183317,748
2022-11-28,Santa Barbara,083,443738,107875,107184,7106,114290,735
2022-11-28,Santa Clara,085,1922200,450315,442182,19999,462181,2558
2022-11-28,Santa Cruz,087,273765,65410,64814,3609,68423,275
2022-11-28,Shasta,089,179085,35670,35452,7922,43374,596
2022-11-28,Sierra,091,2930,308,308,61,369,5
2022-11-28,Siskiyou,093,43540,5293,5385,3381,8766,95
2022-11-28,Solano,095,438530,108420,107446,8152,115598,469
2022-11-28,Sonoma,097,501317,109343,108690,5427,114117,530
2022-11-28,Stanislaus,099,539301,140469,139741,22019,161760,1785
2022-11-28,Sutter,101,95872,24849,24730,2480,27210,234
2022-11-28,Tehama,103,63373,13989,13857,3249,17106,216
2022-11-28,Trinity,105,12862,1440,1425,454,1879,21
2022-11-28,Tulare,107,460477,123979,123029,37683,160712,1545
2022-11-28,Tuolumne,109,53932,16052,15885,941,16826,206
2022-11-28,Ventura,111,848112,213135,211680,16480,228160,1591
2022-11-28,Yolo,113,214977,48495,48228,4549,52777,408
2022-11-28,Yuba,115,75493,19344,19233,1766,20999,132
2022-11-27,Alameda,001,1643700,358519,356253,20643,376896,2059
2022-11-27,Alpine,002,1148,139,138,1,139,0
2022-11-27,Amador,005,37829,10179,10132,948,11080,95
2022-11-27,Butte,007,227075,40381,40206,9498,49704,465
2022-11-27,Calaveras,009,45235,8696,8651,587,9238,135
2022-11-27,Colusa,011,21464,3855,3840,1307,5147,22
2022-11-27,Contra Costa,013,1133247,258640,256191,21285,277476,1483
2022-11-27,Del Norte,015,27424,7562,7502,406,7908,56
2022-11-27,El Dorado,017,186661,33265,33057,4381,37438,233
2022-11-27,Fresno,019,978130,283533,278793,32661,311454,2893
2022-11-27,Glenn,021,27897,5654,5625,1921,7546,58
2022-11-27,Humboldt,023,135768,22574,22351,5332,27683,160
2022-11-27,Imperial,025,180216,67146,66747,17030,83777,960
2022-11-27,Inyo,027,18085,4604,4557,1102,5659,60
2022-11-27,Kern,029,883053,222441,221639,66686,288325,2430
2022-11-27,Kings,031,150075,60690,60457,4250,64707,463
2022-11-27,Lake,033,64148,13130,13042,1230,14272,149
2022-11-27,Lassen,035,31185,10116,10091,1021,11112,65
2022-11-27,Los Angeles,037,10098052,3352549,3332327,193045,3525372,33882
2022-11-27,Madera,039,155013,44783,44503,8450,52953,377
2022-11-27,Marin,041,260295,46654,46293,5400,51693,314
2022-11-27,Mariposa,043,17540,3207,3156,349,3505,32
2022-11-27,Mendocino,045,87422,16353,16255,4607,20862,136
2022-11-27,Merced,047,269075,73972,73259,12100,85359,876
2022-11-27,Modoc,049,8938,900,895,346,1241,11
2022-11-27,Mono,051,14174,3240,3233,275,3508,8
2022-11-27,Monterey,053,433212,95628,95169,21882,117051,775
2022-11-27,Napa,055,140530,32909,32736,1445,34181,161
2022-11-27,Nevada,057,99092,19500,19310,2050,21360,132
2022-11-27,Orange,059,3164182,680611,676959,67971,744930,7565
2022-11-27,Placer,061,380077,77851,77331,9823,87154,665
2022-11-27,Plumas,063,18699,3742,3737,446,4183,13
2022-11-27,Riverside,065,2383286,707751,704180,37208,741388,6692
2022-11-27,Sacramento,067,1510023,355621,353538,35541,389079,3374
2022-11-27,San Benito,069,59416,16700,16474,1001,17475,108
2022-11-27,San Bernardino,071,2135413,683582,679620,32083,711703,8133
2022-11-27,San Diego,073,3302833,942578,938583,74669,1013252,5562
2022-11-27,San Francisco,075,870044,185188,183671,12548,196219,1076
2022-11-27,San Joaquin,077,732212,201954,200474,15647,216121,2344
2022-11-27,San Luis Obispo,079,281455,64270,63962,7357,71319,530
2022-11-27,San Mateo,081,765935,174016,172573,10722,183295,748
2022-11-27,Santa Barbara,083,443738,107767,107184,7079,114263,735
2022-11-27,Santa Clara,085,1922200,449638,442182,19948,462130,2558
2022-11-27,Santa Cruz,087,273765,65262,64814,3603,68417,275
2022-11-27,Shasta,089,179085,35649,35452,7907,43359,596
2022-11-27,Sierra,091,2930,308,308,61,369,5
2022-11-27,Siskiyou,093,43540,5288,5385,3379,8764,95
2022-11-27,Solano,095,438530,108280,107446,8136,115582,469
2022-11-27,Sonoma,097,501317,109235,108690,5425,114115,530
2022-11-27,Stanislaus,099,539301,140357,139741,21994,161735,1785
2022-11-27,Sutter,101,95872,24830,24730,2479,27209,234
2022-11-27,Tehama,103,63373,13968,13857,3231,17088,216
2022-11-27,Trinity,105,12862,1439,1425,454,1879,21
2022-11-27,Tulare,107,460477,123828,123029,37606,160635,1545
2022-11-27,Tuolumne,109,53932,16045,15885,939,16824,206
2022-11-27,Ventura,111,848112,212898,211680,16431,228111,1591
2022-11-27,Yolo,113,214977,48455,48228,4542,52770,408
2022-11-27,Yuba,115,75493,19324,19233,1763,20996,132
2022-11-26,Alameda,001,1643700,358248,356253,20619,376872,2059
2022-11-26,Alpine,002,1148,139,138,1,139,0
2022-11-26,Amador,005,37829,10174,10132,947,11079,95
2022-11-26,Butte,007,227075,40357,40206,9486,49692,465
2022-11-26,Calaveras,009,45235,8693,8651,587,9238,135
2022-11-26,Colusa,011,21464,3852,3840,1306,5146,22
2022-11-26,Contra Costa,013,1133247,258422,256191,21272,277463,1483
2022-11-26,Del Norte,015,27424,7552,7502,405,7907,56
2022-11-26,El Dorado,017,186661,33244,33057,4381,37438,233
2022-11-26,Fresno,019,978130,283368,278793,32633,311426,2893
2022-11-26,Glenn,021,27897,5650,5625,1915,7540,58
2022-11-26,Humboldt,023,135768,22561,22351,5324,27675,160
2022-11-26,Imperial,025,180216,67104,66747,17014,83761,960
2022-11-26,Inyo,027,18085,4597,4557,1100,5657,60
2022-11-26,Kern,029,883053,222353,221639,66621,288260,2430
2022-11-26,Kings,031,150075,60664,60457,4249,64706,463
2022-11-26,Lake,033,64148,13122,13042,1229,14271,149
2022-11-26,Lassen,035,31185,10115,10091,1021,11112,65
2022-11-26,Los Angeles,037,10098052,3350084,3332327,192691,3525018,33882
2022-11-26,Madera,039,155013,44762,44503,8441,52944,377
2022-11-26,Marin,041,260295,46614,46293,5394,51687,314
2022-11-26,Mariposa,043,17540,3207,3156,349,3505,32
2022-11-26,Mendocino,045,87422,16347,16255,4607,20862,136
2022-11-26,Merced,047,269075,73932,73259,12092,85351,876
2022-11-26,Modoc,049,8938,900,895,346,1241,11
2022-11-26,Mono,051,14174,3239,3233,274,3507,8
2022-11-26,Monterey,053,433212,95587,95169,21864,117033,775
2022-11-26,Napa,055,140530,32897,32736,1445,34181,161
2022-11-26,Nevada,057,99092,19493,19310,2043,21353,132
2022-11-26,Orange,059,3164182,680188,676959,67831,744790,7565
2022-11-26,Placer,061,380077,77791,77331,9815,87146,665
2022-11-26,Plumas,063,18699,3742,3737,446,4183,13
2022-11-26,Riverside,065,2383286,707305,704180,37138,741318,6692
2022-11-26,Sacramento,067,1510023,355420,353538,35508,389046,3374
2022-11-26,San Benito,069,59416,16678,16474,1001,17475,108
2022-11-26,San Bernardino,071,2135413,683184,679620,32032,711652,8133
2022-11-26,San Diego,073,3302833,942128,938583,74575,1013158,5562
2022-11-26,San Francisco,075,870044,185033,183671,12539,196210,1076
2022-11-26,San Joaquin,077,732212,201824,200474,15613,216087,2344
2022-11-26,San Luis Obispo,079,281455,64253,63962,7354,71316,530
2022-11-26,San Mateo,081,765935,173873,172573,10712,183285,748
2022-11-26,Santa Barbara,083,443738,107678,107184,7070,114254,735
2022-11-26,Santa Clara,085,1922200,449145,442182,19912,462094,2558
2022-11-26,Santa Cruz,087,273765,65214,64814,3600,68414,275
2022-11-26,Shasta,089,179085,35635,35452,7902,43354,596
2022-11-26,Sierra,091,2930,308,308,61,369,5
2022-11-26,Siskiyou,093,43540,5281,5385,3379,8764,95
2022-11-26,Solano,095,438530,108232,107446,8129,115575,469
2022-11-26,Sonoma,097,501317,109182,108690,5421,114111,530
2022-11-26,Stanislaus,099,539301,140290,139741,21976,161717,1785
2022-11-26,Sutter,101,95872,24824,24730,2478,27208,234
2022-11-26,Tehama,103,63373,13962,13857,3224,17081,216
2022-11-26,Trinity,105,12862,1439,1425,454,1879,21
2022-11-26,Tulare,107,460477,123778,123029,37548,160577,1545
2022-11-26,Tuolumne,109,53932,16033,15885,938,16823,206
2022-11-26,Ventura,111,848112,212758,211680,16408,228088,1591
2022-11-26,Yolo,113,214977,48435,48228,4537,52765,408
2022-11-26,Yuba,115,75493,19317,19233,1763,20996,132
2022-11-25,Alameda,001,1643700,357980,356253,20592,376845,2059
2022-11-25,Alpine,002,1148,139,138,1,139,0
2022-11-25,Amador,005,37829,10167,10132,946,11078,95
2022-11-25,Butte,007,227075,40340,40206,9472,49678,465
2022-11-25,Calaveras,009,45235,8690,8651,587,9238,135
2022-11-25,Colusa,011,21464,3850,3840,1306,5146,22
2022-11-25,Contra Costa,013,1133247,258255,256191,21258,277449,1483
2022-11-25,Del Norte,015,27424,7551,7502,405,7907,56
2022-11-25,El Dorado,017,186661,33218,33057,4375,37432,233
2022-11-25,Fresno,019,978130,283197,278793,32601,311394,2893
2022-11-25,Glenn,021,27897,5649,5625,1913,7538,58
2022-11-25,Humboldt,023,135768,22548,22351,5321,27672,160
2022-11-25,Imperial,025,180216,67067,66747,16982,83729,960
2022-11-25,Inyo,027,18085,4593,4557,1094,5651,60
2022-11-25,Kern,029,883053,222288,221639,66570,288209,2430
2022-11-25,Kings,031,150075,60641,60457,4249,64706,463
2022-11-25,Lake,033,64148,13120,13042,1229,14271,149
2022-11-25,Lassen,035,31185,10115,10091,1020,11111,65
2022-11-25,Los Angeles,037,10098052,3347777,3332327,192286,3524613,33882
2022-11-25,Madera,039,155013,44736,44503,8433,52936,377
2022-11-25,Marin,041,260295,46573,46293,5392,51685,314
2022-11-25,Mariposa,043,17540,3204,3156,348,3504,32
2022-11-25,Mendocino,045,87422,16339,16255,4604,20859,136
2022-11-25,Merced,047,269075,73897,73259,12087,85346,876
2022-11-25,Modoc,049,8938,899,895,346,1241,11
2022-11-25,Mono,051,14174,3239,3233,274,3507,8
2022-11-25,Monterey,053,433212,95540,95169,21837,117006,775
2022-11-25,Napa,055,140530,32884,32736,1445,34181,161
2022-11-25,Nevada,057,99092,19478,19310,2039,21349,132
2022-11-25,Orange,059,3164182,679789,676959,67712,744671,7565
2022-11-25,Placer,061,380077,77750,77331,9809,87140,665
2022-11-25,Plumas,063,18699,3742,3737,446,4183,13
2022-11-25,Riverside,065,2383286,706927,704180,37056,741236,6692
2022-11-25,Sacramento,067,1510023,355205,353538,35475,389013,3374
2022-11-25,San Benito,069,59416,16653,16474,1001,17475,108
2022-11-25,San Bernardino,071,2135413,682780,679620,31995,711615,8133
2022-11-25,San Diego,073,3302833,941638,938583,74511,1013094,5562
2022-11-25,San Francisco,075,870044,184886,183671,12511,196182,1076
2022-11-25,San Joaquin,077,732212,201712,200474,15594,216068,2344
2022-11-25,San Luis Obispo,079,281455,64238,63962,7346,71308,530
2022-11-25,San Mateo,081,765935,173694,172573,10703,183276,748
2022-11-25,Santa Barbara,083,443738,107615,107184,7068,114252,735
2022-11-25,Santa Clara,085,1922200,448726,442182,19877,462059,2558
2022-11-25,Santa Cruz,087,273765,65177,64814,3598,68412,275
2022-11-25,Shasta,089,179085,35628,35452,7897,43349,596
2022-11-25,Sierra,091,2930,308,308,61,369,5
2022-11-25,Siskiyou,093,43540,5278,5385,3379,8764,95
2022-11-25,Solano,095,438530,108151,107446,8121,115567,469
2022-11-25,Sonoma,097,501317,109129,108690,5421,114111,530
2022-11-25,Stanislaus,099,539301,140216,139741,21965,161706,1785
2022-11-25,Sutter,101,95872,24813,24730,2478,27208,234
2022-11-25,Tehama,103,63373,13953,13857,3219,17076,216
2022-11-25,Trinity,105,12862,1439,1425,454,1879,21
2022-11-25,Tulare,107,460477,123719,123029,37511,160540,1545
2022-11-25,Tuolumne,109,53932,16023,15885,937,16822,206
2022-11-25,Ventura,111,848112,212627,211680,16383,228063,1591
2022-11-25,Yolo,113,214977,48416,48228,4530,52758,408
2022-11-25,Yuba,115,75493,19306,19233,1762,20995,132
2022-11-24,Alameda,001,1643700,357672,356253,20566,376819,2059
2022-11-24,Alpine,002,1148,139,138,1,139,0
2022-11-24,Amador,005,37829,10164,10132,946,11078,95
2022-11-24,Butte,007,227075,40301,40206,9457,49663,465
2022-11-24,Calaveras,009,45235,8683,8651,587,9238,135
2022-11-24,Colusa,011,21464,3847,3840,1306,5146,22
2022-11-24,Contra Costa,013,1133247,258078,256191,21249,277440,1483
2022-11-24,Del Norte,015,27424,7550,7502,405,7907,56
2022-11-24,El Dorado,017,186661,33186,33057,4373,37430,233
2022-11-24,Fresno,019,978130,283009,278793,32552,311345,2893
2022-11-24,Glenn,021,27897,5645,5625,1911,7536,58
2022-11-24,Humboldt,023,135768,22534,22351,5316,27667,160
2022-11-24,Imperial,025,180216,67005,66747,16971,83718,960
2022-11-24,Inyo,027,18085,4589,4557,1093,5650,60
2022-11-24,Kern,029,883053,222219,221639,66503,288142,2430
2022-11-24,Kings,031,150075,60607,60457,4244,64701,463
2022-11-24,Lake,033,64148,13113,13042,1229,14271,149
2022-11-24,Lassen,035,31185,10111,10091,1020,11111,65
2022-11-24,Los Angeles,037,10098052,3345175,3332327,191831,3524158,33882
2022-11-24,Madera,039,155013,44714,44503,8425,52928,377
2022-11-24,Marin,041,260295,46528,46293,5391,51684,314
2022-11-24,Mariposa,043,17540,3200,3156,348,3504,32
2022-11-24,Mendocino,045,87422,16333,16255,4601,20856,136
2022-11-24,Merced,047,269075,73838,73259,12082,85341,876
2022-11-24,Modoc,049,8938,899,895,346,1241,11
2022-11-24,Mono,051,14174,3237,3233,274,3507,8
2022-11-24,Monterey,053,433212,95500,95169,21823,116992,775
2022-11-24,Napa,055,140530,32864,32736,1445,34181,161
2022-11-24,Nevada,057,99092,19463,19310,2035,21345,132
2022-11-24,Orange,059,3164182,679358,676959,67542,744501,7565
2022-11-24,Placer,061,380077,77709,77331,9798,87129,665
2022-11-24,Plumas,063,18699,3741,3737,446,4183,13
2022-11-24,Riverside,065,2383286,706458,704180,36969,741149,6692
2022-11-24,Sacramento,067,1510023,354951,353538,35452,388990,3374
2022-11-24,San Benito,069,59416,16643,16474,1000,17474,108
2022-11-24,San Bernardino,071,2135413,682290,679620,31943,711563,8133
2022-11-24,San Diego,073,3302833,941048,938583,74422,1013005,5562
2022-11-24,San Francisco,075,870044,184726,183671,12494,196165,1076
2022-11-24,San Joaquin,077,732212,201555,200474,15561,216035,2344
2022-11-24,San Luis Obispo,079,281455,64218,63962,7341,71303,530
2022-11-24,San Mateo,081,765935,173558,172573,10698,183271,748
2022-11-24,Santa Barbara,083,443738,107570,107184,7066,114250,735
2022-11-24,Santa Clara,085,1922200,448396,442182,19861,462043,2558
2022-11-24,Santa Cruz,087,273765,65147,64814,3597,68411,275
2022-11-24,Shasta,089,179085,35615,35452,7891,43343,596
2022-11-24,Sierra,091,2930,308,308,61,369,5
2022-11-24,Siskiyou,093,43540,5278,5385,3379,8764,95
2022-11-24,Solano,095,438530,108033,107446,8118,115564,469
2022-11-24,Sonoma,097,501317,109066,108690,5419,114109,530
2022-11-24,Stanislaus,099,539301,140135,139741,21953,161694,1785
2022-11-24,Sutter,101,95872,24801,24730,2478,27208,234
2022-11-24,Tehama,103,63373,13942,13857,3216,17073,216
2022-11-24,Trinity,105,12862,1439,1425,453,1878,21
2022-11-24,Tulare,107,460477,123666,123029,37478,160507,1545
2022-11-24,Tuolumne,109,53932,16009,15885,935,16820,206
2022-11-24,Ventura,111,848112,212485,211680,16345,228025,1591
2022-11-24,Yolo,113,214977,48396,48228,4528,52756,408
2022-11-24,Yuba,115,75493,19289,19233,1762,20995,132
2022-11-23,Alameda,001,1643700,357520,356253,20554,376807,2059
2022-11-23,Alpine,002,1148,139,138,1,139,0
2022-11-23,Amador,005,37829,10161,10132,946,11078,95
2022-11-23,Butte,007,227075,40285,40206,9446,49652,465
2022-11-23,Calaveras,009,45235,8677,8651,587,9238,135
2022-11-23,Colusa,011,21464,3847,3840,1306,5146,22
2022-11-23,Contra Costa,013,1133247,257968,256191,21245,277436,1483
2022-11-23,Del Norte,015,27424,7549,7502,405,7907,56
2022-11-23,El Dorado,017,186661,33176,33057,4372,37429,233
2022-11-23,Fresno,019,978130,282920,278793,32529,311322,2893
2022-11-23,Glenn,021,27897,5644,5625,1910,7535,58
2022-11-23,Humboldt,023,135768,22528,22351,5314,27665,160
2022-11-23,Imperial,025,180216,66963,66747,16965,83712,960
2022-11-23,Inyo,027,18085,4588,4557,1092,5649,60
2022-11-23,Kern,029,883053,222177,221639,66492,288131,2430
2022-11-23,Kings,031,150075,60595,60457,4243,64700,463
2022-11-23,Lake,033,64148,13107,13042,1229,14271,149
2022-11-23,Lassen,035,31185,10107,10091,1020,11111,65
2022-11-23,Los Angeles,037,10098052,3344123,3332327,191622,3523949,33882
2022-11-23,Madera,039,155013,44713,44503,8422,52925,377
2022-11-23,Marin,041,260295,46503,46293,5389,51682,314
2022-11-23,Mariposa,043,17540,3200,3156,348,3504,32
2022-11-23,Mendocino,045,87422,16332,16255,4598,20853,136
2022-11-23,Merced,047,269075,73817,73259,12078,85337,876
2022-11-23,Modoc,049,8938,899,895,346,1241,11
2022-11-23,Mono,051,14174,3237,3233,274,3507,8
2022-11-23,Monterey,053,433212,95479,95169,21815,116984,775
2022-11-23,Napa,055,140530,32853,32736,1445,34181,161
2022-11-23,Nevada,057,99092,19456,19310,2034,21344,132
2022-11-23,Orange,059,3164182,679222,676959,67467,744426,7565
2022-11-23,Placer,061,380077,77671,77331,9794,87125,665
2022-11-23,Plumas,063,18699,3740,3737,446,4183,13
2022-11-23,Riverside,065,2383286,706274,704180,36940,741120,6692
2022-11-23,Sacramento,067,1510023,354831,353538,35435,388973,3374
2022-11-23,San Benito,069,59416,16640,16474,1000,17474,108
2022-11-23,San Bernardino,071,2135413,682096,679620,31924,711544,8133
2022-11-23,San Diego,073,3302833,940838,938583,74383,1012966,5562
2022-11-23,San Francisco,075,870044,184651,183671,12491,196162,1076
2022-11-23,San Joaquin,077,732212,201488,200474,15541,216015,2344
2022-11-23,San Luis Obispo,079,281455,64212,63962,7341,71303,530
2022-11-23,San Mateo,081,765935,173505,172573,10693,183266,748
2022-11-23,Santa Barbara,083,443738,107536,107184,7064,114248,735
2022-11-23,Santa Clara,085,1922200,448220,442182,19844,462026,2558
2022-11-23,Santa Cruz,087,273765,65129,64814,3597,68411,275
2022-11-23,Shasta,089,179085,35609,35452,7889,43341,596
2022-11-23,Sierra,091,2930,308,308,61,369,5
2022-11-23,Siskiyou,093,43540,5275,5385,3379,8764,95
2022-11-23,Solano,095,438530,108018,107446,8116,115562,469
2022-11-23,Sonoma,097,501317,109035,108690,5419,114109,530
2022-11-23,Stanislaus,099,539301,140094,139741,21949,161690,1785
2022-11-23,Sutter,101,95872,24797,24730,2478,27208,234
2022-11-23,Tehama,103,63373,13937,13857,3215,17072,216
2022-11-23,Trinity,105,12862,1439,1425,453,1878,21
2022-11-23,Tulare,107,460477,123617,123029,37458,160487,1545
2022-11-23,Tuolumne,109,53932,15996,15885,935,16820,206
2022-11-23,Ventura,111,848112,212418,211680,16337,228017,1591
2022-11-23,Yolo,113,214977,48378,48228,4525,52753,408
2022-11-23,Yuba,115,75493,19282,19233,1761,20994,132
2022-11-22,Alameda,001,1643700,357154,356253,20513,376766,2059
2022-11-22,Alpine,002,1148,139,138,1,139,0
2022-11-22,Amador,005,37829,10157,10132,946,11078,95
2022-11-22,Butte,007,227075,40257,40206,9437,49643,465
2022-11-22,Calaveras,009,45235,8675,8651,586,9237,135
2022-11-22,Colusa,011,21464,3846,3840,1306,5146,22
2022-11-22,Contra Costa,013,1133247,257733,256191,21224,277415,1483
2022-11-22,Del Norte,015,27424,7544,7502,405,7907,56
2022-11-22,El Dorado,017,186661,33149,33057,4367,37424,233
2022-11-22,Fresno,019,978130,282730,278793,32489,311282,2893
2022-11-22,Glenn,021,27897,5641,5625,1905,7530,58
2022-11-22,Humboldt,023,135768,22503,22351,5303,27654,160
2022-11-22,Imperial,025,180216,66911,66747,16870,83617,960
2022-11-22,Inyo,027,18085,4584,4557,1090,5647,60
2022-11-22,Kern,029,883053,222111,221639,66441,288080,2430
2022-11-22,Kings,031,150075,60553,60457,4241,64698,463
2022-11-22,Lake,033,64148,13104,13042,1227,14269,149
2022-11-22,Lassen,035,31185,10100,10091,1019,11110,65
2022-11-22,Los Angeles,037,10098052,3341428,3332327,191162,3523489,33882
2022-11-22,Madera,039,155013,44688,44503,8411,52914,377
2022-11-22,Marin,041,260295,46461,46293,5387,51680,314
2022-11-22,Mariposa,043,17540,3195,3156,348,3504,32
2022-11-22,Mendocino,045,87422,16326,16255,4594,20849,136
2022-11-22,Merced,047,269075,73777,73259,12071,85330,876
2022-11-22,Modoc,049,8938,899,895,343,1238,11
2022-11-22,Mono,051,14174,3236,3233,274,3507,8
2022-11-22,Monterey,053,433212,95447,95169,21794,116963,775
2022-11-22,Napa,055,140530,32825,32736,1442,34178,161
2022-11-22,Nevada,057,99092,19435,19310,2023,21333,132
2022-11-22,Orange,059,3164182,678813,676959,67298,744257,7565
2022-11-22,Placer,061,380077,77612,77331,9786,87117,665
2022-11-22,Plumas,063,18699,3738,3737,446,4183,13
2022-11-22,Riverside,065,2383286,705852,704180,36859,741039,6692
2022-11-22,Sacramento,067,1510023,354584,353538,35406,388944,3374
2022-11-22,San Benito,069,59416,16624,16474,998,17472,108
2022-11-22,San Bernardino,071,2135413,681692,679620,31888,711508,8133
2022-11-22,San Diego,073,3302833,940330,938583,74282,1012865,5562
2022-11-22,San Francisco,075,870044,184505,183671,12478,196149,1076
2022-11-22,San Joaquin,077,732212,201359,200474,15510,215984,2344
2022-11-22,San Luis Obispo,079,281455,64191,63962,7328,71290,530
2022-11-22,San Mateo,081,765935,173369,172573,10683,183256,748
2022-11-22,Santa Barbara,083,443738,107484,107184,7050,114234,735
2022-11-22,Santa Clara,085,1922200,447829,442182,19816,461998,2558
2022-11-22,Santa Cruz,087,273765,65084,64814,3593,68407,275
2022-11-22,Shasta,089,179085,35591,35452,7883,43335,596
2022-11-22,Sierra,091,2930,308,308,61,369,5
2022-11-22,Siskiyou,093,43540,5271,5385,3379,8764,95
2022-11-22,Solano,095,438530,107933,107446,8113,115559,469
2022-11-22,Sonoma,097,501317,108970,108690,5410,114100,530
2022-11-22,Stanislaus,099,539301,140022,139741,21937,161678,1785
2022-11-22,Sutter,101,95872,24783,24730,2477,27207,234
2022-11-22,Tehama,103,63373,13927,13857,3214,17071,216
2022-11-22,Trinity,105,12862,1438,1425,452,1877,21
2022-11-22,Tulare,107,460477,123542,123029,37414,160443,1545
2022-11-22,Tuolumne,109,53932,15985,15885,934,16819,206
2022-11-22,Ventura,111,848112,212313,211680,16316,227996,1591
2022-11-22,Yolo,113,214977,48354,48228,4517,52745,408
2022-11-22,Yuba,115,75493,19272,19233,1761,20994,132
2022-11-21,Alameda,001,1643700,356881,354457,20488,374945,2054
2022-11-21,Alpine,002,1148,139,136,1,137,0
2022-11-21,Amador,005,37829,10152,10108,945,11053,95
2022-11-21,Butte,007,227075,40223,40058,9429,49487,461
2022-11-21,Calaveras,009,45235,8670,8612,585,9197,135
2022-11-21,Colusa,011,21464,3844,3828,1306,5134,22
2022-11-21,Contra Costa,013,1133247,257557,254944,21213,276157,1479
2022-11-21,Del Norte,015,27424,7542,7492,405,7897,56
2022-11-21,El Dorado,017,186661,33122,32903,4361,37264,233
2022-11-21,Fresno,019,978130,282558,277735,32446,310181,2888
2022-11-21,Glenn,021,27897,5638,5591,1902,7493,50
2022-11-21,Humboldt,023,135768,22483,22254,5292,27546,160
2022-11-21,Imperial,025,180216,66858,66473,16811,83284,960
2022-11-21,Inyo,027,18085,4578,4530,1086,5616,60
2022-11-21,Kern,029,883053,222012,221145,66391,287536,2430
2022-11-21,Kings,031,150075,60520,60156,4239,64395,462
2022-11-21,Lake,033,64148,13095,12978,1226,14204,149
2022-11-21,Lassen,035,31185,10096,10043,1018,11061,65
2022-11-21,Los Angeles,037,10098052,3338819,3320411,190691,3511102,33830
2022-11-21,Madera,039,155013,44670,44373,8409,52782,375
2022-11-21,Marin,041,260295,46414,46115,5386,51501,314
2022-11-21,Mariposa,043,17540,3188,3138,348,3486,32
2022-11-21,Mendocino,045,87422,16318,16205,4593,20798,136
2022-11-21,Merced,047,269075,73736,73022,12069,85091,875
2022-11-21,Modoc,049,8938,897,889,342,1231,11
2022-11-21,Mono,051,14174,3236,3226,273,3499,8
2022-11-21,Monterey,053,433212,95408,94949,21762,116711,773
2022-11-21,Napa,055,140530,32804,32610,1441,34051,161
2022-11-21,Nevada,057,99092,19413,19238,2016,21254,132
2022-11-21,Orange,059,3164182,678344,674980,67101,742081,7553
2022-11-21,Placer,061,380077,77556,76976,9779,86755,662
2022-11-21,Plumas,063,18699,3738,3729,446,4175,13
2022-11-21,Riverside,065,2383286,705406,702343,36778,739121,6686
2022-11-21,Sacramento,067,1510023,354285,352117,35359,387476,3362
2022-11-21,San Benito,069,59416,16612,16410,997,17407,108
2022-11-21,San Bernardino,071,2135413,681188,677641,31831,709472,8131
2022-11-21,San Diego,073,3302833,939732,935811,74156,1009967,5557
2022-11-21,San Francisco,075,870044,184332,182855,12469,195324,1074
2022-11-21,San Joaquin,077,732212,201230,199682,15476,215158,2341
2022-11-21,San Luis Obispo,079,281455,64164,63812,7321,71133,530
2022-11-21,San Mateo,081,765935,173244,171862,10677,182539,748
2022-11-21,Santa Barbara,083,443738,107409,106885,7047,113932,733
2022-11-21,Santa Clara,085,1922200,447423,440104,19795,459899,2541
2022-11-21,Santa Cruz,087,273765,65039,64515,3585,68100,276
2022-11-21,Shasta,089,179085,35573,35346,7875,43221,595
2022-11-21,Sierra,091,2930,308,308,60,368,5
2022-11-21,Siskiyou,093,43540,5266,5364,3379,8743,95
2022-11-21,Solano,095,438530,107832,106903,8106,115009,469
2022-11-21,Sonoma,097,501317,108889,108386,5406,113792,527
2022-11-21,Stanislaus,099,539301,139945,139293,21922,161215,1785
2022-11-21,Sutter,101,95872,24767,24642,2477,27119,234
2022-11-21,Tehama,103,63373,13919,13784,3211,16995,216
2022-11-21,Trinity,105,12862,1437,1422,449,1871,20
2022-11-21,Tulare,107,460477,123469,122707,37377,160084,1545
2022-11-21,Tuolumne,109,53932,15980,15805,934,16739,209
2022-11-21,Ventura,111,848112,212173,210938,16287,227225,1586
2022-11-21,Yolo,113,214977,48325,48092,4512,52604,355
2022-11-21,Yuba,115,75493,19252,19157,1760,20917,132
2022-11-20,Alameda,001,1643700,356535,354457,20454,374911,2054
2022-11-20,Alpine,002,1148,139,136,1,137,0
2022-11-20,Amador,005,37829,10149,10108,944,11052,95
2022-11-20,Butte,007,227075,40191,40058,9411,49469,461
2022-11-20,Calaveras,009,45235,8662,8612,585,9197,135
2022-11-20,Colusa,011,21464,3842,3828,1306,5134,22
2022-11-20,Contra Costa,013,1133247,257355,254944,21195,276139,1479
2022-11-20,Del Norte,015,27424,7535,7492,405,7897,56
2022-11-20,El Dorado,017,186661,33070,32903,4357,37260,233
2022-11-20,Fresno,019,978130,282346,277735,32395,310130,2888
2022-11-20,Glenn,021,27897,5633,5591,1901,7492,50
2022-11-20,Humboldt,023,135768,22460,22254,5289,27543,160
2022-11-20,Imperial,025,180216,66792,66473,16762,83235,960
2022-11-20,Inyo,027,18085,4571,4530,1085,5615,60
2022-11-20,Kern,029,883053,221911,221145,66334,287479,2430
2022-11-20,Kings,031,150075,60471,60156,4238,64394,462
2022-11-20,Lake,033,64148,13084,12978,1220,14198,149
2022-11-20,Lassen,035,31185,10095,10043,1016,11059,65
2022-11-20,Los Angeles,037,10098052,3335968,3320411,190210,3510621,33830
2022-11-20,Madera,039,155013,44652,44373,8404,52777,375
2022-11-20,Marin,041,260295,46385,46115,5382,51497,314
2022-11-20,Mariposa,043,17540,3184,3138,348,3486,32
2022-11-20,Mendocino,045,87422,16313,16205,4590,20795,136
2022-11-20,Merced,047,269075,73658,73022,12062,85084,875
2022-11-20,Modoc,049,8938,893,889,342,1231,11
2022-11-20,Mono,051,14174,3234,3226,273,3499,8
2022-11-20,Monterey,053,433212,95368,94949,21734,116683,773
2022-11-20,Napa,055,140530,32781,32610,1438,34048,161
2022-11-20,Nevada,057,99092,19382,19238,2008,21246,132
2022-11-20,Orange,059,3164182,677880,674980,66940,741920,7553
2022-11-20,Placer,061,380077,77495,76976,9776,86752,662
2022-11-20,Plumas,063,18699,3737,3729,446,4175,13
2022-11-20,Riverside,065,2383286,704990,702343,36697,739040,6686
2022-11-20,Sacramento,067,1510023,353994,352117,35329,387446,3362
2022-11-20,San Benito,069,59416,16593,16410,996,17406,108
2022-11-20,San Bernardino,071,2135413,680667,677641,31778,709419,8131
2022-11-20,San Diego,073,3302833,939057,935811,74039,1009850,5557
2022-11-20,San Francisco,075,870044,184124,182855,12448,195303,1074
2022-11-20,San Joaquin,077,732212,201105,199682,15454,215136,2341
2022-11-20,San Luis Obispo,079,281455,64131,63812,7317,71129,530
2022-11-20,San Mateo,081,765935,173098,171862,10661,182523,748
2022-11-20,Santa Barbara,083,443738,107345,106885,7036,113921,733
2022-11-20,Santa Clara,085,1922200,447031,440104,19766,459870,2541
2022-11-20,Santa Cruz,087,273765,64969,64515,3581,68096,276
2022-11-20,Shasta,089,179085,35554,35346,7863,43209,595
2022-11-20,Sierra,091,2930,308,308,60,368,5
2022-11-20,Siskiyou,093,43540,5264,5364,3378,8742,95
2022-11-20,Solano,095,438530,107720,106903,8097,115000,469
2022-11-20,Sonoma,097,501317,108827,108386,5404,113790,527
2022-11-20,Stanislaus,099,539301,139854,139293,21901,161194,1785
2022-11-20,Sutter,101,95872,24750,24642,2476,27118,234
2022-11-20,Tehama,103,63373,13908,13784,3211,16995,216
2022-11-20,Trinity,105,12862,1437,1422,446,1868,20
2022-11-20,Tulare,107,460477,123400,122707,37334,160041,1545
2022-11-20,Tuolumne,109,53932,15968,15805,933,16738,209
2022-11-20,Ventura,111,848112,212042,210938,16263,227201,1586
2022-11-20,Yolo,113,214977,48299,48092,4502,52594,355
2022-11-20,Yuba,115,75493,19247,19157,1760,20917,132
2022-11-19,Alameda,001,1643700,356358,354457,20434,374891,2054
2022-11-19,Alpine,002,1148,139,136,1,137,0
2022-11-19,Amador,005,37829,10146,10108,944,11052,95
2022-11-19,Butte,007,227075,40179,40058,9401,49459,461
2022-11-19,Calaveras,009,45235,8659,8612,583,9195,135
2022-11-19,Colusa,011,21464,3840,3828,1306,5134,22
2022-11-19,Contra Costa,013,1133247,257259,254944,21192,276136,1479
2022-11-19,Del Norte,015,27424,7534,7492,405,7897,56
2022-11-19,El Dorado,017,186661,33046,32903,4356,37259,233
2022-11-19,Fresno,019,978130,282241,277735,32375,310110,2888
2022-11-19,Glenn,021,27897,5633,5591,1901,7492,50
2022-11-19,Humboldt,023,135768,22445,22254,5283,27537,160
2022-11-19,Imperial,025,180216,66770,66473,16754,83227,960
2022-11-19,Inyo,027,18085,4569,4530,1081,5611,60
2022-11-19,Kern,029,883053,221875,221145,66312,287457,2430
2022-11-19,Kings,031,150075,60449,60156,4236,64392,462
2022-11-19,Lake,033,64148,13079,12978,1220,14198,149
2022-11-19,Lassen,035,31185,10094,10043,1016,11059,65
2022-11-19,Los Angeles,037,10098052,3334471,3320411,189970,3510381,33830
2022-11-19,Madera,039,155013,44637,44373,8403,52776,375
2022-11-19,Marin,041,260295,46362,46115,5382,51497,314
2022-11-19,Mariposa,043,17540,3184,3138,348,3486,32
2022-11-19,Mendocino,045,87422,16310,16205,4585,20790,136
2022-11-19,Merced,047,269075,73634,73022,12058,85080,875
2022-11-19,Modoc,049,8938,893,889,342,1231,11
2022-11-19,Mono,051,14174,3234,3226,273,3499,8
2022-11-19,Monterey,053,433212,95342,94949,21721,116670,773
2022-11-19,Napa,055,140530,32770,32610,1436,34046,161
2022-11-19,Nevada,057,99092,19372,19238,2005,21243,132
2022-11-19,Orange,059,3164182,677663,674980,66861,741841,7553
2022-11-19,Placer,061,380077,77444,76976,9771,86747,662
2022-11-19,Plumas,063,18699,3737,3729,446,4175,13
2022-11-19,Riverside,065,2383286,704759,702343,36643,738986,6686
2022-11-19,Sacramento,067,1510023,353874,352117,35319,387436,3362
2022-11-19,San Benito,069,59416,16580,16410,996,17406,108
2022-11-19,San Bernardino,071,2135413,680410,677641,31750,709391,8131
2022-11-19,San Diego,073,3302833,938819,935811,73998,1009809,5557
2022-11-19,San Francisco,075,870044,184028,182855,12444,195299,1074
2022-11-19,San Joaquin,077,732212,201015,199682,15426,215108,2341
2022-11-19,San Luis Obispo,079,281455,64116,63812,7313,71125,530
2022-11-19,San Mateo,081,765935,173020,171862,10655,182517,748
2022-11-19,Santa Barbara,083,443738,107308,106885,7031,113916,733
2022-11-19,Santa Clara,085,1922200,446818,440104,19750,459854,2541
2022-11-19,Santa Cruz,087,273765,64951,64515,3579,68094,276
2022-11-19,Shasta,089,179085,35545,35346,7856,43202,595
2022-11-19,Sierra,091,2930,308,308,60,368,5
2022-11-19,Siskiyou,093,43540,5257,5364,3378,8742,95
2022-11-19,Solano,095,438530,107689,106903,8092,114995,469
2022-11-19,Sonoma,097,501317,108802,108386,5403,113789,527
2022-11-19,Stanislaus,099,539301,139793,139293,21899,161192,1785
2022-11-19,Sutter,101,95872,24741,24642,2476,27118,234
2022-11-19,Tehama,103,63373,13901,13784,3210,16994,216
2022-11-19,Trinity,105,12862,1437,1422,446,1868,20
2022-11-19,Tulare,107,460477,123363,122707,37312,160019,1545
2022-11-19,Tuolumne,109,53932,15951,15805,932,16737,209
2022-11-19,Ventura,111,848112,211962,210938,16248,227186,1586
2022-11-19,Yolo,113,214977,48282,48092,4500,52592,355
2022-11-19,Yuba,115,75493,19241,19157,1760,20917,132
2022-11-18,Alameda,001,1643700,356171,354457,20417,374874,2054
2022-11-18,Alpine,002,1148,139,136,1,137,0
2022-11-18,Amador,005,37829,10140,10108,944,11052,95
2022-11-18,Butte,007,227075,40167,40058,9394,49452,461
2022-11-18,Calaveras,009,45235,8654,8612,583,9195,135
2022-11-18,Colusa,011,21464,3838,3828,1306,5134,22
2022-11-18,Contra Costa,013,1133247,257140,254944,21185,276129,1479
2022-11-18,Del Norte,015,27424,7532,7492,405,7897,56
2022-11-18,El Dorado,017,186661,33035,32903,4355,37258,233
2022-11-18,Fresno,019,978130,282128,277735,32355,310090,2888
2022-11-18,Glenn,021,27897,5632,5591,1901,7492,50
2022-11-18,Humboldt,023,135768,22432,22254,5279,27533,160
2022-11-18,Imperial,025,180216,66753,66473,16743,83216,960
2022-11-18,Inyo,027,18085,4567,4530,1076,5606,60
2022-11-18,Kern,029,883053,221843,221145,66262,287407,2430
2022-11-18,Kings,031,150075,60430,60156,4234,64390,462
2022-11-18,Lake,033,64148,13075,12978,1220,14198,149
2022-11-18,Lassen,035,31185,10094,10043,1016,11059,65
2022-11-18,Los Angeles,037,10098052,3333077,3320411,189718,3510129,33830
2022-11-18,Madera,039,155013,44615,44373,8397,52770,375
2022-11-18,Marin,041,260295,46341,46115,5378,51493,314
2022-11-18,Mariposa,043,17540,3177,3138,348,3486,32
2022-11-18,Mendocino,045,87422,16307,16205,4584,20789,136
2022-11-18,Merced,047,269075,73615,73022,12054,85076,875
2022-11-18,Modoc,049,8938,893,889,341,1230,11
2022-11-18,Mono,051,14174,3234,3226,272,3498,8
2022-11-18,Monterey,053,433212,95316,94949,21708,116657,773
2022-11-18,Napa,055,140530,32759,32610,1436,34046,161
2022-11-18,Nevada,057,99092,19365,19238,1996,21234,132
2022-11-18,Orange,059,3164182,677460,674980,66760,741740,7553
2022-11-18,Placer,061,380077,77410,76976,9765,86741,662
2022-11-18,Plumas,063,18699,3736,3729,445,4174,13
2022-11-18,Riverside,065,2383286,704544,702343,36598,738941,6686
2022-11-18,Sacramento,067,1510023,353716,352117,35300,387417,3362
2022-11-18,San Benito,069,59416,16577,16410,996,17406,108
2022-11-18,San Bernardino,071,2135413,680190,677641,31727,709368,8131
2022-11-18,San Diego,073,3302833,938491,935811,73948,1009759,5557
2022-11-18,San Francisco,075,870044,183925,182855,12422,195277,1074
2022-11-18,San Joaquin,077,732212,200939,199682,15412,215094,2341
2022-11-18,San Luis Obispo,079,281455,64100,63812,7310,71122,530
2022-11-18,San Mateo,081,765935,172961,171862,10646,182508,748
2022-11-18,Santa Barbara,083,443738,107280,106885,7027,113912,733
2022-11-18,Santa Clara,085,1922200,446587,440104,19734,459838,2541
2022-11-18,Santa Cruz,087,273765,64928,64515,3576,68091,276
2022-11-18,Shasta,089,179085,35536,35346,7852,43198,595
2022-11-18,Sierra,091,2930,308,308,60,368,5
2022-11-18,Siskiyou,093,43540,5255,5364,3378,8742,95
2022-11-18,Solano,095,438530,107633,106903,8090,114993,469
2022-11-18,Sonoma,097,501317,108765,108386,5401,113787,527
2022-11-18,Stanislaus,099,539301,139744,139293,21893,161186,1785
2022-11-18,Sutter,101,95872,24734,24642,2476,27118,234
2022-11-18,Tehama,103,63373,13897,13784,3209,16993,216
2022-11-18,Trinity,105,12862,1437,1422,445,1867,20
2022-11-18,Tulare,107,460477,123319,122707,37279,159986,1545
2022-11-18,Tuolumne,109,53932,15938,15805,932,16737,209
2022-11-18,Ventura,111,848112,211884,210938,16227,227165,1586
2022-11-18,Yolo,113,214977,48266,48092,4495,52587,355
2022-11-18,Yuba,115,75493,19230,19157,1760,20917,132
2022-11-17,Alameda,001,1643700,355914,354457,20387,374844,2054
2022-11-17,Alpine,002,1148,138,136,1,137,0
2022-11-17,Amador,005,37829,10137,10108,944,11052,95
2022-11-17,Butte,007,227075,40144,40058,9383,49441,461
2022-11-17,Calaveras,009,45235,8649,8612,581,9193,135
2022-11-17,Colusa,011,21464,3838,3828,1306,5134,22
2022-11-17,Contra Costa,013,1133247,256990,254944,21175,276119,1479
2022-11-17,Del Norte,015,27424,7527,7492,405,7897,56
2022-11-17,El Dorado,017,186661,33005,32903,4355,37258,233
2022-11-17,Fresno,019,978130,281964,277735,32329,310064,2888
2022-11-17,Glenn,021,27897,5626,5591,1897,7488,50
2022-11-17,Humboldt,023,135768,22419,22254,5275,27529,160
2022-11-17,Imperial,025,180216,66702,66473,16704,83177,960
2022-11-17,Inyo,027,18085,4560,4530,1074,5604,60
2022-11-17,Kern,029,883053,221767,221145,66225,287370,2430
2022-11-17,Kings,031,150075,60395,60156,4228,64384,462
2022-11-17,Lake,033,64148,13069,12978,1220,14198,149
2022-11-17,Lassen,035,31185,10087,10043,1013,11056,65
2022-11-17,Los Angeles,037,10098052,3331137,3320411,189426,3509837,33830
2022-11-17,Madera,039,155013,44559,44373,8393,52766,375
2022-11-17,Marin,041,260295,46314,46115,5374,51489,314
2022-11-17,Mariposa,043,17540,3172,3138,348,3486,32
2022-11-17,Mendocino,045,87422,16301,16205,4584,20789,136
2022-11-17,Merced,047,269075,73576,73022,12051,85073,875
2022-11-17,Modoc,049,8938,891,889,341,1230,11
2022-11-17,Mono,051,14174,3233,3226,272,3498,8
2022-11-17,Monterey,053,433212,95287,94949,21683,116632,773
2022-11-17,Napa,055,140530,32735,32610,1435,34045,161
2022-11-17,Nevada,057,99092,19353,19238,1992,21230,132
2022-11-17,Orange,059,3164182,677140,674980,66639,741619,7553
2022-11-17,Placer,061,380077,77366,76976,9759,86735,662
2022-11-17,Plumas,063,18699,3732,3729,445,4174,13
2022-11-17,Riverside,065,2383286,704243,702343,36550,738893,6686
2022-11-17,Sacramento,067,1510023,353497,352117,35266,387383,3362
2022-11-17,San Benito,069,59416,16569,16410,994,17404,108
2022-11-17,San Bernardino,071,2135413,679875,677641,31693,709334,8131
2022-11-17,San Diego,073,3302833,938085,935811,73896,1009707,5557
2022-11-17,San Francisco,075,870044,183797,182855,12403,195258,1074
2022-11-17,San Joaquin,077,732212,200820,199682,15372,215054,2341
2022-11-17,San Luis Obispo,079,281455,64079,63812,7307,71119,530
2022-11-17,San Mateo,081,765935,172862,171862,10644,182506,748
2022-11-17,Santa Barbara,083,443738,107240,106885,7024,113909,733
2022-11-17,Santa Clara,085,1922200,446250,440104,19709,459813,2541
2022-11-17,Santa Cruz,087,273765,64891,64515,3574,68089,276
2022-11-17,Shasta,089,179085,35524,35346,7843,43189,595
2022-11-17,Sierra,091,2930,308,308,60,368,5
2022-11-17,Siskiyou,093,43540,5252,5364,3378,8742,95
2022-11-17,Solano,095,438530,107567,106903,8086,114989,469
2022-11-17,Sonoma,097,501317,108713,108386,5400,113786,527
2022-11-17,Stanislaus,099,539301,139684,139293,21880,161173,1785
2022-11-17,Sutter,101,95872,24723,24642,2476,27118,234
2022-11-17,Tehama,103,63373,13883,13784,3207,16991,216
2022-11-17,Trinity,105,12862,1435,1422,442,1864,20
2022-11-17,Tulare,107,460477,123251,122707,37249,159956,1545
2022-11-17,Tuolumne,109,53932,15922,15805,932,16737,209
2022-11-17,Ventura,111,848112,211783,210938,16206,227144,1586
2022-11-17,Yolo,113,214977,48255,48092,4490,52582,355
2022-11-17,Yuba,115,75493,19215,19157,1758,20915,132
2022-11-16,Alameda,001,1643700,355684,354457,20364,374821,2054
2022-11-16,Alpine,002,1148,138,136,1,137,0
2022-11-16,Amador,005,37829,10130,10108,944,11052,95
2022-11-16,Butte,007,227075,40121,40058,9367,49425,461
2022-11-16,Calaveras,009,45235,8642,8612,580,9192,135
2022-11-16,Colusa,011,21464,3836,3828,1305,5133,22
2022-11-16,Contra Costa,013,1133247,256861,254944,21154,276098,1479
2022-11-16,Del Norte,015,27424,7527,7492,405,7897,56
2022-11-16,El Dorado,017,186661,32982,32903,4354,37257,233
2022-11-16,Fresno,019,978130,281807,277735,32304,310039,2888
2022-11-16,Glenn,021,27897,5623,5591,1896,7487,50
2022-11-16,Humboldt,023,135768,22399,22254,5269,27523,160
2022-11-16,Imperial,025,180216,66663,66473,16641,83114,960
2022-11-16,Inyo,027,18085,4555,4530,1067,5597,60
2022-11-16,Kern,029,883053,221686,221145,66177,287322,2430
2022-11-16,Kings,031,150075,60336,60156,4224,64380,462
2022-11-16,Lake,033,64148,13054,12978,1220,14198,149
2022-11-16,Lassen,035,31185,10083,10043,1011,11054,65
2022-11-16,Los Angeles,037,10098052,3329323,3320411,189114,3509525,33830
2022-11-16,Madera,039,155013,44539,44373,8387,52760,375
2022-11-16,Marin,041,260295,46288,46115,5369,51484,314
2022-11-16,Mariposa,043,17540,3172,3138,348,3486,32
2022-11-16,Mendocino,045,87422,16296,16205,4582,20787,136
2022-11-16,Merced,047,269075,73525,73022,12045,85067,875
2022-11-16,Modoc,049,8938,890,889,341,1230,11
2022-11-16,Mono,051,14174,3233,3226,272,3498,8
2022-11-16,Monterey,053,433212,95249,94949,21659,116608,773
2022-11-16,Napa,055,140530,32705,32610,1432,34042,161
2022-11-16,Nevada,057,99092,19342,19238,1989,21227,132
2022-11-16,Orange,059,3164182,676824,674980,66509,741489,7553
2022-11-16,Placer,061,380077,77307,76976,9757,86733,662
2022-11-16,Plumas,063,18699,3732,3729,445,4174,13
2022-11-16,Riverside,065,2383286,703922,702343,36487,738830,6686
2022-11-16,Sacramento,067,1510023,353252,352117,35231,387348,3362
2022-11-16,San Benito,069,59416,16560,16410,992,17402,108
2022-11-16,San Bernardino,071,2135413,679510,677641,31672,709313,8131
2022-11-16,San Diego,073,3302833,937618,935811,73841,1009652,5557
2022-11-16,San Francisco,075,870044,183663,182855,12392,195247,1074
2022-11-16,San Joaquin,077,732212,200699,199682,15360,215042,2341
2022-11-16,San Luis Obispo,079,281455,64056,63812,7302,71114,530
2022-11-16,San Mateo,081,765935,172757,171862,10638,182500,748
2022-11-16,Santa Barbara,083,443738,107190,106885,7014,113899,733
2022-11-16,Santa Clara,085,1922200,445914,440104,19690,459794,2541
2022-11-16,Santa Cruz,087,273765,64849,64515,3572,68087,276
2022-11-16,Shasta,089,179085,35515,35346,7836,43182,595
2022-11-16,Sierra,091,2930,308,308,60,368,5
2022-11-16,Siskiyou,093,43540,5249,5364,3377,8741,95
2022-11-16,Solano,095,438530,107498,106903,8080,114983,469
2022-11-16,Sonoma,097,501317,108662,108386,5398,113784,527
2022-11-16,Stanislaus,099,539301,139623,139293,21868,161161,1785
2022-11-16,Sutter,101,95872,24708,24642,2476,27118,234
2022-11-16,Tehama,103,63373,13872,13784,3193,16977,216
2022-11-16,Trinity,105,12862,1434,1422,441,1863,20
2022-11-16,Tulare,107,460477,123192,122707,37213,159920,1545
2022-11-16,Tuolumne,109,53932,15907,15805,932,16737,209
2022-11-16,Ventura,111,848112,211667,210938,16184,227122,1586
2022-11-16,Yolo,113,214977,48232,48092,4483,52575,355
2022-11-16,Yuba,115,75493,19201,19157,1758,20915,132
2022-11-15,Alameda,001,1643700,355451,354457,20353,374810,2054
2022-11-15,Alpine,002,1148,138,136,1,137,0
2022-11-15,Amador,005,37829,10124,10108,944,11052,95
2022-11-15,Butte,007,227075,40104,40058,9360,49418,461
2022-11-15,Calaveras,009,45235,8636,8612,580,9192,135
2022-11-15,Colusa,011,21464,3835,3828,1305,5133,22
2022-11-15,Contra Costa,013,1133247,256709,254944,21132,276076,1479
2022-11-15,Del Norte,015,27424,7525,7492,405,7897,56
2022-11-15,El Dorado,017,186661,32957,32903,4349,37252,233
2022-11-15,Fresno,019,978130,281638,277735,32267,310002,2888
2022-11-15,Glenn,021,27897,5619,5591,1895,7486,50
2022-11-15,Humboldt,023,135768,22382,22254,5262,27516,160
2022-11-15,Imperial,025,180216,66626,66473,16605,83078,960
2022-11-15,Inyo,027,18085,4551,4530,1063,5593,60
2022-11-15,Kern,029,883053,221603,221145,65809,286954,2430
2022-11-15,Kings,031,150075,60298,60156,4221,64377,462
2022-11-15,Lake,033,64148,13047,12978,1220,14198,149
2022-11-15,Lassen,035,31185,10076,10043,1010,11053,65
2022-11-15,Los Angeles,037,10098052,3327459,3320411,188843,3509254,33830
2022-11-15,Madera,039,155013,44519,44373,8384,52757,375
2022-11-15,Marin,041,260295,46265,46115,5366,51481,314
2022-11-15,Mariposa,043,17540,3169,3138,348,3486,32
2022-11-15,Mendocino,045,87422,16290,16205,4578,20783,136
2022-11-15,Merced,047,269075,73495,73022,12037,85059,875
2022-11-15,Modoc,049,8938,889,889,341,1230,11
2022-11-15,Mono,051,14174,3233,3226,272,3498,8
2022-11-15,Monterey,053,433212,95217,94949,21626,116575,773
2022-11-15,Napa,055,140530,32681,32610,1431,34041,161
2022-11-15,Nevada,057,99092,19329,19238,1983,21221,132
2022-11-15,Orange,059,3164182,676477,674980,66383,741363,7553
2022-11-15,Placer,061,380077,77259,76976,9749,86725,662
2022-11-15,Plumas,063,18699,3731,3729,445,4174,13
2022-11-15,Riverside,065,2383286,703601,702343,36436,738779,6686
2022-11-15,Sacramento,067,1510023,353011,352117,35193,387310,3362
2022-11-15,San Benito,069,59416,16557,16410,992,17402,108
2022-11-15,San Bernardino,071,2135413,679239,677641,31639,709280,8131
2022-11-15,San Diego,073,3302833,937149,935811,73788,1009599,5557
2022-11-15,San Francisco,075,870044,183536,182855,12379,195234,1074
2022-11-15,San Joaquin,077,732212,200582,199682,15344,215026,2341
2022-11-15,San Luis Obispo,079,281455,64023,63812,7297,71109,530
2022-11-15,San Mateo,081,765935,172646,171862,10633,182495,748
2022-11-15,Santa Barbara,083,443738,107147,106885,7009,113894,733
2022-11-15,Santa Clara,085,1922200,445596,440104,19675,459779,2541
2022-11-15,Santa Cruz,087,273765,64809,64515,3567,68082,276
2022-11-15,Shasta,089,179085,35503,35346,7822,43168,595
2022-11-15,Sierra,091,2930,308,308,60,368,5
2022-11-15,Siskiyou,093,43540,5245,5364,3377,8741,95
2022-11-15,Solano,095,438530,107412,106903,8073,114976,469
2022-11-15,Sonoma,097,501317,108620,108386,5392,113778,527
2022-11-15,Stanislaus,099,539301,139556,139293,21842,161135,1785
2022-11-15,Sutter,101,95872,24698,24642,2475,27117,234
2022-11-15,Tehama,103,63373,13859,13784,3188,16972,216
2022-11-15,Trinity,105,12862,1433,1422,441,1863,20
2022-11-15,Tulare,107,460477,123120,122707,37171,159878,1545
2022-11-15,Tuolumne,109,53932,15901,15805,932,16737,209
2022-11-15,Ventura,111,848112,211555,210938,16172,227110,1586
2022-11-15,Yolo,113,214977,48208,48092,4477,52569,355
2022-11-15,Yuba,115,75493,19191,19157,1756,20913,132
2022-11-14,Alameda,001,1643700,355176,352725,20325,373050,2050
2022-11-14,Alpine,002,1148,138,136,1,137,0
2022-11-14,Amador,005,37829,10124,10080,944,11024,95
2022-11-14,Butte,007,227075,40079,39935,9353,49288,461
2022-11-14,Calaveras,009,45235,8630,8590,580,9170,135
2022-11-14,Colusa,011,21464,3835,3822,1304,5126,22
2022-11-14,Contra Costa,013,1133247,256561,253870,21124,274994,1469
2022-11-14,Del Norte,015,27424,7524,7472,405,7877,56
2022-11-14,El Dorado,017,186661,32936,32713,4349,37062,232
2022-11-14,Fresno,019,978130,281492,276921,32237,309158,2887
2022-11-14,Glenn,021,27897,5617,5570,1894,7464,48
2022-11-14,Humboldt,023,135768,22360,22176,5252,27428,160
2022-11-14,Imperial,025,180216,66578,66182,16565,82747,960
2022-11-14,Inyo,027,18085,4549,4520,1058,5578,60
2022-11-14,Kern,029,883053,221530,220676,65755,286431,2430
2022-11-14,Kings,031,150075,60224,59955,4215,64170,461
2022-11-14,Lake,033,64148,13040,12931,1216,14147,149
2022-11-14,Lassen,035,31185,10062,10019,1009,11028,65
2022-11-14,Los Angeles,037,10098052,3325688,3311644,188528,3500172,33784
2022-11-14,Madera,039,155013,44502,44281,8381,52662,375
2022-11-14,Marin,041,260295,46235,45924,5364,51288,314
2022-11-14,Mariposa,043,17540,3169,3124,348,3472,32
2022-11-14,Mendocino,045,87422,16280,16164,4574,20738,136
2022-11-14,Merced,047,269075,73467,72817,12029,84846,870
2022-11-14,Modoc,049,8938,889,887,334,1221,11
2022-11-14,Mono,051,14174,3233,3218,272,3490,8
2022-11-14,Monterey,053,433212,95181,94708,21592,116300,772
2022-11-14,Napa,055,140530,32660,32510,1429,33939,162
2022-11-14,Nevada,057,99092,19320,19171,1978,21149,132
2022-11-14,Orange,059,3164182,676185,673328,66268,739596,7546
2022-11-14,Placer,061,380077,77198,76490,9742,86232,662
2022-11-14,Plumas,063,18699,3731,3723,445,4168,13
2022-11-14,Riverside,065,2383286,703262,700602,36376,736978,6660
2022-11-14,Sacramento,067,1510023,352763,350522,35156,385678,3358
2022-11-14,San Benito,069,59416,16548,16350,991,17341,108
2022-11-14,San Bernardino,071,2135413,678855,676086,31589,707675,8126
2022-11-14,San Diego,073,3302833,936561,933599,73730,1007329,5538
2022-11-14,San Francisco,075,870044,183389,181964,12369,194333,1072
2022-11-14,San Joaquin,077,732212,200467,199089,15329,214418,2340
2022-11-14,San Luis Obispo,079,281455,63994,63683,7294,70977,525
2022-11-14,San Mateo,081,765935,172505,171191,10625,181816,748
2022-11-14,Santa Barbara,083,443738,107088,106642,7008,113650,733
2022-11-14,Santa Clara,085,1922200,445271,438278,19647,457925,2535
2022-11-14,Santa Cruz,087,273765,64753,64221,3561,67782,274
2022-11-14,Shasta,089,179085,35482,35246,7809,43055,594
2022-11-14,Sierra,091,2930,308,309,60,369,5
2022-11-14,Siskiyou,093,43540,5242,5337,3376,8713,94
2022-11-14,Solano,095,438530,107342,106391,8067,114458,468
2022-11-14,Sonoma,097,501317,108562,108080,5386,113466,525
2022-11-14,Stanislaus,099,539301,139500,138963,21833,160796,1785
2022-11-14,Sutter,101,95872,24676,24537,2475,27012,235
2022-11-14,Tehama,103,63373,13847,13745,3185,16930,216
2022-11-14,Trinity,105,12862,1432,1414,439,1853,20
2022-11-14,Tulare,107,460477,123038,122447,37143,159590,1544
2022-11-14,Tuolumne,109,53932,15883,15727,932,16659,201
2022-11-14,Ventura,111,848112,211445,210439,16154,226593,1585
2022-11-14,Yolo,113,214977,48193,47953,4474,52427,354
2022-11-14,Yuba,115,75493,19182,19098,1756,20854,132
2022-11-13,Alameda,001,1643700,354862,352725,20301,373026,2050
2022-11-13,Alpine,002,1148,137,136,1,137,0
2022-11-13,Amador,005,37829,10121,10080,943,11023,95
2022-11-13,Butte,007,227075,40051,39935,9345,49280,461
2022-11-13,Calaveras,009,45235,8627,8590,577,9167,135
2022-11-13,Colusa,011,21464,3833,3822,1302,5124,22
2022-11-13,Contra Costa,013,1133247,256372,253870,21107,274977,1469
2022-11-13,Del Norte,015,27424,7520,7472,405,7877,56
2022-11-13,El Dorado,017,186661,32912,32713,4346,37059,232
2022-11-13,Fresno,019,978130,281309,276921,32206,309127,2887
2022-11-13,Glenn,021,27897,5609,5570,1894,7464,48
2022-11-13,Humboldt,023,135768,22342,22176,5244,27420,160
2022-11-13,Imperial,025,180216,66515,66182,16516,82698,960
2022-11-13,Inyo,027,18085,4544,4520,1057,5577,60
2022-11-13,Kern,029,883053,221417,220676,65675,286351,2430
2022-11-13,Kings,031,150075,60184,59955,4198,64153,461
2022-11-13,Lake,033,64148,13019,12931,1215,14146,149
2022-11-13,Lassen,035,31185,10046,10019,1009,11028,65
2022-11-13,Los Angeles,037,10098052,3323742,3311644,188237,3499881,33784
2022-11-13,Madera,039,155013,44485,44281,8368,52649,375
2022-11-13,Marin,041,260295,46202,45924,5363,51287,314
2022-11-13,Mariposa,043,17540,3166,3124,348,3472,32
2022-11-13,Mendocino,045,87422,16270,16164,4563,20727,136
2022-11-13,Merced,047,269075,73427,72817,12019,84836,870
2022-11-13,Modoc,049,8938,889,887,331,1218,11
2022-11-13,Mono,051,14174,3233,3218,272,3490,8
2022-11-13,Monterey,053,433212,95136,94708,21558,116266,772
2022-11-13,Napa,055,140530,32642,32510,1428,33938,162
2022-11-13,Nevada,057,99092,19298,19171,1965,21136,132
2022-11-13,Orange,059,3164182,675844,673328,66129,739457,7546
2022-11-13,Placer,061,380077,77132,76490,9739,86229,662
2022-11-13,Plumas,063,18699,3730,3723,445,4168,13
2022-11-13,Riverside,065,2383286,702875,700602,36312,736914,6660
2022-11-13,Sacramento,067,1510023,352515,350522,35103,385625,3358
2022-11-13,San Benito,069,59416,16539,16350,990,17340,108
2022-11-13,San Bernardino,071,2135413,678460,676086,31553,707639,8126
2022-11-13,San Diego,073,3302833,935984,933599,73666,1007265,5538
2022-11-13,San Francisco,075,870044,183250,181964,12357,194321,1072
2022-11-13,San Joaquin,077,732212,200320,199089,15313,214402,2340
2022-11-13,San Luis Obispo,079,281455,63973,63683,7293,70976,525
2022-11-13,San Mateo,081,765935,172374,171191,10621,181812,748
2022-11-13,Santa Barbara,083,443738,107026,106642,6997,113639,733
2022-11-13,Santa Clara,085,1922200,444901,438278,19626,457904,2535
2022-11-13,Santa Cruz,087,273765,64689,64221,3558,67779,274
2022-11-13,Shasta,089,179085,35461,35246,7798,43044,594
2022-11-13,Sierra,091,2930,308,309,60,369,5
2022-11-13,Siskiyou,093,43540,5235,5337,3374,8711,94
2022-11-13,Solano,095,438530,107245,106391,8064,114455,468
2022-11-13,Sonoma,097,501317,108508,108080,5382,113462,525
2022-11-13,Stanislaus,099,539301,139438,138963,21825,160788,1785
2022-11-13,Sutter,101,95872,24663,24537,2473,27010,235
2022-11-13,Tehama,103,63373,13830,13745,3181,16926,216
2022-11-13,Trinity,105,12862,1431,1414,437,1851,20
2022-11-13,Tulare,107,460477,122970,122447,37105,159552,1544
2022-11-13,Tuolumne,109,53932,15871,15727,932,16659,201
2022-11-13,Ventura,111,848112,211330,210439,16140,226579,1585
2022-11-13,Yolo,113,214977,48167,47953,4471,52424,354
2022-11-13,Yuba,115,75493,19168,19098,1754,20852,132
2022-11-12,Alameda,001,1643700,354717,352725,20287,373012,2050
2022-11-12,Alpine,002,1148,137,136,1,137,0
2022-11-12,Amador,005,37829,10120,10080,943,11023,95
2022-11-12,Butte,007,227075,40039,39935,9335,49270,461
2022-11-12,Calaveras,009,45235,8621,8590,576,9166,135
2022-11-12,Colusa,011,21464,3832,3822,1301,5123,22
2022-11-12,Contra Costa,013,1133247,256252,253870,21105,274975,1469
2022-11-12,Del Norte,015,27424,7519,7472,405,7877,56
2022-11-12,El Dorado,017,186661,32895,32713,4344,37057,232
2022-11-12,Fresno,019,978130,281242,276921,32195,309116,2887
2022-11-12,Glenn,021,27897,5605,5570,1894,7464,48
2022-11-12,Humboldt,023,135768,22331,22176,5237,27413,160
2022-11-12,Imperial,025,180216,66502,66182,16504,82686,960
2022-11-12,Inyo,027,18085,4542,4520,1057,5577,60
2022-11-12,Kern,029,883053,221378,220676,65650,286326,2430
2022-11-12,Kings,031,150075,60152,59955,4193,64148,461
2022-11-12,Lake,033,64148,13014,12931,1215,14146,149
2022-11-12,Lassen,035,31185,10041,10019,1009,11028,65
2022-11-12,Los Angeles,037,10098052,3322778,3311644,188071,3499715,33784
2022-11-12,Madera,039,155013,44475,44281,8368,52649,375
2022-11-12,Marin,041,260295,46185,45924,5362,51286,314
2022-11-12,Mariposa,043,17540,3165,3124,348,3472,32
2022-11-12,Mendocino,045,87422,16266,16164,4563,20727,136
2022-11-12,Merced,047,269075,73410,72817,12016,84833,870
2022-11-12,Modoc,049,8938,889,887,331,1218,11
2022-11-12,Mono,051,14174,3232,3218,272,3490,8
2022-11-12,Monterey,053,433212,95108,94708,21534,116242,772
2022-11-12,Napa,055,140530,32630,32510,1428,33938,162
2022-11-12,Nevada,057,99092,19289,19171,1964,21135,132
2022-11-12,Orange,059,3164182,675687,673328,66052,739380,7546
2022-11-12,Placer,061,380077,77087,76490,9735,86225,662
2022-11-12,Plumas,063,18699,3730,3723,445,4168,13
2022-11-12,Riverside,065,2383286,702696,700602,36274,736876,6660
2022-11-12,Sacramento,067,1510023,352403,350522,35090,385612,3358
2022-11-12,San Benito,069,59416,16535,16350,990,17340,108
2022-11-12,San Bernardino,071,2135413,678245,676086,31534,707620,8126
2022-11-12,San Diego,073,3302833,935745,933599,73632,1007231,5538
2022-11-12,San Francisco,075,870044,183186,181964,12348,194312,1072
2022-11-12,San Joaquin,077,732212,200261,199089,15305,214394,2340
2022-11-12,San Luis Obispo,079,281455,63959,63683,7290,70973,525
2022-11-12,San Mateo,081,765935,172309,171191,10612,181803,748
2022-11-12,Santa Barbara,083,443738,107005,106642,6994,113636,733
2022-11-12,Santa Clara,085,1922200,444701,438278,19610,457888,2535
2022-11-12,Santa Cruz,087,273765,64676,64221,3555,67776,274
2022-11-12,Shasta,089,179085,35448,35246,7794,43040,594
2022-11-12,Sierra,091,2930,308,309,60,369,5
2022-11-12,Siskiyou,093,43540,5230,5337,3373,8710,94
2022-11-12,Solano,095,438530,107212,106391,8058,114449,468
2022-11-12,Sonoma,097,501317,108486,108080,5378,113458,525
2022-11-12,Stanislaus,099,539301,139398,138963,21823,160786,1785
2022-11-12,Sutter,101,95872,24653,24537,2473,27010,235
2022-11-12,Tehama,103,63373,13824,13745,3174,16919,216
2022-11-12,Trinity,105,12862,1430,1414,436,1850,20
2022-11-12,Tulare,107,460477,122934,122447,37090,159537,1544
2022-11-12,Tuolumne,109,53932,15860,15727,932,16659,201
2022-11-12,Ventura,111,848112,211255,210439,16129,226568,1585
2022-11-12,Yolo,113,214977,48142,47953,4468,52421,354
2022-11-12,Yuba,115,75493,19161,19098,1752,20850,132
2022-11-11,Alameda,001,1643700,354572,352725,20275,373000,2050
2022-11-11,Alpine,002,1148,137,136,1,137,0
2022-11-11,Amador,005,37829,10112,10080,943,11023,95
2022-11-11,Butte,007,227075,40031,39935,9328,49263,461
2022-11-11,Calaveras,009,45235,8618,8590,576,9166,135
2022-11-11,Colusa,011,21464,3827,3822,1300,5122,22
2022-11-11,Contra Costa,013,1133247,256148,253870,21100,274970,1469
2022-11-11,Del Norte,015,27424,7514,7472,405,7877,56
2022-11-11,El Dorado,017,186661,32881,32713,4341,37054,232
2022-11-11,Fresno,019,978130,281164,276921,32182,309103,2887
2022-11-11,Glenn,021,27897,5603,5570,1894,7464,48
2022-11-11,Humboldt,023,135768,22318,22176,5234,27410,160
2022-11-11,Imperial,025,180216,66486,66182,16491,82673,960
2022-11-11,Inyo,027,18085,4541,4520,1054,5574,60
2022-11-11,Kern,029,883053,221338,220676,65608,286284,2430
2022-11-11,Kings,031,150075,60136,59955,4188,64143,461
2022-11-11,Lake,033,64148,13011,12931,1215,14146,149
2022-11-11,Lassen,035,31185,10039,10019,1009,11028,65
2022-11-11,Los Angeles,037,10098052,3321831,3311644,187904,3499548,33784
2022-11-11,Madera,039,155013,44458,44281,8362,52643,375
2022-11-11,Marin,041,260295,46159,45924,5361,51285,314
2022-11-11,Mariposa,043,17540,3163,3124,348,3472,32
2022-11-11,Mendocino,045,87422,16262,16164,4563,20727,136
2022-11-11,Merced,047,269075,73390,72817,12013,84830,870
2022-11-11,Modoc,049,8938,888,887,331,1218,11
2022-11-11,Mono,051,14174,3231,3218,272,3490,8
2022-11-11,Monterey,053,433212,95093,94708,21517,116225,772
2022-11-11,Napa,055,140530,32620,32510,1427,33937,162
2022-11-11,Nevada,057,99092,19281,19171,1964,21135,132
2022-11-11,Orange,059,3164182,675525,673328,65987,739315,7546
2022-11-11,Placer,061,380077,77061,76490,9732,86222,662
2022-11-11,Plumas,063,18699,3730,3723,445,4168,13
2022-11-11,Riverside,065,2383286,702534,700602,36248,736850,6660
2022-11-11,Sacramento,067,1510023,352284,350522,35079,385601,3358
2022-11-11,San Benito,069,59416,16532,16350,990,17340,108
2022-11-11,San Bernardino,071,2135413,678056,676086,31518,707604,8126
2022-11-11,San Diego,073,3302833,935467,933599,73609,1007208,5538
2022-11-11,San Francisco,075,870044,183114,181964,12335,194299,1072
2022-11-11,San Joaquin,077,732212,200194,199089,15296,214385,2340
2022-11-11,San Luis Obispo,079,281455,63950,63683,7289,70972,525
2022-11-11,San Mateo,081,765935,172242,171191,10609,181800,748
2022-11-11,Santa Barbara,083,443738,106994,106642,6992,113634,733
2022-11-11,Santa Clara,085,1922200,444526,438278,19604,457882,2535
2022-11-11,Santa Cruz,087,273765,64646,64221,3555,67776,274
2022-11-11,Shasta,089,179085,35438,35246,7790,43036,594
2022-11-11,Sierra,091,2930,308,309,60,369,5
2022-11-11,Siskiyou,093,43540,5228,5337,3373,8710,94
2022-11-11,Solano,095,438530,107184,106391,8055,114446,468
2022-11-11,Sonoma,097,501317,108453,108080,5376,113456,525
2022-11-11,Stanislaus,099,539301,139358,138963,21816,160779,1785
2022-11-11,Sutter,101,95872,24645,24537,2473,27010,235
2022-11-11,Tehama,103,63373,13816,13745,3172,16917,216
2022-11-11,Trinity,105,12862,1427,1414,436,1850,20
2022-11-11,Tulare,107,460477,122904,122447,37069,159516,1544
2022-11-11,Tuolumne,109,53932,15850,15727,932,16659,201
2022-11-11,Ventura,111,848112,211190,210439,16114,226553,1585
2022-11-11,Yolo,113,214977,48130,47953,4467,52420,354
2022-11-11,Yuba,115,75493,19154,19098,1752,20850,132
2022-11-10,Alameda,001,1643700,354383,352725,20264,372989,2050
2022-11-10,Alpine,002,1148,137,136,1,137,0
2022-11-10,Amador,005,37829,10112,10080,943,11023,95
2022-11-10,Butte,007,227075,40017,39935,9324,49259,461
2022-11-10,Calaveras,009,45235,8615,8590,574,9164,135
2022-11-10,Colusa,011,21464,3827,3822,1298,5120,22
2022-11-10,Contra Costa,013,1133247,256029,253870,21095,274965,1469
2022-11-10,Del Norte,015,27424,7513,7472,405,7877,56
2022-11-10,El Dorado,017,186661,32858,32713,4340,37053,232
2022-11-10,Fresno,019,978130,281051,276921,32170,309091,2887
2022-11-10,Glenn,021,27897,5601,5570,1894,7464,48
2022-11-10,Humboldt,023,135768,22312,22176,5230,27406,160
2022-11-10,Imperial,025,180216,66457,66182,16458,82640,960
2022-11-10,Inyo,027,18085,4540,4520,1052,5572,60
2022-11-10,Kern,029,883053,221286,220676,65557,286233,2430
2022-11-10,Kings,031,150075,60117,59955,4187,64142,461
2022-11-10,Lake,033,64148,13009,12931,1214,14145,149
2022-11-10,Lassen,035,31185,10036,10019,1009,11028,65
2022-11-10,Los Angeles,037,10098052,3320562,3311644,187739,3499383,33784
2022-11-10,Madera,039,155013,44443,44281,8356,52637,375
2022-11-10,Marin,041,260295,46137,45924,5361,51285,314
2022-11-10,Mariposa,043,17540,3163,3124,348,3472,32
2022-11-10,Mendocino,045,87422,16255,16164,4562,20726,136
2022-11-10,Merced,047,269075,73375,72817,12011,84828,870
2022-11-10,Modoc,049,8938,887,887,331,1218,11
2022-11-10,Mono,051,14174,3230,3218,272,3490,8
2022-11-10,Monterey,053,433212,95069,94708,21488,116196,772
2022-11-10,Napa,055,140530,32607,32510,1426,33936,162
2022-11-10,Nevada,057,99092,19271,19171,1962,21133,132
2022-11-10,Orange,059,3164182,675328,673328,65918,739246,7546
2022-11-10,Placer,061,380077,77020,76490,9726,86216,662
2022-11-10,Plumas,063,18699,3730,3723,445,4168,13
2022-11-10,Riverside,065,2383286,702361,700602,36207,736809,6660
2022-11-10,Sacramento,067,1510023,352118,350522,35062,385584,3358
2022-11-10,San Benito,069,59416,16531,16350,990,17340,108
2022-11-10,San Bernardino,071,2135413,677838,676086,31495,707581,8126
2022-11-10,San Diego,073,3302833,935207,933599,73574,1007173,5538
2022-11-10,San Francisco,075,870044,183009,181964,12326,194290,1072
2022-11-10,San Joaquin,077,732212,200116,199089,15286,214375,2340
2022-11-10,San Luis Obispo,079,281455,63935,63683,7287,70970,525
2022-11-10,San Mateo,081,765935,172157,171191,10604,181795,748
2022-11-10,Santa Barbara,083,443738,106976,106642,6986,113628,733
2022-11-10,Santa Clara,085,1922200,444284,438278,19582,457860,2535
2022-11-10,Santa Cruz,087,273765,64616,64221,3550,67771,274
2022-11-10,Shasta,089,179085,35426,35246,7786,43032,594
2022-11-10,Sierra,091,2930,308,309,60,369,5
2022-11-10,Siskiyou,093,43540,5225,5337,3372,8709,94
2022-11-10,Solano,095,438530,107121,106391,8052,114443,468
2022-11-10,Sonoma,097,501317,108419,108080,5375,113455,525
2022-11-10,Stanislaus,099,539301,139313,138963,21814,160777,1785
2022-11-10,Sutter,101,95872,24631,24537,2473,27010,235
2022-11-10,Tehama,103,63373,13815,13745,3169,16914,216
2022-11-10,Trinity,105,12862,1427,1414,436,1850,20
2022-11-10,Tulare,107,460477,122848,122447,37030,159477,1544
2022-11-10,Tuolumne,109,53932,15841,15727,931,16658,201
2022-11-10,Ventura,111,848112,211095,210439,16100,226539,1585
2022-11-10,Yolo,113,214977,48115,47953,4466,52419,354
2022-11-10,Yuba,115,75493,19149,19098,1751,20849,132
2022-11-09,Alameda,001,1643700,354159,352725,20238,372963,2050
2022-11-09,Alpine,002,1148,137,136,1,137,0
2022-11-09,Amador,005,37829,10110,10080,943,11023,95
2022-11-09,Butte,007,227075,39994,39935,9314,49249,461
2022-11-09,Calaveras,009,45235,8609,8590,572,9162,135
2022-11-09,Colusa,011,21464,3826,3822,1295,5117,22
2022-11-09,Contra Costa,013,1133247,255894,253870,21085,274955,1469
2022-11-09,Del Norte,015,27424,7512,7472,405,7877,56
2022-11-09,El Dorado,017,186661,32833,32713,4339,37052,232
2022-11-09,Fresno,019,978130,280942,276921,32158,309079,2887
2022-11-09,Glenn,021,27897,5600,5570,1894,7464,48
2022-11-09,Humboldt,023,135768,22300,22176,5225,27401,160
2022-11-09,Imperial,025,180216,66419,66182,16410,82592,960
2022-11-09,Inyo,027,18085,4539,4520,1048,5568,60
2022-11-09,Kern,029,883053,221219,220676,65498,286174,2430
2022-11-09,Kings,031,150075,60071,59955,4182,64137,461
2022-11-09,Lake,033,64148,13004,12931,1210,14141,149
2022-11-09,Lassen,035,31185,10033,10019,1009,11028,65
2022-11-09,Los Angeles,037,10098052,3319097,3311644,187555,3499199,33784
2022-11-09,Madera,039,155013,44430,44281,8353,52634,375
2022-11-09,Marin,041,260295,46116,45924,5357,51281,314
2022-11-09,Mariposa,043,17540,3161,3124,348,3472,32
2022-11-09,Mendocino,045,87422,16252,16164,4559,20723,136
2022-11-09,Merced,047,269075,73347,72817,12007,84824,870
2022-11-09,Modoc,049,8938,887,887,331,1218,11
2022-11-09,Mono,051,14174,3229,3218,271,3489,8
2022-11-09,Monterey,053,433212,95038,94708,21467,116175,772
2022-11-09,Napa,055,140530,32588,32510,1425,33935,162
2022-11-09,Nevada,057,99092,19267,19171,1956,21127,132
2022-11-09,Orange,059,3164182,675095,673328,65808,739136,7546
2022-11-09,Placer,061,380077,76975,76490,9720,86210,662
2022-11-09,Plumas,063,18699,3727,3723,445,4168,13
2022-11-09,Riverside,065,2383286,702123,700602,36183,736785,6660
2022-11-09,Sacramento,067,1510023,351949,350522,35023,385545,3358
2022-11-09,San Benito,069,59416,16523,16350,989,17339,108
2022-11-09,San Bernardino,071,2135413,677583,676086,31477,707563,8126
2022-11-09,San Diego,073,3302833,934886,933599,73516,1007115,5538
2022-11-09,San Francisco,075,870044,182910,181964,12321,194285,1072
2022-11-09,San Joaquin,077,732212,200029,199089,15274,214363,2340
2022-11-09,San Luis Obispo,079,281455,63914,63683,7284,70967,525
2022-11-09,San Mateo,081,765935,172054,171191,10602,181793,748
2022-11-09,Santa Barbara,083,443738,106953,106642,6983,113625,733
2022-11-09,Santa Clara,085,1922200,444048,438278,19569,457847,2535
2022-11-09,Santa Cruz,087,273765,64585,64221,3548,67769,274
2022-11-09,Shasta,089,179085,35416,35246,7777,43023,594
2022-11-09,Sierra,091,2930,308,309,60,369,5
2022-11-09,Siskiyou,093,43540,5224,5337,3371,8708,94
2022-11-09,Solano,095,438530,107062,106391,8046,114437,468
2022-11-09,Sonoma,097,501317,108372,108080,5370,113450,525
2022-11-09,Stanislaus,099,539301,139272,138963,21799,160762,1785
2022-11-09,Sutter,101,95872,24616,24537,2472,27009,235
2022-11-09,Tehama,103,63373,13808,13745,3166,16911,216
2022-11-09,Trinity,105,12862,1423,1414,434,1848,20
2022-11-09,Tulare,107,460477,122810,122447,37007,159454,1544
2022-11-09,Tuolumne,109,53932,15827,15727,931,16658,201
2022-11-09,Ventura,111,848112,211021,210439,16078,226517,1585
2022-11-09,Yolo,113,214977,48093,47953,4464,52417,354
2022-11-09,Yuba,115,75493,19140,19098,1745,20843,132
2022-11-08,Alameda,001,1643700,353954,352725,20212,372937,2050
2022-11-08,Alpine,002,1148,137,136,1,137,0
2022-11-08,Amador,005,37829,10108,10080,943,11023,95
2022-11-08,Butte,007,227075,39976,39935,9306,49241,461
2022-11-08,Calaveras,009,45235,8606,8590,572,9162,135
2022-11-08,Colusa,011,21464,3825,3822,1295,5117,22
2022-11-08,Contra Costa,013,1133247,255764,253870,21068,274938,1469
2022-11-08,Del Norte,015,27424,7508,7472,402,7874,56
2022-11-08,El Dorado,017,186661,32809,32713,4337,37050,232
2022-11-08,Fresno,019,978130,280841,276921,32141,309062,2887
2022-11-08,Glenn,021,27897,5599,5570,1894,7464,48
2022-11-08,Humboldt,023,135768,22292,22176,5218,27394,160
2022-11-08,Imperial,025,180216,66365,66182,16352,82534,960
2022-11-08,Inyo,027,18085,4539,4520,1045,5565,60
2022-11-08,Kern,029,883053,221140,220676,65444,286120,2430
2022-11-08,Kings,031,150075,60046,59955,4180,64135,461
2022-11-08,Lake,033,64148,12994,12931,1209,14140,149
2022-11-08,Lassen,035,31185,10031,10019,1008,11027,65
2022-11-08,Los Angeles,037,10098052,3317676,3311644,187353,3498997,33784
2022-11-08,Madera,039,155013,44414,44281,8349,52630,375
2022-11-08,Marin,041,260295,46087,45924,5350,51274,314
2022-11-08,Mariposa,043,17540,3156,3124,348,3472,32
2022-11-08,Mendocino,045,87422,16244,16164,4559,20723,136
2022-11-08,Merced,047,269075,73317,72817,12002,84819,870
2022-11-08,Modoc,049,8938,886,887,331,1218,11
2022-11-08,Mono,051,14174,3225,3218,269,3487,8
2022-11-08,Monterey,053,433212,95009,94708,21458,116166,772
2022-11-08,Napa,055,140530,32575,32510,1425,33935,162
2022-11-08,Nevada,057,99092,19261,19171,1953,21124,132
2022-11-08,Orange,059,3164182,674852,673328,65716,739044,7546
2022-11-08,Placer,061,380077,76931,76490,9715,86205,662
2022-11-08,Plumas,063,18699,3727,3723,445,4168,13
2022-11-08,Riverside,065,2383286,701882,700602,36145,736747,6660
2022-11-08,Sacramento,067,1510023,351759,350522,34982,385504,3358
2022-11-08,San Benito,069,59416,16514,16350,988,17338,108
2022-11-08,San Bernardino,071,2135413,677346,676086,31438,707524,8126
2022-11-08,San Diego,073,3302833,934473,933599,73477,1007076,5538
2022-11-08,San Francisco,075,870044,182787,181964,12307,194271,1072
2022-11-08,San Joaquin,077,732212,199941,199089,15264,214353,2340
2022-11-08,San Luis Obispo,079,281455,63895,63683,7281,70964,525
2022-11-08,San Mateo,081,765935,171958,171191,10599,181790,748
2022-11-08,Santa Barbara,083,443738,106917,106642,6980,113622,733
2022-11-08,Santa Clara,085,1922200,443786,438278,19551,457829,2535
2022-11-08,Santa Cruz,087,273765,64553,64221,3546,67767,274
2022-11-08,Shasta,089,179085,35395,35246,7761,43007,594
2022-11-08,Sierra,091,2930,308,309,60,369,5
2022-11-08,Siskiyou,093,43540,5223,5337,3367,8704,94
2022-11-08,Solano,095,438530,106986,106391,8039,114430,468
2022-11-08,Sonoma,097,501317,108332,108080,5369,113449,525
2022-11-08,Stanislaus,099,539301,139210,138963,21796,160759,1785
2022-11-08,Sutter,101,95872,24599,24537,2472,27009,235
2022-11-08,Tehama,103,63373,13803,13745,3165,16910,216
2022-11-08,Trinity,105,12862,1421,1414,433,1847,20
2022-11-08,Tulare,107,460477,122759,122447,36978,159425,1544
2022-11-08,Tuolumne,109,53932,15817,15727,931,16658,201
2022-11-08,Ventura,111,848112,210955,210439,16069,226508,1585
2022-11-08,Yolo,113,214977,48073,47953,4458,52411,354
2022-11-08,Yuba,115,75493,19130,19098,1744,20842,132
2022-11-07,Alameda,001,1643700,353715,351524,20191,371715,2044
2022-11-07,Alpine,002,1148,136,136,1,137,0
2022-11-07,Amador,005,37829,10104,10055,942,10997,95
2022-11-07,Butte,007,227075,39960,39852,9298,49150,462
2022-11-07,Calaveras,009,45235,8600,8576,572,9148,135
2022-11-07,Colusa,011,21464,3824,3820,1295,5115,22
2022-11-07,Contra Costa,013,1133247,255620,253122,21052,274174,1463
2022-11-07,Del Norte,015,27424,7504,7469,402,7871,56
2022-11-07,El Dorado,017,186661,32793,32622,4336,36958,231
2022-11-07,Fresno,019,978130,280721,276454,32117,308571,2885
2022-11-07,Glenn,021,27897,5597,5557,1892,7449,48
2022-11-07,Humboldt,023,135768,22276,22115,5204,27319,160
2022-11-07,Imperial,025,180216,66327,66024,16315,82339,960
2022-11-07,Inyo,027,18085,4538,4506,1043,5549,60
2022-11-07,Kern,029,883053,221085,220216,65377,285593,2426
2022-11-07,Kings,031,150075,60024,59856,4173,64029,459
2022-11-07,Lake,033,64148,12986,12898,1209,14107,148
2022-11-07,Lassen,035,31185,10027,10007,1008,11015,65
2022-11-07,Los Angeles,037,10098052,3316311,3304428,187108,3491536,33733
2022-11-07,Madera,039,155013,44406,44229,8342,52571,375
2022-11-07,Marin,041,260295,46060,45806,5350,51156,314
2022-11-07,Mariposa,043,17540,3151,3116,348,3464,32
2022-11-07,Mendocino,045,87422,16241,16130,4556,20686,137
2022-11-07,Merced,047,269075,73282,72727,11996,84723,870
2022-11-07,Modoc,049,8938,886,885,331,1216,11
2022-11-07,Mono,051,14174,3223,3216,269,3485,7
2022-11-07,Monterey,053,433212,94981,94541,21440,115981,770
2022-11-07,Napa,055,140530,32555,32484,1425,33909,161
2022-11-07,Nevada,057,99092,19255,19129,1952,21081,132
2022-11-07,Orange,059,3164182,674625,672253,65630,737883,7520
2022-11-07,Placer,061,380077,76888,76321,9709,86030,662
2022-11-07,Plumas,063,18699,3727,3720,445,4165,13
2022-11-07,Riverside,065,2383286,701620,699360,36110,735470,6660
2022-11-07,Sacramento,067,1510023,351581,349696,34946,384642,3350
2022-11-07,San Benito,069,59416,16506,16324,987,17311,108
2022-11-07,San Bernardino,071,2135413,677072,674939,31412,706351,8123
2022-11-07,San Diego,073,3302833,934107,931531,73433,1004964,5532
2022-11-07,San Francisco,075,870044,182679,180989,12294,193283,1067
2022-11-07,San Joaquin,077,732212,199858,198717,15250,213967,2336
2022-11-07,San Luis Obispo,079,281455,63874,63599,7279,70878,525
2022-11-07,San Mateo,081,765935,171867,170464,10595,181059,741
2022-11-07,Santa Barbara,083,443738,106896,106478,6976,113454,732
2022-11-07,Santa Clara,085,1922200,443537,436967,19532,456499,2533
2022-11-07,Santa Cruz,087,273765,64503,64070,3545,67615,274
2022-11-07,Shasta,089,179085,35381,35178,7746,42924,594
2022-11-07,Sierra,091,2930,308,308,60,368,5
2022-11-07,Siskiyou,093,43540,5215,5326,3365,8691,94
2022-11-07,Solano,095,438530,106902,106106,8032,114138,468
2022-11-07,Sonoma,097,501317,108294,107907,5368,113275,524
2022-11-07,Stanislaus,099,539301,139172,138715,21780,160495,1785
2022-11-07,Sutter,101,95872,24581,24470,2472,26942,233
2022-11-07,Tehama,103,63373,13798,13707,3160,16867,216
2022-11-07,Trinity,105,12862,1421,1413,433,1846,20
2022-11-07,Tulare,107,460477,122731,122246,36949,159195,1544
2022-11-07,Tuolumne,109,53932,15806,15672,931,16603,196
2022-11-07,Ventura,111,848112,210873,210085,16055,226140,1584
2022-11-07,Yolo,113,214977,48041,47786,4455,52241,353
2022-11-07,Yuba,115,75493,19122,19059,1742,20801,132
2022-11-06,Alameda,001,1643700,353487,351524,20171,371695,2044
2022-11-06,Alpine,002,1148,136,136,1,137,0
2022-11-06,Amador,005,37829,10099,10055,941,10996,95
2022-11-06,Butte,007,227075,39928,39852,9293,49145,462
2022-11-06,Calaveras,009,45235,8596,8576,572,9148,135
2022-11-06,Colusa,011,21464,3824,3820,1295,5115,22
2022-11-06,Contra Costa,013,1133247,255469,253122,21042,274164,1463
2022-11-06,Del Norte,015,27424,7497,7469,402,7871,56
2022-11-06,El Dorado,017,186661,32779,32622,4332,36954,231
2022-11-06,Fresno,019,978130,280588,276454,32094,308548,2885
2022-11-06,Glenn,021,27897,5580,5557,1885,7442,48
2022-11-06,Humboldt,023,135768,22263,22115,5195,27310,160
2022-11-06,Imperial,025,180216,66277,66024,16276,82300,960
2022-11-06,Inyo,027,18085,4536,4506,1041,5547,60
2022-11-06,Kern,029,883053,220983,220216,65319,285535,2426
2022-11-06,Kings,031,150075,59980,59856,4163,64019,459
2022-11-06,Lake,033,64148,12973,12898,1205,14103,148
2022-11-06,Lassen,035,31185,10026,10007,1007,11014,65
2022-11-06,Los Angeles,037,10098052,3314668,3304428,186864,3491292,33733
2022-11-06,Madera,039,155013,44395,44229,8335,52564,375
2022-11-06,Marin,041,260295,46029,45806,5347,51153,314
2022-11-06,Mariposa,043,17540,3150,3116,348,3464,32
2022-11-06,Mendocino,045,87422,16234,16130,4553,20683,137
2022-11-06,Merced,047,269075,73254,72727,11985,84712,870
2022-11-06,Modoc,049,8938,886,885,331,1216,11
2022-11-06,Mono,051,14174,3223,3216,267,3483,7
2022-11-06,Monterey,053,433212,94931,94541,21418,115959,770
2022-11-06,Napa,055,140530,32533,32484,1425,33909,161
2022-11-06,Nevada,057,99092,19240,19129,1938,21067,132
2022-11-06,Orange,059,3164182,674358,672253,65564,737817,7520
2022-11-06,Placer,061,380077,76837,76321,9704,86025,662
2022-11-06,Plumas,063,18699,3727,3720,445,4165,13
2022-11-06,Riverside,065,2383286,701311,699360,36072,735432,6660
2022-11-06,Sacramento,067,1510023,351363,349696,34899,384595,3350
2022-11-06,San Benito,069,59416,16498,16324,987,17311,108
2022-11-06,San Bernardino,071,2135413,676775,674939,31379,706318,8123
2022-11-06,San Diego,073,3302833,933599,931531,73373,1004904,5532
2022-11-06,San Francisco,075,870044,182543,180989,12281,193270,1067
2022-11-06,San Joaquin,077,732212,199770,198717,15239,213956,2336
2022-11-06,San Luis Obispo,079,281455,63855,63599,7276,70875,525
2022-11-06,San Mateo,081,765935,171766,170464,10588,181052,741
2022-11-06,Santa Barbara,083,443738,106840,106478,6966,113444,732
2022-11-06,Santa Clara,085,1922200,443253,436967,19505,456472,2533
2022-11-06,Santa Cruz,087,273765,64432,64070,3541,67611,274
2022-11-06,Shasta,089,179085,35359,35178,7726,42904,594
2022-11-06,Sierra,091,2930,308,308,60,368,5
2022-11-06,Siskiyou,093,43540,5215,5326,3364,8690,94
2022-11-06,Solano,095,438530,106804,106106,8026,114132,468
2022-11-06,Sonoma,097,501317,108230,107907,5366,113273,524
2022-11-06,Stanislaus,099,539301,139118,138715,21769,160484,1785
2022-11-06,Sutter,101,95872,24561,24470,2471,26941,233
2022-11-06,Tehama,103,63373,13792,13707,3145,16852,216
2022-11-06,Trinity,105,12862,1421,1413,433,1846,20
2022-11-06,Tulare,107,460477,122694,122246,36915,159161,1544
2022-11-06,Tuolumne,109,53932,15795,15672,931,16603,196
2022-11-06,Ventura,111,848112,210786,210085,16033,226118,1584
2022-11-06,Yolo,113,214977,48026,47786,4444,52230,353
2022-11-06,Yuba,115,75493,19114,19059,1741,20800,132
2022-11-05,Alameda,001,1643700,353342,351524,20161,371685,2044
2022-11-05,Alpine,002,1148,136,136,1,137,0
2022-11-05,Amador,005,37829,10097,10055,941,10996,95
2022-11-05,Butte,007,227075,39919,39852,9290,49142,462
2022-11-05,Calaveras,009,45235,8595,8576,572,9148,135
2022-11-05,Colusa,011,21464,3822,3820,1295,5115,22
2022-11-05,Contra Costa,013,1133247,255367,253122,21039,274161,1463
2022-11-05,Del Norte,015,27424,7497,7469,402,7871,56
2022-11-05,El Dorado,017,186661,32762,32622,4328,36950,231
2022-11-05,Fresno,019,978130,280532,276454,32083,308537,2885
2022-11-05,Glenn,021,27897,5578,5557,1884,7441,48
2022-11-05,Humboldt,023,135768,22253,22115,5193,27308,160
2022-11-05,Imperial,025,180216,66253,66024,16263,82287,960
2022-11-05,Inyo,027,18085,4535,4506,1041,5547,60
2022-11-05,Kern,029,883053,220936,220216,65294,285510,2426
2022-11-05,Kings,031,150075,59964,59856,4160,64016,459
2022-11-05,Lake,033,64148,12968,12898,1205,14103,148
2022-11-05,Lassen,035,31185,10026,10007,1007,11014,65
2022-11-05,Los Angeles,037,10098052,3313819,3304428,186721,3491149,33733
2022-11-05,Madera,039,155013,44389,44229,8333,52562,375
2022-11-05,Marin,041,260295,46012,45806,5347,51153,314
2022-11-05,Mariposa,043,17540,3149,3116,348,3464,32
2022-11-05,Mendocino,045,87422,16232,16130,4552,20682,137
2022-11-05,Merced,047,269075,73240,72727,11983,84710,870
2022-11-05,Modoc,049,8938,886,885,331,1216,11
2022-11-05,Mono,051,14174,3223,3216,266,3482,7
2022-11-05,Monterey,053,433212,94906,94541,21408,115949,770
2022-11-05,Napa,055,140530,32529,32484,1424,33908,161
2022-11-05,Nevada,057,99092,19235,19129,1934,21063,132
2022-11-05,Orange,059,3164182,674218,672253,65521,737774,7520
2022-11-05,Placer,061,380077,76796,76321,9700,86021,662
2022-11-05,Plumas,063,18699,3727,3720,444,4164,13
2022-11-05,Riverside,065,2383286,701129,699360,36048,735408,6660
2022-11-05,Sacramento,067,1510023,351248,349696,34882,384578,3350
2022-11-05,San Benito,069,59416,16490,16324,987,17311,108
2022-11-05,San Bernardino,071,2135413,676629,674939,31369,706308,8123
2022-11-05,San Diego,073,3302833,933404,931531,73356,1004887,5532
2022-11-05,San Francisco,075,870044,182462,180989,12276,193265,1067
2022-11-05,San Joaquin,077,732212,199717,198717,15232,213949,2336
2022-11-05,San Luis Obispo,079,281455,63846,63599,7276,70875,525
2022-11-05,San Mateo,081,765935,171707,170464,10584,181048,741
2022-11-05,Santa Barbara,083,443738,106819,106478,6964,113442,732
2022-11-05,Santa Clara,085,1922200,443059,436967,19490,456457,2533
2022-11-05,Santa Cruz,087,273765,64403,64070,3540,67610,274
2022-11-05,Shasta,089,179085,35350,35178,7717,42895,594
2022-11-05,Sierra,091,2930,308,308,60,368,5
2022-11-05,Siskiyou,093,43540,5214,5326,3362,8688,94
2022-11-05,Solano,095,438530,106775,106106,8024,114130,468
2022-11-05,Sonoma,097,501317,108210,107907,5361,113268,524
2022-11-05,Stanislaus,099,539301,139077,138715,21764,160479,1785
2022-11-05,Sutter,101,95872,24551,24470,2471,26941,233
2022-11-05,Tehama,103,63373,13788,13707,3143,16850,216
2022-11-05,Trinity,105,12862,1421,1413,433,1846,20
2022-11-05,Tulare,107,460477,122677,122246,36895,159141,1544
2022-11-05,Tuolumne,109,53932,15787,15672,931,16603,196
2022-11-05,Ventura,111,848112,210735,210085,16024,226109,1584
2022-11-05,Yolo,113,214977,48013,47786,4439,52225,353
2022-11-05,Yuba,115,75493,19109,19059,1740,20799,132
2022-11-04,Alameda,001,1643700,353199,351524,20144,371668,2044
2022-11-04,Alpine,002,1148,136,136,1,137,0
2022-11-04,Amador,005,37829,10094,10055,941,10996,95
2022-11-04,Butte,007,227075,39910,39852,9285,49137,462
2022-11-04,Calaveras,009,45235,8594,8576,572,9148,135
2022-11-04,Colusa,011,21464,3822,3820,1295,5115,22
2022-11-04,Contra Costa,013,1133247,255272,253122,21035,274157,1463
2022-11-04,Del Norte,015,27424,7497,7469,402,7871,56
2022-11-04,El Dorado,017,186661,32753,32622,4328,36950,231
2022-11-04,Fresno,019,978130,280478,276454,32074,308528,2885
2022-11-04,Glenn,021,27897,5577,5557,1883,7440,48
2022-11-04,Humboldt,023,135768,22245,22115,5191,27306,160
2022-11-04,Imperial,025,180216,66241,66024,16255,82279,960
2022-11-04,Inyo,027,18085,4532,4506,1040,5546,60
2022-11-04,Kern,029,883053,220897,220216,65261,285477,2426
2022-11-04,Kings,031,150075,59949,59856,4155,64011,459
2022-11-04,Lake,033,64148,12961,12898,1205,14103,148
2022-11-04,Lassen,035,31185,10025,10007,1007,11014,65
2022-11-04,Los Angeles,037,10098052,3312998,3304428,186572,3491000,33733
2022-11-04,Madera,039,155013,44382,44229,8332,52561,375
2022-11-04,Marin,041,260295,45996,45806,5346,51152,314
2022-11-04,Mariposa,043,17540,3147,3116,348,3464,32
2022-11-04,Mendocino,045,87422,16228,16130,4550,20680,137
2022-11-04,Merced,047,269075,73232,72727,11982,84709,870
2022-11-04,Modoc,049,8938,886,885,330,1215,11
2022-11-04,Mono,051,14174,3221,3216,266,3482,7
2022-11-04,Monterey,053,433212,94879,94541,21396,115937,770
2022-11-04,Napa,055,140530,32524,32484,1423,33907,161
2022-11-04,Nevada,057,99092,19229,19129,1925,21054,132
2022-11-04,Orange,059,3164182,674111,672253,65478,737731,7520
2022-11-04,Placer,061,380077,76778,76321,9698,86019,662
2022-11-04,Plumas,063,18699,3726,3720,443,4163,13
2022-11-04,Riverside,065,2383286,700956,699360,36016,735376,6660
2022-11-04,Sacramento,067,1510023,351139,349696,34869,384565,3350
2022-11-04,San Benito,069,59416,16486,16324,987,17311,108
2022-11-04,San Bernardino,071,2135413,676478,674939,31362,706301,8123
2022-11-04,San Diego,073,3302833,933199,931531,73344,1004875,5532
2022-11-04,San Francisco,075,870044,182394,180989,12270,193259,1067
2022-11-04,San Joaquin,077,732212,199666,198717,15227,213944,2336
2022-11-04,San Luis Obispo,079,281455,63834,63599,7274,70873,525
2022-11-04,San Mateo,081,765935,171635,170464,10581,181045,741
2022-11-04,Santa Barbara,083,443738,106798,106478,6962,113440,732
2022-11-04,Santa Clara,085,1922200,442864,436967,19479,456446,2533
2022-11-04,Santa Cruz,087,273765,64376,64070,3540,67610,274
2022-11-04,Shasta,089,179085,35344,35178,7708,42886,594
2022-11-04,Sierra,091,2930,308,308,60,368,5
2022-11-04,Siskiyou,093,43540,5210,5326,3362,8688,94
2022-11-04,Solano,095,438530,106719,106106,8021,114127,468
2022-11-04,Sonoma,097,501317,108187,107907,5360,113267,524
2022-11-04,Stanislaus,099,539301,139049,138715,21762,160477,1785
2022-11-04,Sutter,101,95872,24543,24470,2471,26941,233
2022-11-04,Tehama,103,63373,13783,13707,3132,16839,216
2022-11-04,Trinity,105,12862,1420,1413,433,1846,20
2022-11-04,Tulare,107,460477,122659,122246,36874,159120,1544
2022-11-04,Tuolumne,109,53932,15775,15672,931,16603,196
2022-11-04,Ventura,111,848112,210683,210085,16014,226099,1584
2022-11-04,Yolo,113,214977,47994,47786,4438,52224,353
2022-11-04,Yuba,115,75493,19106,19059,1740,20799,132
2022-11-03,Alameda,001,1643700,353014,351524,20119,371643,2044
2022-11-03,Alpine,002,1148,136,136,1,137,0
2022-11-03,Amador,005,37829,10089,10055,939,10994,95
2022-11-03,Butte,007,227075,39893,39852,9276,49128,462
2022-11-03,Calaveras,009,45235,8593,8576,572,9148,135
2022-11-03,Colusa,011,21464,3822,3820,1295,5115,22
2022-11-03,Contra Costa,013,1133247,255138,253122,21027,274149,1463
2022-11-03,Del Norte,015,27424,7497,7469,401,7870,56
2022-11-03,El Dorado,017,186661,32737,32622,4328,36950,231
2022-11-03,Fresno,019,978130,280402,276454,32055,308509,2885
2022-11-03,Glenn,021,27897,5574,5557,1882,7439,48
2022-11-03,Humboldt,023,135768,22229,22115,5183,27298,160
2022-11-03,Imperial,025,180216,66216,66024,16217,82241,960
2022-11-03,Inyo,027,18085,4530,4506,1039,5545,60
2022-11-03,Kern,029,883053,220850,220216,65213,285429,2426
2022-11-03,Kings,031,150075,59932,59856,4150,64006,459
2022-11-03,Lake,033,64148,12958,12898,1204,14102,148
2022-11-03,Lassen,035,31185,10022,10007,1006,11013,65
2022-11-03,Los Angeles,037,10098052,3311909,3304428,186368,3490796,33733
2022-11-03,Madera,039,155013,44370,44229,8330,52559,375
2022-11-03,Marin,041,260295,45969,45806,5346,51152,314
2022-11-03,Mariposa,043,17540,3144,3116,348,3464,32
2022-11-03,Mendocino,045,87422,16217,16130,4549,20679,137
2022-11-03,Merced,047,269075,73203,72727,11978,84705,870
2022-11-03,Modoc,049,8938,886,885,330,1215,11
2022-11-03,Mono,051,14174,3220,3216,266,3482,7
2022-11-03,Monterey,053,433212,94853,94541,21381,115922,770
2022-11-03,Napa,055,140530,32514,32484,1421,33905,161
2022-11-03,Nevada,057,99092,19219,19129,1923,21052,132
2022-11-03,Orange,059,3164182,673945,672253,65433,737686,7520
2022-11-03,Placer,061,380077,76743,76321,9694,86015,662
2022-11-03,Plumas,063,18699,3726,3720,443,4163,13
2022-11-03,Riverside,065,2383286,700750,699360,35979,735339,6660
2022-11-03,Sacramento,067,1510023,350973,349696,34839,384535,3350
2022-11-03,San Benito,069,59416,16482,16324,987,17311,108
2022-11-03,San Bernardino,071,2135413,676278,674939,31345,706284,8123
2022-11-03,San Diego,073,3302833,932944,931531,73315,1004846,5532
2022-11-03,San Francisco,075,870044,182288,180989,12265,193254,1067
2022-11-03,San Joaquin,077,732212,199603,198717,15212,213929,2336
2022-11-03,San Luis Obispo,079,281455,63816,63599,7272,70871,525
2022-11-03,San Mateo,081,765935,171538,170464,10580,181044,741
2022-11-03,Santa Barbara,083,443738,106774,106478,6958,113436,732
2022-11-03,Santa Clara,085,1922200,442626,436967,19462,456429,2533
2022-11-03,Santa Cruz,087,273765,64327,64070,3538,67608,274
2022-11-03,Shasta,089,179085,35329,35178,7694,42872,594
2022-11-03,Sierra,091,2930,308,308,60,368,5
2022-11-03,Siskiyou,093,43540,5207,5326,3360,8686,94
2022-11-03,Solano,095,438530,106674,106106,8014,114120,468
2022-11-03,Sonoma,097,501317,108157,107907,5360,113267,524
2022-11-03,Stanislaus,099,539301,139003,138715,21751,160466,1785
2022-11-03,Sutter,101,95872,24534,24470,2470,26940,233
2022-11-03,Tehama,103,63373,13775,13707,3128,16835,216
2022-11-03,Trinity,105,12862,1420,1413,432,1845,20
2022-11-03,Tulare,107,460477,122637,122246,36853,159099,1544
2022-11-03,Tuolumne,109,53932,15768,15672,930,16602,196
2022-11-03,Ventura,111,848112,210627,210085,16002,226087,1584
2022-11-03,Yolo,113,214977,47976,47786,4436,52222,353
2022-11-03,Yuba,115,75493,19099,19059,1740,20799,132
2022-11-02,Alameda,001,1643700,352831,351524,20096,371620,2044
2022-11-02,Alpine,002,1148,136,136,1,137,0
2022-11-02,Amador,005,37829,10079,10055,937,10992,95
2022-11-02,Butte,007,227075,39875,39852,9269,49121,462
2022-11-02,Calaveras,009,45235,8588,8576,572,9148,135
2022-11-02,Colusa,011,21464,3822,3820,1294,5114,22
2022-11-02,Contra Costa,013,1133247,255012,253122,21010,274132,1463
2022-11-02,Del Norte,015,27424,7497,7469,401,7870,56
2022-11-02,El Dorado,017,186661,32722,32622,4325,36947,231
2022-11-02,Fresno,019,978130,280314,276454,32038,308492,2885
2022-11-02,Glenn,021,27897,5570,5557,1880,7437,48
2022-11-02,Humboldt,023,135768,22217,22115,5181,27296,160
2022-11-02,Imperial,025,180216,66182,66024,16199,82223,960
2022-11-02,Inyo,027,18085,4527,4506,1039,5545,60
2022-11-02,Kern,029,883053,220805,220216,65169,285385,2426
2022-11-02,Kings,031,150075,59918,59856,4143,63999,459
2022-11-02,Lake,033,64148,12954,12898,1197,14095,148
2022-11-02,Lassen,035,31185,10020,10007,1005,11012,65
2022-11-02,Los Angeles,037,10098052,3310710,3304428,186176,3490604,33733
2022-11-02,Madera,039,155013,44354,44229,8327,52556,375
2022-11-02,Marin,041,260295,45952,45806,5344,51150,314
2022-11-02,Mariposa,043,17540,3143,3116,348,3464,32
2022-11-02,Mendocino,045,87422,16215,16130,4548,20678,137
2022-11-02,Merced,047,269075,73180,72727,11973,84700,870
2022-11-02,Modoc,049,8938,886,885,328,1213,11
2022-11-02,Mono,051,14174,3220,3216,266,3482,7
2022-11-02,Monterey,053,433212,94827,94541,21372,115913,770
2022-11-02,Napa,055,140530,32504,32484,1421,33905,161
2022-11-02,Nevada,057,99092,19212,19129,1918,21047,132
2022-11-02,Orange,059,3164182,673759,672253,65351,737604,7520
2022-11-02,Placer,061,380077,76706,76321,9687,86008,662
2022-11-02,Plumas,063,18699,3726,3720,443,4163,13
2022-11-02,Riverside,065,2383286,700578,699360,35957,735317,6660
2022-11-02,Sacramento,067,1510023,350799,349696,34805,384501,3350
2022-11-02,San Benito,069,59416,16476,16324,987,17311,108
2022-11-02,San Bernardino,071,2135413,676084,674939,31318,706257,8123
2022-11-02,San Diego,073,3302833,932612,931531,73280,1004811,5532
2022-11-02,San Francisco,075,870044,182183,180989,12261,193250,1067
2022-11-02,San Joaquin,077,732212,199525,198717,15200,213917,2336
2022-11-02,San Luis Obispo,079,281455,63792,63599,7265,70864,525
2022-11-02,San Mateo,081,765935,171477,170464,10572,181036,741
2022-11-02,Santa Barbara,083,443738,106743,106478,6952,113430,732
2022-11-02,Santa Clara,085,1922200,442413,436967,19449,456416,2533
2022-11-02,Santa Cruz,087,273765,64293,64070,3537,67607,274
2022-11-02,Shasta,089,179085,35318,35178,7680,42858,594
2022-11-02,Sierra,091,2930,308,308,60,368,5
2022-11-02,Siskiyou,093,43540,5206,5326,3353,8679,94
2022-11-02,Solano,095,438530,106621,106106,8008,114114,468
2022-11-02,Sonoma,097,501317,108121,107907,5358,113265,524
2022-11-02,Stanislaus,099,539301,138968,138715,21747,160462,1785
2022-11-02,Sutter,101,95872,24516,24470,2470,26940,233
2022-11-02,Tehama,103,63373,13769,13707,3123,16830,216
2022-11-02,Trinity,105,12862,1420,1413,429,1842,20
2022-11-02,Tulare,107,460477,122614,122246,36837,159083,1544
2022-11-02,Tuolumne,109,53932,15764,15672,930,16602,196
2022-11-02,Ventura,111,848112,210574,210085,15992,226077,1584
2022-11-02,Yolo,113,214977,47956,47786,4434,52220,353
2022-11-02,Yuba,115,75493,19090,19059,1740,20799,132
2022-11-01,Alameda,001,1643700,352635,351524,20077,371601,2044
2022-11-01,Alpine,002,1148,136,136,1,137,0
2022-11-01,Amador,005,37829,10073,10055,936,10991,95
2022-11-01,Butte,007,227075,39860,39852,9261,49113,462
2022-11-01,Calaveras,009,45235,8586,8576,572,9148,135
2022-11-01,Colusa,011,21464,3822,3820,1293,5113,22
2022-11-01,Contra Costa,013,1133247,254898,253122,21001,274123,1463
2022-11-01,Del Norte,015,27424,7497,7469,401,7870,56
2022-11-01,El Dorado,017,186661,32702,32622,4323,36945,231
2022-11-01,Fresno,019,978130,280234,276454,32025,308479,2885
2022-11-01,Glenn,021,27897,5569,5557,1878,7435,48
2022-11-01,Humboldt,023,135768,22203,22115,5175,27290,160
2022-11-01,Imperial,025,180216,66153,66024,16191,82215,960
2022-11-01,Inyo,027,18085,4524,4506,1038,5544,60
2022-11-01,Kern,029,883053,220729,220216,65116,285332,2426
2022-11-01,Kings,031,150075,59898,59856,4140,63996,459
2022-11-01,Lake,033,64148,12950,12898,1194,14092,148
2022-11-01,Lassen,035,31185,10018,10007,1004,11011,65
2022-11-01,Los Angeles,037,10098052,3309472,3304428,185956,3490384,33733
2022-11-01,Madera,039,155013,44341,44229,8317,52546,375
2022-11-01,Marin,041,260295,45932,45806,5342,51148,314
2022-11-01,Mariposa,043,17540,3140,3116,348,3464,32
2022-11-01,Mendocino,045,87422,16212,16130,4542,20672,137
2022-11-01,Merced,047,269075,73158,72727,11965,84692,870
2022-11-01,Modoc,049,8938,885,885,327,1212,11
2022-11-01,Mono,051,14174,3220,3216,265,3481,7
2022-11-01,Monterey,053,433212,94797,94541,21361,115902,770
2022-11-01,Napa,055,140530,32492,32484,1420,33904,161
2022-11-01,Nevada,057,99092,19198,19129,1915,21044,132
2022-11-01,Orange,059,3164182,673565,672253,65260,737513,7520
2022-11-01,Placer,061,380077,76679,76321,9677,85998,662
2022-11-01,Plumas,063,18699,3723,3720,443,4163,13
2022-11-01,Riverside,065,2383286,700357,699360,35924,735284,6660
2022-11-01,Sacramento,067,1510023,350641,349696,34778,384474,3350
2022-11-01,San Benito,069,59416,16469,16324,986,17310,108
2022-11-01,San Bernardino,071,2135413,675889,674939,31305,706244,8123
2022-11-01,San Diego,073,3302833,932284,931531,73249,1004780,5532
2022-11-01,San Francisco,075,870044,182072,180989,12251,193240,1067
2022-11-01,San Joaquin,077,732212,199451,198717,15195,213912,2336
2022-11-01,San Luis Obispo,079,281455,63769,63599,7262,70861,525
2022-11-01,San Mateo,081,765935,171402,170464,10569,181033,741
2022-11-01,Santa Barbara,083,443738,106709,106478,6946,113424,732
2022-11-01,Santa Clara,085,1922200,442172,436967,19437,456404,2533
2022-11-01,Santa Cruz,087,273765,64262,64070,3536,67606,274
2022-11-01,Shasta,089,179085,35308,35178,7663,42841,594
2022-11-01,Sierra,091,2930,308,308,60,368,5
2022-11-01,Siskiyou,093,43540,5204,5326,3351,8677,94
2022-11-01,Solano,095,438530,106574,106106,8004,114110,468
2022-11-01,Sonoma,097,501317,108084,107907,5354,113261,524
2022-11-01,Stanislaus,099,539301,138923,138715,21736,160451,1785
2022-11-01,Sutter,101,95872,24509,24470,2470,26940,233
2022-11-01,Tehama,103,63373,13761,13707,3118,16825,216
2022-11-01,Trinity,105,12862,1420,1413,429,1842,20
2022-11-01,Tulare,107,460477,122587,122246,36817,159063,1544
2022-11-01,Tuolumne,109,53932,15758,15672,930,16602,196
2022-11-01,Ventura,111,848112,210503,210085,15978,226063,1584
2022-11-01,Yolo,113,214977,47937,47786,4433,52219,353
2022-11-01,Yuba,115,75493,19083,19059,1740,20799,132
2022-10-31,Alameda,001,1643700,352413,350419,20053,370472,2040
2022-10-31,Alpine,002,1148,136,136,1,137,0
2022-10-31,Amador,005,37829,10072,10038,936,10974,94
2022-10-31,Butte,007,227075,39842,39707,9252,48959,457
2022-10-31,Calaveras,009,45235,8584,8561,572,9133,134
2022-10-31,Colusa,011,21464,3822,3813,1291,5104,22
2022-10-31,Contra Costa,013,1133247,254753,252398,20987,273385,1458
2022-10-31,Del Norte,015,27424,7494,7455,401,7856,56
2022-10-31,El Dorado,017,186661,32685,32513,4319,36832,231
2022-10-31,Fresno,019,978130,280124,275924,32007,307931,2885
2022-10-31,Glenn,021,27897,5568,5553,1877,7430,48
2022-10-31,Humboldt,023,135768,22191,22065,5171,27236,160
2022-10-31,Imperial,025,180216,66118,65903,16176,82079,959
2022-10-31,Inyo,027,18085,4519,4500,1038,5538,60
2022-10-31,Kern,029,883053,220631,219943,65066,285009,2425
2022-10-31,Kings,031,150075,59875,59742,4136,63878,459
2022-10-31,Lake,033,64148,12936,12868,1193,14061,148
2022-10-31,Lassen,035,31185,10017,9989,1004,10993,65
2022-10-31,Los Angeles,037,10098052,3308244,3298549,185725,3484274,33679
2022-10-31,Madera,039,155013,44328,44172,8317,52489,375
2022-10-31,Marin,041,260295,45908,45649,5339,50988,314
2022-10-31,Mariposa,043,17540,3137,3107,348,3455,31
2022-10-31,Mendocino,045,87422,16204,16104,4540,20644,153
2022-10-31,Merced,047,269075,73140,72606,11958,84564,870
2022-10-31,Modoc,049,8938,884,884,327,1211,11
2022-10-31,Mono,051,14174,3220,3215,264,3479,7
2022-10-31,Monterey,053,433212,94762,94425,21339,115764,769
2022-10-31,Napa,055,140530,32478,32448,1419,33867,160
2022-10-31,Nevada,057,99092,19195,19094,1915,21009,132
2022-10-31,Orange,059,3164182,673377,671141,65186,736327,7502
2022-10-31,Placer,061,380077,76660,76178,9671,85849,662
2022-10-31,Plumas,063,18699,3722,3705,443,4148,13
2022-10-31,Riverside,065,2383286,700128,698387,35896,734283,6659
2022-10-31,Sacramento,067,1510023,350490,348942,34751,383693,3346
2022-10-31,San Benito,069,59416,16463,16284,986,17270,108
2022-10-31,San Bernardino,071,2135413,675644,673959,31280,705239,8120
2022-10-31,San Diego,073,3302833,931952,929768,73217,1002985,5524
2022-10-31,San Francisco,075,870044,181963,180409,12247,192656,1066
2022-10-31,San Joaquin,077,732212,199375,198376,15181,213557,2335
2022-10-31,San Luis Obispo,079,281455,63744,63519,7254,70773,525
2022-10-31,San Mateo,081,765935,171303,169941,10565,180506,741
2022-10-31,Santa Barbara,083,443738,106671,106291,6943,113234,729
2022-10-31,Santa Clara,085,1922200,441910,435788,19422,455210,2528
2022-10-31,Santa Cruz,087,273765,64221,63885,3533,67418,274
2022-10-31,Shasta,089,179085,35286,35117,7656,42773,595
2022-10-31,Sierra,091,2930,308,308,60,368,5
2022-10-31,Siskiyou,093,43540,5200,5307,3349,8656,94
2022-10-31,Solano,095,438530,106518,105796,7999,113795,467
2022-10-31,Sonoma,097,501317,108045,107692,5350,113042,524
2022-10-31,Stanislaus,099,539301,138872,138423,21723,160146,1785
2022-10-31,Sutter,101,95872,24494,24425,2470,26895,233
2022-10-31,Tehama,103,63373,13751,13681,3117,16798,210
2022-10-31,Trinity,105,12862,1419,1398,429,1827,20
2022-10-31,Tulare,107,460477,122570,122140,36794,158934,1541
2022-10-31,Tuolumne,109,53932,15724,15658,928,16586,196
2022-10-31,Ventura,111,848112,210427,209746,15966,225712,1582
2022-10-31,Yolo,113,214977,47868,47703,4430,52133,349
2022-10-31,Yuba,115,75493,19075,19009,1740,20749,133
2022-10-30,Alameda,001,1643700,352202,350419,20029,370448,2040
2022-10-30,Alpine,002,1148,136,136,1,137,0
2022-10-30,Amador,005,37829,10067,10038,935,10973,94
2022-10-30,Butte,007,227075,39821,39707,9241,48948,457
2022-10-30,Calaveras,009,45235,8582,8561,572,9133,134
2022-10-30,Colusa,011,21464,3821,3813,1291,5104,22
2022-10-30,Contra Costa,013,1133247,254595,252398,20978,273376,1458
2022-10-30,Del Norte,015,27424,7491,7455,401,7856,56
2022-10-30,El Dorado,017,186661,32676,32513,4315,36828,231
2022-10-30,Fresno,019,978130,280036,275924,31991,307915,2885
2022-10-30,Glenn,021,27897,5560,5553,1877,7430,48
2022-10-30,Humboldt,023,135768,22185,22065,5164,27229,160
2022-10-30,Imperial,025,180216,66094,65903,16151,82054,959
2022-10-30,Inyo,027,18085,4519,4500,1037,5537,60
2022-10-30,Kern,029,883053,220560,219943,65016,284959,2425
2022-10-30,Kings,031,150075,59865,59742,4135,63877,459
2022-10-30,Lake,033,64148,12928,12868,1193,14061,148
2022-10-30,Lassen,035,31185,10012,9989,1004,10993,65
2022-10-30,Los Angeles,037,10098052,3306981,3298549,185482,3484031,33679
2022-10-30,Madera,039,155013,44319,44172,8311,52483,375
2022-10-30,Marin,041,260295,45889,45649,5338,50987,314
2022-10-30,Mariposa,043,17540,3137,3107,348,3455,31
2022-10-30,Mendocino,045,87422,16201,16104,4539,20643,153
2022-10-30,Merced,047,269075,73107,72606,11953,84559,870
2022-10-30,Modoc,049,8938,884,884,327,1211,11
2022-10-30,Mono,051,14174,3219,3215,264,3479,7
2022-10-30,Monterey,053,433212,94732,94425,21328,115753,769
2022-10-30,Napa,055,140530,32463,32448,1417,33865,160
2022-10-30,Nevada,057,99092,19188,19094,1910,21004,132
2022-10-30,Orange,059,3164182,673149,671141,65108,736249,7502
2022-10-30,Placer,061,380077,76640,76178,9668,85846,662
2022-10-30,Plumas,063,18699,3721,3705,443,4148,13
2022-10-30,Riverside,065,2383286,699909,698387,35863,734250,6659
2022-10-30,Sacramento,067,1510023,350360,348942,34713,383655,3346
2022-10-30,San Benito,069,59416,16457,16284,986,17270,108
2022-10-30,San Bernardino,071,2135413,675449,673959,31258,705217,8120
2022-10-30,San Diego,073,3302833,931595,929768,73159,1002927,5524
2022-10-30,San Francisco,075,870044,181837,180409,12237,192646,1066
2022-10-30,San Joaquin,077,732212,199306,198376,15158,213534,2335
2022-10-30,San Luis Obispo,079,281455,63731,63519,7250,70769,525
2022-10-30,San Mateo,081,765935,171213,169941,10560,180501,741
2022-10-30,Santa Barbara,083,443738,106645,106291,6938,113229,729
2022-10-30,Santa Clara,085,1922200,441678,435788,19414,455202,2528
2022-10-30,Santa Cruz,087,273765,64167,63885,3530,67415,274
2022-10-30,Shasta,089,179085,35273,35117,7651,42768,595
2022-10-30,Sierra,091,2930,308,308,60,368,5
2022-10-30,Siskiyou,093,43540,5198,5307,3348,8655,94
2022-10-30,Solano,095,438530,106458,105796,7996,113792,467
2022-10-30,Sonoma,097,501317,108008,107692,5346,113038,524
2022-10-30,Stanislaus,099,539301,138830,138423,21716,160139,1785
2022-10-30,Sutter,101,95872,24484,24425,2470,26895,233
2022-10-30,Tehama,103,63373,13742,13681,3113,16794,210
2022-10-30,Trinity,105,12862,1419,1398,428,1826,20
2022-10-30,Tulare,107,460477,122538,122140,36773,158913,1541
2022-10-30,Tuolumne,109,53932,15718,15658,927,16585,196
2022-10-30,Ventura,111,848112,210356,209746,15952,225698,1582
2022-10-30,Yolo,113,214977,47843,47703,4422,52125,349
2022-10-30,Yuba,115,75493,19067,19009,1739,20748,133
2022-10-29,Alameda,001,1643700,352092,350419,20018,370437,2040
2022-10-29,Alpine,002,1148,136,136,1,137,0
2022-10-29,Amador,005,37829,10065,10038,935,10973,94
2022-10-29,Butte,007,227075,39814,39707,9237,48944,457
2022-10-29,Calaveras,009,45235,8576,8561,572,9133,134
2022-10-29,Colusa,011,21464,3820,3813,1291,5104,22
2022-10-29,Contra Costa,013,1133247,254506,252398,20973,273371,1458
2022-10-29,Del Norte,015,27424,7491,7455,401,7856,56
2022-10-29,El Dorado,017,186661,32669,32513,4313,36826,231
2022-10-29,Fresno,019,978130,279986,275924,31982,307906,2885
2022-10-29,Glenn,021,27897,5559,5553,1877,7430,48
2022-10-29,Humboldt,023,135768,22179,22065,5163,27228,160
2022-10-29,Imperial,025,180216,66083,65903,16135,82038,959
2022-10-29,Inyo,027,18085,4519,4500,1036,5536,60
2022-10-29,Kern,029,883053,220529,219943,64991,284934,2425
2022-10-29,Kings,031,150075,59857,59742,4135,63877,459
2022-10-29,Lake,033,64148,12924,12868,1193,14061,148
2022-10-29,Lassen,035,31185,10012,9989,1004,10993,65
2022-10-29,Los Angeles,037,10098052,3306351,3298549,185368,3483917,33679
2022-10-29,Madera,039,155013,44314,44172,8311,52483,375
2022-10-29,Marin,041,260295,45870,45649,5337,50986,314
2022-10-29,Mariposa,043,17540,3137,3107,348,3455,31
2022-10-29,Mendocino,045,87422,16200,16104,4539,20643,153
2022-10-29,Merced,047,269075,73093,72606,11952,84558,870
2022-10-29,Modoc,049,8938,884,884,327,1211,11
2022-10-29,Mono,051,14174,3219,3215,264,3479,7
2022-10-29,Monterey,053,433212,94719,94425,21321,115746,769
2022-10-29,Napa,055,140530,32453,32448,1417,33865,160
2022-10-29,Nevada,057,99092,19182,19094,1909,21003,132
2022-10-29,Orange,059,3164182,673055,671141,65069,736210,7502
2022-10-29,Placer,061,380077,76625,76178,9665,85843,662
2022-10-29,Plumas,063,18699,3721,3705,443,4148,13
2022-10-29,Riverside,065,2383286,699795,698387,35843,734230,6659
2022-10-29,Sacramento,067,1510023,350292,348942,34698,383640,3346
2022-10-29,San Benito,069,59416,16453,16284,986,17270,108
2022-10-29,San Bernardino,071,2135413,675342,673959,31248,705207,8120
2022-10-29,San Diego,073,3302833,931439,929768,73147,1002915,5524
2022-10-29,San Francisco,075,870044,181768,180409,12235,192644,1066
2022-10-29,San Joaquin,077,732212,199272,198376,15149,213525,2335
2022-10-29,San Luis Obispo,079,281455,63728,63519,7248,70767,525
2022-10-29,San Mateo,081,765935,171158,169941,10559,180500,741
2022-10-29,Santa Barbara,083,443738,106626,106291,6935,113226,729
2022-10-29,Santa Clara,085,1922200,441542,435788,19405,455193,2528
2022-10-29,Santa Cruz,087,273765,64153,63885,3528,67413,274
2022-10-29,Shasta,089,179085,35266,35117,7648,42765,595
2022-10-29,Sierra,091,2930,308,308,60,368,5
2022-10-29,Siskiyou,093,43540,5197,5307,3346,8653,94
2022-10-29,Solano,095,438530,106425,105796,7992,113788,467
2022-10-29,Sonoma,097,501317,107990,107692,5344,113036,524
2022-10-29,Stanislaus,099,539301,138795,138423,21710,160133,1785
2022-10-29,Sutter,101,95872,24478,24425,2470,26895,233
2022-10-29,Tehama,103,63373,13739,13681,3109,16790,210
2022-10-29,Trinity,105,12862,1414,1398,426,1824,20
2022-10-29,Tulare,107,460477,122518,122140,36758,158898,1541
2022-10-29,Tuolumne,109,53932,15712,15658,927,16585,196
2022-10-29,Ventura,111,848112,210314,209746,15938,225684,1582
2022-10-29,Yolo,113,214977,47829,47703,4421,52124,349
2022-10-29,Yuba,115,75493,19063,19009,1739,20748,133
2022-10-28,Alameda,001,1643700,352002,350419,20013,370432,2040
2022-10-28,Alpine,002,1148,136,136,1,137,0
2022-10-28,Amador,005,37829,10060,10038,934,10972,94
2022-10-28,Butte,007,227075,39808,39707,9234,48941,457
2022-10-28,Calaveras,009,45235,8576,8561,572,9133,134
2022-10-28,Colusa,011,21464,3820,3813,1291,5104,22
2022-10-28,Contra Costa,013,1133247,254422,252398,20969,273367,1458
2022-10-28,Del Norte,015,27424,7490,7455,401,7856,56
2022-10-28,El Dorado,017,186661,32659,32513,4311,36824,231
2022-10-28,Fresno,019,978130,279937,275924,31975,307899,2885
2022-10-28,Glenn,021,27897,5558,5553,1875,7428,48
2022-10-28,Humboldt,023,135768,22174,22065,5162,27227,160
2022-10-28,Imperial,025,180216,66068,65903,16127,82030,959
2022-10-28,Inyo,027,18085,4516,4500,1036,5536,60
2022-10-28,Kern,029,883053,220502,219943,64982,284925,2425
2022-10-28,Kings,031,150075,59855,59742,4135,63877,459
2022-10-28,Lake,033,64148,12922,12868,1193,14061,148
2022-10-28,Lassen,035,31185,10012,9989,1004,10993,65
2022-10-28,Los Angeles,037,10098052,3305721,3298549,185241,3483790,33679
2022-10-28,Madera,039,155013,44306,44172,8308,52480,375
2022-10-28,Marin,041,260295,45858,45649,5337,50986,314
2022-10-28,Mariposa,043,17540,3134,3107,348,3455,31
2022-10-28,Mendocino,045,87422,16197,16104,4536,20640,153
2022-10-28,Merced,047,269075,73081,72606,11950,84556,870
2022-10-28,Modoc,049,8938,884,884,327,1211,11
2022-10-28,Mono,051,14174,3219,3215,264,3479,7
2022-10-28,Monterey,053,433212,94705,94425,21312,115737,769
2022-10-28,Napa,055,140530,32445,32448,1417,33865,160
2022-10-28,Nevada,057,99092,19179,19094,1908,21002,132
2022-10-28,Orange,059,3164182,672946,671141,65011,736152,7502
2022-10-28,Placer,061,380077,76613,76178,9663,85841,662
2022-10-28,Plumas,063,18699,3721,3705,443,4148,13
2022-10-28,Riverside,065,2383286,699679,698387,35830,734217,6659
2022-10-28,Sacramento,067,1510023,350190,348942,34690,383632,3346
2022-10-28,San Benito,069,59416,16449,16284,986,17270,108
2022-10-28,San Bernardino,071,2135413,675228,673959,31241,705200,8120
2022-10-28,San Diego,073,3302833,931255,929768,73133,1002901,5524
2022-10-28,San Francisco,075,870044,181711,180409,12230,192639,1066
2022-10-28,San Joaquin,077,732212,199244,198376,15145,213521,2335
2022-10-28,San Luis Obispo,079,281455,63723,63519,7247,70766,525
2022-10-28,San Mateo,081,765935,171101,169941,10556,180497,741
2022-10-28,Santa Barbara,083,443738,106612,106291,6935,113226,729
2022-10-28,Santa Clara,085,1922200,441396,435788,19395,455183,2528
2022-10-28,Santa Cruz,087,273765,64138,63885,3526,67411,274
2022-10-28,Shasta,089,179085,35260,35117,7643,42760,595
2022-10-28,Sierra,091,2930,308,308,60,368,5
2022-10-28,Siskiyou,093,43540,5193,5307,3344,8651,94
2022-10-28,Solano,095,438530,106398,105796,7991,113787,467
2022-10-28,Sonoma,097,501317,107969,107692,5344,113036,524
2022-10-28,Stanislaus,099,539301,138765,138423,21708,160131,1785
2022-10-28,Sutter,101,95872,24469,24425,2469,26894,233
2022-10-28,Tehama,103,63373,13736,13681,3108,16789,210
2022-10-28,Trinity,105,12862,1411,1398,425,1823,20
2022-10-28,Tulare,107,460477,122495,122140,36748,158888,1541
2022-10-28,Tuolumne,109,53932,15710,15658,927,16585,196
2022-10-28,Ventura,111,848112,210274,209746,15931,225677,1582
2022-10-28,Yolo,113,214977,47818,47703,4421,52124,349
2022-10-28,Yuba,115,75493,19057,19009,1738,20747,133
2022-10-27,Alameda,001,1643700,351867,350419,19999,370418,2040
2022-10-27,Alpine,002,1148,136,136,1,137,0
2022-10-27,Amador,005,37829,10059,10038,934,10972,94
2022-10-27,Butte,007,227075,39801,39707,9230,48937,457
2022-10-27,Calaveras,009,45235,8574,8561,571,9132,134
2022-10-27,Colusa,011,21464,3817,3813,1291,5104,22
2022-10-27,Contra Costa,013,1133247,254323,252398,20962,273360,1458
2022-10-27,Del Norte,015,27424,7485,7455,401,7856,56
2022-10-27,El Dorado,017,186661,32641,32513,4311,36824,231
2022-10-27,Fresno,019,978130,279871,275924,31970,307894,2885
2022-10-27,Glenn,021,27897,5555,5553,1875,7428,48
2022-10-27,Humboldt,023,135768,22165,22065,5162,27227,160
2022-10-27,Imperial,025,180216,66055,65903,16115,82018,959
2022-10-27,Inyo,027,18085,4514,4500,1036,5536,60
2022-10-27,Kern,029,883053,220439,219943,64950,284893,2425
2022-10-27,Kings,031,150075,59797,59742,4134,63876,459
2022-10-27,Lake,033,64148,12916,12868,1192,14060,148
2022-10-27,Lassen,035,31185,10010,9989,1003,10992,65
2022-10-27,Los Angeles,037,10098052,3304854,3298549,185090,3483639,33679
2022-10-27,Madera,039,155013,44296,44172,8305,52477,375
2022-10-27,Marin,041,260295,45840,45649,5337,50986,314
2022-10-27,Mariposa,043,17540,3133,3107,348,3455,31
2022-10-27,Mendocino,045,87422,16194,16104,4535,20639,153
2022-10-27,Merced,047,269075,73072,72606,11945,84551,870
2022-10-27,Modoc,049,8938,884,884,327,1211,11
2022-10-27,Mono,051,14174,3219,3215,264,3479,7
2022-10-27,Monterey,053,433212,94684,94425,21296,115721,769
2022-10-27,Napa,055,140530,32439,32448,1415,33863,160
2022-10-27,Nevada,057,99092,19173,19094,1905,20999,132
2022-10-27,Orange,059,3164182,672769,671141,64967,736108,7502
2022-10-27,Placer,061,380077,76600,76178,9658,85836,662
2022-10-27,Plumas,063,18699,3721,3705,443,4148,13
2022-10-27,Riverside,065,2383286,699547,698387,35806,734193,6659
2022-10-27,Sacramento,067,1510023,350053,348942,34671,383613,3346
2022-10-27,San Benito,069,59416,16448,16284,986,17270,108
2022-10-27,San Bernardino,071,2135413,675095,673959,31231,705190,8120
2022-10-27,San Diego,073,3302833,931010,929768,73103,1002871,5524
2022-10-27,San Francisco,075,870044,181621,180409,12220,192629,1066
2022-10-27,San Joaquin,077,732212,199210,198376,15136,213512,2335
2022-10-27,San Luis Obispo,079,281455,63710,63519,7245,70764,525
2022-10-27,San Mateo,081,765935,171012,169941,10553,180494,741
2022-10-27,Santa Barbara,083,443738,106582,106291,6934,113225,729
2022-10-27,Santa Clara,085,1922200,441222,435788,19385,455173,2528
2022-10-27,Santa Cruz,087,273765,64117,63885,3523,67408,274
2022-10-27,Shasta,089,179085,35251,35117,7636,42753,595
2022-10-27,Sierra,091,2930,308,308,60,368,5
2022-10-27,Siskiyou,093,43540,5189,5307,3343,8650,94
2022-10-27,Solano,095,438530,106358,105796,7989,113785,467
2022-10-27,Sonoma,097,501317,107939,107692,5344,113036,524
2022-10-27,Stanislaus,099,539301,138726,138423,21704,160127,1785
2022-10-27,Sutter,101,95872,24461,24425,2468,26893,233
2022-10-27,Tehama,103,63373,13735,13681,3108,16789,210
2022-10-27,Trinity,105,12862,1408,1398,422,1820,20
2022-10-27,Tulare,107,460477,122479,122140,36726,158866,1541
2022-10-27,Tuolumne,109,53932,15707,15658,927,16585,196
2022-10-27,Ventura,111,848112,210214,209746,15924,225670,1582
2022-10-27,Yolo,113,214977,47816,47703,4419,52122,349
2022-10-27,Yuba,115,75493,19052,19009,1737,20746,133
2022-10-26,Alameda,001,1643700,351697,350419,19983,370402,2040
2022-10-26,Alpine,002,1148,136,136,1,137,0
2022-10-26,Amador,005,37829,10058,10038,934,10972,94
2022-10-26,Butte,007,227075,39790,39707,9222,48929,457
2022-10-26,Calaveras,009,45235,8573,8561,570,9131,134
2022-10-26,Colusa,011,21464,3814,3813,1291,5104,22
2022-10-26,Contra Costa,013,1133247,254229,252398,20957,273355,1458
2022-10-26,Del Norte,015,27424,7484,7455,401,7856,56
2022-10-26,El Dorado,017,186661,32619,32513,4310,36823,231
2022-10-26,Fresno,019,978130,279818,275924,31951,307875,2885
2022-10-26,Glenn,021,27897,5555,5553,1874,7427,48
2022-10-26,Humboldt,023,135768,22160,22065,5155,27220,160
2022-10-26,Imperial,025,180216,66035,65903,16104,82007,959
2022-10-26,Inyo,027,18085,4513,4500,1034,5534,60
2022-10-26,Kern,029,883053,220401,219943,64922,284865,2425
2022-10-26,Kings,031,150075,59792,59742,4134,63876,459
2022-10-26,Lake,033,64148,12914,12868,1192,14060,148
2022-10-26,Lassen,035,31185,10005,9989,1002,10991,65
2022-10-26,Los Angeles,037,10098052,3303930,3298549,184945,3483494,33679
2022-10-26,Madera,039,155013,44288,44172,8303,52475,375
2022-10-26,Marin,041,260295,45827,45649,5335,50984,314
2022-10-26,Mariposa,043,17540,3132,3107,348,3455,31
2022-10-26,Mendocino,045,87422,16192,16104,4533,20637,153
2022-10-26,Merced,047,269075,73056,72606,11941,84547,870
2022-10-26,Modoc,049,8938,884,884,327,1211,11
2022-10-26,Mono,051,14174,3219,3215,264,3479,7
2022-10-26,Monterey,053,433212,94659,94425,21285,115710,769
2022-10-26,Napa,055,140530,32432,32448,1415,33863,160
2022-10-26,Nevada,057,99092,19170,19094,1897,20991,132
2022-10-26,Orange,059,3164182,672585,671141,64905,736046,7502
2022-10-26,Placer,061,380077,76578,76178,9653,85831,662
2022-10-26,Plumas,063,18699,3719,3705,443,4148,13
2022-10-26,Riverside,065,2383286,699402,698387,35782,734169,6659
2022-10-26,Sacramento,067,1510023,349981,348942,34649,383591,3346
2022-10-26,San Benito,069,59416,16443,16284,986,17270,108
2022-10-26,San Bernardino,071,2135413,674927,673959,31222,705181,8120
2022-10-26,San Diego,073,3302833,930723,929768,73061,1002829,5524
2022-10-26,San Francisco,075,870044,181541,180409,12216,192625,1066
2022-10-26,San Joaquin,077,732212,199158,198376,15124,213500,2335
2022-10-26,San Luis Obispo,079,281455,63695,63519,7243,70762,525
2022-10-26,San Mateo,081,765935,170924,169941,10548,180489,741
2022-10-26,Santa Barbara,083,443738,106548,106291,6929,113220,729
2022-10-26,Santa Clara,085,1922200,441045,435788,19366,455154,2528
2022-10-26,Santa Cruz,087,273765,64091,63885,3522,67407,274
2022-10-26,Shasta,089,179085,35243,35117,7631,42748,595
2022-10-26,Sierra,091,2930,308,308,60,368,5
2022-10-26,Siskiyou,093,43540,5187,5307,3342,8649,94
2022-10-26,Solano,095,438530,106301,105796,7988,113784,467
2022-10-26,Sonoma,097,501317,107912,107692,5339,113031,524
2022-10-26,Stanislaus,099,539301,138693,138423,21699,160122,1785
2022-10-26,Sutter,101,95872,24451,24425,2468,26893,233
2022-10-26,Tehama,103,63373,13730,13681,3108,16789,210
2022-10-26,Trinity,105,12862,1402,1398,420,1818,20
2022-10-26,Tulare,107,460477,122463,122140,36709,158849,1541
2022-10-26,Tuolumne,109,53932,15701,15658,927,16585,196
2022-10-26,Ventura,111,848112,210151,209746,15917,225663,1582
2022-10-26,Yolo,113,214977,47807,47703,4416,52119,349
2022-10-26,Yuba,115,75493,19045,19009,1737,20746,133
2022-10-25,Alameda,001,1643700,351546,350419,19965,370384,2040
2022-10-25,Alpine,002,1148,136,136,1,137,0
2022-10-25,Amador,005,37829,10056,10038,934,10972,94
2022-10-25,Butte,007,227075,39774,39707,9222,48929,457
2022-10-25,Calaveras,009,45235,8571,8561,570,9131,134
2022-10-25,Colusa,011,21464,3813,3813,1291,5104,22
2022-10-25,Contra Costa,013,1133247,254123,252398,20949,273347,1458
2022-10-25,Del Norte,015,27424,7483,7455,401,7856,56
2022-10-25,El Dorado,017,186661,32598,32513,4308,36821,231
2022-10-25,Fresno,019,978130,279762,275924,31936,307860,2885
2022-10-25,Glenn,021,27897,5553,5553,1874,7427,48
2022-10-25,Humboldt,023,135768,22153,22065,5152,27217,160
2022-10-25,Imperial,025,180216,66013,65903,16097,82000,959
2022-10-25,Inyo,027,18085,4513,4500,1033,5533,60
2022-10-25,Kern,029,883053,220351,219943,64879,284822,2425
2022-10-25,Kings,031,150075,59776,59742,4133,63875,459
2022-10-25,Lake,033,64148,12911,12868,1192,14060,148
2022-10-25,Lassen,035,31185,9998,9989,1002,10991,65
2022-10-25,Los Angeles,037,10098052,3303041,3298549,184801,3483350,33679
2022-10-25,Madera,039,155013,44279,44172,8299,52471,375
2022-10-25,Marin,041,260295,45800,45649,5333,50982,314
2022-10-25,Mariposa,043,17540,3131,3107,348,3455,31
2022-10-25,Mendocino,045,87422,16185,16104,4532,20636,153
2022-10-25,Merced,047,269075,73040,72606,11938,84544,870
2022-10-25,Modoc,049,8938,884,884,326,1210,11
2022-10-25,Mono,051,14174,3219,3215,263,3478,7
2022-10-25,Monterey,053,433212,94634,94425,21273,115698,769
2022-10-25,Napa,055,140530,32429,32448,1414,33862,160
2022-10-25,Nevada,057,99092,19166,19094,1894,20988,132
2022-10-25,Orange,059,3164182,672410,671141,64843,735984,7502
2022-10-25,Placer,061,380077,76543,76178,9649,85827,662
2022-10-25,Plumas,063,18699,3718,3705,443,4148,13
2022-10-25,Riverside,065,2383286,699233,698387,35769,734156,6659
2022-10-25,Sacramento,067,1510023,349872,348942,34610,383552,3346
2022-10-25,San Benito,069,59416,16436,16284,984,17268,108
2022-10-25,San Bernardino,071,2135413,674786,673959,31212,705171,8120
2022-10-25,San Diego,073,3302833,930454,929768,73004,1002772,5524
2022-10-25,San Francisco,075,870044,181452,180409,12205,192614,1066
2022-10-25,San Joaquin,077,732212,199100,198376,15117,213493,2335
2022-10-25,San Luis Obispo,079,281455,63675,63519,7240,70759,525
2022-10-25,San Mateo,081,765935,170852,169941,10546,180487,741
2022-10-25,Santa Barbara,083,443738,106513,106291,6923,113214,729
2022-10-25,Santa Clara,085,1922200,440853,435788,19356,455144,2528
2022-10-25,Santa Cruz,087,273765,64056,63885,3518,67403,274
2022-10-25,Shasta,089,179085,35237,35117,7625,42742,595
2022-10-25,Sierra,091,2930,308,308,60,368,5
2022-10-25,Siskiyou,093,43540,5185,5307,3338,8645,94
2022-10-25,Solano,095,438530,106254,105796,7982,113778,467
2022-10-25,Sonoma,097,501317,107870,107692,5338,113030,524
2022-10-25,Stanislaus,099,539301,138664,138423,21689,160112,1785
2022-10-25,Sutter,101,95872,24444,24425,2468,26893,233
2022-10-25,Tehama,103,63373,13727,13681,3107,16788,210
2022-10-25,Trinity,105,12862,1402,1398,416,1814,20
2022-10-25,Tulare,107,460477,122438,122140,36692,158832,1541
2022-10-25,Tuolumne,109,53932,15700,15658,927,16585,196
2022-10-25,Ventura,111,848112,210101,209746,15906,225652,1582
2022-10-25,Yolo,113,214977,47796,47703,4407,52110,349
2022-10-25,Yuba,115,75493,19038,19009,1737,20746,133
2022-10-24,Alameda,001,1643700,351387,349337,19955,369292,2031
2022-10-24,Alpine,002,1148,136,136,1,137,0
2022-10-24,Amador,005,37829,10054,10025,933,10958,94
2022-10-24,Butte,007,227075,39760,39607,9219,48826,456
2022-10-24,Calaveras,009,45235,8571,8541,569,9110,135
2022-10-24,Colusa,011,21464,3811,3807,1291,5098,22
2022-10-24,Contra Costa,013,1133247,254005,251722,20942,272664,1444
2022-10-24,Del Norte,015,27424,7478,7450,401,7851,56
2022-10-24,El Dorado,017,186661,32585,32443,4307,36750,232
2022-10-24,Fresno,019,978130,279698,275502,31915,307417,2893
2022-10-24,Glenn,021,27897,5552,5543,1874,7417,48
2022-10-24,Humboldt,023,135768,22147,21979,5145,27124,160
2022-10-24,Imperial,025,180216,65992,65801,16088,81889,961
2022-10-24,Inyo,027,18085,4512,4497,1030,5527,60
2022-10-24,Kern,029,883053,220301,219679,64846,284525,2424
2022-10-24,Kings,031,150075,59758,59632,4133,63765,460
2022-10-24,Lake,033,64148,12906,12847,1192,14039,148
2022-10-24,Lassen,035,31185,9998,9977,1002,10979,65
2022-10-24,Los Angeles,037,10098052,3302045,3289814,184630,3474444,33533
2022-10-24,Madera,039,155013,44274,44121,8298,52419,375
2022-10-24,Marin,041,260295,45771,45521,5333,50854,314
2022-10-24,Mariposa,043,17540,3129,3096,346,3442,31
2022-10-24,Mendocino,045,87422,16181,16059,4529,20588,136
2022-10-24,Merced,047,269075,73027,72442,11935,84377,869
2022-10-24,Modoc,049,8938,883,883,326,1209,11
2022-10-24,Mono,051,14174,3219,3212,262,3474,7
2022-10-24,Monterey,053,433212,94612,94275,21258,115533,768
2022-10-24,Napa,055,140530,32425,32395,1414,33809,160
2022-10-24,Nevada,057,99092,19158,19056,1884,20940,132
2022-10-24,Orange,059,3164182,672228,669923,64799,734722,7536
2022-10-24,Placer,061,380077,76512,76022,9646,85668,662
2022-10-24,Plumas,063,18699,3717,3691,442,4133,13
2022-10-24,Riverside,065,2383286,699099,697500,35744,733244,6569
2022-10-24,Sacramento,067,1510023,349753,348260,34583,382843,3337
2022-10-24,San Benito,069,59416,16430,16251,983,17234,107
2022-10-24,San Bernardino,071,2135413,674614,673189,31199,704388,8152
2022-10-24,San Diego,073,3302833,930180,928182,72951,1001133,5517
2022-10-24,San Francisco,075,870044,181346,179967,12202,192169,1056
2022-10-24,San Joaquin,077,732212,199044,198041,15095,213136,2336
2022-10-24,San Luis Obispo,079,281455,63663,63410,7239,70649,525
2022-10-24,San Mateo,081,765935,170791,169484,10542,180026,732
2022-10-24,Santa Barbara,083,443738,106490,106125,6922,113047,726
2022-10-24,Santa Clara,085,1922200,440649,434684,19344,454028,2523
2022-10-24,Santa Cruz,087,273765,64033,63592,3516,67108,275
2022-10-24,Shasta,089,179085,35222,35031,7614,42645,595
2022-10-24,Sierra,091,2930,308,305,60,365,5
2022-10-24,Siskiyou,093,43540,5183,5298,3338,8636,94
2022-10-24,Solano,095,438530,106206,105561,7981,113542,466
2022-10-24,Sonoma,097,501317,107839,107436,5338,112774,527
2022-10-24,Stanislaus,099,539301,138637,138223,21686,159909,1785
2022-10-24,Sutter,101,95872,24439,24393,2468,26861,233
2022-10-24,Tehama,103,63373,13725,13647,3106,16753,209
2022-10-24,Trinity,105,12862,1401,1396,415,1811,20
2022-10-24,Tulare,107,460477,122417,122035,36675,158710,1540
2022-10-24,Tuolumne,109,53932,15697,15626,927,16553,196
2022-10-24,Ventura,111,848112,210051,209427,15901,225328,1571
2022-10-24,Yolo,113,214977,47785,47611,4405,52016,346
2022-10-24,Yuba,115,75493,19029,18969,1737,20706,130
2022-10-23,Alameda,001,1643700,351194,349337,19936,369273,2031
2022-10-23,Alpine,002,1148,136,136,1,137,0
2022-10-23,Amador,005,37829,10053,10025,933,10958,94
2022-10-23,Butte,007,227075,39748,39607,9217,48824,456
2022-10-23,Calaveras,009,45235,8566,8541,569,9110,135
2022-10-23,Colusa,011,21464,3811,3807,1289,5096,22
2022-10-23,Contra Costa,013,1133247,253896,251722,20930,272652,1444
2022-10-23,Del Norte,015,27424,7477,7450,401,7851,56
2022-10-23,El Dorado,017,186661,32572,32443,4305,36748,232
2022-10-23,Fresno,019,978130,279634,275502,31901,307403,2893
2022-10-23,Glenn,021,27897,5550,5543,1872,7415,48
2022-10-23,Humboldt,023,135768,22139,21979,5138,27117,160
2022-10-23,Imperial,025,180216,65979,65801,16070,81871,961
2022-10-23,Inyo,027,18085,4510,4497,1030,5527,60
2022-10-23,Kern,029,883053,220249,219679,64774,284453,2424
2022-10-23,Kings,031,150075,59738,59632,4130,63762,460
2022-10-23,Lake,033,64148,12905,12847,1192,14039,148
2022-10-23,Lassen,035,31185,9995,9977,1001,10978,65
2022-10-23,Los Angeles,037,10098052,3301089,3289814,184433,3474247,33533
2022-10-23,Madera,039,155013,44262,44121,8296,52417,375
2022-10-23,Marin,041,260295,45756,45521,5331,50852,314
2022-10-23,Mariposa,043,17540,3126,3096,345,3441,31
2022-10-23,Mendocino,045,87422,16174,16059,4528,20587,136
2022-10-23,Merced,047,269075,73019,72442,11931,84373,869
2022-10-23,Modoc,049,8938,883,883,326,1209,11
2022-10-23,Mono,051,14174,3219,3212,261,3473,7
2022-10-23,Monterey,053,433212,94592,94275,21243,115518,768
2022-10-23,Napa,055,140530,32407,32395,1414,33809,160
2022-10-23,Nevada,057,99092,19146,19056,1882,20938,132
2022-10-23,Orange,059,3164182,672005,669923,64728,734651,7536
2022-10-23,Placer,061,380077,76482,76022,9642,85664,662
2022-10-23,Plumas,063,18699,3716,3691,441,4132,13
2022-10-23,Riverside,065,2383286,698919,697500,35725,733225,6569
2022-10-23,Sacramento,067,1510023,349607,348260,34558,382818,3337
2022-10-23,San Benito,069,59416,16423,16251,982,17233,107
2022-10-23,San Bernardino,071,2135413,674477,673189,31182,704371,8152
2022-10-23,San Diego,073,3302833,929829,928182,72909,1001091,5517
2022-10-23,San Francisco,075,870044,181238,179967,12194,192161,1056
2022-10-23,San Joaquin,077,732212,198983,198041,15083,213124,2336
2022-10-23,San Luis Obispo,079,281455,63649,63410,7231,70641,525
2022-10-23,San Mateo,081,765935,170702,169484,10539,180023,732
2022-10-23,Santa Barbara,083,443738,106450,106125,6919,113044,726
2022-10-23,Santa Clara,085,1922200,440428,434684,19321,454005,2523
2022-10-23,Santa Cruz,087,273765,63979,63592,3513,67105,275
2022-10-23,Shasta,089,179085,35209,35031,7603,42634,595
2022-10-23,Sierra,091,2930,308,305,60,365,5
2022-10-23,Siskiyou,093,43540,5181,5298,3335,8633,94
2022-10-23,Solano,095,438530,106155,105561,7977,113538,466
2022-10-23,Sonoma,097,501317,107780,107436,5334,112770,527
2022-10-23,Stanislaus,099,539301,138595,138223,21682,159905,1785
2022-10-23,Sutter,101,95872,24433,24393,2468,26861,233
2022-10-23,Tehama,103,63373,13719,13647,3106,16753,209
2022-10-23,Trinity,105,12862,1401,1396,412,1808,20
2022-10-23,Tulare,107,460477,122388,122035,36651,158686,1540
2022-10-23,Tuolumne,109,53932,15694,15626,926,16552,196
2022-10-23,Ventura,111,848112,210000,209427,15888,225315,1571
2022-10-23,Yolo,113,214977,47766,47611,4394,52005,346
2022-10-23,Yuba,115,75493,19023,18969,1736,20705,130
2022-10-22,Alameda,001,1643700,351093,349337,19930,369267,2031
2022-10-22,Alpine,002,1148,136,136,1,137,0
2022-10-22,Amador,005,37829,10051,10025,933,10958,94
2022-10-22,Butte,007,227075,39742,39607,9212,48819,456
2022-10-22,Calaveras,009,45235,8563,8541,569,9110,135
2022-10-22,Colusa,011,21464,3811,3807,1288,5095,22
2022-10-22,Contra Costa,013,1133247,253829,251722,20923,272645,1444
2022-10-22,Del Norte,015,27424,7476,7450,401,7851,56
2022-10-22,El Dorado,017,186661,32565,32443,4304,36747,232
2022-10-22,Fresno,019,978130,279596,275502,31897,307399,2893
2022-10-22,Glenn,021,27897,5549,5543,1872,7415,48
2022-10-22,Humboldt,023,135768,22134,21979,5136,27115,160
2022-10-22,Imperial,025,180216,65965,65801,16063,81864,961
2022-10-22,Inyo,027,18085,4509,4497,1028,5525,60
2022-10-22,Kern,029,883053,220230,219679,64744,284423,2424
2022-10-22,Kings,031,150075,59729,59632,4129,63761,460
2022-10-22,Lake,033,64148,12903,12847,1191,14038,148
2022-10-22,Lassen,035,31185,9995,9977,1000,10977,65
2022-10-22,Los Angeles,037,10098052,3300572,3289814,184344,3474158,33533
2022-10-22,Madera,039,155013,44254,44121,8295,52416,375
2022-10-22,Marin,041,260295,45736,45521,5327,50848,314
2022-10-22,Mariposa,043,17540,3126,3096,345,3441,31
2022-10-22,Mendocino,045,87422,16173,16059,4528,20587,136
2022-10-22,Merced,047,269075,73009,72442,11931,84373,869
2022-10-22,Modoc,049,8938,883,883,326,1209,11
2022-10-22,Mono,051,14174,3218,3212,261,3473,7
2022-10-22,Monterey,053,433212,94580,94275,21234,115509,768
2022-10-22,Napa,055,140530,32403,32395,1414,33809,160
2022-10-22,Nevada,057,99092,19142,19056,1882,20938,132
2022-10-22,Orange,059,3164182,671912,669923,64684,734607,7536
2022-10-22,Placer,061,380077,76462,76022,9637,85659,662
2022-10-22,Plumas,063,18699,3716,3691,441,4132,13
2022-10-22,Riverside,065,2383286,698824,697500,35707,733207,6569
2022-10-22,Sacramento,067,1510023,349531,348260,34547,382807,3337
2022-10-22,San Benito,069,59416,16415,16251,982,17233,107
2022-10-22,San Bernardino,071,2135413,674398,673189,31176,704365,8152
2022-10-22,San Diego,073,3302833,929698,928182,72886,1001068,5517
2022-10-22,San Francisco,075,870044,181186,179967,12191,192158,1056
2022-10-22,San Joaquin,077,732212,198959,198041,15076,213117,2336
2022-10-22,San Luis Obispo,079,281455,63645,63410,7230,70640,525
2022-10-22,San Mateo,081,765935,170646,169484,10536,180020,732
2022-10-22,Santa Barbara,083,443738,106437,106125,6916,113041,726
2022-10-22,Santa Clara,085,1922200,440295,434684,19311,453995,2523
2022-10-22,Santa Cruz,087,273765,63966,63592,3513,67105,275
2022-10-22,Shasta,089,179085,35204,35031,7599,42630,595
2022-10-22,Sierra,091,2930,308,305,60,365,5
2022-10-22,Siskiyou,093,43540,5177,5298,3335,8633,94
2022-10-22,Solano,095,438530,106134,105561,7977,113538,466
2022-10-22,Sonoma,097,501317,107767,107436,5333,112769,527
2022-10-22,Stanislaus,099,539301,138577,138223,21679,159902,1785
2022-10-22,Sutter,101,95872,24431,24393,2468,26861,233
2022-10-22,Tehama,103,63373,13715,13647,3104,16751,209
2022-10-22,Trinity,105,12862,1401,1396,412,1808,20
2022-10-22,Tulare,107,460477,122377,122035,36640,158675,1540
2022-10-22,Tuolumne,109,53932,15692,15626,926,16552,196
2022-10-22,Ventura,111,848112,209975,209427,15883,225310,1571
2022-10-22,Yolo,113,214977,47756,47611,4394,52005,346
2022-10-22,Yuba,115,75493,19016,18969,1735,20704,130
2022-10-21,Alameda,001,1643700,351013,349337,19923,369260,2031
2022-10-21,Alpine,002,1148,136,136,1,137,0
2022-10-21,Amador,005,37829,10050,10025,933,10958,94
2022-10-21,Butte,007,227075,39730,39607,9207,48814,456
2022-10-21,Calaveras,009,45235,8563,8541,569,9110,135
2022-10-21,Colusa,011,21464,3810,3807,1288,5095,22
2022-10-21,Contra Costa,013,1133247,253762,251722,20914,272636,1444
2022-10-21,Del Norte,015,27424,7476,7450,401,7851,56
2022-10-21,El Dorado,017,186661,32555,32443,4302,36745,232
2022-10-21,Fresno,019,978130,279560,275502,31892,307394,2893
2022-10-21,Glenn,021,27897,5549,5543,1871,7414,48
2022-10-21,Humboldt,023,135768,22126,21979,5133,27112,160
2022-10-21,Imperial,025,180216,65960,65801,16057,81858,961
2022-10-21,Inyo,027,18085,4509,4497,1028,5525,60
2022-10-21,Kern,029,883053,220209,219679,64724,284403,2424
2022-10-21,Kings,031,150075,59723,59632,4129,63761,460
2022-10-21,Lake,033,64148,12902,12847,1191,14038,148
2022-10-21,Lassen,035,31185,9993,9977,1000,10977,65
2022-10-21,Los Angeles,037,10098052,3300012,3289814,184221,3474035,33533
2022-10-21,Madera,039,155013,44247,44121,8292,52413,375
2022-10-21,Marin,041,260295,45716,45521,5325,50846,314
2022-10-21,Mariposa,043,17540,3125,3096,345,3441,31
2022-10-21,Mendocino,045,87422,16166,16059,4528,20587,136
2022-10-21,Merced,047,269075,73003,72442,11930,84372,869
2022-10-21,Modoc,049,8938,883,883,326,1209,11
2022-10-21,Mono,051,14174,3218,3212,261,3473,7
2022-10-21,Monterey,053,433212,94563,94275,21232,115507,768
2022-10-21,Napa,055,140530,32401,32395,1414,33809,160
2022-10-21,Nevada,057,99092,19138,19056,1881,20937,132
2022-10-21,Orange,059,3164182,671793,669923,64646,734569,7536
2022-10-21,Placer,061,380077,76441,76022,9632,85654,662
2022-10-21,Plumas,063,18699,3715,3691,441,4132,13
2022-10-21,Riverside,065,2383286,698734,697500,35694,733194,6569
2022-10-21,Sacramento,067,1510023,349459,348260,34540,382800,3337
2022-10-21,San Benito,069,59416,16413,16251,981,17232,107
2022-10-21,San Bernardino,071,2135413,674322,673189,31168,704357,8152
2022-10-21,San Diego,073,3302833,929548,928182,72864,1001046,5517
2022-10-21,San Francisco,075,870044,181147,179967,12187,192154,1056
2022-10-21,San Joaquin,077,732212,198932,198041,15072,213113,2336
2022-10-21,San Luis Obispo,079,281455,63637,63410,7230,70640,525
2022-10-21,San Mateo,081,765935,170603,169484,10533,180017,732
2022-10-21,Santa Barbara,083,443738,106423,106125,6916,113041,726
2022-10-21,Santa Clara,085,1922200,440163,434684,19302,453986,2523
2022-10-21,Santa Cruz,087,273765,63951,63592,3513,67105,275
2022-10-21,Shasta,089,179085,35197,35031,7592,42623,595
2022-10-21,Sierra,091,2930,308,305,60,365,5
2022-10-21,Siskiyou,093,43540,5177,5298,3335,8633,94
2022-10-21,Solano,095,438530,106111,105561,7976,113537,466
2022-10-21,Sonoma,097,501317,107743,107436,5331,112767,527
2022-10-21,Stanislaus,099,539301,138562,138223,21677,159900,1785
2022-10-21,Sutter,101,95872,24424,24393,2468,26861,233
2022-10-21,Tehama,103,63373,13711,13647,3104,16751,209
2022-10-21,Trinity,105,12862,1401,1396,411,1807,20
2022-10-21,Tulare,107,460477,122370,122035,36634,158669,1540
2022-10-21,Tuolumne,109,53932,15686,15626,926,16552,196
2022-10-21,Ventura,111,848112,209945,209427,15880,225307,1571
2022-10-21,Yolo,113,214977,47746,47611,4393,52004,346
2022-10-21,Yuba,115,75493,19006,18969,1735,20704,130
2022-10-20,Alameda,001,1643700,350877,349337,19919,369256,2031
2022-10-20,Alpine,002,1148,136,136,1,137,0
2022-10-20,Amador,005,37829,10045,10025,933,10958,94
2022-10-20,Butte,007,227075,39723,39607,9205,48812,456
2022-10-20,Calaveras,009,45235,8562,8541,568,9109,135
2022-10-20,Colusa,011,21464,3810,3807,1287,5094,22
2022-10-20,Contra Costa,013,1133247,253661,251722,20910,272632,1444
2022-10-20,Del Norte,015,27424,7476,7450,400,7850,56
2022-10-20,El Dorado,017,186661,32539,32443,4300,36743,232
2022-10-20,Fresno,019,978130,279509,275502,31884,307386,2893
2022-10-20,Glenn,021,27897,5549,5543,1871,7414,48
2022-10-20,Humboldt,023,135768,22120,21979,5127,27106,160
2022-10-20,Imperial,025,180216,65951,65801,16046,81847,961
2022-10-20,Inyo,027,18085,4504,4497,1025,5522,60
2022-10-20,Kern,029,883053,220171,219679,64678,284357,2424
2022-10-20,Kings,031,150075,59708,59632,4127,63759,460
2022-10-20,Lake,033,64148,12898,12847,1191,14038,148
2022-10-20,Lassen,035,31185,9990,9977,1000,10977,65
2022-10-20,Los Angeles,037,10098052,3299265,3289814,184094,3473908,33533
2022-10-20,Madera,039,155013,44235,44121,8292,52413,375
2022-10-20,Marin,041,260295,45699,45521,5324,50845,314
2022-10-20,Mariposa,043,17540,3124,3096,344,3440,31
2022-10-20,Mendocino,045,87422,16161,16059,4527,20586,136
2022-10-20,Merced,047,269075,72994,72442,11930,84372,869
2022-10-20,Modoc,049,8938,882,883,325,1208,11
2022-10-20,Mono,051,14174,3218,3212,261,3473,7
2022-10-20,Monterey,053,433212,94547,94275,21219,115494,768
2022-10-20,Napa,055,140530,32395,32395,1414,33809,160
2022-10-20,Nevada,057,99092,19136,19056,1875,20931,132
2022-10-20,Orange,059,3164182,671659,669923,64592,734515,7536
2022-10-20,Placer,061,380077,76410,76022,9628,85650,662
2022-10-20,Plumas,063,18699,3714,3691,441,4132,13
2022-10-20,Riverside,065,2383286,698607,697500,35675,733175,6569
2022-10-20,Sacramento,067,1510023,349321,348260,34521,382781,3337
2022-10-20,San Benito,069,59416,16410,16251,980,17231,107
2022-10-20,San Bernardino,071,2135413,674213,673189,31151,704340,8152
2022-10-20,San Diego,073,3302833,929353,928182,72823,1001005,5517
2022-10-20,San Francisco,075,870044,181085,179967,12181,192148,1056
2022-10-20,San Joaquin,077,732212,198899,198041,15064,213105,2336
2022-10-20,San Luis Obispo,079,281455,63627,63410,7225,70635,525
2022-10-20,San Mateo,081,765935,170532,169484,10531,180015,732
2022-10-20,Santa Barbara,083,443738,106401,106125,6914,113039,726
2022-10-20,Santa Clara,085,1922200,440015,434684,19287,453971,2523
2022-10-20,Santa Cruz,087,273765,63913,63592,3512,67104,275
2022-10-20,Shasta,089,179085,35187,35031,7577,42608,595
2022-10-20,Sierra,091,2930,308,305,60,365,5
2022-10-20,Siskiyou,093,43540,5175,5298,3335,8633,94
2022-10-20,Solano,095,438530,106075,105561,7973,113534,466
2022-10-20,Sonoma,097,501317,107709,107436,5331,112767,527
2022-10-20,Stanislaus,099,539301,138525,138223,21674,159897,1785
2022-10-20,Sutter,101,95872,24420,24393,2468,26861,233
2022-10-20,Tehama,103,63373,13705,13647,3100,16747,209
2022-10-20,Trinity,105,12862,1401,1396,411,1807,20
2022-10-20,Tulare,107,460477,122355,122035,36628,158663,1540
2022-10-20,Tuolumne,109,53932,15680,15626,926,16552,196
2022-10-20,Ventura,111,848112,209906,209427,15871,225298,1571
2022-10-20,Yolo,113,214977,47736,47611,4389,52000,346
2022-10-20,Yuba,115,75493,19000,18969,1735,20704,130
2022-10-19,Alameda,001,1643700,350741,349337,19908,369245,2031
2022-10-19,Alpine,002,1148,136,136,1,137,0
2022-10-19,Amador,005,37829,10043,10025,932,10957,94
2022-10-19,Butte,007,227075,39716,39607,9202,48809,456
2022-10-19,Calaveras,009,45235,8560,8541,568,9109,135
2022-10-19,Colusa,011,21464,3809,3807,1287,5094,22
2022-10-19,Contra Costa,013,1133247,253578,251722,20894,272616,1444
2022-10-19,Del Norte,015,27424,7476,7450,400,7850,56
2022-10-19,El Dorado,017,186661,32524,32443,4298,36741,232
2022-10-19,Fresno,019,978130,279446,275502,31869,307371,2893
2022-10-19,Glenn,021,27897,5546,5543,1871,7414,48
2022-10-19,Humboldt,023,135768,22104,21979,5117,27096,160
2022-10-19,Imperial,025,180216,65935,65801,16035,81836,961
2022-10-19,Inyo,027,18085,4504,4497,1023,5520,60
2022-10-19,Kern,029,883053,220123,219679,64637,284316,2424
2022-10-19,Kings,031,150075,59695,59632,4127,63759,460
2022-10-19,Lake,033,64148,12893,12847,1190,14037,148
2022-10-19,Lassen,035,31185,9987,9977,999,10976,65
2022-10-19,Los Angeles,037,10098052,3298438,3289814,183956,3473770,33533
2022-10-19,Madera,039,155013,44226,44121,8291,52412,375
2022-10-19,Marin,041,260295,45677,45521,5323,50844,314
2022-10-19,Mariposa,043,17540,3121,3096,344,3440,31
2022-10-19,Mendocino,045,87422,16156,16059,4525,20584,136
2022-10-19,Merced,047,269075,72976,72442,11927,84369,869
2022-10-19,Modoc,049,8938,882,883,325,1208,11
2022-10-19,Mono,051,14174,3217,3212,260,3472,7
2022-10-19,Monterey,053,433212,94533,94275,21212,115487,768
2022-10-19,Napa,055,140530,32388,32395,1413,33808,160
2022-10-19,Nevada,057,99092,19131,19056,1873,20929,132
2022-10-19,Orange,059,3164182,671450,669923,64533,734456,7536
2022-10-19,Placer,061,380077,76383,76022,9623,85645,662
2022-10-19,Plumas,063,18699,3711,3691,441,4132,13
2022-10-19,Riverside,065,2383286,698486,697500,35653,733153,6569
2022-10-19,Sacramento,067,1510023,349215,348260,34506,382766,3337
2022-10-19,San Benito,069,59416,16406,16251,980,17231,107
2022-10-19,San Bernardino,071,2135413,674080,673189,31145,704334,8152
2022-10-19,San Diego,073,3302833,929096,928182,72777,1000959,5517
2022-10-19,San Francisco,075,870044,181005,179967,12175,192142,1056
2022-10-19,San Joaquin,077,732212,198856,198041,15054,213095,2336
2022-10-19,San Luis Obispo,079,281455,63613,63410,7224,70634,525
2022-10-19,San Mateo,081,765935,170466,169484,10523,180007,732
2022-10-19,Santa Barbara,083,443738,106372,106125,6912,113037,726
2022-10-19,Santa Clara,085,1922200,439859,434684,19276,453960,2523
2022-10-19,Santa Cruz,087,273765,63864,63592,3511,67103,275
2022-10-19,Shasta,089,179085,35178,35031,7563,42594,595
2022-10-19,Sierra,091,2930,308,305,60,365,5
2022-10-19,Siskiyou,093,43540,5174,5298,3332,8630,94
2022-10-19,Solano,095,438530,106043,105561,7971,113532,466
2022-10-19,Sonoma,097,501317,107677,107436,5328,112764,527
2022-10-19,Stanislaus,099,539301,138492,138223,21671,159894,1785
2022-10-19,Sutter,101,95872,24417,24393,2468,26861,233
2022-10-19,Tehama,103,63373,13700,13647,3098,16745,209
2022-10-19,Trinity,105,12862,1400,1396,411,1807,20
2022-10-19,Tulare,107,460477,122344,122035,36608,158643,1540
2022-10-19,Tuolumne,109,53932,15676,15626,926,16552,196
2022-10-19,Ventura,111,848112,209863,209427,15858,225285,1571
2022-10-19,Yolo,113,214977,47726,47611,4381,51992,346
2022-10-19,Yuba,115,75493,18991,18969,1734,20703,130
2022-10-18,Alameda,001,1643700,350616,349337,19894,369231,2031
2022-10-18,Alpine,002,1148,136,136,1,137,0
2022-10-18,Amador,005,37829,10040,10025,930,10955,94
2022-10-18,Butte,007,227075,39707,39607,9202,48809,456
2022-10-18,Calaveras,009,45235,8555,8541,567,9108,135
2022-10-18,Colusa,011,21464,3808,3807,1285,5092,22
2022-10-18,Contra Costa,013,1133247,253487,251722,20890,272612,1444
2022-10-18,Del Norte,015,27424,7472,7450,400,7850,56
2022-10-18,El Dorado,017,186661,32507,32443,4293,36736,232
2022-10-18,Fresno,019,978130,279389,275502,31856,307358,2893
2022-10-18,Glenn,021,27897,5546,5543,1871,7414,48
2022-10-18,Humboldt,023,135768,22091,21979,5114,27093,160
2022-10-18,Imperial,025,180216,65914,65801,16019,81820,961
2022-10-18,Inyo,027,18085,4504,4497,1020,5517,60
2022-10-18,Kern,029,883053,220077,219679,64599,284278,2424
2022-10-18,Kings,031,150075,59680,59632,4125,63757,460
2022-10-18,Lake,033,64148,12887,12847,1190,14037,148
2022-10-18,Lassen,035,31185,9984,9977,999,10976,65
2022-10-18,Los Angeles,037,10098052,3297630,3289814,183822,3473636,33533
2022-10-18,Madera,039,155013,44217,44121,8289,52410,375
2022-10-18,Marin,041,260295,45651,45521,5321,50842,314
2022-10-18,Mariposa,043,17540,3119,3096,344,3440,31
2022-10-18,Mendocino,045,87422,16145,16059,4525,20584,136
2022-10-18,Merced,047,269075,72957,72442,11920,84362,869
2022-10-18,Modoc,049,8938,882,883,325,1208,11
2022-10-18,Mono,051,14174,3216,3212,260,3472,7
2022-10-18,Monterey,053,433212,94505,94275,21204,115479,768
2022-10-18,Napa,055,140530,32383,32395,1413,33808,160
2022-10-18,Nevada,057,99092,19125,19056,1873,20929,132
2022-10-18,Orange,059,3164182,671273,669923,64449,734372,7536
2022-10-18,Placer,061,380077,76352,76022,9620,85642,662
2022-10-18,Plumas,063,18699,3710,3691,441,4132,13
2022-10-18,Riverside,065,2383286,698338,697500,35636,733136,6569
2022-10-18,Sacramento,067,1510023,349093,348260,34486,382746,3337
2022-10-18,San Benito,069,59416,16401,16251,977,17228,107
2022-10-18,San Bernardino,071,2135413,673970,673189,31125,704314,8152
2022-10-18,San Diego,073,3302833,928798,928182,72729,1000911,5517
2022-10-18,San Francisco,075,870044,180922,179967,12173,192140,1056
2022-10-18,San Joaquin,077,732212,198820,198041,15041,213082,2336
2022-10-18,San Luis Obispo,079,281455,63589,63410,7222,70632,525
2022-10-18,San Mateo,081,765935,170389,169484,10519,180003,732
2022-10-18,Santa Barbara,083,443738,106346,106125,6909,113034,726
2022-10-18,Santa Clara,085,1922200,439686,434684,19257,453941,2523
2022-10-18,Santa Cruz,087,273765,63842,63592,3508,67100,275
2022-10-18,Shasta,089,179085,35171,35031,7559,42590,595
2022-10-18,Sierra,091,2930,308,305,60,365,5
2022-10-18,Siskiyou,093,43540,5174,5298,3330,8628,94
2022-10-18,Solano,095,438530,106005,105561,7966,113527,466
2022-10-18,Sonoma,097,501317,107633,107436,5321,112757,527
2022-10-18,Stanislaus,099,539301,138468,138223,21664,159887,1785
2022-10-18,Sutter,101,95872,24412,24393,2468,26861,233
2022-10-18,Tehama,103,63373,13693,13647,3095,16742,209
2022-10-18,Trinity,105,12862,1400,1396,408,1804,20
2022-10-18,Tulare,107,460477,122325,122035,36590,158625,1540
2022-10-18,Tuolumne,109,53932,15671,15626,926,16552,196
2022-10-18,Ventura,111,848112,209801,209427,15847,225274,1571
2022-10-18,Yolo,113,214977,47717,47611,4378,51989,346
2022-10-18,Yuba,115,75493,18984,18969,1734,20703,130
2022-10-17,Alameda,001,1643700,350464,348487,19889,368376,2027
2022-10-17,Alpine,002,1148,136,135,1,136,0
2022-10-17,Amador,005,37829,10036,10013,930,10943,93
2022-10-17,Butte,007,227075,39692,39567,9200,48767,456
2022-10-17,Calaveras,009,45235,8551,8523,567,9090,133
2022-10-17,Colusa,011,21464,3808,3805,1285,5090,22
2022-10-17,Contra Costa,013,1133247,253379,250897,20883,271780,1440
2022-10-17,Del Norte,015,27424,7472,7440,400,7840,56
2022-10-17,El Dorado,017,186661,32494,32373,4291,36664,231
2022-10-17,Fresno,019,978130,279322,275035,31833,306868,2873
2022-10-17,Glenn,021,27897,5543,5532,1871,7403,48
2022-10-17,Humboldt,023,135768,22078,21914,5102,27016,159
2022-10-17,Imperial,025,180216,65896,65691,15993,81684,958
2022-10-17,Inyo,027,18085,4504,4492,1019,5511,60
2022-10-17,Kern,029,883053,220032,219487,64561,284048,2420
2022-10-17,Kings,031,150075,59669,59560,4124,63684,459
2022-10-17,Lake,033,64148,12884,12815,1189,14004,146
2022-10-17,Lassen,035,31185,9982,9970,999,10969,65
2022-10-17,Los Angeles,037,10098052,3296733,3285385,183670,3469055,33525
2022-10-17,Madera,039,155013,44212,44078,8288,52366,375
2022-10-17,Marin,041,260295,45633,45378,5318,50696,315
2022-10-17,Mariposa,043,17540,3117,3091,344,3435,31
2022-10-17,Mendocino,045,87422,16139,16023,4524,20547,136
2022-10-17,Merced,047,269075,72939,72326,11919,84245,868
2022-10-17,Modoc,049,8938,882,882,325,1207,11
2022-10-17,Mono,051,14174,3216,3206,260,3466,7
2022-10-17,Monterey,053,433212,94481,94183,21198,115381,768
2022-10-17,Napa,055,140530,32374,32326,1412,33738,161
2022-10-17,Nevada,057,99092,19120,19023,1870,20893,132
2022-10-17,Orange,059,3164182,671100,668814,64387,733201,7473
2022-10-17,Placer,061,380077,76322,75902,9607,85509,660
2022-10-17,Plumas,063,18699,3705,3682,439,4121,13
2022-10-17,Riverside,065,2383286,698180,696402,35612,732014,6561
2022-10-17,Sacramento,067,1510023,348954,347495,34473,381968,3324
2022-10-17,San Benito,069,59416,16389,16223,976,17199,107
2022-10-17,San Bernardino,071,2135413,673836,672221,31105,703326,8148
2022-10-17,San Diego,073,3302833,928496,926574,72680,999254,5507
2022-10-17,San Francisco,075,870044,180839,179482,12170,191652,1048
2022-10-17,San Joaquin,077,732212,198773,197672,15034,212706,2322
2022-10-17,San Luis Obispo,079,281455,63574,63321,7221,70542,524
2022-10-17,San Mateo,081,765935,170325,168944,10519,179463,732
2022-10-17,Santa Barbara,083,443738,106326,105931,6906,112837,726
2022-10-17,Santa Clara,085,1922200,439467,433458,19246,452704,2513
2022-10-17,Santa Cruz,087,273765,63793,63316,3507,66823,273
2022-10-17,Shasta,089,179085,35149,34971,7553,42524,595
2022-10-17,Sierra,091,2930,306,305,60,365,5
2022-10-17,Siskiyou,093,43540,5171,5287,3327,8614,92
2022-10-17,Solano,095,438530,105967,105287,7963,113250,465
2022-10-17,Sonoma,097,501317,107593,107199,5317,112516,520
2022-10-17,Stanislaus,099,539301,138438,137994,21656,159650,1782
2022-10-17,Sutter,101,95872,24411,24357,2468,26825,233
2022-10-17,Tehama,103,63373,13689,13624,3094,16718,209
2022-10-17,Trinity,105,12862,1400,1396,408,1804,20
2022-10-17,Tulare,107,460477,122307,121902,36578,158480,1538
2022-10-17,Tuolumne,109,53932,15664,15586,925,16511,196
2022-10-17,Ventura,111,848112,209758,209051,15841,224892,1571
2022-10-17,Yolo,113,214977,47694,47498,4372,51870,343
2022-10-17,Yuba,115,75493,18978,18934,1734,20668,129
2022-10-16,Alameda,001,1643700,350297,348487,19872,368359,2027
2022-10-16,Alpine,002,1148,136,135,1,136,0
2022-10-16,Amador,005,37829,10034,10013,930,10943,93
2022-10-16,Butte,007,227075,39672,39567,9194,48761,456
2022-10-16,Calaveras,009,45235,8550,8523,566,9089,133
2022-10-16,Colusa,011,21464,3807,3805,1285,5090,22
2022-10-16,Contra Costa,013,1133247,253255,250897,20881,271778,1440
2022-10-16,Del Norte,015,27424,7471,7440,400,7840,56
2022-10-16,El Dorado,017,186661,32479,32373,4287,36660,231
2022-10-16,Fresno,019,978130,279234,275035,31815,306850,2873
2022-10-16,Glenn,021,27897,5542,5532,1871,7403,48
2022-10-16,Humboldt,023,135768,22059,21914,5088,27002,159
2022-10-16,Imperial,025,180216,65863,65691,15977,81668,958
2022-10-16,Inyo,027,18085,4503,4492,1016,5508,60
2022-10-16,Kern,029,883053,219985,219487,64515,284002,2420
2022-10-16,Kings,031,150075,59658,59560,4123,63683,459
2022-10-16,Lake,033,64148,12880,12815,1189,14004,146
2022-10-16,Lassen,035,31185,9981,9970,999,10969,65
2022-10-16,Los Angeles,037,10098052,3295814,3285385,183514,3468899,33525
2022-10-16,Madera,039,155013,44198,44078,8286,52364,375
2022-10-16,Marin,041,260295,45611,45378,5317,50695,315
2022-10-16,Mariposa,043,17540,3116,3091,344,3435,31
2022-10-16,Mendocino,045,87422,16130,16023,4522,20545,136
2022-10-16,Merced,047,269075,72919,72326,11918,84244,868
2022-10-16,Modoc,049,8938,882,882,325,1207,11
2022-10-16,Mono,051,14174,3215,3206,260,3466,7
2022-10-16,Monterey,053,433212,94453,94183,21187,115370,768
2022-10-16,Napa,055,140530,32365,32326,1412,33738,161
2022-10-16,Nevada,057,99092,19116,19023,1868,20891,132
2022-10-16,Orange,059,3164182,670901,668814,64333,733147,7473
2022-10-16,Placer,061,380077,76297,75902,9602,85504,660
2022-10-16,Plumas,063,18699,3701,3682,439,4121,13
2022-10-16,Riverside,065,2383286,698010,696402,35584,731986,6561
2022-10-16,Sacramento,067,1510023,348775,347495,34446,381941,3324
2022-10-16,San Benito,069,59416,16385,16223,975,17198,107
2022-10-16,San Bernardino,071,2135413,673674,672221,31098,703319,8148
2022-10-16,San Diego,073,3302833,928176,926574,72630,999204,5507
2022-10-16,San Francisco,075,870044,180729,179482,12160,191642,1048
2022-10-16,San Joaquin,077,732212,198697,197672,15027,212699,2322
2022-10-16,San Luis Obispo,079,281455,63549,63321,7218,70539,524
2022-10-16,San Mateo,081,765935,170223,168944,10517,179461,732
2022-10-16,Santa Barbara,083,443738,106297,105931,6904,112835,726
2022-10-16,Santa Clara,085,1922200,439273,433458,19232,452690,2513
2022-10-16,Santa Cruz,087,273765,63707,63316,3503,66819,273
2022-10-16,Shasta,089,179085,35133,34971,7544,42515,595
2022-10-16,Sierra,091,2930,306,305,60,365,5
2022-10-16,Siskiyou,093,43540,5168,5287,3327,8614,92
2022-10-16,Solano,095,438530,105920,105287,7962,113249,465
2022-10-16,Sonoma,097,501317,107542,107199,5311,112510,520
2022-10-16,Stanislaus,099,539301,138408,137994,21655,159649,1782
2022-10-16,Sutter,101,95872,24405,24357,2464,26821,233
2022-10-16,Tehama,103,63373,13684,13624,3093,16717,209
2022-10-16,Trinity,105,12862,1400,1396,408,1804,20
2022-10-16,Tulare,107,460477,122282,121902,36565,158467,1538
2022-10-16,Tuolumne,109,53932,15662,15586,925,16511,196
2022-10-16,Ventura,111,848112,209688,209051,15834,224885,1571
2022-10-16,Yolo,113,214977,47678,47498,4361,51859,343
2022-10-16,Yuba,115,75493,18973,18934,1734,20668,129
2022-10-15,Alameda,001,1643700,350199,348487,19860,368347,2027
2022-10-15,Alpine,002,1148,136,135,1,136,0
2022-10-15,Amador,005,37829,10032,10013,930,10943,93
2022-10-15,Butte,007,227075,39669,39567,9190,48757,456
2022-10-15,Calaveras,009,45235,8547,8523,566,9089,133
2022-10-15,Colusa,011,21464,3807,3805,1285,5090,22
2022-10-15,Contra Costa,013,1133247,253183,250897,20879,271776,1440
2022-10-15,Del Norte,015,27424,7471,7440,400,7840,56
2022-10-15,El Dorado,017,186661,32469,32373,4287,36660,231
2022-10-15,Fresno,019,978130,279207,275035,31813,306848,2873
2022-10-15,Glenn,021,27897,5541,5532,1871,7403,48
2022-10-15,Humboldt,023,135768,22051,21914,5080,26994,159
2022-10-15,Imperial,025,180216,65856,65691,15971,81662,958
2022-10-15,Inyo,027,18085,4503,4492,1016,5508,60
2022-10-15,Kern,029,883053,219959,219487,64480,283967,2420
2022-10-15,Kings,031,150075,59644,59560,4123,63683,459
2022-10-15,Lake,033,64148,12880,12815,1189,14004,146
2022-10-15,Lassen,035,31185,9980,9970,999,10969,65
2022-10-15,Los Angeles,037,10098052,3295343,3285385,183423,3468808,33525
2022-10-15,Madera,039,155013,44195,44078,8286,52364,375
2022-10-15,Marin,041,260295,45594,45378,5315,50693,315
2022-10-15,Mariposa,043,17540,3116,3091,344,3435,31
2022-10-15,Mendocino,045,87422,16123,16023,4522,20545,136
2022-10-15,Merced,047,269075,72906,72326,11917,84243,868
2022-10-15,Modoc,049,8938,882,882,324,1206,11
2022-10-15,Mono,051,14174,3214,3206,260,3466,7
2022-10-15,Monterey,053,433212,94435,94183,21177,115360,768
2022-10-15,Napa,055,140530,32362,32326,1412,33738,161
2022-10-15,Nevada,057,99092,19112,19023,1866,20889,132
2022-10-15,Orange,059,3164182,670795,668814,64298,733112,7473
2022-10-15,Placer,061,380077,76283,75902,9601,85503,660
2022-10-15,Plumas,063,18699,3700,3682,439,4121,13
2022-10-15,Riverside,065,2383286,697921,696402,35568,731970,6561
2022-10-15,Sacramento,067,1510023,348689,347495,34439,381934,3324
2022-10-15,San Benito,069,59416,16381,16223,974,17197,107
2022-10-15,San Bernardino,071,2135413,673608,672221,31091,703312,8148
2022-10-15,San Diego,073,3302833,928059,926574,72617,999191,5507
2022-10-15,San Francisco,075,870044,180677,179482,12159,191641,1048
2022-10-15,San Joaquin,077,732212,198660,197672,15025,212697,2322
2022-10-15,San Luis Obispo,079,281455,63541,63321,7215,70536,524
2022-10-15,San Mateo,081,765935,170171,168944,10511,179455,732
2022-10-15,Santa Barbara,083,443738,106271,105931,6902,112833,726
2022-10-15,Santa Clara,085,1922200,439167,433458,19226,452684,2513
2022-10-15,Santa Cruz,087,273765,63680,63316,3498,66814,273
2022-10-15,Shasta,089,179085,35126,34971,7542,42513,595
2022-10-15,Sierra,091,2930,306,305,60,365,5
2022-10-15,Siskiyou,093,43540,5167,5287,3325,8612,92
2022-10-15,Solano,095,438530,105903,105287,7956,113243,465
2022-10-15,Sonoma,097,501317,107516,107199,5311,112510,520
2022-10-15,Stanislaus,099,539301,138390,137994,21654,159648,1782
2022-10-15,Sutter,101,95872,24402,24357,2464,26821,233
2022-10-15,Tehama,103,63373,13682,13624,3093,16717,209
2022-10-15,Trinity,105,12862,1400,1396,408,1804,20
2022-10-15,Tulare,107,460477,122270,121902,36553,158455,1538
2022-10-15,Tuolumne,109,53932,15656,15586,925,16511,196
2022-10-15,Ventura,111,848112,209657,209051,15828,224879,1571
2022-10-15,Yolo,113,214977,47669,47498,4359,51857,343
2022-10-15,Yuba,115,75493,18971,18934,1733,20667,129
2022-10-14,Alameda,001,1643700,350124,348487,19849,368336,2027
2022-10-14,Alpine,002,1148,136,135,1,136,0
2022-10-14,Amador,005,37829,10032,10013,930,10943,93
2022-10-14,Butte,007,227075,39661,39567,9186,48753,456
2022-10-14,Calaveras,009,45235,8543,8523,566,9089,133
2022-10-14,Colusa,011,21464,3806,3805,1285,5090,22
2022-10-14,Contra Costa,013,1133247,253121,250897,20876,271773,1440
2022-10-14,Del Norte,015,27424,7471,7440,400,7840,56
2022-10-14,El Dorado,017,186661,32462,32373,4285,36658,231
2022-10-14,Fresno,019,978130,279173,275035,31809,306844,2873
2022-10-14,Glenn,021,27897,5540,5532,1869,7401,48
2022-10-14,Humboldt,023,135768,22049,21914,5076,26990,159
2022-10-14,Imperial,025,180216,65845,65691,15965,81656,958
2022-10-14,Inyo,027,18085,4503,4492,1014,5506,60
2022-10-14,Kern,029,883053,219940,219487,64456,283943,2420
2022-10-14,Kings,031,150075,59637,59560,4123,63683,459
2022-10-14,Lake,033,64148,12878,12815,1189,14004,146
2022-10-14,Lassen,035,31185,9980,9970,999,10969,65
2022-10-14,Los Angeles,037,10098052,3294840,3285385,183327,3468712,33525
2022-10-14,Madera,039,155013,44190,44078,8280,52358,375
2022-10-14,Marin,041,260295,45583,45378,5314,50692,315
2022-10-14,Mariposa,043,17540,3116,3091,344,3435,31
2022-10-14,Mendocino,045,87422,16117,16023,4521,20544,136
2022-10-14,Merced,047,269075,72893,72326,11916,84242,868
2022-10-14,Modoc,049,8938,882,882,324,1206,11
2022-10-14,Mono,051,14174,3214,3206,260,3466,7
2022-10-14,Monterey,053,433212,94415,94183,21173,115356,768
2022-10-14,Napa,055,140530,32354,32326,1412,33738,161
2022-10-14,Nevada,057,99092,19105,19023,1864,20887,132
2022-10-14,Orange,059,3164182,670691,668814,64264,733078,7473
2022-10-14,Placer,061,380077,76267,75902,9597,85499,660
2022-10-14,Plumas,063,18699,3699,3682,439,4121,13
2022-10-14,Riverside,065,2383286,697828,696402,35558,731960,6561
2022-10-14,Sacramento,067,1510023,348617,347495,34435,381930,3324
2022-10-14,San Benito,069,59416,16377,16223,974,17197,107
2022-10-14,San Bernardino,071,2135413,673534,672221,31078,703299,8148
2022-10-14,San Diego,073,3302833,927847,926574,72595,999169,5507
2022-10-14,San Francisco,075,870044,180628,179482,12155,191637,1048
2022-10-14,San Joaquin,077,732212,198627,197672,15021,212693,2322
2022-10-14,San Luis Obispo,079,281455,63531,63321,7213,70534,524
2022-10-14,San Mateo,081,765935,170121,168944,10511,179455,732
2022-10-14,Santa Barbara,083,443738,106256,105931,6902,112833,726
2022-10-14,Santa Clara,085,1922200,439031,433458,19218,452676,2513
2022-10-14,Santa Cruz,087,273765,63648,63316,3497,66813,273
2022-10-14,Shasta,089,179085,35121,34971,7542,42513,595
2022-10-14,Sierra,091,2930,306,305,60,365,5
2022-10-14,Siskiyou,093,43540,5166,5287,3325,8612,92
2022-10-14,Solano,095,438530,105871,105287,7954,113241,465
2022-10-14,Sonoma,097,501317,107496,107199,5310,112509,520
2022-10-14,Stanislaus,099,539301,138367,137994,21649,159643,1782
2022-10-14,Sutter,101,95872,24395,24357,2464,26821,233
2022-10-14,Tehama,103,63373,13678,13624,3092,16716,209
2022-10-14,Trinity,105,12862,1400,1396,408,1804,20
2022-10-14,Tulare,107,460477,122253,121902,36548,158450,1538
2022-10-14,Tuolumne,109,53932,15652,15586,925,16511,196
2022-10-14,Ventura,111,848112,209607,209051,15827,224878,1571
2022-10-14,Yolo,113,214977,47659,47498,4352,51850,343
2022-10-14,Yuba,115,75493,18965,18934,1733,20667,129
2022-10-13,Alameda,001,1643700,349984,348487,19833,368320,2027
2022-10-13,Alpine,002,1148,136,135,1,136,0
2022-10-13,Amador,005,37829,10030,10013,930,10943,93
2022-10-13,Butte,007,227075,39651,39567,9181,48748,456
2022-10-13,Calaveras,009,45235,8541,8523,566,9089,133
2022-10-13,Colusa,011,21464,3806,3805,1285,5090,22
2022-10-13,Contra Costa,013,1133247,253036,250897,20867,271764,1440
2022-10-13,Del Norte,015,27424,7469,7440,400,7840,56
2022-10-13,El Dorado,017,186661,32449,32373,4282,36655,231
2022-10-13,Fresno,019,978130,279130,275035,31801,306836,2873
2022-10-13,Glenn,021,27897,5540,5532,1869,7401,48
2022-10-13,Humboldt,023,135768,22038,21914,5069,26983,159
2022-10-13,Imperial,025,180216,65831,65691,15953,81644,958
2022-10-13,Inyo,027,18085,4502,4492,1014,5506,60
2022-10-13,Kern,029,883053,219908,219487,64418,283905,2420
2022-10-13,Kings,031,150075,59627,59560,4123,63683,459
2022-10-13,Lake,033,64148,12875,12815,1188,14003,146
2022-10-13,Lassen,035,31185,9979,9970,999,10969,65
2022-10-13,Los Angeles,037,10098052,3294104,3285385,183195,3468580,33525
2022-10-13,Madera,039,155013,44182,44078,8277,52355,375
2022-10-13,Marin,041,260295,45554,45378,5310,50688,315
2022-10-13,Mariposa,043,17540,3115,3091,344,3435,31
2022-10-13,Mendocino,045,87422,16111,16023,4521,20544,136
2022-10-13,Merced,047,269075,72877,72326,11912,84238,868
2022-10-13,Modoc,049,8938,882,882,324,1206,11
2022-10-13,Mono,051,14174,3213,3206,259,3465,7
2022-10-13,Monterey,053,433212,94401,94183,21162,115345,768
2022-10-13,Napa,055,140530,32340,32326,1411,33737,161
2022-10-13,Nevada,057,99092,19094,19023,1862,20885,132
2022-10-13,Orange,059,3164182,670539,668814,64215,733029,7473
2022-10-13,Placer,061,380077,76250,75902,9593,85495,660
2022-10-13,Plumas,063,18699,3697,3682,439,4121,13
2022-10-13,Riverside,065,2383286,697704,696402,35542,731944,6561
2022-10-13,Sacramento,067,1510023,348486,347495,34421,381916,3324
2022-10-13,San Benito,069,59416,16376,16223,974,17197,107
2022-10-13,San Bernardino,071,2135413,673438,672221,31072,703293,8148
2022-10-13,San Diego,073,3302833,927643,926574,72571,999145,5507
2022-10-13,San Francisco,075,870044,180536,179482,12152,191634,1048
2022-10-13,San Joaquin,077,732212,198583,197672,15014,212686,2322
2022-10-13,San Luis Obispo,079,281455,63523,63321,7203,70524,524
2022-10-13,San Mateo,081,765935,170028,168944,10510,179454,732
2022-10-13,Santa Barbara,083,443738,106234,105931,6898,112829,726
2022-10-13,Santa Clara,085,1922200,438886,433458,19214,452672,2513
2022-10-13,Santa Cruz,087,273765,63623,63316,3495,66811,273
2022-10-13,Shasta,089,179085,35109,34971,7537,42508,595
2022-10-13,Sierra,091,2930,306,305,60,365,5
2022-10-13,Siskiyou,093,43540,5163,5287,3322,8609,92
2022-10-13,Solano,095,438530,105833,105287,7948,113235,465
2022-10-13,Sonoma,097,501317,107459,107199,5310,112509,520
2022-10-13,Stanislaus,099,539301,138336,137994,21649,159643,1782
2022-10-13,Sutter,101,95872,24390,24357,2464,26821,233
2022-10-13,Tehama,103,63373,13675,13624,3091,16715,209
2022-10-13,Trinity,105,12862,1400,1396,407,1803,20
2022-10-13,Tulare,107,460477,122238,121902,36535,158437,1538
2022-10-13,Tuolumne,109,53932,15645,15586,925,16511,196
2022-10-13,Ventura,111,848112,209559,209051,15821,224872,1571
2022-10-13,Yolo,113,214977,47641,47498,4346,51844,343
2022-10-13,Yuba,115,75493,18959,18934,1733,20667,129
2022-10-12,Alameda,001,1643700,349860,348487,19818,368305,2027
2022-10-12,Alpine,002,1148,135,135,1,136,0
2022-10-12,Amador,005,37829,10028,10013,930,10943,93
2022-10-12,Butte,007,227075,39642,39567,9180,48747,456
2022-10-12,Calaveras,009,45235,8536,8523,566,9089,133
2022-10-12,Colusa,011,21464,3806,3805,1285,5090,22
2022-10-12,Contra Costa,013,1133247,252942,250897,20857,271754,1440
2022-10-12,Del Norte,015,27424,7469,7440,400,7840,56
2022-10-12,El Dorado,017,186661,32439,32373,4281,36654,231
2022-10-12,Fresno,019,978130,279086,275035,31792,306827,2873
2022-10-12,Glenn,021,27897,5539,5532,1869,7401,48
2022-10-12,Humboldt,023,135768,22033,21914,5065,26979,159
2022-10-12,Imperial,025,180216,65810,65691,15944,81635,958
2022-10-12,Inyo,027,18085,4501,4492,1013,5505,60
2022-10-12,Kern,029,883053,219869,219487,64384,283871,2420
2022-10-12,Kings,031,150075,59622,59560,4120,63680,459
2022-10-12,Lake,033,64148,12867,12815,1188,14003,146
2022-10-12,Lassen,035,31185,9976,9970,999,10969,65
2022-10-12,Los Angeles,037,10098052,3293352,3285385,183053,3468438,33525
2022-10-12,Madera,039,155013,44172,44078,8275,52353,375
2022-10-12,Marin,041,260295,45536,45378,5307,50685,315
2022-10-12,Mariposa,043,17540,3114,3091,344,3435,31
2022-10-12,Mendocino,045,87422,16109,16023,4519,20542,136
2022-10-12,Merced,047,269075,72854,72326,11908,84234,868
2022-10-12,Modoc,049,8938,882,882,324,1206,11
2022-10-12,Mono,051,14174,3212,3206,258,3464,7
2022-10-12,Monterey,053,433212,94383,94183,21152,115335,768
2022-10-12,Napa,055,140530,32329,32326,1411,33737,161
2022-10-12,Nevada,057,99092,19086,19023,1861,20884,132
2022-10-12,Orange,059,3164182,670373,668814,64167,732981,7473
2022-10-12,Placer,061,380077,76230,75902,9589,85491,660
2022-10-12,Plumas,063,18699,3695,3682,438,4120,13
2022-10-12,Riverside,065,2383286,697580,696402,35520,731922,6561
2022-10-12,Sacramento,067,1510023,348380,347495,34400,381895,3324
2022-10-12,San Benito,069,59416,16371,16223,972,17195,107
2022-10-12,San Bernardino,071,2135413,673309,672221,31061,703282,8148
2022-10-12,San Diego,073,3302833,927389,926574,72536,999110,5507
2022-10-12,San Francisco,075,870044,180456,179482,12151,191633,1048
2022-10-12,San Joaquin,077,732212,198525,197672,15009,212681,2322
2022-10-12,San Luis Obispo,079,281455,63510,63321,7199,70520,524
2022-10-12,San Mateo,081,765935,169947,168944,10508,179452,732
2022-10-12,Santa Barbara,083,443738,106218,105931,6897,112828,726
2022-10-12,Santa Clara,085,1922200,438705,433458,19205,452663,2513
2022-10-12,Santa Cruz,087,273765,63586,63316,3495,66811,273
2022-10-12,Shasta,089,179085,35095,34971,7530,42501,595
2022-10-12,Sierra,091,2930,306,305,60,365,5
2022-10-12,Siskiyou,093,43540,5163,5287,3319,8606,92
2022-10-12,Solano,095,438530,105790,105287,7945,113232,465
2022-10-12,Sonoma,097,501317,107428,107199,5309,112508,520
2022-10-12,Stanislaus,099,539301,138290,137994,21644,159638,1782
2022-10-12,Sutter,101,95872,24384,24357,2464,26821,233
2022-10-12,Tehama,103,63373,13673,13624,3090,16714,209
2022-10-12,Trinity,105,12862,1400,1396,405,1801,20
2022-10-12,Tulare,107,460477,122214,121902,36514,158416,1538
2022-10-12,Tuolumne,109,53932,15641,15586,925,16511,196
2022-10-12,Ventura,111,848112,209507,209051,15819,224870,1571
2022-10-12,Yolo,113,214977,47621,47498,4342,51840,343
2022-10-12,Yuba,115,75493,18952,18934,1731,20665,129
2022-10-11,Alameda,001,1643700,349698,348487,19810,368297,2027
2022-10-11,Alpine,002,1148,135,135,1,136,0
2022-10-11,Amador,005,37829,10024,10013,930,10943,93
2022-10-11,Butte,007,227075,39627,39567,9180,48747,456
2022-10-11,Calaveras,009,45235,8532,8523,565,9088,133
2022-10-11,Colusa,011,21464,3805,3805,1285,5090,22
2022-10-11,Contra Costa,013,1133247,252828,250897,20852,271749,1440
2022-10-11,Del Norte,015,27424,7464,7440,400,7840,56
2022-10-11,El Dorado,017,186661,32420,32373,4281,36654,231
2022-10-11,Fresno,019,978130,279031,275035,31779,306814,2873
2022-10-11,Glenn,021,27897,5538,5532,1868,7400,48
2022-10-11,Humboldt,023,135768,22027,21914,5055,26969,159
2022-10-11,Imperial,025,180216,65797,65691,15926,81617,958
2022-10-11,Inyo,027,18085,4499,4492,1012,5504,60
2022-10-11,Kern,029,883053,219844,219487,64359,283846,2420
2022-10-11,Kings,031,150075,59608,59560,4115,63675,459
2022-10-11,Lake,033,64148,12863,12815,1186,14001,146
2022-10-11,Lassen,035,31185,9975,9970,999,10969,65
2022-10-11,Los Angeles,037,10098052,3292533,3285385,182923,3468308,33525
2022-10-11,Madera,039,155013,44165,44078,8274,52352,375
2022-10-11,Marin,041,260295,45519,45378,5303,50681,315
2022-10-11,Mariposa,043,17540,3113,3091,344,3435,31
2022-10-11,Mendocino,045,87422,16104,16023,4517,20540,136
2022-10-11,Merced,047,269075,72828,72326,11907,84233,868
2022-10-11,Modoc,049,8938,881,882,324,1206,11
2022-10-11,Mono,051,14174,3212,3206,257,3463,7
2022-10-11,Monterey,053,433212,94373,94183,21144,115327,768
2022-10-11,Napa,055,140530,32325,32326,1410,33736,161
2022-10-11,Nevada,057,99092,19075,19023,1859,20882,132
2022-10-11,Orange,059,3164182,670201,668814,64124,732938,7473
2022-10-11,Placer,061,380077,76200,75902,9587,85489,660
2022-10-11,Plumas,063,18699,3695,3682,437,4119,13
2022-10-11,Riverside,065,2383286,697449,696402,35510,731912,6561
2022-10-11,Sacramento,067,1510023,348221,347495,34382,381877,3324
2022-10-11,San Benito,069,59416,16365,16223,971,17194,107
2022-10-11,San Bernardino,071,2135413,673173,672221,31052,703273,8148
2022-10-11,San Diego,073,3302833,927110,926574,72499,999073,5507
2022-10-11,San Francisco,075,870044,180361,179482,12150,191632,1048
2022-10-11,San Joaquin,077,732212,198480,197672,15004,212676,2322
2022-10-11,San Luis Obispo,079,281455,63488,63321,7187,70508,524
2022-10-11,San Mateo,081,765935,169871,168944,10504,179448,732
2022-10-11,Santa Barbara,083,443738,106189,105931,6895,112826,726
2022-10-11,Santa Clara,085,1922200,438533,433458,19196,452654,2513
2022-10-11,Santa Cruz,087,273765,63544,63316,3493,66809,273
2022-10-11,Shasta,089,179085,35083,34971,7520,42491,595
2022-10-11,Sierra,091,2930,306,305,60,365,5
2022-10-11,Siskiyou,093,43540,5162,5287,3317,8604,92
2022-10-11,Solano,095,438530,105748,105287,7943,113230,465
2022-10-11,Sonoma,097,501317,107385,107199,5305,112504,520
2022-10-11,Stanislaus,099,539301,138258,137994,21640,159634,1782
2022-10-11,Sutter,101,95872,24380,24357,2464,26821,233
2022-10-11,Tehama,103,63373,13672,13624,3087,16711,209
2022-10-11,Trinity,105,12862,1400,1396,404,1800,20
2022-10-11,Tulare,107,460477,122189,121902,36502,158404,1538
2022-10-11,Tuolumne,109,53932,15635,15586,925,16511,196
2022-10-11,Ventura,111,848112,209454,209051,15813,224864,1571
2022-10-11,Yolo,113,214977,47614,47498,4336,51834,343
2022-10-11,Yuba,115,75493,18940,18934,1731,20665,129
2022-10-10,Alameda,001,1643700,349552,347497,19799,367296,2023
2022-10-10,Alpine,002,1148,135,135,1,136,0
2022-10-10,Amador,005,37829,10021,9999,930,10929,93
2022-10-10,Butte,007,227075,39616,39453,9178,48631,454
2022-10-10,Calaveras,009,45235,8532,8511,564,9075,133
2022-10-10,Colusa,011,21464,3804,3794,1285,5079,22
2022-10-10,Contra Costa,013,1133247,252710,250136,20838,270974,1430
2022-10-10,Del Norte,015,27424,7461,7433,399,7832,56
2022-10-10,El Dorado,017,186661,32405,32320,4279,36599,231
2022-10-10,Fresno,019,978130,278973,274628,31768,306396,2865
2022-10-10,Glenn,021,27897,5537,5510,1868,7378,48
2022-10-10,Humboldt,023,135768,22008,21831,5051,26882,159
2022-10-10,Imperial,025,180216,65779,65532,15909,81441,958
2022-10-10,Inyo,027,18085,4498,4489,1010,5499,59
2022-10-10,Kern,029,883053,219802,219191,64319,283510,2418
2022-10-10,Kings,031,150075,59599,59489,4113,63602,458
2022-10-10,Lake,033,64148,12859,12795,1186,13981,147
2022-10-10,Lassen,035,31185,9975,9967,998,10965,65
2022-10-10,Los Angeles,037,10098052,3291659,3278961,182771,3461732,33467
2022-10-10,Madera,039,155013,44153,44029,8270,52299,374
2022-10-10,Marin,041,260295,45501,45190,5299,50489,313
2022-10-10,Mariposa,043,17540,3111,3088,344,3432,31
2022-10-10,Mendocino,045,87422,16091,15992,4514,20506,136
2022-10-10,Merced,047,269075,72810,72236,11901,84137,865
2022-10-10,Modoc,049,8938,881,876,324,1200,11
2022-10-10,Mono,051,14174,3210,3205,257,3462,7
2022-10-10,Monterey,053,433212,94356,94111,21141,115252,766
2022-10-10,Napa,055,140530,32314,32258,1410,33668,160
2022-10-10,Nevada,057,99092,19071,18989,1858,20847,132
2022-10-10,Orange,059,3164182,670015,667297,64070,731367,7452
2022-10-10,Placer,061,380077,76174,75768,9582,85350,660
2022-10-10,Plumas,063,18699,3694,3669,436,4105,13
2022-10-10,Riverside,065,2383286,697295,695315,35498,730813,6567
2022-10-10,Sacramento,067,1510023,348101,346748,34343,381091,3310
2022-10-10,San Benito,069,59416,16361,16188,971,17159,106
2022-10-10,San Bernardino,071,2135413,673019,670906,31042,701948,8116
2022-10-10,San Diego,073,3302833,926848,924672,72459,997131,5498
2022-10-10,San Francisco,075,870044,180273,178943,12146,191089,1045
2022-10-10,San Joaquin,077,732212,198420,197390,14999,212389,2319
2022-10-10,San Luis Obispo,079,281455,63465,63219,7182,70401,524
2022-10-10,San Mateo,081,765935,169784,168413,10501,178914,737
2022-10-10,Santa Barbara,083,443738,106144,105695,6894,112589,725
2022-10-10,Santa Clara,085,1922200,438331,432327,19177,451504,2506
2022-10-10,Santa Cruz,087,273765,63509,63099,3492,66591,273
2022-10-10,Shasta,089,179085,35067,34904,7514,42418,593
2022-10-10,Sierra,091,2930,306,305,60,365,5
2022-10-10,Siskiyou,093,43540,5159,5272,3316,8588,92
2022-10-10,Solano,095,438530,105702,105042,7937,112979,465
2022-10-10,Sonoma,097,501317,107349,106940,5301,112241,520
2022-10-10,Stanislaus,099,539301,138216,137838,21636,159474,1781
2022-10-10,Sutter,101,95872,24371,24326,2464,26790,232
2022-10-10,Tehama,103,63373,13668,13603,3087,16690,210
2022-10-10,Trinity,105,12862,1400,1394,400,1794,20
2022-10-10,Tulare,107,460477,122171,121787,36484,158271,1531
2022-10-10,Tuolumne,109,53932,15629,15558,925,16483,196
2022-10-10,Ventura,111,848112,209382,208632,15806,224438,1567
2022-10-10,Yolo,113,214977,47591,47422,4335,51757,341
2022-10-10,Yuba,115,75493,18934,18914,1731,20645,129
2022-10-09,Alameda,001,1643700,349400,347497,19777,367274,2023
2022-10-09,Alpine,002,1148,135,135,1,136,0
2022-10-09,Amador,005,37829,10019,9999,930,10929,93
2022-10-09,Butte,007,227075,39608,39453,9177,48630,454
2022-10-09,Calaveras,009,45235,8529,8511,564,9075,133
2022-10-09,Colusa,011,21464,3804,3794,1285,5079,22
2022-10-09,Contra Costa,013,1133247,252598,250136,20825,270961,1430
2022-10-09,Del Norte,015,27424,7460,7433,399,7832,56
2022-10-09,El Dorado,017,186661,32393,32320,4279,36599,231
2022-10-09,Fresno,019,978130,278882,274628,31757,306385,2865
2022-10-09,Glenn,021,27897,5534,5510,1867,7377,48
2022-10-09,Humboldt,023,135768,21995,21831,5045,26876,159
2022-10-09,Imperial,025,180216,65747,65532,15889,81421,958
2022-10-09,Inyo,027,18085,4498,4489,1008,5497,59
2022-10-09,Kern,029,883053,219767,219191,64254,283445,2418
2022-10-09,Kings,031,150075,59582,59489,4112,63601,458
2022-10-09,Lake,033,64148,12852,12795,1186,13981,147
2022-10-09,Lassen,035,31185,9975,9967,998,10965,65
2022-10-09,Los Angeles,037,10098052,3290676,3278961,182604,3461565,33467
2022-10-09,Madera,039,155013,44143,44029,8268,52297,374
2022-10-09,Marin,041,260295,45468,45190,5293,50483,313
2022-10-09,Mariposa,043,17540,3109,3088,344,3432,31
2022-10-09,Mendocino,045,87422,16085,15992,4514,20506,136
2022-10-09,Merced,047,269075,72792,72236,11896,84132,865
2022-10-09,Modoc,049,8938,881,876,324,1200,11
2022-10-09,Mono,051,14174,3210,3205,257,3462,7
2022-10-09,Monterey,053,433212,94340,94111,21131,115242,766
2022-10-09,Napa,055,140530,32300,32258,1409,33667,160
2022-10-09,Nevada,057,99092,19064,18989,1856,20845,132
2022-10-09,Orange,059,3164182,669795,667297,63996,731293,7452
2022-10-09,Placer,061,380077,76156,75768,9579,85347,660
2022-10-09,Plumas,063,18699,3692,3669,436,4105,13
2022-10-09,Riverside,065,2383286,697100,695315,35486,730801,6567
2022-10-09,Sacramento,067,1510023,347939,346748,34323,381071,3310
2022-10-09,San Benito,069,59416,16359,16188,971,17159,106
2022-10-09,San Bernardino,071,2135413,672864,670906,31033,701939,8116
2022-10-09,San Diego,073,3302833,926568,924672,72425,997097,5498
2022-10-09,San Francisco,075,870044,180175,178943,12143,191086,1045
2022-10-09,San Joaquin,077,732212,198341,197390,14994,212384,2319
2022-10-09,San Luis Obispo,079,281455,63458,63219,7175,70394,524
2022-10-09,San Mateo,081,765935,169677,168413,10498,178911,737
2022-10-09,Santa Barbara,083,443738,106110,105695,6890,112585,725
2022-10-09,Santa Clara,085,1922200,438119,432327,19162,451489,2506
2022-10-09,Santa Cruz,087,273765,63444,63099,3490,66589,273
2022-10-09,Shasta,089,179085,35043,34904,7507,42411,593
2022-10-09,Sierra,091,2930,306,305,60,365,5
2022-10-09,Siskiyou,093,43540,5159,5272,3315,8587,92
2022-10-09,Solano,095,438530,105647,105042,7935,112977,465
2022-10-09,Sonoma,097,501317,107302,106940,5300,112240,520
2022-10-09,Stanislaus,099,539301,138190,137838,21628,159466,1781
2022-10-09,Sutter,101,95872,24360,24326,2463,26789,232
2022-10-09,Tehama,103,63373,13666,13603,3087,16690,210
2022-10-09,Trinity,105,12862,1400,1394,400,1794,20
2022-10-09,Tulare,107,460477,122147,121787,36464,158251,1531
2022-10-09,Tuolumne,109,53932,15622,15558,925,16483,196
2022-10-09,Ventura,111,848112,209335,208632,15801,224433,1567
2022-10-09,Yolo,113,214977,47568,47422,4332,51754,341
2022-10-09,Yuba,115,75493,18931,18914,1731,20645,129
2022-10-08,Alameda,001,1643700,349314,347497,19770,367267,2023
2022-10-08,Alpine,002,1148,135,135,1,136,0
2022-10-08,Amador,005,37829,10018,9999,929,10928,93
2022-10-08,Butte,007,227075,39603,39453,9171,48624,454
2022-10-08,Calaveras,009,45235,8527,8511,564,9075,133
2022-10-08,Colusa,011,21464,3804,3794,1285,5079,22
2022-10-08,Contra Costa,013,1133247,252518,250136,20822,270958,1430
2022-10-08,Del Norte,015,27424,7460,7433,399,7832,56
2022-10-08,El Dorado,017,186661,32384,32320,4278,36598,231
2022-10-08,Fresno,019,978130,278852,274628,31754,306382,2865
2022-10-08,Glenn,021,27897,5533,5510,1867,7377,48
2022-10-08,Humboldt,023,135768,21984,21831,5039,26870,159
2022-10-08,Imperial,025,180216,65722,65532,15883,81415,958
2022-10-08,Inyo,027,18085,4498,4489,1006,5495,59
2022-10-08,Kern,029,883053,219732,219191,64233,283424,2418
2022-10-08,Kings,031,150075,59578,59489,4112,63601,458
2022-10-08,Lake,033,64148,12849,12795,1186,13981,147
2022-10-08,Lassen,035,31185,9975,9967,998,10965,65
2022-10-08,Los Angeles,037,10098052,3290117,3278961,182513,3461474,33467
2022-10-08,Madera,039,155013,44138,44029,8268,52297,374
2022-10-08,Marin,041,260295,45448,45190,5287,50477,313
2022-10-08,Mariposa,043,17540,3109,3088,344,3432,31
2022-10-08,Mendocino,045,87422,16084,15992,4511,20503,136
2022-10-08,Merced,047,269075,72782,72236,11895,84131,865
2022-10-08,Modoc,049,8938,879,876,324,1200,11
2022-10-08,Mono,051,14174,3210,3205,257,3462,7
2022-10-08,Monterey,053,433212,94330,94111,21129,115240,766
2022-10-08,Napa,055,140530,32293,32258,1409,33667,160
2022-10-08,Nevada,057,99092,19062,18989,1855,20844,132
2022-10-08,Orange,059,3164182,669681,667297,63952,731249,7452
2022-10-08,Placer,061,380077,76127,75768,9576,85344,660
2022-10-08,Plumas,063,18699,3691,3669,436,4105,13
2022-10-08,Riverside,065,2383286,697003,695315,35472,730787,6567
2022-10-08,Sacramento,067,1510023,347879,346748,34321,381069,3310
2022-10-08,San Benito,069,59416,16356,16188,971,17159,106
2022-10-08,San Bernardino,071,2135413,672787,670906,31025,701931,8116
2022-10-08,San Diego,073,3302833,926435,924672,72410,997082,5498
2022-10-08,San Francisco,075,870044,180127,178943,12139,191082,1045
2022-10-08,San Joaquin,077,732212,198306,197390,14989,212379,2319
2022-10-08,San Luis Obispo,079,281455,63452,63219,7174,70393,524
2022-10-08,San Mateo,081,765935,169627,168413,10495,178908,737
2022-10-08,Santa Barbara,083,443738,106086,105695,6888,112583,725
2022-10-08,Santa Clara,085,1922200,438004,432327,19151,451478,2506
2022-10-08,Santa Cruz,087,273765,63422,63099,3490,66589,273
2022-10-08,Shasta,089,179085,35037,34904,7502,42406,593
2022-10-08,Sierra,091,2930,306,305,60,365,5
2022-10-08,Siskiyou,093,43540,5159,5272,3314,8586,92
2022-10-08,Solano,095,438530,105626,105042,7929,112971,465
2022-10-08,Sonoma,097,501317,107272,106940,5300,112240,520
2022-10-08,Stanislaus,099,539301,138173,137838,21625,159463,1781
2022-10-08,Sutter,101,95872,24357,24326,2463,26789,232
2022-10-08,Tehama,103,63373,13665,13603,3086,16689,210
2022-10-08,Trinity,105,12862,1400,1394,400,1794,20
2022-10-08,Tulare,107,460477,122123,121787,36458,158245,1531
2022-10-08,Tuolumne,109,53932,15617,15558,925,16483,196
2022-10-08,Ventura,111,848112,209301,208632,15797,224429,1567
2022-10-08,Yolo,113,214977,47558,47422,4331,51753,341
2022-10-08,Yuba,115,75493,18928,18914,1731,20645,129
2022-10-07,Alameda,001,1643700,349198,347497,19767,367264,2023
2022-10-07,Alpine,002,1148,135,135,1,136,0
2022-10-07,Amador,005,37829,10016,9999,929,10928,93
2022-10-07,Butte,007,227075,39602,39453,9169,48622,454
2022-10-07,Calaveras,009,45235,8526,8511,564,9075,133
2022-10-07,Colusa,011,21464,3804,3794,1284,5078,22
2022-10-07,Contra Costa,013,1133247,252436,250136,20821,270957,1430
2022-10-07,Del Norte,015,27424,7460,7433,398,7831,56
2022-10-07,El Dorado,017,186661,32375,32320,4276,36596,231
2022-10-07,Fresno,019,978130,278822,274628,31751,306379,2865
2022-10-07,Glenn,021,27897,5532,5510,1866,7376,48
2022-10-07,Humboldt,023,135768,21977,21831,5032,26863,159
2022-10-07,Imperial,025,180216,65710,65532,15877,81409,958
2022-10-07,Inyo,027,18085,4496,4489,1004,5493,59
2022-10-07,Kern,029,883053,219702,219191,64206,283397,2418
2022-10-07,Kings,031,150075,59570,59489,4112,63601,458
2022-10-07,Lake,033,64148,12845,12795,1186,13981,147
2022-10-07,Lassen,035,31185,9975,9967,998,10965,65
2022-10-07,Los Angeles,037,10098052,3289509,3278961,182408,3461369,33467
2022-10-07,Madera,039,155013,44134,44029,8266,52295,374
2022-10-07,Marin,041,260295,45429,45190,5285,50475,313
2022-10-07,Mariposa,043,17540,3106,3088,344,3432,31
2022-10-07,Mendocino,045,87422,16080,15992,4510,20502,136
2022-10-07,Merced,047,269075,72775,72236,11893,84129,865
2022-10-07,Modoc,049,8938,879,876,324,1200,11
2022-10-07,Mono,051,14174,3209,3205,257,3462,7
2022-10-07,Monterey,053,433212,94315,94111,21125,115236,766
2022-10-07,Napa,055,140530,32285,32258,1409,33667,160
2022-10-07,Nevada,057,99092,19060,18989,1851,20840,132
2022-10-07,Orange,059,3164182,669561,667297,63917,731214,7452
2022-10-07,Placer,061,380077,76108,75768,9572,85340,660
2022-10-07,Plumas,063,18699,3688,3669,436,4105,13
2022-10-07,Riverside,065,2383286,696914,695315,35460,730775,6567
2022-10-07,Sacramento,067,1510023,347793,346748,34312,381060,3310
2022-10-07,San Benito,069,59416,16354,16188,971,17159,106
2022-10-07,San Bernardino,071,2135413,672705,670906,31020,701926,8116
2022-10-07,San Diego,073,3302833,926263,924672,72392,997064,5498
2022-10-07,San Francisco,075,870044,180066,178943,12132,191075,1045
2022-10-07,San Joaquin,077,732212,198272,197390,14988,212378,2319
2022-10-07,San Luis Obispo,079,281455,63440,63219,7173,70392,524
2022-10-07,San Mateo,081,765935,169557,168413,10494,178907,737
2022-10-07,Santa Barbara,083,443738,106061,105695,6887,112582,725
2022-10-07,Santa Clara,085,1922200,437873,432327,19144,451471,2506
2022-10-07,Santa Cruz,087,273765,63390,63099,3489,66588,273
2022-10-07,Shasta,089,179085,35031,34904,7499,42403,593
2022-10-07,Sierra,091,2930,306,305,60,365,5
2022-10-07,Siskiyou,093,43540,5158,5272,3313,8585,92
2022-10-07,Solano,095,438530,105597,105042,7925,112967,465
2022-10-07,Sonoma,097,501317,107245,106940,5299,112239,520
2022-10-07,Stanislaus,099,539301,138155,137838,21624,159462,1781
2022-10-07,Sutter,101,95872,24350,24326,2463,26789,232
2022-10-07,Tehama,103,63373,13665,13603,3084,16687,210
2022-10-07,Trinity,105,12862,1399,1394,400,1794,20
2022-10-07,Tulare,107,460477,122106,121787,36445,158232,1531
2022-10-07,Tuolumne,109,53932,15613,15558,925,16483,196
2022-10-07,Ventura,111,848112,209259,208632,15792,224424,1567
2022-10-07,Yolo,113,214977,47551,47422,4327,51749,341
2022-10-07,Yuba,115,75493,18928,18914,1731,20645,129
2022-10-06,Alameda,001,1643700,349060,347497,19756,367253,2023
2022-10-06,Alpine,002,1148,135,135,1,136,0
2022-10-06,Amador,005,37829,10014,9999,929,10928,93
2022-10-06,Butte,007,227075,39593,39453,9164,48617,454
2022-10-06,Calaveras,009,45235,8524,8511,563,9074,133
2022-10-06,Colusa,011,21464,3804,3794,1284,5078,22
2022-10-06,Contra Costa,013,1133247,252342,250136,20817,270953,1430
2022-10-06,Del Norte,015,27424,7458,7433,398,7831,56
2022-10-06,El Dorado,017,186661,32365,32320,4274,36594,231
2022-10-06,Fresno,019,978130,278773,274628,31745,306373,2865
2022-10-06,Glenn,021,27897,5531,5510,1865,7375,48
2022-10-06,Humboldt,023,135768,21965,21831,5024,26855,159
2022-10-06,Imperial,025,180216,65686,65532,15869,81401,958
2022-10-06,Inyo,027,18085,4496,4489,1003,5492,59
2022-10-06,Kern,029,883053,219671,219191,64180,283371,2418
2022-10-06,Kings,031,150075,59556,59489,4110,63599,458
2022-10-06,Lake,033,64148,12844,12795,1186,13981,147
2022-10-06,Lassen,035,31185,9975,9967,998,10965,65
2022-10-06,Los Angeles,037,10098052,3288666,3278961,182260,3461221,33467
2022-10-06,Madera,039,155013,44125,44029,8266,52295,374
2022-10-06,Marin,041,260295,45411,45190,5283,50473,313
2022-10-06,Mariposa,043,17540,3106,3088,344,3432,31
2022-10-06,Mendocino,045,87422,16078,15992,4509,20501,136
2022-10-06,Merced,047,269075,72763,72236,11892,84128,865
2022-10-06,Modoc,049,8938,878,876,324,1200,11
2022-10-06,Mono,051,14174,3209,3205,257,3462,7
2022-10-06,Monterey,053,433212,94306,94111,21116,115227,766
2022-10-06,Napa,055,140530,32278,32258,1409,33667,160
2022-10-06,Nevada,057,99092,19054,18989,1850,20839,132
2022-10-06,Orange,059,3164182,669368,667297,63864,731161,7452
2022-10-06,Placer,061,380077,76083,75768,9570,85338,660
2022-10-06,Plumas,063,18699,3686,3669,436,4105,13
2022-10-06,Riverside,065,2383286,696783,695315,35450,730765,6567
2022-10-06,Sacramento,067,1510023,347677,346748,34296,381044,3310
2022-10-06,San Benito,069,59416,16351,16188,970,17158,106
2022-10-06,San Bernardino,071,2135413,672569,670906,31009,701915,8116
2022-10-06,San Diego,073,3302833,926015,924672,72343,997015,5498
2022-10-06,San Francisco,075,870044,179987,178943,12130,191073,1045
2022-10-06,San Joaquin,077,732212,198222,197390,14981,212371,2319
2022-10-06,San Luis Obispo,079,281455,63422,63219,7169,70388,524
2022-10-06,San Mateo,081,765935,169490,168413,10492,178905,737
2022-10-06,Santa Barbara,083,443738,106036,105695,6885,112580,725
2022-10-06,Santa Clara,085,1922200,437710,432327,19136,451463,2506
2022-10-06,Santa Cruz,087,273765,63351,63099,3486,66585,273
2022-10-06,Shasta,089,179085,35020,34904,7493,42397,593
2022-10-06,Sierra,091,2930,306,305,60,365,5
2022-10-06,Siskiyou,093,43540,5156,5272,3313,8585,92
2022-10-06,Solano,095,438530,105566,105042,7921,112963,465
2022-10-06,Sonoma,097,501317,107220,106940,5298,112238,520
2022-10-06,Stanislaus,099,539301,138124,137838,21617,159455,1781
2022-10-06,Sutter,101,95872,24340,24326,2463,26789,232
2022-10-06,Tehama,103,63373,13659,13603,3083,16686,210
2022-10-06,Trinity,105,12862,1399,1394,398,1792,20
2022-10-06,Tulare,107,460477,122089,121787,36440,158227,1531
2022-10-06,Tuolumne,109,53932,15610,15558,924,16482,196
2022-10-06,Ventura,111,848112,209196,208632,15782,224414,1567
2022-10-06,Yolo,113,214977,47539,47422,4325,51747,341
2022-10-06,Yuba,115,75493,18927,18914,1731,20645,129
2022-10-05,Alameda,001,1643700,348900,347497,19749,367246,2023
2022-10-05,Alpine,002,1148,135,135,1,136,0
2022-10-05,Amador,005,37829,10012,9999,929,10928,93
2022-10-05,Butte,007,227075,39586,39453,9161,48614,454
2022-10-05,Calaveras,009,45235,8522,8511,563,9074,133
2022-10-05,Colusa,011,21464,3803,3794,1284,5078,22
2022-10-05,Contra Costa,013,1133247,252247,250136,20806,270942,1430
2022-10-05,Del Norte,015,27424,7455,7433,398,7831,56
2022-10-05,El Dorado,017,186661,32349,32320,4274,36594,231
2022-10-05,Fresno,019,978130,278702,274628,31739,306367,2865
2022-10-05,Glenn,021,27897,5531,5510,1864,7374,48
2022-10-05,Humboldt,023,135768,21951,21831,5019,26850,159
2022-10-05,Imperial,025,180216,65662,65532,15855,81387,958
2022-10-05,Inyo,027,18085,4496,4489,1000,5489,59
2022-10-05,Kern,029,883053,219624,219191,64137,283328,2418
2022-10-05,Kings,031,150075,59547,59489,4109,63598,458
2022-10-05,Lake,033,64148,12842,12795,1185,13980,147
2022-10-05,Lassen,035,31185,9975,9967,997,10964,65
2022-10-05,Los Angeles,037,10098052,3287834,3278961,182112,3461073,33467
2022-10-05,Madera,039,155013,44117,44029,8263,52292,374
2022-10-05,Marin,041,260295,45387,45190,5279,50469,313
2022-10-05,Mariposa,043,17540,3105,3088,344,3432,31
2022-10-05,Mendocino,045,87422,16076,15992,4504,20496,136
2022-10-05,Merced,047,269075,72751,72236,11889,84125,865
2022-10-05,Modoc,049,8938,878,876,324,1200,11
2022-10-05,Mono,051,14174,3209,3205,257,3462,7
2022-10-05,Monterey,053,433212,94292,94111,21111,115222,766
2022-10-05,Napa,055,140530,32269,32258,1409,33667,160
2022-10-05,Nevada,057,99092,19046,18989,1850,20839,132
2022-10-05,Orange,059,3164182,669190,667297,63808,731105,7452
2022-10-05,Placer,061,380077,76059,75768,9567,85335,660
2022-10-05,Plumas,063,18699,3683,3669,435,4104,13
2022-10-05,Riverside,065,2383286,696639,695315,35432,730747,6567
2022-10-05,Sacramento,067,1510023,347580,346748,34284,381032,3310
2022-10-05,San Benito,069,59416,16348,16188,970,17158,106
2022-10-05,San Bernardino,071,2135413,672409,670906,30999,701905,8116
2022-10-05,San Diego,073,3302833,925790,924672,72318,996990,5498
2022-10-05,San Francisco,075,870044,179886,178943,12124,191067,1045
2022-10-05,San Joaquin,077,732212,198177,197390,14971,212361,2319
2022-10-05,San Luis Obispo,079,281455,63417,63219,7164,70383,524
2022-10-05,San Mateo,081,765935,169412,168413,10491,178904,737
2022-10-05,Santa Barbara,083,443738,106008,105695,6882,112577,725
2022-10-05,Santa Clara,085,1922200,437531,432327,19129,451456,2506
2022-10-05,Santa Cruz,087,273765,63319,63099,3486,66585,273
2022-10-05,Shasta,089,179085,35013,34904,7486,42390,593
2022-10-05,Sierra,091,2930,306,305,60,365,5
2022-10-05,Siskiyou,093,43540,5151,5272,3311,8583,92
2022-10-05,Solano,095,438530,105530,105042,7917,112959,465
2022-10-05,Sonoma,097,501317,107185,106940,5298,112238,520
2022-10-05,Stanislaus,099,539301,138095,137838,21609,159447,1781
2022-10-05,Sutter,101,95872,24337,24326,2462,26788,232
2022-10-05,Tehama,103,63373,13655,13603,3082,16685,210
2022-10-05,Trinity,105,12862,1399,1394,398,1792,20
2022-10-05,Tulare,107,460477,122071,121787,36418,158205,1531
2022-10-05,Tuolumne,109,53932,15604,15558,924,16482,196
2022-10-05,Ventura,111,848112,209137,208632,15779,224411,1567
2022-10-05,Yolo,113,214977,47523,47422,4323,51745,341
2022-10-05,Yuba,115,75493,18922,18914,1728,20642,129
2022-10-04,Alameda,001,1643700,348758,347497,19735,367232,2023
2022-10-04,Alpine,002,1148,135,135,1,136,0
2022-10-04,Amador,005,37829,10010,9999,929,10928,93
2022-10-04,Butte,007,227075,39574,39453,9159,48612,454
2022-10-04,Calaveras,009,45235,8521,8511,561,9072,133
2022-10-04,Colusa,011,21464,3803,3794,1284,5078,22
2022-10-04,Contra Costa,013,1133247,252162,250136,20799,270935,1430
2022-10-04,Del Norte,015,27424,7453,7433,398,7831,56
2022-10-04,El Dorado,017,186661,32344,32320,4273,36593,231
2022-10-04,Fresno,019,978130,278639,274628,31733,306361,2865
2022-10-04,Glenn,021,27897,5530,5510,1864,7374,48
2022-10-04,Humboldt,023,135768,21938,21831,5018,26849,159
2022-10-04,Imperial,025,180216,65627,65532,15840,81372,958
2022-10-04,Inyo,027,18085,4495,4489,998,5487,59
2022-10-04,Kern,029,883053,219566,219191,64096,283287,2418
2022-10-04,Kings,031,150075,59532,59489,4108,63597,458
2022-10-04,Lake,033,64148,12837,12795,1185,13980,147
2022-10-04,Lassen,035,31185,9974,9967,996,10963,65
2022-10-04,Los Angeles,037,10098052,3286943,3278961,181947,3460908,33467
2022-10-04,Madera,039,155013,44103,44029,8261,52290,374
2022-10-04,Marin,041,260295,45356,45190,5279,50469,313
2022-10-04,Mariposa,043,17540,3105,3088,344,3432,31
2022-10-04,Mendocino,045,87422,16072,15992,4498,20490,136
2022-10-04,Merced,047,269075,72731,72236,11887,84123,865
2022-10-04,Modoc,049,8938,878,876,324,1200,11
2022-10-04,Mono,051,14174,3209,3205,256,3461,7
2022-10-04,Monterey,053,433212,94279,94111,21106,115217,766
2022-10-04,Napa,055,140530,32265,32258,1409,33667,160
2022-10-04,Nevada,057,99092,19043,18989,1850,20839,132
2022-10-04,Orange,059,3164182,668980,667297,63726,731023,7452
2022-10-04,Placer,061,380077,76026,75768,9563,85331,660
2022-10-04,Plumas,063,18699,3677,3669,434,4103,13
2022-10-04,Riverside,065,2383286,696481,695315,35416,730731,6567
2022-10-04,Sacramento,067,1510023,347461,346748,34255,381003,3310
2022-10-04,San Benito,069,59416,16335,16188,969,17157,106
2022-10-04,San Bernardino,071,2135413,672258,670906,30991,701897,8116
2022-10-04,San Diego,073,3302833,925457,924672,72268,996940,5498
2022-10-04,San Francisco,075,870044,179793,178943,12121,191064,1045
2022-10-04,San Joaquin,077,732212,198132,197390,14965,212355,2319
2022-10-04,San Luis Obispo,079,281455,63400,63219,7155,70374,524
2022-10-04,San Mateo,081,765935,169325,168413,10489,178902,737
2022-10-04,Santa Barbara,083,443738,105977,105695,6880,112575,725
2022-10-04,Santa Clara,085,1922200,437340,432327,19122,451449,2506
2022-10-04,Santa Cruz,087,273765,63283,63099,3484,66583,273
2022-10-04,Shasta,089,179085,34999,34904,7481,42385,593
2022-10-04,Sierra,091,2930,306,305,60,365,5
2022-10-04,Siskiyou,093,43540,5150,5272,3311,8583,92
2022-10-04,Solano,095,438530,105482,105042,7915,112957,465
2022-10-04,Sonoma,097,501317,107150,106940,5295,112235,520
2022-10-04,Stanislaus,099,539301,138068,137838,21607,159445,1781
2022-10-04,Sutter,101,95872,24327,24326,2461,26787,232
2022-10-04,Tehama,103,63373,13652,13603,3080,16683,210
2022-10-04,Trinity,105,12862,1399,1394,398,1792,20
2022-10-04,Tulare,107,460477,122046,121787,36408,158195,1531
2022-10-04,Tuolumne,109,53932,15603,15558,924,16482,196
2022-10-04,Ventura,111,848112,209070,208632,15774,224406,1567
2022-10-04,Yolo,113,214977,47506,47422,4320,51742,341
2022-10-04,Yuba,115,75493,18917,18914,1726,20640,129
2022-10-03,Alameda,001,1643700,348574,346369,19727,366096,2020
2022-10-03,Alpine,002,1148,135,134,1,135,0
2022-10-03,Amador,005,37829,10008,9987,929,10916,90
2022-10-03,Butte,007,227075,39559,39378,9155,48533,454
2022-10-03,Calaveras,009,45235,8520,8497,561,9058,133
2022-10-03,Colusa,011,21464,3803,3782,1283,5065,22
2022-10-03,Contra Costa,013,1133247,252047,249273,20794,270067,1426
2022-10-03,Del Norte,015,27424,7452,7421,398,7819,56
2022-10-03,El Dorado,017,186661,32336,32238,4271,36509,231
2022-10-03,Fresno,019,978130,278580,274028,31720,305748,2859
2022-10-03,Glenn,021,27897,5530,5509,1864,7373,48
2022-10-03,Humboldt,023,135768,21923,21744,5016,26760,157
2022-10-03,Imperial,025,180216,65608,65425,15825,81250,958
2022-10-03,Inyo,027,18085,4494,4483,995,5478,59
2022-10-03,Kern,029,883053,219512,218846,64045,282891,2417
2022-10-03,Kings,031,150075,59514,59394,4105,63499,459
2022-10-03,Lake,033,64148,12833,12761,1185,13946,147
2022-10-03,Lassen,035,31185,9972,9962,995,10957,65
2022-10-03,Los Angeles,037,10098052,3285915,3271661,181787,3453448,33336
2022-10-03,Madera,039,155013,44095,43953,8258,52211,374
2022-10-03,Marin,041,260295,45327,45002,5278,50280,310
2022-10-03,Mariposa,043,17540,3105,3079,343,3422,31
2022-10-03,Mendocino,045,87422,16065,15950,4492,20442,136
2022-10-03,Merced,047,269075,72717,72117,11884,84001,863
2022-10-03,Modoc,049,8938,876,873,324,1197,11
2022-10-03,Mono,051,14174,3209,3201,256,3457,7
2022-10-03,Monterey,053,433212,94264,93991,21091,115082,766
2022-10-03,Napa,055,140530,32250,32171,1409,33580,160
2022-10-03,Nevada,057,99092,19036,18923,1848,20771,132
2022-10-03,Orange,059,3164182,668758,665825,63657,729482,7435
2022-10-03,Placer,061,380077,76005,75573,9558,85131,661
2022-10-03,Plumas,063,18699,3676,3645,434,4079,13
2022-10-03,Riverside,065,2383286,696313,694250,35396,729646,6543
2022-10-03,Sacramento,067,1510023,347318,345905,34240,380145,3294
2022-10-03,San Benito,069,59416,16328,16152,969,17121,106
2022-10-03,San Bernardino,071,2135413,672080,668798,30972,699770,8106
2022-10-03,San Diego,073,3302833,925137,922323,72224,994547,5491
2022-10-03,San Francisco,075,870044,179682,178486,12115,190601,1043
2022-10-03,San Joaquin,077,732212,198068,197009,14960,211969,2319
2022-10-03,San Luis Obispo,079,281455,63384,63060,7149,70209,524
2022-10-03,San Mateo,081,765935,169244,167790,10487,178277,736
2022-10-03,Santa Barbara,083,443738,105936,105437,6878,112315,722
2022-10-03,Santa Clara,085,1922200,437121,430899,19109,450008,2494
2022-10-03,Santa Cruz,087,273765,63236,62866,3483,66349,273
2022-10-03,Shasta,089,179085,34992,34849,7476,42325,592
2022-10-03,Sierra,091,2930,306,304,60,364,5
2022-10-03,Siskiyou,093,43540,5150,5261,3308,8569,91
2022-10-03,Solano,095,438530,105424,104704,7913,112617,464
2022-10-03,Sonoma,097,501317,107108,106624,5289,111913,519
2022-10-03,Stanislaus,099,539301,138034,137589,21603,159192,1780
2022-10-03,Sutter,101,95872,24325,24265,2461,26726,232
2022-10-03,Tehama,103,63373,13649,13564,3080,16644,210
2022-10-03,Trinity,105,12862,1399,1392,397,1789,20
2022-10-03,Tulare,107,460477,122025,121589,36389,157978,1531
2022-10-03,Tuolumne,109,53932,15600,15516,924,16440,196
2022-10-03,Ventura,111,848112,208999,208124,15759,223883,1565
2022-10-03,Yolo,113,214977,47489,47279,4315,51594,341
2022-10-03,Yuba,115,75493,18914,18881,1721,20602,132
2022-10-02,Alameda,001,1643700,348370,346369,19715,366084,2020
2022-10-02,Alpine,002,1148,135,134,1,135,0
2022-10-02,Amador,005,37829,10008,9987,929,10916,90
2022-10-02,Butte,007,227075,39547,39378,9153,48531,454
2022-10-02,Calaveras,009,45235,8515,8497,560,9057,133
2022-10-02,Colusa,011,21464,3801,3782,1283,5065,22
2022-10-02,Contra Costa,013,1133247,251930,249273,20782,270055,1426
2022-10-02,Del Norte,015,27424,7449,7421,398,7819,56
2022-10-02,El Dorado,017,186661,32325,32238,4270,36508,231
2022-10-02,Fresno,019,978130,278504,274028,31707,305735,2859
2022-10-02,Glenn,021,27897,5527,5509,1864,7373,48
2022-10-02,Humboldt,023,135768,21906,21744,5007,26751,157
2022-10-02,Imperial,025,180216,65574,65425,15802,81227,958
2022-10-02,Inyo,027,18085,4494,4483,993,5476,59
2022-10-02,Kern,029,883053,219462,218846,63992,282838,2417
2022-10-02,Kings,031,150075,59499,59394,4104,63498,459
2022-10-02,Lake,033,64148,12827,12761,1185,13946,147
2022-10-02,Lassen,035,31185,9971,9962,993,10955,65
2022-10-02,Los Angeles,037,10098052,3284771,3271661,181627,3453288,33336
2022-10-02,Madera,039,155013,44087,43953,8255,52208,374
2022-10-02,Marin,041,260295,45294,45002,5273,50275,310
2022-10-02,Mariposa,043,17540,3105,3079,343,3422,31
2022-10-02,Mendocino,045,87422,16056,15950,4489,20439,136
2022-10-02,Merced,047,269075,72689,72117,11880,83997,863
2022-10-02,Modoc,049,8938,876,873,324,1197,11
2022-10-02,Mono,051,14174,3209,3201,256,3457,7
2022-10-02,Monterey,053,433212,94248,93991,21078,115069,766
2022-10-02,Napa,055,140530,32239,32171,1407,33578,160
2022-10-02,Nevada,057,99092,19030,18923,1848,20771,132
2022-10-02,Orange,059,3164182,668491,665825,63574,729399,7435
2022-10-02,Placer,061,380077,75977,75573,9555,85128,661
2022-10-02,Plumas,063,18699,3672,3645,433,4078,13
2022-10-02,Riverside,065,2383286,696121,694250,35377,729627,6543
2022-10-02,Sacramento,067,1510023,347143,345905,34207,380112,3294
2022-10-02,San Benito,069,59416,16323,16152,969,17121,106
2022-10-02,San Bernardino,071,2135413,671847,668798,30944,699742,8106
2022-10-02,San Diego,073,3302833,924767,922323,72175,994498,5491
2022-10-02,San Francisco,075,870044,179554,178486,12109,190595,1043
2022-10-02,San Joaquin,077,732212,197993,197009,14956,211965,2319
2022-10-02,San Luis Obispo,079,281455,63347,63060,7140,70200,524
2022-10-02,San Mateo,081,765935,169124,167790,10483,178273,736
2022-10-02,Santa Barbara,083,443738,105888,105437,6871,112308,722
2022-10-02,Santa Clara,085,1922200,436902,430899,19090,449989,2494
2022-10-02,Santa Cruz,087,273765,63196,62866,3476,66342,273
2022-10-02,Shasta,089,179085,34977,34849,7473,42322,592
2022-10-02,Sierra,091,2930,306,304,60,364,5
2022-10-02,Siskiyou,093,43540,5150,5261,3307,8568,91
2022-10-02,Solano,095,438530,105361,104704,7906,112610,464
2022-10-02,Sonoma,097,501317,107058,106624,5286,111910,519
2022-10-02,Stanislaus,099,539301,138000,137589,21599,159188,1780
2022-10-02,Sutter,101,95872,24315,24265,2461,26726,232
2022-10-02,Tehama,103,63373,13644,13564,3074,16638,210
2022-10-02,Trinity,105,12862,1399,1392,397,1789,20
2022-10-02,Tulare,107,460477,121999,121589,36370,157959,1531
2022-10-02,Tuolumne,109,53932,15595,15516,924,16440,196
2022-10-02,Ventura,111,848112,208918,208124,15740,223864,1565
2022-10-02,Yolo,113,214977,47477,47279,4310,51589,341
2022-10-02,Yuba,115,75493,18908,18881,1719,20600,132
2022-10-01,Alameda,001,1643700,348255,346369,19712,366081,2020
2022-10-01,Alpine,002,1148,135,134,1,135,0
2022-10-01,Amador,005,37829,10006,9987,929,10916,90
2022-10-01,Butte,007,227075,39536,39378,9146,48524,454
2022-10-01,Calaveras,009,45235,8515,8497,559,9056,133
2022-10-01,Colusa,011,21464,3801,3782,1281,5063,22
2022-10-01,Contra Costa,013,1133247,251856,249273,20779,270052,1426
2022-10-01,Del Norte,015,27424,7447,7421,398,7819,56
2022-10-01,El Dorado,017,186661,32318,32238,4270,36508,231
2022-10-01,Fresno,019,978130,278473,274028,31705,305733,2859
2022-10-01,Glenn,021,27897,5526,5509,1864,7373,48
2022-10-01,Humboldt,023,135768,21903,21744,5006,26750,157
2022-10-01,Imperial,025,180216,65557,65425,15792,81217,958
2022-10-01,Inyo,027,18085,4494,4483,993,5476,59
2022-10-01,Kern,029,883053,219445,218846,63962,282808,2417
2022-10-01,Kings,031,150075,59490,59394,4104,63498,459
2022-10-01,Lake,033,64148,12824,12761,1185,13946,147
2022-10-01,Lassen,035,31185,9969,9962,993,10955,65
2022-10-01,Los Angeles,037,10098052,3284144,3271661,181513,3453174,33336
2022-10-01,Madera,039,155013,44083,43953,8255,52208,374
2022-10-01,Marin,041,260295,45271,45002,5273,50275,310
2022-10-01,Mariposa,043,17540,3105,3079,343,3422,31
2022-10-01,Mendocino,045,87422,16049,15950,4485,20435,136
2022-10-01,Merced,047,269075,72679,72117,11878,83995,863
2022-10-01,Modoc,049,8938,876,873,324,1197,11
2022-10-01,Mono,051,14174,3209,3201,256,3457,7
2022-10-01,Monterey,053,433212,94235,93991,21071,115062,766
2022-10-01,Napa,055,140530,32234,32171,1407,33578,160
2022-10-01,Nevada,057,99092,19027,18923,1847,20770,132
2022-10-01,Orange,059,3164182,668349,665825,63526,729351,7435
2022-10-01,Placer,061,380077,75950,75573,9553,85126,661
2022-10-01,Plumas,063,18699,3671,3645,433,4078,13
2022-10-01,Riverside,065,2383286,696000,694250,35363,729613,6543
2022-10-01,Sacramento,067,1510023,347074,345905,34198,380103,3294
2022-10-01,San Benito,069,59416,16315,16152,966,17118,106
2022-10-01,San Bernardino,071,2135413,671747,668798,30932,699730,8106
2022-10-01,San Diego,073,3302833,924649,922323,72145,994468,5491
2022-10-01,San Francisco,075,870044,179499,178486,12103,190589,1043
2022-10-01,San Joaquin,077,732212,197962,197009,14950,211959,2319
2022-10-01,San Luis Obispo,079,281455,63337,63060,7137,70197,524
2022-10-01,San Mateo,081,765935,169080,167790,10481,178271,736
2022-10-01,Santa Barbara,083,443738,105858,105437,6869,112306,722
2022-10-01,Santa Clara,085,1922200,436732,430899,19087,449986,2494
2022-10-01,Santa Cruz,087,273765,63182,62866,3470,66336,273
2022-10-01,Shasta,089,179085,34971,34849,7469,42318,592
2022-10-01,Sierra,091,2930,306,304,60,364,5
2022-10-01,Siskiyou,093,43540,5148,5261,3305,8566,91
2022-10-01,Solano,095,438530,105353,104704,7904,112608,464
2022-10-01,Sonoma,097,501317,107032,106624,5284,111908,519
2022-10-01,Stanislaus,099,539301,137977,137589,21598,159187,1780
2022-10-01,Sutter,101,95872,24310,24265,2461,26726,232
2022-10-01,Tehama,103,63373,13642,13564,3073,16637,210
2022-10-01,Trinity,105,12862,1399,1392,397,1789,20
2022-10-01,Tulare,107,460477,121990,121589,36356,157945,1531
2022-10-01,Tuolumne,109,53932,15593,15516,924,16440,196
2022-10-01,Ventura,111,848112,208871,208124,15732,223856,1565
2022-10-01,Yolo,113,214977,47467,47279,4308,51587,341
2022-10-01,Yuba,115,75493,18901,18881,1718,20599,132
2022-09-30,Alameda,001,1643700,348138,346369,19707,366076,2020
2022-09-30,Alpine,002,1148,135,134,1,135,0
2022-09-30,Amador,005,37829,10004,9987,929,10916,90
2022-09-30,Butte,007,227075,39525,39378,9144,48522,454
2022-09-30,Calaveras,009,45235,8512,8497,559,9056,133
2022-09-30,Colusa,011,21464,3800,3782,1280,5062,22
2022-09-30,Contra Costa,013,1133247,251761,249273,20777,270050,1426
2022-09-30,Del Norte,015,27424,7446,7421,398,7819,56
2022-09-30,El Dorado,017,186661,32309,32238,4266,36504,231
2022-09-30,Fresno,019,978130,278430,274028,31697,305725,2859
2022-09-30,Glenn,021,27897,5525,5509,1864,7373,48
2022-09-30,Humboldt,023,135768,21889,21744,5003,26747,157
2022-09-30,Imperial,025,180216,65547,65425,15784,81209,958
2022-09-30,Inyo,027,18085,4493,4483,991,5474,59
2022-09-30,Kern,029,883053,219426,218846,63929,282775,2417
2022-09-30,Kings,031,150075,59484,59394,4104,63498,459
2022-09-30,Lake,033,64148,12821,12761,1185,13946,147
2022-09-30,Lassen,035,31185,9969,9962,993,10955,65
2022-09-30,Los Angeles,037,10098052,3283403,3271661,181393,3453054,33336
2022-09-30,Madera,039,155013,44077,43953,8254,52207,374
2022-09-30,Marin,041,260295,45247,45002,5272,50274,310
2022-09-30,Mariposa,043,17540,3104,3079,343,3422,31
2022-09-30,Mendocino,045,87422,16041,15950,4481,20431,136
2022-09-30,Merced,047,269075,72667,72117,11878,83995,863
2022-09-30,Modoc,049,8938,876,873,324,1197,11
2022-09-30,Mono,051,14174,3209,3201,256,3457,7
2022-09-30,Monterey,053,433212,94216,93991,21065,115056,766
2022-09-30,Napa,055,140530,32223,32171,1407,33578,160
2022-09-30,Nevada,057,99092,19021,18923,1847,20770,132
2022-09-30,Orange,059,3164182,668212,665825,63486,729311,7435
2022-09-30,Placer,061,380077,75932,75573,9547,85120,661
2022-09-30,Plumas,063,18699,3670,3645,433,4078,13
2022-09-30,Riverside,065,2383286,695888,694250,35351,729601,6543
2022-09-30,Sacramento,067,1510023,346992,345905,34192,380097,3294
2022-09-30,San Benito,069,59416,16312,16152,966,17118,106
2022-09-30,San Bernardino,071,2135413,671626,668798,30919,699717,8106
2022-09-30,San Diego,073,3302833,924432,922323,72116,994439,5491
2022-09-30,San Francisco,075,870044,179435,178486,12097,190583,1043
2022-09-30,San Joaquin,077,732212,197928,197009,14947,211956,2319
2022-09-30,San Luis Obispo,079,281455,63332,63060,7134,70194,524
2022-09-30,San Mateo,081,765935,169015,167790,10477,178267,736
2022-09-30,Santa Barbara,083,443738,105833,105437,6869,112306,722
2022-09-30,Santa Clara,085,1922200,436550,430899,19075,449974,2494
2022-09-30,Santa Cruz,087,273765,63160,62866,3468,66334,273
2022-09-30,Shasta,089,179085,34968,34849,7465,42314,592
2022-09-30,Sierra,091,2930,306,304,60,364,5
2022-09-30,Siskiyou,093,43540,5147,5261,3305,8566,91
2022-09-30,Solano,095,438530,105323,104704,7901,112605,464
2022-09-30,Sonoma,097,501317,106998,106624,5282,111906,519
2022-09-30,Stanislaus,099,539301,137957,137589,21596,159185,1780
2022-09-30,Sutter,101,95872,24308,24265,2461,26726,232
2022-09-30,Tehama,103,63373,13640,13564,3073,16637,210
2022-09-30,Trinity,105,12862,1398,1392,397,1789,20
2022-09-30,Tulare,107,460477,121969,121589,36343,157932,1531
2022-09-30,Tuolumne,109,53932,15590,15516,924,16440,196
2022-09-30,Ventura,111,848112,208819,208124,15727,223851,1565
2022-09-30,Yolo,113,214977,47456,47279,4308,51587,341
2022-09-30,Yuba,115,75493,18896,18881,1718,20599,132
2022-09-29,Alameda,001,1643700,347974,346369,19692,366061,2020
2022-09-29,Alpine,002,1148,135,134,1,135,0
2022-09-29,Amador,005,37829,10001,9987,928,10915,90
2022-09-29,Butte,007,227075,39519,39378,9139,48517,454
2022-09-29,Calaveras,009,45235,8507,8497,558,9055,133
2022-09-29,Colusa,011,21464,3799,3782,1280,5062,22
2022-09-29,Contra Costa,013,1133247,251660,249273,20767,270040,1426
2022-09-29,Del Norte,015,27424,7443,7421,398,7819,56
2022-09-29,El Dorado,017,186661,32298,32238,4261,36499,231
2022-09-29,Fresno,019,978130,278336,274028,31688,305716,2859
2022-09-29,Glenn,021,27897,5525,5509,1864,7373,48
2022-09-29,Humboldt,023,135768,21877,21744,5001,26745,157
2022-09-29,Imperial,025,180216,65527,65425,15772,81197,958
2022-09-29,Inyo,027,18085,4493,4483,989,5472,59
2022-09-29,Kern,029,883053,219394,218846,63889,282735,2417
2022-09-29,Kings,031,150075,59477,59394,4103,63497,459
2022-09-29,Lake,033,64148,12817,12761,1185,13946,147
2022-09-29,Lassen,035,31185,9968,9962,993,10955,65
2022-09-29,Los Angeles,037,10098052,3282416,3271661,181280,3452941,33336
2022-09-29,Madera,039,155013,44067,43953,8251,52204,374
2022-09-29,Marin,041,260295,45222,45002,5268,50270,310
2022-09-29,Mariposa,043,17540,3102,3079,343,3422,31
2022-09-29,Mendocino,045,87422,16037,15950,4481,20431,136
2022-09-29,Merced,047,269075,72652,72117,11877,83994,863
2022-09-29,Modoc,049,8938,876,873,324,1197,11
2022-09-29,Mono,051,14174,3208,3201,256,3457,7
2022-09-29,Monterey,053,433212,94205,93991,21058,115049,766
2022-09-29,Napa,055,140530,32212,32171,1407,33578,160
2022-09-29,Nevada,057,99092,19011,18923,1844,20767,132
2022-09-29,Orange,059,3164182,667981,665825,63433,729258,7435
2022-09-29,Placer,061,380077,75908,75573,9538,85111,661
2022-09-29,Plumas,063,18699,3669,3645,432,4077,13
2022-09-29,Riverside,065,2383286,695737,694250,35339,729589,6543
2022-09-29,Sacramento,067,1510023,346853,345905,34172,380077,3294
2022-09-29,San Benito,069,59416,16307,16152,965,17117,106
2022-09-29,San Bernardino,071,2135413,671479,668798,30907,699705,8106
2022-09-29,San Diego,073,3302833,924186,922323,72085,994408,5491
2022-09-29,San Francisco,075,870044,179348,178486,12085,190571,1043
2022-09-29,San Joaquin,077,732212,197883,197009,14938,211947,2319
2022-09-29,San Luis Obispo,079,281455,63312,63060,7128,70188,524
2022-09-29,San Mateo,081,765935,168932,167790,10475,178265,736
2022-09-29,Santa Barbara,083,443738,105799,105437,6866,112303,722
2022-09-29,Santa Clara,085,1922200,436355,430899,19064,449963,2494
2022-09-29,Santa Cruz,087,273765,63116,62866,3462,66328,273
2022-09-29,Shasta,089,179085,34961,34849,7459,42308,592
2022-09-29,Sierra,091,2930,306,304,60,364,5
2022-09-29,Siskiyou,093,43540,5144,5261,3304,8565,91
2022-09-29,Solano,095,438530,105288,104704,7896,112600,464
2022-09-29,Sonoma,097,501317,106939,106624,5280,111904,519
2022-09-29,Stanislaus,099,539301,137925,137589,21595,159184,1780
2022-09-29,Sutter,101,95872,24305,24265,2461,26726,232
2022-09-29,Tehama,103,63373,13638,13564,3072,16636,210
2022-09-29,Trinity,105,12862,1398,1392,394,1786,20
2022-09-29,Tulare,107,460477,121953,121589,36323,157912,1531
2022-09-29,Tuolumne,109,53932,15586,15516,924,16440,196
2022-09-29,Ventura,111,848112,208759,208124,15718,223842,1565
2022-09-29,Yolo,113,214977,47443,47279,4306,51585,341
2022-09-29,Yuba,115,75493,18894,18881,1718,20599,132
2022-09-28,Alameda,001,1643700,347811,346369,19676,366045,2020
2022-09-28,Alpine,002,1148,134,134,1,135,0
2022-09-28,Amador,005,37829,9999,9987,928,10915,90
2022-09-28,Butte,007,227075,39512,39378,9131,48509,454
2022-09-28,Calaveras,009,45235,8505,8497,558,9055,133
2022-09-28,Colusa,011,21464,3799,3782,1280,5062,22
2022-09-28,Contra Costa,013,1133247,251550,249273,20754,270027,1426
2022-09-28,Del Norte,015,27424,7441,7421,398,7819,56
2022-09-28,El Dorado,017,186661,32291,32238,4259,36497,231
2022-09-28,Fresno,019,978130,278253,274028,31671,305699,2859
2022-09-28,Glenn,021,27897,5524,5509,1864,7373,48
2022-09-28,Humboldt,023,135768,21867,21744,4998,26742,157
2022-09-28,Imperial,025,180216,65511,65425,15765,81190,958
2022-09-28,Inyo,027,18085,4491,4483,989,5472,59
2022-09-28,Kern,029,883053,219341,218846,63840,282686,2417
2022-09-28,Kings,031,150075,59455,59394,4099,63493,459
2022-09-28,Lake,033,64148,12808,12761,1185,13946,147
2022-09-28,Lassen,035,31185,9967,9962,993,10955,65
2022-09-28,Los Angeles,037,10098052,3281296,3271661,181173,3452834,33336
2022-09-28,Madera,039,155013,44061,43953,8250,52203,374
2022-09-28,Marin,041,260295,45195,45002,5267,50269,310
2022-09-28,Mariposa,043,17540,3102,3079,343,3422,31
2022-09-28,Mendocino,045,87422,16034,15950,4477,20427,136
2022-09-28,Merced,047,269075,72640,72117,11871,83988,863
2022-09-28,Modoc,049,8938,876,873,323,1196,11
2022-09-28,Mono,051,14174,3208,3201,256,3457,7
2022-09-28,Monterey,053,433212,94191,93991,21050,115041,766
2022-09-28,Napa,055,140530,32197,32171,1405,33576,160
2022-09-28,Nevada,057,99092,19003,18923,1831,20754,132
2022-09-28,Orange,059,3164182,667756,665825,63368,729193,7435
2022-09-28,Placer,061,380077,75874,75573,9535,85108,661
2022-09-28,Plumas,063,18699,3667,3645,432,4077,13
2022-09-28,Riverside,065,2383286,695573,694250,35321,729571,6543
2022-09-28,Sacramento,067,1510023,346725,345905,34148,380053,3294
2022-09-28,San Benito,069,59416,16302,16152,962,17114,106
2022-09-28,San Bernardino,071,2135413,671317,668798,30887,699685,8106
2022-09-28,San Diego,073,3302833,923868,922323,72054,994377,5491
2022-09-28,San Francisco,075,870044,179248,178486,12081,190567,1043
2022-09-28,San Joaquin,077,732212,197845,197009,14935,211944,2319
2022-09-28,San Luis Obispo,079,281455,63295,63060,7120,70180,524
2022-09-28,San Mateo,081,765935,168856,167790,10468,178258,736
2022-09-28,Santa Barbara,083,443738,105765,105437,6861,112298,722
2022-09-28,Santa Clara,085,1922200,436188,430899,19055,449954,2494
2022-09-28,Santa Cruz,087,273765,63079,62866,3461,66327,273
2022-09-28,Shasta,089,179085,34956,34849,7454,42303,592
2022-09-28,Sierra,091,2930,306,304,60,364,5
2022-09-28,Siskiyou,093,43540,5142,5261,3303,8564,91
2022-09-28,Solano,095,438530,105259,104704,7894,112598,464
2022-09-28,Sonoma,097,501317,106904,106624,5274,111898,519
2022-09-28,Stanislaus,099,539301,137892,137589,21591,159180,1780
2022-09-28,Sutter,101,95872,24291,24265,2460,26725,232
2022-09-28,Tehama,103,63373,13634,13564,3072,16636,210
2022-09-28,Trinity,105,12862,1398,1392,392,1784,20
2022-09-28,Tulare,107,460477,121927,121589,36314,157903,1531
2022-09-28,Tuolumne,109,53932,15582,15516,924,16440,196
2022-09-28,Ventura,111,848112,208694,208124,15715,223839,1565
2022-09-28,Yolo,113,214977,47420,47279,4303,51582,341
2022-09-28,Yuba,115,75493,18889,18881,1715,20596,132
2022-09-27,Alameda,001,1643700,347643,346369,19662,366031,2020
2022-09-27,Alpine,002,1148,134,134,1,135,0
2022-09-27,Amador,005,37829,9995,9987,926,10913,90
2022-09-27,Butte,007,227075,39504,39378,9126,48504,454
2022-09-27,Calaveras,009,45235,8503,8497,558,9055,133
2022-09-27,Colusa,011,21464,3799,3782,1280,5062,22
2022-09-27,Contra Costa,013,1133247,251439,249273,20745,270018,1426
2022-09-27,Del Norte,015,27424,7441,7421,398,7819,56
2022-09-27,El Dorado,017,186661,32274,32238,4257,36495,231
2022-09-27,Fresno,019,978130,278190,274028,31662,305690,2859
2022-09-27,Glenn,021,27897,5523,5509,1864,7373,48
2022-09-27,Humboldt,023,135768,21856,21744,4993,26737,157
2022-09-27,Imperial,025,180216,65489,65425,15759,81184,958
2022-09-27,Inyo,027,18085,4489,4483,987,5470,59
2022-09-27,Kern,029,883053,219283,218846,63812,282658,2417
2022-09-27,Kings,031,150075,59439,59394,4099,63493,459
2022-09-27,Lake,033,64148,12804,12761,1184,13945,147
2022-09-27,Lassen,035,31185,9965,9962,993,10955,65
2022-09-27,Los Angeles,037,10098052,3280100,3271661,181012,3452673,33336
2022-09-27,Madera,039,155013,44049,43953,8249,52202,374
2022-09-27,Marin,041,260295,45167,45002,5263,50265,310
2022-09-27,Mariposa,043,17540,3101,3079,343,3422,31
2022-09-27,Mendocino,045,87422,16025,15950,4471,20421,136
2022-09-27,Merced,047,269075,72621,72117,11865,83982,863
2022-09-27,Modoc,049,8938,876,873,323,1196,11
2022-09-27,Mono,051,14174,3207,3201,256,3457,7
2022-09-27,Monterey,053,433212,94170,93991,21034,115025,766
2022-09-27,Napa,055,140530,32180,32171,1405,33576,160
2022-09-27,Nevada,057,99092,18994,18923,1830,20753,132
2022-09-27,Orange,059,3164182,667488,665825,63301,729126,7435
2022-09-27,Placer,061,380077,75833,75573,9530,85103,661
2022-09-27,Plumas,063,18699,3664,3645,432,4077,13
2022-09-27,Riverside,065,2383286,695377,694250,35296,729546,6543
2022-09-27,Sacramento,067,1510023,346578,345905,34119,380024,3294
2022-09-27,San Benito,069,59416,16301,16152,962,17114,106
2022-09-27,San Bernardino,071,2135413,671067,668798,30871,699669,8106
2022-09-27,San Diego,073,3302833,923473,922323,72018,994341,5491
2022-09-27,San Francisco,075,870044,179136,178486,12079,190565,1043
2022-09-27,San Joaquin,077,732212,197792,197009,14928,211937,2319
2022-09-27,San Luis Obispo,079,281455,63266,63060,7119,70179,524
2022-09-27,San Mateo,081,765935,168785,167790,10465,178255,736
2022-09-27,Santa Barbara,083,443738,105722,105437,6855,112292,722
2022-09-27,Santa Clara,085,1922200,435968,430899,19034,449933,2494
2022-09-27,Santa Cruz,087,273765,63048,62866,3456,66322,273
2022-09-27,Shasta,089,179085,34945,34849,7446,42295,592
2022-09-27,Sierra,091,2930,304,304,60,364,5
2022-09-27,Siskiyou,093,43540,5140,5261,3303,8564,91
2022-09-27,Solano,095,438530,105216,104704,7892,112596,464
2022-09-27,Sonoma,097,501317,106854,106624,5271,111895,519
2022-09-27,Stanislaus,099,539301,137864,137589,21590,159179,1780
2022-09-27,Sutter,101,95872,24277,24265,2460,26725,232
2022-09-27,Tehama,103,63373,13632,13564,3071,16635,210
2022-09-27,Trinity,105,12862,1398,1392,389,1781,20
2022-09-27,Tulare,107,460477,121902,121589,36296,157885,1531
2022-09-27,Tuolumne,109,53932,15576,15516,924,16440,196
2022-09-27,Ventura,111,848112,208614,208124,15705,223829,1565
2022-09-27,Yolo,113,214977,47392,47279,4302,51581,341
2022-09-27,Yuba,115,75493,18885,18881,1714,20595,132
2022-09-26,Alameda,001,1643700,347452,345351,19657,365008,2012
2022-09-26,Alpine,002,1148,134,134,1,135,0
2022-09-26,Amador,005,37829,9994,9954,925,10879,90
2022-09-26,Butte,007,227075,39492,39282,9123,48405,453
2022-09-26,Calaveras,009,45235,8500,8475,555,9030,133
2022-09-26,Colusa,011,21464,3796,3775,1278,5053,22
2022-09-26,Contra Costa,013,1133247,251302,248053,20731,268784,1424
2022-09-26,Del Norte,015,27424,7440,7403,398,7801,57
2022-09-26,El Dorado,017,186661,32256,32159,4254,36413,231
2022-09-26,Fresno,019,978130,278118,273381,31646,305027,2850
2022-09-26,Glenn,021,27897,5523,5494,1864,7358,48
2022-09-26,Humboldt,023,135768,21844,21641,4988,26629,156
2022-09-26,Imperial,025,180216,65468,65297,15744,81041,957
2022-09-26,Inyo,027,18085,4489,4481,986,5467,59
2022-09-26,Kern,029,883053,219227,218413,63783,282196,2408
2022-09-26,Kings,031,150075,59427,59288,4097,63385,456
2022-09-26,Lake,033,64148,12798,12731,1184,13915,146
2022-09-26,Lassen,035,31185,9965,9947,992,10939,65
2022-09-26,Los Angeles,037,10098052,3278913,3263510,180838,3444348,33258
2022-09-26,Madera,039,155013,44030,43910,8246,52156,374
2022-09-26,Marin,041,260295,45136,44823,5258,50081,310
2022-09-26,Mariposa,043,17540,3100,3074,343,3417,31
2022-09-26,Mendocino,045,87422,16015,15911,4471,20382,136
2022-09-26,Merced,047,269075,72608,71875,11861,83736,862
2022-09-26,Modoc,049,8938,874,872,323,1195,11
2022-09-26,Mono,051,14174,3205,3198,256,3454,7
2022-09-26,Monterey,053,433212,94153,93829,21013,114842,766
2022-09-26,Napa,055,140530,32162,32094,1404,33498,160
2022-09-26,Nevada,057,99092,18985,18861,1828,20689,132
2022-09-26,Orange,059,3164182,667226,664263,63236,727499,7425
2022-09-26,Placer,061,380077,75797,75381,9522,84903,660
2022-09-26,Plumas,063,18699,3664,3632,432,4064,13
2022-09-26,Riverside,065,2383286,695175,693038,35281,728319,6610
2022-09-26,Sacramento,067,1510023,346417,344748,34090,378838,3282
2022-09-26,San Benito,069,59416,16294,16114,962,17076,106
2022-09-26,San Bernardino,071,2135413,670868,667124,30859,697983,8097
2022-09-26,San Diego,073,3302833,923052,920118,71989,992107,5487
2022-09-26,San Francisco,075,870044,179036,176887,12076,188963,1031
2022-09-26,San Joaquin,077,732212,197726,196573,14918,211491,2306
2022-09-26,San Luis Obispo,079,281455,63234,62950,7115,70065,522
2022-09-26,San Mateo,081,765935,168695,167123,10460,177583,736
2022-09-26,Santa Barbara,083,443738,105683,105185,6850,112035,720
2022-09-26,Santa Clara,085,1922200,435718,429334,19016,448350,2486
2022-09-26,Santa Cruz,087,273765,63009,62704,3454,66158,274
2022-09-26,Shasta,089,179085,34937,34762,7437,42199,592
2022-09-26,Sierra,091,2930,304,303,60,363,5
2022-09-26,Siskiyou,093,43540,5140,5243,3301,8544,90
2022-09-26,Solano,095,438530,105173,104383,7886,112269,463
2022-09-26,Sonoma,097,501317,106785,106322,5267,111589,519
2022-09-26,Stanislaus,099,539301,137834,137340,21584,158924,1752
2022-09-26,Sutter,101,95872,24268,24198,2460,26658,232
2022-09-26,Tehama,103,63373,13629,13528,3071,16599,210
2022-09-26,Trinity,105,12862,1398,1390,388,1778,20
2022-09-26,Tulare,107,460477,121862,121446,36281,157727,1530
2022-09-26,Tuolumne,109,53932,15574,15469,923,16392,196
2022-09-26,Ventura,111,848112,208522,207684,15697,223381,1566
2022-09-26,Yolo,113,214977,47367,47147,4296,51443,335
2022-09-26,Yuba,115,75493,18879,18834,1712,20546,129
2022-09-25,Alameda,001,1643700,347235,345351,19636,364987,2012
2022-09-25,Alpine,002,1148,134,134,1,135,0
2022-09-25,Amador,005,37829,9990,9954,923,10877,90
2022-09-25,Butte,007,227075,39470,39282,9116,48398,453
2022-09-25,Calaveras,009,45235,8496,8475,550,9025,133
2022-09-25,Colusa,011,21464,3794,3775,1272,5047,22
2022-09-25,Contra Costa,013,1133247,251149,248053,20712,268765,1424
2022-09-25,Del Norte,015,27424,7435,7403,398,7801,57
2022-09-25,El Dorado,017,186661,32242,32159,4251,36410,231
2022-09-25,Fresno,019,978130,278012,273381,31620,305001,2850
2022-09-25,Glenn,021,27897,5523,5494,1864,7358,48
2022-09-25,Humboldt,023,135768,21834,21641,4984,26625,156
2022-09-25,Imperial,025,180216,65448,65297,15731,81028,957
2022-09-25,Inyo,027,18085,4486,4481,985,5466,59
2022-09-25,Kern,029,883053,219166,218413,63708,282121,2408
2022-09-25,Kings,031,150075,59408,59288,4096,63384,456
2022-09-25,Lake,033,64148,12793,12731,1182,13913,146
2022-09-25,Lassen,035,31185,9964,9947,992,10939,65
2022-09-25,Los Angeles,037,10098052,3277449,3263510,180641,3444151,33258
2022-09-25,Madera,039,155013,44016,43910,8241,52151,374
2022-09-25,Marin,041,260295,45095,44823,5258,50081,310
2022-09-25,Mariposa,043,17540,3100,3074,343,3417,31
2022-09-25,Mendocino,045,87422,16005,15911,4464,20375,136
2022-09-25,Merced,047,269075,72584,71875,11854,83729,862
2022-09-25,Modoc,049,8938,874,872,323,1195,11
2022-09-25,Mono,051,14174,3205,3198,254,3452,7
2022-09-25,Monterey,053,433212,94129,93829,21002,114831,766
2022-09-25,Napa,055,140530,32144,32094,1403,33497,160
2022-09-25,Nevada,057,99092,18972,18861,1828,20689,132
2022-09-25,Orange,059,3164182,666922,664263,63167,727430,7425
2022-09-25,Placer,061,380077,75751,75381,9509,84890,660
2022-09-25,Plumas,063,18699,3658,3632,432,4064,13
2022-09-25,Riverside,065,2383286,694957,693038,35262,728300,6610
2022-09-25,Sacramento,067,1510023,346259,344748,34053,378801,3282
2022-09-25,San Benito,069,59416,16282,16114,962,17076,106
2022-09-25,San Bernardino,071,2135413,670630,667124,30837,697961,8097
2022-09-25,San Diego,073,3302833,922602,920118,71949,992067,5487
2022-09-25,San Francisco,075,870044,178908,176887,12071,188958,1031
2022-09-25,San Joaquin,077,732212,197639,196573,14901,211474,2306
2022-09-25,San Luis Obispo,079,281455,63200,62950,7107,70057,522
2022-09-25,San Mateo,081,765935,168569,167123,10451,177574,736
2022-09-25,Santa Barbara,083,443738,105629,105185,6849,112034,720
2022-09-25,Santa Clara,085,1922200,435476,429334,18995,448329,2486
2022-09-25,Santa Cruz,087,273765,62961,62704,3446,66150,274
2022-09-25,Shasta,089,179085,34924,34762,7428,42190,592
2022-09-25,Sierra,091,2930,304,303,60,363,5
2022-09-25,Siskiyou,093,43540,5138,5243,3300,8543,90
2022-09-25,Solano,095,438530,105106,104383,7882,112265,463
2022-09-25,Sonoma,097,501317,106729,106322,5264,111586,519
2022-09-25,Stanislaus,099,539301,137782,137340,21581,158921,1752
2022-09-25,Sutter,101,95872,24252,24198,2460,26658,232
2022-09-25,Tehama,103,63373,13621,13528,3071,16599,210
2022-09-25,Trinity,105,12862,1398,1390,388,1778,20
2022-09-25,Tulare,107,460477,121831,121446,36259,157705,1530
2022-09-25,Tuolumne,109,53932,15568,15469,922,16391,196
2022-09-25,Ventura,111,848112,208419,207684,15684,223368,1566
2022-09-25,Yolo,113,214977,47341,47147,4291,51438,335
2022-09-25,Yuba,115,75493,18875,18834,1711,20545,129
2022-09-24,Alameda,001,1643700,347123,345351,19629,364980,2012
2022-09-24,Alpine,002,1148,134,134,1,135,0
2022-09-24,Amador,005,37829,9988,9954,922,10876,90
2022-09-24,Butte,007,227075,39463,39282,9114,48396,453
2022-09-24,Calaveras,009,45235,8493,8475,550,9025,133
2022-09-24,Colusa,011,21464,3793,3775,1271,5046,22
2022-09-24,Contra Costa,013,1133247,251062,248053,20708,268761,1424
2022-09-24,Del Norte,015,27424,7432,7403,398,7801,57
2022-09-24,El Dorado,017,186661,32230,32159,4247,36406,231
2022-09-24,Fresno,019,978130,277973,273381,31613,304994,2850
2022-09-24,Glenn,021,27897,5522,5494,1864,7358,48
2022-09-24,Humboldt,023,135768,21820,21641,4983,26624,156
2022-09-24,Imperial,025,180216,65433,65297,15725,81022,957
2022-09-24,Inyo,027,18085,4486,4481,985,5466,59
2022-09-24,Kern,029,883053,219136,218413,63669,282082,2408
2022-09-24,Kings,031,150075,59396,59288,4096,63384,456
2022-09-24,Lake,033,64148,12791,12731,1181,13912,146
2022-09-24,Lassen,035,31185,9963,9947,992,10939,65
2022-09-24,Los Angeles,037,10098052,3276724,3263510,180496,3444006,33258
2022-09-24,Madera,039,155013,44013,43910,8238,52148,374
2022-09-24,Marin,041,260295,45080,44823,5258,50081,310
2022-09-24,Mariposa,043,17540,3098,3074,343,3417,31
2022-09-24,Mendocino,045,87422,16001,15911,4463,20374,136
2022-09-24,Merced,047,269075,72571,71875,11854,83729,862
2022-09-24,Modoc,049,8938,874,872,322,1194,11
2022-09-24,Mono,051,14174,3205,3198,254,3452,7
2022-09-24,Monterey,053,433212,94119,93829,20997,114826,766
2022-09-24,Napa,055,140530,32135,32094,1402,33496,160
2022-09-24,Nevada,057,99092,18967,18861,1825,20686,132
2022-09-24,Orange,059,3164182,666762,664263,63106,727369,7425
2022-09-24,Placer,061,380077,75727,75381,9503,84884,660
2022-09-24,Plumas,063,18699,3655,3632,432,4064,13
2022-09-24,Riverside,065,2383286,694832,693038,35252,728290,6610
2022-09-24,Sacramento,067,1510023,346187,344748,34044,378792,3282
2022-09-24,San Benito,069,59416,16274,16114,962,17076,106
2022-09-24,San Bernardino,071,2135413,670516,667124,30827,697951,8097
2022-09-24,San Diego,073,3302833,922397,920118,71935,992053,5487
2022-09-24,San Francisco,075,870044,178830,176887,12065,188952,1031
2022-09-24,San Joaquin,077,732212,197613,196573,14894,211467,2306
2022-09-24,San Luis Obispo,079,281455,63188,62950,7106,70056,522
2022-09-24,San Mateo,081,765935,168499,167123,10442,177565,736
2022-09-24,Santa Barbara,083,443738,105605,105185,6849,112034,720
2022-09-24,Santa Clara,085,1922200,435319,429334,18982,448316,2486
2022-09-24,Santa Cruz,087,273765,62944,62704,3443,66147,274
2022-09-24,Shasta,089,179085,34919,34762,7426,42188,592
2022-09-24,Sierra,091,2930,304,303,60,363,5
2022-09-24,Siskiyou,093,43540,5135,5243,3300,8543,90
2022-09-24,Solano,095,438530,105087,104383,7881,112264,463
2022-09-24,Sonoma,097,501317,106701,106322,5261,111583,519
2022-09-24,Stanislaus,099,539301,137755,137340,21575,158915,1752
2022-09-24,Sutter,101,95872,24245,24198,2460,26658,232
2022-09-24,Tehama,103,63373,13616,13528,3070,16598,210
2022-09-24,Trinity,105,12862,1398,1390,388,1778,20
2022-09-24,Tulare,107,460477,121812,121446,36242,157688,1530
2022-09-24,Tuolumne,109,53932,15560,15469,922,16391,196
2022-09-24,Ventura,111,848112,208372,207684,15677,223361,1566
2022-09-24,Yolo,113,214977,47326,47147,4289,51436,335
2022-09-24,Yuba,115,75493,18870,18834,1710,20544,129
2022-09-23,Alameda,001,1643700,346984,345351,19617,364968,2012
2022-09-23,Alpine,002,1148,134,134,1,135,0
2022-09-23,Amador,005,37829,9984,9954,922,10876,90
2022-09-23,Butte,007,227075,39455,39282,9111,48393,453
2022-09-23,Calaveras,009,45235,8492,8475,550,9025,133
2022-09-23,Colusa,011,21464,3793,3775,1271,5046,22
2022-09-23,Contra Costa,013,1133247,250980,248053,20704,268757,1424
2022-09-23,Del Norte,015,27424,7429,7403,398,7801,57
2022-09-23,El Dorado,017,186661,32216,32159,4245,36404,231
2022-09-23,Fresno,019,978130,277926,273381,31604,304985,2850
2022-09-23,Glenn,021,27897,5520,5494,1863,7357,48
2022-09-23,Humboldt,023,135768,21803,21641,4976,26617,156
2022-09-23,Imperial,025,180216,65423,65297,15718,81015,957
2022-09-23,Inyo,027,18085,4486,4481,981,5462,59
2022-09-23,Kern,029,883053,219097,218413,63645,282058,2408
2022-09-23,Kings,031,150075,59388,59288,4096,63384,456
2022-09-23,Lake,033,64148,12791,12731,1181,13912,146
2022-09-23,Lassen,035,31185,9961,9947,992,10939,65
2022-09-23,Los Angeles,037,10098052,3275959,3263510,180415,3443925,33258
2022-09-23,Madera,039,155013,44003,43910,8238,52148,374
2022-09-23,Marin,041,260295,45057,44823,5256,50079,310
2022-09-23,Mariposa,043,17540,3097,3074,343,3417,31
2022-09-23,Mendocino,045,87422,15999,15911,4463,20374,136
2022-09-23,Merced,047,269075,72560,71875,11853,83728,862
2022-09-23,Modoc,049,8938,874,872,322,1194,11
2022-09-23,Mono,051,14174,3205,3198,254,3452,7
2022-09-23,Monterey,053,433212,94111,93829,20987,114816,766
2022-09-23,Napa,055,140530,32126,32094,1402,33496,160
2022-09-23,Nevada,057,99092,18963,18861,1824,20685,132
2022-09-23,Orange,059,3164182,666592,664263,63073,727336,7425
2022-09-23,Placer,061,380077,75705,75381,9497,84878,660
2022-09-23,Plumas,063,18699,3652,3632,432,4064,13
2022-09-23,Riverside,065,2383286,694699,693038,35242,728280,6610
2022-09-23,Sacramento,067,1510023,346114,344748,34039,378787,3282
2022-09-23,San Benito,069,59416,16274,16114,962,17076,106
2022-09-23,San Bernardino,071,2135413,670385,667124,30820,697944,8097
2022-09-23,San Diego,073,3302833,922151,920118,71902,992020,5487
2022-09-23,San Francisco,075,870044,178754,176887,12060,188947,1031
2022-09-23,San Joaquin,077,732212,197575,196573,14883,211456,2306
2022-09-23,San Luis Obispo,079,281455,63178,62950,7105,70055,522
2022-09-23,San Mateo,081,765935,168427,167123,10437,177560,736
2022-09-23,Santa Barbara,083,443738,105578,105185,6848,112033,720
2022-09-23,Santa Clara,085,1922200,435156,429334,18968,448302,2486
2022-09-23,Santa Cruz,087,273765,62928,62704,3441,66145,274
2022-09-23,Shasta,089,179085,34914,34762,7421,42183,592
2022-09-23,Sierra,091,2930,304,303,60,363,5
2022-09-23,Siskiyou,093,43540,5133,5243,3300,8543,90
2022-09-23,Solano,095,438530,105058,104383,7878,112261,463
2022-09-23,Sonoma,097,501317,106674,106322,5260,111582,519
2022-09-23,Stanislaus,099,539301,137730,137340,21571,158911,1752
2022-09-23,Sutter,101,95872,24237,24198,2460,26658,232
2022-09-23,Tehama,103,63373,13612,13528,3068,16596,210
2022-09-23,Trinity,105,12862,1397,1390,388,1778,20
2022-09-23,Tulare,107,460477,121792,121446,36224,157670,1530
2022-09-23,Tuolumne,109,53932,15554,15469,922,16391,196
2022-09-23,Ventura,111,848112,208311,207684,15671,223355,1566
2022-09-23,Yolo,113,214977,47308,47147,4289,51436,335
2022-09-23,Yuba,115,75493,18868,18834,1710,20544,129
2022-09-22,Alameda,001,1643700,346815,345351,19612,364963,2012
2022-09-22,Alpine,002,1148,134,134,1,135,0
2022-09-22,Amador,005,37829,9980,9954,922,10876,90
2022-09-22,Butte,007,227075,39443,39282,9107,48389,453
2022-09-22,Calaveras,009,45235,8490,8475,544,9019,133
2022-09-22,Colusa,011,21464,3791,3775,1271,5046,22
2022-09-22,Contra Costa,013,1133247,250862,248053,20690,268743,1424
2022-09-22,Del Norte,015,27424,7428,7403,398,7801,57
2022-09-22,El Dorado,017,186661,32205,32159,4242,36401,231
2022-09-22,Fresno,019,978130,277842,273381,31588,304969,2850
2022-09-22,Glenn,021,27897,5519,5494,1863,7357,48
2022-09-22,Humboldt,023,135768,21789,21641,4974,26615,156
2022-09-22,Imperial,025,180216,65410,65297,15705,81002,957
2022-09-22,Inyo,027,18085,4486,4481,979,5460,59
2022-09-22,Kern,029,883053,219054,218413,63596,282009,2408
2022-09-22,Kings,031,150075,59373,59288,4096,63384,456
2022-09-22,Lake,033,64148,12788,12731,1181,13912,146
2022-09-22,Lassen,035,31185,9960,9947,992,10939,65
2022-09-22,Los Angeles,037,10098052,3274920,3263510,180265,3443775,33258
2022-09-22,Madera,039,155013,43996,43910,8238,52148,374
2022-09-22,Marin,041,260295,45042,44823,5254,50077,310
2022-09-22,Mariposa,043,17540,3096,3074,343,3417,31
2022-09-22,Mendocino,045,87422,15994,15911,4463,20374,136
2022-09-22,Merced,047,269075,72539,71875,11851,83726,862
2022-09-22,Modoc,049,8938,874,872,322,1194,11
2022-09-22,Mono,051,14174,3204,3198,253,3451,7
2022-09-22,Monterey,053,433212,94092,93829,20978,114807,766
2022-09-22,Napa,055,140530,32108,32094,1401,33495,160
2022-09-22,Nevada,057,99092,18957,18861,1823,20684,132
2022-09-22,Orange,059,3164182,666370,664263,63023,727286,7425
2022-09-22,Placer,061,380077,75673,75381,9491,84872,660
2022-09-22,Plumas,063,18699,3649,3632,432,4064,13
2022-09-22,Riverside,065,2383286,694520,693038,35234,728272,6610
2022-09-22,Sacramento,067,1510023,345955,344748,34019,378767,3282
2022-09-22,San Benito,069,59416,16274,16114,961,17075,106
2022-09-22,San Bernardino,071,2135413,670237,667124,30805,697929,8097
2022-09-22,San Diego,073,3302833,921788,920118,71862,991980,5487
2022-09-22,San Francisco,075,870044,178648,176887,12054,188941,1031
2022-09-22,San Joaquin,077,732212,197527,196573,14875,211448,2306
2022-09-22,San Luis Obispo,079,281455,63160,62950,7103,70053,522
2022-09-22,San Mateo,081,765935,168362,167123,10434,177557,736
2022-09-22,Santa Barbara,083,443738,105548,105185,6845,112030,720
2022-09-22,Santa Clara,085,1922200,434979,429334,18953,448287,2486
2022-09-22,Santa Cruz,087,273765,62884,62704,3430,66134,274
2022-09-22,Shasta,089,179085,34899,34762,7415,42177,592
2022-09-22,Sierra,091,2930,304,303,60,363,5
2022-09-22,Siskiyou,093,43540,5132,5243,3299,8542,90
2022-09-22,Solano,095,438530,104998,104383,7873,112256,463
2022-09-22,Sonoma,097,501317,106638,106322,5259,111581,519
2022-09-22,Stanislaus,099,539301,137697,137340,21568,158908,1752
2022-09-22,Sutter,101,95872,24226,24198,2460,26658,232
2022-09-22,Tehama,103,63373,13606,13528,3066,16594,210
2022-09-22,Trinity,105,12862,1395,1390,388,1778,20
2022-09-22,Tulare,107,460477,121774,121446,36208,157654,1530
2022-09-22,Tuolumne,109,53932,15547,15469,921,16390,196
2022-09-22,Ventura,111,848112,208225,207684,15664,223348,1566
2022-09-22,Yolo,113,214977,47294,47147,4283,51430,335
2022-09-22,Yuba,115,75493,18860,18834,1707,20541,129
2022-09-21,Alameda,001,1643700,346647,345351,19599,364950,2012
2022-09-21,Alpine,002,1148,134,134,1,135,0
2022-09-21,Amador,005,37829,9979,9954,922,10876,90
2022-09-21,Butte,007,227075,39430,39282,9098,48380,453
2022-09-21,Calaveras,009,45235,8487,8475,543,9018,133
2022-09-21,Colusa,011,21464,3791,3775,1271,5046,22
2022-09-21,Contra Costa,013,1133247,250744,248053,20681,268734,1424
2022-09-21,Del Norte,015,27424,7426,7403,398,7801,57
2022-09-21,El Dorado,017,186661,32193,32159,4239,36398,231
2022-09-21,Fresno,019,978130,277765,273381,31576,304957,2850
2022-09-21,Glenn,021,27897,5518,5494,1862,7356,48
2022-09-21,Humboldt,023,135768,21772,21641,4972,26613,156
2022-09-21,Imperial,025,180216,65394,65297,15695,80992,957
2022-09-21,Inyo,027,18085,4486,4481,976,5457,59
2022-09-21,Kern,029,883053,219000,218413,63550,281963,2408
2022-09-21,Kings,031,150075,59357,59288,4096,63384,456
2022-09-21,Lake,033,64148,12781,12731,1180,13911,146
2022-09-21,Lassen,035,31185,9960,9947,992,10939,65
2022-09-21,Los Angeles,037,10098052,3273757,3263510,180097,3443607,33258
2022-09-21,Madera,039,155013,43981,43910,8238,52148,374
2022-09-21,Marin,041,260295,45018,44823,5254,50077,310
2022-09-21,Mariposa,043,17540,3096,3074,343,3417,31
2022-09-21,Mendocino,045,87422,15986,15911,4462,20373,136
2022-09-21,Merced,047,269075,72522,71875,11851,83726,862
2022-09-21,Modoc,049,8938,874,872,322,1194,11
2022-09-21,Mono,051,14174,3204,3198,253,3451,7
2022-09-21,Monterey,053,433212,94071,93829,20969,114798,766
2022-09-21,Napa,055,140530,32101,32094,1401,33495,160
2022-09-21,Nevada,057,99092,18947,18861,1823,20684,132
2022-09-21,Orange,059,3164182,666119,664263,62968,727231,7425
2022-09-21,Placer,061,380077,75639,75381,9487,84868,660
2022-09-21,Plumas,063,18699,3647,3632,432,4064,13
2022-09-21,Riverside,065,2383286,694336,693038,35216,728254,6610
2022-09-21,Sacramento,067,1510023,345801,344748,34002,378750,3282
2022-09-21,San Benito,069,59416,16261,16114,959,17073,106
2022-09-21,San Bernardino,071,2135413,670086,667124,30799,697923,8097
2022-09-21,San Diego,073,3302833,921408,920118,71815,991933,5487
2022-09-21,San Francisco,075,870044,178551,176887,12045,188932,1031
2022-09-21,San Joaquin,077,732212,197472,196573,14869,211442,2306
2022-09-21,San Luis Obispo,079,281455,63142,62950,7096,70046,522
2022-09-21,San Mateo,081,765935,168285,167123,10433,177556,736
2022-09-21,Santa Barbara,083,443738,105502,105185,6843,112028,720
2022-09-21,Santa Clara,085,1922200,434788,429334,18945,448279,2486
2022-09-21,Santa Cruz,087,273765,62837,62704,3426,66130,274
2022-09-21,Shasta,089,179085,34893,34762,7410,42172,592
2022-09-21,Sierra,091,2930,303,303,60,363,5
2022-09-21,Siskiyou,093,43540,5129,5243,3298,8541,90
2022-09-21,Solano,095,438530,104954,104383,7870,112253,463
2022-09-21,Sonoma,097,501317,106604,106322,5253,111575,519
2022-09-21,Stanislaus,099,539301,137663,137340,21558,158898,1752
2022-09-21,Sutter,101,95872,24217,24198,2460,26658,232
2022-09-21,Tehama,103,63373,13600,13528,3066,16594,210
2022-09-21,Trinity,105,12862,1395,1390,388,1778,20
2022-09-21,Tulare,107,460477,121745,121446,36191,157637,1530
2022-09-21,Tuolumne,109,53932,15542,15469,918,16387,196
2022-09-21,Ventura,111,848112,208150,207684,15657,223341,1566
2022-09-21,Yolo,113,214977,47274,47147,4277,51424,335
2022-09-21,Yuba,115,75493,18852,18834,1707,20541,129
2022-09-20,Alameda,001,1643700,346492,345351,19586,364937,2012
2022-09-20,Alpine,002,1148,134,134,1,135,0
2022-09-20,Amador,005,37829,9971,9954,922,10876,90
2022-09-20,Butte,007,227075,39415,39282,9088,48370,453
2022-09-20,Calaveras,009,45235,8485,8475,543,9018,133
2022-09-20,Colusa,011,21464,3791,3775,1271,5046,22
2022-09-20,Contra Costa,013,1133247,250617,248053,20668,268721,1424
2022-09-20,Del Norte,015,27424,7421,7403,398,7801,57
2022-09-20,El Dorado,017,186661,32179,32159,4235,36394,231
2022-09-20,Fresno,019,978130,277688,273381,31563,304944,2850
2022-09-20,Glenn,021,27897,5517,5494,1861,7355,48
2022-09-20,Humboldt,023,135768,21759,21641,4969,26610,156
2022-09-20,Imperial,025,180216,65372,65297,15684,80981,957
2022-09-20,Inyo,027,18085,4485,4481,973,5454,59
2022-09-20,Kern,029,883053,218946,218413,63508,281921,2408
2022-09-20,Kings,031,150075,59334,59288,4095,63383,456
2022-09-20,Lake,033,64148,12778,12731,1180,13911,146
2022-09-20,Lassen,035,31185,9957,9947,992,10939,65
2022-09-20,Los Angeles,037,10098052,3272597,3263510,179950,3443460,33258
2022-09-20,Madera,039,155013,43972,43910,8233,52143,374
2022-09-20,Marin,041,260295,44993,44823,5249,50072,310
2022-09-20,Mariposa,043,17540,3096,3074,343,3417,31
2022-09-20,Mendocino,045,87422,15981,15911,4460,20371,136
2022-09-20,Merced,047,269075,72496,71875,11849,83724,862
2022-09-20,Modoc,049,8938,874,872,322,1194,11
2022-09-20,Mono,051,14174,3204,3198,253,3451,7
2022-09-20,Monterey,053,433212,94052,93829,20960,114789,766
2022-09-20,Napa,055,140530,32092,32094,1400,33494,160
2022-09-20,Nevada,057,99092,18942,18861,1823,20684,132
2022-09-20,Orange,059,3164182,665837,664263,62922,727185,7425
2022-09-20,Placer,061,380077,75610,75381,9482,84863,660
2022-09-20,Plumas,063,18699,3645,3632,432,4064,13
2022-09-20,Riverside,065,2383286,694133,693038,35188,728226,6610
2022-09-20,Sacramento,067,1510023,345648,344748,33978,378726,3282
2022-09-20,San Benito,069,59416,16254,16114,959,17073,106
2022-09-20,San Bernardino,071,2135413,669874,667124,30784,697908,8097
2022-09-20,San Diego,073,3302833,920997,920118,71759,991877,5487
2022-09-20,San Francisco,075,870044,178450,176887,12039,188926,1031
2022-09-20,San Joaquin,077,732212,197411,196573,14864,211437,2306
2022-09-20,San Luis Obispo,079,281455,63125,62950,7088,70038,522
2022-09-20,San Mateo,081,765935,168201,167123,10429,177552,736
2022-09-20,Santa Barbara,083,443738,105466,105185,6838,112023,720
2022-09-20,Santa Clara,085,1922200,434585,429334,18932,448266,2486
2022-09-20,Santa Cruz,087,273765,62815,62704,3421,66125,274
2022-09-20,Shasta,089,179085,34882,34762,7406,42168,592
2022-09-20,Sierra,091,2930,303,303,60,363,5
2022-09-20,Siskiyou,093,43540,5125,5243,3298,8541,90
2022-09-20,Solano,095,438530,104908,104383,7863,112246,463
2022-09-20,Sonoma,097,501317,106551,106322,5252,111574,519
2022-09-20,Stanislaus,099,539301,137619,137340,21553,158893,1752
2022-09-20,Sutter,101,95872,24213,24198,2460,26658,232
2022-09-20,Tehama,103,63373,13598,13528,3066,16594,210
2022-09-20,Trinity,105,12862,1395,1390,388,1778,20
2022-09-20,Tulare,107,460477,121723,121446,36169,157615,1530
2022-09-20,Tuolumne,109,53932,15536,15469,917,16386,196
2022-09-20,Ventura,111,848112,208068,207684,15652,223336,1566
2022-09-20,Yolo,113,214977,47253,47147,4273,51420,335
2022-09-20,Yuba,115,75493,18848,18834,1707,20541,129
2022-09-19,Alameda,001,1643700,346323,344045,19570,363615,2007
2022-09-19,Alpine,002,1148,134,134,1,135,0
2022-09-19,Amador,005,37829,9967,9908,922,10830,90
2022-09-19,Butte,007,227075,39402,39155,9080,48235,453
2022-09-19,Calaveras,009,45235,8480,8455,542,8997,133
2022-09-19,Colusa,011,21464,3789,3765,1271,5036,22
2022-09-19,Contra Costa,013,1133247,250521,247095,20644,267739,1423
2022-09-19,Del Norte,015,27424,7418,7381,398,7779,56
2022-09-19,El Dorado,017,186661,32170,32088,4231,36319,231
2022-09-19,Fresno,019,978130,277601,272774,31555,304329,2839
2022-09-19,Glenn,021,27897,5516,5481,1860,7341,48
2022-09-19,Humboldt,023,135768,21746,21561,4964,26525,155
2022-09-19,Imperial,025,180216,65353,65099,15670,80769,956
2022-09-19,Inyo,027,18085,4484,4472,971,5443,59
2022-09-19,Kern,029,883053,218883,217694,63447,281141,2405
2022-09-19,Kings,031,150075,59320,59122,4095,63217,456
2022-09-19,Lake,033,64148,12772,12696,1180,13876,144
2022-09-19,Lassen,035,31185,9952,9938,992,10930,65
2022-09-19,Los Angeles,037,10098052,3271219,3253906,179768,3433674,33160
2022-09-19,Madera,039,155013,43946,43782,8228,52010,373
2022-09-19,Marin,041,260295,44963,44702,5245,49947,309
2022-09-19,Mariposa,043,17540,3096,3064,343,3407,31
2022-09-19,Mendocino,045,87422,15974,15872,4458,20330,136
2022-09-19,Merced,047,269075,72481,71732,11845,83577,862
2022-09-19,Modoc,049,8938,874,872,322,1194,11
2022-09-19,Mono,051,14174,3204,3191,253,3444,7
2022-09-19,Monterey,053,433212,94018,93692,20947,114639,762
2022-09-19,Napa,055,140530,32077,31979,1399,33378,160
2022-09-19,Nevada,057,99092,18936,18824,1821,20645,132
2022-09-19,Orange,059,3164182,665554,662784,62867,725651,7398
2022-09-19,Placer,061,380077,75588,75159,9480,84639,660
2022-09-19,Plumas,063,18699,3643,3609,432,4041,13
2022-09-19,Riverside,065,2383286,693896,691630,35175,726805,6608
2022-09-19,Sacramento,067,1510023,345499,343926,33958,377884,3267
2022-09-19,San Benito,069,59416,16244,16057,959,17016,106
2022-09-19,San Bernardino,071,2135413,669653,664360,30766,695126,8074
2022-09-19,San Diego,073,3302833,920569,917229,71672,988901,5479
2022-09-19,San Francisco,075,870044,178358,176724,12031,188755,1025
2022-09-19,San Joaquin,077,732212,197318,196128,14857,210985,2304
2022-09-19,San Luis Obispo,079,281455,63103,62716,7082,69798,520
2022-09-19,San Mateo,081,765935,168102,166572,10423,176995,735
2022-09-19,Santa Barbara,083,443738,105424,104912,6833,111745,718
2022-09-19,Santa Clara,085,1922200,434355,428065,18916,446981,2473
2022-09-19,Santa Cruz,087,273765,62785,62480,3415,65895,274
2022-09-19,Shasta,089,179085,34863,34648,7399,42047,591
2022-09-19,Sierra,091,2930,303,303,60,363,5
2022-09-19,Siskiyou,093,43540,5122,5226,3296,8522,90
2022-09-19,Solano,095,438530,104863,104085,7860,111945,462
2022-09-19,Sonoma,097,501317,106494,106028,5252,111280,518
2022-09-19,Stanislaus,099,539301,137573,136981,21542,158523,1727
2022-09-19,Sutter,101,95872,24199,24119,2460,26579,232
2022-09-19,Tehama,103,63373,13593,13503,3065,16568,210
2022-09-19,Trinity,105,12862,1395,1385,388,1773,20
2022-09-19,Tulare,107,460477,121694,121230,36150,157380,1531
2022-09-19,Tuolumne,109,53932,15530,15411,917,16328,196
2022-09-19,Ventura,111,848112,207972,207049,15648,222697,1563
2022-09-19,Yolo,113,214977,47238,47085,4271,51356,334
2022-09-19,Yuba,115,75493,18838,18764,1700,20464,129
2022-09-18,Alameda,001,1643700,346120,344045,19555,363600,2007
2022-09-18,Alpine,002,1148,134,134,1,135,0
2022-09-18,Amador,005,37829,9961,9908,922,10830,90
2022-09-18,Butte,007,227075,39384,39155,9069,48224,453
2022-09-18,Calaveras,009,45235,8474,8455,539,8994,133
2022-09-18,Colusa,011,21464,3788,3765,1271,5036,22
2022-09-18,Contra Costa,013,1133247,250368,247095,20633,267728,1423
2022-09-18,Del Norte,015,27424,7412,7381,398,7779,56
2022-09-18,El Dorado,017,186661,32156,32088,4228,36316,231
2022-09-18,Fresno,019,978130,277502,272774,31530,304304,2839
2022-09-18,Glenn,021,27897,5511,5481,1860,7341,48
2022-09-18,Humboldt,023,135768,21732,21561,4956,26517,155
2022-09-18,Imperial,025,180216,65334,65099,15648,80747,956
2022-09-18,Inyo,027,18085,4482,4472,970,5442,59
2022-09-18,Kern,029,883053,218810,217694,63373,281067,2405
2022-09-18,Kings,031,150075,59302,59122,4091,63213,456
2022-09-18,Lake,033,64148,12766,12696,1177,13873,144
2022-09-18,Lassen,035,31185,9948,9938,992,10930,65
2022-09-18,Los Angeles,037,10098052,3269672,3253906,179602,3433508,33160
2022-09-18,Madera,039,155013,43922,43782,8225,52007,373
2022-09-18,Marin,041,260295,44940,44702,5241,49943,309
2022-09-18,Mariposa,043,17540,3095,3064,343,3407,31
2022-09-18,Mendocino,045,87422,15970,15872,4453,20325,136
2022-09-18,Merced,047,269075,72453,71732,11838,83570,862
2022-09-18,Modoc,049,8938,873,872,322,1194,11
2022-09-18,Mono,051,14174,3204,3191,252,3443,7
2022-09-18,Monterey,053,433212,93989,93692,20931,114623,762
2022-09-18,Napa,055,140530,32061,31979,1399,33378,160
2022-09-18,Nevada,057,99092,18923,18824,1820,20644,132
2022-09-18,Orange,059,3164182,665268,662784,62783,725567,7398
2022-09-18,Placer,061,380077,75551,75159,9471,84630,660
2022-09-18,Plumas,063,18699,3637,3609,432,4041,13
2022-09-18,Riverside,065,2383286,693659,691630,35148,726778,6608
2022-09-18,Sacramento,067,1510023,345314,343926,33926,377852,3267
2022-09-18,San Benito,069,59416,16238,16057,956,17013,106
2022-09-18,San Bernardino,071,2135413,669416,664360,30746,695106,8074
2022-09-18,San Diego,073,3302833,920090,917229,71621,988850,5479
2022-09-18,San Francisco,075,870044,178217,176724,12026,188750,1025
2022-09-18,San Joaquin,077,732212,197238,196128,14851,210979,2304
2022-09-18,San Luis Obispo,079,281455,63083,62716,7073,69789,520
2022-09-18,San Mateo,081,765935,167998,166572,10414,176986,735
2022-09-18,Santa Barbara,083,443738,105378,104912,6829,111741,718
2022-09-18,Santa Clara,085,1922200,434109,428065,18894,446959,2473
2022-09-18,Santa Cruz,087,273765,62755,62480,3410,65890,274
2022-09-18,Shasta,089,179085,34844,34648,7386,42034,591
2022-09-18,Sierra,091,2930,303,303,60,363,5
2022-09-18,Siskiyou,093,43540,5119,5226,3294,8520,90
2022-09-18,Solano,095,438530,104808,104085,7849,111934,462
2022-09-18,Sonoma,097,501317,106438,106028,5249,111277,518
2022-09-18,Stanislaus,099,539301,137520,136981,21530,158511,1727
2022-09-18,Sutter,101,95872,24186,24119,2460,26579,232
2022-09-18,Tehama,103,63373,13583,13503,3063,16566,210
2022-09-18,Trinity,105,12862,1395,1385,384,1769,20
2022-09-18,Tulare,107,460477,121644,121230,36120,157350,1531
2022-09-18,Tuolumne,109,53932,15520,15411,916,16327,196
2022-09-18,Ventura,111,848112,207861,207049,15635,222684,1563
2022-09-18,Yolo,113,214977,47225,47085,4268,51353,334
2022-09-18,Yuba,115,75493,18828,18764,1700,20464,129
2022-09-17,Alameda,001,1643700,346001,344045,19551,363596,2007
2022-09-17,Alpine,002,1148,134,134,1,135,0
2022-09-17,Amador,005,37829,9959,9908,922,10830,90
2022-09-17,Butte,007,227075,39373,39155,9064,48219,453
2022-09-17,Calaveras,009,45235,8470,8455,537,8992,133
2022-09-17,Colusa,011,21464,3784,3765,1271,5036,22
2022-09-17,Contra Costa,013,1133247,250282,247095,20630,267725,1423
2022-09-17,Del Norte,015,27424,7410,7381,398,7779,56
2022-09-17,El Dorado,017,186661,32150,32088,4228,36316,231
2022-09-17,Fresno,019,978130,277456,272774,31520,304294,2839
2022-09-17,Glenn,021,27897,5507,5481,1858,7339,48
2022-09-17,Humboldt,023,135768,21724,21561,4950,26511,155
2022-09-17,Imperial,025,180216,65313,65099,15640,80739,956
2022-09-17,Inyo,027,18085,4482,4472,968,5440,59
2022-09-17,Kern,029,883053,218773,217694,63330,281024,2405
2022-09-17,Kings,031,150075,59291,59122,4089,63211,456
2022-09-17,Lake,033,64148,12765,12696,1177,13873,144
2022-09-17,Lassen,035,31185,9948,9938,992,10930,65
2022-09-17,Los Angeles,037,10098052,3268844,3253906,179456,3433362,33160
2022-09-17,Madera,039,155013,43915,43782,8225,52007,373
2022-09-17,Marin,041,260295,44924,44702,5237,49939,309
2022-09-17,Mariposa,043,17540,3094,3064,343,3407,31
2022-09-17,Mendocino,045,87422,15968,15872,4453,20325,136
2022-09-17,Merced,047,269075,72439,71732,11834,83566,862
2022-09-17,Modoc,049,8938,873,872,322,1194,11
2022-09-17,Mono,051,14174,3204,3191,252,3443,7
2022-09-17,Monterey,053,433212,93976,93692,20922,114614,762
2022-09-17,Napa,055,140530,32055,31979,1398,33377,160
2022-09-17,Nevada,057,99092,18914,18824,1818,20642,132
2022-09-17,Orange,059,3164182,665095,662784,62742,725526,7398
2022-09-17,Placer,061,380077,75516,75159,9465,84624,660
2022-09-17,Plumas,063,18699,3635,3609,432,4041,13
2022-09-17,Riverside,065,2383286,693516,691630,35130,726760,6608
2022-09-17,Sacramento,067,1510023,345237,343926,33905,377831,3267
2022-09-17,San Benito,069,59416,16233,16057,955,17012,106
2022-09-17,San Bernardino,071,2135413,669285,664360,30735,695095,8074
2022-09-17,San Diego,073,3302833,919912,917229,71600,988829,5479
2022-09-17,San Francisco,075,870044,178156,176724,12022,188746,1025
2022-09-17,San Joaquin,077,732212,197213,196128,14848,210976,2304
2022-09-17,San Luis Obispo,079,281455,63072,62716,7073,69789,520
2022-09-17,San Mateo,081,765935,167933,166572,10406,176978,735
2022-09-17,Santa Barbara,083,443738,105348,104912,6828,111740,718
2022-09-17,Santa Clara,085,1922200,433968,428065,18887,446952,2473
2022-09-17,Santa Cruz,087,273765,62747,62480,3410,65890,274
2022-09-17,Shasta,089,179085,34833,34648,7381,42029,591
2022-09-17,Sierra,091,2930,303,303,60,363,5
2022-09-17,Siskiyou,093,43540,5118,5226,3293,8519,90
2022-09-17,Solano,095,438530,104797,104085,7846,111931,462
2022-09-17,Sonoma,097,501317,106402,106028,5248,111276,518
2022-09-17,Stanislaus,099,539301,137495,136981,21524,158505,1727
2022-09-17,Sutter,101,95872,24180,24119,2460,26579,232
2022-09-17,Tehama,103,63373,13581,13503,3062,16565,210
2022-09-17,Trinity,105,12862,1395,1385,384,1769,20
2022-09-17,Tulare,107,460477,121626,121230,36108,157338,1531
2022-09-17,Tuolumne,109,53932,15514,15411,916,16327,196
2022-09-17,Ventura,111,848112,207815,207049,15626,222675,1563
2022-09-17,Yolo,113,214977,47215,47085,4263,51348,334
2022-09-17,Yuba,115,75493,18825,18764,1700,20464,129
2022-09-16,Alameda,001,1643700,345866,344045,19538,363583,2007
2022-09-16,Alpine,002,1148,134,134,1,135,0
2022-09-16,Amador,005,37829,9957,9908,922,10830,90
2022-09-16,Butte,007,227075,39357,39155,9061,48216,453
2022-09-16,Calaveras,009,45235,8467,8455,537,8992,133
2022-09-16,Colusa,011,21464,3783,3765,1271,5036,22
2022-09-16,Contra Costa,013,1133247,250197,247095,20623,267718,1423
2022-09-16,Del Norte,015,27424,7409,7381,398,7779,56
2022-09-16,El Dorado,017,186661,32143,32088,4226,36314,231
2022-09-16,Fresno,019,978130,277416,272774,31511,304285,2839
2022-09-16,Glenn,021,27897,5507,5481,1858,7339,48
2022-09-16,Humboldt,023,135768,21714,21561,4950,26511,155
2022-09-16,Imperial,025,180216,65300,65099,15635,80734,956
2022-09-16,Inyo,027,18085,4482,4472,966,5438,59
2022-09-16,Kern,029,883053,218731,217694,63308,281002,2405
2022-09-16,Kings,031,150075,59276,59122,4089,63211,456
2022-09-16,Lake,033,64148,12761,12696,1177,13873,144
2022-09-16,Lassen,035,31185,9947,9938,991,10929,65
2022-09-16,Los Angeles,037,10098052,3267951,3253906,179353,3433259,33160
2022-09-16,Madera,039,155013,43901,43782,8225,52007,373
2022-09-16,Marin,041,260295,44902,44702,5234,49936,309
2022-09-16,Mariposa,043,17540,3093,3064,343,3407,31
2022-09-16,Mendocino,045,87422,15963,15872,4452,20324,136
2022-09-16,Merced,047,269075,72424,71732,11832,83564,862
2022-09-16,Modoc,049,8938,873,872,322,1194,11
2022-09-16,Mono,051,14174,3204,3191,252,3443,7
2022-09-16,Monterey,053,433212,93959,93692,20919,114611,762
2022-09-16,Napa,055,140530,32045,31979,1397,33376,160
2022-09-16,Nevada,057,99092,18909,18824,1818,20642,132
2022-09-16,Orange,059,3164182,664931,662784,62685,725469,7398
2022-09-16,Placer,061,380077,75498,75159,9460,84619,660
2022-09-16,Plumas,063,18699,3633,3609,432,4041,13
2022-09-16,Riverside,065,2383286,693398,691630,35112,726742,6608
2022-09-16,Sacramento,067,1510023,345142,343926,33898,377824,3267
2022-09-16,San Benito,069,59416,16226,16057,955,17012,106
2022-09-16,San Bernardino,071,2135413,669138,664360,30726,695086,8074
2022-09-16,San Diego,073,3302833,919632,917229,71573,988802,5479
2022-09-16,San Francisco,075,870044,178097,176724,12016,188740,1025
2022-09-16,San Joaquin,077,732212,197177,196128,14844,210972,2304
2022-09-16,San Luis Obispo,079,281455,63056,62716,7072,69788,520
2022-09-16,San Mateo,081,765935,167864,166572,10402,176974,735
2022-09-16,Santa Barbara,083,443738,105322,104912,6826,111738,718
2022-09-16,Santa Clara,085,1922200,433831,428065,18877,446942,2473
2022-09-16,Santa Cruz,087,273765,62726,62480,3410,65890,274
2022-09-16,Shasta,089,179085,34827,34648,7377,42025,591
2022-09-16,Sierra,091,2930,303,303,60,363,5
2022-09-16,Siskiyou,093,43540,5116,5226,3293,8519,90
2022-09-16,Solano,095,438530,104773,104085,7843,111928,462
2022-09-16,Sonoma,097,501317,106371,106028,5248,111276,518
2022-09-16,Stanislaus,099,539301,137458,136981,21521,158502,1727
2022-09-16,Sutter,101,95872,24167,24119,2460,26579,232
2022-09-16,Tehama,103,63373,13579,13503,3061,16564,210
2022-09-16,Trinity,105,12862,1395,1385,384,1769,20
2022-09-16,Tulare,107,460477,121600,121230,36090,157320,1531
2022-09-16,Tuolumne,109,53932,15503,15411,916,16327,196
2022-09-16,Ventura,111,848112,207746,207049,15615,222664,1563
2022-09-16,Yolo,113,214977,47204,47085,4258,51343,334
2022-09-16,Yuba,115,75493,18816,18764,1700,20464,129
2022-09-15,Alameda,001,1643700,345692,344045,19525,363570,2007
2022-09-15,Alpine,002,1148,134,134,1,135,0
2022-09-15,Amador,005,37829,9953,9908,922,10830,90
2022-09-15,Butte,007,227075,39347,39155,9056,48211,453
2022-09-15,Calaveras,009,45235,8465,8455,534,8989,133
2022-09-15,Colusa,011,21464,3782,3765,1271,5036,22
2022-09-15,Contra Costa,013,1133247,250065,247095,20605,267700,1423
2022-09-15,Del Norte,015,27424,7406,7381,398,7779,56
2022-09-15,El Dorado,017,186661,32134,32088,4224,36312,231
2022-09-15,Fresno,019,978130,277312,272774,31501,304275,2839
2022-09-15,Glenn,021,27897,5507,5481,1857,7338,48
2022-09-15,Humboldt,023,135768,21697,21561,4942,26503,155
2022-09-15,Imperial,025,180216,65276,65099,15620,80719,956
2022-09-15,Inyo,027,18085,4482,4472,963,5435,59
2022-09-15,Kern,029,883053,218673,217694,63253,280947,2405
2022-09-15,Kings,031,150075,59258,59122,4089,63211,456
2022-09-15,Lake,033,64148,12758,12696,1176,13872,144
2022-09-15,Lassen,035,31185,9946,9938,991,10929,65
2022-09-15,Los Angeles,037,10098052,3266791,3253906,179192,3433098,33160
2022-09-15,Madera,039,155013,43890,43782,8222,52004,373
2022-09-15,Marin,041,260295,44884,44702,5231,49933,309
2022-09-15,Mariposa,043,17540,3092,3064,342,3406,31
2022-09-15,Mendocino,045,87422,15952,15872,4450,20322,136
2022-09-15,Merced,047,269075,72402,71732,11828,83560,862
2022-09-15,Modoc,049,8938,873,872,321,1193,11
2022-09-15,Mono,051,14174,3204,3191,250,3441,7
2022-09-15,Monterey,053,433212,93938,93692,20909,114601,762
2022-09-15,Napa,055,140530,32032,31979,1397,33376,160
2022-09-15,Nevada,057,99092,18901,18824,1815,20639,132
2022-09-15,Orange,059,3164182,664700,662784,62610,725394,7398
2022-09-15,Placer,061,380077,75461,75159,9455,84614,660
2022-09-15,Plumas,063,18699,3633,3609,432,4041,13
2022-09-15,Riverside,065,2383286,693226,691630,35095,726725,6608
2022-09-15,Sacramento,067,1510023,344989,343926,33868,377794,3267
2022-09-15,San Benito,069,59416,16220,16057,955,17012,106
2022-09-15,San Bernardino,071,2135413,668943,664360,30710,695070,8074
2022-09-15,San Diego,073,3302833,919273,917229,71533,988762,5479
2022-09-15,San Francisco,075,870044,177990,176724,12009,188733,1025
2022-09-15,San Joaquin,077,732212,197109,196128,14831,210959,2304
2022-09-15,San Luis Obispo,079,281455,63032,62716,7069,69785,520
2022-09-15,San Mateo,081,765935,167773,166572,10393,176965,735
2022-09-15,Santa Barbara,083,443738,105282,104912,6820,111732,718
2022-09-15,Santa Clara,085,1922200,433624,428065,18862,446927,2473
2022-09-15,Santa Cruz,087,273765,62704,62480,3406,65886,274
2022-09-15,Shasta,089,179085,34821,34648,7369,42017,591
2022-09-15,Sierra,091,2930,303,303,60,363,5
2022-09-15,Siskiyou,093,43540,5112,5226,3290,8516,90
2022-09-15,Solano,095,438530,104731,104085,7837,111922,462
2022-09-15,Sonoma,097,501317,106334,106028,5246,111274,518
2022-09-15,Stanislaus,099,539301,137415,136981,21517,158498,1727
2022-09-15,Sutter,101,95872,24159,24119,2460,26579,232
2022-09-15,Tehama,103,63373,13574,13503,3059,16562,210
2022-09-15,Trinity,105,12862,1394,1385,383,1768,20
2022-09-15,Tulare,107,460477,121573,121230,36070,157300,1531
2022-09-15,Tuolumne,109,53932,15494,15411,916,16327,196
2022-09-15,Ventura,111,848112,207651,207049,15601,222650,1563
2022-09-15,Yolo,113,214977,47191,47085,4256,51341,334
2022-09-15,Yuba,115,75493,18808,18764,1698,20462,129
2022-09-14,Alameda,001,1643700,345510,344045,19513,363558,2007
2022-09-14,Alpine,002,1148,134,134,1,135,0
2022-09-14,Amador,005,37829,9947,9908,922,10830,90
2022-09-14,Butte,007,227075,39328,39155,9049,48204,453
2022-09-14,Calaveras,009,45235,8459,8455,532,8987,133
2022-09-14,Colusa,011,21464,3779,3765,1271,5036,22
2022-09-14,Contra Costa,013,1133247,249955,247095,20591,267686,1423
2022-09-14,Del Norte,015,27424,7403,7381,398,7779,56
2022-09-14,El Dorado,017,186661,32122,32088,4218,36306,231
2022-09-14,Fresno,019,978130,277218,272774,31486,304260,2839
2022-09-14,Glenn,021,27897,5507,5481,1854,7335,48
2022-09-14,Humboldt,023,135768,21675,21561,4939,26500,155
2022-09-14,Imperial,025,180216,65250,65099,15603,80702,956
2022-09-14,Inyo,027,18085,4480,4472,961,5433,59
2022-09-14,Kern,029,883053,218612,217694,63196,280890,2405
2022-09-14,Kings,031,150075,59236,59122,4085,63207,456
2022-09-14,Lake,033,64148,12750,12696,1175,13871,144
2022-09-14,Lassen,035,31185,9946,9938,989,10927,65
2022-09-14,Los Angeles,037,10098052,3265542,3253906,179046,3432952,33160
2022-09-14,Madera,039,155013,43860,43782,8217,51999,373
2022-09-14,Marin,041,260295,44862,44702,5223,49925,309
2022-09-14,Mariposa,043,17540,3091,3064,342,3406,31
2022-09-14,Mendocino,045,87422,15947,15872,4449,20321,136
2022-09-14,Merced,047,269075,72374,71732,11818,83550,862
2022-09-14,Modoc,049,8938,872,872,320,1192,11
2022-09-14,Mono,051,14174,3204,3191,249,3440,7
2022-09-14,Monterey,053,433212,93919,93692,20901,114593,762
2022-09-14,Napa,055,140530,32018,31979,1393,33372,160
2022-09-14,Nevada,057,99092,18890,18824,1813,20637,132
2022-09-14,Orange,059,3164182,664413,662784,62556,725340,7398
2022-09-14,Placer,061,380077,75430,75159,9452,84611,660
2022-09-14,Plumas,063,18699,3627,3609,432,4041,13
2022-09-14,Riverside,065,2383286,692992,691630,35066,726696,6608
2022-09-14,Sacramento,067,1510023,344832,343926,33827,377753,3267
2022-09-14,San Benito,069,59416,16212,16057,955,17012,106
2022-09-14,San Bernardino,071,2135413,668749,664360,30694,695054,8074
2022-09-14,San Diego,073,3302833,918893,917229,71485,988714,5479
2022-09-14,San Francisco,075,870044,177891,176724,12002,188726,1025
2022-09-14,San Joaquin,077,732212,197040,196128,14819,210947,2304
2022-09-14,San Luis Obispo,079,281455,63008,62716,7064,69780,520
2022-09-14,San Mateo,081,765935,167695,166572,10388,176960,735
2022-09-14,Santa Barbara,083,443738,105247,104912,6818,111730,718
2022-09-14,Santa Clara,085,1922200,433429,428065,18851,446916,2473
2022-09-14,Santa Cruz,087,273765,62690,62480,3404,65884,274
2022-09-14,Shasta,089,179085,34809,34648,7359,42007,591
2022-09-14,Sierra,091,2930,303,303,60,363,5
2022-09-14,Siskiyou,093,43540,5108,5226,3289,8515,90
2022-09-14,Solano,095,438530,104698,104085,7832,111917,462
2022-09-14,Sonoma,097,501317,106281,106028,5242,111270,518
2022-09-14,Stanislaus,099,539301,137348,136981,21507,158488,1727
2022-09-14,Sutter,101,95872,24146,24119,2460,26579,232
2022-09-14,Tehama,103,63373,13573,13503,3056,16559,210
2022-09-14,Trinity,105,12862,1394,1385,379,1764,20
2022-09-14,Tulare,107,460477,121548,121230,36047,157277,1531
2022-09-14,Tuolumne,109,53932,15486,15411,916,16327,196
2022-09-14,Ventura,111,848112,207562,207049,15591,222640,1563
2022-09-14,Yolo,113,214977,47182,47085,4250,51335,334
2022-09-14,Yuba,115,75493,18801,18764,1697,20461,129
2022-09-13,Alameda,001,1643700,345318,344045,19502,363547,2007
2022-09-13,Alpine,002,1148,134,134,1,135,0
2022-09-13,Amador,005,37829,9942,9908,922,10830,90
2022-09-13,Butte,007,227075,39300,39155,9043,48198,453
2022-09-13,Calaveras,009,45235,8456,8455,530,8985,133
2022-09-13,Colusa,011,21464,3777,3765,1271,5036,22
2022-09-13,Contra Costa,013,1133247,249823,247095,20581,267676,1423
2022-09-13,Del Norte,015,27424,7399,7381,398,7779,56
2022-09-13,El Dorado,017,186661,32108,32088,4214,36302,231
2022-09-13,Fresno,019,978130,277124,272774,31467,304241,2839
2022-09-13,Glenn,021,27897,5506,5481,1852,7333,48
2022-09-13,Humboldt,023,135768,21656,21561,4930,26491,155
2022-09-13,Imperial,025,180216,65227,65099,15593,80692,956
2022-09-13,Inyo,027,18085,4478,4472,958,5430,59
2022-09-13,Kern,029,883053,218520,217694,63112,280806,2405
2022-09-13,Kings,031,150075,59200,59122,4083,63205,456
2022-09-13,Lake,033,64148,12744,12696,1175,13871,144
2022-09-13,Lassen,035,31185,9946,9938,986,10924,65
2022-09-13,Los Angeles,037,10098052,3264219,3253906,178895,3432801,33160
2022-09-13,Madera,039,155013,43849,43782,8209,51991,373
2022-09-13,Marin,041,260295,44846,44702,5219,49921,309
2022-09-13,Mariposa,043,17540,3089,3064,342,3406,31
2022-09-13,Mendocino,045,87422,15942,15872,4445,20317,136
2022-09-13,Merced,047,269075,72351,71732,11815,83547,862
2022-09-13,Modoc,049,8938,872,872,320,1192,11
2022-09-13,Mono,051,14174,3204,3191,249,3440,7
2022-09-13,Monterey,053,433212,93890,93692,20889,114581,762
2022-09-13,Napa,055,140530,31998,31979,1393,33372,160
2022-09-13,Nevada,057,99092,18879,18824,1811,20635,132
2022-09-13,Orange,059,3164182,664128,662784,62486,725270,7398
2022-09-13,Placer,061,380077,75396,75159,9448,84607,660
2022-09-13,Plumas,063,18699,3624,3609,432,4041,13
2022-09-13,Riverside,065,2383286,692768,691630,35042,726672,6608
2022-09-13,Sacramento,067,1510023,344650,343926,33792,377718,3267
2022-09-13,San Benito,069,59416,16203,16057,955,17012,106
2022-09-13,San Bernardino,071,2135413,668503,664360,30675,695035,8074
2022-09-13,San Diego,073,3302833,918490,917229,71446,988675,5479
2022-09-13,San Francisco,075,870044,177785,176724,11996,188720,1025
2022-09-13,San Joaquin,077,732212,196957,196128,14809,210937,2304
2022-09-13,San Luis Obispo,079,281455,62978,62716,7056,69772,520
2022-09-13,San Mateo,081,765935,167610,166572,10385,176957,735
2022-09-13,Santa Barbara,083,443738,105192,104912,6811,111723,718
2022-09-13,Santa Clara,085,1922200,433198,428065,18839,446904,2473
2022-09-13,Santa Cruz,087,273765,62665,62480,3402,65882,274
2022-09-13,Shasta,089,179085,34785,34648,7355,42003,591
2022-09-13,Sierra,091,2930,303,303,60,363,5
2022-09-13,Siskiyou,093,43540,5104,5226,3288,8514,90
2022-09-13,Solano,095,438530,104642,104085,7823,111908,462
2022-09-13,Sonoma,097,501317,106225,106028,5240,111268,518
2022-09-13,Stanislaus,099,539301,137298,136981,21501,158482,1727
2022-09-13,Sutter,101,95872,24135,24119,2459,26578,232
2022-09-13,Tehama,103,63373,13564,13503,3055,16558,210
2022-09-13,Trinity,105,12862,1393,1385,379,1764,20
2022-09-13,Tulare,107,460477,121517,121230,36017,157247,1531
2022-09-13,Tuolumne,109,53932,15480,15411,916,16327,196
2022-09-13,Ventura,111,848112,207467,207049,15575,222624,1563
2022-09-13,Yolo,113,214977,47170,47085,4245,51330,334
2022-09-13,Yuba,115,75493,18792,18764,1696,20460,129
2022-09-12,Alameda,001,1643700,345097,343017,19485,362502,2006
2022-09-12,Alpine,002,1148,134,134,1,135,0
2022-09-12,Amador,005,37829,9934,9890,921,10811,89
2022-09-12,Butte,007,227075,39281,39049,9034,48083,453
2022-09-12,Calaveras,009,45235,8452,8444,530,8974,133
2022-09-12,Colusa,011,21464,3776,3755,1270,5025,22
2022-09-12,Contra Costa,013,1133247,249693,246174,20563,266737,1415
2022-09-12,Del Norte,015,27424,7396,7354,398,7752,56
2022-09-12,El Dorado,017,186661,32091,32027,4208,36235,229
2022-09-12,Fresno,019,978130,276997,272161,31447,303608,2835
2022-09-12,Glenn,021,27897,5502,5473,1852,7325,48
2022-09-12,Humboldt,023,135768,21640,21494,4919,26413,155
2022-09-12,Imperial,025,180216,65203,64926,15575,80501,956
2022-09-12,Inyo,027,18085,4476,4465,956,5421,59
2022-09-12,Kern,029,883053,218443,217203,63042,280245,2404
2022-09-12,Kings,031,150075,59183,58980,4079,63059,455
2022-09-12,Lake,033,64148,12735,12663,1172,13835,144
2022-09-12,Lassen,035,31185,9945,9931,986,10917,64
2022-09-12,Los Angeles,037,10098052,3262694,3246402,178707,3425109,33094
2022-09-12,Madera,039,155013,43837,43599,8199,51798,373
2022-09-12,Marin,041,260295,44826,44584,5215,49799,305
2022-09-12,Mariposa,043,17540,3084,3058,342,3400,31
2022-09-12,Mendocino,045,87422,15931,15853,4437,20290,135
2022-09-12,Merced,047,269075,72311,71563,11802,83365,856
2022-09-12,Modoc,049,8938,872,872,318,1190,11
2022-09-12,Mono,051,14174,3200,3188,249,3437,7
2022-09-12,Monterey,053,433212,93856,93513,20865,114378,762
2022-09-12,Napa,055,140530,31976,31910,1393,33303,158
2022-09-12,Nevada,057,99092,18870,18784,1810,20594,132
2022-09-12,Orange,059,3164182,663832,661329,62408,723737,7371
2022-09-12,Placer,061,380077,75365,74994,9443,84437,657
2022-09-12,Plumas,063,18699,3621,3594,431,4025,13
2022-09-12,Riverside,065,2383286,692482,690018,35019,725037,6596
2022-09-12,Sacramento,067,1510023,344481,343048,33760,376808,3254
2022-09-12,San Benito,069,59416,16190,16000,955,16955,103
2022-09-12,San Bernardino,071,2135413,668189,662248,30658,692906,8057
2022-09-12,San Diego,073,3302833,918007,915648,71397,987045,5474
2022-09-12,San Francisco,075,870044,177668,176512,11989,188501,1022
2022-09-12,San Joaquin,077,732212,196861,195697,14796,210493,2303
2022-09-12,San Luis Obispo,079,281455,62948,62569,7051,69620,519
2022-09-12,San Mateo,081,765935,167517,166165,10375,176540,735
2022-09-12,Santa Barbara,083,443738,105155,104627,6807,111434,717
2022-09-12,Santa Clara,085,1922200,432941,426854,18825,445679,2478
2022-09-12,Santa Cruz,087,273765,62637,62255,3401,65656,274
2022-09-12,Shasta,089,179085,34763,34531,7349,41880,591
2022-09-12,Sierra,091,2930,303,303,60,363,5
2022-09-12,Siskiyou,093,43540,5101,5197,3285,8482,90
2022-09-12,Solano,095,438530,104589,103841,7814,111655,461
2022-09-12,Sonoma,097,501317,106176,105778,5233,111011,521
2022-09-12,Stanislaus,099,539301,137240,136674,21496,158170,1726
2022-09-12,Sutter,101,95872,24124,24037,2457,26494,228
2022-09-12,Tehama,103,63373,13558,13471,3054,16525,210
2022-09-12,Trinity,105,12862,1392,1383,378,1761,20
2022-09-12,Tulare,107,460477,121460,120972,35986,156958,1529
2022-09-12,Tuolumne,109,53932,15471,15362,916,16278,196
2022-09-12,Ventura,111,848112,207357,206442,15560,222002,1558
2022-09-12,Yolo,113,214977,47155,46989,4243,51232,334
2022-09-12,Yuba,115,75493,18778,18709,1691,20400,129
2022-09-11,Alameda,001,1643700,344830,343017,19462,362479,2006
2022-09-11,Alpine,002,1148,134,134,1,135,0
2022-09-11,Amador,005,37829,9927,9890,918,10808,89
2022-09-11,Butte,007,227075,39246,39049,9027,48076,453
2022-09-11,Calaveras,009,45235,8449,8444,529,8973,133
2022-09-11,Colusa,011,21464,3774,3755,1268,5023,22
2022-09-11,Contra Costa,013,1133247,249527,246174,20535,266709,1415
2022-09-11,Del Norte,015,27424,7391,7354,397,7751,56
2022-09-11,El Dorado,017,186661,32075,32027,4200,36227,229
2022-09-11,Fresno,019,978130,276886,272161,31425,303586,2835
2022-09-11,Glenn,021,27897,5499,5473,1852,7325,48
2022-09-11,Humboldt,023,135768,21621,21494,4906,26400,155
2022-09-11,Imperial,025,180216,65160,64926,15547,80473,956
2022-09-11,Inyo,027,18085,4475,4465,947,5412,59
2022-09-11,Kern,029,883053,218337,217203,62941,280144,2404
2022-09-11,Kings,031,150075,59146,58980,4076,63056,455
2022-09-11,Lake,033,64148,12721,12663,1169,13832,144
2022-09-11,Lassen,035,31185,9939,9931,986,10917,64
2022-09-11,Los Angeles,037,10098052,3260956,3246402,178464,3424866,33094
2022-09-11,Madera,039,155013,43805,43599,8192,51791,373
2022-09-11,Marin,041,260295,44799,44584,5213,49797,305
2022-09-11,Mariposa,043,17540,3081,3058,342,3400,31
2022-09-11,Mendocino,045,87422,15921,15853,4431,20284,135
2022-09-11,Merced,047,269075,72274,71563,11791,83354,856
2022-09-11,Modoc,049,8938,872,872,317,1189,11
2022-09-11,Mono,051,14174,3197,3188,249,3437,7
2022-09-11,Monterey,053,433212,93826,93513,20847,114360,762
2022-09-11,Napa,055,140530,31955,31910,1392,33302,158
2022-09-11,Nevada,057,99092,18860,18784,1806,20590,132
2022-09-11,Orange,059,3164182,663532,661329,62337,723666,7371
2022-09-11,Placer,061,380077,75332,74994,9436,84430,657
2022-09-11,Plumas,063,18699,3615,3594,431,4025,13
2022-09-11,Riverside,065,2383286,692200,690018,34989,725007,6596
2022-09-11,Sacramento,067,1510023,344277,343048,33697,376745,3254
2022-09-11,San Benito,069,59416,16181,16000,951,16951,103
2022-09-11,San Bernardino,071,2135413,667866,662248,30640,692888,8057
2022-09-11,San Diego,073,3302833,917464,915648,71334,986982,5474
2022-09-11,San Francisco,075,870044,177514,176512,11975,188487,1022
2022-09-11,San Joaquin,077,732212,196757,195697,14775,210472,2303
2022-09-11,San Luis Obispo,079,281455,62916,62569,7037,69606,519
2022-09-11,San Mateo,081,765935,167403,166165,10370,176535,735
2022-09-11,Santa Barbara,083,443738,105114,104627,6803,111430,717
2022-09-11,Santa Clara,085,1922200,432652,426854,18809,445663,2478
2022-09-11,Santa Cruz,087,273765,62601,62255,3397,65652,274
2022-09-11,Shasta,089,179085,34732,34531,7341,41872,591
2022-09-11,Sierra,091,2930,303,303,60,363,5
2022-09-11,Siskiyou,093,43540,5099,5197,3279,8476,90
2022-09-11,Solano,095,438530,104508,103841,7808,111649,461
2022-09-11,Sonoma,097,501317,106109,105778,5227,111005,521
2022-09-11,Stanislaus,099,539301,137173,136674,21480,158154,1726
2022-09-11,Sutter,101,95872,24102,24037,2456,26493,228
2022-09-11,Tehama,103,63373,13544,13471,3051,16522,210
2022-09-11,Trinity,105,12862,1392,1383,378,1761,20
2022-09-11,Tulare,107,460477,121407,120972,35954,156926,1529
2022-09-11,Tuolumne,109,53932,15462,15362,916,16278,196
2022-09-11,Ventura,111,848112,207216,206442,15536,221978,1558
2022-09-11,Yolo,113,214977,47127,46989,4240,51229,334
2022-09-11,Yuba,115,75493,18769,18709,1688,20397,129
2022-09-10,Alameda,001,1643700,344691,343017,19456,362473,2006
2022-09-10,Alpine,002,1148,134,134,1,135,0
2022-09-10,Amador,005,37829,9924,9890,917,10807,89
2022-09-10,Butte,007,227075,39229,39049,9026,48075,453
2022-09-10,Calaveras,009,45235,8447,8444,529,8973,133
2022-09-10,Colusa,011,21464,3773,3755,1268,5023,22
2022-09-10,Contra Costa,013,1133247,249417,246174,20525,266699,1415
2022-09-10,Del Norte,015,27424,7388,7354,397,7751,56
2022-09-10,El Dorado,017,186661,32067,32027,4199,36226,229
2022-09-10,Fresno,019,978130,276801,272161,31414,303575,2835
2022-09-10,Glenn,021,27897,5496,5473,1851,7324,48
2022-09-10,Humboldt,023,135768,21612,21494,4902,26396,155
2022-09-10,Imperial,025,180216,65138,64926,15536,80462,956
2022-09-10,Inyo,027,18085,4475,4465,947,5412,59
2022-09-10,Kern,029,883053,218283,217203,62901,280104,2404
2022-09-10,Kings,031,150075,59136,58980,4076,63056,455
2022-09-10,Lake,033,64148,12718,12663,1169,13832,144
2022-09-10,Lassen,035,31185,9938,9931,986,10917,64
2022-09-10,Los Angeles,037,10098052,3260019,3246402,178319,3424721,33094
2022-09-10,Madera,039,155013,43788,43599,8189,51788,373
2022-09-10,Marin,041,260295,44774,44584,5208,49792,305
2022-09-10,Mariposa,043,17540,3081,3058,341,3399,31
2022-09-10,Mendocino,045,87422,15918,15853,4429,20282,135
2022-09-10,Merced,047,269075,72260,71563,11788,83351,856
2022-09-10,Modoc,049,8938,872,872,316,1188,11
2022-09-10,Mono,051,14174,3196,3188,249,3437,7
2022-09-10,Monterey,053,433212,93805,93513,20843,114356,762
2022-09-10,Napa,055,140530,31947,31910,1392,33302,158
2022-09-10,Nevada,057,99092,18856,18784,1806,20590,132
2022-09-10,Orange,059,3164182,663358,661329,62299,723628,7371
2022-09-10,Placer,061,380077,75303,74994,9434,84428,657
2022-09-10,Plumas,063,18699,3611,3594,431,4025,13
2022-09-10,Riverside,065,2383286,692018,690018,34978,724996,6596
2022-09-10,Sacramento,067,1510023,344183,343048,33687,376735,3254
2022-09-10,San Benito,069,59416,16174,16000,951,16951,103
2022-09-10,San Bernardino,071,2135413,667706,662248,30625,692873,8057
2022-09-10,San Diego,073,3302833,917236,915648,71310,986958,5474
2022-09-10,San Francisco,075,870044,177456,176512,11972,188484,1022
2022-09-10,San Joaquin,077,732212,196706,195697,14767,210464,2303
2022-09-10,San Luis Obispo,079,281455,62903,62569,7035,69604,519
2022-09-10,San Mateo,081,765935,167328,166165,10362,176527,735
2022-09-10,Santa Barbara,083,443738,105093,104627,6801,111428,717
2022-09-10,Santa Clara,085,1922200,432428,426854,18798,445652,2478
2022-09-10,Santa Cruz,087,273765,62590,62255,3395,65650,274
2022-09-10,Shasta,089,179085,34721,34531,7338,41869,591
2022-09-10,Sierra,091,2930,303,303,60,363,5
2022-09-10,Siskiyou,093,43540,5099,5197,3279,8476,90
2022-09-10,Solano,095,438530,104483,103841,7805,111646,461
2022-09-10,Sonoma,097,501317,106087,105778,5227,111005,521
2022-09-10,Stanislaus,099,539301,137133,136674,21474,158148,1726
2022-09-10,Sutter,101,95872,24087,24037,2456,26493,228
2022-09-10,Tehama,103,63373,13543,13471,3051,16522,210
2022-09-10,Trinity,105,12862,1392,1383,378,1761,20
2022-09-10,Tulare,107,460477,121381,120972,35941,156913,1529
2022-09-10,Tuolumne,109,53932,15456,15362,916,16278,196
2022-09-10,Ventura,111,848112,207147,206442,15522,221964,1558
2022-09-10,Yolo,113,214977,47117,46989,4237,51226,334
2022-09-10,Yuba,115,75493,18761,18709,1687,20396,129
2022-09-09,Alameda,001,1643700,344513,343017,19448,362465,2006
2022-09-09,Alpine,002,1148,134,134,1,135,0
2022-09-09,Amador,005,37829,9919,9890,917,10807,89
2022-09-09,Butte,007,227075,39216,39049,9021,48070,453
2022-09-09,Calaveras,009,45235,8445,8444,529,8973,133
2022-09-09,Colusa,011,21464,3771,3755,1267,5022,22
2022-09-09,Contra Costa,013,1133247,249340,246174,20514,266688,1415
2022-09-09,Del Norte,015,27424,7387,7354,397,7751,56
2022-09-09,El Dorado,017,186661,32059,32027,4197,36224,229
2022-09-09,Fresno,019,978130,276731,272161,31403,303564,2835
2022-09-09,Glenn,021,27897,5494,5473,1851,7324,48
2022-09-09,Humboldt,023,135768,21605,21494,4897,26391,155
2022-09-09,Imperial,025,180216,65113,64926,15528,80454,956
2022-09-09,Inyo,027,18085,4473,4465,939,5404,59
2022-09-09,Kern,029,883053,218221,217203,62857,280060,2404
2022-09-09,Kings,031,150075,59117,58980,4076,63056,455
2022-09-09,Lake,033,64148,12715,12663,1168,13831,144
2022-09-09,Lassen,035,31185,9938,9931,986,10917,64
2022-09-09,Los Angeles,037,10098052,3258982,3246402,178174,3424576,33094
2022-09-09,Madera,039,155013,43770,43599,8187,51786,373
2022-09-09,Marin,041,260295,44761,44584,5207,49791,305
2022-09-09,Mariposa,043,17540,3080,3058,341,3399,31
2022-09-09,Mendocino,045,87422,15912,15853,4425,20278,135
2022-09-09,Merced,047,269075,72239,71563,11786,83349,856
2022-09-09,Modoc,049,8938,872,872,316,1188,11
2022-09-09,Mono,051,14174,3196,3188,249,3437,7
2022-09-09,Monterey,053,433212,93790,93513,20834,114347,762
2022-09-09,Napa,055,140530,31935,31910,1392,33302,158
2022-09-09,Nevada,057,99092,18849,18784,1806,20590,132
2022-09-09,Orange,059,3164182,663172,661329,62256,723585,7371
2022-09-09,Placer,061,380077,75281,74994,9431,84425,657
2022-09-09,Plumas,063,18699,3609,3594,431,4025,13
2022-09-09,Riverside,065,2383286,691831,690018,34964,724982,6596
2022-09-09,Sacramento,067,1510023,344048,343048,33674,376722,3254
2022-09-09,San Benito,069,59416,16164,16000,951,16951,103
2022-09-09,San Bernardino,071,2135413,667531,662248,30616,692864,8057
2022-09-09,San Diego,073,3302833,916975,915648,71285,986933,5474
2022-09-09,San Francisco,075,870044,177383,176512,11964,188476,1022
2022-09-09,San Joaquin,077,732212,196650,195697,14752,210449,2303
2022-09-09,San Luis Obispo,079,281455,62897,62569,7032,69601,519
2022-09-09,San Mateo,081,765935,167273,166165,10360,176525,735
2022-09-09,Santa Barbara,083,443738,105056,104627,6798,111425,717
2022-09-09,Santa Clara,085,1922200,432238,426854,18786,445640,2478
2022-09-09,Santa Cruz,087,273765,62569,62255,3393,65648,274
2022-09-09,Shasta,089,179085,34705,34531,7332,41863,591
2022-09-09,Sierra,091,2930,303,303,60,363,5
2022-09-09,Siskiyou,093,43540,5092,5197,3279,8476,90
2022-09-09,Solano,095,438530,104449,103841,7800,111641,461
2022-09-09,Sonoma,097,501317,106059,105778,5227,111005,521
2022-09-09,Stanislaus,099,539301,137105,136674,21467,158141,1726
2022-09-09,Sutter,101,95872,24080,24037,2455,26492,228
2022-09-09,Tehama,103,63373,13538,13471,3051,16522,210
2022-09-09,Trinity,105,12862,1391,1383,378,1761,20
2022-09-09,Tulare,107,460477,121341,120972,35923,156895,1529
2022-09-09,Tuolumne,109,53932,15455,15362,916,16278,196
2022-09-09,Ventura,111,848112,207077,206442,15508,221950,1558
2022-09-09,Yolo,113,214977,47102,46989,4237,51226,334
2022-09-09,Yuba,115,75493,18752,18709,1687,20396,129
2022-09-08,Alameda,001,1643700,344287,343017,19437,362454,2006
2022-09-08,Alpine,002,1148,134,134,1,135,0
2022-09-08,Amador,005,37829,9912,9890,917,10807,89
2022-09-08,Butte,007,227075,39193,39049,9011,48060,453
2022-09-08,Calaveras,009,45235,8445,8444,528,8972,133
2022-09-08,Colusa,011,21464,3771,3755,1267,5022,22
2022-09-08,Contra Costa,013,1133247,249211,246174,20496,266670,1415
2022-09-08,Del Norte,015,27424,7377,7354,397,7751,56
2022-09-08,El Dorado,017,186661,32042,32027,4195,36222,229
2022-09-08,Fresno,019,978130,276616,272161,31380,303541,2835
2022-09-08,Glenn,021,27897,5494,5473,1851,7324,48
2022-09-08,Humboldt,023,135768,21579,21494,4893,26387,155
2022-09-08,Imperial,025,180216,65082,64926,15507,80433,956
2022-09-08,Inyo,027,18085,4471,4465,937,5402,59
2022-09-08,Kern,029,883053,218132,217203,62764,279967,2404
2022-09-08,Kings,031,150075,59088,58980,4074,63054,455
2022-09-08,Lake,033,64148,12706,12663,1168,13831,144
2022-09-08,Lassen,035,31185,9937,9931,986,10917,64
2022-09-08,Los Angeles,037,10098052,3257522,3246402,177977,3424379,33094
2022-09-08,Madera,039,155013,43740,43599,8181,51780,373
2022-09-08,Marin,041,260295,44735,44584,5203,49787,305
2022-09-08,Mariposa,043,17540,3077,3058,341,3399,31
2022-09-08,Mendocino,045,87422,15905,15853,4425,20278,135
2022-09-08,Merced,047,269075,72210,71563,11774,83337,856
2022-09-08,Modoc,049,8938,872,872,316,1188,11
2022-09-08,Mono,051,14174,3196,3188,248,3436,7
2022-09-08,Monterey,053,433212,93758,93513,20813,114326,762
2022-09-08,Napa,055,140530,31922,31910,1392,33302,158
2022-09-08,Nevada,057,99092,18839,18784,1805,20589,132
2022-09-08,Orange,059,3164182,662891,661329,62189,723518,7371
2022-09-08,Placer,061,380077,75249,74994,9427,84421,657
2022-09-08,Plumas,063,18699,3606,3594,431,4025,13
2022-09-08,Riverside,065,2383286,691554,690018,34940,724958,6596
2022-09-08,Sacramento,067,1510023,343875,343048,33650,376698,3254
2022-09-08,San Benito,069,59416,16153,16000,951,16951,103
2022-09-08,San Bernardino,071,2135413,667232,662248,30605,692853,8057
2022-09-08,San Diego,073,3302833,916598,915648,71232,986880,5474
2022-09-08,San Francisco,075,870044,177258,176512,11956,188468,1022
2022-09-08,San Joaquin,077,732212,196564,195697,14735,210432,2303
2022-09-08,San Luis Obispo,079,281455,62879,62569,7026,69595,519
2022-09-08,San Mateo,081,765935,167186,166165,10356,176521,735
2022-09-08,Santa Barbara,083,443738,105014,104627,6793,111420,717
2022-09-08,Santa Clara,085,1922200,431967,426854,18774,445628,2478
2022-09-08,Santa Cruz,087,273765,62538,62255,3390,65645,274
2022-09-08,Shasta,089,179085,34683,34531,7323,41854,591
2022-09-08,Sierra,091,2930,303,303,60,363,5
2022-09-08,Siskiyou,093,43540,5087,5197,3278,8475,90
2022-09-08,Solano,095,438530,104394,103841,7788,111629,461
2022-09-08,Sonoma,097,501317,105977,105778,5221,110999,521
2022-09-08,Stanislaus,099,539301,137039,136674,21452,158126,1726
2022-09-08,Sutter,101,95872,24068,24037,2455,26492,228
2022-09-08,Tehama,103,63373,13530,13471,3048,16519,210
2022-09-08,Trinity,105,12862,1391,1383,378,1761,20
2022-09-08,Tulare,107,460477,121293,120972,35894,156866,1529
2022-09-08,Tuolumne,109,53932,15448,15362,915,16277,196
2022-09-08,Ventura,111,848112,206959,206442,15484,221926,1558
2022-09-08,Yolo,113,214977,47081,46989,4229,51218,334
2022-09-08,Yuba,115,75493,18742,18709,1683,20392,129
2022-09-07,Alameda,001,1643700,344042,342480,19430,361910,1999
2022-09-07,Alpine,002,1148,134,133,1,134,0
2022-09-07,Amador,005,37829,9909,9877,917,10794,89
2022-09-07,Butte,007,227075,39163,38969,8999,47968,453
2022-09-07,Calaveras,009,45235,8443,8437,526,8963,133
2022-09-07,Colusa,011,21464,3768,3748,1267,5015,22
2022-09-07,Contra Costa,013,1133247,249070,245708,20480,266188,1415
2022-09-07,Del Norte,015,27424,7375,7346,397,7743,56
2022-09-07,El Dorado,017,186661,32029,31979,4194,36173,229
2022-09-07,Fresno,019,978130,276455,271753,31353,303106,2835
2022-09-07,Glenn,021,27897,5492,5468,1850,7318,48
2022-09-07,Humboldt,023,135768,21561,21459,4890,26349,155
2022-09-07,Imperial,025,180216,65049,64755,15485,80240,956
2022-09-07,Inyo,027,18085,4466,4456,930,5386,59
2022-09-07,Kern,029,883053,218033,216932,62671,279603,2404
2022-09-07,Kings,031,150075,59053,58922,4070,62992,455
2022-09-07,Lake,033,64148,12697,12647,1167,13814,143
2022-09-07,Lassen,035,31185,9937,9918,985,10903,64
2022-09-07,Los Angeles,037,10098052,3255926,3242352,177777,3420129,32971
2022-09-07,Madera,039,155013,43693,43533,8181,51714,373
2022-09-07,Marin,041,260295,44712,44489,5201,49690,305
2022-09-07,Mariposa,043,17540,3075,3046,341,3387,31
2022-09-07,Mendocino,045,87422,15900,15813,4419,20232,135
2022-09-07,Merced,047,269075,72175,71448,11762,83210,856
2022-09-07,Modoc,049,8938,872,868,316,1184,11
2022-09-07,Mono,051,14174,3195,3184,248,3432,7
2022-09-07,Monterey,053,433212,93729,93430,20794,114224,762
2022-09-07,Napa,055,140530,31902,31854,1392,33246,156
2022-09-07,Nevada,057,99092,18826,18761,1803,20564,132
2022-09-07,Orange,059,3164182,662581,660580,62114,722694,7362
2022-09-07,Placer,061,380077,75222,74884,9418,84302,658
2022-09-07,Plumas,063,18699,3604,3588,430,4018,13
2022-09-07,Riverside,065,2383286,691221,688794,34913,723707,6591
2022-09-07,Sacramento,067,1510023,343712,342602,33616,376218,3248
2022-09-07,San Benito,069,59416,16140,15933,950,16883,103
2022-09-07,San Bernardino,071,2135413,666973,660303,30589,690892,8023
2022-09-07,San Diego,073,3302833,916105,914552,71187,985739,5468
2022-09-07,San Francisco,075,870044,177155,176386,11946,188332,1018
2022-09-07,San Joaquin,077,732212,196450,195359,14723,210082,2303
2022-09-07,San Luis Obispo,079,281455,62858,62548,7023,69571,517
2022-09-07,San Mateo,081,765935,167085,165893,10349,176242,736
2022-09-07,Santa Barbara,083,443738,104970,104452,6788,111240,717
2022-09-07,Santa Clara,085,1922200,431681,426178,18761,444939,2472
2022-09-07,Santa Cruz,087,273765,62505,62187,3387,65574,274
2022-09-07,Shasta,089,179085,34661,34484,7306,41790,591
2022-09-07,Sierra,091,2930,303,303,60,363,5
2022-09-07,Siskiyou,093,43540,5082,5190,3277,8467,89
2022-09-07,Solano,095,438530,104335,103665,7781,111446,463
2022-09-07,Sonoma,097,501317,105914,105389,5218,110607,517
2022-09-07,Stanislaus,099,539301,136961,136477,21442,157919,1726
2022-09-07,Sutter,101,95872,24054,23984,2455,26439,228
2022-09-07,Tehama,103,63373,13527,13453,3044,16497,210
2022-09-07,Trinity,105,12862,1391,1382,378,1760,20
2022-09-07,Tulare,107,460477,121241,120846,35864,156710,1529
2022-09-07,Tuolumne,109,53932,15441,15327,915,16242,196
2022-09-07,Ventura,111,848112,206838,206121,15467,221588,1557
2022-09-07,Yolo,113,214977,47052,46966,4222,51188,334
2022-09-07,Yuba,115,75493,18729,18665,1682,20347,129
2022-09-06,Alameda,001,1643700,343779,342480,19416,361896,1999
2022-09-06,Alpine,002,1148,133,133,1,134,0
2022-09-06,Amador,005,37829,9906,9877,917,10794,89
2022-09-06,Butte,007,227075,39132,38969,8988,47957,453
2022-09-06,Calaveras,009,45235,8441,8437,524,8961,133
2022-09-06,Colusa,011,21464,3766,3748,1267,5015,22
2022-09-06,Contra Costa,013,1133247,248902,245708,20453,266161,1415
2022-09-06,Del Norte,015,27424,7367,7346,397,7743,56
2022-09-06,El Dorado,017,186661,32011,31979,4188,36167,229
2022-09-06,Fresno,019,978130,276327,271753,31320,303073,2835
2022-09-06,Glenn,021,27897,5490,5468,1848,7316,48
2022-09-06,Humboldt,023,135768,21543,21459,4885,26344,155
2022-09-06,Imperial,025,180216,64999,64755,15457,80212,956
2022-09-06,Inyo,027,18085,4463,4456,924,5380,59
2022-09-06,Kern,029,883053,217939,216932,62571,279503,2404
2022-09-06,Kings,031,150075,59012,58922,4065,62987,455
2022-09-06,Lake,033,64148,12694,12647,1151,13798,143
2022-09-06,Lassen,035,31185,9934,9918,983,10901,64
2022-09-06,Los Angeles,037,10098052,3254143,3242352,177564,3419916,32971
2022-09-06,Madera,039,155013,43651,43533,8176,51709,373
2022-09-06,Marin,041,260295,44681,44489,5197,49686,305
2022-09-06,Mariposa,043,17540,3073,3046,341,3387,31
2022-09-06,Mendocino,045,87422,15894,15813,4412,20225,135
2022-09-06,Merced,047,269075,72137,71448,11745,83193,856
2022-09-06,Modoc,049,8938,871,868,316,1184,11
2022-09-06,Mono,051,14174,3195,3184,247,3431,7
2022-09-06,Monterey,053,433212,93695,93430,20777,114207,762
2022-09-06,Napa,055,140530,31886,31854,1392,33246,156
2022-09-06,Nevada,057,99092,18816,18761,1799,20560,132
2022-09-06,Orange,059,3164182,662215,660580,62038,722618,7362
2022-09-06,Placer,061,380077,75178,74884,9416,84300,658
2022-09-06,Plumas,063,18699,3600,3588,430,4018,13
2022-09-06,Riverside,065,2383286,690749,688794,34879,723673,6591
2022-09-06,Sacramento,067,1510023,343495,342602,33576,376178,3248
2022-09-06,San Benito,069,59416,16124,15933,950,16883,103
2022-09-06,San Bernardino,071,2135413,666697,660303,30573,690876,8023
2022-09-06,San Diego,073,3302833,915598,914552,71132,985684,5468
2022-09-06,San Francisco,075,870044,177018,176386,11934,188320,1018
2022-09-06,San Joaquin,077,732212,196356,195359,14710,210069,2303
2022-09-06,San Luis Obispo,079,281455,62816,62548,7021,69569,517
2022-09-06,San Mateo,081,765935,166978,165893,10339,176232,736
2022-09-06,Santa Barbara,083,443738,104913,104452,6783,111235,717
2022-09-06,Santa Clara,085,1922200,431422,426178,18746,444924,2472
2022-09-06,Santa Cruz,087,273765,62424,62187,3387,65574,274
2022-09-06,Shasta,089,179085,34613,34484,7283,41767,591
2022-09-06,Sierra,091,2930,303,303,60,363,5
2022-09-06,Siskiyou,093,43540,5080,5190,3273,8463,89
2022-09-06,Solano,095,438530,104269,103665,7769,111434,463
2022-09-06,Sonoma,097,501317,105852,105389,5215,110604,517
2022-09-06,Stanislaus,099,539301,136890,136477,21428,157905,1726
2022-09-06,Sutter,101,95872,24029,23984,2455,26439,228
2022-09-06,Tehama,103,63373,13518,13453,3041,16494,210
2022-09-06,Trinity,105,12862,1390,1382,378,1760,20
2022-09-06,Tulare,107,460477,121188,120846,35827,156673,1529
2022-09-06,Tuolumne,109,53932,15430,15327,915,16242,196
2022-09-06,Ventura,111,848112,206692,206121,15450,221571,1557
2022-09-06,Yolo,113,214977,47036,46966,4211,51177,334
2022-09-06,Yuba,115,75493,18707,18665,1681,20346,129
2022-09-05,Alameda,001,1643700,343488,342480,19408,361888,1999
2022-09-05,Alpine,002,1148,133,133,1,134,0
2022-09-05,Amador,005,37829,9902,9877,917,10794,89
2022-09-05,Butte,007,227075,39085,38969,8975,47944,453
2022-09-05,Calaveras,009,45235,8438,8437,523,8960,133
2022-09-05,Colusa,011,21464,3759,3748,1264,5012,22
2022-09-05,Contra Costa,013,1133247,248714,245708,20434,266142,1415
2022-09-05,Del Norte,015,27424,7362,7346,395,7741,56
2022-09-05,El Dorado,017,186661,31987,31979,4182,36161,229
2022-09-05,Fresno,019,978130,276093,271753,31252,303005,2835
2022-09-05,Glenn,021,27897,5487,5468,1844,7312,48
2022-09-05,Humboldt,023,135768,21527,21459,4879,26338,155
2022-09-05,Imperial,025,180216,64945,64755,15413,80168,956
2022-09-05,Inyo,027,18085,4461,4456,922,5378,59
2022-09-05,Kern,029,883053,217806,216932,62443,279375,2404
2022-09-05,Kings,031,150075,58954,58922,4062,62984,455
2022-09-05,Lake,033,64148,12687,12647,1149,13796,143
2022-09-05,Lassen,035,31185,9925,9918,982,10900,64
2022-09-05,Los Angeles,037,10098052,3251718,3242352,177297,3419649,32971
2022-09-05,Madera,039,155013,43595,43533,8154,51687,373
2022-09-05,Marin,041,260295,44652,44489,5197,49686,305
2022-09-05,Mariposa,043,17540,3068,3046,341,3387,31
2022-09-05,Mendocino,045,87422,15873,15813,4401,20214,135
2022-09-05,Merced,047,269075,72074,71448,11714,83162,856
2022-09-05,Modoc,049,8938,870,868,315,1183,11
2022-09-05,Mono,051,14174,3193,3184,244,3428,7
2022-09-05,Monterey,053,433212,93627,93430,20756,114186,762
2022-09-05,Napa,055,140530,31857,31854,1389,33243,156
2022-09-05,Nevada,057,99092,18809,18761,1794,20555,132
2022-09-05,Orange,059,3164182,661739,660580,61937,722517,7362
2022-09-05,Placer,061,380077,75127,74884,9411,84295,658
2022-09-05,Plumas,063,18699,3599,3588,430,4018,13
2022-09-05,Riverside,065,2383286,690238,688794,34828,723622,6591
2022-09-05,Sacramento,067,1510023,343206,342602,33512,376114,3248
2022-09-05,San Benito,069,59416,16098,15933,947,16880,103
2022-09-05,San Bernardino,071,2135413,666261,660303,30541,690844,8023
2022-09-05,San Diego,073,3302833,914973,914552,71037,985589,5468
2022-09-05,San Francisco,075,870044,176855,176386,11927,188313,1018
2022-09-05,San Joaquin,077,732212,196214,195359,14695,210054,2303
2022-09-05,San Luis Obispo,079,281455,62761,62548,7004,69552,517
2022-09-05,San Mateo,081,765935,166859,165893,10331,176224,736
2022-09-05,Santa Barbara,083,443738,104826,104452,6778,111230,717
2022-09-05,Santa Clara,085,1922200,431058,426178,18728,444906,2472
2022-09-05,Santa Cruz,087,273765,62365,62187,3383,65570,274
2022-09-05,Shasta,089,179085,34582,34484,7270,41754,591
2022-09-05,Sierra,091,2930,303,303,60,363,5
2022-09-05,Siskiyou,093,43540,5074,5190,3273,8463,89
2022-09-05,Solano,095,438530,104173,103665,7751,111416,463
2022-09-05,Sonoma,097,501317,105779,105389,5208,110597,517
2022-09-05,Stanislaus,099,539301,136793,136477,21410,157887,1726
2022-09-05,Sutter,101,95872,24005,23984,2453,26437,228
2022-09-05,Tehama,103,63373,13510,13453,3040,16493,210
2022-09-05,Trinity,105,12862,1390,1382,377,1759,20
2022-09-05,Tulare,107,460477,121090,120846,35768,156614,1529
2022-09-05,Tuolumne,109,53932,15411,15327,914,16241,196
2022-09-05,Ventura,111,848112,206515,206121,15414,221535,1557
2022-09-05,Yolo,113,214977,47012,46966,4203,51169,334
2022-09-05,Yuba,115,75493,18685,18665,1679,20344,129
2022-09-04,Alameda,001,1643700,343347,341621,19397,361018,1998
2022-09-04,Alpine,002,1148,133,133,1,134,0
2022-09-04,Amador,005,37829,9898,9855,916,10771,89
2022-09-04,Butte,007,227075,39063,38851,8968,47819,453
2022-09-04,Calaveras,009,45235,8436,8422,522,8944,133
2022-09-04,Colusa,011,21464,3758,3742,1261,5003,22
2022-09-04,Contra Costa,013,1133247,248609,245022,20428,265450,1410
2022-09-04,Del Norte,015,27424,7360,7340,394,7734,56
2022-09-04,El Dorado,017,186661,31970,31929,4179,36108,229
2022-09-04,Fresno,019,978130,275988,271062,31237,302299,2835
2022-09-04,Glenn,021,27897,5486,5462,1844,7306,48
2022-09-04,Humboldt,023,135768,21517,21390,4875,26265,154
2022-09-04,Imperial,025,180216,64918,64678,15401,80079,956
2022-09-04,Inyo,027,18085,4459,4449,919,5368,59
2022-09-04,Kern,029,883053,217723,216471,62347,278818,2404
2022-09-04,Kings,031,150075,58940,58753,4062,62815,455
2022-09-04,Lake,033,64148,12680,12608,1148,13756,143
2022-09-04,Lassen,035,31185,9922,9908,982,10890,64
2022-09-04,Los Angeles,037,10098052,3250778,3235242,177179,3412421,32927
2022-09-04,Madera,039,155013,43581,43403,8147,51550,373
2022-09-04,Marin,041,260295,44625,44394,5193,49587,305
2022-09-04,Mariposa,043,17540,3067,3036,341,3377,31
2022-09-04,Mendocino,045,87422,15869,15781,4400,20181,134
2022-09-04,Merced,047,269075,72050,71280,11709,82989,856
2022-09-04,Modoc,049,8938,870,868,315,1183,11
2022-09-04,Mono,051,14174,3193,3183,244,3427,7
2022-09-04,Monterey,053,433212,93593,93246,20734,113980,761
2022-09-04,Napa,055,140530,31848,31799,1389,33188,156
2022-09-04,Nevada,057,99092,18799,18705,1793,20498,132
2022-09-04,Orange,059,3164182,661567,659290,61885,721175,7347
2022-09-04,Placer,061,380077,75092,74754,9409,84163,657
2022-09-04,Plumas,063,18699,3597,3587,430,4017,13
2022-09-04,Riverside,065,2383286,690048,687184,34810,721994,6581
2022-09-04,Sacramento,067,1510023,343106,341766,33494,375260,3243
2022-09-04,San Benito,069,59416,16093,15900,947,16847,103
2022-09-04,San Bernardino,071,2135413,666114,658354,30525,688879,8006
2022-09-04,San Diego,073,3302833,914734,912824,71018,983842,5464
2022-09-04,San Francisco,075,870044,176776,176131,11922,188053,1015
2022-09-04,San Joaquin,077,732212,196090,194904,14677,209581,2301
2022-09-04,San Luis Obispo,079,281455,62751,62455,7000,69455,517
2022-09-04,San Mateo,081,765935,166803,165520,10327,175847,738
2022-09-04,Santa Barbara,083,443738,104775,104161,6773,110934,716
2022-09-04,Santa Clara,085,1922200,430861,425040,18714,443754,2473
2022-09-04,Santa Cruz,087,273765,62346,61989,3382,65371,273
2022-09-04,Shasta,089,179085,34575,34422,7263,41685,591
2022-09-04,Sierra,091,2930,303,303,60,363,5
2022-09-04,Siskiyou,093,43540,5071,5168,3270,8438,89
2022-09-04,Solano,095,438530,104155,103457,7747,111204,461
2022-09-04,Sonoma,097,501317,105753,105162,5203,110365,517
2022-09-04,Stanislaus,099,539301,136733,136168,21401,157569,1726
2022-09-04,Sutter,101,95872,23990,23927,2453,26380,228
2022-09-04,Tehama,103,63373,13502,13406,3037,16443,210
2022-09-04,Trinity,105,12862,1390,1377,376,1753,20
2022-09-04,Tulare,107,460477,121046,120592,35733,156325,1527
2022-09-04,Tuolumne,109,53932,15397,15294,913,16207,196
2022-09-04,Ventura,111,848112,206424,205627,15405,221032,1558
2022-09-04,Yolo,113,214977,47002,46882,4197,51079,334
2022-09-04,Yuba,115,75493,18681,18615,1679,20294,129
2022-09-03,Alameda,001,1643700,343224,341621,19392,361013,1998
2022-09-03,Alpine,002,1148,133,133,1,134,0
2022-09-03,Amador,005,37829,9893,9855,915,10770,89
2022-09-03,Butte,007,227075,39046,38851,8960,47811,453
2022-09-03,Calaveras,009,45235,8435,8422,522,8944,133
2022-09-03,Colusa,011,21464,3758,3742,1260,5002,22
2022-09-03,Contra Costa,013,1133247,248498,245022,20423,265445,1410
2022-09-03,Del Norte,015,27424,7360,7340,394,7734,56
2022-09-03,El Dorado,017,186661,31962,31929,4177,36106,229
2022-09-03,Fresno,019,978130,275908,271062,31221,302283,2835
2022-09-03,Glenn,021,27897,5485,5462,1844,7306,48
2022-09-03,Humboldt,023,135768,21509,21390,4875,26265,154
2022-09-03,Imperial,025,180216,64899,64678,15391,80069,956
2022-09-03,Inyo,027,18085,4458,4449,917,5366,59
2022-09-03,Kern,029,883053,217654,216471,62283,278754,2404
2022-09-03,Kings,031,150075,58927,58753,4062,62815,455
2022-09-03,Lake,033,64148,12674,12608,1148,13756,143
2022-09-03,Lassen,035,31185,9922,9908,982,10890,64
2022-09-03,Los Angeles,037,10098052,3249833,3235242,177043,3412285,32927
2022-09-03,Madera,039,155013,43562,43403,8146,51549,373
2022-09-03,Marin,041,260295,44610,44394,5191,49585,305
2022-09-03,Mariposa,043,17540,3066,3036,340,3376,31
2022-09-03,Mendocino,045,87422,15857,15781,4397,20178,134
2022-09-03,Merced,047,269075,72024,71280,11706,82986,856
2022-09-03,Modoc,049,8938,870,868,315,1183,11
2022-09-03,Mono,051,14174,3193,3183,243,3426,7
2022-09-03,Monterey,053,433212,93577,93246,20723,113969,761
2022-09-03,Napa,055,140530,31842,31799,1389,33188,156
2022-09-03,Nevada,057,99092,18793,18705,1793,20498,132
2022-09-03,Orange,059,3164182,661371,659290,61828,721118,7347
2022-09-03,Placer,061,380077,75060,74754,9407,84161,657
2022-09-03,Plumas,063,18699,3595,3587,430,4017,13
2022-09-03,Riverside,065,2383286,689845,687184,34785,721969,6581
2022-09-03,Sacramento,067,1510023,342987,341766,33484,375250,3243
2022-09-03,San Benito,069,59416,16087,15900,946,16846,103
2022-09-03,San Bernardino,071,2135413,665924,658354,30502,688856,8006
2022-09-03,San Diego,073,3302833,914487,912824,70998,983822,5464
2022-09-03,San Francisco,075,870044,176722,176131,11917,188048,1015
2022-09-03,San Joaquin,077,732212,196034,194904,14668,209572,2301
2022-09-03,San Luis Obispo,079,281455,62741,62455,6997,69452,517
2022-09-03,San Mateo,081,765935,166741,165520,10318,175838,738
2022-09-03,Santa Barbara,083,443738,104729,104161,6769,110930,716
2022-09-03,Santa Clara,085,1922200,430681,425040,18707,443747,2473
2022-09-03,Santa Cruz,087,273765,62327,61989,3381,65370,273
2022-09-03,Shasta,089,179085,34562,34422,7260,41682,591
2022-09-03,Sierra,091,2930,303,303,60,363,5
2022-09-03,Siskiyou,093,43540,5068,5168,3270,8438,89
2022-09-03,Solano,095,438530,104141,103457,7742,111199,461
2022-09-03,Sonoma,097,501317,105730,105162,5203,110365,517
2022-09-03,Stanislaus,099,539301,136690,136168,21397,157565,1726
2022-09-03,Sutter,101,95872,23980,23927,2452,26379,228
2022-09-03,Tehama,103,63373,13497,13406,3036,16442,210
2022-09-03,Trinity,105,12862,1390,1377,376,1753,20
2022-09-03,Tulare,107,460477,121014,120592,35695,156287,1527
2022-09-03,Tuolumne,109,53932,15392,15294,913,16207,196
2022-09-03,Ventura,111,848112,206343,205627,15394,221021,1558
2022-09-03,Yolo,113,214977,46992,46882,4195,51077,334
2022-09-03,Yuba,115,75493,18672,18615,1678,20293,129
2022-09-02,Alameda,001,1643700,343093,341621,19386,361007,1998
2022-09-02,Alpine,002,1148,133,133,1,134,0
2022-09-02,Amador,005,37829,9891,9855,915,10770,89
2022-09-02,Butte,007,227075,39034,38851,8948,47799,453
2022-09-02,Calaveras,009,45235,8430,8422,522,8944,133
2022-09-02,Colusa,011,21464,3757,3742,1260,5002,22
2022-09-02,Contra Costa,013,1133247,248402,245022,20412,265434,1410
2022-09-02,Del Norte,015,27424,7359,7340,393,7733,56
2022-09-02,El Dorado,017,186661,31950,31929,4176,36105,229
2022-09-02,Fresno,019,978130,275794,271062,31199,302261,2835
2022-09-02,Glenn,021,27897,5481,5462,1844,7306,48
2022-09-02,Humboldt,023,135768,21500,21390,4872,26262,154
2022-09-02,Imperial,025,180216,64878,64678,15378,80056,956
2022-09-02,Inyo,027,18085,4455,4449,916,5365,59
2022-09-02,Kern,029,883053,217573,216471,62215,278686,2404
2022-09-02,Kings,031,150075,58915,58753,4059,62812,455
2022-09-02,Lake,033,64148,12670,12608,1147,13755,143
2022-09-02,Lassen,035,31185,9921,9908,982,10890,64
2022-09-02,Los Angeles,037,10098052,3248781,3235242,176880,3412122,32927
2022-09-02,Madera,039,155013,43548,43403,8142,51545,373
2022-09-02,Marin,041,260295,44592,44394,5181,49575,305
2022-09-02,Mariposa,043,17540,3062,3036,339,3375,31
2022-09-02,Mendocino,045,87422,15855,15781,4396,20177,134
2022-09-02,Merced,047,269075,71998,71280,11703,82983,856
2022-09-02,Modoc,049,8938,870,868,315,1183,11
2022-09-02,Mono,051,14174,3193,3183,243,3426,7
2022-09-02,Monterey,053,433212,93550,93246,20706,113952,761
2022-09-02,Napa,055,140530,31829,31799,1389,33188,156
2022-09-02,Nevada,057,99092,18788,18705,1791,20496,132
2022-09-02,Orange,059,3164182,661181,659290,61763,721053,7347
2022-09-02,Placer,061,380077,75043,74754,9401,84155,657
2022-09-02,Plumas,063,18699,3594,3587,430,4017,13
2022-09-02,Riverside,065,2383286,689597,687184,34771,721955,6581
2022-09-02,Sacramento,067,1510023,342840,341766,33476,375242,3243
2022-09-02,San Benito,069,59416,16080,15900,946,16846,103
2022-09-02,San Bernardino,071,2135413,665748,658354,30486,688840,8006
2022-09-02,San Diego,073,3302833,914214,912824,70971,983795,5464
2022-09-02,San Francisco,075,870044,176655,176131,11901,188032,1015
2022-09-02,San Joaquin,077,732212,195929,194904,14650,209554,2301
2022-09-02,San Luis Obispo,079,281455,62725,62455,6996,69451,517
2022-09-02,San Mateo,081,765935,166657,165520,10315,175835,738
2022-09-02,Santa Barbara,083,443738,104681,104161,6767,110928,716
2022-09-02,Santa Clara,085,1922200,430479,425040,18693,443733,2473
2022-09-02,Santa Cruz,087,273765,62304,61989,3379,65368,273
2022-09-02,Shasta,089,179085,34556,34422,7257,41679,591
2022-09-02,Sierra,091,2930,303,303,60,363,5
2022-09-02,Siskiyou,093,43540,5065,5168,3270,8438,89
2022-09-02,Solano,095,438530,104107,103457,7737,111194,461
2022-09-02,Sonoma,097,501317,105694,105162,5201,110363,517
2022-09-02,Stanislaus,099,539301,136644,136168,21391,157559,1726
2022-09-02,Sutter,101,95872,23969,23927,2452,26379,228
2022-09-02,Tehama,103,63373,13495,13406,3034,16440,210
2022-09-02,Trinity,105,12862,1389,1377,376,1753,20
2022-09-02,Tulare,107,460477,120971,120592,35672,156264,1527
2022-09-02,Tuolumne,109,53932,15390,15294,912,16206,196
2022-09-02,Ventura,111,848112,206252,205627,15381,221008,1558
2022-09-02,Yolo,113,214977,46981,46882,4191,51073,334
2022-09-02,Yuba,115,75493,18664,18615,1675,20290,129
2022-09-01,Alameda,001,1643700,342862,341621,19372,360993,1998
2022-09-01,Alpine,002,1148,133,133,1,134,0
2022-09-01,Amador,005,37829,9887,9855,915,10770,89
2022-09-01,Butte,007,227075,39005,38851,8934,47785,453
2022-09-01,Calaveras,009,45235,8424,8422,521,8943,133
2022-09-01,Colusa,011,21464,3753,3742,1260,5002,22
2022-09-01,Contra Costa,013,1133247,248251,245022,20390,265412,1410
2022-09-01,Del Norte,015,27424,7358,7340,391,7731,56
2022-09-01,El Dorado,017,186661,31941,31929,4175,36104,229
2022-09-01,Fresno,019,978130,275620,271062,31138,302200,2835
2022-09-01,Glenn,021,27897,5479,5462,1844,7306,48
2022-09-01,Humboldt,023,135768,21487,21390,4865,26255,154
2022-09-01,Imperial,025,180216,64831,64678,15356,80034,956
2022-09-01,Inyo,027,18085,4453,4449,915,5364,59
2022-09-01,Kern,029,883053,217498,216471,62099,278570,2404
2022-09-01,Kings,031,150075,58887,58753,4057,62810,455
2022-09-01,Lake,033,64148,12660,12608,1145,13753,143
2022-09-01,Lassen,035,31185,9921,9908,980,10888,64
2022-09-01,Los Angeles,037,10098052,3247195,3235242,176658,3411900,32927
2022-09-01,Madera,039,155013,43511,43403,8139,51542,373
2022-09-01,Marin,041,260295,44559,44394,5173,49567,305
2022-09-01,Mariposa,043,17540,3061,3036,339,3375,31
2022-09-01,Mendocino,045,87422,15850,15781,4394,20175,134
2022-09-01,Merced,047,269075,71964,71280,11688,82968,856
2022-09-01,Modoc,049,8938,870,868,314,1182,11
2022-09-01,Mono,051,14174,3193,3183,242,3425,7
2022-09-01,Monterey,053,433212,93510,93246,20685,113931,761
2022-09-01,Napa,055,140530,31810,31799,1389,33188,156
2022-09-01,Nevada,057,99092,18779,18705,1791,20496,132
2022-09-01,Orange,059,3164182,660865,659290,61682,720972,7347
2022-09-01,Placer,061,380077,75006,74754,9394,84148,657
2022-09-01,Plumas,063,18699,3593,3587,430,4017,13
2022-09-01,Riverside,065,2383286,689257,687184,34731,721915,6581
2022-09-01,Sacramento,067,1510023,342643,341766,33435,375201,3243
2022-09-01,San Benito,069,59416,16072,15900,945,16845,103
2022-09-01,San Bernardino,071,2135413,665418,658354,30453,688807,8006
2022-09-01,San Diego,073,3302833,913795,912824,70921,983745,5464
2022-09-01,San Francisco,075,870044,176517,176131,11890,188021,1015
2022-09-01,San Joaquin,077,732212,195838,194904,14630,209534,2301
2022-09-01,San Luis Obispo,079,281455,62687,62455,6989,69444,517
2022-09-01,San Mateo,081,765935,166562,165520,10306,175826,738
2022-09-01,Santa Barbara,083,443738,104619,104161,6759,110920,716
2022-09-01,Santa Clara,085,1922200,430188,425040,18684,443724,2473
2022-09-01,Santa Cruz,087,273765,62251,61989,3374,65363,273
2022-09-01,Shasta,089,179085,34536,34422,7252,41674,591
2022-09-01,Sierra,091,2930,303,303,60,363,5
2022-09-01,Siskiyou,093,43540,5064,5168,3269,8437,89
2022-09-01,Solano,095,438530,104037,103457,7733,111190,461
2022-09-01,Sonoma,097,501317,105625,105162,5194,110356,517
2022-09-01,Stanislaus,099,539301,136562,136168,21375,157543,1726
2022-09-01,Sutter,101,95872,23950,23927,2450,26377,228
2022-09-01,Tehama,103,63373,13489,13406,3031,16437,210
2022-09-01,Trinity,105,12862,1388,1377,373,1750,20
2022-09-01,Tulare,107,460477,120917,120592,35628,156220,1527
2022-09-01,Tuolumne,109,53932,15382,15294,912,16206,196
2022-09-01,Ventura,111,848112,206106,205627,15364,220991,1558
2022-09-01,Yolo,113,214977,46952,46882,4184,51066,334
2022-09-01,Yuba,115,75493,18650,18615,1675,20290,129
2022-08-31,Alameda,001,1643700,342631,340789,19358,360147,1986
2022-08-31,Alpine,002,1148,133,133,1,134,0
2022-08-31,Amador,005,37829,9883,9829,913,10742,89
2022-08-31,Butte,007,227075,38969,38720,8918,47638,452
2022-08-31,Calaveras,009,45235,8420,8404,520,8924,133
2022-08-31,Colusa,011,21464,3752,3744,1260,5004,22
2022-08-31,Contra Costa,013,1133247,248091,244168,20364,264532,1409
2022-08-31,Del Norte,015,27424,7355,7333,391,7724,56
2022-08-31,El Dorado,017,186661,31932,31864,4171,36035,226
2022-08-31,Fresno,019,978130,275437,270456,31004,301460,2829
2022-08-31,Glenn,021,27897,5478,5448,1843,7291,48
2022-08-31,Humboldt,023,135768,21461,21325,4860,26185,154
2022-08-31,Imperial,025,180216,64801,64562,15334,79896,953
2022-08-31,Inyo,027,18085,4451,4444,914,5358,59
2022-08-31,Kern,029,883053,217385,216037,61961,277998,2404
2022-08-31,Kings,031,150075,58851,58629,4052,62681,455
2022-08-31,Lake,033,64148,12649,12563,1145,13708,142
2022-08-31,Lassen,035,31185,9916,9889,979,10868,64
2022-08-31,Los Angeles,037,10098052,3245376,3228552,176422,3404974,32877
2022-08-31,Madera,039,155013,43479,43269,8125,51394,372
2022-08-31,Marin,041,260295,44528,44330,5167,49497,305
2022-08-31,Mariposa,043,17540,3060,3025,339,3364,31
2022-08-31,Mendocino,045,87422,15842,15733,4390,20123,134
2022-08-31,Merced,047,269075,71932,71089,11666,82755,852
2022-08-31,Modoc,049,8938,868,865,314,1179,11
2022-08-31,Mono,051,14174,3192,3181,241,3422,7
2022-08-31,Monterey,053,433212,93466,93046,20663,113709,762
2022-08-31,Napa,055,140530,31793,31725,1388,33113,156
2022-08-31,Nevada,057,99092,18762,18649,1790,20439,132
2022-08-31,Orange,059,3164182,660456,658076,61593,719669,7340
2022-08-31,Placer,061,380077,74964,74612,9388,84000,657
2022-08-31,Plumas,063,18699,3592,3581,430,4011,13
2022-08-31,Riverside,065,2383286,688847,685704,34693,720397,6581
2022-08-31,Sacramento,067,1510023,342434,340949,33389,374338,3230
2022-08-31,San Benito,069,59416,16060,15860,943,16803,103
2022-08-31,San Bernardino,071,2135413,664983,656343,30415,686758,8014
2022-08-31,San Diego,073,3302833,913327,910878,70863,981741,5459
2022-08-31,San Francisco,075,870044,176402,175752,11881,187633,1001
2022-08-31,San Joaquin,077,732212,195679,194437,14611,209048,2298
2022-08-31,San Luis Obispo,079,281455,62657,62312,6977,69289,515
2022-08-31,San Mateo,081,765935,166459,165161,10299,175460,738
2022-08-31,Santa Barbara,083,443738,104532,103894,6750,110644,717
2022-08-31,Santa Clara,085,1922200,429884,424011,18667,442678,2467
2022-08-31,Santa Cruz,087,273765,62202,61812,3371,65183,272
2022-08-31,Shasta,089,179085,34521,34355,7245,41600,590
2022-08-31,Sierra,091,2930,303,302,60,362,5
2022-08-31,Siskiyou,093,43540,5056,5152,3268,8420,89
2022-08-31,Solano,095,438530,103974,103173,7728,110901,461
2022-08-31,Sonoma,097,501317,105553,104964,5184,110148,527
2022-08-31,Stanislaus,099,539301,136472,135801,21353,157154,1722
2022-08-31,Sutter,101,95872,23933,23856,2449,26305,228
2022-08-31,Tehama,103,63373,13476,13370,3026,16396,210
2022-08-31,Trinity,105,12862,1388,1373,373,1746,20
2022-08-31,Tulare,107,460477,120838,120346,35583,155929,1527
2022-08-31,Tuolumne,109,53932,15373,15250,910,16160,196
2022-08-31,Ventura,111,848112,205961,205157,15347,220504,1557
2022-08-31,Yolo,113,214977,46918,46807,4172,50979,334
2022-08-31,Yuba,115,75493,18627,18558,1672,20230,129
2022-08-30,Alameda,001,1643700,342386,340789,19338,360127,1986
2022-08-30,Alpine,002,1148,133,133,1,134,0
2022-08-30,Amador,005,37829,9872,9829,913,10742,89
2022-08-30,Butte,007,227075,38934,38720,8903,47623,452
2022-08-30,Calaveras,009,45235,8417,8404,518,8922,133
2022-08-30,Colusa,011,21464,3751,3744,1258,5002,22
2022-08-30,Contra Costa,013,1133247,247935,244168,20345,264513,1409
2022-08-30,Del Norte,015,27424,7354,7333,391,7724,56
2022-08-30,El Dorado,017,186661,31914,31864,4168,36032,226
2022-08-30,Fresno,019,978130,275237,270456,30905,301361,2829
2022-08-30,Glenn,021,27897,5478,5448,1842,7290,48
2022-08-30,Humboldt,023,135768,21440,21325,4856,26181,154
2022-08-30,Imperial,025,180216,64754,64562,15299,79861,953
2022-08-30,Inyo,027,18085,4450,4444,911,5355,59
2022-08-30,Kern,029,883053,217255,216037,61814,277851,2404
2022-08-30,Kings,031,150075,58795,58629,4048,62677,455
2022-08-30,Lake,033,64148,12639,12563,1143,13706,142
2022-08-30,Lassen,035,31185,9912,9889,979,10868,64
2022-08-30,Los Angeles,037,10098052,3243280,3228552,176157,3404709,32877
2022-08-30,Madera,039,155013,43429,43269,8109,51378,372
2022-08-30,Marin,041,260295,44495,44330,5163,49493,305
2022-08-30,Mariposa,043,17540,3056,3025,339,3364,31
2022-08-30,Mendocino,045,87422,15831,15733,4380,20113,134
2022-08-30,Merced,047,269075,71883,71089,11644,82733,852
2022-08-30,Modoc,049,8938,868,865,314,1179,11
2022-08-30,Mono,051,14174,3190,3181,241,3422,7
2022-08-30,Monterey,053,433212,93420,93046,20647,113693,762
2022-08-30,Napa,055,140530,31775,31725,1387,33112,156
2022-08-30,Nevada,057,99092,18744,18649,1770,20419,132
2022-08-30,Orange,059,3164182,660009,658076,61482,719558,7340
2022-08-30,Placer,061,380077,74927,74612,9380,83992,657
2022-08-30,Plumas,063,18699,3591,3581,430,4011,13
2022-08-30,Riverside,065,2383286,688404,685704,34655,720359,6581
2022-08-30,Sacramento,067,1510023,342239,340949,33347,374296,3230
2022-08-30,San Benito,069,59416,16046,15860,940,16800,103
2022-08-30,San Bernardino,071,2135413,664508,656343,30383,686726,8014
2022-08-30,San Diego,073,3302833,912799,910878,70768,981646,5459
2022-08-30,San Francisco,075,870044,176282,175752,11872,187624,1001
2022-08-30,San Joaquin,077,732212,195527,194437,14577,209014,2298
2022-08-30,San Luis Obispo,079,281455,62618,62312,6963,69275,515
2022-08-30,San Mateo,081,765935,166353,165161,10290,175451,738
2022-08-30,Santa Barbara,083,443738,104436,103894,6740,110634,717
2022-08-30,Santa Clara,085,1922200,429560,424011,18652,442663,2467
2022-08-30,Santa Cruz,087,273765,62150,61812,3365,65177,272
2022-08-30,Shasta,089,179085,34498,34355,7240,41595,590
2022-08-30,Sierra,091,2930,303,302,60,362,5
2022-08-30,Siskiyou,093,43540,5048,5152,3266,8418,89
2022-08-30,Solano,095,438530,103886,103173,7721,110894,461
2022-08-30,Sonoma,097,501317,105491,104964,5177,110141,527
2022-08-30,Stanislaus,099,539301,136366,135801,21339,157140,1722
2022-08-30,Sutter,101,95872,23915,23856,2449,26305,228
2022-08-30,Tehama,103,63373,13469,13370,3019,16389,210
2022-08-30,Trinity,105,12862,1387,1373,372,1745,20
2022-08-30,Tulare,107,460477,120753,120346,35530,155876,1527
2022-08-30,Tuolumne,109,53932,15358,15250,910,16160,196
2022-08-30,Ventura,111,848112,205799,205157,15309,220466,1557
2022-08-30,Yolo,113,214977,46898,46807,4164,50971,334
2022-08-30,Yuba,115,75493,18615,18558,1670,20228,129
2022-08-29,Alameda,001,1643700,342059,340789,19312,360101,1986
2022-08-29,Alpine,002,1148,133,133,1,134,0
2022-08-29,Amador,005,37829,9858,9829,912,10741,89
2022-08-29,Butte,007,227075,38892,38720,8887,47607,452
2022-08-29,Calaveras,009,45235,8416,8404,516,8920,133
2022-08-29,Colusa,011,21464,3751,3744,1258,5002,22
2022-08-29,Contra Costa,013,1133247,247759,244168,20321,264489,1409
2022-08-29,Del Norte,015,27424,7353,7333,391,7724,56
2022-08-29,El Dorado,017,186661,31897,31864,4164,36028,226
2022-08-29,Fresno,019,978130,275009,270456,30865,301321,2829
2022-08-29,Glenn,021,27897,5476,5448,1839,7287,48
2022-08-29,Humboldt,023,135768,21417,21325,4849,26174,154
2022-08-29,Imperial,025,180216,64710,64562,15260,79822,953
2022-08-29,Inyo,027,18085,4449,4444,907,5351,59
2022-08-29,Kern,029,883053,217087,216037,61678,277715,2404
2022-08-29,Kings,031,150075,58725,58629,4044,62673,455
2022-08-29,Lake,033,64148,12625,12563,1142,13705,142
2022-08-29,Lassen,035,31185,9906,9889,979,10868,64
2022-08-29,Los Angeles,037,10098052,3241050,3228552,175879,3404431,32877
2022-08-29,Madera,039,155013,43390,43269,8089,51358,372
2022-08-29,Marin,041,260295,44461,44330,5157,49487,305
2022-08-29,Mariposa,043,17540,3052,3025,338,3363,31
2022-08-29,Mendocino,045,87422,15816,15733,4369,20102,134
2022-08-29,Merced,047,269075,71823,71089,11615,82704,852
2022-08-29,Modoc,049,8938,867,865,313,1178,11
2022-08-29,Mono,051,14174,3189,3181,241,3422,7
2022-08-29,Monterey,053,433212,93382,93046,20617,113663,762
2022-08-29,Napa,055,140530,31755,31725,1387,33112,156
2022-08-29,Nevada,057,99092,18728,18649,1768,20417,132
2022-08-29,Orange,059,3164182,659569,658076,61395,719471,7340
2022-08-29,Placer,061,380077,74889,74612,9368,83980,657
2022-08-29,Plumas,063,18699,3590,3581,430,4011,13
2022-08-29,Riverside,065,2383286,687836,685704,34598,720302,6581
2022-08-29,Sacramento,067,1510023,341964,340949,33290,374239,3230
2022-08-29,San Benito,069,59416,16033,15860,938,16798,103
2022-08-29,San Bernardino,071,2135413,663928,656343,30345,686688,8014
2022-08-29,San Diego,073,3302833,912172,910878,70700,981578,5459
2022-08-29,San Francisco,075,870044,176177,175752,11861,187613,1001
2022-08-29,San Joaquin,077,732212,195383,194437,14547,208984,2298
2022-08-29,San Luis Obispo,079,281455,62585,62312,6950,69262,515
2022-08-29,San Mateo,081,765935,166247,165161,10281,175442,738
2022-08-29,Santa Barbara,083,443738,104341,103894,6729,110623,717
2022-08-29,Santa Clara,085,1922200,429166,424011,18623,442634,2467
2022-08-29,Santa Cruz,087,273765,62083,61812,3358,65170,272
2022-08-29,Shasta,089,179085,34479,34355,7227,41582,590
2022-08-29,Sierra,091,2930,303,302,60,362,5
2022-08-29,Siskiyou,093,43540,5044,5152,3265,8417,89
2022-08-29,Solano,095,438530,103805,103173,7710,110883,461
2022-08-29,Sonoma,097,501317,105410,104964,5171,110135,527
2022-08-29,Stanislaus,099,539301,136246,135801,21305,157106,1722
2022-08-29,Sutter,101,95872,23887,23856,2446,26302,228
2022-08-29,Tehama,103,63373,13460,13370,3018,16388,210
2022-08-29,Trinity,105,12862,1386,1373,372,1745,20
2022-08-29,Tulare,107,460477,120661,120346,35462,155808,1527
2022-08-29,Tuolumne,109,53932,15343,15250,910,16160,196
2022-08-29,Ventura,111,848112,205651,205157,15286,220443,1557
2022-08-29,Yolo,113,214977,46872,46807,4154,50961,334
2022-08-29,Yuba,115,75493,18597,18558,1665,20223,129
2022-08-28,Alameda,001,1643700,341737,339618,19289,358907,1978
2022-08-28,Alpine,002,1148,133,133,1,134,0
2022-08-28,Amador,005,37829,9851,9802,910,10712,89
2022-08-28,Butte,007,227075,38841,38606,8876,47482,452
2022-08-28,Calaveras,009,45235,8408,8368,515,8883,133
2022-08-28,Colusa,011,21464,3748,3736,1254,4990,22
2022-08-28,Contra Costa,013,1133247,247538,243331,20301,263632,1404
2022-08-28,Del Norte,015,27424,7347,7316,390,7706,55
2022-08-28,El Dorado,017,186661,31866,31760,4156,35916,226
2022-08-28,Fresno,019,978130,274761,269680,30810,300490,2829
2022-08-28,Glenn,021,27897,5473,5434,1837,7271,49
2022-08-28,Humboldt,023,135768,21392,21264,4835,26099,154
2022-08-28,Imperial,025,180216,64657,64391,15211,79602,953
2022-08-28,Inyo,027,18085,4448,4443,904,5347,59
2022-08-28,Kern,029,883053,216949,215612,61497,277109,2399
2022-08-28,Kings,031,150075,58668,58443,4033,62476,455
2022-08-28,Lake,033,64148,12613,12524,1138,13662,142
2022-08-28,Lassen,035,31185,9894,9871,979,10850,64
2022-08-28,Los Angeles,037,10098052,3238354,3219328,175524,3394852,32833
2022-08-28,Madera,039,155013,43340,43105,8055,51160,372
2022-08-28,Marin,041,260295,44429,44192,5148,49340,305
2022-08-28,Mariposa,043,17540,3046,3018,337,3355,31
2022-08-28,Mendocino,045,87422,15802,15698,4365,20063,134
2022-08-28,Merced,047,269075,71748,70906,11565,82471,851
2022-08-28,Modoc,049,8938,867,865,313,1178,11
2022-08-28,Mono,051,14174,3188,3181,241,3422,7
2022-08-28,Monterey,053,433212,93316,92844,20588,113432,760
2022-08-28,Napa,055,140530,31727,31668,1386,33054,156
2022-08-28,Nevada,057,99092,18705,18592,1767,20359,132
2022-08-28,Orange,059,3164182,659108,656440,61284,717724,7326
2022-08-28,Placer,061,380077,74843,74391,9356,83747,657
2022-08-28,Plumas,063,18699,3587,3571,430,4001,13
2022-08-28,Riverside,065,2383286,687203,683511,34530,718041,6580
2022-08-28,Sacramento,067,1510023,341642,339846,33219,373065,3222
2022-08-28,San Benito,069,59416,16020,15805,935,16740,103
2022-08-28,San Bernardino,071,2135413,663327,653843,30288,684131,8017
2022-08-28,San Diego,073,3302833,911413,908809,70592,979401,5456
2022-08-28,San Francisco,075,870044,176022,175204,11849,187053,1000
2022-08-28,San Joaquin,077,732212,195148,193880,14517,208397,2296
2022-08-28,San Luis Obispo,079,281455,62536,62105,6931,69036,515
2022-08-28,San Mateo,081,765935,166094,164675,10268,174943,738
2022-08-28,Santa Barbara,083,443738,104207,103496,6710,110206,717
2022-08-28,Santa Clara,085,1922200,428756,422650,18602,441252,2459
2022-08-28,Santa Cruz,087,273765,61982,61594,3344,64938,273
2022-08-28,Shasta,089,179085,34444,34283,7214,41497,590
2022-08-28,Sierra,091,2930,302,300,60,360,5
2022-08-28,Siskiyou,093,43540,5038,5140,3263,8403,89
2022-08-28,Solano,095,438530,103709,102855,7702,110557,460
2022-08-28,Sonoma,097,501317,105327,104646,5160,109806,557
2022-08-28,Stanislaus,099,539301,136093,135310,21278,156588,1722
2022-08-28,Sutter,101,95872,23860,23759,2443,26202,228
2022-08-28,Tehama,103,63373,13440,13340,3016,16356,210
2022-08-28,Trinity,105,12862,1386,1370,370,1740,20
2022-08-28,Tulare,107,460477,120546,119942,35355,155297,1527
2022-08-28,Tuolumne,109,53932,15337,15193,905,16098,196
2022-08-28,Ventura,111,848112,205452,204567,15218,219785,1553
2022-08-28,Yolo,113,214977,46820,46744,4143,50887,334
2022-08-28,Yuba,115,75493,18578,18482,1659,20141,129
2022-08-27,Alameda,001,1643700,341549,339618,19279,358897,1978
2022-08-27,Alpine,002,1148,133,133,1,134,0
2022-08-27,Amador,005,37829,9845,9802,909,10711,89
2022-08-27,Butte,007,227075,38813,38606,8863,47469,452
2022-08-27,Calaveras,009,45235,8403,8368,515,8883,133
2022-08-27,Colusa,011,21464,3746,3736,1249,4985,22
2022-08-27,Contra Costa,013,1133247,247397,243331,20292,263623,1404
2022-08-27,Del Norte,015,27424,7345,7316,390,7706,55
2022-08-27,El Dorado,017,186661,31854,31760,4152,35912,226
2022-08-27,Fresno,019,978130,274638,269680,30794,300474,2829
2022-08-27,Glenn,021,27897,5471,5434,1837,7271,49
2022-08-27,Humboldt,023,135768,21376,21264,4827,26091,154
2022-08-27,Imperial,025,180216,64635,64391,15201,79592,953
2022-08-27,Inyo,027,18085,4447,4443,904,5347,59
2022-08-27,Kern,029,883053,216867,215612,61388,277000,2399
2022-08-27,Kings,031,150075,58638,58443,4030,62473,455
2022-08-27,Lake,033,64148,12608,12524,1134,13658,142
2022-08-27,Lassen,035,31185,9890,9871,979,10850,64
2022-08-27,Los Angeles,037,10098052,3237033,3219328,175310,3394638,32833
2022-08-27,Madera,039,155013,43305,43105,8051,51156,372
2022-08-27,Marin,041,260295,44408,44192,5139,49331,305
2022-08-27,Mariposa,043,17540,3045,3018,336,3354,31
2022-08-27,Mendocino,045,87422,15796,15698,4363,20061,134
2022-08-27,Merced,047,269075,71704,70906,11557,82463,851
2022-08-27,Modoc,049,8938,867,865,313,1178,11
2022-08-27,Mono,051,14174,3187,3181,241,3422,7
2022-08-27,Monterey,053,433212,93284,92844,20572,113416,760
2022-08-27,Napa,055,140530,31712,31668,1384,33052,156
2022-08-27,Nevada,057,99092,18694,18592,1765,20357,132
2022-08-27,Orange,059,3164182,658844,656440,61181,717621,7326
2022-08-27,Placer,061,380077,74806,74391,9352,83743,657
2022-08-27,Plumas,063,18699,3586,3571,430,4001,13
2022-08-27,Riverside,065,2383286,686870,683511,34504,718015,6580
2022-08-27,Sacramento,067,1510023,341510,339846,33201,373047,3222
2022-08-27,San Benito,069,59416,16004,15805,931,16736,103
2022-08-27,San Bernardino,071,2135413,663012,653843,30257,684100,8017
2022-08-27,San Diego,073,3302833,911074,908809,70551,979360,5456
2022-08-27,San Francisco,075,870044,175949,175204,11843,187047,1000
2022-08-27,San Joaquin,077,732212,195089,193880,14496,208376,2296
2022-08-27,San Luis Obispo,079,281455,62521,62105,6924,69029,515
2022-08-27,San Mateo,081,765935,166000,164675,10265,174940,738
2022-08-27,Santa Barbara,083,443738,104144,103496,6699,110195,717
2022-08-27,Santa Clara,085,1922200,428545,422650,18589,441239,2459
2022-08-27,Santa Cruz,087,273765,61969,61594,3343,64937,273
2022-08-27,Shasta,089,179085,34433,34283,7209,41492,590
2022-08-27,Sierra,091,2930,302,300,60,360,5
2022-08-27,Siskiyou,093,43540,5036,5140,3263,8403,89
2022-08-27,Solano,095,438530,103672,102855,7694,110549,460
2022-08-27,Sonoma,097,501317,105285,104646,5157,109803,557
2022-08-27,Stanislaus,099,539301,136014,135310,21257,156567,1722
2022-08-27,Sutter,101,95872,23845,23759,2443,26202,228
2022-08-27,Tehama,103,63373,13434,13340,3015,16355,210
2022-08-27,Trinity,105,12862,1385,1370,368,1738,20
2022-08-27,Tulare,107,460477,120486,119942,35306,155248,1527
2022-08-27,Tuolumne,109,53932,15330,15193,904,16097,196
2022-08-27,Ventura,111,848112,205367,204567,15205,219772,1553
2022-08-27,Yolo,113,214977,46800,46744,4139,50883,334
2022-08-27,Yuba,115,75493,18566,18482,1658,20140,129
2022-08-26,Alameda,001,1643700,341380,339618,19272,358890,1978
2022-08-26,Alpine,002,1148,133,133,1,134,0
2022-08-26,Amador,005,37829,9842,9802,907,10709,89
2022-08-26,Butte,007,227075,38799,38606,8851,47457,452
2022-08-26,Calaveras,009,45235,8398,8368,515,8883,133
2022-08-26,Colusa,011,21464,3745,3736,1249,4985,22
2022-08-26,Contra Costa,013,1133247,247241,243331,20285,263616,1404
2022-08-26,Del Norte,015,27424,7343,7316,390,7706,55
2022-08-26,El Dorado,017,186661,31834,31760,4151,35911,226
2022-08-26,Fresno,019,978130,274482,269680,30757,300437,2829
2022-08-26,Glenn,021,27897,5468,5434,1835,7269,49
2022-08-26,Humboldt,023,135768,21369,21264,4825,26089,154
2022-08-26,Imperial,025,180216,64612,64391,15188,79579,953
2022-08-26,Inyo,027,18085,4446,4443,897,5340,59
2022-08-26,Kern,029,883053,216777,215612,61291,276903,2399
2022-08-26,Kings,031,150075,58624,58443,4028,62471,455
2022-08-26,Lake,033,64148,12600,12524,1133,13657,142
2022-08-26,Lassen,035,31185,9888,9871,979,10850,64
2022-08-26,Los Angeles,037,10098052,3235623,3219328,175095,3394423,32833
2022-08-26,Madera,039,155013,43275,43105,8045,51150,372
2022-08-26,Marin,041,260295,44376,44192,5137,49329,305
2022-08-26,Mariposa,043,17540,3040,3018,332,3350,31
2022-08-26,Mendocino,045,87422,15790,15698,4361,20059,134
2022-08-26,Merced,047,269075,71664,70906,11549,82455,851
2022-08-26,Modoc,049,8938,866,865,313,1178,11
2022-08-26,Mono,051,14174,3187,3181,241,3422,7
2022-08-26,Monterey,053,433212,93243,92844,20557,113401,760
2022-08-26,Napa,055,140530,31698,31668,1384,33052,156
2022-08-26,Nevada,057,99092,18682,18592,1763,20355,132
2022-08-26,Orange,059,3164182,658585,656440,61118,717558,7326
2022-08-26,Placer,061,380077,74772,74391,9341,83732,657
2022-08-26,Plumas,063,18699,3585,3571,430,4001,13
2022-08-26,Riverside,065,2383286,686521,683511,34468,717979,6580
2022-08-26,Sacramento,067,1510023,341326,339846,33185,373031,3222
2022-08-26,San Benito,069,59416,15993,15805,931,16736,103
2022-08-26,San Bernardino,071,2135413,662694,653843,30231,684074,8017
2022-08-26,San Diego,073,3302833,910652,908809,70528,979337,5456
2022-08-26,San Francisco,075,870044,175865,175204,11837,187041,1000
2022-08-26,San Joaquin,077,732212,195015,193880,14479,208359,2296
2022-08-26,San Luis Obispo,079,281455,62499,62105,6920,69025,515
2022-08-26,San Mateo,081,765935,165909,164675,10258,174933,738
2022-08-26,Santa Barbara,083,443738,104092,103496,6693,110189,717
2022-08-26,Santa Clara,085,1922200,428328,422650,18576,441226,2459
2022-08-26,Santa Cruz,087,273765,61922,61594,3339,64933,273
2022-08-26,Shasta,089,179085,34421,34283,7205,41488,590
2022-08-26,Sierra,091,2930,302,300,60,360,5
2022-08-26,Siskiyou,093,43540,5033,5140,3263,8403,89
2022-08-26,Solano,095,438530,103614,102855,7683,110538,460
2022-08-26,Sonoma,097,501317,105240,104646,5157,109803,557
2022-08-26,Stanislaus,099,539301,135937,135310,21248,156558,1722
2022-08-26,Sutter,101,95872,23826,23759,2442,26201,228
2022-08-26,Tehama,103,63373,13423,13340,3013,16353,210
2022-08-26,Trinity,105,12862,1385,1370,368,1738,20
2022-08-26,Tulare,107,460477,120423,119942,35258,155200,1527
2022-08-26,Tuolumne,109,53932,15318,15193,904,16097,196
2022-08-26,Ventura,111,848112,205287,204567,15190,219757,1553
2022-08-26,Yolo,113,214977,46788,46744,4135,50879,334
2022-08-26,Yuba,115,75493,18553,18482,1658,20140,129
2022-08-25,Alameda,001,1643700,341087,339618,19246,358864,1978
2022-08-25,Alpine,002,1148,133,133,1,134,0
2022-08-25,Amador,005,37829,9835,9802,907,10709,89
2022-08-25,Butte,007,227075,38775,38606,8842,47448,452
2022-08-25,Calaveras,009,45235,8392,8368,515,8883,133
2022-08-25,Colusa,011,21464,3745,3736,1247,4983,22
2022-08-25,Contra Costa,013,1133247,247037,243331,20265,263596,1404
2022-08-25,Del Norte,015,27424,7334,7316,390,7706,55
2022-08-25,El Dorado,017,186661,31813,31760,4146,35906,226
2022-08-25,Fresno,019,978130,274281,269680,30707,300387,2829
2022-08-25,Glenn,021,27897,5463,5434,1834,7268,49
2022-08-25,Humboldt,023,135768,21348,21264,4815,26079,154
2022-08-25,Imperial,025,180216,64570,64391,15160,79551,953
2022-08-25,Inyo,027,18085,4446,4443,890,5333,59
2022-08-25,Kern,029,883053,216637,215612,61187,276799,2399
2022-08-25,Kings,031,150075,58568,58443,4020,62463,455
2022-08-25,Lake,033,64148,12586,12524,1131,13655,142
2022-08-25,Lassen,035,31185,9887,9871,978,10849,64
2022-08-25,Los Angeles,037,10098052,3233469,3219328,174799,3394127,32833
2022-08-25,Madera,039,155013,43228,43105,8031,51136,372
2022-08-25,Marin,041,260295,44348,44192,5129,49321,305
2022-08-25,Mariposa,043,17540,3038,3018,332,3350,31
2022-08-25,Mendocino,045,87422,15781,15698,4360,20058,134
2022-08-25,Merced,047,269075,71617,70906,11517,82423,851
2022-08-25,Modoc,049,8938,866,865,313,1178,11
2022-08-25,Mono,051,14174,3187,3181,241,3422,7
2022-08-25,Monterey,053,433212,93191,92844,20536,113380,760
2022-08-25,Napa,055,140530,31681,31668,1383,33051,156
2022-08-25,Nevada,057,99092,18660,18592,1758,20350,132
2022-08-25,Orange,059,3164182,658177,656440,61026,717466,7326
2022-08-25,Placer,061,380077,74722,74391,9334,83725,657
2022-08-25,Plumas,063,18699,3583,3571,430,4001,13
2022-08-25,Riverside,065,2383286,686001,683511,34420,717931,6580
2022-08-25,Sacramento,067,1510023,341050,339846,33142,372988,3222
2022-08-25,San Benito,069,59416,15980,15805,930,16735,103
2022-08-25,San Bernardino,071,2135413,662163,653843,30196,684039,8017
2022-08-25,San Diego,073,3302833,910107,908809,70449,979258,5456
2022-08-25,San Francisco,075,870044,175752,175204,11832,187036,1000
2022-08-25,San Joaquin,077,732212,194868,193880,14454,208334,2296
2022-08-25,San Luis Obispo,079,281455,62399,62105,6910,69015,515
2022-08-25,San Mateo,081,765935,165782,164675,10250,174925,738
2022-08-25,Santa Barbara,083,443738,103997,103496,6678,110174,717
2022-08-25,Santa Clara,085,1922200,428012,422650,18555,441205,2459
2022-08-25,Santa Cruz,087,273765,61862,61594,3335,64929,273
2022-08-25,Shasta,089,179085,34402,34283,7193,41476,590
2022-08-25,Sierra,091,2930,302,300,60,360,5
2022-08-25,Siskiyou,093,43540,5028,5140,3258,8398,89
2022-08-25,Solano,095,438530,103528,102855,7673,110528,460
2022-08-25,Sonoma,097,501317,105164,104646,5150,109796,557
2022-08-25,Stanislaus,099,539301,135811,135310,21225,156535,1722
2022-08-25,Sutter,101,95872,23803,23759,2439,26198,228
2022-08-25,Tehama,103,63373,13415,13340,3006,16346,210
2022-08-25,Trinity,105,12862,1385,1370,367,1737,20
2022-08-25,Tulare,107,460477,120329,119942,35186,155128,1527
2022-08-25,Tuolumne,109,53932,15300,15193,903,16096,196
2022-08-25,Ventura,111,848112,205134,204567,15140,219707,1553
2022-08-25,Yolo,113,214977,46761,46744,4126,50870,334
2022-08-25,Yuba,115,75493,18534,18482,1655,20137,129
2022-08-24,Alameda,001,1643700,340778,338591,19222,357813,1976
2022-08-24,Alpine,002,1148,133,131,1,132,0
2022-08-24,Amador,005,37829,9828,9786,904,10690,89
2022-08-24,Butte,007,227075,38737,38458,8826,47284,449
2022-08-24,Calaveras,009,45235,8377,8334,514,8848,132
2022-08-24,Colusa,011,21464,3745,3722,1244,4966,22
2022-08-24,Contra Costa,013,1133247,246848,242633,20239,262872,1399
2022-08-24,Del Norte,015,27424,7330,7308,388,7696,55
2022-08-24,El Dorado,017,186661,31798,31682,4141,35823,225
2022-08-24,Fresno,019,978130,274086,269025,30651,299676,2822
2022-08-24,Glenn,021,27897,5461,5423,1834,7257,48
2022-08-24,Humboldt,023,135768,21327,21195,4804,25999,153
2022-08-24,Imperial,025,180216,64533,64271,15143,79414,951
2022-08-24,Inyo,027,18085,4445,4440,889,5329,59
2022-08-24,Kern,029,883053,216489,215225,61065,276290,2399
2022-08-24,Kings,031,150075,58514,58324,4016,62340,454
2022-08-24,Lake,033,64148,12576,12476,1130,13606,142
2022-08-24,Lassen,035,31185,9884,9867,975,10842,64
2022-08-24,Los Angeles,037,10098052,3231113,3211321,174487,3385808,32783
2022-08-24,Madera,039,155013,43188,42984,8006,50990,372
2022-08-24,Marin,041,260295,44311,44082,5121,49203,305
2022-08-24,Mariposa,043,17540,3038,3010,332,3342,31
2022-08-24,Mendocino,045,87422,15769,15623,4350,19973,134
2022-08-24,Merced,047,269075,71567,70665,11485,82150,849
2022-08-24,Modoc,049,8938,866,864,312,1176,11
2022-08-24,Mono,051,14174,3187,3181,241,3422,7
2022-08-24,Monterey,053,433212,93130,92590,20496,113086,760
2022-08-24,Napa,055,140530,31671,31602,1381,32983,156
2022-08-24,Nevada,057,99092,18644,18565,1755,20320,132
2022-08-24,Orange,059,3164182,657726,654893,60930,715823,7312
2022-08-24,Placer,061,380077,74661,74226,9329,83555,657
2022-08-24,Plumas,063,18699,3579,3555,430,3985,13
2022-08-24,Riverside,065,2383286,685465,681805,34364,716169,6573
2022-08-24,Sacramento,067,1510023,340772,339009,33096,372105,3208
2022-08-24,San Benito,069,59416,15958,15745,927,16672,103
2022-08-24,San Bernardino,071,2135413,661652,651496,30155,681651,8018
2022-08-24,San Diego,073,3302833,909543,906885,70379,977264,5453
2022-08-24,San Francisco,075,870044,175609,174731,11827,186558,974
2022-08-24,San Joaquin,077,732212,194713,193370,14428,207798,2288
2022-08-24,San Luis Obispo,079,281455,62360,61962,6897,68859,515
2022-08-24,San Mateo,081,765935,165666,164307,10244,174551,738
2022-08-24,Santa Barbara,083,443738,103920,103237,6662,109899,716
2022-08-24,Santa Clara,085,1922200,427661,421483,18543,440026,2454
2022-08-24,Santa Cruz,087,273765,61835,61387,3330,64717,270
2022-08-24,Shasta,089,179085,34388,34180,7179,41359,589
2022-08-24,Sierra,091,2930,302,301,60,361,5
2022-08-24,Siskiyou,093,43540,5024,5133,3257,8390,88
2022-08-24,Solano,095,438530,103441,102631,7662,110293,459
2022-08-24,Sonoma,097,501317,105087,104444,5149,109593,520
2022-08-24,Stanislaus,099,539301,135682,134894,21200,156094,1720
2022-08-24,Sutter,101,95872,23771,23673,2438,26111,228
2022-08-24,Tehama,103,63373,13410,13312,3002,16314,209
2022-08-24,Trinity,105,12862,1384,1369,367,1736,20
2022-08-24,Tulare,107,460477,120222,119644,35085,154729,1525
2022-08-24,Tuolumne,109,53932,15290,15140,903,16043,196
2022-08-24,Ventura,111,848112,204968,204064,15100,219164,1551
2022-08-24,Yolo,113,214977,46732,46665,4118,50783,333
2022-08-24,Yuba,115,75493,18510,18425,1649,20074,129
2022-08-23,Alameda,001,1643700,340458,338591,19199,357790,1976
2022-08-23,Alpine,002,1148,133,131,1,132,0
2022-08-23,Amador,005,37829,9817,9786,903,10689,89
2022-08-23,Butte,007,227075,38705,38458,8806,47264,449
2022-08-23,Calaveras,009,45235,8368,8334,510,8844,132
2022-08-23,Colusa,011,21464,3742,3722,1240,4962,22
2022-08-23,Contra Costa,013,1133247,246651,242633,20209,262842,1399
2022-08-23,Del Norte,015,27424,7326,7308,388,7696,55
2022-08-23,El Dorado,017,186661,31778,31682,4138,35820,225
2022-08-23,Fresno,019,978130,273832,269025,30592,299617,2822
2022-08-23,Glenn,021,27897,5455,5423,1833,7256,48
2022-08-23,Humboldt,023,135768,21314,21195,4792,25987,153
2022-08-23,Imperial,025,180216,64490,64271,15124,79395,951
2022-08-23,Inyo,027,18085,4443,4440,882,5322,59
2022-08-23,Kern,029,883053,216357,215225,60902,276127,2399
2022-08-23,Kings,031,150075,58463,58324,4011,62335,454
2022-08-23,Lake,033,64148,12556,12476,1129,13605,142
2022-08-23,Lassen,035,31185,9880,9867,975,10842,64
2022-08-23,Los Angeles,037,10098052,3228455,3211321,174161,3385482,32783
2022-08-23,Madera,039,155013,43143,42984,7982,50966,372
2022-08-23,Marin,041,260295,44279,44082,5118,49200,305
2022-08-23,Mariposa,043,17540,3034,3010,328,3338,31
2022-08-23,Mendocino,045,87422,15751,15623,4342,19965,134
2022-08-23,Merced,047,269075,71506,70665,11432,82097,849
2022-08-23,Modoc,049,8938,866,864,312,1176,11
2022-08-23,Mono,051,14174,3187,3181,241,3422,7
2022-08-23,Monterey,053,433212,93061,92590,20452,113042,760
2022-08-23,Napa,055,140530,31653,31602,1381,32983,156
2022-08-23,Nevada,057,99092,18630,18565,1747,20312,132
2022-08-23,Orange,059,3164182,657213,654893,60814,715707,7312
2022-08-23,Placer,061,380077,74596,74226,9315,83541,657
2022-08-23,Plumas,063,18699,3573,3555,430,3985,13
2022-08-23,Riverside,065,2383286,684851,681805,34299,716104,6573
2022-08-23,Sacramento,067,1510023,340449,339009,33042,372051,3208
2022-08-23,San Benito,069,59416,15935,15745,923,16668,103
2022-08-23,San Bernardino,071,2135413,661042,651496,30095,681591,8018
2022-08-23,San Diego,073,3302833,908925,906885,70302,977187,5453
2022-08-23,San Francisco,075,870044,175454,174731,11817,186548,974
2022-08-23,San Joaquin,077,732212,194557,193370,14385,207755,2288
2022-08-23,San Luis Obispo,079,281455,62312,61962,6886,68848,515
2022-08-23,San Mateo,081,765935,165539,164307,10241,174548,738
2022-08-23,Santa Barbara,083,443738,103825,103237,6647,109884,716
2022-08-23,Santa Clara,085,1922200,427284,421483,18528,440011,2454
2022-08-23,Santa Cruz,087,273765,61782,61387,3327,64714,270
2022-08-23,Shasta,089,179085,34365,34180,7173,41353,589
2022-08-23,Sierra,091,2930,302,301,60,361,5
2022-08-23,Siskiyou,093,43540,5024,5133,3255,8388,88
2022-08-23,Solano,095,438530,103346,102631,7656,110287,459
2022-08-23,Sonoma,097,501317,105006,104444,5138,109582,520
2022-08-23,Stanislaus,099,539301,135562,134894,21156,156050,1720
2022-08-23,Sutter,101,95872,23752,23673,2433,26106,228
2022-08-23,Tehama,103,63373,13400,13312,3000,16312,209
2022-08-23,Trinity,105,12862,1382,1369,367,1736,20
2022-08-23,Tulare,107,460477,120110,119644,34983,154627,1525
2022-08-23,Tuolumne,109,53932,15275,15140,902,16042,196
2022-08-23,Ventura,111,848112,204793,204064,15063,219127,1551
2022-08-23,Yolo,113,214977,46706,46665,4116,50781,333
2022-08-23,Yuba,115,75493,18489,18425,1645,20070,129
2022-08-22,Alameda,001,1643700,340093,338591,19169,357760,1976
2022-08-22,Alpine,002,1148,133,131,1,132,0
2022-08-22,Amador,005,37829,9812,9786,902,10688,89
2022-08-22,Butte,007,227075,38656,38458,8789,47247,449
2022-08-22,Calaveras,009,45235,8357,8334,508,8842,132
2022-08-22,Colusa,011,21464,3740,3722,1236,4958,22
2022-08-22,Contra Costa,013,1133247,246404,242633,20170,262803,1399
2022-08-22,Del Norte,015,27424,7325,7308,388,7696,55
2022-08-22,El Dorado,017,186661,31754,31682,4134,35816,225
2022-08-22,Fresno,019,978130,273591,269025,30508,299533,2822
2022-08-22,Glenn,021,27897,5454,5423,1831,7254,48
2022-08-22,Humboldt,023,135768,21293,21195,4777,25972,153
2022-08-22,Imperial,025,180216,64416,64271,15083,79354,951
2022-08-22,Inyo,027,18085,4441,4440,882,5322,59
2022-08-22,Kern,029,883053,216202,215225,60715,275940,2399
2022-08-22,Kings,031,150075,58411,58324,4003,62327,454
2022-08-22,Lake,033,64148,12532,12476,1126,13602,142
2022-08-22,Lassen,035,31185,9878,9867,975,10842,64
2022-08-22,Los Angeles,037,10098052,3225531,3211321,173813,3385134,32783
2022-08-22,Madera,039,155013,43089,42984,7957,50941,372
2022-08-22,Marin,041,260295,44246,44082,5110,49192,305
2022-08-22,Mariposa,043,17540,3027,3010,327,3337,31
2022-08-22,Mendocino,045,87422,15729,15623,4325,19948,134
2022-08-22,Merced,047,269075,71430,70665,11390,82055,849
2022-08-22,Modoc,049,8938,866,864,312,1176,11
2022-08-22,Mono,051,14174,3187,3181,241,3422,7
2022-08-22,Monterey,053,433212,92986,92590,20403,112993,760
2022-08-22,Napa,055,140530,31627,31602,1378,32980,156
2022-08-22,Nevada,057,99092,18612,18565,1741,20306,132
2022-08-22,Orange,059,3164182,656621,654893,60688,715581,7312
2022-08-22,Placer,061,380077,74519,74226,9308,83534,657
2022-08-22,Plumas,063,18699,3572,3555,430,3985,13
2022-08-22,Riverside,065,2383286,684188,681805,34230,716035,6573
2022-08-22,Sacramento,067,1510023,340109,339009,32960,371969,3208
2022-08-22,San Benito,069,59416,15913,15745,922,16667,103
2022-08-22,San Bernardino,071,2135413,660308,651496,30027,681523,8018
2022-08-22,San Diego,073,3302833,908239,906885,70181,977066,5453
2022-08-22,San Francisco,075,870044,175302,174731,11803,186534,974
2022-08-22,San Joaquin,077,732212,194378,193370,14345,207715,2288
2022-08-22,San Luis Obispo,079,281455,62259,61962,6873,68835,515
2022-08-22,San Mateo,081,765935,165395,164307,10229,174536,738
2022-08-22,Santa Barbara,083,443738,103703,103237,6629,109866,716
2022-08-22,Santa Clara,085,1922200,426858,421483,18501,439984,2454
2022-08-22,Santa Cruz,087,273765,61699,61387,3323,64710,270
2022-08-22,Shasta,089,179085,34349,34180,7163,41343,589
2022-08-22,Sierra,091,2930,302,301,60,361,5
2022-08-22,Siskiyou,093,43540,5020,5133,3253,8386,88
2022-08-22,Solano,095,438530,103256,102631,7643,110274,459
2022-08-22,Sonoma,097,501317,104924,104444,5125,109569,520
2022-08-22,Stanislaus,099,539301,135398,134894,21120,156014,1720
2022-08-22,Sutter,101,95872,23717,23673,2433,26106,228
2022-08-22,Tehama,103,63373,13394,13312,2997,16309,209
2022-08-22,Trinity,105,12862,1377,1369,365,1734,20
2022-08-22,Tulare,107,460477,119979,119644,34882,154526,1525
2022-08-22,Tuolumne,109,53932,15252,15140,902,16042,196
2022-08-22,Ventura,111,848112,204631,204064,14989,219053,1551
2022-08-22,Yolo,113,214977,46668,46665,4106,50771,333
2022-08-22,Yuba,115,75493,18462,18425,1641,20066,129
2022-08-21,Alameda,001,1643700,339664,337238,19143,356381,1970
2022-08-21,Alpine,002,1148,132,131,1,132,0
2022-08-21,Amador,005,37829,9805,9761,897,10658,89
2022-08-21,Butte,007,227075,38610,38316,8771,47087,449
2022-08-21,Calaveras,009,45235,8344,8313,506,8819,132
2022-08-21,Colusa,011,21464,3734,3718,1230,4948,22
2022-08-21,Contra Costa,013,1133247,246116,241665,20139,261804,1399
2022-08-21,Del Norte,015,27424,7318,7290,387,7677,55
2022-08-21,El Dorado,017,186661,31721,31600,4129,35729,225
2022-08-21,Fresno,019,978130,273315,268147,30418,298565,2822
2022-08-21,Glenn,021,27897,5450,5413,1830,7243,48
2022-08-21,Humboldt,023,135768,21269,21104,4759,25863,153
2022-08-21,Imperial,025,180216,64355,64092,15043,79135,951
2022-08-21,Inyo,027,18085,4441,4435,878,5313,59
2022-08-21,Kern,029,883053,216014,214656,60528,275184,2389
2022-08-21,Kings,031,150075,58340,58109,3992,62101,454
2022-08-21,Lake,033,64148,12508,12426,1124,13550,142
2022-08-21,Lassen,035,31185,9872,9843,974,10817,64
2022-08-21,Los Angeles,037,10098052,3222272,3200023,173412,3373435,32746
2022-08-21,Madera,039,155013,43039,42822,7919,50741,372
2022-08-21,Marin,041,260295,44197,43966,5091,49057,305
2022-08-21,Mariposa,043,17540,3025,3003,327,3330,31
2022-08-21,Mendocino,045,87422,15699,15578,4302,19880,134
2022-08-21,Merced,047,269075,71338,70449,11316,81765,846
2022-08-21,Modoc,049,8938,865,862,312,1174,11
2022-08-21,Mono,051,14174,3187,3177,239,3416,7
2022-08-21,Monterey,053,433212,92883,92287,20348,112635,760
2022-08-21,Napa,055,140530,31605,31534,1377,32911,156
2022-08-21,Nevada,057,99092,18600,18497,1737,20234,132
2022-08-21,Orange,059,3164182,655966,652703,60552,713255,7280
2022-08-21,Placer,061,380077,74457,74027,9304,83331,657
2022-08-21,Plumas,063,18699,3565,3550,430,3980,13
2022-08-21,Riverside,065,2383286,683355,679298,34145,713443,6574
2022-08-21,Sacramento,067,1510023,339740,337745,32888,370633,3208
2022-08-21,San Benito,069,59416,15890,15698,919,16617,103
2022-08-21,San Bernardino,071,2135413,659457,648583,29963,678546,8014
2022-08-21,San Diego,073,3302833,907381,904015,70100,974115,5448
2022-08-21,San Francisco,075,870044,175099,174151,11785,185936,973
2022-08-21,San Joaquin,077,732212,194131,192738,14305,207043,2288
2022-08-21,San Luis Obispo,079,281455,62207,61764,6848,68612,516
2022-08-21,San Mateo,081,765935,165240,163705,10221,173926,738
2022-08-21,Santa Barbara,083,443738,103573,102795,6604,109399,713
2022-08-21,Santa Clara,085,1922200,426330,419723,18468,438191,2437
2022-08-21,Santa Cruz,087,273765,61584,61098,3318,64416,269
2022-08-21,Shasta,089,179085,34309,34105,7148,41253,588
2022-08-21,Sierra,091,2930,302,298,60,358,4
2022-08-21,Siskiyou,093,43540,5019,5119,3246,8365,88
2022-08-21,Solano,095,438530,103171,102355,7632,109987,457
2022-08-21,Sonoma,097,501317,104817,104090,5112,109202,511
2022-08-21,Stanislaus,099,539301,135232,134407,21049,155456,1719
2022-08-21,Sutter,101,95872,23684,23587,2426,26013,228
2022-08-21,Tehama,103,63373,13383,13289,2993,16282,209
2022-08-21,Trinity,105,12862,1375,1366,364,1730,20
2022-08-21,Tulare,107,460477,119851,119251,34731,153982,1521
2022-08-21,Tuolumne,109,53932,15235,15085,900,15985,196
2022-08-21,Ventura,111,848112,204397,203318,14920,218238,1547
2022-08-21,Yolo,113,214977,46628,46567,4101,50668,333
2022-08-21,Yuba,115,75493,18439,18363,1634,19997,129
2022-08-20,Alameda,001,1643700,339452,337238,19127,356365,1970
2022-08-20,Alpine,002,1148,132,131,1,132,0
2022-08-20,Amador,005,37829,9802,9761,897,10658,89
2022-08-20,Butte,007,227075,38581,38316,8767,47083,449
2022-08-20,Calaveras,009,45235,8341,8313,505,8818,132
2022-08-20,Colusa,011,21464,3730,3718,1224,4942,22
2022-08-20,Contra Costa,013,1133247,245975,241665,20130,261795,1399
2022-08-20,Del Norte,015,27424,7317,7290,387,7677,55
2022-08-20,El Dorado,017,186661,31701,31600,4127,35727,225
2022-08-20,Fresno,019,978130,273170,268147,30394,298541,2822
2022-08-20,Glenn,021,27897,5447,5413,1830,7243,48
2022-08-20,Humboldt,023,135768,21250,21104,4747,25851,153
2022-08-20,Imperial,025,180216,64319,64092,15024,79116,951
2022-08-20,Inyo,027,18085,4441,4435,878,5313,59
2022-08-20,Kern,029,883053,215926,214656,60404,275060,2389
2022-08-20,Kings,031,150075,58313,58109,3987,62096,454
2022-08-20,Lake,033,64148,12498,12426,1120,13546,142
2022-08-20,Lassen,035,31185,9869,9843,974,10817,64
2022-08-20,Los Angeles,037,10098052,3220683,3200023,173187,3373210,32746
2022-08-20,Madera,039,155013,43015,42822,7913,50735,372
2022-08-20,Marin,041,260295,44179,43966,5089,49055,305
2022-08-20,Mariposa,043,17540,3025,3003,327,3330,31
2022-08-20,Mendocino,045,87422,15683,15578,4301,19879,134
2022-08-20,Merced,047,269075,71314,70449,11308,81757,846
2022-08-20,Modoc,049,8938,865,862,312,1174,11
2022-08-20,Mono,051,14174,3187,3177,237,3414,7
2022-08-20,Monterey,053,433212,92838,92287,20320,112607,760
2022-08-20,Napa,055,140530,31597,31534,1377,32911,156
2022-08-20,Nevada,057,99092,18597,18497,1735,20232,132
2022-08-20,Orange,059,3164182,655645,652703,60465,713168,7280
2022-08-20,Placer,061,380077,74408,74027,9300,83327,657
2022-08-20,Plumas,063,18699,3565,3550,430,3980,13
2022-08-20,Riverside,065,2383286,682930,679298,34117,713415,6574
2022-08-20,Sacramento,067,1510023,339578,337745,32865,370610,3208
2022-08-20,San Benito,069,59416,15871,15698,916,16614,103
2022-08-20,San Bernardino,071,2135413,659036,648583,29925,678508,8014
2022-08-20,San Diego,073,3302833,907000,904015,70074,974089,5448
2022-08-20,San Francisco,075,870044,174975,174151,11784,185935,973
2022-08-20,San Joaquin,077,732212,194031,192738,14278,207016,2288
2022-08-20,San Luis Obispo,079,281455,62189,61764,6840,68604,516
2022-08-20,San Mateo,081,765935,165139,163705,10218,173923,738
2022-08-20,Santa Barbara,083,443738,103502,102795,6597,109392,713
2022-08-20,Santa Clara,085,1922200,426063,419723,18452,438175,2437
2022-08-20,Santa Cruz,087,273765,61554,61098,3314,64412,269
2022-08-20,Shasta,089,179085,34283,34105,7146,41251,588
2022-08-20,Sierra,091,2930,302,298,60,358,4
2022-08-20,Siskiyou,093,43540,5014,5119,3245,8364,88
2022-08-20,Solano,095,438530,103125,102355,7624,109979,457
2022-08-20,Sonoma,097,501317,104763,104090,5109,109199,511
2022-08-20,Stanislaus,099,539301,135140,134407,21034,155441,1719
2022-08-20,Sutter,101,95872,23656,23587,2426,26013,228
2022-08-20,Tehama,103,63373,13375,13289,2993,16282,209
2022-08-20,Trinity,105,12862,1375,1366,364,1730,20
2022-08-20,Tulare,107,460477,119769,119251,34681,153932,1521
2022-08-20,Tuolumne,109,53932,15226,15085,898,15983,196
2022-08-20,Ventura,111,848112,204288,203318,14904,218222,1547
2022-08-20,Yolo,113,214977,46600,46567,4093,50660,333
2022-08-20,Yuba,115,75493,18432,18363,1633,19996,129
2022-08-19,Alameda,001,1643700,339240,337238,19105,356343,1970
2022-08-19,Alpine,002,1148,132,131,1,132,0
2022-08-19,Amador,005,37829,9801,9761,897,10658,89
2022-08-19,Butte,007,227075,38560,38316,8756,47072,449
2022-08-19,Calaveras,009,45235,8336,8313,505,8818,132
2022-08-19,Colusa,011,21464,3729,3718,1223,4941,22
2022-08-19,Contra Costa,013,1133247,245833,241665,20119,261784,1399
2022-08-19,Del Norte,015,27424,7312,7290,387,7677,55
2022-08-19,El Dorado,017,186661,31689,31600,4123,35723,225
2022-08-19,Fresno,019,978130,273005,268147,30371,298518,2822
2022-08-19,Glenn,021,27897,5446,5413,1830,7243,48
2022-08-19,Humboldt,023,135768,21240,21104,4737,25841,153
2022-08-19,Imperial,025,180216,64291,64092,15009,79101,951
2022-08-19,Inyo,027,18085,4441,4435,874,5309,59
2022-08-19,Kern,029,883053,215836,214656,60313,274969,2389
2022-08-19,Kings,031,150075,58271,58109,3980,62089,454
2022-08-19,Lake,033,64148,12485,12426,1118,13544,142
2022-08-19,Lassen,035,31185,9866,9843,974,10817,64
2022-08-19,Los Angeles,037,10098052,3218860,3200023,172966,3372989,32746
2022-08-19,Madera,039,155013,42993,42822,7909,50731,372
2022-08-19,Marin,041,260295,44144,43966,5083,49049,305
2022-08-19,Mariposa,043,17540,3023,3003,327,3330,31
2022-08-19,Mendocino,045,87422,15670,15578,4293,19871,134
2022-08-19,Merced,047,269075,71274,70449,11303,81752,846
2022-08-19,Modoc,049,8938,865,862,312,1174,11
2022-08-19,Mono,051,14174,3187,3177,237,3414,7
2022-08-19,Monterey,053,433212,92784,92287,20289,112576,760
2022-08-19,Napa,055,140530,31579,31534,1375,32909,156
2022-08-19,Nevada,057,99092,18592,18497,1734,20231,132
2022-08-19,Orange,059,3164182,655281,652703,60380,713083,7280
2022-08-19,Placer,061,380077,74372,74027,9292,83319,657
2022-08-19,Plumas,063,18699,3564,3550,430,3980,13
2022-08-19,Riverside,065,2383286,682512,679298,34087,713385,6574
2022-08-19,Sacramento,067,1510023,339389,337745,32837,370582,3208
2022-08-19,San Benito,069,59416,15868,15698,915,16613,103
2022-08-19,San Bernardino,071,2135413,658584,648583,29909,678492,8014
2022-08-19,San Diego,073,3302833,906505,904015,70021,974036,5448
2022-08-19,San Francisco,075,870044,174836,174151,11767,185918,973
2022-08-19,San Joaquin,077,732212,193927,192738,14255,206993,2288
2022-08-19,San Luis Obispo,079,281455,62174,61764,6838,68602,516
2022-08-19,San Mateo,081,765935,165025,163705,10213,173918,738
2022-08-19,Santa Barbara,083,443738,103422,102795,6593,109388,713
2022-08-19,Santa Clara,085,1922200,425752,419723,18436,438159,2437
2022-08-19,Santa Cruz,087,273765,61491,61098,3309,64407,269
2022-08-19,Shasta,089,179085,34266,34105,7146,41251,588
2022-08-19,Sierra,091,2930,302,298,60,358,4
2022-08-19,Siskiyou,093,43540,5007,5119,3245,8364,88
2022-08-19,Solano,095,438530,103066,102355,7617,109972,457
2022-08-19,Sonoma,097,501317,104703,104090,5106,109196,511
2022-08-19,Stanislaus,099,539301,135057,134407,21017,155424,1719
2022-08-19,Sutter,101,95872,23639,23587,2425,26012,228
2022-08-19,Tehama,103,63373,13365,13289,2987,16276,209
2022-08-19,Trinity,105,12862,1374,1366,364,1730,20
2022-08-19,Tulare,107,460477,119683,119251,34629,153880,1521
2022-08-19,Tuolumne,109,53932,15219,15085,897,15982,196
2022-08-19,Ventura,111,848112,204161,203318,14884,218202,1547
2022-08-19,Yolo,113,214977,46577,46567,4090,50657,333
2022-08-19,Yuba,115,75493,18417,18363,1633,19996,129
2022-08-18,Alameda,001,1643700,338945,337238,19072,356310,1970
2022-08-18,Alpine,002,1148,131,131,1,132,0
2022-08-18,Amador,005,37829,9796,9761,896,10657,89
2022-08-18,Butte,007,227075,38530,38316,8742,47058,449
2022-08-18,Calaveras,009,45235,8331,8313,505,8818,132
2022-08-18,Colusa,011,21464,3729,3718,1219,4937,22
2022-08-18,Contra Costa,013,1133247,245621,241665,20089,261754,1399
2022-08-18,Del Norte,015,27424,7307,7290,386,7676,55
2022-08-18,El Dorado,017,186661,31674,31600,4120,35720,225
2022-08-18,Fresno,019,978130,272781,268147,30314,298461,2822
2022-08-18,Glenn,021,27897,5441,5413,1829,7242,48
2022-08-18,Humboldt,023,135768,21215,21104,4710,25814,153
2022-08-18,Imperial,025,180216,64266,64092,14968,79060,951
2022-08-18,Inyo,027,18085,4440,4435,869,5304,59
2022-08-18,Kern,029,883053,215687,214656,60182,274838,2389
2022-08-18,Kings,031,150075,58226,58109,3969,62078,454
2022-08-18,Lake,033,64148,12471,12426,1117,13543,142
2022-08-18,Lassen,035,31185,9865,9843,973,10816,64
2022-08-18,Los Angeles,037,10098052,3216373,3200023,172683,3372706,32746
2022-08-18,Madera,039,155013,42952,42822,7891,50713,372
2022-08-18,Marin,041,260295,44112,43966,5072,49038,305
2022-08-18,Mariposa,043,17540,3021,3003,327,3330,31
2022-08-18,Mendocino,045,87422,15656,15578,4292,19870,134
2022-08-18,Merced,047,269075,71192,70449,11272,81721,846
2022-08-18,Modoc,049,8938,865,862,312,1174,11
2022-08-18,Mono,051,14174,3185,3177,236,3413,7
2022-08-18,Monterey,053,433212,92696,92287,20253,112540,760
2022-08-18,Napa,055,140530,31559,31534,1375,32909,156
2022-08-18,Nevada,057,99092,18575,18497,1730,20227,132
2022-08-18,Orange,059,3164182,654816,652703,60267,712970,7280
2022-08-18,Placer,061,380077,74316,74027,9288,83315,657
2022-08-18,Plumas,063,18699,3560,3550,430,3980,13
2022-08-18,Riverside,065,2383286,681932,679298,34039,713337,6574
2022-08-18,Sacramento,067,1510023,339093,337745,32779,370524,3208
2022-08-18,San Benito,069,59416,15856,15698,912,16610,103
2022-08-18,San Bernardino,071,2135413,657907,648583,29859,678442,8014
2022-08-18,San Diego,073,3302833,905860,904015,69945,973960,5448
2022-08-18,San Francisco,075,870044,174684,174151,11743,185894,973
2022-08-18,San Joaquin,077,732212,193756,192738,14226,206964,2288
2022-08-18,San Luis Obispo,079,281455,62130,61764,6825,68589,516
2022-08-18,San Mateo,081,765935,164845,163705,10205,173910,738
2022-08-18,Santa Barbara,083,443738,103313,102795,6584,109379,713
2022-08-18,Santa Clara,085,1922200,425315,419723,18402,438125,2437
2022-08-18,Santa Cruz,087,273765,61420,61098,3303,64401,269
2022-08-18,Shasta,089,179085,34245,34105,7142,41247,588
2022-08-18,Sierra,091,2930,301,298,60,358,4
2022-08-18,Siskiyou,093,43540,5005,5119,3243,8362,88
2022-08-18,Solano,095,438530,102995,102355,7606,109961,457
2022-08-18,Sonoma,097,501317,104615,104090,5097,109187,511
2022-08-18,Stanislaus,099,539301,134929,134407,20982,155389,1719
2022-08-18,Sutter,101,95872,23618,23587,2423,26010,228
2022-08-18,Tehama,103,63373,13358,13289,2983,16272,209
2022-08-18,Trinity,105,12862,1373,1366,361,1727,20
2022-08-18,Tulare,107,460477,119587,119251,34533,153784,1521
2022-08-18,Tuolumne,109,53932,15176,15085,894,15979,196
2022-08-18,Ventura,111,848112,203984,203318,14846,218164,1547
2022-08-18,Yolo,113,214977,46552,46567,4082,50649,333
2022-08-18,Yuba,115,75493,18397,18363,1630,19993,129
2022-08-17,Alameda,001,1643700,338610,336198,19039,355237,1948
2022-08-17,Alpine,002,1148,131,131,1,132,0
2022-08-17,Amador,005,37829,9788,9728,896,10624,89
2022-08-17,Butte,007,227075,38491,38203,8730,46933,447
2022-08-17,Calaveras,009,45235,8324,8295,502,8797,131
2022-08-17,Colusa,011,21464,3728,3716,1217,4933,22
2022-08-17,Contra Costa,013,1133247,245394,240894,20054,260948,1394
2022-08-17,Del Norte,015,27424,7303,7274,386,7660,55
2022-08-17,El Dorado,017,186661,31656,31523,4116,35639,225
2022-08-17,Fresno,019,978130,272551,267367,30250,297617,2818
2022-08-17,Glenn,021,27897,5440,5403,1827,7230,48
2022-08-17,Humboldt,023,135768,21191,21029,4696,25725,153
2022-08-17,Imperial,025,180216,64223,63972,14938,78910,950
2022-08-17,Inyo,027,18085,4438,4421,866,5287,58
2022-08-17,Kern,029,883053,215554,214040,60050,274090,2389
2022-08-17,Kings,031,150075,58162,57948,3967,61915,454
2022-08-17,Lake,033,64148,12461,12383,1116,13499,142
2022-08-17,Lassen,035,31185,9856,9813,973,10786,64
2022-08-17,Los Angeles,037,10098052,3213573,3190808,172358,3363166,32701
2022-08-17,Madera,039,155013,42903,42677,7854,50531,372
2022-08-17,Marin,041,260295,44079,43852,5068,48920,305
2022-08-17,Mariposa,043,17540,3017,2998,326,3324,31
2022-08-17,Mendocino,045,87422,15646,15504,4286,19790,132
2022-08-17,Merced,047,269075,71133,70232,11229,81461,843
2022-08-17,Modoc,049,8938,864,857,312,1169,11
2022-08-17,Mono,051,14174,3185,3175,236,3411,7
2022-08-17,Monterey,053,433212,92632,91984,20198,112182,759
2022-08-17,Napa,055,140530,31543,31454,1374,32828,155
2022-08-17,Nevada,057,99092,18558,18443,1728,20171,132
2022-08-17,Orange,059,3164182,654208,650827,60148,710975,7266
2022-08-17,Placer,061,380077,74265,73852,9282,83134,655
2022-08-17,Plumas,063,18699,3558,3544,429,3973,13
2022-08-17,Riverside,065,2383286,681293,677437,33981,711418,6562
2022-08-17,Sacramento,067,1510023,338768,336667,32734,369401,3194
2022-08-17,San Benito,069,59416,15840,15655,911,16566,103
2022-08-17,San Bernardino,071,2135413,657265,646584,29802,676386,7999
2022-08-17,San Diego,073,3302833,905116,901794,69876,971670,5442
2022-08-17,San Francisco,075,870044,174548,173590,11731,185321,971
2022-08-17,San Joaquin,077,732212,193605,192078,14189,206267,2283
2022-08-17,San Luis Obispo,079,281455,62076,61604,6813,68417,514
2022-08-17,San Mateo,081,765935,164746,163218,10198,173416,738
2022-08-17,Santa Barbara,083,443738,103196,102430,6569,108999,712
2022-08-17,Santa Clara,085,1922200,424849,418231,18392,436623,2424
2022-08-17,Santa Cruz,087,273765,61330,60880,3298,64178,269
2022-08-17,Shasta,089,179085,34227,33984,7133,41117,587
2022-08-17,Sierra,091,2930,301,297,60,357,4
2022-08-17,Siskiyou,093,43540,5002,5102,3240,8342,88
2022-08-17,Solano,095,438530,102910,102115,7600,109715,459
2022-08-17,Sonoma,097,501317,104512,103844,5091,108935,504
2022-08-17,Stanislaus,099,539301,134783,133989,20945,154934,1715
2022-08-17,Sutter,101,95872,23584,23489,2417,25906,228
2022-08-17,Tehama,103,63373,13355,13259,2978,16237,209
2022-08-17,Trinity,105,12862,1373,1362,359,1721,20
2022-08-17,Tulare,107,460477,119478,118997,34428,153425,1521
2022-08-17,Tuolumne,109,53932,15168,15044,892,15936,196
2022-08-17,Ventura,111,848112,203803,202609,14791,217400,1546
2022-08-17,Yolo,113,214977,46520,46414,4077,50491,331
2022-08-17,Yuba,115,75493,18377,18305,1627,19932,129
2022-08-16,Alameda,001,1643700,338238,336198,19023,355221,1948
2022-08-16,Alpine,002,1148,131,131,1,132,0
2022-08-16,Amador,005,37829,9775,9728,891,10619,89
2022-08-16,Butte,007,227075,38457,38203,8717,46920,447
2022-08-16,Calaveras,009,45235,8316,8295,502,8797,131
2022-08-16,Colusa,011,21464,3727,3716,1215,4931,22
2022-08-16,Contra Costa,013,1133247,245158,240894,20013,260907,1394
2022-08-16,Del Norte,015,27424,7298,7274,386,7660,55
2022-08-16,El Dorado,017,186661,31635,31523,4110,35633,225
2022-08-16,Fresno,019,978130,272304,267367,30202,297569,2818
2022-08-16,Glenn,021,27897,5439,5403,1824,7227,48
2022-08-16,Humboldt,023,135768,21164,21029,4669,25698,153
2022-08-16,Imperial,025,180216,64172,63972,14900,78872,950
2022-08-16,Inyo,027,18085,4434,4421,862,5283,58
2022-08-16,Kern,029,883053,215411,214040,59901,273941,2389
2022-08-16,Kings,031,150075,58116,57948,3964,61912,454
2022-08-16,Lake,033,64148,12445,12383,1112,13495,142
2022-08-16,Lassen,035,31185,9843,9813,972,10785,64
2022-08-16,Los Angeles,037,10098052,3210503,3190808,172008,3362816,32701
2022-08-16,Madera,039,155013,42845,42677,7833,50510,372
2022-08-16,Marin,041,260295,44041,43852,5063,48915,305
2022-08-16,Mariposa,043,17540,3015,2998,326,3324,31
2022-08-16,Mendocino,045,87422,15627,15504,4273,19777,132
2022-08-16,Merced,047,269075,71054,70232,11186,81418,843
2022-08-16,Modoc,049,8938,864,857,312,1169,11
2022-08-16,Mono,051,14174,3185,3175,235,3410,7
2022-08-16,Monterey,053,433212,92551,91984,20129,112113,759
2022-08-16,Napa,055,140530,31524,31454,1373,32827,155
2022-08-16,Nevada,057,99092,18542,18443,1725,20168,132
2022-08-16,Orange,059,3164182,653535,650827,60015,710842,7266
2022-08-16,Placer,061,380077,74195,73852,9274,83126,655
2022-08-16,Plumas,063,18699,3556,3544,429,3973,13
2022-08-16,Riverside,065,2383286,680602,677437,33933,711370,6562
2022-08-16,Sacramento,067,1510023,338432,336667,32699,369366,3194
2022-08-16,San Benito,069,59416,15827,15655,908,16563,103
2022-08-16,San Bernardino,071,2135413,656533,646584,29734,676318,7999
2022-08-16,San Diego,073,3302833,904298,901794,69782,971576,5442
2022-08-16,San Francisco,075,870044,174386,173590,11725,185315,971
2022-08-16,San Joaquin,077,732212,193389,192078,14159,206237,2283
2022-08-16,San Luis Obispo,079,281455,62038,61604,6806,68410,514
2022-08-16,San Mateo,081,765935,164584,163218,10185,173403,738
2022-08-16,Santa Barbara,083,443738,103065,102430,6549,108979,712
2022-08-16,Santa Clara,085,1922200,424368,418231,18367,436598,2424
2022-08-16,Santa Cruz,087,273765,61277,60880,3293,64173,269
2022-08-16,Shasta,089,179085,34200,33984,7124,41108,587
2022-08-16,Sierra,091,2930,300,297,60,357,4
2022-08-16,Siskiyou,093,43540,4998,5102,3235,8337,88
2022-08-16,Solano,095,438530,102837,102115,7582,109697,459
2022-08-16,Sonoma,097,501317,104409,103844,5083,108927,504
2022-08-16,Stanislaus,099,539301,134646,133989,20885,154874,1715
2022-08-16,Sutter,101,95872,23560,23489,2411,25900,228
2022-08-16,Tehama,103,63373,13349,13259,2973,16232,209
2022-08-16,Trinity,105,12862,1370,1362,359,1721,20
2022-08-16,Tulare,107,460477,119388,118997,34311,153308,1521
2022-08-16,Tuolumne,109,53932,15154,15044,892,15936,196
2022-08-16,Ventura,111,848112,203567,202609,14742,217351,1546
2022-08-16,Yolo,113,214977,46502,46414,4072,50486,331
2022-08-16,Yuba,115,75493,18358,18305,1621,19926,129
2022-08-15,Alameda,001,1643700,337855,336198,18991,355189,1948
2022-08-15,Alpine,002,1148,131,131,1,132,0
2022-08-15,Amador,005,37829,9763,9728,891,10619,89
2022-08-15,Butte,007,227075,38434,38203,8699,46902,447
2022-08-15,Calaveras,009,45235,8314,8295,501,8796,131
2022-08-15,Colusa,011,21464,3724,3716,1214,4930,22
2022-08-15,Contra Costa,013,1133247,244875,240894,19981,260875,1394
2022-08-15,Del Norte,015,27424,7293,7274,385,7659,55
2022-08-15,El Dorado,017,186661,31602,31523,4107,35630,225
2022-08-15,Fresno,019,978130,271996,267367,30136,297503,2818
2022-08-15,Glenn,021,27897,5431,5403,1823,7226,48
2022-08-15,Humboldt,023,135768,21142,21029,4648,25677,153
2022-08-15,Imperial,025,180216,64125,63972,14864,78836,950
2022-08-15,Inyo,027,18085,4433,4421,860,5281,58
2022-08-15,Kern,029,883053,215220,214040,59760,273800,2389
2022-08-15,Kings,031,150075,58042,57948,3955,61903,454
2022-08-15,Lake,033,64148,12428,12383,1111,13494,142
2022-08-15,Lassen,035,31185,9842,9813,972,10785,64
2022-08-15,Los Angeles,037,10098052,3207085,3190808,171662,3362470,32701
2022-08-15,Madera,039,155013,42790,42677,7794,50471,372
2022-08-15,Marin,041,260295,43996,43852,5057,48909,305
2022-08-15,Mariposa,043,17540,3013,2998,325,3323,31
2022-08-15,Mendocino,045,87422,15608,15504,4268,19772,132
2022-08-15,Merced,047,269075,70983,70232,11138,81370,843
2022-08-15,Modoc,049,8938,860,857,312,1169,11
2022-08-15,Mono,051,14174,3183,3175,235,3410,7
2022-08-15,Monterey,053,433212,92439,91984,20063,112047,759
2022-08-15,Napa,055,140530,31499,31454,1373,32827,155
2022-08-15,Nevada,057,99092,18528,18443,1724,20167,132
2022-08-15,Orange,059,3164182,652817,650827,59885,710712,7266
2022-08-15,Placer,061,380077,74135,73852,9265,83117,655
2022-08-15,Plumas,063,18699,3552,3544,429,3973,13
2022-08-15,Riverside,065,2383286,679809,677437,33874,711311,6562
2022-08-15,Sacramento,067,1510023,338031,336667,32660,369327,3194
2022-08-15,San Benito,069,59416,15811,15655,906,16561,103
2022-08-15,San Bernardino,071,2135413,655693,646584,29664,676248,7999
2022-08-15,San Diego,073,3302833,903455,901794,69671,971465,5442
2022-08-15,San Francisco,075,870044,174206,173590,11720,185310,971
2022-08-15,San Joaquin,077,732212,193181,192078,14121,206199,2283
2022-08-15,San Luis Obispo,079,281455,62000,61604,6788,68392,514
2022-08-15,San Mateo,081,765935,164382,163218,10179,173397,738
2022-08-15,Santa Barbara,083,443738,102967,102430,6527,108957,712
2022-08-15,Santa Clara,085,1922200,423845,418231,18336,436567,2424
2022-08-15,Santa Cruz,087,273765,61197,60880,3288,64168,269
2022-08-15,Shasta,089,179085,34175,33984,7114,41098,587
2022-08-15,Sierra,091,2930,300,297,60,357,4
2022-08-15,Siskiyou,093,43540,4995,5102,3231,8333,88
2022-08-15,Solano,095,438530,102724,102115,7567,109682,459
2022-08-15,Sonoma,097,501317,104319,103844,5076,108920,504
2022-08-15,Stanislaus,099,539301,134505,133989,20851,154840,1715
2022-08-15,Sutter,101,95872,23528,23489,2409,25898,228
2022-08-15,Tehama,103,63373,13341,13259,2966,16225,209
2022-08-15,Trinity,105,12862,1367,1362,357,1719,20
2022-08-15,Tulare,107,460477,119250,118997,34201,153198,1521
2022-08-15,Tuolumne,109,53932,15146,15044,892,15936,196
2022-08-15,Ventura,111,848112,203313,202609,14681,217290,1546
2022-08-15,Yolo,113,214977,46468,46414,4069,50483,331
2022-08-15,Yuba,115,75493,18335,18305,1616,19921,129
2022-08-14,Alameda,001,1643700,337396,334944,18967,353911,1948
2022-08-14,Alpine,002,1148,131,131,1,132,0
2022-08-14,Amador,005,37829,9754,9705,889,10594,89
2022-08-14,Butte,007,227075,38383,38062,8683,46745,447
2022-08-14,Calaveras,009,45235,8305,8271,500,8771,131
2022-08-14,Colusa,011,21464,3724,3704,1211,4915,22
2022-08-14,Contra Costa,013,1133247,244602,239735,19932,259667,1393
2022-08-14,Del Norte,015,27424,7283,7245,384,7629,54
2022-08-14,El Dorado,017,186661,31571,31430,4102,35532,225
2022-08-14,Fresno,019,978130,271696,266211,30082,296293,2816
2022-08-14,Glenn,021,27897,5428,5393,1822,7215,48
2022-08-14,Humboldt,023,135768,21113,20954,4634,25588,153
2022-08-14,Imperial,025,180216,64058,63766,14823,78589,950
2022-08-14,Inyo,027,18085,4426,4418,856,5274,58
2022-08-14,Kern,029,883053,215034,213071,59581,272652,2380
2022-08-14,Kings,031,150075,57986,57748,3948,61696,454
2022-08-14,Lake,033,64148,12409,12324,1108,13432,142
2022-08-14,Lassen,035,31185,9822,9795,971,10766,64
2022-08-14,Los Angeles,037,10098052,3203518,3177769,171259,3349028,32657
2022-08-14,Madera,039,155013,42728,42517,7751,50268,372
2022-08-14,Marin,041,260295,43950,43662,5052,48714,305
2022-08-14,Mariposa,043,17540,3011,2986,324,3310,31
2022-08-14,Mendocino,045,87422,15588,15456,4262,19718,132
2022-08-14,Merced,047,269075,70870,69974,11079,81053,842
2022-08-14,Modoc,049,8938,859,856,312,1168,11
2022-08-14,Mono,051,14174,3181,3170,235,3405,7
2022-08-14,Monterey,053,433212,92314,91612,19989,111601,759
2022-08-14,Napa,055,140530,31462,31312,1372,32684,156
2022-08-14,Nevada,057,99092,18508,18398,1721,20119,132
2022-08-14,Orange,059,3164182,652087,648171,59732,707903,7248
2022-08-14,Placer,061,380077,74071,73588,9252,82840,656
2022-08-14,Plumas,063,18699,3550,3539,429,3968,13
2022-08-14,Riverside,065,2383286,678994,674362,33791,708153,6561
2022-08-14,Sacramento,067,1510023,337552,335292,32604,367896,3190
2022-08-14,San Benito,069,59416,15789,15578,897,16475,103
2022-08-14,San Bernardino,071,2135413,654817,643895,29599,673494,7983
2022-08-14,San Diego,073,3302833,902560,898646,69559,968205,5437
2022-08-14,San Francisco,075,870044,173991,172876,11707,184583,955
2022-08-14,San Joaquin,077,732212,192883,191272,14061,205333,2283
2022-08-14,San Luis Obispo,079,281455,61938,61403,6761,68164,512
2022-08-14,San Mateo,081,765935,164175,162531,10166,172697,738
2022-08-14,Santa Barbara,083,443738,102828,101942,6501,108443,712
2022-08-14,Santa Clara,085,1922200,423271,416369,18299,434668,2422
2022-08-14,Santa Cruz,087,273765,61091,60594,3281,63875,273
2022-08-14,Shasta,089,179085,34130,33895,7100,40995,584
2022-08-14,Sierra,091,2930,300,296,60,356,4
2022-08-14,Siskiyou,093,43540,4989,5086,3229,8315,88
2022-08-14,Solano,095,438530,102584,101761,7558,109319,458
2022-08-14,Sonoma,097,501317,104211,103496,5063,108559,504
2022-08-14,Stanislaus,099,539301,134321,133490,20797,154287,1702
2022-08-14,Sutter,101,95872,23486,23386,2405,25791,228
2022-08-14,Tehama,103,63373,13334,13213,2965,16178,209
2022-08-14,Trinity,105,12862,1366,1356,357,1713,20
2022-08-14,Tulare,107,460477,119095,118563,34085,152648,1520
2022-08-14,Tuolumne,109,53932,15126,14964,891,15855,196
2022-08-14,Ventura,111,848112,203046,201765,14641,216406,1541
2022-08-14,Yolo,113,214977,46421,46225,4063,50288,331
2022-08-14,Yuba,115,75493,18313,18232,1613,19845,129
2022-08-13,Alameda,001,1643700,337145,334944,18952,353896,1948
2022-08-13,Alpine,002,1148,131,131,1,132,0
2022-08-13,Amador,005,37829,9750,9705,889,10594,89
2022-08-13,Butte,007,227075,38359,38062,8672,46734,447
2022-08-13,Calaveras,009,45235,8301,8271,499,8770,131
2022-08-13,Colusa,011,21464,3721,3704,1211,4915,22
2022-08-13,Contra Costa,013,1133247,244433,239735,19909,259644,1393
2022-08-13,Del Norte,015,27424,7281,7245,384,7629,54
2022-08-13,El Dorado,017,186661,31558,31430,4101,35531,225
2022-08-13,Fresno,019,978130,271556,266211,30053,296264,2816
2022-08-13,Glenn,021,27897,5428,5393,1820,7213,48
2022-08-13,Humboldt,023,135768,21096,20954,4625,25579,153
2022-08-13,Imperial,025,180216,64016,63766,14806,78572,950
2022-08-13,Inyo,027,18085,4424,4418,855,5273,58
2022-08-13,Kern,029,883053,214941,213071,59500,272571,2380
2022-08-13,Kings,031,150075,57961,57748,3948,61696,454
2022-08-13,Lake,033,64148,12398,12324,1108,13432,142
2022-08-13,Lassen,035,31185,9816,9795,970,10765,64
2022-08-13,Los Angeles,037,10098052,3201658,3177769,170993,3348762,32657
2022-08-13,Madera,039,155013,42712,42517,7744,50261,372
2022-08-13,Marin,041,260295,43930,43662,5049,48711,305
2022-08-13,Mariposa,043,17540,3010,2986,324,3310,31
2022-08-13,Mendocino,045,87422,15576,15456,4259,19715,132
2022-08-13,Merced,047,269075,70831,69974,11073,81047,842
2022-08-13,Modoc,049,8938,859,856,312,1168,11
2022-08-13,Mono,051,14174,3181,3170,234,3404,7
2022-08-13,Monterey,053,433212,92250,91612,19953,111565,759
2022-08-13,Napa,055,140530,31448,31312,1371,32683,156
2022-08-13,Nevada,057,99092,18497,18398,1719,20117,132
2022-08-13,Orange,059,3164182,651696,648171,59652,707823,7248
2022-08-13,Placer,061,380077,74023,73588,9246,82834,656
2022-08-13,Plumas,063,18699,3548,3539,429,3968,13
2022-08-13,Riverside,065,2383286,678559,674362,33759,708121,6561
2022-08-13,Sacramento,067,1510023,337360,335292,32593,367885,3190
2022-08-13,San Benito,069,59416,15781,15578,892,16470,103
2022-08-13,San Bernardino,071,2135413,654343,643895,29573,673468,7983
2022-08-13,San Diego,073,3302833,902108,898646,69516,968162,5437
2022-08-13,San Francisco,075,870044,173874,172876,11701,184577,955
2022-08-13,San Joaquin,077,732212,192759,191272,14039,205311,2283
2022-08-13,San Luis Obispo,079,281455,61919,61403,6756,68159,512
2022-08-13,San Mateo,081,765935,164063,162531,10154,172685,738
2022-08-13,Santa Barbara,083,443738,102748,101942,6488,108430,712
2022-08-13,Santa Clara,085,1922200,422957,416369,18278,434647,2422
2022-08-13,Santa Cruz,087,273765,61053,60594,3276,63870,273
2022-08-13,Shasta,089,179085,34092,33895,7096,40991,584
2022-08-13,Sierra,091,2930,300,296,60,356,4
2022-08-13,Siskiyou,093,43540,4988,5086,3226,8312,88
2022-08-13,Solano,095,438530,102544,101761,7549,109310,458
2022-08-13,Sonoma,097,501317,104156,103496,5063,108559,504
2022-08-13,Stanislaus,099,539301,134219,133490,20774,154264,1702
2022-08-13,Sutter,101,95872,23472,23386,2405,25791,228
2022-08-13,Tehama,103,63373,13329,13213,2964,16177,209
2022-08-13,Trinity,105,12862,1365,1356,357,1713,20
2022-08-13,Tulare,107,460477,119022,118563,34029,152592,1520
2022-08-13,Tuolumne,109,53932,15111,14964,887,15851,196
2022-08-13,Ventura,111,848112,202882,201765,14627,216392,1541
2022-08-13,Yolo,113,214977,46392,46225,4061,50286,331
2022-08-13,Yuba,115,75493,18304,18232,1611,19843,129
2022-08-12,Alameda,001,1643700,336895,334944,18940,353884,1948
2022-08-12,Alpine,002,1148,131,131,1,132,0
2022-08-12,Amador,005,37829,9740,9705,886,10591,89
2022-08-12,Butte,007,227075,38339,38062,8663,46725,447
2022-08-12,Calaveras,009,45235,8293,8271,496,8767,131
2022-08-12,Colusa,011,21464,3718,3704,1211,4915,22
2022-08-12,Contra Costa,013,1133247,244264,239735,19892,259627,1393
2022-08-12,Del Norte,015,27424,7277,7245,384,7629,54
2022-08-12,El Dorado,017,186661,31540,31430,4097,35527,225
2022-08-12,Fresno,019,978130,271346,266211,30028,296239,2816
2022-08-12,Glenn,021,27897,5428,5393,1820,7213,48
2022-08-12,Humboldt,023,135768,21074,20954,4617,25571,153
2022-08-12,Imperial,025,180216,63989,63766,14791,78557,950
2022-08-12,Inyo,027,18085,4423,4418,853,5271,58
2022-08-12,Kern,029,883053,214840,213071,59412,272483,2380
2022-08-12,Kings,031,150075,57941,57748,3947,61695,454
2022-08-12,Lake,033,64148,12394,12324,1105,13429,142
2022-08-12,Lassen,035,31185,9814,9795,970,10765,64
2022-08-12,Los Angeles,037,10098052,3199565,3177769,170742,3348511,32657
2022-08-12,Madera,039,155013,42683,42517,7738,50255,372
2022-08-12,Marin,041,260295,43899,43662,5042,48704,305
2022-08-12,Mariposa,043,17540,3010,2986,324,3310,31
2022-08-12,Mendocino,045,87422,15564,15456,4252,19708,132
2022-08-12,Merced,047,269075,70798,69974,11066,81040,842
2022-08-12,Modoc,049,8938,859,856,312,1168,11
2022-08-12,Mono,051,14174,3181,3170,234,3404,7
2022-08-12,Monterey,053,433212,92192,91612,19920,111532,759
2022-08-12,Napa,055,140530,31427,31312,1370,32682,156
2022-08-12,Nevada,057,99092,18493,18398,1717,20115,132
2022-08-12,Orange,059,3164182,651280,648171,59558,707729,7248
2022-08-12,Placer,061,380077,73972,73588,9236,82824,656
2022-08-12,Plumas,063,18699,3546,3539,429,3968,13
2022-08-12,Riverside,065,2383286,678136,674362,33728,708090,6561
2022-08-12,Sacramento,067,1510023,337144,335292,32576,367868,3190
2022-08-12,San Benito,069,59416,15764,15578,891,16469,103
2022-08-12,San Bernardino,071,2135413,653932,643895,29557,673452,7983
2022-08-12,San Diego,073,3302833,901578,898646,69441,968087,5437
2022-08-12,San Francisco,075,870044,173746,172876,11693,184569,955
2022-08-12,San Joaquin,077,732212,192634,191272,14020,205292,2283
2022-08-12,San Luis Obispo,079,281455,61896,61403,6750,68153,512
2022-08-12,San Mateo,081,765935,163933,162531,10150,172681,738
2022-08-12,Santa Barbara,083,443738,102666,101942,6483,108425,712
2022-08-12,Santa Clara,085,1922200,422614,416369,18257,434626,2422
2022-08-12,Santa Cruz,087,273765,61000,60594,3274,63868,273
2022-08-12,Shasta,089,179085,34078,33895,7088,40983,584
2022-08-12,Sierra,091,2930,298,296,59,355,4
2022-08-12,Siskiyou,093,43540,4986,5086,3226,8312,88
2022-08-12,Solano,095,438530,102471,101761,7537,109298,458
2022-08-12,Sonoma,097,501317,104098,103496,5062,108558,504
2022-08-12,Stanislaus,099,539301,134132,133490,20763,154253,1702
2022-08-12,Sutter,101,95872,23457,23386,2405,25791,228
2022-08-12,Tehama,103,63373,13322,13213,2963,16176,209
2022-08-12,Trinity,105,12862,1362,1356,356,1712,20
2022-08-12,Tulare,107,460477,118959,118563,33974,152537,1520
2022-08-12,Tuolumne,109,53932,15103,14964,887,15851,196
2022-08-12,Ventura,111,848112,202736,201765,14610,216375,1541
2022-08-12,Yolo,113,214977,46370,46225,4056,50281,331
2022-08-12,Yuba,115,75493,18293,18232,1610,19842,129
2022-08-11,Alameda,001,1643700,336573,334944,18910,353854,1948
2022-08-11,Alpine,002,1148,131,131,1,132,0
2022-08-11,Amador,005,37829,9737,9705,883,10588,89
2022-08-11,Butte,007,227075,38301,38062,8651,46713,447
2022-08-11,Calaveras,009,45235,8286,8271,495,8766,131
2022-08-11,Colusa,011,21464,3715,3704,1210,4914,22
2022-08-11,Contra Costa,013,1133247,244002,239735,19862,259597,1393
2022-08-11,Del Norte,015,27424,7270,7245,383,7628,54
2022-08-11,El Dorado,017,186661,31509,31430,4090,35520,225
2022-08-11,Fresno,019,978130,271096,266211,29983,296194,2816
2022-08-11,Glenn,021,27897,5426,5393,1819,7212,48
2022-08-11,Humboldt,023,135768,21044,20954,4608,25562,153
2022-08-11,Imperial,025,180216,63942,63766,14746,78512,950
2022-08-11,Inyo,027,18085,4421,4418,848,5266,58
2022-08-11,Kern,029,883053,214651,213071,59265,272336,2380
2022-08-11,Kings,031,150075,57883,57748,3940,61688,454
2022-08-11,Lake,033,64148,12384,12324,1104,13428,142
2022-08-11,Lassen,035,31185,9809,9795,970,10765,64
2022-08-11,Los Angeles,037,10098052,3196547,3177769,170362,3348131,32657
2022-08-11,Madera,039,155013,42636,42517,7713,50230,372
2022-08-11,Marin,041,260295,43860,43662,5035,48697,305
2022-08-11,Mariposa,043,17540,3008,2986,323,3309,31
2022-08-11,Mendocino,045,87422,15552,15456,4250,19706,132
2022-08-11,Merced,047,269075,70739,69974,11031,81005,842
2022-08-11,Modoc,049,8938,858,856,312,1168,11
2022-08-11,Mono,051,14174,3181,3170,234,3404,7
2022-08-11,Monterey,053,433212,92091,91612,19866,111478,759
2022-08-11,Napa,055,140530,31388,31312,1369,32681,156
2022-08-11,Nevada,057,99092,18473,18398,1715,20113,132
2022-08-11,Orange,059,3164182,650625,648171,59413,707584,7248
2022-08-11,Placer,061,380077,73906,73588,9225,82813,656
2022-08-11,Plumas,063,18699,3545,3539,428,3967,13
2022-08-11,Riverside,065,2383286,677527,674362,33684,708046,6561
2022-08-11,Sacramento,067,1510023,336833,335292,32544,367836,3190
2022-08-11,San Benito,069,59416,15748,15578,890,16468,103
2022-08-11,San Bernardino,071,2135413,653179,643895,29509,673404,7983
2022-08-11,San Diego,073,3302833,900801,898646,69315,967961,5437
2022-08-11,San Francisco,075,870044,173587,172876,11676,184552,955
2022-08-11,San Joaquin,077,732212,192443,191272,13988,205260,2283
2022-08-11,San Luis Obispo,079,281455,61844,61403,6726,68129,512
2022-08-11,San Mateo,081,765935,163768,162531,10141,172672,738
2022-08-11,Santa Barbara,083,443738,102555,101942,6463,108405,712
2022-08-11,Santa Clara,085,1922200,422180,416369,18233,434602,2422
2022-08-11,Santa Cruz,087,273765,60935,60594,3270,63864,273
2022-08-11,Shasta,089,179085,34057,33895,7076,40971,584
2022-08-11,Sierra,091,2930,297,296,59,355,4
2022-08-11,Siskiyou,093,43540,4984,5086,3222,8308,88
2022-08-11,Solano,095,438530,102404,101761,7523,109284,458
2022-08-11,Sonoma,097,501317,104002,103496,5056,108552,504
2022-08-11,Stanislaus,099,539301,133974,133490,20721,154211,1702
2022-08-11,Sutter,101,95872,23427,23386,2405,25791,228
2022-08-11,Tehama,103,63373,13313,13213,2963,16176,209
2022-08-11,Trinity,105,12862,1362,1356,355,1711,20
2022-08-11,Tulare,107,460477,118859,118563,33887,152450,1520
2022-08-11,Tuolumne,109,53932,15095,14964,885,15849,196
2022-08-11,Ventura,111,848112,202531,201765,14576,216341,1541
2022-08-11,Yolo,113,214977,46336,46225,4052,50277,331
2022-08-11,Yuba,115,75493,18270,18232,1607,19839,129
2022-08-10,Alameda,001,1643700,336176,333587,18883,352470,1944
2022-08-10,Alpine,002,1148,131,131,1,132,0
2022-08-10,Amador,005,37829,9732,9677,880,10557,88
2022-08-10,Butte,007,227075,38265,37892,8643,46535,446
2022-08-10,Calaveras,009,45235,8280,8251,492,8743,130
2022-08-10,Colusa,011,21464,3711,3700,1210,4910,22
2022-08-10,Contra Costa,013,1133247,243748,238658,19825,258483,1382
2022-08-10,Del Norte,015,27424,7265,7220,383,7603,54
2022-08-10,El Dorado,017,186661,31482,31354,4077,35431,225
2022-08-10,Fresno,019,978130,270823,265300,29923,295223,2815
2022-08-10,Glenn,021,27897,5424,5387,1816,7203,48
2022-08-10,Humboldt,023,135768,21029,20843,4591,25434,153
2022-08-10,Imperial,025,180216,63884,63532,14704,78236,949
2022-08-10,Inyo,027,18085,4421,4416,847,5263,57
2022-08-10,Kern,029,883053,214463,212602,59116,271718,2380
2022-08-10,Kings,031,150075,57836,57569,3938,61507,453
2022-08-10,Lake,033,64148,12370,12281,1104,13385,142
2022-08-10,Lassen,035,31185,9802,9682,970,10652,64
2022-08-10,Los Angeles,037,10098052,3193330,3168105,169994,3338099,32609
2022-08-10,Madera,039,155013,42597,42350,7699,50049,372
2022-08-10,Marin,041,260295,43814,43532,5032,48564,302
2022-08-10,Mariposa,043,17540,3007,2980,323,3303,31
2022-08-10,Mendocino,045,87422,15537,15394,4249,19643,132
2022-08-10,Merced,047,269075,70666,69740,11007,80747,839
2022-08-10,Modoc,049,8938,857,855,311,1166,11
2022-08-10,Mono,051,14174,3179,3165,234,3399,7
2022-08-10,Monterey,053,433212,91989,91307,19801,111108,758
2022-08-10,Napa,055,140530,31350,31223,1368,32591,153
2022-08-10,Nevada,057,99092,18459,18354,1713,20067,132
2022-08-10,Orange,059,3164182,649905,646005,59288,705293,7235
2022-08-10,Placer,061,380077,73850,73348,9217,82565,650
2022-08-10,Plumas,063,18699,3543,3525,428,3953,13
2022-08-10,Riverside,065,2383286,676803,672334,33628,705962,6555
2022-08-10,Sacramento,067,1510023,336504,334382,32511,366893,3177
2022-08-10,San Benito,069,59416,15718,15507,884,16391,101
2022-08-10,San Bernardino,071,2135413,652528,641936,29460,671396,7977
2022-08-10,San Diego,073,3302833,899950,895482,69198,964680,5429
2022-08-10,San Francisco,075,870044,173420,172265,11658,183923,945
2022-08-10,San Joaquin,077,732212,192216,190596,13943,204539,2281
2022-08-10,San Luis Obispo,079,281455,61799,61207,6711,67918,510
2022-08-10,San Mateo,081,765935,163570,161882,10134,172016,738
2022-08-10,Santa Barbara,083,443738,102428,101558,6445,108003,711
2022-08-10,Santa Clara,085,1922200,421654,414659,18206,432865,2398
2022-08-10,Santa Cruz,087,273765,60854,60360,3268,63628,269
2022-08-10,Shasta,089,179085,34034,33816,7069,40885,584
2022-08-10,Sierra,091,2930,297,295,59,354,4
2022-08-10,Siskiyou,093,43540,4981,5074,3216,8290,87
2022-08-10,Solano,095,438530,102311,101393,7519,108912,457
2022-08-10,Sonoma,097,501317,103907,103168,5050,108218,501
2022-08-10,Stanislaus,099,539301,133833,133071,20689,153760,1702
2022-08-10,Sutter,101,95872,23398,23279,2404,25683,228
2022-08-10,Tehama,103,63373,13305,13187,2963,16150,209
2022-08-10,Trinity,105,12862,1361,1350,355,1705,20
2022-08-10,Tulare,107,460477,118772,118239,33809,152048,1520
2022-08-10,Tuolumne,109,53932,15060,14922,883,15805,196
2022-08-10,Ventura,111,848112,202302,201179,14543,215722,1539
2022-08-10,Yolo,113,214977,46300,46069,4047,50116,330
2022-08-10,Yuba,115,75493,18250,18179,1603,19782,129
2022-08-09,Alameda,001,1643700,335751,333587,18844,352431,1944
2022-08-09,Alpine,002,1148,131,131,1,132,0
2022-08-09,Amador,005,37829,9722,9677,879,10556,88
2022-08-09,Butte,007,227075,38226,37892,8632,46524,446
2022-08-09,Calaveras,009,45235,8273,8251,492,8743,130
2022-08-09,Colusa,011,21464,3708,3700,1209,4909,22
2022-08-09,Contra Costa,013,1133247,243471,238658,19780,258438,1382
2022-08-09,Del Norte,015,27424,7248,7220,382,7602,54
2022-08-09,El Dorado,017,186661,31453,31354,4071,35425,225
2022-08-09,Fresno,019,978130,270493,265300,29888,295188,2815
2022-08-09,Glenn,021,27897,5422,5387,1816,7203,48
2022-08-09,Humboldt,023,135768,21003,20843,4582,25425,153
2022-08-09,Imperial,025,180216,63820,63532,14648,78180,949
2022-08-09,Inyo,027,18085,4420,4416,843,5259,57
2022-08-09,Kern,029,883053,214265,212602,58972,271574,2380
2022-08-09,Kings,031,150075,57770,57569,3935,61504,453
2022-08-09,Lake,033,64148,12346,12281,1103,13384,142
2022-08-09,Lassen,035,31185,9796,9682,970,10652,64
2022-08-09,Los Angeles,037,10098052,3189826,3168105,169605,3337710,32609
2022-08-09,Madera,039,155013,42543,42350,7688,50038,372
2022-08-09,Marin,041,260295,43759,43532,5028,48560,302
2022-08-09,Mariposa,043,17540,3003,2980,322,3302,31
2022-08-09,Mendocino,045,87422,15518,15394,4240,19634,132
2022-08-09,Merced,047,269075,70601,69740,10977,80717,839
2022-08-09,Modoc,049,8938,857,855,310,1165,11
2022-08-09,Mono,051,14174,3179,3165,233,3398,7
2022-08-09,Monterey,053,433212,91877,91307,19734,111041,758
2022-08-09,Napa,055,140530,31322,31223,1366,32589,153
2022-08-09,Nevada,057,99092,18447,18354,1711,20065,132
2022-08-09,Orange,059,3164182,649082,646005,59128,705133,7235
2022-08-09,Placer,061,380077,73784,73348,9210,82558,650
2022-08-09,Plumas,063,18699,3538,3525,428,3953,13
2022-08-09,Riverside,065,2383286,676052,672334,33574,705908,6555
2022-08-09,Sacramento,067,1510023,336083,334382,32478,366860,3177
2022-08-09,San Benito,069,59416,15699,15507,880,16387,101
2022-08-09,San Bernardino,071,2135413,651835,641936,29400,671336,7977
2022-08-09,San Diego,073,3302833,899047,895482,69069,964551,5429
2022-08-09,San Francisco,075,870044,173161,172265,11639,183904,945
2022-08-09,San Joaquin,077,732212,192001,190596,13901,204497,2281
2022-08-09,San Luis Obispo,079,281455,61741,61207,6688,67895,510
2022-08-09,San Mateo,081,765935,163373,161882,10119,172001,738
2022-08-09,Santa Barbara,083,443738,102270,101558,6416,107974,711
2022-08-09,Santa Clara,085,1922200,421127,414659,18182,432841,2398
2022-08-09,Santa Cruz,087,273765,60780,60360,3259,63619,269
2022-08-09,Shasta,089,179085,34012,33816,7066,40882,584
2022-08-09,Sierra,091,2930,297,295,59,354,4
2022-08-09,Siskiyou,093,43540,4979,5074,3212,8286,87
2022-08-09,Solano,095,438530,102207,101393,7508,108901,457
2022-08-09,Sonoma,097,501317,103802,103168,5044,108212,501
2022-08-09,Stanislaus,099,539301,133689,133071,20658,153729,1702
2022-08-09,Sutter,101,95872,23367,23279,2403,25682,228
2022-08-09,Tehama,103,63373,13291,13187,2954,16141,209
2022-08-09,Trinity,105,12862,1359,1350,354,1704,20
2022-08-09,Tulare,107,460477,118657,118239,33726,151965,1520
2022-08-09,Tuolumne,109,53932,15044,14922,883,15805,196
2022-08-09,Ventura,111,848112,202066,201179,14510,215689,1539
2022-08-09,Yolo,113,214977,46258,46069,4035,50104,330
2022-08-09,Yuba,115,75493,18231,18179,1593,19772,129
2022-08-08,Alameda,001,1643700,335292,333587,18801,352388,1944
2022-08-08,Alpine,002,1148,131,131,1,132,0
2022-08-08,Amador,005,37829,9716,9677,878,10555,88
2022-08-08,Butte,007,227075,38172,37892,8619,46511,446
2022-08-08,Calaveras,009,45235,8268,8251,489,8740,130
2022-08-08,Colusa,011,21464,3708,3700,1208,4908,22
2022-08-08,Contra Costa,013,1133247,243099,238658,19733,258391,1382
2022-08-08,Del Norte,015,27424,7240,7220,382,7602,54
2022-08-08,El Dorado,017,186661,31425,31354,4065,35419,225
2022-08-08,Fresno,019,978130,270128,265300,29838,295138,2815
2022-08-08,Glenn,021,27897,5416,5387,1815,7202,48
2022-08-08,Humboldt,023,135768,20963,20843,4567,25410,153
2022-08-08,Imperial,025,180216,63760,63532,14581,78113,949
2022-08-08,Inyo,027,18085,4419,4416,842,5258,57
2022-08-08,Kern,029,883053,214004,212602,58815,271417,2380
2022-08-08,Kings,031,150075,57710,57569,3926,61495,453
2022-08-08,Lake,033,64148,12324,12281,1100,13381,142
2022-08-08,Lassen,035,31185,9783,9682,967,10649,64
2022-08-08,Los Angeles,037,10098052,3186180,3168105,169170,3337275,32609
2022-08-08,Madera,039,155013,42485,42350,7665,50015,372
2022-08-08,Marin,041,260295,43703,43532,5016,48548,302
2022-08-08,Mariposa,043,17540,2998,2980,319,3299,31
2022-08-08,Mendocino,045,87422,15504,15394,4230,19624,132
2022-08-08,Merced,047,269075,70531,69740,10949,80689,839
2022-08-08,Modoc,049,8938,856,855,310,1165,11
2022-08-08,Mono,051,14174,3179,3165,233,3398,7
2022-08-08,Monterey,053,433212,91777,91307,19653,110960,758
2022-08-08,Napa,055,140530,31287,31223,1365,32588,153
2022-08-08,Nevada,057,99092,18430,18354,1704,20058,132
2022-08-08,Orange,059,3164182,648243,646005,58960,704965,7235
2022-08-08,Placer,061,380077,73724,73348,9200,82548,650
2022-08-08,Plumas,063,18699,3535,3525,427,3952,13
2022-08-08,Riverside,065,2383286,675248,672334,33522,705856,6555
2022-08-08,Sacramento,067,1510023,335680,334382,32439,366821,3177
2022-08-08,San Benito,069,59416,15671,15507,877,16384,101
2022-08-08,San Bernardino,071,2135413,650993,641936,29342,671278,7977
2022-08-08,San Diego,073,3302833,897956,895482,68936,964418,5429
2022-08-08,San Francisco,075,870044,172940,172265,11622,183887,945
2022-08-08,San Joaquin,077,732212,191735,190596,13859,204455,2281
2022-08-08,San Luis Obispo,079,281455,61675,61207,6666,67873,510
2022-08-08,San Mateo,081,765935,163162,161882,10108,171990,738
2022-08-08,Santa Barbara,083,443738,102136,101558,6400,107958,711
2022-08-08,Santa Clara,085,1922200,420514,414659,18155,432814,2398
2022-08-08,Santa Cruz,087,273765,60704,60360,3256,63616,269
2022-08-08,Shasta,089,179085,33981,33816,7058,40874,584
2022-08-08,Sierra,091,2930,297,295,59,354,4
2022-08-08,Siskiyou,093,43540,4976,5074,3209,8283,87
2022-08-08,Solano,095,438530,102062,101393,7494,108887,457
2022-08-08,Sonoma,097,501317,103689,103168,5035,108203,501
2022-08-08,Stanislaus,099,539301,133565,133071,20630,153701,1702
2022-08-08,Sutter,101,95872,23331,23279,2403,25682,228
2022-08-08,Tehama,103,63373,13281,13187,2952,16139,209
2022-08-08,Trinity,105,12862,1359,1350,353,1703,20
2022-08-08,Tulare,107,460477,118515,118239,33640,151879,1520
2022-08-08,Tuolumne,109,53932,15036,14922,882,15804,196
2022-08-08,Ventura,111,848112,201819,201179,14461,215640,1539
2022-08-08,Yolo,113,214977,46204,46069,4029,50098,330
2022-08-08,Yuba,115,75493,18207,18179,1591,19770,129
2022-08-07,Alameda,001,1643700,334735,331755,18762,350517,1945
2022-08-07,Alpine,002,1148,131,130,1,131,0
2022-08-07,Amador,005,37829,9709,9655,876,10531,88
2022-08-07,Butte,007,227075,38100,37717,8607,46324,446
2022-08-07,Calaveras,009,45235,8255,8219,485,8704,129
2022-08-07,Colusa,011,21464,3704,3696,1207,4903,22
2022-08-07,Contra Costa,013,1133247,242707,237436,19687,257123,1383
2022-08-07,Del Norte,015,27424,7228,7191,379,7570,54
2022-08-07,El Dorado,017,186661,31385,31240,4060,35300,225
2022-08-07,Fresno,019,978130,269703,263912,29765,293677,2815
2022-08-07,Glenn,021,27897,5414,5379,1812,7191,48
2022-08-07,Humboldt,023,135768,20924,20746,4547,25293,153
2022-08-07,Imperial,025,180216,63676,63198,14508,77706,949
2022-08-07,Inyo,027,18085,4419,4408,839,5247,57
2022-08-07,Kern,029,883053,213773,211798,58613,270411,2375
2022-08-07,Kings,031,150075,57612,57294,3919,61213,453
2022-08-07,Lake,033,64148,12310,12220,1100,13320,142
2022-08-07,Lassen,035,31185,9727,9654,967,10621,64
2022-08-07,Los Angeles,037,10098052,3181722,3153757,168776,3322533,32563
2022-08-07,Madera,039,155013,42428,42139,7626,49765,372
2022-08-07,Marin,041,260295,43646,43295,5006,48301,302
2022-08-07,Mariposa,043,17540,2995,2965,318,3283,31
2022-08-07,Mendocino,045,87422,15484,15335,4212,19547,132
2022-08-07,Merced,047,269075,70404,69498,10898,80396,838
2022-08-07,Modoc,049,8938,855,853,310,1163,11
2022-08-07,Mono,051,14174,3176,3161,233,3394,7
2022-08-07,Monterey,053,433212,91643,90884,19564,110448,757
2022-08-07,Napa,055,140530,31243,31052,1363,32415,151
2022-08-07,Nevada,057,99092,18406,18309,1698,20007,132
2022-08-07,Orange,059,3164182,647339,643029,58762,701791,7213
2022-08-07,Placer,061,380077,73634,73064,9184,82248,648
2022-08-07,Plumas,063,18699,3534,3516,427,3943,13
2022-08-07,Riverside,065,2383286,674317,669230,33442,702672,6555
2022-08-07,Sacramento,067,1510023,335192,332928,32385,365313,3175
2022-08-07,San Benito,069,59416,15645,15403,874,16277,101
2022-08-07,San Bernardino,071,2135413,650094,639120,29276,668396,7956
2022-08-07,San Diego,073,3302833,896683,891504,68823,960327,5424
2022-08-07,San Francisco,075,870044,172659,171486,11595,183081,946
2022-08-07,San Joaquin,077,732212,191430,189696,13801,203497,2276
2022-08-07,San Luis Obispo,079,281455,61577,60903,6634,67537,510
2022-08-07,San Mateo,081,765935,162912,161011,10091,171102,734
2022-08-07,Santa Barbara,083,443738,101947,100995,6374,107369,711
2022-08-07,Santa Clara,085,1922200,419802,412411,18136,430547,2386
2022-08-07,Santa Cruz,087,273765,60582,59982,3241,63223,269
2022-08-07,Shasta,089,179085,33932,33727,7044,40771,583
2022-08-07,Sierra,091,2930,296,295,59,354,4
2022-08-07,Siskiyou,093,43540,4974,5045,3205,8250,87
2022-08-07,Solano,095,438530,101903,100081,7477,107558,457
2022-08-07,Sonoma,097,501317,103571,102682,5028,107710,502
2022-08-07,Stanislaus,099,539301,133370,132406,20596,153002,1701
2022-08-07,Sutter,101,95872,23295,23178,2402,25580,228
2022-08-07,Tehama,103,63373,13271,13155,2948,16103,209
2022-08-07,Trinity,105,12862,1357,1347,352,1699,20
2022-08-07,Tulare,107,460477,118362,117668,33543,151211,1516
2022-08-07,Tuolumne,109,53932,15019,14844,882,15726,196
2022-08-07,Ventura,111,848112,201559,200270,14416,214686,1537
2022-08-07,Yolo,113,214977,46154,45902,4019,49921,331
2022-08-07,Yuba,115,75493,18188,18099,1587,19686,124
2022-08-06,Alameda,001,1643700,334491,331755,18750,350505,1945
2022-08-06,Alpine,002,1148,131,130,1,131,0
2022-08-06,Amador,005,37829,9702,9655,874,10529,88
2022-08-06,Butte,007,227075,38062,37717,8597,46314,446
2022-08-06,Calaveras,009,45235,8248,8219,484,8703,129
2022-08-06,Colusa,011,21464,3702,3696,1204,4900,22
2022-08-06,Contra Costa,013,1133247,242461,237436,19668,257104,1383
2022-08-06,Del Norte,015,27424,7222,7191,379,7570,54
2022-08-06,El Dorado,017,186661,31368,31240,4057,35297,225
2022-08-06,Fresno,019,978130,269523,263912,29743,293655,2815
2022-08-06,Glenn,021,27897,5414,5379,1811,7190,48
2022-08-06,Humboldt,023,135768,20903,20746,4539,25285,153
2022-08-06,Imperial,025,180216,63629,63198,14480,77678,949
2022-08-06,Inyo,027,18085,4419,4408,838,5246,57
2022-08-06,Kern,029,883053,213675,211798,58499,270297,2375
2022-08-06,Kings,031,150075,57572,57294,3919,61213,453
2022-08-06,Lake,033,64148,12305,12220,1099,13319,142
2022-08-06,Lassen,035,31185,9694,9654,967,10621,64
2022-08-06,Los Angeles,037,10098052,3179521,3153757,168491,3322248,32563
2022-08-06,Madera,039,155013,42384,42139,7620,49759,372
2022-08-06,Marin,041,260295,43617,43295,5001,48296,302
2022-08-06,Mariposa,043,17540,2994,2965,318,3283,31
2022-08-06,Mendocino,045,87422,15475,15335,4211,19546,132
2022-08-06,Merced,047,269075,70374,69498,10893,80391,838
2022-08-06,Modoc,049,8938,855,853,310,1163,11
2022-08-06,Mono,051,14174,3173,3161,233,3394,7
2022-08-06,Monterey,053,433212,91590,90884,19519,110403,757
2022-08-06,Napa,055,140530,31222,31052,1362,32414,151
2022-08-06,Nevada,057,99092,18397,18309,1697,20006,132
2022-08-06,Orange,059,3164182,646897,643029,58648,701677,7213
2022-08-06,Placer,061,380077,73577,73064,9177,82241,648
2022-08-06,Plumas,063,18699,3532,3516,427,3943,13
2022-08-06,Riverside,065,2383286,673803,669230,33403,702633,6555
2022-08-06,Sacramento,067,1510023,335017,332928,32376,365304,3175
2022-08-06,San Benito,069,59416,15628,15403,872,16275,101
2022-08-06,San Bernardino,071,2135413,649625,639120,29240,668360,7956
2022-08-06,San Diego,073,3302833,896127,891504,68780,960284,5424
2022-08-06,San Francisco,075,870044,172502,171486,11585,183071,946
2022-08-06,San Joaquin,077,732212,191301,189696,13765,203461,2276
2022-08-06,San Luis Obispo,079,281455,61549,60903,6629,67532,510
2022-08-06,San Mateo,081,765935,162775,161011,10084,171095,734
2022-08-06,Santa Barbara,083,443738,101873,100995,6362,107357,711
2022-08-06,Santa Clara,085,1922200,419339,412411,18115,430526,2386
2022-08-06,Santa Cruz,087,273765,60525,59982,3234,63216,269
2022-08-06,Shasta,089,179085,33901,33727,7034,40761,583
2022-08-06,Sierra,091,2930,296,295,59,354,4
2022-08-06,Siskiyou,093,43540,4972,5045,3203,8248,87
2022-08-06,Solano,095,438530,101854,100081,7471,107552,457
2022-08-06,Sonoma,097,501317,103507,102682,5021,107703,502
2022-08-06,Stanislaus,099,539301,133267,132406,20586,152992,1701
2022-08-06,Sutter,101,95872,23271,23178,2402,25580,228
2022-08-06,Tehama,103,63373,13266,13155,2944,16099,209
2022-08-06,Trinity,105,12862,1357,1347,352,1699,20
2022-08-06,Tulare,107,460477,118281,117668,33500,151168,1516
2022-08-06,Tuolumne,109,53932,15011,14844,881,15725,196
2022-08-06,Ventura,111,848112,201450,200270,14394,214664,1537
2022-08-06,Yolo,113,214977,46123,45902,4011,49913,331
2022-08-06,Yuba,115,75493,18172,18099,1586,19685,124
2022-08-05,Alameda,001,1643700,334183,331755,18739,350494,1945
2022-08-05,Alpine,002,1148,131,130,1,131,0
2022-08-05,Amador,005,37829,9700,9655,873,10528,88
2022-08-05,Butte,007,227075,38024,37717,8586,46303,446
2022-08-05,Calaveras,009,45235,8244,8219,484,8703,129
2022-08-05,Colusa,011,21464,3701,3696,1204,4900,22
2022-08-05,Contra Costa,013,1133247,242269,237436,19642,257078,1383
2022-08-05,Del Norte,015,27424,7218,7191,378,7569,54
2022-08-05,El Dorado,017,186661,31360,31240,4056,35296,225
2022-08-05,Fresno,019,978130,269340,263912,29720,293632,2815
2022-08-05,Glenn,021,27897,5413,5379,1810,7189,48
2022-08-05,Humboldt,023,135768,20886,20746,4526,25272,153
2022-08-05,Imperial,025,180216,63554,63198,14441,77639,949
2022-08-05,Inyo,027,18085,4419,4408,838,5246,57
2022-08-05,Kern,029,883053,213559,211798,58408,270206,2375
2022-08-05,Kings,031,150075,57547,57294,3918,61212,453
2022-08-05,Lake,033,64148,12295,12220,1099,13319,142
2022-08-05,Lassen,035,31185,9682,9654,966,10620,64
2022-08-05,Los Angeles,037,10098052,3177011,3153757,168207,3321964,32563
2022-08-05,Madera,039,155013,42341,42139,7610,49749,372
2022-08-05,Marin,041,260295,43574,43295,4995,48290,302
2022-08-05,Mariposa,043,17540,2989,2965,317,3282,31
2022-08-05,Mendocino,045,87422,15459,15335,4209,19544,132
2022-08-05,Merced,047,269075,70323,69498,10887,80385,838
2022-08-05,Modoc,049,8938,855,853,310,1163,11
2022-08-05,Mono,051,14174,3172,3161,233,3394,7
2022-08-05,Monterey,053,433212,91522,90884,19484,110368,757
2022-08-05,Napa,055,140530,31193,31052,1361,32413,151
2022-08-05,Nevada,057,99092,18387,18309,1696,20005,132
2022-08-05,Orange,059,3164182,646389,643029,58539,701568,7213
2022-08-05,Placer,061,380077,73525,73064,9170,82234,648
2022-08-05,Plumas,063,18699,3530,3516,427,3943,13
2022-08-05,Riverside,065,2383286,673240,669230,33358,702588,6555
2022-08-05,Sacramento,067,1510023,334767,332928,32355,365283,3175
2022-08-05,San Benito,069,59416,15606,15403,870,16273,101
2022-08-05,San Bernardino,071,2135413,649166,639120,29213,668333,7956
2022-08-05,San Diego,073,3302833,895467,891504,68699,960203,5424
2022-08-05,San Francisco,075,870044,172359,171486,11565,183051,946
2022-08-05,San Joaquin,077,732212,191173,189696,13731,203427,2276
2022-08-05,San Luis Obispo,079,281455,61514,60903,6621,67524,510
2022-08-05,San Mateo,081,765935,162600,161011,10074,171085,734
2022-08-05,Santa Barbara,083,443738,101771,100995,6354,107349,711
2022-08-05,Santa Clara,085,1922200,418838,412411,18083,430494,2386
2022-08-05,Santa Cruz,087,273765,60458,59982,3230,63212,269
2022-08-05,Shasta,089,179085,33891,33727,7031,40758,583
2022-08-05,Sierra,091,2930,296,295,59,354,4
2022-08-05,Siskiyou,093,43540,4969,5045,3201,8246,87
2022-08-05,Solano,095,438530,101775,100081,7463,107544,457
2022-08-05,Sonoma,097,501317,103429,102682,5017,107699,502
2022-08-05,Stanislaus,099,539301,133166,132406,20575,152981,1701
2022-08-05,Sutter,101,95872,23252,23178,2400,25578,228
2022-08-05,Tehama,103,63373,13258,13155,2944,16099,209
2022-08-05,Trinity,105,12862,1356,1347,352,1699,20
2022-08-05,Tulare,107,460477,118195,117668,33447,151115,1516
2022-08-05,Tuolumne,109,53932,14998,14844,880,15724,196
2022-08-05,Ventura,111,848112,201300,200270,14365,214635,1537
2022-08-05,Yolo,113,214977,46104,45902,3997,49899,331
2022-08-05,Yuba,115,75493,18164,18099,1585,19684,124
2022-08-04,Alameda,001,1643700,333720,331755,18696,350451,1945
2022-08-04,Alpine,002,1148,130,130,1,131,0
2022-08-04,Amador,005,37829,9689,9655,869,10524,88
2022-08-04,Butte,007,227075,37980,37717,8571,46288,446
2022-08-04,Calaveras,009,45235,8237,8219,483,8702,129
2022-08-04,Colusa,011,21464,3700,3696,1204,4900,22
2022-08-04,Contra Costa,013,1133247,241995,237436,19602,257038,1383
2022-08-04,Del Norte,015,27424,7210,7191,377,7568,54
2022-08-04,El Dorado,017,186661,31329,31240,4053,35293,225
2022-08-04,Fresno,019,978130,269005,263912,29669,293581,2815
2022-08-04,Glenn,021,27897,5408,5379,1807,7186,48
2022-08-04,Humboldt,023,135768,20860,20746,4515,25261,153
2022-08-04,Imperial,025,180216,63487,63198,14387,77585,949
2022-08-04,Inyo,027,18085,4418,4408,837,5245,57
2022-08-04,Kern,029,883053,213353,211798,58275,270073,2375
2022-08-04,Kings,031,150075,57480,57294,3911,61205,453
2022-08-04,Lake,033,64148,12280,12220,1099,13319,142
2022-08-04,Lassen,035,31185,9677,9654,963,10617,64
2022-08-04,Los Angeles,037,10098052,3173294,3153757,167818,3321575,32563
2022-08-04,Madera,039,155013,42298,42139,7569,49708,372
2022-08-04,Marin,041,260295,43519,43295,4967,48262,302
2022-08-04,Mariposa,043,17540,2983,2965,316,3281,31
2022-08-04,Mendocino,045,87422,15444,15335,4203,19538,132
2022-08-04,Merced,047,269075,70250,69498,10849,80347,838
2022-08-04,Modoc,049,8938,855,853,310,1163,11
2022-08-04,Mono,051,14174,3172,3161,233,3394,7
2022-08-04,Monterey,053,433212,91412,90884,19421,110305,757
2022-08-04,Napa,055,140530,31157,31052,1360,32412,151
2022-08-04,Nevada,057,99092,18375,18309,1690,19999,132
2022-08-04,Orange,059,3164182,645618,643029,58393,701422,7213
2022-08-04,Placer,061,380077,73452,73064,9158,82222,648
2022-08-04,Plumas,063,18699,3524,3516,427,3943,13
2022-08-04,Riverside,065,2383286,672520,669230,33315,702545,6555
2022-08-04,Sacramento,067,1510023,334342,332928,32330,365258,3175
2022-08-04,San Benito,069,59416,15576,15403,864,16267,101
2022-08-04,San Bernardino,071,2135413,648457,639120,29158,668278,7956
2022-08-04,San Diego,073,3302833,894484,891504,68598,960102,5424
2022-08-04,San Francisco,075,870044,172147,171486,11536,183022,946
2022-08-04,San Joaquin,077,732212,190968,189696,13691,203387,2276
2022-08-04,San Luis Obispo,079,281455,61441,60903,6599,67502,510
2022-08-04,San Mateo,081,765935,162376,161011,10067,171078,734
2022-08-04,Santa Barbara,083,443738,101638,100995,6333,107328,711
2022-08-04,Santa Clara,085,1922200,418260,412411,18052,430463,2386
2022-08-04,Santa Cruz,087,273765,60370,59982,3229,63211,269
2022-08-04,Shasta,089,179085,33867,33727,7018,40745,583
2022-08-04,Sierra,091,2930,296,295,59,354,4
2022-08-04,Siskiyou,093,43540,4965,5045,3195,8240,87
2022-08-04,Solano,095,438530,101664,100081,7452,107533,457
2022-08-04,Sonoma,097,501317,103320,102682,5007,107689,502
2022-08-04,Stanislaus,099,539301,133008,132406,20551,152957,1701
2022-08-04,Sutter,101,95872,23226,23178,2398,25576,228
2022-08-04,Tehama,103,63373,13244,13155,2939,16094,209
2022-08-04,Trinity,105,12862,1355,1347,351,1698,20
2022-08-04,Tulare,107,460477,118078,117668,33387,151055,1516
2022-08-04,Tuolumne,109,53932,14974,14844,878,15722,196
2022-08-04,Ventura,111,848112,201067,200270,14328,214598,1537
2022-08-04,Yolo,113,214977,46066,45902,3989,49891,331
2022-08-04,Yuba,115,75493,18145,18099,1584,19683,124
2022-08-03,Alameda,001,1643700,333211,330158,18657,348815,1941
2022-08-03,Alpine,002,1148,130,130,1,131,0
2022-08-03,Amador,005,37829,9683,9627,866,10493,88
2022-08-03,Butte,007,227075,37935,37567,8561,46128,444
2022-08-03,Calaveras,009,45235,8229,8194,482,8676,128
2022-08-03,Colusa,011,21464,3700,3676,1204,4880,22
2022-08-03,Contra Costa,013,1133247,241668,236190,19554,255744,1381
2022-08-03,Del Norte,015,27424,7206,7156,377,7533,54
2022-08-03,El Dorado,017,186661,31294,31165,4044,35209,222
2022-08-03,Fresno,019,978130,268596,262758,29622,292380,2806
2022-08-03,Glenn,021,27897,5406,5363,1803,7166,48
2022-08-03,Humboldt,023,135768,20826,20640,4498,25138,153
2022-08-03,Imperial,025,180216,63407,62884,14338,77222,949
2022-08-03,Inyo,027,18085,4418,4398,831,5229,57
2022-08-03,Kern,029,883053,213168,211047,58099,269146,2375
2022-08-03,Kings,031,150075,57416,57065,3907,60972,453
2022-08-03,Lake,033,64148,12261,12172,1098,13270,142
2022-08-03,Lassen,035,31185,9674,9563,963,10526,64
2022-08-03,Los Angeles,037,10098052,3169550,3140955,167424,3308379,32500
2022-08-03,Madera,039,155013,42255,41918,7551,49469,372
2022-08-03,Marin,041,260295,43455,43127,4955,48082,300
2022-08-03,Mariposa,043,17540,2979,2950,316,3266,30
2022-08-03,Mendocino,045,87422,15426,15260,4195,19455,132
2022-08-03,Merced,047,269075,70184,69198,10817,80015,838
2022-08-03,Modoc,049,8938,854,842,310,1152,11
2022-08-03,Mono,051,14174,3171,3157,232,3389,7
2022-08-03,Monterey,053,433212,91307,90456,19358,109814,754
2022-08-03,Napa,055,140530,31120,30935,1355,32290,151
2022-08-03,Nevada,057,99092,18364,18253,1687,19940,132
2022-08-03,Orange,059,3164182,644801,640110,58213,698323,7202
2022-08-03,Placer,061,380077,73368,72834,9142,81976,646
2022-08-03,Plumas,063,18699,3521,3496,427,3923,13
2022-08-03,Riverside,065,2383286,671666,666773,33250,700023,6547
2022-08-03,Sacramento,067,1510023,333913,331584,32295,363879,3162
2022-08-03,San Benito,069,59416,15546,15338,857,16195,100
2022-08-03,San Bernardino,071,2135413,647716,636510,29105,665615,7951
2022-08-03,San Diego,073,3302833,893270,887729,68473,956202,5417
2022-08-03,San Francisco,075,870044,171937,170637,11518,182155,939
2022-08-03,San Joaquin,077,732212,190723,188962,13658,202620,2276
2022-08-03,San Luis Obispo,079,281455,61354,60648,6586,67234,504
2022-08-03,San Mateo,081,765935,162186,160258,10058,170316,725
2022-08-03,Santa Barbara,083,443738,101514,100558,6313,106871,710
2022-08-03,Santa Clara,085,1922200,417779,410394,18021,428415,2383
2022-08-03,Santa Cruz,087,273765,60281,59661,3226,62887,269
2022-08-03,Shasta,089,179085,33837,33630,7014,40644,582
2022-08-03,Sierra,091,2930,296,295,59,354,4
2022-08-03,Siskiyou,093,43540,4963,5021,3193,8214,86
2022-08-03,Solano,095,438530,101544,99608,7439,107047,459
2022-08-03,Sonoma,097,501317,103195,102306,4994,107300,500
2022-08-03,Stanislaus,099,539301,132865,131869,20522,152391,1701
2022-08-03,Sutter,101,95872,23198,23056,2396,25452,228
2022-08-03,Tehama,103,63373,13232,13135,2935,16070,209
2022-08-03,Trinity,105,12862,1355,1342,350,1692,20
2022-08-03,Tulare,107,460477,117943,117288,33320,150608,1516
2022-08-03,Tuolumne,109,53932,14954,14778,878,15656,196
2022-08-03,Ventura,111,848112,200827,199530,14294,213824,1536
2022-08-03,Yolo,113,214977,46017,45757,3972,49729,330
2022-08-03,Yuba,115,75493,18116,18036,1583,19619,124
2022-08-02,Alameda,001,1643700,332673,330158,18624,348782,1941
2022-08-02,Alpine,002,1148,130,130,1,131,0
2022-08-02,Amador,005,37829,9673,9627,859,10486,88
2022-08-02,Butte,007,227075,37896,37567,8549,46116,444
2022-08-02,Calaveras,009,45235,8214,8194,480,8674,128
2022-08-02,Colusa,011,21464,3697,3676,1203,4879,22
2022-08-02,Contra Costa,013,1133247,241315,236190,19494,255684,1381
2022-08-02,Del Norte,015,27424,7196,7156,377,7533,54
2022-08-02,El Dorado,017,186661,31261,31165,4038,35203,222
2022-08-02,Fresno,019,978130,268169,262758,29539,292297,2806
2022-08-02,Glenn,021,27897,5402,5363,1802,7165,48
2022-08-02,Humboldt,023,135768,20788,20640,4476,25116,153
2022-08-02,Imperial,025,180216,63325,62884,14289,77173,949
2022-08-02,Inyo,027,18085,4415,4398,821,5219,57
2022-08-02,Kern,029,883053,212928,211047,57901,268948,2375
2022-08-02,Kings,031,150075,57335,57065,3902,60967,453
2022-08-02,Lake,033,64148,12248,12172,1096,13268,142
2022-08-02,Lassen,035,31185,9671,9563,962,10525,64
2022-08-02,Los Angeles,037,10098052,3165183,3140955,166934,3307889,32500
2022-08-02,Madera,039,155013,42188,41918,7528,49446,372
2022-08-02,Marin,041,260295,43397,43127,4947,48074,300
2022-08-02,Mariposa,043,17540,2975,2950,316,3266,30
2022-08-02,Mendocino,045,87422,15396,15260,4181,19441,132
2022-08-02,Merced,047,269075,70105,69198,10777,79975,838
2022-08-02,Modoc,049,8938,854,842,310,1152,11
2022-08-02,Mono,051,14174,3170,3157,230,3387,7
2022-08-02,Monterey,053,433212,91183,90456,19288,109744,754
2022-08-02,Napa,055,140530,31084,30935,1352,32287,151
2022-08-02,Nevada,057,99092,18348,18253,1687,19940,132
2022-08-02,Orange,059,3164182,643921,640110,58034,698144,7202
2022-08-02,Placer,061,380077,73279,72834,9129,81963,646
2022-08-02,Plumas,063,18699,3516,3496,427,3923,13
2022-08-02,Riverside,065,2383286,670746,666773,33199,699972,6547
2022-08-02,Sacramento,067,1510023,333498,331584,32247,363831,3162
2022-08-02,San Benito,069,59416,15508,15338,853,16191,100
2022-08-02,San Bernardino,071,2135413,646868,636510,29054,665564,7951
2022-08-02,San Diego,073,3302833,892107,887729,68342,956071,5417
2022-08-02,San Francisco,075,870044,171701,170637,11504,182141,939
2022-08-02,San Joaquin,077,732212,190485,188962,13613,202575,2276
2022-08-02,San Luis Obispo,079,281455,61265,60648,6559,67207,504
2022-08-02,San Mateo,081,765935,161940,160258,10052,170310,725
2022-08-02,Santa Barbara,083,443738,101348,100558,6287,106845,710
2022-08-02,Santa Clara,085,1922200,417153,410394,17986,428380,2383
2022-08-02,Santa Cruz,087,273765,60191,59661,3219,62880,269
2022-08-02,Shasta,089,179085,33812,33630,7003,40633,582
2022-08-02,Sierra,091,2930,296,295,59,354,4
2022-08-02,Siskiyou,093,43540,4955,5021,3189,8210,86
2022-08-02,Solano,095,438530,101361,99608,7417,107025,459
2022-08-02,Sonoma,097,501317,103019,102306,4981,107287,500
2022-08-02,Stanislaus,099,539301,132706,131869,20480,152349,1701
2022-08-02,Sutter,101,95872,23163,23056,2396,25452,228
2022-08-02,Tehama,103,63373,13220,13135,2932,16067,209
2022-08-02,Trinity,105,12862,1355,1342,348,1690,20
2022-08-02,Tulare,107,460477,117805,117288,33235,150523,1516
2022-08-02,Tuolumne,109,53932,14937,14778,876,15654,196
2022-08-02,Ventura,111,848112,200572,199530,14252,213782,1536
2022-08-02,Yolo,113,214977,45968,45757,3967,49724,330
2022-08-02,Yuba,115,75493,18095,18036,1578,19614,124
2022-08-01,Alameda,001,1643700,332010,330158,18587,348745,1941
2022-08-01,Alpine,002,1148,130,130,1,131,0
2022-08-01,Amador,005,37829,9666,9627,857,10484,88
2022-08-01,Butte,007,227075,37838,37567,8535,46102,444
2022-08-01,Calaveras,009,45235,8211,8194,479,8673,128
2022-08-01,Colusa,011,21464,3693,3676,1194,4870,22
2022-08-01,Contra Costa,013,1133247,240919,236190,19440,255630,1381
2022-08-01,Del Norte,015,27424,7191,7156,377,7533,54
2022-08-01,El Dorado,017,186661,31234,31165,4033,35198,222
2022-08-01,Fresno,019,978130,267710,262758,29458,292216,2806
2022-08-01,Glenn,021,27897,5394,5363,1801,7164,48
2022-08-01,Humboldt,023,135768,20755,20640,4460,25100,153
2022-08-01,Imperial,025,180216,63212,62884,14230,77114,949
2022-08-01,Inyo,027,18085,4411,4398,817,5215,57
2022-08-01,Kern,029,883053,212690,211047,57728,268775,2375
2022-08-01,Kings,031,150075,57242,57065,3892,60957,453
2022-08-01,Lake,033,64148,12218,12172,1096,13268,142
2022-08-01,Lassen,035,31185,9651,9563,962,10525,64
2022-08-01,Los Angeles,037,10098052,3160437,3140955,166447,3307402,32500
2022-08-01,Madera,039,155013,42105,41918,7497,49415,372
2022-08-01,Marin,041,260295,43343,43127,4923,48050,300
2022-08-01,Mariposa,043,17540,2970,2950,315,3265,30
2022-08-01,Mendocino,045,87422,15372,15260,4172,19432,132
2022-08-01,Merced,047,269075,69993,69198,10746,79944,838
2022-08-01,Modoc,049,8938,854,842,310,1152,11
2022-08-01,Mono,051,14174,3169,3157,228,3385,7
2022-08-01,Monterey,053,433212,91039,90456,19213,109669,754
2022-08-01,Napa,055,140530,31035,30935,1348,32283,151
2022-08-01,Nevada,057,99092,18336,18253,1682,19935,132
2022-08-01,Orange,059,3164182,642971,640110,57860,697970,7202
2022-08-01,Placer,061,380077,73211,72834,9115,81949,646
2022-08-01,Plumas,063,18699,3512,3496,427,3923,13
2022-08-01,Riverside,065,2383286,669740,666773,33151,699924,6547
2022-08-01,Sacramento,067,1510023,333056,331584,32208,363792,3162
2022-08-01,San Benito,069,59416,15487,15338,853,16191,100
2022-08-01,San Bernardino,071,2135413,645940,636510,28995,665505,7951
2022-08-01,San Diego,073,3302833,890680,887729,68166,955895,5417
2022-08-01,San Francisco,075,870044,171446,170637,11490,182127,939
2022-08-01,San Joaquin,077,732212,190214,188962,13571,202533,2276
2022-08-01,San Luis Obispo,079,281455,61166,60648,6545,67193,504
2022-08-01,San Mateo,081,765935,161645,160258,10040,170298,725
2022-08-01,Santa Barbara,083,443738,101173,100558,6262,106820,710
2022-08-01,Santa Clara,085,1922200,416374,410394,17956,428350,2383
2022-08-01,Santa Cruz,087,273765,60085,59661,3207,62868,269
2022-08-01,Shasta,089,179085,33784,33630,6993,40623,582
2022-08-01,Sierra,091,2930,296,295,59,354,4
2022-08-01,Siskiyou,093,43540,4949,5021,3183,8204,86
2022-08-01,Solano,095,438530,101178,99608,7398,107006,459
2022-08-01,Sonoma,097,501317,102850,102306,4970,107276,500
2022-08-01,Stanislaus,099,539301,132532,131869,20451,152320,1701
2022-08-01,Sutter,101,95872,23108,23056,2395,25451,228
2022-08-01,Tehama,103,63373,13204,13135,2926,16061,209
2022-08-01,Trinity,105,12862,1354,1342,347,1689,20
2022-08-01,Tulare,107,460477,117628,117288,33157,150445,1516
2022-08-01,Tuolumne,109,53932,14918,14778,876,15654,196
2022-08-01,Ventura,111,848112,200315,199530,14208,213738,1536
2022-08-01,Yolo,113,214977,45917,45757,3952,49709,330
2022-08-01,Yuba,115,75493,18071,18036,1574,19610,124
2022-07-31,Alameda,001,1643700,331273,327608,18547,346155,1941
2022-07-31,Alpine,002,1148,130,130,1,131,0
2022-07-31,Amador,005,37829,9653,9609,852,10461,88
2022-07-31,Butte,007,227075,37762,37349,8515,45864,444
2022-07-31,Calaveras,009,45235,8199,8145,476,8621,128
2022-07-31,Colusa,011,21464,3689,3664,1192,4856,22
2022-07-31,Contra Costa,013,1133247,240445,234635,19371,254006,1375
2022-07-31,Del Norte,015,27424,7179,7136,374,7510,54
2022-07-31,El Dorado,017,186661,31207,31007,4024,35031,222
2022-07-31,Fresno,019,978130,267156,260858,29373,290231,2805
2022-07-31,Glenn,021,27897,5391,5350,1799,7149,48
2022-07-31,Humboldt,023,135768,20715,20523,4429,24952,151
2022-07-31,Imperial,025,180216,63107,62471,14151,76622,949
2022-07-31,Inyo,027,18085,4406,4388,812,5200,57
2022-07-31,Kern,029,883053,212378,210190,57482,267672,2375
2022-07-31,Kings,031,150075,57116,56673,3883,60556,454
2022-07-31,Lake,033,64148,12202,12102,1094,13196,142
2022-07-31,Lassen,035,31185,9571,9548,962,10510,64
2022-07-31,Los Angeles,037,10098052,3155180,3122700,165819,3288519,32445
2022-07-31,Madera,039,155013,42017,41641,7463,49104,372
2022-07-31,Marin,041,260295,43271,42840,4910,47750,300
2022-07-31,Mariposa,043,17540,2964,2940,314,3254,30
2022-07-31,Mendocino,045,87422,15352,15172,4163,19335,132
2022-07-31,Merced,047,269075,69865,68853,10702,79555,838
2022-07-31,Modoc,049,8938,850,841,310,1151,11
2022-07-31,Mono,051,14174,3168,3155,225,3380,7
2022-07-31,Monterey,053,433212,90879,89974,19129,109103,754
2022-07-31,Napa,055,140530,30969,30777,1344,32121,150
2022-07-31,Nevada,057,99092,18298,18187,1680,19867,131
2022-07-31,Orange,059,3164182,641942,636403,57651,694054,7194
2022-07-31,Placer,061,380077,73108,72444,9099,81543,647
2022-07-31,Plumas,063,18699,3506,3490,426,3916,13
2022-07-31,Riverside,065,2383286,668653,662929,33068,695997,6543
2022-07-31,Sacramento,067,1510023,332458,329639,32151,361790,3156
2022-07-31,San Benito,069,59416,15454,15256,847,16103,100
2022-07-31,San Bernardino,071,2135413,644788,633131,28896,662027,7941
2022-07-31,San Diego,073,3302833,889071,881822,68016,949838,5409
2022-07-31,San Francisco,075,870044,171049,169564,11450,181014,937
2022-07-31,San Joaquin,077,732212,189854,187937,13482,201419,2276
2022-07-31,San Luis Obispo,079,281455,61018,60370,6510,66880,503
2022-07-31,San Mateo,081,765935,161396,159145,10013,169158,726
2022-07-31,Santa Barbara,083,443738,100941,99946,6220,106166,708
2022-07-31,Santa Clara,085,1922200,415599,407392,17921,425313,2381
2022-07-31,Santa Cruz,087,273765,59917,59227,3191,62418,269
2022-07-31,Shasta,089,179085,33733,33454,6970,40424,581
2022-07-31,Sierra,091,2930,296,293,59,352,4
2022-07-31,Siskiyou,093,43540,4939,4997,3180,8177,86
2022-07-31,Solano,095,438530,100978,99034,7384,106418,457
2022-07-31,Sonoma,097,501317,102695,101747,4944,106691,500
2022-07-31,Stanislaus,099,539301,132294,131081,20404,151485,1696
2022-07-31,Sutter,101,95872,23064,22931,2384,25315,228
2022-07-31,Tehama,103,63373,13196,13079,2917,15996,208
2022-07-31,Trinity,105,12862,1352,1340,346,1686,20
2022-07-31,Tulare,107,460477,117436,116640,33037,149677,1514
2022-07-31,Tuolumne,109,53932,14894,14701,873,15574,196
2022-07-31,Ventura,111,848112,199998,198498,14128,212626,1530
2022-07-31,Yolo,113,214977,45856,45511,3941,49452,327
2022-07-31,Yuba,115,75493,18040,17951,1566,19517,124
2022-07-30,Alameda,001,1643700,330934,327608,18528,346136,1941
2022-07-30,Alpine,002,1148,130,130,1,131,0
2022-07-30,Amador,005,37829,9651,9609,847,10456,88
2022-07-30,Butte,007,227075,37733,37349,8506,45855,444
2022-07-30,Calaveras,009,45235,8189,8145,475,8620,128
2022-07-30,Colusa,011,21464,3684,3664,1192,4856,22
2022-07-30,Contra Costa,013,1133247,240170,234635,19330,253965,1375
2022-07-30,Del Norte,015,27424,7174,7136,372,7508,54
2022-07-30,El Dorado,017,186661,31188,31007,4020,35027,222
2022-07-30,Fresno,019,978130,266949,260858,29330,290188,2805
2022-07-30,Glenn,021,27897,5386,5350,1798,7148,48
2022-07-30,Humboldt,023,135768,20696,20523,4417,24940,151
2022-07-30,Imperial,025,180216,63059,62471,14123,76594,949
2022-07-30,Inyo,027,18085,4405,4388,808,5196,57
2022-07-30,Kern,029,883053,212253,210190,57339,267529,2375
2022-07-30,Kings,031,150075,57083,56673,3883,60556,454
2022-07-30,Lake,033,64148,12192,12102,1093,13195,142
2022-07-30,Lassen,035,31185,9570,9548,960,10508,64
2022-07-30,Los Angeles,037,10098052,3152695,3122700,165417,3288117,32445
2022-07-30,Madera,039,155013,41983,41641,7458,49099,372
2022-07-30,Marin,041,260295,43239,42840,4908,47748,300
2022-07-30,Mariposa,043,17540,2962,2940,313,3253,30
2022-07-30,Mendocino,045,87422,15328,15172,4159,19331,132
2022-07-30,Merced,047,269075,69814,68853,10695,79548,838
2022-07-30,Modoc,049,8938,850,841,310,1151,11
2022-07-30,Mono,051,14174,3167,3155,224,3379,7
2022-07-30,Monterey,053,433212,90787,89974,19082,109056,754
2022-07-30,Napa,055,140530,30941,30777,1341,32118,150
2022-07-30,Nevada,057,99092,18289,18187,1676,19863,131
2022-07-30,Orange,059,3164182,641390,636403,57543,693946,7194
2022-07-30,Placer,061,380077,73069,72444,9086,81530,647
2022-07-30,Plumas,063,18699,3506,3490,426,3916,13
2022-07-30,Riverside,065,2383286,668103,662929,33039,695968,6543
2022-07-30,Sacramento,067,1510023,332215,329639,32140,361779,3156
2022-07-30,San Benito,069,59416,15441,15256,844,16100,100
2022-07-30,San Bernardino,071,2135413,644301,633131,28853,661984,7941
2022-07-30,San Diego,073,3302833,888425,881822,67957,949779,5409
2022-07-30,San Francisco,075,870044,170897,169564,11440,181004,937
2022-07-30,San Joaquin,077,732212,189728,187937,13452,201389,2276
2022-07-30,San Luis Obispo,079,281455,60978,60370,6497,66867,503
2022-07-30,San Mateo,081,765935,161211,159145,9995,169140,726
2022-07-30,Santa Barbara,083,443738,100848,99946,6201,106147,708
2022-07-30,Santa Clara,085,1922200,415114,407392,17902,425294,2381
2022-07-30,Santa Cruz,087,273765,59851,59227,3184,62411,269
2022-07-30,Shasta,089,179085,33713,33454,6969,40423,581
2022-07-30,Sierra,091,2930,296,293,59,352,4
2022-07-30,Siskiyou,093,43540,4939,4997,3178,8175,86
2022-07-30,Solano,095,438530,100920,99034,7371,106405,457
2022-07-30,Sonoma,097,501317,102605,101747,4937,106684,500
2022-07-30,Stanislaus,099,539301,132162,131081,20379,151460,1696
2022-07-30,Sutter,101,95872,23039,22931,2383,25314,228
2022-07-30,Tehama,103,63373,13190,13079,2914,15993,208
2022-07-30,Trinity,105,12862,1352,1340,346,1686,20
2022-07-30,Tulare,107,460477,117345,116640,32972,149612,1514
2022-07-30,Tuolumne,109,53932,14875,14701,873,15574,196
2022-07-30,Ventura,111,848112,199826,198498,14095,212593,1530
2022-07-30,Yolo,113,214977,45829,45511,3938,49449,327
2022-07-30,Yuba,115,75493,18027,17951,1566,19517,124
2022-07-29,Alameda,001,1643700,330572,327608,18500,346108,1941
2022-07-29,Alpine,002,1148,130,130,1,131,0
2022-07-29,Amador,005,37829,9650,9609,846,10455,88
2022-07-29,Butte,007,227075,37702,37349,8489,45838,444
2022-07-29,Calaveras,009,45235,8185,8145,475,8620,128
2022-07-29,Colusa,011,21464,3684,3664,1192,4856,22
2022-07-29,Contra Costa,013,1133247,239942,234635,19306,253941,1375
2022-07-29,Del Norte,015,27424,7169,7136,371,7507,54
2022-07-29,El Dorado,017,186661,31166,31007,4019,35026,222
2022-07-29,Fresno,019,978130,266703,260858,29282,290140,2805
2022-07-29,Glenn,021,27897,5383,5350,1796,7146,48
2022-07-29,Humboldt,023,135768,20670,20523,4407,24930,151
2022-07-29,Imperial,025,180216,62998,62471,14095,76566,949
2022-07-29,Inyo,027,18085,4404,4388,807,5195,57
2022-07-29,Kern,029,883053,212089,210190,57198,267388,2375
2022-07-29,Kings,031,150075,57046,56673,3882,60555,454
2022-07-29,Lake,033,64148,12177,12102,1090,13192,142
2022-07-29,Lassen,035,31185,9568,9548,960,10508,64
2022-07-29,Los Angeles,037,10098052,3149830,3122700,165084,3287784,32445
2022-07-29,Madera,039,155013,41938,41641,7447,49088,372
2022-07-29,Marin,041,260295,43192,42840,4900,47740,300
2022-07-29,Mariposa,043,17540,2961,2940,313,3253,30
2022-07-29,Mendocino,045,87422,15310,15172,4147,19319,132
2022-07-29,Merced,047,269075,69753,68853,10679,79532,838
2022-07-29,Modoc,049,8938,850,841,310,1151,11
2022-07-29,Mono,051,14174,3166,3155,223,3378,7
2022-07-29,Monterey,053,433212,90694,89974,19047,109021,754
2022-07-29,Napa,055,140530,30916,30777,1340,32117,150
2022-07-29,Nevada,057,99092,18278,18187,1674,19861,131
2022-07-29,Orange,059,3164182,640796,636403,57400,693803,7194
2022-07-29,Placer,061,380077,72997,72444,9072,81516,647
2022-07-29,Plumas,063,18699,3505,3490,426,3916,13
2022-07-29,Riverside,065,2383286,667560,662929,32994,695923,6543
2022-07-29,Sacramento,067,1510023,331903,329639,32121,361760,3156
2022-07-29,San Benito,069,59416,15423,15256,843,16099,100
2022-07-29,San Bernardino,071,2135413,643765,633131,28819,661950,7941
2022-07-29,San Diego,073,3302833,887574,881822,67846,949668,5409
2022-07-29,San Francisco,075,870044,170719,169564,11428,180992,937
2022-07-29,San Joaquin,077,732212,189612,187937,13427,201364,2276
2022-07-29,San Luis Obispo,079,281455,60942,60370,6485,66855,503
2022-07-29,San Mateo,081,765935,161035,159145,9986,169131,726
2022-07-29,Santa Barbara,083,443738,100725,99946,6191,106137,708
2022-07-29,Santa Clara,085,1922200,414638,407392,17881,425273,2381
2022-07-29,Santa Cruz,087,273765,59775,59227,3181,62408,269
2022-07-29,Shasta,089,179085,33686,33454,6962,40416,581
2022-07-29,Sierra,091,2930,296,293,58,351,4
2022-07-29,Siskiyou,093,43540,4938,4997,3178,8175,86
2022-07-29,Solano,095,438530,100790,99034,7359,106393,457
2022-07-29,Sonoma,097,501317,102501,101747,4926,106673,500
2022-07-29,Stanislaus,099,539301,132060,131081,20367,151448,1696
2022-07-29,Sutter,101,95872,23019,22931,2383,25314,228
2022-07-29,Tehama,103,63373,13183,13079,2912,15991,208
2022-07-29,Trinity,105,12862,1348,1340,345,1685,20
2022-07-29,Tulare,107,460477,117243,116640,32912,149552,1514
2022-07-29,Tuolumne,109,53932,14861,14701,872,15573,196
2022-07-29,Ventura,111,848112,199676,198498,14055,212553,1530
2022-07-29,Yolo,113,214977,45794,45511,3925,49436,327
2022-07-29,Yuba,115,75493,18006,17951,1564,19515,124
2022-07-28,Alameda,001,1643700,330082,327608,18452,346060,1941
2022-07-28,Alpine,002,1148,130,130,1,131,0
2022-07-28,Amador,005,37829,9643,9609,845,10454,88
2022-07-28,Butte,007,227075,37650,37349,8476,45825,444
2022-07-28,Calaveras,009,45235,8174,8145,474,8619,128
2022-07-28,Colusa,011,21464,3678,3664,1192,4856,22
2022-07-28,Contra Costa,013,1133247,239577,234635,19252,253887,1375
2022-07-28,Del Norte,015,27424,7163,7136,370,7506,54
2022-07-28,El Dorado,017,186661,31131,31007,4014,35021,222
2022-07-28,Fresno,019,978130,266272,260858,29207,290065,2805
2022-07-28,Glenn,021,27897,5381,5350,1792,7142,48
2022-07-28,Humboldt,023,135768,20636,20523,4396,24919,151
2022-07-28,Imperial,025,180216,62899,62471,14031,76502,949
2022-07-28,Inyo,027,18085,4400,4388,805,5193,57
2022-07-28,Kern,029,883053,211838,210190,57027,267217,2375
2022-07-28,Kings,031,150075,56943,56673,3879,60552,454
2022-07-28,Lake,033,64148,12160,12102,1089,13191,142
2022-07-28,Lassen,035,31185,9563,9548,960,10508,64
2022-07-28,Los Angeles,037,10098052,3145505,3122700,164527,3287227,32445
2022-07-28,Madera,039,155013,41880,41641,7438,49079,372
2022-07-28,Marin,041,260295,43144,42840,4895,47735,300
2022-07-28,Mariposa,043,17540,2958,2940,310,3250,30
2022-07-28,Mendocino,045,87422,15289,15172,4136,19308,132
2022-07-28,Merced,047,269075,69671,68853,10639,79492,838
2022-07-28,Modoc,049,8938,847,841,310,1151,11
2022-07-28,Mono,051,14174,3166,3155,222,3377,7
2022-07-28,Monterey,053,433212,90538,89974,18972,108946,754
2022-07-28,Napa,055,140530,30877,30777,1338,32115,150
2022-07-28,Nevada,057,99092,18265,18187,1668,19855,131
2022-07-28,Orange,059,3164182,639843,636403,57248,693651,7194
2022-07-28,Placer,061,380077,72906,72444,9051,81495,647
2022-07-28,Plumas,063,18699,3504,3490,426,3916,13
2022-07-28,Riverside,065,2383286,666753,662929,32943,695872,6543
2022-07-28,Sacramento,067,1510023,331487,329639,32092,361731,3156
2022-07-28,San Benito,069,59416,15394,15256,838,16094,100
2022-07-28,San Bernardino,071,2135413,642917,633131,28775,661906,7941
2022-07-28,San Diego,073,3302833,886226,881822,67712,949534,5409
2022-07-28,San Francisco,075,870044,170482,169564,11398,180962,937
2022-07-28,San Joaquin,077,732212,189358,187937,13379,201316,2276
2022-07-28,San Luis Obispo,079,281455,60854,60370,6465,66835,503
2022-07-28,San Mateo,081,765935,160778,159145,9973,169118,726
2022-07-28,Santa Barbara,083,443738,100586,99946,6160,106106,708
2022-07-28,Santa Clara,085,1922200,413995,407392,17848,425240,2381
2022-07-28,Santa Cruz,087,273765,59657,59227,3169,62396,269
2022-07-28,Shasta,089,179085,33659,33454,6947,40401,581
2022-07-28,Sierra,091,2930,296,293,58,351,4
2022-07-28,Siskiyou,093,43540,4934,4997,3172,8169,86
2022-07-28,Solano,095,438530,100640,99034,7348,106382,457
2022-07-28,Sonoma,097,501317,102377,101747,4900,106647,500
2022-07-28,Stanislaus,099,539301,131911,131081,20326,151407,1696
2022-07-28,Sutter,101,95872,22988,22931,2378,25309,228
2022-07-28,Tehama,103,63373,13165,13079,2903,15982,208
2022-07-28,Trinity,105,12862,1347,1340,344,1684,20
2022-07-28,Tulare,107,460477,117115,116640,32814,149454,1514
2022-07-28,Tuolumne,109,53932,14842,14701,870,15571,196
2022-07-28,Ventura,111,848112,199408,198498,14015,212513,1530
2022-07-28,Yolo,113,214977,45745,45511,3913,49424,327
2022-07-28,Yuba,115,75493,17992,17951,1555,19506,124
2022-07-27,Alameda,001,1643700,329555,325669,18406,344075,1938
2022-07-27,Alpine,002,1148,130,130,1,131,0
2022-07-27,Amador,005,37829,9635,9568,844,10412,87
2022-07-27,Butte,007,227075,37606,37146,8464,45610,441
2022-07-27,Calaveras,009,45235,8164,8105,473,8578,130
2022-07-27,Colusa,011,21464,3669,3649,1192,4841,22
2022-07-27,Contra Costa,013,1133247,239219,233236,19203,252439,1374
2022-07-27,Del Norte,015,27424,7159,7161,370,7531,54
2022-07-27,El Dorado,017,186661,31085,30891,4005,34896,222
2022-07-27,Fresno,019,978130,265856,259483,29128,288611,2801
2022-07-27,Glenn,021,27897,5377,5327,1791,7118,48
2022-07-27,Humboldt,023,135768,20596,20406,4388,24794,150
2022-07-27,Imperial,025,180216,62815,62014,13977,75991,948
2022-07-27,Inyo,027,18085,4396,4381,801,5182,57
2022-07-27,Kern,029,883053,211609,209400,56811,266211,2368
2022-07-27,Kings,031,150075,56868,56417,3871,60288,451
2022-07-27,Lake,033,64148,12144,12025,1087,13112,142
2022-07-27,Lassen,035,31185,9558,9509,959,10468,64
2022-07-27,Los Angeles,037,10098052,3140731,3107063,164012,3271075,32392
2022-07-27,Madera,039,155013,41793,41423,7425,48848,372
2022-07-27,Marin,041,260295,43072,42624,4887,47511,300
2022-07-27,Mariposa,043,17540,2953,2927,310,3237,30
2022-07-27,Mendocino,045,87422,15260,15066,4121,19187,131
2022-07-27,Merced,047,269075,69557,68455,10609,79064,838
2022-07-27,Modoc,049,8938,845,840,310,1150,10
2022-07-27,Mono,051,14174,3164,3148,220,3368,7
2022-07-27,Monterey,053,433212,90404,89520,18900,108420,752
2022-07-27,Napa,055,140530,30834,30647,1337,31984,150
2022-07-27,Nevada,057,99092,18246,18134,1668,19802,132
2022-07-27,Orange,059,3164182,638844,632871,57073,689944,7188
2022-07-27,Placer,061,380077,72825,72194,9030,81224,647
2022-07-27,Plumas,063,18699,3498,3472,426,3898,13
2022-07-27,Riverside,065,2383286,665742,659650,32863,692513,6528
2022-07-27,Sacramento,067,1510023,331028,328249,32038,360287,3146
2022-07-27,San Benito,069,59416,15374,15188,836,16024,100
2022-07-27,San Bernardino,071,2135413,642039,629895,28720,658615,7937
2022-07-27,San Diego,073,3302833,884785,876507,67569,944076,5386
2022-07-27,San Francisco,075,870044,170235,168570,11382,179952,931
2022-07-27,San Joaquin,077,732212,189068,187066,13336,200402,2267
2022-07-27,San Luis Obispo,079,281455,60772,60180,6431,66611,502
2022-07-27,San Mateo,081,765935,160530,158343,9964,168307,724
2022-07-27,Santa Barbara,083,443738,100428,99460,6122,105582,707
2022-07-27,Santa Clara,085,1922200,413312,404896,17825,422721,2380
2022-07-27,Santa Cruz,087,273765,59562,58873,3156,62029,269
2022-07-27,Shasta,089,179085,33626,33314,6937,40251,578
2022-07-27,Sierra,091,2930,295,293,58,351,4
2022-07-27,Siskiyou,093,43540,4928,4975,3169,8144,84
2022-07-27,Solano,095,438530,100476,98579,7337,105916,457
2022-07-27,Sonoma,097,501317,102236,101316,4886,106202,499
2022-07-27,Stanislaus,099,539301,131711,130451,20284,150735,1695
2022-07-27,Sutter,101,95872,22952,22811,2372,25183,228
2022-07-27,Tehama,103,63373,13151,13036,2898,15934,207
2022-07-27,Trinity,105,12862,1346,1337,343,1680,20
2022-07-27,Tulare,107,460477,116953,116167,32741,148908,1514
2022-07-27,Tuolumne,109,53932,14812,14594,867,15461,196
2022-07-27,Ventura,111,848112,199128,197572,13950,211522,1527
2022-07-27,Yolo,113,214977,45699,45359,3896,49255,326
2022-07-27,Yuba,115,75493,17968,17873,1547,19420,124
2022-07-26,Alameda,001,1643700,328916,325669,18366,344035,1938
2022-07-26,Alpine,002,1148,130,130,1,131,0
2022-07-26,Amador,005,37829,9626,9568,840,10408,87
2022-07-26,Butte,007,227075,37546,37146,8447,45593,441
2022-07-26,Calaveras,009,45235,8154,8105,471,8576,130
2022-07-26,Colusa,011,21464,3668,3649,1192,4841,22
2022-07-26,Contra Costa,013,1133247,238782,233236,19147,252383,1374
2022-07-26,Del Norte,015,27424,7146,7161,370,7531,54
2022-07-26,El Dorado,017,186661,31041,30891,4000,34891,222
2022-07-26,Fresno,019,978130,265315,259483,29032,288515,2801
2022-07-26,Glenn,021,27897,5374,5327,1787,7114,48
2022-07-26,Humboldt,023,135768,20564,20406,4374,24780,150
2022-07-26,Imperial,025,180216,62695,62014,13896,75910,948
2022-07-26,Inyo,027,18085,4393,4381,799,5180,57
2022-07-26,Kern,029,883053,211289,209400,56588,265988,2368
2022-07-26,Kings,031,150075,56753,56417,3869,60286,451
2022-07-26,Lake,033,64148,12114,12025,1085,13110,142
2022-07-26,Lassen,035,31185,9555,9509,957,10466,64
2022-07-26,Los Angeles,037,10098052,3135705,3107063,163413,3270476,32392
2022-07-26,Madera,039,155013,41729,41423,7399,48822,372
2022-07-26,Marin,041,260295,43006,42624,4876,47500,300
2022-07-26,Mariposa,043,17540,2951,2927,310,3237,30
2022-07-26,Mendocino,045,87422,15236,15066,4110,19176,131
2022-07-26,Merced,047,269075,69465,68455,10584,79039,838
2022-07-26,Modoc,049,8938,843,840,310,1150,10
2022-07-26,Mono,051,14174,3162,3148,219,3367,7
2022-07-26,Monterey,053,433212,90265,89520,18813,108333,752
2022-07-26,Napa,055,140530,30797,30647,1331,31978,150
2022-07-26,Nevada,057,99092,18223,18134,1665,19799,132
2022-07-26,Orange,059,3164182,637743,632871,56848,689719,7188
2022-07-26,Placer,061,380077,72707,72194,9010,81204,647
2022-07-26,Plumas,063,18699,3495,3472,425,3897,13
2022-07-26,Riverside,065,2383286,664711,659650,32784,692434,6528
2022-07-26,Sacramento,067,1510023,330496,328249,31969,360218,3146
2022-07-26,San Benito,069,59416,15344,15188,834,16022,100
2022-07-26,San Bernardino,071,2135413,641046,629895,28651,658546,7937
2022-07-26,San Diego,073,3302833,883096,876507,67377,943884,5386
2022-07-26,San Francisco,075,870044,169946,168570,11367,179937,931
2022-07-26,San Joaquin,077,732212,188773,187066,13276,200342,2267
2022-07-26,San Luis Obispo,079,281455,60693,60180,6404,66584,502
2022-07-26,San Mateo,081,765935,160246,158343,9953,168296,724
2022-07-26,Santa Barbara,083,443738,100249,99460,6099,105559,707
2022-07-26,Santa Clara,085,1922200,412451,404896,17787,422683,2380
2022-07-26,Santa Cruz,087,273765,59458,58873,3139,62012,269
2022-07-26,Shasta,089,179085,33592,33314,6922,40236,578
2022-07-26,Sierra,091,2930,294,293,58,351,4
2022-07-26,Siskiyou,093,43540,4923,4975,3161,8136,84
2022-07-26,Solano,095,438530,100280,98579,7321,105900,457
2022-07-26,Sonoma,097,501317,102087,101316,4858,106174,499
2022-07-26,Stanislaus,099,539301,131498,130451,20259,150710,1695
2022-07-26,Sutter,101,95872,22922,22811,2371,25182,228
2022-07-26,Tehama,103,63373,13132,13036,2894,15930,207
2022-07-26,Trinity,105,12862,1345,1337,341,1678,20
2022-07-26,Tulare,107,460477,116803,116167,32653,148820,1514
2022-07-26,Tuolumne,109,53932,14793,14594,865,15459,196
2022-07-26,Ventura,111,848112,198817,197572,13891,211463,1527
2022-07-26,Yolo,113,214977,45648,45359,3885,49244,326
2022-07-26,Yuba,115,75493,17950,17873,1546,19419,124
2022-07-25,Alameda,001,1643700,328193,325669,18307,343976,1938
2022-07-25,Alpine,002,1148,130,130,1,131,0
2022-07-25,Amador,005,37829,9613,9568,837,10405,87
2022-07-25,Butte,007,227075,37470,37146,8432,45578,441
2022-07-25,Calaveras,009,45235,8143,8105,470,8575,130
2022-07-25,Colusa,011,21464,3667,3649,1189,4838,22
2022-07-25,Contra Costa,013,1133247,238298,233236,19065,252301,1374
2022-07-25,Del Norte,015,27424,7138,7161,369,7530,54
2022-07-25,El Dorado,017,186661,31002,30891,3986,34877,222
2022-07-25,Fresno,019,978130,264721,259483,28928,288411,2801
2022-07-25,Glenn,021,27897,5366,5327,1784,7111,48
2022-07-25,Humboldt,023,135768,20531,20406,4354,24760,150
2022-07-25,Imperial,025,180216,62576,62014,13808,75822,948
2022-07-25,Inyo,027,18085,4391,4381,793,5174,57
2022-07-25,Kern,029,883053,210998,209400,56360,265760,2368
2022-07-25,Kings,031,150075,56617,56417,3859,60276,451
2022-07-25,Lake,033,64148,12093,12025,1083,13108,142
2022-07-25,Lassen,035,31185,9548,9509,956,10465,64
2022-07-25,Los Angeles,037,10098052,3129853,3107063,162849,3269912,32392
2022-07-25,Madera,039,155013,41642,41423,7373,48796,372
2022-07-25,Marin,041,260295,42932,42624,4869,47493,300
2022-07-25,Mariposa,043,17540,2948,2927,307,3234,30
2022-07-25,Mendocino,045,87422,15197,15066,4097,19163,131
2022-07-25,Merced,047,269075,69352,68455,10553,79008,838
2022-07-25,Modoc,049,8938,838,840,308,1148,10
2022-07-25,Mono,051,14174,3160,3148,218,3366,7
2022-07-25,Monterey,053,433212,90109,89520,18703,108223,752
2022-07-25,Napa,055,140530,30753,30647,1330,31977,150
2022-07-25,Nevada,057,99092,18211,18134,1657,19791,132
2022-07-25,Orange,059,3164182,636491,632871,56641,689512,7188
2022-07-25,Placer,061,380077,72624,72194,9004,81198,647
2022-07-25,Plumas,063,18699,3489,3472,424,3896,13
2022-07-25,Riverside,065,2383286,663621,659650,32705,692355,6528
2022-07-25,Sacramento,067,1510023,329963,328249,31906,360155,3146
2022-07-25,San Benito,069,59416,15310,15188,832,16020,100
2022-07-25,San Bernardino,071,2135413,639875,629895,28594,658489,7937
2022-07-25,San Diego,073,3302833,881316,876507,67184,943691,5386
2022-07-25,San Francisco,075,870044,169630,168570,11352,179922,931
2022-07-25,San Joaquin,077,732212,188480,187066,13200,200266,2267
2022-07-25,San Luis Obispo,079,281455,60588,60180,6371,66551,502
2022-07-25,San Mateo,081,765935,159873,158343,9932,168275,724
2022-07-25,Santa Barbara,083,443738,100054,99460,6074,105534,707
2022-07-25,Santa Clara,085,1922200,411557,404896,17701,422597,2380
2022-07-25,Santa Cruz,087,273765,59337,58873,3126,61999,269
2022-07-25,Shasta,089,179085,33539,33314,6914,40228,578
2022-07-25,Sierra,091,2930,293,293,58,351,4
2022-07-25,Siskiyou,093,43540,4920,4975,3152,8127,84
2022-07-25,Solano,095,438530,100033,98579,7306,105885,457
2022-07-25,Sonoma,097,501317,101928,101316,4840,106156,499
2022-07-25,Stanislaus,099,539301,131299,130451,20230,150681,1695
2022-07-25,Sutter,101,95872,22876,22811,2370,25181,228
2022-07-25,Tehama,103,63373,13115,13036,2886,15922,207
2022-07-25,Trinity,105,12862,1343,1337,341,1678,20
2022-07-25,Tulare,107,460477,116592,116167,32555,148722,1514
2022-07-25,Tuolumne,109,53932,14774,14594,865,15459,196
2022-07-25,Ventura,111,848112,198509,197572,13836,211408,1527
2022-07-25,Yolo,113,214977,45584,45359,3869,49228,326
2022-07-25,Yuba,115,75493,17912,17873,1545,19418,124
2022-07-24,Alameda,001,1643700,327389,323165,18261,341426,1933
2022-07-24,Alpine,002,1148,130,130,1,131,0
2022-07-24,Amador,005,37829,9591,9526,834,10360,87
2022-07-24,Butte,007,227075,37405,36994,8404,45398,440
2022-07-24,Calaveras,009,45235,8126,8064,468,8532,128
2022-07-24,Colusa,011,21464,3661,3639,1189,4828,22
2022-07-24,Contra Costa,013,1133247,237766,231714,18985,250699,1363
2022-07-24,Del Norte,015,27424,7119,7128,365,7493,54
2022-07-24,El Dorado,017,186661,30956,30722,3970,34692,222
2022-07-24,Fresno,019,978130,264067,257571,28826,286397,2792
2022-07-24,Glenn,021,27897,5360,5311,1782,7093,48
2022-07-24,Humboldt,023,135768,20498,20283,4337,24620,150
2022-07-24,Imperial,025,180216,62414,61671,13688,75359,948
2022-07-24,Inyo,027,18085,4387,4366,782,5148,57
2022-07-24,Kern,029,883053,210629,208535,56119,264654,2366
2022-07-24,Kings,031,150075,56492,56103,3846,59949,451
2022-07-24,Lake,033,64148,12067,11957,1080,13037,142
2022-07-24,Lassen,035,31185,9521,9504,953,10457,64
2022-07-24,Los Angeles,037,10098052,3123363,3085376,162162,3247538,32340
2022-07-24,Madera,039,155013,41543,41145,7342,48487,372
2022-07-24,Marin,041,260295,42862,42347,4857,47204,300
2022-07-24,Mariposa,043,17540,2945,2897,306,3203,30
2022-07-24,Mendocino,045,87422,15147,14988,4065,19053,131
2022-07-24,Merced,047,269075,69194,68127,10494,78621,837
2022-07-24,Modoc,049,8938,838,829,307,1136,10
2022-07-24,Mono,051,14174,3159,3141,218,3359,7
2022-07-24,Monterey,053,433212,89931,89067,18603,107670,747
2022-07-24,Napa,055,140530,30699,30495,1329,31824,148
2022-07-24,Nevada,057,99092,18192,18073,1648,19721,131
2022-07-24,Orange,059,3164182,635139,627948,56390,684338,7181
2022-07-24,Placer,061,380077,72499,71870,8991,80861,644
2022-07-24,Plumas,063,18699,3488,3464,424,3888,13
2022-07-24,Riverside,065,2383286,662324,655603,32591,688194,6527
2022-07-24,Sacramento,067,1510023,329279,326216,31836,358052,3136
2022-07-24,San Benito,069,59416,15288,15049,831,15880,100
2022-07-24,San Bernardino,071,2135413,638488,626059,28514,654573,7933
2022-07-24,San Diego,073,3302833,879240,870102,66991,937093,5380
2022-07-24,San Francisco,075,870044,169174,167260,11322,178582,931
2022-07-24,San Joaquin,077,732212,188119,186142,13123,199265,2267
2022-07-24,San Luis Obispo,079,281455,60441,59919,6339,66258,500
2022-07-24,San Mateo,081,765935,159530,157266,9911,167177,724
2022-07-24,Santa Barbara,083,443738,99827,98826,6034,104860,706
2022-07-24,Santa Clara,085,1922200,410593,401495,17661,419156,2381
2022-07-24,Santa Cruz,087,273765,59165,58386,3105,61491,268
2022-07-24,Shasta,089,179085,33475,33185,6899,40084,578
2022-07-24,Sierra,091,2930,293,293,58,351,4
2022-07-24,Siskiyou,093,43540,4916,4938,3137,8075,84
2022-07-24,Solano,095,438530,99816,98016,7291,105307,457
2022-07-24,Sonoma,097,501317,101725,100735,4819,105554,499
2022-07-24,Stanislaus,099,539301,131006,129813,20193,150006,1695
2022-07-24,Sutter,101,95872,22825,22687,2367,25054,228
2022-07-24,Tehama,103,63373,13103,12974,2876,15850,207
2022-07-24,Trinity,105,12862,1342,1330,339,1669,20
2022-07-24,Tulare,107,460477,116405,115548,32451,147999,1513
2022-07-24,Tuolumne,109,53932,14740,14514,864,15378,196
2022-07-24,Ventura,111,848112,198100,196127,13734,209861,1525
2022-07-24,Yolo,113,214977,45508,45141,3857,48998,327
2022-07-24,Yuba,115,75493,17885,17770,1543,19313,124
2022-07-23,Alameda,001,1643700,326974,323165,18244,341409,1933
2022-07-23,Alpine,002,1148,130,130,1,131,0
2022-07-23,Amador,005,37829,9581,9526,834,10360,87
2022-07-23,Butte,007,227075,37358,36994,8397,45391,440
2022-07-23,Calaveras,009,45235,8115,8064,468,8532,128
2022-07-23,Colusa,011,21464,3656,3639,1189,4828,22
2022-07-23,Contra Costa,013,1133247,237468,231714,18955,250669,1363
2022-07-23,Del Norte,015,27424,7116,7128,364,7492,54
2022-07-23,El Dorado,017,186661,30938,30722,3968,34690,222
2022-07-23,Fresno,019,978130,263842,257571,28769,286340,2792
2022-07-23,Glenn,021,27897,5358,5311,1780,7091,48
2022-07-23,Humboldt,023,135768,20471,20283,4324,24607,150
2022-07-23,Imperial,025,180216,62351,61671,13667,75338,948
2022-07-23,Inyo,027,18085,4385,4366,781,5147,57
2022-07-23,Kern,029,883053,210461,208535,55976,264511,2366
2022-07-23,Kings,031,150075,56449,56103,3843,59946,451
2022-07-23,Lake,033,64148,12056,11957,1079,13036,142
2022-07-23,Lassen,035,31185,9519,9504,953,10457,64
2022-07-23,Los Angeles,037,10098052,3120520,3085376,161708,3247084,32340
2022-07-23,Madera,039,155013,41481,41145,7336,48481,372
2022-07-23,Marin,041,260295,42787,42347,4847,47194,300
2022-07-23,Mariposa,043,17540,2942,2897,306,3203,30
2022-07-23,Mendocino,045,87422,15127,14988,4058,19046,131
2022-07-23,Merced,047,269075,69123,68127,10479,78606,837
2022-07-23,Modoc,049,8938,838,829,307,1136,10
2022-07-23,Mono,051,14174,3158,3141,218,3359,7
2022-07-23,Monterey,053,433212,89843,89067,18582,107649,747
2022-07-23,Napa,055,140530,30666,30495,1328,31823,148
2022-07-23,Nevada,057,99092,18180,18073,1646,19719,131
2022-07-23,Orange,059,3164182,634438,627948,56188,684136,7181
2022-07-23,Placer,061,380077,72428,71870,8981,80851,644
2022-07-23,Plumas,063,18699,3487,3464,424,3888,13
2022-07-23,Riverside,065,2383286,661617,655603,32551,688154,6527
2022-07-23,Sacramento,067,1510023,329004,326216,31819,358035,3136
2022-07-23,San Benito,069,59416,15280,15049,822,15871,100
2022-07-23,San Bernardino,071,2135413,637860,626059,28471,654530,7933
2022-07-23,San Diego,073,3302833,878416,870102,66930,937032,5380
2022-07-23,San Francisco,075,870044,168982,167260,11306,178566,931
2022-07-23,San Joaquin,077,732212,187963,186142,13100,199242,2267
2022-07-23,San Luis Obispo,079,281455,60412,59919,6328,66247,500
2022-07-23,San Mateo,081,765935,159350,157266,9897,167163,724
2022-07-23,Santa Barbara,083,443738,99728,98826,6003,104829,706
2022-07-23,Santa Clara,085,1922200,409979,401495,17636,419131,2381
2022-07-23,Santa Cruz,087,273765,59114,58386,3093,61479,268
2022-07-23,Shasta,089,179085,33436,33185,6893,40078,578
2022-07-23,Sierra,091,2930,293,293,58,351,4
2022-07-23,Siskiyou,093,43540,4914,4938,3135,8073,84
2022-07-23,Solano,095,438530,99748,98016,7285,105301,457
2022-07-23,Sonoma,097,501317,101637,100735,4809,105544,499
2022-07-23,Stanislaus,099,539301,130875,129813,20157,149970,1695
2022-07-23,Sutter,101,95872,22804,22687,2367,25054,228
2022-07-23,Tehama,103,63373,13089,12974,2873,15847,207
2022-07-23,Trinity,105,12862,1342,1330,338,1668,20
2022-07-23,Tulare,107,460477,116289,115548,32382,147930,1513
2022-07-23,Tuolumne,109,53932,14717,14514,864,15378,196
2022-07-23,Ventura,111,848112,197916,196127,13699,209826,1525
2022-07-23,Yolo,113,214977,45473,45141,3849,48990,327
2022-07-23,Yuba,115,75493,17872,17770,1539,19309,124
2022-07-22,Alameda,001,1643700,326563,323165,18215,341380,1933
2022-07-22,Alpine,002,1148,130,130,1,131,0
2022-07-22,Amador,005,37829,9575,9526,833,10359,87
2022-07-22,Butte,007,227075,37323,36994,8381,45375,440
2022-07-22,Calaveras,009,45235,8106,8064,468,8532,128
2022-07-22,Colusa,011,21464,3655,3639,1185,4824,22
2022-07-22,Contra Costa,013,1133247,237173,231714,18918,250632,1363
2022-07-22,Del Norte,015,27424,7109,7128,364,7492,54
2022-07-22,El Dorado,017,186661,30909,30722,3963,34685,222
2022-07-22,Fresno,019,978130,263560,257571,28720,286291,2792
2022-07-22,Glenn,021,27897,5354,5311,1779,7090,48
2022-07-22,Humboldt,023,135768,20447,20283,4314,24597,150
2022-07-22,Imperial,025,180216,62260,61671,13635,75306,948
2022-07-22,Inyo,027,18085,4385,4366,774,5140,57
2022-07-22,Kern,029,883053,210260,208535,55825,264360,2366
2022-07-22,Kings,031,150075,56413,56103,3842,59945,451
2022-07-22,Lake,033,64148,12042,11957,1077,13034,142
2022-07-22,Lassen,035,31185,9519,9504,953,10457,64
2022-07-22,Los Angeles,037,10098052,3116986,3085376,161258,3246634,32340
2022-07-22,Madera,039,155013,41438,41145,7325,48470,372
2022-07-22,Marin,041,260295,42732,42347,4839,47186,300
2022-07-22,Mariposa,043,17540,2940,2897,306,3203,30
2022-07-22,Mendocino,045,87422,15103,14988,4050,19038,131
2022-07-22,Merced,047,269075,69053,68127,10467,78594,837
2022-07-22,Modoc,049,8938,838,829,307,1136,10
2022-07-22,Mono,051,14174,3157,3141,217,3358,7
2022-07-22,Monterey,053,433212,89753,89067,18548,107615,747
2022-07-22,Napa,055,140530,30635,30495,1328,31823,148
2022-07-22,Nevada,057,99092,18168,18073,1639,19712,131
2022-07-22,Orange,059,3164182,633661,627948,56029,683977,7181
2022-07-22,Placer,061,380077,72382,71870,8973,80843,644
2022-07-22,Plumas,063,18699,3486,3464,424,3888,13
2022-07-22,Riverside,065,2383286,660872,655603,32487,688090,6527
2022-07-22,Sacramento,067,1510023,328647,326216,31795,358011,3136
2022-07-22,San Benito,069,59416,15270,15049,822,15871,100
2022-07-22,San Bernardino,071,2135413,637234,626059,28426,654485,7933
2022-07-22,San Diego,073,3302833,877335,870102,66792,936894,5380
2022-07-22,San Francisco,075,870044,168788,167260,11277,178537,931
2022-07-22,San Joaquin,077,732212,187802,186142,13068,199210,2267
2022-07-22,San Luis Obispo,079,281455,60357,59919,6316,66235,500
2022-07-22,San Mateo,081,765935,159119,157266,9885,167151,724
2022-07-22,Santa Barbara,083,443738,99626,98826,5997,104823,706
2022-07-22,Santa Clara,085,1922200,409325,401495,17609,419104,2381
2022-07-22,Santa Cruz,087,273765,59008,58386,3085,61471,268
2022-07-22,Shasta,089,179085,33405,33185,6888,40073,578
2022-07-22,Sierra,091,2930,293,293,58,351,4
2022-07-22,Siskiyou,093,43540,4911,4938,3132,8070,84
2022-07-22,Solano,095,438530,99610,98016,7271,105287,457
2022-07-22,Sonoma,097,501317,101530,100735,4791,105526,499
2022-07-22,Stanislaus,099,539301,130746,129813,20132,149945,1695
2022-07-22,Sutter,101,95872,22780,22687,2366,25053,228
2022-07-22,Tehama,103,63373,13080,12974,2871,15845,207
2022-07-22,Trinity,105,12862,1340,1330,337,1667,20
2022-07-22,Tulare,107,460477,116175,115548,32325,147873,1513
2022-07-22,Tuolumne,109,53932,14693,14514,860,15374,196
2022-07-22,Ventura,111,848112,197729,196127,13664,209791,1525
2022-07-22,Yolo,113,214977,45419,45141,3832,48973,327
2022-07-22,Yuba,115,75493,17858,17770,1537,19307,124
2022-07-21,Alameda,001,1643700,325887,323165,18168,341333,1933
2022-07-21,Alpine,002,1148,130,130,1,131,0
2022-07-21,Amador,005,37829,9568,9526,831,10357,87
2022-07-21,Butte,007,227075,37283,36994,8361,45355,440
2022-07-21,Calaveras,009,45235,8091,8064,466,8530,128
2022-07-21,Colusa,011,21464,3651,3639,1183,4822,22
2022-07-21,Contra Costa,013,1133247,236791,231714,18860,250574,1363
2022-07-21,Del Norte,015,27424,7099,7128,364,7492,54
2022-07-21,El Dorado,017,186661,30858,30722,3960,34682,222
2022-07-21,Fresno,019,978130,263085,257571,28636,286207,2792
2022-07-21,Glenn,021,27897,5348,5311,1779,7090,48
2022-07-21,Humboldt,023,135768,20416,20283,4291,24574,150
2022-07-21,Imperial,025,180216,62147,61671,13539,75210,948
2022-07-21,Inyo,027,18085,4381,4366,767,5133,57
2022-07-21,Kern,029,883053,209986,208535,55641,264176,2366
2022-07-21,Kings,031,150075,56340,56103,3829,59932,451
2022-07-21,Lake,033,64148,12029,11957,1074,13031,142
2022-07-21,Lassen,035,31185,9516,9504,953,10457,64
2022-07-21,Los Angeles,037,10098052,3111370,3085376,160645,3246021,32340
2022-07-21,Madera,039,155013,41360,41145,7303,48448,372
2022-07-21,Marin,041,260295,42667,42347,4835,47182,300
2022-07-21,Mariposa,043,17540,2936,2897,305,3202,30
2022-07-21,Mendocino,045,87422,15077,14988,4044,19032,131
2022-07-21,Merced,047,269075,68948,68127,10442,78569,837
2022-07-21,Modoc,049,8938,836,829,307,1136,10
2022-07-21,Mono,051,14174,3153,3141,216,3357,7
2022-07-21,Monterey,053,433212,89629,89067,18473,107540,747
2022-07-21,Napa,055,140530,30590,30495,1328,31823,148
2022-07-21,Nevada,057,99092,18149,18073,1633,19706,131
2022-07-21,Orange,059,3164182,632532,627948,55799,683747,7181
2022-07-21,Placer,061,380077,72275,71870,8950,80820,644
2022-07-21,Plumas,063,18699,3485,3464,424,3888,13
2022-07-21,Riverside,065,2383286,659809,655603,32413,688016,6527
2022-07-21,Sacramento,067,1510023,328134,326216,31756,357972,3136
2022-07-21,San Benito,069,59416,15228,15049,819,15868,100
2022-07-21,San Bernardino,071,2135413,636208,626059,28361,654420,7933
2022-07-21,San Diego,073,3302833,875652,870102,66597,936699,5380
2022-07-21,San Francisco,075,870044,168433,167260,11225,178485,931
2022-07-21,San Joaquin,077,732212,187547,186142,13020,199162,2267
2022-07-21,San Luis Obispo,079,281455,60300,59919,6286,66205,500
2022-07-21,San Mateo,081,765935,158817,157266,9870,167136,724
2022-07-21,Santa Barbara,083,443738,99465,98826,5977,104803,706
2022-07-21,Santa Clara,085,1922200,408521,401495,17571,419066,2381
2022-07-21,Santa Cruz,087,273765,58890,58386,3070,61456,268
2022-07-21,Shasta,089,179085,33356,33185,6874,40059,578
2022-07-21,Sierra,091,2930,293,293,58,351,4
2022-07-21,Siskiyou,093,43540,4905,4938,3126,8064,84
2022-07-21,Solano,095,438530,99462,98016,7263,105279,457
2022-07-21,Sonoma,097,501317,101386,100735,4777,105512,499
2022-07-21,Stanislaus,099,539301,130556,129813,20108,149921,1695
2022-07-21,Sutter,101,95872,22753,22687,2364,25051,228
2022-07-21,Tehama,103,63373,13063,12974,2860,15834,207
2022-07-21,Trinity,105,12862,1336,1330,337,1667,20
2022-07-21,Tulare,107,460477,116014,115548,32253,147801,1513
2022-07-21,Tuolumne,109,53932,14660,14514,857,15371,196
2022-07-21,Ventura,111,848112,197403,196127,13574,209701,1525
2022-07-21,Yolo,113,214977,45357,45141,3819,48960,327
2022-07-21,Yuba,115,75493,17829,17770,1534,19304,124
2022-07-20,Alameda,001,1643700,325205,321347,18124,339471,1915
2022-07-20,Alpine,002,1148,130,130,1,131,0
2022-07-20,Amador,005,37829,9550,9478,829,10307,87
2022-07-20,Butte,007,227075,37234,36820,8341,45161,440
2022-07-20,Calaveras,009,45235,8082,8035,465,8500,126
2022-07-20,Colusa,011,21464,3647,3627,1181,4808,22
2022-07-20,Contra Costa,013,1133247,236391,230356,18811,249167,1362
2022-07-20,Del Norte,015,27424,7090,7081,364,7445,54
2022-07-20,El Dorado,017,186661,30827,30628,3950,34578,221
2022-07-20,Fresno,019,978130,262568,256217,28563,284780,2790
2022-07-20,Glenn,021,27897,5344,5287,1776,7063,48
2022-07-20,Humboldt,023,135768,20377,20149,4273,24422,150
2022-07-20,Imperial,025,180216,62002,61170,13444,74614,944
2022-07-20,Inyo,027,18085,4379,4355,762,5117,56
2022-07-20,Kern,029,883053,209691,207603,55451,263054,2366
2022-07-20,Kings,031,150075,56255,55836,3818,59654,449
2022-07-20,Lake,033,64148,12008,11895,1069,12964,142
2022-07-20,Lassen,035,31185,9507,9455,953,10408,64
2022-07-20,Los Angeles,037,10098052,3105758,3068779,160022,3228801,32292
2022-07-20,Madera,039,155013,41288,40902,7283,48185,372
2022-07-20,Marin,041,260295,42587,42153,4828,46981,300
2022-07-20,Mariposa,043,17540,2921,2884,303,3187,30
2022-07-20,Mendocino,045,87422,15062,14890,4032,18922,131
2022-07-20,Merced,047,269075,68848,67775,10418,78193,833
2022-07-20,Modoc,049,8938,835,799,306,1105,9
2022-07-20,Mono,051,14174,3150,3138,213,3351,7
2022-07-20,Monterey,053,433212,89491,88606,18392,106998,747
2022-07-20,Napa,055,140530,30552,30353,1326,31679,145
2022-07-20,Nevada,057,99092,18123,18020,1627,19647,131
2022-07-20,Orange,059,3164182,631260,624998,55557,680555,7173
2022-07-20,Placer,061,380077,72193,71614,8932,80546,639
2022-07-20,Plumas,063,18699,3479,3433,423,3856,13
2022-07-20,Riverside,065,2383286,658708,652192,32315,684507,6510
2022-07-20,Sacramento,067,1510023,327585,324765,31708,356473,3123
2022-07-20,San Benito,069,59416,15196,14966,816,15782,100
2022-07-20,San Bernardino,071,2135413,635162,622760,28297,651057,7921
2022-07-20,San Diego,073,3302833,873821,864434,66413,930847,5375
2022-07-20,San Francisco,075,870044,168104,166241,11207,177448,929
2022-07-20,San Joaquin,077,732212,187259,185319,12963,198282,2262
2022-07-20,San Luis Obispo,079,281455,60230,59727,6257,65984,499
2022-07-20,San Mateo,081,765935,158518,156191,9850,166041,724
2022-07-20,Santa Barbara,083,443738,99285,98322,5950,104272,703
2022-07-20,Santa Clara,085,1922200,407715,398816,17533,416349,2374
2022-07-20,Santa Cruz,087,273765,58776,58004,3057,61061,267
2022-07-20,Shasta,089,179085,33315,33017,6867,39884,576
2022-07-20,Sierra,091,2930,293,292,58,350,4
2022-07-20,Siskiyou,093,43540,4893,4921,3120,8041,84
2022-07-20,Solano,095,438530,99293,97577,7241,104818,459
2022-07-20,Sonoma,097,501317,101198,100304,4764,105068,499
2022-07-20,Stanislaus,099,539301,130389,129200,20064,149264,1695
2022-07-20,Sutter,101,95872,22718,22592,2361,24953,228
2022-07-20,Tehama,103,63373,13047,12923,2856,15779,205
2022-07-20,Trinity,105,12862,1336,1319,336,1655,20
2022-07-20,Tulare,107,460477,115828,115073,32142,147215,1510
2022-07-20,Tuolumne,109,53932,14634,14389,856,15245,196
2022-07-20,Ventura,111,848112,197084,195189,13501,208690,1522
2022-07-20,Yolo,113,214977,45301,44950,3808,48758,325
2022-07-20,Yuba,115,75493,17805,17661,1533,19194,124
2022-07-19,Alameda,001,1643700,324529,321347,18100,339447,1915
2022-07-19,Alpine,002,1148,130,130,1,131,0
2022-07-19,Amador,005,37829,9538,9478,825,10303,87
2022-07-19,Butte,007,227075,37181,36820,8327,45147,440
2022-07-19,Calaveras,009,45235,8072,8035,465,8500,126
2022-07-19,Colusa,011,21464,3644,3627,1177,4804,22
2022-07-19,Contra Costa,013,1133247,235940,230356,18754,249110,1362
2022-07-19,Del Norte,015,27424,7082,7081,363,7444,54
2022-07-19,El Dorado,017,186661,30784,30628,3941,34569,221
2022-07-19,Fresno,019,978130,261959,256217,28473,284690,2790
2022-07-19,Glenn,021,27897,5337,5287,1775,7062,48
2022-07-19,Humboldt,023,135768,20342,20149,4259,24408,150
2022-07-19,Imperial,025,180216,61868,61170,13354,74524,944
2022-07-19,Inyo,027,18085,4377,4355,760,5115,56
2022-07-19,Kern,029,883053,209412,207603,55259,262862,2366
2022-07-19,Kings,031,150075,56152,55836,3799,59635,449
2022-07-19,Lake,033,64148,11987,11895,1061,12956,142
2022-07-19,Lassen,035,31185,9499,9455,953,10408,64
2022-07-19,Los Angeles,037,10098052,3099580,3068779,159320,3228099,32292
2022-07-19,Madera,039,155013,41209,40902,7260,48162,372
2022-07-19,Marin,041,260295,42524,42153,4815,46968,300
2022-07-19,Mariposa,043,17540,2916,2884,302,3186,30
2022-07-19,Mendocino,045,87422,15030,14890,4021,18911,131
2022-07-19,Merced,047,269075,68743,67775,10386,78161,833
2022-07-19,Modoc,049,8938,834,799,306,1105,9
2022-07-19,Mono,051,14174,3146,3138,213,3351,7
2022-07-19,Monterey,053,433212,89340,88606,18311,106917,747
2022-07-19,Napa,055,140530,30496,30353,1322,31675,145
2022-07-19,Nevada,057,99092,18109,18020,1620,19640,131
2022-07-19,Orange,059,3164182,629968,624998,55307,680305,7173
2022-07-19,Placer,061,380077,72105,71614,8915,80529,639
2022-07-19,Plumas,063,18699,3473,3433,421,3854,13
2022-07-19,Riverside,065,2383286,657396,652192,32220,684412,6510
2022-07-19,Sacramento,067,1510023,326955,324765,31667,356432,3123
2022-07-19,San Benito,069,59416,15152,14966,814,15780,100
2022-07-19,San Bernardino,071,2135413,634042,622760,28224,650984,7921
2022-07-19,San Diego,073,3302833,871732,864434,66166,930600,5375
2022-07-19,San Francisco,075,870044,167752,166241,11188,177429,929
2022-07-19,San Joaquin,077,732212,186977,185319,12901,198220,2262
2022-07-19,San Luis Obispo,079,281455,60146,59727,6219,65946,499
2022-07-19,San Mateo,081,765935,158220,156191,9827,166018,724
2022-07-19,Santa Barbara,083,443738,99074,98322,5928,104250,703
2022-07-19,Santa Clara,085,1922200,406764,398816,17481,416297,2374
2022-07-19,Santa Cruz,087,273765,58654,58004,3042,61046,267
2022-07-19,Shasta,089,179085,33283,33017,6853,39870,576
2022-07-19,Sierra,091,2930,293,292,58,350,4
2022-07-19,Siskiyou,093,43540,4888,4921,3113,8034,84
2022-07-19,Solano,095,438530,99067,97577,7214,104791,459
2022-07-19,Sonoma,097,501317,101041,100304,4736,105040,499
2022-07-19,Stanislaus,099,539301,130146,129200,20032,149232,1695
2022-07-19,Sutter,101,95872,22688,22592,2358,24950,228
2022-07-19,Tehama,103,63373,13033,12923,2849,15772,205
2022-07-19,Trinity,105,12862,1333,1319,335,1654,20
2022-07-19,Tulare,107,460477,115642,115073,32035,147108,1510
2022-07-19,Tuolumne,109,53932,14610,14389,847,15236,196
2022-07-19,Ventura,111,848112,196739,195189,13423,208612,1522
2022-07-19,Yolo,113,214977,45241,44950,3798,48748,325
2022-07-19,Yuba,115,75493,17772,17661,1532,19193,124
2022-07-18,Alameda,001,1643700,323787,321347,18068,339415,1915
2022-07-18,Alpine,002,1148,130,130,1,131,0
2022-07-18,Amador,005,37829,9523,9478,825,10303,87
2022-07-18,Butte,007,227075,37111,36820,8314,45134,440
2022-07-18,Calaveras,009,45235,8061,8035,462,8497,126
2022-07-18,Colusa,011,21464,3641,3627,1171,4798,22
2022-07-18,Contra Costa,013,1133247,235475,230356,18683,249039,1362
2022-07-18,Del Norte,015,27424,7071,7081,361,7442,54
2022-07-18,El Dorado,017,186661,30732,30628,3932,34560,221
2022-07-18,Fresno,019,978130,261368,256217,28392,284609,2790
2022-07-18,Glenn,021,27897,5335,5287,1775,7062,48
2022-07-18,Humboldt,023,135768,20301,20149,4239,24388,150
2022-07-18,Imperial,025,180216,61703,61170,13257,74427,944
2022-07-18,Inyo,027,18085,4373,4355,759,5114,56
2022-07-18,Kern,029,883053,209099,207603,55006,262609,2366
2022-07-18,Kings,031,150075,56045,55836,3791,59627,449
2022-07-18,Lake,033,64148,11965,11895,1055,12950,142
2022-07-18,Lassen,035,31185,9495,9455,952,10407,64
2022-07-18,Los Angeles,037,10098052,3092738,3068779,158655,3227434,32292
2022-07-18,Madera,039,155013,41103,40902,7232,48134,372
2022-07-18,Marin,041,260295,42443,42153,4805,46958,300
2022-07-18,Mariposa,043,17540,2908,2884,301,3185,30
2022-07-18,Mendocino,045,87422,15001,14890,4010,18900,131
2022-07-18,Merced,047,269075,68621,67775,10360,78135,833
2022-07-18,Modoc,049,8938,833,799,306,1105,9
2022-07-18,Mono,051,14174,3145,3138,213,3351,7
2022-07-18,Monterey,053,433212,89176,88606,18231,106837,747
2022-07-18,Napa,055,140530,30456,30353,1319,31672,145
2022-07-18,Nevada,057,99092,18095,18020,1608,19628,131
2022-07-18,Orange,059,3164182,628486,624998,55040,680038,7173
2022-07-18,Placer,061,380077,72018,71614,8899,80513,639
2022-07-18,Plumas,063,18699,3464,3433,420,3853,13
2022-07-18,Riverside,065,2383286,656109,652192,32110,684302,6510
2022-07-18,Sacramento,067,1510023,326334,324765,31610,356375,3123
2022-07-18,San Benito,069,59416,15113,14966,809,15775,100
2022-07-18,San Bernardino,071,2135413,632778,622760,28152,650912,7921
2022-07-18,San Diego,073,3302833,869415,864434,65894,930328,5375
2022-07-18,San Francisco,075,870044,167332,166241,11163,177404,929
2022-07-18,San Joaquin,077,732212,186643,185319,12842,198161,2262
2022-07-18,San Luis Obispo,079,281455,60050,59727,6194,65921,499
2022-07-18,San Mateo,081,765935,157844,156191,9807,165998,724
2022-07-18,Santa Barbara,083,443738,98876,98322,5907,104229,703
2022-07-18,Santa Clara,085,1922200,405782,398816,17429,416245,2374
2022-07-18,Santa Cruz,087,273765,58505,58004,3030,61034,267
2022-07-18,Shasta,089,179085,33234,33017,6837,39854,576
2022-07-18,Sierra,091,2930,293,292,58,350,4
2022-07-18,Siskiyou,093,43540,4884,4921,3106,8027,84
2022-07-18,Solano,095,438530,98832,97577,7193,104770,459
2022-07-18,Sonoma,097,501317,100862,100304,4718,105022,499
2022-07-18,Stanislaus,099,539301,129923,129200,19993,149193,1695
2022-07-18,Sutter,101,95872,22654,22592,2358,24950,228
2022-07-18,Tehama,103,63373,13012,12923,2849,15772,205
2022-07-18,Trinity,105,12862,1331,1319,334,1653,20
2022-07-18,Tulare,107,460477,115450,115073,31947,147020,1510
2022-07-18,Tuolumne,109,53932,14574,14389,845,15234,196
2022-07-18,Ventura,111,848112,196356,195189,13350,208539,1522
2022-07-18,Yolo,113,214977,45171,44950,3787,48737,325
2022-07-18,Yuba,115,75493,17737,17661,1523,19184,124
2022-07-17,Alameda,001,1643700,322881,318442,18010,336452,1911
2022-07-17,Alpine,002,1148,130,130,1,131,0
2022-07-17,Amador,005,37829,9514,9437,821,10258,87
2022-07-17,Butte,007,227075,37050,36644,8292,44936,440
2022-07-17,Calaveras,009,45235,8045,7994,452,8446,126
2022-07-17,Colusa,011,21464,3635,3617,1165,4782,22
2022-07-17,Contra Costa,013,1133247,234911,228634,18609,247243,1356
2022-07-17,Del Norte,015,27424,7044,6860,359,7219,54
2022-07-17,El Dorado,017,186661,30684,30461,3918,34379,219
2022-07-17,Fresno,019,978130,260674,254088,28285,282373,2790
2022-07-17,Glenn,021,27897,5329,5273,1773,7046,48
2022-07-17,Humboldt,023,135768,20245,20016,4222,24238,150
2022-07-17,Imperial,025,180216,61508,60550,13112,73662,944
2022-07-17,Inyo,027,18085,4363,4343,755,5098,56
2022-07-17,Kern,029,883053,208599,206466,54775,261241,2364
2022-07-17,Kings,031,150075,55907,55432,3768,59200,449
2022-07-17,Lake,033,64148,11933,11835,1051,12886,141
2022-07-17,Lassen,035,31185,9469,9425,948,10373,64
2022-07-17,Los Angeles,037,10098052,3085423,3042708,157860,3200568,32248
2022-07-17,Madera,039,155013,40993,40627,7187,47814,372
2022-07-17,Marin,041,260295,42345,41829,4798,46627,300
2022-07-17,Mariposa,043,17540,2901,2866,301,3167,30
2022-07-17,Mendocino,045,87422,14961,14799,3992,18791,131
2022-07-17,Merced,047,269075,68485,67416,10320,77736,833
2022-07-17,Modoc,049,8938,830,799,306,1105,9
2022-07-17,Mono,051,14174,3143,3131,209,3340,7
2022-07-17,Monterey,053,433212,88983,88118,18161,106279,747
2022-07-17,Napa,055,140530,30397,30176,1318,31494,145
2022-07-17,Nevada,057,99092,18068,17941,1600,19541,131
2022-07-17,Orange,059,3164182,626905,620414,54760,675174,7161
2022-07-17,Placer,061,380077,71929,71232,8880,80112,637
2022-07-17,Plumas,063,18699,3449,3406,420,3826,13
2022-07-17,Riverside,065,2383286,654643,647328,31994,679322,6508
2022-07-17,Sacramento,067,1510023,325669,322788,31552,354340,3119
2022-07-17,San Benito,069,59416,15087,14869,803,15672,100
2022-07-17,San Bernardino,071,2135413,631348,618482,28042,646524,7914
2022-07-17,San Diego,073,3302833,867037,857262,65691,922953,5370
2022-07-17,San Francisco,075,870044,166868,164853,11119,175972,928
2022-07-17,San Joaquin,077,732212,186266,184187,12762,196949,2262
2022-07-17,San Luis Obispo,079,281455,59931,59437,6155,65592,499
2022-07-17,San Mateo,081,765935,157473,154961,9786,164747,723
2022-07-17,Santa Barbara,083,443738,98607,97600,5880,103480,702
2022-07-17,Santa Clara,085,1922200,404720,395466,17374,412840,2371
2022-07-17,Santa Cruz,087,273765,58308,57531,3012,60543,267
2022-07-17,Shasta,089,179085,33181,32871,6811,39682,575
2022-07-17,Sierra,091,2930,293,291,58,349,4
2022-07-17,Siskiyou,093,43540,4878,4899,3092,7991,83
2022-07-17,Solano,095,438530,98630,96974,7168,104142,457
2022-07-17,Sonoma,097,501317,100668,99679,4700,104379,499
2022-07-17,Stanislaus,099,539301,129657,128436,19956,148392,1692
2022-07-17,Sutter,101,95872,22601,22452,2355,24807,228
2022-07-17,Tehama,103,63373,12988,12860,2841,15701,205
2022-07-17,Trinity,105,12862,1328,1304,332,1636,20
2022-07-17,Tulare,107,460477,115227,114399,31854,146253,1510
2022-07-17,Tuolumne,109,53932,14541,14280,837,15117,196
2022-07-17,Ventura,111,848112,195898,193965,13233,207198,1519
2022-07-17,Yolo,113,214977,45095,44703,3770,48473,324
2022-07-17,Yuba,115,75493,17697,17567,1513,19080,124
2022-07-16,Alameda,001,1643700,322463,318442,17992,336434,1911
2022-07-16,Alpine,002,1148,130,130,1,131,0
2022-07-16,Amador,005,37829,9506,9437,821,10258,87
2022-07-16,Butte,007,227075,37029,36644,8277,44921,440
2022-07-16,Calaveras,009,45235,8040,7994,446,8440,126
2022-07-16,Colusa,011,21464,3631,3617,1161,4778,22
2022-07-16,Contra Costa,013,1133247,234602,228634,18556,247190,1356
2022-07-16,Del Norte,015,27424,7032,6860,359,7219,54
2022-07-16,El Dorado,017,186661,30663,30461,3916,34377,219
2022-07-16,Fresno,019,978130,260384,254088,28242,282330,2790
2022-07-16,Glenn,021,27897,5324,5273,1770,7043,48
2022-07-16,Humboldt,023,135768,20214,20016,4210,24226,150
2022-07-16,Imperial,025,180216,61423,60550,13068,73618,944
2022-07-16,Inyo,027,18085,4362,4343,754,5097,56
2022-07-16,Kern,029,883053,208427,206466,54607,261073,2364
2022-07-16,Kings,031,150075,55867,55432,3764,59196,449
2022-07-16,Lake,033,64148,11917,11835,1051,12886,141
2022-07-16,Lassen,035,31185,9467,9425,947,10372,64
2022-07-16,Los Angeles,037,10098052,3081948,3042708,157383,3200091,32248
2022-07-16,Madera,039,155013,40950,40627,7174,47801,372
2022-07-16,Marin,041,260295,42309,41829,4791,46620,300
2022-07-16,Mariposa,043,17540,2899,2866,301,3167,30
2022-07-16,Mendocino,045,87422,14953,14799,3989,18788,131
2022-07-16,Merced,047,269075,68396,67416,10309,77725,833
2022-07-16,Modoc,049,8938,830,799,306,1105,9
2022-07-16,Mono,051,14174,3142,3131,208,3339,7
2022-07-16,Monterey,053,433212,88889,88118,18119,106237,747
2022-07-16,Napa,055,140530,30368,30176,1316,31492,145
2022-07-16,Nevada,057,99092,18054,17941,1593,19534,131
2022-07-16,Orange,059,3164182,626178,620414,54602,675016,7161
2022-07-16,Placer,061,380077,71844,71232,8864,80096,637
2022-07-16,Plumas,063,18699,3445,3406,419,3825,13
2022-07-16,Riverside,065,2383286,653854,647328,31943,679271,6508
2022-07-16,Sacramento,067,1510023,325396,322788,31537,354325,3119
2022-07-16,San Benito,069,59416,15070,14869,799,15668,100
2022-07-16,San Bernardino,071,2135413,630602,618482,27980,646462,7914
2022-07-16,San Diego,073,3302833,866127,857262,65606,922868,5370
2022-07-16,San Francisco,075,870044,166684,164853,11103,175956,928
2022-07-16,San Joaquin,077,732212,186107,184187,12732,196919,2262
2022-07-16,San Luis Obispo,079,281455,59903,59437,6135,65572,499
2022-07-16,San Mateo,081,765935,157231,154961,9776,164737,723
2022-07-16,Santa Barbara,083,443738,98491,97600,5860,103460,702
2022-07-16,Santa Clara,085,1922200,404050,395466,17348,412814,2371
2022-07-16,Santa Cruz,087,273765,58236,57531,3007,60538,267
2022-07-16,Shasta,089,179085,33161,32871,6807,39678,575
2022-07-16,Sierra,091,2930,293,291,58,349,4
2022-07-16,Siskiyou,093,43540,4877,4899,3087,7986,83
2022-07-16,Solano,095,438530,98555,96974,7151,104125,457
2022-07-16,Sonoma,097,501317,100581,99679,4689,104368,499
2022-07-16,Stanislaus,099,539301,129526,128436,19922,148358,1692
2022-07-16,Sutter,101,95872,22578,22452,2354,24806,228
2022-07-16,Tehama,103,63373,12979,12860,2836,15696,205
2022-07-16,Trinity,105,12862,1326,1304,332,1636,20
2022-07-16,Tulare,107,460477,115121,114399,31794,146193,1510
2022-07-16,Tuolumne,109,53932,14517,14280,837,15117,196
2022-07-16,Ventura,111,848112,195672,193965,13192,207157,1519
2022-07-16,Yolo,113,214977,45049,44703,3757,48460,324
2022-07-16,Yuba,115,75493,17673,17567,1513,19080,124
2022-07-15,Alameda,001,1643700,322000,318442,17957,336399,1911
2022-07-15,Alpine,002,1148,130,130,1,131,0
2022-07-15,Amador,005,37829,9503,9437,820,10257,87
2022-07-15,Butte,007,227075,36990,36644,8272,44916,440
2022-07-15,Calaveras,009,45235,8034,7994,442,8436,126
2022-07-15,Colusa,011,21464,3629,3617,1159,4776,22
2022-07-15,Contra Costa,013,1133247,234326,228634,18505,247139,1356
2022-07-15,Del Norte,015,27424,7021,6860,356,7216,54
2022-07-15,El Dorado,017,186661,30635,30461,3913,34374,219
2022-07-15,Fresno,019,978130,259987,254088,28177,282265,2790
2022-07-15,Glenn,021,27897,5321,5273,1767,7040,48
2022-07-15,Humboldt,023,135768,20190,20016,4198,24214,150
2022-07-15,Imperial,025,180216,61350,60550,13026,73576,944
2022-07-15,Inyo,027,18085,4357,4343,749,5092,56
2022-07-15,Kern,029,883053,208211,206466,54436,260902,2364
2022-07-15,Kings,031,150075,55803,55432,3757,59189,449
2022-07-15,Lake,033,64148,11905,11835,1048,12883,141
2022-07-15,Lassen,035,31185,9465,9425,945,10370,64
2022-07-15,Los Angeles,037,10098052,3077755,3042708,156864,3199572,32248
2022-07-15,Madera,039,155013,40887,40627,7155,47782,372
2022-07-15,Marin,041,260295,42249,41829,4780,46609,300
2022-07-15,Mariposa,043,17540,2896,2866,300,3166,30
2022-07-15,Mendocino,045,87422,14929,14799,3984,18783,131
2022-07-15,Merced,047,269075,68332,67416,10297,77713,833
2022-07-15,Modoc,049,8938,829,799,306,1105,9
2022-07-15,Mono,051,14174,3140,3131,207,3338,7
2022-07-15,Monterey,053,433212,88775,88118,18092,106210,747
2022-07-15,Napa,055,140530,30336,30176,1315,31491,145
2022-07-15,Nevada,057,99092,18042,17941,1591,19532,131
2022-07-15,Orange,059,3164182,625336,620414,54426,674840,7161
2022-07-15,Placer,061,380077,71771,71232,8838,80070,637
2022-07-15,Plumas,063,18699,3438,3406,417,3823,13
2022-07-15,Riverside,065,2383286,653028,647328,31881,679209,6508
2022-07-15,Sacramento,067,1510023,325026,322788,31513,354301,3119
2022-07-15,San Benito,069,59416,15055,14869,799,15668,100
2022-07-15,San Bernardino,071,2135413,629853,618482,27939,646421,7914
2022-07-15,San Diego,073,3302833,864854,857262,65441,922703,5370
2022-07-15,San Francisco,075,870044,166429,164853,11063,175916,928
2022-07-15,San Joaquin,077,732212,185928,184187,12687,196874,2262
2022-07-15,San Luis Obispo,079,281455,59871,59437,6123,65560,499
2022-07-15,San Mateo,081,765935,156993,154961,9759,164720,723
2022-07-15,Santa Barbara,083,443738,98362,97600,5853,103453,702
2022-07-15,Santa Clara,085,1922200,403366,395466,17319,412785,2371
2022-07-15,Santa Cruz,087,273765,58146,57531,2995,60526,267
2022-07-15,Shasta,089,179085,33138,32871,6800,39671,575
2022-07-15,Sierra,091,2930,293,291,58,349,4
2022-07-15,Siskiyou,093,43540,4877,4899,3085,7984,83
2022-07-15,Solano,095,438530,98406,96974,7139,104113,457
2022-07-15,Sonoma,097,501317,100458,99679,4680,104359,499
2022-07-15,Stanislaus,099,539301,129403,128436,19901,148337,1692
2022-07-15,Sutter,101,95872,22551,22452,2353,24805,228
2022-07-15,Tehama,103,63373,12972,12860,2828,15688,205
2022-07-15,Trinity,105,12862,1322,1304,332,1636,20
2022-07-15,Tulare,107,460477,114970,114399,31709,146108,1510
2022-07-15,Tuolumne,109,53932,14474,14280,834,15114,196
2022-07-15,Ventura,111,848112,195446,193965,13153,207118,1519
2022-07-15,Yolo,113,214977,45003,44703,3746,48449,324
2022-07-15,Yuba,115,75493,17647,17567,1513,19080,124
2022-07-14,Alameda,001,1643700,321234,318442,17895,336337,1911
2022-07-14,Alpine,002,1148,130,130,1,131,0
2022-07-14,Amador,005,37829,9490,9437,814,10251,87
2022-07-14,Butte,007,227075,36950,36644,8266,44910,440
2022-07-14,Calaveras,009,45235,8027,7994,438,8432,126
2022-07-14,Colusa,011,21464,3629,3617,1157,4774,22
2022-07-14,Contra Costa,013,1133247,233882,228634,18418,247052,1356
2022-07-14,Del Norte,015,27424,6999,6860,354,7214,54
2022-07-14,El Dorado,017,186661,30599,30461,3904,34365,219
2022-07-14,Fresno,019,978130,259449,254088,28081,282169,2790
2022-07-14,Glenn,021,27897,5312,5273,1764,7037,48
2022-07-14,Humboldt,023,135768,20150,20016,4183,24199,150
2022-07-14,Imperial,025,180216,61171,60550,12911,73461,944
2022-07-14,Inyo,027,18085,4355,4343,744,5087,56
2022-07-14,Kern,029,883053,207882,206466,54237,260703,2364
2022-07-14,Kings,031,150075,55709,55432,3746,59178,449
2022-07-14,Lake,033,64148,11889,11835,1046,12881,141
2022-07-14,Lassen,035,31185,9460,9425,944,10369,64
2022-07-14,Los Angeles,037,10098052,3071564,3042708,156148,3198856,32248
2022-07-14,Madera,039,155013,40813,40627,7097,47724,372
2022-07-14,Marin,041,260295,42158,41829,4774,46603,300
2022-07-14,Mariposa,043,17540,2890,2866,295,3161,30
2022-07-14,Mendocino,045,87422,14915,14799,3978,18777,131
2022-07-14,Merced,047,269075,68239,67416,10270,77686,833
2022-07-14,Modoc,049,8938,829,799,306,1105,9
2022-07-14,Mono,051,14174,3139,3131,207,3338,7
2022-07-14,Monterey,053,433212,88658,88118,18014,106132,747
2022-07-14,Napa,055,140530,30292,30176,1311,31487,145
2022-07-14,Nevada,057,99092,18017,17941,1582,19523,131
2022-07-14,Orange,059,3164182,624066,620414,54190,674604,7161
2022-07-14,Placer,061,380077,71661,71232,8817,80049,637
2022-07-14,Plumas,063,18699,3429,3406,416,3822,13
2022-07-14,Riverside,065,2383286,651793,647328,31807,679135,6508
2022-07-14,Sacramento,067,1510023,324474,322788,31469,354257,3119
2022-07-14,San Benito,069,59416,15025,14869,795,15664,100
2022-07-14,San Bernardino,071,2135413,628697,618482,27861,646343,7914
2022-07-14,San Diego,073,3302833,862976,857262,65211,922473,5370
2022-07-14,San Francisco,075,870044,166085,164853,11016,175869,928
2022-07-14,San Joaquin,077,732212,185614,184187,12645,196832,2262
2022-07-14,San Luis Obispo,079,281455,59784,59437,6077,65514,499
2022-07-14,San Mateo,081,765935,156702,154961,9738,164699,723
2022-07-14,Santa Barbara,083,443738,98183,97600,5841,103441,702
2022-07-14,Santa Clara,085,1922200,402508,395466,17276,412742,2371
2022-07-14,Santa Cruz,087,273765,58054,57531,2981,60512,267
2022-07-14,Shasta,089,179085,33091,32871,6788,39659,575
2022-07-14,Sierra,091,2930,293,291,58,349,4
2022-07-14,Siskiyou,093,43540,4870,4899,3077,7976,83
2022-07-14,Solano,095,438530,98223,96974,7126,104100,457
2022-07-14,Sonoma,097,501317,100325,99679,4657,104336,499
2022-07-14,Stanislaus,099,539301,129196,128436,19867,148303,1692
2022-07-14,Sutter,101,95872,22525,22452,2352,24804,228
2022-07-14,Tehama,103,63373,12949,12860,2823,15683,205
2022-07-14,Trinity,105,12862,1322,1304,328,1632,20
2022-07-14,Tulare,107,460477,114841,114399,31610,146009,1510
2022-07-14,Tuolumne,109,53932,14434,14280,830,15110,196
2022-07-14,Ventura,111,848112,195097,193965,13079,207044,1519
2022-07-14,Yolo,113,214977,44939,44703,3731,48434,324
2022-07-14,Yuba,115,75493,17615,17567,1504,19071,124
2022-07-13,Alameda,001,1643700,320527,316026,17856,333882,1911
2022-07-13,Alpine,002,1148,130,129,1,130,0
2022-07-13,Amador,005,37829,9479,9388,813,10201,87
2022-07-13,Butte,007,227075,36893,36405,8252,44657,439
2022-07-13,Calaveras,009,45235,8014,7945,437,8382,125
2022-07-13,Colusa,011,21464,3624,3606,1157,4763,22
2022-07-13,Contra Costa,013,1133247,233399,226833,18333,245166,1356
2022-07-13,Del Norte,015,27424,6980,6790,354,7144,54
2022-07-13,El Dorado,017,186661,30550,30273,3898,34171,218
2022-07-13,Fresno,019,978130,258891,252573,27968,280541,2786
2022-07-13,Glenn,021,27897,5308,5256,1763,7019,48
2022-07-13,Humboldt,023,135768,20116,19854,4168,24022,150
2022-07-13,Imperial,025,180216,61018,60011,12829,72840,944
2022-07-13,Inyo,027,18085,4354,4324,739,5063,56
2022-07-13,Kern,029,883053,207471,205428,53999,259427,2359
2022-07-13,Kings,031,150075,55598,55138,3737,58875,449
2022-07-13,Lake,033,64148,11871,11773,1045,12818,140
2022-07-13,Lassen,035,31185,9438,9381,943,10324,64
2022-07-13,Los Angeles,037,10098052,3064886,3024953,155442,3180395,32206
2022-07-13,Madera,039,155013,40746,40378,7069,47447,372
2022-07-13,Marin,041,260295,42091,41616,4766,46382,300
2022-07-13,Mariposa,043,17540,2885,2847,294,3141,30
2022-07-13,Mendocino,045,87422,14895,14713,3961,18674,128
2022-07-13,Merced,047,269075,68105,67028,10239,77267,832
2022-07-13,Modoc,049,8938,828,791,305,1096,9
2022-07-13,Mono,051,14174,3138,3131,203,3334,7
2022-07-13,Monterey,053,433212,88513,87575,17937,105512,745
2022-07-13,Napa,055,140530,30253,30032,1309,31341,145
2022-07-13,Nevada,057,99092,17999,17849,1574,19423,131
2022-07-13,Orange,059,3164182,622685,616278,53940,670218,7147
2022-07-13,Placer,061,380077,71553,70890,8803,79693,637
2022-07-13,Plumas,063,18699,3421,3354,415,3769,13
2022-07-13,Riverside,065,2383286,650583,643472,31710,675182,6504
2022-07-13,Sacramento,067,1510023,323945,321076,31425,352501,3114
2022-07-13,San Benito,069,59416,14998,14774,789,15563,100
2022-07-13,San Bernardino,071,2135413,627510,614957,27764,642721,7907
2022-07-13,San Diego,073,3302833,861071,851596,64978,916574,5363
2022-07-13,San Francisco,075,870044,165679,163635,10988,174623,919
2022-07-13,San Joaquin,077,732212,185285,183283,12601,195884,2260
2022-07-13,San Luis Obispo,079,281455,59678,59134,6029,65163,498
2022-07-13,San Mateo,081,765935,156359,153875,9721,163596,723
2022-07-13,Santa Barbara,083,443738,98003,97053,5828,102881,699
2022-07-13,Santa Clara,085,1922200,401617,392415,17236,409651,2365
2022-07-13,Santa Cruz,087,273765,57918,57124,2974,60098,267
2022-07-13,Shasta,089,179085,33034,32708,6773,39481,574
2022-07-13,Sierra,091,2930,293,289,58,347,4
2022-07-13,Siskiyou,093,43540,4865,4873,3075,7948,82
2022-07-13,Solano,095,438530,98017,96479,7100,103579,455
2022-07-13,Sonoma,097,501317,100167,99173,4640,103813,499
2022-07-13,Stanislaus,099,539301,128999,127845,19809,147654,1689
2022-07-13,Sutter,101,95872,22479,22331,2350,24681,228
2022-07-13,Tehama,103,63373,12936,12793,2820,15613,205
2022-07-13,Trinity,105,12862,1321,1293,326,1619,20
2022-07-13,Tulare,107,460477,114647,113830,31516,145346,1508
2022-07-13,Tuolumne,109,53932,14409,14159,825,14984,194
2022-07-13,Ventura,111,848112,194760,192923,12996,205919,1518
2022-07-13,Yolo,113,214977,44878,44447,3721,48168,326
2022-07-13,Yuba,115,75493,17588,17464,1496,18960,124
2022-07-12,Alameda,001,1643700,319751,316026,17811,333837,1911
2022-07-12,Alpine,002,1148,130,129,1,130,0
2022-07-12,Amador,005,37829,9446,9388,806,10194,87
2022-07-12,Butte,007,227075,36836,36405,8233,44638,439
2022-07-12,Calaveras,009,45235,7999,7945,435,8380,125
2022-07-12,Colusa,011,21464,3622,3606,1154,4760,22
2022-07-12,Contra Costa,013,1133247,232894,226833,18257,245090,1356
2022-07-12,Del Norte,015,27424,6933,6790,351,7141,54
2022-07-12,El Dorado,017,186661,30510,30273,3892,34165,218
2022-07-12,Fresno,019,978130,258343,252573,27877,280450,2786
2022-07-12,Glenn,021,27897,5304,5256,1759,7015,48
2022-07-12,Humboldt,023,135768,20066,19854,4151,24005,150
2022-07-12,Imperial,025,180216,60842,60011,12729,72740,944
2022-07-12,Inyo,027,18085,4346,4324,739,5063,56
2022-07-12,Kern,029,883053,207141,205428,53786,259214,2359
2022-07-12,Kings,031,150075,55488,55138,3727,58865,449
2022-07-12,Lake,033,64148,11859,11773,1040,12813,140
2022-07-12,Lassen,035,31185,9424,9381,937,10318,64
2022-07-12,Los Angeles,037,10098052,3058071,3024953,154743,3179696,32206
2022-07-12,Madera,039,155013,40660,40378,7054,47432,372
2022-07-12,Marin,041,260295,42016,41616,4757,46373,300
2022-07-12,Mariposa,043,17540,2874,2847,294,3141,30
2022-07-12,Mendocino,045,87422,14855,14713,3937,18650,128
2022-07-12,Merced,047,269075,67995,67028,10207,77235,832
2022-07-12,Modoc,049,8938,826,791,302,1093,9
2022-07-12,Mono,051,14174,3135,3131,203,3334,7
2022-07-12,Monterey,053,433212,88360,87575,17849,105424,745
2022-07-12,Napa,055,140530,30199,30032,1306,31338,145
2022-07-12,Nevada,057,99092,17977,17849,1567,19416,131
2022-07-12,Orange,059,3164182,621275,616278,53678,669956,7147
2022-07-12,Placer,061,380077,71443,70890,8788,79678,637
2022-07-12,Plumas,063,18699,3415,3354,414,3768,13
2022-07-12,Riverside,065,2383286,649302,643472,31615,675087,6504
2022-07-12,Sacramento,067,1510023,323346,321076,31382,352458,3114
2022-07-12,San Benito,069,59416,14952,14774,783,15557,100
2022-07-12,San Bernardino,071,2135413,626180,614957,27676,642633,7907
2022-07-12,San Diego,073,3302833,858711,851596,64744,916340,5363
2022-07-12,San Francisco,075,870044,165270,163635,10964,174599,919
2022-07-12,San Joaquin,077,732212,184972,183283,12543,195826,2260
2022-07-12,San Luis Obispo,079,281455,59599,59134,5999,65133,498
2022-07-12,San Mateo,081,765935,155959,153875,9702,163577,723
2022-07-12,Santa Barbara,083,443738,97788,97053,5811,102864,699
2022-07-12,Santa Clara,085,1922200,400656,392415,17194,409609,2365
2022-07-12,Santa Cruz,087,273765,57781,57124,2965,60089,267
2022-07-12,Shasta,089,179085,32971,32708,6754,39462,574
2022-07-12,Sierra,091,2930,292,289,58,347,4
2022-07-12,Siskiyou,093,43540,4856,4873,3073,7946,82
2022-07-12,Solano,095,438530,97801,96479,7075,103554,455
2022-07-12,Sonoma,097,501317,100004,99173,4612,103785,499
2022-07-12,Stanislaus,099,539301,128753,127845,19769,147614,1689
2022-07-12,Sutter,101,95872,22445,22331,2348,24679,228
2022-07-12,Tehama,103,63373,12916,12793,2813,15606,205
2022-07-12,Trinity,105,12862,1313,1293,326,1619,20
2022-07-12,Tulare,107,460477,114453,113830,31416,145246,1508
2022-07-12,Tuolumne,109,53932,14375,14159,821,14980,194
2022-07-12,Ventura,111,848112,194428,192923,12896,205819,1518
2022-07-12,Yolo,113,214977,44808,44447,3713,48160,326
2022-07-12,Yuba,115,75493,17560,17464,1483,18947,124
2022-07-11,Alameda,001,1643700,318831,316026,17750,333776,1911
2022-07-11,Alpine,002,1148,130,129,1,130,0
2022-07-11,Amador,005,37829,9438,9388,800,10188,87
2022-07-11,Butte,007,227075,36777,36405,8214,44619,439
2022-07-11,Calaveras,009,45235,7983,7945,433,8378,125
2022-07-11,Colusa,011,21464,3618,3606,1151,4757,22
2022-07-11,Contra Costa,013,1133247,232416,226833,18197,245030,1356
2022-07-11,Del Norte,015,27424,6902,6790,341,7131,54
2022-07-11,El Dorado,017,186661,30453,30273,3881,34154,218
2022-07-11,Fresno,019,978130,257670,252573,27794,280367,2786
2022-07-11,Glenn,021,27897,5301,5256,1757,7013,48
2022-07-11,Humboldt,023,135768,20007,19854,4132,23986,150
2022-07-11,Imperial,025,180216,60683,60011,12618,72629,944
2022-07-11,Inyo,027,18085,4343,4324,735,5059,56
2022-07-11,Kern,029,883053,206803,205428,53584,259012,2359
2022-07-11,Kings,031,150075,55339,55138,3718,58856,449
2022-07-11,Lake,033,64148,11833,11773,1038,12811,140
2022-07-11,Lassen,035,31185,9417,9381,937,10318,64
2022-07-11,Los Angeles,037,10098052,3050922,3024953,153949,3178902,32206
2022-07-11,Madera,039,155013,40573,40378,7009,47387,372
2022-07-11,Marin,041,260295,41927,41616,4748,46364,300
2022-07-11,Mariposa,043,17540,2866,2847,292,3139,30
2022-07-11,Mendocino,045,87422,14816,14713,3923,18636,128
2022-07-11,Merced,047,269075,67870,67028,10172,77200,832
2022-07-11,Modoc,049,8938,820,791,300,1091,9
2022-07-11,Mono,051,14174,3135,3131,202,3333,7
2022-07-11,Monterey,053,433212,88191,87575,17783,105358,745
2022-07-11,Napa,055,140530,30138,30032,1306,31338,145
2022-07-11,Nevada,057,99092,17960,17849,1565,19414,131
2022-07-11,Orange,059,3164182,619698,616278,53415,669693,7147
2022-07-11,Placer,061,380077,71334,70890,8772,79662,637
2022-07-11,Plumas,063,18699,3404,3354,412,3766,13
2022-07-11,Riverside,065,2383286,647865,643472,31530,675002,6504
2022-07-11,Sacramento,067,1510023,322799,321076,31334,352410,3114
2022-07-11,San Benito,069,59416,14915,14774,780,15554,100
2022-07-11,San Bernardino,071,2135413,624798,614957,27585,642542,7907
2022-07-11,San Diego,073,3302833,856334,851596,64499,916095,5363
2022-07-11,San Francisco,075,870044,164842,163635,10936,174571,919
2022-07-11,San Joaquin,077,732212,184590,183283,12496,195779,2260
2022-07-11,San Luis Obispo,079,281455,59490,59134,5967,65101,498
2022-07-11,San Mateo,081,765935,155555,153875,9669,163544,723
2022-07-11,Santa Barbara,083,443738,97579,97053,5798,102851,699
2022-07-11,Santa Clara,085,1922200,399588,392415,17136,409551,2365
2022-07-11,Santa Cruz,087,273765,57631,57124,2951,60075,267
2022-07-11,Shasta,089,179085,32915,32708,6724,39432,574
2022-07-11,Sierra,091,2930,292,289,58,347,4
2022-07-11,Siskiyou,093,43540,4850,4873,3066,7939,82
2022-07-11,Solano,095,438530,97587,96479,7057,103536,455
2022-07-11,Sonoma,097,501317,99810,99173,4592,103765,499
2022-07-11,Stanislaus,099,539301,128529,127845,19730,147575,1689
2022-07-11,Sutter,101,95872,22403,22331,2341,24672,228
2022-07-11,Tehama,103,63373,12902,12793,2806,15599,205
2022-07-11,Trinity,105,12862,1311,1293,325,1618,20
2022-07-11,Tulare,107,460477,114265,113830,31311,145141,1508
2022-07-11,Tuolumne,109,53932,14335,14159,819,14978,194
2022-07-11,Ventura,111,848112,194032,192923,12808,205731,1518
2022-07-11,Yolo,113,214977,44742,44447,3698,48145,326
2022-07-11,Yuba,115,75493,17524,17464,1480,18944,124
2022-07-10,Alameda,001,1643700,317830,312651,17671,330322,1912
2022-07-10,Alpine,002,1148,130,129,1,130,0
2022-07-10,Amador,005,37829,9428,9335,797,10132,87
2022-07-10,Butte,007,227075,36677,36165,8192,44357,438
2022-07-10,Calaveras,009,45235,7974,7895,432,8327,125
2022-07-10,Colusa,011,21464,3614,3586,1143,4729,22
2022-07-10,Contra Costa,013,1133247,231806,224718,18103,242821,1351
2022-07-10,Del Norte,015,27424,6861,6666,335,7001,54
2022-07-10,El Dorado,017,186661,30368,30070,3873,33943,218
2022-07-10,Fresno,019,978130,256995,250379,27701,278080,2786
2022-07-10,Glenn,021,27897,5296,5231,1753,6984,48
2022-07-10,Humboldt,023,135768,19948,19677,4118,23795,149
2022-07-10,Imperial,025,180216,60459,59558,12479,72037,944
2022-07-10,Inyo,027,18085,4338,4297,729,5026,56
2022-07-10,Kern,029,883053,206286,204128,53340,257468,2359
2022-07-10,Kings,031,150075,55166,54725,3712,58437,449
2022-07-10,Lake,033,64148,11808,11685,1035,12720,140
2022-07-10,Lassen,035,31185,9402,9362,935,10297,64
2022-07-10,Los Angeles,037,10098052,3043613,3002013,153127,3155140,32151
2022-07-10,Madera,039,155013,40465,40081,6975,47056,372
2022-07-10,Marin,041,260295,41830,41271,4739,46010,302
2022-07-10,Mariposa,043,17540,2859,2805,288,3093,30
2022-07-10,Mendocino,045,87422,14786,14610,3906,18516,128
2022-07-10,Merced,047,269075,67713,66616,10115,76731,832
2022-07-10,Modoc,049,8938,819,789,292,1081,9
2022-07-10,Mono,051,14174,3134,3119,200,3319,7
2022-07-10,Monterey,053,433212,87998,87002,17706,104708,745
2022-07-10,Napa,055,140530,30075,29807,1304,31111,145
2022-07-10,Nevada,057,99092,17899,17693,1556,19249,131
2022-07-10,Orange,059,3164182,617997,610975,53091,664066,7132
2022-07-10,Placer,061,380077,71217,70401,8753,79154,632
2022-07-10,Plumas,063,18699,3391,3339,408,3747,13
2022-07-10,Riverside,065,2383286,646271,638193,31399,669592,6506
2022-07-10,Sacramento,067,1510023,322095,318556,31255,349811,3108
2022-07-10,San Benito,069,59416,14879,14628,769,15397,100
2022-07-10,San Bernardino,071,2135413,623335,610086,27504,637590,7893
2022-07-10,San Diego,073,3302833,853840,844085,64228,908313,5357
2022-07-10,San Francisco,075,870044,164292,161931,10863,172794,914
2022-07-10,San Joaquin,077,732212,184213,181958,12435,194393,2257
2022-07-10,San Luis Obispo,079,281455,59369,58636,5928,64564,498
2022-07-10,San Mateo,081,765935,155085,152319,9642,161961,723
2022-07-10,Santa Barbara,083,443738,97346,96266,5772,102038,697
2022-07-10,Santa Clara,085,1922200,398453,388270,17074,405344,2360
2022-07-10,Santa Cruz,087,273765,57440,56455,2934,59389,266
2022-07-10,Shasta,089,179085,32848,32536,6700,39236,576
2022-07-10,Sierra,091,2930,290,291,58,349,4
2022-07-10,Siskiyou,093,43540,4847,4855,3053,7908,82
2022-07-10,Solano,095,438530,97335,95651,7024,102675,455
2022-07-10,Sonoma,097,501317,99607,98430,4560,102990,496
2022-07-10,Stanislaus,099,539301,128289,126897,19683,146580,1686
2022-07-10,Sutter,101,95872,22354,22165,2340,24505,228
2022-07-10,Tehama,103,63373,12875,12716,2793,15509,205
2022-07-10,Trinity,105,12862,1305,1272,323,1595,20
2022-07-10,Tulare,107,460477,114011,113002,31215,144217,1508
2022-07-10,Tuolumne,109,53932,14299,14019,811,14830,194
2022-07-10,Ventura,111,848112,193557,191462,12704,204166,1518
2022-07-10,Yolo,113,214977,44664,44152,3683,47835,323
2022-07-10,Yuba,115,75493,17485,17345,1478,18823,125
2022-07-09,Alameda,001,1643700,317341,312651,17647,330298,1912
2022-07-09,Alpine,002,1148,130,129,1,130,0
2022-07-09,Amador,005,37829,9420,9335,795,10130,87
2022-07-09,Butte,007,227075,36632,36165,8178,44343,438
2022-07-09,Calaveras,009,45235,7959,7895,431,8326,125
2022-07-09,Colusa,011,21464,3613,3586,1142,4728,22
2022-07-09,Contra Costa,013,1133247,231498,224718,18044,242762,1351
2022-07-09,Del Norte,015,27424,6853,6666,335,7001,54
2022-07-09,El Dorado,017,186661,30325,30070,3868,33938,218
2022-07-09,Fresno,019,978130,256733,250379,27660,278039,2786
2022-07-09,Glenn,021,27897,5289,5231,1753,6984,48
2022-07-09,Humboldt,023,135768,19930,19677,4108,23785,149
2022-07-09,Imperial,025,180216,60380,59558,12426,71984,944
2022-07-09,Inyo,027,18085,4333,4297,728,5025,56
2022-07-09,Kern,029,883053,206104,204128,53197,257325,2359
2022-07-09,Kings,031,150075,55127,54725,3710,58435,449
2022-07-09,Lake,033,64148,11800,11685,1034,12719,140
2022-07-09,Lassen,035,31185,9401,9362,935,10297,64
2022-07-09,Los Angeles,037,10098052,3040109,3002013,152634,3154647,32151
2022-07-09,Madera,039,155013,40425,40081,6967,47048,372
2022-07-09,Marin,041,260295,41774,41271,4728,45999,302
2022-07-09,Mariposa,043,17540,2854,2805,288,3093,30
2022-07-09,Mendocino,045,87422,14771,14610,3896,18506,128
2022-07-09,Merced,047,269075,67661,66616,10110,76726,832
2022-07-09,Modoc,049,8938,819,789,288,1077,9
2022-07-09,Mono,051,14174,3133,3119,200,3319,7
2022-07-09,Monterey,053,433212,87900,87002,17657,104659,745
2022-07-09,Napa,055,140530,30043,29807,1301,31108,145
2022-07-09,Nevada,057,99092,17887,17693,1552,19245,131
2022-07-09,Orange,059,3164182,617134,610975,52914,663889,7132
2022-07-09,Placer,061,380077,71128,70401,8745,79146,632
2022-07-09,Plumas,063,18699,3384,3339,406,3745,13
2022-07-09,Riverside,065,2383286,645372,638193,31344,669537,6506
2022-07-09,Sacramento,067,1510023,321795,318556,31234,349790,3108
2022-07-09,San Benito,069,59416,14859,14628,768,15396,100
2022-07-09,San Bernardino,071,2135413,622616,610086,27453,637539,7893
2022-07-09,San Diego,073,3302833,852932,844085,64140,908225,5357
2022-07-09,San Francisco,075,870044,164062,161931,10842,172773,914
2022-07-09,San Joaquin,077,732212,184045,181958,12406,194364,2257
2022-07-09,San Luis Obispo,079,281455,59312,58636,5909,64545,498
2022-07-09,San Mateo,081,765935,154840,152319,9627,161946,723
2022-07-09,Santa Barbara,083,443738,97213,96266,5762,102028,697
2022-07-09,Santa Clara,085,1922200,397717,388270,17046,405316,2360
2022-07-09,Santa Cruz,087,273765,57363,56455,2925,59380,266
2022-07-09,Shasta,089,179085,32826,32536,6690,39226,576
2022-07-09,Sierra,091,2930,290,291,58,349,4
2022-07-09,Siskiyou,093,43540,4844,4855,3051,7906,82
2022-07-09,Solano,095,438530,97248,95651,7009,102660,455
2022-07-09,Sonoma,097,501317,99522,98430,4554,102984,496
2022-07-09,Stanislaus,099,539301,128126,126897,19652,146549,1686
2022-07-09,Sutter,101,95872,22326,22165,2340,24505,228
2022-07-09,Tehama,103,63373,12859,12716,2784,15500,205
2022-07-09,Trinity,105,12862,1305,1272,322,1594,20
2022-07-09,Tulare,107,460477,113901,113002,31157,144159,1508
2022-07-09,Tuolumne,109,53932,14261,14019,809,14828,194
2022-07-09,Ventura,111,848112,193295,191462,12657,204119,1518
2022-07-09,Yolo,113,214977,44614,44152,3669,47821,323
2022-07-09,Yuba,115,75493,17462,17345,1478,18823,125
2022-07-08,Alameda,001,1643700,316817,312651,17603,330254,1912
2022-07-08,Alpine,002,1148,130,129,1,130,0
2022-07-08,Amador,005,37829,9410,9335,793,10128,87
2022-07-08,Butte,007,227075,36601,36165,8164,44329,438
2022-07-08,Calaveras,009,45235,7944,7895,431,8326,125
2022-07-08,Colusa,011,21464,3609,3586,1142,4728,22
2022-07-08,Contra Costa,013,1133247,231146,224718,17995,242713,1351
2022-07-08,Del Norte,015,27424,6842,6666,333,6999,54
2022-07-08,El Dorado,017,186661,30300,30070,3860,33930,218
2022-07-08,Fresno,019,978130,256364,250379,27607,277986,2786
2022-07-08,Glenn,021,27897,5284,5231,1750,6981,48
2022-07-08,Humboldt,023,135768,19917,19677,4097,23774,149
2022-07-08,Imperial,025,180216,60292,59558,12386,71944,944
2022-07-08,Inyo,027,18085,4332,4297,724,5021,56
2022-07-08,Kern,029,883053,205858,204128,53059,257187,2359
2022-07-08,Kings,031,150075,55086,54725,3709,58434,449
2022-07-08,Lake,033,64148,11783,11685,1031,12716,140
2022-07-08,Lassen,035,31185,9395,9362,934,10296,64
2022-07-08,Los Angeles,037,10098052,3035830,3002013,152051,3154064,32151
2022-07-08,Madera,039,155013,40371,40081,6953,47034,372
2022-07-08,Marin,041,260295,41688,41271,4712,45983,302
2022-07-08,Mariposa,043,17540,2851,2805,287,3092,30
2022-07-08,Mendocino,045,87422,14753,14610,3892,18502,128
2022-07-08,Merced,047,269075,67593,66616,10100,76716,832
2022-07-08,Modoc,049,8938,819,789,288,1077,9
2022-07-08,Mono,051,14174,3131,3119,199,3318,7
2022-07-08,Monterey,053,433212,87772,87002,17627,104629,745
2022-07-08,Napa,055,140530,30019,29807,1300,31107,145
2022-07-08,Nevada,057,99092,17879,17693,1550,19243,131
2022-07-08,Orange,059,3164182,616233,610975,52723,663698,7132
2022-07-08,Placer,061,380077,71053,70401,8731,79132,632
2022-07-08,Plumas,063,18699,3379,3339,406,3745,13
2022-07-08,Riverside,065,2383286,644461,638193,31286,669479,6506
2022-07-08,Sacramento,067,1510023,321355,318556,31206,349762,3108
2022-07-08,San Benito,069,59416,14842,14628,765,15393,100
2022-07-08,San Bernardino,071,2135413,621857,610086,27410,637496,7893
2022-07-08,San Diego,073,3302833,851678,844085,63973,908058,5357
2022-07-08,San Francisco,075,870044,163797,161931,10815,172746,914
2022-07-08,San Joaquin,077,732212,183871,181958,12389,194347,2257
2022-07-08,San Luis Obispo,079,281455,59276,58636,5894,64530,498
2022-07-08,San Mateo,081,765935,154543,152319,9613,161932,723
2022-07-08,Santa Barbara,083,443738,97086,96266,5758,102024,697
2022-07-08,Santa Clara,085,1922200,396945,388270,17024,405294,2360
2022-07-08,Santa Cruz,087,273765,57275,56455,2917,59372,266
2022-07-08,Shasta,089,179085,32796,32536,6682,39218,576
2022-07-08,Sierra,091,2930,290,291,58,349,4
2022-07-08,Siskiyou,093,43540,4842,4855,3048,7903,82
2022-07-08,Solano,095,438530,97130,95651,6995,102646,455
2022-07-08,Sonoma,097,501317,99372,98430,4537,102967,496
2022-07-08,Stanislaus,099,539301,127989,126897,19639,146536,1686
2022-07-08,Sutter,101,95872,22301,22165,2339,24504,228
2022-07-08,Tehama,103,63373,12847,12716,2782,15498,205
2022-07-08,Trinity,105,12862,1303,1272,321,1593,20
2022-07-08,Tulare,107,460477,113781,113002,31089,144091,1508
2022-07-08,Tuolumne,109,53932,14230,14019,803,14822,194
2022-07-08,Ventura,111,848112,193056,191462,12618,204080,1518
2022-07-08,Yolo,113,214977,44561,44152,3657,47809,323
2022-07-08,Yuba,115,75493,17446,17345,1477,18822,125
2022-07-07,Alameda,001,1643700,316011,312651,17553,330204,1912
2022-07-07,Alpine,002,1148,129,129,1,130,0
2022-07-07,Amador,005,37829,9394,9335,786,10121,87
2022-07-07,Butte,007,227075,36537,36165,8144,44309,438
2022-07-07,Calaveras,009,45235,7935,7895,426,8321,125
2022-07-07,Colusa,011,21464,3604,3586,1141,4727,22
2022-07-07,Contra Costa,013,1133247,230598,224718,17919,242637,1351
2022-07-07,Del Norte,015,27424,6816,6666,329,6995,54
2022-07-07,El Dorado,017,186661,30248,30070,3849,33919,218
2022-07-07,Fresno,019,978130,255813,250379,27503,277882,2786
2022-07-07,Glenn,021,27897,5278,5231,1748,6979,48
2022-07-07,Humboldt,023,135768,19872,19677,4081,23758,149
2022-07-07,Imperial,025,180216,60117,59558,12276,71834,944
2022-07-07,Inyo,027,18085,4328,4297,716,5013,56
2022-07-07,Kern,029,883053,205556,204128,52851,256979,2359
2022-07-07,Kings,031,150075,55009,54725,3705,58430,449
2022-07-07,Lake,033,64148,11762,11685,1031,12716,140
2022-07-07,Lassen,035,31185,9394,9362,934,10296,64
2022-07-07,Los Angeles,037,10098052,3029491,3002013,151364,3153377,32151
2022-07-07,Madera,039,155013,40291,40081,6937,47018,372
2022-07-07,Marin,041,260295,41610,41271,4701,45972,302
2022-07-07,Mariposa,043,17540,2844,2805,284,3089,30
2022-07-07,Mendocino,045,87422,14736,14610,3887,18497,128
2022-07-07,Merced,047,269075,67479,66616,10067,76683,832
2022-07-07,Modoc,049,8938,814,789,285,1074,9
2022-07-07,Mono,051,14174,3130,3119,197,3316,7
2022-07-07,Monterey,053,433212,87612,87002,17564,104566,745
2022-07-07,Napa,055,140530,29949,29807,1292,31099,145
2022-07-07,Nevada,057,99092,17849,17693,1545,19238,131
2022-07-07,Orange,059,3164182,614838,610975,52510,663485,7132
2022-07-07,Placer,061,380077,70943,70401,8706,79107,632
2022-07-07,Plumas,063,18699,3372,3339,405,3744,13
2022-07-07,Riverside,065,2383286,643136,638193,31223,669416,6506
2022-07-07,Sacramento,067,1510023,320718,318556,31155,349711,3108
2022-07-07,San Benito,069,59416,14812,14628,765,15393,100
2022-07-07,San Bernardino,071,2135413,620553,610086,27346,637432,7893
2022-07-07,San Diego,073,3302833,849765,844085,63740,907825,5357
2022-07-07,San Francisco,075,870044,163415,161931,10762,172693,914
2022-07-07,San Joaquin,077,732212,183534,181958,12338,194296,2257
2022-07-07,San Luis Obispo,079,281455,59197,58636,5862,64498,498
2022-07-07,San Mateo,081,765935,154194,152319,9604,161923,723
2022-07-07,Santa Barbara,083,443738,96892,96266,5743,102009,697
2022-07-07,Santa Clara,085,1922200,395954,388270,16973,405243,2360
2022-07-07,Santa Cruz,087,273765,57117,56455,2903,59358,266
2022-07-07,Shasta,089,179085,32761,32536,6665,39201,576
2022-07-07,Sierra,091,2930,289,291,57,348,4
2022-07-07,Siskiyou,093,43540,4836,4855,3043,7898,82
2022-07-07,Solano,095,438530,96854,95651,6982,102633,455
2022-07-07,Sonoma,097,501317,99235,98430,4518,102948,496
2022-07-07,Stanislaus,099,539301,127789,126897,19602,146499,1686
2022-07-07,Sutter,101,95872,22255,22165,2337,24502,228
2022-07-07,Tehama,103,63373,12830,12716,2773,15489,205
2022-07-07,Trinity,105,12862,1298,1272,320,1592,20
2022-07-07,Tulare,107,460477,113573,113002,30996,143998,1508
2022-07-07,Tuolumne,109,53932,14193,14019,798,14817,194
2022-07-07,Ventura,111,848112,192736,191462,12537,203999,1518
2022-07-07,Yolo,113,214977,44504,44152,3644,47796,323
2022-07-07,Yuba,115,75493,17412,17345,1475,18820,125
2022-07-06,Alameda,001,1643700,315171,310551,17512,328063,1899
2022-07-06,Alpine,002,1148,129,129,1,130,0
2022-07-06,Amador,005,37829,9375,9301,786,10087,87
2022-07-06,Butte,007,227075,36473,36053,8128,44181,436
2022-07-06,Calaveras,009,45235,7926,7873,424,8297,124
2022-07-06,Colusa,011,21464,3601,3579,1140,4719,22
2022-07-06,Contra Costa,013,1133247,230082,223500,17864,241364,1348
2022-07-06,Del Norte,015,27424,6785,6623,327,6950,54
2022-07-06,El Dorado,017,186661,30203,29953,3837,33790,218
2022-07-06,Fresno,019,978130,255255,249480,27420,276900,2786
2022-07-06,Glenn,021,27897,5273,5222,1748,6970,48
2022-07-06,Humboldt,023,135768,19825,19608,4070,23678,149
2022-07-06,Imperial,025,180216,59917,59184,12189,71373,944
2022-07-06,Inyo,027,18085,4322,4282,710,4992,56
2022-07-06,Kern,029,883053,205233,203587,52631,256218,2353
2022-07-06,Kings,031,150075,54891,54560,3700,58260,449
2022-07-06,Lake,033,64148,11743,11659,1031,12690,140
2022-07-06,Lassen,035,31185,9377,9350,934,10284,64
2022-07-06,Los Angeles,037,10098052,3023037,2991161,150645,3141806,32116
2022-07-06,Madera,039,155013,40220,39952,6915,46867,372
2022-07-06,Marin,041,260295,41542,41036,4691,45727,302
2022-07-06,Mariposa,043,17540,2834,2797,284,3081,30
2022-07-06,Mendocino,045,87422,14708,14540,3875,18415,127
2022-07-06,Merced,047,269075,67358,66420,10044,76464,832
2022-07-06,Modoc,049,8938,808,788,283,1071,8
2022-07-06,Mono,051,14174,3129,3109,197,3306,7
2022-07-06,Monterey,053,433212,87453,86639,17498,104137,744
2022-07-06,Napa,055,140530,29889,29690,1290,30980,144
2022-07-06,Nevada,057,99092,17820,17660,1539,19199,131
2022-07-06,Orange,059,3164182,613313,608084,52287,660371,7125
2022-07-06,Placer,061,380077,70830,70113,8685,78798,632
2022-07-06,Plumas,063,18699,3361,3316,404,3720,13
2022-07-06,Riverside,065,2383286,641775,636209,31151,667360,6505
2022-07-06,Sacramento,067,1510023,320029,317315,31108,348423,3104
2022-07-06,San Benito,069,59416,14770,14556,754,15310,100
2022-07-06,San Bernardino,071,2135413,619300,608119,27270,635389,7870
2022-07-06,San Diego,073,3302833,847640,839970,63483,903453,5349
2022-07-06,San Francisco,075,870044,162991,160612,10729,171341,910
2022-07-06,San Joaquin,077,732212,183218,181448,12308,193756,2256
2022-07-06,San Luis Obispo,079,281455,59085,58488,5823,64311,496
2022-07-06,San Mateo,081,765935,153787,151344,9574,160918,723
2022-07-06,Santa Barbara,083,443738,96701,95918,5722,101640,702
2022-07-06,Santa Clara,085,1922200,394851,385553,16907,402460,2358
2022-07-06,Santa Cruz,087,273765,56975,56307,2884,59191,267
2022-07-06,Shasta,089,179085,32707,32444,6642,39086,570
2022-07-06,Sierra,091,2930,289,290,57,347,4
2022-07-06,Siskiyou,093,43540,4831,4841,3037,7878,82
2022-07-06,Solano,095,438530,96601,95181,6957,102138,455
2022-07-06,Sonoma,097,501317,99053,98031,4500,102531,495
2022-07-06,Stanislaus,099,539301,127566,126492,19571,146063,1682
2022-07-06,Sutter,101,95872,22204,22089,2336,24425,228
2022-07-06,Tehama,103,63373,12819,12680,2767,15447,205
2022-07-06,Trinity,105,12862,1290,1263,316,1579,20
2022-07-06,Tulare,107,460477,113359,112684,30903,143587,1500
2022-07-06,Tuolumne,109,53932,14160,13960,786,14746,189
2022-07-06,Ventura,111,848112,192353,190794,12462,203256,1517
2022-07-06,Yolo,113,214977,44420,43171,3624,46795,324
2022-07-06,Yuba,115,75493,17374,17277,1469,18746,124
2022-07-05,Alameda,001,1643700,314184,310551,17454,328005,1899
2022-07-05,Alpine,002,1148,129,129,1,130,0
2022-07-05,Amador,005,37829,9360,9301,782,10083,87
2022-07-05,Butte,007,227075,36390,36053,8107,44160,436
2022-07-05,Calaveras,009,45235,7915,7873,423,8296,124
2022-07-05,Colusa,011,21464,3596,3579,1138,4717,22
2022-07-05,Contra Costa,013,1133247,229450,223500,17788,241288,1348
2022-07-05,Del Norte,015,27424,6759,6623,322,6945,54
2022-07-05,El Dorado,017,186661,30153,29953,3828,33781,218
2022-07-05,Fresno,019,978130,254654,249480,27333,276813,2786
2022-07-05,Glenn,021,27897,5264,5222,1747,6969,48
2022-07-05,Humboldt,023,135768,19787,19608,4059,23667,149
2022-07-05,Imperial,025,180216,59776,59184,12090,71274,944
2022-07-05,Inyo,027,18085,4308,4282,700,4982,56
2022-07-05,Kern,029,883053,204796,203587,52390,255977,2353
2022-07-05,Kings,031,150075,54760,54560,3686,58246,449
2022-07-05,Lake,033,64148,11720,11659,1028,12687,140
2022-07-05,Lassen,035,31185,9366,9350,934,10284,64
2022-07-05,Los Angeles,037,10098052,3016105,2991161,149886,3141047,32116
2022-07-05,Madera,039,155013,40135,39952,6890,46842,372
2022-07-05,Marin,041,260295,41441,41036,4681,45717,302
2022-07-05,Mariposa,043,17540,2824,2797,281,3078,30
2022-07-05,Mendocino,045,87422,14662,14540,3859,18399,127
2022-07-05,Merced,047,269075,67238,66420,10013,76433,832
2022-07-05,Modoc,049,8938,800,788,283,1071,8
2022-07-05,Mono,051,14174,3126,3109,194,3303,7
2022-07-05,Monterey,053,433212,87289,86639,17446,104085,744
2022-07-05,Napa,055,140530,29836,29690,1285,30975,144
2022-07-05,Nevada,057,99092,17781,17660,1529,19189,131
2022-07-05,Orange,059,3164182,611761,608084,52039,660123,7125
2022-07-05,Placer,061,380077,70724,70113,8664,78777,632
2022-07-05,Plumas,063,18699,3351,3316,403,3719,13
2022-07-05,Riverside,065,2383286,640306,636209,31064,667273,6505
2022-07-05,Sacramento,067,1510023,319379,317315,31037,348352,3104
2022-07-05,San Benito,069,59416,14736,14556,747,15303,100
2022-07-05,San Bernardino,071,2135413,617971,608119,27192,635311,7870
2022-07-05,San Diego,073,3302833,845294,839970,63248,903218,5349
2022-07-05,San Francisco,075,870044,162468,160612,10703,171315,910
2022-07-05,San Joaquin,077,732212,182854,181448,12235,193683,2256
2022-07-05,San Luis Obispo,079,281455,58926,58488,5781,64269,496
2022-07-05,San Mateo,081,765935,153302,151344,9552,160896,723
2022-07-05,Santa Barbara,083,443738,96477,95918,5693,101611,702
2022-07-05,Santa Clara,085,1922200,393685,385553,16844,402397,2358
2022-07-05,Santa Cruz,087,273765,56799,56307,2868,59175,267
2022-07-05,Shasta,089,179085,32665,32444,6618,39062,570
2022-07-05,Sierra,091,2930,289,290,57,347,4
2022-07-05,Siskiyou,093,43540,4827,4841,3025,7866,82
2022-07-05,Solano,095,438530,96310,95181,6933,102114,455
2022-07-05,Sonoma,097,501317,98808,98031,4482,102513,495
2022-07-05,Stanislaus,099,539301,127326,126492,19529,146021,1682
2022-07-05,Sutter,101,95872,22162,22089,2334,24423,228
2022-07-05,Tehama,103,63373,12794,12680,2763,15443,205
2022-07-05,Trinity,105,12862,1281,1263,314,1577,20
2022-07-05,Tulare,107,460477,113121,112684,30822,143506,1500
2022-07-05,Tuolumne,109,53932,14126,13960,779,14739,189
2022-07-05,Ventura,111,848112,191953,190794,12399,203193,1517
2022-07-05,Yolo,113,214977,44334,43171,3614,46785,324
2022-07-05,Yuba,115,75493,17345,17277,1468,18745,124
2022-07-04,Alameda,001,1643700,313030,310551,17370,327921,1899
2022-07-04,Alpine,002,1148,129,129,1,130,0
2022-07-04,Amador,005,37829,9347,9301,781,10082,87
2022-07-04,Butte,007,227075,36280,36053,8089,44142,436
2022-07-04,Calaveras,009,45235,7905,7873,423,8296,124
2022-07-04,Colusa,011,21464,3592,3579,1136,4715,22
2022-07-04,Contra Costa,013,1133247,228736,223500,17687,241187,1348
2022-07-04,Del Norte,015,27424,6726,6623,318,6941,54
2022-07-04,El Dorado,017,186661,30069,29953,3810,33763,218
2022-07-04,Fresno,019,978130,254013,249480,27203,276683,2786
2022-07-04,Glenn,021,27897,5256,5222,1741,6963,48
2022-07-04,Humboldt,023,135768,19716,19608,4045,23653,149
2022-07-04,Imperial,025,180216,59569,59184,11970,71154,944
2022-07-04,Inyo,027,18085,4305,4282,690,4972,56
2022-07-04,Kern,029,883053,204346,203587,52112,255699,2353
2022-07-04,Kings,031,150075,54609,54560,3682,58242,449
2022-07-04,Lake,033,64148,11707,11659,1026,12685,140
2022-07-04,Lassen,035,31185,9358,9350,933,10283,64
2022-07-04,Los Angeles,037,10098052,3007619,2991161,148967,3140128,32116
2022-07-04,Madera,039,155013,40041,39952,6864,46816,372
2022-07-04,Marin,041,260295,41324,41036,4670,45706,302
2022-07-04,Mariposa,043,17540,2814,2797,276,3073,30
2022-07-04,Mendocino,045,87422,14626,14540,3813,18353,127
2022-07-04,Merced,047,269075,67108,66420,9965,76385,832
2022-07-04,Modoc,049,8938,792,788,279,1067,8
2022-07-04,Mono,051,14174,3124,3109,192,3301,7
2022-07-04,Monterey,053,433212,87095,86639,17376,104015,744
2022-07-04,Napa,055,140530,29771,29690,1281,30971,144
2022-07-04,Nevada,057,99092,17739,17660,1521,19181,131
2022-07-04,Orange,059,3164182,609955,608084,51734,659818,7125
2022-07-04,Placer,061,380077,70550,70113,8634,78747,632
2022-07-04,Plumas,063,18699,3333,3316,402,3718,13
2022-07-04,Riverside,065,2383286,638663,636209,30969,667178,6505
2022-07-04,Sacramento,067,1510023,318597,317315,30939,348254,3104
2022-07-04,San Benito,069,59416,14680,14556,742,15298,100
2022-07-04,San Bernardino,071,2135413,616366,608119,27117,635236,7870
2022-07-04,San Diego,073,3302833,842666,839970,62911,902881,5349
2022-07-04,San Francisco,075,870044,161845,160612,10643,171255,910
2022-07-04,San Joaquin,077,732212,182449,181448,12169,193617,2256
2022-07-04,San Luis Obispo,079,281455,58737,58488,5710,64198,496
2022-07-04,San Mateo,081,765935,152779,151344,9513,160857,723
2022-07-04,Santa Barbara,083,443738,96253,95918,5670,101588,702
2022-07-04,Santa Clara,085,1922200,392191,385553,16776,402329,2358
2022-07-04,Santa Cruz,087,273765,56601,56307,2846,59153,267
2022-07-04,Shasta,089,179085,32588,32444,6589,39033,570
2022-07-04,Sierra,091,2930,289,290,57,347,4
2022-07-04,Siskiyou,093,43540,4821,4841,3019,7860,82
2022-07-04,Solano,095,438530,95957,95181,6897,102078,455
2022-07-04,Sonoma,097,501317,98513,98031,4455,102486,495
2022-07-04,Stanislaus,099,539301,127036,126492,19475,145967,1682
2022-07-04,Sutter,101,95872,22116,22089,2332,24421,228
2022-07-04,Tehama,103,63373,12768,12680,2749,15429,205
2022-07-04,Trinity,105,12862,1276,1263,312,1575,20
2022-07-04,Tulare,107,460477,112884,112684,30710,143394,1500
2022-07-04,Tuolumne,109,53932,14083,13960,775,14735,189
2022-07-04,Ventura,111,848112,191483,190794,12293,203087,1517
2022-07-04,Yolo,113,214977,44240,43171,3596,46767,324
2022-07-04,Yuba,115,75493,17306,17277,1468,18745,124
2022-07-03,Alameda,001,1643700,312472,307672,17340,325012,1898
2022-07-03,Alpine,002,1148,129,129,1,130,0
2022-07-03,Amador,005,37829,9339,9243,778,10021,87
2022-07-03,Butte,007,227075,36266,35846,8082,43928,436
2022-07-03,Calaveras,009,45235,7889,7836,423,8259,124
2022-07-03,Colusa,011,21464,3590,3566,1134,4700,22
2022-07-03,Contra Costa,013,1133247,228383,221545,17655,239200,1343
2022-07-03,Del Norte,015,27424,6717,6543,317,6860,53
2022-07-03,El Dorado,017,186661,30037,29764,3804,33568,217
2022-07-03,Fresno,019,978130,253761,247952,27167,275119,2783
2022-07-03,Glenn,021,27897,5255,5211,1738,6949,48
2022-07-03,Humboldt,023,135768,19694,19516,4036,23552,149
2022-07-03,Imperial,025,180216,59494,58768,11931,70699,944
2022-07-03,Inyo,027,18085,4301,4261,688,4949,56
2022-07-03,Kern,029,883053,204204,202502,51957,254459,2352
2022-07-03,Kings,031,150075,54584,54262,3680,57942,449
2022-07-03,Lake,033,64148,11696,11595,1026,12621,140
2022-07-03,Lassen,035,31185,9355,9336,932,10268,64
2022-07-03,Los Angeles,037,10098052,3004797,2969395,148587,3117982,32089
2022-07-03,Madera,039,155013,40014,39738,6859,46597,372
2022-07-03,Marin,041,260295,41254,40653,4661,45314,297
2022-07-03,Mariposa,043,17540,2810,2780,275,3055,30
2022-07-03,Mendocino,045,87422,14614,14464,3812,18276,127
2022-07-03,Merced,047,269075,67061,66093,9960,76053,832
2022-07-03,Modoc,049,8938,792,787,279,1066,8
2022-07-03,Mono,051,14174,3123,3099,191,3290,7
2022-07-03,Monterey,053,433212,86983,86212,17322,103534,744
2022-07-03,Napa,055,140530,29751,29486,1278,30764,145
2022-07-03,Nevada,057,99092,17720,17546,1514,19060,131
2022-07-03,Orange,059,3164182,609409,603511,51589,655100,7114
2022-07-03,Placer,061,380077,70464,69606,8620,78226,631
2022-07-03,Plumas,063,18699,3326,3294,402,3696,13
2022-07-03,Riverside,065,2383286,638092,632038,30926,662964,6502
2022-07-03,Sacramento,067,1510023,318328,315165,30917,346082,3100
2022-07-03,San Benito,069,59416,14673,14420,741,15161,100
2022-07-03,San Bernardino,071,2135413,615758,604093,27082,631175,7860
2022-07-03,San Diego,073,3302833,841936,834116,62838,896954,5341
2022-07-03,San Francisco,075,870044,161510,158871,10631,169502,910
2022-07-03,San Joaquin,077,732212,182276,180368,12132,192500,2256
2022-07-03,San Luis Obispo,079,281455,58668,58079,5700,63779,489
2022-07-03,San Mateo,081,765935,152473,149812,9496,159308,723
2022-07-03,Santa Barbara,083,443738,96145,95214,5658,100872,699
2022-07-03,Santa Clara,085,1922200,391464,381630,16745,398375,2355
2022-07-03,Santa Cruz,087,273765,56540,55757,2825,58582,267
2022-07-03,Shasta,089,179085,32553,32280,6579,38859,570
2022-07-03,Sierra,091,2930,288,283,57,340,4
2022-07-03,Siskiyou,093,43540,4818,4808,3017,7825,82
2022-07-03,Solano,095,438530,95879,94437,6891,101328,455
2022-07-03,Sonoma,097,501317,98404,97379,4450,101829,495
2022-07-03,Stanislaus,099,539301,126916,125788,19459,145247,1681
2022-07-03,Sutter,101,95872,22095,21935,2331,24266,228
2022-07-03,Tehama,103,63373,12750,12615,2747,15362,205
2022-07-03,Trinity,105,12862,1275,1256,309,1565,20
2022-07-03,Tulare,107,460477,112786,112118,30672,142790,1500
2022-07-03,Tuolumne,109,53932,14060,13886,772,14658,189
2022-07-03,Ventura,111,848112,191272,189493,12272,201765,1517
2022-07-03,Yolo,113,214977,44197,42760,3586,46346,324
2022-07-03,Yuba,115,75493,17292,17168,1467,18635,124
2022-07-02,Alameda,001,1643700,312094,307672,17313,324985,1898
2022-07-02,Alpine,002,1148,129,129,1,130,0
2022-07-02,Amador,005,37829,9323,9243,777,10020,87
2022-07-02,Butte,007,227075,36241,35846,8069,43915,436
2022-07-02,Calaveras,009,45235,7883,7836,423,8259,124
2022-07-02,Colusa,011,21464,3586,3566,1132,4698,22
2022-07-02,Contra Costa,013,1133247,228038,221545,17603,239148,1343
2022-07-02,Del Norte,015,27424,6707,6543,317,6860,53
2022-07-02,El Dorado,017,186661,30003,29764,3800,33564,217
2022-07-02,Fresno,019,978130,253533,247952,27130,275082,2783
2022-07-02,Glenn,021,27897,5250,5211,1737,6948,48
2022-07-02,Humboldt,023,135768,19668,19516,4032,23548,149
2022-07-02,Imperial,025,180216,59414,58768,11910,70678,944
2022-07-02,Inyo,027,18085,4297,4261,686,4947,56
2022-07-02,Kern,029,883053,204051,202502,51795,254297,2352
2022-07-02,Kings,031,150075,54539,54262,3680,57942,449
2022-07-02,Lake,033,64148,11687,11595,1024,12619,140
2022-07-02,Lassen,035,31185,9354,9336,931,10267,64
2022-07-02,Los Angeles,037,10098052,3002035,2969395,148161,3117556,32089
2022-07-02,Madera,039,155013,39984,39738,6855,46593,372
2022-07-02,Marin,041,260295,41192,40653,4644,45297,297
2022-07-02,Mariposa,043,17540,2806,2780,274,3054,30
2022-07-02,Mendocino,045,87422,14586,14464,3812,18276,127
2022-07-02,Merced,047,269075,67002,66093,9951,76044,832
2022-07-02,Modoc,049,8938,792,787,278,1065,8
2022-07-02,Mono,051,14174,3120,3099,191,3290,7
2022-07-02,Monterey,053,433212,86892,86212,17284,103496,744
2022-07-02,Napa,055,140530,29722,29486,1278,30764,145
2022-07-02,Nevada,057,99092,17705,17546,1508,19054,131
2022-07-02,Orange,059,3164182,608756,603511,51431,654942,7114
2022-07-02,Placer,061,380077,70371,69606,8606,78212,631
2022-07-02,Plumas,063,18699,3317,3294,402,3696,13
2022-07-02,Riverside,065,2383286,637498,632038,30881,662919,6502
2022-07-02,Sacramento,067,1510023,317993,315165,30892,346057,3100
2022-07-02,San Benito,069,59416,14654,14420,732,15152,100
2022-07-02,San Bernardino,071,2135413,615223,604093,27047,631140,7860
2022-07-02,San Diego,073,3302833,841129,834116,62772,896888,5341
2022-07-02,San Francisco,075,870044,161229,158871,10607,169478,910
2022-07-02,San Joaquin,077,732212,182143,180368,12106,192474,2256
2022-07-02,San Luis Obispo,079,281455,58619,58079,5686,63765,489
2022-07-02,San Mateo,081,765935,152214,149812,9477,159289,723
2022-07-02,Santa Barbara,083,443738,96018,95214,5647,100861,699
2022-07-02,Santa Clara,085,1922200,390731,381630,16715,398345,2355
2022-07-02,Santa Cruz,087,273765,56481,55757,2814,58571,267
2022-07-02,Shasta,089,179085,32523,32280,6568,38848,570
2022-07-02,Sierra,091,2930,288,283,57,340,4
2022-07-02,Siskiyou,093,43540,4814,4808,3016,7824,82
2022-07-02,Solano,095,438530,95806,94437,6875,101312,455
2022-07-02,Sonoma,097,501317,98298,97379,4442,101821,495
2022-07-02,Stanislaus,099,539301,126797,125788,19443,145231,1681
2022-07-02,Sutter,101,95872,22076,21935,2331,24266,228
2022-07-02,Tehama,103,63373,12727,12615,2746,15361,205
2022-07-02,Trinity,105,12862,1273,1256,308,1564,20
2022-07-02,Tulare,107,460477,112685,112118,30631,142749,1500
2022-07-02,Tuolumne,109,53932,14047,13886,763,14649,189
2022-07-02,Ventura,111,848112,191100,189493,12247,201740,1517
2022-07-02,Yolo,113,214977,44152,42760,3579,46339,324
2022-07-02,Yuba,115,75493,17280,17168,1467,18635,124
2022-07-01,Alameda,001,1643700,311613,307672,17282,324954,1898
2022-07-01,Alpine,002,1148,129,129,1,130,0
2022-07-01,Amador,005,37829,9318,9243,775,10018,87
2022-07-01,Butte,007,227075,36214,35846,8051,43897,436
2022-07-01,Calaveras,009,45235,7872,7836,423,8259,124
2022-07-01,Colusa,011,21464,3583,3566,1132,4698,22
2022-07-01,Contra Costa,013,1133247,227736,221545,17560,239105,1343
2022-07-01,Del Norte,015,27424,6687,6543,315,6858,53
2022-07-01,El Dorado,017,186661,29978,29764,3792,33556,217
2022-07-01,Fresno,019,978130,253245,247952,27075,275027,2783
2022-07-01,Glenn,021,27897,5250,5211,1737,6948,48
2022-07-01,Humboldt,023,135768,19646,19516,4023,23539,149
2022-07-01,Imperial,025,180216,59338,58768,11883,70651,944
2022-07-01,Inyo,027,18085,4290,4261,680,4941,56
2022-07-01,Kern,029,883053,203845,202502,51660,254162,2352
2022-07-01,Kings,031,150075,54506,54262,3676,57938,449
2022-07-01,Lake,033,64148,11676,11595,1023,12618,140
2022-07-01,Lassen,035,31185,9351,9336,931,10267,64
2022-07-01,Los Angeles,037,10098052,2998546,2969395,147645,3117040,32089
2022-07-01,Madera,039,155013,39941,39738,6841,46579,372
2022-07-01,Marin,041,260295,41119,40653,4631,45284,297
2022-07-01,Mariposa,043,17540,2804,2780,273,3053,30
2022-07-01,Mendocino,045,87422,14566,14464,3808,18272,127
2022-07-01,Merced,047,269075,66917,66093,9947,76040,832
2022-07-01,Modoc,049,8938,792,787,277,1064,8
2022-07-01,Mono,051,14174,3112,3099,190,3289,7
2022-07-01,Monterey,053,433212,86809,86212,17253,103465,744
2022-07-01,Napa,055,140530,29678,29486,1278,30764,145
2022-07-01,Nevada,057,99092,17685,17546,1503,19049,131
2022-07-01,Orange,059,3164182,608040,603511,51268,654779,7114
2022-07-01,Placer,061,380077,70304,69606,8586,78192,631
2022-07-01,Plumas,063,18699,3314,3294,402,3696,13
2022-07-01,Riverside,065,2383286,636781,632038,30828,662866,6502
2022-07-01,Sacramento,067,1510023,317610,315165,30869,346034,3100
2022-07-01,San Benito,069,59416,14636,14420,731,15151,100
2022-07-01,San Bernardino,071,2135413,614581,604093,27013,631106,7860
2022-07-01,San Diego,073,3302833,840094,834116,62631,896747,5341
2022-07-01,San Francisco,075,870044,160954,158871,10568,169439,910
2022-07-01,San Joaquin,077,732212,181998,180368,12073,192441,2256
2022-07-01,San Luis Obispo,079,281455,58590,58079,5674,63753,489
2022-07-01,San Mateo,081,765935,151932,149812,9461,159273,723
2022-07-01,Santa Barbara,083,443738,95902,95214,5638,100852,699
2022-07-01,Santa Clara,085,1922200,390025,381630,16679,398309,2355
2022-07-01,Santa Cruz,087,273765,56415,55757,2801,58558,267
2022-07-01,Shasta,089,179085,32503,32280,6558,38838,570
2022-07-01,Sierra,091,2930,288,283,57,340,4
2022-07-01,Siskiyou,093,43540,4814,4808,3014,7822,82
2022-07-01,Solano,095,438530,95637,94437,6858,101295,455
2022-07-01,Sonoma,097,501317,98177,97379,4423,101802,495
2022-07-01,Stanislaus,099,539301,126668,125788,19416,145204,1681
2022-07-01,Sutter,101,95872,22047,21935,2331,24266,228
2022-07-01,Tehama,103,63373,12718,12615,2744,15359,205
2022-07-01,Trinity,105,12862,1272,1256,308,1564,20
2022-07-01,Tulare,107,460477,112588,112118,30589,142707,1500
2022-07-01,Tuolumne,109,53932,14028,13886,756,14642,189
2022-07-01,Ventura,111,848112,190889,189493,12211,201704,1517
2022-07-01,Yolo,113,214977,44116,42760,3564,46324,324
2022-07-01,Yuba,115,75493,17259,17168,1467,18635,124
2022-06-30,Alameda,001,1643700,310787,307672,17226,324898,1898
2022-06-30,Alpine,002,1148,129,129,1,130,0
2022-06-30,Amador,005,37829,9308,9243,772,10015,87
2022-06-30,Butte,007,227075,36164,35846,8034,43880,436
2022-06-30,Calaveras,009,45235,7861,7836,422,8258,124
2022-06-30,Colusa,011,21464,3579,3566,1130,4696,22
2022-06-30,Contra Costa,013,1133247,227186,221545,17489,239034,1343
2022-06-30,Del Norte,015,27424,6670,6543,312,6855,53
2022-06-30,El Dorado,017,186661,29933,29764,3782,33546,217
2022-06-30,Fresno,019,978130,252846,247952,27026,274978,2783
2022-06-30,Glenn,021,27897,5247,5211,1737,6948,48
2022-06-30,Humboldt,023,135768,19609,19516,4017,23533,149
2022-06-30,Imperial,025,180216,59224,58768,11851,70619,944
2022-06-30,Inyo,027,18085,4284,4261,680,4941,56
2022-06-30,Kern,029,883053,203527,202502,51474,253976,2352
2022-06-30,Kings,031,150075,54430,54262,3673,57935,449
2022-06-30,Lake,033,64148,11657,11595,1020,12615,140
2022-06-30,Lassen,035,31185,9348,9336,930,10266,64
2022-06-30,Los Angeles,037,10098052,2993141,2969395,147045,3116440,32089
2022-06-30,Madera,039,155013,39875,39738,6814,46552,372
2022-06-30,Marin,041,260295,41035,40653,4624,45277,297
2022-06-30,Mariposa,043,17540,2797,2780,271,3051,30
2022-06-30,Mendocino,045,87422,14549,14464,3802,18266,127
2022-06-30,Merced,047,269075,66818,66093,9930,76023,832
2022-06-30,Modoc,049,8938,791,787,276,1063,8
2022-06-30,Mono,051,14174,3110,3099,189,3288,7
2022-06-30,Monterey,053,433212,86660,86212,17190,103402,744
2022-06-30,Napa,055,140530,29620,29486,1272,30758,145
2022-06-30,Nevada,057,99092,17657,17546,1496,19042,131
2022-06-30,Orange,059,3164182,606871,603511,51061,654572,7114
2022-06-30,Placer,061,380077,70155,69606,8558,78164,631
2022-06-30,Plumas,063,18699,3309,3294,401,3695,13
2022-06-30,Riverside,065,2383286,635681,632038,30758,662796,6502
2022-06-30,Sacramento,067,1510023,317016,315165,30830,345995,3100
2022-06-30,San Benito,069,59416,14600,14420,728,15148,100
2022-06-30,San Bernardino,071,2135413,613533,604093,26971,631064,7860
2022-06-30,San Diego,073,3302833,838577,834116,62420,896536,5341
2022-06-30,San Francisco,075,870044,160531,158871,10538,169409,910
2022-06-30,San Joaquin,077,732212,181718,180368,12042,192410,2256
2022-06-30,San Luis Obispo,079,281455,58490,58079,5646,63725,489
2022-06-30,San Mateo,081,765935,151508,149812,9430,159242,723
2022-06-30,Santa Barbara,083,443738,95704,95214,5626,100840,699
2022-06-30,Santa Clara,085,1922200,388931,381630,16634,398264,2355
2022-06-30,Santa Cruz,087,273765,56296,55757,2787,58544,267
2022-06-30,Shasta,089,179085,32463,32280,6539,38819,570
2022-06-30,Sierra,091,2930,288,283,57,340,4
2022-06-30,Siskiyou,093,43540,4809,4808,3007,7815,82
2022-06-30,Solano,095,438530,95433,94437,6826,101263,455
2022-06-30,Sonoma,097,501317,98013,97379,4402,101781,495
2022-06-30,Stanislaus,099,539301,126474,125788,19385,145173,1681
2022-06-30,Sutter,101,95872,22014,21935,2329,24264,228
2022-06-30,Tehama,103,63373,12697,12615,2741,15356,205
2022-06-30,Trinity,105,12862,1266,1256,306,1562,20
2022-06-30,Tulare,107,460477,112439,112118,30514,142632,1500
2022-06-30,Tuolumne,109,53932,14009,13886,750,14636,189
2022-06-30,Ventura,111,848112,190545,189493,12136,201629,1517
2022-06-30,Yolo,113,214977,44044,42760,3547,46307,324
2022-06-30,Yuba,115,75493,17231,17168,1461,18629,124
2022-06-29,Alameda,001,1643700,309986,305288,17185,322473,1895
2022-06-29,Alpine,002,1148,129,129,1,130,0
2022-06-29,Amador,005,37829,9301,9205,772,9977,87
2022-06-29,Butte,007,227075,36116,35651,8018,43669,434
2022-06-29,Calaveras,009,45235,7850,7798,419,8217,124
2022-06-29,Colusa,011,21464,3576,3548,1128,4676,22
2022-06-29,Contra Costa,013,1133247,226703,219921,17435,237356,1339
2022-06-29,Del Norte,015,27424,6644,6484,308,6792,53
2022-06-29,El Dorado,017,186661,29875,29549,3766,33315,216
2022-06-29,Fresno,019,978130,252453,246740,26960,273700,2777
2022-06-29,Glenn,021,27897,5246,5192,1735,6927,48
2022-06-29,Humboldt,023,135768,19583,19411,4007,23418,149
2022-06-29,Imperial,025,180216,59105,58498,11805,70303,944
2022-06-29,Inyo,027,18085,4280,4243,675,4918,56
2022-06-29,Kern,029,883053,203242,201537,51293,252830,2343
2022-06-29,Kings,031,150075,54340,54031,3671,57702,448
2022-06-29,Lake,033,64148,11630,11548,1016,12564,140
2022-06-29,Lassen,035,31185,9343,9310,930,10240,64
2022-06-29,Los Angeles,037,10098052,2987503,2955489,146451,3101940,32062
2022-06-29,Madera,039,155013,39824,39554,6805,46359,372
2022-06-29,Marin,041,260295,40931,40397,4618,45015,297
2022-06-29,Mariposa,043,17540,2795,2753,271,3024,30
2022-06-29,Mendocino,045,87422,14520,14383,3786,18169,127
2022-06-29,Merced,047,269075,66724,65733,9918,75651,830
2022-06-29,Modoc,049,8938,789,780,275,1055,8
2022-06-29,Mono,051,14174,3110,3081,187,3268,7
2022-06-29,Monterey,053,433212,86528,85711,17140,102851,743
2022-06-29,Napa,055,140530,29568,29285,1268,30553,144
2022-06-29,Nevada,057,99092,17623,17439,1492,18931,129
2022-06-29,Orange,059,3164182,605707,599951,50878,650829,7095
2022-06-29,Placer,061,380077,70019,69244,8549,77793,629
2022-06-29,Plumas,063,18699,3306,3267,399,3666,13
2022-06-29,Riverside,065,2383286,634624,629035,30690,659725,6493
2022-06-29,Sacramento,067,1510023,316420,313224,30786,344010,3082
2022-06-29,San Benito,069,59416,14564,14302,720,15022,100
2022-06-29,San Bernardino,071,2135413,612539,600960,26874,627834,7825
2022-06-29,San Diego,073,3302833,836850,828907,62185,891092,5336
2022-06-29,San Francisco,075,870044,160037,157419,10504,167923,902
2022-06-29,San Joaquin,077,732212,181424,179476,12004,191480,2252
2022-06-29,San Luis Obispo,079,281455,58355,57783,5608,63391,486
2022-06-29,San Mateo,081,765935,151121,148533,9410,157943,723
2022-06-29,Santa Barbara,083,443738,95553,94683,5615,100298,699
2022-06-29,Santa Clara,085,1922200,387935,378000,16574,394574,2348
2022-06-29,Santa Cruz,087,273765,56171,55432,2773,58205,266
2022-06-29,Shasta,089,179085,32416,32106,6523,38629,570
2022-06-29,Sierra,091,2930,286,283,57,340,4
2022-06-29,Siskiyou,093,43540,4803,4773,3007,7780,82
2022-06-29,Solano,095,438530,95198,92975,6807,99782,455
2022-06-29,Sonoma,097,501317,97829,96854,4390,101244,493
2022-06-29,Stanislaus,099,539301,126298,125189,19355,144544,1674
2022-06-29,Sutter,101,95872,21961,21836,2324,24160,227
2022-06-29,Tehama,103,63373,12678,12561,2740,15301,205
2022-06-29,Trinity,105,12862,1264,1245,305,1550,20
2022-06-29,Tulare,107,460477,112304,111707,30441,142148,1499
2022-06-29,Tuolumne,109,53932,13984,13779,734,14513,189
2022-06-29,Ventura,111,848112,190238,188519,12072,200591,1514
2022-06-29,Yolo,113,214977,43942,42410,3536,45946,323
2022-06-29,Yuba,115,75493,17202,17082,1459,18541,124
2022-06-28,Alameda,001,1643700,309137,305288,17148,322436,1895
2022-06-28,Alpine,002,1148,129,129,1,130,0
2022-06-28,Amador,005,37829,9296,9205,771,9976,87
2022-06-28,Butte,007,227075,36050,35651,8000,43651,434
2022-06-28,Calaveras,009,45235,7838,7798,419,8217,124
2022-06-28,Colusa,011,21464,3575,3548,1127,4675,22
2022-06-28,Contra Costa,013,1133247,226097,219921,17372,237293,1339
2022-06-28,Del Norte,015,27424,6607,6484,306,6790,53
2022-06-28,El Dorado,017,186661,29827,29549,3755,33304,216
2022-06-28,Fresno,019,978130,252017,246740,26904,273644,2777
2022-06-28,Glenn,021,27897,5238,5192,1730,6922,48
2022-06-28,Humboldt,023,135768,19563,19411,4000,23411,149
2022-06-28,Imperial,025,180216,59010,58498,11728,70226,944
2022-06-28,Inyo,027,18085,4274,4243,669,4912,56
2022-06-28,Kern,029,883053,202947,201537,51079,252616,2343
2022-06-28,Kings,031,150075,54259,54031,3666,57697,448
2022-06-28,Lake,033,64148,11619,11548,1014,12562,140
2022-06-28,Lassen,035,31185,9336,9310,930,10240,64
2022-06-28,Los Angeles,037,10098052,2981567,2955489,145840,3101329,32062
2022-06-28,Madera,039,155013,39765,39554,6788,46342,372
2022-06-28,Marin,041,260295,40823,40397,4611,45008,297
2022-06-28,Mariposa,043,17540,2787,2753,269,3022,30
2022-06-28,Mendocino,045,87422,14492,14383,3774,18157,127
2022-06-28,Merced,047,269075,66621,65733,9900,75633,830
2022-06-28,Modoc,049,8938,787,780,274,1054,8
2022-06-28,Mono,051,14174,3103,3081,185,3266,7
2022-06-28,Monterey,053,433212,86403,85711,17093,102804,743
2022-06-28,Napa,055,140530,29500,29285,1265,30550,144
2022-06-28,Nevada,057,99092,17592,17439,1488,18927,129
2022-06-28,Orange,059,3164182,604355,599951,50693,650644,7095
2022-06-28,Placer,061,380077,69859,69244,8540,77784,629
2022-06-28,Plumas,063,18699,3306,3267,398,3665,13
2022-06-28,Riverside,065,2383286,633424,629035,30643,659678,6493
2022-06-28,Sacramento,067,1510023,315745,313224,30723,343947,3082
2022-06-28,San Benito,069,59416,14525,14302,719,15021,100
2022-06-28,San Bernardino,071,2135413,611411,600960,26828,627788,7825
2022-06-28,San Diego,073,3302833,834990,828907,61944,890851,5336
2022-06-28,San Francisco,075,870044,159508,157419,10480,167899,902
2022-06-28,San Joaquin,077,732212,181114,179476,11968,191444,2252
2022-06-28,San Luis Obispo,079,281455,58236,57783,5571,63354,486
2022-06-28,San Mateo,081,765935,150658,148533,9385,157918,723
2022-06-28,Santa Barbara,083,443738,95383,94683,5598,100281,699
2022-06-28,Santa Clara,085,1922200,386814,378000,16516,394516,2348
2022-06-28,Santa Cruz,087,273765,56038,55432,2765,58197,266
2022-06-28,Shasta,089,179085,32369,32106,6510,38616,570
2022-06-28,Sierra,091,2930,286,283,57,340,4
2022-06-28,Siskiyou,093,43540,4797,4773,3001,7774,82
2022-06-28,Solano,095,438530,94922,92975,6789,99764,455
2022-06-28,Sonoma,097,501317,97620,96854,4374,101228,493
2022-06-28,Stanislaus,099,539301,126097,125189,19332,144521,1674
2022-06-28,Sutter,101,95872,21926,21836,2322,24158,227
2022-06-28,Tehama,103,63373,12658,12561,2736,15297,205
2022-06-28,Trinity,105,12862,1261,1245,303,1548,20
2022-06-28,Tulare,107,460477,112117,111707,30367,142074,1499
2022-06-28,Tuolumne,109,53932,13953,13779,728,14507,189
2022-06-28,Ventura,111,848112,189915,188519,11993,200512,1514
2022-06-28,Yolo,113,214977,43831,42410,3530,45940,323
2022-06-28,Yuba,115,75493,17166,17082,1455,18537,124
2022-06-27,Alameda,001,1643700,308195,305288,17093,322381,1895
2022-06-27,Alpine,002,1148,129,129,1,130,0
2022-06-27,Amador,005,37829,9281,9205,769,9974,87
2022-06-27,Butte,007,227075,35996,35651,7980,43631,434
2022-06-27,Calaveras,009,45235,7824,7798,419,8217,124
2022-06-27,Colusa,011,21464,3571,3548,1125,4673,22
2022-06-27,Contra Costa,013,1133247,225416,219921,17308,237229,1339
2022-06-27,Del Norte,015,27424,6586,6484,300,6784,53
2022-06-27,El Dorado,017,186661,29762,29549,3737,33286,216
2022-06-27,Fresno,019,978130,251544,246740,26834,273574,2777
2022-06-27,Glenn,021,27897,5232,5192,1723,6915,48
2022-06-27,Humboldt,023,135768,19528,19411,3988,23399,149
2022-06-27,Imperial,025,180216,58872,58498,11662,70160,944
2022-06-27,Inyo,027,18085,4264,4243,660,4903,56
2022-06-27,Kern,029,883053,202589,201537,50871,252408,2343
2022-06-27,Kings,031,150075,54172,54031,3663,57694,448
2022-06-27,Lake,033,64148,11600,11548,1009,12557,140
2022-06-27,Lassen,035,31185,9327,9310,930,10240,64
2022-06-27,Los Angeles,037,10098052,2975366,2955489,145273,3100762,32062
2022-06-27,Madera,039,155013,39700,39554,6776,46330,372
2022-06-27,Marin,041,260295,40716,40397,4598,44995,297
2022-06-27,Mariposa,043,17540,2778,2753,267,3020,30
2022-06-27,Mendocino,045,87422,14462,14383,3768,18151,127
2022-06-27,Merced,047,269075,66511,65733,9865,75598,830
2022-06-27,Modoc,049,8938,782,780,273,1053,8
2022-06-27,Mono,051,14174,3102,3081,185,3266,7
2022-06-27,Monterey,053,433212,86252,85711,17032,102743,743
2022-06-27,Napa,055,140530,29431,29285,1262,30547,144
2022-06-27,Nevada,057,99092,17562,17439,1474,18913,129
2022-06-27,Orange,059,3164182,602990,599951,50473,650424,7095
2022-06-27,Placer,061,380077,69744,69244,8517,77761,629
2022-06-27,Plumas,063,18699,3301,3267,397,3664,13
2022-06-27,Riverside,065,2383286,632271,629035,30577,659612,6493
2022-06-27,Sacramento,067,1510023,315019,313224,30671,343895,3082
2022-06-27,San Benito,069,59416,14470,14302,716,15018,100
2022-06-27,San Bernardino,071,2135413,610301,600960,26781,627741,7825
2022-06-27,San Diego,073,3302833,833065,828907,61714,890621,5336
2022-06-27,San Francisco,075,870044,158954,157419,10454,167873,902
2022-06-27,San Joaquin,077,732212,180771,179476,11926,191402,2252
2022-06-27,San Luis Obispo,079,281455,58121,57783,5534,63317,486
2022-06-27,San Mateo,081,765935,150180,148533,9351,157884,723
2022-06-27,Santa Barbara,083,443738,95196,94683,5584,100267,699
2022-06-27,Santa Clara,085,1922200,385394,378000,16462,394462,2348
2022-06-27,Santa Cruz,087,273765,55868,55432,2757,58189,266
2022-06-27,Shasta,089,179085,32308,32106,6492,38598,570
2022-06-27,Sierra,091,2930,286,283,57,340,4
2022-06-27,Siskiyou,093,43540,4787,4773,2994,7767,82
2022-06-27,Solano,095,438530,94611,92975,6757,99732,455
2022-06-27,Sonoma,097,501317,97427,96854,4355,101209,493
2022-06-27,Stanislaus,099,539301,125870,125189,19311,144500,1674
2022-06-27,Sutter,101,95872,21886,21836,2319,24155,227
2022-06-27,Tehama,103,63373,12636,12561,2734,15295,205
2022-06-27,Trinity,105,12862,1259,1245,301,1546,20
2022-06-27,Tulare,107,460477,111941,111707,30280,141987,1499
2022-06-27,Tuolumne,109,53932,13918,13779,720,14499,189
2022-06-27,Ventura,111,848112,189535,188519,11931,200450,1514
2022-06-27,Yolo,113,214977,43705,42410,3522,45932,323
2022-06-27,Yuba,115,75493,17138,17082,1452,18534,124
2022-06-26,Alameda,001,1643700,307113,302071,17038,319109,1891
2022-06-26,Alpine,002,1148,129,129,1,130,0
2022-06-26,Amador,005,37829,9242,9135,767,9902,87
2022-06-26,Butte,007,227075,35923,35406,7955,43361,433
2022-06-26,Calaveras,009,45235,7809,7754,416,8170,124
2022-06-26,Colusa,011,21464,3562,3540,1121,4661,22
2022-06-26,Contra Costa,013,1133247,224791,218053,17224,235277,1335
2022-06-26,Del Norte,015,27424,6564,6398,296,6694,52
2022-06-26,El Dorado,017,186661,29679,29313,3712,33025,216
2022-06-26,Fresno,019,978130,251006,245118,26768,271886,2777
2022-06-26,Glenn,021,27897,5227,5178,1720,6898,48
2022-06-26,Humboldt,023,135768,19493,19234,3977,23211,149
2022-06-26,Imperial,025,180216,58726,58127,11569,69696,944
2022-06-26,Inyo,027,18085,4253,4228,647,4875,56
2022-06-26,Kern,029,883053,202281,200556,50664,251220,2344
2022-06-26,Kings,031,150075,54064,53783,3659,57442,448
2022-06-26,Lake,033,64148,11581,11471,1007,12478,140
2022-06-26,Lassen,035,31185,9318,9287,930,10217,64
2022-06-26,Los Angeles,037,10098052,2968777,2936815,144630,3081445,32036
2022-06-26,Madera,039,155013,39631,39319,6756,46075,372
2022-06-26,Marin,041,260295,40595,39979,4577,44556,297
2022-06-26,Mariposa,043,17540,2770,2713,267,2980,30
2022-06-26,Mendocino,045,87422,14433,14292,3741,18033,127
2022-06-26,Merced,047,269075,66381,65408,9838,75246,828
2022-06-26,Modoc,049,8938,781,777,271,1048,8
2022-06-26,Mono,051,14174,3092,3076,185,3261,7
2022-06-26,Monterey,053,433212,86078,85275,16971,102246,743
2022-06-26,Napa,055,140530,29351,29054,1259,30313,144
2022-06-26,Nevada,057,99092,17518,17339,1470,18809,129
2022-06-26,Orange,059,3164182,601504,595761,50263,646024,7090
2022-06-26,Placer,061,380077,69614,68785,8493,77278,628
2022-06-26,Plumas,063,18699,3289,3241,397,3638,13
2022-06-26,Riverside,065,2383286,631045,625794,30520,656314,6493
2022-06-26,Sacramento,067,1510023,314196,310837,30605,341442,3077
2022-06-26,San Benito,069,59416,14425,14192,713,14905,99
2022-06-26,San Bernardino,071,2135413,609090,598062,26722,624784,7803
2022-06-26,San Diego,073,3302833,830881,822848,61541,884389,5332
2022-06-26,San Francisco,075,870044,158320,155609,10402,166011,899
2022-06-26,San Joaquin,077,732212,180393,178447,11881,190328,2252
2022-06-26,San Luis Obispo,079,281455,57986,57472,5483,62955,485
2022-06-26,San Mateo,081,765935,149662,146955,9321,156276,723
2022-06-26,Santa Barbara,083,443738,94988,94017,5556,99573,699
2022-06-26,Santa Clara,085,1922200,384011,373961,16381,390342,2338
2022-06-26,Santa Cruz,087,273765,55711,54874,2748,57622,265
2022-06-26,Shasta,089,179085,32226,31921,6474,38395,570
2022-06-26,Sierra,091,2930,285,283,57,340,4
2022-06-26,Siskiyou,093,43540,4769,4744,2987,7731,81
2022-06-26,Solano,095,438530,94339,92248,6719,98967,455
2022-06-26,Sonoma,097,501317,97193,95981,4319,100300,493
2022-06-26,Stanislaus,099,539301,125669,124493,19282,143775,1672
2022-06-26,Sutter,101,95872,21846,21733,2318,24051,227
2022-06-26,Tehama,103,63373,12619,12510,2728,15238,205
2022-06-26,Trinity,105,12862,1254,1233,299,1532,20
2022-06-26,Tulare,107,460477,111760,111188,30199,141387,1496
2022-06-26,Tuolumne,109,53932,13890,13688,713,14401,189
2022-06-26,Ventura,111,848112,189140,187389,11852,199241,1514
2022-06-26,Yolo,113,214977,43590,41932,3508,45440,323
2022-06-26,Yuba,115,75493,17101,16994,1443,18437,124
2022-06-25,Alameda,001,1643700,306641,302071,17023,319094,1891
2022-06-25,Alpine,002,1148,129,129,1,130,0
2022-06-25,Amador,005,37829,9232,9135,766,9901,87
2022-06-25,Butte,007,227075,35884,35406,7933,43339,433
2022-06-25,Calaveras,009,45235,7800,7754,416,8170,124
2022-06-25,Colusa,011,21464,3557,3540,1121,4661,22
2022-06-25,Contra Costa,013,1133247,224431,218053,17181,235234,1335
2022-06-25,Del Norte,015,27424,6550,6398,293,6691,52
2022-06-25,El Dorado,017,186661,29640,29313,3706,33019,216
2022-06-25,Fresno,019,978130,250774,245118,26742,271860,2777
2022-06-25,Glenn,021,27897,5222,5178,1718,6896,48
2022-06-25,Humboldt,023,135768,19472,19234,3966,23200,149
2022-06-25,Imperial,025,180216,58644,58127,11544,69671,944
2022-06-25,Inyo,027,18085,4251,4228,643,4871,56
2022-06-25,Kern,029,883053,202122,200556,50559,251115,2344
2022-06-25,Kings,031,150075,54026,53783,3659,57442,448
2022-06-25,Lake,033,64148,11572,11471,1006,12477,140
2022-06-25,Lassen,035,31185,9312,9287,928,10215,64
2022-06-25,Los Angeles,037,10098052,2965762,2936815,144248,3081063,32036
2022-06-25,Madera,039,155013,39598,39319,6753,46072,372
2022-06-25,Marin,041,260295,40542,39979,4570,44549,297
2022-06-25,Mariposa,043,17540,2768,2713,267,2980,30
2022-06-25,Mendocino,045,87422,14421,14292,3736,18028,127
2022-06-25,Merced,047,269075,66304,65408,9835,75243,828
2022-06-25,Modoc,049,8938,781,777,271,1048,8
2022-06-25,Mono,051,14174,3087,3076,185,3261,7
2022-06-25,Monterey,053,433212,85977,85275,16942,102217,743
2022-06-25,Napa,055,140530,29320,29054,1255,30309,144
2022-06-25,Nevada,057,99092,17494,17339,1466,18805,129
2022-06-25,Orange,059,3164182,600804,595761,50121,645882,7090
2022-06-25,Placer,061,380077,69515,68785,8473,77258,628
2022-06-25,Plumas,063,18699,3285,3241,397,3638,13
2022-06-25,Riverside,065,2383286,630400,625794,30478,656272,6493
2022-06-25,Sacramento,067,1510023,313885,310837,30577,341414,3077
2022-06-25,San Benito,069,59416,14400,14192,712,14904,99
2022-06-25,San Bernardino,071,2135413,608491,598062,26694,624756,7803
2022-06-25,San Diego,073,3302833,829974,822848,61477,884325,5332
2022-06-25,San Francisco,075,870044,158025,155609,10384,165993,899
2022-06-25,San Joaquin,077,732212,180243,178447,11866,190313,2252
2022-06-25,San Luis Obispo,079,281455,57915,57472,5473,62945,485
2022-06-25,San Mateo,081,765935,149386,146955,9300,156255,723
2022-06-25,Santa Barbara,083,443738,94845,94017,5543,99560,699
2022-06-25,Santa Clara,085,1922200,383157,373961,16353,390314,2338
2022-06-25,Santa Cruz,087,273765,55641,54874,2745,57619,265
2022-06-25,Shasta,089,179085,32190,31921,6460,38381,570
2022-06-25,Sierra,091,2930,285,283,57,340,4
2022-06-25,Siskiyou,093,43540,4766,4744,2984,7728,81
2022-06-25,Solano,095,438530,94254,92248,6698,98946,455
2022-06-25,Sonoma,097,501317,97082,95981,4308,100289,493
2022-06-25,Stanislaus,099,539301,125539,124493,19263,143756,1672
2022-06-25,Sutter,101,95872,21825,21733,2317,24050,227
2022-06-25,Tehama,103,63373,12607,12510,2723,15233,205
2022-06-25,Trinity,105,12862,1253,1233,297,1530,20
2022-06-25,Tulare,107,460477,111678,111188,30161,141349,1496
2022-06-25,Tuolumne,109,53932,13871,13688,710,14398,189
2022-06-25,Ventura,111,848112,188932,187389,11823,199212,1514
2022-06-25,Yolo,113,214977,43525,41932,3502,45434,323
2022-06-25,Yuba,115,75493,17080,16994,1442,18436,124
2022-06-24,Alameda,001,1643700,306065,302071,16989,319060,1891
2022-06-24,Alpine,002,1148,129,129,1,130,0
2022-06-24,Amador,005,37829,9225,9135,764,9899,87
2022-06-24,Butte,007,227075,35854,35406,7919,43325,433
2022-06-24,Calaveras,009,45235,7795,7754,415,8169,124
2022-06-24,Colusa,011,21464,3556,3540,1118,4658,22
2022-06-24,Contra Costa,013,1133247,224089,218053,17155,235208,1335
2022-06-24,Del Norte,015,27424,6539,6398,291,6689,52
2022-06-24,El Dorado,017,186661,29597,29313,3702,33015,216
2022-06-24,Fresno,019,978130,250484,245118,26706,271824,2777
2022-06-24,Glenn,021,27897,5220,5178,1718,6896,48
2022-06-24,Humboldt,023,135768,19441,19234,3961,23195,149
2022-06-24,Imperial,025,180216,58572,58127,11514,69641,944
2022-06-24,Inyo,027,18085,4249,4228,639,4867,56
2022-06-24,Kern,029,883053,201949,200556,50463,251019,2344
2022-06-24,Kings,031,150075,53982,53783,3655,57438,448
2022-06-24,Lake,033,64148,11561,11471,1006,12477,140
2022-06-24,Lassen,035,31185,9309,9287,927,10214,64
2022-06-24,Los Angeles,037,10098052,2962480,2936815,143922,3080737,32036
2022-06-24,Madera,039,155013,39552,39319,6747,46066,372
2022-06-24,Marin,041,260295,40466,39979,4558,44537,297
2022-06-24,Mariposa,043,17540,2761,2713,267,2980,30
2022-06-24,Mendocino,045,87422,14412,14292,3733,18025,127
2022-06-24,Merced,047,269075,66266,65408,9826,75234,828
2022-06-24,Modoc,049,8938,781,777,271,1048,8
2022-06-24,Mono,051,14174,3083,3076,184,3260,7
2022-06-24,Monterey,053,433212,85896,85275,16915,102190,743
2022-06-24,Napa,055,140530,29292,29054,1254,30308,144
2022-06-24,Nevada,057,99092,17478,17339,1460,18799,129
2022-06-24,Orange,059,3164182,600115,595761,49975,645736,7090
2022-06-24,Placer,061,380077,69438,68785,8461,77246,628
2022-06-24,Plumas,063,18699,3281,3241,397,3638,13
2022-06-24,Riverside,065,2383286,629754,625794,30434,656228,6493
2022-06-24,Sacramento,067,1510023,313489,310837,30554,341391,3077
2022-06-24,San Benito,069,59416,14387,14192,711,14903,99
2022-06-24,San Bernardino,071,2135413,607903,598062,26669,624731,7803
2022-06-24,San Diego,073,3302833,828936,822848,61395,884243,5332
2022-06-24,San Francisco,075,870044,157711,155609,10357,165966,899
2022-06-24,San Joaquin,077,732212,180064,178447,11840,190287,2252
2022-06-24,San Luis Obispo,079,281455,57870,57472,5468,62940,485
2022-06-24,San Mateo,081,765935,149050,146955,9287,156242,723
2022-06-24,Santa Barbara,083,443738,94714,94017,5540,99557,699
2022-06-24,Santa Clara,085,1922200,382324,373961,16300,390261,2338
2022-06-24,Santa Cruz,087,273765,55540,54874,2734,57608,265
2022-06-24,Shasta,089,179085,32160,31921,6451,38372,570
2022-06-24,Sierra,091,2930,285,283,57,340,4
2022-06-24,Siskiyou,093,43540,4758,4744,2983,7727,81
2022-06-24,Solano,095,438530,94102,92248,6684,98932,455
2022-06-24,Sonoma,097,501317,96943,95981,4291,100272,493
2022-06-24,Stanislaus,099,539301,125414,124493,19241,143734,1672
2022-06-24,Sutter,101,95872,21810,21733,2316,24049,227
2022-06-24,Tehama,103,63373,12592,12510,2717,15227,205
2022-06-24,Trinity,105,12862,1250,1233,297,1530,20
2022-06-24,Tulare,107,460477,111577,111188,30104,141292,1496
2022-06-24,Tuolumne,109,53932,13852,13688,704,14392,189
2022-06-24,Ventura,111,848112,188705,187389,11794,199183,1514
2022-06-24,Yolo,113,214977,43432,41932,3493,45425,323
2022-06-24,Yuba,115,75493,17062,16994,1442,18436,124
2022-06-23,Alameda,001,1643700,305241,302071,16927,318998,1891
2022-06-23,Alpine,002,1148,129,129,1,130,0
2022-06-23,Amador,005,37829,9216,9135,763,9898,87
2022-06-23,Butte,007,227075,35794,35406,7900,43306,433
2022-06-23,Calaveras,009,45235,7784,7754,414,8168,124
2022-06-23,Colusa,011,21464,3549,3540,1116,4656,22
2022-06-23,Contra Costa,013,1133247,223578,218053,17061,235114,1335
2022-06-23,Del Norte,015,27424,6507,6398,289,6687,52
2022-06-23,El Dorado,017,186661,29540,29313,3690,33003,216
2022-06-23,Fresno,019,978130,250075,245118,26644,271762,2777
2022-06-23,Glenn,021,27897,5217,5178,1709,6887,48
2022-06-23,Humboldt,023,135768,19419,19234,3957,23191,149
2022-06-23,Imperial,025,180216,58498,58127,11461,69588,944
2022-06-23,Inyo,027,18085,4246,4228,636,4864,56
2022-06-23,Kern,029,883053,201667,200556,50313,250869,2344
2022-06-23,Kings,031,150075,53922,53783,3652,57435,448
2022-06-23,Lake,033,64148,11540,11471,1006,12477,140
2022-06-23,Lassen,035,31185,9299,9287,926,10213,64
2022-06-23,Los Angeles,037,10098052,2957811,2936815,143380,3080195,32036
2022-06-23,Madera,039,155013,39490,39319,6732,46051,372
2022-06-23,Marin,041,260295,40352,39979,4534,44513,297
2022-06-23,Mariposa,043,17540,2749,2713,267,2980,30
2022-06-23,Mendocino,045,87422,14383,14292,3729,18021,127
2022-06-23,Merced,047,269075,66188,65408,9810,75218,828
2022-06-23,Modoc,049,8938,780,777,271,1048,8
2022-06-23,Mono,051,14174,3081,3076,183,3259,7
2022-06-23,Monterey,053,433212,85750,85275,16862,102137,743
2022-06-23,Napa,055,140530,29235,29054,1253,30307,144
2022-06-23,Nevada,057,99092,17445,17339,1460,18799,129
2022-06-23,Orange,059,3164182,599102,595761,49790,645551,7090
2022-06-23,Placer,061,380077,69299,68785,8440,77225,628
2022-06-23,Plumas,063,18699,3276,3241,395,3636,13
2022-06-23,Riverside,065,2383286,628833,625794,30385,656179,6493
2022-06-23,Sacramento,067,1510023,312886,310837,30509,341346,3077
2022-06-23,San Benito,069,59416,14356,14192,709,14901,99
2022-06-23,San Bernardino,071,2135413,607108,598062,26635,624697,7803
2022-06-23,San Diego,073,3302833,827465,822848,61196,884044,5332
2022-06-23,San Francisco,075,870044,157249,155609,10324,165933,899
2022-06-23,San Joaquin,077,732212,179787,178447,11813,190260,2252
2022-06-23,San Luis Obispo,079,281455,57781,57472,5436,62908,485
2022-06-23,San Mateo,081,765935,148701,146955,9252,156207,723
2022-06-23,Santa Barbara,083,443738,94548,94017,5512,99529,699
2022-06-23,Santa Clara,085,1922200,381329,373961,16252,390213,2338
2022-06-23,Santa Cruz,087,273765,55429,54874,2722,57596,265
2022-06-23,Shasta,089,179085,32118,31921,6439,38360,570
2022-06-23,Sierra,091,2930,284,283,57,340,4
2022-06-23,Siskiyou,093,43540,4752,4744,2976,7720,81
2022-06-23,Solano,095,438530,93853,92248,6643,98891,455
2022-06-23,Sonoma,097,501317,96746,95981,4271,100252,493
2022-06-23,Stanislaus,099,539301,125234,124493,19210,143703,1672
2022-06-23,Sutter,101,95872,21776,21733,2316,24049,227
2022-06-23,Tehama,103,63373,12583,12510,2714,15224,205
2022-06-23,Trinity,105,12862,1248,1233,297,1530,20
2022-06-23,Tulare,107,460477,111451,111188,30035,141223,1496
2022-06-23,Tuolumne,109,53932,13825,13688,692,14380,189
2022-06-23,Ventura,111,848112,188409,187389,11757,199146,1514
2022-06-23,Yolo,113,214977,43328,41932,3482,45414,323
2022-06-23,Yuba,115,75493,17041,16994,1436,18430,124
2022-06-22,Alameda,001,1643700,304413,299567,16868,316435,1888
2022-06-22,Alpine,002,1148,129,129,1,130,0
2022-06-22,Amador,005,37829,9210,9049,762,9811,87
2022-06-22,Butte,007,227075,35728,35203,7882,43085,433
2022-06-22,Calaveras,009,45235,7772,7716,414,8130,122
2022-06-22,Colusa,011,21464,3546,3529,1116,4645,21
2022-06-22,Contra Costa,013,1133247,223057,216355,17006,233361,1328
2022-06-22,Del Norte,015,27424,6489,6367,288,6655,52
2022-06-22,El Dorado,017,186661,29477,29139,3677,32816,215
2022-06-22,Fresno,019,978130,249653,244129,26589,270718,2772
2022-06-22,Glenn,021,27897,5215,5161,1704,6865,48
2022-06-22,Humboldt,023,135768,19367,19111,3937,23048,148
2022-06-22,Imperial,025,180216,58397,57866,11428,69294,944
2022-06-22,Inyo,027,18085,4241,4222,635,4857,56
2022-06-22,Kern,029,883053,201395,199721,50179,249900,2341
2022-06-22,Kings,031,150075,53858,53568,3648,57216,448
2022-06-22,Lake,033,64148,11523,11426,1000,12426,140
2022-06-22,Lassen,035,31185,9291,9259,924,10183,64
2022-06-22,Los Angeles,037,10098052,2952849,2925667,142915,3068582,32015
2022-06-22,Madera,039,155013,39433,39139,6713,45852,372
2022-06-22,Marin,041,260295,40249,39687,4528,44215,297
2022-06-22,Mariposa,043,17540,2743,2695,264,2959,30
2022-06-22,Mendocino,045,87422,14367,14201,3708,17909,127
2022-06-22,Merced,047,269075,66091,65120,9786,74906,827
2022-06-22,Modoc,049,8938,779,773,267,1040,8
2022-06-22,Mono,051,14174,3080,3073,181,3254,7
2022-06-22,Monterey,053,433212,85623,84752,16819,101571,742
2022-06-22,Napa,055,140530,29165,28894,1249,30143,144
2022-06-22,Nevada,057,99092,17426,17280,1450,18730,129
2022-06-22,Orange,059,3164182,597911,592215,49599,641814,7084
2022-06-22,Placer,061,380077,69184,68447,8430,76877,628
2022-06-22,Plumas,063,18699,3266,3220,395,3615,13
2022-06-22,Riverside,065,2383286,627984,623584,30329,653913,6491
2022-06-22,Sacramento,067,1510023,312259,309105,30475,339580,3071
2022-06-22,San Benito,069,59416,14331,14128,706,14834,99
2022-06-22,San Bernardino,071,2135413,606308,595517,26605,622122,7774
2022-06-22,San Diego,073,3302833,825860,815124,61007,876131,5318
2022-06-22,San Francisco,075,870044,156767,154213,10294,164507,897
2022-06-22,San Joaquin,077,732212,179524,177637,11788,189425,2251
2022-06-22,San Luis Obispo,079,281455,57691,57177,5401,62578,485
2022-06-22,San Mateo,081,765935,148292,145781,9229,155010,723
2022-06-22,Santa Barbara,083,443738,94401,93576,5498,99074,700
2022-06-22,Santa Clara,085,1922200,380228,370678,16142,386820,2340
2022-06-22,Santa Cruz,087,273765,55310,54525,2709,57234,265
2022-06-22,Shasta,089,179085,32073,31786,6424,38210,570
2022-06-22,Sierra,091,2930,284,283,57,340,4
2022-06-22,Siskiyou,093,43540,4745,4711,2973,7684,81
2022-06-22,Solano,095,438530,93594,91528,6577,98105,454
2022-06-22,Sonoma,097,501317,96536,95363,4250,99613,493
2022-06-22,Stanislaus,099,539301,125038,124023,19153,143176,1670
2022-06-22,Sutter,101,95872,21744,21649,2315,23964,227
2022-06-22,Tehama,103,63373,12573,12465,2712,15177,205
2022-06-22,Trinity,105,12862,1246,1223,297,1520,20
2022-06-22,Tulare,107,460477,111316,110768,29955,140723,1496
2022-06-22,Tuolumne,109,53932,13806,13596,686,14282,189
2022-06-22,Ventura,111,848112,188104,186601,11705,198306,1514
2022-06-22,Yolo,113,214977,43206,41689,3471,45160,323
2022-06-22,Yuba,115,75493,17021,16912,1432,18344,124
2022-06-21,Alameda,001,1643700,303612,299567,16831,316398,1888
2022-06-21,Alpine,002,1148,129,129,1,130,0
2022-06-21,Amador,005,37829,9203,9049,759,9808,87
2022-06-21,Butte,007,227075,35656,35203,7870,43073,433
2022-06-21,Calaveras,009,45235,7763,7716,413,8129,122
2022-06-21,Colusa,011,21464,3544,3529,1114,4643,21
2022-06-21,Contra Costa,013,1133247,222493,216355,16957,233312,1328
2022-06-21,Del Norte,015,27424,6458,6367,286,6653,52
2022-06-21,El Dorado,017,186661,29405,29139,3670,32809,215
2022-06-21,Fresno,019,978130,249215,244129,26522,270651,2772
2022-06-21,Glenn,021,27897,5208,5161,1702,6863,48
2022-06-21,Humboldt,023,135768,19315,19111,3924,23035,148
2022-06-21,Imperial,025,180216,58302,57866,11393,69259,944
2022-06-21,Inyo,027,18085,4236,4222,629,4851,56
2022-06-21,Kern,029,883053,201073,199721,49994,249715,2341
2022-06-21,Kings,031,150075,53783,53568,3647,57215,448
2022-06-21,Lake,033,64148,11500,11426,997,12423,140
2022-06-21,Lassen,035,31185,9281,9259,921,10180,64
2022-06-21,Los Angeles,037,10098052,2948027,2925667,142406,3068073,32015
2022-06-21,Madera,039,155013,39349,39139,6702,45841,372
2022-06-21,Marin,041,260295,40159,39687,4516,44203,297
2022-06-21,Mariposa,043,17540,2737,2695,263,2958,30
2022-06-21,Mendocino,045,87422,14338,14201,3699,17900,127
2022-06-21,Merced,047,269075,65991,65120,9754,74874,827
2022-06-21,Modoc,049,8938,776,773,266,1039,8
2022-06-21,Mono,051,14174,3078,3073,180,3253,7
2022-06-21,Monterey,053,433212,85467,84752,16777,101529,742
2022-06-21,Napa,055,140530,29112,28894,1248,30142,144
2022-06-21,Nevada,057,99092,17398,17280,1447,18727,129
2022-06-21,Orange,059,3164182,596721,592215,49449,641664,7084
2022-06-21,Placer,061,380077,69056,68447,8418,76865,628
2022-06-21,Plumas,063,18699,3257,3220,394,3614,13
2022-06-21,Riverside,065,2383286,627021,623584,30269,653853,6491
2022-06-21,Sacramento,067,1510023,311565,309105,30427,339532,3071
2022-06-21,San Benito,069,59416,14295,14128,703,14831,99
2022-06-21,San Bernardino,071,2135413,605482,595517,26558,622075,7774
2022-06-21,San Diego,073,3302833,824180,815124,60803,875927,5318
2022-06-21,San Francisco,075,870044,156289,154213,10262,164475,897
2022-06-21,San Joaquin,077,732212,179205,177637,11758,189395,2251
2022-06-21,San Luis Obispo,079,281455,57580,57177,5356,62533,485
2022-06-21,San Mateo,081,765935,147800,145781,9209,154990,723
2022-06-21,Santa Barbara,083,443738,94234,93576,5484,99060,700
2022-06-21,Santa Clara,085,1922200,379063,370678,16093,386771,2340
2022-06-21,Santa Cruz,087,273765,55180,54525,2701,57226,265
2022-06-21,Shasta,089,179085,32027,31786,6406,38192,570
2022-06-21,Sierra,091,2930,284,283,57,340,4
2022-06-21,Siskiyou,093,43540,4737,4711,2965,7676,81
2022-06-21,Solano,095,438530,93331,91528,6559,98087,454
2022-06-21,Sonoma,097,501317,96300,95363,4226,99589,493
2022-06-21,Stanislaus,099,539301,124846,124023,19123,143146,1670
2022-06-21,Sutter,101,95872,21720,21649,2313,23962,227
2022-06-21,Tehama,103,63373,12559,12465,2712,15177,205
2022-06-21,Trinity,105,12862,1240,1223,297,1520,20
2022-06-21,Tulare,107,460477,111176,110768,29896,140664,1496
2022-06-21,Tuolumne,109,53932,13782,13596,680,14276,189
2022-06-21,Ventura,111,848112,187781,186601,11650,198251,1514
2022-06-21,Yolo,113,214977,43074,41689,3459,45148,323
2022-06-21,Yuba,115,75493,16992,16912,1431,18343,124
2022-06-20,Alameda,001,1643700,302711,299567,16769,316336,1888
2022-06-20,Alpine,002,1148,129,129,1,130,0
2022-06-20,Amador,005,37829,9193,9049,757,9806,87
2022-06-20,Butte,007,227075,35586,35203,7856,43059,433
2022-06-20,Calaveras,009,45235,7756,7716,413,8129,122
2022-06-20,Colusa,011,21464,3543,3529,1113,4642,21
2022-06-20,Contra Costa,013,1133247,221892,216355,16889,233244,1328
2022-06-20,Del Norte,015,27424,6446,6367,282,6649,52
2022-06-20,El Dorado,017,186661,29335,29139,3651,32790,215
2022-06-20,Fresno,019,978130,248724,244129,26458,270587,2772
2022-06-20,Glenn,021,27897,5204,5161,1699,6860,48
2022-06-20,Humboldt,023,135768,19267,19111,3907,23018,148
2022-06-20,Imperial,025,180216,58169,57866,11360,69226,944
2022-06-20,Inyo,027,18085,4232,4222,624,4846,56
2022-06-20,Kern,029,883053,200776,199721,49845,249566,2341
2022-06-20,Kings,031,150075,53702,53568,3645,57213,448
2022-06-20,Lake,033,64148,11478,11426,995,12421,140
2022-06-20,Lassen,035,31185,9276,9259,920,10179,64
2022-06-20,Los Angeles,037,10098052,2942620,2925667,141925,3067592,32015
2022-06-20,Madera,039,155013,39287,39139,6684,45823,372
2022-06-20,Marin,041,260295,40057,39687,4493,44180,297
2022-06-20,Mariposa,043,17540,2723,2695,263,2958,30
2022-06-20,Mendocino,045,87422,14309,14201,3694,17895,127
2022-06-20,Merced,047,269075,65898,65120,9728,74848,827
2022-06-20,Modoc,049,8938,775,773,265,1038,8
2022-06-20,Mono,051,14174,3077,3073,177,3250,7
2022-06-20,Monterey,053,433212,85318,84752,16712,101464,742
2022-06-20,Napa,055,140530,29040,28894,1245,30139,144
2022-06-20,Nevada,057,99092,17373,17280,1438,18718,129
2022-06-20,Orange,059,3164182,595455,592215,49288,641503,7084
2022-06-20,Placer,061,380077,68936,68447,8405,76852,628
2022-06-20,Plumas,063,18699,3251,3220,394,3614,13
2022-06-20,Riverside,065,2383286,626082,623584,30201,653785,6491
2022-06-20,Sacramento,067,1510023,310858,309105,30355,339460,3071
2022-06-20,San Benito,069,59416,14249,14128,697,14825,99
2022-06-20,San Bernardino,071,2135413,604580,595517,26520,622037,7774
2022-06-20,San Diego,073,3302833,822193,815124,60548,875672,5318
2022-06-20,San Francisco,075,870044,155671,154213,10223,164436,897
2022-06-20,San Joaquin,077,732212,178879,177637,11712,189349,2251
2022-06-20,San Luis Obispo,079,281455,57476,57177,5308,62485,485
2022-06-20,San Mateo,081,765935,147293,145781,9184,154965,723
2022-06-20,Santa Barbara,083,443738,94049,93576,5459,99035,700
2022-06-20,Santa Clara,085,1922200,377858,370678,16032,386710,2340
2022-06-20,Santa Cruz,087,273765,55007,54525,2694,57219,265
2022-06-20,Shasta,089,179085,31971,31786,6394,38180,570
2022-06-20,Sierra,091,2930,284,283,56,339,4
2022-06-20,Siskiyou,093,43540,4724,4711,2953,7664,81
2022-06-20,Solano,095,438530,92999,91528,6537,98065,454
2022-06-20,Sonoma,097,501317,96061,95363,4200,99563,493
2022-06-20,Stanislaus,099,539301,124660,124023,19094,143117,1670
2022-06-20,Sutter,101,95872,21689,21649,2294,23943,227
2022-06-20,Tehama,103,63373,12544,12465,2709,15174,205
2022-06-20,Trinity,105,12862,1235,1223,297,1520,20
2022-06-20,Tulare,107,460477,111031,110768,29834,140602,1496
2022-06-20,Tuolumne,109,53932,13746,13596,680,14276,189
2022-06-20,Ventura,111,848112,187445,186601,11610,198211,1514
2022-06-20,Yolo,113,214977,42912,41689,3441,45130,323
2022-06-20,Yuba,115,75493,16967,16912,1425,18337,124
2022-06-19,Alameda,001,1643700,301785,296062,16738,312800,1883
2022-06-19,Alpine,002,1148,129,129,1,130,0
2022-06-19,Amador,005,37829,9143,8985,744,9729,87
2022-06-19,Butte,007,227075,35525,34920,7833,42753,432
2022-06-19,Calaveras,009,45235,7738,7664,412,8076,122
2022-06-19,Colusa,011,21464,3539,3519,1109,4628,21
2022-06-19,Contra Costa,013,1133247,221204,213994,16824,230818,1323
2022-06-19,Del Norte,015,27424,6429,6307,279,6586,52
2022-06-19,El Dorado,017,186661,29254,28904,3636,32540,215
2022-06-19,Fresno,019,978130,248275,242214,26389,268603,2768
2022-06-19,Glenn,021,27897,5195,5131,1697,6828,48
2022-06-19,Humboldt,023,135768,19222,18885,3882,22767,148
2022-06-19,Imperial,025,180216,58046,57450,11327,68777,944
2022-06-19,Inyo,027,18085,4231,4209,623,4832,56
2022-06-19,Kern,029,883053,200410,198567,49673,248240,2340
2022-06-19,Kings,031,150075,53608,53242,3642,56884,448
2022-06-19,Lake,033,64148,11464,11318,994,12312,140
2022-06-19,Lassen,035,31185,9263,9225,920,10145,64
2022-06-19,Los Angeles,037,10098052,2937753,2909197,141368,3050565,31999
2022-06-19,Madera,039,155013,39195,38859,6663,45522,372
2022-06-19,Marin,041,260295,39929,39214,4483,43697,294
2022-06-19,Mariposa,043,17540,2716,2662,262,2924,30
2022-06-19,Mendocino,045,87422,14282,14090,3681,17771,127
2022-06-19,Merced,047,269075,65797,64734,9698,74432,827
2022-06-19,Modoc,049,8938,772,771,264,1035,8
2022-06-19,Mono,051,14174,3075,3066,176,3242,6
2022-06-19,Monterey,053,433212,85170,84032,16666,100698,744
2022-06-19,Napa,055,140530,28979,28619,1241,29860,144
2022-06-19,Nevada,057,99092,17343,17134,1430,18564,129
2022-06-19,Orange,059,3164182,594200,587176,49095,636271,7074
2022-06-19,Placer,061,380077,68817,67961,8384,76345,628
2022-06-19,Plumas,063,18699,3243,3201,394,3595,13
2022-06-19,Riverside,065,2383286,625208,619760,30152,649912,6488
2022-06-19,Sacramento,067,1510023,310127,306215,30301,336516,3072
2022-06-19,San Benito,069,59416,14230,13985,695,14680,99
2022-06-19,San Bernardino,071,2135413,603758,591926,26483,618409,7765
2022-06-19,San Diego,073,3302833,820663,815124,60424,875548,5318
2022-06-19,San Francisco,075,870044,155152,151898,10184,162082,897
2022-06-19,San Joaquin,077,732212,178556,176323,11674,187997,2251
2022-06-19,San Luis Obispo,079,281455,57337,56767,5251,62018,485
2022-06-19,San Mateo,081,765935,146838,143879,9151,153030,723
2022-06-19,Santa Barbara,083,443738,93879,92906,5443,98349,699
2022-06-19,Santa Clara,085,1922200,376682,365638,15969,381607,2328
2022-06-19,Santa Cruz,087,273765,54844,53866,2675,56541,264
2022-06-19,Shasta,089,179085,31912,31647,6383,38030,568
2022-06-19,Sierra,091,2930,284,281,56,337,4
2022-06-19,Siskiyou,093,43540,4712,4672,2947,7619,81
2022-06-19,Solano,095,438530,92740,90548,6524,97072,454
2022-06-19,Sonoma,097,501317,95819,94318,4179,98497,493
2022-06-19,Stanislaus,099,539301,124474,123264,19045,142309,1668
2022-06-19,Sutter,101,95872,21654,21501,2286,23787,227
2022-06-19,Tehama,103,63373,12535,12410,2703,15113,205
2022-06-19,Trinity,105,12862,1232,1220,297,1517,20
2022-06-19,Tulare,107,460477,110849,110041,29781,139822,1496
2022-06-19,Tuolumne,109,53932,13719,13487,680,14167,189
2022-06-19,Ventura,111,848112,187093,185219,11565,196784,1513
2022-06-19,Yolo,113,214977,42824,41135,3428,44563,323
2022-06-19,Yuba,115,75493,16935,16786,1422,18208,124
2022-06-18,Alameda,001,1643700,301316,296062,16718,312780,1883
2022-06-18,Alpine,002,1148,129,129,1,130,0
2022-06-18,Amador,005,37829,9136,8985,740,9725,87
2022-06-18,Butte,007,227075,35475,34920,7822,42742,432
2022-06-18,Calaveras,009,45235,7726,7664,412,8076,122
2022-06-18,Colusa,011,21464,3536,3519,1109,4628,21
2022-06-18,Contra Costa,013,1133247,220889,213994,16796,230790,1323
2022-06-18,Del Norte,015,27424,6423,6307,278,6585,52
2022-06-18,El Dorado,017,186661,29225,28904,3633,32537,215
2022-06-18,Fresno,019,978130,248075,242214,26371,268585,2768
2022-06-18,Glenn,021,27897,5192,5131,1696,6827,48
2022-06-18,Humboldt,023,135768,19193,18885,3875,22760,148
2022-06-18,Imperial,025,180216,57976,57450,11314,68764,944
2022-06-18,Inyo,027,18085,4230,4209,622,4831,56
2022-06-18,Kern,029,883053,200287,198567,49587,248154,2340
2022-06-18,Kings,031,150075,53572,53242,3641,56883,448
2022-06-18,Lake,033,64148,11453,11318,992,12310,140
2022-06-18,Lassen,035,31185,9259,9225,920,10145,64
2022-06-18,Los Angeles,037,10098052,2935312,2909197,141078,3050275,31999
2022-06-18,Madera,039,155013,39172,38859,6657,45516,372
2022-06-18,Marin,041,260295,39865,39214,4473,43687,294
2022-06-18,Mariposa,043,17540,2711,2662,262,2924,30
2022-06-18,Mendocino,045,87422,14260,14090,3678,17768,127
2022-06-18,Merced,047,269075,65732,64734,9688,74422,827
2022-06-18,Modoc,049,8938,772,771,264,1035,8
2022-06-18,Mono,051,14174,3074,3066,176,3242,6
2022-06-18,Monterey,053,433212,85079,84032,16638,100670,744
2022-06-18,Napa,055,140530,28954,28619,1240,29859,144
2022-06-18,Nevada,057,99092,17331,17134,1429,18563,129
2022-06-18,Orange,059,3164182,593577,587176,48981,636157,7074
2022-06-18,Placer,061,380077,68751,67961,8370,76331,628
2022-06-18,Plumas,063,18699,3235,3201,394,3595,13
2022-06-18,Riverside,065,2383286,624674,619760,30137,649897,6488
2022-06-18,Sacramento,067,1510023,309807,306215,30277,336492,3072
2022-06-18,San Benito,069,59416,14215,13985,688,14673,99
2022-06-18,San Bernardino,071,2135413,603328,591926,26461,618387,7765
2022-06-18,San Diego,073,3302833,819945,815124,60363,875487,5318
2022-06-18,San Francisco,075,870044,154819,151898,10165,162063,897
2022-06-18,San Joaquin,077,732212,178393,176323,11665,187988,2251
2022-06-18,San Luis Obispo,079,281455,57292,56767,5242,62009,485
2022-06-18,San Mateo,081,765935,146568,143879,9129,153008,723
2022-06-18,Santa Barbara,083,443738,93768,92906,5433,98339,699
2022-06-18,Santa Clara,085,1922200,375929,365638,15923,381561,2328
2022-06-18,Santa Cruz,087,273765,54768,53866,2665,56531,264
2022-06-18,Shasta,089,179085,31891,31647,6380,38027,568
2022-06-18,Sierra,091,2930,284,281,56,337,4
2022-06-18,Siskiyou,093,43540,4704,4672,2943,7615,81
2022-06-18,Solano,095,438530,92656,90548,6515,97063,454
2022-06-18,Sonoma,097,501317,95679,94318,4161,98479,493
2022-06-18,Stanislaus,099,539301,124368,123264,19024,142288,1668
2022-06-18,Sutter,101,95872,21633,21501,2283,23784,227
2022-06-18,Tehama,103,63373,12526,12410,2699,15109,205
2022-06-18,Trinity,105,12862,1231,1220,297,1517,20
2022-06-18,Tulare,107,460477,110765,110041,29741,139782,1496
2022-06-18,Tuolumne,109,53932,13697,13487,677,14164,189
2022-06-18,Ventura,111,848112,186918,185219,11542,196761,1513
2022-06-18,Yolo,113,214977,42755,41135,3423,44558,323
2022-06-18,Yuba,115,75493,16922,16786,1422,18208,124
2022-06-17,Alameda,001,1643700,300841,296062,16704,312766,1883
2022-06-17,Alpine,002,1148,129,129,1,130,0
2022-06-17,Amador,005,37829,9127,8985,740,9725,87
2022-06-17,Butte,007,227075,35444,34920,7812,42732,432
2022-06-17,Calaveras,009,45235,7718,7664,412,8076,122
2022-06-17,Colusa,011,21464,3535,3519,1104,4623,21
2022-06-17,Contra Costa,013,1133247,220590,213994,16771,230765,1323
2022-06-17,Del Norte,015,27424,6409,6307,278,6585,52
2022-06-17,El Dorado,017,186661,29192,28904,3629,32533,215
2022-06-17,Fresno,019,978130,247829,242214,26345,268559,2768
2022-06-17,Glenn,021,27897,5191,5131,1690,6821,48
2022-06-17,Humboldt,023,135768,19166,18885,3871,22756,148
2022-06-17,Imperial,025,180216,57923,57450,11302,68752,944
2022-06-17,Inyo,027,18085,4226,4209,616,4825,56
2022-06-17,Kern,029,883053,200133,198567,49545,248112,2340
2022-06-17,Kings,031,150075,53545,53242,3640,56882,448
2022-06-17,Lake,033,64148,11445,11318,991,12309,140
2022-06-17,Lassen,035,31185,9258,9225,919,10144,64
2022-06-17,Los Angeles,037,10098052,2932470,2909197,140779,3049976,31999
2022-06-17,Madera,039,155013,39147,38859,6651,45510,372
2022-06-17,Marin,041,260295,39770,39214,4460,43674,294
2022-06-17,Mariposa,043,17540,2707,2662,262,2924,30
2022-06-17,Mendocino,045,87422,14243,14090,3674,17764,127
2022-06-17,Merced,047,269075,65675,64734,9683,74417,827
2022-06-17,Modoc,049,8938,772,771,264,1035,8
2022-06-17,Mono,051,14174,3074,3066,176,3242,6
2022-06-17,Monterey,053,433212,84989,84032,16608,100640,744
2022-06-17,Napa,055,140530,28915,28619,1237,29856,144
2022-06-17,Nevada,057,99092,17313,17134,1424,18558,129
2022-06-17,Orange,059,3164182,592900,587176,48845,636021,7074
2022-06-17,Placer,061,380077,68691,67961,8358,76319,628
2022-06-17,Plumas,063,18699,3234,3201,393,3594,13
2022-06-17,Riverside,065,2383286,624123,619760,30101,649861,6488
2022-06-17,Sacramento,067,1510023,309418,306215,30256,336471,3072
2022-06-17,San Benito,069,59416,14203,13985,688,14673,99
2022-06-17,San Bernardino,071,2135413,602888,591926,26430,618356,7765
2022-06-17,San Diego,073,3302833,818982,815124,60259,875383,5318
2022-06-17,San Francisco,075,870044,154503,151898,10132,162030,897
2022-06-17,San Joaquin,077,732212,178241,176323,11654,187977,2251
2022-06-17,San Luis Obispo,079,281455,57255,56767,5236,62003,485
2022-06-17,San Mateo,081,765935,146264,143879,9110,152989,723
2022-06-17,Santa Barbara,083,443738,93662,92906,5421,98327,699
2022-06-17,Santa Clara,085,1922200,375103,365638,15891,381529,2328
2022-06-17,Santa Cruz,087,273765,54702,53866,2660,56526,264
2022-06-17,Shasta,089,179085,31864,31647,6372,38019,568
2022-06-17,Sierra,091,2930,284,281,56,337,4
2022-06-17,Siskiyou,093,43540,4697,4672,2943,7615,81
2022-06-17,Solano,095,438530,92511,90548,6503,97051,454
2022-06-17,Sonoma,097,501317,95514,94318,4144,98462,493
2022-06-17,Stanislaus,099,539301,124272,123264,19014,142278,1668
2022-06-17,Sutter,101,95872,21611,21501,2277,23778,227
2022-06-17,Tehama,103,63373,12511,12410,2696,15106,205
2022-06-17,Trinity,105,12862,1231,1220,297,1517,20
2022-06-17,Tulare,107,460477,110676,110041,29710,139751,1496
2022-06-17,Tuolumne,109,53932,13684,13487,676,14163,189
2022-06-17,Ventura,111,848112,186738,185219,11521,196740,1513
2022-06-17,Yolo,113,214977,42672,41135,3410,44545,323
2022-06-17,Yuba,115,75493,16915,16786,1419,18205,124
2022-06-16,Alameda,001,1643700,300057,296062,16658,312720,1883
2022-06-16,Alpine,002,1148,129,129,1,130,0
2022-06-16,Amador,005,37829,9120,8985,735,9720,87
2022-06-16,Butte,007,227075,35369,34920,7796,42716,432
2022-06-16,Calaveras,009,45235,7706,7664,410,8074,122
2022-06-16,Colusa,011,21464,3533,3519,1103,4622,21
2022-06-16,Contra Costa,013,1133247,220126,213994,16720,230714,1323
2022-06-16,Del Norte,015,27424,6395,6307,277,6584,52
2022-06-16,El Dorado,017,186661,29140,28904,3617,32521,215
2022-06-16,Fresno,019,978130,247455,242214,26283,268497,2768
2022-06-16,Glenn,021,27897,5182,5131,1689,6820,48
2022-06-16,Humboldt,023,135768,19136,18885,3857,22742,148
2022-06-16,Imperial,025,180216,57824,57450,11273,68723,944
2022-06-16,Inyo,027,18085,4225,4209,613,4822,56
2022-06-16,Kern,029,883053,199922,198567,49429,247996,2340
2022-06-16,Kings,031,150075,53478,53242,3637,56879,448
2022-06-16,Lake,033,64148,11429,11318,991,12309,140
2022-06-16,Lassen,035,31185,9251,9225,919,10144,64
2022-06-16,Los Angeles,037,10098052,2928483,2909197,140420,3049617,31999
2022-06-16,Madera,039,155013,39116,38859,6641,45500,372
2022-06-16,Marin,041,260295,39670,39214,4447,43661,294
2022-06-16,Mariposa,043,17540,2699,2662,260,2922,30
2022-06-16,Mendocino,045,87422,14214,14090,3664,17754,127
2022-06-16,Merced,047,269075,65596,64734,9664,74398,827
2022-06-16,Modoc,049,8938,772,771,264,1035,8
2022-06-16,Mono,051,14174,3073,3066,175,3241,6
2022-06-16,Monterey,053,433212,84840,84032,16553,100585,744
2022-06-16,Napa,055,140530,28870,28619,1234,29853,144
2022-06-16,Nevada,057,99092,17290,17134,1419,18553,129
2022-06-16,Orange,059,3164182,591877,587176,48707,635883,7074
2022-06-16,Placer,061,380077,68606,67961,8335,76296,628
2022-06-16,Plumas,063,18699,3227,3201,392,3593,13
2022-06-16,Riverside,065,2383286,623378,619760,30057,649817,6488
2022-06-16,Sacramento,067,1510023,308838,306215,30222,336437,3072
2022-06-16,San Benito,069,59416,14179,13985,685,14670,99
2022-06-16,San Bernardino,071,2135413,602229,591926,26392,618318,7765
2022-06-16,San Diego,073,3302833,817462,815124,60099,875223,5318
2022-06-16,San Francisco,075,870044,154055,151898,10092,161990,897
2022-06-16,San Joaquin,077,732212,177988,176323,11634,187957,2251
2022-06-16,San Luis Obispo,079,281455,57177,56767,5216,61983,485
2022-06-16,San Mateo,081,765935,145897,143879,9094,152973,723
2022-06-16,Santa Barbara,083,443738,93513,92906,5407,98313,699
2022-06-16,Santa Clara,085,1922200,374157,365638,15843,381481,2328
2022-06-16,Santa Cruz,087,273765,54569,53866,2648,56514,264
2022-06-16,Shasta,089,179085,31834,31647,6361,38008,568
2022-06-16,Sierra,091,2930,283,281,56,337,4
2022-06-16,Siskiyou,093,43540,4688,4672,2934,7606,81
2022-06-16,Solano,095,438530,92316,90548,6491,97039,454
2022-06-16,Sonoma,097,501317,95327,94318,4127,98445,493
2022-06-16,Stanislaus,099,539301,124110,123264,18997,142261,1668
2022-06-16,Sutter,101,95872,21586,21501,2275,23776,227
2022-06-16,Tehama,103,63373,12492,12410,2694,15104,205
2022-06-16,Trinity,105,12862,1229,1220,294,1514,20
2022-06-16,Tulare,107,460477,110545,110041,29669,139710,1496
2022-06-16,Tuolumne,109,53932,13660,13487,672,14159,189
2022-06-16,Ventura,111,848112,186467,185219,11476,196695,1513
2022-06-16,Yolo,113,214977,42582,41135,3399,44534,323
2022-06-16,Yuba,115,75493,16891,16786,1415,18201,124
2022-06-15,Alameda,001,1643700,299272,295002,16632,311634,1880
2022-06-15,Alpine,002,1148,129,129,1,130,0
2022-06-15,Amador,005,37829,9112,8972,735,9707,87
2022-06-15,Butte,007,227075,35306,34841,7777,42618,430
2022-06-15,Calaveras,009,45235,7703,7648,408,8056,122
2022-06-15,Colusa,011,21464,3529,3515,1101,4616,21
2022-06-15,Contra Costa,013,1133247,219663,213219,16676,229895,1321
2022-06-15,Del Norte,015,27424,6384,6298,276,6574,52
2022-06-15,El Dorado,017,186661,29086,28829,3605,32434,215
2022-06-15,Fresno,019,978130,247083,241768,26237,268005,2767
2022-06-15,Glenn,021,27897,5176,5128,1681,6809,48
2022-06-15,Humboldt,023,135768,19098,18836,3832,22668,148
2022-06-15,Imperial,025,180216,57741,57373,11249,68622,941
2022-06-15,Inyo,027,18085,4223,4205,612,4817,56
2022-06-15,Kern,029,883053,199657,198216,49322,247538,2338
2022-06-15,Kings,031,150075,53425,53170,3634,56804,448
2022-06-15,Lake,033,64148,11409,11303,986,12289,140
2022-06-15,Lassen,035,31185,9247,9209,918,10127,64
2022-06-15,Los Angeles,037,10098052,2924197,2897298,140059,3037357,31971
2022-06-15,Madera,039,155013,39072,38776,6624,45400,372
2022-06-15,Marin,041,260295,39580,39027,4441,43468,294
2022-06-15,Mariposa,043,17540,2695,2651,258,2909,30
2022-06-15,Mendocino,045,87422,14182,14052,3654,17706,127
2022-06-15,Merced,047,269075,65515,64595,9652,74247,825
2022-06-15,Modoc,049,8938,771,772,264,1036,8
2022-06-15,Mono,051,14174,3073,3060,174,3234,6
2022-06-15,Monterey,053,433212,84699,83837,16513,100350,741
2022-06-15,Napa,055,140530,28810,28518,1225,29743,144
2022-06-15,Nevada,057,99092,17265,17107,1415,18522,127
2022-06-15,Orange,059,3164182,590851,585496,48535,634031,7067
2022-06-15,Placer,061,380077,68483,67805,8319,76124,628
2022-06-15,Plumas,063,18699,3222,3185,390,3575,13
2022-06-15,Riverside,065,2383286,622651,618584,30005,648589,6482
2022-06-15,Sacramento,067,1510023,308240,305361,30176,335537,3059
2022-06-15,San Benito,069,59416,14139,13953,678,14631,99
2022-06-15,San Bernardino,071,2135413,601574,590328,26352,616680,7735
2022-06-15,San Diego,073,3302833,815913,811093,59931,871024,5316
2022-06-15,San Francisco,075,870044,153627,151170,10067,161237,890
2022-06-15,San Joaquin,077,732212,177743,175966,11600,187566,2244
2022-06-15,San Luis Obispo,079,281455,57091,56535,5179,61714,486
2022-06-15,San Mateo,081,765935,145498,143277,9078,152355,722
2022-06-15,Santa Barbara,083,443738,93380,92710,5400,98110,698
2022-06-15,Santa Clara,085,1922200,373147,364014,15807,379821,2323
2022-06-15,Santa Cruz,087,273765,54454,53718,2643,56361,265
2022-06-15,Shasta,089,179085,31794,31598,6354,37952,568
2022-06-15,Sierra,091,2930,281,280,56,336,4
2022-06-15,Siskiyou,093,43540,4677,4656,2924,7580,81
2022-06-15,Solano,095,438530,92084,90265,6479,96744,453
2022-06-15,Sonoma,097,501317,95135,94041,4115,98156,492
2022-06-15,Stanislaus,099,539301,123968,122944,18972,141916,1668
2022-06-15,Sutter,101,95872,21558,21448,2270,23718,227
2022-06-15,Tehama,103,63373,12484,12392,2688,15080,205
2022-06-15,Trinity,105,12862,1228,1217,292,1509,20
2022-06-15,Tulare,107,460477,110441,109930,29632,139562,1495
2022-06-15,Tuolumne,109,53932,13649,13459,672,14131,189
2022-06-15,Ventura,111,848112,186195,184750,11427,196177,1509
2022-06-15,Yolo,113,214977,42478,40756,3384,44140,322
2022-06-15,Yuba,115,75493,16866,16754,1410,18164,124
2022-06-14,Alameda,001,1643700,298570,295002,16588,311590,1880
2022-06-14,Alpine,002,1148,129,129,1,130,0
2022-06-14,Amador,005,37829,9096,8972,730,9702,87
2022-06-14,Butte,007,227075,35251,34841,7761,42602,430
2022-06-14,Calaveras,009,45235,7692,7648,407,8055,122
2022-06-14,Colusa,011,21464,3527,3515,1100,4615,21
2022-06-14,Contra Costa,013,1133247,219128,213219,16617,229836,1321
2022-06-14,Del Norte,015,27424,6376,6298,273,6571,52
2022-06-14,El Dorado,017,186661,29034,28829,3597,32426,215
2022-06-14,Fresno,019,978130,246685,241768,26175,267943,2767
2022-06-14,Glenn,021,27897,5167,5128,1678,6806,48
2022-06-14,Humboldt,023,135768,19048,18836,3815,22651,148
2022-06-14,Imperial,025,180216,57667,57373,11219,68592,941
2022-06-14,Inyo,027,18085,4218,4205,611,4816,56
2022-06-14,Kern,029,883053,199395,198216,49206,247422,2338
2022-06-14,Kings,031,150075,53355,53170,3632,56802,448
2022-06-14,Lake,033,64148,11383,11303,985,12288,140
2022-06-14,Lassen,035,31185,9241,9209,915,10124,64
2022-06-14,Los Angeles,037,10098052,2919675,2897298,139638,3036936,31971
2022-06-14,Madera,039,155013,39018,38776,6615,45391,372
2022-06-14,Marin,041,260295,39471,39027,4430,43457,294
2022-06-14,Mariposa,043,17540,2684,2651,255,2906,30
2022-06-14,Mendocino,045,87422,14154,14052,3641,17693,127
2022-06-14,Merced,047,269075,65433,64595,9627,74222,825
2022-06-14,Modoc,049,8938,771,772,263,1035,8
2022-06-14,Mono,051,14174,3073,3060,173,3233,6
2022-06-14,Monterey,053,433212,84561,83837,16467,100304,741
2022-06-14,Napa,055,140530,28746,28518,1224,29742,144
2022-06-14,Nevada,057,99092,17234,17107,1410,18517,127
2022-06-14,Orange,059,3164182,589723,585496,48367,633863,7067
2022-06-14,Placer,061,380077,68360,67805,8304,76109,628
2022-06-14,Plumas,063,18699,3218,3185,390,3575,13
2022-06-14,Riverside,065,2383286,621868,618584,29970,648554,6482
2022-06-14,Sacramento,067,1510023,307608,305361,30093,335454,3059
2022-06-14,San Benito,069,59416,14104,13953,676,14629,99
2022-06-14,San Bernardino,071,2135413,600858,590328,26308,616636,7735
2022-06-14,San Diego,073,3302833,814204,811093,59782,870875,5316
2022-06-14,San Francisco,075,870044,153142,151170,10039,161209,890
2022-06-14,San Joaquin,077,732212,177474,175966,11564,187530,2244
2022-06-14,San Luis Obispo,079,281455,56982,56535,5131,61666,486
2022-06-14,San Mateo,081,765935,145112,143277,9064,152341,722
2022-06-14,Santa Barbara,083,443738,93244,92710,5384,98094,698
2022-06-14,Santa Clara,085,1922200,372079,364014,15763,379777,2323
2022-06-14,Santa Cruz,087,273765,54327,53718,2632,56350,265
2022-06-14,Shasta,089,179085,31764,31598,6346,37944,568
2022-06-14,Sierra,091,2930,281,280,56,336,4
2022-06-14,Siskiyou,093,43540,4667,4656,2918,7574,81
2022-06-14,Solano,095,438530,91821,90265,6457,96722,453
2022-06-14,Sonoma,097,501317,94920,94041,4101,98142,492
2022-06-14,Stanislaus,099,539301,123791,122944,18943,141887,1668
2022-06-14,Sutter,101,95872,21520,21448,2266,23714,227
2022-06-14,Tehama,103,63373,12466,12392,2687,15079,205
2022-06-14,Trinity,105,12862,1227,1217,292,1509,20
2022-06-14,Tulare,107,460477,110298,109930,29588,139518,1495
2022-06-14,Tuolumne,109,53932,13628,13459,668,14127,189
2022-06-14,Ventura,111,848112,185902,184750,11389,196139,1509
2022-06-14,Yolo,113,214977,42371,40756,3373,44129,322
2022-06-14,Yuba,115,75493,16836,16754,1407,18161,124
2022-06-13,Alameda,001,1643700,297744,295002,16536,311538,1880
2022-06-13,Alpine,002,1148,129,129,1,130,0
2022-06-13,Amador,005,37829,9089,8972,728,9700,87
2022-06-13,Butte,007,227075,35173,34841,7736,42577,430
2022-06-13,Calaveras,009,45235,7674,7648,407,8055,122
2022-06-13,Colusa,011,21464,3527,3515,1097,4612,21
2022-06-13,Contra Costa,013,1133247,218552,213219,16550,229769,1321
2022-06-13,Del Norte,015,27424,6364,6298,269,6567,52
2022-06-13,El Dorado,017,186661,28984,28829,3585,32414,215
2022-06-13,Fresno,019,978130,246258,241768,26119,267887,2767
2022-06-13,Glenn,021,27897,5163,5128,1674,6802,48
2022-06-13,Humboldt,023,135768,18995,18836,3791,22627,148
2022-06-13,Imperial,025,180216,57567,57373,11175,68548,941
2022-06-13,Inyo,027,18085,4214,4205,606,4811,56
2022-06-13,Kern,029,883053,199126,198216,49070,247286,2338
2022-06-13,Kings,031,150075,53289,53170,3628,56798,448
2022-06-13,Lake,033,64148,11358,11303,984,12287,140
2022-06-13,Lassen,035,31185,9233,9209,912,10121,64
2022-06-13,Los Angeles,037,10098052,2915104,2897298,139248,3036546,31971
2022-06-13,Madera,039,155013,38951,38776,6597,45373,372
2022-06-13,Marin,041,260295,39364,39027,4402,43429,294
2022-06-13,Mariposa,043,17540,2670,2651,254,2905,30
2022-06-13,Mendocino,045,87422,14130,14052,3625,17677,127
2022-06-13,Merced,047,269075,65357,64595,9599,74194,825
2022-06-13,Modoc,049,8938,770,772,263,1035,8
2022-06-13,Mono,051,14174,3071,3060,173,3233,6
2022-06-13,Monterey,053,433212,84426,83837,16416,100253,741
2022-06-13,Napa,055,140530,28675,28518,1220,29738,144
2022-06-13,Nevada,057,99092,17203,17107,1407,18514,127
2022-06-13,Orange,059,3164182,588488,585496,48183,633679,7067
2022-06-13,Placer,061,380077,68263,67805,8282,76087,628
2022-06-13,Plumas,063,18699,3213,3185,389,3574,13
2022-06-13,Riverside,065,2383286,621125,618584,29935,648519,6482
2022-06-13,Sacramento,067,1510023,306929,305361,30024,335385,3059
2022-06-13,San Benito,069,59416,14077,13953,670,14623,99
2022-06-13,San Bernardino,071,2135413,600060,590328,26277,616605,7735
2022-06-13,San Diego,073,3302833,812500,811093,59674,870767,5316
2022-06-13,San Francisco,075,870044,152607,151170,10021,161191,890
2022-06-13,San Joaquin,077,732212,177210,175966,11527,187493,2244
2022-06-13,San Luis Obispo,079,281455,56879,56535,5079,61614,486
2022-06-13,San Mateo,081,765935,144672,143277,9042,152319,722
2022-06-13,Santa Barbara,083,443738,93115,92710,5371,98081,698
2022-06-13,Santa Clara,085,1922200,371054,364014,15712,379726,2323
2022-06-13,Santa Cruz,087,273765,54189,53718,2625,56343,265
2022-06-13,Shasta,089,179085,31731,31598,6339,37937,568
2022-06-13,Sierra,091,2930,281,280,56,336,4
2022-06-13,Siskiyou,093,43540,4663,4656,2910,7566,81
2022-06-13,Solano,095,438530,91580,90265,6433,96698,453
2022-06-13,Sonoma,097,501317,94663,94041,4082,98123,492
2022-06-13,Stanislaus,099,539301,123624,122944,18919,141863,1668
2022-06-13,Sutter,101,95872,21492,21448,2262,23710,227
2022-06-13,Tehama,103,63373,12447,12392,2684,15076,205
2022-06-13,Trinity,105,12862,1225,1217,292,1509,20
2022-06-13,Tulare,107,460477,110146,109930,29541,139471,1495
2022-06-13,Tuolumne,109,53932,13605,13459,665,14124,189
2022-06-13,Ventura,111,848112,185610,184750,11337,196087,1509
2022-06-13,Yolo,113,214977,42234,40756,3361,44117,322
2022-06-13,Yuba,115,75493,16818,16754,1403,18157,124
2022-06-12,Alameda,001,1643700,296923,292112,16480,308592,1877
2022-06-12,Alpine,002,1148,129,129,1,130,0
2022-06-12,Amador,005,37829,9066,8869,727,9596,87
2022-06-12,Butte,007,227075,35116,34596,7715,42311,427
2022-06-12,Calaveras,009,45235,7660,7604,404,8008,122
2022-06-12,Colusa,011,21464,3526,3505,1096,4601,21
2022-06-12,Contra Costa,013,1133247,217962,211229,16479,227708,1315
2022-06-12,Del Norte,015,27424,6350,6253,269,6522,52
2022-06-12,El Dorado,017,186661,28923,28641,3568,32209,215
2022-06-12,Fresno,019,978130,245793,240345,26064,266409,2766
2022-06-12,Glenn,021,27897,5160,5104,1672,6776,48
2022-06-12,Humboldt,023,135768,18930,18696,3755,22451,148
2022-06-12,Imperial,025,180216,57489,57129,11131,68260,941
2022-06-12,Inyo,027,18085,4212,4194,605,4799,56
2022-06-12,Kern,029,883053,198844,197353,48949,246302,2338
2022-06-12,Kings,031,150075,53211,52978,3623,56601,447
2022-06-12,Lake,033,64148,11334,11202,983,12185,139
2022-06-12,Lassen,035,31185,9215,9172,910,10082,64
2022-06-12,Los Angeles,037,10098052,2910156,2878981,138765,3017746,31947
2022-06-12,Madera,039,155013,38858,38567,6571,45138,372
2022-06-12,Marin,041,260295,39255,38593,4378,42971,294
2022-06-12,Mariposa,043,17540,2664,2625,253,2878,30
2022-06-12,Mendocino,045,87422,14107,13945,3619,17564,127
2022-06-12,Merced,047,269075,65242,64286,9570,73856,825
2022-06-12,Modoc,049,8938,770,767,263,1030,8
2022-06-12,Mono,051,14174,3067,3052,172,3224,6
2022-06-12,Monterey,053,433212,84268,83391,16338,99729,739
2022-06-12,Napa,055,140530,28613,28202,1211,29413,143
2022-06-12,Nevada,057,99092,17159,16989,1401,18390,127
2022-06-12,Orange,059,3164182,587214,581624,47991,629615,7057
2022-06-12,Placer,061,380077,68149,67306,8260,75566,628
2022-06-12,Plumas,063,18699,3207,3172,388,3560,13
2022-06-12,Riverside,065,2383286,620180,615556,29867,645423,6481
2022-06-12,Sacramento,067,1510023,306184,302721,29915,332636,3058
2022-06-12,San Benito,069,59416,14043,13832,664,14496,99
2022-06-12,San Bernardino,071,2135413,599135,587385,26227,613612,7708
2022-06-12,San Diego,073,3302833,810764,805360,59538,864898,5315
2022-06-12,San Francisco,075,870044,152052,149278,9977,159255,890
2022-06-12,San Joaquin,077,732212,176852,174822,11500,186322,2244
2022-06-12,San Luis Obispo,079,281455,56742,56160,5018,61178,485
2022-06-12,San Mateo,081,765935,144206,141719,9001,150720,715
2022-06-12,Santa Barbara,083,443738,92942,92177,5356,97533,694
2022-06-12,Santa Clara,085,1922200,369872,359925,15666,375591,2322
2022-06-12,Santa Cruz,087,273765,54029,53171,2620,55791,264
2022-06-12,Shasta,089,179085,31684,31483,6325,37808,566
2022-06-12,Sierra,091,2930,281,278,56,334,4
2022-06-12,Siskiyou,093,43540,4655,4633,2905,7538,81
2022-06-12,Solano,095,438530,91288,89424,6414,95838,453
2022-06-12,Sonoma,097,501317,94407,93218,4058,97276,492
2022-06-12,Stanislaus,099,539301,123424,122267,18878,141145,1665
2022-06-12,Sutter,101,95872,21452,21333,2247,23580,227
2022-06-12,Tehama,103,63373,12428,12343,2679,15022,205
2022-06-12,Trinity,105,12862,1222,1213,292,1505,20
2022-06-12,Tulare,107,460477,109952,109467,29478,138945,1495
2022-06-12,Tuolumne,109,53932,13577,13382,663,14045,189
2022-06-12,Ventura,111,848112,185256,183680,11290,194970,1508
2022-06-12,Yolo,113,214977,42113,40202,3356,43558,323
2022-06-12,Yuba,115,75493,16790,16653,1396,18049,123
2022-06-11,Alameda,001,1643700,296506,292112,16458,308570,1877
2022-06-11,Alpine,002,1148,129,129,1,130,0
2022-06-11,Amador,005,37829,9052,8869,727,9596,87
2022-06-11,Butte,007,227075,35081,34596,7699,42295,427
2022-06-11,Calaveras,009,45235,7653,7604,403,8007,122
2022-06-11,Colusa,011,21464,3524,3505,1095,4600,21
2022-06-11,Contra Costa,013,1133247,217650,211229,16444,227673,1315
2022-06-11,Del Norte,015,27424,6342,6253,269,6522,52
2022-06-11,El Dorado,017,186661,28904,28641,3566,32207,215
2022-06-11,Fresno,019,978130,245597,240345,26044,266389,2766
2022-06-11,Glenn,021,27897,5158,5104,1672,6776,48
2022-06-11,Humboldt,023,135768,18910,18696,3747,22443,148
2022-06-11,Imperial,025,180216,57433,57129,11117,68246,941
2022-06-11,Inyo,027,18085,4212,4194,603,4797,56
2022-06-11,Kern,029,883053,198722,197353,48876,246229,2338
2022-06-11,Kings,031,150075,53179,52978,3622,56600,447
2022-06-11,Lake,033,64148,11326,11202,980,12182,139
2022-06-11,Lassen,035,31185,9210,9172,909,10081,64
2022-06-11,Los Angeles,037,10098052,2907809,2878981,138474,3017455,31947
2022-06-11,Madera,039,155013,38837,38567,6569,45136,372
2022-06-11,Marin,041,260295,39177,38593,4344,42937,294
2022-06-11,Mariposa,043,17540,2660,2625,252,2877,30
2022-06-11,Mendocino,045,87422,14096,13945,3615,17560,127
2022-06-11,Merced,047,269075,65194,64286,9566,73852,825
2022-06-11,Modoc,049,8938,770,767,263,1030,8
2022-06-11,Mono,051,14174,3067,3052,172,3224,6
2022-06-11,Monterey,053,433212,84184,83391,16306,99697,739
2022-06-11,Napa,055,140530,28574,28202,1207,29409,143
2022-06-11,Nevada,057,99092,17145,16989,1399,18388,127
2022-06-11,Orange,059,3164182,586574,581624,47853,629477,7057
2022-06-11,Placer,061,380077,68063,67306,8251,75557,628
2022-06-11,Plumas,063,18699,3204,3172,388,3560,13
2022-06-11,Riverside,065,2383286,619654,615556,29838,645394,6481
2022-06-11,Sacramento,067,1510023,305876,302721,29880,332601,3058
2022-06-11,San Benito,069,59416,14033,13832,661,14493,99
2022-06-11,San Bernardino,071,2135413,598713,587385,26204,613589,7708
2022-06-11,San Diego,073,3302833,810063,805360,59492,864852,5315
2022-06-11,San Francisco,075,870044,151731,149278,9957,159235,890
2022-06-11,San Joaquin,077,732212,176698,174822,11481,186303,2244
2022-06-11,San Luis Obispo,079,281455,56708,56160,5008,61168,485
2022-06-11,San Mateo,081,765935,143983,141719,8978,150697,715
2022-06-11,Santa Barbara,083,443738,92876,92177,5342,97519,694
2022-06-11,Santa Clara,085,1922200,369109,359925,15629,375554,2322
2022-06-11,Santa Cruz,087,273765,53974,53171,2606,55777,264
2022-06-11,Shasta,089,179085,31668,31483,6319,37802,566
2022-06-11,Sierra,091,2930,281,278,56,334,4
2022-06-11,Siskiyou,093,43540,4649,4633,2897,7530,81
2022-06-11,Solano,095,438530,91198,89424,6404,95828,453
2022-06-11,Sonoma,097,501317,94300,93218,4033,97251,492
2022-06-11,Stanislaus,099,539301,123322,122267,18855,141122,1665
2022-06-11,Sutter,101,95872,21434,21333,2246,23579,227
2022-06-11,Tehama,103,63373,12421,12343,2679,15022,205
2022-06-11,Trinity,105,12862,1221,1213,292,1505,20
2022-06-11,Tulare,107,460477,109866,109467,29450,138917,1495
2022-06-11,Tuolumne,109,53932,13551,13382,662,14044,189
2022-06-11,Ventura,111,848112,185078,183680,11258,194938,1508
2022-06-11,Yolo,113,214977,42048,40202,3349,43551,323
2022-06-11,Yuba,115,75493,16771,16653,1392,18045,123
2022-06-10,Alameda,001,1643700,296031,292112,16435,308547,1877
2022-06-10,Alpine,002,1148,129,129,1,130,0
2022-06-10,Amador,005,37829,9039,8869,726,9595,87
2022-06-10,Butte,007,227075,35049,34596,7685,42281,427
2022-06-10,Calaveras,009,45235,7648,7604,402,8006,122
2022-06-10,Colusa,011,21464,3519,3505,1094,4599,21
2022-06-10,Contra Costa,013,1133247,217382,211229,16413,227642,1315
2022-06-10,Del Norte,015,27424,6336,6253,268,6521,52
2022-06-10,El Dorado,017,186661,28876,28641,3563,32204,215
2022-06-10,Fresno,019,978130,245368,240345,26021,266366,2766
2022-06-10,Glenn,021,27897,5156,5104,1669,6773,48
2022-06-10,Humboldt,023,135768,18888,18696,3740,22436,148
2022-06-10,Imperial,025,180216,57387,57129,11114,68243,941
2022-06-10,Inyo,027,18085,4211,4194,600,4794,56
2022-06-10,Kern,029,883053,198576,197353,48784,246137,2338
2022-06-10,Kings,031,150075,53158,52978,3621,56599,447
2022-06-10,Lake,033,64148,11311,11202,979,12181,139
2022-06-10,Lassen,035,31185,9207,9172,907,10079,64
2022-06-10,Los Angeles,037,10098052,2905081,2878981,138205,3017186,31947
2022-06-10,Madera,039,155013,38809,38567,6561,45128,372
2022-06-10,Marin,041,260295,39082,38593,4317,42910,294
2022-06-10,Mariposa,043,17540,2656,2625,251,2876,30
2022-06-10,Mendocino,045,87422,14078,13945,3607,17552,127
2022-06-10,Merced,047,269075,65151,64286,9561,73847,825
2022-06-10,Modoc,049,8938,770,767,263,1030,8
2022-06-10,Mono,051,14174,3067,3052,171,3223,6
2022-06-10,Monterey,053,433212,84092,83391,16266,99657,739
2022-06-10,Napa,055,140530,28544,28202,1206,29408,143
2022-06-10,Nevada,057,99092,17132,16989,1398,18387,127
2022-06-10,Orange,059,3164182,585912,581624,47733,629357,7057
2022-06-10,Placer,061,380077,67991,67306,8233,75539,628
2022-06-10,Plumas,063,18699,3200,3172,388,3560,13
2022-06-10,Riverside,065,2383286,619132,615556,29809,645365,6481
2022-06-10,Sacramento,067,1510023,305481,302721,29857,332578,3058
2022-06-10,San Benito,069,59416,14020,13832,660,14492,99
2022-06-10,San Bernardino,071,2135413,598303,587385,26173,613558,7708
2022-06-10,San Diego,073,3302833,809149,805360,59456,864816,5315
2022-06-10,San Francisco,075,870044,151413,149278,9919,159197,890
2022-06-10,San Joaquin,077,732212,176583,174822,11465,186287,2244
2022-06-10,San Luis Obispo,079,281455,56673,56160,5001,61161,485
2022-06-10,San Mateo,081,765935,143726,141719,8965,150684,715
2022-06-10,Santa Barbara,083,443738,92777,92177,5338,97515,694
2022-06-10,Santa Clara,085,1922200,368362,359925,15595,375520,2322
2022-06-10,Santa Cruz,087,273765,53875,53171,2596,55767,264
2022-06-10,Shasta,089,179085,31648,31483,6310,37793,566
2022-06-10,Sierra,091,2930,280,278,56,334,4
2022-06-10,Siskiyou,093,43540,4642,4633,2891,7524,81
2022-06-10,Solano,095,438530,91036,89424,6390,95814,453
2022-06-10,Sonoma,097,501317,94137,93218,4010,97228,492
2022-06-10,Stanislaus,099,539301,123202,122267,18841,141108,1665
2022-06-10,Sutter,101,95872,21419,21333,2244,23577,227
2022-06-10,Tehama,103,63373,12413,12343,2678,15021,205
2022-06-10,Trinity,105,12862,1219,1213,292,1505,20
2022-06-10,Tulare,107,460477,109799,109467,29429,138896,1495
2022-06-10,Tuolumne,109,53932,13537,13382,660,14042,189
2022-06-10,Ventura,111,848112,184892,183680,11224,194904,1508
2022-06-10,Yolo,113,214977,41958,40202,3341,43543,323
2022-06-10,Yuba,115,75493,16750,16653,1389,18042,123
2022-06-09,Alameda,001,1643700,295119,292112,16385,308497,1877
2022-06-09,Alpine,002,1148,129,129,1,130,0
2022-06-09,Amador,005,37829,9028,8869,723,9592,87
2022-06-09,Butte,007,227075,34989,34596,7674,42270,427
2022-06-09,Calaveras,009,45235,7638,7604,402,8006,122
2022-06-09,Colusa,011,21464,3518,3505,1092,4597,21
2022-06-09,Contra Costa,013,1133247,216868,211229,16368,227597,1315
2022-06-09,Del Norte,015,27424,6323,6253,265,6518,52
2022-06-09,El Dorado,017,186661,28819,28641,3553,32194,215
2022-06-09,Fresno,019,978130,245012,240345,25975,266320,2766
2022-06-09,Glenn,021,27897,5150,5104,1667,6771,48
2022-06-09,Humboldt,023,135768,18839,18696,3729,22425,148
2022-06-09,Imperial,025,180216,57329,57129,11097,68226,941
2022-06-09,Inyo,027,18085,4208,4194,595,4789,56
2022-06-09,Kern,029,883053,198374,197353,48686,246039,2338
2022-06-09,Kings,031,150075,53118,52978,3618,56596,447
2022-06-09,Lake,033,64148,11286,11202,977,12179,139
2022-06-09,Lassen,035,31185,9188,9172,905,10077,64
2022-06-09,Los Angeles,037,10098052,2900687,2878981,137826,3016807,31947
2022-06-09,Madera,039,155013,38755,38567,6547,45114,372
2022-06-09,Marin,041,260295,38980,38593,4292,42885,294
2022-06-09,Mariposa,043,17540,2652,2625,250,2875,30
2022-06-09,Mendocino,045,87422,14050,13945,3605,17550,127
2022-06-09,Merced,047,269075,65074,64286,9552,73838,825
2022-06-09,Modoc,049,8938,769,767,263,1030,8
2022-06-09,Mono,051,14174,3061,3052,169,3221,6
2022-06-09,Monterey,053,433212,83970,83391,16197,99588,739
2022-06-09,Napa,055,140530,28484,28202,1204,29406,143
2022-06-09,Nevada,057,99092,17098,16989,1397,18386,127
2022-06-09,Orange,059,3164182,584847,581624,47581,629205,7057
2022-06-09,Placer,061,380077,67870,67306,8220,75526,628
2022-06-09,Plumas,063,18699,3194,3172,388,3560,13
2022-06-09,Riverside,065,2383286,618439,615556,29769,645325,6481
2022-06-09,Sacramento,067,1510023,304900,302721,29769,332490,3058
2022-06-09,San Benito,069,59416,14002,13832,658,14490,99
2022-06-09,San Bernardino,071,2135413,597635,587385,26140,613525,7708
2022-06-09,San Diego,073,3302833,807743,805360,59316,864676,5315
2022-06-09,San Francisco,075,870044,151020,149278,9889,159167,890
2022-06-09,San Joaquin,077,732212,176289,174822,11445,186267,2244
2022-06-09,San Luis Obispo,079,281455,56586,56160,4972,61132,485
2022-06-09,San Mateo,081,765935,143341,141719,8938,150657,715
2022-06-09,Santa Barbara,083,443738,92646,92177,5333,97510,694
2022-06-09,Santa Clara,085,1922200,367395,359925,15528,375453,2322
2022-06-09,Santa Cruz,087,273765,53743,53171,2586,55757,264
2022-06-09,Shasta,089,179085,31616,31483,6300,37783,566
2022-06-09,Sierra,091,2930,280,278,56,334,4
2022-06-09,Siskiyou,093,43540,4635,4633,2877,7510,81
2022-06-09,Solano,095,438530,90787,89424,6376,95800,453
2022-06-09,Sonoma,097,501317,93979,93218,3991,97209,492
2022-06-09,Stanislaus,099,539301,123034,122267,18826,141093,1665
2022-06-09,Sutter,101,95872,21382,21333,2244,23577,227
2022-06-09,Tehama,103,63373,12394,12343,2677,15020,205
2022-06-09,Trinity,105,12862,1218,1213,292,1505,20
2022-06-09,Tulare,107,460477,109677,109467,29393,138860,1495
2022-06-09,Tuolumne,109,53932,13506,13382,657,14039,189
2022-06-09,Ventura,111,848112,184624,183680,11190,194870,1508
2022-06-09,Yolo,113,214977,41846,40202,3326,43528,323
2022-06-09,Yuba,115,75493,16727,16653,1386,18039,123
2022-06-08,Alameda,001,1643700,294352,289661,16334,305995,1873
2022-06-08,Alpine,002,1148,129,128,1,129,0
2022-06-08,Amador,005,37829,9020,8818,721,9539,87
2022-06-08,Butte,007,227075,34922,34380,7656,42036,427
2022-06-08,Calaveras,009,45235,7624,7564,402,7966,122
2022-06-08,Colusa,011,21464,3516,3495,1089,4584,21
2022-06-08,Contra Costa,013,1133247,216355,209384,16304,225688,1310
2022-06-08,Del Norte,015,27424,6301,6229,265,6494,52
2022-06-08,El Dorado,017,186661,28768,28478,3544,32022,215
2022-06-08,Fresno,019,978130,244673,239376,25903,265279,2766
2022-06-08,Glenn,021,27897,5146,5095,1664,6759,48
2022-06-08,Humboldt,023,135768,18809,18598,3703,22301,147
2022-06-08,Imperial,025,180216,57254,56912,11077,67989,941
2022-06-08,Inyo,027,18085,4206,4189,594,4783,56
2022-06-08,Kern,029,883053,198103,196763,48576,245339,2338
2022-06-08,Kings,031,150075,53048,52821,3614,56435,447
2022-06-08,Lake,033,64148,11265,11158,974,12132,137
2022-06-08,Lassen,035,31185,9175,9148,905,10053,64
2022-06-08,Los Angeles,037,10098052,2896074,2865901,137435,3003336,31920
2022-06-08,Madera,039,155013,38710,38408,6534,44942,372
2022-06-08,Marin,041,260295,38888,38338,4275,42613,294
2022-06-08,Mariposa,043,17540,2642,2614,249,2863,30
2022-06-08,Mendocino,045,87422,14030,13859,3593,17452,127
2022-06-08,Merced,047,269075,65008,64080,9530,73610,825
2022-06-08,Modoc,049,8938,765,761,263,1024,8
2022-06-08,Mono,051,14174,3057,3044,169,3213,6
2022-06-08,Monterey,053,433212,83859,83063,16147,99210,740
2022-06-08,Napa,055,140530,28395,27996,1199,29195,143
2022-06-08,Nevada,057,99092,17072,16907,1393,18300,127
2022-06-08,Orange,059,3164182,583742,578530,47389,625919,7044
2022-06-08,Placer,061,380077,67741,66951,8206,75157,627
2022-06-08,Plumas,063,18699,3191,3150,387,3537,13
2022-06-08,Riverside,065,2383286,617753,613469,29734,643203,6480
2022-06-08,Sacramento,067,1510023,304256,300875,29684,330559,3054
2022-06-08,San Benito,069,59416,13968,13734,656,14390,99
2022-06-08,San Bernardino,071,2135413,596941,585029,26096,611125,7685
2022-06-08,San Diego,073,3302833,806248,800840,59140,859980,5308
2022-06-08,San Francisco,075,870044,150597,147960,9863,157823,885
2022-06-08,San Joaquin,077,732212,176011,173887,11415,185302,2241
2022-06-08,San Luis Obispo,079,281455,56430,55822,4909,60731,484
2022-06-08,San Mateo,081,765935,142942,140569,8889,149458,710
2022-06-08,Santa Barbara,083,443738,92507,91747,5322,97069,693
2022-06-08,Santa Clara,085,1922200,366422,356452,15480,371932,2321
2022-06-08,Santa Cruz,087,273765,53603,52753,2575,55328,264
2022-06-08,Shasta,089,179085,31583,31394,6289,37683,565
2022-06-08,Sierra,091,2930,280,278,56,334,4
2022-06-08,Siskiyou,093,43540,4630,4609,2875,7484,81
2022-06-08,Solano,095,438530,90518,88522,6356,94878,453
2022-06-08,Sonoma,097,501317,93794,92644,3957,96601,491
2022-06-08,Stanislaus,099,539301,122853,121787,18791,140578,1662
2022-06-08,Sutter,101,95872,21358,21256,2238,23494,227
2022-06-08,Tehama,103,63373,12387,12306,2676,14982,205
2022-06-08,Trinity,105,12862,1217,1211,291,1502,20
2022-06-08,Tulare,107,460477,109591,109091,29339,138430,1494
2022-06-08,Tuolumne,109,53932,13491,13335,656,13991,189
2022-06-08,Ventura,111,848112,184348,182847,11140,193987,1506
2022-06-08,Yolo,113,214977,41741,39962,3312,43274,321
2022-06-08,Yuba,115,75493,16702,16558,1378,17936,122
2022-06-07,Alameda,001,1643700,293543,289661,16291,305952,1873
2022-06-07,Alpine,002,1148,129,128,1,129,0
2022-06-07,Amador,005,37829,9010,8818,718,9536,87
2022-06-07,Butte,007,227075,34843,34380,7631,42011,427
2022-06-07,Calaveras,009,45235,7616,7564,400,7964,122
2022-06-07,Colusa,011,21464,3516,3495,1086,4581,21
2022-06-07,Contra Costa,013,1133247,215795,209384,16251,225635,1310
2022-06-07,Del Norte,015,27424,6293,6229,262,6491,52
2022-06-07,El Dorado,017,186661,28707,28478,3533,32011,215
2022-06-07,Fresno,019,978130,244287,239376,25837,265213,2766
2022-06-07,Glenn,021,27897,5139,5095,1664,6759,48
2022-06-07,Humboldt,023,135768,18771,18598,3687,22285,147
2022-06-07,Imperial,025,180216,57195,56912,11044,67956,941
2022-06-07,Inyo,027,18085,4205,4189,586,4775,56
2022-06-07,Kern,029,883053,197846,196763,48466,245229,2338
2022-06-07,Kings,031,150075,52990,52821,3610,56431,447
2022-06-07,Lake,033,64148,11240,11158,968,12126,137
2022-06-07,Lassen,035,31185,9166,9148,904,10052,64
2022-06-07,Los Angeles,037,10098052,2890760,2865901,137001,3002902,31920
2022-06-07,Madera,039,155013,38638,38408,6518,44926,372
2022-06-07,Marin,041,260295,38804,38338,4248,42586,294
2022-06-07,Mariposa,043,17540,2635,2614,247,2861,30
2022-06-07,Mendocino,045,87422,13998,13859,3562,17421,127
2022-06-07,Merced,047,269075,64917,64080,9514,73594,825
2022-06-07,Modoc,049,8938,765,761,261,1022,8
2022-06-07,Mono,051,14174,3055,3044,167,3211,6
2022-06-07,Monterey,053,433212,83731,83063,16093,99156,740
2022-06-07,Napa,055,140530,28321,27996,1192,29188,143
2022-06-07,Nevada,057,99092,17045,16907,1387,18294,127
2022-06-07,Orange,059,3164182,582621,578530,47226,625756,7044
2022-06-07,Placer,061,380077,67592,66951,8174,75125,627
2022-06-07,Plumas,063,18699,3186,3150,386,3536,13
2022-06-07,Riverside,065,2383286,616876,613469,29683,643152,6480
2022-06-07,Sacramento,067,1510023,303533,300875,29582,330457,3054
2022-06-07,San Benito,069,59416,13925,13734,652,14386,99
2022-06-07,San Bernardino,071,2135413,596168,585029,26068,611097,7685
2022-06-07,San Diego,073,3302833,804671,800840,58929,859769,5308
2022-06-07,San Francisco,075,870044,150082,147960,9841,157801,885
2022-06-07,San Joaquin,077,732212,175675,173887,11378,185265,2241
2022-06-07,San Luis Obispo,079,281455,56327,55822,4864,60686,484
2022-06-07,San Mateo,081,765935,142523,140569,8834,149403,710
2022-06-07,Santa Barbara,083,443738,92361,91747,5309,97056,693
2022-06-07,Santa Clara,085,1922200,365279,356452,15400,371852,2321
2022-06-07,Santa Cruz,087,273765,53502,52753,2568,55321,264
2022-06-07,Shasta,089,179085,31546,31394,6282,37676,565
2022-06-07,Sierra,091,2930,279,278,56,334,4
2022-06-07,Siskiyou,093,43540,4623,4609,2871,7480,81
2022-06-07,Solano,095,438530,90188,88522,6339,94861,453
2022-06-07,Sonoma,097,501317,93566,92644,3925,96569,491
2022-06-07,Stanislaus,099,539301,122680,121787,18771,140558,1662
2022-06-07,Sutter,101,95872,21329,21256,2236,23492,227
2022-06-07,Tehama,103,63373,12371,12306,2672,14978,205
2022-06-07,Trinity,105,12862,1216,1211,291,1502,20
2022-06-07,Tulare,107,460477,109465,109091,29289,138380,1494
2022-06-07,Tuolumne,109,53932,13476,13335,654,13989,189
2022-06-07,Ventura,111,848112,183983,182847,11096,193943,1506
2022-06-07,Yolo,113,214977,41624,39962,3303,43265,321
2022-06-07,Yuba,115,75493,16673,16558,1377,17935,122
2022-06-06,Alameda,001,1643700,292656,289661,16243,305904,1873
2022-06-06,Alpine,002,1148,129,128,1,129,0
2022-06-06,Amador,005,37829,8959,8818,716,9534,87
2022-06-06,Butte,007,227075,34779,34380,7617,41997,427
2022-06-06,Calaveras,009,45235,7605,7564,400,7964,122
2022-06-06,Colusa,011,21464,3515,3495,1082,4577,21
2022-06-06,Contra Costa,013,1133247,215140,209384,16168,225552,1310
2022-06-06,Del Norte,015,27424,6285,6229,261,6490,52
2022-06-06,El Dorado,017,186661,28660,28478,3521,31999,215
2022-06-06,Fresno,019,978130,243862,239376,25769,265145,2766
2022-06-06,Glenn,021,27897,5131,5095,1662,6757,48
2022-06-06,Humboldt,023,135768,18733,18598,3674,22272,147
2022-06-06,Imperial,025,180216,57122,56912,11012,67924,941
2022-06-06,Inyo,027,18085,4201,4189,583,4772,56
2022-06-06,Kern,029,883053,197563,196763,48331,245094,2338
2022-06-06,Kings,031,150075,52933,52821,3607,56428,447
2022-06-06,Lake,033,64148,11220,11158,962,12120,137
2022-06-06,Lassen,035,31185,9156,9148,903,10051,64
2022-06-06,Los Angeles,037,10098052,2885131,2865901,136584,3002485,31920
2022-06-06,Madera,039,155013,38570,38408,6490,44898,372
2022-06-06,Marin,041,260295,38679,38338,4211,42549,294
2022-06-06,Mariposa,043,17540,2625,2614,245,2859,30
2022-06-06,Mendocino,045,87422,13969,13859,3551,17410,127
2022-06-06,Merced,047,269075,64797,64080,9490,73570,825
2022-06-06,Modoc,049,8938,763,761,259,1020,8
2022-06-06,Mono,051,14174,3052,3044,166,3210,6
2022-06-06,Monterey,053,433212,83588,83063,16028,99091,740
2022-06-06,Napa,055,140530,28242,27996,1183,29179,143
2022-06-06,Nevada,057,99092,17017,16907,1383,18290,127
2022-06-06,Orange,059,3164182,581493,578530,47056,625586,7044
2022-06-06,Placer,061,380077,67474,66951,8142,75093,627
2022-06-06,Plumas,063,18699,3179,3150,385,3535,13
2022-06-06,Riverside,065,2383286,616083,613469,29633,643102,6480
2022-06-06,Sacramento,067,1510023,302757,300875,29479,330354,3054
2022-06-06,San Benito,069,59416,13877,13734,648,14382,99
2022-06-06,San Bernardino,071,2135413,595395,585029,26026,611055,7685
2022-06-06,San Diego,073,3302833,802883,800840,58693,859533,5308
2022-06-06,San Francisco,075,870044,149563,147960,9819,157779,885
2022-06-06,San Joaquin,077,732212,175291,173887,11347,185234,2241
2022-06-06,San Luis Obispo,079,281455,56218,55822,4831,60653,484
2022-06-06,San Mateo,081,765935,142038,140569,8797,149366,710
2022-06-06,Santa Barbara,083,443738,92184,91747,5291,97038,693
2022-06-06,Santa Clara,085,1922200,364017,356452,15316,371768,2321
2022-06-06,Santa Cruz,087,273765,53347,52753,2556,55309,264
2022-06-06,Shasta,089,179085,31511,31394,6270,37664,565
2022-06-06,Sierra,091,2930,279,278,56,334,4
2022-06-06,Siskiyou,093,43540,4613,4609,2861,7470,81
2022-06-06,Solano,095,438530,89894,88522,6319,94841,453
2022-06-06,Sonoma,097,501317,93325,92644,3897,96541,491
2022-06-06,Stanislaus,099,539301,122492,121787,18745,140532,1662
2022-06-06,Sutter,101,95872,21299,21256,2230,23486,227
2022-06-06,Tehama,103,63373,12359,12306,2670,14976,205
2022-06-06,Trinity,105,12862,1214,1211,291,1502,20
2022-06-06,Tulare,107,460477,109325,109091,29234,138325,1494
2022-06-06,Tuolumne,109,53932,13457,13335,653,13988,189
2022-06-06,Ventura,111,848112,183676,182847,11053,193900,1506
2022-06-06,Yolo,113,214977,41467,39962,3292,43254,321
2022-06-06,Yuba,115,75493,16630,16558,1370,17928,122
2022-06-05,Alameda,001,1643700,291605,285785,16179,301964,1873
2022-06-05,Alpine,002,1148,128,128,1,129,0
2022-06-05,Amador,005,37829,8922,8775,713,9488,87
2022-06-05,Butte,007,227075,34700,34129,7599,41728,427
2022-06-05,Calaveras,009,45235,7589,7525,394,7919,121
2022-06-05,Colusa,011,21464,3509,3484,1082,4566,21
2022-06-05,Contra Costa,013,1133247,214430,206711,16059,222770,1310
2022-06-05,Del Norte,015,27424,6274,6206,257,6463,52
2022-06-05,El Dorado,017,186661,28583,28241,3512,31753,214
2022-06-05,Fresno,019,978130,243394,237945,25679,263624,2766
2022-06-05,Glenn,021,27897,5124,5063,1662,6725,48
2022-06-05,Humboldt,023,135768,18683,18433,3652,22085,147
2022-06-05,Imperial,025,180216,57027,56690,10964,67654,941
2022-06-05,Inyo,027,18085,4197,4176,578,4754,56
2022-06-05,Kern,029,883053,197252,195863,48214,244077,2338
2022-06-05,Kings,031,150075,52856,52597,3601,56198,447
2022-06-05,Lake,033,64148,11201,11064,958,12022,137
2022-06-05,Lassen,035,31185,9148,9106,899,10005,64
2022-06-05,Los Angeles,037,10098052,2879072,2846989,136059,2983048,31899
2022-06-05,Madera,039,155013,38508,38188,6474,44662,372
2022-06-05,Marin,041,260295,38565,37879,4178,42057,294
2022-06-05,Mariposa,043,17540,2623,2557,244,2801,30
2022-06-05,Mendocino,045,87422,13933,13738,3504,17242,125
2022-06-05,Merced,047,269075,64706,63756,9456,73212,825
2022-06-05,Modoc,049,8938,762,759,259,1018,8
2022-06-05,Mono,051,14174,3049,3037,164,3201,6
2022-06-05,Monterey,053,433212,83426,82451,15947,98398,738
2022-06-05,Napa,055,140530,28113,27686,1174,28860,143
2022-06-05,Nevada,057,99092,16974,16728,1367,18095,127
2022-06-05,Orange,059,3164182,580229,574146,46868,621014,7038
2022-06-05,Placer,061,380077,67332,66428,8109,74537,627
2022-06-05,Plumas,063,18699,3171,3138,385,3523,13
2022-06-05,Riverside,065,2383286,615146,610369,29570,639939,6481
2022-06-05,Sacramento,067,1510023,301845,297787,29333,327120,3052
2022-06-05,San Benito,069,59416,13832,13572,642,14214,99
2022-06-05,San Bernardino,071,2135413,594409,582305,25982,608287,7664
2022-06-05,San Diego,073,3302833,800987,794822,58501,853323,5303
2022-06-05,San Francisco,075,870044,148975,145876,9766,155642,881
2022-06-05,San Joaquin,077,732212,174852,172621,11299,183920,2242
2022-06-05,San Luis Obispo,079,281455,56056,55333,4758,60091,484
2022-06-05,San Mateo,081,765935,141523,138536,8749,147285,710
2022-06-05,Santa Barbara,083,443738,91992,90911,5272,96183,693
2022-06-05,Santa Clara,085,1922200,362596,351492,15227,366719,2317
2022-06-05,Santa Cruz,087,273765,53155,52333,2543,54876,263
2022-06-05,Shasta,089,179085,31471,31272,6259,37531,565
2022-06-05,Sierra,091,2930,279,278,56,334,4
2022-06-05,Siskiyou,093,43540,4608,4591,2849,7440,81
2022-06-05,Solano,095,438530,89552,87571,6302,93873,452
2022-06-05,Sonoma,097,501317,93045,91518,3868,95386,491
2022-06-05,Stanislaus,099,539301,122298,121001,18717,139718,1661
2022-06-05,Sutter,101,95872,21267,21125,2223,23348,227
2022-06-05,Tehama,103,63373,12340,12262,2667,14929,204
2022-06-05,Trinity,105,12862,1214,1204,291,1495,20
2022-06-05,Tulare,107,460477,109138,108598,29159,137757,1490
2022-06-05,Tuolumne,109,53932,13428,13251,640,13891,189
2022-06-05,Ventura,111,848112,183323,181709,10996,192705,1505
2022-06-05,Yolo,113,214977,41336,39561,3280,42841,321
2022-06-05,Yuba,115,75493,16590,16467,1362,17829,122
2022-06-04,Alameda,001,1643700,291099,285785,16155,301940,1873
2022-06-04,Alpine,002,1148,128,128,1,129,0
2022-06-04,Amador,005,37829,8913,8775,711,9486,87
2022-06-04,Butte,007,227075,34661,34129,7594,41723,427
2022-06-04,Calaveras,009,45235,7575,7525,394,7919,121
2022-06-04,Colusa,011,21464,3506,3484,1077,4561,21
2022-06-04,Contra Costa,013,1133247,214042,206711,16019,222730,1310
2022-06-04,Del Norte,015,27424,6273,6206,257,6463,52
2022-06-04,El Dorado,017,186661,28544,28241,3508,31749,214
2022-06-04,Fresno,019,978130,243222,237945,25662,263607,2766
2022-06-04,Glenn,021,27897,5120,5063,1661,6724,48
2022-06-04,Humboldt,023,135768,18661,18433,3646,22079,147
2022-06-04,Imperial,025,180216,56975,56690,10952,67642,941
2022-06-04,Inyo,027,18085,4197,4176,577,4753,56
2022-06-04,Kern,029,883053,197129,195863,48146,244009,2338
2022-06-04,Kings,031,150075,52815,52597,3601,56198,447
2022-06-04,Lake,033,64148,11186,11064,952,12016,137
2022-06-04,Lassen,035,31185,9143,9106,898,10004,64
2022-06-04,Los Angeles,037,10098052,2876615,2846989,135786,2982775,31899
2022-06-04,Madera,039,155013,38474,38188,6470,44658,372
2022-06-04,Marin,041,260295,38488,37879,4137,42016,294
2022-06-04,Mariposa,043,17540,2620,2557,244,2801,30
2022-06-04,Mendocino,045,87422,13920,13738,3503,17241,125
2022-06-04,Merced,047,269075,64656,63756,9447,73203,825
2022-06-04,Modoc,049,8938,761,759,258,1017,8
2022-06-04,Mono,051,14174,3049,3037,164,3201,6
2022-06-04,Monterey,053,433212,83341,82451,15912,98363,738
2022-06-04,Napa,055,140530,28071,27686,1172,28858,143
2022-06-04,Nevada,057,99092,16961,16728,1366,18094,127
2022-06-04,Orange,059,3164182,579588,574146,46741,620887,7038
2022-06-04,Placer,061,380077,67252,66428,8092,74520,627
2022-06-04,Plumas,063,18699,3167,3138,384,3522,13
2022-06-04,Riverside,065,2383286,614610,610369,29545,639914,6481
2022-06-04,Sacramento,067,1510023,301484,297787,29304,327091,3052
2022-06-04,San Benito,069,59416,13806,13572,639,14211,99
2022-06-04,San Bernardino,071,2135413,593960,582305,25953,608258,7664
2022-06-04,San Diego,073,3302833,800259,794822,58454,853276,5303
2022-06-04,San Francisco,075,870044,148645,145876,9745,155621,881
2022-06-04,San Joaquin,077,732212,174706,172621,11262,183883,2242
2022-06-04,San Luis Obispo,079,281455,56017,55333,4752,60085,484
2022-06-04,San Mateo,081,765935,141217,138536,8721,147257,710
2022-06-04,Santa Barbara,083,443738,91894,90911,5251,96162,693
2022-06-04,Santa Clara,085,1922200,361726,351492,15186,366678,2317
2022-06-04,Santa Cruz,087,273765,53070,52333,2530,54863,263
2022-06-04,Shasta,089,179085,31448,31272,6256,37528,565
2022-06-04,Sierra,091,2930,279,278,56,334,4
2022-06-04,Siskiyou,093,43540,4604,4591,2843,7434,81
2022-06-04,Solano,095,438530,89467,87571,6285,93856,452
2022-06-04,Sonoma,097,501317,92891,91518,3854,95372,491
2022-06-04,Stanislaus,099,539301,122160,121001,18702,139703,1661
2022-06-04,Sutter,101,95872,21240,21125,2220,23345,227
2022-06-04,Tehama,103,63373,12326,12262,2666,14928,204
2022-06-04,Trinity,105,12862,1214,1204,291,1495,20
2022-06-04,Tulare,107,460477,109071,108598,29117,137715,1490
2022-06-04,Tuolumne,109,53932,13418,13251,637,13888,189
2022-06-04,Ventura,111,848112,183138,181709,10979,192688,1505
2022-06-04,Yolo,113,214977,41253,39561,3275,42836,321
2022-06-04,Yuba,115,75493,16574,16467,1358,17825,122
2022-06-03,Alameda,001,1643700,290562,285785,16125,301910,1873
2022-06-03,Alpine,002,1148,128,128,1,129,0
2022-06-03,Amador,005,37829,8907,8775,709,9484,87
2022-06-03,Butte,007,227075,34610,34129,7584,41713,427
2022-06-03,Calaveras,009,45235,7570,7525,394,7919,121
2022-06-03,Colusa,011,21464,3506,3484,1075,4559,21
2022-06-03,Contra Costa,013,1133247,213731,206711,15990,222701,1310
2022-06-03,Del Norte,015,27424,6269,6206,254,6460,52
2022-06-03,El Dorado,017,186661,28515,28241,3505,31746,214
2022-06-03,Fresno,019,978130,242993,237945,25629,263574,2766
2022-06-03,Glenn,021,27897,5114,5063,1659,6722,48
2022-06-03,Humboldt,023,135768,18641,18433,3641,22074,147
2022-06-03,Imperial,025,180216,56929,56690,10942,67632,941
2022-06-03,Inyo,027,18085,4196,4176,577,4753,56
2022-06-03,Kern,029,883053,196988,195863,48078,243941,2338
2022-06-03,Kings,031,150075,52791,52597,3601,56198,447
2022-06-03,Lake,033,64148,11175,11064,949,12013,137
2022-06-03,Lassen,035,31185,9138,9106,898,10004,64
2022-06-03,Los Angeles,037,10098052,2873712,2846989,135497,2982486,31899
2022-06-03,Madera,039,155013,38430,38188,6461,44649,372
2022-06-03,Marin,041,260295,38419,37879,4102,41981,294
2022-06-03,Mariposa,043,17540,2617,2557,244,2801,30
2022-06-03,Mendocino,045,87422,13898,13738,3502,17240,125
2022-06-03,Merced,047,269075,64605,63756,9444,73200,825
2022-06-03,Modoc,049,8938,761,759,258,1017,8
2022-06-03,Mono,051,14174,3046,3037,164,3201,6
2022-06-03,Monterey,053,433212,83242,82451,15865,98316,738
2022-06-03,Napa,055,140530,28021,27686,1164,28850,143
2022-06-03,Nevada,057,99092,16940,16728,1365,18093,127
2022-06-03,Orange,059,3164182,578904,574146,46637,620783,7038
2022-06-03,Placer,061,380077,67167,66428,8076,74504,627
2022-06-03,Plumas,063,18699,3165,3138,383,3521,13
2022-06-03,Riverside,065,2383286,614082,610369,29515,639884,6481
2022-06-03,Sacramento,067,1510023,301013,297787,29269,327056,3052
2022-06-03,San Benito,069,59416,13793,13572,635,14207,99
2022-06-03,San Bernardino,071,2135413,593508,582305,25918,608223,7664
2022-06-03,San Diego,073,3302833,799312,794822,58331,853153,5303
2022-06-03,San Francisco,075,870044,148275,145876,9713,155589,881
2022-06-03,San Joaquin,077,732212,174541,172621,11243,183864,2242
2022-06-03,San Luis Obispo,079,281455,55972,55333,4743,60076,484
2022-06-03,San Mateo,081,765935,140933,138536,8709,147245,710
2022-06-03,Santa Barbara,083,443738,91775,90911,5249,96160,693
2022-06-03,Santa Clara,085,1922200,360833,351492,15139,366631,2317
2022-06-03,Santa Cruz,087,273765,52938,52333,2517,54850,263
2022-06-03,Shasta,089,179085,31436,31272,6255,37527,565
2022-06-03,Sierra,091,2930,279,278,56,334,4
2022-06-03,Siskiyou,093,43540,4599,4591,2842,7433,81
2022-06-03,Solano,095,438530,89350,87571,6274,93845,452
2022-06-03,Sonoma,097,501317,92744,91518,3845,95363,491
2022-06-03,Stanislaus,099,539301,122055,121001,18681,139682,1661
2022-06-03,Sutter,101,95872,21217,21125,2219,23344,227
2022-06-03,Tehama,103,63373,12320,12262,2665,14927,204
2022-06-03,Trinity,105,12862,1212,1204,291,1495,20
2022-06-03,Tulare,107,460477,109003,108598,29082,137680,1490
2022-06-03,Tuolumne,109,53932,13407,13251,634,13885,189
2022-06-03,Ventura,111,848112,182950,181709,10954,192663,1505
2022-06-03,Yolo,113,214977,41191,39561,3261,42822,321
2022-06-03,Yuba,115,75493,16549,16467,1356,17823,122
2022-06-02,Alameda,001,1643700,289661,285785,16062,301847,1873
2022-06-02,Alpine,002,1148,128,128,1,129,0
2022-06-02,Amador,005,37829,8884,8775,707,9482,87
2022-06-02,Butte,007,227075,34534,34129,7568,41697,427
2022-06-02,Calaveras,009,45235,7557,7525,393,7918,121
2022-06-02,Colusa,011,21464,3503,3484,1075,4559,21
2022-06-02,Contra Costa,013,1133247,213144,206711,15898,222609,1310
2022-06-02,Del Norte,015,27424,6259,6206,253,6459,52
2022-06-02,El Dorado,017,186661,28447,28241,3493,31734,214
2022-06-02,Fresno,019,978130,242646,237945,25574,263519,2766
2022-06-02,Glenn,021,27897,5108,5063,1656,6719,48
2022-06-02,Humboldt,023,135768,18600,18433,3620,22053,147
2022-06-02,Imperial,025,180216,56869,56690,10931,67621,941
2022-06-02,Inyo,027,18085,4196,4176,574,4750,56
2022-06-02,Kern,029,883053,196705,195863,47974,243837,2338
2022-06-02,Kings,031,150075,52739,52597,3596,56193,447
2022-06-02,Lake,033,64148,11153,11064,947,12011,137
2022-06-02,Lassen,035,31185,9127,9106,898,10004,64
2022-06-02,Los Angeles,037,10098052,2868795,2846989,135071,2982060,31899
2022-06-02,Madera,039,155013,38376,38188,6448,44636,372
2022-06-02,Marin,041,260295,38321,37879,4075,41954,294
2022-06-02,Mariposa,043,17540,2612,2557,243,2800,30
2022-06-02,Mendocino,045,87422,13869,13738,3494,17232,125
2022-06-02,Merced,047,269075,64529,63756,9434,73190,825
2022-06-02,Modoc,049,8938,760,759,258,1017,8
2022-06-02,Mono,051,14174,3046,3037,164,3201,6
2022-06-02,Monterey,053,433212,83091,82451,15801,98252,738
2022-06-02,Napa,055,140530,27945,27686,1161,28847,143
2022-06-02,Nevada,057,99092,16903,16728,1360,18088,127
2022-06-02,Orange,059,3164182,577874,574146,46488,620634,7038
2022-06-02,Placer,061,380077,67047,66428,8051,74479,627
2022-06-02,Plumas,063,18699,3156,3138,383,3521,13
2022-06-02,Riverside,065,2383286,613397,610369,29457,639826,6481
2022-06-02,Sacramento,067,1510023,300371,297787,29165,326952,3052
2022-06-02,San Benito,069,59416,13760,13572,633,14205,99
2022-06-02,San Bernardino,071,2135413,592838,582305,25872,608177,7664
2022-06-02,San Diego,073,3302833,797939,794822,58159,852981,5303
2022-06-02,San Francisco,075,870044,147856,145876,9664,155540,881
2022-06-02,San Joaquin,077,732212,174230,172621,11210,183831,2242
2022-06-02,San Luis Obispo,079,281455,55842,55333,4708,60041,484
2022-06-02,San Mateo,081,765935,140551,138536,8657,147193,710
2022-06-02,Santa Barbara,083,443738,91600,90911,5234,96145,693
2022-06-02,Santa Clara,085,1922200,359743,351492,15019,366511,2317
2022-06-02,Santa Cruz,087,273765,52822,52333,2506,54839,263
2022-06-02,Shasta,089,179085,31406,31272,6248,37520,565
2022-06-02,Sierra,091,2930,279,278,56,334,4
2022-06-02,Siskiyou,093,43540,4592,4591,2833,7424,81
2022-06-02,Solano,095,438530,89075,87571,6264,93835,452
2022-06-02,Sonoma,097,501317,92518,91518,3819,95337,491
2022-06-02,Stanislaus,099,539301,121895,121001,18652,139653,1661
2022-06-02,Sutter,101,95872,21190,21125,2213,23338,227
2022-06-02,Tehama,103,63373,12308,12262,2658,14920,204
2022-06-02,Trinity,105,12862,1210,1204,291,1495,20
2022-06-02,Tulare,107,460477,108872,108598,29016,137614,1490
2022-06-02,Tuolumne,109,53932,13388,13251,632,13883,189
2022-06-02,Ventura,111,848112,182679,181709,10920,192629,1505
2022-06-02,Yolo,113,214977,41082,39561,3251,42812,321
2022-06-02,Yuba,115,75493,16528,16467,1349,17816,122
2022-06-01,Alameda,001,1643700,288650,284051,16008,300059,1868
2022-06-01,Alpine,002,1148,128,128,1,129,0
2022-06-01,Amador,005,37829,8878,8741,705,9446,87
2022-06-01,Butte,007,227075,34465,34059,7554,41613,427
2022-06-01,Calaveras,009,45235,7552,7502,390,7892,120
2022-06-01,Colusa,011,21464,3500,3476,1075,4551,21
2022-06-01,Contra Costa,013,1133247,212499,205699,15821,221520,1310
2022-06-01,Del Norte,015,27424,6249,6188,252,6440,51
2022-06-01,El Dorado,017,186661,28386,28133,3475,31608,214
2022-06-01,Fresno,019,978130,242287,237367,25519,262886,2765
2022-06-01,Glenn,021,27897,5103,5059,1655,6714,48
2022-06-01,Humboldt,023,135768,18557,18371,3597,21968,147
2022-06-01,Imperial,025,180216,56801,56445,10904,67349,938
2022-06-01,Inyo,027,18085,4192,4171,568,4739,56
2022-06-01,Kern,029,883053,196479,195438,47892,243330,2336
2022-06-01,Kings,031,150075,52681,52491,3592,56083,447
2022-06-01,Lake,033,64148,11132,11024,942,11966,137
2022-06-01,Lassen,035,31185,9114,9083,897,9980,64
2022-06-01,Los Angeles,037,10098052,2863401,2836856,134639,2971495,31882
2022-06-01,Madera,039,155013,38338,38115,6434,44549,372
2022-06-01,Marin,041,260295,38205,37654,4035,41689,293
2022-06-01,Mariposa,043,17540,2597,2549,242,2791,30
2022-06-01,Mendocino,045,87422,13842,13692,3478,17170,125
2022-06-01,Merced,047,269075,64450,63637,9414,73051,824
2022-06-01,Modoc,049,8938,757,755,257,1012,8
2022-06-01,Mono,051,14174,3044,3035,163,3198,6
2022-06-01,Monterey,053,433212,82937,82215,15738,97953,737
2022-06-01,Napa,055,140530,27869,27580,1151,28731,143
2022-06-01,Nevada,057,99092,16864,16693,1351,18044,127
2022-06-01,Orange,059,3164182,576625,571973,46332,618305,7032
2022-06-01,Placer,061,380077,66905,66199,8019,74218,627
2022-06-01,Plumas,063,18699,3149,3117,382,3499,13
2022-06-01,Riverside,065,2383286,612659,608913,29411,638324,6480
2022-06-01,Sacramento,067,1510023,299616,296457,29059,325516,3045
2022-06-01,San Benito,069,59416,13722,13510,622,14132,98
2022-06-01,San Bernardino,071,2135413,592129,580767,25834,606601,7641
2022-06-01,San Diego,073,3302833,796246,791557,57960,849517,5292
2022-06-01,San Francisco,075,870044,147336,144476,9626,154102,879
2022-06-01,San Joaquin,077,732212,173932,172170,11181,183351,2241
2022-06-01,San Luis Obispo,079,281455,55675,55099,4675,59774,482
2022-06-01,San Mateo,081,765935,140068,137566,8582,146148,710
2022-06-01,Santa Barbara,083,443738,91417,90531,5219,95750,693
2022-06-01,Santa Clara,085,1922200,358582,348742,14928,363670,2317
2022-06-01,Santa Cruz,087,273765,52709,52141,2496,54637,263
2022-06-01,Shasta,089,179085,31375,31247,6245,37492,564
2022-06-01,Sierra,091,2930,279,280,56,336,4
2022-06-01,Siskiyou,093,43540,4587,4574,2828,7402,81
2022-06-01,Solano,095,438530,88838,87206,6236,93442,452
2022-06-01,Sonoma,097,501317,92265,91174,3795,94969,491
2022-06-01,Stanislaus,099,539301,121705,120778,18630,139408,1656
2022-06-01,Sutter,101,95872,21161,21065,2209,23274,227
2022-06-01,Tehama,103,63373,12301,12245,2654,14899,204
2022-06-01,Trinity,105,12862,1209,1200,290,1490,20
2022-06-01,Tulare,107,460477,108761,108401,28960,137361,1490
2022-06-01,Tuolumne,109,53932,13374,13221,631,13852,189
2022-06-01,Ventura,111,848112,182396,181163,10889,192052,1503
2022-06-01,Yolo,113,214977,40999,39371,3240,42611,320
2022-06-01,Yuba,115,75493,16504,16406,1341,17747,122
2022-05-31,Alameda,001,1643700,287541,284051,15954,300005,1868
2022-05-31,Alpine,002,1148,128,128,1,129,0
2022-05-31,Amador,005,37829,8860,8741,699,9440,87
2022-05-31,Butte,007,227075,34404,34059,7536,41595,427
2022-05-31,Calaveras,009,45235,7541,7502,390,7892,120
2022-05-31,Colusa,011,21464,3495,3476,1074,4550,21
2022-05-31,Contra Costa,013,1133247,211747,205699,15726,221425,1310
2022-05-31,Del Norte,015,27424,6240,6188,250,6438,51
2022-05-31,El Dorado,017,186661,28325,28133,3455,31588,214
2022-05-31,Fresno,019,978130,241884,237367,25450,262817,2765
2022-05-31,Glenn,021,27897,5095,5059,1653,6712,48
2022-05-31,Humboldt,023,135768,18526,18371,3577,21948,147
2022-05-31,Imperial,025,180216,56737,56445,10880,67325,938
2022-05-31,Inyo,027,18085,4186,4171,566,4737,56
2022-05-31,Kern,029,883053,196234,195438,47796,243234,2336
2022-05-31,Kings,031,150075,52631,52491,3586,56077,447
2022-05-31,Lake,033,64148,11113,11024,938,11962,137
2022-05-31,Lassen,035,31185,9102,9083,896,9979,64
2022-05-31,Los Angeles,037,10098052,2857336,2836856,134172,2971028,31882
2022-05-31,Madera,039,155013,38274,38115,6414,44529,372
2022-05-31,Marin,041,260295,38066,37654,4000,41654,293
2022-05-31,Mariposa,043,17540,2591,2549,237,2786,30
2022-05-31,Mendocino,045,87422,13807,13692,3461,17153,125
2022-05-31,Merced,047,269075,64363,63637,9391,73028,824
2022-05-31,Modoc,049,8938,755,755,257,1012,8
2022-05-31,Mono,051,14174,3040,3035,163,3198,6
2022-05-31,Monterey,053,433212,82777,82215,15672,97887,737
2022-05-31,Napa,055,140530,27776,27580,1148,28728,143
2022-05-31,Nevada,057,99092,16817,16693,1349,18042,127
2022-05-31,Orange,059,3164182,575397,571973,46149,618122,7032
2022-05-31,Placer,061,380077,66746,66199,7989,74188,627
2022-05-31,Plumas,063,18699,3145,3117,381,3498,13
2022-05-31,Riverside,065,2383286,611741,608913,29349,638262,6480
2022-05-31,Sacramento,067,1510023,298764,296457,28918,325375,3045
2022-05-31,San Benito,069,59416,13667,13510,617,14127,98
2022-05-31,San Bernardino,071,2135413,591247,580767,25799,606566,7641
2022-05-31,San Diego,073,3302833,794370,791557,57755,849312,5292
2022-05-31,San Francisco,075,870044,146695,144476,9584,154060,879
2022-05-31,San Joaquin,077,732212,173556,172170,11138,183308,2241
2022-05-31,San Luis Obispo,079,281455,55525,55099,4610,59709,482
2022-05-31,San Mateo,081,765935,139508,137566,8540,146106,710
2022-05-31,Santa Barbara,083,443738,91193,90531,5196,95727,693
2022-05-31,Santa Clara,085,1922200,357070,348742,14851,363593,2317
2022-05-31,Santa Cruz,087,273765,52589,52141,2476,54617,263
2022-05-31,Shasta,089,179085,31341,31247,6234,37481,564
2022-05-31,Sierra,091,2930,278,280,55,335,4
2022-05-31,Siskiyou,093,43540,4582,4574,2822,7396,81
2022-05-31,Solano,095,438530,88500,87206,6212,93418,452
2022-05-31,Sonoma,097,501317,91976,91174,3756,94930,491
2022-05-31,Stanislaus,099,539301,121500,120778,18605,139383,1656
2022-05-31,Sutter,101,95872,21132,21065,2203,23268,227
2022-05-31,Tehama,103,63373,12292,12245,2649,14894,204
2022-05-31,Trinity,105,12862,1208,1200,290,1490,20
2022-05-31,Tulare,107,460477,108623,108401,28901,137302,1490
2022-05-31,Tuolumne,109,53932,13359,13221,628,13849,189
2022-05-31,Ventura,111,848112,182076,181163,10840,192003,1503
2022-05-31,Yolo,113,214977,40826,39371,3229,42600,320
2022-05-31,Yuba,115,75493,16472,16406,1335,17741,122
2022-05-30,Alameda,001,1643700,286166,284051,15867,299918,1868
2022-05-30,Alpine,002,1148,128,128,1,129,0
2022-05-30,Amador,005,37829,8845,8741,698,9439,87
2022-05-30,Butte,007,227075,34327,34059,7513,41572,427
2022-05-30,Calaveras,009,45235,7532,7502,390,7892,120
2022-05-30,Colusa,011,21464,3493,3476,1073,4549,21
2022-05-30,Contra Costa,013,1133247,210904,205699,15590,221289,1310
2022-05-30,Del Norte,015,27424,6222,6188,249,6437,51
2022-05-30,El Dorado,017,186661,28247,28133,3436,31569,214
2022-05-30,Fresno,019,978130,241413,237367,25375,262742,2765
2022-05-30,Glenn,021,27897,5090,5059,1650,6709,48
2022-05-30,Humboldt,023,135768,18472,18371,3549,21920,147
2022-05-30,Imperial,025,180216,56656,56445,10853,67298,938
2022-05-30,Inyo,027,18085,4181,4171,565,4736,56
2022-05-30,Kern,029,883053,195953,195438,47680,243118,2336
2022-05-30,Kings,031,150075,52536,52491,3585,56076,447
2022-05-30,Lake,033,64148,11084,11024,929,11953,137
2022-05-30,Lassen,035,31185,9087,9083,893,9976,64
2022-05-30,Los Angeles,037,10098052,2850043,2836856,133669,2970525,31882
2022-05-30,Madera,039,155013,38218,38115,6374,44489,372
2022-05-30,Marin,041,260295,37940,37654,3958,41612,293
2022-05-30,Mariposa,043,17540,2568,2549,233,2782,30
2022-05-30,Mendocino,045,87422,13760,13692,3443,17135,125
2022-05-30,Merced,047,269075,64266,63637,9354,72991,824
2022-05-30,Modoc,049,8938,752,755,255,1010,8
2022-05-30,Mono,051,14174,3037,3035,163,3198,6
2022-05-30,Monterey,053,433212,82588,82215,15584,97799,737
2022-05-30,Napa,055,140530,27699,27580,1140,28720,143
2022-05-30,Nevada,057,99092,16770,16693,1344,18037,127
2022-05-30,Orange,059,3164182,573931,571973,45933,617906,7032
2022-05-30,Placer,061,380077,66606,66199,7960,74159,627
2022-05-30,Plumas,063,18699,3139,3117,378,3495,13
2022-05-30,Riverside,065,2383286,610733,608913,29271,638184,6480
2022-05-30,Sacramento,067,1510023,297812,296457,28760,325217,3045
2022-05-30,San Benito,069,59416,13605,13510,609,14119,98
2022-05-30,San Bernardino,071,2135413,590274,580767,25763,606530,7641
2022-05-30,San Diego,073,3302833,792099,791557,57461,849018,5292
2022-05-30,San Francisco,075,870044,146039,144476,9531,154007,879
2022-05-30,San Joaquin,077,732212,173158,172170,11097,183267,2241
2022-05-30,San Luis Obispo,079,281455,55318,55099,4539,59638,482
2022-05-30,San Mateo,081,765935,138826,137566,8488,146054,710
2022-05-30,Santa Barbara,083,443738,90937,90531,5162,95693,693
2022-05-30,Santa Clara,085,1922200,355516,348742,14763,363505,2317
2022-05-30,Santa Cruz,087,273765,52451,52141,2466,54607,263
2022-05-30,Shasta,089,179085,31303,31247,6227,37474,564
2022-05-30,Sierra,091,2930,278,280,55,335,4
2022-05-30,Siskiyou,093,43540,4573,4574,2810,7384,81
2022-05-30,Solano,095,438530,88152,87206,6156,93362,452
2022-05-30,Sonoma,097,501317,91690,91174,3712,94886,491
2022-05-30,Stanislaus,099,539301,121309,120778,18575,139353,1656
2022-05-30,Sutter,101,95872,21093,21065,2197,23262,227
2022-05-30,Tehama,103,63373,12276,12245,2645,14890,204
2022-05-30,Trinity,105,12862,1207,1200,290,1490,20
2022-05-30,Tulare,107,460477,108464,108401,28812,137213,1490
2022-05-30,Tuolumne,109,53932,13334,13221,624,13845,189
2022-05-30,Ventura,111,848112,181703,181163,10788,191951,1503
2022-05-30,Yolo,113,214977,40639,39371,3219,42590,320
2022-05-30,Yuba,115,75493,16444,16406,1331,17737,122
2022-05-29,Alameda,001,1643700,285681,280775,15844,296619,1863
2022-05-29,Alpine,002,1148,128,126,1,127,0
2022-05-29,Amador,005,37829,8840,8696,695,9391,86
2022-05-29,Butte,007,227075,34311,33876,7506,41382,426
2022-05-29,Calaveras,009,45235,7521,7469,390,7859,120
2022-05-29,Colusa,011,21464,3492,3474,1072,4546,21
2022-05-29,Contra Costa,013,1133247,210559,203528,15565,219093,1306
2022-05-29,Del Norte,015,27424,6220,6166,248,6414,51
2022-05-29,El Dorado,017,186661,28221,27898,3433,31331,214
2022-05-29,Fresno,019,978130,241283,236250,25355,261605,2764
2022-05-29,Glenn,021,27897,5085,5048,1650,6698,48
2022-05-29,Humboldt,023,135768,18451,18257,3538,21795,147
2022-05-29,Imperial,025,180216,56618,56323,10839,67162,939
2022-05-29,Inyo,027,18085,4180,4161,565,4726,56
2022-05-29,Kern,029,883053,195855,194687,47615,242302,2334
2022-05-29,Kings,031,150075,52510,52292,3585,55877,447
2022-05-29,Lake,033,64148,11075,10958,927,11885,137
2022-05-29,Lassen,035,31185,9083,9049,893,9942,64
2022-05-29,Los Angeles,037,10098052,2847805,2819145,133396,2952541,31862
2022-05-29,Madera,039,155013,38195,37955,6369,44324,371
2022-05-29,Marin,041,260295,37871,37215,3926,41141,293
2022-05-29,Mariposa,043,17540,2563,2526,233,2759,31
2022-05-29,Mendocino,045,87422,13739,13612,3442,17054,124
2022-05-29,Merced,047,269075,64245,63389,9351,72740,824
2022-05-29,Modoc,049,8938,752,751,255,1006,8
2022-05-29,Mono,051,14174,3036,3030,163,3193,6
2022-05-29,Monterey,053,433212,82523,81875,15540,97415,737
2022-05-29,Napa,055,140530,27671,27376,1139,28515,144
2022-05-29,Nevada,057,99092,16755,16568,1342,17910,127
2022-05-29,Orange,059,3164182,573355,568369,45756,614125,7028
2022-05-29,Placer,061,380077,66537,65672,7950,73622,626
2022-05-29,Plumas,063,18699,3132,3096,378,3474,13
2022-05-29,Riverside,065,2383286,610387,606444,29236,635680,6480
2022-05-29,Sacramento,067,1510023,297354,294000,28732,322732,3032
2022-05-29,San Benito,069,59416,13599,13402,607,14009,98
2022-05-29,San Bernardino,071,2135413,589980,578656,25747,604403,7610
2022-05-29,San Diego,073,3302833,791359,786243,57381,843624,5288
2022-05-29,San Francisco,075,870044,145611,142456,9522,151978,879
2022-05-29,San Joaquin,077,732212,172996,171282,11079,182361,2241
2022-05-29,San Luis Obispo,079,281455,55266,54701,4527,59228,481
2022-05-29,San Mateo,081,765935,138572,135746,8475,144221,710
2022-05-29,Santa Barbara,083,443738,90808,89940,5161,95101,693
2022-05-29,Santa Clara,085,1922200,354721,344223,14724,358947,2304
2022-05-29,Santa Cruz,087,273765,52375,51819,2459,54278,263
2022-05-29,Shasta,089,179085,31291,31165,6223,37388,564
2022-05-29,Sierra,091,2930,278,278,55,333,4
2022-05-29,Siskiyou,093,43540,4568,4537,2808,7345,81
2022-05-29,Solano,095,438530,88097,86565,6145,92710,452
2022-05-29,Sonoma,097,501317,91597,90364,3697,94061,490
2022-05-29,Stanislaus,099,539301,121210,120241,18556,138797,1657
2022-05-29,Sutter,101,95872,21073,20976,2197,23173,227
2022-05-29,Tehama,103,63373,12266,12210,2644,14854,204
2022-05-29,Trinity,105,12862,1206,1196,290,1486,20
2022-05-29,Tulare,107,460477,108380,108029,28767,136796,1484
2022-05-29,Tuolumne,109,53932,13319,13141,624,13765,189
2022-05-29,Ventura,111,848112,181558,179953,10778,190731,1503
2022-05-29,Yolo,113,214977,40587,39016,3216,42232,319
2022-05-29,Yuba,115,75493,16428,16314,1327,17641,122
2022-05-28,Alameda,001,1643700,285306,280775,15818,296593,1863
2022-05-28,Alpine,002,1148,128,126,1,127,0
2022-05-28,Amador,005,37829,8831,8696,695,9391,86
2022-05-28,Butte,007,227075,34287,33876,7490,41366,426
2022-05-28,Calaveras,009,45235,7517,7469,390,7859,120
2022-05-28,Colusa,011,21464,3487,3474,1071,4545,21
2022-05-28,Contra Costa,013,1133247,210291,203528,15541,219069,1306
2022-05-28,Del Norte,015,27424,6216,6166,246,6412,51
2022-05-28,El Dorado,017,186661,28191,27898,3432,31330,214
2022-05-28,Fresno,019,978130,241126,236250,25324,261574,2764
2022-05-28,Glenn,021,27897,5082,5048,1650,6698,48
2022-05-28,Humboldt,023,135768,18427,18257,3528,21785,147
2022-05-28,Imperial,025,180216,56592,56323,10829,67152,939
2022-05-28,Inyo,027,18085,4180,4161,563,4724,56
2022-05-28,Kern,029,883053,195756,194687,47565,242252,2334
2022-05-28,Kings,031,150075,52486,52292,3584,55876,447
2022-05-28,Lake,033,64148,11065,10958,927,11885,137
2022-05-28,Lassen,035,31185,9078,9049,893,9942,64
2022-05-28,Los Angeles,037,10098052,2845825,2819145,133128,2952273,31862
2022-05-28,Madera,039,155013,38178,37955,6366,44321,371
2022-05-28,Marin,041,260295,37804,37215,3896,41111,293
2022-05-28,Mariposa,043,17540,2559,2526,233,2759,31
2022-05-28,Mendocino,045,87422,13727,13612,3442,17054,124
2022-05-28,Merced,047,269075,64212,63389,9345,72734,824
2022-05-28,Modoc,049,8938,752,751,255,1006,8
2022-05-28,Mono,051,14174,3036,3030,162,3192,6
2022-05-28,Monterey,053,433212,82455,81875,15508,97383,737
2022-05-28,Napa,055,140530,27626,27376,1138,28514,144
2022-05-28,Nevada,057,99092,16743,16568,1340,17908,127
2022-05-28,Orange,059,3164182,572840,568369,45635,614004,7028
2022-05-28,Placer,061,380077,66464,65672,7937,73609,626
2022-05-28,Plumas,063,18699,3126,3096,377,3473,13
2022-05-28,Riverside,065,2383286,610007,606444,29208,635652,6480
2022-05-28,Sacramento,067,1510023,297081,294000,28713,322713,3032
2022-05-28,San Benito,069,59416,13584,13402,607,14009,98
2022-05-28,San Bernardino,071,2135413,589616,578656,25720,604376,7610
2022-05-28,San Diego,073,3302833,790701,786243,57329,843572,5288
2022-05-28,San Francisco,075,870044,145305,142456,9501,151957,879
2022-05-28,San Joaquin,077,732212,172892,171282,11064,182346,2241
2022-05-28,San Luis Obispo,079,281455,55231,54701,4524,59225,481
2022-05-28,San Mateo,081,765935,138294,135746,8448,144194,710
2022-05-28,Santa Barbara,083,443738,90708,89940,5151,95091,693
2022-05-28,Santa Clara,085,1922200,353935,344223,14697,358920,2304
2022-05-28,Santa Cruz,087,273765,52335,51819,2451,54270,263
2022-05-28,Shasta,089,179085,31280,31165,6218,37383,564
2022-05-28,Sierra,091,2930,278,278,54,332,4
2022-05-28,Siskiyou,093,43540,4560,4537,2804,7341,81
2022-05-28,Solano,095,438530,88023,86565,6135,92700,452
2022-05-28,Sonoma,097,501317,91456,90364,3686,94050,490
2022-05-28,Stanislaus,099,539301,121111,120241,18548,138789,1657
2022-05-28,Sutter,101,95872,21058,20976,2195,23171,227
2022-05-28,Tehama,103,63373,12254,12210,2641,14851,204
2022-05-28,Trinity,105,12862,1205,1196,290,1486,20
2022-05-28,Tulare,107,460477,108324,108029,28734,136763,1484
2022-05-28,Tuolumne,109,53932,13304,13141,623,13764,189
2022-05-28,Ventura,111,848112,181392,179953,10758,190711,1503
2022-05-28,Yolo,113,214977,40533,39016,3209,42225,319
2022-05-28,Yuba,115,75493,16414,16314,1325,17639,122
2022-05-27,Alameda,001,1643700,284829,280775,15777,296552,1863
2022-05-27,Alpine,002,1148,127,126,1,127,0
2022-05-27,Amador,005,37829,8826,8696,695,9391,86
2022-05-27,Butte,007,227075,34261,33876,7474,41350,426
2022-05-27,Calaveras,009,45235,7510,7469,390,7859,120
2022-05-27,Colusa,011,21464,3487,3474,1071,4545,21
2022-05-27,Contra Costa,013,1133247,210010,203528,15509,219037,1306
2022-05-27,Del Norte,015,27424,6210,6166,246,6412,51
2022-05-27,El Dorado,017,186661,28167,27898,3424,31322,214
2022-05-27,Fresno,019,978130,240952,236250,25292,261542,2764
2022-05-27,Glenn,021,27897,5080,5048,1649,6697,48
2022-05-27,Humboldt,023,135768,18417,18257,3522,21779,147
2022-05-27,Imperial,025,180216,56508,56323,10824,67147,939
2022-05-27,Inyo,027,18085,4178,4161,562,4723,56
2022-05-27,Kern,029,883053,195647,194687,47497,242184,2334
2022-05-27,Kings,031,150075,52458,52292,3581,55873,447
2022-05-27,Lake,033,64148,11059,10958,925,11883,137
2022-05-27,Lassen,035,31185,9074,9049,893,9942,64
2022-05-27,Los Angeles,037,10098052,2843474,2819145,132882,2952027,31862
2022-05-27,Madera,039,155013,38144,37955,6357,44312,371
2022-05-27,Marin,041,260295,37737,37215,3862,41077,293
2022-05-27,Mariposa,043,17540,2553,2526,233,2759,31
2022-05-27,Mendocino,045,87422,13710,13612,3438,17050,124
2022-05-27,Merced,047,269075,64171,63389,9340,72729,824
2022-05-27,Modoc,049,8938,752,751,255,1006,8
2022-05-27,Mono,051,14174,3035,3030,162,3192,6
2022-05-27,Monterey,053,433212,82396,81875,15463,97338,737
2022-05-27,Napa,055,140530,27593,27376,1135,28511,144
2022-05-27,Nevada,057,99092,16732,16568,1336,17904,127
2022-05-27,Orange,059,3164182,572286,568369,45525,613894,7028
2022-05-27,Placer,061,380077,66394,65672,7927,73599,626
2022-05-27,Plumas,063,18699,3123,3096,377,3473,13
2022-05-27,Riverside,065,2383286,609592,606444,29176,635620,6480
2022-05-27,Sacramento,067,1510023,296705,294000,28671,322671,3032
2022-05-27,San Benito,069,59416,13572,13402,607,14009,98
2022-05-27,San Bernardino,071,2135413,589279,578656,25695,604351,7610
2022-05-27,San Diego,073,3302833,789823,786243,57237,843480,5288
2022-05-27,San Francisco,075,870044,144973,142456,9461,151917,879
2022-05-27,San Joaquin,077,732212,172761,171282,11043,182325,2241
2022-05-27,San Luis Obispo,079,281455,55168,54701,4513,59214,481
2022-05-27,San Mateo,081,765935,138043,135746,8423,144169,710
2022-05-27,Santa Barbara,083,443738,90619,89940,5150,95090,693
2022-05-27,Santa Clara,085,1922200,353191,344223,14681,358904,2304
2022-05-27,Santa Cruz,087,273765,52280,51819,2439,54258,263
2022-05-27,Shasta,089,179085,31270,31165,6212,37377,564
2022-05-27,Sierra,091,2930,278,278,54,332,4
2022-05-27,Siskiyou,093,43540,4558,4537,2802,7339,81
2022-05-27,Solano,095,438530,87895,86565,6124,92689,452
2022-05-27,Sonoma,097,501317,91311,90364,3674,94038,490
2022-05-27,Stanislaus,099,539301,121029,120241,18533,138774,1657
2022-05-27,Sutter,101,95872,21041,20976,2194,23170,227
2022-05-27,Tehama,103,63373,12251,12210,2640,14850,204
2022-05-27,Trinity,105,12862,1205,1196,290,1486,20
2022-05-27,Tulare,107,460477,108257,108029,28697,136726,1484
2022-05-27,Tuolumne,109,53932,13294,13141,622,13763,189
2022-05-27,Ventura,111,848112,181216,179953,10735,190688,1503
2022-05-27,Yolo,113,214977,40463,39016,3201,42217,319
2022-05-27,Yuba,115,75493,16400,16314,1324,17638,122
2022-05-26,Alameda,001,1643700,283977,280775,15702,296477,1863
2022-05-26,Alpine,002,1148,127,126,1,127,0
2022-05-26,Amador,005,37829,8813,8696,695,9391,86
2022-05-26,Butte,007,227075,34206,33876,7452,41328,426
2022-05-26,Calaveras,009,45235,7500,7469,390,7859,120
2022-05-26,Colusa,011,21464,3484,3474,1068,4542,21
2022-05-26,Contra Costa,013,1133247,209532,203528,15436,218964,1306
2022-05-26,Del Norte,015,27424,6202,6166,242,6408,51
2022-05-26,El Dorado,017,186661,28118,27898,3413,31311,214
2022-05-26,Fresno,019,978130,240696,236250,25236,261486,2764
2022-05-26,Glenn,021,27897,5074,5048,1649,6697,48
2022-05-26,Humboldt,023,135768,18376,18257,3509,21766,147
2022-05-26,Imperial,025,180216,56476,56323,10809,67132,939
2022-05-26,Inyo,027,18085,4177,4161,559,4720,56
2022-05-26,Kern,029,883053,195483,194687,47422,242109,2334
2022-05-26,Kings,031,150075,52411,52292,3578,55870,447
2022-05-26,Lake,033,64148,11044,10958,925,11883,137
2022-05-26,Lassen,035,31185,9065,9049,893,9942,64
2022-05-26,Los Angeles,037,10098052,2839307,2819145,132548,2951693,31862
2022-05-26,Madera,039,155013,38100,37955,6346,44301,371
2022-05-26,Marin,041,260295,37642,37215,3821,41036,293
2022-05-26,Mariposa,043,17540,2548,2526,231,2757,31
2022-05-26,Mendocino,045,87422,13684,13612,3429,17041,124
2022-05-26,Merced,047,269075,64106,63389,9330,72719,824
2022-05-26,Modoc,049,8938,751,751,255,1006,8
2022-05-26,Mono,051,14174,3034,3030,161,3191,6
2022-05-26,Monterey,053,433212,82317,81875,15410,97285,737
2022-05-26,Napa,055,140530,27541,27376,1133,28509,144
2022-05-26,Nevada,057,99092,16701,16568,1327,17895,127
2022-05-26,Orange,059,3164182,571381,568369,45398,613767,7028
2022-05-26,Placer,061,380077,66253,65672,7907,73579,626
2022-05-26,Plumas,063,18699,3119,3096,376,3472,13
2022-05-26,Riverside,065,2383286,608975,606444,29125,635569,6480
2022-05-26,Sacramento,067,1510023,296050,294000,28579,322579,3032
2022-05-26,San Benito,069,59416,13556,13402,605,14007,98
2022-05-26,San Bernardino,071,2135413,588733,578656,25680,604336,7610
2022-05-26,San Diego,073,3302833,788519,786243,57094,843337,5288
2022-05-26,San Francisco,075,870044,144516,142456,9414,151870,879
2022-05-26,San Joaquin,077,732212,172537,171282,11019,182301,2241
2022-05-26,San Luis Obispo,079,281455,55071,54701,4481,59182,481
2022-05-26,San Mateo,081,765935,137651,135746,8385,144131,710
2022-05-26,Santa Barbara,083,443738,90471,89940,5130,95070,693
2022-05-26,Santa Clara,085,1922200,352230,344223,14595,358818,2304
2022-05-26,Santa Cruz,087,273765,52189,51819,2431,54250,263
2022-05-26,Shasta,089,179085,31243,31165,6209,37374,564
2022-05-26,Sierra,091,2930,278,278,54,332,4
2022-05-26,Siskiyou,093,43540,4554,4537,2800,7337,81
2022-05-26,Solano,095,438530,87692,86565,6115,92680,452
2022-05-26,Sonoma,097,501317,91120,90364,3647,94011,490
2022-05-26,Stanislaus,099,539301,120925,120241,18514,138755,1657
2022-05-26,Sutter,101,95872,21021,20976,2190,23166,227
2022-05-26,Tehama,103,63373,12241,12210,2639,14849,204
2022-05-26,Trinity,105,12862,1203,1196,290,1486,20
2022-05-26,Tulare,107,460477,108191,108029,28642,136671,1484
2022-05-26,Tuolumne,109,53932,13274,13141,618,13759,189
2022-05-26,Ventura,111,848112,180954,179953,10698,190651,1503
2022-05-26,Yolo,113,214977,40360,39016,3192,42208,319
2022-05-26,Yuba,115,75493,16384,16314,1322,17636,122
2022-05-25,Alameda,001,1643700,283070,278228,15644,293872,1860
2022-05-25,Alpine,002,1148,126,126,1,127,0
2022-05-25,Amador,005,37829,8796,8654,693,9347,86
2022-05-25,Butte,007,227075,34144,33755,7429,41184,426
2022-05-25,Calaveras,009,45235,7492,7450,388,7838,120
2022-05-25,Colusa,011,21464,3483,3471,1066,4537,21
2022-05-25,Contra Costa,013,1133247,208979,201866,15363,217229,1306
2022-05-25,Del Norte,015,27424,6196,6145,236,6381,50
2022-05-25,El Dorado,017,186661,28067,27715,3404,31119,213
2022-05-25,Fresno,019,978130,240408,235569,25185,260754,2763
2022-05-25,Glenn,021,27897,5069,5030,1647,6677,48
2022-05-25,Humboldt,023,135768,18350,18133,3490,21623,147
2022-05-25,Imperial,025,180216,56420,56203,10798,67001,923
2022-05-25,Inyo,027,18085,4174,4152,559,4711,56
2022-05-25,Kern,029,883053,195289,194251,47335,241586,2336
2022-05-25,Kings,031,150075,52358,52178,3574,55752,447
2022-05-25,Lake,033,64148,11031,10908,924,11832,137
2022-05-25,Lassen,035,31185,9058,9028,893,9921,64
2022-05-25,Los Angeles,037,10098052,2834684,2806770,132179,2938949,31845
2022-05-25,Madera,039,155013,38061,37867,6333,44200,370
2022-05-25,Marin,041,260295,37542,36890,3793,40683,293
2022-05-25,Mariposa,043,17540,2538,2514,229,2743,30
2022-05-25,Mendocino,045,87422,13669,13545,3423,16968,124
2022-05-25,Merced,047,269075,64040,63220,9300,72520,823
2022-05-25,Modoc,049,8938,750,750,254,1004,8
2022-05-25,Mono,051,14174,3034,3024,160,3184,6
2022-05-25,Monterey,053,433212,82251,81592,15367,96959,737
2022-05-25,Napa,055,140530,27492,27240,1127,28367,143
2022-05-25,Nevada,057,99092,16666,16517,1321,17838,127
2022-05-25,Orange,059,3164182,570375,565564,45240,610804,7026
2022-05-25,Placer,061,380077,66109,65309,7886,73195,626
2022-05-25,Plumas,063,18699,3113,3065,375,3440,13
2022-05-25,Riverside,065,2383286,608293,604465,29073,633538,6480
2022-05-25,Sacramento,067,1510023,295406,292211,28471,320682,3028
2022-05-25,San Benito,069,59416,13522,13338,598,13936,98
2022-05-25,San Bernardino,071,2135413,588204,576982,25654,602636,7568
2022-05-25,San Diego,073,3302833,787052,782420,56905,839325,5284
2022-05-25,San Francisco,075,870044,144014,141015,9387,150402,872
2022-05-25,San Joaquin,077,732212,172300,170626,10998,181624,2238
2022-05-25,San Luis Obispo,079,281455,54964,54342,4429,58771,481
2022-05-25,San Mateo,081,765935,137193,134441,8319,142760,710
2022-05-25,Santa Barbara,083,443738,90304,89426,5115,94541,693
2022-05-25,Santa Clara,085,1922200,351160,340868,14489,355357,2304
2022-05-25,Santa Cruz,087,273765,52105,51644,2416,54060,263
2022-05-25,Shasta,089,179085,31218,31072,6200,37272,564
2022-05-25,Sierra,091,2930,278,277,54,331,4
2022-05-25,Siskiyou,093,43540,4544,4516,2797,7313,81
2022-05-25,Solano,095,438530,87477,86024,6098,92122,451
2022-05-25,Sonoma,097,501317,90928,89810,3608,93418,490
2022-05-25,Stanislaus,099,539301,120789,119894,18491,138385,1654
2022-05-25,Sutter,101,95872,20996,20904,2187,23091,226
2022-05-25,Tehama,103,63373,12235,12189,2635,14824,201
2022-05-25,Trinity,105,12862,1203,1194,290,1484,20
2022-05-25,Tulare,107,460477,108109,107790,28599,136389,1482
2022-05-25,Tuolumne,109,53932,13252,13086,615,13701,182
2022-05-25,Ventura,111,848112,180664,179116,10661,189777,1499
2022-05-25,Yolo,113,214977,40266,38782,3182,41964,319
2022-05-25,Yuba,115,75493,16357,16260,1316,17576,122
2022-05-24,Alameda,001,1643700,282187,278228,15585,293813,1860
2022-05-24,Alpine,002,1148,126,126,1,127,0
2022-05-24,Amador,005,37829,8789,8654,689,9343,86
2022-05-24,Butte,007,227075,34100,33755,7407,41162,426
2022-05-24,Calaveras,009,45235,7485,7450,386,7836,120
2022-05-24,Colusa,011,21464,3481,3471,1064,4535,21
2022-05-24,Contra Costa,013,1133247,208327,201866,15263,217129,1306
2022-05-24,Del Norte,015,27424,6191,6145,234,6379,50
2022-05-24,El Dorado,017,186661,27998,27715,3397,31112,213
2022-05-24,Fresno,019,978130,240095,235569,25148,260717,2763
2022-05-24,Glenn,021,27897,5067,5030,1647,6677,48
2022-05-24,Humboldt,023,135768,18318,18133,3472,21605,147
2022-05-24,Imperial,025,180216,56367,56203,10785,66988,923
2022-05-24,Inyo,027,18085,4166,4152,556,4708,56
2022-05-24,Kern,029,883053,195093,194251,47229,241480,2336
2022-05-24,Kings,031,150075,52293,52178,3569,55747,447
2022-05-24,Lake,033,64148,11014,10908,922,11830,137
2022-05-24,Lassen,035,31185,9045,9028,889,9917,64
2022-05-24,Los Angeles,037,10098052,2829417,2806770,131788,2938558,31845
2022-05-24,Madera,039,155013,38014,37867,6318,44185,370
2022-05-24,Marin,041,260295,37433,36890,3744,40634,293
2022-05-24,Mariposa,043,17540,2531,2514,227,2741,30
2022-05-24,Mendocino,045,87422,13645,13545,3413,16958,124
2022-05-24,Merced,047,269075,63980,63220,9269,72489,823
2022-05-24,Modoc,049,8938,749,750,253,1003,8
2022-05-24,Mono,051,14174,3031,3024,160,3184,6
2022-05-24,Monterey,053,433212,82161,81592,15306,96898,737
2022-05-24,Napa,055,140530,27444,27240,1115,28355,143
2022-05-24,Nevada,057,99092,16624,16517,1314,17831,127
2022-05-24,Orange,059,3164182,569343,565564,45068,610632,7026
2022-05-24,Placer,061,380077,66007,65309,7870,73179,626
2022-05-24,Plumas,063,18699,3107,3065,375,3440,13
2022-05-24,Riverside,065,2383286,607597,604465,29024,633489,6480
2022-05-24,Sacramento,067,1510023,294721,292211,28350,320561,3028
2022-05-24,San Benito,069,59416,13487,13338,596,13934,98
2022-05-24,San Bernardino,071,2135413,587579,576982,25625,602607,7568
2022-05-24,San Diego,073,3302833,785402,782420,56688,839108,5284
2022-05-24,San Francisco,075,870044,143476,141015,9360,150375,872
2022-05-24,San Joaquin,077,732212,172032,170626,10966,181592,2238
2022-05-24,San Luis Obispo,079,281455,54813,54342,4376,58718,481
2022-05-24,San Mateo,081,765935,136657,134441,8265,142706,710
2022-05-24,Santa Barbara,083,443738,90142,89426,5088,94514,693
2022-05-24,Santa Clara,085,1922200,349871,340868,14399,355267,2304
2022-05-24,Santa Cruz,087,273765,52028,51644,2406,54050,263
2022-05-24,Shasta,089,179085,31193,31072,6188,37260,564
2022-05-24,Sierra,091,2930,278,277,54,331,4
2022-05-24,Siskiyou,093,43540,4534,4516,2789,7305,81
2022-05-24,Solano,095,438530,87240,86024,6071,92095,451
2022-05-24,Sonoma,097,501317,90720,89810,3570,93380,490
2022-05-24,Stanislaus,099,539301,120648,119894,18455,138349,1654
2022-05-24,Sutter,101,95872,20975,20904,2183,23087,226
2022-05-24,Tehama,103,63373,12226,12189,2633,14822,201
2022-05-24,Trinity,105,12862,1200,1194,290,1484,20
2022-05-24,Tulare,107,460477,107991,107790,28544,136334,1482
2022-05-24,Tuolumne,109,53932,13237,13086,615,13701,182
2022-05-24,Ventura,111,848112,180353,179116,10611,189727,1499
2022-05-24,Yolo,113,214977,40162,38782,3177,41959,319
2022-05-24,Yuba,115,75493,16329,16260,1308,17568,122
2022-05-23,Alameda,001,1643700,281252,278228,15494,293722,1860
2022-05-23,Alpine,002,1148,126,126,1,127,0
2022-05-23,Amador,005,37829,8756,8654,686,9340,86
2022-05-23,Butte,007,227075,34052,33755,7379,41134,426
2022-05-23,Calaveras,009,45235,7478,7450,384,7834,120
2022-05-23,Colusa,011,21464,3480,3471,1062,4533,21
2022-05-23,Contra Costa,013,1133247,207587,201866,15181,217047,1306
2022-05-23,Del Norte,015,27424,6186,6145,230,6375,50
2022-05-23,El Dorado,017,186661,27915,27715,3388,31103,213
2022-05-23,Fresno,019,978130,239745,235569,25081,260650,2763
2022-05-23,Glenn,021,27897,5063,5030,1643,6673,48
2022-05-23,Humboldt,023,135768,18291,18133,3450,21583,147
2022-05-23,Imperial,025,180216,56324,56203,10765,66968,923
2022-05-23,Inyo,027,18085,4163,4152,555,4707,56
2022-05-23,Kern,029,883053,194875,194251,47143,241394,2336
2022-05-23,Kings,031,150075,52244,52178,3564,55742,447
2022-05-23,Lake,033,64148,10995,10908,920,11828,137
2022-05-23,Lassen,035,31185,9037,9028,886,9914,64
2022-05-23,Los Angeles,037,10098052,2824013,2806770,131423,2938193,31845
2022-05-23,Madera,039,155013,37983,37867,6295,44162,370
2022-05-23,Marin,041,260295,37291,36890,3699,40589,293
2022-05-23,Mariposa,043,17540,2529,2514,225,2739,30
2022-05-23,Mendocino,045,87422,13623,13545,3399,16944,124
2022-05-23,Merced,047,269075,63902,63220,9241,72461,823
2022-05-23,Modoc,049,8938,748,750,253,1003,8
2022-05-23,Mono,051,14174,3031,3024,160,3184,6
2022-05-23,Monterey,053,433212,82061,81592,15242,96834,737
2022-05-23,Napa,055,140530,27387,27240,1108,28348,143
2022-05-23,Nevada,057,99092,16589,16517,1311,17828,127
2022-05-23,Orange,059,3164182,568337,565564,44919,610483,7026
2022-05-23,Placer,061,380077,65869,65309,7837,73146,626
2022-05-23,Plumas,063,18699,3104,3065,374,3439,13
2022-05-23,Riverside,065,2383286,606867,604465,28972,633437,6480
2022-05-23,Sacramento,067,1510023,293973,292211,28224,320435,3028
2022-05-23,San Benito,069,59416,13452,13338,593,13931,98
2022-05-23,San Bernardino,071,2135413,586942,576982,25591,602573,7568
2022-05-23,San Diego,073,3302833,783686,782420,56474,838894,5284
2022-05-23,San Francisco,075,870044,142907,141015,9327,150342,872
2022-05-23,San Joaquin,077,732212,171760,170626,10933,181559,2238
2022-05-23,San Luis Obispo,079,281455,54667,54342,4329,58671,481
2022-05-23,San Mateo,081,765935,136077,134441,8215,142656,710
2022-05-23,Santa Barbara,083,443738,89907,89426,5064,94490,693
2022-05-23,Santa Clara,085,1922200,348488,340868,14311,355179,2304
2022-05-23,Santa Cruz,087,273765,51925,51644,2391,54035,263
2022-05-23,Shasta,089,179085,31170,31072,6182,37254,564
2022-05-23,Sierra,091,2930,278,277,54,331,4
2022-05-23,Siskiyou,093,43540,4520,4516,2785,7301,81
2022-05-23,Solano,095,438530,86967,86024,6051,92075,451
2022-05-23,Sonoma,097,501317,90492,89810,3521,93331,490
2022-05-23,Stanislaus,099,539301,120507,119894,18415,138309,1654
2022-05-23,Sutter,101,95872,20935,20904,2178,23082,226
2022-05-23,Tehama,103,63373,12214,12189,2632,14821,201
2022-05-23,Trinity,105,12862,1199,1194,290,1484,20
2022-05-23,Tulare,107,460477,107869,107790,28474,136264,1482
2022-05-23,Tuolumne,109,53932,13213,13086,611,13697,182
2022-05-23,Ventura,111,848112,180022,179116,10580,189696,1499
2022-05-23,Yolo,113,214977,40029,38782,3161,41943,319
2022-05-23,Yuba,115,75493,16299,16260,1304,17564,122
2022-05-22,Alameda,001,1643700,280163,274996,15387,290383,1858
2022-05-22,Alpine,002,1148,126,126,1,127,0
2022-05-22,Amador,005,37829,8739,8628,680,9308,86
2022-05-22,Butte,007,227075,34000,33606,7351,40957,426
2022-05-22,Calaveras,009,45235,7467,7424,380,7804,120
2022-05-22,Colusa,011,21464,3476,3468,1059,4527,21
2022-05-22,Contra Costa,013,1133247,206857,199703,15047,214750,1305
2022-05-22,Del Norte,015,27424,6170,6045,219,6264,50
2022-05-22,El Dorado,017,186661,27839,27517,3372,30889,213
2022-05-22,Fresno,019,978130,239399,234657,25028,259685,2760
2022-05-22,Glenn,021,27897,5053,5020,1642,6662,48
2022-05-22,Humboldt,023,135768,18238,17984,3423,21407,146
2022-05-22,Imperial,025,180216,56256,56014,10750,66764,923
2022-05-22,Inyo,027,18085,4155,4135,553,4688,56
2022-05-22,Kern,029,883053,194638,193705,47043,240748,2334
2022-05-22,Kings,031,150075,52181,52038,3558,55596,447
2022-05-22,Lake,033,64148,10963,10867,918,11785,137
2022-05-22,Lassen,035,31185,9021,9011,883,9894,64
2022-05-22,Los Angeles,037,10098052,2818170,2791671,130996,2922667,31815
2022-05-22,Madera,039,155013,37936,37744,6260,44004,370
2022-05-22,Marin,041,260295,37145,36394,3655,40049,293
2022-05-22,Mariposa,043,17540,2525,2490,224,2714,30
2022-05-22,Mendocino,045,87422,13595,13461,3370,16831,124
2022-05-22,Merced,047,269075,63826,62969,9210,72179,823
2022-05-22,Modoc,049,8938,747,750,253,1003,8
2022-05-22,Mono,051,14174,3030,3012,160,3172,6
2022-05-22,Monterey,053,433212,81903,81224,15142,96366,735
2022-05-22,Napa,055,140530,27316,27034,1100,28134,143
2022-05-22,Nevada,057,99092,16555,16410,1300,17710,127
2022-05-22,Orange,059,3164182,567245,562531,44734,607265,7025
2022-05-22,Placer,061,380077,65706,64802,7804,72606,626
2022-05-22,Plumas,063,18699,3097,3052,372,3424,13
2022-05-22,Riverside,065,2383286,606025,601808,28906,630714,6476
2022-05-22,Sacramento,067,1510023,293170,289972,28063,318035,3027
2022-05-22,San Benito,069,59416,13420,13234,587,13821,98
2022-05-22,San Bernardino,071,2135413,586230,575194,25552,600746,7523
2022-05-22,San Diego,073,3302833,782067,777404,56279,833683,5282
2022-05-22,San Francisco,075,870044,142222,138922,9310,148232,871
2022-05-22,San Joaquin,077,732212,171450,169745,10889,180634,2237
2022-05-22,San Luis Obispo,079,281455,54512,54012,4268,58280,481
2022-05-22,San Mateo,081,765935,135505,132636,8161,140797,711
2022-05-22,Santa Barbara,083,443738,89675,88783,5029,93812,692
2022-05-22,Santa Clara,085,1922200,347045,336488,14234,350722,2301
2022-05-22,Santa Cruz,087,273765,51832,51333,2377,53710,263
2022-05-22,Shasta,089,179085,31121,30966,6170,37136,564
2022-05-22,Sierra,091,2930,278,276,54,330,4
2022-05-22,Siskiyou,093,43540,4511,4501,2784,7285,81
2022-05-22,Solano,095,438530,86683,85038,6018,91056,451
2022-05-22,Sonoma,097,501317,90205,88889,3466,92355,489
2022-05-22,Stanislaus,099,539301,120333,119396,18390,137786,1653
2022-05-22,Sutter,101,95872,20906,20809,2170,22979,226
2022-05-22,Tehama,103,63373,12206,12162,2627,14789,201
2022-05-22,Trinity,105,12862,1199,1191,289,1480,20
2022-05-22,Tulare,107,460477,107765,107485,28391,135876,1477
2022-05-22,Tuolumne,109,53932,13193,12977,609,13586,182
2022-05-22,Ventura,111,848112,179675,178024,10528,188552,1499
2022-05-22,Yolo,113,214977,39904,38377,3137,41514,319
2022-05-22,Yuba,115,75493,16272,16180,1295,17475,122
2022-05-21,Alameda,001,1643700,279700,274996,15366,290362,1858
2022-05-21,Alpine,002,1148,126,126,1,127,0
2022-05-21,Amador,005,37829,8728,8628,680,9308,86
2022-05-21,Butte,007,227075,33979,33606,7337,40943,426
2022-05-21,Calaveras,009,45235,7461,7424,380,7804,120
2022-05-21,Colusa,011,21464,3476,3468,1058,4526,21
2022-05-21,Contra Costa,013,1133247,206498,199703,15014,214717,1305
2022-05-21,Del Norte,015,27424,6165,6045,217,6262,50
2022-05-21,El Dorado,017,186661,27802,27517,3370,30887,213
2022-05-21,Fresno,019,978130,239266,234657,25007,259664,2760
2022-05-21,Glenn,021,27897,5050,5020,1641,6661,48
2022-05-21,Humboldt,023,135768,18213,17984,3415,21399,146
2022-05-21,Imperial,025,180216,56222,56014,10748,66762,923
2022-05-21,Inyo,027,18085,4153,4135,551,4686,56
2022-05-21,Kern,029,883053,194541,193705,46983,240688,2334
2022-05-21,Kings,031,150075,52158,52038,3557,55595,447
2022-05-21,Lake,033,64148,10955,10867,918,11785,137
2022-05-21,Lassen,035,31185,9018,9011,883,9894,64
2022-05-21,Los Angeles,037,10098052,2815857,2791671,130749,2922420,31815
2022-05-21,Madera,039,155013,37918,37744,6254,43998,370
2022-05-21,Marin,041,260295,37050,36394,3611,40005,293
2022-05-21,Mariposa,043,17540,2523,2490,224,2714,30
2022-05-21,Mendocino,045,87422,13584,13461,3365,16826,124
2022-05-21,Merced,047,269075,63791,62969,9204,72173,823
2022-05-21,Modoc,049,8938,746,750,253,1003,8
2022-05-21,Mono,051,14174,3030,3012,160,3172,6
2022-05-21,Monterey,053,433212,81837,81224,15087,96311,735
2022-05-21,Napa,055,140530,27283,27034,1097,28131,143
2022-05-21,Nevada,057,99092,16549,16410,1300,17710,127
2022-05-21,Orange,059,3164182,566730,562531,44621,607152,7025
2022-05-21,Placer,061,380077,65601,64802,7792,72594,626
2022-05-21,Plumas,063,18699,3090,3052,372,3424,13
2022-05-21,Riverside,065,2383286,605551,601808,28881,630689,6476
2022-05-21,Sacramento,067,1510023,292841,289972,28033,318005,3027
2022-05-21,San Benito,069,59416,13408,13234,579,13813,98
2022-05-21,San Bernardino,071,2135413,585890,575194,25527,600721,7523
2022-05-21,San Diego,073,3302833,781372,777404,56215,833619,5282
2022-05-21,San Francisco,075,870044,141915,138922,9297,148219,871
2022-05-21,San Joaquin,077,732212,171332,169745,10870,180615,2237
2022-05-21,San Luis Obispo,079,281455,54433,54012,4254,58266,481
2022-05-21,San Mateo,081,765935,135192,132636,8135,140771,711
2022-05-21,Santa Barbara,083,443738,89583,88783,5016,93799,692
2022-05-21,Santa Clara,085,1922200,346194,336488,14191,350679,2301
2022-05-21,Santa Cruz,087,273765,51787,51333,2358,53691,263
2022-05-21,Shasta,089,179085,31110,30966,6168,37134,564
2022-05-21,Sierra,091,2930,277,276,54,330,4
2022-05-21,Siskiyou,093,43540,4507,4501,2782,7283,81
2022-05-21,Solano,095,438530,86599,85038,6012,91050,451
2022-05-21,Sonoma,097,501317,90079,88889,3457,92346,489
2022-05-21,Stanislaus,099,539301,120251,119396,18366,137762,1653
2022-05-21,Sutter,101,95872,20896,20809,2165,22974,226
2022-05-21,Tehama,103,63373,12204,12162,2626,14788,201
2022-05-21,Trinity,105,12862,1199,1191,289,1480,20
2022-05-21,Tulare,107,460477,107704,107485,28355,135840,1477
2022-05-21,Tuolumne,109,53932,13186,12977,609,13586,182
2022-05-21,Ventura,111,848112,179500,178024,10509,188533,1499
2022-05-21,Yolo,113,214977,39841,38377,3126,41503,319
2022-05-21,Yuba,115,75493,16259,16180,1293,17473,122
2022-05-20,Alameda,001,1643700,279159,274996,15340,290336,1858
2022-05-20,Alpine,002,1148,126,126,1,127,0
2022-05-20,Amador,005,37829,8721,8628,680,9308,86
2022-05-20,Butte,007,227075,33957,33606,7325,40931,426
2022-05-20,Calaveras,009,45235,7453,7424,380,7804,120
2022-05-20,Colusa,011,21464,3476,3468,1058,4526,21
2022-05-20,Contra Costa,013,1133247,206140,199703,14997,214700,1305
2022-05-20,Del Norte,015,27424,6160,6045,216,6261,50
2022-05-20,El Dorado,017,186661,27768,27517,3367,30884,213
2022-05-20,Fresno,019,978130,239106,234657,24977,259634,2760
2022-05-20,Glenn,021,27897,5047,5020,1641,6661,48
2022-05-20,Humboldt,023,135768,18191,17984,3407,21391,146
2022-05-20,Imperial,025,180216,56198,56014,10745,66759,923
2022-05-20,Inyo,027,18085,4150,4135,547,4682,56
2022-05-20,Kern,029,883053,194437,193705,46935,240640,2334
2022-05-20,Kings,031,150075,52143,52038,3556,55594,447
2022-05-20,Lake,033,64148,10938,10867,918,11785,137
2022-05-20,Lassen,035,31185,9016,9011,883,9894,64
2022-05-20,Los Angeles,037,10098052,2813498,2791671,130520,2922191,31815
2022-05-20,Madera,039,155013,37899,37744,6246,43990,370
2022-05-20,Marin,041,260295,36976,36394,3572,39966,293
2022-05-20,Mariposa,043,17540,2518,2490,224,2714,30
2022-05-20,Mendocino,045,87422,13569,13461,3361,16822,124
2022-05-20,Merced,047,269075,63757,62969,9201,72170,823
2022-05-20,Modoc,049,8938,746,750,253,1003,8
2022-05-20,Mono,051,14174,3026,3012,160,3172,6
2022-05-20,Monterey,053,433212,81779,81224,15047,96271,735
2022-05-20,Napa,055,140530,27253,27034,1093,28127,143
2022-05-20,Nevada,057,99092,16541,16410,1298,17708,127
2022-05-20,Orange,059,3164182,566158,562531,44522,607053,7025
2022-05-20,Placer,061,380077,65522,64802,7776,72578,626
2022-05-20,Plumas,063,18699,3088,3052,372,3424,13
2022-05-20,Riverside,065,2383286,605099,601808,28858,630666,6476
2022-05-20,Sacramento,067,1510023,292466,289972,28010,317982,3027
2022-05-20,San Benito,069,59416,13392,13234,578,13812,98
2022-05-20,San Bernardino,071,2135413,585569,575194,25508,600702,7523
2022-05-20,San Diego,073,3302833,780574,777404,56123,833527,5282
2022-05-20,San Francisco,075,870044,141579,138922,9266,148188,871
2022-05-20,San Joaquin,077,732212,171211,169745,10862,180607,2237
2022-05-20,San Luis Obispo,079,281455,54397,54012,4249,58261,481
2022-05-20,San Mateo,081,765935,134871,132636,8112,140748,711
2022-05-20,Santa Barbara,083,443738,89499,88783,5011,93794,692
2022-05-20,Santa Clara,085,1922200,345397,336488,14140,350628,2301
2022-05-20,Santa Cruz,087,273765,51742,51333,2340,53673,263
2022-05-20,Shasta,089,179085,31097,30966,6165,37131,564
2022-05-20,Sierra,091,2930,277,276,54,330,4
2022-05-20,Siskiyou,093,43540,4504,4501,2780,7281,81
2022-05-20,Solano,095,438530,86457,85038,6004,91042,451
2022-05-20,Sonoma,097,501317,89952,88889,3444,92333,489
2022-05-20,Stanislaus,099,539301,120169,119396,18353,137749,1653
2022-05-20,Sutter,101,95872,20887,20809,2164,22973,226
2022-05-20,Tehama,103,63373,12200,12162,2625,14787,201
2022-05-20,Trinity,105,12862,1199,1191,289,1480,20
2022-05-20,Tulare,107,460477,107645,107485,28316,135801,1477
2022-05-20,Tuolumne,109,53932,13167,12977,607,13584,182
2022-05-20,Ventura,111,848112,179303,178024,10491,188515,1499
2022-05-20,Yolo,113,214977,39772,38377,3120,41497,319
2022-05-20,Yuba,115,75493,16244,16180,1289,17469,122
2022-05-19,Alameda,001,1643700,278335,274996,15272,290268,1858
2022-05-19,Alpine,002,1148,126,126,1,127,0
2022-05-19,Amador,005,37829,8713,8628,680,9308,86
2022-05-19,Butte,007,227075,33919,33606,7316,40922,426
2022-05-19,Calaveras,009,45235,7447,7424,377,7801,120
2022-05-19,Colusa,011,21464,3475,3468,1057,4525,21
2022-05-19,Contra Costa,013,1133247,205596,199703,14923,214626,1305
2022-05-19,Del Norte,015,27424,6156,6045,211,6256,50
2022-05-19,El Dorado,017,186661,27716,27517,3352,30869,213
2022-05-19,Fresno,019,978130,238882,234657,24937,259594,2760
2022-05-19,Glenn,021,27897,5046,5020,1637,6657,48
2022-05-19,Humboldt,023,135768,18157,17984,3392,21376,146
2022-05-19,Imperial,025,180216,56150,56014,10744,66758,923
2022-05-19,Inyo,027,18085,4146,4135,546,4681,56
2022-05-19,Kern,029,883053,194296,193705,46860,240565,2334
2022-05-19,Kings,031,150075,52116,52038,3555,55593,447
2022-05-19,Lake,033,64148,10930,10867,916,11783,137
2022-05-19,Lassen,035,31185,9012,9011,883,9894,64
2022-05-19,Los Angeles,037,10098052,2809538,2791671,130190,2921861,31815
2022-05-19,Madera,039,155013,37863,37744,6230,43974,370
2022-05-19,Marin,041,260295,36880,36394,3539,39933,293
2022-05-19,Mariposa,043,17540,2510,2490,224,2714,30
2022-05-19,Mendocino,045,87422,13546,13461,3354,16815,124
2022-05-19,Merced,047,269075,63695,62969,9185,72154,823
2022-05-19,Modoc,049,8938,746,750,253,1003,8
2022-05-19,Mono,051,14174,3025,3012,156,3168,6
2022-05-19,Monterey,053,433212,81698,81224,14982,96206,735
2022-05-19,Napa,055,140530,27196,27034,1090,28124,143
2022-05-19,Nevada,057,99092,16507,16410,1291,17701,127
2022-05-19,Orange,059,3164182,565324,562531,44392,606923,7025
2022-05-19,Placer,061,380077,65398,64802,7760,72562,626
2022-05-19,Plumas,063,18699,3082,3052,372,3424,13
2022-05-19,Riverside,065,2383286,604468,601808,28814,630622,6476
2022-05-19,Sacramento,067,1510023,291903,289972,27925,317897,3027
2022-05-19,San Benito,069,59416,13364,13234,575,13809,98
2022-05-19,San Bernardino,071,2135413,585053,575194,25487,600681,7523
2022-05-19,San Diego,073,3302833,779337,777404,55958,833362,5282
2022-05-19,San Francisco,075,870044,141108,138922,9233,148155,871
2022-05-19,San Joaquin,077,732212,170967,169745,10845,180590,2237
2022-05-19,San Luis Obispo,079,281455,54294,54012,4217,58229,481
2022-05-19,San Mateo,081,765935,134399,132636,8054,140690,711
2022-05-19,Santa Barbara,083,443738,89346,88783,4984,93767,692
2022-05-19,Santa Clara,085,1922200,344315,336488,14053,350541,2301
2022-05-19,Santa Cruz,087,273765,51664,51333,2326,53659,263
2022-05-19,Shasta,089,179085,31068,30966,6159,37125,564
2022-05-19,Sierra,091,2930,277,276,54,330,4
2022-05-19,Siskiyou,093,43540,4501,4501,2778,7279,81
2022-05-19,Solano,095,438530,86269,85038,5979,91017,451
2022-05-19,Sonoma,097,501317,89747,88889,3410,92299,489
2022-05-19,Stanislaus,099,539301,120038,119396,18331,137727,1653
2022-05-19,Sutter,101,95872,20851,20809,2161,22970,226
2022-05-19,Tehama,103,63373,12190,12162,2622,14784,201
2022-05-19,Trinity,105,12862,1198,1191,289,1480,20
2022-05-19,Tulare,107,460477,107551,107485,28270,135755,1477
2022-05-19,Tuolumne,109,53932,13143,12977,604,13581,182
2022-05-19,Ventura,111,848112,179028,178024,10452,188476,1499
2022-05-19,Yolo,113,214977,39682,38377,3112,41489,319
2022-05-19,Yuba,115,75493,16224,16180,1281,17461,122
2022-05-18,Alameda,001,1643700,277490,272530,15202,287732,1859
2022-05-18,Alpine,002,1148,126,126,1,127,0
2022-05-18,Amador,005,37829,8695,8592,680,9272,86
2022-05-18,Butte,007,227075,33878,33486,7301,40787,426
2022-05-18,Calaveras,009,45235,7439,7400,377,7777,120
2022-05-18,Colusa,011,21464,3475,3467,1057,4524,21
2022-05-18,Contra Costa,013,1133247,205037,198207,14836,213043,1303
2022-05-18,Del Norte,015,27424,6148,6001,207,6208,50
2022-05-18,El Dorado,017,186661,27664,27388,3344,30732,212
2022-05-18,Fresno,019,978130,238618,234055,24896,258951,2759
2022-05-18,Glenn,021,27897,5045,5012,1637,6649,48
2022-05-18,Humboldt,023,135768,18132,17868,3371,21239,146
2022-05-18,Imperial,025,180216,56088,55915,10738,66653,918
2022-05-18,Inyo,027,18085,4142,4120,540,4660,56
2022-05-18,Kern,029,883053,194179,193338,46800,240138,2327
2022-05-18,Kings,031,150075,52087,51903,3552,55455,447
2022-05-18,Lake,033,64148,10921,10831,915,11746,137
2022-05-18,Lassen,035,31185,9006,8994,883,9877,65
2022-05-18,Los Angeles,037,10098052,2805217,2780354,129907,2910261,31789
2022-05-18,Madera,039,155013,37825,37644,6221,43865,365
2022-05-18,Marin,041,260295,36790,36024,3498,39522,293
2022-05-18,Mariposa,043,17540,2503,2481,224,2705,30
2022-05-18,Mendocino,045,87422,13525,13403,3339,16742,124
2022-05-18,Merced,047,269075,63630,62802,9158,71960,818
2022-05-18,Modoc,049,8938,746,748,253,1001,8
2022-05-18,Mono,051,14174,3024,3010,154,3164,6
2022-05-18,Monterey,053,433212,81589,80955,14926,95881,735
2022-05-18,Napa,055,140530,27155,26912,1083,27995,143
2022-05-18,Nevada,057,99092,16487,16361,1286,17647,127
2022-05-18,Orange,059,3164182,564519,560094,44283,604377,7021
2022-05-18,Placer,061,380077,65252,64432,7745,72177,626
2022-05-18,Plumas,063,18699,3074,3022,369,3391,13
2022-05-18,Riverside,065,2383286,603818,599947,28762,628709,6471
2022-05-18,Sacramento,067,1510023,291380,288335,27842,316177,3022
2022-05-18,San Benito,069,59416,13340,13186,571,13757,98
2022-05-18,San Bernardino,071,2135413,584583,573790,25460,599250,7455
2022-05-18,San Diego,073,3302833,777903,773934,55794,829728,5277
2022-05-18,San Francisco,075,870044,140581,137341,9206,146547,869
2022-05-18,San Joaquin,077,732212,170732,169045,10759,179804,2236
2022-05-18,San Luis Obispo,079,281455,54195,53756,4183,57939,478
2022-05-18,San Mateo,081,765935,133968,131330,7987,139317,709
2022-05-18,Santa Barbara,083,443738,89186,88317,4963,93280,693
2022-05-18,Santa Clara,085,1922200,343166,333230,13960,347190,2300
2022-05-18,Santa Cruz,087,273765,51576,51020,2313,53333,263
2022-05-18,Shasta,089,179085,31045,30899,6154,37053,558
2022-05-18,Sierra,091,2930,277,275,54,329,4
2022-05-18,Siskiyou,093,43540,4496,4495,2776,7271,81
2022-05-18,Solano,095,438530,86005,84476,5961,90437,451
2022-05-18,Sonoma,097,501317,89548,88195,3371,91566,489
2022-05-18,Stanislaus,099,539301,119928,119025,18298,137323,1645
2022-05-18,Sutter,101,95872,20829,20763,2152,22915,226
2022-05-18,Tehama,103,63373,12184,12133,2619,14752,201
2022-05-18,Trinity,105,12862,1198,1189,289,1478,20
2022-05-18,Tulare,107,460477,107482,107292,28212,135504,1477
2022-05-18,Tuolumne,109,53932,13124,12917,602,13519,182
2022-05-18,Ventura,111,848112,178759,177233,10408,187641,1497
2022-05-18,Yolo,113,214977,39570,38139,3100,41239,316
2022-05-18,Yuba,115,75493,16200,16109,1272,17381,122
2022-05-17,Alameda,001,1643700,276649,272530,15134,287664,1859
2022-05-17,Alpine,002,1148,126,126,1,127,0
2022-05-17,Amador,005,37829,8686,8592,678,9270,86
2022-05-17,Butte,007,227075,33826,33486,7280,40766,426
2022-05-17,Calaveras,009,45235,7432,7400,377,7777,120
2022-05-17,Colusa,011,21464,3474,3467,1056,4523,21
2022-05-17,Contra Costa,013,1133247,204399,198207,14751,212958,1303
2022-05-17,Del Norte,015,27424,6134,6001,207,6208,50
2022-05-17,El Dorado,017,186661,27610,27388,3338,30726,212
2022-05-17,Fresno,019,978130,238364,234055,24865,258920,2759
2022-05-17,Glenn,021,27897,5042,5012,1636,6648,48
2022-05-17,Humboldt,023,135768,18092,17868,3354,21222,146
2022-05-17,Imperial,025,180216,56045,55915,10728,66643,918
2022-05-17,Inyo,027,18085,4140,4120,531,4651,56
2022-05-17,Kern,029,883053,194022,193338,46744,240082,2327
2022-05-17,Kings,031,150075,52044,51903,3548,55451,447
2022-05-17,Lake,033,64148,10906,10831,913,11744,137
2022-05-17,Lassen,035,31185,9001,8994,882,9876,65
2022-05-17,Los Angeles,037,10098052,2800693,2780354,129595,2909949,31789
2022-05-17,Madera,039,155013,37799,37644,6206,43850,365
2022-05-17,Marin,041,260295,36657,36024,3437,39461,293
2022-05-17,Mariposa,043,17540,2498,2481,223,2704,30
2022-05-17,Mendocino,045,87422,13499,13403,3329,16732,124
2022-05-17,Merced,047,269075,63565,62802,9139,71941,818
2022-05-17,Modoc,049,8938,746,748,253,1001,8
2022-05-17,Mono,051,14174,3020,3010,154,3164,6
2022-05-17,Monterey,053,433212,81472,80955,14861,95816,735
2022-05-17,Napa,055,140530,27107,26912,1075,27987,143
2022-05-17,Nevada,057,99092,16458,16361,1278,17639,127
2022-05-17,Orange,059,3164182,563616,560094,44143,604237,7021
2022-05-17,Placer,061,380077,65092,64432,7708,72140,626
2022-05-17,Plumas,063,18699,3068,3022,368,3390,13
2022-05-17,Riverside,065,2383286,603129,599947,28719,628666,6471
2022-05-17,Sacramento,067,1510023,290747,288335,27742,316077,3022
2022-05-17,San Benito,069,59416,13303,13186,570,13756,98
2022-05-17,San Bernardino,071,2135413,584094,573790,25446,599236,7455
2022-05-17,San Diego,073,3302833,776390,773934,55627,829561,5277
2022-05-17,San Francisco,075,870044,140003,137341,9175,146516,869
2022-05-17,San Joaquin,077,732212,170492,169045,10718,179763,2236
2022-05-17,San Luis Obispo,079,281455,54102,53756,4139,57895,478
2022-05-17,San Mateo,081,765935,133469,131330,7948,139278,709
2022-05-17,Santa Barbara,083,443738,88988,88317,4945,93262,693
2022-05-17,Santa Clara,085,1922200,341984,333230,13887,347117,2300
2022-05-17,Santa Cruz,087,273765,51499,51020,2305,53325,263
2022-05-17,Shasta,089,179085,31007,30899,6151,37050,558
2022-05-17,Sierra,091,2930,277,275,54,329,4
2022-05-17,Siskiyou,093,43540,4494,4495,2774,7269,81
2022-05-17,Solano,095,438530,85719,84476,5931,90407,451
2022-05-17,Sonoma,097,501317,89305,88195,3326,91521,489
2022-05-17,Stanislaus,099,539301,119779,119025,18269,137294,1645
2022-05-17,Sutter,101,95872,20809,20763,2148,22911,226
2022-05-17,Tehama,103,63373,12172,12133,2616,14749,201
2022-05-17,Trinity,105,12862,1197,1189,289,1478,20
2022-05-17,Tulare,107,460477,107388,107292,28173,135465,1477
2022-05-17,Tuolumne,109,53932,13110,12917,602,13519,182
2022-05-17,Ventura,111,848112,178436,177233,10354,187587,1497
2022-05-17,Yolo,113,214977,39433,38139,3093,41232,316
2022-05-17,Yuba,115,75493,16175,16109,1269,17378,122
2022-05-16,Alameda,001,1643700,275641,272530,15056,287586,1859
2022-05-16,Alpine,002,1148,126,126,1,127,0
2022-05-16,Amador,005,37829,8676,8592,677,9269,86
2022-05-16,Butte,007,227075,33768,33486,7264,40750,426
2022-05-16,Calaveras,009,45235,7426,7400,375,7775,120
2022-05-16,Colusa,011,21464,3473,3467,1056,4523,21
2022-05-16,Contra Costa,013,1133247,203756,198207,14670,212877,1303
2022-05-16,Del Norte,015,27424,6121,6001,204,6205,50
2022-05-16,El Dorado,017,186661,27553,27388,3330,30718,212
2022-05-16,Fresno,019,978130,238100,234055,24823,258878,2759
2022-05-16,Glenn,021,27897,5037,5012,1631,6643,48
2022-05-16,Humboldt,023,135768,18046,17868,3340,21208,146
2022-05-16,Imperial,025,180216,55981,55915,10715,66630,918
2022-05-16,Inyo,027,18085,4136,4120,528,4648,56
2022-05-16,Kern,029,883053,193870,193338,46678,240016,2327
2022-05-16,Kings,031,150075,51994,51903,3547,55450,447
2022-05-16,Lake,033,64148,10899,10831,912,11743,137
2022-05-16,Lassen,035,31185,8996,8994,880,9874,65
2022-05-16,Los Angeles,037,10098052,2796276,2780354,129308,2909662,31789
2022-05-16,Madera,039,155013,37768,37644,6184,43828,365
2022-05-16,Marin,041,260295,36493,36024,3389,39413,293
2022-05-16,Mariposa,043,17540,2497,2481,222,2703,30
2022-05-16,Mendocino,045,87422,13473,13403,3317,16720,124
2022-05-16,Merced,047,269075,63494,62802,9103,71905,818
2022-05-16,Modoc,049,8938,746,748,253,1001,8
2022-05-16,Mono,051,14174,3017,3010,154,3164,6
2022-05-16,Monterey,053,433212,81360,80955,14775,95730,735
2022-05-16,Napa,055,140530,27056,26912,1070,27982,143
2022-05-16,Nevada,057,99092,16439,16361,1272,17633,127
2022-05-16,Orange,059,3164182,562763,560094,44016,604110,7021
2022-05-16,Placer,061,380077,64982,64432,7677,72109,626
2022-05-16,Plumas,063,18699,3058,3022,367,3389,13
2022-05-16,Riverside,065,2383286,602415,599947,28663,628610,6471
2022-05-16,Sacramento,067,1510023,290082,288335,27647,315982,3022
2022-05-16,San Benito,069,59416,13285,13186,564,13750,98
2022-05-16,San Bernardino,071,2135413,583622,573790,25416,599206,7455
2022-05-16,San Diego,073,3302833,774849,773934,55459,829393,5277
2022-05-16,San Francisco,075,870044,139300,137341,9143,146484,869
2022-05-16,San Joaquin,077,732212,170214,169045,10533,179578,2236
2022-05-16,San Luis Obispo,079,281455,53999,53756,4110,57866,478
2022-05-16,San Mateo,081,765935,132920,131330,7893,139223,709
2022-05-16,Santa Barbara,083,443738,88843,88317,4934,93251,693
2022-05-16,Santa Clara,085,1922200,340660,333230,13800,347030,2300
2022-05-16,Santa Cruz,087,273765,51420,51020,2290,53310,263
2022-05-16,Shasta,089,179085,30974,30899,6143,37042,558
2022-05-16,Sierra,091,2930,277,275,53,328,4
2022-05-16,Siskiyou,093,43540,4491,4495,2767,7262,81
2022-05-16,Solano,095,438530,85457,84476,5905,90381,451
2022-05-16,Sonoma,097,501317,89005,88195,3288,91483,489
2022-05-16,Stanislaus,099,539301,119635,119025,18236,137261,1645
2022-05-16,Sutter,101,95872,20795,20763,2141,22904,226
2022-05-16,Tehama,103,63373,12164,12133,2613,14746,201
2022-05-16,Trinity,105,12862,1196,1189,289,1478,20
2022-05-16,Tulare,107,460477,107308,107292,28127,135419,1477
2022-05-16,Tuolumne,109,53932,13077,12917,599,13516,182
2022-05-16,Ventura,111,848112,178105,177233,10296,187529,1497
2022-05-16,Yolo,113,214977,39298,38139,3084,41223,316
2022-05-16,Yuba,115,75493,16148,16109,1266,17375,122
2022-05-15,Alameda,001,1643700,274571,268944,14986,283930,1857
2022-05-15,Alpine,002,1148,126,125,1,126,0
2022-05-15,Amador,005,37829,8660,8574,672,9246,86
2022-05-15,Butte,007,227075,33710,33377,7243,40620,424
2022-05-15,Calaveras,009,45235,7407,7378,373,7751,120
2022-05-15,Colusa,011,21464,3470,3463,1054,4517,21
2022-05-15,Contra Costa,013,1133247,202992,195925,14588,210513,1301
2022-05-15,Del Norte,015,27424,6048,5919,202,6121,50
2022-05-15,El Dorado,017,186661,27493,27216,3315,30531,212
2022-05-15,Fresno,019,978130,237832,233305,24789,258094,2757
2022-05-15,Glenn,021,27897,5034,5004,1630,6634,48
2022-05-15,Humboldt,023,135768,17996,17633,3300,20933,146
2022-05-15,Imperial,025,180216,55945,55756,10694,66450,917
2022-05-15,Inyo,027,18085,4132,4114,524,4638,56
2022-05-15,Kern,029,883053,193692,192939,46595,239534,2314
2022-05-15,Kings,031,150075,51934,51779,3543,55322,447
2022-05-15,Lake,033,64148,10882,10790,909,11699,137
2022-05-15,Lassen,035,31185,8988,8987,879,9866,65
2022-05-15,Los Angeles,037,10098052,2791694,2768726,128936,2897662,31768
2022-05-15,Madera,039,155013,37726,37520,6166,43686,365
2022-05-15,Marin,041,260295,36322,35486,3350,38836,293
2022-05-15,Mariposa,043,17540,2492,2463,221,2684,30
2022-05-15,Mendocino,045,87422,13453,13349,3290,16639,124
2022-05-15,Merced,047,269075,63410,62627,9057,71684,818
2022-05-15,Modoc,049,8938,745,747,253,1000,8
2022-05-15,Mono,051,14174,3014,3002,152,3154,6
2022-05-15,Monterey,053,433212,81250,80620,14687,95307,735
2022-05-15,Napa,055,140530,27001,26698,1066,27764,143
2022-05-15,Nevada,057,99092,16409,16240,1269,17509,127
2022-05-15,Orange,059,3164182,561817,557134,43878,601012,7017
2022-05-15,Placer,061,380077,64805,63963,7648,71611,626
2022-05-15,Plumas,063,18699,3052,3006,367,3373,13
2022-05-15,Riverside,065,2383286,601696,597914,28595,626509,6471
2022-05-15,Sacramento,067,1510023,289365,286403,27511,313914,3022
2022-05-15,San Benito,069,59416,13260,13106,562,13668,98
2022-05-15,San Bernardino,071,2135413,583075,572057,25387,597444,7423
2022-05-15,San Diego,073,3302833,773345,770323,55260,825583,5271
2022-05-15,San Francisco,075,870044,138586,134916,9109,144025,866
2022-05-15,San Joaquin,077,732212,169971,168174,10456,178630,2236
2022-05-15,San Luis Obispo,079,281455,53872,53502,4068,57570,478
2022-05-15,San Mateo,081,765935,132385,129480,7823,137303,709
2022-05-15,Santa Barbara,083,443738,88613,87773,4899,92672,693
2022-05-15,Santa Clara,085,1922200,339242,328609,13708,342317,2297
2022-05-15,Santa Cruz,087,273765,51315,50268,2274,52542,263
2022-05-15,Shasta,089,179085,30934,30799,6137,36936,557
2022-05-15,Sierra,091,2930,277,275,53,328,4
2022-05-15,Siskiyou,093,43540,4489,4482,2764,7246,81
2022-05-15,Solano,095,438530,85136,83669,5871,89540,451
2022-05-15,Sonoma,097,501317,88680,87070,3263,90333,488
2022-05-15,Stanislaus,099,539301,119464,118586,18204,136790,1645
2022-05-15,Sutter,101,95872,20768,20690,2131,22821,226
2022-05-15,Tehama,103,63373,12146,12115,2607,14722,201
2022-05-15,Trinity,105,12862,1195,1188,289,1477,20
2022-05-15,Tulare,107,460477,107207,107077,28081,135158,1469
2022-05-15,Tuolumne,109,53932,13022,12851,597,13448,182
2022-05-15,Ventura,111,848112,177759,176317,10234,186551,1497
2022-05-15,Yolo,113,214977,39183,37737,3072,40809,316
2022-05-15,Yuba,115,75493,16114,16028,1257,17285,122
2022-05-14,Alameda,001,1643700,274143,268944,14966,283910,1857
2022-05-14,Alpine,002,1148,125,125,1,126,0
2022-05-14,Amador,005,37829,8654,8574,672,9246,86
2022-05-14,Butte,007,227075,33690,33377,7235,40612,424
2022-05-14,Calaveras,009,45235,7405,7378,373,7751,120
2022-05-14,Colusa,011,21464,3470,3463,1054,4517,21
2022-05-14,Contra Costa,013,1133247,202613,195925,14558,210483,1301
2022-05-14,Del Norte,015,27424,6040,5919,200,6119,50
2022-05-14,El Dorado,017,186661,27462,27216,3310,30526,212
2022-05-14,Fresno,019,978130,237708,233305,24779,258084,2757
2022-05-14,Glenn,021,27897,5033,5004,1626,6630,48
2022-05-14,Humboldt,023,135768,17970,17633,3293,20926,146
2022-05-14,Imperial,025,180216,55914,55756,10691,66447,917
2022-05-14,Inyo,027,18085,4127,4114,524,4638,56
2022-05-14,Kern,029,883053,193621,192939,46549,239488,2314
2022-05-14,Kings,031,150075,51907,51779,3543,55322,447
2022-05-14,Lake,033,64148,10872,10790,904,11694,137
2022-05-14,Lassen,035,31185,8986,8987,879,9866,65
2022-05-14,Los Angeles,037,10098052,2789762,2768726,128721,2897447,31768
2022-05-14,Madera,039,155013,37711,37520,6166,43686,365
2022-05-14,Marin,041,260295,36215,35486,3301,38787,293
2022-05-14,Mariposa,043,17540,2491,2463,221,2684,30
2022-05-14,Mendocino,045,87422,13443,13349,3286,16635,124
2022-05-14,Merced,047,269075,63374,62627,9054,71681,818
2022-05-14,Modoc,049,8938,744,747,253,1000,8
2022-05-14,Mono,051,14174,3014,3002,151,3153,6
2022-05-14,Monterey,053,433212,81185,80620,14634,95254,735
2022-05-14,Napa,055,140530,26977,26698,1059,27757,143
2022-05-14,Nevada,057,99092,16394,16240,1268,17508,127
2022-05-14,Orange,059,3164182,561373,557134,43794,600928,7017
2022-05-14,Placer,061,380077,64696,63963,7625,71588,626
2022-05-14,Plumas,063,18699,3048,3006,367,3373,13
2022-05-14,Riverside,065,2383286,601284,597914,28560,626474,6471
2022-05-14,Sacramento,067,1510023,289093,286403,27489,313892,3022
2022-05-14,San Benito,069,59416,13250,13106,559,13665,98
2022-05-14,San Bernardino,071,2135413,582797,572057,25375,597432,7423
2022-05-14,San Diego,073,3302833,772745,770323,55213,825536,5271
2022-05-14,San Francisco,075,870044,138228,134916,9085,144001,866
2022-05-14,San Joaquin,077,732212,169826,168174,10440,178614,2236
2022-05-14,San Luis Obispo,079,281455,53845,53502,4065,57567,478
2022-05-14,San Mateo,081,765935,132060,129480,7795,137275,709
2022-05-14,Santa Barbara,083,443738,88506,87773,4894,92667,693
2022-05-14,Santa Clara,085,1922200,338411,328609,13669,342278,2297
2022-05-14,Santa Cruz,087,273765,51268,50268,2260,52528,263
2022-05-14,Shasta,089,179085,30930,30799,6136,36935,557
2022-05-14,Sierra,091,2930,277,275,53,328,4
2022-05-14,Siskiyou,093,43540,4486,4482,2762,7244,81
2022-05-14,Solano,095,438530,85072,83669,5861,89530,451
2022-05-14,Sonoma,097,501317,88536,87070,3251,90321,488
2022-05-14,Stanislaus,099,539301,119379,118586,18192,136778,1645
2022-05-14,Sutter,101,95872,20761,20690,2130,22820,226
2022-05-14,Tehama,103,63373,12140,12115,2606,14721,201
2022-05-14,Trinity,105,12862,1195,1188,289,1477,20
2022-05-14,Tulare,107,460477,107158,107077,28057,135134,1469
2022-05-14,Tuolumne,109,53932,13011,12851,597,13448,182
2022-05-14,Ventura,111,848112,177597,176317,10209,186526,1497
2022-05-14,Yolo,113,214977,39114,37737,3065,40802,316
2022-05-14,Yuba,115,75493,16107,16028,1256,17284,122
2022-05-13,Alameda,001,1643700,273659,268944,14934,283878,1857
2022-05-13,Alpine,002,1148,125,125,1,126,0
2022-05-13,Amador,005,37829,8649,8574,671,9245,86
2022-05-13,Butte,007,227075,33673,33377,7233,40610,424
2022-05-13,Calaveras,009,45235,7402,7378,373,7751,120
2022-05-13,Colusa,011,21464,3469,3463,1054,4517,21
2022-05-13,Contra Costa,013,1133247,202271,195925,14528,210453,1301
2022-05-13,Del Norte,015,27424,6037,5919,200,6119,50
2022-05-13,El Dorado,017,186661,27434,27216,3310,30526,212
2022-05-13,Fresno,019,978130,237600,233305,24760,258065,2757
2022-05-13,Glenn,021,27897,5031,5004,1625,6629,48
2022-05-13,Humboldt,023,135768,17946,17633,3285,20918,146
2022-05-13,Imperial,025,180216,55895,55756,10690,66446,917
2022-05-13,Inyo,027,18085,4127,4114,523,4637,56
2022-05-13,Kern,029,883053,193546,192939,46520,239459,2314
2022-05-13,Kings,031,150075,51883,51779,3543,55322,447
2022-05-13,Lake,033,64148,10869,10790,904,11694,137
2022-05-13,Lassen,035,31185,8985,8987,879,9866,65
2022-05-13,Los Angeles,037,10098052,2787820,2768726,128528,2897254,31768
2022-05-13,Madera,039,155013,37691,37520,6157,43677,365
2022-05-13,Marin,041,260295,36112,35486,3258,38744,293
2022-05-13,Mariposa,043,17540,2489,2463,221,2684,30
2022-05-13,Mendocino,045,87422,13429,13349,3279,16628,124
2022-05-13,Merced,047,269075,63339,62627,9045,71672,818
2022-05-13,Modoc,049,8938,744,747,253,1000,8
2022-05-13,Mono,051,14174,3012,3002,150,3152,6
2022-05-13,Monterey,053,433212,81129,80620,14595,95215,735
2022-05-13,Napa,055,140530,26941,26698,1057,27755,143
2022-05-13,Nevada,057,99092,16379,16240,1267,17507,127
2022-05-13,Orange,059,3164182,560905,557134,43721,600855,7017
2022-05-13,Placer,061,380077,64618,63963,7615,71578,626
2022-05-13,Plumas,063,18699,3041,3006,367,3373,13
2022-05-13,Riverside,065,2383286,600897,597914,28531,626445,6471
2022-05-13,Sacramento,067,1510023,288755,286403,27463,313866,3022
2022-05-13,San Benito,069,59416,13246,13106,559,13665,98
2022-05-13,San Bernardino,071,2135413,582556,572057,25367,597424,7423
2022-05-13,San Diego,073,3302833,772107,770323,55133,825456,5271
2022-05-13,San Francisco,075,870044,137878,134916,9065,143981,866
2022-05-13,San Joaquin,077,732212,169705,168174,10428,178602,2236
2022-05-13,San Luis Obispo,079,281455,53809,53502,4061,57563,478
2022-05-13,San Mateo,081,765935,131767,129480,7774,137254,709
2022-05-13,Santa Barbara,083,443738,88412,87773,4891,92664,693
2022-05-13,Santa Clara,085,1922200,337609,328609,13636,342245,2297
2022-05-13,Santa Cruz,087,273765,51181,50268,2252,52520,263
2022-05-13,Shasta,089,179085,30926,30799,6136,36935,557
2022-05-13,Sierra,091,2930,276,275,50,325,4
2022-05-13,Siskiyou,093,43540,4485,4482,2762,7244,81
2022-05-13,Solano,095,438530,84948,83669,5854,89523,451
2022-05-13,Sonoma,097,501317,88359,87070,3237,90307,488
2022-05-13,Stanislaus,099,539301,119285,118586,18178,136764,1645
2022-05-13,Sutter,101,95872,20749,20690,2129,22819,226
2022-05-13,Tehama,103,63373,12138,12115,2604,14719,201
2022-05-13,Trinity,105,12862,1194,1188,289,1477,20
2022-05-13,Tulare,107,460477,107111,107077,28022,135099,1469
2022-05-13,Tuolumne,109,53932,12995,12851,597,13448,182
2022-05-13,Ventura,111,848112,177417,176317,10195,186512,1497
2022-05-13,Yolo,113,214977,39051,37737,3062,40799,316
2022-05-13,Yuba,115,75493,16094,16028,1253,17281,122
2022-05-12,Alameda,001,1643700,272911,268944,14881,283825,1857
2022-05-12,Alpine,002,1148,125,125,1,126,0
2022-05-12,Amador,005,37829,8640,8574,671,9245,86
2022-05-12,Butte,007,227075,33646,33377,7219,40596,424
2022-05-12,Calaveras,009,45235,7398,7378,372,7750,120
2022-05-12,Colusa,011,21464,3469,3463,1053,4516,21
2022-05-12,Contra Costa,013,1133247,201751,195925,14465,210390,1301
2022-05-12,Del Norte,015,27424,6020,5919,199,6118,50
2022-05-12,El Dorado,017,186661,27394,27216,3301,30517,212
2022-05-12,Fresno,019,978130,237446,233305,24740,258045,2757
2022-05-12,Glenn,021,27897,5027,5004,1623,6627,48
2022-05-12,Humboldt,023,135768,17904,17633,3272,20905,146
2022-05-12,Imperial,025,180216,55868,55756,10677,66433,917
2022-05-12,Inyo,027,18085,4123,4114,518,4632,56
2022-05-12,Kern,029,883053,193480,192939,46472,239411,2314
2022-05-12,Kings,031,150075,51863,51779,3541,55320,447
2022-05-12,Lake,033,64148,10851,10790,898,11688,137
2022-05-12,Lassen,035,31185,8984,8987,879,9866,65
2022-05-12,Los Angeles,037,10098052,2784615,2768726,128263,2896989,31768
2022-05-12,Madera,039,155013,37666,37520,6145,43665,365
2022-05-12,Marin,041,260295,36012,35486,3235,38721,293
2022-05-12,Mariposa,043,17540,2484,2463,220,2683,30
2022-05-12,Mendocino,045,87422,13412,13349,3267,16616,124
2022-05-12,Merced,047,269075,63307,62627,9034,71661,818
2022-05-12,Modoc,049,8938,743,747,253,1000,8
2022-05-12,Mono,051,14174,3012,3002,149,3151,6
2022-05-12,Monterey,053,433212,81072,80620,14552,95172,735
2022-05-12,Napa,055,140530,26896,26698,1055,27753,143
2022-05-12,Nevada,057,99092,16357,16240,1266,17506,127
2022-05-12,Orange,059,3164182,560265,557134,43612,600746,7017
2022-05-12,Placer,061,380077,64512,63963,7592,71555,626
2022-05-12,Plumas,063,18699,3035,3006,367,3373,13
2022-05-12,Riverside,065,2383286,600440,597914,28498,626412,6471
2022-05-12,Sacramento,067,1510023,288299,286403,27399,313802,3022
2022-05-12,San Benito,069,59416,13231,13106,558,13664,98
2022-05-12,San Bernardino,071,2135413,582204,572057,25350,597407,7423
2022-05-12,San Diego,073,3302833,771156,770323,55043,825366,5271
2022-05-12,San Francisco,075,870044,137499,134916,9027,143943,866
2022-05-12,San Joaquin,077,732212,169524,168174,10388,178562,2236
2022-05-12,San Luis Obispo,079,281455,53750,53502,4032,57534,478
2022-05-12,San Mateo,081,765935,131355,129480,7723,137203,709
2022-05-12,Santa Barbara,083,443738,88306,87773,4880,92653,693
2022-05-12,Santa Clara,085,1922200,336635,328609,13552,342161,2297
2022-05-12,Santa Cruz,087,273765,51037,50268,2246,52514,263
2022-05-12,Shasta,089,179085,30913,30799,6134,36933,557
2022-05-12,Sierra,091,2930,275,275,50,325,4
2022-05-12,Siskiyou,093,43540,4480,4482,2760,7242,81
2022-05-12,Solano,095,438530,84728,83669,5841,89510,451
2022-05-12,Sonoma,097,501317,88140,87070,3211,90281,488
2022-05-12,Stanislaus,099,539301,119181,118586,18149,136735,1645
2022-05-12,Sutter,101,95872,20733,20690,2128,22818,226
2022-05-12,Tehama,103,63373,12131,12115,2601,14716,201
2022-05-12,Trinity,105,12862,1193,1188,288,1476,20
2022-05-12,Tulare,107,460477,107058,107077,27974,135051,1469
2022-05-12,Tuolumne,109,53932,12975,12851,595,13446,182
2022-05-12,Ventura,111,848112,177187,176317,10152,186469,1497
2022-05-12,Yolo,113,214977,38938,37737,3052,40789,316
2022-05-12,Yuba,115,75493,16078,16028,1250,17278,122
2022-05-11,Alameda,001,1643700,272199,267982,14829,282811,1853
2022-05-11,Alpine,002,1148,125,125,1,126,0
2022-05-11,Amador,005,37829,8632,8564,671,9235,86
2022-05-11,Butte,007,227075,33614,33339,7213,40552,423
2022-05-11,Calaveras,009,45235,7393,7368,368,7736,120
2022-05-11,Colusa,011,21464,3468,3462,1053,4515,21
2022-05-11,Contra Costa,013,1133247,201232,195153,14410,209563,1302
2022-05-11,Del Norte,015,27424,6010,5911,199,6110,50
2022-05-11,El Dorado,017,186661,27358,27172,3294,30466,212
2022-05-11,Fresno,019,978130,237281,233021,24708,257729,2754
2022-05-11,Glenn,021,27897,5027,5001,1621,6622,48
2022-05-11,Humboldt,023,135768,17860,17585,3256,20841,146
2022-05-11,Imperial,025,180216,55843,55751,10667,66418,917
2022-05-11,Inyo,027,18085,4122,4093,517,4610,56
2022-05-11,Kern,029,883053,193382,192795,46427,239222,2292
2022-05-11,Kings,031,150075,51836,51752,3539,55291,447
2022-05-11,Lake,033,64148,10838,10786,897,11683,137
2022-05-11,Lassen,035,31185,8983,8984,878,9862,65
2022-05-11,Los Angeles,037,10098052,2781499,2761410,128034,2889444,31747
2022-05-11,Madera,039,155013,37634,37496,6134,43630,365
2022-05-11,Marin,041,260295,35911,35336,3194,38530,292
2022-05-11,Mariposa,043,17540,2479,2461,220,2681,30
2022-05-11,Mendocino,045,87422,13397,13320,3250,16570,124
2022-05-11,Merced,047,269075,63264,62567,9013,71580,818
2022-05-11,Modoc,049,8938,742,747,253,1000,8
2022-05-11,Mono,051,14174,3012,2999,148,3147,6
2022-05-11,Monterey,053,433212,81009,80534,14501,95035,733
2022-05-11,Napa,055,140530,26845,26660,1053,27713,143
2022-05-11,Nevada,057,99092,16341,16230,1261,17491,127
2022-05-11,Orange,059,3164182,559590,556265,43532,599797,7009
2022-05-11,Placer,061,380077,64415,63823,7575,71398,625
2022-05-11,Plumas,063,18699,3027,2998,367,3365,13
2022-05-11,Riverside,065,2383286,599989,597302,28462,625764,6468
2022-05-11,Sacramento,067,1510023,287881,285799,27349,313148,3020
2022-05-11,San Benito,069,59416,13211,13088,554,13642,98
2022-05-11,San Bernardino,071,2135413,581840,571372,25341,596713,7354
2022-05-11,San Diego,073,3302833,770175,768135,54912,823047,5257
2022-05-11,San Francisco,075,870044,137002,134027,9002,143029,864
2022-05-11,San Joaquin,077,732212,169350,167949,10367,178316,2233
2022-05-11,San Luis Obispo,079,281455,53703,53420,4015,57435,478
2022-05-11,San Mateo,081,765935,130953,128821,7680,136501,711
2022-05-11,Santa Barbara,083,443738,88177,87593,4868,92461,693
2022-05-11,Santa Clara,085,1922200,335632,327177,13504,340681,2294
2022-05-11,Santa Cruz,087,273765,50879,50031,2232,52263,263
2022-05-11,Shasta,089,179085,30881,30768,6131,36899,564
2022-05-11,Sierra,091,2930,275,275,50,325,4
2022-05-11,Siskiyou,093,43540,4478,4478,2760,7238,81
2022-05-11,Solano,095,438530,84525,83464,5828,89292,450
2022-05-11,Sonoma,097,501317,87936,86798,3198,89996,488
2022-05-11,Stanislaus,099,539301,119078,118445,18127,136572,1644
2022-05-11,Sutter,101,95872,20718,20668,2127,22795,225
2022-05-11,Tehama,103,63373,12131,12106,2601,14707,201
2022-05-11,Trinity,105,12862,1191,1188,288,1476,20
2022-05-11,Tulare,107,460477,107000,107068,27941,135009,1468
2022-05-11,Tuolumne,109,53932,12958,12829,595,13424,181
2022-05-11,Ventura,111,848112,176988,175955,10110,186065,1491
2022-05-11,Yolo,113,214977,38823,37654,3047,40701,316
2022-05-11,Yuba,115,75493,16059,15997,1240,17237,122
2022-05-10,Alameda,001,1643700,271416,267982,14773,282755,1853
2022-05-10,Alpine,002,1148,125,125,1,126,0
2022-05-10,Amador,005,37829,8628,8564,670,9234,86
2022-05-10,Butte,007,227075,33588,33339,7209,40548,423
2022-05-10,Calaveras,009,45235,7389,7368,367,7735,120
2022-05-10,Colusa,011,21464,3468,3462,1052,4514,21
2022-05-10,Contra Costa,013,1133247,200747,195153,14368,209521,1302
2022-05-10,Del Norte,015,27424,5958,5911,199,6110,50
2022-05-10,El Dorado,017,186661,27321,27172,3288,30460,212
2022-05-10,Fresno,019,978130,237118,233021,24679,257700,2754
2022-05-10,Glenn,021,27897,5024,5001,1621,6622,48
2022-05-10,Humboldt,023,135768,17822,17585,3239,20824,146
2022-05-10,Imperial,025,180216,55808,55751,10649,66400,917
2022-05-10,Inyo,027,18085,4120,4093,511,4604,56
2022-05-10,Kern,029,883053,193280,192795,46386,239181,2292
2022-05-10,Kings,031,150075,51805,51752,3539,55291,447
2022-05-10,Lake,033,64148,10833,10786,897,11683,137
2022-05-10,Lassen,035,31185,8978,8984,878,9862,65
2022-05-10,Los Angeles,037,10098052,2778213,2761410,127801,2889211,31747
2022-05-10,Madera,039,155013,37601,37496,6121,43617,365
2022-05-10,Marin,041,260295,35795,35336,3151,38487,292
2022-05-10,Mariposa,043,17540,2479,2461,220,2681,30
2022-05-10,Mendocino,045,87422,13385,13320,3237,16557,124
2022-05-10,Merced,047,269075,63220,62567,8994,71561,818
2022-05-10,Modoc,049,8938,742,747,253,1000,8
2022-05-10,Mono,051,14174,3008,2999,145,3144,6
2022-05-10,Monterey,053,433212,80943,80534,14453,94987,733
2022-05-10,Napa,055,140530,26807,26660,1051,27711,143
2022-05-10,Nevada,057,99092,16321,16230,1258,17488,127
2022-05-10,Orange,059,3164182,558888,556265,43437,599702,7009
2022-05-10,Placer,061,380077,64301,63823,7559,71382,625
2022-05-10,Plumas,063,18699,3019,2998,366,3364,13
2022-05-10,Riverside,065,2383286,599562,597302,28433,625735,6468
2022-05-10,Sacramento,067,1510023,287376,285799,27283,313082,3020
2022-05-10,San Benito,069,59416,13194,13088,549,13637,98
2022-05-10,San Bernardino,071,2135413,581490,571372,25315,596687,7354
2022-05-10,San Diego,073,3302833,769160,768135,54790,822925,5257
2022-05-10,San Francisco,075,870044,136447,134027,8975,143002,864
2022-05-10,San Joaquin,077,732212,169195,167949,10305,178254,2233
2022-05-10,San Luis Obispo,079,281455,53627,53420,3990,57410,478
2022-05-10,San Mateo,081,765935,130570,128821,7642,136463,711
2022-05-10,Santa Barbara,083,443738,88061,87593,4853,92446,693
2022-05-10,Santa Clara,085,1922200,334599,327177,13424,340601,2294
2022-05-10,Santa Cruz,087,273765,50753,50031,2221,52252,263
2022-05-10,Shasta,089,179085,30861,30768,6130,36898,564
2022-05-10,Sierra,091,2930,275,275,49,324,4
2022-05-10,Siskiyou,093,43540,4474,4478,2760,7238,81
2022-05-10,Solano,095,438530,84337,83464,5809,89273,450
2022-05-10,Sonoma,097,501317,87696,86798,3160,89958,488
2022-05-10,Stanislaus,099,539301,118983,118445,18108,136553,1644
2022-05-10,Sutter,101,95872,20699,20668,2124,22792,225
2022-05-10,Tehama,103,63373,12128,12106,2594,14700,201
2022-05-10,Trinity,105,12862,1191,1188,288,1476,20
2022-05-10,Tulare,107,460477,106956,107068,27914,134982,1468
2022-05-10,Tuolumne,109,53932,12946,12829,595,13424,181
2022-05-10,Ventura,111,848112,176770,175955,10072,186027,1491
2022-05-10,Yolo,113,214977,38719,37654,3036,40690,316
2022-05-10,Yuba,115,75493,16038,15997,1237,17234,122
2022-05-09,Alameda,001,1643700,270636,267982,14729,282711,1853
2022-05-09,Alpine,002,1148,125,125,1,126,0
2022-05-09,Amador,005,37829,8622,8564,670,9234,86
2022-05-09,Butte,007,227075,33562,33339,7200,40539,423
2022-05-09,Calaveras,009,45235,7383,7368,367,7735,120
2022-05-09,Colusa,011,21464,3466,3462,1050,4512,21
2022-05-09,Contra Costa,013,1133247,200275,195153,14310,209463,1302
2022-05-09,Del Norte,015,27424,5949,5911,198,6109,50
2022-05-09,El Dorado,017,186661,27289,27172,3280,30452,212
2022-05-09,Fresno,019,978130,236960,233021,24657,257678,2754
2022-05-09,Glenn,021,27897,5022,5001,1620,6621,48
2022-05-09,Humboldt,023,135768,17771,17585,3217,20802,146
2022-05-09,Imperial,025,180216,55774,55751,10636,66387,917
2022-05-09,Inyo,027,18085,4117,4093,508,4601,56
2022-05-09,Kern,029,883053,193183,192795,46329,239124,2292
2022-05-09,Kings,031,150075,51774,51752,3538,55290,447
2022-05-09,Lake,033,64148,10825,10786,896,11682,137
2022-05-09,Lassen,035,31185,8976,8984,878,9862,65
2022-05-09,Los Angeles,037,10098052,2774867,2761410,127556,2888966,31747
2022-05-09,Madera,039,155013,37569,37496,6112,43608,365
2022-05-09,Marin,041,260295,35678,35336,3116,38452,292
2022-05-09,Mariposa,043,17540,2474,2461,220,2681,30
2022-05-09,Mendocino,045,87422,13374,13320,3226,16546,124
2022-05-09,Merced,047,269075,63180,62567,8975,71542,818
2022-05-09,Modoc,049,8938,742,747,253,1000,8
2022-05-09,Mono,051,14174,3006,2999,143,3142,6
2022-05-09,Monterey,053,433212,80851,80534,14400,94934,733
2022-05-09,Napa,055,140530,26757,26660,1049,27709,143
2022-05-09,Nevada,057,99092,16293,16230,1252,17482,127
2022-05-09,Orange,059,3164182,558218,556265,43355,599620,7009
2022-05-09,Placer,061,380077,64240,63823,7544,71367,625
2022-05-09,Plumas,063,18699,3010,2998,366,3364,13
2022-05-09,Riverside,065,2383286,599072,597302,28397,625699,6468
2022-05-09,Sacramento,067,1510023,286946,285799,27211,313010,3020
2022-05-09,San Benito,069,59416,13175,13088,547,13635,98
2022-05-09,San Bernardino,071,2135413,581152,571372,25304,596676,7354
2022-05-09,San Diego,073,3302833,768185,768135,54648,822783,5257
2022-05-09,San Francisco,075,870044,135888,134027,8950,142977,864
2022-05-09,San Joaquin,077,732212,169012,167949,10283,178232,2233
2022-05-09,San Luis Obispo,079,281455,53574,53420,3969,57389,478
2022-05-09,San Mateo,081,765935,130143,128821,7604,136425,711
2022-05-09,Santa Barbara,083,443738,87931,87593,4842,92435,693
2022-05-09,Santa Clara,085,1922200,333458,327177,13360,340537,2294
2022-05-09,Santa Cruz,087,273765,50612,50031,2213,52244,263
2022-05-09,Shasta,089,179085,30848,30768,6128,36896,564
2022-05-09,Sierra,091,2930,275,275,49,324,4
2022-05-09,Siskiyou,093,43540,4472,4478,2760,7238,81
2022-05-09,Solano,095,438530,84178,83464,5796,89260,450
2022-05-09,Sonoma,097,501317,87436,86798,3134,89932,488
2022-05-09,Stanislaus,099,539301,118887,118445,18090,136535,1644
2022-05-09,Sutter,101,95872,20686,20668,2123,22791,225
2022-05-09,Tehama,103,63373,12126,12106,2592,14698,201
2022-05-09,Trinity,105,12862,1191,1188,288,1476,20
2022-05-09,Tulare,107,460477,106910,107068,27878,134946,1468
2022-05-09,Tuolumne,109,53932,12938,12829,595,13424,181
2022-05-09,Ventura,111,848112,176553,175955,10022,185977,1491
2022-05-09,Yolo,113,214977,38610,37654,3027,40681,316
2022-05-09,Yuba,115,75493,16029,15997,1236,17233,122
2022-05-08,Alameda,001,1643700,269743,265198,14662,279860,1855
2022-05-08,Alpine,002,1148,125,125,1,126,0
2022-05-08,Amador,005,37829,8611,8556,667,9223,86
2022-05-08,Butte,007,227075,33539,33269,7189,40458,421
2022-05-08,Calaveras,009,45235,7376,7353,366,7719,120
2022-05-08,Colusa,011,21464,3465,3459,1050,4509,21
2022-05-08,Contra Costa,013,1133247,199759,193961,14229,208190,1302
2022-05-08,Del Norte,015,27424,5933,5884,198,6082,50
2022-05-08,El Dorado,017,186661,27251,27081,3275,30356,210
2022-05-08,Fresno,019,978130,236791,232655,24634,257289,2754
2022-05-08,Glenn,021,27897,5020,4996,1620,6616,48
2022-05-08,Humboldt,023,135768,17718,17410,3178,20588,146
2022-05-08,Imperial,025,180216,55740,55683,10627,66310,917
2022-05-08,Inyo,027,18085,4110,4087,508,4595,56
2022-05-08,Kern,029,883053,193089,192590,46283,238873,2287
2022-05-08,Kings,031,150075,51757,51702,3538,55240,447
2022-05-08,Lake,033,64148,10818,10766,896,11662,137
2022-05-08,Lassen,035,31185,8972,8978,878,9856,65
2022-05-08,Los Angeles,037,10098052,2771277,2751478,127267,2878745,31738
2022-05-08,Madera,039,155013,37547,37420,6093,43513,365
2022-05-08,Marin,041,260295,35552,34934,3069,38003,292
2022-05-08,Mariposa,043,17540,2467,2438,219,2657,30
2022-05-08,Mendocino,045,87422,13355,13270,3200,16470,124
2022-05-08,Merced,047,269075,63131,62471,8946,71417,818
2022-05-08,Modoc,049,8938,742,745,253,998,8
2022-05-08,Mono,051,14174,3005,2997,141,3138,6
2022-05-08,Monterey,053,433212,80758,80246,14318,94564,733
2022-05-08,Napa,055,140530,26716,26524,1046,27570,143
2022-05-08,Nevada,057,99092,16269,16171,1250,17421,127
2022-05-08,Orange,059,3164182,557536,554411,43250,597661,7007
2022-05-08,Placer,061,380077,64129,63577,7517,71094,625
2022-05-08,Plumas,063,18699,3006,2996,366,3362,13
2022-05-08,Riverside,065,2383286,598585,596022,28362,624384,6467
2022-05-08,Sacramento,067,1510023,286436,284564,27141,311705,3016
2022-05-08,San Benito,069,59416,13160,13047,544,13591,98
2022-05-08,San Bernardino,071,2135413,580719,570381,25269,595650,7306
2022-05-08,San Diego,073,3302833,767157,765377,54543,819920,5244
2022-05-08,San Francisco,075,870044,135233,132659,8918,141577,861
2022-05-08,San Joaquin,077,732212,168827,167568,10250,177818,2229
2022-05-08,San Luis Obispo,079,281455,53503,53273,3949,57222,477
2022-05-08,San Mateo,081,765935,129680,127615,7552,135167,709
2022-05-08,Santa Barbara,083,443738,87797,87305,4833,92138,692
2022-05-08,Santa Clara,085,1922200,332385,324946,13287,338233,2287
2022-05-08,Santa Cruz,087,273765,50432,49605,2209,51814,262
2022-05-08,Shasta,089,179085,30820,30721,6124,36845,563
2022-05-08,Sierra,091,2930,275,275,49,324,4
2022-05-08,Siskiyou,093,43540,4469,4470,2755,7225,81
2022-05-08,Solano,095,438530,84003,83038,5772,88810,450
2022-05-08,Sonoma,097,501317,87218,86150,3099,89249,488
2022-05-08,Stanislaus,099,539301,118779,118235,18065,136300,1643
2022-05-08,Sutter,101,95872,20665,20694,2119,22813,225
2022-05-08,Tehama,103,63373,12120,12098,2589,14687,201
2022-05-08,Trinity,105,12862,1190,1180,288,1468,20
2022-05-08,Tulare,107,460477,106869,106987,27843,134830,1468
2022-05-08,Tuolumne,109,53932,12925,12793,591,13384,181
2022-05-08,Ventura,111,848112,176317,175454,9976,185430,1491
2022-05-08,Yolo,113,214977,38503,37456,3013,40469,315
2022-05-08,Yuba,115,75493,16007,15964,1232,17196,122
2022-05-07,Alameda,001,1643700,269363,265198,14644,279842,1855
2022-05-07,Alpine,002,1148,125,125,1,126,0
2022-05-07,Amador,005,37829,8609,8556,667,9223,86
2022-05-07,Butte,007,227075,33531,33269,7183,40452,421
2022-05-07,Calaveras,009,45235,7369,7353,366,7719,120
2022-05-07,Colusa,011,21464,3465,3459,1050,4509,21
2022-05-07,Contra Costa,013,1133247,199517,193961,14212,208173,1302
2022-05-07,Del Norte,015,27424,5931,5884,198,6082,50
2022-05-07,El Dorado,017,186661,27233,27081,3274,30355,210
2022-05-07,Fresno,019,978130,236733,232655,24628,257283,2754
2022-05-07,Glenn,021,27897,5019,4996,1620,6616,48
2022-05-07,Humboldt,023,135768,17690,17410,3170,20580,146
2022-05-07,Imperial,025,180216,55717,55683,10621,66304,917
2022-05-07,Inyo,027,18085,4107,4087,508,4595,56
2022-05-07,Kern,029,883053,193054,192590,46262,238852,2287
2022-05-07,Kings,031,150075,51746,51702,3538,55240,447
2022-05-07,Lake,033,64148,10814,10766,896,11662,137
2022-05-07,Lassen,035,31185,8972,8978,878,9856,65
2022-05-07,Los Angeles,037,10098052,2769699,2751478,127096,2878574,31738
2022-05-07,Madera,039,155013,37540,37420,6093,43513,365
2022-05-07,Marin,041,260295,35478,34934,3037,37971,292
2022-05-07,Mariposa,043,17540,2464,2438,219,2657,30
2022-05-07,Mendocino,045,87422,13346,13270,3197,16467,124
2022-05-07,Merced,047,269075,63118,62471,8946,71417,818
2022-05-07,Modoc,049,8938,742,745,253,998,8
2022-05-07,Mono,051,14174,3004,2997,140,3137,6
2022-05-07,Monterey,053,433212,80698,80246,14292,94538,733
2022-05-07,Napa,055,140530,26686,26524,1045,27569,143
2022-05-07,Nevada,057,99092,16259,16171,1245,17416,127
2022-05-07,Orange,059,3164182,557206,554411,43196,597607,7007
2022-05-07,Placer,061,380077,64061,63577,7507,71084,625
2022-05-07,Plumas,063,18699,3006,2996,365,3361,13
2022-05-07,Riverside,065,2383286,598330,596022,28335,624357,6467
2022-05-07,Sacramento,067,1510023,286241,284564,27129,311693,3016
2022-05-07,San Benito,069,59416,13151,13047,539,13586,98
2022-05-07,San Bernardino,071,2135413,580507,570381,25264,595645,7306
2022-05-07,San Diego,073,3302833,766671,765377,54513,819890,5244
2022-05-07,San Francisco,075,870044,134903,132659,8898,141557,861
2022-05-07,San Joaquin,077,732212,168722,167568,10241,177809,2229
2022-05-07,San Luis Obispo,079,281455,53491,53273,3938,57211,477
2022-05-07,San Mateo,081,765935,129395,127615,7531,135146,709
2022-05-07,Santa Barbara,083,443738,87717,87305,4830,92135,692
2022-05-07,Santa Clara,085,1922200,331764,324946,13257,338203,2287
2022-05-07,Santa Cruz,087,273765,50379,49605,2199,51804,262
2022-05-07,Shasta,089,179085,30812,30721,6124,36845,563
2022-05-07,Sierra,091,2930,275,275,49,324,4
2022-05-07,Siskiyou,093,43540,4467,4470,2755,7225,81
2022-05-07,Solano,095,438530,83945,83038,5767,88805,450
2022-05-07,Sonoma,097,501317,87092,86150,3090,89240,488
2022-05-07,Stanislaus,099,539301,118732,118235,18056,136291,1643
2022-05-07,Sutter,101,95872,20656,20694,2119,22813,225
2022-05-07,Tehama,103,63373,12118,12098,2588,14686,201
2022-05-07,Trinity,105,12862,1190,1180,288,1468,20
2022-05-07,Tulare,107,460477,106844,106987,27831,134818,1468
2022-05-07,Tuolumne,109,53932,12918,12793,591,13384,181
2022-05-07,Ventura,111,848112,176206,175454,9952,185406,1491
2022-05-07,Yolo,113,214977,38458,37456,3011,40467,315
2022-05-07,Yuba,115,75493,15998,15964,1232,17196,122
2022-05-06,Alameda,001,1643700,268981,265198,14623,279821,1855
2022-05-06,Alpine,002,1148,125,125,1,126,0
2022-05-06,Amador,005,37829,8608,8556,666,9222,86
2022-05-06,Butte,007,227075,33522,33269,7180,40449,421
2022-05-06,Calaveras,009,45235,7367,7353,366,7719,120
2022-05-06,Colusa,011,21464,3465,3459,1050,4509,21
2022-05-06,Contra Costa,013,1133247,199285,193961,14200,208161,1302
2022-05-06,Del Norte,015,27424,5921,5884,198,6082,50
2022-05-06,El Dorado,017,186661,27208,27081,3271,30352,210
2022-05-06,Fresno,019,978130,236657,232655,24619,257274,2754
2022-05-06,Glenn,021,27897,5019,4996,1620,6616,48
2022-05-06,Humboldt,023,135768,17663,17410,3163,20573,146
2022-05-06,Imperial,025,180216,55708,55683,10618,66301,917
2022-05-06,Inyo,027,18085,4098,4087,505,4592,56
2022-05-06,Kern,029,883053,193002,192590,46233,238823,2287
2022-05-06,Kings,031,150075,51738,51702,3538,55240,447
2022-05-06,Lake,033,64148,10812,10766,896,11662,137
2022-05-06,Lassen,035,31185,8972,8978,878,9856,65
2022-05-06,Los Angeles,037,10098052,2767884,2751478,126947,2878425,31738
2022-05-06,Madera,039,155013,37526,37420,6090,43510,365
2022-05-06,Marin,041,260295,35400,34934,2991,37925,292
2022-05-06,Mariposa,043,17540,2463,2438,212,2650,30
2022-05-06,Mendocino,045,87422,13334,13270,3195,16465,124
2022-05-06,Merced,047,269075,63101,62471,8945,71416,818
2022-05-06,Modoc,049,8938,742,745,253,998,8
2022-05-06,Mono,051,14174,3003,2997,140,3137,6
2022-05-06,Monterey,053,433212,80659,80246,14255,94501,733
2022-05-06,Napa,055,140530,26669,26524,1045,27569,143
2022-05-06,Nevada,057,99092,16247,16171,1243,17414,127
2022-05-06,Orange,059,3164182,556863,554411,43129,597540,7007
2022-05-06,Placer,061,380077,63999,63577,7496,71073,625
2022-05-06,Plumas,063,18699,3004,2996,365,3361,13
2022-05-06,Riverside,065,2383286,598101,596022,28315,624337,6467
2022-05-06,Sacramento,067,1510023,285985,284564,27109,311673,3016
2022-05-06,San Benito,069,59416,13146,13047,539,13586,98
2022-05-06,San Bernardino,071,2135413,580330,570381,25258,595639,7306
2022-05-06,San Diego,073,3302833,766161,765377,54476,819853,5244
2022-05-06,San Francisco,075,870044,134579,132659,8877,141536,861
2022-05-06,San Joaquin,077,732212,168632,167568,10229,177797,2229
2022-05-06,San Luis Obispo,079,281455,53465,53273,3933,57206,477
2022-05-06,San Mateo,081,765935,129166,127615,7523,135138,709
2022-05-06,Santa Barbara,083,443738,87663,87305,4828,92133,692
2022-05-06,Santa Clara,085,1922200,331171,324946,13242,338188,2287
2022-05-06,Santa Cruz,087,273765,50314,49605,2195,51800,262
2022-05-06,Shasta,089,179085,30806,30721,6123,36844,563
2022-05-06,Sierra,091,2930,275,275,49,324,4
2022-05-06,Siskiyou,093,43540,4465,4470,2753,7223,81
2022-05-06,Solano,095,438530,83856,83038,5759,88797,450
2022-05-06,Sonoma,097,501317,86970,86150,3075,89225,488
2022-05-06,Stanislaus,099,539301,118675,118235,18049,136284,1643
2022-05-06,Sutter,101,95872,20650,20694,2119,22813,225
2022-05-06,Tehama,103,63373,12113,12098,2588,14686,201
2022-05-06,Trinity,105,12862,1189,1180,288,1468,20
2022-05-06,Tulare,107,460477,106825,106987,27820,134807,1468
2022-05-06,Tuolumne,109,53932,12911,12793,590,13383,181
2022-05-06,Ventura,111,848112,176089,175454,9922,185376,1491
2022-05-06,Yolo,113,214977,38411,37456,3007,40463,315
2022-05-06,Yuba,115,75493,15987,15964,1231,17195,122
2022-05-05,Alameda,001,1643700,268391,265198,14581,279779,1855
2022-05-05,Alpine,002,1148,125,125,1,126,0
2022-05-05,Amador,005,37829,8606,8556,665,9221,86
2022-05-05,Butte,007,227075,33503,33269,7173,40442,421
2022-05-05,Calaveras,009,45235,7363,7353,364,7717,120
2022-05-05,Colusa,011,21464,3465,3459,1047,4506,21
2022-05-05,Contra Costa,013,1133247,198891,193961,14156,208117,1302
2022-05-05,Del Norte,015,27424,5920,5884,198,6082,50
2022-05-05,El Dorado,017,186661,27183,27081,3264,30345,210
2022-05-05,Fresno,019,978130,236556,232655,24596,257251,2754
2022-05-05,Glenn,021,27897,5019,4996,1619,6615,48
2022-05-05,Humboldt,023,135768,17625,17410,3149,20559,146
2022-05-05,Imperial,025,180216,55701,55683,10607,66290,917
2022-05-05,Inyo,027,18085,4094,4087,504,4591,56
2022-05-05,Kern,029,883053,192944,192590,46196,238786,2287
2022-05-05,Kings,031,150075,51730,51702,3538,55240,447
2022-05-05,Lake,033,64148,10808,10766,896,11662,137
2022-05-05,Lassen,035,31185,8972,8978,878,9856,65
2022-05-05,Los Angeles,037,10098052,2765306,2751478,126727,2878205,31738
2022-05-05,Madera,039,155013,37509,37420,6085,43505,365
2022-05-05,Marin,041,260295,35290,34934,2969,37903,292
2022-05-05,Mariposa,043,17540,2461,2438,211,2649,30
2022-05-05,Mendocino,045,87422,13323,13270,3187,16457,124
2022-05-05,Merced,047,269075,63069,62471,8941,71412,818
2022-05-05,Modoc,049,8938,742,745,251,996,8
2022-05-05,Mono,051,14174,3002,2997,139,3136,6
2022-05-05,Monterey,053,433212,80602,80246,14226,94472,733
2022-05-05,Napa,055,140530,26636,26524,1044,27568,143
2022-05-05,Nevada,057,99092,16237,16171,1240,17411,127
2022-05-05,Orange,059,3164182,556354,554411,43071,597482,7007
2022-05-05,Placer,061,380077,63935,63577,7486,71063,625
2022-05-05,Plumas,063,18699,3003,2996,365,3361,13
2022-05-05,Riverside,065,2383286,597764,596022,28288,624310,6467
2022-05-05,Sacramento,067,1510023,285646,284564,27058,311622,3016
2022-05-05,San Benito,069,59416,13135,13047,537,13584,98
2022-05-05,San Bernardino,071,2135413,580039,570381,25242,595623,7306
2022-05-05,San Diego,073,3302833,765421,765377,54406,819783,5244
2022-05-05,San Francisco,075,870044,134161,132659,8842,141501,861
2022-05-05,San Joaquin,077,732212,168542,167568,10201,177769,2229
2022-05-05,San Luis Obispo,079,281455,53429,53273,3918,57191,477
2022-05-05,San Mateo,081,765935,128828,127615,7498,135113,709
2022-05-05,Santa Barbara,083,443738,87588,87305,4823,92128,692
2022-05-05,Santa Clara,085,1922200,330375,324946,13180,338126,2287
2022-05-05,Santa Cruz,087,273765,50216,49605,2191,51796,262
2022-05-05,Shasta,089,179085,30796,30721,6121,36842,563
2022-05-05,Sierra,091,2930,275,275,49,324,4
2022-05-05,Siskiyou,093,43540,4463,4470,2753,7223,81
2022-05-05,Solano,095,438530,83735,83038,5741,88779,450
2022-05-05,Sonoma,097,501317,86797,86150,3057,89207,488
2022-05-05,Stanislaus,099,539301,118617,118235,18035,136270,1643
2022-05-05,Sutter,101,95872,20648,20694,2117,22811,225
2022-05-05,Tehama,103,63373,12109,12098,2586,14684,201
2022-05-05,Trinity,105,12862,1189,1180,288,1468,20
2022-05-05,Tulare,107,460477,106795,106987,27803,134790,1468
2022-05-05,Tuolumne,109,53932,12893,12793,587,13380,181
2022-05-05,Ventura,111,848112,175902,175454,9879,185333,1491
2022-05-05,Yolo,113,214977,38339,37456,2996,40452,315
2022-05-05,Yuba,115,75493,15977,15964,1228,17192,122
2022-05-04,Alameda,001,1643700,267720,263736,14539,278275,1850
2022-05-04,Alpine,002,1148,125,124,1,125,0
2022-05-04,Amador,005,37829,8603,8546,664,9210,86
2022-05-04,Butte,007,227075,33486,33220,7168,40388,417
2022-05-04,Calaveras,009,45235,7358,7344,364,7708,120
2022-05-04,Colusa,011,21464,3464,3460,1047,4507,21
2022-05-04,Contra Costa,013,1133247,198524,193175,14101,207276,1302
2022-05-04,Del Norte,015,27424,5912,5866,198,6064,50
2022-05-04,El Dorado,017,186661,27155,27021,3257,30278,210
2022-05-04,Fresno,019,978130,236439,232332,24586,256918,2751
2022-05-04,Glenn,021,27897,5017,4995,1619,6614,48
2022-05-04,Humboldt,023,135768,17585,17316,3139,20455,146
2022-05-04,Imperial,025,180216,55678,55548,10599,66147,910
2022-05-04,Inyo,027,18085,4094,4085,501,4586,56
2022-05-04,Kern,029,883053,192878,192432,46160,238592,2281
2022-05-04,Kings,031,150075,51712,51663,3537,55200,447
2022-05-04,Lake,033,64148,10803,10758,896,11654,137
2022-05-04,Lassen,035,31185,8971,8972,876,9848,65
2022-05-04,Los Angeles,037,10098052,2762529,2744894,126537,2871431,31722
2022-05-04,Madera,039,155013,37485,37395,6080,43475,365
2022-05-04,Marin,041,260295,35203,34727,2947,37674,291
2022-05-04,Mariposa,043,17540,2455,2435,206,2641,30
2022-05-04,Mendocino,045,87422,13315,13247,3179,16426,123
2022-05-04,Merced,047,269075,63042,62419,8930,71349,818
2022-05-04,Modoc,049,8938,742,746,251,997,8
2022-05-04,Mono,051,14174,3001,2993,136,3129,6
2022-05-04,Monterey,053,433212,80540,80038,14202,94240,732
2022-05-04,Napa,055,140530,26598,26434,1041,27475,143
2022-05-04,Nevada,057,99092,16221,16136,1236,17372,127
2022-05-04,Orange,059,3164182,555770,553177,42995,596172,7006
2022-05-04,Placer,061,380077,63852,63410,7481,70891,625
2022-05-04,Plumas,063,18699,3001,2947,365,3312,13
2022-05-04,Riverside,065,2383286,597429,594981,28262,623243,6457
2022-05-04,Sacramento,067,1510023,285315,283939,27022,310961,3013
2022-05-04,San Benito,069,59416,13126,13019,531,13550,98
2022-05-04,San Bernardino,071,2135413,579775,569570,25229,594799,7240
2022-05-04,San Diego,073,3302833,764673,763453,54313,817766,5239
2022-05-04,San Francisco,075,870044,133752,131599,8821,140420,860
2022-05-04,San Joaquin,077,732212,168438,167280,10172,177452,2225
2022-05-04,San Luis Obispo,079,281455,53385,53156,3907,57063,477
2022-05-04,San Mateo,081,765935,128503,126800,7464,134264,710
2022-05-04,Santa Barbara,083,443738,87483,87058,4808,91866,688
2022-05-04,Santa Clara,085,1922200,329568,322805,13127,335932,2285
2022-05-04,Santa Cruz,087,273765,50101,49230,2188,51418,262
2022-05-04,Shasta,089,179085,30780,30681,6119,36800,556
2022-05-04,Sierra,091,2930,275,275,49,324,4
2022-05-04,Siskiyou,093,43540,4460,4463,2751,7214,81
2022-05-04,Solano,095,438530,83589,82796,5730,88526,449
2022-05-04,Sonoma,097,501317,86621,85694,3032,88726,488
2022-05-04,Stanislaus,099,539301,118554,118123,18024,136147,1643
2022-05-04,Sutter,101,95872,20637,20672,2115,22787,224
2022-05-04,Tehama,103,63373,12107,12090,2581,14671,201
2022-05-04,Trinity,105,12862,1189,1180,288,1468,20
2022-05-04,Tulare,107,460477,106777,106935,27788,134723,1464
2022-05-04,Tuolumne,109,53932,12886,12757,585,13342,181
2022-05-04,Ventura,111,848112,175734,175066,9837,184903,1486
2022-05-04,Yolo,113,214977,38263,37344,2991,40335,315
2022-05-04,Yuba,115,75493,15968,15940,1225,17165,122
2022-05-03,Alameda,001,1643700,267117,263736,14495,278231,1850
2022-05-03,Alpine,002,1148,125,124,1,125,0
2022-05-03,Amador,005,37829,8600,8546,663,9209,86
2022-05-03,Butte,007,227075,33470,33220,7163,40383,417
2022-05-03,Calaveras,009,45235,7351,7344,364,7708,120
2022-05-03,Colusa,011,21464,3463,3460,1047,4507,21
2022-05-03,Contra Costa,013,1133247,198131,193175,14058,207233,1302
2022-05-03,Del Norte,015,27424,5905,5866,196,6062,50
2022-05-03,El Dorado,017,186661,27134,27021,3253,30274,210
2022-05-03,Fresno,019,978130,236329,232332,24567,256899,2751
2022-05-03,Glenn,021,27897,5016,4995,1617,6612,48
2022-05-03,Humboldt,023,135768,17549,17316,3120,20436,146
2022-05-03,Imperial,025,180216,55656,55548,10593,66141,910
2022-05-03,Inyo,027,18085,4092,4085,501,4586,56
2022-05-03,Kern,029,883053,192800,192432,46128,238560,2281
2022-05-03,Kings,031,150075,51700,51663,3537,55200,447
2022-05-03,Lake,033,64148,10799,10758,895,11653,137
2022-05-03,Lassen,035,31185,8971,8972,876,9848,65
2022-05-03,Los Angeles,037,10098052,2759469,2744894,126304,2871198,31722
2022-05-03,Madera,039,155013,37454,37395,6075,43470,365
2022-05-03,Marin,041,260295,35093,34727,2924,37651,291
2022-05-03,Mariposa,043,17540,2447,2435,206,2641,30
2022-05-03,Mendocino,045,87422,13300,13247,3161,16408,123
2022-05-03,Merced,047,269075,63014,62419,8906,71325,818
2022-05-03,Modoc,049,8938,741,746,251,997,8
2022-05-03,Mono,051,14174,2999,2993,135,3128,6
2022-05-03,Monterey,053,433212,80488,80038,14168,94206,732
2022-05-03,Napa,055,140530,26563,26434,1034,27468,143
2022-05-03,Nevada,057,99092,16210,16136,1236,17372,127
2022-05-03,Orange,059,3164182,555246,553177,42916,596093,7006
2022-05-03,Placer,061,380077,63758,63410,7466,70876,625
2022-05-03,Plumas,063,18699,2997,2947,365,3312,13
2022-05-03,Riverside,065,2383286,597063,594981,28238,623219,6457
2022-05-03,Sacramento,067,1510023,284998,283939,26977,310916,3013
2022-05-03,San Benito,069,59416,13113,13019,528,13547,98
2022-05-03,San Bernardino,071,2135413,579506,569570,25217,594787,7240
2022-05-03,San Diego,073,3302833,763831,763453,54213,817666,5239
2022-05-03,San Francisco,075,870044,133275,131599,8791,140390,860
2022-05-03,San Joaquin,077,732212,168355,167280,10146,177426,2225
2022-05-03,San Luis Obispo,079,281455,53338,53156,3898,57054,477
2022-05-03,San Mateo,081,765935,128154,126800,7431,134231,710
2022-05-03,Santa Barbara,083,443738,87394,87058,4806,91864,688
2022-05-03,Santa Clara,085,1922200,328750,322805,13077,335882,2285
2022-05-03,Santa Cruz,087,273765,50009,49230,2182,51412,262
2022-05-03,Shasta,089,179085,30761,30681,6118,36799,556
2022-05-03,Sierra,091,2930,275,275,49,324,4
2022-05-03,Siskiyou,093,43540,4459,4463,2751,7214,81
2022-05-03,Solano,095,438530,83399,82796,5718,88514,449
2022-05-03,Sonoma,097,501317,86439,85694,3008,88702,488
2022-05-03,Stanislaus,099,539301,118500,118123,18011,136134,1643
2022-05-03,Sutter,101,95872,20632,20672,2113,22785,224
2022-05-03,Tehama,103,63373,12103,12090,2580,14670,201
2022-05-03,Trinity,105,12862,1188,1180,288,1468,20
2022-05-03,Tulare,107,460477,106749,106935,27774,134709,1464
2022-05-03,Tuolumne,109,53932,12873,12757,585,13342,181
2022-05-03,Ventura,111,848112,175565,175066,9794,184860,1486
2022-05-03,Yolo,113,214977,38195,37344,2990,40334,315
2022-05-03,Yuba,115,75493,15957,15940,1217,17157,122
2022-05-02,Alameda,001,1643700,266480,263736,14453,278189,1850
2022-05-02,Alpine,002,1148,125,124,1,125,0
2022-05-02,Amador,005,37829,8597,8546,660,9206,86
2022-05-02,Butte,007,227075,33447,33220,7160,40380,417
2022-05-02,Calaveras,009,45235,7350,7344,363,7707,120
2022-05-02,Colusa,011,21464,3463,3460,1047,4507,21
2022-05-02,Contra Costa,013,1133247,197758,193175,14020,207195,1302
2022-05-02,Del Norte,015,27424,5900,5866,191,6057,50
2022-05-02,El Dorado,017,186661,27110,27021,3248,30269,210
2022-05-02,Fresno,019,978130,236216,232332,24539,256871,2751
2022-05-02,Glenn,021,27897,5014,4995,1617,6612,48
2022-05-02,Humboldt,023,135768,17498,17316,3106,20422,146
2022-05-02,Imperial,025,180216,55643,55548,10586,66134,910
2022-05-02,Inyo,027,18085,4091,4085,499,4584,56
2022-05-02,Kern,029,883053,192716,192432,46099,238531,2281
2022-05-02,Kings,031,150075,51683,51663,3537,55200,447
2022-05-02,Lake,033,64148,10795,10758,895,11653,137
2022-05-02,Lassen,035,31185,8970,8972,876,9848,65
2022-05-02,Los Angeles,037,10098052,2756445,2744894,126086,2870980,31722
2022-05-02,Madera,039,155013,37437,37395,6068,43463,365
2022-05-02,Marin,041,260295,34967,34727,2901,37628,291
2022-05-02,Mariposa,043,17540,2442,2435,206,2641,30
2022-05-02,Mendocino,045,87422,13282,13247,3148,16395,123
2022-05-02,Merced,047,269075,62982,62419,8899,71318,818
2022-05-02,Modoc,049,8938,740,746,251,997,8
2022-05-02,Mono,051,14174,2997,2993,134,3127,6
2022-05-02,Monterey,053,433212,80410,80038,14127,94165,732
2022-05-02,Napa,055,140530,26524,26434,1032,27466,143
2022-05-02,Nevada,057,99092,16192,16136,1234,17370,127
2022-05-02,Orange,059,3164182,554706,553177,42819,595996,7006
2022-05-02,Placer,061,380077,63702,63410,7459,70869,625
2022-05-02,Plumas,063,18699,2997,2947,365,3312,13
2022-05-02,Riverside,065,2383286,596672,594981,28211,623192,6457
2022-05-02,Sacramento,067,1510023,284692,283939,26938,310877,3013
2022-05-02,San Benito,069,59416,13101,13019,528,13547,98
2022-05-02,San Bernardino,071,2135413,579219,569570,25199,594769,7240
2022-05-02,San Diego,073,3302833,762968,763453,54117,817570,5239
2022-05-02,San Francisco,075,870044,132839,131599,8764,140363,860
2022-05-02,San Joaquin,077,732212,168239,167280,10134,177414,2225
2022-05-02,San Luis Obispo,079,281455,53285,53156,3889,57045,477
2022-05-02,San Mateo,081,765935,127829,126800,7416,134216,710
2022-05-02,Santa Barbara,083,443738,87293,87058,4802,91860,688
2022-05-02,Santa Clara,085,1922200,327835,322805,13031,335836,2285
2022-05-02,Santa Cruz,087,273765,49883,49230,2178,51408,262
2022-05-02,Shasta,089,179085,30742,30681,6117,36798,556
2022-05-02,Sierra,091,2930,275,275,49,324,4
2022-05-02,Siskiyou,093,43540,4456,4463,2749,7212,81
2022-05-02,Solano,095,438530,83258,82796,5708,88504,449
2022-05-02,Sonoma,097,501317,86256,85694,2987,88681,488
2022-05-02,Stanislaus,099,539301,118427,118123,17997,136120,1643
2022-05-02,Sutter,101,95872,20625,20672,2110,22782,224
2022-05-02,Tehama,103,63373,12098,12090,2577,14667,201
2022-05-02,Trinity,105,12862,1187,1180,288,1468,20
2022-05-02,Tulare,107,460477,106727,106935,27758,134693,1464
2022-05-02,Tuolumne,109,53932,12867,12757,585,13342,181
2022-05-02,Ventura,111,848112,175402,175066,9762,184828,1486
2022-05-02,Yolo,113,214977,38117,37344,2984,40328,315
2022-05-02,Yuba,115,75493,15952,15940,1215,17155,122
2022-05-01,Alameda,001,1643700,265776,262027,14401,276428,1851
2022-05-01,Alpine,002,1148,125,124,1,125,0
2022-05-01,Amador,005,37829,8597,8533,660,9193,86
2022-05-01,Butte,007,227075,33420,33172,7155,40327,418
2022-05-01,Calaveras,009,45235,7346,7328,357,7685,120
2022-05-01,Colusa,011,21464,3463,3457,1047,4504,21
2022-05-01,Contra Costa,013,1133247,197372,192136,13949,206085,1301
2022-05-01,Del Norte,015,27424,5892,5841,191,6032,50
2022-05-01,El Dorado,017,186661,27079,26946,3244,30190,210
2022-05-01,Fresno,019,978130,236110,232067,24519,256586,2748
2022-05-01,Glenn,021,27897,5014,4995,1617,6612,48
2022-05-01,Humboldt,023,135768,17434,17194,3081,20275,145
2022-05-01,Imperial,025,180216,55619,55503,10583,66086,910
2022-05-01,Inyo,027,18085,4090,4084,498,4582,56
2022-05-01,Kern,029,883053,192653,192250,46053,238303,2265
2022-05-01,Kings,031,150075,51662,51640,3533,55173,447
2022-05-01,Lake,033,64148,10788,10742,893,11635,137
2022-05-01,Lassen,035,31185,8970,8966,876,9842,65
2022-05-01,Los Angeles,037,10098052,2753441,2736900,125851,2862751,31712
2022-05-01,Madera,039,155013,37420,37360,6057,43417,365
2022-05-01,Marin,041,260295,34880,34519,2868,37387,291
2022-05-01,Mariposa,043,17540,2441,2430,206,2636,30
2022-05-01,Mendocino,045,87422,13263,13219,3132,16351,123
2022-05-01,Merced,047,269075,62950,62357,8883,71240,818
2022-05-01,Modoc,049,8938,740,745,251,996,8
2022-05-01,Mono,051,14174,2994,2989,132,3121,6
2022-05-01,Monterey,053,433212,80331,79881,14085,93966,731
2022-05-01,Napa,055,140530,26479,26319,1028,27347,143
2022-05-01,Nevada,057,99092,16173,16100,1233,17333,127
2022-05-01,Orange,059,3164182,554152,551822,42715,594537,6998
2022-05-01,Placer,061,380077,63629,63273,7445,70718,625
2022-05-01,Plumas,063,18699,2996,2946,365,3311,13
2022-05-01,Riverside,065,2383286,596209,593965,28176,622141,6457
2022-05-01,Sacramento,067,1510023,284358,283048,26879,309927,3007
2022-05-01,San Benito,069,59416,13093,12988,528,13516,98
2022-05-01,San Bernardino,071,2135413,578900,568758,25182,593940,7191
2022-05-01,San Diego,073,3302833,762087,761253,54025,815278,5238
2022-05-01,San Francisco,075,870044,132347,130241,8733,138974,860
2022-05-01,San Joaquin,077,732212,168095,167028,10104,177132,2225
2022-05-01,San Luis Obispo,079,281455,53213,53040,3873,56913,477
2022-05-01,San Mateo,081,765935,127463,125807,7377,133184,705
2022-05-01,Santa Barbara,083,443738,87188,86768,4792,91560,688
2022-05-01,Santa Clara,085,1922200,326888,320709,12981,333690,2281
2022-05-01,Santa Cruz,087,273765,49731,48798,2170,50968,262
2022-05-01,Shasta,089,179085,30726,30649,6115,36764,554
2022-05-01,Sierra,091,2930,275,274,49,323,4
2022-05-01,Siskiyou,093,43540,4455,4458,2743,7201,81
2022-05-01,Solano,095,438530,83126,82459,5693,88152,449
2022-05-01,Sonoma,097,501317,86037,85290,2959,88249,488
2022-05-01,Stanislaus,099,539301,118372,117943,17981,135924,1643
2022-05-01,Sutter,101,95872,20617,20644,2103,22747,224
2022-05-01,Tehama,103,63373,12097,12078,2576,14654,202
2022-05-01,Trinity,105,12862,1187,1179,288,1467,20
2022-05-01,Tulare,107,460477,106694,106856,27738,134594,1458
2022-05-01,Tuolumne,109,53932,12848,12713,579,13292,181
2022-05-01,Ventura,111,848112,175230,174679,9709,184388,1486
2022-05-01,Yolo,113,214977,38052,37173,2974,40147,314
2022-05-01,Yuba,115,75493,15942,15917,1213,17130,121
2022-04-30,Alameda,001,1643700,265367,262027,14384,276411,1851
2022-04-30,Alpine,002,1148,125,124,1,125,0
2022-04-30,Amador,005,37829,8595,8533,660,9193,86
2022-04-30,Butte,007,227075,33414,33172,7151,40323,418
2022-04-30,Calaveras,009,45235,7343,7328,356,7684,120
2022-04-30,Colusa,011,21464,3462,3457,1047,4504,21
2022-04-30,Contra Costa,013,1133247,197126,192136,13939,206075,1301
2022-04-30,Del Norte,015,27424,5887,5841,191,6032,50
2022-04-30,El Dorado,017,186661,27060,26946,3240,30186,210
2022-04-30,Fresno,019,978130,236063,232067,24512,256579,2748
2022-04-30,Glenn,021,27897,5013,4995,1616,6611,48
2022-04-30,Humboldt,023,135768,17391,17194,3072,20266,145
2022-04-30,Imperial,025,180216,55606,55503,10581,66084,910
2022-04-30,Inyo,027,18085,4090,4084,498,4582,56
2022-04-30,Kern,029,883053,192617,192250,46035,238285,2265
2022-04-30,Kings,031,150075,51656,51640,3532,55172,447
2022-04-30,Lake,033,64148,10785,10742,893,11635,137
2022-04-30,Lassen,035,31185,8970,8966,876,9842,65
2022-04-30,Los Angeles,037,10098052,2752060,2736900,125674,2862574,31712
2022-04-30,Madera,039,155013,37409,37360,6056,43416,365
2022-04-30,Marin,041,260295,34834,34519,2838,37357,291
2022-04-30,Mariposa,043,17540,2439,2430,205,2635,30
2022-04-30,Mendocino,045,87422,13259,13219,3132,16351,123
2022-04-30,Merced,047,269075,62936,62357,8881,71238,818
2022-04-30,Modoc,049,8938,740,745,251,996,8
2022-04-30,Mono,051,14174,2993,2989,130,3119,6
2022-04-30,Monterey,053,433212,80263,79881,14062,93943,731
2022-04-30,Napa,055,140530,26456,26319,1027,27346,143
2022-04-30,Nevada,057,99092,16158,16100,1232,17332,127
2022-04-30,Orange,059,3164182,553885,551822,42672,594494,6998
2022-04-30,Placer,061,380077,63583,63273,7437,70710,625
2022-04-30,Plumas,063,18699,2993,2946,365,3311,13
2022-04-30,Riverside,065,2383286,595964,593965,28158,622123,6457
2022-04-30,Sacramento,067,1510023,284236,283048,26866,309914,3007
2022-04-30,San Benito,069,59416,13090,12988,528,13516,98
2022-04-30,San Bernardino,071,2135413,578725,568758,25173,593931,7191
2022-04-30,San Diego,073,3302833,761714,761253,53993,815246,5238
2022-04-30,San Francisco,075,870044,132058,130241,8710,138951,860
2022-04-30,San Joaquin,077,732212,168040,167028,10099,177127,2225
2022-04-30,San Luis Obispo,079,281455,53202,53040,3870,56910,477
2022-04-30,San Mateo,081,765935,127244,125807,7359,133166,705
2022-04-30,Santa Barbara,083,443738,87132,86768,4789,91557,688
2022-04-30,Santa Clara,085,1922200,326313,320709,12957,333666,2281
2022-04-30,Santa Cruz,087,273765,49685,48798,2170,50968,262
2022-04-30,Shasta,089,179085,30719,30649,6113,36762,554
2022-04-30,Sierra,091,2930,275,274,49,323,4
2022-04-30,Siskiyou,093,43540,4453,4458,2742,7200,81
2022-04-30,Solano,095,438530,83107,82459,5691,88150,449
2022-04-30,Sonoma,097,501317,85920,85290,2947,88237,488
2022-04-30,Stanislaus,099,539301,118341,117943,17975,135918,1643
2022-04-30,Sutter,101,95872,20612,20644,2103,22747,224
2022-04-30,Tehama,103,63373,12093,12078,2574,14652,202
2022-04-30,Trinity,105,12862,1187,1179,288,1467,20
2022-04-30,Tulare,107,460477,106674,106856,27726,134582,1458
2022-04-30,Tuolumne,109,53932,12839,12713,579,13292,181
2022-04-30,Ventura,111,848112,175146,174679,9677,184356,1486
2022-04-30,Yolo,113,214977,38006,37173,2973,40146,314
2022-04-30,Yuba,115,75493,15936,15917,1212,17129,121
2022-04-29,Alameda,001,1643700,265057,262027,14370,276397,1851
2022-04-29,Alpine,002,1148,124,124,1,125,0
2022-04-29,Amador,005,37829,8588,8533,658,9191,86
2022-04-29,Butte,007,227075,33409,33172,7145,40317,418
2022-04-29,Calaveras,009,45235,7341,7328,356,7684,120
2022-04-29,Colusa,011,21464,3461,3457,1047,4504,21
2022-04-29,Contra Costa,013,1133247,196930,192136,13920,206056,1301
2022-04-29,Del Norte,015,27424,5883,5841,191,6032,50
2022-04-29,El Dorado,017,186661,27048,26946,3238,30184,210
2022-04-29,Fresno,019,978130,236013,232067,24504,256571,2748
2022-04-29,Glenn,021,27897,5013,4995,1615,6610,48
2022-04-29,Humboldt,023,135768,17366,17194,3064,20258,145
2022-04-29,Imperial,025,180216,55590,55503,10580,66083,910
2022-04-29,Inyo,027,18085,4090,4084,496,4580,56
2022-04-29,Kern,029,883053,192590,192250,46023,238273,2265
2022-04-29,Kings,031,150075,51651,51640,3532,55172,447
2022-04-29,Lake,033,64148,10784,10742,893,11635,137
2022-04-29,Lassen,035,31185,8969,8966,876,9842,65
2022-04-29,Los Angeles,037,10098052,2750767,2736900,125527,2862427,31712
2022-04-29,Madera,039,155013,37399,37360,6055,43415,365
2022-04-29,Marin,041,260295,34769,34519,2818,37337,291
2022-04-29,Mariposa,043,17540,2437,2430,205,2635,30
2022-04-29,Mendocino,045,87422,13254,13219,3131,16350,123
2022-04-29,Merced,047,269075,62924,62357,8879,71236,818
2022-04-29,Modoc,049,8938,740,745,251,996,8
2022-04-29,Mono,051,14174,2993,2989,130,3119,6
2022-04-29,Monterey,053,433212,80229,79881,14048,93929,731
2022-04-29,Napa,055,140530,26428,26319,1025,27344,143
2022-04-29,Nevada,057,99092,16151,16100,1231,17331,127
2022-04-29,Orange,059,3164182,553618,551822,42618,594440,6998
2022-04-29,Placer,061,380077,63553,63273,7430,70703,625
2022-04-29,Plumas,063,18699,2992,2946,365,3311,13
2022-04-29,Riverside,065,2383286,595745,593965,28137,622102,6457
2022-04-29,Sacramento,067,1510023,284089,283048,26858,309906,3007
2022-04-29,San Benito,069,59416,13085,12988,528,13516,98
2022-04-29,San Bernardino,071,2135413,578567,568758,25163,593921,7191
2022-04-29,San Diego,073,3302833,761298,761253,53967,815220,5238
2022-04-29,San Francisco,075,870044,131835,130241,8690,138931,860
2022-04-29,San Joaquin,077,732212,167985,167028,10095,177123,2225
2022-04-29,San Luis Obispo,079,281455,53187,53040,3865,56905,477
2022-04-29,San Mateo,081,765935,127045,125807,7346,133153,705
2022-04-29,Santa Barbara,083,443738,87092,86768,4787,91555,688
2022-04-29,Santa Clara,085,1922200,325802,320709,12927,333636,2281
2022-04-29,Santa Cruz,087,273765,49629,48798,2166,50964,262
2022-04-29,Shasta,089,179085,30717,30649,6112,36761,554
2022-04-29,Sierra,091,2930,275,274,49,323,4
2022-04-29,Siskiyou,093,43540,4452,4458,2742,7200,81
2022-04-29,Solano,095,438530,83050,82459,5686,88145,449
2022-04-29,Sonoma,097,501317,85812,85290,2934,88224,488
2022-04-29,Stanislaus,099,539301,118318,117943,17969,135912,1643
2022-04-29,Sutter,101,95872,20605,20644,2102,22746,224
2022-04-29,Tehama,103,63373,12091,12078,2574,14652,202
2022-04-29,Trinity,105,12862,1187,1179,288,1467,20
2022-04-29,Tulare,107,460477,106656,106856,27709,134565,1458
2022-04-29,Tuolumne,109,53932,12832,12713,576,13289,181
2022-04-29,Ventura,111,848112,175070,174679,9655,184334,1486
2022-04-29,Yolo,113,214977,37973,37173,2970,40143,314
2022-04-29,Yuba,115,75493,15931,15917,1212,17129,121
2022-04-28,Alameda,001,1643700,264617,262027,14333,276360,1851
2022-04-28,Alpine,002,1148,124,124,1,125,0
2022-04-28,Amador,005,37829,8585,8533,658,9191,86
2022-04-28,Butte,007,227075,33400,33172,7139,40311,418
2022-04-28,Calaveras,009,45235,7337,7328,356,7684,120
2022-04-28,Colusa,011,21464,3461,3457,1047,4504,21
2022-04-28,Contra Costa,013,1133247,196669,192136,13879,206015,1301
2022-04-28,Del Norte,015,27424,5879,5841,191,6032,50
2022-04-28,El Dorado,017,186661,27026,26946,3234,30180,210
2022-04-28,Fresno,019,978130,235954,232067,24495,256562,2748
2022-04-28,Glenn,021,27897,5010,4995,1615,6610,48
2022-04-28,Humboldt,023,135768,17332,17194,3048,20242,145
2022-04-28,Imperial,025,180216,55578,55503,10575,66078,910
2022-04-28,Inyo,027,18085,4090,4084,496,4580,56
2022-04-28,Kern,029,883053,192551,192250,46009,238259,2265
2022-04-28,Kings,031,150075,51645,51640,3532,55172,447
2022-04-28,Lake,033,64148,10780,10742,893,11635,137
2022-04-28,Lassen,035,31185,8969,8966,876,9842,65
2022-04-28,Los Angeles,037,10098052,2748708,2736900,125341,2862241,31712
2022-04-28,Madera,039,155013,37393,37360,6052,43412,365
2022-04-28,Marin,041,260295,34719,34519,2803,37322,291
2022-04-28,Mariposa,043,17540,2437,2430,205,2635,30
2022-04-28,Mendocino,045,87422,13243,13219,3114,16333,123
2022-04-28,Merced,047,269075,62903,62357,8870,71227,818
2022-04-28,Modoc,049,8938,740,745,251,996,8
2022-04-28,Mono,051,14174,2991,2989,130,3119,6
2022-04-28,Monterey,053,433212,80190,79881,14024,93905,731
2022-04-28,Napa,055,140530,26397,26319,1022,27341,143
2022-04-28,Nevada,057,99092,16143,16100,1228,17328,127
2022-04-28,Orange,059,3164182,553259,551822,42551,594373,6998
2022-04-28,Placer,061,380077,63506,63273,7422,70695,625
2022-04-28,Plumas,063,18699,2991,2946,365,3311,13
2022-04-28,Riverside,065,2383286,595463,593965,28115,622080,6457
2022-04-28,Sacramento,067,1510023,283903,283048,26821,309869,3007
2022-04-28,San Benito,069,59416,13075,12988,526,13514,98
2022-04-28,San Bernardino,071,2135413,578367,568758,25155,593913,7191
2022-04-28,San Diego,073,3302833,760758,761253,53903,815156,5238
2022-04-28,San Francisco,075,870044,131530,130241,8655,138896,860
2022-04-28,San Joaquin,077,732212,167915,167028,10079,177107,2225
2022-04-28,San Luis Obispo,079,281455,53159,53040,3847,56887,477
2022-04-28,San Mateo,081,765935,126795,125807,7325,133132,705
2022-04-28,Santa Barbara,083,443738,87039,86768,4784,91552,688
2022-04-28,Santa Clara,085,1922200,325258,320709,12893,333602,2281
2022-04-28,Santa Cruz,087,273765,49532,48798,2160,50958,262
2022-04-28,Shasta,089,179085,30709,30649,6112,36761,554
2022-04-28,Sierra,091,2930,275,274,49,323,4
2022-04-28,Siskiyou,093,43540,4449,4458,2742,7200,81
2022-04-28,Solano,095,438530,82966,82459,5681,88140,449
2022-04-28,Sonoma,097,501317,85697,85290,2920,88210,488
2022-04-28,Stanislaus,099,539301,118280,117943,17962,135905,1643
2022-04-28,Sutter,101,95872,20595,20644,2099,22743,224
2022-04-28,Tehama,103,63373,12090,12078,2573,14651,202
2022-04-28,Trinity,105,12862,1187,1179,288,1467,20
2022-04-28,Tulare,107,460477,106634,106856,27699,134555,1458
2022-04-28,Tuolumne,109,53932,12820,12713,575,13288,181
2022-04-28,Ventura,111,848112,174981,174679,9619,184298,1486
2022-04-28,Yolo,113,214977,37936,37173,2967,40140,314
2022-04-28,Yuba,115,75493,15922,15917,1210,17127,121
2022-04-27,Alameda,001,1643700,264136,260871,14290,275161,1843
2022-04-27,Alpine,002,1148,124,124,1,125,0
2022-04-27,Amador,005,37829,8584,8518,658,9176,86
2022-04-27,Butte,007,227075,33389,33118,7134,40252,411
2022-04-27,Calaveras,009,45235,7334,7307,356,7663,119
2022-04-27,Colusa,011,21464,3461,3457,1047,4504,21
2022-04-27,Contra Costa,013,1133247,196405,191412,13849,205261,1300
2022-04-27,Del Norte,015,27424,5874,5833,191,6024,50
2022-04-27,El Dorado,017,186661,27014,26898,3229,30127,209
2022-04-27,Fresno,019,978130,235887,231951,24482,256433,2744
2022-04-27,Glenn,021,27897,5010,4993,1615,6608,48
2022-04-27,Humboldt,023,135768,17302,17138,3037,20175,145
2022-04-27,Imperial,025,180216,55560,55480,10572,66052,910
2022-04-27,Inyo,027,18085,4089,4080,495,4575,56
2022-04-27,Kern,029,883053,192515,192157,45990,238147,2271
2022-04-27,Kings,031,150075,51640,51617,3531,55148,444
2022-04-27,Lake,033,64148,10776,10732,893,11625,135
2022-04-27,Lassen,035,31185,8968,8965,876,9841,65
2022-04-27,Los Angeles,037,10098052,2746400,2731988,125157,2857145,31691
2022-04-27,Madera,039,155013,37384,37339,6051,43390,354
2022-04-27,Marin,041,260295,34658,34354,2789,37143,288
2022-04-27,Mariposa,043,17540,2435,2427,205,2632,30
2022-04-27,Mendocino,045,87422,13236,13188,3106,16294,123
2022-04-27,Merced,047,269075,62889,62315,8865,71180,815
2022-04-27,Modoc,049,8938,740,745,251,996,8
2022-04-27,Mono,051,14174,2991,2989,130,3119,6
2022-04-27,Monterey,053,433212,80148,79695,13984,93679,729
2022-04-27,Napa,055,140530,26368,26210,1017,27227,143
2022-04-27,Nevada,057,99092,16127,16080,1225,17305,127
2022-04-27,Orange,059,3164182,552886,550859,42489,593348,6991
2022-04-27,Placer,061,380077,63464,63154,7407,70561,623
2022-04-27,Plumas,063,18699,2990,2934,365,3299,13
2022-04-27,Riverside,065,2383286,595197,593397,28099,621496,6453
2022-04-27,Sacramento,067,1510023,283702,281802,26789,308591,3001
2022-04-27,San Benito,069,59416,13062,12989,524,13513,98
2022-04-27,San Bernardino,071,2135413,578169,568018,25148,593166,7105
2022-04-27,San Diego,073,3302833,760184,759873,53840,813713,5236
2022-04-27,San Francisco,075,870044,131176,129284,8630,137914,857
2022-04-27,San Joaquin,077,732212,167838,166848,10064,176912,2225
2022-04-27,San Luis Obispo,079,281455,53114,52911,3836,56747,476
2022-04-27,San Mateo,081,765935,126560,125018,7274,132292,702
2022-04-27,Santa Barbara,083,443738,86975,86557,4777,91334,685
2022-04-27,Santa Clara,085,1922200,324687,319077,12848,331925,2282
2022-04-27,Santa Cruz,087,273765,49447,48500,2153,50653,262
2022-04-27,Shasta,089,179085,30698,30633,6109,36742,554
2022-04-27,Sierra,091,2930,274,276,49,325,4
2022-04-27,Siskiyou,093,43540,4449,4455,2738,7193,81
2022-04-27,Solano,095,438530,82852,82220,5673,87893,448
2022-04-27,Sonoma,097,501317,85588,84983,2902,87885,487
2022-04-27,Stanislaus,099,539301,118238,117841,17952,135793,1643
2022-04-27,Sutter,101,95872,20591,20627,2095,22722,224
2022-04-27,Tehama,103,63373,12090,12073,2573,14646,201
2022-04-27,Trinity,105,12862,1187,1179,288,1467,20
2022-04-27,Tulare,107,460477,106616,106580,27690,134270,1453
2022-04-27,Tuolumne,109,53932,12803,12684,574,13258,181
2022-04-27,Ventura,111,848112,174878,174425,9604,184029,1480
2022-04-27,Yolo,113,214977,37887,37096,2962,40058,314
2022-04-27,Yuba,115,75493,15918,15902,1205,17107,121
2022-04-26,Alameda,001,1643700,263616,260871,14252,275123,1843
2022-04-26,Alpine,002,1148,124,124,1,125,0
2022-04-26,Amador,005,37829,8581,8518,657,9175,86
2022-04-26,Butte,007,227075,33372,33118,7127,40245,411
2022-04-26,Calaveras,009,45235,7330,7307,355,7662,119
2022-04-26,Colusa,011,21464,3461,3457,1047,4504,21
2022-04-26,Contra Costa,013,1133247,196143,191412,13812,205224,1300
2022-04-26,Del Norte,015,27424,5866,5833,191,6024,50
2022-04-26,El Dorado,017,186661,26992,26898,3225,30123,209
2022-04-26,Fresno,019,978130,235807,231951,24472,256423,2744
2022-04-26,Glenn,021,27897,5010,4993,1614,6607,48
2022-04-26,Humboldt,023,135768,17271,17138,3031,20169,145
2022-04-26,Imperial,025,180216,55540,55480,10567,66047,910
2022-04-26,Inyo,027,18085,4089,4080,495,4575,56
2022-04-26,Kern,029,883053,192468,192157,45965,238122,2271
2022-04-26,Kings,031,150075,51634,51617,3531,55148,444
2022-04-26,Lake,033,64148,10769,10732,893,11625,135
2022-04-26,Lassen,035,31185,8963,8965,876,9841,65
2022-04-26,Los Angeles,037,10098052,2744021,2731988,124973,2856961,31691
2022-04-26,Madera,039,155013,37376,37339,6044,43383,354
2022-04-26,Marin,041,260295,34604,34354,2770,37124,288
2022-04-26,Mariposa,043,17540,2435,2427,205,2632,30
2022-04-26,Mendocino,045,87422,13232,13188,3100,16288,123
2022-04-26,Merced,047,269075,62866,62315,8848,71163,815
2022-04-26,Modoc,049,8938,740,745,251,996,8
2022-04-26,Mono,051,14174,2991,2989,129,3118,6
2022-04-26,Monterey,053,433212,80093,79695,13945,93640,729
2022-04-26,Napa,055,140530,26337,26210,1013,27223,143
2022-04-26,Nevada,057,99092,16118,16080,1225,17305,127
2022-04-26,Orange,059,3164182,552477,550859,42429,593288,6991
2022-04-26,Placer,061,380077,63431,63154,7403,70557,623
2022-04-26,Plumas,063,18699,2990,2934,365,3299,13
2022-04-26,Riverside,065,2383286,594887,593397,28073,621470,6453
2022-04-26,Sacramento,067,1510023,283465,281802,26768,308570,3001
2022-04-26,San Benito,069,59416,13058,12989,523,13512,98
2022-04-26,San Bernardino,071,2135413,577960,568018,25134,593152,7105
2022-04-26,San Diego,073,3302833,759524,759873,53735,813608,5236
2022-04-26,San Francisco,075,870044,130776,129284,8605,137889,857
2022-04-26,San Joaquin,077,732212,167776,166848,10054,176902,2225
2022-04-26,San Luis Obispo,079,281455,53085,52911,3825,56736,476
2022-04-26,San Mateo,081,765935,126283,125018,7245,132263,702
2022-04-26,Santa Barbara,083,443738,86914,86557,4772,91329,685
2022-04-26,Santa Clara,085,1922200,324125,319077,12804,331881,2282
2022-04-26,Santa Cruz,087,273765,49347,48500,2150,50650,262
2022-04-26,Shasta,089,179085,30686,30633,6109,36742,554
2022-04-26,Sierra,091,2930,274,276,49,325,4
2022-04-26,Siskiyou,093,43540,4447,4455,2736,7191,81
2022-04-26,Solano,095,438530,82752,82220,5662,87882,448
2022-04-26,Sonoma,097,501317,85482,84983,2886,87869,487
2022-04-26,Stanislaus,099,539301,118203,117841,17942,135783,1643
2022-04-26,Sutter,101,95872,20581,20627,2095,22722,224
2022-04-26,Tehama,103,63373,12081,12073,2573,14646,201
2022-04-26,Trinity,105,12862,1187,1179,288,1467,20
2022-04-26,Tulare,107,460477,106589,106580,27676,134256,1453
2022-04-26,Tuolumne,109,53932,12784,12684,572,13256,181
2022-04-26,Ventura,111,848112,174769,174425,9578,184003,1480
2022-04-26,Yolo,113,214977,37828,37096,2957,40053,314
2022-04-26,Yuba,115,75493,15916,15902,1205,17107,121
2022-04-25,Alameda,001,1643700,263104,260871,14210,275081,1843
2022-04-25,Alpine,002,1148,124,124,1,125,0
2022-04-25,Amador,005,37829,8578,8518,657,9175,86
2022-04-25,Butte,007,227075,33357,33118,7118,40236,411
2022-04-25,Calaveras,009,45235,7327,7307,355,7662,119
2022-04-25,Colusa,011,21464,3461,3457,1047,4504,21
2022-04-25,Contra Costa,013,1133247,195877,191412,13775,205187,1300
2022-04-25,Del Norte,015,27424,5860,5833,189,6022,50
2022-04-25,El Dorado,017,186661,26970,26898,3223,30121,209
2022-04-25,Fresno,019,978130,235715,231951,24460,256411,2744
2022-04-25,Glenn,021,27897,5010,4993,1614,6607,48
2022-04-25,Humboldt,023,135768,17229,17138,3023,20161,145
2022-04-25,Imperial,025,180216,55520,55480,10562,66042,910
2022-04-25,Inyo,027,18085,4089,4080,495,4575,56
2022-04-25,Kern,029,883053,192424,192157,45947,238104,2271
2022-04-25,Kings,031,150075,51625,51617,3530,55147,444
2022-04-25,Lake,033,64148,10766,10732,892,11624,135
2022-04-25,Lassen,035,31185,8962,8965,876,9841,65
2022-04-25,Los Angeles,037,10098052,2741643,2731988,124808,2856796,31691
2022-04-25,Madera,039,155013,37362,37339,6040,43379,354
2022-04-25,Marin,041,260295,34540,34354,2746,37100,288
2022-04-25,Mariposa,043,17540,2435,2427,204,2631,30
2022-04-25,Mendocino,045,87422,13222,13188,3083,16271,123
2022-04-25,Merced,047,269075,62852,62315,8846,71161,815
2022-04-25,Modoc,049,8938,740,745,251,996,8
2022-04-25,Mono,051,14174,2991,2989,129,3118,6
2022-04-25,Monterey,053,433212,80054,79695,13920,93615,729
2022-04-25,Napa,055,140530,26296,26210,1011,27221,143
2022-04-25,Nevada,057,99092,16112,16080,1223,17303,127
2022-04-25,Orange,059,3164182,552070,550859,42366,593225,6991
2022-04-25,Placer,061,380077,63396,63154,7399,70553,623
2022-04-25,Plumas,063,18699,2988,2934,365,3299,13
2022-04-25,Riverside,065,2383286,594623,593397,28056,621453,6453
2022-04-25,Sacramento,067,1510023,283300,281802,26737,308539,3001
2022-04-25,San Benito,069,59416,13051,12989,523,13512,98
2022-04-25,San Bernardino,071,2135413,577729,568018,25117,593135,7105
2022-04-25,San Diego,073,3302833,758847,759873,53657,813530,5236
2022-04-25,San Francisco,075,870044,130415,129284,8583,137867,857
2022-04-25,San Joaquin,077,732212,167692,166848,10041,176889,2225
2022-04-25,San Luis Obispo,079,281455,53036,52911,3817,56728,476
2022-04-25,San Mateo,081,765935,126009,125018,7227,132245,702
2022-04-25,Santa Barbara,083,443738,86853,86557,4766,91323,685
2022-04-25,Santa Clara,085,1922200,323478,319077,12760,331837,2282
2022-04-25,Santa Cruz,087,273765,49205,48500,2141,50641,262
2022-04-25,Shasta,089,179085,30674,30633,6106,36739,554
2022-04-25,Sierra,091,2930,274,276,49,325,4
2022-04-25,Siskiyou,093,43540,4447,4455,2735,7190,81
2022-04-25,Solano,095,438530,82634,82220,5651,87871,448
2022-04-25,Sonoma,097,501317,85358,84983,2867,87850,487
2022-04-25,Stanislaus,099,539301,118158,117841,17935,135776,1643
2022-04-25,Sutter,101,95872,20578,20627,2095,22722,224
2022-04-25,Tehama,103,63373,12081,12073,2573,14646,201
2022-04-25,Trinity,105,12862,1186,1179,288,1467,20
2022-04-25,Tulare,107,460477,106564,106580,27666,134246,1453
2022-04-25,Tuolumne,109,53932,12774,12684,572,13256,181
2022-04-25,Ventura,111,848112,174659,174425,9554,183979,1480
2022-04-25,Yolo,113,214977,37765,37096,2953,40049,314
2022-04-25,Yuba,115,75493,15906,15902,1204,17106,121
2022-04-24,Alameda,001,1643700,262520,259619,14165,273784,1837
2022-04-24,Alpine,002,1148,124,124,1,125,0
2022-04-24,Amador,005,37829,8569,8509,656,9165,86
2022-04-24,Butte,007,227075,33340,33105,7111,40216,411
2022-04-24,Calaveras,009,45235,7318,7296,353,7649,119
2022-04-24,Colusa,011,21464,3460,3453,1047,4500,21
2022-04-24,Contra Costa,013,1133247,195573,190611,13742,204353,1298
2022-04-24,Del Norte,015,27424,5851,5827,187,6014,50
2022-04-24,El Dorado,017,186661,26952,26837,3221,30058,209
2022-04-24,Fresno,019,978130,235634,231751,24447,256198,2744
2022-04-24,Glenn,021,27897,5010,4989,1612,6601,48
2022-04-24,Humboldt,023,135768,17204,17033,3009,20042,145
2022-04-24,Imperial,025,180216,55508,55434,10554,65988,910
2022-04-24,Inyo,027,18085,4085,4079,494,4573,56
2022-04-24,Kern,029,883053,192371,192012,45933,237945,2267
2022-04-24,Kings,031,150075,51616,51588,3530,55118,444
2022-04-24,Lake,033,64148,10758,10720,889,11609,134
2022-04-24,Lassen,035,31185,8961,8966,876,9842,65
2022-04-24,Los Angeles,037,10098052,2739303,2725630,124663,2850293,31667
2022-04-24,Madera,039,155013,37347,37333,6034,43367,354
2022-04-24,Marin,041,260295,34486,34150,2712,36862,288
2022-04-24,Mariposa,043,17540,2432,2422,204,2626,30
2022-04-24,Mendocino,045,87422,13217,13158,3071,16229,122
2022-04-24,Merced,047,269075,62828,62286,8837,71123,815
2022-04-24,Modoc,049,8938,740,745,251,996,8
2022-04-24,Mono,051,14174,2989,2986,129,3115,6
2022-04-24,Monterey,053,433212,80001,79560,13887,93447,729
2022-04-24,Napa,055,140530,26259,26093,1010,27103,143
2022-04-24,Nevada,057,99092,16096,16052,1221,17273,127
2022-04-24,Orange,059,3164182,551648,549765,42303,592068,6989
2022-04-24,Placer,061,380077,63344,63037,7392,70429,622
2022-04-24,Plumas,063,18699,2986,2934,365,3299,13
2022-04-24,Riverside,065,2383286,594345,592683,28021,620704,6450
2022-04-24,Sacramento,067,1510023,283092,280551,26704,307255,2993
2022-04-24,San Benito,069,59416,13047,12966,523,13489,98
2022-04-24,San Bernardino,071,2135413,577495,566806,25095,591901,7047
2022-04-24,San Diego,073,3302833,758217,758311,53594,811905,5233
2022-04-24,San Francisco,075,870044,129970,128323,8557,136880,857
2022-04-24,San Joaquin,077,732212,167606,166626,10004,176630,2224
2022-04-24,San Luis Obispo,079,281455,52960,52826,3807,56633,476
2022-04-24,San Mateo,081,765935,125692,124106,7198,131304,703
2022-04-24,Santa Barbara,083,443738,86784,86376,4764,91140,685
2022-04-24,Santa Clara,085,1922200,322792,317487,12709,330196,2277
2022-04-24,Santa Cruz,087,273765,49091,48255,2135,50390,261
2022-04-24,Shasta,089,179085,30663,30607,6104,36711,557
2022-04-24,Sierra,091,2930,274,276,49,325,4
2022-04-24,Siskiyou,093,43540,4445,4453,2733,7186,81
2022-04-24,Solano,095,438530,82524,81982,5642,87624,448
2022-04-24,Sonoma,097,501317,85222,84581,2845,87426,486
2022-04-24,Stanislaus,099,539301,118106,117737,17929,135666,1632
2022-04-24,Sutter,101,95872,20569,20605,2092,22697,224
2022-04-24,Tehama,103,63373,12077,12064,2573,14637,201
2022-04-24,Trinity,105,12862,1186,1177,288,1465,20
2022-04-24,Tulare,107,460477,106537,106354,27655,134009,1446
2022-04-24,Tuolumne,109,53932,12761,12664,571,13235,181
2022-04-24,Ventura,111,848112,174547,174091,9533,183624,1479
2022-04-24,Yolo,113,214977,37725,36990,2950,39940,314
2022-04-24,Yuba,115,75493,15902,15888,1204,17092,121
2022-04-23,Alameda,001,1643700,262272,259619,14153,273772,1837
2022-04-23,Alpine,002,1148,124,124,1,125,0
2022-04-23,Amador,005,37829,8563,8509,656,9165,86
2022-04-23,Butte,007,227075,33331,33105,7108,40213,411
2022-04-23,Calaveras,009,45235,7310,7296,353,7649,119
2022-04-23,Colusa,011,21464,3460,3453,1047,4500,21
2022-04-23,Contra Costa,013,1133247,195418,190611,13724,204335,1298
2022-04-23,Del Norte,015,27424,5849,5827,186,6013,50
2022-04-23,El Dorado,017,186661,26942,26837,3220,30057,209
2022-04-23,Fresno,019,978130,235602,231751,24441,256192,2744
2022-04-23,Glenn,021,27897,5010,4989,1612,6601,48
2022-04-23,Humboldt,023,135768,17188,17033,3006,20039,145
2022-04-23,Imperial,025,180216,55497,55434,10553,65987,910
2022-04-23,Inyo,027,18085,4085,4079,493,4572,56
2022-04-23,Kern,029,883053,192343,192012,45919,237931,2267
2022-04-23,Kings,031,150075,51611,51588,3529,55117,444
2022-04-23,Lake,033,64148,10757,10720,889,11609,134
2022-04-23,Lassen,035,31185,8961,8966,876,9842,65
2022-04-23,Los Angeles,037,10098052,2738357,2725630,124561,2850191,31667
2022-04-23,Madera,039,155013,37340,37333,6033,43366,354
2022-04-23,Marin,041,260295,34451,34150,2666,36816,288
2022-04-23,Mariposa,043,17540,2432,2422,204,2626,30
2022-04-23,Mendocino,045,87422,13210,13158,3071,16229,122
2022-04-23,Merced,047,269075,62818,62286,8837,71123,815
2022-04-23,Modoc,049,8938,740,745,251,996,8
2022-04-23,Mono,051,14174,2989,2986,129,3115,6
2022-04-23,Monterey,053,433212,79932,79560,13872,93432,729
2022-04-23,Napa,055,140530,26238,26093,1008,27101,143
2022-04-23,Nevada,057,99092,16090,16052,1219,17271,127
2022-04-23,Orange,059,3164182,551432,549765,42254,592019,6989
2022-04-23,Placer,061,380077,63314,63037,7391,70428,622
2022-04-23,Plumas,063,18699,2986,2934,365,3299,13
2022-04-23,Riverside,065,2383286,594209,592683,28011,620694,6450
2022-04-23,Sacramento,067,1510023,282992,280551,26701,307252,2993
2022-04-23,San Benito,069,59416,13046,12966,523,13489,98
2022-04-23,San Bernardino,071,2135413,577373,566806,25092,591898,7047
2022-04-23,San Diego,073,3302833,757954,758311,53575,811886,5233
2022-04-23,San Francisco,075,870044,129764,128323,8531,136854,857
2022-04-23,San Joaquin,077,732212,167565,166626,9996,176622,2224
2022-04-23,San Luis Obispo,079,281455,52945,52826,3803,56629,476
2022-04-23,San Mateo,081,765935,125529,124106,7192,131298,703
2022-04-23,Santa Barbara,083,443738,86748,86376,4763,91139,685
2022-04-23,Santa Clara,085,1922200,322410,317487,12682,330169,2277
2022-04-23,Santa Cruz,087,273765,49041,48255,2133,50388,261
2022-04-23,Shasta,089,179085,30660,30607,6104,36711,557
2022-04-23,Sierra,091,2930,274,276,49,325,4
2022-04-23,Siskiyou,093,43540,4443,4453,2733,7186,81
2022-04-23,Solano,095,438530,82496,81982,5637,87619,448
2022-04-23,Sonoma,097,501317,85154,84581,2836,87417,486
2022-04-23,Stanislaus,099,539301,118070,117737,17927,135664,1632
2022-04-23,Sutter,101,95872,20563,20605,2092,22697,224
2022-04-23,Tehama,103,63373,12076,12064,2573,14637,201
2022-04-23,Trinity,105,12862,1186,1177,288,1465,20
2022-04-23,Tulare,107,460477,106529,106354,27646,134000,1446
2022-04-23,Tuolumne,109,53932,12756,12664,571,13235,181
2022-04-23,Ventura,111,848112,174484,174091,9525,183616,1479
2022-04-23,Yolo,113,214977,37697,36990,2946,39936,314
2022-04-23,Yuba,115,75493,15900,15888,1204,17092,121
2022-04-22,Alameda,001,1643700,262042,259619,14134,273753,1837
2022-04-22,Alpine,002,1148,124,124,1,125,0
2022-04-22,Amador,005,37829,8562,8509,654,9163,86
2022-04-22,Butte,007,227075,33325,33105,7103,40208,411
2022-04-22,Calaveras,009,45235,7309,7296,353,7649,119
2022-04-22,Colusa,011,21464,3460,3453,1047,4500,21
2022-04-22,Contra Costa,013,1133247,195281,190611,13708,204319,1298
2022-04-22,Del Norte,015,27424,5849,5827,186,6013,50
2022-04-22,El Dorado,017,186661,26929,26837,3216,30053,209
2022-04-22,Fresno,019,978130,235572,231751,24437,256188,2744
2022-04-22,Glenn,021,27897,5008,4989,1612,6601,48
2022-04-22,Humboldt,023,135768,17172,17033,3000,20033,145
2022-04-22,Imperial,025,180216,55491,55434,10553,65987,910
2022-04-22,Inyo,027,18085,4085,4079,492,4571,56
2022-04-22,Kern,029,883053,192322,192012,45916,237928,2267
2022-04-22,Kings,031,150075,51607,51588,3528,55116,444
2022-04-22,Lake,033,64148,10756,10720,889,11609,134
2022-04-22,Lassen,035,31185,8961,8966,876,9842,65
2022-04-22,Los Angeles,037,10098052,2737277,2725630,124502,2850132,31667
2022-04-22,Madera,039,155013,37335,37333,6032,43365,354
2022-04-22,Marin,041,260295,34414,34150,2655,36805,288
2022-04-22,Mariposa,043,17540,2431,2422,204,2626,30
2022-04-22,Mendocino,045,87422,13205,13158,3066,16224,122
2022-04-22,Merced,047,269075,62811,62286,8825,71111,815
2022-04-22,Modoc,049,8938,740,745,251,996,8
2022-04-22,Mono,051,14174,2989,2986,128,3114,6
2022-04-22,Monterey,053,433212,79897,79560,13858,93418,729
2022-04-22,Napa,055,140530,26221,26093,1006,27099,143
2022-04-22,Nevada,057,99092,16090,16052,1219,17271,127
2022-04-22,Orange,059,3164182,551247,549765,42201,591966,6989
2022-04-22,Placer,061,380077,63291,63037,7388,70425,622
2022-04-22,Plumas,063,18699,2986,2934,365,3299,13
2022-04-22,Riverside,065,2383286,594065,592683,27996,620679,6450
2022-04-22,Sacramento,067,1510023,282904,280551,26689,307240,2993
2022-04-22,San Benito,069,59416,13041,12966,523,13489,98
2022-04-22,San Bernardino,071,2135413,577260,566806,25084,591890,7047
2022-04-22,San Diego,073,3302833,757635,758311,53547,811858,5233
2022-04-22,San Francisco,075,870044,129597,128323,8505,136828,857
2022-04-22,San Joaquin,077,732212,167534,166626,9994,176620,2224
2022-04-22,San Luis Obispo,079,281455,52939,52826,3802,56628,476
2022-04-22,San Mateo,081,765935,125362,124106,7181,131287,703
2022-04-22,Santa Barbara,083,443738,86702,86376,4762,91138,685
2022-04-22,Santa Clara,085,1922200,322063,317487,12668,330155,2277
2022-04-22,Santa Cruz,087,273765,49001,48255,2132,50387,261
2022-04-22,Shasta,089,179085,30655,30607,6103,36710,557
2022-04-22,Sierra,091,2930,274,276,48,324,4
2022-04-22,Siskiyou,093,43540,4443,4453,2733,7186,81
2022-04-22,Solano,095,438530,82439,81982,5634,87616,448
2022-04-22,Sonoma,097,501317,85089,84581,2832,87413,486
2022-04-22,Stanislaus,099,539301,118048,117737,17922,135659,1632
2022-04-22,Sutter,101,95872,20557,20605,2092,22697,224
2022-04-22,Tehama,103,63373,12071,12064,2572,14636,201
2022-04-22,Trinity,105,12862,1186,1177,287,1464,20
2022-04-22,Tulare,107,460477,106519,106354,27638,133992,1446
2022-04-22,Tuolumne,109,53932,12750,12664,569,13233,181
2022-04-22,Ventura,111,848112,174409,174091,9514,183605,1479
2022-04-22,Yolo,113,214977,37676,36990,2944,39934,314
2022-04-22,Yuba,115,75493,15897,15888,1203,17091,121
2022-04-21,Alameda,001,1643700,261679,259619,14097,273716,1837
2022-04-21,Alpine,002,1148,124,124,1,125,0
2022-04-21,Amador,005,37829,8559,8509,654,9163,86
2022-04-21,Butte,007,227075,33318,33105,7095,40200,411
2022-04-21,Calaveras,009,45235,7306,7296,353,7649,119
2022-04-21,Colusa,011,21464,3459,3453,1047,4500,21
2022-04-21,Contra Costa,013,1133247,195085,190611,13687,204298,1298
2022-04-21,Del Norte,015,27424,5848,5827,186,6013,50
2022-04-21,El Dorado,017,186661,26913,26837,3215,30052,209
2022-04-21,Fresno,019,978130,235529,231751,24428,256179,2744
2022-04-21,Glenn,021,27897,5008,4989,1611,6600,48
2022-04-21,Humboldt,023,135768,17149,17033,2992,20025,145
2022-04-21,Imperial,025,180216,55482,55434,10553,65987,910
2022-04-21,Inyo,027,18085,4085,4079,492,4571,56
2022-04-21,Kern,029,883053,192289,192012,45901,237913,2267
2022-04-21,Kings,031,150075,51599,51588,3528,55116,444
2022-04-21,Lake,033,64148,10753,10720,889,11609,134
2022-04-21,Lassen,035,31185,8961,8966,876,9842,65
2022-04-21,Los Angeles,037,10098052,2735634,2725630,124387,2850017,31667
2022-04-21,Madera,039,155013,37332,37333,6031,43364,354
2022-04-21,Marin,041,260295,34366,34150,2645,36795,288
2022-04-21,Mariposa,043,17540,2430,2422,204,2626,30
2022-04-21,Mendocino,045,87422,13198,13158,3063,16221,122
2022-04-21,Merced,047,269075,62793,62286,8822,71108,815
2022-04-21,Modoc,049,8938,740,745,251,996,8
2022-04-21,Mono,051,14174,2988,2986,127,3113,6
2022-04-21,Monterey,053,433212,79870,79560,13844,93404,729
2022-04-21,Napa,055,140530,26190,26093,1005,27098,143
2022-04-21,Nevada,057,99092,16086,16052,1219,17271,127
2022-04-21,Orange,059,3164182,550995,549765,42164,591929,6989
2022-04-21,Placer,061,380077,63252,63037,7384,70421,622
2022-04-21,Plumas,063,18699,2986,2934,365,3299,13
2022-04-21,Riverside,065,2383286,593904,592683,27978,620661,6450
2022-04-21,Sacramento,067,1510023,282755,280551,26670,307221,2993
2022-04-21,San Benito,069,59416,13035,12966,523,13489,98
2022-04-21,San Bernardino,071,2135413,577067,566806,25072,591878,7047
2022-04-21,San Diego,073,3302833,757210,758311,53503,811814,5233
2022-04-21,San Francisco,075,870044,129374,128323,8478,136801,857
2022-04-21,San Joaquin,077,732212,167482,166626,9989,176615,2224
2022-04-21,San Luis Obispo,079,281455,52919,52826,3795,56621,476
2022-04-21,San Mateo,081,765935,125156,124106,7164,131270,703
2022-04-21,Santa Barbara,083,443738,86643,86376,4759,91135,685
2022-04-21,Santa Clara,085,1922200,321613,317487,12646,330133,2277
2022-04-21,Santa Cruz,087,273765,48955,48255,2130,50385,261
2022-04-21,Shasta,089,179085,30647,30607,6103,36710,557
2022-04-21,Sierra,091,2930,274,276,48,324,4
2022-04-21,Siskiyou,093,43540,4443,4453,2733,7186,81
2022-04-21,Solano,095,438530,82375,81982,5628,87610,448
2022-04-21,Sonoma,097,501317,84974,84581,2812,87393,486
2022-04-21,Stanislaus,099,539301,118009,117737,17914,135651,1632
2022-04-21,Sutter,101,95872,20548,20605,2090,22695,224
2022-04-21,Tehama,103,63373,12071,12064,2572,14636,201
2022-04-21,Trinity,105,12862,1186,1177,287,1464,20
2022-04-21,Tulare,107,460477,106512,106354,27634,133988,1446
2022-04-21,Tuolumne,109,53932,12745,12664,569,13233,181
2022-04-21,Ventura,111,848112,174327,174091,9508,183599,1479
2022-04-21,Yolo,113,214977,37646,36990,2944,39934,314
2022-04-21,Yuba,115,75493,15895,15888,1203,17091,121
2022-04-20,Alameda,001,1643700,261313,258734,14071,272805,1832
2022-04-20,Alpine,002,1148,124,124,1,125,0
2022-04-20,Amador,005,37829,8557,8494,654,9148,86
2022-04-20,Butte,007,227075,33302,33083,7088,40171,408
2022-04-20,Calaveras,009,45235,7300,7288,352,7640,119
2022-04-20,Colusa,011,21464,3459,3453,1047,4500,21
2022-04-20,Contra Costa,013,1133247,194851,190042,13662,203704,1299
2022-04-20,Del Norte,015,27424,5842,5814,186,6000,50
2022-04-20,El Dorado,017,186661,26898,26821,3211,30032,209
2022-04-20,Fresno,019,978130,235479,231568,24427,255995,2740
2022-04-20,Glenn,021,27897,5007,4988,1608,6596,48
2022-04-20,Humboldt,023,135768,17127,16976,2988,19964,145
2022-04-20,Imperial,025,180216,55474,55405,10550,65955,910
2022-04-20,Inyo,027,18085,4085,4075,491,4566,56
2022-04-20,Kern,029,883053,192254,191915,45885,237800,2262
2022-04-20,Kings,031,150075,51590,51571,3526,55097,445
2022-04-20,Lake,033,64148,10753,10711,889,11600,134
2022-04-20,Lassen,035,31185,8961,8951,876,9827,65
2022-04-20,Los Angeles,037,10098052,2733896,2721699,124268,2845967,31630
2022-04-20,Madera,039,155013,37329,37333,6028,43361,354
2022-04-20,Marin,041,260295,34325,33985,2622,36607,288
2022-04-20,Mariposa,043,17540,2428,2412,204,2616,30
2022-04-20,Mendocino,045,87422,13192,13128,3055,16183,122
2022-04-20,Merced,047,269075,62783,62322,8809,71131,813
2022-04-20,Modoc,049,8938,740,744,251,995,8
2022-04-20,Mono,051,14174,2988,2984,127,3111,6
2022-04-20,Monterey,053,433212,79825,79419,13825,93244,727
2022-04-20,Napa,055,140530,26156,26016,1001,27017,143
2022-04-20,Nevada,057,99092,16076,16034,1216,17250,127
2022-04-20,Orange,059,3164182,550667,549136,42117,591253,6963
2022-04-20,Placer,061,380077,63224,62928,7378,70306,619
2022-04-20,Plumas,063,18699,2986,2932,365,3297,13
2022-04-20,Riverside,065,2383286,593712,592224,27956,620180,6447
2022-04-20,Sacramento,067,1510023,282608,279326,26656,305982,2987
2022-04-20,San Benito,069,59416,13029,12971,520,13491,98
2022-04-20,San Bernardino,071,2135413,576859,565405,25055,590460,6977
2022-04-20,San Diego,073,3302833,756768,757138,53442,810580,5231
2022-04-20,San Francisco,075,870044,129066,127594,8460,136054,854
2022-04-20,San Joaquin,077,732212,167414,166531,9982,176513,2222
2022-04-20,San Luis Obispo,079,281455,52892,52740,3788,56528,476
2022-04-20,San Mateo,081,765935,124937,123279,7133,130412,701
2022-04-20,Santa Barbara,083,443738,86607,86214,4753,90967,685
2022-04-20,Santa Clara,085,1922200,321202,316355,12608,328963,2274
2022-04-20,Santa Cruz,087,273765,48891,47997,2126,50123,261
2022-04-20,Shasta,089,179085,30644,30590,6102,36692,554
2022-04-20,Sierra,091,2930,274,276,48,324,4
2022-04-20,Siskiyou,093,43540,4442,4446,2732,7178,80
2022-04-20,Solano,095,438530,82304,81841,5625,87466,447
2022-04-20,Sonoma,097,501317,84887,84429,2788,87217,485
2022-04-20,Stanislaus,099,539301,117972,117540,17903,135443,1630
2022-04-20,Sutter,101,95872,20541,20632,2090,22722,224
2022-04-20,Tehama,103,63373,12069,12061,2572,14633,199
2022-04-20,Trinity,105,12862,1186,1178,287,1465,20
2022-04-20,Tulare,107,460477,106504,105974,27623,133597,1439
2022-04-20,Tuolumne,109,53932,12740,12648,568,13216,180
2022-04-20,Ventura,111,848112,174239,173904,9499,183403,1475
2022-04-20,Yolo,113,214977,37596,36785,2941,39726,311
2022-04-20,Yuba,115,75493,15891,15868,1201,17069,121
2022-04-19,Alameda,001,1643700,260951,258734,14042,272776,1832
2022-04-19,Alpine,002,1148,124,124,1,125,0
2022-04-19,Amador,005,37829,8553,8494,651,9145,86
2022-04-19,Butte,007,227075,33295,33083,7084,40167,408
2022-04-19,Calaveras,009,45235,7297,7288,352,7640,119
2022-04-19,Colusa,011,21464,3459,3453,1047,4500,21
2022-04-19,Contra Costa,013,1133247,194604,190042,13644,203686,1299
2022-04-19,Del Norte,015,27424,5840,5814,184,5998,50
2022-04-19,El Dorado,017,186661,26884,26821,3208,30029,209
2022-04-19,Fresno,019,978130,235424,231568,24417,255985,2740
2022-04-19,Glenn,021,27897,5006,4988,1608,6596,48
2022-04-19,Humboldt,023,135768,17090,16976,2977,19953,145
2022-04-19,Imperial,025,180216,55467,55405,10547,65952,910
2022-04-19,Inyo,027,18085,4082,4075,491,4566,56
2022-04-19,Kern,029,883053,192218,191915,45875,237790,2262
2022-04-19,Kings,031,150075,51576,51571,3525,55096,445
2022-04-19,Lake,033,64148,10749,10711,888,11599,134
2022-04-19,Lassen,035,31185,8961,8951,876,9827,65
2022-04-19,Los Angeles,037,10098052,2732104,2721699,124140,2845839,31630
2022-04-19,Madera,039,155013,37326,37333,6027,43360,354
2022-04-19,Marin,041,260295,34274,33985,2606,36591,288
2022-04-19,Mariposa,043,17540,2428,2412,203,2615,30
2022-04-19,Mendocino,045,87422,13184,13128,3044,16172,122
2022-04-19,Merced,047,269075,62764,62322,8806,71128,813
2022-04-19,Modoc,049,8938,740,744,251,995,8
2022-04-19,Mono,051,14174,2988,2984,127,3111,6
2022-04-19,Monterey,053,433212,79806,79419,13812,93231,727
2022-04-19,Napa,055,140530,26133,26016,992,27008,143
2022-04-19,Nevada,057,99092,16070,16034,1214,17248,127
2022-04-19,Orange,059,3164182,550388,549136,42073,591209,6963
2022-04-19,Placer,061,380077,63191,62928,7373,70301,619
2022-04-19,Plumas,063,18699,2986,2932,365,3297,13
2022-04-19,Riverside,065,2383286,593529,592224,27944,620168,6447
2022-04-19,Sacramento,067,1510023,282433,279326,26634,305960,2987
2022-04-19,San Benito,069,59416,13023,12971,519,13490,98
2022-04-19,San Bernardino,071,2135413,576645,565405,25033,590438,6977
2022-04-19,San Diego,073,3302833,756303,757138,53377,810515,5231
2022-04-19,San Francisco,075,870044,128733,127594,8443,136037,854
2022-04-19,San Joaquin,077,732212,167364,166531,9978,176509,2222
2022-04-19,San Luis Obispo,079,281455,52856,52740,3782,56522,476
2022-04-19,San Mateo,081,765935,124704,123279,7113,130392,701
2022-04-19,Santa Barbara,083,443738,86553,86214,4745,90959,685
2022-04-19,Santa Clara,085,1922200,320782,316355,12580,328935,2274
2022-04-19,Santa Cruz,087,273765,48836,47997,2124,50121,261
2022-04-19,Shasta,089,179085,30632,30590,6101,36691,554
2022-04-19,Sierra,091,2930,274,276,48,324,4
2022-04-19,Siskiyou,093,43540,4441,4446,2730,7176,80
2022-04-19,Solano,095,438530,82220,81841,5618,87459,447
2022-04-19,Sonoma,097,501317,84785,84429,2759,87188,485
2022-04-19,Stanislaus,099,539301,117946,117540,17898,135438,1630
2022-04-19,Sutter,101,95872,20541,20632,2090,22722,224
2022-04-19,Tehama,103,63373,12068,12061,2572,14633,199
2022-04-19,Trinity,105,12862,1185,1178,287,1465,20
2022-04-19,Tulare,107,460477,106488,105974,27617,133591,1439
2022-04-19,Tuolumne,109,53932,12738,12648,568,13216,180
2022-04-19,Ventura,111,848112,174146,173904,9486,183390,1475
2022-04-19,Yolo,113,214977,37551,36785,2939,39724,311
2022-04-19,Yuba,115,75493,15884,15868,1201,17069,121
2022-04-18,Alameda,001,1643700,260564,258734,14023,272757,1832
2022-04-18,Alpine,002,1148,124,124,1,125,0
2022-04-18,Amador,005,37829,8552,8494,650,9144,86
2022-04-18,Butte,007,227075,33291,33083,7079,40162,408
2022-04-18,Calaveras,009,45235,7293,7288,351,7639,119
2022-04-18,Colusa,011,21464,3458,3453,1047,4500,21
2022-04-18,Contra Costa,013,1133247,194369,190042,13619,203661,1299
2022-04-18,Del Norte,015,27424,5835,5814,184,5998,50
2022-04-18,El Dorado,017,186661,26867,26821,3205,30026,209
2022-04-18,Fresno,019,978130,235381,231568,24406,255974,2740
2022-04-18,Glenn,021,27897,5006,4988,1607,6595,48
2022-04-18,Humboldt,023,135768,17061,16976,2974,19950,145
2022-04-18,Imperial,025,180216,55455,55405,10545,65950,910
2022-04-18,Inyo,027,18085,4082,4075,491,4566,56
2022-04-18,Kern,029,883053,192173,191915,45863,237778,2262
2022-04-18,Kings,031,150075,51571,51571,3525,55096,445
2022-04-18,Lake,033,64148,10745,10711,887,11598,134
2022-04-18,Lassen,035,31185,8961,8951,876,9827,65
2022-04-18,Los Angeles,037,10098052,2730278,2721699,124027,2845726,31630
2022-04-18,Madera,039,155013,37318,37333,6026,43359,354
2022-04-18,Marin,041,260295,34211,33985,2583,36568,288
2022-04-18,Mariposa,043,17540,2426,2412,203,2615,30
2022-04-18,Mendocino,045,87422,13167,13128,3039,16167,122
2022-04-18,Merced,047,269075,62752,62322,8800,71122,813
2022-04-18,Modoc,049,8938,739,744,251,995,8
2022-04-18,Mono,051,14174,2987,2984,127,3111,6
2022-04-18,Monterey,053,433212,79732,79419,13796,93215,727
2022-04-18,Napa,055,140530,26097,26016,991,27007,143
2022-04-18,Nevada,057,99092,16060,16034,1212,17246,127
2022-04-18,Orange,059,3164182,550101,549136,42037,591173,6963
2022-04-18,Placer,061,380077,63158,62928,7371,70299,619
2022-04-18,Plumas,063,18699,2986,2932,365,3297,13
2022-04-18,Riverside,065,2383286,593319,592224,27924,620148,6447
2022-04-18,Sacramento,067,1510023,282277,279326,26622,305948,2987
2022-04-18,San Benito,069,59416,13017,12971,519,13490,98
2022-04-18,San Bernardino,071,2135413,576435,565405,25015,590420,6977
2022-04-18,San Diego,073,3302833,755834,757138,53318,810456,5231
2022-04-18,San Francisco,075,870044,128415,127594,8431,136025,854
2022-04-18,San Joaquin,077,732212,167305,166531,9971,176502,2222
2022-04-18,San Luis Obispo,079,281455,52827,52740,3777,56517,476
2022-04-18,San Mateo,081,765935,124471,123279,7094,130373,701
2022-04-18,Santa Barbara,083,443738,86482,86214,4740,90954,685
2022-04-18,Santa Clara,085,1922200,320336,316355,12556,328911,2274
2022-04-18,Santa Cruz,087,273765,48731,47997,2122,50119,261
2022-04-18,Shasta,089,179085,30626,30590,6098,36688,554
2022-04-18,Sierra,091,2930,274,276,48,324,4
2022-04-18,Siskiyou,093,43540,4440,4446,2729,7175,80
2022-04-18,Solano,095,438530,82155,81841,5612,87453,447
2022-04-18,Sonoma,097,501317,84685,84429,2744,87173,485
2022-04-18,Stanislaus,099,539301,117917,117540,17895,135435,1630
2022-04-18,Sutter,101,95872,20539,20632,2088,22720,224
2022-04-18,Tehama,103,63373,12064,12061,2572,14633,199
2022-04-18,Trinity,105,12862,1185,1178,287,1465,20
2022-04-18,Tulare,107,460477,106473,105974,27609,133583,1439
2022-04-18,Tuolumne,109,53932,12731,12648,567,13215,180
2022-04-18,Ventura,111,848112,174055,173904,9476,183380,1475
2022-04-18,Yolo,113,214977,37493,36785,2939,39724,311
2022-04-18,Yuba,115,75493,15875,15868,1200,17068,121
2022-04-17,Alameda,001,1643700,260168,257897,13999,271896,1829
2022-04-17,Alpine,002,1148,124,124,1,125,0
2022-04-17,Amador,005,37829,8547,8491,648,9139,86
2022-04-17,Butte,007,227075,33288,33053,7076,40129,405
2022-04-17,Calaveras,009,45235,7290,7275,350,7625,119
2022-04-17,Colusa,011,21464,3457,3450,1047,4497,21
2022-04-17,Contra Costa,013,1133247,194141,189742,13583,203325,1298
2022-04-17,Del Norte,015,27424,5830,5809,184,5993,50
2022-04-17,El Dorado,017,186661,26857,26796,3203,29999,209
2022-04-17,Fresno,019,978130,235303,231455,24401,255856,2739
2022-04-17,Glenn,021,27897,5006,4991,1607,6598,48
2022-04-17,Humboldt,023,135768,17026,16929,2968,19897,143
2022-04-17,Imperial,025,180216,55446,55371,10544,65915,910
2022-04-17,Inyo,027,18085,4080,4075,491,4566,56
2022-04-17,Kern,029,883053,192138,191866,45848,237714,2258
2022-04-17,Kings,031,150075,51560,51544,3523,55067,445
2022-04-17,Lake,033,64148,10744,10702,887,11589,134
2022-04-17,Lassen,035,31185,8961,8950,876,9826,65
2022-04-17,Los Angeles,037,10098052,2728295,2717479,123908,2841387,31598
2022-04-17,Madera,039,155013,37312,37362,6026,43388,354
2022-04-17,Marin,041,260295,34144,33829,2553,36382,288
2022-04-17,Mariposa,043,17540,2418,2406,203,2609,30
2022-04-17,Mendocino,045,87422,13152,13107,3035,16142,122
2022-04-17,Merced,047,269075,62732,62295,8794,71089,813
2022-04-17,Modoc,049,8938,739,743,251,994,8
2022-04-17,Mono,051,14174,2986,2977,127,3104,6
2022-04-17,Monterey,053,433212,79699,79311,13776,93087,727
2022-04-17,Napa,055,140530,26052,25929,985,26914,143
2022-04-17,Nevada,057,99092,16044,16014,1207,17221,123
2022-04-17,Orange,059,3164182,549738,548311,41986,590297,6945
2022-04-17,Placer,061,380077,63119,62882,7364,70246,618
2022-04-17,Plumas,063,18699,2986,2929,365,3294,13
2022-04-17,Riverside,065,2383286,593097,591772,27905,619677,6443
2022-04-17,Sacramento,067,1510023,282114,278523,26598,305121,2978
2022-04-17,San Benito,069,59416,13014,12926,518,13444,98
2022-04-17,San Bernardino,071,2135413,576197,564397,25001,589398,6948
2022-04-17,San Diego,073,3302833,755347,756165,53250,809415,5229
2022-04-17,San Francisco,075,870044,128096,126976,8415,135391,854
2022-04-17,San Joaquin,077,732212,167255,166645,9965,176610,2220
2022-04-17,San Luis Obispo,079,281455,52758,52698,3772,56470,476
2022-04-17,San Mateo,081,765935,124230,122652,7080,129732,699
2022-04-17,Santa Barbara,083,443738,86424,86030,4733,90763,684
2022-04-17,Santa Clara,085,1922200,319844,315296,12530,327826,2268
2022-04-17,Santa Cruz,087,273765,48609,47895,2120,50015,261
2022-04-17,Shasta,089,179085,30615,30578,6094,36672,554
2022-04-17,Sierra,091,2930,274,276,48,324,4
2022-04-17,Siskiyou,093,43540,4435,4444,2728,7172,80
2022-04-17,Solano,095,438530,82088,81781,5606,87387,447
2022-04-17,Sonoma,097,501317,84573,84172,2737,86909,485
2022-04-17,Stanislaus,099,539301,117887,117567,17888,135455,1619
2022-04-17,Sutter,101,95872,20534,20621,2087,22708,224
2022-04-17,Tehama,103,63373,12063,12061,2572,14633,199
2022-04-17,Trinity,105,12862,1184,1178,287,1465,20
2022-04-17,Tulare,107,460477,106459,105757,27601,133358,1428
2022-04-17,Tuolumne,109,53932,12725,12640,567,13207,180
2022-04-17,Ventura,111,848112,173958,173665,9457,183122,1474
2022-04-17,Yolo,113,214977,37444,36752,2937,39689,311
2022-04-17,Yuba,115,75493,15869,15857,1200,17057,121
2022-04-16,Alameda,001,1643700,260015,257897,13989,271886,1829
2022-04-16,Alpine,002,1148,124,124,1,125,0
2022-04-16,Amador,005,37829,8545,8491,648,9139,86
2022-04-16,Butte,007,227075,33284,33053,7074,40127,405
2022-04-16,Calaveras,009,45235,7288,7275,350,7625,119
2022-04-16,Colusa,011,21464,3457,3450,1047,4497,21
2022-04-16,Contra Costa,013,1133247,194050,189742,13577,203319,1298
2022-04-16,Del Norte,015,27424,5830,5809,184,5993,50
2022-04-16,El Dorado,017,186661,26846,26796,3203,29999,209
2022-04-16,Fresno,019,978130,235275,231455,24400,255855,2739
2022-04-16,Glenn,021,27897,5006,4991,1607,6598,48
2022-04-16,Humboldt,023,135768,17018,16929,2963,19892,143
2022-04-16,Imperial,025,180216,55440,55371,10543,65914,910
2022-04-16,Inyo,027,18085,4080,4075,491,4566,56
2022-04-16,Kern,029,883053,192127,191866,45836,237702,2258
2022-04-16,Kings,031,150075,51557,51544,3523,55067,445
2022-04-16,Lake,033,64148,10742,10702,887,11589,134
2022-04-16,Lassen,035,31185,8961,8950,876,9826,65
2022-04-16,Los Angeles,037,10098052,2727579,2717479,123857,2841336,31598
2022-04-16,Madera,039,155013,37310,37362,6026,43388,354
2022-04-16,Marin,041,260295,34106,33829,2527,36356,288
2022-04-16,Mariposa,043,17540,2417,2406,203,2609,30
2022-04-16,Mendocino,045,87422,13146,13107,3035,16142,122
2022-04-16,Merced,047,269075,62729,62295,8793,71088,813
2022-04-16,Modoc,049,8938,739,743,251,994,8
2022-04-16,Mono,051,14174,2986,2977,127,3104,6
2022-04-16,Monterey,053,433212,79684,79311,13767,93078,727
2022-04-16,Napa,055,140530,26029,25929,983,26912,143
2022-04-16,Nevada,057,99092,16041,16014,1204,17218,123
2022-04-16,Orange,059,3164182,549622,548311,41955,590266,6945
2022-04-16,Placer,061,380077,63102,62882,7362,70244,618
2022-04-16,Plumas,063,18699,2984,2929,365,3294,13
2022-04-16,Riverside,065,2383286,593017,591772,27898,619670,6443
2022-04-16,Sacramento,067,1510023,282062,278523,26595,305118,2978
2022-04-16,San Benito,069,59416,13013,12926,518,13444,98
2022-04-16,San Bernardino,071,2135413,576097,564397,24997,589394,6948
2022-04-16,San Diego,073,3302833,755200,756165,53236,809401,5229
2022-04-16,San Francisco,075,870044,127939,126976,8406,135382,854
2022-04-16,San Joaquin,077,732212,167214,166645,9962,176607,2220
2022-04-16,San Luis Obispo,079,281455,52752,52698,3771,56469,476
2022-04-16,San Mateo,081,765935,124126,122652,7077,129729,699
2022-04-16,Santa Barbara,083,443738,86394,86030,4733,90763,684
2022-04-16,Santa Clara,085,1922200,319603,315296,12522,327818,2268
2022-04-16,Santa Cruz,087,273765,48581,47895,2120,50015,261
2022-04-16,Shasta,089,179085,30611,30578,6094,36672,554
2022-04-16,Sierra,091,2930,274,276,48,324,4
2022-04-16,Siskiyou,093,43540,4435,4444,2728,7172,80
2022-04-16,Solano,095,438530,82073,81781,5604,87385,447
2022-04-16,Sonoma,097,501317,84524,84172,2728,86900,485
2022-04-16,Stanislaus,099,539301,117867,117567,17883,135450,1619
2022-04-16,Sutter,101,95872,20530,20621,2087,22708,224
2022-04-16,Tehama,103,63373,12062,12061,2572,14633,199
2022-04-16,Trinity,105,12862,1184,1178,287,1465,20
2022-04-16,Tulare,107,460477,106449,105757,27599,133356,1428
2022-04-16,Tuolumne,109,53932,12724,12640,567,13207,180
2022-04-16,Ventura,111,848112,173930,173665,9453,183118,1474
2022-04-16,Yolo,113,214977,37436,36752,2936,39688,311
2022-04-16,Yuba,115,75493,15865,15857,1200,17057,121
2022-04-15,Alameda,001,1643700,259835,257897,13981,271878,1829
2022-04-15,Alpine,002,1148,124,124,1,125,0
2022-04-15,Amador,005,37829,8544,8491,646,9137,86
2022-04-15,Butte,007,227075,33282,33053,7072,40125,405
2022-04-15,Calaveras,009,45235,7286,7275,350,7625,119
2022-04-15,Colusa,011,21464,3457,3450,1047,4497,21
2022-04-15,Contra Costa,013,1133247,193932,189742,13570,203312,1298
2022-04-15,Del Norte,015,27424,5829,5809,184,5993,50
2022-04-15,El Dorado,017,186661,26831,26796,3202,29998,209
2022-04-15,Fresno,019,978130,235246,231455,24399,255854,2739
2022-04-15,Glenn,021,27897,5005,4991,1607,6598,48
2022-04-15,Humboldt,023,135768,17006,16929,2962,19891,143
2022-04-15,Imperial,025,180216,55438,55371,10543,65914,910
2022-04-15,Inyo,027,18085,4080,4075,490,4565,56
2022-04-15,Kern,029,883053,192112,191866,45826,237692,2258
2022-04-15,Kings,031,150075,51553,51544,3523,55067,445
2022-04-15,Lake,033,64148,10737,10702,887,11589,134
2022-04-15,Lassen,035,31185,8961,8950,876,9826,65
2022-04-15,Los Angeles,037,10098052,2726802,2717479,123790,2841269,31598
2022-04-15,Madera,039,155013,37308,37362,6026,43388,354
2022-04-15,Marin,041,260295,34072,33829,2506,36335,288
2022-04-15,Mariposa,043,17540,2416,2406,203,2609,30
2022-04-15,Mendocino,045,87422,13140,13107,3033,16140,122
2022-04-15,Merced,047,269075,62725,62295,8793,71088,813
2022-04-15,Modoc,049,8938,739,743,251,994,8
2022-04-15,Mono,051,14174,2981,2977,126,3103,6
2022-04-15,Monterey,053,433212,79657,79311,13761,93072,727
2022-04-15,Napa,055,140530,26012,25929,982,26911,143
2022-04-15,Nevada,057,99092,16039,16014,1203,17217,123
2022-04-15,Orange,059,3164182,549501,548311,41923,590234,6945
2022-04-15,Placer,061,380077,63087,62882,7361,70243,618
2022-04-15,Plumas,063,18699,2984,2929,365,3294,13
2022-04-15,Riverside,065,2383286,592916,591772,27892,619664,6443
2022-04-15,Sacramento,067,1510023,281983,278523,26591,305114,2978
2022-04-15,San Benito,069,59416,13011,12926,517,13443,98
2022-04-15,San Bernardino,071,2135413,576016,564397,24994,589391,6948
2022-04-15,San Diego,073,3302833,755007,756165,53217,809382,5229
2022-04-15,San Francisco,075,870044,127790,126976,8390,135366,854
2022-04-15,San Joaquin,077,732212,167191,166645,9960,176605,2220
2022-04-15,San Luis Obispo,079,281455,52744,52698,3771,56469,476
2022-04-15,San Mateo,081,765935,123990,122652,7070,129722,699
2022-04-15,Santa Barbara,083,443738,86361,86030,4732,90762,684
2022-04-15,Santa Clara,085,1922200,319311,315296,12513,327809,2268
2022-04-15,Santa Cruz,087,273765,48553,47895,2119,50014,261
2022-04-15,Shasta,089,179085,30602,30578,6094,36672,554
2022-04-15,Sierra,091,2930,274,276,48,324,4
2022-04-15,Siskiyou,093,43540,4433,4444,2728,7172,80
2022-04-15,Solano,095,438530,82048,81781,5604,87385,447
2022-04-15,Sonoma,097,501317,84471,84172,2712,86884,485
2022-04-15,Stanislaus,099,539301,117847,117567,17881,135448,1619
2022-04-15,Sutter,101,95872,20527,20621,2087,22708,224
2022-04-15,Tehama,103,63373,12062,12061,2572,14633,199
2022-04-15,Trinity,105,12862,1184,1178,287,1465,20
2022-04-15,Tulare,107,460477,106443,105757,27592,133349,1428
2022-04-15,Tuolumne,109,53932,12721,12640,564,13204,180
2022-04-15,Ventura,111,848112,173901,173665,9447,183112,1474
2022-04-15,Yolo,113,214977,37419,36752,2936,39688,311
2022-04-15,Yuba,115,75493,15862,15857,1200,17057,121
2022-04-14,Alameda,001,1643700,259572,257897,13970,271867,1829
2022-04-14,Alpine,002,1148,124,124,1,125,0
2022-04-14,Amador,005,37829,8544,8491,646,9137,86
2022-04-14,Butte,007,227075,33277,33053,7069,40122,405
2022-04-14,Calaveras,009,45235,7285,7275,350,7625,119
2022-04-14,Colusa,011,21464,3457,3450,1047,4497,21
2022-04-14,Contra Costa,013,1133247,193776,189742,13558,203300,1298
2022-04-14,Del Norte,015,27424,5828,5809,184,5993,50
2022-04-14,El Dorado,017,186661,26828,26796,3200,29996,209
2022-04-14,Fresno,019,978130,235219,231455,24398,255853,2739
2022-04-14,Glenn,021,27897,5005,4991,1605,6596,48
2022-04-14,Humboldt,023,135768,16991,16929,2961,19890,143
2022-04-14,Imperial,025,180216,55428,55371,10543,65914,910
2022-04-14,Inyo,027,18085,4080,4075,489,4564,56
2022-04-14,Kern,029,883053,192093,191866,45818,237684,2258
2022-04-14,Kings,031,150075,51545,51544,3523,55067,445
2022-04-14,Lake,033,64148,10736,10702,887,11589,134
2022-04-14,Lassen,035,31185,8961,8950,875,9825,65
2022-04-14,Los Angeles,037,10098052,2725717,2717479,123701,2841180,31598
2022-04-14,Madera,039,155013,37306,37362,6026,43388,354
2022-04-14,Marin,041,260295,34032,33829,2485,36314,288
2022-04-14,Mariposa,043,17540,2415,2406,203,2609,30
2022-04-14,Mendocino,045,87422,13135,13107,3033,16140,122
2022-04-14,Merced,047,269075,62721,62295,8792,71087,813
2022-04-14,Modoc,049,8938,738,743,251,994,8
2022-04-14,Mono,051,14174,2981,2977,125,3102,6
2022-04-14,Monterey,053,433212,79632,79311,13756,93067,727
2022-04-14,Napa,055,140530,25990,25929,981,26910,143
2022-04-14,Nevada,057,99092,16032,16014,1202,17216,123
2022-04-14,Orange,059,3164182,549310,548311,41894,590205,6945
2022-04-14,Placer,061,380077,63069,62882,7356,70238,618
2022-04-14,Plumas,063,18699,2984,2929,365,3294,13
2022-04-14,Riverside,065,2383286,592795,591772,27882,619654,6443
2022-04-14,Sacramento,067,1510023,281864,278523,26577,305100,2978
2022-04-14,San Benito,069,59416,13005,12926,517,13443,98
2022-04-14,San Bernardino,071,2135413,575844,564397,24989,589386,6948
2022-04-14,San Diego,073,3302833,754729,756165,53179,809344,5229
2022-04-14,San Francisco,075,870044,127586,126976,8377,135353,854
2022-04-14,San Joaquin,077,732212,167160,166645,9959,176604,2220
2022-04-14,San Luis Obispo,079,281455,52728,52698,3767,56465,476
2022-04-14,San Mateo,081,765935,123828,122652,7058,129710,699
2022-04-14,Santa Barbara,083,443738,86316,86030,4730,90760,684
2022-04-14,Santa Clara,085,1922200,319009,315296,12504,327800,2268
2022-04-14,Santa Cruz,087,273765,48523,47895,2118,50013,261
2022-04-14,Shasta,089,179085,30600,30578,6093,36671,554
2022-04-14,Sierra,091,2930,274,276,48,324,4
2022-04-14,Siskiyou,093,43540,4433,4444,2727,7171,80
2022-04-14,Solano,095,438530,82008,81781,5598,87379,447
2022-04-14,Sonoma,097,501317,84381,84172,2707,86879,485
2022-04-14,Stanislaus,099,539301,117828,117567,17878,135445,1619
2022-04-14,Sutter,101,95872,20525,20621,2078,22699,224
2022-04-14,Tehama,103,63373,12061,12061,2571,14632,199
2022-04-14,Trinity,105,12862,1184,1178,287,1465,20
2022-04-14,Tulare,107,460477,106429,105757,27588,133345,1428
2022-04-14,Tuolumne,109,53932,12716,12640,563,13203,180
2022-04-14,Ventura,111,848112,173852,173665,9441,183106,1474
2022-04-14,Yolo,113,214977,37392,36752,2933,39685,311
2022-04-14,Yuba,115,75493,15859,15857,1200,17057,121
2022-04-13,Alameda,001,1643700,259321,257440,13949,271389,1833
2022-04-13,Alpine,002,1148,124,124,1,125,0
2022-04-13,Amador,005,37829,8542,8490,646,9136,86
2022-04-13,Butte,007,227075,33269,33044,7069,40113,402
2022-04-13,Calaveras,009,45235,7284,7270,350,7620,119
2022-04-13,Colusa,011,21464,3457,3451,1047,4498,21
2022-04-13,Contra Costa,013,1133247,193642,189471,13544,203015,1298
2022-04-13,Del Norte,015,27424,5826,5812,184,5996,50
2022-04-13,El Dorado,017,186661,26824,26794,3200,29994,208
2022-04-13,Fresno,019,978130,235186,231325,24386,255711,2738
2022-04-13,Glenn,021,27897,5003,4989,1605,6594,48
2022-04-13,Humboldt,023,135768,16977,16922,2960,19882,143
2022-04-13,Imperial,025,180216,55415,55353,10541,65894,910
2022-04-13,Inyo,027,18085,4080,4074,486,4560,56
2022-04-13,Kern,029,883053,192067,191859,45812,237671,2249
2022-04-13,Kings,031,150075,51539,51535,3523,55058,443
2022-04-13,Lake,033,64148,10734,10695,887,11582,134
2022-04-13,Lassen,035,31185,8960,8949,875,9824,65
2022-04-13,Los Angeles,037,10098052,2724459,2715722,123626,2839348,31578
2022-04-13,Madera,039,155013,37303,37361,6026,43387,354
2022-04-13,Marin,041,260295,33993,33747,2456,36203,288
2022-04-13,Mariposa,043,17540,2409,2402,203,2605,29
2022-04-13,Mendocino,045,87422,13126,13101,3031,16132,120
2022-04-13,Merced,047,269075,62711,62276,8791,71067,811
2022-04-13,Modoc,049,8938,738,743,251,994,8
2022-04-13,Mono,051,14174,2979,2971,125,3096,6
2022-04-13,Monterey,053,433212,79619,79179,13749,92928,727
2022-04-13,Napa,055,140530,25973,25892,978,26870,143
2022-04-13,Nevada,057,99092,16026,16002,1202,17204,123
2022-04-13,Orange,059,3164182,549115,547783,41870,589653,6935
2022-04-13,Placer,061,380077,63042,62851,7353,70204,615
2022-04-13,Plumas,063,18699,2983,2923,365,3288,13
2022-04-13,Riverside,065,2383286,592656,591659,27875,619534,6437
2022-04-13,Sacramento,067,1510023,281777,277866,26574,304440,2974
2022-04-13,San Benito,069,59416,12999,12927,517,13444,98
2022-04-13,San Bernardino,071,2135413,575699,563709,24984,588693,6905
2022-04-13,San Diego,073,3302833,754445,755584,53147,808731,5223
2022-04-13,San Francisco,075,870044,127418,126608,8357,134965,850
2022-04-13,San Joaquin,077,732212,167125,166654,9957,176611,2219
2022-04-13,San Luis Obispo,079,281455,52704,52660,3767,56427,476
2022-04-13,San Mateo,081,765935,123673,122167,7037,129204,699
2022-04-13,Santa Barbara,083,443738,86278,85938,4725,90663,684
2022-04-13,Santa Clara,085,1922200,318737,314863,12487,327350,2267
2022-04-13,Santa Cruz,087,273765,48468,47765,2117,49882,260
2022-04-13,Shasta,089,179085,30598,30569,6093,36662,551
2022-04-13,Sierra,091,2930,274,276,48,324,4
2022-04-13,Siskiyou,093,43540,4432,4444,2726,7170,80
2022-04-13,Solano,095,438530,81969,81843,5595,87438,448
2022-04-13,Sonoma,097,501317,84310,84033,2693,86726,485
2022-04-13,Stanislaus,099,539301,117810,117573,17873,135446,1577
2022-04-13,Sutter,101,95872,20521,20610,2078,22688,223
2022-04-13,Tehama,103,63373,12060,12062,2570,14632,200
2022-04-13,Trinity,105,12862,1184,1177,287,1464,20
2022-04-13,Tulare,107,460477,106422,105519,27583,133102,1426
2022-04-13,Tuolumne,109,53932,12710,12639,563,13202,180
2022-04-13,Ventura,111,848112,173795,173558,9435,182993,1474
2022-04-13,Yolo,113,214977,37353,36684,2931,39615,311
2022-04-13,Yuba,115,75493,15855,15851,1200,17051,121
2022-04-12,Alameda,001,1643700,259076,257440,13940,271380,1833
2022-04-12,Alpine,002,1148,124,124,1,125,0
2022-04-12,Amador,005,37829,8541,8490,646,9136,86
2022-04-12,Butte,007,227075,33257,33044,7063,40107,402
2022-04-12,Calaveras,009,45235,7280,7270,349,7619,119
2022-04-12,Colusa,011,21464,3457,3451,1047,4498,21
2022-04-12,Contra Costa,013,1133247,193487,189471,13531,203002,1298
2022-04-12,Del Norte,015,27424,5823,5812,184,5996,50
2022-04-12,El Dorado,017,186661,26813,26794,3200,29994,208
2022-04-12,Fresno,019,978130,235156,231325,24379,255704,2738
2022-04-12,Glenn,021,27897,5003,4989,1605,6594,48
2022-04-12,Humboldt,023,135768,16969,16922,2958,19880,143
2022-04-12,Imperial,025,180216,55411,55353,10532,65885,910
2022-04-12,Inyo,027,18085,4080,4074,486,4560,56
2022-04-12,Kern,029,883053,192047,191859,45803,237662,2249
2022-04-12,Kings,031,150075,51531,51535,3521,55056,443
2022-04-12,Lake,033,64148,10730,10695,886,11581,134
2022-04-12,Lassen,035,31185,8960,8949,875,9824,65
2022-04-12,Los Angeles,037,10098052,2723219,2715722,123524,2839246,31578
2022-04-12,Madera,039,155013,37302,37361,6026,43387,354
2022-04-12,Marin,041,260295,33947,33747,2430,36177,288
2022-04-12,Mariposa,043,17540,2409,2402,203,2605,29
2022-04-12,Mendocino,045,87422,13118,13101,3025,16126,120
2022-04-12,Merced,047,269075,62697,62276,8789,71065,811
2022-04-12,Modoc,049,8938,738,743,250,993,8
2022-04-12,Mono,051,14174,2979,2971,125,3096,6
2022-04-12,Monterey,053,433212,79595,79179,13742,92921,727
2022-04-12,Napa,055,140530,25950,25892,968,26860,143
2022-04-12,Nevada,057,99092,16023,16002,1201,17203,123
2022-04-12,Orange,059,3164182,548864,547783,41835,589618,6935
2022-04-12,Placer,061,380077,63019,62851,7347,70198,615
2022-04-12,Plumas,063,18699,2982,2923,365,3288,13
2022-04-12,Riverside,065,2383286,592510,591659,27855,619514,6437
2022-04-12,Sacramento,067,1510023,281662,277866,26571,304437,2974
2022-04-12,San Benito,069,59416,12994,12927,516,13443,98
2022-04-12,San Bernardino,071,2135413,575526,563709,24981,588690,6905
2022-04-12,San Diego,073,3302833,754113,755584,53105,808689,5223
2022-04-12,San Francisco,075,870044,127205,126608,8343,134951,850
2022-04-12,San Joaquin,077,732212,167095,166654,9955,176609,2219
2022-04-12,San Luis Obispo,079,281455,52670,52660,3761,56421,476
2022-04-12,San Mateo,081,765935,123508,122167,7023,129190,699
2022-04-12,Santa Barbara,083,443738,86232,85938,4721,90659,684
2022-04-12,Santa Clara,085,1922200,318444,314863,12477,327340,2267
2022-04-12,Santa Cruz,087,273765,48388,47765,2114,49879,260
2022-04-12,Shasta,089,179085,30598,30569,6092,36661,551
2022-04-12,Sierra,091,2930,274,276,48,324,4
2022-04-12,Siskiyou,093,43540,4432,4444,2724,7168,80
2022-04-12,Solano,095,438530,81929,81843,5593,87436,448
2022-04-12,Sonoma,097,501317,84251,84033,2687,86720,485
2022-04-12,Stanislaus,099,539301,117790,117573,17869,135442,1577
2022-04-12,Sutter,101,95872,20518,20610,2078,22688,223
2022-04-12,Tehama,103,63373,12058,12062,2570,14632,200
2022-04-12,Trinity,105,12862,1184,1177,287,1464,20
2022-04-12,Tulare,107,460477,106407,105519,27578,133097,1426
2022-04-12,Tuolumne,109,53932,12708,12639,561,13200,180
2022-04-12,Ventura,111,848112,173747,173558,9429,182987,1474
2022-04-12,Yolo,113,214977,37313,36684,2925,39609,311
2022-04-12,Yuba,115,75493,15850,15851,1200,17051,121
2022-04-11,Alameda,001,1643700,258785,256649,13925,270574,1826
2022-04-11,Alpine,002,1148,124,124,1,125,0
2022-04-11,Amador,005,37829,8540,8489,646,9135,86
2022-04-11,Butte,007,227075,33244,33031,7059,40090,399
2022-04-11,Calaveras,009,45235,7277,7260,349,7609,119
2022-04-11,Colusa,011,21464,3455,3449,1047,4496,21
2022-04-11,Contra Costa,013,1133247,193319,189154,13514,202668,1296
2022-04-11,Del Norte,015,27424,5822,5811,184,5995,50
2022-04-11,El Dorado,017,186661,26800,26757,3199,29956,207
2022-04-11,Fresno,019,978130,235134,231090,24378,255468,2731
2022-04-11,Glenn,021,27897,5002,4988,1604,6592,47
2022-04-11,Humboldt,023,135768,16954,16913,2956,19869,141
2022-04-11,Imperial,025,180216,55406,55267,10530,65797,910
2022-04-11,Inyo,027,18085,4080,4071,486,4557,56
2022-04-11,Kern,029,883053,192022,191542,45801,237343,2244
2022-04-11,Kings,031,150075,51527,51519,3521,55040,443
2022-04-11,Lake,033,64148,10729,10690,885,11575,134
2022-04-11,Lassen,035,31185,8960,8948,875,9823,65
2022-04-11,Los Angeles,037,10098052,2721965,2709735,123452,2833187,31509
2022-04-11,Madera,039,155013,37295,37356,6026,43382,354
2022-04-11,Marin,041,260295,33889,33648,2413,36061,288
2022-04-11,Mariposa,043,17540,2408,2394,203,2597,29
2022-04-11,Mendocino,045,87422,13114,13087,3023,16110,120
2022-04-11,Merced,047,269075,62687,62231,8787,71018,811
2022-04-11,Modoc,049,8938,738,743,250,993,8
2022-04-11,Mono,051,14174,2978,2967,124,3091,6
2022-04-11,Monterey,053,433212,79575,79103,13733,92836,727
2022-04-11,Napa,055,140530,25933,25824,966,26790,144
2022-04-11,Nevada,057,99092,16019,15976,1201,17177,123
2022-04-11,Orange,059,3164182,548658,546983,41801,588784,6912
2022-04-11,Placer,061,380077,62997,62831,7346,70177,616
2022-04-11,Plumas,063,18699,2980,2887,365,3252,13
2022-04-11,Riverside,065,2383286,592382,591268,27838,619106,6429
2022-04-11,Sacramento,067,1510023,281563,277125,26567,303692,2972
2022-04-11,San Benito,069,59416,12993,12917,516,13433,98
2022-04-11,San Bernardino,071,2135413,575376,562571,24972,587543,6892
2022-04-11,San Diego,073,3302833,753787,754281,53065,807346,5210
2022-04-11,San Francisco,075,870044,126975,125963,8331,134294,844
2022-04-11,San Joaquin,077,732212,167057,166547,9949,176496,2212
2022-04-11,San Luis Obispo,079,281455,52647,52609,3760,56369,476
2022-04-11,San Mateo,081,765935,123318,121514,7013,128527,698
2022-04-11,Santa Barbara,083,443738,86183,85754,4716,90470,680
2022-04-11,Santa Clara,085,1922200,318099,313965,12462,326427,2266
2022-04-11,Santa Cruz,087,273765,48293,47624,2111,49735,259
2022-04-11,Shasta,089,179085,30593,30586,6091,36677,549
2022-04-11,Sierra,091,2930,274,272,48,320,4
2022-04-11,Siskiyou,093,43540,4432,4444,2722,7166,80
2022-04-11,Solano,095,438530,81901,81886,5592,87478,448
2022-04-11,Sonoma,097,501317,84183,83600,2675,86275,485
2022-04-11,Stanislaus,099,539301,117756,117528,17861,135389,1578
2022-04-11,Sutter,101,95872,20515,20591,2078,22669,223
2022-04-11,Tehama,103,63373,12057,12059,2569,14628,201
2022-04-11,Trinity,105,12862,1184,1177,287,1464,20
2022-04-11,Tulare,107,460477,106396,105278,27570,132848,1415
2022-04-11,Tuolumne,109,53932,12705,12632,561,13193,180
2022-04-11,Ventura,111,848112,173688,173343,9428,182771,1467
2022-04-11,Yolo,113,214977,37276,36587,2923,39510,312
2022-04-11,Yuba,115,75493,15847,15848,1199,17047,121
2022-04-10,Alameda,001,1643700,258450,256649,13914,270563,1826
2022-04-10,Alpine,002,1148,124,124,1,125,0
2022-04-10,Amador,005,37829,8538,8489,646,9135,86
2022-04-10,Butte,007,227075,33240,33031,7055,40086,399
2022-04-10,Calaveras,009,45235,7274,7260,349,7609,119
2022-04-10,Colusa,011,21464,3454,3449,1047,4496,21
2022-04-10,Contra Costa,013,1133247,193159,189154,13494,202648,1296
2022-04-10,Del Norte,015,27424,5819,5811,184,5995,50
2022-04-10,El Dorado,017,186661,26792,26757,3197,29954,207
2022-04-10,Fresno,019,978130,235096,231090,24376,255466,2731
2022-04-10,Glenn,021,27897,5002,4988,1604,6592,47
2022-04-10,Humboldt,023,135768,16944,16913,2954,19867,141
2022-04-10,Imperial,025,180216,55402,55267,10528,65795,910
2022-04-10,Inyo,027,18085,4080,4071,484,4555,56
2022-04-10,Kern,029,883053,192004,191542,45796,237338,2244
2022-04-10,Kings,031,150075,51525,51519,3521,55040,443
2022-04-10,Lake,033,64148,10725,10690,883,11573,134
2022-04-10,Lassen,035,31185,8959,8948,875,9823,65
2022-04-10,Los Angeles,037,10098052,2720643,2709735,123364,2833099,31509
2022-04-10,Madera,039,155013,37290,37356,6025,43381,354
2022-04-10,Marin,041,260295,33849,33648,2384,36032,288
2022-04-10,Mariposa,043,17540,2406,2394,203,2597,29
2022-04-10,Mendocino,045,87422,13106,13087,3022,16109,120
2022-04-10,Merced,047,269075,62676,62231,8785,71016,811
2022-04-10,Modoc,049,8938,738,743,250,993,8
2022-04-10,Mono,051,14174,2975,2967,124,3091,6
2022-04-10,Monterey,053,433212,79559,79103,13723,92826,727
2022-04-10,Napa,055,140530,25911,25824,964,26788,144
2022-04-10,Nevada,057,99092,16002,15976,1201,17177,123
2022-04-10,Orange,059,3164182,548408,546983,41762,588745,6912
2022-04-10,Placer,061,380077,62963,62831,7345,70176,616
2022-04-10,Plumas,063,18699,2977,2887,365,3252,13
2022-04-10,Riverside,065,2383286,592232,591268,27825,619093,6429
2022-04-10,Sacramento,067,1510023,281464,277125,26557,303682,2972
2022-04-10,San Benito,069,59416,12989,12917,516,13433,98
2022-04-10,San Bernardino,071,2135413,575143,562571,24963,587534,6892
2022-04-10,San Diego,073,3302833,753459,754281,53017,807298,5210
2022-04-10,San Francisco,075,870044,126734,125963,8316,134279,844
2022-04-10,San Joaquin,077,732212,167011,166547,9941,176488,2212
2022-04-10,San Luis Obispo,079,281455,52612,52609,3758,56367,476
2022-04-10,San Mateo,081,765935,123149,121514,7000,128514,698
2022-04-10,Santa Barbara,083,443738,86099,85754,4706,90460,680
2022-04-10,Santa Clara,085,1922200,317769,313965,12448,326413,2266
2022-04-10,Santa Cruz,087,273765,48204,47624,2110,49734,259
2022-04-10,Shasta,089,179085,30586,30586,6091,36677,549
2022-04-10,Sierra,091,2930,274,272,48,320,4
2022-04-10,Siskiyou,093,43540,4432,4444,2721,7165,80
2022-04-10,Solano,095,438530,81854,81886,5587,87473,448
2022-04-10,Sonoma,097,501317,84082,83600,2668,86268,485
2022-04-10,Stanislaus,099,539301,117733,117528,17854,135382,1578
2022-04-10,Sutter,101,95872,20511,20591,2074,22665,223
2022-04-10,Tehama,103,63373,12055,12059,2569,14628,201
2022-04-10,Trinity,105,12862,1184,1177,287,1464,20
2022-04-10,Tulare,107,460477,106381,105278,27563,132841,1415
2022-04-10,Tuolumne,109,53932,12698,12632,561,13193,180
2022-04-10,Ventura,111,848112,173609,173343,9423,182766,1467
2022-04-10,Yolo,113,214977,37246,36587,2918,39505,312
2022-04-10,Yuba,115,75493,15846,15848,1199,17047,121
2022-04-09,Alameda,001,1643700,258277,256649,13909,270558,1826
2022-04-09,Alpine,002,1148,124,124,1,125,0
2022-04-09,Amador,005,37829,8538,8489,645,9134,86
2022-04-09,Butte,007,227075,33237,33031,7055,40086,399
2022-04-09,Calaveras,009,45235,7273,7260,349,7609,119
2022-04-09,Colusa,011,21464,3453,3449,1047,4496,21
2022-04-09,Contra Costa,013,1133247,193062,189154,13487,202641,1296
2022-04-09,Del Norte,015,27424,5818,5811,184,5995,50
2022-04-09,El Dorado,017,186661,26785,26757,3197,29954,207
2022-04-09,Fresno,019,978130,235075,231090,24376,255466,2731
2022-04-09,Glenn,021,27897,5002,4988,1604,6592,47
2022-04-09,Humboldt,023,135768,16937,16913,2954,19867,141
2022-04-09,Imperial,025,180216,55397,55267,10528,65795,910
2022-04-09,Inyo,027,18085,4080,4071,484,4555,56
2022-04-09,Kern,029,883053,191995,191542,45791,237333,2244
2022-04-09,Kings,031,150075,51519,51519,3521,55040,443
2022-04-09,Lake,033,64148,10723,10690,883,11573,134
2022-04-09,Lassen,035,31185,8959,8948,875,9823,65
2022-04-09,Los Angeles,037,10098052,2719959,2709735,123291,2833026,31509
2022-04-09,Madera,039,155013,37287,37356,6025,43381,354
2022-04-09,Marin,041,260295,33811,33648,2348,35996,288
2022-04-09,Mariposa,043,17540,2406,2394,203,2597,29
2022-04-09,Mendocino,045,87422,13104,13087,3022,16109,120
2022-04-09,Merced,047,269075,62664,62231,8783,71014,811
2022-04-09,Modoc,049,8938,738,743,250,993,8
2022-04-09,Mono,051,14174,2974,2967,123,3090,6
2022-04-09,Monterey,053,433212,79550,79103,13719,92822,727
2022-04-09,Napa,055,140530,25886,25824,964,26788,144
2022-04-09,Nevada,057,99092,15999,15976,1201,17177,123
2022-04-09,Orange,059,3164182,548287,546983,41740,588723,6912
2022-04-09,Placer,061,380077,62948,62831,7343,70174,616
2022-04-09,Plumas,063,18699,2977,2887,365,3252,13
2022-04-09,Riverside,065,2383286,592142,591268,27815,619083,6429
2022-04-09,Sacramento,067,1510023,281417,277125,26555,303680,2972
2022-04-09,San Benito,069,59416,12988,12917,515,13432,98
2022-04-09,San Bernardino,071,2135413,575076,562571,24960,587531,6892
2022-04-09,San Diego,073,3302833,753311,754281,53003,807284,5210
2022-04-09,San Francisco,075,870044,126609,125963,8308,134271,844
2022-04-09,San Joaquin,077,732212,166995,166547,9938,176485,2212
2022-04-09,San Luis Obispo,079,281455,52612,52609,3755,56364,476
2022-04-09,San Mateo,081,765935,123055,121514,6997,128511,698
2022-04-09,Santa Barbara,083,443738,86066,85754,4706,90460,680
2022-04-09,Santa Clara,085,1922200,317573,313965,12445,326410,2266
2022-04-09,Santa Cruz,087,273765,48171,47624,2108,49732,259
2022-04-09,Shasta,089,179085,30584,30586,6091,36677,549
2022-04-09,Sierra,091,2930,274,272,48,320,4
2022-04-09,Siskiyou,093,43540,4431,4444,2720,7164,80
2022-04-09,Solano,095,438530,81836,81886,5585,87471,448
2022-04-09,Sonoma,097,501317,84043,83600,2664,86264,485
2022-04-09,Stanislaus,099,539301,117720,117528,17852,135380,1578
2022-04-09,Sutter,101,95872,20511,20591,2074,22665,223
2022-04-09,Tehama,103,63373,12055,12059,2569,14628,201
2022-04-09,Trinity,105,12862,1184,1177,287,1464,20
2022-04-09,Tulare,107,460477,106378,105278,27561,132839,1415
2022-04-09,Tuolumne,109,53932,12696,12632,561,13193,180
2022-04-09,Ventura,111,848112,173572,173343,9420,182763,1467
2022-04-09,Yolo,113,214977,37227,36587,2918,39505,312
2022-04-09,Yuba,115,75493,15845,15848,1199,17047,121
2022-04-08,Alameda,001,1643700,258116,256649,13903,270552,1826
2022-04-08,Alpine,002,1148,124,124,1,125,0
2022-04-08,Amador,005,37829,8536,8489,644,9133,86
2022-04-08,Butte,007,227075,33231,33031,7052,40083,399
2022-04-08,Calaveras,009,45235,7271,7260,349,7609,119
2022-04-08,Colusa,011,21464,3453,3449,1047,4496,21
2022-04-08,Contra Costa,013,1133247,192984,189154,13474,202628,1296
2022-04-08,Del Norte,015,27424,5816,5811,184,5995,50
2022-04-08,El Dorado,017,186661,26783,26757,3197,29954,207
2022-04-08,Fresno,019,978130,235055,231090,24374,255464,2731
2022-04-08,Glenn,021,27897,5002,4988,1604,6592,47
2022-04-08,Humboldt,023,135768,16933,16913,2952,19865,141
2022-04-08,Imperial,025,180216,55393,55267,10528,65795,910
2022-04-08,Inyo,027,18085,4078,4071,483,4554,56
2022-04-08,Kern,029,883053,191976,191542,45790,237332,2244
2022-04-08,Kings,031,150075,51514,51519,3521,55040,443
2022-04-08,Lake,033,64148,10723,10690,883,11573,134
2022-04-08,Lassen,035,31185,8959,8948,875,9823,65
2022-04-08,Los Angeles,037,10098052,2719333,2709735,123233,2832968,31509
2022-04-08,Madera,039,155013,37285,37356,6024,43380,354
2022-04-08,Marin,041,260295,33789,33648,2334,35982,288
2022-04-08,Mariposa,043,17540,2406,2394,202,2596,29
2022-04-08,Mendocino,045,87422,13102,13087,3022,16109,120
2022-04-08,Merced,047,269075,62659,62231,8780,71011,811
2022-04-08,Modoc,049,8938,738,743,250,993,8
2022-04-08,Mono,051,14174,2972,2967,123,3090,6
2022-04-08,Monterey,053,433212,79540,79103,13718,92821,727
2022-04-08,Napa,055,140530,25874,25824,956,26780,144
2022-04-08,Nevada,057,99092,15996,15976,1201,17177,123
2022-04-08,Orange,059,3164182,548166,546983,41726,588709,6912
2022-04-08,Placer,061,380077,62930,62831,7341,70172,616
2022-04-08,Plumas,063,18699,2974,2887,365,3252,13
2022-04-08,Riverside,065,2383286,592066,591268,27812,619080,6429
2022-04-08,Sacramento,067,1510023,281370,277125,26554,303679,2972
2022-04-08,San Benito,069,59416,12988,12917,515,13432,98
2022-04-08,San Bernardino,071,2135413,575023,562571,24957,587528,6892
2022-04-08,San Diego,073,3302833,753143,754281,52992,807273,5210
2022-04-08,San Francisco,075,870044,126512,125963,8303,134266,844
2022-04-08,San Joaquin,077,732212,166977,166547,9936,176483,2212
2022-04-08,San Luis Obispo,079,281455,52607,52609,3755,56364,476
2022-04-08,San Mateo,081,765935,122948,121514,6993,128507,698
2022-04-08,Santa Barbara,083,443738,86045,85754,4706,90460,680
2022-04-08,Santa Clara,085,1922200,317387,313965,12438,326403,2266
2022-04-08,Santa Cruz,087,273765,48154,47624,2105,49729,259
2022-04-08,Shasta,089,179085,30581,30586,6091,36677,549
2022-04-08,Sierra,091,2930,274,272,48,320,4
2022-04-08,Siskiyou,093,43540,4431,4444,2720,7164,80
2022-04-08,Solano,095,438530,81816,81886,5584,87470,448
2022-04-08,Sonoma,097,501317,83992,83600,2660,86260,485
2022-04-08,Stanislaus,099,539301,117705,117528,17850,135378,1578
2022-04-08,Sutter,101,95872,20511,20591,2074,22665,223
2022-04-08,Tehama,103,63373,12055,12059,2569,14628,201
2022-04-08,Trinity,105,12862,1184,1177,287,1464,20
2022-04-08,Tulare,107,460477,106373,105278,27557,132835,1415
2022-04-08,Tuolumne,109,53932,12695,12632,560,13192,180
2022-04-08,Ventura,111,848112,173543,173343,9418,182761,1467
2022-04-08,Yolo,113,214977,37218,36587,2917,39504,312
2022-04-08,Yuba,115,75493,15844,15848,1199,17047,121
2022-04-07,Alameda,001,1643700,257920,256649,13895,270544,1826
2022-04-07,Alpine,002,1148,124,124,1,125,0
2022-04-07,Amador,005,37829,8535,8489,641,9130,86
2022-04-07,Butte,007,227075,33227,33031,7050,40081,399
2022-04-07,Calaveras,009,45235,7269,7260,349,7609,119
2022-04-07,Colusa,011,21464,3452,3449,1047,4496,21
2022-04-07,Contra Costa,013,1133247,192865,189154,13462,202616,1296
2022-04-07,Del Norte,015,27424,5815,5811,184,5995,50
2022-04-07,El Dorado,017,186661,26771,26757,3195,29952,207
2022-04-07,Fresno,019,978130,235029,231090,24373,255463,2731
2022-04-07,Glenn,021,27897,5001,4988,1603,6591,47
2022-04-07,Humboldt,023,135768,16926,16913,2950,19863,141
2022-04-07,Imperial,025,180216,55391,55267,10526,65793,910
2022-04-07,Inyo,027,18085,4078,4071,483,4554,56
2022-04-07,Kern,029,883053,191952,191542,45787,237329,2244
2022-04-07,Kings,031,150075,51506,51519,3521,55040,443
2022-04-07,Lake,033,64148,10719,10690,883,11573,134
2022-04-07,Lassen,035,31185,8959,8948,875,9823,65
2022-04-07,Los Angeles,037,10098052,2718425,2709735,123158,2832893,31509
2022-04-07,Madera,039,155013,37281,37356,6024,43380,354
2022-04-07,Marin,041,260295,33769,33648,2315,35963,288
2022-04-07,Mariposa,043,17540,2403,2394,201,2595,29
2022-04-07,Mendocino,045,87422,13098,13087,3021,16108,120
2022-04-07,Merced,047,269075,62649,62231,8775,71006,811
2022-04-07,Modoc,049,8938,738,743,250,993,8
2022-04-07,Mono,051,14174,2971,2967,123,3090,6
2022-04-07,Monterey,053,433212,79518,79103,13714,92817,727
2022-04-07,Napa,055,140530,25858,25824,952,26776,144
2022-04-07,Nevada,057,99092,15988,15976,1200,17176,123
2022-04-07,Orange,059,3164182,548010,546983,41696,588679,6912
2022-04-07,Placer,061,380077,62913,62831,7338,70169,616
2022-04-07,Plumas,063,18699,2974,2887,365,3252,13
2022-04-07,Riverside,065,2383286,591964,591268,27798,619066,6429
2022-04-07,Sacramento,067,1510023,281305,277125,26547,303672,2972
2022-04-07,San Benito,069,59416,12987,12917,515,13432,98
2022-04-07,San Bernardino,071,2135413,574862,562571,24944,587515,6892
2022-04-07,San Diego,073,3302833,752875,754281,52960,807241,5210
2022-04-07,San Francisco,075,870044,126355,125963,8288,134251,844
2022-04-07,San Joaquin,077,732212,166936,166547,9933,176480,2212
2022-04-07,San Luis Obispo,079,281455,52589,52609,3753,56362,476
2022-04-07,San Mateo,081,765935,122825,121514,6977,128491,698
2022-04-07,Santa Barbara,083,443738,86001,85754,4704,90458,680
2022-04-07,Santa Clara,085,1922200,317164,313965,12426,326391,2266
2022-04-07,Santa Cruz,087,273765,48135,47624,2101,49725,259
2022-04-07,Shasta,089,179085,30579,30586,6091,36677,549
2022-04-07,Sierra,091,2930,274,272,48,320,4
2022-04-07,Siskiyou,093,43540,4431,4444,2719,7163,80
2022-04-07,Solano,095,438530,81786,81886,5584,87470,448
2022-04-07,Sonoma,097,501317,83949,83600,2654,86254,485
2022-04-07,Stanislaus,099,539301,117683,117528,17847,135375,1578
2022-04-07,Sutter,101,95872,20507,20591,2073,22664,223
2022-04-07,Tehama,103,63373,12054,12059,2569,14628,201
2022-04-07,Trinity,105,12862,1184,1177,287,1464,20
2022-04-07,Tulare,107,460477,106366,105278,27556,132834,1415
2022-04-07,Tuolumne,109,53932,12693,12632,559,13191,180
2022-04-07,Ventura,111,848112,173514,173343,9416,182759,1467
2022-04-07,Yolo,113,214977,37200,36587,2917,39504,312
2022-04-07,Yuba,115,75493,15842,15848,1199,17047,121
2022-04-06,Alameda,001,1643700,257734,256143,13887,270030,1814
2022-04-06,Alpine,002,1148,124,124,1,125,0
2022-04-06,Amador,005,37829,8534,8488,641,9129,86
2022-04-06,Butte,007,227075,33222,32997,7048,40045,396
2022-04-06,Calaveras,009,45235,7267,7258,349,7607,120
2022-04-06,Colusa,011,21464,3452,3447,1047,4494,21
2022-04-06,Contra Costa,013,1133247,192799,188850,13446,202296,1296
2022-04-06,Del Norte,015,27424,5815,5809,184,5993,50
2022-04-06,El Dorado,017,186661,26768,26744,3195,29939,205
2022-04-06,Fresno,019,978130,234994,230942,24369,255311,2725
2022-04-06,Glenn,021,27897,5001,4986,1602,6588,47
2022-04-06,Humboldt,023,135768,16922,16904,2949,19853,140
2022-04-06,Imperial,025,180216,55385,55294,10526,65820,908
2022-04-06,Inyo,027,18085,4077,4068,481,4549,56
2022-04-06,Kern,029,883053,191930,191449,45785,237234,2234
2022-04-06,Kings,031,150075,51505,51491,3520,55011,443
2022-04-06,Lake,033,64148,10715,10679,883,11562,136
2022-04-06,Lassen,035,31185,8959,8945,875,9820,65
2022-04-06,Los Angeles,037,10098052,2717381,2707306,123088,2830394,31465
2022-04-06,Madera,039,155013,37277,37349,6024,43373,354
2022-04-06,Marin,041,260295,33747,33566,2307,35873,288
2022-04-06,Mariposa,043,17540,2402,2392,201,2593,29
2022-04-06,Mendocino,045,87422,13094,13074,3020,16094,119
2022-04-06,Merced,047,269075,62641,62195,8771,70966,810
2022-04-06,Modoc,049,8938,738,741,250,991,8
2022-04-06,Mono,051,14174,2970,2967,123,3090,6
2022-04-06,Monterey,053,433212,79505,79019,13706,92725,727
2022-04-06,Napa,055,140530,25839,25790,948,26738,143
2022-04-06,Nevada,057,99092,15986,15974,1200,17174,123
2022-04-06,Orange,059,3164182,547842,546491,41673,588164,6887
2022-04-06,Placer,061,380077,62907,62787,7337,70124,615
2022-04-06,Plumas,063,18699,2974,2850,365,3215,13
2022-04-06,Riverside,065,2383286,591867,590826,27793,618619,6424
2022-04-06,Sacramento,067,1510023,281227,276567,26543,303110,2953
2022-04-06,San Benito,069,59416,12986,12908,515,13423,98
2022-04-06,San Bernardino,071,2135413,574730,561648,24942,586590,6883
2022-04-06,San Diego,073,3302833,752581,753402,52921,806323,5192
2022-04-06,San Francisco,075,870044,126196,125536,8282,133818,843
2022-04-06,San Joaquin,077,732212,166903,166415,9930,176345,2207
2022-04-06,San Luis Obispo,079,281455,52567,52557,3751,56308,475
2022-04-06,San Mateo,081,765935,122716,121041,6966,128007,693
2022-04-06,Santa Barbara,083,443738,85961,85630,4700,90330,679
2022-04-06,Santa Clara,085,1922200,316966,313278,12406,325684,2265
2022-04-06,Santa Cruz,087,273765,48081,47446,2096,49542,259
2022-04-06,Shasta,089,179085,30578,30565,6091,36656,529
2022-04-06,Sierra,091,2930,274,272,47,319,4
2022-04-06,Siskiyou,093,43540,4431,4442,2719,7161,80
2022-04-06,Solano,095,438530,81751,81789,5579,87368,447
2022-04-06,Sonoma,097,501317,83885,83361,2649,86010,485
2022-04-06,Stanislaus,099,539301,117667,117534,17841,135375,1578
2022-04-06,Sutter,101,95872,20502,20581,2073,22654,222
2022-04-06,Tehama,103,63373,12052,12049,2569,14618,198
2022-04-06,Trinity,105,12862,1184,1173,287,1460,20
2022-04-06,Tulare,107,460477,106359,104826,27551,132377,1414
2022-04-06,Tuolumne,109,53932,12691,12621,559,13180,180
2022-04-06,Ventura,111,848112,173461,173179,9410,182589,1460
2022-04-06,Yolo,113,214977,37175,36393,2916,39309,314
2022-04-06,Yuba,115,75493,15837,15839,1199,17038,121
2022-04-05,Alameda,001,1643700,257522,256143,13877,270020,1814
2022-04-05,Alpine,002,1148,124,124,1,125,0
2022-04-05,Amador,005,37829,8532,8488,641,9129,86
2022-04-05,Butte,007,227075,33217,32997,7045,40042,396
2022-04-05,Calaveras,009,45235,7263,7258,349,7607,120
2022-04-05,Colusa,011,21464,3450,3447,1046,4493,21
2022-04-05,Contra Costa,013,1133247,192706,188850,13439,202289,1296
2022-04-05,Del Norte,015,27424,5813,5809,184,5993,50
2022-04-05,El Dorado,017,186661,26757,26744,3195,29939,205
2022-04-05,Fresno,019,978130,234958,230942,24361,255303,2725
2022-04-05,Glenn,021,27897,5001,4986,1601,6587,47
2022-04-05,Humboldt,023,135768,16916,16904,2949,19853,140
2022-04-05,Imperial,025,180216,55383,55294,10526,65820,908
2022-04-05,Inyo,027,18085,4076,4068,480,4548,56
2022-04-05,Kern,029,883053,191910,191449,45782,237231,2234
2022-04-05,Kings,031,150075,51502,51491,3520,55011,443
2022-04-05,Lake,033,64148,10712,10679,883,11562,136
2022-04-05,Lassen,035,31185,8959,8945,874,9819,65
2022-04-05,Los Angeles,037,10098052,2716327,2707306,123014,2830320,31465
2022-04-05,Madera,039,155013,37270,37349,6022,43371,354
2022-04-05,Marin,041,260295,33692,33566,2292,35858,288
2022-04-05,Mariposa,043,17540,2402,2392,201,2593,29
2022-04-05,Mendocino,045,87422,13088,13074,3019,16093,119
2022-04-05,Merced,047,269075,62629,62195,8766,70961,810
2022-04-05,Modoc,049,8938,738,741,250,991,8
2022-04-05,Mono,051,14174,2969,2967,123,3090,6
2022-04-05,Monterey,053,433212,79482,79019,13695,92714,727
2022-04-05,Napa,055,140530,25830,25790,943,26733,143
2022-04-05,Nevada,057,99092,15978,15974,1200,17174,123
2022-04-05,Orange,059,3164182,547660,546491,41644,588135,6887
2022-04-05,Placer,061,380077,62881,62787,7337,70124,615
2022-04-05,Plumas,063,18699,2974,2850,365,3215,13
2022-04-05,Riverside,065,2383286,591746,590826,27781,618607,6424
2022-04-05,Sacramento,067,1510023,281147,276567,26538,303105,2953
2022-04-05,San Benito,069,59416,12979,12908,515,13423,98
2022-04-05,San Bernardino,071,2135413,574599,561648,24932,586580,6883
2022-04-05,San Diego,073,3302833,752273,753402,52877,806279,5192
2022-04-05,San Francisco,075,870044,125993,125536,8274,133810,843
2022-04-05,San Joaquin,077,732212,166861,166415,9928,176343,2207
2022-04-05,San Luis Obispo,079,281455,52550,52557,3746,56303,475
2022-04-05,San Mateo,081,765935,122598,121041,6956,127997,693
2022-04-05,Santa Barbara,083,443738,85925,85630,4699,90329,679
2022-04-05,Santa Clara,085,1922200,316706,313278,12393,325671,2265
2022-04-05,Santa Cruz,087,273765,48014,47446,2093,49539,259
2022-04-05,Shasta,089,179085,30578,30565,6089,36654,529
2022-04-05,Sierra,091,2930,274,272,47,319,4
2022-04-05,Siskiyou,093,43540,4431,4442,2719,7161,80
2022-04-05,Solano,095,438530,81698,81789,5576,87365,447
2022-04-05,Sonoma,097,501317,83821,83361,2640,86001,485
2022-04-05,Stanislaus,099,539301,117653,117534,17832,135366,1578
2022-04-05,Sutter,101,95872,20498,20581,2072,22653,222
2022-04-05,Tehama,103,63373,12050,12049,2568,14617,198
2022-04-05,Trinity,105,12862,1184,1173,287,1460,20
2022-04-05,Tulare,107,460477,106349,104826,27548,132374,1414
2022-04-05,Tuolumne,109,53932,12690,12621,559,13180,180
2022-04-05,Ventura,111,848112,173405,173179,9403,182582,1460
2022-04-05,Yolo,113,214977,37160,36393,2913,39306,314
2022-04-05,Yuba,115,75493,15835,15839,1199,17038,121
2022-04-04,Alameda,001,1643700,257291,256143,13862,270005,1814
2022-04-04,Alpine,002,1148,124,124,1,125,0
2022-04-04,Amador,005,37829,8531,8488,640,9128,86
2022-04-04,Butte,007,227075,33211,32997,7042,40039,396
2022-04-04,Calaveras,009,45235,7263,7258,349,7607,120
2022-04-04,Colusa,011,21464,3449,3447,1046,4493,21
2022-04-04,Contra Costa,013,1133247,192606,188850,13431,202281,1296
2022-04-04,Del Norte,015,27424,5813,5809,184,5993,50
2022-04-04,El Dorado,017,186661,26753,26744,3195,29939,205
2022-04-04,Fresno,019,978130,234940,230942,24356,255298,2725
2022-04-04,Glenn,021,27897,5000,4986,1601,6587,47
2022-04-04,Humboldt,023,135768,16908,16904,2944,19848,140
2022-04-04,Imperial,025,180216,55378,55294,10526,65820,908
2022-04-04,Inyo,027,18085,4076,4068,478,4546,56
2022-04-04,Kern,029,883053,191887,191449,45777,237226,2234
2022-04-04,Kings,031,150075,51496,51491,3520,55011,443
2022-04-04,Lake,033,64148,10707,10679,883,11562,136
2022-04-04,Lassen,035,31185,8959,8945,874,9819,65
2022-04-04,Los Angeles,037,10098052,2715233,2707306,122970,2830276,31465
2022-04-04,Madera,039,155013,37266,37349,6022,43371,354
2022-04-04,Marin,041,260295,33675,33566,2284,35850,288
2022-04-04,Mariposa,043,17540,2401,2392,201,2593,29
2022-04-04,Mendocino,045,87422,13082,13074,3017,16091,119
2022-04-04,Merced,047,269075,62618,62195,8761,70956,810
2022-04-04,Modoc,049,8938,738,741,250,991,8
2022-04-04,Mono,051,14174,2969,2967,123,3090,6
2022-04-04,Monterey,053,433212,79466,79019,13689,92708,727
2022-04-04,Napa,055,140530,25813,25790,942,26732,143
2022-04-04,Nevada,057,99092,15974,15974,1199,17173,123
2022-04-04,Orange,059,3164182,547495,546491,41618,588109,6887
2022-04-04,Placer,061,380077,62871,62787,7336,70123,615
2022-04-04,Plumas,063,18699,2973,2850,365,3215,13
2022-04-04,Riverside,065,2383286,591654,590826,27769,618595,6424
2022-04-04,Sacramento,067,1510023,281055,276567,26530,303097,2953
2022-04-04,San Benito,069,59416,12976,12908,515,13423,98
2022-04-04,San Bernardino,071,2135413,574462,561648,24925,586573,6883
2022-04-04,San Diego,073,3302833,751954,753402,52840,806242,5192
2022-04-04,San Francisco,075,870044,125793,125536,8265,133801,843
2022-04-04,San Joaquin,077,732212,166835,166415,9925,176340,2207
2022-04-04,San Luis Obispo,079,281455,52527,52557,3744,56301,475
2022-04-04,San Mateo,081,765935,122460,121041,6944,127985,693
2022-04-04,Santa Barbara,083,443738,85880,85630,4698,90328,679
2022-04-04,Santa Clara,085,1922200,316437,313278,12381,325659,2265
2022-04-04,Santa Cruz,087,273765,47967,47446,2093,49539,259
2022-04-04,Shasta,089,179085,30575,30565,6088,36653,529
2022-04-04,Sierra,091,2930,274,272,47,319,4
2022-04-04,Siskiyou,093,43540,4431,4442,2719,7161,80
2022-04-04,Solano,095,438530,81652,81789,5573,87362,447
2022-04-04,Sonoma,097,501317,83767,83361,2633,85994,485
2022-04-04,Stanislaus,099,539301,117632,117534,17825,135359,1578
2022-04-04,Sutter,101,95872,20495,20581,2072,22653,222
2022-04-04,Tehama,103,63373,12048,12049,2568,14617,198
2022-04-04,Trinity,105,12862,1184,1173,287,1460,20
2022-04-04,Tulare,107,460477,106340,104826,27545,132371,1414
2022-04-04,Tuolumne,109,53932,12683,12621,559,13180,180
2022-04-04,Ventura,111,848112,173365,173179,9400,182579,1460
2022-04-04,Yolo,113,214977,37146,36393,2911,39304,314
2022-04-04,Yuba,115,75493,15832,15839,1199,17038,121
2022-04-03,Alameda,001,1643700,257037,255650,13860,269510,1813
2022-04-03,Alpine,002,1148,124,124,1,125,0
2022-04-03,Amador,005,37829,8530,8485,640,9125,86
2022-04-03,Butte,007,227075,33204,32981,7040,40021,396
2022-04-03,Calaveras,009,45235,7263,7254,349,7603,119
2022-04-03,Colusa,011,21464,3449,3445,1046,4491,21
2022-04-03,Contra Costa,013,1133247,192500,188658,13421,202079,1291
2022-04-03,Del Norte,015,27424,5813,5812,184,5996,50
2022-04-03,El Dorado,017,186661,26738,26732,3192,29924,200
2022-04-03,Fresno,019,978130,234908,230559,24353,254912,2722
2022-04-03,Glenn,021,27897,5000,4982,1601,6583,47
2022-04-03,Humboldt,023,135768,16902,16898,2944,19842,140
2022-04-03,Imperial,025,180216,55376,55266,10523,65789,908
2022-04-03,Inyo,027,18085,4074,4063,478,4541,56
2022-04-03,Kern,029,883053,191862,191384,45772,237156,2224
2022-04-03,Kings,031,150075,51490,51470,3518,54988,443
2022-04-03,Lake,033,64148,10705,10674,883,11557,136
2022-04-03,Lassen,035,31185,8958,8943,874,9817,65
2022-04-03,Los Angeles,037,10098052,2714043,2703576,122885,2826461,31410
2022-04-03,Madera,039,155013,37264,37333,6021,43354,354
2022-04-03,Marin,041,260295,33640,33493,2276,35769,287
2022-04-03,Mariposa,043,17540,2400,2391,201,2592,29
2022-04-03,Mendocino,045,87422,13076,13058,3016,16074,119
2022-04-03,Merced,047,269075,62603,62149,8755,70904,808
2022-04-03,Modoc,049,8938,737,741,250,991,8
2022-04-03,Mono,051,14174,2969,2967,123,3090,6
2022-04-03,Monterey,053,433212,79449,78964,13664,92628,726
2022-04-03,Napa,055,140530,25794,25757,941,26698,143
2022-04-03,Nevada,057,99092,15968,15962,1198,17160,123
2022-04-03,Orange,059,3164182,547296,546047,41593,587640,6880
2022-04-03,Placer,061,380077,62845,62740,7331,70071,614
2022-04-03,Plumas,063,18699,2972,2803,365,3168,14
2022-04-03,Riverside,065,2383286,591497,590563,27754,618317,6418
2022-04-03,Sacramento,067,1510023,280980,276218,26517,302735,2950
2022-04-03,San Benito,069,59416,12972,12901,515,13416,98
2022-04-03,San Bernardino,071,2135413,574317,561362,24922,586284,6865
2022-04-03,San Diego,073,3302833,751624,752281,52803,805084,5178
2022-04-03,San Francisco,075,870044,125562,125075,8259,133334,843
2022-04-03,San Joaquin,077,732212,166777,166336,9920,176256,2202
2022-04-03,San Luis Obispo,079,281455,52508,52512,3744,56256,475
2022-04-03,San Mateo,081,765935,122320,120717,6937,127654,693
2022-04-03,Santa Barbara,083,443738,85835,85611,4696,90307,678
2022-04-03,Santa Clara,085,1922200,316137,312517,12372,324889,2258
2022-04-03,Santa Cruz,087,273765,47912,47371,2091,49462,259
2022-04-03,Shasta,089,179085,30565,30556,6087,36643,530
2022-04-03,Sierra,091,2930,274,273,47,320,4
2022-04-03,Siskiyou,093,43540,4431,4439,2719,7158,80
2022-04-03,Solano,095,438530,81610,81848,5567,87415,446
2022-04-03,Sonoma,097,501317,83688,83235,2625,85860,485
2022-04-03,Stanislaus,099,539301,117601,117536,17819,135355,1581
2022-04-03,Sutter,101,95872,20492,20570,2072,22642,222
2022-04-03,Tehama,103,63373,12046,12046,2568,14614,198
2022-04-03,Trinity,105,12862,1184,1173,287,1460,20
2022-04-03,Tulare,107,460477,106333,104736,27537,132273,1410
2022-04-03,Tuolumne,109,53932,12682,12618,559,13177,180
2022-04-03,Ventura,111,848112,173312,173044,9396,182440,1460
2022-04-03,Yolo,113,214977,37125,36347,2909,39256,313
2022-04-03,Yuba,115,75493,15830,15835,1199,17034,120
2022-04-02,Alameda,001,1643700,256935,255650,13860,269510,1813
2022-04-02,Alpine,002,1148,124,124,1,125,0
2022-04-02,Amador,005,37829,8530,8485,640,9125,86
2022-04-02,Butte,007,227075,33200,32981,7039,40020,396
2022-04-02,Calaveras,009,45235,7263,7254,349,7603,119
2022-04-02,Colusa,011,21464,3449,3445,1046,4491,21
2022-04-02,Contra Costa,013,1133247,192441,188658,13418,202076,1291
2022-04-02,Del Norte,015,27424,5812,5812,184,5996,50
2022-04-02,El Dorado,017,186661,26735,26732,3192,29924,200
2022-04-02,Fresno,019,978130,234879,230559,24353,254912,2722
2022-04-02,Glenn,021,27897,5000,4982,1601,6583,47
2022-04-02,Humboldt,023,135768,16898,16898,2944,19842,140
2022-04-02,Imperial,025,180216,55373,55266,10523,65789,908
2022-04-02,Inyo,027,18085,4074,4063,478,4541,56
2022-04-02,Kern,029,883053,191847,191384,45768,237152,2224
2022-04-02,Kings,031,150075,51487,51470,3518,54988,443
2022-04-02,Lake,033,64148,10704,10674,883,11557,136
2022-04-02,Lassen,035,31185,8958,8943,874,9817,65
2022-04-02,Los Angeles,037,10098052,2713523,2703576,122845,2826421,31410
2022-04-02,Madera,039,155013,37261,37333,6021,43354,354
2022-04-02,Marin,041,260295,33617,33493,2268,35761,287
2022-04-02,Mariposa,043,17540,2399,2391,201,2592,29
2022-04-02,Mendocino,045,87422,13074,13058,3016,16074,119
2022-04-02,Merced,047,269075,62600,62149,8755,70904,808
2022-04-02,Modoc,049,8938,737,741,250,991,8
2022-04-02,Mono,051,14174,2969,2967,122,3089,6
2022-04-02,Monterey,053,433212,79436,78964,13658,92622,726
2022-04-02,Napa,055,140530,25780,25757,940,26697,143
2022-04-02,Nevada,057,99092,15964,15962,1197,17159,123
2022-04-02,Orange,059,3164182,547191,546047,41581,587628,6880
2022-04-02,Placer,061,380077,62834,62740,7329,70069,614
2022-04-02,Plumas,063,18699,2972,2803,365,3168,14
2022-04-02,Riverside,065,2383286,591423,590563,27749,618312,6418
2022-04-02,Sacramento,067,1510023,280940,276218,26516,302734,2950
2022-04-02,San Benito,069,59416,12971,12901,515,13416,98
2022-04-02,San Bernardino,071,2135413,574265,561362,24919,586281,6865
2022-04-02,San Diego,073,3302833,751500,752281,52793,805074,5178
2022-04-02,San Francisco,075,870044,125456,125075,8251,133326,843
2022-04-02,San Joaquin,077,732212,166755,166336,9918,176254,2202
2022-04-02,San Luis Obispo,079,281455,52503,52512,3744,56256,475
2022-04-02,San Mateo,081,765935,122223,120717,6930,127647,693
2022-04-02,Santa Barbara,083,443738,85816,85611,4695,90306,678
2022-04-02,Santa Clara,085,1922200,315973,312517,12368,324885,2258
2022-04-02,Santa Cruz,087,273765,47900,47371,2090,49461,259
2022-04-02,Shasta,089,179085,30564,30556,6087,36643,530
2022-04-02,Sierra,091,2930,274,273,47,320,4
2022-04-02,Siskiyou,093,43540,4431,4439,2718,7157,80
2022-04-02,Solano,095,438530,81595,81848,5566,87414,446
2022-04-02,Sonoma,097,501317,83640,83235,2619,85854,485
2022-04-02,Stanislaus,099,539301,117592,117536,17817,135353,1581
2022-04-02,Sutter,101,95872,20487,20570,2072,22642,222
2022-04-02,Tehama,103,63373,12046,12046,2568,14614,198
2022-04-02,Trinity,105,12862,1184,1173,287,1460,20
2022-04-02,Tulare,107,460477,106329,104736,27537,132273,1410
2022-04-02,Tuolumne,109,53932,12680,12618,559,13177,180
2022-04-02,Ventura,111,848112,173271,173044,9396,182440,1460
2022-04-02,Yolo,113,214977,37113,36347,2906,39253,313
2022-04-02,Yuba,115,75493,15829,15835,1199,17034,120
2022-04-01,Alameda,001,1643700,256820,255650,13855,269505,1813
2022-04-01,Alpine,002,1148,124,124,1,125,0
2022-04-01,Amador,005,37829,8530,8485,640,9125,86
2022-04-01,Butte,007,227075,33196,32981,7036,40017,396
2022-04-01,Calaveras,009,45235,7261,7254,349,7603,119
2022-04-01,Colusa,011,21464,3448,3445,1046,4491,21
2022-04-01,Contra Costa,013,1133247,192388,188658,13417,202075,1291
2022-04-01,Del Norte,015,27424,5810,5812,184,5996,50
2022-04-01,El Dorado,017,186661,26732,26732,3191,29923,200
2022-04-01,Fresno,019,978130,234854,230559,24351,254910,2722
2022-04-01,Glenn,021,27897,5000,4982,1601,6583,47
2022-04-01,Humboldt,023,135768,16896,16898,2944,19842,140
2022-04-01,Imperial,025,180216,55371,55266,10523,65789,908
2022-04-01,Inyo,027,18085,4072,4063,477,4540,56
2022-04-01,Kern,029,883053,191836,191384,45765,237149,2224
2022-04-01,Kings,031,150075,51484,51470,3518,54988,443
2022-04-01,Lake,033,64148,10701,10674,883,11557,136
2022-04-01,Lassen,035,31185,8957,8943,874,9817,65
2022-04-01,Los Angeles,037,10098052,2713029,2703576,122802,2826378,31410
2022-04-01,Madera,039,155013,37260,37333,6021,43354,354
2022-04-01,Marin,041,260295,33599,33493,2261,35754,287
2022-04-01,Mariposa,043,17540,2396,2391,201,2592,29
2022-04-01,Mendocino,045,87422,13071,13058,3015,16073,119
2022-04-01,Merced,047,269075,62593,62149,8754,70903,808
2022-04-01,Modoc,049,8938,737,741,250,991,8
2022-04-01,Mono,051,14174,2969,2967,122,3089,6
2022-04-01,Monterey,053,433212,79418,78964,13655,92619,726
2022-04-01,Napa,055,140530,25770,25757,940,26697,143
2022-04-01,Nevada,057,99092,15964,15962,1196,17158,123
2022-04-01,Orange,059,3164182,547083,546047,41573,587620,6880
2022-04-01,Placer,061,380077,62820,62740,7329,70069,614
2022-04-01,Plumas,063,18699,2972,2803,364,3167,14
2022-04-01,Riverside,065,2383286,591357,590563,27736,618299,6418
2022-04-01,Sacramento,067,1510023,280902,276218,26509,302727,2950
2022-04-01,San Benito,069,59416,12970,12901,515,13416,98
2022-04-01,San Bernardino,071,2135413,574209,561362,24915,586277,6865
2022-04-01,San Diego,073,3302833,751354,752281,52777,805058,5178
2022-04-01,San Francisco,075,870044,125346,125075,8245,133320,843
2022-04-01,San Joaquin,077,732212,166735,166336,9915,176251,2202
2022-04-01,San Luis Obispo,079,281455,52497,52512,3743,56255,475
2022-04-01,San Mateo,081,765935,122159,120717,6926,127643,693
2022-04-01,Santa Barbara,083,443738,85796,85611,4695,90306,678
2022-04-01,Santa Clara,085,1922200,315823,312517,12367,324884,2258
2022-04-01,Santa Cruz,087,273765,47885,47371,2088,49459,259
2022-04-01,Shasta,089,179085,30563,30556,6087,36643,530
2022-04-01,Sierra,091,2930,274,273,47,320,4
2022-04-01,Siskiyou,093,43540,4431,4439,2717,7156,80
2022-04-01,Solano,095,438530,81579,81848,5566,87414,446
2022-04-01,Sonoma,097,501317,83596,83235,2618,85853,485
2022-04-01,Stanislaus,099,539301,117580,117536,17814,135350,1581
2022-04-01,Sutter,101,95872,20487,20570,2072,22642,222
2022-04-01,Tehama,103,63373,12046,12046,2568,14614,198
2022-04-01,Trinity,105,12862,1184,1173,287,1460,20
2022-04-01,Tulare,107,460477,106324,104736,27533,132269,1410
2022-04-01,Tuolumne,109,53932,12679,12618,559,13177,180
2022-04-01,Ventura,111,848112,173240,173044,9392,182436,1460
2022-04-01,Yolo,113,214977,37099,36347,2905,39252,313
2022-04-01,Yuba,115,75493,15828,15835,1199,17034,120
2022-03-31,Alameda,001,1643700,256646,255650,13842,269492,1813
2022-03-31,Alpine,002,1148,124,124,1,125,0
2022-03-31,Amador,005,37829,8530,8485,640,9125,86
2022-03-31,Butte,007,227075,33192,32981,7033,40014,396
2022-03-31,Calaveras,009,45235,7258,7254,349,7603,119
2022-03-31,Colusa,011,21464,3447,3445,1046,4491,21
2022-03-31,Contra Costa,013,1133247,192291,188658,13411,202069,1291
2022-03-31,Del Norte,015,27424,5809,5812,184,5996,50
2022-03-31,El Dorado,017,186661,26724,26732,3191,29923,200
2022-03-31,Fresno,019,978130,234819,230559,24330,254889,2722
2022-03-31,Glenn,021,27897,4999,4982,1601,6583,47
2022-03-31,Humboldt,023,135768,16892,16898,2944,19842,140
2022-03-31,Imperial,025,180216,55368,55266,10522,65788,908
2022-03-31,Inyo,027,18085,4071,4063,474,4537,56
2022-03-31,Kern,029,883053,191821,191384,45756,237140,2224
2022-03-31,Kings,031,150075,51475,51470,3518,54988,443
2022-03-31,Lake,033,64148,10700,10674,882,11556,136
2022-03-31,Lassen,035,31185,8955,8943,874,9817,65
2022-03-31,Los Angeles,037,10098052,2712287,2703576,122745,2826321,31410
2022-03-31,Madera,039,155013,37257,37333,6021,43354,354
2022-03-31,Marin,041,260295,33573,33493,2249,35742,287
2022-03-31,Mariposa,043,17540,2395,2391,200,2591,29
2022-03-31,Mendocino,045,87422,13067,13058,3015,16073,119
2022-03-31,Merced,047,269075,62588,62149,8751,70900,808
2022-03-31,Modoc,049,8938,737,741,250,991,8
2022-03-31,Mono,051,14174,2969,2967,122,3089,6
2022-03-31,Monterey,053,433212,79401,78964,13644,92608,726
2022-03-31,Napa,055,140530,25763,25757,938,26695,143
2022-03-31,Nevada,057,99092,15957,15962,1195,17157,123
2022-03-31,Orange,059,3164182,546935,546047,41559,587606,6880
2022-03-31,Placer,061,380077,62795,62740,7326,70066,614
2022-03-31,Plumas,063,18699,2972,2803,363,3166,14
2022-03-31,Riverside,065,2383286,591247,590563,27733,618296,6418
2022-03-31,Sacramento,067,1510023,280828,276218,26501,302719,2950
2022-03-31,San Benito,069,59416,12969,12901,515,13416,98
2022-03-31,San Bernardino,071,2135413,574112,561362,24904,586266,6865
2022-03-31,San Diego,073,3302833,751118,752281,52749,805030,5178
2022-03-31,San Francisco,075,870044,125189,125075,8233,133308,843
2022-03-31,San Joaquin,077,732212,166701,166336,9900,176236,2202
2022-03-31,San Luis Obispo,079,281455,52483,52512,3742,56254,475
2022-03-31,San Mateo,081,765935,122048,120717,6925,127642,693
2022-03-31,Santa Barbara,083,443738,85766,85611,4695,90306,678
2022-03-31,Santa Clara,085,1922200,315595,312517,12356,324873,2258
2022-03-31,Santa Cruz,087,273765,47866,47371,2086,49457,259
2022-03-31,Shasta,089,179085,30557,30556,6087,36643,530
2022-03-31,Sierra,091,2930,271,273,47,320,4
2022-03-31,Siskiyou,093,43540,4430,4439,2717,7156,80
2022-03-31,Solano,095,438530,81550,81848,5563,87411,446
2022-03-31,Sonoma,097,501317,83553,83235,2612,85847,485
2022-03-31,Stanislaus,099,539301,117563,117536,17809,135345,1581
2022-03-31,Sutter,101,95872,20484,20570,2071,22641,222
2022-03-31,Tehama,103,63373,12045,12046,2567,14613,198
2022-03-31,Trinity,105,12862,1184,1173,287,1460,20
2022-03-31,Tulare,107,460477,106314,104736,27525,132261,1410
2022-03-31,Tuolumne,109,53932,12678,12618,559,13177,180
2022-03-31,Ventura,111,848112,173200,173044,9389,182433,1460
2022-03-31,Yolo,113,214977,37083,36347,2905,39252,313
2022-03-31,Yuba,115,75493,15828,15835,1196,17031,120
2022-03-30,Alameda,001,1643700,256515,255467,13833,269300,1812
2022-03-30,Alpine,002,1148,124,124,1,125,0
2022-03-30,Amador,005,37829,8530,8485,640,9125,86
2022-03-30,Butte,007,227075,33187,32968,7027,39995,396
2022-03-30,Calaveras,009,45235,7256,7253,348,7601,119
2022-03-30,Colusa,011,21464,3447,3445,1046,4491,21
2022-03-30,Contra Costa,013,1133247,192230,188496,13400,201896,1291
2022-03-30,Del Norte,015,27424,5807,5808,184,5992,50
2022-03-30,El Dorado,017,186661,26715,26722,3191,29913,200
2022-03-30,Fresno,019,978130,234808,230448,24324,254772,2720
2022-03-30,Glenn,021,27897,4998,4982,1601,6583,47
2022-03-30,Humboldt,023,135768,16889,16894,2944,19838,140
2022-03-30,Imperial,025,180216,55364,55252,10519,65771,908
2022-03-30,Inyo,027,18085,4070,4062,472,4534,56
2022-03-30,Kern,029,883053,191793,191363,45751,237114,2219
2022-03-30,Kings,031,150075,51469,51446,3517,54963,443
2022-03-30,Lake,033,64148,10699,10674,882,11556,136
2022-03-30,Lassen,035,31185,8955,8943,874,9817,65
2022-03-30,Los Angeles,037,10098052,2711471,2702536,122691,2825227,31384
2022-03-30,Madera,039,155013,37251,37330,6020,43350,354
2022-03-30,Marin,041,260295,33553,33453,2230,35683,287
2022-03-30,Mariposa,043,17540,2395,2390,200,2590,27
2022-03-30,Mendocino,045,87422,13063,13055,3012,16067,118
2022-03-30,Merced,047,269075,62583,62136,8746,70882,808
2022-03-30,Modoc,049,8938,737,739,250,989,8
2022-03-30,Mono,051,14174,2968,2967,122,3089,6
2022-03-30,Monterey,053,433212,79384,78911,13637,92548,726
2022-03-30,Napa,055,140530,25751,25745,937,26682,141
2022-03-30,Nevada,057,99092,15954,15960,1193,17153,123
2022-03-30,Orange,059,3164182,546784,545895,41537,587432,6876
2022-03-30,Placer,061,380077,62780,62705,7322,70027,614
2022-03-30,Plumas,063,18699,2972,2762,361,3123,13
2022-03-30,Riverside,065,2383286,591164,590437,27720,618157,6411
2022-03-30,Sacramento,067,1510023,280760,276081,26494,302575,2949
2022-03-30,San Benito,069,59416,12965,12898,515,13413,98
2022-03-30,San Bernardino,071,2135413,574029,561153,24900,586053,6863
2022-03-30,San Diego,073,3302833,750887,751684,52722,804406,5169
2022-03-30,San Francisco,075,870044,125083,124930,8224,133154,841
2022-03-30,San Joaquin,077,732212,166672,166299,9894,176193,2201
2022-03-30,San Luis Obispo,079,281455,52469,52484,3738,56222,475
2022-03-30,San Mateo,081,765935,121947,120548,6925,127473,693
2022-03-30,Santa Barbara,083,443738,85744,85488,4692,90180,677
2022-03-30,Santa Clara,085,1922200,315413,312253,12336,324589,2258
2022-03-30,Santa Cruz,087,273765,47810,47340,2085,49425,259
2022-03-30,Shasta,089,179085,30554,30555,6087,36642,530
2022-03-30,Sierra,091,2930,271,273,47,320,4
2022-03-30,Siskiyou,093,43540,4430,4439,2717,7156,80
2022-03-30,Solano,095,438530,81531,81816,5559,87375,443
2022-03-30,Sonoma,097,501317,83516,83163,2611,85774,485
2022-03-30,Stanislaus,099,539301,117550,117593,17806,135399,1559
2022-03-30,Sutter,101,95872,20479,20565,2071,22636,222
2022-03-30,Tehama,103,63373,12044,12045,2566,14611,198
2022-03-30,Trinity,105,12862,1183,1173,287,1460,20
2022-03-30,Tulare,107,460477,106308,104667,27518,132185,1410
2022-03-30,Tuolumne,109,53932,12676,12616,559,13175,180
2022-03-30,Ventura,111,848112,173159,172984,9381,182365,1460
2022-03-30,Yolo,113,214977,37073,36325,2902,39227,313
2022-03-30,Yuba,115,75493,15826,15830,1196,17026,120
2022-03-29,Alameda,001,1643700,256390,255261,13823,269084,1810
2022-03-29,Alpine,002,1148,124,124,1,125,0
2022-03-29,Amador,005,37829,8530,8483,640,9123,86
2022-03-29,Butte,007,227075,33184,32954,7027,39981,396
2022-03-29,Calaveras,009,45235,7255,7250,347,7597,119
2022-03-29,Colusa,011,21464,3447,3445,1046,4491,21
2022-03-29,Contra Costa,013,1133247,192142,188359,13392,201751,1290
2022-03-29,Del Norte,015,27424,5807,5806,183,5989,50
2022-03-29,El Dorado,017,186661,26710,26706,3191,29897,200
2022-03-29,Fresno,019,978130,234780,230256,24320,254576,2718
2022-03-29,Glenn,021,27897,4998,4983,1601,6584,47
2022-03-29,Humboldt,023,135768,16886,16892,2941,19833,140
2022-03-29,Imperial,025,180216,55350,55233,10518,65751,908
2022-03-29,Inyo,027,18085,4068,4062,471,4533,56
2022-03-29,Kern,029,883053,191761,191338,45744,237082,2220
2022-03-29,Kings,031,150075,51462,51416,3516,54932,443
2022-03-29,Lake,033,64148,10695,10674,882,11556,136
2022-03-29,Lassen,035,31185,8954,8943,874,9817,65
2022-03-29,Los Angeles,037,10098052,2710642,2702005,122645,2824650,31378
2022-03-29,Madera,039,155013,37243,37325,6017,43342,354
2022-03-29,Marin,041,260295,33533,33431,2225,35656,287
2022-03-29,Mariposa,043,17540,2395,2388,200,2588,23
2022-03-29,Mendocino,045,87422,13059,13053,3011,16064,119
2022-03-29,Merced,047,269075,62570,62123,8745,70868,806
2022-03-29,Modoc,049,8938,735,737,250,987,8
2022-03-29,Mono,051,14174,2968,2966,122,3088,5
2022-03-29,Monterey,053,433212,79371,78774,13629,92403,725
2022-03-29,Napa,055,140530,25744,25732,937,26669,141
2022-03-29,Nevada,057,99092,15946,15956,1193,17149,123
2022-03-29,Orange,059,3164182,546636,545832,41521,587353,6871
2022-03-29,Placer,061,380077,62762,62687,7317,70004,614
2022-03-29,Plumas,063,18699,2970,2761,361,3122,13
2022-03-29,Riverside,065,2383286,591062,590359,27712,618071,6403
2022-03-29,Sacramento,067,1510023,280694,276040,26482,302522,2946
2022-03-29,San Benito,069,59416,12963,12892,515,13407,97
2022-03-29,San Bernardino,071,2135413,573933,561026,24892,585918,6860
2022-03-29,San Diego,073,3302833,750645,751240,52699,803939,5159
2022-03-29,San Francisco,075,870044,124932,124789,8218,133007,840
2022-03-29,San Joaquin,077,732212,166636,166241,9886,176127,2198
2022-03-29,San Luis Obispo,079,281455,52453,52455,3734,56189,472
2022-03-29,San Mateo,081,765935,121852,120435,6923,127358,686
2022-03-29,Santa Barbara,083,443738,85720,85464,4692,90156,676
2022-03-29,Santa Clara,085,1922200,315174,312067,12319,324386,2259
2022-03-29,Santa Cruz,087,273765,47790,47323,2084,49407,259
2022-03-29,Shasta,089,179085,30547,30552,6085,36637,529
2022-03-29,Sierra,091,2930,271,273,47,320,4
2022-03-29,Siskiyou,093,43540,4430,4439,2716,7155,80
2022-03-29,Solano,095,438530,81507,81713,5556,87269,441
2022-03-29,Sonoma,097,501317,83483,83130,2605,85735,485
2022-03-29,Stanislaus,099,539301,117531,117683,17800,135483,1559
2022-03-29,Sutter,101,95872,20477,20556,2070,22626,221
2022-03-29,Tehama,103,63373,12042,12045,2566,14611,198
2022-03-29,Trinity,105,12862,1183,1173,287,1460,20
2022-03-29,Tulare,107,460477,106304,104622,27513,132135,1406
2022-03-29,Tuolumne,109,53932,12673,12615,559,13174,180
2022-03-29,Ventura,111,848112,173103,172946,9380,182326,1460
2022-03-29,Yolo,113,214977,37060,36296,2901,39197,313
2022-03-29,Yuba,115,75493,15822,15824,1195,17019,117
2022-03-28,Alameda,001,1643700,256237,255192,13813,269005,1808
2022-03-28,Alpine,002,1148,124,124,1,125,0
2022-03-28,Amador,005,37829,8529,8480,640,9120,86
2022-03-28,Butte,007,227075,33167,32947,7027,39974,392
2022-03-28,Calaveras,009,45235,7255,7247,347,7594,119
2022-03-28,Colusa,011,21464,3447,3445,1046,4491,21
2022-03-28,Contra Costa,013,1133247,192062,188305,13387,201692,1290
2022-03-28,Del Norte,015,27424,5805,5834,183,6017,50
2022-03-28,El Dorado,017,186661,26703,26703,3189,29892,200
2022-03-28,Fresno,019,978130,234752,230144,24303,254447,2717
2022-03-28,Glenn,021,27897,4997,4983,1601,6584,47
2022-03-28,Humboldt,023,135768,16885,16916,2941,19857,140
2022-03-28,Imperial,025,180216,55339,55245,10518,65763,909
2022-03-28,Inyo,027,18085,4067,4062,471,4533,56
2022-03-28,Kern,029,883053,191735,191333,45735,237068,2212
2022-03-28,Kings,031,150075,51449,51405,3516,54921,443
2022-03-28,Lake,033,64148,10693,10673,882,11555,136
2022-03-28,Lassen,035,31185,8954,8946,874,9820,63
2022-03-28,Los Angeles,037,10098052,2709773,2700997,122606,2823603,31349
2022-03-28,Madera,039,155013,37239,37324,6017,43341,354
2022-03-28,Marin,041,260295,33508,33391,2220,35611,287
2022-03-28,Mariposa,043,17540,2394,2388,200,2588,23
2022-03-28,Mendocino,045,87422,13057,13046,3010,16056,118
2022-03-28,Merced,047,269075,62560,62116,8738,70854,805
2022-03-28,Modoc,049,8938,734,736,250,986,7
2022-03-28,Mono,051,14174,2968,2966,122,3088,5
2022-03-28,Monterey,053,433212,79338,78784,13625,92409,724
2022-03-28,Napa,055,140530,25738,25723,936,26659,140
2022-03-28,Nevada,057,99092,15944,15969,1193,17162,123
2022-03-28,Orange,059,3164182,546506,545700,41495,587195,6860
2022-03-28,Placer,061,380077,62742,62687,7316,70003,613
2022-03-28,Plumas,063,18699,2969,2760,361,3121,13
2022-03-28,Riverside,065,2383286,590962,590298,27704,618002,6397
2022-03-28,Sacramento,067,1510023,280625,275889,26470,302359,2946
2022-03-28,San Benito,069,59416,12963,12889,515,13404,97
2022-03-28,San Bernardino,071,2135413,573851,560836,24881,585717,6858
2022-03-28,San Diego,073,3302833,750406,750659,52665,803324,5155
2022-03-28,San Francisco,075,870044,124791,124678,8208,132886,839
2022-03-28,San Joaquin,077,732212,166604,166247,9884,176131,2196
2022-03-28,San Luis Obispo,079,281455,52428,52434,3731,56165,470
2022-03-28,San Mateo,081,765935,121736,120337,6918,127255,686
2022-03-28,Santa Barbara,083,443738,85692,85442,4690,90132,675
2022-03-28,Santa Clara,085,1922200,314945,311953,12310,324263,2257
2022-03-28,Santa Cruz,087,273765,47757,47324,2084,49408,259
2022-03-28,Shasta,089,179085,30546,30550,6084,36634,527
2022-03-28,Sierra,091,2930,271,273,47,320,4
2022-03-28,Siskiyou,093,43540,4429,4438,2716,7154,80
2022-03-28,Solano,095,438530,81479,81704,5551,87255,441
2022-03-28,Sonoma,097,501317,83437,83105,2600,85705,485
2022-03-28,Stanislaus,099,539301,117519,117783,17795,135578,1562
2022-03-28,Sutter,101,95872,20471,20549,2070,22619,221
2022-03-28,Tehama,103,63373,12042,12041,2566,14607,200
2022-03-28,Trinity,105,12862,1183,1173,287,1460,20
2022-03-28,Tulare,107,460477,106292,104576,27507,132083,1404
2022-03-28,Tuolumne,109,53932,12673,12627,559,13186,180
2022-03-28,Ventura,111,848112,173065,172867,9379,182246,1455
2022-03-28,Yolo,113,214977,37042,36282,2899,39181,312
2022-03-28,Yuba,115,75493,15821,15821,1193,17014,117
2022-03-27,Alameda,001,1643700,256050,255132,13804,268936,1809
2022-03-27,Alpine,002,1148,124,124,1,125,0
2022-03-27,Amador,005,37829,8526,8480,640,9120,86
2022-03-27,Butte,007,227075,33154,32943,7021,39964,392
2022-03-27,Calaveras,009,45235,7253,7245,347,7592,119
2022-03-27,Colusa,011,21464,3447,3445,1046,4491,21
2022-03-27,Contra Costa,013,1133247,191948,188251,13370,201621,1290
2022-03-27,Del Norte,015,27424,5804,5836,183,6019,50
2022-03-27,El Dorado,017,186661,26689,26699,3186,29885,200
2022-03-27,Fresno,019,978130,234705,230049,24285,254334,2717
2022-03-27,Glenn,021,27897,4995,4983,1601,6584,47
2022-03-27,Humboldt,023,135768,16881,16920,2941,19861,140
2022-03-27,Imperial,025,180216,55326,55240,10517,65757,909
2022-03-27,Inyo,027,18085,4066,4062,469,4531,56
2022-03-27,Kern,029,883053,191697,191332,45729,237061,2213
2022-03-27,Kings,031,150075,51440,51400,3516,54916,443
2022-03-27,Lake,033,64148,10692,10672,881,11553,136
2022-03-27,Lassen,035,31185,8954,8946,874,9820,63
2022-03-27,Los Angeles,037,10098052,2708957,2700983,122559,2823542,31348
2022-03-27,Madera,039,155013,37235,37323,6015,43338,354
2022-03-27,Marin,041,260295,33471,33391,2210,35601,287
2022-03-27,Mariposa,043,17540,2394,2390,200,2590,23
2022-03-27,Mendocino,045,87422,13053,13046,3008,16054,118
2022-03-27,Merced,047,269075,62550,62110,8737,70847,805
2022-03-27,Modoc,049,8938,733,736,248,984,7
2022-03-27,Mono,051,14174,2968,2966,122,3088,5
2022-03-27,Monterey,053,433212,79317,78778,13613,92391,724
2022-03-27,Napa,055,140530,25722,25723,936,26659,140
2022-03-27,Nevada,057,99092,15940,15967,1191,17158,123
2022-03-27,Orange,059,3164182,546372,545644,41460,587104,6860
2022-03-27,Placer,061,380077,62726,62680,7315,69995,613
2022-03-27,Plumas,063,18699,2968,2760,359,3119,13
2022-03-27,Riverside,065,2383286,590876,590251,27693,617944,6395
2022-03-27,Sacramento,067,1510023,280544,275854,26463,302317,2941
2022-03-27,San Benito,069,59416,12958,12889,514,13403,97
2022-03-27,San Bernardino,071,2135413,573734,560853,24879,585732,6862
2022-03-27,San Diego,073,3302833,750150,750659,52641,803300,5155
2022-03-27,San Francisco,075,870044,124606,124619,8197,132816,839
2022-03-27,San Joaquin,077,732212,166569,166238,9880,176118,2196
2022-03-27,San Luis Obispo,079,281455,52407,52430,3729,56159,470
2022-03-27,San Mateo,081,765935,121631,120324,6913,127237,686
2022-03-27,Santa Barbara,083,443738,85656,85434,4688,90122,675
2022-03-27,Santa Clara,085,1922200,314734,311822,12303,324125,2257
2022-03-27,Santa Cruz,087,273765,47724,47321,2082,49403,259
2022-03-27,Shasta,089,179085,30541,30550,6082,36632,527
2022-03-27,Sierra,091,2930,271,273,47,320,4
2022-03-27,Siskiyou,093,43540,4429,4436,2715,7151,80
2022-03-27,Solano,095,438530,81437,81691,5548,87239,441
2022-03-27,Sonoma,097,501317,83384,83088,2596,85684,485
2022-03-27,Stanislaus,099,539301,117499,117778,17792,135570,1562
2022-03-27,Sutter,101,95872,20465,20545,2070,22615,221
2022-03-27,Tehama,103,63373,12042,12040,2566,14606,200
2022-03-27,Trinity,105,12862,1183,1173,287,1460,20
2022-03-27,Tulare,107,460477,106283,104582,27498,132080,1404
2022-03-27,Tuolumne,109,53932,12672,12628,559,13187,180
2022-03-27,Ventura,111,848112,173020,172831,9377,182208,1455
2022-03-27,Yolo,113,214977,37021,36232,2896,39128,312
2022-03-27,Yuba,115,75493,15818,15821,1186,17007,117
2022-03-26,Alameda,001,1643700,255969,254691,13803,268494,1803
2022-03-26,Alpine,002,1148,124,124,1,125,0
2022-03-26,Amador,005,37829,8526,8476,640,9116,86
2022-03-26,Butte,007,227075,33150,32929,7019,39948,391
2022-03-26,Calaveras,009,45235,7251,7240,347,7587,120
2022-03-26,Colusa,011,21464,3445,3445,1046,4491,21
2022-03-26,Contra Costa,013,1133247,191895,187990,13367,201357,1285
2022-03-26,Del Norte,015,27424,5802,5831,183,6014,50
2022-03-26,El Dorado,017,186661,26681,26674,3184,29858,200
2022-03-26,Fresno,019,978130,234682,229799,24284,254083,2710
2022-03-26,Glenn,021,27897,4994,4978,1601,6579,47
2022-03-26,Humboldt,023,135768,16877,16911,2941,19852,139
2022-03-26,Imperial,025,180216,55320,55230,10516,65746,913
2022-03-26,Inyo,027,18085,4066,4060,468,4528,56
2022-03-26,Kern,029,883053,191684,191288,45725,237013,2201
2022-03-26,Kings,031,150075,51439,51397,3516,54913,444
2022-03-26,Lake,033,64148,10692,10659,881,11540,136
2022-03-26,Lassen,035,31185,8954,8944,874,9818,63
2022-03-26,Los Angeles,037,10098052,2708501,2698028,122518,2820546,31291
2022-03-26,Madera,039,155013,37232,37321,6013,43334,354
2022-03-26,Marin,041,260295,33460,33317,2206,35523,287
2022-03-26,Mariposa,043,17540,2394,2386,200,2586,23
2022-03-26,Mendocino,045,87422,13049,13038,3008,16046,118
2022-03-26,Merced,047,269075,62543,62083,8735,70818,805
2022-03-26,Modoc,049,8938,733,736,248,984,7
2022-03-26,Mono,051,14174,2968,2966,122,3088,5
2022-03-26,Monterey,053,433212,79310,78688,13611,92299,724
2022-03-26,Napa,055,140530,25718,25701,936,26637,139
2022-03-26,Nevada,057,99092,15936,15960,1191,17151,123
2022-03-26,Orange,059,3164182,546296,545294,41449,586743,6853
2022-03-26,Placer,061,380077,62713,62634,7311,69945,613
2022-03-26,Plumas,063,18699,2968,2758,358,3116,13
2022-03-26,Riverside,065,2383286,590807,590060,27692,617752,6397
2022-03-26,Sacramento,067,1510023,280510,275529,26461,301990,2935
2022-03-26,San Benito,069,59416,12958,12885,514,13399,97
2022-03-26,San Bernardino,071,2135413,573674,560742,24875,585617,6840
2022-03-26,San Diego,073,3302833,750026,750170,52634,802804,5146
2022-03-26,San Francisco,075,870044,124499,124265,8191,132456,839
2022-03-26,San Joaquin,077,732212,166547,166079,9879,175958,2195
2022-03-26,San Luis Obispo,079,281455,52401,52369,3729,56098,469
2022-03-26,San Mateo,081,765935,121572,120165,6905,127070,684
2022-03-26,Santa Barbara,083,443738,85636,85477,4686,90163,674
2022-03-26,Santa Clara,085,1922200,314576,311189,12296,323485,2250
2022-03-26,Santa Cruz,087,273765,47713,47329,2082,49411,259
2022-03-26,Shasta,089,179085,30540,30542,6081,36623,527
2022-03-26,Sierra,091,2930,271,273,47,320,4
2022-03-26,Siskiyou,093,43540,4428,4433,2715,7148,80
2022-03-26,Solano,095,438530,81428,81659,5548,87207,441
2022-03-26,Sonoma,097,501317,83354,83113,2591,85704,485
2022-03-26,Stanislaus,099,539301,117492,117962,17791,135753,1565
2022-03-26,Sutter,101,95872,20463,20536,2070,22606,221
2022-03-26,Tehama,103,63373,12042,12036,2565,14601,195
2022-03-26,Trinity,105,12862,1183,1174,287,1461,20
2022-03-26,Tulare,107,460477,106275,104538,27497,132035,1400
2022-03-26,Tuolumne,109,53932,12670,12628,559,13187,180
2022-03-26,Ventura,111,848112,172978,172690,9373,182063,1455
2022-03-26,Yolo,113,214977,37012,36234,2896,39130,311
2022-03-26,Yuba,115,75493,15817,15807,1186,16993,117
2022-03-25,Alameda,001,1643700,255906,254691,13800,268491,1803
2022-03-25,Alpine,002,1148,124,124,1,125,0
2022-03-25,Amador,005,37829,8525,8476,640,9116,86
2022-03-25,Butte,007,227075,33145,32929,7019,39948,391
2022-03-25,Calaveras,009,45235,7250,7240,347,7587,120
2022-03-25,Colusa,011,21464,3445,3445,1046,4491,21
2022-03-25,Contra Costa,013,1133247,191847,187990,13364,201354,1285
2022-03-25,Del Norte,015,27424,5802,5831,183,6014,50
2022-03-25,El Dorado,017,186661,26677,26674,3184,29858,200
2022-03-25,Fresno,019,978130,234653,229799,24276,254075,2710
2022-03-25,Glenn,021,27897,4994,4978,1601,6579,47
2022-03-25,Humboldt,023,135768,16877,16911,2941,19852,139
2022-03-25,Imperial,025,180216,55315,55230,10515,65745,913
2022-03-25,Inyo,027,18085,4065,4060,468,4528,56
2022-03-25,Kern,029,883053,191674,191288,45724,237012,2201
2022-03-25,Kings,031,150075,51438,51397,3516,54913,444
2022-03-25,Lake,033,64148,10692,10659,881,11540,136
2022-03-25,Lassen,035,31185,8953,8944,874,9818,63
2022-03-25,Los Angeles,037,10098052,2708077,2698028,122486,2820514,31291
2022-03-25,Madera,039,155013,37231,37321,6012,43333,354
2022-03-25,Marin,041,260295,33445,33317,2197,35514,287
2022-03-25,Mariposa,043,17540,2394,2386,200,2586,23
2022-03-25,Mendocino,045,87422,13049,13038,3008,16046,118
2022-03-25,Merced,047,269075,62537,62083,8734,70817,805
2022-03-25,Modoc,049,8938,733,736,248,984,7
2022-03-25,Mono,051,14174,2967,2966,122,3088,5
2022-03-25,Monterey,053,433212,79298,78688,13608,92296,724
2022-03-25,Napa,055,140530,25711,25701,936,26637,139
2022-03-25,Nevada,057,99092,15935,15960,1191,17151,123
2022-03-25,Orange,059,3164182,546222,545294,41433,586727,6853
2022-03-25,Placer,061,380077,62706,62634,7308,69942,613
2022-03-25,Plumas,063,18699,2967,2758,358,3116,13
2022-03-25,Riverside,065,2383286,590747,590060,27681,617741,6397
2022-03-25,Sacramento,067,1510023,280467,275529,26460,301989,2935
2022-03-25,San Benito,069,59416,12958,12885,514,13399,97
2022-03-25,San Bernardino,071,2135413,573634,560742,24872,585614,6840
2022-03-25,San Diego,073,3302833,749903,750170,52623,802793,5146
2022-03-25,San Francisco,075,870044,124418,124265,8178,132443,839
2022-03-25,San Joaquin,077,732212,166532,166079,9877,175956,2195
2022-03-25,San Luis Obispo,079,281455,52398,52369,3728,56097,469
2022-03-25,San Mateo,081,765935,121520,120165,6905,127070,684
2022-03-25,Santa Barbara,083,443738,85621,85477,4684,90161,674
2022-03-25,Santa Clara,085,1922200,314425,311189,12291,323480,2250
2022-03-25,Santa Cruz,087,273765,47705,47329,2082,49411,259
2022-03-25,Shasta,089,179085,30536,30542,6080,36622,527
2022-03-25,Sierra,091,2930,271,273,47,320,4
2022-03-25,Siskiyou,093,43540,4426,4433,2713,7146,80
2022-03-25,Solano,095,438530,81414,81659,5546,87205,441
2022-03-25,Sonoma,097,501317,83317,83113,2591,85704,485
2022-03-25,Stanislaus,099,539301,117478,117962,17790,135752,1565
2022-03-25,Sutter,101,95872,20458,20536,2070,22606,221
2022-03-25,Tehama,103,63373,12040,12036,2565,14601,195
2022-03-25,Trinity,105,12862,1183,1174,287,1461,20
2022-03-25,Tulare,107,460477,106271,104538,27497,132035,1400
2022-03-25,Tuolumne,109,53932,12669,12628,559,13187,180
2022-03-25,Ventura,111,848112,172940,172690,9373,182063,1455
2022-03-25,Yolo,113,214977,37000,36234,2895,39129,311
2022-03-25,Yuba,115,75493,15812,15807,1185,16992,117
2022-03-24,Alameda,001,1643700,255792,254691,13784,268475,1803
2022-03-24,Alpine,002,1148,124,124,1,125,0
2022-03-24,Amador,005,37829,8525,8476,640,9116,86
2022-03-24,Butte,007,227075,33139,32929,7019,39948,391
2022-03-24,Calaveras,009,45235,7248,7240,347,7587,120
2022-03-24,Colusa,011,21464,3445,3445,1046,4491,21
2022-03-24,Contra Costa,013,1133247,191768,187990,13361,201351,1285
2022-03-24,Del Norte,015,27424,5798,5831,183,6014,50
2022-03-24,El Dorado,017,186661,26667,26674,3184,29858,200
2022-03-24,Fresno,019,978130,234611,229799,24266,254065,2710
2022-03-24,Glenn,021,27897,4993,4978,1601,6579,47
2022-03-24,Humboldt,023,135768,16872,16911,2939,19850,139
2022-03-24,Imperial,025,180216,55308,55230,10515,65745,913
2022-03-24,Inyo,027,18085,4064,4060,468,4528,56
2022-03-24,Kern,029,883053,191664,191288,45722,237010,2201
2022-03-24,Kings,031,150075,51429,51397,3514,54911,444
2022-03-24,Lake,033,64148,10691,10659,881,11540,136
2022-03-24,Lassen,035,31185,8952,8944,874,9818,63
2022-03-24,Los Angeles,037,10098052,2707504,2698028,122442,2820470,31291
2022-03-24,Madera,039,155013,37229,37321,6010,43331,354
2022-03-24,Marin,041,260295,33423,33317,2188,35505,287
2022-03-24,Mariposa,043,17540,2394,2386,200,2586,23
2022-03-24,Mendocino,045,87422,13043,13038,3005,16043,118
2022-03-24,Merced,047,269075,62530,62083,8733,70816,805
2022-03-24,Modoc,049,8938,733,736,248,984,7
2022-03-24,Mono,051,14174,2967,2966,122,3088,5
2022-03-24,Monterey,053,433212,79271,78688,13594,92282,724
2022-03-24,Napa,055,140530,25702,25701,936,26637,139
2022-03-24,Nevada,057,99092,15931,15960,1190,17150,123
2022-03-24,Orange,059,3164182,546120,545294,41418,586712,6853
2022-03-24,Placer,061,380077,62686,62634,7307,69941,613
2022-03-24,Plumas,063,18699,2967,2758,358,3116,13
2022-03-24,Riverside,065,2383286,590670,590060,27673,617733,6397
2022-03-24,Sacramento,067,1510023,280397,275529,26456,301985,2935
2022-03-24,San Benito,069,59416,12957,12885,513,13398,97
2022-03-24,San Bernardino,071,2135413,573551,560742,24868,585610,6840
2022-03-24,San Diego,073,3302833,749696,750170,52610,802780,5146
2022-03-24,San Francisco,075,870044,124336,124265,8172,132437,839
2022-03-24,San Joaquin,077,732212,166505,166079,9877,175956,2195
2022-03-24,San Luis Obispo,079,281455,52382,52369,3727,56096,469
2022-03-24,San Mateo,081,765935,121471,120165,6902,127067,684
2022-03-24,Santa Barbara,083,443738,85606,85477,4681,90158,674
2022-03-24,Santa Clara,085,1922200,314277,311189,12275,323464,2250
2022-03-24,Santa Cruz,087,273765,47687,47329,2081,49410,259
2022-03-24,Shasta,089,179085,30528,30542,6080,36622,527
2022-03-24,Sierra,091,2930,271,273,47,320,4
2022-03-24,Siskiyou,093,43540,4424,4433,2713,7146,80
2022-03-24,Solano,095,438530,81395,81659,5545,87204,441
2022-03-24,Sonoma,097,501317,83282,83113,2589,85702,485
2022-03-24,Stanislaus,099,539301,117469,117962,17787,135749,1565
2022-03-24,Sutter,101,95872,20453,20536,2070,22606,221
2022-03-24,Tehama,103,63373,12038,12036,2564,14600,195
2022-03-24,Trinity,105,12862,1183,1174,287,1461,20
2022-03-24,Tulare,107,460477,106260,104538,27492,132030,1400
2022-03-24,Tuolumne,109,53932,12667,12628,559,13187,180
2022-03-24,Ventura,111,848112,172897,172690,9370,182060,1455
2022-03-24,Yolo,113,214977,36994,36234,2891,39125,311
2022-03-24,Yuba,115,75493,15808,15807,1183,16990,117
2022-03-23,Alameda,001,1643700,255659,254559,13773,268332,1802
2022-03-23,Alpine,002,1148,124,124,1,125,0
2022-03-23,Amador,005,37829,8525,8475,640,9115,86
2022-03-23,Butte,007,227075,33124,32920,7018,39938,387
2022-03-23,Calaveras,009,45235,7243,7237,347,7584,120
2022-03-23,Colusa,011,21464,3444,3444,1046,4490,21
2022-03-23,Contra Costa,013,1133247,191670,187898,13350,201248,1279
2022-03-23,Del Norte,015,27424,5796,5830,183,6013,50
2022-03-23,El Dorado,017,186661,26661,26670,3184,29854,200
2022-03-23,Fresno,019,978130,234575,229656,24253,253909,2710
2022-03-23,Glenn,021,27897,4993,4975,1601,6576,47
2022-03-23,Humboldt,023,135768,16871,16908,2938,19846,139
2022-03-23,Imperial,025,180216,55302,55211,10514,65725,909
2022-03-23,Inyo,027,18085,4064,4060,468,4528,56
2022-03-23,Kern,029,883053,191647,191241,45717,236958,2196
2022-03-23,Kings,031,150075,51418,51384,3514,54898,442
2022-03-23,Lake,033,64148,10687,10658,880,11538,135
2022-03-23,Lassen,035,31185,8951,8944,873,9817,63
2022-03-23,Los Angeles,037,10098052,2706825,2697227,122413,2819640,31267
2022-03-23,Madera,039,155013,37224,37317,6008,43325,354
2022-03-23,Marin,041,260295,33397,33274,2183,35457,287
2022-03-23,Mariposa,043,17540,2392,2382,199,2581,11
2022-03-23,Mendocino,045,87422,13039,13033,3004,16037,118
2022-03-23,Merced,047,269075,62519,62056,8730,70786,805
2022-03-23,Modoc,049,8938,733,736,248,984,7
2022-03-23,Mono,051,14174,2967,2966,122,3088,5
2022-03-23,Monterey,053,433212,79254,78655,13570,92225,724
2022-03-23,Napa,055,140530,25689,25691,934,26625,139
2022-03-23,Nevada,057,99092,15929,15958,1190,17148,123
2022-03-23,Orange,059,3164182,545988,545158,41405,586563,6852
2022-03-23,Placer,061,380077,62668,62622,7305,69927,613
2022-03-23,Plumas,063,18699,2967,2747,358,3105,13
2022-03-23,Riverside,065,2383286,590597,589947,27668,617615,6388
2022-03-23,Sacramento,067,1510023,280334,275398,26448,301846,2934
2022-03-23,San Benito,069,59416,12956,12884,513,13397,97
2022-03-23,San Bernardino,071,2135413,573478,560550,24864,585414,6828
2022-03-23,San Diego,073,3302833,749503,749871,52587,802458,5143
2022-03-23,San Francisco,075,870044,124221,124110,8165,132275,838
2022-03-23,San Joaquin,077,732212,166468,166041,9869,175910,2187
2022-03-23,San Luis Obispo,079,281455,52365,52344,3722,56066,469
2022-03-23,San Mateo,081,765935,121386,120080,6892,126972,685
2022-03-23,Santa Barbara,083,443738,85589,85464,4680,90144,673
2022-03-23,Santa Clara,085,1922200,314111,310956,12263,323219,2250
2022-03-23,Santa Cruz,087,273765,47668,47314,2077,49391,259
2022-03-23,Shasta,089,179085,30524,30524,6079,36603,526
2022-03-23,Sierra,091,2930,271,273,47,320,4
2022-03-23,Siskiyou,093,43540,4424,4433,2713,7146,80
2022-03-23,Solano,095,438530,81361,81615,5544,87159,441
2022-03-23,Sonoma,097,501317,83249,83074,2586,85660,482
2022-03-23,Stanislaus,099,539301,117452,118041,17784,135825,1568
2022-03-23,Sutter,101,95872,20450,20532,2070,22602,218
2022-03-23,Tehama,103,63373,12035,12035,2564,14599,195
2022-03-23,Trinity,105,12862,1183,1174,287,1461,20
2022-03-23,Tulare,107,460477,106243,104489,27487,131976,1394
2022-03-23,Tuolumne,109,53932,12666,12629,559,13188,180
2022-03-23,Ventura,111,848112,172849,172647,9368,182015,1455
2022-03-23,Yolo,113,214977,36975,36197,2889,39086,308
2022-03-23,Yuba,115,75493,15801,15801,1182,16983,117
2022-03-22,Alameda,001,1643700,255535,254467,13486,267953,1802
2022-03-22,Alpine,002,1148,124,122,1,123,0
2022-03-22,Amador,005,37829,8524,8462,639,9101,86
2022-03-22,Butte,007,227075,33114,32907,7014,39921,387
2022-03-22,Calaveras,009,45235,7241,7237,347,7584,120
2022-03-22,Colusa,011,21464,3443,3445,1046,4491,21
2022-03-22,Contra Costa,013,1133247,191593,187813,13328,201141,1279
2022-03-22,Del Norte,015,27424,5790,5824,183,6007,50
2022-03-22,El Dorado,017,186661,26654,26661,3184,29845,200
2022-03-22,Fresno,019,978130,234526,229551,24244,253795,2708
2022-03-22,Glenn,021,27897,4991,4971,1601,6572,47
2022-03-22,Humboldt,023,135768,16868,16911,2938,19849,139
2022-03-22,Imperial,025,180216,55290,55170,10511,65681,908
2022-03-22,Inyo,027,18085,4064,4060,468,4528,56
2022-03-22,Kern,029,883053,191624,191213,45709,236922,2195
2022-03-22,Kings,031,150075,51407,51369,3513,54882,442
2022-03-22,Lake,033,64148,10685,10657,879,11536,135
2022-03-22,Lassen,035,31185,8951,8940,873,9813,63
2022-03-22,Los Angeles,037,10098052,2706158,2696746,122367,2819113,31250
2022-03-22,Madera,039,155013,37221,37304,6005,43309,354
2022-03-22,Marin,041,260295,33372,33253,2179,35432,287
2022-03-22,Mariposa,043,17540,2390,2382,199,2581,6
2022-03-22,Mendocino,045,87422,13034,13030,3002,16032,118
2022-03-22,Merced,047,269075,62508,62056,8726,70782,805
2022-03-22,Modoc,049,8938,733,735,248,983,7
2022-03-22,Mono,051,14174,2967,2963,122,3085,5
2022-03-22,Monterey,053,433212,79237,78614,13560,92174,724
2022-03-22,Napa,055,140530,25679,25688,933,26621,139
2022-03-22,Nevada,057,99092,15921,15950,1190,17140,123
2022-03-22,Orange,059,3164182,545847,545075,41388,586463,6843
2022-03-22,Placer,061,380077,62655,62604,7303,69907,610
2022-03-22,Plumas,063,18699,2966,2744,358,3102,13
2022-03-22,Riverside,065,2383286,590522,589816,27665,617481,6383
2022-03-22,Sacramento,067,1510023,280258,275374,26437,301811,2927
2022-03-22,San Benito,069,59416,12955,12884,512,13396,97
2022-03-22,San Bernardino,071,2135413,573396,560371,24844,585215,6811
2022-03-22,San Diego,073,3302833,749305,749647,52567,802214,5141
2022-03-22,San Francisco,075,870044,124114,123998,8159,132157,838
2022-03-22,San Joaquin,077,732212,166440,165992,9866,175858,2187
2022-03-22,San Luis Obispo,079,281455,52357,52257,3722,55979,465
2022-03-22,San Mateo,081,765935,121313,119975,6889,126864,686
2022-03-22,Santa Barbara,083,443738,85572,85457,4679,90136,672
2022-03-22,Santa Clara,085,1922200,313932,310787,12252,323039,2249
2022-03-22,Santa Cruz,087,273765,47648,47287,2076,49363,259
2022-03-22,Shasta,089,179085,30518,30528,6079,36607,525
2022-03-22,Sierra,091,2930,271,273,47,320,4
2022-03-22,Siskiyou,093,43540,4424,4429,2712,7141,80
2022-03-22,Solano,095,438530,81338,81587,5541,87128,440
2022-03-22,Sonoma,097,501317,83220,83042,2583,85625,482
2022-03-22,Stanislaus,099,539301,117435,118025,17780,135805,1568
2022-03-22,Sutter,101,95872,20449,20525,2067,22592,218
2022-03-22,Tehama,103,63373,12033,12034,2564,14598,162
2022-03-22,Trinity,105,12862,1183,1174,287,1461,20
2022-03-22,Tulare,107,460477,106232,104431,27479,131910,1391
2022-03-22,Tuolumne,109,53932,12666,12628,559,13187,180
2022-03-22,Ventura,111,848112,172800,172590,9366,181956,1455
2022-03-22,Yolo,113,214977,36955,36184,2888,39072,308
2022-03-22,Yuba,115,75493,15798,15795,1181,16976,117
2022-03-21,Alameda,001,1643700,255312,254354,13478,267832,1799
2022-03-21,Alpine,002,1148,124,122,1,123,0
2022-03-21,Amador,005,37829,8521,8461,638,9099,85
2022-03-21,Butte,007,227075,33103,32895,7011,39906,385
2022-03-21,Calaveras,009,45235,7240,7237,347,7584,119
2022-03-21,Colusa,011,21464,3443,3445,1046,4491,21
2022-03-21,Contra Costa,013,1133247,191529,187509,13312,200821,1276
2022-03-21,Del Norte,015,27424,5789,5824,183,6007,50
2022-03-21,El Dorado,017,186661,26643,26610,3184,29794,199
2022-03-21,Fresno,019,978130,234477,229374,24235,253609,2707
2022-03-21,Glenn,021,27897,4989,4972,1596,6568,46
2022-03-21,Humboldt,023,135768,16858,16912,2925,19837,139
2022-03-21,Imperial,025,180216,55277,55133,10510,65643,908
2022-03-21,Inyo,027,18085,4063,4060,468,4528,56
2022-03-21,Kern,029,883053,191591,191184,45703,236887,2187
2022-03-21,Kings,031,150075,51393,51366,3511,54877,441
2022-03-21,Lake,033,64148,10683,10655,879,11534,135
2022-03-21,Lassen,035,31185,8950,8939,873,9812,63
2022-03-21,Los Angeles,037,10098052,2705300,2694711,122319,2817030,31218
2022-03-21,Madera,039,155013,37215,37288,6002,43290,354
2022-03-21,Marin,041,260295,33328,33242,2174,35416,287
2022-03-21,Mariposa,043,17540,2389,2383,198,2581,6
2022-03-21,Mendocino,045,87422,13026,13028,3000,16028,118
2022-03-21,Merced,047,269075,62496,62048,8721,70769,803
2022-03-21,Modoc,049,8938,731,734,248,982,7
2022-03-21,Mono,051,14174,2967,2962,122,3084,5
2022-03-21,Monterey,053,433212,79188,78572,13547,92119,724
2022-03-21,Napa,055,140530,25671,25684,931,26615,138
2022-03-21,Nevada,057,99092,15917,15963,1189,17152,123
2022-03-21,Orange,059,3164182,545694,544943,41371,586314,6841
2022-03-21,Placer,061,380077,62635,62550,7302,69852,610
2022-03-21,Plumas,063,18699,2966,2744,358,3102,13
2022-03-21,Riverside,065,2383286,590441,589707,27661,617368,6376
2022-03-21,Sacramento,067,1510023,280168,275334,26422,301756,2925
2022-03-21,San Benito,069,59416,12949,12872,512,13384,97
2022-03-21,San Bernardino,071,2135413,573308,560210,24831,585041,6807
2022-03-21,San Diego,073,3302833,749081,748833,52547,801380,5138
2022-03-21,San Francisco,075,870044,123946,123912,8150,132062,835
2022-03-21,San Joaquin,077,732212,166414,165939,9863,175802,2185
2022-03-21,San Luis Obispo,079,281455,52332,52219,3717,55936,463
2022-03-21,San Mateo,081,765935,121154,119899,6887,126786,684
2022-03-21,Santa Barbara,083,443738,85557,85416,4677,90093,672
2022-03-21,Santa Clara,085,1922200,313670,310509,12249,322758,2245
2022-03-21,Santa Cruz,087,273765,47612,47267,2075,49342,259
2022-03-21,Shasta,089,179085,30512,30523,6077,36600,525
2022-03-21,Sierra,091,2930,271,273,47,320,4
2022-03-21,Siskiyou,093,43540,4424,4426,2712,7138,80
2022-03-21,Solano,095,438530,81310,81399,5540,86939,441
2022-03-21,Sonoma,097,501317,83178,82979,2581,85560,482
2022-03-21,Stanislaus,099,539301,117400,118144,17778,135922,1571
2022-03-21,Sutter,101,95872,20446,20523,2055,22578,218
2022-03-21,Tehama,103,63373,12029,12030,2564,14594,160
2022-03-21,Trinity,105,12862,1183,1174,287,1461,20
2022-03-21,Tulare,107,460477,106212,104350,27474,131824,1389
2022-03-21,Tuolumne,109,53932,12666,12620,559,13179,180
2022-03-21,Ventura,111,848112,172730,172537,9362,181899,1452
2022-03-21,Yolo,113,214977,36939,36141,2886,39027,307
2022-03-21,Yuba,115,75493,15795,15790,1180,16970,117
2022-03-20,Alameda,001,1643700,255175,254293,13468,267761,1801
2022-03-20,Alpine,002,1148,122,122,1,123,0
2022-03-20,Amador,005,37829,8518,8460,638,9098,85
2022-03-20,Butte,007,227075,33088,32892,7007,39899,385
2022-03-20,Calaveras,009,45235,7240,7233,344,7577,119
2022-03-20,Colusa,011,21464,3443,3446,1046,4492,21
2022-03-20,Contra Costa,013,1133247,191426,187467,13302,200769,1276
2022-03-20,Del Norte,015,27424,5787,5821,183,6004,50
2022-03-20,El Dorado,017,186661,26634,26608,3184,29792,199
2022-03-20,Fresno,019,978130,234399,229297,24224,253521,2707
2022-03-20,Glenn,021,27897,4988,4972,1596,6568,46
2022-03-20,Humboldt,023,135768,16856,16913,2923,19836,139
2022-03-20,Imperial,025,180216,55266,55133,10509,65642,908
2022-03-20,Inyo,027,18085,4063,4060,468,4528,56
2022-03-20,Kern,029,883053,191549,191170,45698,236868,2187
2022-03-20,Kings,031,150075,51382,51360,3511,54871,441
2022-03-20,Lake,033,64148,10679,10652,879,11531,135
2022-03-20,Lassen,035,31185,8948,8938,873,9811,63
2022-03-20,Los Angeles,037,10098052,2704508,2694698,122276,2816974,31219
2022-03-20,Madera,039,155013,37210,37284,5999,43283,354
2022-03-20,Marin,041,260295,33312,33232,2173,35405,275
2022-03-20,Mariposa,043,17540,2389,2383,198,2581,6
2022-03-20,Mendocino,045,87422,13019,13027,2995,16022,118
2022-03-20,Merced,047,269075,62484,62041,8717,70758,803
2022-03-20,Modoc,049,8938,731,734,248,982,7
2022-03-20,Mono,051,14174,2965,2962,122,3084,5
2022-03-20,Monterey,053,433212,79155,78566,13536,92102,723
2022-03-20,Napa,055,140530,25659,25682,930,26612,138
2022-03-20,Nevada,057,99092,15913,15964,1189,17153,123
2022-03-20,Orange,059,3164182,545572,544862,41352,586214,6841
2022-03-20,Placer,061,380077,62614,62525,7302,69827,610
2022-03-20,Plumas,063,18699,2966,2744,358,3102,13
2022-03-20,Riverside,065,2383286,590345,589657,27657,617314,6376
2022-03-20,Sacramento,067,1510023,280085,275317,26410,301727,2927
2022-03-20,San Benito,069,59416,12949,12869,511,13380,97
2022-03-20,San Bernardino,071,2135413,573227,560220,24822,585042,6805
2022-03-20,San Diego,073,3302833,748845,748833,52513,801346,5138
2022-03-20,San Francisco,075,870044,123797,123858,8138,131996,835
2022-03-20,San Joaquin,077,732212,166381,165927,9858,175785,2185
2022-03-20,San Luis Obispo,079,281455,52308,52217,3714,55931,463
2022-03-20,San Mateo,081,765935,121094,119901,6881,126782,684
2022-03-20,Santa Barbara,083,443738,85532,85412,4676,90088,672
2022-03-20,Santa Clara,085,1922200,313462,310412,12241,322653,2243
2022-03-20,Santa Cruz,087,273765,47585,47265,2074,49339,259
2022-03-20,Shasta,089,179085,30502,30522,6076,36598,525
2022-03-20,Sierra,091,2930,271,273,47,320,4
2022-03-20,Siskiyou,093,43540,4423,4426,2712,7138,80
2022-03-20,Solano,095,438530,81280,81393,5538,86931,441
2022-03-20,Sonoma,097,501317,83135,82965,2580,85545,481
2022-03-20,Stanislaus,099,539301,117375,118146,17775,135921,1572
2022-03-20,Sutter,101,95872,20439,20519,2047,22566,218
2022-03-20,Tehama,103,63373,12027,12030,2564,14594,160
2022-03-20,Trinity,105,12862,1183,1174,287,1461,20
2022-03-20,Tulare,107,460477,106192,104353,27462,131815,1389
2022-03-20,Tuolumne,109,53932,12661,12617,559,13176,180
2022-03-20,Ventura,111,848112,172680,172514,9357,181871,1451
2022-03-20,Yolo,113,214977,36920,36135,2885,39020,307
2022-03-20,Yuba,115,75493,15786,15787,1178,16965,117
2022-03-19,Alameda,001,1643700,255099,253936,13466,267402,1797
2022-03-19,Alpine,002,1148,122,122,1,123,0
2022-03-19,Amador,005,37829,8515,8456,638,9094,85
2022-03-19,Butte,007,227075,33080,32856,7007,39863,385
2022-03-19,Calaveras,009,45235,7240,7229,344,7573,119
2022-03-19,Colusa,011,21464,3441,3445,1046,4491,21
2022-03-19,Contra Costa,013,1133247,191390,187225,13301,200526,1276
2022-03-19,Del Norte,015,27424,5784,5815,183,5998,48
2022-03-19,El Dorado,017,186661,26630,26618,3184,29802,199
2022-03-19,Fresno,019,978130,234376,228965,24223,253188,2694
2022-03-19,Glenn,021,27897,4988,4971,1596,6567,44
2022-03-19,Humboldt,023,135768,16850,16901,2923,19824,138
2022-03-19,Imperial,025,180216,55265,55038,10508,65546,898
2022-03-19,Inyo,027,18085,4063,4061,468,4529,56
2022-03-19,Kern,029,883053,191534,190943,45690,236633,2184
2022-03-19,Kings,031,150075,51377,51334,3511,54845,441
2022-03-19,Lake,033,64148,10679,10641,879,11520,135
2022-03-19,Lassen,035,31185,8948,8925,873,9798,63
2022-03-19,Los Angeles,037,10098052,2704131,2686759,122242,2809001,31133
2022-03-19,Madera,039,155013,37210,37273,5999,43272,354
2022-03-19,Marin,041,260295,33293,33163,2169,35332,272
2022-03-19,Mariposa,043,17540,2388,2378,198,2576,6
2022-03-19,Mendocino,045,87422,13019,13012,2995,16007,117
2022-03-19,Merced,047,269075,62479,61985,8715,70700,800
2022-03-19,Modoc,049,8938,731,734,248,982,7
2022-03-19,Mono,051,14174,2965,2961,122,3083,5
2022-03-19,Monterey,053,433212,79144,78483,13529,92012,720
2022-03-19,Napa,055,140530,25656,25654,930,26584,138
2022-03-19,Nevada,057,99092,15911,15960,1189,17149,123
2022-03-19,Orange,059,3164182,545501,543907,41336,585243,6817
2022-03-19,Placer,061,380077,62600,62483,7302,69785,605
2022-03-19,Plumas,063,18699,2966,2724,358,3082,13
2022-03-19,Riverside,065,2383286,590295,589017,27650,616667,6359
2022-03-19,Sacramento,067,1510023,280043,274855,26406,301261,2913
2022-03-19,San Benito,069,59416,12948,12859,511,13370,97
2022-03-19,San Bernardino,071,2135413,573181,559935,24820,584755,6778
2022-03-19,San Diego,073,3302833,748745,747344,52499,799843,5133
2022-03-19,San Francisco,075,870044,123727,123587,8136,131723,833
2022-03-19,San Joaquin,077,732212,166356,165765,9855,175620,2181
2022-03-19,San Luis Obispo,079,281455,52302,52174,3714,55888,463
2022-03-19,San Mateo,081,765935,121057,119782,6880,126662,667
2022-03-19,Santa Barbara,083,443738,85517,85336,4675,90011,671
2022-03-19,Santa Clara,085,1922200,313340,309918,12232,322150,2225
2022-03-19,Santa Cruz,087,273765,47577,47203,2070,49273,256
2022-03-19,Shasta,089,179085,30498,30495,6076,36571,525
2022-03-19,Sierra,091,2930,271,273,47,320,4
2022-03-19,Siskiyou,093,43540,4422,4422,2712,7134,76
2022-03-19,Solano,095,438530,81271,81340,5535,86875,441
2022-03-19,Sonoma,097,501317,83118,82838,2577,85415,472
2022-03-19,Stanislaus,099,539301,117365,118138,17773,135911,1568
2022-03-19,Sutter,101,95872,20436,20503,2047,22550,218
2022-03-19,Tehama,103,63373,12027,12007,2564,14571,160
2022-03-19,Trinity,105,12862,1183,1173,287,1460,20
2022-03-19,Tulare,107,460477,106183,104290,27457,131747,1384
2022-03-19,Tuolumne,109,53932,12660,12617,559,13176,180
2022-03-19,Ventura,111,848112,172649,172380,9356,181736,1451
2022-03-19,Yolo,113,214977,36911,36086,2885,38971,306
2022-03-19,Yuba,115,75493,15782,15768,1177,16945,117
2022-03-18,Alameda,001,1643700,255037,253936,13463,267399,1797
2022-03-18,Alpine,002,1148,122,122,1,123,0
2022-03-18,Amador,005,37829,8515,8456,638,9094,85
2022-03-18,Butte,007,227075,33075,32856,7004,39860,385
2022-03-18,Calaveras,009,45235,7240,7229,344,7573,119
2022-03-18,Colusa,011,21464,3441,3445,1046,4491,21
2022-03-18,Contra Costa,013,1133247,191358,187225,13299,200524,1276
2022-03-18,Del Norte,015,27424,5782,5815,183,5998,48
2022-03-18,El Dorado,017,186661,26625,26618,3182,29800,199
2022-03-18,Fresno,019,978130,234343,228965,24223,253188,2694
2022-03-18,Glenn,021,27897,4987,4971,1596,6567,44
2022-03-18,Humboldt,023,135768,16847,16901,2922,19823,138
2022-03-18,Imperial,025,180216,55263,55038,10508,65546,898
2022-03-18,Inyo,027,18085,4063,4061,468,4529,56
2022-03-18,Kern,029,883053,191523,190943,45687,236630,2184
2022-03-18,Kings,031,150075,51369,51334,3511,54845,441
2022-03-18,Lake,033,64148,10677,10641,878,11519,135
2022-03-18,Lassen,035,31185,8947,8925,873,9798,63
2022-03-18,Los Angeles,037,10098052,2703777,2686759,122216,2808975,31133
2022-03-18,Madera,039,155013,37205,37273,5999,43272,354
2022-03-18,Marin,041,260295,33279,33163,2169,35332,272
2022-03-18,Mariposa,043,17540,2387,2378,198,2576,6
2022-03-18,Mendocino,045,87422,13015,13012,2995,16007,117
2022-03-18,Merced,047,269075,62467,61985,8715,70700,800
2022-03-18,Modoc,049,8938,731,734,248,982,7
2022-03-18,Mono,051,14174,2964,2961,122,3083,5
2022-03-18,Monterey,053,433212,79126,78483,13527,92010,720
2022-03-18,Napa,055,140530,25653,25654,930,26584,138
2022-03-18,Nevada,057,99092,15908,15960,1188,17148,123
2022-03-18,Orange,059,3164182,545434,543907,41327,585234,6817
2022-03-18,Placer,061,380077,62591,62483,7302,69785,605
2022-03-18,Plumas,063,18699,2966,2724,358,3082,13
2022-03-18,Riverside,065,2383286,590235,589017,27646,616663,6359
2022-03-18,Sacramento,067,1510023,280007,274855,26402,301257,2913
2022-03-18,San Benito,069,59416,12946,12859,511,13370,97
2022-03-18,San Bernardino,071,2135413,573143,559935,24818,584753,6778
2022-03-18,San Diego,073,3302833,748637,747344,52484,799828,5133
2022-03-18,San Francisco,075,870044,123647,123587,8131,131718,833
2022-03-18,San Joaquin,077,732212,166341,165765,9850,175615,2181
2022-03-18,San Luis Obispo,079,281455,52295,52174,3714,55888,463
2022-03-18,San Mateo,081,765935,121022,119782,6877,126659,667
2022-03-18,Santa Barbara,083,443738,85507,85336,4674,90010,671
2022-03-18,Santa Clara,085,1922200,313234,309918,12229,322147,2225
2022-03-18,Santa Cruz,087,273765,47565,47203,2069,49272,256
2022-03-18,Shasta,089,179085,30497,30495,6076,36571,525
2022-03-18,Sierra,091,2930,271,273,47,320,4
2022-03-18,Siskiyou,093,43540,4422,4422,2712,7134,76
2022-03-18,Solano,095,438530,81260,81340,5529,86869,441
2022-03-18,Sonoma,097,501317,83097,82838,2576,85414,472
2022-03-18,Stanislaus,099,539301,117352,118138,17773,135911,1568
2022-03-18,Sutter,101,95872,20432,20503,2047,22550,218
2022-03-18,Tehama,103,63373,12026,12007,2564,14571,160
2022-03-18,Trinity,105,12862,1183,1173,287,1460,20
2022-03-18,Tulare,107,460477,106177,104290,27452,131742,1384
2022-03-18,Tuolumne,109,53932,12659,12617,559,13176,180
2022-03-18,Ventura,111,848112,172629,172380,9351,181731,1451
2022-03-18,Yolo,113,214977,36900,36086,2885,38971,306
2022-03-18,Yuba,115,75493,15780,15768,1177,16945,117
2022-03-17,Alameda,001,1643700,254938,253936,13457,267393,1797
2022-03-17,Alpine,002,1148,122,122,1,123,0
2022-03-17,Amador,005,37829,8508,8456,638,9094,85
2022-03-17,Butte,007,227075,33062,32856,7002,39858,385
2022-03-17,Calaveras,009,45235,7237,7229,344,7573,119
2022-03-17,Colusa,011,21464,3441,3445,1046,4491,21
2022-03-17,Contra Costa,013,1133247,191294,187225,13288,200513,1276
2022-03-17,Del Norte,015,27424,5780,5815,183,5998,48
2022-03-17,El Dorado,017,186661,26619,26618,3182,29800,199
2022-03-17,Fresno,019,978130,234293,228965,24220,253185,2694
2022-03-17,Glenn,021,27897,4987,4971,1596,6567,44
2022-03-17,Humboldt,023,135768,16843,16901,2920,19821,138
2022-03-17,Imperial,025,180216,55252,55038,10508,65546,898
2022-03-17,Inyo,027,18085,4063,4061,468,4529,56
2022-03-17,Kern,029,883053,191492,190943,45684,236627,2184
2022-03-17,Kings,031,150075,51366,51334,3510,54844,441
2022-03-17,Lake,033,64148,10674,10641,878,11519,135
2022-03-17,Lassen,035,31185,8945,8925,873,9798,63
2022-03-17,Los Angeles,037,10098052,2703119,2686759,122181,2808940,31133
2022-03-17,Madera,039,155013,37201,37273,5999,43272,354
2022-03-17,Marin,041,260295,33267,33163,2168,35331,272
2022-03-17,Mariposa,043,17540,2387,2378,198,2576,6
2022-03-17,Mendocino,045,87422,13011,13012,2992,16004,117
2022-03-17,Merced,047,269075,62461,61985,8712,70697,800
2022-03-17,Modoc,049,8938,731,734,248,982,7
2022-03-17,Mono,051,14174,2964,2961,121,3082,5
2022-03-17,Monterey,053,433212,79103,78483,13521,92004,720
2022-03-17,Napa,055,140530,25648,25654,930,26584,138
2022-03-17,Nevada,057,99092,15905,15960,1188,17148,123
2022-03-17,Orange,059,3164182,545340,543907,41317,585224,6817
2022-03-17,Placer,061,380077,62575,62483,7300,69783,605
2022-03-17,Plumas,063,18699,2965,2724,358,3082,13
2022-03-17,Riverside,065,2383286,590155,589017,27639,616656,6359
2022-03-17,Sacramento,067,1510023,279941,274855,26396,301251,2913
2022-03-17,San Benito,069,59416,12945,12859,511,13370,97
2022-03-17,San Bernardino,071,2135413,573079,559935,24815,584750,6778
2022-03-17,San Diego,073,3302833,748462,747344,52468,799812,5133
2022-03-17,San Francisco,075,870044,123567,123587,8126,131713,833
2022-03-17,San Joaquin,077,732212,166321,165765,9848,175613,2181
2022-03-17,San Luis Obispo,079,281455,52281,52174,3712,55886,463
2022-03-17,San Mateo,081,765935,120974,119782,6873,126655,667
2022-03-17,Santa Barbara,083,443738,85492,85336,4674,90010,671
2022-03-17,Santa Clara,085,1922200,313113,309918,12225,322143,2225
2022-03-17,Santa Cruz,087,273765,47549,47203,2067,49270,256
2022-03-17,Shasta,089,179085,30493,30495,6074,36569,525
2022-03-17,Sierra,091,2930,271,273,47,320,4
2022-03-17,Siskiyou,093,43540,4422,4422,2712,7134,76
2022-03-17,Solano,095,438530,81231,81340,5525,86865,441
2022-03-17,Sonoma,097,501317,83069,82838,2574,85412,472
2022-03-17,Stanislaus,099,539301,117337,118138,17768,135906,1568
2022-03-17,Sutter,101,95872,20422,20503,2036,22539,218
2022-03-17,Tehama,103,63373,12026,12007,2564,14571,160
2022-03-17,Trinity,105,12862,1183,1173,287,1460,20
2022-03-17,Tulare,107,460477,106161,104290,27442,131732,1384
2022-03-17,Tuolumne,109,53932,12657,12617,558,13175,180
2022-03-17,Ventura,111,848112,172580,172380,9349,181729,1451
2022-03-17,Yolo,113,214977,36886,36086,2885,38971,306
2022-03-17,Yuba,115,75493,15778,15768,1176,16944,117
2022-03-16,Alameda,001,1643700,254838,253792,13454,267246,1794
2022-03-16,Alpine,002,1148,122,122,1,123,0
2022-03-16,Amador,005,37829,8500,8449,638,9087,85
2022-03-16,Butte,007,227075,33051,32837,6997,39834,385
2022-03-16,Calaveras,009,45235,7235,7229,344,7573,120
2022-03-16,Colusa,011,21464,3441,3445,1046,4491,22
2022-03-16,Contra Costa,013,1133247,191236,187100,13277,200377,1266
2022-03-16,Del Norte,015,27424,5779,5811,181,5992,48
2022-03-16,El Dorado,017,186661,26606,26602,3181,29783,199
2022-03-16,Fresno,019,978130,234246,228786,24209,252995,2689
2022-03-16,Glenn,021,27897,4986,4969,1596,6565,44
2022-03-16,Humboldt,023,135768,16840,16893,2920,19813,138
2022-03-16,Imperial,025,180216,55240,55002,10507,65509,897
2022-03-16,Inyo,027,18085,4062,4061,468,4529,56
2022-03-16,Kern,029,883053,191449,190835,45677,236512,2170
2022-03-16,Kings,031,150075,51351,51321,3510,54831,437
2022-03-16,Lake,033,64148,10672,10633,877,11510,133
2022-03-16,Lassen,035,31185,8942,8924,873,9797,62
2022-03-16,Los Angeles,037,10098052,2702488,2685789,122141,2807930,31102
2022-03-16,Madera,039,155013,37191,37262,5998,43260,354
2022-03-16,Marin,041,260295,33246,33136,2166,35302,272
2022-03-16,Mariposa,043,17540,2385,2376,198,2574,6
2022-03-16,Mendocino,045,87422,13008,13011,2991,16002,117
2022-03-16,Merced,047,269075,62445,61959,8708,70667,798
2022-03-16,Modoc,049,8938,730,734,248,982,7
2022-03-16,Mono,051,14174,2964,2960,121,3081,5
2022-03-16,Monterey,053,433212,79081,78416,13516,91932,720
2022-03-16,Napa,055,140530,25639,25638,930,26568,138
2022-03-16,Nevada,057,99092,15903,15960,1188,17148,123
2022-03-16,Orange,059,3164182,545217,543326,41294,584620,6791
2022-03-16,Placer,061,380077,62560,62435,7298,69733,605
2022-03-16,Plumas,063,18699,2965,2723,358,3081,13
2022-03-16,Riverside,065,2383286,590059,588761,27636,616397,6351
2022-03-16,Sacramento,067,1510023,279874,274709,26389,301098,2910
2022-03-16,San Benito,069,59416,12940,12854,511,13365,97
2022-03-16,San Bernardino,071,2135413,572998,559746,24808,584554,6775
2022-03-16,San Diego,073,3302833,748255,746970,52444,799414,5126
2022-03-16,San Francisco,075,870044,123466,123446,8119,131565,831
2022-03-16,San Joaquin,077,732212,166274,165703,9845,175548,2169
2022-03-16,San Luis Obispo,079,281455,52263,52132,3708,55840,462
2022-03-16,San Mateo,081,765935,120911,119680,6865,126545,660
2022-03-16,Santa Barbara,083,443738,85459,85322,4670,89992,670
2022-03-16,Santa Clara,085,1922200,312927,309689,12210,321899,2224
2022-03-16,Santa Cruz,087,273765,47519,47161,2067,49228,255
2022-03-16,Shasta,089,179085,30484,30489,6070,36559,527
2022-03-16,Sierra,091,2930,271,273,47,320,4
2022-03-16,Siskiyou,093,43540,4420,4419,2710,7129,76
2022-03-16,Solano,095,438530,81208,81277,5523,86800,440
2022-03-16,Sonoma,097,501317,83025,82791,2565,85356,472
2022-03-16,Stanislaus,099,539301,117311,118072,17766,135838,1567
2022-03-16,Sutter,101,95872,20420,20494,2035,22529,218
2022-03-16,Tehama,103,63373,12024,11999,2564,14563,160
2022-03-16,Trinity,105,12862,1183,1173,287,1460,20
2022-03-16,Tulare,107,460477,106148,104217,27436,131653,1377
2022-03-16,Tuolumne,109,53932,12652,12610,558,13168,180
2022-03-16,Ventura,111,848112,172539,172212,9345,181557,1451
2022-03-16,Yolo,113,214977,36863,36079,2884,38963,307
2022-03-16,Yuba,115,75493,15773,15758,1176,16934,117
2022-03-15,Alameda,001,1643700,254704,253694,13445,267139,1793
2022-03-15,Alpine,002,1148,122,122,1,123,0
2022-03-15,Amador,005,37829,8497,8448,638,9086,85
2022-03-15,Butte,007,227075,33038,32822,6996,39818,385
2022-03-15,Calaveras,009,45235,7233,7236,344,7580,118
2022-03-15,Colusa,011,21464,3441,3445,1046,4491,21
2022-03-15,Contra Costa,013,1133247,191155,187021,13270,200291,1265
2022-03-15,Del Norte,015,27424,5776,5806,178,5984,48
2022-03-15,El Dorado,017,186661,26603,26596,3181,29777,199
2022-03-15,Fresno,019,978130,234203,228631,24200,252831,2689
2022-03-15,Glenn,021,27897,4984,4966,1596,6562,44
2022-03-15,Humboldt,023,135768,16834,16889,2919,19808,138
2022-03-15,Imperial,025,180216,55229,54981,10503,65484,896
2022-03-15,Inyo,027,18085,4062,4062,467,4529,56
2022-03-15,Kern,029,883053,191420,190645,45667,236312,2168
2022-03-15,Kings,031,150075,51332,51317,3506,54823,437
2022-03-15,Lake,033,64148,10668,10631,877,11508,131
2022-03-15,Lassen,035,31185,8940,8926,873,9799,62
2022-03-15,Los Angeles,037,10098052,2701801,2685071,122084,2807155,31077
2022-03-15,Madera,039,155013,37182,37258,5997,43255,354
2022-03-15,Marin,041,260295,33223,33111,2165,35276,272
2022-03-15,Mariposa,043,17540,2383,2377,198,2575,6
2022-03-15,Mendocino,045,87422,13003,13005,2990,15995,117
2022-03-15,Merced,047,269075,62428,61916,8699,70615,798
2022-03-15,Modoc,049,8938,730,733,248,981,7
2022-03-15,Mono,051,14174,2964,2961,121,3082,5
2022-03-15,Monterey,053,433212,79051,78400,13508,91908,718
2022-03-15,Napa,055,140530,25631,25657,928,26585,138
2022-03-15,Nevada,057,99092,15901,15960,1186,17146,123
2022-03-15,Orange,059,3164182,545077,543197,41287,584484,6780
2022-03-15,Placer,061,380077,62542,62398,7294,69692,604
2022-03-15,Plumas,063,18699,2964,2722,358,3080,13
2022-03-15,Riverside,065,2383286,589960,588622,27628,616250,6333
2022-03-15,Sacramento,067,1510023,279789,274633,26383,301016,2907
2022-03-15,San Benito,069,59416,12935,12849,511,13360,95
2022-03-15,San Bernardino,071,2135413,572922,559605,24805,584410,6770
2022-03-15,San Diego,073,3302833,748012,746474,52422,798896,5116
2022-03-15,San Francisco,075,870044,123349,123526,8110,131636,831
2022-03-15,San Joaquin,077,732212,166231,165664,9839,175503,2161
2022-03-15,San Luis Obispo,079,281455,52253,52060,3704,55764,458
2022-03-15,San Mateo,081,765935,120860,119586,6859,126445,649
2022-03-15,Santa Barbara,083,443738,85434,85353,4666,90019,668
2022-03-15,Santa Clara,085,1922200,312763,309535,12199,321734,2224
2022-03-15,Santa Cruz,087,273765,47466,47117,2067,49184,255
2022-03-15,Shasta,089,179085,30475,30476,6067,36543,524
2022-03-15,Sierra,091,2930,271,273,47,320,4
2022-03-15,Siskiyou,093,43540,4420,4420,2710,7130,76
2022-03-15,Solano,095,438530,81172,81260,5522,86782,440
2022-03-15,Sonoma,097,501317,82985,82737,2565,85302,472
2022-03-15,Stanislaus,099,539301,117293,118085,17763,135848,1567
2022-03-15,Sutter,101,95872,20417,20480,2026,22506,217
2022-03-15,Tehama,103,63373,12021,11997,2564,14561,160
2022-03-15,Trinity,105,12862,1183,1173,287,1460,20
2022-03-15,Tulare,107,460477,106129,104153,27424,131577,1375
2022-03-15,Tuolumne,109,53932,12648,12602,558,13160,180
2022-03-15,Ventura,111,848112,172494,172150,9342,181492,1451
2022-03-15,Yolo,113,214977,36848,36079,2880,38959,308
2022-03-15,Yuba,115,75493,15765,15756,1176,16932,116
2022-03-14,Alameda,001,1643700,254593,253629,13441,267070,1791
2022-03-14,Alpine,002,1148,122,122,1,123,0
2022-03-14,Amador,005,37829,8492,8448,638,9086,85
2022-03-14,Butte,007,227075,33022,32812,6996,39808,385
2022-03-14,Calaveras,009,45235,7232,7245,344,7589,118
2022-03-14,Colusa,011,21464,3440,3445,1046,4491,21
2022-03-14,Contra Costa,013,1133247,191063,186969,13262,200231,1265
2022-03-14,Del Norte,015,27424,5770,5807,178,5985,48
2022-03-14,El Dorado,017,186661,26597,26570,3181,29751,199
2022-03-14,Fresno,019,978130,234128,228470,24190,252660,2682
2022-03-14,Glenn,021,27897,4982,4966,1596,6562,44
2022-03-14,Humboldt,023,135768,16827,16890,2917,19807,137
2022-03-14,Imperial,025,180216,55218,54933,10502,65435,897
2022-03-14,Inyo,027,18085,4062,4062,467,4529,56
2022-03-14,Kern,029,883053,191385,190526,45656,236182,2166
2022-03-14,Kings,031,150075,51314,51293,3505,54798,437
2022-03-14,Lake,033,64148,10665,10631,877,11508,131
2022-03-14,Lassen,035,31185,8940,8927,872,9799,62
2022-03-14,Los Angeles,037,10098052,2701170,2683369,122019,2805388,31034
2022-03-14,Madera,039,155013,37175,37255,5996,43251,354
2022-03-14,Marin,041,260295,33195,33099,2165,35264,272
2022-03-14,Mariposa,043,17540,2382,2376,198,2574,6
2022-03-14,Mendocino,045,87422,12998,12992,2983,15975,117
2022-03-14,Merced,047,269075,62409,61905,8697,70602,795
2022-03-14,Modoc,049,8938,729,731,248,979,7
2022-03-14,Mono,051,14174,2963,2961,121,3082,5
2022-03-14,Monterey,053,433212,79036,78376,13472,91848,718
2022-03-14,Napa,055,140530,25617,25649,928,26577,138
2022-03-14,Nevada,057,99092,15899,15954,1186,17140,123
2022-03-14,Orange,059,3164182,544939,543099,41272,584371,6775
2022-03-14,Placer,061,380077,62524,62389,7292,69681,601
2022-03-14,Plumas,063,18699,2964,2711,358,3069,13
2022-03-14,Riverside,065,2383286,589826,588531,27618,616149,6332
2022-03-14,Sacramento,067,1510023,279707,274682,26378,301060,2899
2022-03-14,San Benito,069,59416,12930,12846,511,13357,95
2022-03-14,San Bernardino,071,2135413,572835,559505,24800,584305,6767
2022-03-14,San Diego,073,3302833,747709,745515,52393,797908,5108
2022-03-14,San Francisco,075,870044,123258,123575,8103,131678,824
2022-03-14,San Joaquin,077,732212,166192,165662,9838,175500,2142
2022-03-14,San Luis Obispo,079,281455,52225,52046,3701,55747,458
2022-03-14,San Mateo,081,765935,120787,119564,6857,126421,649
2022-03-14,Santa Barbara,083,443738,85397,85396,4665,90061,667
2022-03-14,Santa Clara,085,1922200,312571,309600,12196,321796,2223
2022-03-14,Santa Cruz,087,273765,47428,47107,2065,49172,255
2022-03-14,Shasta,089,179085,30470,30462,6064,36526,520
2022-03-14,Sierra,091,2930,271,273,47,320,4
2022-03-14,Siskiyou,093,43540,4415,4419,2709,7128,76
2022-03-14,Solano,095,438530,81123,81233,5517,86750,440
2022-03-14,Sonoma,097,501317,82950,82731,2561,85292,473
2022-03-14,Stanislaus,099,539301,117258,118088,17759,135847,1567
2022-03-14,Sutter,101,95872,20411,20478,2026,22504,217
2022-03-14,Tehama,103,63373,12019,11996,2564,14560,160
2022-03-14,Trinity,105,12862,1183,1172,287,1459,20
2022-03-14,Tulare,107,460477,106102,104121,27417,131538,1365
2022-03-14,Tuolumne,109,53932,12647,12567,557,13124,180
2022-03-14,Ventura,111,848112,172441,172107,9340,181447,1442
2022-03-14,Yolo,113,214977,36832,36059,2878,38937,308
2022-03-14,Yuba,115,75493,15753,15748,1176,16924,116
2022-03-13,Alameda,001,1643700,254468,253547,13433,266980,1792
2022-03-13,Alpine,002,1148,122,122,1,123,0
2022-03-13,Amador,005,37829,8490,8444,638,9082,85
2022-03-13,Butte,007,227075,33003,32806,6993,39799,384
2022-03-13,Calaveras,009,45235,7227,7253,344,7597,118
2022-03-13,Colusa,011,21464,3440,3444,1044,4488,21
2022-03-13,Contra Costa,013,1133247,190964,186911,13249,200160,1265
2022-03-13,Del Norte,015,27424,5766,5808,178,5986,48
2022-03-13,El Dorado,017,186661,26592,26563,3180,29743,199
2022-03-13,Fresno,019,978130,234046,228421,24176,252597,2683
2022-03-13,Glenn,021,27897,4979,4966,1595,6561,44
2022-03-13,Humboldt,023,135768,16819,16883,2917,19800,137
2022-03-13,Imperial,025,180216,55207,54934,10500,65434,897
2022-03-13,Inyo,027,18085,4062,4062,466,4528,56
2022-03-13,Kern,029,883053,191331,190495,45644,236139,2166
2022-03-13,Kings,031,150075,51306,51273,3505,54778,437
2022-03-13,Lake,033,64148,10662,10626,877,11503,131
2022-03-13,Lassen,035,31185,8939,8929,871,9800,62
2022-03-13,Los Angeles,037,10098052,2700446,2683351,121977,2805328,31034
2022-03-13,Madera,039,155013,37167,37248,5996,43244,354
2022-03-13,Marin,041,260295,33171,33083,2163,35246,272
2022-03-13,Mariposa,043,17540,2380,2376,198,2574,6
2022-03-13,Mendocino,045,87422,12992,12987,2978,15965,117
2022-03-13,Merced,047,269075,62387,61895,8687,70582,795
2022-03-13,Modoc,049,8938,729,731,248,979,7
2022-03-13,Mono,051,14174,2963,2961,121,3082,5
2022-03-13,Monterey,053,433212,79000,78366,13424,91790,718
2022-03-13,Napa,055,140530,25603,25639,927,26566,138
2022-03-13,Nevada,057,99092,15892,15959,1186,17145,123
2022-03-13,Orange,059,3164182,544819,543036,41248,584284,6774
2022-03-13,Placer,061,380077,62500,62372,7289,69661,601
2022-03-13,Plumas,063,18699,2964,2711,358,3069,13
2022-03-13,Riverside,065,2383286,589693,588487,27612,616099,6332
2022-03-13,Sacramento,067,1510023,279598,274715,26365,301080,2899
2022-03-13,San Benito,069,59416,12924,12844,509,13353,95
2022-03-13,San Bernardino,071,2135413,572745,559450,24790,584240,6767
2022-03-13,San Diego,073,3302833,747368,745515,52359,797874,5108
2022-03-13,San Francisco,075,870044,123137,123622,8097,131719,824
2022-03-13,San Joaquin,077,732212,166143,165641,9836,175477,2142
2022-03-13,San Luis Obispo,079,281455,52195,52040,3699,55739,458
2022-03-13,San Mateo,081,765935,120709,119521,6848,126369,649
2022-03-13,Santa Barbara,083,443738,85357,85453,4663,90116,667
2022-03-13,Santa Clara,085,1922200,312385,309493,12188,321681,2225
2022-03-13,Santa Cruz,087,273765,47376,47087,2065,49152,255
2022-03-13,Shasta,089,179085,30453,30457,6062,36519,520
2022-03-13,Sierra,091,2930,271,273,47,320,4
2022-03-13,Siskiyou,093,43540,4415,4418,2709,7127,76
2022-03-13,Solano,095,438530,81087,81217,5512,86729,440
2022-03-13,Sonoma,097,501317,82916,82711,2557,85268,473
2022-03-13,Stanislaus,099,539301,117225,118075,17754,135829,1567
2022-03-13,Sutter,101,95872,20407,20474,2026,22500,217
2022-03-13,Tehama,103,63373,12018,11997,2563,14560,160
2022-03-13,Trinity,105,12862,1183,1172,287,1459,20
2022-03-13,Tulare,107,460477,106069,104119,27409,131528,1365
2022-03-13,Tuolumne,109,53932,12644,12565,557,13122,180
2022-03-13,Ventura,111,848112,172383,172080,9333,181413,1442
2022-03-13,Yolo,113,214977,36813,36019,2876,38895,308
2022-03-13,Yuba,115,75493,15748,15741,1176,16917,116
2022-03-12,Alameda,001,1643700,254401,253079,13428,266507,1783
2022-03-12,Alpine,002,1148,122,122,1,123,0
2022-03-12,Amador,005,37829,8486,8427,638,9065,84
2022-03-12,Butte,007,227075,32998,32774,6991,39765,380
2022-03-12,Calaveras,009,45235,7226,7253,344,7597,118
2022-03-12,Colusa,011,21464,3440,3440,1044,4484,21
2022-03-12,Contra Costa,013,1133247,190922,186618,13248,199866,1256
2022-03-12,Del Norte,015,27424,5765,5791,178,5969,48
2022-03-12,El Dorado,017,186661,26588,26538,3180,29718,199
2022-03-12,Fresno,019,978130,234024,228041,24176,252217,2653
2022-03-12,Glenn,021,27897,4979,4955,1595,6550,44
2022-03-12,Humboldt,023,135768,16815,16862,2916,19778,137
2022-03-12,Imperial,025,180216,55202,54837,10497,65334,896
2022-03-12,Inyo,027,18085,4062,4056,466,4522,56
2022-03-12,Kern,029,883053,191314,190330,45639,235969,2162
2022-03-12,Kings,031,150075,51300,51145,3505,54650,436
2022-03-12,Lake,033,64148,10660,10594,876,11470,131
2022-03-12,Lassen,035,31185,8938,8915,871,9786,62
2022-03-12,Los Angeles,037,10098052,2700120,2678858,121955,2800813,30901
2022-03-12,Madera,039,155013,37162,37223,5996,43219,354
2022-03-12,Marin,041,260295,33146,33015,2162,35177,272
2022-03-12,Mariposa,043,17540,2380,2372,198,2570,6
2022-03-12,Mendocino,045,87422,12988,12965,2978,15943,117
2022-03-12,Merced,047,269075,62380,61840,8685,70525,795
2022-03-12,Modoc,049,8938,729,730,248,978,7
2022-03-12,Mono,051,14174,2963,2960,120,3080,5
2022-03-12,Monterey,053,433212,78993,78285,13422,91707,716
2022-03-12,Napa,055,140530,25593,25584,926,26510,138
2022-03-12,Nevada,057,99092,15886,15947,1186,17133,123
2022-03-12,Orange,059,3164182,544755,542354,41239,583593,6718
2022-03-12,Placer,061,380077,62490,62282,7289,69571,598
2022-03-12,Plumas,063,18699,2964,2707,358,3065,13
2022-03-12,Riverside,065,2383286,589627,588022,27607,615629,6317
2022-03-12,Sacramento,067,1510023,279558,274519,26361,300880,2886
2022-03-12,San Benito,069,59416,12921,12868,509,13377,95
2022-03-12,San Bernardino,071,2135413,572697,559013,24789,583802,6734
2022-03-12,San Diego,073,3302833,747246,744386,52337,796723,5090
2022-03-12,San Francisco,075,870044,123072,123610,8091,131701,823
2022-03-12,San Joaquin,077,732212,166122,165516,9833,175349,2117
2022-03-12,San Luis Obispo,079,281455,52186,51947,3696,55643,457
2022-03-12,San Mateo,081,765935,120673,119288,6847,126135,641
2022-03-12,Santa Barbara,083,443738,85338,85421,4663,90084,664
2022-03-12,Santa Clara,085,1922200,312280,308989,12183,321172,2208
2022-03-12,Santa Cruz,087,273765,47363,46982,2064,49046,254
2022-03-12,Shasta,089,179085,30441,30419,6060,36479,517
2022-03-12,Sierra,091,2930,271,273,47,320,4
2022-03-12,Siskiyou,093,43540,4415,4405,2709,7114,75
2022-03-12,Solano,095,438530,81073,81058,5512,86570,436
2022-03-12,Sonoma,097,501317,82899,82622,2555,85177,473
2022-03-12,Stanislaus,099,539301,117211,117884,17753,135637,1564
2022-03-12,Sutter,101,95872,20406,20429,2026,22455,217
2022-03-12,Tehama,103,63373,12018,11983,2563,14546,159
2022-03-12,Trinity,105,12862,1182,1172,287,1459,20
2022-03-12,Tulare,107,460477,106064,103994,27405,131399,1358
2022-03-12,Tuolumne,109,53932,12643,12476,557,13033,180
2022-03-12,Ventura,111,848112,172358,171932,9332,181264,1442
2022-03-12,Yolo,113,214977,36806,35982,2874,38856,308
2022-03-12,Yuba,115,75493,15748,15722,1176,16898,116
2022-03-11,Alameda,001,1643700,254339,253079,13428,266507,1783
2022-03-11,Alpine,002,1148,122,122,1,123,0
2022-03-11,Amador,005,37829,8484,8427,638,9065,84
2022-03-11,Butte,007,227075,32994,32774,6990,39764,380
2022-03-11,Calaveras,009,45235,7226,7253,344,7597,118
2022-03-11,Colusa,011,21464,3440,3440,1044,4484,21
2022-03-11,Contra Costa,013,1133247,190873,186618,13246,199864,1256
2022-03-11,Del Norte,015,27424,5761,5791,178,5969,48
2022-03-11,El Dorado,017,186661,26584,26538,3180,29718,199
2022-03-11,Fresno,019,978130,233969,228041,24172,252213,2653
2022-03-11,Glenn,021,27897,4979,4955,1595,6550,44
2022-03-11,Humboldt,023,135768,16810,16862,2915,19777,137
2022-03-11,Imperial,025,180216,55196,54837,10496,65333,896
2022-03-11,Inyo,027,18085,4062,4056,466,4522,56
2022-03-11,Kern,029,883053,191292,190330,45634,235964,2162
2022-03-11,Kings,031,150075,51281,51145,3505,54650,436
2022-03-11,Lake,033,64148,10656,10594,876,11470,131
2022-03-11,Lassen,035,31185,8937,8915,871,9786,62
2022-03-11,Los Angeles,037,10098052,2699799,2678858,121927,2800785,30901
2022-03-11,Madera,039,155013,37157,37223,5996,43219,354
2022-03-11,Marin,041,260295,33130,33015,2161,35176,272
2022-03-11,Mariposa,043,17540,2379,2372,198,2570,6
2022-03-11,Mendocino,045,87422,12982,12965,2978,15943,117
2022-03-11,Merced,047,269075,62373,61840,8683,70523,795
2022-03-11,Modoc,049,8938,729,730,248,978,7
2022-03-11,Mono,051,14174,2962,2960,120,3080,5
2022-03-11,Monterey,053,433212,78980,78285,13415,91700,716
2022-03-11,Napa,055,140530,25582,25584,926,26510,138
2022-03-11,Nevada,057,99092,15883,15947,1186,17133,123
2022-03-11,Orange,059,3164182,544686,542354,41225,583579,6718
2022-03-11,Placer,061,380077,62477,62282,7288,69570,598
2022-03-11,Plumas,063,18699,2962,2707,358,3065,13
2022-03-11,Riverside,065,2383286,589550,588022,27603,615625,6317
2022-03-11,Sacramento,067,1510023,279488,274519,26359,300878,2886
2022-03-11,San Benito,069,59416,12920,12868,509,13377,95
2022-03-11,San Bernardino,071,2135413,572640,559013,24784,583797,6734
2022-03-11,San Diego,073,3302833,747080,744386,52323,796709,5090
2022-03-11,San Francisco,075,870044,123015,123610,8087,131697,823
2022-03-11,San Joaquin,077,732212,166084,165516,9830,175346,2117
2022-03-11,San Luis Obispo,079,281455,52178,51947,3695,55642,457
2022-03-11,San Mateo,081,765935,120624,119288,6844,126132,641
2022-03-11,Santa Barbara,083,443738,85318,85421,4662,90083,664
2022-03-11,Santa Clara,085,1922200,312143,308989,12180,321169,2208
2022-03-11,Santa Cruz,087,273765,47348,46982,2064,49046,254
2022-03-11,Shasta,089,179085,30436,30419,6057,36476,517
2022-03-11,Sierra,091,2930,271,273,47,320,4
2022-03-11,Siskiyou,093,43540,4415,4405,2707,7112,75
2022-03-11,Solano,095,438530,81059,81058,5511,86569,436
2022-03-11,Sonoma,097,501317,82873,82622,2553,85175,473
2022-03-11,Stanislaus,099,539301,117197,117884,17751,135635,1564
2022-03-11,Sutter,101,95872,20404,20429,2026,22455,217
2022-03-11,Tehama,103,63373,12016,11983,2563,14546,159
2022-03-11,Trinity,105,12862,1182,1172,287,1459,20
2022-03-11,Tulare,107,460477,106050,103994,27399,131393,1358
2022-03-11,Tuolumne,109,53932,12641,12476,557,13033,180
2022-03-11,Ventura,111,848112,172322,171932,9327,181259,1442
2022-03-11,Yolo,113,214977,36795,35982,2874,38856,308
2022-03-11,Yuba,115,75493,15745,15722,1176,16898,116
2022-03-10,Alameda,001,1643700,254214,253079,13424,266503,1783
2022-03-10,Alpine,002,1148,122,122,1,123,0
2022-03-10,Amador,005,37829,8483,8427,638,9065,84
2022-03-10,Butte,007,227075,32978,32774,6988,39762,380
2022-03-10,Calaveras,009,45235,7225,7253,343,7596,118
2022-03-10,Colusa,011,21464,3440,3440,1044,4484,21
2022-03-10,Contra Costa,013,1133247,190789,186618,13236,199854,1256
2022-03-10,Del Norte,015,27424,5752,5791,178,5969,48
2022-03-10,El Dorado,017,186661,26573,26538,3179,29717,199
2022-03-10,Fresno,019,978130,233893,228041,24162,252203,2653
2022-03-10,Glenn,021,27897,4976,4955,1595,6550,44
2022-03-10,Humboldt,023,135768,16801,16862,2914,19776,137
2022-03-10,Imperial,025,180216,55186,54837,10495,65332,896
2022-03-10,Inyo,027,18085,4061,4056,466,4522,56
2022-03-10,Kern,029,883053,191259,190330,45620,235950,2162
2022-03-10,Kings,031,150075,51252,51145,3504,54649,436
2022-03-10,Lake,033,64148,10646,10594,875,11469,131
2022-03-10,Lassen,035,31185,8937,8915,871,9786,62
2022-03-10,Los Angeles,037,10098052,2699247,2678858,121886,2800744,30901
2022-03-10,Madera,039,155013,37151,37223,5989,43212,354
2022-03-10,Marin,041,260295,33117,33015,2157,35172,272
2022-03-10,Mariposa,043,17540,2379,2372,198,2570,6
2022-03-10,Mendocino,045,87422,12979,12965,2978,15943,117
2022-03-10,Merced,047,269075,62353,61840,8678,70518,795
2022-03-10,Modoc,049,8938,728,730,248,978,7
2022-03-10,Mono,051,14174,2962,2960,120,3080,5
2022-03-10,Monterey,053,433212,78957,78285,13390,91675,716
2022-03-10,Napa,055,140530,25573,25584,925,26509,138
2022-03-10,Nevada,057,99092,15876,15947,1186,17133,123
2022-03-10,Orange,059,3164182,544565,542354,41207,583561,6718
2022-03-10,Placer,061,380077,62456,62282,7283,69565,598
2022-03-10,Plumas,063,18699,2961,2707,358,3065,13
2022-03-10,Riverside,065,2383286,589435,588022,27598,615620,6317
2022-03-10,Sacramento,067,1510023,279411,274519,26353,300872,2886
2022-03-10,San Benito,069,59416,12919,12868,508,13376,95
2022-03-10,San Bernardino,071,2135413,572567,559013,24780,583793,6734
2022-03-10,San Diego,073,3302833,746822,744386,52292,796678,5090
2022-03-10,San Francisco,075,870044,122948,123610,8081,131691,823
2022-03-10,San Joaquin,077,732212,166051,165516,9828,175344,2117
2022-03-10,San Luis Obispo,079,281455,52155,51947,3692,55639,457
2022-03-10,San Mateo,081,765935,120561,119288,6842,126130,641
2022-03-10,Santa Barbara,083,443738,85286,85421,4661,90082,664
2022-03-10,Santa Clara,085,1922200,311971,308989,12173,321162,2208
2022-03-10,Santa Cruz,087,273765,47316,46982,2064,49046,254
2022-03-10,Shasta,089,179085,30427,30419,6055,36474,517
2022-03-10,Sierra,091,2930,271,273,47,320,4
2022-03-10,Siskiyou,093,43540,4415,4405,2707,7112,75
2022-03-10,Solano,095,438530,81023,81058,5506,86564,436
2022-03-10,Sonoma,097,501317,82846,82622,2553,85175,473
2022-03-10,Stanislaus,099,539301,117162,117884,17749,135633,1564
2022-03-10,Sutter,101,95872,20400,20429,2026,22455,217
2022-03-10,Tehama,103,63373,12015,11983,2563,14546,159
2022-03-10,Trinity,105,12862,1182,1172,287,1459,20
2022-03-10,Tulare,107,460477,106032,103994,27393,131387,1358
2022-03-10,Tuolumne,109,53932,12638,12476,557,13033,180
2022-03-10,Ventura,111,848112,172281,171932,9324,181256,1442
2022-03-10,Yolo,113,214977,36782,35982,2873,38855,308
2022-03-10,Yuba,115,75493,15735,15722,1175,16897,116
2022-03-09,Alameda,001,1643700,254082,252893,13420,266313,1781
2022-03-09,Alpine,002,1148,122,125,1,126,0
2022-03-09,Amador,005,37829,8477,8409,638,9047,84
2022-03-09,Butte,007,227075,32969,32767,6984,39751,380
2022-03-09,Calaveras,009,45235,7223,7249,343,7592,117
2022-03-09,Colusa,011,21464,3439,3439,1044,4483,21
2022-03-09,Contra Costa,013,1133247,190683,186483,13221,199704,1256
2022-03-09,Del Norte,015,27424,5748,5765,178,5943,48
2022-03-09,El Dorado,017,186661,26569,26515,3179,29694,198
2022-03-09,Fresno,019,978130,233796,227885,24154,252039,2653
2022-03-09,Glenn,021,27897,4976,4953,1594,6547,44
2022-03-09,Humboldt,023,135768,16796,16854,2911,19765,137
2022-03-09,Imperial,025,180216,55180,54764,10493,65257,894
2022-03-09,Inyo,027,18085,4061,4056,466,4522,56
2022-03-09,Kern,029,883053,191211,190254,45607,235861,2159
2022-03-09,Kings,031,150075,51231,51122,3504,54626,435
2022-03-09,Lake,033,64148,10639,10586,875,11461,130
2022-03-09,Lassen,035,31185,8937,8901,871,9772,62
2022-03-09,Los Angeles,037,10098052,2698602,2677901,121846,2799747,30842
2022-03-09,Madera,039,155013,37143,37207,5988,43195,354
2022-03-09,Marin,041,260295,33099,32967,2157,35124,272
2022-03-09,Mariposa,043,17540,2376,2372,198,2570,6
2022-03-09,Mendocino,045,87422,12975,12957,2973,15930,117
2022-03-09,Merced,047,269075,62336,61792,8672,70464,792
2022-03-09,Modoc,049,8938,727,730,247,977,7
2022-03-09,Mono,051,14174,2962,2962,120,3082,5
2022-03-09,Monterey,053,433212,78935,78258,13347,91605,716
2022-03-09,Napa,055,140530,25552,25561,924,26485,138
2022-03-09,Nevada,057,99092,15867,15938,1185,17123,123
2022-03-09,Orange,059,3164182,544435,542278,41195,583473,6700
2022-03-09,Placer,061,380077,62433,62242,7279,69521,598
2022-03-09,Plumas,063,18699,2960,2708,358,3066,13
2022-03-09,Riverside,065,2383286,589323,587833,27588,615421,6305
2022-03-09,Sacramento,067,1510023,279323,274373,26337,300710,2877
2022-03-09,San Benito,069,59416,12902,12864,508,13372,95
2022-03-09,San Bernardino,071,2135413,572466,558795,24769,583564,6723
2022-03-09,San Diego,073,3302833,746551,743956,52265,796221,5083
2022-03-09,San Francisco,075,870044,122857,123676,8077,131753,812
2022-03-09,San Joaquin,077,732212,166011,165444,9822,175266,2113
2022-03-09,San Luis Obispo,079,281455,52136,51923,3690,55613,457
2022-03-09,San Mateo,081,765935,120503,119194,6830,126024,639
2022-03-09,Santa Barbara,083,443738,85272,85382,4659,90041,661
2022-03-09,Santa Clara,085,1922200,311816,308765,12163,320928,2206
2022-03-09,Santa Cruz,087,273765,47276,46917,2063,48980,254
2022-03-09,Shasta,089,179085,30405,30407,6054,36461,493
2022-03-09,Sierra,091,2930,271,273,47,320,4
2022-03-09,Siskiyou,093,43540,4414,4403,2706,7109,75
2022-03-09,Solano,095,438530,80987,80984,5505,86489,436
2022-03-09,Sonoma,097,501317,82813,82574,2551,85125,473
2022-03-09,Stanislaus,099,539301,117125,117827,17744,135571,1541
2022-03-09,Sutter,101,95872,20388,20409,2022,22431,217
2022-03-09,Tehama,103,63373,12011,11980,2563,14543,159
2022-03-09,Trinity,105,12862,1182,1174,287,1461,20
2022-03-09,Tulare,107,460477,106004,103932,27380,131312,1350
2022-03-09,Tuolumne,109,53932,12636,12444,557,13001,180
2022-03-09,Ventura,111,848112,172230,171852,9321,181173,1448
2022-03-09,Yolo,113,214977,36763,35973,2861,38834,308
2022-03-09,Yuba,115,75493,15730,15714,1174,16888,115
2022-03-08,Alameda,001,1643700,253925,252744,13407,266151,1769
2022-03-08,Alpine,002,1148,122,125,1,126,0
2022-03-08,Amador,005,37829,8463,8407,638,9045,84
2022-03-08,Butte,007,227075,32955,32759,6980,39739,380
2022-03-08,Calaveras,009,45235,7219,7245,343,7588,117
2022-03-08,Colusa,011,21464,3436,3439,1043,4482,21
2022-03-08,Contra Costa,013,1133247,190596,186396,13208,199604,1256
2022-03-08,Del Norte,015,27424,5743,5763,178,5941,48
2022-03-08,El Dorado,017,186661,26559,26503,3174,29677,197
2022-03-08,Fresno,019,978130,233698,227808,24145,251953,2653
2022-03-08,Glenn,021,27897,4974,4944,1593,6537,43
2022-03-08,Humboldt,023,135768,16784,16837,2898,19735,137
2022-03-08,Imperial,025,180216,55165,54721,10491,65212,890
2022-03-08,Inyo,027,18085,4058,4056,466,4522,56
2022-03-08,Kern,029,883053,191148,190208,45593,235801,2154
2022-03-08,Kings,031,150075,51189,51089,3502,54591,434
2022-03-08,Lake,033,64148,10629,10571,875,11446,130
2022-03-08,Lassen,035,31185,8936,8897,871,9768,62
2022-03-08,Los Angeles,037,10098052,2697911,2677166,121809,2798975,30803
2022-03-08,Madera,039,155013,37133,37185,5987,43172,354
2022-03-08,Marin,041,260295,33062,32943,2156,35099,272
2022-03-08,Mariposa,043,17540,2374,2371,198,2569,6
2022-03-08,Mendocino,045,87422,12971,12950,2972,15922,117
2022-03-08,Merced,047,269075,62315,61767,8661,70428,791
2022-03-08,Modoc,049,8938,726,729,247,976,7
2022-03-08,Mono,051,14174,2961,2961,120,3081,5
2022-03-08,Monterey,053,433212,78915,78247,13310,91557,711
2022-03-08,Napa,055,140530,25526,25528,923,26451,137
2022-03-08,Nevada,057,99092,15856,15939,1184,17123,122
2022-03-08,Orange,059,3164182,544289,542164,41175,583339,6692
2022-03-08,Placer,061,380077,62405,62221,7278,69499,594
2022-03-08,Plumas,063,18699,2960,2703,358,3061,13
2022-03-08,Riverside,065,2383286,589214,587686,27581,615267,6294
2022-03-08,Sacramento,067,1510023,279221,274276,26318,300594,2872
2022-03-08,San Benito,069,59416,12900,12855,508,13363,94
2022-03-08,San Bernardino,071,2135413,572373,558512,24759,583271,6715
2022-03-08,San Diego,073,3302833,746208,743604,52248,795852,5077
2022-03-08,San Francisco,075,870044,122761,123675,8072,131747,807
2022-03-08,San Joaquin,077,732212,165975,165381,9818,175199,2104
2022-03-08,San Luis Obispo,079,281455,52108,51900,3687,55587,451
2022-03-08,San Mateo,081,765935,120422,119103,6820,125923,638
2022-03-08,Santa Barbara,083,443738,85240,85363,4659,90022,659
2022-03-08,Santa Clara,085,1922200,311589,308528,12156,320684,2206
2022-03-08,Santa Cruz,087,273765,47239,46875,2062,48937,254
2022-03-08,Shasta,089,179085,30386,30372,6051,36423,493
2022-03-08,Sierra,091,2930,271,273,47,320,4
2022-03-08,Siskiyou,093,43540,4410,4404,2706,7110,74
2022-03-08,Solano,095,438530,80959,80924,5502,86426,434
2022-03-08,Sonoma,097,501317,82767,82571,2550,85121,473
2022-03-08,Stanislaus,099,539301,117081,117782,17735,135517,1541
2022-03-08,Sutter,101,95872,20380,20403,2022,22425,217
2022-03-08,Tehama,103,63373,12007,11972,2562,14534,158
2022-03-08,Trinity,105,12862,1182,1174,287,1461,20
2022-03-08,Tulare,107,460477,105966,103893,27369,131262,1334
2022-03-08,Tuolumne,109,53932,12631,12427,555,12982,180
2022-03-08,Ventura,111,848112,172166,171806,9314,181120,1447
2022-03-08,Yolo,113,214977,36737,35946,2860,38806,306
2022-03-08,Yuba,115,75493,15725,15705,1173,16878,115
2022-03-07,Alameda,001,1643700,253716,252578,13396,265974,1766
2022-03-07,Alpine,002,1148,122,125,1,126,0
2022-03-07,Amador,005,37829,8460,8368,638,9006,84
2022-03-07,Butte,007,227075,32940,32734,6976,39710,378
2022-03-07,Calaveras,009,45235,7215,7242,343,7585,116
2022-03-07,Colusa,011,21464,3436,3437,1043,4480,21
2022-03-07,Contra Costa,013,1133247,190496,186087,13187,199274,1256
2022-03-07,Del Norte,015,27424,5739,5758,178,5936,48
2022-03-07,El Dorado,017,186661,26553,26487,3173,29660,196
2022-03-07,Fresno,019,978130,233607,227670,24122,251792,2653
2022-03-07,Glenn,021,27897,4971,4939,1593,6532,43
2022-03-07,Humboldt,023,135768,16771,16829,2893,19722,137
2022-03-07,Imperial,025,180216,55143,54712,10486,65198,890
2022-03-07,Inyo,027,18085,4056,4054,466,4520,56
2022-03-07,Kern,029,883053,191084,190163,45570,235733,2152
2022-03-07,Kings,031,150075,51159,51065,3497,54562,433
2022-03-07,Lake,033,64148,10617,10562,874,11436,130
2022-03-07,Lassen,035,31185,8935,8896,871,9767,62
2022-03-07,Los Angeles,037,10098052,2697115,2675497,121768,2797265,30759
2022-03-07,Madera,039,155013,37123,37164,5985,43149,354
2022-03-07,Marin,041,260295,33025,32919,2153,35072,272
2022-03-07,Mariposa,043,17540,2373,2369,198,2567,6
2022-03-07,Mendocino,045,87422,12964,12940,2971,15911,117
2022-03-07,Merced,047,269075,62275,61751,8654,70405,791
2022-03-07,Modoc,049,8938,726,729,247,976,7
2022-03-07,Mono,051,14174,2961,2960,120,3080,5
2022-03-07,Monterey,053,433212,78881,78161,13262,91423,706
2022-03-07,Napa,055,140530,25497,25500,923,26423,136
2022-03-07,Nevada,057,99092,15849,15935,1178,17113,122
2022-03-07,Orange,059,3164182,544118,542028,41148,583176,6687
2022-03-07,Placer,061,380077,62376,62215,7277,69492,591
2022-03-07,Plumas,063,18699,2960,2702,358,3060,13
2022-03-07,Riverside,065,2383286,589087,587537,27573,615110,6279
2022-03-07,Sacramento,067,1510023,279120,274079,26305,300384,2866
2022-03-07,San Benito,069,59416,12894,12843,508,13351,94
2022-03-07,San Bernardino,071,2135413,572268,558265,24749,583014,6703
2022-03-07,San Diego,073,3302833,745867,742287,52205,794492,5068
2022-03-07,San Francisco,075,870044,122649,123655,8066,131721,807
2022-03-07,San Joaquin,077,732212,165924,165343,9811,175154,2091
2022-03-07,San Luis Obispo,079,281455,52063,51874,3685,55559,448
2022-03-07,San Mateo,081,765935,120346,119035,6813,125848,630
2022-03-07,Santa Barbara,083,443738,85201,85345,4658,90003,659
2022-03-07,Santa Clara,085,1922200,311393,308517,12148,320665,2202
2022-03-07,Santa Cruz,087,273765,47189,46823,2061,48884,254
2022-03-07,Shasta,089,179085,30373,30352,6048,36400,493
2022-03-07,Sierra,091,2930,271,273,47,320,4
2022-03-07,Siskiyou,093,43540,4406,4398,2705,7103,74
2022-03-07,Solano,095,438530,80902,80886,5500,86386,435
2022-03-07,Sonoma,097,501317,82722,82530,2549,85079,473
2022-03-07,Stanislaus,099,539301,117042,117713,17728,135441,1537
2022-03-07,Sutter,101,95872,20369,20400,2021,22421,217
2022-03-07,Tehama,103,63373,12002,11966,2561,14527,158
2022-03-07,Trinity,105,12862,1180,1173,287,1460,20
2022-03-07,Tulare,107,460477,105930,103834,27359,131193,1316
2022-03-07,Tuolumne,109,53932,12625,12408,554,12962,179
2022-03-07,Ventura,111,848112,172115,171886,9312,181198,1436
2022-03-07,Yolo,113,214977,36714,35934,2854,38788,306
2022-03-07,Yuba,115,75493,15718,15701,1172,16873,115
2022-03-06,Alameda,001,1643700,253523,252460,13387,265847,1766
2022-03-06,Alpine,002,1148,122,125,1,126,0
2022-03-06,Amador,005,37829,8457,8367,636,9003,84
2022-03-06,Butte,007,227075,32928,32714,6971,39685,376
2022-03-06,Calaveras,009,45235,7213,7236,342,7578,116
2022-03-06,Colusa,011,21464,3434,3435,1042,4477,21
2022-03-06,Contra Costa,013,1133247,190382,185974,13162,199136,1256
2022-03-06,Del Norte,015,27424,5724,5744,177,5921,48
2022-03-06,El Dorado,017,186661,26546,26478,3171,29649,196
2022-03-06,Fresno,019,978130,233465,227514,24112,251626,2653
2022-03-06,Glenn,021,27897,4967,4939,1593,6532,43
2022-03-06,Humboldt,023,135768,16761,16813,2890,19703,137
2022-03-06,Imperial,025,180216,55125,54719,10476,65195,890
2022-03-06,Inyo,027,18085,4054,4053,466,4519,56
2022-03-06,Kern,029,883053,191028,190088,45550,235638,2152
2022-03-06,Kings,031,150075,51089,51050,3495,54545,432
2022-03-06,Lake,033,64148,10603,10539,873,11412,130
2022-03-06,Lassen,035,31185,8922,8887,870,9757,62
2022-03-06,Los Angeles,037,10098052,2696191,2675456,121714,2797170,30759
2022-03-06,Madera,039,155013,37093,37135,5978,43113,354
2022-03-06,Marin,041,260295,32999,32879,2152,35031,272
2022-03-06,Mariposa,043,17540,2372,2365,197,2562,6
2022-03-06,Mendocino,045,87422,12952,12923,2967,15890,116
2022-03-06,Merced,047,269075,62243,61722,8636,70358,791
2022-03-06,Modoc,049,8938,726,729,247,976,7
2022-03-06,Mono,051,14174,2961,2959,120,3079,5
2022-03-06,Monterey,053,433212,78835,78154,13231,91385,706
2022-03-06,Napa,055,140530,25462,25457,921,26378,136
2022-03-06,Nevada,057,99092,15838,15924,1177,17101,122
2022-03-06,Orange,059,3164182,543960,541903,41101,583004,6688
2022-03-06,Placer,061,380077,62344,62185,7274,69459,591
2022-03-06,Plumas,063,18699,2955,2704,358,3062,13
2022-03-06,Riverside,065,2383286,588924,587388,27553,614941,6279
2022-03-06,Sacramento,067,1510023,278984,273935,26281,300216,2869
2022-03-06,San Benito,069,59416,12883,12835,507,13342,94
2022-03-06,San Bernardino,071,2135413,572146,558139,24737,582876,6701
2022-03-06,San Diego,073,3302833,745472,742287,52156,794443,5068
2022-03-06,San Francisco,075,870044,122517,123742,8063,131805,806
2022-03-06,San Joaquin,077,732212,165842,165252,9805,175057,2091
2022-03-06,San Luis Obispo,079,281455,52025,51828,3683,55511,448
2022-03-06,San Mateo,081,765935,120263,118916,6804,125720,630
2022-03-06,Santa Barbara,083,443738,85160,85317,4653,89970,659
2022-03-06,Santa Clara,085,1922200,311125,308250,12146,320396,2201
2022-03-06,Santa Cruz,087,273765,47138,46755,2060,48815,254
2022-03-06,Shasta,089,179085,30350,30332,6032,36364,493
2022-03-06,Sierra,091,2930,271,273,47,320,4
2022-03-06,Siskiyou,093,43540,4404,4398,2703,7101,74
2022-03-06,Solano,095,438530,80845,80833,5494,86327,435
2022-03-06,Sonoma,097,501317,82687,82458,2545,85003,473
2022-03-06,Stanislaus,099,539301,116996,117680,17716,135396,1536
2022-03-06,Sutter,101,95872,20354,20390,2017,22407,217
2022-03-06,Tehama,103,63373,11994,11963,2561,14524,158
2022-03-06,Trinity,105,12862,1180,1172,286,1458,20
2022-03-06,Tulare,107,460477,105874,103794,27347,131141,1316
2022-03-06,Tuolumne,109,53932,12619,12379,552,12931,179
2022-03-06,Ventura,111,848112,172046,171819,9310,181129,1436
2022-03-06,Yolo,113,214977,36688,35882,2851,38733,306
2022-03-06,Yuba,115,75493,15714,15694,1171,16865,115
2022-03-05,Alameda,001,1643700,253405,251988,13382,265370,1760
2022-03-05,Alpine,002,1148,122,125,1,126,0
2022-03-05,Amador,005,37829,8454,8344,636,8980,83
2022-03-05,Butte,007,227075,32920,32663,6967,39630,372
2022-03-05,Calaveras,009,45235,7210,7236,342,7578,116
2022-03-05,Colusa,011,21464,3434,3433,1042,4475,21
2022-03-05,Contra Costa,013,1133247,190319,185734,13157,198891,1235
2022-03-05,Del Norte,015,27424,5721,5725,177,5902,48
2022-03-05,El Dorado,017,186661,26540,26446,3168,29614,193
2022-03-05,Fresno,019,978130,233413,227154,24111,251265,2640
2022-03-05,Glenn,021,27897,4963,4927,1593,6520,43
2022-03-05,Humboldt,023,135768,16755,16781,2888,19669,136
2022-03-05,Imperial,025,180216,55115,54650,10474,65124,880
2022-03-05,Inyo,027,18085,4053,4043,465,4508,56
2022-03-05,Kern,029,883053,190995,189817,45532,235349,2141
2022-03-05,Kings,031,150075,51082,50926,3494,54420,431
2022-03-05,Lake,033,64148,10595,10512,872,11384,130
2022-03-05,Lassen,035,31185,8913,8818,870,9688,62
2022-03-05,Los Angeles,037,10098052,2695827,2671564,121678,2793242,30608
2022-03-05,Madera,039,155013,37078,37100,5978,43078,354
2022-03-05,Marin,041,260295,32987,32829,2152,34981,272
2022-03-05,Mariposa,043,17540,2372,2363,197,2560,6
2022-03-05,Mendocino,045,87422,12949,12845,2967,15812,113
2022-03-05,Merced,047,269075,62232,61653,8636,70289,789
2022-03-05,Modoc,049,8938,726,729,247,976,7
2022-03-05,Mono,051,14174,2961,2961,120,3081,5
2022-03-05,Monterey,053,433212,78816,78028,13224,91252,704
2022-03-05,Napa,055,140530,25444,25405,921,26326,134
2022-03-05,Nevada,057,99092,15834,15907,1177,17084,122
2022-03-05,Orange,059,3164182,543835,541463,41089,582552,6638
2022-03-05,Placer,061,380077,62329,62117,7267,69384,591
2022-03-05,Plumas,063,18699,2954,2701,358,3059,13
2022-03-05,Riverside,065,2383286,588833,586785,27549,614334,6239
2022-03-05,Sacramento,067,1510023,278920,273487,26275,299762,2847
2022-03-05,San Benito,069,59416,12881,12820,507,13327,94
2022-03-05,San Bernardino,071,2135413,572088,557421,24731,582152,6641
2022-03-05,San Diego,073,3302833,745285,740747,52144,792891,5045
2022-03-05,San Francisco,075,870044,122447,123537,8060,131597,798
2022-03-05,San Joaquin,077,732212,165802,165085,9797,174882,2069
2022-03-05,San Luis Obispo,079,281455,52017,51739,3682,55421,446
2022-03-05,San Mateo,081,765935,120208,118646,6800,125446,621
2022-03-05,Santa Barbara,083,443738,85145,85249,4653,89902,655
2022-03-05,Santa Clara,085,1922200,311008,307689,12143,319832,2195
2022-03-05,Santa Cruz,087,273765,47118,46622,2060,48682,253
2022-03-05,Shasta,089,179085,30338,30282,6032,36314,492
2022-03-05,Sierra,091,2930,271,273,46,319,4
2022-03-05,Siskiyou,093,43540,4403,4389,2702,7091,74
2022-03-05,Solano,095,438530,80828,80690,5494,86184,435
2022-03-05,Sonoma,097,501317,82665,82313,2545,84858,473
2022-03-05,Stanislaus,099,539301,116970,117501,17714,135215,1531
2022-03-05,Sutter,101,95872,20346,20346,2017,22363,217
2022-03-05,Tehama,103,63373,11991,11939,2561,14500,158
2022-03-05,Trinity,105,12862,1180,1170,284,1454,20
2022-03-05,Tulare,107,460477,105860,103534,27338,130872,1305
2022-03-05,Tuolumne,109,53932,12615,12325,551,12876,178
2022-03-05,Ventura,111,848112,172005,171666,9308,180974,1436
2022-03-05,Yolo,113,214977,36674,35856,2851,38707,306
2022-03-05,Yuba,115,75493,15706,15666,1171,16837,115
2022-03-04,Alameda,001,1643700,253310,251988,13374,265362,1760
2022-03-04,Alpine,002,1148,122,125,1,126,0
2022-03-04,Amador,005,37829,8453,8344,636,8980,83
2022-03-04,Butte,007,227075,32914,32663,6962,39625,372
2022-03-04,Calaveras,009,45235,7209,7236,342,7578,116
2022-03-04,Colusa,011,21464,3432,3433,1042,4475,21
2022-03-04,Contra Costa,013,1133247,190251,185734,13154,198888,1235
2022-03-04,Del Norte,015,27424,5711,5725,177,5902,48
2022-03-04,El Dorado,017,186661,26536,26446,3168,29614,193
2022-03-04,Fresno,019,978130,233350,227154,24104,251258,2640
2022-03-04,Glenn,021,27897,4962,4927,1593,6520,43
2022-03-04,Humboldt,023,135768,16751,16781,2888,19669,136
2022-03-04,Imperial,025,180216,55108,54650,10470,65120,880
2022-03-04,Inyo,027,18085,4053,4043,465,4508,56
2022-03-04,Kern,029,883053,190953,189817,45522,235339,2141
2022-03-04,Kings,031,150075,51069,50926,3494,54420,431
2022-03-04,Lake,033,64148,10594,10512,872,11384,130
2022-03-04,Lassen,035,31185,8911,8818,870,9688,62
2022-03-04,Los Angeles,037,10098052,2695297,2671564,121648,2793212,30608
2022-03-04,Madera,039,155013,37069,37100,5978,43078,354
2022-03-04,Marin,041,260295,32965,32829,2150,34979,272
2022-03-04,Mariposa,043,17540,2367,2363,197,2560,6
2022-03-04,Mendocino,045,87422,12943,12845,2967,15812,113
2022-03-04,Merced,047,269075,62222,61653,8634,70287,789
2022-03-04,Modoc,049,8938,726,729,247,976,7
2022-03-04,Mono,051,14174,2961,2961,120,3081,5
2022-03-04,Monterey,053,433212,78796,78028,13218,91246,704
2022-03-04,Napa,055,140530,25429,25405,920,26325,134
2022-03-04,Nevada,057,99092,15829,15907,1177,17084,122
2022-03-04,Orange,059,3164182,543716,541463,41071,582534,6638
2022-03-04,Placer,061,380077,62317,62117,7264,69381,591
2022-03-04,Plumas,063,18699,2954,2701,357,3058,13
2022-03-04,Riverside,065,2383286,588746,586785,27548,614333,6239
2022-03-04,Sacramento,067,1510023,278846,273487,26272,299759,2847
2022-03-04,San Benito,069,59416,12877,12820,507,13327,94
2022-03-04,San Bernardino,071,2135413,572006,557421,24730,582151,6641
2022-03-04,San Diego,073,3302833,745047,740747,52127,792874,5045
2022-03-04,San Francisco,075,870044,122381,123537,8053,131590,798
2022-03-04,San Joaquin,077,732212,165770,165085,9796,174881,2069
2022-03-04,San Luis Obispo,079,281455,52008,51739,3681,55420,446
2022-03-04,San Mateo,081,765935,120150,118646,6798,125444,621
2022-03-04,Santa Barbara,083,443738,85122,85249,4653,89902,655
2022-03-04,Santa Clara,085,1922200,310857,307689,12141,319830,2195
2022-03-04,Santa Cruz,087,273765,47095,46622,2060,48682,253
2022-03-04,Shasta,089,179085,30330,30282,6029,36311,492
2022-03-04,Sierra,091,2930,271,273,46,319,4
2022-03-04,Siskiyou,093,43540,4402,4389,2698,7087,74
2022-03-04,Solano,095,438530,80795,80690,5491,86181,435
2022-03-04,Sonoma,097,501317,82634,82313,2544,84857,473
2022-03-04,Stanislaus,099,539301,116951,117501,17712,135213,1531
2022-03-04,Sutter,101,95872,20342,20346,2017,22363,217
2022-03-04,Tehama,103,63373,11988,11939,2561,14500,158
2022-03-04,Trinity,105,12862,1180,1170,284,1454,20
2022-03-04,Tulare,107,460477,105841,103534,27333,130867,1305
2022-03-04,Tuolumne,109,53932,12610,12325,551,12876,178
2022-03-04,Ventura,111,848112,171957,171666,9305,180971,1436
2022-03-04,Yolo,113,214977,36657,35856,2851,38707,306
2022-03-04,Yuba,115,75493,15701,15666,1170,16836,115
2022-03-03,Alameda,001,1643700,253192,251988,13362,265350,1760
2022-03-03,Alpine,002,1148,122,125,1,126,0
2022-03-03,Amador,005,37829,8452,8344,636,8980,83
2022-03-03,Butte,007,227075,32897,32663,6955,39618,372
2022-03-03,Calaveras,009,45235,7197,7236,342,7578,116
2022-03-03,Colusa,011,21464,3432,3433,1042,4475,21
2022-03-03,Contra Costa,013,1133247,190176,185734,13139,198873,1235
2022-03-03,Del Norte,015,27424,5704,5725,177,5902,48
2022-03-03,El Dorado,017,186661,26517,26446,3167,29613,193
2022-03-03,Fresno,019,978130,233221,227154,24097,251251,2640
2022-03-03,Glenn,021,27897,4959,4927,1592,6519,43
2022-03-03,Humboldt,023,135768,16736,16781,2887,19668,136
2022-03-03,Imperial,025,180216,55091,54650,10468,65118,880
2022-03-03,Inyo,027,18085,4052,4043,465,4508,56
2022-03-03,Kern,029,883053,190885,189817,45504,235321,2141
2022-03-03,Kings,031,150075,51046,50926,3492,54418,431
2022-03-03,Lake,033,64148,10589,10512,870,11382,130
2022-03-03,Lassen,035,31185,8903,8818,870,9688,62
2022-03-03,Los Angeles,037,10098052,2694572,2671564,121606,2793170,30608
2022-03-03,Madera,039,155013,37053,37100,5973,43073,354
2022-03-03,Marin,041,260295,32939,32829,2149,34978,272
2022-03-03,Mariposa,043,17540,2366,2363,197,2560,6
2022-03-03,Mendocino,045,87422,12932,12845,2965,15810,113
2022-03-03,Merced,047,269075,62203,61653,8628,70281,789
2022-03-03,Modoc,049,8938,726,729,247,976,7
2022-03-03,Mono,051,14174,2960,2961,120,3081,5
2022-03-03,Monterey,053,433212,78766,78028,13201,91229,704
2022-03-03,Napa,055,140530,25405,25405,919,26324,134
2022-03-03,Nevada,057,99092,15824,15907,1172,17079,122
2022-03-03,Orange,059,3164182,543538,541463,41045,582508,6638
2022-03-03,Placer,061,380077,62296,62117,7260,69377,591
2022-03-03,Plumas,063,18699,2953,2701,357,3058,13
2022-03-03,Riverside,065,2383286,588613,586785,27543,614328,6239
2022-03-03,Sacramento,067,1510023,278733,273487,26255,299742,2847
2022-03-03,San Benito,069,59416,12873,12820,507,13327,94
2022-03-03,San Bernardino,071,2135413,571904,557421,24724,582145,6641
2022-03-03,San Diego,073,3302833,744703,740747,52109,792856,5045
2022-03-03,San Francisco,075,870044,122307,123537,8042,131579,798
2022-03-03,San Joaquin,077,732212,165696,165085,9793,174878,2069
2022-03-03,San Luis Obispo,079,281455,51953,51739,3673,55412,446
2022-03-03,San Mateo,081,765935,120074,118646,6789,125435,621
2022-03-03,Santa Barbara,083,443738,85103,85249,4644,89893,655
2022-03-03,Santa Clara,085,1922200,310675,307689,12127,319816,2195
2022-03-03,Santa Cruz,087,273765,47045,46622,2058,48680,253
2022-03-03,Shasta,089,179085,30312,30282,6027,36309,492
2022-03-03,Sierra,091,2930,271,273,46,319,4
2022-03-03,Siskiyou,093,43540,4400,4389,2698,7087,74
2022-03-03,Solano,095,438530,80747,80690,5489,86179,435
2022-03-03,Sonoma,097,501317,82584,82313,2540,84853,473
2022-03-03,Stanislaus,099,539301,116918,117501,17704,135205,1531
2022-03-03,Sutter,101,95872,20333,20346,2017,22363,217
2022-03-03,Tehama,103,63373,11985,11939,2561,14500,158
2022-03-03,Trinity,105,12862,1179,1170,284,1454,20
2022-03-03,Tulare,107,460477,105798,103534,27325,130859,1305
2022-03-03,Tuolumne,109,53932,12599,12325,551,12876,178
2022-03-03,Ventura,111,848112,171905,171666,9303,180969,1436
2022-03-03,Yolo,113,214977,36633,35856,2846,38702,306
2022-03-03,Yuba,115,75493,15695,15666,1165,16831,115
2022-03-02,Alameda,001,1643700,253014,251886,13345,265231,1759
2022-03-02,Alpine,002,1148,122,125,1,126,0
2022-03-02,Amador,005,37829,8439,8341,636,8977,83
2022-03-02,Butte,007,227075,32885,32636,6951,39587,372
2022-03-02,Calaveras,009,45235,7196,7225,342,7567,116
2022-03-02,Colusa,011,21464,3429,3428,1042,4470,21
2022-03-02,Contra Costa,013,1133247,190083,185589,13121,198710,1236
2022-03-02,Del Norte,015,27424,5697,5708,175,5883,47
2022-03-02,El Dorado,017,186661,26505,26433,3164,29597,192
2022-03-02,Fresno,019,978130,233088,226932,24087,251019,2629
2022-03-02,Glenn,021,27897,4958,4922,1591,6513,43
2022-03-02,Humboldt,023,135768,16726,16747,2880,19627,135
2022-03-02,Imperial,025,180216,55065,54629,10463,65092,878
2022-03-02,Inyo,027,18085,4050,4041,464,4505,56
2022-03-02,Kern,029,883053,190817,189656,45485,235141,2136
2022-03-02,Kings,031,150075,51020,50819,3489,54308,431
2022-03-02,Lake,033,64148,10576,10495,868,11363,130
2022-03-02,Lassen,035,31185,8900,8811,869,9680,62
2022-03-02,Los Angeles,037,10098052,2693694,2670287,121559,2791846,30535
2022-03-02,Madera,039,155013,37036,37077,5971,43048,354
2022-03-02,Marin,041,260295,32922,32794,2148,34942,272
2022-03-02,Mariposa,043,17540,2366,2359,197,2556,6
2022-03-02,Mendocino,045,87422,12919,12832,2960,15792,112
2022-03-02,Merced,047,269075,62178,61606,8619,70225,785
2022-03-02,Modoc,049,8938,726,729,247,976,7
2022-03-02,Mono,051,14174,2960,2961,120,3081,5
2022-03-02,Monterey,053,433212,78729,77963,13178,91141,703
2022-03-02,Napa,055,140530,25356,25382,918,26300,134
2022-03-02,Nevada,057,99092,15813,15920,1171,17091,122
2022-03-02,Orange,059,3164182,543334,541230,41018,582248,6623
2022-03-02,Placer,061,380077,62273,62066,7257,69323,589
2022-03-02,Plumas,063,18699,2953,2700,357,3057,13
2022-03-02,Riverside,065,2383286,588463,586513,27533,614046,6229
2022-03-02,Sacramento,067,1510023,278616,273291,26244,299535,2837
2022-03-02,San Benito,069,59416,12862,12814,507,13321,94
2022-03-02,San Bernardino,071,2135413,571794,557082,24718,581800,6619
2022-03-02,San Diego,073,3302833,744343,739803,52061,791864,5034
2022-03-02,San Francisco,075,870044,122212,123442,8040,131482,792
2022-03-02,San Joaquin,077,732212,165637,164968,9788,174756,2063
2022-03-02,San Luis Obispo,079,281455,51915,51686,3668,55354,446
2022-03-02,San Mateo,081,765935,119987,118518,6773,125291,617
2022-03-02,Santa Barbara,083,443738,85078,85183,4643,89826,655
2022-03-02,Santa Clara,085,1922200,310461,307354,12114,319468,2184
2022-03-02,Santa Cruz,087,273765,46974,46534,2057,48591,253
2022-03-02,Shasta,089,179085,30287,30253,6017,36270,490
2022-03-02,Sierra,091,2930,271,273,46,319,4
2022-03-02,Siskiyou,093,43540,4399,4384,2695,7079,74
2022-03-02,Solano,095,438530,80681,80626,5486,86112,433
2022-03-02,Sonoma,097,501317,82538,82208,2536,84744,473
2022-03-02,Stanislaus,099,539301,116882,117411,17679,135090,1519
2022-03-02,Sutter,101,95872,20311,20317,2000,22317,216
2022-03-02,Tehama,103,63373,11981,11930,2560,14490,158
2022-03-02,Trinity,105,12862,1177,1160,284,1444,20
2022-03-02,Tulare,107,460477,105758,103451,27310,130761,1302
2022-03-02,Tuolumne,109,53932,12594,12297,551,12848,179
2022-03-02,Ventura,111,848112,171852,171770,9299,181069,1427
2022-03-02,Yolo,113,214977,36615,35799,2841,38640,305
2022-03-02,Yuba,115,75493,15682,15653,1160,16813,115
2022-03-01,Alameda,001,1643700,252844,251830,13333,265163,1749
2022-03-01,Alpine,002,1148,122,125,1,126,0
2022-03-01,Amador,005,37829,8391,8334,634,8968,83
2022-03-01,Butte,007,227075,32861,32575,6946,39521,372
2022-03-01,Calaveras,009,45235,7193,7223,341,7564,116
2022-03-01,Colusa,011,21464,3428,3423,1042,4465,21
2022-03-01,Contra Costa,013,1133247,189974,185378,13106,198484,1231
2022-03-01,Del Norte,015,27424,5694,5701,174,5875,45
2022-03-01,El Dorado,017,186661,26486,26413,3161,29574,192
2022-03-01,Fresno,019,978130,232948,226594,24073,250667,2628
2022-03-01,Glenn,021,27897,4956,4919,1589,6508,40
2022-03-01,Humboldt,023,135768,16705,16727,2873,19600,135
2022-03-01,Imperial,025,180216,55048,54570,10457,65027,875
2022-03-01,Inyo,027,18085,4046,4041,463,4504,56
2022-03-01,Kern,029,883053,190743,189365,45461,234826,2120
2022-03-01,Kings,031,150075,50998,50763,3485,54248,427
2022-03-01,Lake,033,64148,10565,10471,866,11337,128
2022-03-01,Lassen,035,31185,8896,8801,869,9670,61
2022-03-01,Los Angeles,037,10098052,2692744,2669489,121502,2790991,30486
2022-03-01,Madera,039,155013,37016,37046,5965,43011,354
2022-03-01,Marin,041,260295,32896,32764,2147,34911,272
2022-03-01,Mariposa,043,17540,2365,2357,196,2553,6
2022-03-01,Mendocino,045,87422,12908,12818,2958,15776,112
2022-03-01,Merced,047,269075,62147,61549,8605,70154,781
2022-03-01,Modoc,049,8938,726,729,247,976,7
2022-03-01,Mono,051,14174,2959,2960,120,3080,6
2022-03-01,Monterey,053,433212,78702,77911,13168,91079,696
2022-03-01,Napa,055,140530,25325,25344,918,26262,134
2022-03-01,Nevada,057,99092,15805,15916,1168,17084,121
2022-03-01,Orange,059,3164182,543118,541054,40983,582037,6612
2022-03-01,Placer,061,380077,62243,62021,7252,69273,583
2022-03-01,Plumas,063,18699,2953,2694,357,3051,13
2022-03-01,Riverside,065,2383286,588299,586184,27532,613716,6198
2022-03-01,Sacramento,067,1510023,278487,273089,26231,299320,2831
2022-03-01,San Benito,069,59416,12858,12806,507,13313,94
2022-03-01,San Bernardino,071,2135413,571660,556743,24716,581459,6588
2022-03-01,San Diego,073,3302833,743918,739136,52019,791155,5029
2022-03-01,San Francisco,075,870044,122109,123481,8034,131515,792
2022-03-01,San Joaquin,077,732212,165570,164894,9784,174678,2062
2022-03-01,San Luis Obispo,079,281455,51879,51592,3664,55256,445
2022-03-01,San Mateo,081,765935,119915,118358,6766,125124,613
2022-03-01,Santa Barbara,083,443738,85042,85134,4639,89773,654
2022-03-01,Santa Clara,085,1922200,310206,306978,12102,319080,2190
2022-03-01,Santa Cruz,087,273765,46924,46471,2054,48525,253
2022-03-01,Shasta,089,179085,30258,30227,6014,36241,489
2022-03-01,Sierra,091,2930,271,274,46,320,5
2022-03-01,Siskiyou,093,43540,4397,4384,2693,7077,74
2022-03-01,Solano,095,438530,80618,80556,5483,86039,434
2022-03-01,Sonoma,097,501317,82469,82103,2530,84633,477
2022-03-01,Stanislaus,099,539301,116829,117308,17654,134962,1521
2022-03-01,Sutter,101,95872,20297,20288,1996,22284,217
2022-03-01,Tehama,103,63373,11975,11923,2557,14480,158
2022-03-01,Trinity,105,12862,1176,1159,284,1443,20
2022-03-01,Tulare,107,460477,105676,103371,27290,130661,1302
2022-03-01,Tuolumne,109,53932,12587,12276,549,12825,175
2022-03-01,Ventura,111,848112,171782,171672,9292,180964,1427
2022-03-01,Yolo,113,214977,36590,35801,2835,38636,299
2022-03-01,Yuba,115,75493,15674,15637,1160,16797,116
2022-02-28,Alameda,001,1643700,252621,251714,13319,265033,1742
2022-02-28,Alpine,002,1148,122,125,1,126,0
2022-02-28,Amador,005,37829,8385,8308,633,8941,83
2022-02-28,Butte,007,227075,32842,32550,6940,39490,368
2022-02-28,Calaveras,009,45235,7190,7220,340,7560,110
2022-02-28,Colusa,011,21464,3427,3422,1040,4462,21
2022-02-28,Contra Costa,013,1133247,189869,185272,13087,198359,1231
2022-02-28,Del Norte,015,27424,5689,5699,173,5872,45
2022-02-28,El Dorado,017,186661,26476,26409,3156,29565,191
2022-02-28,Fresno,019,978130,232747,226519,24052,250571,2622
2022-02-28,Glenn,021,27897,4952,4918,1589,6507,40
2022-02-28,Humboldt,023,135768,16690,16717,2869,19586,135
2022-02-28,Imperial,025,180216,55021,54517,10453,64970,875
2022-02-28,Inyo,027,18085,4046,4041,462,4503,56
2022-02-28,Kern,029,883053,190651,189245,45432,234677,2115
2022-02-28,Kings,031,150075,50958,50741,3484,54225,427
2022-02-28,Lake,033,64148,10553,10468,862,11330,128
2022-02-28,Lassen,035,31185,8839,8794,869,9663,55
2022-02-28,Los Angeles,037,10098052,2691578,2666804,121407,2788211,30410
2022-02-28,Madera,039,155013,36990,37023,5949,42972,354
2022-02-28,Marin,041,260295,32871,32775,2147,34922,272
2022-02-28,Mariposa,043,17540,2362,2354,194,2548,6
2022-02-28,Mendocino,045,87422,12899,12800,2950,15750,112
2022-02-28,Merced,047,269075,62103,61519,8588,70107,781
2022-02-28,Modoc,049,8938,726,727,247,974,7
2022-02-28,Mono,051,14174,2959,2961,120,3081,5
2022-02-28,Monterey,053,433212,78635,77865,13147,91012,693
2022-02-28,Napa,055,140530,25298,25317,918,26235,129
2022-02-28,Nevada,057,99092,15799,15908,1162,17070,121
2022-02-28,Orange,059,3164182,542865,540839,40968,581807,6605
2022-02-28,Placer,061,380077,62212,61976,7247,69223,577
2022-02-28,Plumas,063,18699,2953,2691,356,3047,13
2022-02-28,Riverside,065,2383286,588107,585891,27500,613391,6179
2022-02-28,Sacramento,067,1510023,278347,273038,26207,299245,2825
2022-02-28,San Benito,069,59416,12853,12798,507,13305,94
2022-02-28,San Bernardino,071,2135413,571476,556540,24702,581242,6576
2022-02-28,San Diego,073,3302833,743530,737760,51989,789749,5018
2022-02-28,San Francisco,075,870044,121949,123402,8028,131430,792
2022-02-28,San Joaquin,077,732212,165485,164833,9774,174607,2060
2022-02-28,San Luis Obispo,079,281455,51818,51565,3657,55222,440
2022-02-28,San Mateo,081,765935,119817,118301,6760,125061,611
2022-02-28,Santa Barbara,083,443738,84998,85076,4634,89710,653
2022-02-28,Santa Clara,085,1922200,309926,306930,12081,319011,2180
2022-02-28,Santa Cruz,087,273765,46854,46447,2054,48501,253
2022-02-28,Shasta,089,179085,30233,30213,6010,36223,488
2022-02-28,Sierra,091,2930,271,273,46,319,4
2022-02-28,Siskiyou,093,43540,4394,4382,2688,7070,74
2022-02-28,Solano,095,438530,80550,80544,5471,86015,430
2022-02-28,Sonoma,097,501317,82401,82058,2527,84585,477
2022-02-28,Stanislaus,099,539301,116765,117231,17637,134868,1521
2022-02-28,Sutter,101,95872,20284,20285,1993,22278,214
2022-02-28,Tehama,103,63373,11962,11917,2557,14474,158
2022-02-28,Trinity,105,12862,1176,1160,284,1444,20
2022-02-28,Tulare,107,460477,105628,103304,27274,130578,1300
2022-02-28,Tuolumne,109,53932,12577,12247,549,12796,175
2022-02-28,Ventura,111,848112,171698,171614,9291,180905,1423
2022-02-28,Yolo,113,214977,36554,35754,2828,38582,299
2022-02-28,Yuba,115,75493,15659,15625,1159,16784,115
2022-02-27,Alameda,001,1643700,252347,251624,13310,264934,1744
2022-02-27,Alpine,002,1148,122,125,1,126,0
2022-02-27,Amador,005,37829,8381,8305,630,8935,83
2022-02-27,Butte,007,227075,32806,32551,6927,39478,368
2022-02-27,Calaveras,009,45235,7182,7214,340,7554,110
2022-02-27,Colusa,011,21464,3425,3422,1040,4462,21
2022-02-27,Contra Costa,013,1133247,189740,185185,13067,198252,1230
2022-02-27,Del Norte,015,27424,5672,5691,171,5862,45
2022-02-27,El Dorado,017,186661,26459,26410,3154,29564,191
2022-02-27,Fresno,019,978130,232547,226397,24025,250422,2621
2022-02-27,Glenn,021,27897,4950,4915,1589,6504,40
2022-02-27,Humboldt,023,135768,16668,16713,2862,19575,135
2022-02-27,Imperial,025,180216,54973,54509,10436,64945,875
2022-02-27,Inyo,027,18085,4045,4041,458,4499,56
2022-02-27,Kern,029,883053,190534,189219,45393,234612,2115
2022-02-27,Kings,031,150075,50930,50733,3483,54216,428
2022-02-27,Lake,033,64148,10534,10463,862,11325,128
2022-02-27,Lassen,035,31185,8831,8786,869,9655,55
2022-02-27,Los Angeles,037,10098052,2690269,2666789,121326,2788115,30410
2022-02-27,Madera,039,155013,36964,37009,5941,42950,354
2022-02-27,Marin,041,260295,32833,32756,2145,34901,272
2022-02-27,Mariposa,043,17540,2359,2352,194,2546,6
2022-02-27,Mendocino,045,87422,12882,12798,2937,15735,112
2022-02-27,Merced,047,269075,62050,61491,8570,70061,779
2022-02-27,Modoc,049,8938,725,727,247,974,7
2022-02-27,Mono,051,14174,2958,2960,120,3080,5
2022-02-27,Monterey,053,433212,78578,77851,13123,90974,693
2022-02-27,Napa,055,140530,25261,25316,918,26234,129
2022-02-27,Nevada,057,99092,15791,15900,1158,17058,121
2022-02-27,Orange,059,3164182,542619,540659,40938,581597,6605
2022-02-27,Placer,061,380077,62171,61965,7243,69208,577
2022-02-27,Plumas,063,18699,2950,2691,356,3047,13
2022-02-27,Riverside,065,2383286,587866,585833,27476,613309,6179
2022-02-27,Sacramento,067,1510023,278158,272927,26178,299105,2822
2022-02-27,San Benito,069,59416,12846,12798,507,13305,94
2022-02-27,San Bernardino,071,2135413,571291,556457,24692,581149,6572
2022-02-27,San Diego,073,3302833,743059,737760,51943,789703,5018
2022-02-27,San Francisco,075,870044,121825,123327,8017,131344,791
2022-02-27,San Joaquin,077,732212,165381,164814,9767,174581,2060
2022-02-27,San Luis Obispo,079,281455,51726,51564,3650,55214,439
2022-02-27,San Mateo,081,765935,119707,118244,6755,124999,611
2022-02-27,Santa Barbara,083,443738,84960,85050,4630,89680,653
2022-02-27,Santa Clara,085,1922200,309637,306756,12054,318810,2180
2022-02-27,Santa Cruz,087,273765,46793,46411,2054,48465,253
2022-02-27,Shasta,089,179085,30201,30206,6005,36211,488
2022-02-27,Sierra,091,2930,271,273,46,319,4
2022-02-27,Siskiyou,093,43540,4389,4378,2676,7054,74
2022-02-27,Solano,095,438530,80476,80515,5458,85973,430
2022-02-27,Sonoma,097,501317,82319,82041,2520,84561,476
2022-02-27,Stanislaus,099,539301,116699,117200,17617,134817,1522
2022-02-27,Sutter,101,95872,20267,20280,1987,22267,214
2022-02-27,Tehama,103,63373,11949,11915,2556,14471,158
2022-02-27,Trinity,105,12862,1175,1158,284,1442,20
2022-02-27,Tulare,107,460477,105559,103270,27227,130497,1300
2022-02-27,Tuolumne,109,53932,12564,12243,548,12791,175
2022-02-27,Ventura,111,848112,171623,171660,9287,180947,1423
2022-02-27,Yolo,113,214977,36527,35744,2823,38567,299
2022-02-27,Yuba,115,75493,15649,15619,1157,16776,113
2022-02-26,Alameda,001,1643700,252233,250867,13306,264173,1716
2022-02-26,Alpine,002,1148,122,125,1,126,0
2022-02-26,Amador,005,37829,8379,8282,629,8911,83
2022-02-26,Butte,007,227075,32792,32466,6924,39390,368
2022-02-26,Calaveras,009,45235,7181,7192,340,7532,110
2022-02-26,Colusa,011,21464,3425,3414,1040,4454,21
2022-02-26,Contra Costa,013,1133247,189672,184686,13049,197735,1209
2022-02-26,Del Norte,015,27424,5667,5639,171,5810,45
2022-02-26,El Dorado,017,186661,26448,26355,3151,29506,191
2022-02-26,Fresno,019,978130,232457,225679,24025,249704,2597
2022-02-26,Glenn,021,27897,4948,4909,1588,6497,40
2022-02-26,Humboldt,023,135768,16643,16619,2861,19480,133
2022-02-26,Imperial,025,180216,54946,54367,10434,64801,871
2022-02-26,Inyo,027,18085,4044,4034,453,4487,56
2022-02-26,Kern,029,883053,190481,188584,45374,233958,2106
2022-02-26,Kings,031,150075,50917,50579,3483,54062,423
2022-02-26,Lake,033,64148,10529,10383,862,11245,128
2022-02-26,Lassen,035,31185,8830,8761,869,9630,55
2022-02-26,Los Angeles,037,10098052,2689699,2660973,121286,2782259,30202
2022-02-26,Madera,039,155013,36949,36933,5939,42872,330
2022-02-26,Marin,041,260295,32817,32651,2143,34794,267
2022-02-26,Mariposa,043,17540,2358,2332,194,2526,6
2022-02-26,Mendocino,045,87422,12875,12762,2937,15699,111
2022-02-26,Merced,047,269075,62029,61348,8569,69917,775
2022-02-26,Modoc,049,8938,725,726,247,973,7
2022-02-26,Mono,051,14174,2958,2959,119,3078,5
2022-02-26,Monterey,053,433212,78546,77610,13117,90727,692
2022-02-26,Napa,055,140530,25246,25221,917,26138,130
2022-02-26,Nevada,057,99092,15787,15850,1156,17006,121
2022-02-26,Orange,059,3164182,542507,539992,40921,580913,6540
2022-02-26,Placer,061,380077,62152,61803,7240,69043,573
2022-02-26,Plumas,063,18699,2950,2673,356,3029,13
2022-02-26,Riverside,065,2383286,587744,584835,27467,612302,6143
2022-02-26,Sacramento,067,1510023,278062,272339,26168,298507,2793
2022-02-26,San Benito,069,59416,12842,12770,507,13277,92
2022-02-26,San Bernardino,071,2135413,571202,555668,24685,580353,6505
2022-02-26,San Diego,073,3302833,742836,736049,51919,787968,5002
2022-02-26,San Francisco,075,870044,121755,123079,8009,131088,769
2022-02-26,San Joaquin,077,732212,165348,164418,9766,174184,2048
2022-02-26,San Luis Obispo,079,281455,51714,51358,3648,55006,438
2022-02-26,San Mateo,081,765935,119653,117860,6754,124614,603
2022-02-26,Santa Barbara,083,443738,84929,84830,4630,89460,652
2022-02-26,Santa Clara,085,1922200,309488,305895,12050,317945,2166
2022-02-26,Santa Cruz,087,273765,46770,46186,2054,48240,251
2022-02-26,Shasta,089,179085,30192,30108,5999,36107,485
2022-02-26,Sierra,091,2930,271,270,46,316,1
2022-02-26,Siskiyou,093,43540,4389,4359,2674,7033,72
2022-02-26,Solano,095,438530,80441,80225,5454,85679,428
2022-02-26,Sonoma,097,501317,82285,81702,2518,84220,432
2022-02-26,Stanislaus,099,539301,116661,116896,17612,134508,1503
2022-02-26,Sutter,101,95872,20258,20230,1987,22217,214
2022-02-26,Tehama,103,63373,11943,11878,2554,14432,158
2022-02-26,Trinity,105,12862,1174,1156,284,1440,20
2022-02-26,Tulare,107,460477,105522,102983,27212,130195,1295
2022-02-26,Tuolumne,109,53932,12561,12169,548,12717,175
2022-02-26,Ventura,111,848112,171591,171292,9284,180576,1411
2022-02-26,Yolo,113,214977,36506,35615,2820,38435,296
2022-02-26,Yuba,115,75493,15637,15587,1157,16744,113
2022-02-25,Alameda,001,1643700,252110,250867,13297,264164,1716
2022-02-25,Alpine,002,1148,122,125,1,126,0
2022-02-25,Amador,005,37829,8368,8282,629,8911,83
2022-02-25,Butte,007,227075,32779,32466,6921,39387,368
2022-02-25,Calaveras,009,45235,7179,7192,340,7532,110
2022-02-25,Colusa,011,21464,3425,3414,1040,4454,21
2022-02-25,Contra Costa,013,1133247,189588,184686,13028,197714,1209
2022-02-25,Del Norte,015,27424,5658,5639,171,5810,45
2022-02-25,El Dorado,017,186661,26440,26355,3151,29506,191
2022-02-25,Fresno,019,978130,232360,225679,24018,249697,2597
2022-02-25,Glenn,021,27897,4946,4909,1588,6497,40
2022-02-25,Humboldt,023,135768,16632,16619,2861,19480,133
2022-02-25,Imperial,025,180216,54928,54367,10433,64800,871
2022-02-25,Inyo,027,18085,4043,4034,453,4487,56
2022-02-25,Kern,029,883053,190416,188584,45361,233945,2106
2022-02-25,Kings,031,150075,50903,50579,3481,54060,423
2022-02-25,Lake,033,64148,10511,10383,862,11245,128
2022-02-25,Lassen,035,31185,8827,8761,869,9630,55
2022-02-25,Los Angeles,037,10098052,2689113,2660973,121255,2782228,30202
2022-02-25,Madera,039,155013,36929,36933,5938,42871,330
2022-02-25,Marin,041,260295,32803,32651,2143,34794,267
2022-02-25,Mariposa,043,17540,2355,2332,194,2526,6
2022-02-25,Mendocino,045,87422,12873,12762,2937,15699,111
2022-02-25,Merced,047,269075,61999,61348,8564,69912,775
2022-02-25,Modoc,049,8938,725,726,247,973,7
2022-02-25,Mono,051,14174,2957,2959,119,3078,5
2022-02-25,Monterey,053,433212,78518,77610,13111,90721,692
2022-02-25,Napa,055,140530,25237,25221,917,26138,130
2022-02-25,Nevada,057,99092,15776,15850,1153,17003,121
2022-02-25,Orange,059,3164182,542372,539992,40898,580890,6540
2022-02-25,Placer,061,380077,62137,61803,7235,69038,573
2022-02-25,Plumas,063,18699,2948,2673,356,3029,13
2022-02-25,Riverside,065,2383286,587591,584835,27455,612290,6143
2022-02-25,Sacramento,067,1510023,277960,272339,26163,298502,2793
2022-02-25,San Benito,069,59416,12840,12770,507,13277,92
2022-02-25,San Bernardino,071,2135413,571095,555668,24678,580346,6505
2022-02-25,San Diego,073,3302833,742553,736049,51900,787949,5002
2022-02-25,San Francisco,075,870044,121674,123079,8006,131085,769
2022-02-25,San Joaquin,077,732212,165308,164418,9761,174179,2048
2022-02-25,San Luis Obispo,079,281455,51710,51358,3639,54997,438
2022-02-25,San Mateo,081,765935,119591,117860,6750,124610,603
2022-02-25,Santa Barbara,083,443738,84893,84830,4630,89460,652
2022-02-25,Santa Clara,085,1922200,309302,305895,12047,317942,2166
2022-02-25,Santa Cruz,087,273765,46736,46186,2052,48238,251
2022-02-25,Shasta,089,179085,30183,30108,5997,36105,485
2022-02-25,Sierra,091,2930,271,270,46,316,1
2022-02-25,Siskiyou,093,43540,4389,4359,2673,7032,72
2022-02-25,Solano,095,438530,80412,80225,5453,85678,428
2022-02-25,Sonoma,097,501317,82234,81702,2516,84218,432
2022-02-25,Stanislaus,099,539301,116633,116896,17608,134504,1503
2022-02-25,Sutter,101,95872,20249,20230,1987,22217,214
2022-02-25,Tehama,103,63373,11941,11878,2554,14432,158
2022-02-25,Trinity,105,12862,1174,1156,284,1440,20
2022-02-25,Tulare,107,460477,105488,102983,27190,130173,1295
2022-02-25,Tuolumne,109,53932,12558,12169,548,12717,175
2022-02-25,Ventura,111,848112,171540,171292,9283,180575,1411
2022-02-25,Yolo,113,214977,36491,35615,2820,38435,296
2022-02-25,Yuba,115,75493,15630,15587,1157,16744,113
2022-02-24,Alameda,001,1643700,251902,250867,13288,264155,1716
2022-02-24,Alpine,002,1148,122,125,1,126,0
2022-02-24,Amador,005,37829,8363,8282,628,8910,83
2022-02-24,Butte,007,227075,32758,32466,6917,39383,368
2022-02-24,Calaveras,009,45235,7177,7192,338,7530,110
2022-02-24,Colusa,011,21464,3424,3414,1039,4453,21
2022-02-24,Contra Costa,013,1133247,189459,184686,13019,197705,1209
2022-02-24,Del Norte,015,27424,5643,5639,170,5809,45
2022-02-24,El Dorado,017,186661,26424,26355,3151,29506,191
2022-02-24,Fresno,019,978130,232166,225679,24003,249682,2597
2022-02-24,Glenn,021,27897,4944,4909,1587,6496,40
2022-02-24,Humboldt,023,135768,16616,16619,2860,19479,133
2022-02-24,Imperial,025,180216,54888,54367,10424,64791,871
2022-02-24,Inyo,027,18085,4042,4034,452,4486,56
2022-02-24,Kern,029,883053,190276,188584,45328,233912,2106
2022-02-24,Kings,031,150075,50873,50579,3476,54055,423
2022-02-24,Lake,033,64148,10494,10383,862,11245,128
2022-02-24,Lassen,035,31185,8823,8761,868,9629,55
2022-02-24,Los Angeles,037,10098052,2687956,2660973,121200,2782173,30202
2022-02-24,Madera,039,155013,36903,36933,5936,42869,330
2022-02-24,Marin,041,260295,32783,32651,2142,34793,267
2022-02-24,Mariposa,043,17540,2349,2332,193,2525,6
2022-02-24,Mendocino,045,87422,12866,12762,2933,15695,111
2022-02-24,Merced,047,269075,61969,61348,8555,69903,775
2022-02-24,Modoc,049,8938,724,726,247,973,7
2022-02-24,Mono,051,14174,2956,2959,119,3078,5
2022-02-24,Monterey,053,433212,78466,77610,13103,90713,692
2022-02-24,Napa,055,140530,25197,25221,913,26134,130
2022-02-24,Nevada,057,99092,15762,15850,1153,17003,121
2022-02-24,Orange,059,3164182,542123,539992,40862,580854,6540
2022-02-24,Placer,061,380077,62100,61803,7233,69036,573
2022-02-24,Plumas,063,18699,2943,2673,355,3028,13
2022-02-24,Riverside,065,2383286,587340,584835,27429,612264,6143
2022-02-24,Sacramento,067,1510023,277787,272339,26147,298486,2793
2022-02-24,San Benito,069,59416,12829,12770,507,13277,92
2022-02-24,San Bernardino,071,2135413,570902,555668,24666,580334,6505
2022-02-24,San Diego,073,3302833,742139,736049,51853,787902,5002
2022-02-24,San Francisco,075,870044,121551,123079,7999,131078,769
2022-02-24,San Joaquin,077,732212,165180,164418,9757,174175,2048
2022-02-24,San Luis Obispo,079,281455,51664,51358,3637,54995,438
2022-02-24,San Mateo,081,765935,119498,117860,6744,124604,603
2022-02-24,Santa Barbara,083,443738,84828,84830,4629,89459,652
2022-02-24,Santa Clara,085,1922200,309067,305895,12034,317929,2166
2022-02-24,Santa Cruz,087,273765,46656,46186,2050,48236,251
2022-02-24,Shasta,089,179085,30164,30108,5991,36099,485
2022-02-24,Sierra,091,2930,271,270,46,316,1
2022-02-24,Siskiyou,093,43540,4386,4359,2670,7029,72
2022-02-24,Solano,095,438530,80333,80225,5449,85674,428
2022-02-24,Sonoma,097,501317,82180,81702,2511,84213,432
2022-02-24,Stanislaus,099,539301,116558,116896,17595,134491,1503
2022-02-24,Sutter,101,95872,20235,20230,1971,22201,214
2022-02-24,Tehama,103,63373,11935,11878,2553,14431,158
2022-02-24,Trinity,105,12862,1172,1156,284,1440,20
2022-02-24,Tulare,107,460477,105432,102983,27161,130144,1295
2022-02-24,Tuolumne,109,53932,12548,12169,546,12715,175
2022-02-24,Ventura,111,848112,171462,171292,9280,180572,1411
2022-02-24,Yolo,113,214977,36465,35615,2818,38433,296
2022-02-24,Yuba,115,75493,15616,15587,1157,16744,113
2022-02-23,Alameda,001,1643700,251676,247686,13274,260960,1713
2022-02-23,Alpine,002,1148,122,125,1,126,0
2022-02-23,Amador,005,37829,8345,8274,628,8902,79
2022-02-23,Butte,007,227075,32731,32417,6914,39331,367
2022-02-23,Calaveras,009,45235,7167,7182,337,7519,107
2022-02-23,Colusa,011,21464,3420,3411,1039,4450,21
2022-02-23,Contra Costa,013,1133247,189316,184013,13006,197019,1209
2022-02-23,Del Norte,015,27424,5632,5625,169,5794,45
2022-02-23,El Dorado,017,186661,26408,26317,3147,29464,189
2022-02-23,Fresno,019,978130,231979,225308,23980,249288,2596
2022-02-23,Glenn,021,27897,4940,4909,1585,6494,40
2022-02-23,Humboldt,023,135768,16600,16601,2857,19458,132
2022-02-23,Imperial,025,180216,54849,54292,10411,64703,871
2022-02-23,Inyo,027,18085,4041,4031,449,4480,54
2022-02-23,Kern,029,883053,190173,188432,45281,233713,2106
2022-02-23,Kings,031,150075,50840,50416,3475,53891,423
2022-02-23,Lake,033,64148,10476,10368,861,11229,126
2022-02-23,Lassen,035,31185,8807,8749,868,9617,55
2022-02-23,Los Angeles,037,10098052,2686594,2659569,121158,2780727,30167
2022-02-23,Madera,039,155013,36872,36876,5926,42802,330
2022-02-23,Marin,041,260295,32760,32625,2141,34766,267
2022-02-23,Mariposa,043,17540,2344,2325,192,2517,6
2022-02-23,Mendocino,045,87422,12856,12747,2929,15676,111
2022-02-23,Merced,047,269075,61937,61295,8549,69844,772
2022-02-23,Modoc,049,8938,724,723,246,969,7
2022-02-23,Mono,051,14174,2955,2960,119,3079,5
2022-02-23,Monterey,053,433212,78428,77472,13080,90552,691
2022-02-23,Napa,055,140530,25172,25185,908,26093,128
2022-02-23,Nevada,057,99092,15756,15825,1150,16975,121
2022-02-23,Orange,059,3164182,541817,539631,40840,580471,6520
2022-02-23,Placer,061,380077,62053,61758,7226,68984,573
2022-02-23,Plumas,063,18699,2939,2663,355,3018,13
2022-02-23,Riverside,065,2383286,587049,584381,27393,611774,6119
2022-02-23,Sacramento,067,1510023,277628,272057,26126,298183,2796
2022-02-23,San Benito,069,59416,12822,12756,506,13262,92
2022-02-23,San Bernardino,071,2135413,570742,555238,24650,579888,6479
2022-02-23,San Diego,073,3302833,741635,735406,51803,787209,4988
2022-02-23,San Francisco,075,870044,121425,122127,7997,130124,769
2022-02-23,San Joaquin,077,732212,165088,164257,9751,174008,2042
2022-02-23,San Luis Obispo,079,281455,51616,51264,3635,54899,434
2022-02-23,San Mateo,081,765935,119407,117585,6735,124320,603
2022-02-23,Santa Barbara,083,443738,84767,84760,4625,89385,651
2022-02-23,Santa Clara,085,1922200,308810,305484,12025,317509,2157
2022-02-23,Santa Cruz,087,273765,46586,46059,2049,48108,251
2022-02-23,Shasta,089,179085,30136,30066,5988,36054,481
2022-02-23,Sierra,091,2930,271,270,46,316,1
2022-02-23,Siskiyou,093,43540,4383,4356,2668,7024,71
2022-02-23,Solano,095,438530,80243,80103,5447,85550,427
2022-02-23,Sonoma,097,501317,82126,81594,2509,84103,432
2022-02-23,Stanislaus,099,539301,116481,116789,17586,134375,1482
2022-02-23,Sutter,101,95872,20218,20194,1967,22161,213
2022-02-23,Tehama,103,63373,11925,11863,2553,14416,154
2022-02-23,Trinity,105,12862,1172,1156,284,1440,20
2022-02-23,Tulare,107,460477,105365,102812,27138,129950,1290
2022-02-23,Tuolumne,109,53932,12539,12158,545,12703,175
2022-02-23,Ventura,111,848112,171374,171163,9273,180436,1401
2022-02-23,Yolo,113,214977,36427,35590,2811,38401,296
2022-02-23,Yuba,115,75493,15613,15571,1155,16726,113
2022-02-22,Alameda,001,1643700,251428,247434,13263,260697,1706
2022-02-22,Alpine,002,1148,122,124,1,125,0
2022-02-22,Amador,005,37829,8335,8243,628,8871,79
2022-02-22,Butte,007,227075,32696,32359,6907,39266,366
2022-02-22,Calaveras,009,45235,7158,7178,337,7515,107
2022-02-22,Colusa,011,21464,3419,3402,1037,4439,21
2022-02-22,Contra Costa,013,1133247,189163,183812,12987,196799,1201
2022-02-22,Del Norte,015,27424,5623,5611,168,5779,45
2022-02-22,El Dorado,017,186661,26399,26289,3147,29436,189
2022-02-22,Fresno,019,978130,231753,225104,23954,249058,2592
2022-02-22,Glenn,021,27897,4939,4900,1584,6484,40
2022-02-22,Humboldt,023,135768,16576,16559,2853,19412,132
2022-02-22,Imperial,025,180216,54817,54227,10407,64634,864
2022-02-22,Inyo,027,18085,4039,4026,447,4473,54
2022-02-22,Kern,029,883053,190053,188237,45245,233482,2102
2022-02-22,Kings,031,150075,50778,50359,3473,53832,423
2022-02-22,Lake,033,64148,10465,10353,859,11212,126
2022-02-22,Lassen,035,31185,8803,8730,868,9598,55
2022-02-22,Los Angeles,037,10098052,2685135,2658230,121069,2779299,30129
2022-02-22,Madera,039,155013,36838,36833,5917,42750,330
2022-02-22,Marin,041,260295,32735,32591,2140,34731,267
2022-02-22,Mariposa,043,17540,2336,2322,192,2514,6
2022-02-22,Mendocino,045,87422,12842,12714,2919,15633,110
2022-02-22,Merced,047,269075,61876,61241,8542,69783,770
2022-02-22,Modoc,049,8938,721,720,246,966,6
2022-02-22,Mono,051,14174,2955,2961,119,3080,5
2022-02-22,Monterey,053,433212,78374,77359,13061,90420,690
2022-02-22,Napa,055,140530,25143,25151,907,26058,128
2022-02-22,Nevada,057,99092,15740,15815,1149,16964,121
2022-02-22,Orange,059,3164182,541530,539390,40806,580196,6502
2022-02-22,Placer,061,380077,62017,61709,7221,68930,572
2022-02-22,Plumas,063,18699,2933,2659,354,3013,13
2022-02-22,Riverside,065,2383286,586791,583969,27373,611342,6097
2022-02-22,Sacramento,067,1510023,277438,271789,26102,297891,2775
2022-02-22,San Benito,069,59416,12811,12742,505,13247,92
2022-02-22,San Bernardino,071,2135413,570540,554903,24631,579534,6451
2022-02-22,San Diego,073,3302833,741110,734536,51748,786284,4974
2022-02-22,San Francisco,075,870044,121295,121954,7993,129947,769
2022-02-22,San Joaquin,077,732212,164967,164111,9741,173852,2040
2022-02-22,San Luis Obispo,079,281455,51531,51193,3629,54822,431
2022-02-22,San Mateo,081,765935,119313,117418,6730,124148,603
2022-02-22,Santa Barbara,083,443738,84706,84701,4621,89322,650
2022-02-22,Santa Clara,085,1922200,308527,305045,12019,317064,2155
2022-02-22,Santa Cruz,087,273765,46521,45958,2049,48007,251
2022-02-22,Shasta,089,179085,30111,30024,5983,36007,479
2022-02-22,Sierra,091,2930,271,269,45,314,0
2022-02-22,Siskiyou,093,43540,4380,4350,2663,7013,70
2022-02-22,Solano,095,438530,80167,79968,5445,85413,425
2022-02-22,Sonoma,097,501317,82060,81412,2505,83917,431
2022-02-22,Stanislaus,099,539301,116402,116676,17566,134242,1475
2022-02-22,Sutter,101,95872,20202,20164,1965,22129,210
2022-02-22,Tehama,103,63373,11916,11852,2552,14404,152
2022-02-22,Trinity,105,12862,1172,1147,283,1430,20
2022-02-22,Tulare,107,460477,105258,102717,27108,129825,1287
2022-02-22,Tuolumne,109,53932,12520,12136,544,12680,175
2022-02-22,Ventura,111,848112,171289,171064,9267,180331,1401
2022-02-22,Yolo,113,214977,36390,35527,2806,38333,292
2022-02-22,Yuba,115,75493,15603,15550,1154,16704,110
2022-02-21,Alameda,001,1643700,251146,247434,13247,260681,1704
2022-02-21,Alpine,002,1148,122,124,1,125,0
2022-02-21,Amador,005,37829,8329,8246,628,8874,79
2022-02-21,Butte,007,227075,32654,32356,6883,39239,366
2022-02-21,Calaveras,009,45235,7150,7175,337,7512,107
2022-02-21,Colusa,011,21464,3417,3401,1035,4436,21
2022-02-21,Contra Costa,013,1133247,188934,183701,12973,196674,1201
2022-02-21,Del Norte,015,27424,5605,5601,167,5768,45
2022-02-21,El Dorado,017,186661,26371,26273,3142,29415,189
2022-02-21,Fresno,019,978130,231439,224923,23898,248821,2592
2022-02-21,Glenn,021,27897,4934,4897,1584,6481,40
2022-02-21,Humboldt,023,135768,16533,16548,2845,19393,132
2022-02-21,Imperial,025,180216,54757,54208,10394,64602,864
2022-02-21,Inyo,027,18085,4036,4023,447,4470,54
2022-02-21,Kern,029,883053,189860,188188,45193,233381,2102
2022-02-21,Kings,031,150075,50712,50188,3470,53658,422
2022-02-21,Lake,033,64148,10443,10334,857,11191,126
2022-02-21,Lassen,035,31185,8795,8705,863,9568,55
2022-02-21,Los Angeles,037,10098052,2683360,2656873,120974,2777847,30108
2022-02-21,Madera,039,155013,36801,36796,5896,42692,330
2022-02-21,Marin,041,260295,32711,32570,2140,34710,258
2022-02-21,Mariposa,043,17540,2333,2321,192,2513,6
2022-02-21,Mendocino,045,87422,12815,12706,2908,15614,110
2022-02-21,Merced,047,269075,61819,61209,8525,69734,770
2022-02-21,Modoc,049,8938,720,718,246,964,6
2022-02-21,Mono,051,14174,2954,2960,119,3079,5
2022-02-21,Monterey,053,433212,78280,77354,13020,90374,690
2022-02-21,Napa,055,140530,25104,25126,907,26033,128
2022-02-21,Nevada,057,99092,15729,15810,1146,16956,121
2022-02-21,Orange,059,3164182,541178,539068,40781,579849,6502
2022-02-21,Placer,061,380077,61964,61727,7217,68944,572
2022-02-21,Plumas,063,18699,2930,2657,349,3006,13
2022-02-21,Riverside,065,2383286,586421,583712,27326,611038,6097
2022-02-21,Sacramento,067,1510023,277185,271588,26069,297657,2769
2022-02-21,San Benito,069,59416,12798,12731,505,13236,92
2022-02-21,San Bernardino,071,2135413,570302,554662,24610,579272,6441
2022-02-21,San Diego,073,3302833,740495,732298,51670,783968,4974
2022-02-21,San Francisco,075,870044,121114,121865,7989,129854,769
2022-02-21,San Joaquin,077,732212,164827,164036,9729,173765,2040
2022-02-21,San Luis Obispo,079,281455,51440,51184,3622,54806,429
2022-02-21,San Mateo,081,765935,119220,117259,6722,123981,605
2022-02-21,Santa Barbara,083,443738,84629,84626,4613,89239,650
2022-02-21,Santa Clara,085,1922200,308196,304858,12013,316871,2158
2022-02-21,Santa Cruz,087,273765,46395,45941,2048,47989,251
2022-02-21,Shasta,089,179085,30066,30004,5975,35979,479
2022-02-21,Sierra,091,2930,271,269,45,314,0
2022-02-21,Siskiyou,093,43540,4369,4337,2657,6994,70
2022-02-21,Solano,095,438530,80074,79906,5440,85346,425
2022-02-21,Sonoma,097,501317,81947,81361,2498,83859,431
2022-02-21,Stanislaus,099,539301,116295,116597,17542,134139,1475
2022-02-21,Sutter,101,95872,20177,20152,1963,22115,210
2022-02-21,Tehama,103,63373,11902,11842,2551,14393,152
2022-02-21,Trinity,105,12862,1171,1147,283,1430,20
2022-02-21,Tulare,107,460477,105164,102614,27065,129679,1287
2022-02-21,Tuolumne,109,53932,12509,12126,541,12667,175
2022-02-21,Ventura,111,848112,171150,170939,9258,180197,1401
2022-02-21,Yolo,113,214977,36347,35518,2797,38315,292
2022-02-21,Yuba,115,75493,15584,15546,1145,16691,110
2022-02-20,Alameda,001,1643700,250918,246028,13239,259267,1700
2022-02-20,Alpine,002,1148,122,124,1,125,0
2022-02-20,Amador,005,37829,8317,8203,628,8831,79
2022-02-20,Butte,007,227075,32626,32173,6879,39052,364
2022-02-20,Calaveras,009,45235,7147,7136,336,7472,107
2022-02-20,Colusa,011,21464,3414,3389,1034,4423,21
2022-02-20,Contra Costa,013,1133247,188804,182797,12968,195765,1190
2022-02-20,Del Norte,015,27424,5590,5511,167,5678,45
2022-02-20,El Dorado,017,186661,26350,26101,3141,29242,189
2022-02-20,Fresno,019,978130,231243,223594,23882,247476,2544
2022-02-20,Glenn,021,27897,4931,4881,1584,6465,39
2022-02-20,Humboldt,023,135768,16521,16393,2841,19234,132
2022-02-20,Imperial,025,180216,54691,53967,10384,64351,862
2022-02-20,Inyo,027,18085,4036,4018,446,4464,52
2022-02-20,Kern,029,883053,189725,187158,45149,232307,2095
2022-02-20,Kings,031,150075,50684,49724,3467,53191,421
2022-02-20,Lake,033,64148,10410,10184,856,11040,126
2022-02-20,Lassen,035,31185,8783,8640,863,9503,55
2022-02-20,Los Angeles,037,10098052,2682039,2642878,120893,2763771,29842
2022-02-20,Madera,039,155013,36770,36526,5892,42418,330
2022-02-20,Marin,041,260295,32694,32441,2140,34581,258
2022-02-20,Mariposa,043,17540,2327,2310,190,2500,6
2022-02-20,Mendocino,045,87422,12805,12625,2905,15530,110
2022-02-20,Merced,047,269075,61791,60886,8520,69406,769
2022-02-20,Modoc,049,8938,719,714,246,960,6
2022-02-20,Mono,051,14174,2954,2956,119,3075,5
2022-02-20,Monterey,053,433212,78220,76765,13007,89772,682
2022-02-20,Napa,055,140530,25082,24970,905,25875,127
2022-02-20,Nevada,057,99092,15718,15715,1145,16860,121
2022-02-20,Orange,059,3164182,540859,538019,40744,578763,6416
2022-02-20,Placer,061,380077,61929,61417,7209,68626,560
2022-02-20,Plumas,063,18699,2926,2646,347,2993,13
2022-02-20,Riverside,065,2383286,586152,581788,27300,609088,6087
2022-02-20,Sacramento,067,1510023,277005,270080,26045,296125,2747
2022-02-20,San Benito,069,59416,12795,12665,505,13170,92
2022-02-20,San Bernardino,071,2135413,570094,553151,24593,577744,6400
2022-02-20,San Diego,073,3302833,739923,729549,51605,781154,4947
2022-02-20,San Francisco,075,870044,120977,121197,7979,129176,756
2022-02-20,San Joaquin,077,732212,164708,163083,9718,172801,2033
2022-02-20,San Luis Obispo,079,281455,51411,50823,3618,54441,424
2022-02-20,San Mateo,081,765935,119146,116648,6715,123363,598
2022-02-20,Santa Barbara,083,443738,84585,83988,4611,88599,642
2022-02-20,Santa Clara,085,1922200,307912,303077,12005,315082,2138
2022-02-20,Santa Cruz,087,273765,46329,45532,2045,47577,250
2022-02-20,Shasta,089,179085,30037,29847,5968,35815,479
2022-02-20,Sierra,091,2930,271,269,45,314,0
2022-02-20,Siskiyou,093,43540,4364,4307,2656,6963,70
2022-02-20,Solano,095,438530,79999,78914,5436,84350,424
2022-02-20,Sonoma,097,501317,81872,80843,2495,83338,431
2022-02-20,Stanislaus,099,539301,116229,115976,17525,133501,1454
2022-02-20,Sutter,101,95872,20165,20060,1960,22020,210
2022-02-20,Tehama,103,63373,11890,11760,2548,14308,152
2022-02-20,Trinity,105,12862,1170,1130,283,1413,20
2022-02-20,Tulare,107,460477,105076,101996,27040,129036,1286
2022-02-20,Tuolumne,109,53932,12488,12036,541,12577,175
2022-02-20,Ventura,111,848112,171054,170331,9251,179582,1384
2022-02-20,Yolo,113,214977,36321,35363,2794,38157,293
2022-02-20,Yuba,115,75493,15569,15449,1144,16593,112
2022-02-19,Alameda,001,1643700,250746,246028,13235,259263,1700
2022-02-19,Alpine,002,1148,122,124,1,125,0
2022-02-19,Amador,005,37829,8313,8203,628,8831,79
2022-02-19,Butte,007,227075,32602,32173,6876,39049,364
2022-02-19,Calaveras,009,45235,7147,7136,336,7472,107
2022-02-19,Colusa,011,21464,3413,3389,1032,4421,21
2022-02-19,Contra Costa,013,1133247,188707,182797,12967,195764,1190
2022-02-19,Del Norte,015,27424,5580,5511,167,5678,45
2022-02-19,El Dorado,017,186661,26332,26101,3139,29240,189
2022-02-19,Fresno,019,978130,231124,223594,23875,247469,2544
2022-02-19,Glenn,021,27897,4926,4881,1584,6465,39
2022-02-19,Humboldt,023,135768,16506,16393,2841,19234,132
2022-02-19,Imperial,025,180216,54675,53967,10379,64346,862
2022-02-19,Inyo,027,18085,4035,4018,445,4463,52
2022-02-19,Kern,029,883053,189622,187158,45125,232283,2095
2022-02-19,Kings,031,150075,50661,49724,3466,53190,421
2022-02-19,Lake,033,64148,10401,10184,856,11040,126
2022-02-19,Lassen,035,31185,8771,8640,862,9502,55
2022-02-19,Los Angeles,037,10098052,2681251,2642878,120851,2763729,29842
2022-02-19,Madera,039,155013,36748,36526,5890,42416,330
2022-02-19,Marin,041,260295,32671,32441,2139,34580,258
2022-02-19,Mariposa,043,17540,2324,2310,190,2500,6
2022-02-19,Mendocino,045,87422,12795,12625,2905,15530,110
2022-02-19,Merced,047,269075,61747,60886,8516,69402,769
2022-02-19,Modoc,049,8938,719,714,245,959,6
2022-02-19,Mono,051,14174,2953,2956,119,3075,5
2022-02-19,Monterey,053,433212,78131,76765,12996,89761,682
2022-02-19,Napa,055,140530,25072,24970,905,25875,127
2022-02-19,Nevada,057,99092,15710,15715,1145,16860,121
2022-02-19,Orange,059,3164182,540656,538019,40718,578737,6416
2022-02-19,Placer,061,380077,61883,61417,7208,68625,560
2022-02-19,Plumas,063,18699,2925,2646,347,2993,13
2022-02-19,Riverside,065,2383286,585970,581788,27288,609076,6087
2022-02-19,Sacramento,067,1510023,276860,270080,26034,296114,2747
2022-02-19,San Benito,069,59416,12782,12665,504,13169,92
2022-02-19,San Bernardino,071,2135413,569932,553151,24586,577737,6400
2022-02-19,San Diego,073,3302833,739578,729549,51558,781107,4947
2022-02-19,San Francisco,075,870044,120891,121197,7975,129172,756
2022-02-19,San Joaquin,077,732212,164633,163083,9707,172790,2033
2022-02-19,San Luis Obispo,079,281455,51398,50823,3614,54437,424
2022-02-19,San Mateo,081,765935,119104,116648,6714,123362,598
2022-02-19,Santa Barbara,083,443738,84518,83988,4610,88598,642
2022-02-19,Santa Clara,085,1922200,307717,303077,12003,315080,2138
2022-02-19,Santa Cruz,087,273765,46291,45532,2043,47575,250
2022-02-19,Shasta,089,179085,30022,29847,5965,35812,479
2022-02-19,Sierra,091,2930,271,269,45,314,0
2022-02-19,Siskiyou,093,43540,4361,4307,2656,6963,70
2022-02-19,Solano,095,438530,79957,78914,5435,84349,424
2022-02-19,Sonoma,097,501317,81830,80843,2495,83338,431
2022-02-19,Stanislaus,099,539301,116157,115976,17519,133495,1454
2022-02-19,Sutter,101,95872,20157,20060,1960,22020,210
2022-02-19,Tehama,103,63373,11883,11760,2548,14308,152
2022-02-19,Trinity,105,12862,1168,1130,283,1413,20
2022-02-19,Tulare,107,460477,105029,101996,27015,129011,1286
2022-02-19,Tuolumne,109,53932,12479,12036,541,12577,175
2022-02-19,Ventura,111,848112,170979,170331,9247,179578,1384
2022-02-19,Yolo,113,214977,36290,35363,2790,38153,293
2022-02-19,Yuba,115,75493,15560,15449,1144,16593,112
2022-02-18,Alameda,001,1643700,250581,246028,13227,259255,1700
2022-02-18,Alpine,002,1148,121,124,1,125,0
2022-02-18,Amador,005,37829,8306,8203,626,8829,79
2022-02-18,Butte,007,227075,32581,32173,6870,39043,364
2022-02-18,Calaveras,009,45235,7142,7136,335,7471,107
2022-02-18,Colusa,011,21464,3411,3389,1032,4421,21
2022-02-18,Contra Costa,013,1133247,188600,182797,12961,195758,1190
2022-02-18,Del Norte,015,27424,5568,5511,167,5678,45
2022-02-18,El Dorado,017,186661,26321,26101,3139,29240,189
2022-02-18,Fresno,019,978130,230937,223594,23862,247456,2544
2022-02-18,Glenn,021,27897,4925,4881,1583,6464,39
2022-02-18,Humboldt,023,135768,16489,16393,2836,19229,132
2022-02-18,Imperial,025,180216,54649,53967,10368,64335,862
2022-02-18,Inyo,027,18085,4033,4018,445,4463,52
2022-02-18,Kern,029,883053,189510,187158,45080,232238,2095
2022-02-18,Kings,031,150075,50574,49724,3466,53190,421
2022-02-18,Lake,033,64148,10383,10184,854,11038,126
2022-02-18,Lassen,035,31185,8751,8640,861,9501,55
2022-02-18,Los Angeles,037,10098052,2680267,2642878,120797,2763675,29842
2022-02-18,Madera,039,155013,36725,36526,5888,42414,330
2022-02-18,Marin,041,260295,32653,32441,2137,34578,258
2022-02-18,Mariposa,043,17540,2322,2310,190,2500,6
2022-02-18,Mendocino,045,87422,12785,12625,2905,15530,110
2022-02-18,Merced,047,269075,61704,60886,8507,69393,769
2022-02-18,Modoc,049,8938,719,714,245,959,6
2022-02-18,Mono,051,14174,2953,2956,119,3075,5
2022-02-18,Monterey,053,433212,78058,76765,12988,89753,682
2022-02-18,Napa,055,140530,25054,24970,905,25875,127
2022-02-18,Nevada,057,99092,15702,15715,1145,16860,121
2022-02-18,Orange,059,3164182,540419,538019,40679,578698,6416
2022-02-18,Placer,061,380077,61853,61417,7201,68618,560
2022-02-18,Plumas,063,18699,2921,2646,347,2993,13
2022-02-18,Riverside,065,2383286,585788,581788,27280,609068,6087
2022-02-18,Sacramento,067,1510023,276668,270080,26025,296105,2747
2022-02-18,San Benito,069,59416,12774,12665,504,13169,92
2022-02-18,San Bernardino,071,2135413,569754,553151,24581,577732,6400
2022-02-18,San Diego,073,3302833,739154,729549,51532,781081,4947
2022-02-18,San Francisco,075,870044,120803,121197,7967,129164,756
2022-02-18,San Joaquin,077,732212,164563,163083,9700,172783,2033
2022-02-18,San Luis Obispo,079,281455,51382,50823,3611,54434,424
2022-02-18,San Mateo,081,765935,119039,116648,6711,123359,598
2022-02-18,Santa Barbara,083,443738,84478,83988,4608,88596,642
2022-02-18,Santa Clara,085,1922200,307481,303077,12002,315079,2138
2022-02-18,Santa Cruz,087,273765,46257,45532,2042,47574,250
2022-02-18,Shasta,089,179085,30006,29847,5964,35811,479
2022-02-18,Sierra,091,2930,271,269,45,314,0
2022-02-18,Siskiyou,093,43540,4358,4307,2654,6961,70
2022-02-18,Solano,095,438530,79887,78914,5434,84348,424
2022-02-18,Sonoma,097,501317,81774,80843,2494,83337,431
2022-02-18,Stanislaus,099,539301,116107,115976,17505,133481,1454
2022-02-18,Sutter,101,95872,20145,20060,1960,22020,210
2022-02-18,Tehama,103,63373,11872,11760,2548,14308,152
2022-02-18,Trinity,105,12862,1167,1130,282,1412,20
2022-02-18,Tulare,107,460477,104978,101996,26974,128970,1286
2022-02-18,Tuolumne,109,53932,12473,12036,540,12576,175
2022-02-18,Ventura,111,848112,170889,170331,9242,179573,1384
2022-02-18,Yolo,113,214977,36262,35363,2788,38151,293
2022-02-18,Yuba,115,75493,15545,15449,1144,16593,112
2022-02-17,Alameda,001,1643700,250315,246028,13212,259240,1700
2022-02-17,Alpine,002,1148,121,124,1,125,0
2022-02-17,Amador,005,37829,8302,8203,624,8827,79
2022-02-17,Butte,007,227075,32548,32173,6866,39039,364
2022-02-17,Calaveras,009,45235,7133,7136,332,7468,107
2022-02-17,Colusa,011,21464,3408,3389,1032,4421,21
2022-02-17,Contra Costa,013,1133247,188404,182797,12929,195726,1190
2022-02-17,Del Norte,015,27424,5547,5511,167,5678,45
2022-02-17,El Dorado,017,186661,26295,26101,3129,29230,189
2022-02-17,Fresno,019,978130,230649,223594,23832,247426,2544
2022-02-17,Glenn,021,27897,4923,4881,1580,6461,39
2022-02-17,Humboldt,023,135768,16449,16393,2835,19228,132
2022-02-17,Imperial,025,180216,54578,53967,10352,64319,862
2022-02-17,Inyo,027,18085,4031,4018,444,4462,52
2022-02-17,Kern,029,883053,189356,187158,45031,232189,2095
2022-02-17,Kings,031,150075,50510,49724,3461,53185,421
2022-02-17,Lake,033,64148,10353,10184,850,11034,126
2022-02-17,Lassen,035,31185,8741,8640,859,9499,55
2022-02-17,Los Angeles,037,10098052,2678445,2642878,120717,2763595,29842
2022-02-17,Madera,039,155013,36682,36526,5881,42407,330
2022-02-17,Marin,041,260295,32627,32441,2136,34577,258
2022-02-17,Mariposa,043,17540,2320,2310,189,2499,6
2022-02-17,Mendocino,045,87422,12768,12625,2902,15527,110
2022-02-17,Merced,047,269075,61630,60886,8489,69375,769
2022-02-17,Modoc,049,8938,718,714,245,959,6
2022-02-17,Mono,051,14174,2951,2956,119,3075,5
2022-02-17,Monterey,053,433212,77946,76765,12946,89711,682
2022-02-17,Napa,055,140530,25022,24970,903,25873,127
2022-02-17,Nevada,057,99092,15690,15715,1144,16859,121
2022-02-17,Orange,059,3164182,540080,538019,40652,578671,6416
2022-02-17,Placer,061,380077,61810,61417,7193,68610,560
2022-02-17,Plumas,063,18699,2918,2646,347,2993,13
2022-02-17,Riverside,065,2383286,585414,581788,27253,609041,6087
2022-02-17,Sacramento,067,1510023,276381,270080,25977,296057,2747
2022-02-17,San Benito,069,59416,12763,12665,504,13169,92
2022-02-17,San Bernardino,071,2135413,569450,553151,24567,577718,6400
2022-02-17,San Diego,073,3302833,738558,729549,51478,781027,4947
2022-02-17,San Francisco,075,870044,120669,121197,7957,129154,756
2022-02-17,San Joaquin,077,732212,164398,163083,9687,172770,2033
2022-02-17,San Luis Obispo,079,281455,51277,50823,3603,54426,424
2022-02-17,San Mateo,081,765935,118944,116648,6702,123350,598
2022-02-17,Santa Barbara,083,443738,84378,83988,4601,88589,642
2022-02-17,Santa Clara,085,1922200,307111,303077,11988,315065,2138
2022-02-17,Santa Cruz,087,273765,46174,45532,2040,47572,250
2022-02-17,Shasta,089,179085,29979,29847,5961,35808,479
2022-02-17,Sierra,091,2930,271,269,45,314,0
2022-02-17,Siskiyou,093,43540,4349,4307,2650,6957,70
2022-02-17,Solano,095,438530,79806,78914,5427,84341,424
2022-02-17,Sonoma,097,501317,81708,80843,2487,83330,431
2022-02-17,Stanislaus,099,539301,116003,115976,17488,133464,1454
2022-02-17,Sutter,101,95872,20130,20060,1952,22012,210
2022-02-17,Tehama,103,63373,11864,11760,2547,14307,152
2022-02-17,Trinity,105,12862,1165,1130,280,1410,20
2022-02-17,Tulare,107,460477,104866,101996,26950,128946,1286
2022-02-17,Tuolumne,109,53932,12462,12036,540,12576,175
2022-02-17,Ventura,111,848112,170749,170331,9241,179572,1384
2022-02-17,Yolo,113,214977,36224,35363,2787,38150,293
2022-02-17,Yuba,115,75493,15530,15449,1144,16593,112
2022-02-16,Alameda,001,1643700,250006,245662,13175,258837,1691
2022-02-16,Alpine,002,1148,121,124,1,125,0
2022-02-16,Amador,005,37829,8284,8197,623,8820,77
2022-02-16,Butte,007,227075,32502,32095,6853,38948,363
2022-02-16,Calaveras,009,45235,7129,7129,329,7458,107
2022-02-16,Colusa,011,21464,3402,3384,1032,4416,21
2022-02-16,Contra Costa,013,1133247,188171,182423,12893,195316,1179
2022-02-16,Del Norte,015,27424,5527,5473,164,5637,45
2022-02-16,El Dorado,017,186661,26270,26061,3125,29186,189
2022-02-16,Fresno,019,978130,230288,223056,23783,246839,2542
2022-02-16,Glenn,021,27897,4920,4873,1575,6448,39
2022-02-16,Humboldt,023,135768,16425,16342,2825,19167,132
2022-02-16,Imperial,025,180216,54500,53901,10324,64225,861
2022-02-16,Inyo,027,18085,4028,4013,443,4456,52
2022-02-16,Kern,029,883053,189139,186740,44946,231686,2084
2022-02-16,Kings,031,150075,50457,49575,3452,53027,420
2022-02-16,Lake,033,64148,10327,10145,850,10995,125
2022-02-16,Lassen,035,31185,8708,8618,859,9477,55
2022-02-16,Los Angeles,037,10098052,2676367,2640005,120609,2760614,29749
2022-02-16,Madera,039,155013,36615,36382,5867,42249,330
2022-02-16,Marin,041,260295,32591,32381,2134,34515,257
2022-02-16,Mariposa,043,17540,2318,2305,189,2494,6
2022-02-16,Mendocino,045,87422,12746,12605,2892,15497,108
2022-02-16,Merced,047,269075,61563,60776,8456,69232,767
2022-02-16,Modoc,049,8938,718,711,241,952,6
2022-02-16,Mono,051,14174,2949,2953,119,3072,5
2022-02-16,Monterey,053,433212,77798,76624,12905,89529,682
2022-02-16,Napa,055,140530,24984,24897,900,25797,128
2022-02-16,Nevada,057,99092,15672,15677,1140,16817,121
2022-02-16,Orange,059,3164182,539674,537934,40606,578540,6392
2022-02-16,Placer,061,380077,61767,61278,7181,68459,556
2022-02-16,Plumas,063,18699,2915,2644,345,2989,13
2022-02-16,Riverside,065,2383286,585015,580828,27207,608035,6064
2022-02-16,Sacramento,067,1510023,276058,269416,25921,295337,2736
2022-02-16,San Benito,069,59416,12736,12644,504,13148,92
2022-02-16,San Bernardino,071,2135413,569176,552353,24545,576898,6379
2022-02-16,San Diego,073,3302833,737797,728610,51401,780011,4931
2022-02-16,San Francisco,075,870044,120496,120987,7954,128941,756
2022-02-16,San Joaquin,077,732212,164231,162752,9677,172429,2032
2022-02-16,San Luis Obispo,079,281455,51205,50704,3591,54295,425
2022-02-16,San Mateo,081,765935,118826,116438,6684,123122,595
2022-02-16,Santa Barbara,083,443738,84302,83968,4589,88557,642
2022-02-16,Santa Clara,085,1922200,306719,302439,11957,314396,2130
2022-02-16,Santa Cruz,087,273765,46084,45274,2038,47312,250
2022-02-16,Shasta,089,179085,29939,29767,5949,35716,477
2022-02-16,Sierra,091,2930,270,269,45,314,0
2022-02-16,Siskiyou,093,43540,4342,4302,2644,6946,71
2022-02-16,Solano,095,438530,79691,78742,5421,84163,422
2022-02-16,Sonoma,097,501317,81580,80642,2477,83119,431
2022-02-16,Stanislaus,099,539301,115884,115751,17455,133206,1443
2022-02-16,Sutter,101,95872,20112,20020,1949,21969,210
2022-02-16,Tehama,103,63373,11847,11738,2545,14283,152
2022-02-16,Trinity,105,12862,1165,1130,279,1409,20
2022-02-16,Tulare,107,460477,104747,101817,26900,128717,1281
2022-02-16,Tuolumne,109,53932,12450,11991,539,12530,171
2022-02-16,Ventura,111,848112,170615,170117,9233,179350,1372
2022-02-16,Yolo,113,214977,36174,35284,2785,38069,292
2022-02-16,Yuba,115,75493,15508,15405,1141,16546,110
2022-02-15,Alameda,001,1643700,249652,245265,13149,258414,1683
2022-02-15,Alpine,002,1148,121,124,1,125,0
2022-02-15,Amador,005,37829,8274,8183,622,8805,77
2022-02-15,Butte,007,227075,32453,32011,6839,38850,361
2022-02-15,Calaveras,009,45235,7119,7115,329,7444,106
2022-02-15,Colusa,011,21464,3394,3374,1031,4405,21
2022-02-15,Contra Costa,013,1133247,187914,182041,12863,194904,1179
2022-02-15,Del Norte,015,27424,5499,5439,163,5602,45
2022-02-15,El Dorado,017,186661,26252,25988,3120,29108,189
2022-02-15,Fresno,019,978130,229915,222673,23726,246399,2543
2022-02-15,Glenn,021,27897,4911,4862,1574,6436,39
2022-02-15,Humboldt,023,135768,16380,16297,2810,19107,132
2022-02-15,Imperial,025,180216,54436,53813,10309,64122,860
2022-02-15,Inyo,027,18085,4027,4009,442,4451,52
2022-02-15,Kern,029,883053,188918,186324,44854,231178,2072
2022-02-15,Kings,031,150075,50364,49473,3443,52916,418
2022-02-15,Lake,033,64148,10295,10112,844,10956,123
2022-02-15,Lassen,035,31185,8694,8587,857,9444,55
2022-02-15,Los Angeles,037,10098052,2674114,2638266,120480,2758746,29691
2022-02-15,Madera,039,155013,36549,36260,5847,42107,330
2022-02-15,Marin,041,260295,32549,32355,2132,34487,255
2022-02-15,Mariposa,043,17540,2317,2302,189,2491,6
2022-02-15,Mendocino,045,87422,12729,12580,2873,15453,108
2022-02-15,Merced,047,269075,61482,60674,8424,69098,763
2022-02-15,Modoc,049,8938,716,710,238,948,6
2022-02-15,Mono,051,14174,2948,2952,119,3071,5
2022-02-15,Monterey,053,433212,77671,75530,12847,88377,682
2022-02-15,Napa,055,140530,24934,24832,893,25725,127
2022-02-15,Nevada,057,99092,15646,15643,1139,16782,121
2022-02-15,Orange,059,3164182,539218,537478,40559,578037,6374
2022-02-15,Placer,061,380077,61705,61170,7170,68340,554
2022-02-15,Plumas,063,18699,2911,2638,345,2983,13
2022-02-15,Riverside,065,2383286,584529,579940,27148,607088,6049
2022-02-15,Sacramento,067,1510023,275670,268950,25842,294792,2721
2022-02-15,San Benito,069,59416,12717,12616,504,13120,91
2022-02-15,San Bernardino,071,2135413,568816,551803,24525,576328,6372
2022-02-15,San Diego,073,3302833,736837,727486,51298,778784,4914
2022-02-15,San Francisco,075,870044,120326,120759,7943,128702,756
2022-02-15,San Joaquin,077,732212,164014,162518,9663,172181,2021
2022-02-15,San Luis Obispo,079,281455,51108,50534,3576,54110,419
2022-02-15,San Mateo,081,765935,118690,116253,6664,122917,595
2022-02-15,Santa Barbara,083,443738,84166,83734,4575,88309,640
2022-02-15,Santa Clara,085,1922200,306220,301831,11922,313753,2130
2022-02-15,Santa Cruz,087,273765,45980,45171,2033,47204,250
2022-02-15,Shasta,089,179085,29889,29684,5935,35619,477
2022-02-15,Sierra,091,2930,270,269,45,314,0
2022-02-15,Siskiyou,093,43540,4335,4288,2637,6925,70
2022-02-15,Solano,095,438530,79556,78626,5416,84042,426
2022-02-15,Sonoma,097,501317,81459,80433,2471,82904,431
2022-02-15,Stanislaus,099,539301,115741,115549,17424,132973,1429
2022-02-15,Sutter,101,95872,20083,19980,1944,21924,208
2022-02-15,Tehama,103,63373,11829,11717,2543,14260,151
2022-02-15,Trinity,105,12862,1159,1125,276,1401,20
2022-02-15,Tulare,107,460477,104595,101645,26845,128490,1278
2022-02-15,Tuolumne,109,53932,12431,11945,537,12482,171
2022-02-15,Ventura,111,848112,170441,169942,9226,179168,1372
2022-02-15,Yolo,113,214977,36124,35241,2777,38018,289
2022-02-15,Yuba,115,75493,15480,15372,1136,16508,109
2022-02-14,Alameda,001,1643700,249219,244315,13116,257431,1677
2022-02-14,Alpine,002,1148,121,125,1,126,0
2022-02-14,Amador,005,37829,8259,8164,619,8783,77
2022-02-14,Butte,007,227075,32399,31946,6824,38770,360
2022-02-14,Calaveras,009,45235,7106,7097,327,7424,106
2022-02-14,Colusa,011,21464,3391,3367,1027,4394,21
2022-02-14,Contra Costa,013,1133247,187630,181753,12825,194578,1167
2022-02-14,Del Norte,015,27424,5476,5426,162,5588,45
2022-02-14,El Dorado,017,186661,26216,25915,3111,29026,188
2022-02-14,Fresno,019,978130,229434,222360,23641,246001,2538
2022-02-14,Glenn,021,27897,4906,4854,1574,6428,39
2022-02-14,Humboldt,023,135768,16340,16264,2785,19049,132
2022-02-14,Imperial,025,180216,54364,53765,10283,64048,860
2022-02-14,Inyo,027,18085,4026,4010,441,4451,52
2022-02-14,Kern,029,883053,188576,186037,44746,230783,2063
2022-02-14,Kings,031,150075,50258,49395,3434,52829,419
2022-02-14,Lake,033,64148,10258,10090,841,10931,123
2022-02-14,Lassen,035,31185,8684,8539,855,9394,55
2022-02-14,Los Angeles,037,10098052,2671553,2636064,120353,2756417,29650
2022-02-14,Madera,039,155013,36484,36194,5824,42018,330
2022-02-14,Marin,041,260295,32513,32304,2129,34433,255
2022-02-14,Mariposa,043,17540,2310,2295,189,2484,6
2022-02-14,Mendocino,045,87422,12702,12541,2841,15382,108
2022-02-14,Merced,047,269075,61392,60591,8381,68972,758
2022-02-14,Modoc,049,8938,711,707,238,945,6
2022-02-14,Mono,051,14174,2947,2954,119,3073,5
2022-02-14,Monterey,053,433212,77500,75407,12768,88175,678
2022-02-14,Napa,055,140530,24875,24776,893,25669,127
2022-02-14,Nevada,057,99092,15627,15629,1138,16767,121
2022-02-14,Orange,059,3164182,538714,536924,40492,577416,6355
2022-02-14,Placer,061,380077,61636,61123,7155,68278,554
2022-02-14,Plumas,063,18699,2909,2631,345,2976,13
2022-02-14,Riverside,065,2383286,583983,579174,27080,606254,5994
2022-02-14,Sacramento,067,1510023,275227,268547,25730,294277,2717
2022-02-14,San Benito,069,59416,12693,12598,503,13101,91
2022-02-14,San Bernardino,071,2135413,568400,551338,24505,575843,6372
2022-02-14,San Diego,073,3302833,735869,723902,51195,775097,4894
2022-02-14,San Francisco,075,870044,120139,120581,7933,128514,756
2022-02-14,San Joaquin,077,732212,163777,162363,9640,172003,2018
2022-02-14,San Luis Obispo,079,281455,51000,50465,3566,54031,416
2022-02-14,San Mateo,081,765935,118526,116129,6656,122785,592
2022-02-14,Santa Barbara,083,443738,84019,83697,4565,88262,636
2022-02-14,Santa Clara,085,1922200,305684,301319,11898,313217,2127
2022-02-14,Santa Cruz,087,273765,45817,45042,2029,47071,250
2022-02-14,Shasta,089,179085,29803,29595,5918,35513,474
2022-02-14,Sierra,091,2930,270,269,45,314,0
2022-02-14,Siskiyou,093,43540,4322,4278,2623,6901,69
2022-02-14,Solano,095,438530,79376,78533,5405,83938,427
2022-02-14,Sonoma,097,501317,81319,80336,2459,82795,431
2022-02-14,Stanislaus,099,539301,115563,115426,17381,132807,1406
2022-02-14,Sutter,101,95872,20055,19957,1938,21895,209
2022-02-14,Tehama,103,63373,11806,11686,2542,14228,151
2022-02-14,Trinity,105,12862,1156,1123,276,1399,20
2022-02-14,Tulare,107,460477,104389,101448,26751,128199,1276
2022-02-14,Tuolumne,109,53932,12402,11920,534,12454,170
2022-02-14,Ventura,111,848112,170264,169725,9214,178939,1361
2022-02-14,Yolo,113,214977,36065,35112,2767,37879,286
2022-02-14,Yuba,115,75493,15450,15375,1132,16507,108
2022-02-13,Alameda,001,1643700,248728,243681,13082,256763,1677
2022-02-13,Alpine,002,1148,121,125,1,126,0
2022-02-13,Amador,005,37829,8230,8146,616,8762,77
2022-02-13,Butte,007,227075,32324,31865,6802,38667,360
2022-02-13,Calaveras,009,45235,7099,7083,324,7407,106
2022-02-13,Colusa,011,21464,3389,3366,1025,4391,21
2022-02-13,Contra Costa,013,1133247,187268,181313,12761,194074,1159
2022-02-13,Del Norte,015,27424,5444,5379,162,5541,45
2022-02-13,El Dorado,017,186661,26180,25871,3104,28975,188
2022-02-13,Fresno,019,978130,228899,221686,23582,245268,2537
2022-02-13,Glenn,021,27897,4899,4847,1571,6418,39
2022-02-13,Humboldt,023,135768,16293,16210,2758,18968,132
2022-02-13,Imperial,025,180216,54266,53658,10248,63906,860
2022-02-13,Inyo,027,18085,4023,4006,439,4445,52
2022-02-13,Kern,029,883053,188324,185640,44661,230301,2063
2022-02-13,Kings,031,150075,50131,49243,3422,52665,416
2022-02-13,Lake,033,64148,10195,10042,834,10876,123
2022-02-13,Lassen,035,31185,8659,8503,853,9356,55
2022-02-13,Los Angeles,037,10098052,2668405,2631267,120213,2751480,29595
2022-02-13,Madera,039,155013,36367,36054,5796,41850,330
2022-02-13,Marin,041,260295,32442,32222,2122,34344,255
2022-02-13,Mariposa,043,17540,2304,2292,187,2479,6
2022-02-13,Mendocino,045,87422,12673,12521,2802,15323,108
2022-02-13,Merced,047,269075,61249,60460,8327,68787,758
2022-02-13,Modoc,049,8938,709,704,231,935,6
2022-02-13,Mono,051,14174,2946,2949,119,3068,5
2022-02-13,Monterey,053,433212,77293,75295,12694,87989,678
2022-02-13,Napa,055,140530,24798,24743,890,25633,127
2022-02-13,Nevada,057,99092,15593,15590,1131,16721,121
2022-02-13,Orange,059,3164182,538085,536134,40430,576564,6355
2022-02-13,Placer,061,380077,61561,61020,7134,68154,554
2022-02-13,Plumas,063,18699,2901,2626,342,2968,13
2022-02-13,Riverside,065,2383286,583389,578363,27039,605402,5995
2022-02-13,Sacramento,067,1510023,274714,267947,25600,293547,2699
2022-02-13,San Benito,069,59416,12660,12578,502,13080,91
2022-02-13,San Bernardino,071,2135413,567913,550632,24471,575103,6367
2022-02-13,San Diego,073,3302833,734732,723902,51075,774977,4894
2022-02-13,San Francisco,075,870044,119887,120295,7921,128216,756
2022-02-13,San Joaquin,077,732212,163476,162028,9612,171640,2018
2022-02-13,San Luis Obispo,079,281455,50855,50384,3558,53942,415
2022-02-13,San Mateo,081,765935,118305,115876,6630,122506,592
2022-02-13,Santa Barbara,083,443738,83855,83547,4558,88105,635
2022-02-13,Santa Clara,085,1922200,305043,300412,11861,312273,2114
2022-02-13,Santa Cruz,087,273765,45662,44887,2027,46914,240
2022-02-13,Shasta,089,179085,29724,29531,5895,35426,474
2022-02-13,Sierra,091,2930,270,269,45,314,0
2022-02-13,Siskiyou,093,43540,4315,4264,2607,6871,69
2022-02-13,Solano,095,438530,79218,78424,5382,83806,426
2022-02-13,Sonoma,097,501317,81155,80172,2447,82619,431
2022-02-13,Stanislaus,099,539301,115371,115156,17341,132497,1406
2022-02-13,Sutter,101,95872,20016,19900,1938,21838,209
2022-02-13,Tehama,103,63373,11781,11644,2539,14183,151
2022-02-13,Trinity,105,12862,1153,1120,273,1393,20
2022-02-13,Tulare,107,460477,104175,101135,26663,127798,1276
2022-02-13,Tuolumne,109,53932,12376,11891,529,12420,170
2022-02-13,Ventura,111,848112,170070,169422,9194,178616,1361
2022-02-13,Yolo,113,214977,35998,35057,2756,37813,286
2022-02-13,Yuba,115,75493,15416,15346,1131,16477,107
2022-02-12,Alameda,001,1643700,248508,242137,13068,255205,1668
2022-02-12,Alpine,002,1148,121,124,1,125,0
2022-02-12,Amador,005,37829,8224,8091,616,8707,76
2022-02-12,Butte,007,227075,32295,31601,6796,38397,360
2022-02-12,Calaveras,009,45235,7096,7022,323,7345,106
2022-02-12,Colusa,011,21464,3386,3345,1025,4370,21
2022-02-12,Contra Costa,013,1133247,187077,180270,12754,193024,1141
2022-02-12,Del Norte,015,27424,5425,5262,162,5424,45
2022-02-12,El Dorado,017,186661,26164,25692,3104,28796,188
2022-02-12,Fresno,019,978130,228686,219909,23567,243476,2509
2022-02-12,Glenn,021,27897,4898,4818,1570,6388,39
2022-02-12,Humboldt,023,135768,16269,16058,2755,18813,132
2022-02-12,Imperial,025,180216,54222,53304,10238,63542,860
2022-02-12,Inyo,027,18085,4021,3991,439,4430,52
2022-02-12,Kern,029,883053,188213,184639,44623,229262,2037
2022-02-12,Kings,031,150075,50091,48893,3415,52308,415
2022-02-12,Lake,033,64148,10174,9926,830,10756,123
2022-02-12,Lassen,035,31185,8636,8477,852,9329,55
2022-02-12,Los Angeles,037,10098052,2667250,2616426,120142,2736568,29364
2022-02-12,Madera,039,155013,36333,35710,5790,41500,330
2022-02-12,Marin,041,260295,32410,32048,2119,34167,255
2022-02-12,Mariposa,043,17540,2304,2286,187,2473,6
2022-02-12,Mendocino,045,87422,12657,12439,2802,15241,107
2022-02-12,Merced,047,269075,61195,60187,8322,68509,758
2022-02-12,Modoc,049,8938,709,697,231,928,6
2022-02-12,Mono,051,14174,2945,2939,119,3058,5
2022-02-12,Monterey,053,433212,77232,74842,12672,87514,672
2022-02-12,Napa,055,140530,24770,24530,890,25420,124
2022-02-12,Nevada,057,99092,15580,15499,1130,16629,119
2022-02-12,Orange,059,3164182,537793,534503,40395,574898,6305
2022-02-12,Placer,061,380077,61505,60636,7131,67767,554
2022-02-12,Plumas,063,18699,2900,2617,341,2958,13
2022-02-12,Riverside,065,2383286,583027,575566,27016,602582,5961
2022-02-12,Sacramento,067,1510023,274478,266347,25590,291937,2686
2022-02-12,San Benito,069,59416,12648,12526,502,13028,91
2022-02-12,San Bernardino,071,2135413,567678,548822,24458,573280,6360
2022-02-12,San Diego,073,3302833,734233,720287,51023,771310,4854
2022-02-12,San Francisco,075,870044,119765,119113,7910,127023,740
2022-02-12,San Joaquin,077,732212,163345,161234,9606,170840,2014
2022-02-12,San Luis Obispo,079,281455,50819,50064,3555,53619,416
2022-02-12,San Mateo,081,765935,118217,115235,6623,121858,589
2022-02-12,Santa Barbara,083,443738,83769,83390,4551,87941,631
2022-02-12,Santa Clara,085,1922200,304706,298176,11854,310030,2093
2022-02-12,Santa Cruz,087,273765,45626,44447,2025,46472,239
2022-02-12,Shasta,089,179085,29695,29370,5891,35261,473
2022-02-12,Sierra,091,2930,270,268,45,313,0
2022-02-12,Siskiyou,093,43540,4307,4231,2604,6835,68
2022-02-12,Solano,095,438530,79176,77865,5377,83242,424
2022-02-12,Sonoma,097,501317,81051,79533,2445,81978,431
2022-02-12,Stanislaus,099,539301,115247,114531,17328,131859,1406
2022-02-12,Sutter,101,95872,20001,19800,1938,21738,211
2022-02-12,Tehama,103,63373,11765,11580,2539,14119,151
2022-02-12,Trinity,105,12862,1152,1115,273,1388,20
2022-02-12,Tulare,107,460477,104080,100434,26626,127060,1273
2022-02-12,Tuolumne,109,53932,12358,11754,529,12283,125
2022-02-12,Ventura,111,848112,169963,168736,9189,177925,1340
2022-02-12,Yolo,113,214977,35957,34773,2753,37526,286
2022-02-12,Yuba,115,75493,15402,15242,1130,16372,107
2022-02-11,Alameda,001,1643700,248224,242137,13055,255192,1668
2022-02-11,Alpine,002,1148,121,124,1,125,0
2022-02-11,Amador,005,37829,8212,8091,616,8707,76
2022-02-11,Butte,007,227075,32251,31601,6785,38386,360
2022-02-11,Calaveras,009,45235,7093,7022,323,7345,106
2022-02-11,Colusa,011,21464,3384,3345,1024,4369,21
2022-02-11,Contra Costa,013,1133247,186875,180270,12735,193005,1141
2022-02-11,Del Norte,015,27424,5409,5262,161,5423,45
2022-02-11,El Dorado,017,186661,26145,25692,3103,28795,188
2022-02-11,Fresno,019,978130,228393,219909,23549,243458,2509
2022-02-11,Glenn,021,27897,4894,4818,1570,6388,39
2022-02-11,Humboldt,023,135768,16241,16058,2750,18808,132
2022-02-11,Imperial,025,180216,54193,53304,10227,63531,860
2022-02-11,Inyo,027,18085,4017,3991,435,4426,52
2022-02-11,Kern,029,883053,188055,184639,44572,229211,2037
2022-02-11,Kings,031,150075,50052,48893,3414,52307,415
2022-02-11,Lake,033,64148,10149,9926,828,10754,123
2022-02-11,Lassen,035,31185,8596,8477,852,9329,55
2022-02-11,Los Angeles,037,10098052,2665619,2616426,120054,2736480,29364
2022-02-11,Madera,039,155013,36291,35710,5784,41494,330
2022-02-11,Marin,041,260295,32378,32048,2116,34164,255
2022-02-11,Mariposa,043,17540,2299,2286,187,2473,6
2022-02-11,Mendocino,045,87422,12641,12439,2802,15241,107
2022-02-11,Merced,047,269075,61146,60187,8310,68497,758
2022-02-11,Modoc,049,8938,707,697,231,928,6
2022-02-11,Mono,051,14174,2944,2939,119,3058,5
2022-02-11,Monterey,053,433212,77117,74842,12659,87501,672
2022-02-11,Napa,055,140530,24744,24530,890,25420,124
2022-02-11,Nevada,057,99092,15566,15499,1127,16626,119
2022-02-11,Orange,059,3164182,537441,534503,40335,574838,6305
2022-02-11,Placer,061,380077,61452,60636,7129,67765,554
2022-02-11,Plumas,063,18699,2896,2617,339,2956,13
2022-02-11,Riverside,065,2383286,582610,575566,27000,602566,5961
2022-02-11,Sacramento,067,1510023,274214,266347,25578,291925,2686
2022-02-11,San Benito,069,59416,12643,12526,502,13028,91
2022-02-11,San Bernardino,071,2135413,567363,548822,24444,573266,6360
2022-02-11,San Diego,073,3302833,733530,720287,50964,771251,4854
2022-02-11,San Francisco,075,870044,119644,119113,7894,127007,740
2022-02-11,San Joaquin,077,732212,163176,161234,9595,170829,2014
2022-02-11,San Luis Obispo,079,281455,50782,50064,3551,53615,416
2022-02-11,San Mateo,081,765935,118099,115235,6614,121849,589
2022-02-11,Santa Barbara,083,443738,83684,83390,4550,87940,631
2022-02-11,Santa Clara,085,1922200,304279,298176,11838,310014,2093
2022-02-11,Santa Cruz,087,273765,45534,44447,2025,46472,239
2022-02-11,Shasta,089,179085,29664,29370,5883,35253,473
2022-02-11,Sierra,091,2930,269,268,44,312,0
2022-02-11,Siskiyou,093,43540,4296,4231,2598,6829,68
2022-02-11,Solano,095,438530,79051,77865,5371,83236,424
2022-02-11,Sonoma,097,501317,80966,79533,2440,81973,431
2022-02-11,Stanislaus,099,539301,115146,114531,17313,131844,1406
2022-02-11,Sutter,101,95872,19978,19800,1936,21736,211
2022-02-11,Tehama,103,63373,11751,11580,2539,14119,151
2022-02-11,Trinity,105,12862,1151,1115,272,1387,20
2022-02-11,Tulare,107,460477,103961,100434,26575,127009,1273
2022-02-11,Tuolumne,109,53932,12342,11754,527,12281,125
2022-02-11,Ventura,111,848112,169824,168736,9184,177920,1340
2022-02-11,Yolo,113,214977,35924,34773,2751,37524,286
2022-02-11,Yuba,115,75493,15385,15242,1129,16371,107
2022-02-10,Alameda,001,1643700,247700,242137,13013,255150,1668
2022-02-10,Alpine,002,1148,121,124,1,125,0
2022-02-10,Amador,005,37829,8200,8091,610,8701,76
2022-02-10,Butte,007,227075,32200,31601,6771,38372,360
2022-02-10,Calaveras,009,45235,7081,7022,321,7343,106
2022-02-10,Colusa,011,21464,3378,3345,1022,4367,21
2022-02-10,Contra Costa,013,1133247,186514,180270,12670,192940,1141
2022-02-10,Del Norte,015,27424,5380,5262,159,5421,45
2022-02-10,El Dorado,017,186661,26098,25692,3097,28789,188
2022-02-10,Fresno,019,978130,227816,219909,23462,243371,2509
2022-02-10,Glenn,021,27897,4888,4818,1568,6386,39
2022-02-10,Humboldt,023,135768,16191,16058,2728,18786,132
2022-02-10,Imperial,025,180216,54124,53304,10184,63488,860
2022-02-10,Inyo,027,18085,4013,3991,435,4426,52
2022-02-10,Kern,029,883053,187746,184639,44463,229102,2037
2022-02-10,Kings,031,150075,49940,48893,3403,52296,415
2022-02-10,Lake,033,64148,10118,9926,826,10752,123
2022-02-10,Lassen,035,31185,8582,8477,850,9327,55
2022-02-10,Los Angeles,037,10098052,2662484,2616426,119871,2736297,29364
2022-02-10,Madera,039,155013,36194,35710,5753,41463,330
2022-02-10,Marin,041,260295,32320,32048,2104,34152,255
2022-02-10,Mariposa,043,17540,2295,2286,186,2472,6
2022-02-10,Mendocino,045,87422,12619,12439,2778,15217,107
2022-02-10,Merced,047,269075,61020,60187,8253,68440,758
2022-02-10,Modoc,049,8938,706,697,230,927,6
2022-02-10,Mono,051,14174,2942,2939,118,3057,5
2022-02-10,Monterey,053,433212,76936,74842,12579,87421,672
2022-02-10,Napa,055,140530,24679,24530,888,25418,124
2022-02-10,Nevada,057,99092,15541,15499,1126,16625,119
2022-02-10,Orange,059,3164182,536792,534503,40264,574767,6305
2022-02-10,Placer,061,380077,61370,60636,7120,67756,554
2022-02-10,Plumas,063,18699,2893,2617,332,2949,13
2022-02-10,Riverside,065,2383286,581891,575566,26945,602511,5961
2022-02-10,Sacramento,067,1510023,273731,266347,25490,291837,2686
2022-02-10,San Benito,069,59416,12622,12526,500,13026,91
2022-02-10,San Bernardino,071,2135413,566817,548822,24414,573236,6360
2022-02-10,San Diego,073,3302833,732427,720287,50838,771125,4854
2022-02-10,San Francisco,075,870044,119430,119113,7877,126990,740
2022-02-10,San Joaquin,077,732212,162864,161234,9587,170821,2014
2022-02-10,San Luis Obispo,079,281455,50683,50064,3540,53604,416
2022-02-10,San Mateo,081,765935,117873,115235,6597,121832,589
2022-02-10,Santa Barbara,083,443738,83500,83390,4544,87934,631
2022-02-10,Santa Clara,085,1922200,303606,298176,11783,309959,2093
2022-02-10,Santa Cruz,087,273765,45390,44447,2023,46470,239
2022-02-10,Shasta,089,179085,29602,29370,5863,35233,473
2022-02-10,Sierra,091,2930,269,268,44,312,0
2022-02-10,Siskiyou,093,43540,4291,4231,2585,6816,68
2022-02-10,Solano,095,438530,78858,77865,5352,83217,424
2022-02-10,Sonoma,097,501317,80831,79533,2423,81956,431
2022-02-10,Stanislaus,099,539301,114965,114531,17274,131805,1406
2022-02-10,Sutter,101,95872,19939,19800,1921,21721,211
2022-02-10,Tehama,103,63373,11721,11580,2536,14116,151
2022-02-10,Trinity,105,12862,1148,1115,271,1386,20
2022-02-10,Tulare,107,460477,103773,100434,26498,126932,1273
2022-02-10,Tuolumne,109,53932,12321,11754,522,12276,125
2022-02-10,Ventura,111,848112,169543,168736,9170,177906,1340
2022-02-10,Yolo,113,214977,35849,34773,2745,37518,286
2022-02-10,Yuba,115,75493,15353,15242,1124,16366,107
2022-02-09,Alameda,001,1643700,247165,241141,12957,254098,1668
2022-02-09,Alpine,002,1148,120,124,1,125,0
2022-02-09,Amador,005,37829,8186,8069,605,8674,76
2022-02-09,Butte,007,227075,32107,31433,6757,38190,359
2022-02-09,Calaveras,009,45235,7066,7005,317,7322,106
2022-02-09,Colusa,011,21464,3375,3331,1021,4352,21
2022-02-09,Contra Costa,013,1133247,186154,179695,12623,192318,1132
2022-02-09,Del Norte,015,27424,5333,5204,158,5362,45
2022-02-09,El Dorado,017,186661,26060,25572,3084,28656,186
2022-02-09,Fresno,019,978130,227195,218989,23372,242361,2502
2022-02-09,Glenn,021,27897,4873,4804,1567,6371,39
2022-02-09,Humboldt,023,135768,16144,15929,2703,18632,131
2022-02-09,Imperial,025,180216,54021,53102,10112,63214,858
2022-02-09,Inyo,027,18085,4007,3989,434,4423,52
2022-02-09,Kern,029,883053,187371,184068,44349,228417,2021
2022-02-09,Kings,031,150075,49829,48718,3397,52115,410
2022-02-09,Lake,033,64148,10078,9880,821,10701,124
2022-02-09,Lassen,035,31185,8557,8459,849,9308,55
2022-02-09,Los Angeles,037,10098052,2658853,2611611,119734,2731345,29263
2022-02-09,Madera,039,155013,36097,35559,5723,41282,330
2022-02-09,Marin,041,260295,32271,31965,2097,34062,255
2022-02-09,Mariposa,043,17540,2292,2279,186,2465,6
2022-02-09,Mendocino,045,87422,12585,12378,2749,15127,107
2022-02-09,Merced,047,269075,60890,59952,8196,68148,755
2022-02-09,Modoc,049,8938,703,691,229,920,6
2022-02-09,Mono,051,14174,2940,2937,118,3055,5
2022-02-09,Monterey,053,433212,76734,74500,12493,86993,670
2022-02-09,Napa,055,140530,24633,24429,883,25312,123
2022-02-09,Nevada,057,99092,15520,15446,1124,16570,119
2022-02-09,Orange,059,3164182,536160,534316,40184,574500,6263
2022-02-09,Placer,061,380077,61274,60490,7100,67590,553
2022-02-09,Plumas,063,18699,2888,2609,328,2937,13
2022-02-09,Riverside,065,2383286,581150,573907,26900,600807,5911
2022-02-09,Sacramento,067,1510023,273167,265624,25374,290998,2673
2022-02-09,San Benito,069,59416,12598,12492,500,12992,91
2022-02-09,San Bernardino,071,2135413,566208,547768,24388,572156,6349
2022-02-09,San Diego,073,3302833,731069,717896,50726,768622,4832
2022-02-09,San Francisco,075,870044,119179,118550,7866,126416,731
2022-02-09,San Joaquin,077,732212,162559,160618,9577,170195,2014
2022-02-09,San Luis Obispo,079,281455,50537,49833,3535,53368,414
2022-02-09,San Mateo,081,765935,117685,114890,6557,121447,589
2022-02-09,Santa Barbara,083,443738,83318,82830,4538,87368,629
2022-02-09,Santa Clara,085,1922200,302884,297157,11725,308882,2090
2022-02-09,Santa Cruz,087,273765,45208,44200,2016,46216,239
2022-02-09,Shasta,089,179085,29533,29215,5842,35057,471
2022-02-09,Sierra,091,2930,268,268,43,311,0
2022-02-09,Siskiyou,093,43540,4277,4217,2579,6796,68
2022-02-09,Solano,095,438530,78665,77299,5342,82641,423
2022-02-09,Sonoma,097,501317,80656,79165,2416,81581,431
2022-02-09,Stanislaus,099,539301,114716,114039,17043,131082,1406
2022-02-09,Sutter,101,95872,19897,19758,1908,21666,207
2022-02-09,Tehama,103,63373,11696,11542,2532,14074,149
2022-02-09,Trinity,105,12862,1144,1110,270,1380,20
2022-02-09,Tulare,107,460477,103560,100049,26412,126461,1271
2022-02-09,Tuolumne,109,53932,12283,11702,519,12221,95
2022-02-09,Ventura,111,848112,169306,168253,9157,177410,1325
2022-02-09,Yolo,113,214977,35779,34588,2729,37317,285
2022-02-09,Yuba,115,75493,15322,15187,1113,16300,105
2022-02-08,Alameda,001,1643700,246531,240587,12885,253472,1651
2022-02-08,Alpine,002,1148,120,124,1,125,0
2022-02-08,Amador,005,37829,8178,8050,598,8648,76
2022-02-08,Butte,007,227075,32023,31353,6735,38088,359
2022-02-08,Calaveras,009,45235,7049,6981,315,7296,101
2022-02-08,Colusa,011,21464,3367,3320,1020,4340,21
2022-02-08,Contra Costa,013,1133247,185707,179078,12542,191620,1132
2022-02-08,Del Norte,015,27424,5307,5156,153,5309,44
2022-02-08,El Dorado,017,186661,26015,25446,3074,28520,186
2022-02-08,Fresno,019,978130,226449,218416,23266,241682,2502
2022-02-08,Glenn,021,27897,4856,4784,1563,6347,39
2022-02-08,Humboldt,023,135768,16084,15865,2671,18536,130
2022-02-08,Imperial,025,180216,53892,52977,10068,63045,855
2022-02-08,Inyo,027,18085,4002,3983,434,4417,52
2022-02-08,Kern,029,883053,187035,183519,44219,227738,2010
2022-02-08,Kings,031,150075,49669,48479,3385,51864,411
2022-02-08,Lake,033,64148,10048,9806,815,10621,125
2022-02-08,Lassen,035,31185,8548,8423,845,9268,55
2022-02-08,Los Angeles,037,10098052,2654547,2611204,119549,2730753,29259
2022-02-08,Madera,039,155013,35989,35381,5667,41048,330
2022-02-08,Marin,041,260295,32197,31878,2092,33970,255
2022-02-08,Mariposa,043,17540,2291,2266,178,2444,6
2022-02-08,Mendocino,045,87422,12553,12336,2718,15054,107
2022-02-08,Merced,047,269075,60776,59789,8136,67925,751
2022-02-08,Modoc,049,8938,699,684,229,913,6
2022-02-08,Mono,051,14174,2939,2932,118,3050,5
2022-02-08,Monterey,053,433212,76528,74316,12408,86724,670
2022-02-08,Napa,055,140530,24560,24346,877,25223,121
2022-02-08,Nevada,057,99092,15494,15383,1121,16504,117
2022-02-08,Orange,059,3164182,535473,533507,40097,573604,6205
2022-02-08,Placer,061,380077,61166,60301,7088,67389,553
2022-02-08,Plumas,063,18699,2877,2596,321,2917,13
2022-02-08,Riverside,065,2383286,580321,571892,26828,598720,5908
2022-02-08,Sacramento,067,1510023,272496,264479,25199,289678,2664
2022-02-08,San Benito,069,59416,12574,12434,498,12932,91
2022-02-08,San Bernardino,071,2135413,565495,544658,24344,569002,6335
2022-02-08,San Diego,073,3302833,729496,717896,50594,768490,4832
2022-02-08,San Francisco,075,870044,118868,117942,7857,125799,731
2022-02-08,San Joaquin,077,732212,162175,160147,9559,169706,2005
2022-02-08,San Luis Obispo,079,281455,50372,49556,3505,53061,410
2022-02-08,San Mateo,081,765935,117467,114541,6527,121068,589
2022-02-08,Santa Barbara,083,443738,83150,82461,4513,86974,627
2022-02-08,Santa Clara,085,1922200,302001,295679,11678,307357,2091
2022-02-08,Santa Cruz,087,273765,45053,43884,2011,45895,239
2022-02-08,Shasta,089,179085,29450,29084,5815,34899,470
2022-02-08,Sierra,091,2930,268,267,43,310,0
2022-02-08,Siskiyou,093,43540,4267,4191,2570,6761,68
2022-02-08,Solano,095,438530,78432,77031,5327,82358,421
2022-02-08,Sonoma,097,501317,80442,78798,2392,81190,431
2022-02-08,Stanislaus,099,539301,114458,113733,16965,130698,1406
2022-02-08,Sutter,101,95872,19859,19717,1896,21613,203
2022-02-08,Tehama,103,63373,11668,11491,2525,14016,149
2022-02-08,Trinity,105,12862,1138,1110,270,1380,20
2022-02-08,Tulare,107,460477,103269,99694,26282,125976,1267
2022-02-08,Tuolumne,109,53932,12258,11665,517,12182,92
2022-02-08,Ventura,111,848112,169069,167830,9142,176972,1325
2022-02-08,Yolo,113,214977,35697,34462,2716,37178,281
2022-02-08,Yuba,115,75493,15277,15126,1091,16217,107
2022-02-07,Alameda,001,1643700,245812,238678,12820,251498,1643
2022-02-07,Alpine,002,1148,120,124,1,125,0
2022-02-07,Amador,005,37829,8150,7980,590,8570,75
2022-02-07,Butte,007,227075,31935,31184,6704,37888,355
2022-02-07,Calaveras,009,45235,7027,6910,314,7224,100
2022-02-07,Colusa,011,21464,3356,3283,1016,4299,21
2022-02-07,Contra Costa,013,1133247,185225,177767,12468,190235,1130
2022-02-07,Del Norte,015,27424,5266,5093,148,5241,44
2022-02-07,El Dorado,017,186661,25952,25257,3064,28321,185
2022-02-07,Fresno,019,978130,225575,216495,23120,239615,2493
2022-02-07,Glenn,021,27897,4848,4762,1559,6321,39
2022-02-07,Humboldt,023,135768,16009,15764,2646,18410,129
2022-02-07,Imperial,025,180216,53777,52689,9999,62688,853
2022-02-07,Inyo,027,18085,3997,3976,428,4404,51
2022-02-07,Kern,029,883053,186562,182047,44055,226102,1998
2022-02-07,Kings,031,150075,49484,48147,3368,51515,403
2022-02-07,Lake,033,64148,10002,9519,807,10326,125
2022-02-07,Lassen,035,31185,8530,8362,839,9201,55
2022-02-07,Los Angeles,037,10098052,2650121,2607438,119331,2726769,29210
2022-02-07,Madera,039,155013,35865,35083,5620,40703,330
2022-02-07,Marin,041,260295,32130,31670,2082,33752,255
2022-02-07,Mariposa,043,17540,2286,2253,174,2427,6
2022-02-07,Mendocino,045,87422,12495,12237,2680,14917,107
2022-02-07,Merced,047,269075,60646,59472,8043,67515,748
2022-02-07,Modoc,049,8938,695,679,229,908,6
2022-02-07,Mono,051,14174,2937,2917,118,3035,5
2022-02-07,Monterey,053,433212,76273,69433,12301,81734,670
2022-02-07,Napa,055,140530,24475,23237,868,24105,120
2022-02-07,Nevada,057,99092,15458,15268,1115,16383,113
2022-02-07,Orange,059,3164182,534711,531442,40011,571453,6179
2022-02-07,Placer,061,380077,61041,59894,7073,66967,546
2022-02-07,Plumas,063,18699,2866,2573,312,2885,13
2022-02-07,Riverside,065,2383286,579378,568874,26743,595617,5868
2022-02-07,Sacramento,067,1510023,271813,262834,25017,287851,2631
2022-02-07,San Benito,069,59416,12535,12285,496,12781,90
2022-02-07,San Bernardino,071,2135413,564698,542846,24304,567150,6335
2022-02-07,San Diego,073,3302833,727778,716244,50405,766649,4811
2022-02-07,San Francisco,075,870044,118528,113945,7832,121777,727
2022-02-07,San Joaquin,077,732212,161792,159358,9540,168898,1998
2022-02-07,San Luis Obispo,079,281455,50202,48994,3486,52480,406
2022-02-07,San Mateo,081,765935,117181,107060,6498,113558,589
2022-02-07,Santa Barbara,083,443738,82962,81608,4498,86106,624
2022-02-07,Santa Clara,085,1922200,301049,293360,11631,304991,2085
2022-02-07,Santa Cruz,087,273765,44837,43244,2007,45251,239
2022-02-07,Shasta,089,179085,29360,28900,5789,34689,468
2022-02-07,Sierra,091,2930,268,265,43,308,0
2022-02-07,Siskiyou,093,43540,4256,4157,2554,6711,68
2022-02-07,Solano,095,438530,78175,73934,5298,79232,420
2022-02-07,Sonoma,097,501317,80184,78296,2376,80672,431
2022-02-07,Stanislaus,099,539301,114198,113029,16821,129850,1406
2022-02-07,Sutter,101,95872,19826,19599,1869,21468,203
2022-02-07,Tehama,103,63373,11626,11418,2517,13935,146
2022-02-07,Trinity,105,12862,1134,1109,267,1376,20
2022-02-07,Tulare,107,460477,102909,98774,26152,124926,1263
2022-02-07,Tuolumne,109,53932,12210,11578,513,12091,92
2022-02-07,Ventura,111,848112,168752,166904,9127,176031,1324
2022-02-07,Yolo,113,214977,35587,34007,2702,36709,281
2022-02-07,Yuba,115,75493,15230,14998,1084,16082,105
2022-02-06,Alameda,001,1643700,244901,237188,12738,249926,1643
2022-02-06,Alpine,002,1148,120,123,1,124,0
2022-02-06,Amador,005,37829,8119,7922,578,8500,73
2022-02-06,Butte,007,227075,31805,31021,6653,37674,355
2022-02-06,Calaveras,009,45235,7000,6870,309,7179,99
2022-02-06,Colusa,011,21464,3346,3282,1015,4297,21
2022-02-06,Contra Costa,013,1133247,184563,176863,12305,189168,1128
2022-02-06,Del Norte,015,27424,5210,5038,146,5184,44
2022-02-06,El Dorado,017,186661,25890,25165,3052,28217,185
2022-02-06,Fresno,019,978130,224712,214726,22868,237594,2489
2022-02-06,Glenn,021,27897,4834,4738,1550,6288,39
2022-02-06,Humboldt,023,135768,15926,15658,2606,18264,128
2022-02-06,Imperial,025,180216,53590,52396,9953,62349,853
2022-02-06,Inyo,027,18085,3995,3970,425,4395,51
2022-02-06,Kern,029,883053,186010,181188,43816,225004,1996
2022-02-06,Kings,031,150075,49260,47669,3343,51012,401
2022-02-06,Lake,033,64148,9933,9468,790,10258,125
2022-02-06,Lassen,035,31185,8510,8326,834,9160,55
2022-02-06,Los Angeles,037,10098052,2644616,2602620,119074,2721694,29180
2022-02-06,Madera,039,155013,35680,34901,5528,40429,330
2022-02-06,Marin,041,260295,32032,31488,2069,33557,255
2022-02-06,Mariposa,043,17540,2278,2244,163,2407,6
2022-02-06,Mendocino,045,87422,12452,12169,2610,14779,107
2022-02-06,Merced,047,269075,60420,59112,7876,66988,748
2022-02-06,Modoc,049,8938,690,675,228,903,6
2022-02-06,Mono,051,14174,2932,2901,116,3017,5
2022-02-06,Monterey,053,433212,75908,67912,12144,80056,670
2022-02-06,Napa,055,140530,24356,23230,861,24091,120
2022-02-06,Nevada,057,99092,15393,15192,1102,16294,113
2022-02-06,Orange,059,3164182,533759,527906,39908,567814,6171
2022-02-06,Placer,061,380077,60865,59507,7047,66554,544
2022-02-06,Plumas,063,18699,2853,2559,303,2862,13
2022-02-06,Riverside,065,2383286,578239,568276,26666,594942,5865
2022-02-06,Sacramento,067,1510023,270949,261353,24756,286109,2631
2022-02-06,San Benito,069,59416,12480,12186,488,12674,90
2022-02-06,San Bernardino,071,2135413,563721,541103,24234,565337,6334
2022-02-06,San Diego,073,3302833,725716,709938,50162,760100,4786
2022-02-06,San Francisco,075,870044,118149,113115,7806,120921,728
2022-02-06,San Joaquin,077,732212,161222,158510,9502,168012,1997
2022-02-06,San Luis Obispo,079,281455,49977,48843,3429,52272,405
2022-02-06,San Mateo,081,765935,116843,105556,6459,112015,587
2022-02-06,Santa Barbara,083,443738,82644,81118,4461,85579,623
2022-02-06,Santa Clara,085,1922200,299928,291732,11515,303247,2075
2022-02-06,Santa Cruz,087,273765,44524,42952,1993,44945,239
2022-02-06,Shasta,089,179085,29237,28762,5740,34502,468
2022-02-06,Sierra,091,2930,268,265,43,308,0
2022-02-06,Siskiyou,093,43540,4235,4118,2528,6646,68
2022-02-06,Solano,095,438530,77878,73475,5256,78731,419
2022-02-06,Sonoma,097,501317,79849,77887,2356,80243,431
2022-02-06,Stanislaus,099,539301,113802,112521,16673,129194,1406
2022-02-06,Sutter,101,95872,19784,19523,1831,21354,203
2022-02-06,Tehama,103,63373,11586,11366,2497,13863,146
2022-02-06,Trinity,105,12862,1133,1102,266,1368,20
2022-02-06,Tulare,107,460477,102477,98260,25971,124231,1262
2022-02-06,Tuolumne,109,53932,12158,11507,495,12002,92
2022-02-06,Ventura,111,848112,168376,166235,9116,175351,1323
2022-02-06,Yolo,113,214977,35448,33784,2685,36469,281
2022-02-06,Yuba,115,75493,15185,14917,1075,15992,104
2022-02-05,Alameda,001,1643700,244485,235698,12728,248426,1638
2022-02-05,Alpine,002,1148,120,124,1,125,0
2022-02-05,Amador,005,37829,8110,7855,576,8431,71
2022-02-05,Butte,007,227075,31750,30733,6639,37372,355
2022-02-05,Calaveras,009,45235,6984,6789,309,7098,99
2022-02-05,Colusa,011,21464,3339,3234,1015,4249,21
2022-02-05,Contra Costa,013,1133247,184284,175871,12289,188160,1115
2022-02-05,Del Norte,015,27424,5168,4978,146,5124,44
2022-02-05,El Dorado,017,186661,25859,24813,3050,27863,185
2022-02-05,Fresno,019,978130,224354,213539,22846,236385,2477
2022-02-05,Glenn,021,27897,4832,4691,1544,6235,39
2022-02-05,Humboldt,023,135768,15877,15514,2603,18117,127
2022-02-05,Imperial,025,180216,53529,52153,9940,62093,853
2022-02-05,Inyo,027,18085,3992,3948,425,4373,51
2022-02-05,Kern,029,883053,185801,180296,43714,224010,1987
2022-02-05,Kings,031,150075,49173,47538,3336,50874,402
2022-02-05,Lake,033,64148,9914,9289,783,10072,124
2022-02-05,Lassen,035,31185,8499,8288,832,9120,55
2022-02-05,Los Angeles,037,10098052,2642442,2572702,118950,2691652,28947
2022-02-05,Madera,039,155013,35627,34471,5515,39986,329
2022-02-05,Marin,041,260295,31986,31299,2065,33364,255
2022-02-05,Mariposa,043,17540,2277,2222,162,2384,6
2022-02-05,Mendocino,045,87422,12424,12066,2608,14674,107
2022-02-05,Merced,047,269075,60326,58908,7869,66777,744
2022-02-05,Modoc,049,8938,689,664,228,892,6
2022-02-05,Mono,051,14174,2931,2904,116,3020,5
2022-02-05,Monterey,053,433212,75792,67342,12100,79442,666
2022-02-05,Napa,055,140530,24300,22973,860,23833,118
2022-02-05,Nevada,057,99092,15371,15002,1097,16099,113
2022-02-05,Orange,059,3164182,533319,527516,39815,567331,6134
2022-02-05,Placer,061,380077,60740,59043,7034,66077,533
2022-02-05,Plumas,063,18699,2852,2550,302,2852,13
2022-02-05,Riverside,065,2383286,577637,563991,26596,590587,5827
2022-02-05,Sacramento,067,1510023,270553,259437,24721,284158,2610
2022-02-05,San Benito,069,59416,12435,12142,488,12630,90
2022-02-05,San Bernardino,071,2135413,563209,539312,24214,563526,6322
2022-02-05,San Diego,073,3302833,724858,703957,50085,754042,4735
2022-02-05,San Francisco,075,870044,117935,112481,7779,120260,720
2022-02-05,San Joaquin,077,732212,161034,157420,9490,166910,1989
2022-02-05,San Luis Obispo,079,281455,49940,48361,3427,51788,404
2022-02-05,San Mateo,081,765935,116655,104810,6451,111261,587
2022-02-05,Santa Barbara,083,443738,82481,80478,4449,84927,617
2022-02-05,Santa Clara,085,1922200,299276,289262,11499,300761,2067
2022-02-05,Santa Cruz,087,273765,44450,42553,1990,44543,239
2022-02-05,Shasta,089,179085,29194,28604,5730,34334,466
2022-02-05,Sierra,091,2930,268,262,43,305,0
2022-02-05,Siskiyou,093,43540,4228,4106,2515,6621,67
2022-02-05,Solano,095,438530,77803,73112,5246,78358,415
2022-02-05,Sonoma,097,501317,79683,77213,2352,79565,431
2022-02-05,Stanislaus,099,539301,113600,111783,16650,128433,1406
2022-02-05,Sutter,101,95872,19754,19406,1825,21231,203
2022-02-05,Tehama,103,63373,11567,11259,2491,13750,146
2022-02-05,Trinity,105,12862,1131,1085,266,1351,20
2022-02-05,Tulare,107,460477,102308,97414,25889,123303,1254
2022-02-05,Tuolumne,109,53932,12132,11409,492,11901,91
2022-02-05,Ventura,111,848112,168150,165532,9100,174632,1308
2022-02-05,Yolo,113,214977,35364,33614,2670,36284,281
2022-02-05,Yuba,115,75493,15154,14801,1067,15868,105
2022-02-04,Alameda,001,1643700,243995,235698,12716,248414,1638
2022-02-04,Alpine,002,1148,120,124,1,125,0
2022-02-04,Amador,005,37829,8094,7855,572,8427,71
2022-02-04,Butte,007,227075,31691,30733,6627,37360,355
2022-02-04,Calaveras,009,45235,6974,6789,307,7096,99
2022-02-04,Colusa,011,21464,3335,3234,1013,4247,21
2022-02-04,Contra Costa,013,1133247,183949,175871,12261,188132,1115
2022-02-04,Del Norte,015,27424,5147,4978,146,5124,44
2022-02-04,El Dorado,017,186661,25825,24813,3047,27860,185
2022-02-04,Fresno,019,978130,223867,213539,22812,236351,2477
2022-02-04,Glenn,021,27897,4823,4691,1541,6232,39
2022-02-04,Humboldt,023,135768,15850,15514,2600,18114,127
2022-02-04,Imperial,025,180216,53452,52153,9923,62076,853
2022-02-04,Inyo,027,18085,3989,3948,425,4373,51
2022-02-04,Kern,029,883053,185576,180296,43590,223886,1987
2022-02-04,Kings,031,150075,49098,47538,3329,50867,402
2022-02-04,Lake,033,64148,9892,9289,780,10069,124
2022-02-04,Lassen,035,31185,8476,8288,832,9120,55
2022-02-04,Los Angeles,037,10098052,2639805,2572702,118819,2691521,28947
2022-02-04,Madera,039,155013,35544,34471,5507,39978,329
2022-02-04,Marin,041,260295,31922,31299,2056,33355,255
2022-02-04,Mariposa,043,17540,2275,2222,160,2382,6
2022-02-04,Mendocino,045,87422,12393,12066,2606,14672,107
2022-02-04,Merced,047,269075,60246,58908,7859,66767,744
2022-02-04,Modoc,049,8938,689,664,228,892,6
2022-02-04,Mono,051,14174,2929,2904,116,3020,5
2022-02-04,Monterey,053,433212,75602,67342,12057,79399,666
2022-02-04,Napa,055,140530,24253,22973,856,23829,118
2022-02-04,Nevada,057,99092,15337,15002,1093,16095,113
2022-02-04,Orange,059,3164182,532770,527516,39757,567273,6134
2022-02-04,Placer,061,380077,60635,59043,7023,66066,533
2022-02-04,Plumas,063,18699,2845,2550,301,2851,13
2022-02-04,Riverside,065,2383286,576923,563991,26584,590575,5827
2022-02-04,Sacramento,067,1510023,270050,259437,24698,284135,2610
2022-02-04,San Benito,069,59416,12416,12142,486,12628,90
2022-02-04,San Bernardino,071,2135413,562627,539312,24193,563505,6322
2022-02-04,San Diego,073,3302833,723728,703957,49998,753955,4735
2022-02-04,San Francisco,075,870044,117694,112481,7754,120235,720
2022-02-04,San Joaquin,077,732212,160801,157420,9478,166898,1989
2022-02-04,San Luis Obispo,079,281455,49879,48361,3420,51781,404
2022-02-04,San Mateo,081,765935,116423,104810,6437,111247,587
2022-02-04,Santa Barbara,083,443738,82332,80478,4448,84926,617
2022-02-04,Santa Clara,085,1922200,298605,289262,11478,300740,2067
2022-02-04,Santa Cruz,087,273765,44245,42553,1986,44539,239
2022-02-04,Shasta,089,179085,29142,28604,5719,34323,466
2022-02-04,Sierra,091,2930,268,262,43,305,0
2022-02-04,Siskiyou,093,43540,4220,4106,2508,6614,67
2022-02-04,Solano,095,438530,77611,73112,5208,78320,415
2022-02-04,Sonoma,097,501317,79524,77213,2271,79484,431
2022-02-04,Stanislaus,099,539301,113419,111783,16624,128407,1406
2022-02-04,Sutter,101,95872,19730,19406,1818,21224,203
2022-02-04,Tehama,103,63373,11552,11259,2490,13749,146
2022-02-04,Trinity,105,12862,1130,1085,265,1350,20
2022-02-04,Tulare,107,460477,102128,97414,25809,123223,1254
2022-02-04,Tuolumne,109,53932,12120,11409,491,11900,91
2022-02-04,Ventura,111,848112,167881,165532,9092,174624,1308
2022-02-04,Yolo,113,214977,35270,33614,2664,36278,281
2022-02-04,Yuba,115,75493,15136,14801,1067,15868,105
2022-02-03,Alameda,001,1643700,243220,235698,12654,248352,1638
2022-02-03,Alpine,002,1148,120,124,1,125,0
2022-02-03,Amador,005,37829,8074,7855,567,8422,71
2022-02-03,Butte,007,227075,31585,30733,6598,37331,355
2022-02-03,Calaveras,009,45235,6944,6789,304,7093,99
2022-02-03,Colusa,011,21464,3322,3234,1011,4245,21
2022-02-03,Contra Costa,013,1133247,183322,175871,12157,188028,1115
2022-02-03,Del Norte,015,27424,5104,4978,143,5121,44
2022-02-03,El Dorado,017,186661,25754,24813,3042,27855,185
2022-02-03,Fresno,019,978130,222927,213539,22650,236189,2477
2022-02-03,Glenn,021,27897,4806,4691,1524,6215,39
2022-02-03,Humboldt,023,135768,15774,15514,2564,18078,127
2022-02-03,Imperial,025,180216,53308,52153,9872,62025,853
2022-02-03,Inyo,027,18085,3986,3948,421,4369,51
2022-02-03,Kern,029,883053,185112,180296,43376,223672,1987
2022-02-03,Kings,031,150075,48940,47538,3322,50860,402
2022-02-03,Lake,033,64148,9838,9289,774,10063,124
2022-02-03,Lassen,035,31185,8452,8288,831,9119,55
2022-02-03,Los Angeles,037,10098052,2634385,2572702,118557,2691259,28947
2022-02-03,Madera,039,155013,35408,34471,5463,39934,329
2022-02-03,Marin,041,260295,31826,31299,2051,33350,255
2022-02-03,Mariposa,043,17540,2263,2222,157,2379,6
2022-02-03,Mendocino,045,87422,12349,12066,2583,14649,107
2022-02-03,Merced,047,269075,60094,58908,7761,66669,744
2022-02-03,Modoc,049,8938,686,664,228,892,6
2022-02-03,Mono,051,14174,2924,2904,115,3019,5
2022-02-03,Monterey,053,433212,75315,67342,11865,79207,666
2022-02-03,Napa,055,140530,24122,22973,856,23829,118
2022-02-03,Nevada,057,99092,15297,15002,1083,16085,113
2022-02-03,Orange,059,3164182,531846,527516,39665,567181,6134
2022-02-03,Placer,061,380077,60437,59043,7000,66043,533
2022-02-03,Plumas,063,18699,2831,2550,297,2847,13
2022-02-03,Riverside,065,2383286,575720,563991,26513,590504,5827
2022-02-03,Sacramento,067,1510023,269093,259437,24510,283947,2610
2022-02-03,San Benito,069,59416,12388,12142,483,12625,90
2022-02-03,San Bernardino,071,2135413,561615,539312,24154,563466,6322
2022-02-03,San Diego,073,3302833,721758,703957,49826,753783,4735
2022-02-03,San Francisco,075,870044,117362,112481,7725,120206,720
2022-02-03,San Joaquin,077,732212,160311,157420,9447,166867,1989
2022-02-03,San Luis Obispo,079,281455,49680,48361,3405,51766,404
2022-02-03,San Mateo,081,765935,116072,104810,6404,111214,587
2022-02-03,Santa Barbara,083,443738,81974,80478,4419,84897,617
2022-02-03,Santa Clara,085,1922200,297409,289262,11371,300633,2067
2022-02-03,Santa Cruz,087,273765,43905,42553,1979,44532,239
2022-02-03,Shasta,089,179085,29036,28604,5692,34296,466
2022-02-03,Sierra,091,2930,268,262,43,305,0
2022-02-03,Siskiyou,093,43540,4205,4106,2492,6598,67
2022-02-03,Solano,095,438530,77280,73112,5189,78301,415
2022-02-03,Sonoma,097,501317,79227,77213,2264,79477,431
2022-02-03,Stanislaus,099,539301,113042,111783,16536,128319,1406
2022-02-03,Sutter,101,95872,19678,19406,1802,21208,203
2022-02-03,Tehama,103,63373,11522,11259,2482,13741,146
2022-02-03,Trinity,105,12862,1128,1085,264,1349,20
2022-02-03,Tulare,107,460477,101720,97414,25672,123086,1254
2022-02-03,Tuolumne,109,53932,12079,11409,479,11888,91
2022-02-03,Ventura,111,848112,167494,165532,9080,174612,1308
2022-02-03,Yolo,113,214977,35161,33614,2650,36264,281
2022-02-03,Yuba,115,75493,15086,14801,1051,15852,105
2022-02-02,Alameda,001,1643700,242269,234300,12554,246854,1632
2022-02-02,Alpine,002,1148,120,123,1,124,0
2022-02-02,Amador,005,37829,8044,7781,558,8339,71
2022-02-02,Butte,007,227075,31473,30550,6561,37111,355
2022-02-02,Calaveras,009,45235,6918,6753,300,7053,99
2022-02-02,Colusa,011,21464,3307,3211,1010,4221,21
2022-02-02,Contra Costa,013,1133247,182693,174876,12060,186936,1113
2022-02-02,Del Norte,015,27424,5062,4924,139,5063,44
2022-02-02,El Dorado,017,186661,25691,24690,3023,27713,185
2022-02-02,Fresno,019,978130,221888,211976,22515,234491,2463
2022-02-02,Glenn,021,27897,4787,4667,1514,6181,39
2022-02-02,Humboldt,023,135768,15714,15392,2525,17917,127
2022-02-02,Imperial,025,180216,53111,51875,9745,61620,853
2022-02-02,Inyo,027,18085,3980,3944,420,4364,51
2022-02-02,Kern,029,883053,184516,179386,43163,222549,1974
2022-02-02,Kings,031,150075,48750,47061,3296,50357,401
2022-02-02,Lake,033,64148,9780,9235,767,10002,120
2022-02-02,Lassen,035,31185,8439,8258,822,9080,55
2022-02-02,Los Angeles,037,10098052,2628163,2561902,118182,2680084,28850
2022-02-02,Madera,039,155013,35240,34265,5391,39656,329
2022-02-02,Marin,041,260295,31723,31149,2041,33190,255
2022-02-02,Mariposa,043,17540,2252,2215,153,2368,6
2022-02-02,Mendocino,045,87422,12296,11996,2544,14540,105
2022-02-02,Merced,047,269075,59910,58532,7675,66207,744
2022-02-02,Modoc,049,8938,680,662,228,890,6
2022-02-02,Mono,051,14174,2913,2887,115,3002,5
2022-02-02,Monterey,053,433212,74923,66852,11685,78537,666
2022-02-02,Napa,055,140530,24002,22859,843,23702,117
2022-02-02,Nevada,057,99092,15239,14895,1061,15956,112
2022-02-02,Orange,059,3164182,530792,524418,39567,563985,6127
2022-02-02,Placer,061,380077,60244,58654,6971,65625,533
2022-02-02,Plumas,063,18699,2815,2540,294,2834,12
2022-02-02,Riverside,065,2383286,574439,561220,26466,587686,5827
2022-02-02,Sacramento,067,1510023,268091,258078,24305,282383,2602
2022-02-02,San Benito,069,59416,12348,12058,479,12537,90
2022-02-02,San Bernardino,071,2135413,560595,537485,24091,561576,6317
2022-02-02,San Diego,073,3302833,719557,703957,49637,753594,4735
2022-02-02,San Francisco,075,870044,116992,112008,7709,119717,714
2022-02-02,San Joaquin,077,732212,159739,156537,9421,165958,1986
2022-02-02,San Luis Obispo,079,281455,49482,48119,3392,51511,403
2022-02-02,San Mateo,081,765935,115697,104201,6340,110541,587
2022-02-02,Santa Barbara,083,443738,81631,79979,4388,84367,612
2022-02-02,Santa Clara,085,1922200,296236,287443,11259,298702,2051
2022-02-02,Santa Cruz,087,273765,43616,42127,1968,44095,239
2022-02-02,Shasta,089,179085,28935,28429,5647,34076,465
2022-02-02,Sierra,091,2930,268,262,43,305,0
2022-02-02,Siskiyou,093,43540,4195,4078,2463,6541,67
2022-02-02,Solano,095,438530,76921,72711,5162,77873,414
2022-02-02,Sonoma,097,501317,78914,76681,2251,78932,431
2022-02-02,Stanislaus,099,539301,112645,111167,16403,127570,1403
2022-02-02,Sutter,101,95872,19614,19290,1773,21063,203
2022-02-02,Tehama,103,63373,11464,11193,2463,13656,146
2022-02-02,Trinity,105,12862,1125,1074,262,1336,20
2022-02-02,Tulare,107,460477,101331,96820,25520,122340,1249
2022-02-02,Tuolumne,109,53932,12002,11342,476,11818,91
2022-02-02,Ventura,111,848112,167096,164905,9061,173966,1292
2022-02-02,Yolo,113,214977,35036,33332,2627,35959,281
2022-02-02,Yuba,115,75493,15021,14720,1043,15763,104
2022-02-01,Alameda,001,1643700,241201,233782,12449,246231,1620
2022-02-01,Alpine,002,1148,120,123,1,124,0
2022-02-01,Amador,005,37829,7996,7783,552,8335,73
2022-02-01,Butte,007,227075,31330,30496,6519,37015,355
2022-02-01,Calaveras,009,45235,6881,6749,296,7045,98
2022-02-01,Colusa,011,21464,3295,3202,997,4199,21
2022-02-01,Contra Costa,013,1133247,181929,174379,11916,186295,1115
2022-02-01,Del Norte,015,27424,5014,4907,136,5043,44
2022-02-01,El Dorado,017,186661,25631,24664,3006,27670,184
2022-02-01,Fresno,019,978130,220691,211352,22352,233704,2464
2022-02-01,Glenn,021,27897,4771,4649,1504,6153,39
2022-02-01,Humboldt,023,135768,15631,15354,2497,17851,127
2022-02-01,Imperial,025,180216,52898,51675,9680,61355,846
2022-02-01,Inyo,027,18085,3970,3928,417,4345,51
2022-02-01,Kern,029,883053,183869,178987,42918,221905,1967
2022-02-01,Kings,031,150075,48490,46959,3273,50232,400
2022-02-01,Lake,033,64148,9724,9211,760,9971,119
2022-02-01,Lassen,035,31185,8421,8231,818,9049,55
2022-02-01,Los Angeles,037,10098052,2621007,2548794,117808,2666602,28752
2022-02-01,Madera,039,155013,35020,34124,5310,39434,329
2022-02-01,Marin,041,260295,31599,31099,2025,33124,255
2022-02-01,Mariposa,043,17540,2245,2210,152,2362,6
2022-02-01,Mendocino,045,87422,12234,11978,2507,14485,105
2022-02-01,Merced,047,269075,59724,58362,7549,65911,743
2022-02-01,Modoc,049,8938,673,664,228,892,6
2022-02-01,Mono,051,14174,2907,2888,115,3003,5
2022-02-01,Monterey,053,433212,74502,66553,11491,78044,665
2022-02-01,Napa,055,140530,23903,22795,827,23622,116
2022-02-01,Nevada,057,99092,15178,14863,1049,15912,112
2022-02-01,Orange,059,3164182,529645,523741,39423,563164,6108
2022-02-01,Placer,061,380077,59997,58486,6933,65419,532
2022-02-01,Plumas,063,18699,2800,2526,291,2817,12
2022-02-01,Riverside,065,2383286,573052,560010,26418,586428,5825
2022-02-01,Sacramento,067,1510023,267038,257504,24041,281545,2593
2022-02-01,San Benito,069,59416,12282,12053,476,12529,90
2022-02-01,San Bernardino,071,2135413,559300,536591,24026,560617,6311
2022-02-01,San Diego,073,3302833,717037,701009,49408,750417,4710
2022-02-01,San Francisco,075,870044,116524,111606,7690,119296,713
2022-02-01,San Joaquin,077,732212,159205,156300,9398,165698,1987
2022-02-01,San Luis Obispo,079,281455,49253,47842,3331,51173,403
2022-02-01,San Mateo,081,765935,115228,103868,6298,110166,589
2022-02-01,Santa Barbara,083,443738,81186,79659,4351,84010,608
2022-02-01,Santa Clara,085,1922200,294705,286109,11154,297263,2070
2022-02-01,Santa Cruz,087,273765,43316,41782,1952,43734,239
2022-02-01,Shasta,089,179085,28814,28382,5594,33976,465
2022-02-01,Sierra,091,2930,266,262,43,305,0
2022-02-01,Siskiyou,093,43540,4181,4072,2436,6508,66
2022-02-01,Solano,095,438530,76644,72494,5140,77634,415
2022-02-01,Sonoma,097,501317,78553,76379,2228,78607,431
2022-02-01,Stanislaus,099,539301,112233,110925,16297,127222,1403
2022-02-01,Sutter,101,95872,19546,19256,1740,20996,202
2022-02-01,Tehama,103,63373,11407,11165,2450,13615,146
2022-02-01,Trinity,105,12862,1121,1073,262,1335,19
2022-02-01,Tulare,107,460477,100838,96467,25323,121790,1247
2022-02-01,Tuolumne,109,53932,11952,11318,467,11785,91
2022-02-01,Ventura,111,848112,166591,164721,9036,173757,1293
2022-02-01,Yolo,113,214977,34884,33257,2601,35858,275
2022-02-01,Yuba,115,75493,14960,14693,1036,15729,103
2022-01-31,Alameda,001,1643700,239846,232743,12340,245083,1607
2022-01-31,Alpine,002,1148,119,123,1,124,0
2022-01-31,Amador,005,37829,7943,7682,535,8217,73
2022-01-31,Butte,007,227075,31154,30371,6471,36842,354
2022-01-31,Calaveras,009,45235,6845,6700,285,6985,96
2022-01-31,Colusa,011,21464,3285,3187,988,4175,21
2022-01-31,Contra Costa,013,1133247,181086,173466,11789,185255,1115
2022-01-31,Del Norte,015,27424,4980,4879,133,5012,43
2022-01-31,El Dorado,017,186661,25525,24545,2976,27521,184
2022-01-31,Fresno,019,978130,219192,210589,22150,232739,2464
2022-01-31,Glenn,021,27897,4735,4641,1492,6133,39
2022-01-31,Humboldt,023,135768,15541,15308,2464,17772,126
2022-01-31,Imperial,025,180216,52682,51472,9571,61043,846
2022-01-31,Inyo,027,18085,3959,3922,411,4333,50
2022-01-31,Kern,029,883053,183087,178375,42602,220977,1967
2022-01-31,Kings,031,150075,48133,46845,3239,50084,398
2022-01-31,Lake,033,64148,9651,9141,748,9889,119
2022-01-31,Lassen,035,31185,8390,8162,812,8974,55
2022-01-31,Los Angeles,037,10098052,2612781,2541189,117400,2658589,28718
2022-01-31,Madera,039,155013,34805,33886,5214,39100,329
2022-01-31,Marin,041,260295,31474,31023,2008,33031,253
2022-01-31,Mariposa,043,17540,2235,2203,143,2346,6
2022-01-31,Mendocino,045,87422,12168,11896,2466,14362,104
2022-01-31,Merced,047,269075,59437,58198,7360,65558,740
2022-01-31,Modoc,049,8938,670,661,228,889,6
2022-01-31,Mono,051,14174,2893,2889,115,3004,5
2022-01-31,Monterey,053,433212,74049,66117,11278,77395,661
2022-01-31,Napa,055,140530,23735,22707,810,23517,113
2022-01-31,Nevada,057,99092,15101,14813,1036,15849,112
2022-01-31,Orange,059,3164182,528318,522358,39282,561640,6098
2022-01-31,Placer,061,380077,59750,58252,6902,65154,523
2022-01-31,Plumas,063,18699,2787,2513,289,2802,12
2022-01-31,Riverside,065,2383286,571233,558166,26354,584520,5785
2022-01-31,Sacramento,067,1510023,265744,256594,23789,280383,2571
2022-01-31,San Benito,069,59416,12223,11976,475,12451,90
2022-01-31,San Bernardino,071,2135413,557650,535276,23944,559220,6302
2022-01-31,San Diego,073,3302833,714131,698571,49136,747707,4686
2022-01-31,San Francisco,075,870044,116120,111119,7656,118775,712
2022-01-31,San Joaquin,077,732212,158445,155736,9367,165103,1985
2022-01-31,San Luis Obispo,079,281455,48999,47656,3274,50930,395
2022-01-31,San Mateo,081,765935,114720,103313,6240,109553,589
2022-01-31,Santa Barbara,083,443738,80680,79267,4309,83576,606
2022-01-31,Santa Clara,085,1922200,293015,284562,11050,295612,2041
2022-01-31,Santa Cruz,087,273765,42936,41630,1945,43575,239
2022-01-31,Shasta,089,179085,28684,28190,5553,33743,462
2022-01-31,Sierra,091,2930,266,261,43,304,0
2022-01-31,Siskiyou,093,43540,4165,4054,2420,6474,66
2022-01-31,Solano,095,438530,75937,72258,5093,77351,414
2022-01-31,Sonoma,097,501317,78099,76199,2198,78397,431
2022-01-31,Stanislaus,099,539301,111707,110493,16116,126609,1403
2022-01-31,Sutter,101,95872,19466,19189,1690,20879,202
2022-01-31,Tehama,103,63373,11344,11112,2422,13534,145
2022-01-31,Trinity,105,12862,1116,1071,259,1330,19
2022-01-31,Tulare,107,460477,100206,96053,25091,121144,1245
2022-01-31,Tuolumne,109,53932,11861,11278,460,11738,91
2022-01-31,Ventura,111,848112,166055,164060,9011,173071,1286
2022-01-31,Yolo,113,214977,34723,33175,2574,35749,274
2022-01-31,Yuba,115,75493,14897,14652,1016,15668,103
2022-01-30,Alameda,001,1643700,238291,231838,12189,244027,1607
2022-01-30,Alpine,002,1148,119,123,1,124,0
2022-01-30,Amador,005,37829,7890,7644,512,8156,73
2022-01-30,Butte,007,227075,30948,30255,6392,36647,354
2022-01-30,Calaveras,009,45235,6789,6676,274,6950,96
2022-01-30,Colusa,011,21464,3265,3168,980,4148,21
2022-01-30,Contra Costa,013,1133247,180091,172902,11585,184487,1102
2022-01-30,Del Norte,015,27424,4939,4833,130,4963,43
2022-01-30,El Dorado,017,186661,25401,24491,2951,27442,184
2022-01-30,Fresno,019,978130,217613,209645,21884,231529,2463
2022-01-30,Glenn,021,27897,4702,4619,1483,6102,39
2022-01-30,Humboldt,023,135768,15429,15247,2409,17656,126
2022-01-30,Imperial,025,180216,52358,51415,9402,60817,846
2022-01-30,Inyo,027,18085,3942,3921,408,4329,50
2022-01-30,Kern,029,883053,182222,177924,42280,220204,1967
2022-01-30,Kings,031,150075,47781,46654,3182,49836,398
2022-01-30,Lake,033,64148,9562,9080,727,9807,119
2022-01-30,Lassen,035,31185,8366,8158,804,8962,55
2022-01-30,Los Angeles,037,10098052,2602700,2530739,116928,2647667,28678
2022-01-30,Madera,039,155013,34506,33752,5030,38782,329
2022-01-30,Marin,041,260295,31326,30875,1994,32869,253
2022-01-30,Mariposa,043,17540,2223,2177,138,2315,6
2022-01-30,Mendocino,045,87422,12095,11860,2360,14220,104
2022-01-30,Merced,047,269075,59065,58006,7066,65072,740
2022-01-30,Modoc,049,8938,667,661,228,889,6
2022-01-30,Mono,051,14174,2887,2888,115,3003,5
2022-01-30,Monterey,053,433212,73461,65996,10999,76995,661
2022-01-30,Napa,055,140530,23567,22588,794,23382,114
2022-01-30,Nevada,057,99092,15012,14741,1020,15761,112
2022-01-30,Orange,059,3164182,526678,521334,39129,560463,6098
2022-01-30,Placer,061,380077,59423,58030,6862,64892,523
2022-01-30,Plumas,063,18699,2762,2510,275,2785,12
2022-01-30,Riverside,065,2383286,569164,557088,26253,583341,5767
2022-01-30,Sacramento,067,1510023,264286,255715,23296,279011,2572
2022-01-30,San Benito,069,59416,12157,11945,470,12415,90
2022-01-30,San Bernardino,071,2135413,555877,534050,23833,557883,6302
2022-01-30,San Diego,073,3302833,710594,687145,48700,735845,4665
2022-01-30,San Francisco,075,870044,115572,110772,7622,118394,712
2022-01-30,San Joaquin,077,732212,157456,155165,9329,164494,1985
2022-01-30,San Luis Obispo,079,281455,48602,47599,3238,50837,394
2022-01-30,San Mateo,081,765935,114147,102979,6195,109174,589
2022-01-30,Santa Barbara,083,443738,80003,79072,4248,83320,606
2022-01-30,Santa Clara,085,1922200,291038,282846,10919,293765,2035
2022-01-30,Santa Cruz,087,273765,42477,41330,1937,43267,239
2022-01-30,Shasta,089,179085,28523,28105,5469,33574,462
2022-01-30,Sierra,091,2930,266,261,43,304,0
2022-01-30,Siskiyou,093,43540,4135,4039,2373,6412,66
2022-01-30,Solano,095,438530,75411,71857,5042,76899,414
2022-01-30,Sonoma,097,501317,77580,75890,2169,78059,431
2022-01-30,Stanislaus,099,539301,111052,110111,15913,126024,1403
2022-01-30,Sutter,101,95872,19374,19108,1593,20701,202
2022-01-30,Tehama,103,63373,11272,11071,2392,13463,145
2022-01-30,Trinity,105,12862,1110,1068,259,1327,19
2022-01-30,Tulare,107,460477,99463,95676,24831,120507,1245
2022-01-30,Tuolumne,109,53932,11752,11242,423,11665,91
2022-01-30,Ventura,111,848112,165477,163521,8981,172502,1286
2022-01-30,Yolo,113,214977,34505,33043,2541,35584,274
2022-01-30,Yuba,115,75493,14807,14584,996,15580,103
2022-01-29,Alameda,001,1643700,237617,225602,12171,237773,1605
2022-01-29,Alpine,002,1148,119,123,1,124,0
2022-01-29,Amador,005,37829,7868,7505,509,8014,73
2022-01-29,Butte,007,227075,30858,29557,6361,35918,353
2022-01-29,Calaveras,009,45235,6770,6484,274,6758,96
2022-01-29,Colusa,011,21464,3260,3107,976,4083,21
2022-01-29,Contra Costa,013,1133247,179543,168003,11552,179555,1101
2022-01-29,Del Norte,015,27424,4921,4589,128,4717,43
2022-01-29,El Dorado,017,186661,25358,24008,2944,26952,184
2022-01-29,Fresno,019,978130,217155,202691,21846,224537,2457
2022-01-29,Glenn,021,27897,4694,4516,1476,5992,39
2022-01-29,Humboldt,023,135768,15382,14812,2402,17214,126
2022-01-29,Imperial,025,180216,52241,50153,9346,59499,845
2022-01-29,Inyo,027,18085,3940,3895,400,4295,50
2022-01-29,Kern,029,883053,181882,174456,42118,216574,1962
2022-01-29,Kings,031,150075,47662,45047,3175,48222,397
2022-01-29,Lake,033,64148,9529,8747,723,9470,119
2022-01-29,Lassen,035,31185,8345,7961,801,8762,55
2022-01-29,Los Angeles,037,10098052,2598792,2473332,116663,2589995,28467
2022-01-29,Madera,039,155013,34397,32753,5002,37755,329
2022-01-29,Marin,041,260295,31261,30137,1992,32129,253
2022-01-29,Mariposa,043,17540,2221,2117,136,2253,6
2022-01-29,Mendocino,045,87422,12071,11591,2344,13935,104
2022-01-29,Merced,047,269075,58957,56472,7061,63533,735
2022-01-29,Modoc,049,8938,667,654,228,882,6
2022-01-29,Mono,051,14174,2885,2860,115,2975,5
2022-01-29,Monterey,053,433212,73306,64090,10937,75027,658
2022-01-29,Napa,055,140530,23511,22121,792,22913,113
2022-01-29,Nevada,057,99092,14978,14337,1017,15354,112
2022-01-29,Orange,059,3164182,525973,511255,39023,550278,6038
2022-01-29,Placer,061,380077,59234,56562,6846,63408,523
2022-01-29,Plumas,063,18699,2752,2463,271,2734,12
2022-01-29,Riverside,065,2383286,568139,548121,26211,574332,5726
2022-01-29,Sacramento,067,1510023,263647,249130,23250,272380,2558
2022-01-29,San Benito,069,59416,12099,11670,469,12139,90
2022-01-29,San Bernardino,071,2135413,555128,525249,23789,549038,6297
2022-01-29,San Diego,073,3302833,709260,683027,48600,731627,4643
2022-01-29,San Francisco,075,870044,115298,108265,7574,115839,712
2022-01-29,San Joaquin,077,732212,157211,150849,9307,160156,1971
2022-01-29,San Luis Obispo,079,281455,48511,46374,3235,49609,391
2022-01-29,San Mateo,081,765935,113807,100306,6176,106482,586
2022-01-29,Santa Barbara,083,443738,79781,76546,4242,80788,604
2022-01-29,Santa Clara,085,1922200,290103,273879,10891,284770,2019
2022-01-29,Santa Cruz,087,273765,42346,39228,1935,41163,240
2022-01-29,Shasta,089,179085,28463,27504,5456,32960,452
2022-01-29,Sierra,091,2930,266,260,42,302,0
2022-01-29,Siskiyou,093,43540,4125,3987,2366,6353,66
2022-01-29,Solano,095,438530,75266,69862,5029,74891,407
2022-01-29,Sonoma,097,501317,77365,73439,2164,75603,427
2022-01-29,Stanislaus,099,539301,110803,107668,15862,123530,1403
2022-01-29,Sutter,101,95872,19326,18797,1577,20374,202
2022-01-29,Tehama,103,63373,11237,10880,2383,13263,145
2022-01-29,Trinity,105,12862,1107,1033,258,1291,19
2022-01-29,Tulare,107,460477,99206,93154,24759,117913,1237
2022-01-29,Tuolumne,109,53932,11726,10806,415,11221,91
2022-01-29,Ventura,111,848112,165148,160466,8962,169428,1271
2022-01-29,Yolo,113,214977,34391,32123,2525,34648,275
2022-01-29,Yuba,115,75493,14767,14295,994,15289,103
2022-01-28,Alameda,001,1643700,236671,225602,12153,237755,1605
2022-01-28,Alpine,002,1148,119,123,1,124,0
2022-01-28,Amador,005,37829,7842,7505,508,8013,73
2022-01-28,Butte,007,227075,30781,29557,6339,35896,353
2022-01-28,Calaveras,009,45235,6752,6484,273,6757,96
2022-01-28,Colusa,011,21464,3255,3107,975,4082,21
2022-01-28,Contra Costa,013,1133247,178993,168003,11515,179518,1101
2022-01-28,Del Norte,015,27424,4897,4589,127,4716,43
2022-01-28,El Dorado,017,186661,25313,24008,2937,26945,184
2022-01-28,Fresno,019,978130,216274,202691,21789,224480,2457
2022-01-28,Glenn,021,27897,4681,4516,1474,5990,39
2022-01-28,Humboldt,023,135768,15346,14812,2392,17204,126
2022-01-28,Imperial,025,180216,52113,50153,9316,59469,845
2022-01-28,Inyo,027,18085,3936,3895,397,4292,50
2022-01-28,Kern,029,883053,181471,174456,41960,216416,1962
2022-01-28,Kings,031,150075,47532,45047,3165,48212,397
2022-01-28,Lake,033,64148,9497,8747,720,9467,119
2022-01-28,Lassen,035,31185,8275,7961,799,8760,55
2022-01-28,Los Angeles,037,10098052,2593066,2473332,116450,2589782,28467
2022-01-28,Madera,039,155013,34269,32753,4986,37739,329
2022-01-28,Marin,041,260295,31168,30137,1972,32109,253
2022-01-28,Mariposa,043,17540,2211,2117,134,2251,6
2022-01-28,Mendocino,045,87422,12028,11591,2342,13933,104
2022-01-28,Merced,047,269075,58856,56472,7046,63518,735
2022-01-28,Modoc,049,8938,666,654,228,882,6
2022-01-28,Mono,051,14174,2880,2860,114,2974,5
2022-01-28,Monterey,053,433212,73104,64090,10888,74978,658
2022-01-28,Napa,055,140530,23432,22121,790,22911,113
2022-01-28,Nevada,057,99092,14941,14337,1015,15352,112
2022-01-28,Orange,059,3164182,524900,511255,38933,550188,6038
2022-01-28,Placer,061,380077,59034,56562,6823,63385,523
2022-01-28,Plumas,063,18699,2744,2463,269,2732,12
2022-01-28,Riverside,065,2383286,566816,548121,26170,574291,5726
2022-01-28,Sacramento,067,1510023,262904,249130,23199,272329,2558
2022-01-28,San Benito,069,59416,12077,11670,464,12134,90
2022-01-28,San Bernardino,071,2135413,554087,525249,23752,549001,6297
2022-01-28,San Diego,073,3302833,707438,683027,48521,731548,4643
2022-01-28,San Francisco,075,870044,114941,108265,7525,115790,712
2022-01-28,San Joaquin,077,732212,156922,150849,9293,160142,1971
2022-01-28,San Luis Obispo,079,281455,48427,46374,3228,49602,391
2022-01-28,San Mateo,081,765935,113453,100306,6156,106462,586
2022-01-28,Santa Barbara,083,443738,79532,76546,4240,80786,604
2022-01-28,Santa Clara,085,1922200,288914,273879,10842,284721,2019
2022-01-28,Santa Cruz,087,273765,42153,39228,1924,41152,240
2022-01-28,Shasta,089,179085,28403,27504,5442,32946,452
2022-01-28,Sierra,091,2930,266,260,42,302,0
2022-01-28,Siskiyou,093,43540,4115,3987,2362,6349,66
2022-01-28,Solano,095,438530,74714,69862,4963,74825,407
2022-01-28,Sonoma,097,501317,77160,73439,2157,75596,427
2022-01-28,Stanislaus,099,539301,110530,107668,15815,123483,1403
2022-01-28,Sutter,101,95872,19281,18797,1575,20372,202
2022-01-28,Tehama,103,63373,11205,10880,2376,13256,145
2022-01-28,Trinity,105,12862,1098,1033,258,1291,19
2022-01-28,Tulare,107,460477,98933,93154,24653,117807,1237
2022-01-28,Tuolumne,109,53932,11693,10806,411,11217,91
2022-01-28,Ventura,111,848112,164693,160466,8943,169409,1271
2022-01-28,Yolo,113,214977,34286,32123,2519,34642,275
2022-01-28,Yuba,115,75493,14728,14295,990,15285,103
2022-01-27,Alameda,001,1643700,235087,225602,12022,237624,1605
2022-01-27,Alpine,002,1148,119,123,1,124,0
2022-01-27,Amador,005,37829,7795,7505,497,8002,73
2022-01-27,Butte,007,227075,30628,29557,6285,35842,353
2022-01-27,Calaveras,009,45235,6726,6484,257,6741,96
2022-01-27,Colusa,011,21464,3239,3107,970,4077,21
2022-01-27,Contra Costa,013,1133247,177929,168003,11341,179344,1101
2022-01-27,Del Norte,015,27424,4853,4589,123,4712,43
2022-01-27,El Dorado,017,186661,25204,24008,2918,26926,184
2022-01-27,Fresno,019,978130,214621,202691,21565,224256,2457
2022-01-27,Glenn,021,27897,4649,4516,1466,5982,39
2022-01-27,Humboldt,023,135768,15258,14812,2355,17167,126
2022-01-27,Imperial,025,180216,51844,50153,9205,59358,845
2022-01-27,Inyo,027,18085,3929,3895,388,4283,50
2022-01-27,Kern,029,883053,180692,174456,41599,216055,1962
2022-01-27,Kings,031,150075,47191,45047,3127,48174,397
2022-01-27,Lake,033,64148,9443,8747,703,9450,119
2022-01-27,Lassen,035,31185,8234,7961,793,8754,55
2022-01-27,Los Angeles,037,10098052,2581912,2473332,115938,2589270,28467
2022-01-27,Madera,039,155013,34060,32753,4884,37637,329
2022-01-27,Marin,041,260295,31004,30137,1957,32094,253
2022-01-27,Mariposa,043,17540,2188,2117,131,2248,6
2022-01-27,Mendocino,045,87422,11977,11591,2293,13884,104
2022-01-27,Merced,047,269075,58585,56472,6883,63355,735
2022-01-27,Modoc,049,8938,664,654,227,881,6
2022-01-27,Mono,051,14174,2875,2860,114,2974,5
2022-01-27,Monterey,053,433212,72482,64090,10643,74733,658
2022-01-27,Napa,055,140530,23276,22121,763,22884,113
2022-01-27,Nevada,057,99092,14869,14337,988,15325,112
2022-01-27,Orange,059,3164182,523173,511255,38794,550049,6038
2022-01-27,Placer,061,380077,58718,56562,6771,63333,523
2022-01-27,Plumas,063,18699,2733,2463,257,2720,12
2022-01-27,Riverside,065,2383286,564641,548121,26101,574222,5726
2022-01-27,Sacramento,067,1510023,261620,249130,22875,272005,2558
2022-01-27,San Benito,069,59416,12022,11670,459,12129,90
2022-01-27,San Bernardino,071,2135413,552192,525249,23651,548900,6297
2022-01-27,San Diego,073,3302833,704096,683027,48162,731189,4643
2022-01-27,San Francisco,075,870044,114433,108265,7467,115732,712
2022-01-27,San Joaquin,077,732212,156062,150849,9228,160077,1971
2022-01-27,San Luis Obispo,079,281455,48156,46374,3193,49567,391
2022-01-27,San Mateo,081,765935,112866,100306,6087,106393,586
2022-01-27,Santa Barbara,083,443738,79053,76546,4185,80731,604
2022-01-27,Santa Clara,085,1922200,286842,273879,10696,284575,2019
2022-01-27,Santa Cruz,087,273765,41488,39228,1906,41134,240
2022-01-27,Shasta,089,179085,28278,27504,5393,32897,452
2022-01-27,Sierra,091,2930,265,260,41,301,0
2022-01-27,Siskiyou,093,43540,4094,3987,2325,6312,66
2022-01-27,Solano,095,438530,74075,69862,4905,74767,407
2022-01-27,Sonoma,097,501317,76694,73439,2143,75582,427
2022-01-27,Stanislaus,099,539301,110005,107668,15658,123326,1403
2022-01-27,Sutter,101,95872,19175,18797,1551,20348,202
2022-01-27,Tehama,103,63373,11153,10880,2360,13240,145
2022-01-27,Trinity,105,12862,1094,1033,257,1290,19
2022-01-27,Tulare,107,460477,98264,93154,24392,117546,1237
2022-01-27,Tuolumne,109,53932,11639,10806,403,11209,91
2022-01-27,Ventura,111,848112,164042,160466,8907,169373,1271
2022-01-27,Yolo,113,214977,34140,32123,2504,34627,275
2022-01-27,Yuba,115,75493,14650,14295,974,15269,103
2022-01-26,Alameda,001,1643700,233196,222680,11856,234536,1596
2022-01-26,Alpine,002,1148,119,123,1,124,0
2022-01-26,Amador,005,37829,7721,7427,482,7909,73
2022-01-26,Butte,007,227075,30433,29229,6222,35451,353
2022-01-26,Calaveras,009,45235,6687,6387,251,6638,96
2022-01-26,Colusa,011,21464,3220,3094,965,4059,21
2022-01-26,Contra Costa,013,1133247,176730,165972,11171,177143,1095
2022-01-26,Del Norte,015,27424,4795,4542,122,4664,43
2022-01-26,El Dorado,017,186661,25082,23819,2895,26714,181
2022-01-26,Fresno,019,978130,212757,199689,21343,221032,2452
2022-01-26,Glenn,021,27897,4615,4472,1461,5933,39
2022-01-26,Humboldt,023,135768,15159,14715,2312,17027,126
2022-01-26,Imperial,025,180216,51486,49477,9065,58542,839
2022-01-26,Inyo,027,18085,3926,3889,358,4247,50
2022-01-26,Kern,029,883053,179752,173052,41258,214310,1953
2022-01-26,Kings,031,150075,46786,44367,3098,47465,396
2022-01-26,Lake,033,64148,9361,8645,693,9338,119
2022-01-26,Lassen,035,31185,8194,7888,793,8681,55
2022-01-26,Los Angeles,037,10098052,2569701,2450620,115494,2566114,28382
2022-01-26,Madera,039,155013,33821,32323,4747,37070,329
2022-01-26,Marin,041,260295,30821,29813,1940,31753,253
2022-01-26,Mariposa,043,17540,2171,2108,124,2232,6
2022-01-26,Mendocino,045,87422,11929,11453,2242,13695,103
2022-01-26,Merced,047,269075,58209,56060,6706,62766,733
2022-01-26,Modoc,049,8938,663,652,226,878,6
2022-01-26,Mono,051,14174,2872,2852,114,2966,4
2022-01-26,Monterey,053,433212,71925,63264,10355,73619,659
2022-01-26,Napa,055,140530,23120,21864,753,22617,112
2022-01-26,Nevada,057,99092,14774,14128,976,15104,112
2022-01-26,Orange,059,3164182,521184,506419,38627,545046,6007
2022-01-26,Placer,061,380077,58378,55892,6710,62602,524
2022-01-26,Plumas,063,18699,2706,2425,255,2680,12
2022-01-26,Riverside,065,2383286,562110,543788,25984,569772,5701
2022-01-26,Sacramento,067,1510023,259927,246416,22548,268964,2559
2022-01-26,San Benito,069,59416,11951,11563,447,12010,90
2022-01-26,San Bernardino,071,2135413,549919,521699,23544,545243,6291
2022-01-26,San Diego,073,3302833,699881,676392,47804,724196,4622
2022-01-26,San Francisco,075,870044,113791,107174,7435,114609,704
2022-01-26,San Joaquin,077,732212,155066,148770,9174,157944,1971
2022-01-26,San Luis Obispo,079,281455,47851,45716,3167,48883,391
2022-01-26,San Mateo,081,765935,112199,99016,5963,104979,586
2022-01-26,Santa Barbara,083,443738,78525,75548,4125,79673,600
2022-01-26,Santa Clara,085,1922200,284726,270470,10525,280995,2015
2022-01-26,Santa Cruz,087,273765,40969,38298,1892,40190,239
2022-01-26,Shasta,089,179085,28131,27255,5348,32603,452
2022-01-26,Sierra,091,2930,264,260,40,300,0
2022-01-26,Siskiyou,093,43540,4078,3971,2300,6271,66
2022-01-26,Solano,095,438530,73378,69150,4838,73988,401
2022-01-26,Sonoma,097,501317,76134,72509,2108,74617,423
2022-01-26,Stanislaus,099,539301,109450,106582,15441,122023,1396
2022-01-26,Sutter,101,95872,19066,18670,1507,20177,202
2022-01-26,Tehama,103,63373,11099,10749,2346,13095,145
2022-01-26,Trinity,105,12862,1089,1008,257,1265,19
2022-01-26,Tulare,107,460477,97458,91904,24153,116057,1234
2022-01-26,Tuolumne,109,53932,11455,10699,392,11091,91
2022-01-26,Ventura,111,848112,163332,159077,8865,167942,1263
2022-01-26,Yolo,113,214977,33922,31913,2466,34379,275
2022-01-26,Yuba,115,75493,14565,14171,952,15123,103
2022-01-25,Alameda,001,1643700,231311,219753,11682,231435,1589
2022-01-25,Alpine,002,1148,119,122,1,123,0
2022-01-25,Amador,005,37829,7644,7352,471,7823,73
2022-01-25,Butte,007,227075,30220,28887,6149,35036,351
2022-01-25,Calaveras,009,45235,6629,6266,238,6504,95
2022-01-25,Colusa,011,21464,3199,3074,963,4037,21
2022-01-25,Contra Costa,013,1133247,175332,163792,10943,174735,1092
2022-01-25,Del Norte,015,27424,4725,4514,117,4631,43
2022-01-25,El Dorado,017,186661,24945,23339,2871,26210,179
2022-01-25,Fresno,019,978130,210579,198262,21043,219305,2434
2022-01-25,Glenn,021,27897,4585,4418,1445,5863,39
2022-01-25,Humboldt,023,135768,15067,14574,2286,16860,126
2022-01-25,Imperial,025,180216,51030,48913,8844,57757,832
2022-01-25,Inyo,027,18085,3910,3857,316,4173,50
2022-01-25,Kern,029,883053,178747,171695,40810,212505,1947
2022-01-25,Kings,031,150075,46318,43853,3053,46906,396
2022-01-25,Lake,033,64148,9282,8543,681,9224,118
2022-01-25,Lassen,035,31185,8163,7834,784,8618,55
2022-01-25,Los Angeles,037,10098052,2554752,2433516,114852,2548368,28293
2022-01-25,Madera,039,155013,33500,31794,4614,36408,329
2022-01-25,Marin,041,260295,30643,29589,1927,31516,253
2022-01-25,Mariposa,043,17540,2159,2069,118,2187,6
2022-01-25,Mendocino,045,87422,11809,11280,2139,13419,103
2022-01-25,Merced,047,269075,57816,55555,6566,62121,733
2022-01-25,Modoc,049,8938,661,652,226,878,6
2022-01-25,Mono,051,14174,2862,2826,113,2939,4
2022-01-25,Monterey,053,433212,71350,62498,9954,72452,654
2022-01-25,Napa,055,140530,22925,21668,719,22387,111
2022-01-25,Nevada,057,99092,14661,13944,954,14898,112
2022-01-25,Orange,059,3164182,518901,504274,38429,542703,5980
2022-01-25,Placer,061,380077,57977,55465,6637,62102,518
2022-01-25,Plumas,063,18699,2682,2397,251,2648,12
2022-01-25,Riverside,065,2383286,559020,540723,25820,566543,5686
2022-01-25,Sacramento,067,1510023,257977,244468,22020,266488,2545
2022-01-25,San Benito,069,59416,11852,11446,443,11889,88
2022-01-25,San Bernardino,071,2135413,547293,519150,23430,542580,6288
2022-01-25,San Diego,073,3302833,694889,670110,47352,717462,4604
2022-01-25,San Francisco,075,870044,113028,106254,7393,113647,703
2022-01-25,San Joaquin,077,732212,154064,147271,9109,156380,1972
2022-01-25,San Luis Obispo,079,281455,47490,45130,3119,48249,391
2022-01-25,San Mateo,081,765935,111363,98010,5852,103862,586
2022-01-25,Santa Barbara,083,443738,77857,74686,4046,78732,594
2022-01-25,Santa Clara,085,1922200,282075,268031,10323,278354,2006
2022-01-25,Santa Cruz,087,273765,40298,37850,1877,39727,237
2022-01-25,Shasta,089,179085,27968,27090,5282,32372,452
2022-01-25,Sierra,091,2930,264,260,36,296,0
2022-01-25,Siskiyou,093,43540,4054,3958,2265,6223,65
2022-01-25,Solano,095,438530,72806,68657,4779,73436,399
2022-01-25,Sonoma,097,501317,75445,71633,2068,73701,423
2022-01-25,Stanislaus,099,539301,108779,105965,15215,121180,1396
2022-01-25,Sutter,101,95872,18963,18508,1467,19975,200
2022-01-25,Tehama,103,63373,11036,10669,2322,12991,145
2022-01-25,Trinity,105,12862,1082,999,255,1254,19
2022-01-25,Tulare,107,460477,96597,91237,23834,115071,1229
2022-01-25,Tuolumne,109,53932,11274,10516,368,10884,91
2022-01-25,Ventura,111,848112,162478,157971,8816,166787,1263
2022-01-25,Yolo,113,214977,33663,31677,2422,34099,274
2022-01-25,Yuba,115,75493,14480,14038,925,14963,103
2022-01-24,Alameda,001,1643700,228845,216252,11416,227668,1581
2022-01-24,Alpine,002,1148,119,120,1,121,0
2022-01-24,Amador,005,37829,7593,7166,434,7600,73
2022-01-24,Butte,007,227075,29986,28607,6083,34690,350
2022-01-24,Calaveras,009,45235,6581,6172,224,6396,95
2022-01-24,Colusa,011,21464,3179,3052,946,3998,21
2022-01-24,Contra Costa,013,1133247,173773,162161,10721,172882,1092
2022-01-24,Del Norte,015,27424,4665,4460,117,4577,43
2022-01-24,El Dorado,017,186661,24781,23128,2844,25972,179
2022-01-24,Fresno,019,978130,208238,196092,20717,216809,2430
2022-01-24,Glenn,021,27897,4545,4367,1436,5803,39
2022-01-24,Humboldt,023,135768,14956,14416,2241,16657,126
2022-01-24,Imperial,025,180216,50489,48228,8564,56792,824
2022-01-24,Inyo,027,18085,3904,3805,292,4097,50
2022-01-24,Kern,029,883053,177437,169892,40339,210231,1946
2022-01-24,Kings,031,150075,45745,43260,2982,46242,396
2022-01-24,Lake,033,64148,9173,8423,666,9089,118
2022-01-24,Lassen,035,31185,8079,7732,765,8497,55
2022-01-24,Los Angeles,037,10098052,2538225,2391045,114075,2505120,28230
2022-01-24,Madera,039,155013,33064,31339,4430,35769,329
2022-01-24,Marin,041,260295,30410,29301,1891,31192,253
2022-01-24,Mariposa,043,17540,2134,2033,114,2147,6
2022-01-24,Mendocino,045,87422,11705,11002,2060,13062,103
2022-01-24,Merced,047,269075,57312,54970,6281,61251,730
2022-01-24,Modoc,049,8938,658,648,225,873,6
2022-01-24,Mono,051,14174,2852,2802,112,2914,4
2022-01-24,Monterey,053,433212,70490,61975,9599,71574,654
2022-01-24,Napa,055,140530,22746,21494,707,22201,111
2022-01-24,Nevada,057,99092,14534,13774,931,14705,112
2022-01-24,Orange,059,3164182,516322,501634,38162,539796,5969
2022-01-24,Placer,061,380077,57494,54933,6588,61521,518
2022-01-24,Plumas,063,18699,2650,2370,237,2607,12
2022-01-24,Riverside,065,2383286,555287,535962,25611,561573,5661
2022-01-24,Sacramento,067,1510023,255612,241522,21466,262988,2526
2022-01-24,San Benito,069,59416,11750,11331,430,11761,88
2022-01-24,San Bernardino,071,2135413,544401,515604,23267,538871,6285
2022-01-24,San Diego,073,3302833,689233,663580,46801,710381,4586
2022-01-24,San Francisco,075,870044,112071,105418,7299,112717,703
2022-01-24,San Joaquin,077,732212,152745,145984,9033,155017,1959
2022-01-24,San Luis Obispo,079,281455,47019,44616,3065,47681,387
2022-01-24,San Mateo,081,765935,110398,96968,5739,102707,586
2022-01-24,Santa Barbara,083,443738,77046,73866,3953,77819,591
2022-01-24,Santa Clara,085,1922200,279177,265341,10112,275453,2006
2022-01-24,Santa Cruz,087,273765,39498,37188,1859,39047,237
2022-01-24,Shasta,089,179085,27784,26871,5194,32065,452
2022-01-24,Sierra,091,2930,264,258,36,294,0
2022-01-24,Siskiyou,093,43540,4046,3934,2226,6160,64
2022-01-24,Solano,095,438530,72124,68094,4702,72796,400
2022-01-24,Sonoma,097,501317,74530,70733,2031,72764,423
2022-01-24,Stanislaus,099,539301,108020,104933,14928,119861,1395
2022-01-24,Sutter,101,95872,18847,18336,1381,19717,200
2022-01-24,Tehama,103,63373,10966,10567,2302,12869,145
2022-01-24,Trinity,105,12862,1073,978,253,1231,19
2022-01-24,Tulare,107,460477,95523,90089,23477,113566,1219
2022-01-24,Tuolumne,109,53932,11153,10374,360,10734,91
2022-01-24,Ventura,111,848112,161455,156551,8771,165322,1261
2022-01-24,Yolo,113,214977,33370,31480,2393,33873,273
2022-01-24,Yuba,115,75493,14374,13862,886,14748,103
2022-01-23,Alameda,001,1643700,226148,214003,11100,225103,1583
2022-01-23,Alpine,002,1148,119,120,1,121,0
2022-01-23,Amador,005,37829,7537,7090,394,7484,73
2022-01-23,Butte,007,227075,29687,28340,5957,34297,350
2022-01-23,Calaveras,009,45235,6516,6095,203,6298,95
2022-01-23,Colusa,011,21464,3154,3040,937,3977,21
2022-01-23,Contra Costa,013,1133247,171833,160798,10348,171146,1092
2022-01-23,Del Norte,015,27424,4597,4419,111,4530,43
2022-01-23,El Dorado,017,186661,24595,22925,2797,25722,179
2022-01-23,Fresno,019,978130,205686,193642,20227,213869,2430
2022-01-23,Glenn,021,27897,4498,4340,1414,5754,39
2022-01-23,Humboldt,023,135768,14834,14296,2159,16455,126
2022-01-23,Imperial,025,180216,49891,47935,8282,56217,824
2022-01-23,Inyo,027,18085,3877,3781,278,4059,50
2022-01-23,Kern,029,883053,176074,168585,39811,208396,1946
2022-01-23,Kings,031,150075,45111,42622,2879,45501,397
2022-01-23,Lake,033,64148,9003,8363,640,9003,118
2022-01-23,Lassen,035,31185,8030,7710,741,8451,55
2022-01-23,Los Angeles,037,10098052,2517899,2390590,112929,2503519,28231
2022-01-23,Madera,039,155013,32705,30962,4194,35156,329
2022-01-23,Marin,041,260295,30157,29025,1853,30878,253
2022-01-23,Mariposa,043,17540,2119,2011,111,2122,6
2022-01-23,Mendocino,045,87422,11580,10889,1932,12821,103
2022-01-23,Merced,047,269075,56739,54644,5823,60467,730
2022-01-23,Modoc,049,8938,656,645,222,867,6
2022-01-23,Mono,051,14174,2844,2788,110,2898,4
2022-01-23,Monterey,053,433212,69652,61522,9167,70689,654
2022-01-23,Napa,055,140530,22484,21281,694,21975,111
2022-01-23,Nevada,057,99092,14372,13629,902,14531,112
2022-01-23,Orange,059,3164182,513214,498968,37865,536833,5970
2022-01-23,Placer,061,380077,56928,54568,6500,61068,518
2022-01-23,Plumas,063,18699,2617,2368,208,2576,12
2022-01-23,Riverside,065,2383286,550841,532273,25309,557582,5661
2022-01-23,Sacramento,067,1510023,252973,239589,20527,260116,2530
2022-01-23,San Benito,069,59416,11628,11225,419,11644,88
2022-01-23,San Bernardino,071,2135413,540841,512657,22989,535646,6281
2022-01-23,San Diego,073,3302833,682628,640215,45992,686207,4566
2022-01-23,San Francisco,075,870044,111004,104485,7191,111676,704
2022-01-23,San Joaquin,077,732212,151119,144621,8950,153571,1959
2022-01-23,San Luis Obispo,079,281455,46322,44183,2991,47174,386
2022-01-23,San Mateo,081,765935,109278,95940,5595,101535,586
2022-01-23,Santa Barbara,083,443738,75922,73041,3830,76871,590
2022-01-23,Santa Clara,085,1922200,275829,261991,9793,271784,2005
2022-01-23,Santa Cruz,087,273765,38966,36547,1828,38375,237
2022-01-23,Shasta,089,179085,27504,26732,5074,31806,452
2022-01-23,Sierra,091,2930,263,252,36,288,0
2022-01-23,Siskiyou,093,43540,4021,3916,2169,6085,64
2022-01-23,Solano,095,438530,71323,67457,4608,72065,400
2022-01-23,Sonoma,097,501317,73577,69791,1975,71766,423
2022-01-23,Stanislaus,099,539301,107158,104067,14637,118704,1395
2022-01-23,Sutter,101,95872,18688,18175,1268,19443,200
2022-01-23,Tehama,103,63373,10868,10481,2271,12752,145
2022-01-23,Trinity,105,12862,1070,961,251,1212,19
2022-01-23,Tulare,107,460477,94264,89120,23068,112188,1219
2022-01-23,Tuolumne,109,53932,10961,10243,343,10586,91
2022-01-23,Ventura,111,848112,160272,155052,8694,163746,1261
2022-01-23,Yolo,113,214977,32994,30908,2353,33261,273
2022-01-23,Yuba,115,75493,14250,13762,833,14595,103
2022-01-22,Alameda,001,1643700,225088,203927,11073,215000,1575
2022-01-22,Alpine,002,1148,118,119,1,120,0
2022-01-22,Amador,005,37829,7503,6845,389,7234,73
2022-01-22,Butte,007,227075,29565,27232,5925,33157,350
2022-01-22,Calaveras,009,45235,6486,5835,202,6037,95
2022-01-22,Colusa,011,21464,3137,2954,934,3888,21
2022-01-22,Contra Costa,013,1133247,170856,154111,10318,164429,1091
2022-01-22,Del Norte,015,27424,4558,4269,107,4376,43
2022-01-22,El Dorado,017,186661,24530,22273,2785,25058,179
2022-01-22,Fresno,019,978130,204849,185292,20157,205449,2429
2022-01-22,Glenn,021,27897,4491,4174,1411,5585,39
2022-01-22,Humboldt,023,135768,14766,13628,2146,15774,125
2022-01-22,Imperial,025,180216,49699,45741,8224,53965,820
2022-01-22,Inyo,027,18085,3873,3706,254,3960,50
2022-01-22,Kern,029,883053,175447,162902,39511,202413,1946
2022-01-22,Kings,031,150075,44903,40580,2866,43446,396
2022-01-22,Lake,033,64148,8969,8056,632,8688,118
2022-01-22,Lassen,035,31185,7996,7545,734,8279,55
2022-01-22,Los Angeles,037,10098052,2510477,2286280,112424,2398704,28038
2022-01-22,Madera,039,155013,32586,29595,4179,33774,329
2022-01-22,Marin,041,260295,30030,27893,1848,29741,253
2022-01-22,Mariposa,043,17540,2115,1920,111,2031,6
2022-01-22,Mendocino,045,87422,11530,10395,1910,12305,103
2022-01-22,Merced,047,269075,56579,53025,5814,58839,727
2022-01-22,Modoc,049,8938,655,639,222,861,6
2022-01-22,Mono,051,14174,2843,2723,106,2829,4
2022-01-22,Monterey,053,433212,69446,59038,9125,68163,651
2022-01-22,Napa,055,140530,22389,20402,684,21086,111
2022-01-22,Nevada,057,99092,14303,12957,894,13851,112
2022-01-22,Orange,059,3164182,511604,480329,37616,517945,5946
2022-01-22,Placer,061,380077,56656,52557,6463,59020,512
2022-01-22,Plumas,063,18699,2600,2289,204,2493,12
2022-01-22,Riverside,065,2383286,548924,513567,25237,538804,5623
2022-01-22,Sacramento,067,1510023,251931,230206,20422,250628,2510
2022-01-22,San Benito,069,59416,11570,10743,414,11157,88
2022-01-22,San Bernardino,071,2135413,539304,495209,22895,518104,6267
2022-01-22,San Diego,073,3302833,680141,628904,45771,674675,4559
2022-01-22,San Francisco,075,870044,110346,100238,7042,107280,702
2022-01-22,San Joaquin,077,732212,150676,138264,8908,147172,1960
2022-01-22,San Luis Obispo,079,281455,46203,42154,2985,45139,385
2022-01-22,San Mateo,081,765935,108692,91440,5533,96973,585
2022-01-22,Santa Barbara,083,443738,75500,69555,3824,73379,589
2022-01-22,Santa Clara,085,1922200,274144,249205,9727,258932,1993
2022-01-22,Santa Cruz,087,273765,38784,33741,1822,35563,237
2022-01-22,Shasta,089,179085,27408,25919,5052,30971,450
2022-01-22,Sierra,091,2930,263,248,35,283,0
2022-01-22,Siskiyou,093,43540,4003,3845,2148,5993,62
2022-01-22,Solano,095,438530,71100,63882,4570,68452,391
2022-01-22,Sonoma,097,501317,73156,66013,1965,67978,422
2022-01-22,Stanislaus,099,539301,106699,100092,14539,114631,1393
2022-01-22,Sutter,101,95872,18620,17616,1255,18871,199
2022-01-22,Tehama,103,63373,10833,10171,2260,12431,142
2022-01-22,Trinity,105,12862,1068,925,251,1176,19
2022-01-22,Tulare,107,460477,93886,85223,22946,108169,1211
2022-01-22,Tuolumne,109,53932,10893,9731,337,10068,91
2022-01-22,Ventura,111,848112,159581,148742,8654,157396,1250
2022-01-22,Yolo,113,214977,32816,30061,2336,32397,273
2022-01-22,Yuba,115,75493,14161,13288,829,14117,103
2022-01-21,Alameda,001,1643700,223518,203927,11041,214968,1575
2022-01-21,Alpine,002,1148,118,119,1,120,0
2022-01-21,Amador,005,37829,7446,6845,386,7231,73
2022-01-21,Butte,007,227075,29439,27232,5882,33114,350
2022-01-21,Calaveras,009,45235,6440,5835,202,6037,95
2022-01-21,Colusa,011,21464,3130,2954,928,3882,21
2022-01-21,Contra Costa,013,1133247,169749,154111,10238,164349,1091
2022-01-21,Del Norte,015,27424,4518,4269,107,4376,43
2022-01-21,El Dorado,017,186661,24445,22273,2769,25042,179
2022-01-21,Fresno,019,978130,203560,185292,20054,205346,2429
2022-01-21,Glenn,021,27897,4469,4174,1407,5581,39
2022-01-21,Humboldt,023,135768,14696,13628,2127,15755,125
2022-01-21,Imperial,025,180216,49510,45741,8148,53889,820
2022-01-21,Inyo,027,18085,3860,3706,249,3955,50
2022-01-21,Kern,029,883053,174732,162902,39141,202043,1946
2022-01-21,Kings,031,150075,44705,40580,2858,43438,396
2022-01-21,Lake,033,64148,8912,8056,620,8676,118
2022-01-21,Lassen,035,31185,7947,7545,730,8275,55
2022-01-21,Los Angeles,037,10098052,2499172,2286280,111966,2398246,28038
2022-01-21,Madera,039,155013,32295,29595,4151,33746,329
2022-01-21,Marin,041,260295,29855,27893,1829,29722,253
2022-01-21,Mariposa,043,17540,2103,1920,110,2030,6
2022-01-21,Mendocino,045,87422,11449,10395,1907,12302,103
2022-01-21,Merced,047,269075,56418,53025,5810,58835,727
2022-01-21,Modoc,049,8938,654,639,222,861,6
2022-01-21,Mono,051,14174,2829,2723,103,2826,4
2022-01-21,Monterey,053,433212,68975,59038,8999,68037,651
2022-01-21,Napa,055,140530,22269,20402,676,21078,111
2022-01-21,Nevada,057,99092,14205,12957,890,13847,112
2022-01-21,Orange,059,3164182,509366,480329,37369,517698,5946
2022-01-21,Placer,061,380077,56264,52557,6401,58958,512
2022-01-21,Plumas,063,18699,2587,2289,199,2488,12
2022-01-21,Riverside,065,2383286,546270,513567,25158,538725,5623
2022-01-21,Sacramento,067,1510023,250491,230206,20324,250530,2510
2022-01-21,San Benito,069,59416,11535,10743,411,11154,88
2022-01-21,San Bernardino,071,2135413,537229,495209,22819,518028,6267
2022-01-21,San Diego,073,3302833,675973,628904,45594,674498,4559
2022-01-21,San Francisco,075,870044,109585,100238,6954,107192,702
2022-01-21,San Joaquin,077,732212,150073,138264,8852,147116,1960
2022-01-21,San Luis Obispo,079,281455,46077,42154,2982,45136,385
2022-01-21,San Mateo,081,765935,108019,91440,5494,96934,585
2022-01-21,Santa Barbara,083,443738,74998,69555,3815,73370,589
2022-01-21,Santa Clara,085,1922200,272311,249205,9619,258824,1993
2022-01-21,Santa Cruz,087,273765,38065,33741,1809,35550,237
2022-01-21,Shasta,089,179085,27319,25919,5005,30924,450
2022-01-21,Sierra,091,2930,261,248,34,282,0
2022-01-21,Siskiyou,093,43540,3994,3845,2130,5975,62
2022-01-21,Solano,095,438530,70687,63882,4487,68369,391
2022-01-21,Sonoma,097,501317,72631,66013,1955,67968,422
2022-01-21,Stanislaus,099,539301,106193,100092,14464,114556,1393
2022-01-21,Sutter,101,95872,18534,17616,1241,18857,199
2022-01-21,Tehama,103,63373,10796,10171,2258,12429,142
2022-01-21,Trinity,105,12862,1062,925,250,1175,19
2022-01-21,Tulare,107,460477,93406,85223,22792,108015,1211
2022-01-21,Tuolumne,109,53932,10810,9731,330,10061,91
2022-01-21,Ventura,111,848112,158772,148742,8623,157365,1250
2022-01-21,Yolo,113,214977,32653,30061,2315,32376,273
2022-01-21,Yuba,115,75493,14089,13288,822,14110,103
2022-01-20,Alameda,001,1643700,220460,203927,10807,214734,1575
2022-01-20,Alpine,002,1148,118,119,1,120,0
2022-01-20,Amador,005,37829,7382,6845,368,7213,73
2022-01-20,Butte,007,227075,29173,27232,5802,33034,350
2022-01-20,Calaveras,009,45235,6335,5835,193,6028,95
2022-01-20,Colusa,011,21464,3104,2954,916,3870,21
2022-01-20,Contra Costa,013,1133247,167694,154111,9965,164076,1091
2022-01-20,Del Norte,015,27424,4478,4269,104,4373,43
2022-01-20,El Dorado,017,186661,24244,22273,2723,24996,179
2022-01-20,Fresno,019,978130,200902,185292,19665,204957,2429
2022-01-20,Glenn,021,27897,4435,4174,1398,5572,39
2022-01-20,Humboldt,023,135768,14568,13628,2077,15705,125
2022-01-20,Imperial,025,180216,48992,45741,7973,53714,820
2022-01-20,Inyo,027,18085,3848,3706,238,3944,50
2022-01-20,Kern,029,883053,173209,162902,38601,201503,1946
2022-01-20,Kings,031,150075,44148,40580,2818,43398,396
2022-01-20,Lake,033,64148,8816,8056,592,8648,118
2022-01-20,Lassen,035,31185,7894,7545,715,8260,55
2022-01-20,Los Angeles,037,10098052,2474436,2286280,110994,2397274,28038
2022-01-20,Madera,039,155013,31906,29595,4026,33621,329
2022-01-20,Marin,041,260295,29563,27893,1792,29685,253
2022-01-20,Mariposa,043,17540,2076,1920,107,2027,6
2022-01-20,Mendocino,045,87422,11351,10395,1829,12224,103
2022-01-20,Merced,047,269075,55972,53025,5577,58602,727
2022-01-20,Modoc,049,8938,652,639,222,861,6
2022-01-20,Mono,051,14174,2821,2723,102,2825,4
2022-01-20,Monterey,053,433212,68210,59038,8583,67621,651
2022-01-20,Napa,055,140530,22004,20402,637,21039,111
2022-01-20,Nevada,057,99092,14060,12957,868,13825,112
2022-01-20,Orange,059,3164182,505430,480329,36996,517325,5946
2022-01-20,Placer,061,380077,55779,52557,6341,58898,512
2022-01-20,Plumas,063,18699,2559,2289,195,2484,12
2022-01-20,Riverside,065,2383286,541698,513567,24926,538493,5623
2022-01-20,Sacramento,067,1510023,248211,230206,19695,249901,2510
2022-01-20,San Benito,069,59416,11424,10743,398,11141,88
2022-01-20,San Bernardino,071,2135413,533018,495209,22540,517749,6267
2022-01-20,San Diego,073,3302833,668882,628904,44890,673794,4559
2022-01-20,San Francisco,075,870044,108436,100238,6815,107053,702
2022-01-20,San Joaquin,077,732212,148424,138264,8724,146988,1960
2022-01-20,San Luis Obispo,079,281455,45566,42154,2948,45102,385
2022-01-20,San Mateo,081,765935,106793,91440,5290,96730,585
2022-01-20,Santa Barbara,083,443738,74100,69555,3703,73258,589
2022-01-20,Santa Clara,085,1922200,268962,249205,9291,258496,1993
2022-01-20,Santa Cruz,087,273765,37180,33741,1786,35527,237
2022-01-20,Shasta,089,179085,27128,25919,4938,30857,450
2022-01-20,Sierra,091,2930,261,248,32,280,0
2022-01-20,Siskiyou,093,43540,3983,3845,2097,5942,62
2022-01-20,Solano,095,438530,69736,63882,4398,68280,391
2022-01-20,Sonoma,097,501317,71604,66013,1904,67917,422
2022-01-20,Stanislaus,099,539301,105233,100092,14258,114350,1393
2022-01-20,Sutter,101,95872,18370,17616,1213,18829,199
2022-01-20,Tehama,103,63373,10723,10171,2240,12411,142
2022-01-20,Trinity,105,12862,1048,925,249,1174,19
2022-01-20,Tulare,107,460477,92354,85223,22509,107732,1211
2022-01-20,Tuolumne,109,53932,10668,9731,320,10051,91
2022-01-20,Ventura,111,848112,157387,148742,8546,157288,1250
2022-01-20,Yolo,113,214977,32366,30061,2282,32343,273
2022-01-20,Yuba,115,75493,13983,13288,789,14077,103
2022-01-19,Alameda,001,1643700,217096,199739,10488,210227,1571
2022-01-19,Alpine,002,1148,117,119,1,120,0
2022-01-19,Amador,005,37829,7301,6789,326,7115,73
2022-01-19,Butte,007,227075,28868,26839,5715,32554,351
2022-01-19,Calaveras,009,45235,6245,5765,184,5949,95
2022-01-19,Colusa,011,21464,3070,2938,908,3846,21
2022-01-19,Contra Costa,013,1133247,165262,151543,9719,161262,1091
2022-01-19,Del Norte,015,27424,4439,4240,103,4343,43
2022-01-19,El Dorado,017,186661,23992,21953,2682,24635,177
2022-01-19,Fresno,019,978130,197938,181526,19334,200860,2430
2022-01-19,Glenn,021,27897,4383,4127,1388,5515,39
2022-01-19,Humboldt,023,135768,14408,13391,2027,15418,125
2022-01-19,Imperial,025,180216,48257,45156,7776,52932,820
2022-01-19,Inyo,027,18085,3825,3680,199,3879,49
2022-01-19,Kern,029,883053,171443,160747,37923,198670,1946
2022-01-19,Kings,031,150075,43450,40027,2750,42777,395
2022-01-19,Lake,033,64148,8689,7972,579,8551,118
2022-01-19,Lassen,035,31185,7837,7507,693,8200,55
2022-01-19,Los Angeles,037,10098052,2446041,2251718,109581,2361299,27934
2022-01-19,Madera,039,155013,31525,29021,3856,32877,329
2022-01-19,Marin,041,260295,29266,27375,1751,29126,251
2022-01-19,Mariposa,043,17540,2051,1896,100,1996,6
2022-01-19,Mendocino,045,87422,11180,10252,1736,11988,103
2022-01-19,Merced,047,269075,55413,52355,5217,57572,724
2022-01-19,Modoc,049,8938,650,635,221,856,6
2022-01-19,Mono,051,14174,2799,2677,100,2777,4
2022-01-19,Monterey,053,433212,67302,58426,8126,66552,651
2022-01-19,Napa,055,140530,21751,20090,610,20700,110
2022-01-19,Nevada,057,99092,13902,12703,841,13544,112
2022-01-19,Orange,059,3164182,500943,468460,36621,505081,5943
2022-01-19,Placer,061,380077,55214,51545,6273,57818,511
2022-01-19,Plumas,063,18699,2519,2239,189,2428,12
2022-01-19,Riverside,065,2383286,536178,503575,24691,528266,5604
2022-01-19,Sacramento,067,1510023,245315,226035,18984,245019,2512
2022-01-19,San Benito,069,59416,11282,10639,386,11025,88
2022-01-19,San Bernardino,071,2135413,528251,487846,22161,510007,6265
2022-01-19,San Diego,073,3302833,660109,614709,44151,658860,4553
2022-01-19,San Francisco,075,870044,107065,98652,6739,105391,694
2022-01-19,San Joaquin,077,732212,146520,135953,8601,144554,1959
2022-01-19,San Luis Obispo,079,281455,44967,41374,2882,44256,382
2022-01-19,San Mateo,081,765935,105379,89715,5026,94741,585
2022-01-19,Santa Barbara,083,443738,73103,68531,3604,72135,586
2022-01-19,Santa Clara,085,1922200,265170,244922,8934,253856,1991
2022-01-19,Santa Cruz,087,273765,35877,33026,1762,34788,237
2022-01-19,Shasta,089,179085,26861,25355,4866,30221,450
2022-01-19,Sierra,091,2930,261,245,31,276,0
2022-01-19,Siskiyou,093,43540,3959,3821,2044,5865,62
2022-01-19,Solano,095,438530,68890,63003,4268,67271,392
2022-01-19,Sonoma,097,501317,70504,64689,1858,66547,420
2022-01-19,Stanislaus,099,539301,104181,98952,13966,112918,1381
2022-01-19,Sutter,101,95872,18201,17436,1125,18561,199
2022-01-19,Tehama,103,63373,10608,10064,2196,12260,142
2022-01-19,Trinity,105,12862,1036,916,248,1164,19
2022-01-19,Tulare,107,460477,91070,83743,22042,105785,1200
2022-01-19,Tuolumne,109,53932,10508,9613,295,9908,91
2022-01-19,Ventura,111,848112,155872,144738,8471,153209,1234
2022-01-19,Yolo,113,214977,32000,29392,2246,31638,273
2022-01-19,Yuba,115,75493,13821,13114,776,13890,104
2022-01-18,Alameda,001,1643700,213752,195728,10172,205900,1566
2022-01-18,Alpine,002,1148,117,118,1,119,0
2022-01-18,Amador,005,37829,7163,6691,290,6981,73
2022-01-18,Butte,007,227075,28476,26514,5633,32147,347
2022-01-18,Calaveras,009,45235,6156,5684,169,5853,94
2022-01-18,Colusa,011,21464,3026,2903,903,3806,21
2022-01-18,Contra Costa,013,1133247,163116,149446,9341,158787,1085
2022-01-18,Del Norte,015,27424,4368,4229,98,4327,43
2022-01-18,El Dorado,017,186661,23625,21707,2638,24345,175
2022-01-18,Fresno,019,978130,194382,178922,18876,197798,2425
2022-01-18,Glenn,021,27897,4349,4070,1376,5446,39
2022-01-18,Humboldt,023,135768,14242,13218,1955,15173,125
2022-01-18,Imperial,025,180216,47561,44742,7595,52337,819
2022-01-18,Inyo,027,18085,3784,3654,189,3843,49
2022-01-18,Kern,029,883053,169421,158864,37169,196033,1943
2022-01-18,Kings,031,150075,42576,39440,2672,42112,392
2022-01-18,Lake,033,64148,8576,7919,560,8479,117
2022-01-18,Lassen,035,31185,7754,7461,654,8115,55
2022-01-18,Los Angeles,037,10098052,2412598,2227360,108106,2335466,27871
2022-01-18,Madera,039,155013,31003,28717,3667,32384,329
2022-01-18,Marin,041,260295,28960,27036,1710,28746,251
2022-01-18,Mariposa,043,17540,2026,1872,96,1968,6
2022-01-18,Mendocino,045,87422,11011,10114,1651,11765,103
2022-01-18,Merced,047,269075,54776,51746,4923,56669,718
2022-01-18,Modoc,049,8938,648,633,216,849,6
2022-01-18,Mono,051,14174,2778,2643,99,2742,4
2022-01-18,Monterey,053,433212,66525,57846,7647,65493,650
2022-01-18,Napa,055,140530,21419,19911,595,20506,109
2022-01-18,Nevada,057,99092,13719,12584,799,13383,111
2022-01-18,Orange,059,3164182,495604,461324,36112,497436,5938
2022-01-18,Placer,061,380077,54567,50983,6199,57182,508
2022-01-18,Plumas,063,18699,2481,2218,183,2401,12
2022-01-18,Riverside,065,2383286,530199,497278,24384,521662,5599
2022-01-18,Sacramento,067,1510023,242229,223745,18003,241748,2496
2022-01-18,San Benito,069,59416,11141,10520,372,10892,88
2022-01-18,San Bernardino,071,2135413,522800,483753,21731,505484,6258
2022-01-18,San Diego,073,3302833,649912,605137,43104,648241,4547
2022-01-18,San Francisco,075,870044,105599,96505,6624,103129,694
2022-01-18,San Joaquin,077,732212,144553,134365,8385,142750,1957
2022-01-18,San Luis Obispo,079,281455,44286,40848,2796,43644,381
2022-01-18,San Mateo,081,765935,103865,88225,4829,93054,585
2022-01-18,Santa Barbara,083,443738,71885,67216,3431,70647,581
2022-01-18,Santa Clara,085,1922200,260984,240281,8539,248820,1986
2022-01-18,Santa Cruz,087,273765,35227,32203,1727,33930,237
2022-01-18,Shasta,089,179085,26579,25162,4772,29934,448
2022-01-18,Sierra,091,2930,257,244,31,275,0
2022-01-18,Siskiyou,093,43540,3926,3799,1991,5790,62
2022-01-18,Solano,095,438530,68039,62204,4157,66361,391
2022-01-18,Sonoma,097,501317,69115,63714,1803,65517,419
2022-01-18,Stanislaus,099,539301,102961,98000,13592,111592,1379
2022-01-18,Sutter,101,95872,18009,17295,1054,18349,198
2022-01-18,Tehama,103,63373,10512,9975,2144,12119,142
2022-01-18,Trinity,105,12862,1023,907,247,1154,19
2022-01-18,Tulare,107,460477,89603,82667,21639,104306,1196
2022-01-18,Tuolumne,109,53932,10339,9528,284,9812,91
2022-01-18,Ventura,111,848112,154160,143384,8385,151769,1233
2022-01-18,Yolo,113,214977,31602,28786,2196,30982,270
2022-01-18,Yuba,115,75493,13661,12971,751,13722,101
2022-01-17,Alameda,001,1643700,209079,193276,9588,202864,1565
2022-01-17,Alpine,002,1148,116,118,0,118,0
2022-01-17,Amador,005,37829,7049,6640,232,6872,73
2022-01-17,Butte,007,227075,28083,26303,5520,31823,348
2022-01-17,Calaveras,009,45235,6025,5584,141,5725,94
2022-01-17,Colusa,011,21464,3002,2905,896,3801,21
2022-01-17,Contra Costa,013,1133247,160183,147993,8841,156834,1086
2022-01-17,Del Norte,015,27424,4316,4209,91,4300,43
2022-01-17,El Dorado,017,186661,23379,21540,2556,24096,175
2022-01-17,Fresno,019,978130,190544,176959,18338,195297,2426
2022-01-17,Glenn,021,27897,4295,4055,1363,5418,39
2022-01-17,Humboldt,023,135768,14036,13120,1789,14909,125
2022-01-17,Imperial,025,180216,46875,44412,7431,51843,821
2022-01-17,Inyo,027,18085,3762,3650,163,3813,49
2022-01-17,Kern,029,883053,166883,157645,36292,193937,1944
2022-01-17,Kings,031,150075,41441,39143,2550,41693,392
2022-01-17,Lake,033,64148,8427,7864,520,8384,117
2022-01-17,Lassen,035,31185,7661,7417,617,8034,55
2022-01-17,Los Angeles,037,10098052,2373364,2205740,106144,2311884,27832
2022-01-17,Madera,039,155013,30350,28568,3487,32055,329
2022-01-17,Marin,041,260295,28554,26633,1654,28287,251
2022-01-17,Mariposa,043,17540,2001,1862,89,1951,6
2022-01-17,Mendocino,045,87422,10788,10030,1511,11541,103
2022-01-17,Merced,047,269075,54079,51227,4357,55584,718
2022-01-17,Modoc,049,8938,644,630,216,846,6
2022-01-17,Mono,051,14174,2755,2642,98,2740,4
2022-01-17,Monterey,053,433212,65405,57318,7227,64545,647
2022-01-17,Napa,055,140530,21074,19647,573,20220,109
2022-01-17,Nevada,057,99092,13533,12414,762,13176,111
2022-01-17,Orange,059,3164182,489642,457418,35631,493049,5933
2022-01-17,Placer,061,380077,53833,50511,6054,56565,508
2022-01-17,Plumas,063,18699,2435,2205,151,2356,12
2022-01-17,Riverside,065,2383286,523382,491322,23931,515253,5600
2022-01-17,Sacramento,067,1510023,238146,221143,16659,237802,2497
2022-01-17,San Benito,069,59416,10973,10432,344,10776,88
2022-01-17,San Bernardino,071,2135413,516330,480243,21189,501432,6259
2022-01-17,San Diego,073,3302833,637701,569241,41894,611135,4545
2022-01-17,San Francisco,075,870044,103970,95292,6434,101726,694
2022-01-17,San Joaquin,077,732212,141698,133414,8195,141609,1958
2022-01-17,San Luis Obispo,079,281455,43458,40425,2695,43120,379
2022-01-17,San Mateo,081,765935,101893,87013,4576,91589,585
2022-01-17,Santa Barbara,083,443738,70563,66704,3231,69935,581
2022-01-17,Santa Clara,085,1922200,256393,237934,8106,246040,1985
2022-01-17,Santa Cruz,087,273765,34455,31714,1690,33404,237
2022-01-17,Shasta,089,179085,26299,25025,4651,29676,448
2022-01-17,Sierra,091,2930,256,242,31,273,0
2022-01-17,Siskiyou,093,43540,3887,3764,1911,5675,62
2022-01-17,Solano,095,438530,66997,61497,3898,65395,391
2022-01-17,Sonoma,097,501317,67610,62763,1737,64500,419
2022-01-17,Stanislaus,099,539301,101644,96951,13101,110052,1379
2022-01-17,Sutter,101,95872,17799,17159,918,18077,198
2022-01-17,Tehama,103,63373,10387,9912,2087,11999,142
2022-01-17,Trinity,105,12862,1010,906,243,1149,19
2022-01-17,Tulare,107,460477,87849,81741,21097,102838,1199
2022-01-17,Tuolumne,109,53932,10200,9416,252,9668,91
2022-01-17,Ventura,111,848112,152043,142070,8267,150337,1234
2022-01-17,Yolo,113,214977,31071,28638,2131,30769,270
2022-01-17,Yuba,115,75493,13464,12871,695,13566,101
2022-01-16,Alameda,001,1643700,206035,190691,9338,200029,1564
2022-01-16,Alpine,002,1148,116,118,0,118,0
2022-01-16,Amador,005,37829,6976,6618,224,6842,73
2022-01-16,Butte,007,227075,27735,26139,5467,31606,348
2022-01-16,Calaveras,009,45235,5924,5537,137,5674,94
2022-01-16,Colusa,011,21464,2985,2886,884,3770,21
2022-01-16,Contra Costa,013,1133247,158168,146307,8627,154934,1086
2022-01-16,Del Norte,015,27424,4274,4177,89,4266,43
2022-01-16,El Dorado,017,186661,23102,21303,2518,23821,175
2022-01-16,Fresno,019,978130,187683,174818,17929,192747,2425
2022-01-16,Glenn,021,27897,4238,4049,1341,5390,39
2022-01-16,Humboldt,023,135768,13888,13075,1770,14845,125
2022-01-16,Imperial,025,180216,46303,44035,7267,51302,821
2022-01-16,Inyo,027,18085,3725,3602,141,3743,49
2022-01-16,Kern,029,883053,165610,156655,35507,192162,1944
2022-01-16,Kings,031,150075,41067,38861,2529,41390,392
2022-01-16,Lake,033,64148,8323,7823,486,8309,117
2022-01-16,Lassen,035,31185,7616,7391,604,7995,55
2022-01-16,Los Angeles,037,10098052,2350152,2174403,104639,2279042,27805
2022-01-16,Madera,039,155013,29980,28313,3437,31750,329
2022-01-16,Marin,041,260295,28260,26292,1639,27931,251
2022-01-16,Mariposa,043,17540,1974,1851,84,1935,6
2022-01-16,Mendocino,045,87422,10641,9992,1395,11387,102
2022-01-16,Merced,047,269075,53463,50882,4329,55211,718
2022-01-16,Modoc,049,8938,641,629,216,845,6
2022-01-16,Mono,051,14174,2751,2614,96,2710,4
2022-01-16,Monterey,053,433212,64639,57012,7083,64095,647
2022-01-16,Napa,055,140530,20808,19521,562,20083,109
2022-01-16,Nevada,057,99092,13319,12307,744,13051,111
2022-01-16,Orange,059,3164182,484246,451962,35079,487041,5932
2022-01-16,Placer,061,380077,53127,50076,5946,56022,508
2022-01-16,Plumas,063,18699,2400,2204,142,2346,12
2022-01-16,Riverside,065,2383286,517871,485191,23711,508902,5600
2022-01-16,Sacramento,067,1510023,235191,218819,15943,234762,2491
2022-01-16,San Benito,069,59416,10814,10377,342,10719,88
2022-01-16,San Bernardino,071,2135413,512293,474425,20934,495359,6259
2022-01-16,San Diego,073,3302833,630111,569241,41454,610695,4545
2022-01-16,San Francisco,075,870044,102447,94139,6296,100435,694
2022-01-16,San Joaquin,077,732212,139897,132214,8052,140266,1958
2022-01-16,San Luis Obispo,079,281455,42801,40113,2656,42769,379
2022-01-16,San Mateo,081,765935,100362,85966,4483,90449,585
2022-01-16,Santa Barbara,083,443738,69535,66111,3190,69301,582
2022-01-16,Santa Clara,085,1922200,252604,234293,7948,242241,1984
2022-01-16,Santa Cruz,087,273765,33826,31469,1668,33137,237
2022-01-16,Shasta,089,179085,26043,24980,4583,29563,449
2022-01-16,Sierra,091,2930,252,238,31,269,0
2022-01-16,Siskiyou,093,43540,3859,3748,1872,5620,62
2022-01-16,Solano,095,438530,66321,60885,3767,64652,391
2022-01-16,Sonoma,097,501317,66532,61842,1720,63562,419
2022-01-16,Stanislaus,099,539301,100581,96370,12935,109305,1379
2022-01-16,Sutter,101,95872,17599,16996,896,17892,198
2022-01-16,Tehama,103,63373,10302,9868,2066,11934,142
2022-01-16,Trinity,105,12862,1005,889,241,1130,19
2022-01-16,Tulare,107,460477,86539,80867,20844,101711,1199
2022-01-16,Tuolumne,109,53932,10095,9369,244,9613,91
2022-01-16,Ventura,111,848112,150466,140715,8189,148904,1234
2022-01-16,Yolo,113,214977,30677,28481,2078,30559,270
2022-01-16,Yuba,115,75493,13286,12760,689,13449,101
2022-01-15,Alameda,001,1643700,204699,177768,9283,187051,1561
2022-01-15,Alpine,002,1148,116,117,0,117,0
2022-01-15,Amador,005,37829,6944,6434,210,6644,72
2022-01-15,Butte,007,227075,27580,25032,5415,30447,348
2022-01-15,Calaveras,009,45235,5892,5258,137,5395,93
2022-01-15,Colusa,011,21464,2971,2796,877,3673,21
2022-01-15,Contra Costa,013,1133247,156900,137643,8579,146222,1082
2022-01-15,Del Norte,015,27424,4259,4065,87,4152,43
2022-01-15,El Dorado,017,186661,22996,20434,2502,22936,175
2022-01-15,Fresno,019,978130,186698,167361,17829,185190,2415
2022-01-15,Glenn,021,27897,4231,3906,1332,5238,39
2022-01-15,Humboldt,023,135768,13785,12419,1754,14173,123
2022-01-15,Imperial,025,180216,46165,42508,7159,49667,817
2022-01-15,Inyo,027,18085,3715,3395,141,3536,49
2022-01-15,Kern,029,883053,164767,150085,35117,185202,1938
2022-01-15,Kings,031,150075,40818,37221,2517,39738,391
2022-01-15,Lake,033,64148,8284,7641,473,8114,117
2022-01-15,Lassen,035,31185,7576,7274,598,7872,55
2022-01-15,Los Angeles,037,10098052,2338612,2047927,103690,2151617,27641
2022-01-15,Madera,039,155013,29834,27294,3413,30707,329
2022-01-15,Marin,041,260295,28073,25248,1632,26880,251
2022-01-15,Mariposa,043,17540,1967,1762,84,1846,6
2022-01-15,Mendocino,045,87422,10568,9534,1389,10923,102
2022-01-15,Merced,047,269075,53291,48904,4317,53221,715
2022-01-15,Modoc,049,8938,639,628,216,844,6
2022-01-15,Mono,051,14174,2746,2508,95,2603,4
2022-01-15,Monterey,053,433212,64125,55315,7019,62334,647
2022-01-15,Napa,055,140530,20687,17648,558,18206,109
2022-01-15,Nevada,057,99092,13259,11773,731,12504,111
2022-01-15,Orange,059,3164182,481644,433141,34804,467945,5914
2022-01-15,Placer,061,380077,52836,47780,5910,53690,501
2022-01-15,Plumas,063,18699,2379,2158,136,2294,12
2022-01-15,Riverside,065,2383286,515190,466381,23576,489957,5578
2022-01-15,Sacramento,067,1510023,234031,208156,15844,224000,2491
2022-01-15,San Benito,069,59416,10714,9868,337,10205,87
2022-01-15,San Bernardino,071,2135413,509922,454395,20786,475181,6233
2022-01-15,San Diego,073,3302833,626325,559385,41198,600583,4540
2022-01-15,San Francisco,075,870044,101451,88004,6161,94165,692
2022-01-15,San Joaquin,077,732212,139324,125136,7955,133091,1954
2022-01-15,San Luis Obispo,079,281455,42612,38231,2643,40874,374
2022-01-15,San Mateo,081,765935,99404,80494,4442,84936,582
2022-01-15,Santa Barbara,083,443738,68939,62312,3179,65491,579
2022-01-15,Santa Clara,085,1922200,250357,218986,7830,226816,1974
2022-01-15,Santa Cruz,087,273765,33472,29414,1660,31074,235
2022-01-15,Shasta,089,179085,25951,24482,4551,29033,445
2022-01-15,Sierra,091,2930,251,232,30,262,0
2022-01-15,Siskiyou,093,43540,3847,3661,1862,5523,62
2022-01-15,Solano,095,438530,66040,58061,3718,61779,389
2022-01-15,Sonoma,097,501317,65946,58181,1714,59895,418
2022-01-15,Stanislaus,099,539301,99999,92986,12832,105818,1379
2022-01-15,Sutter,101,95872,17510,16345,886,17231,197
2022-01-15,Tehama,103,63373,10254,9572,2047,11619,141
2022-01-15,Trinity,105,12862,1002,872,241,1113,19
2022-01-15,Tulare,107,460477,86091,77769,20735,98504,1192
2022-01-15,Tuolumne,109,53932,9994,9042,239,9281,91
2022-01-15,Ventura,111,848112,149691,134736,8151,142887,1227
2022-01-15,Yolo,113,214977,30497,27311,2058,29369,270
2022-01-15,Yuba,115,75493,13222,12200,685,12885,101
2022-01-14,Alameda,001,1643700,202672,177768,9232,187000,1561
2022-01-14,Alpine,002,1148,116,117,0,117,0
2022-01-14,Amador,005,37829,6868,6434,201,6635,72
2022-01-14,Butte,007,227075,27398,25032,5384,30416,348
2022-01-14,Calaveras,009,45235,5855,5258,136,5394,93
2022-01-14,Colusa,011,21464,2962,2796,867,3663,21
2022-01-14,Contra Costa,013,1133247,155373,137643,8473,146116,1082
2022-01-14,Del Norte,015,27424,4234,4065,86,4151,43
2022-01-14,El Dorado,017,186661,22843,20434,2484,22918,175
2022-01-14,Fresno,019,978130,184943,167361,17729,185090,2415
2022-01-14,Glenn,021,27897,4208,3906,1324,5230,39
2022-01-14,Humboldt,023,135768,13679,12419,1722,14141,123
2022-01-14,Imperial,025,180216,45994,42508,7139,49647,817
2022-01-14,Inyo,027,18085,3690,3395,137,3532,49
2022-01-14,Kern,029,883053,163767,150085,34682,184767,1938
2022-01-14,Kings,031,150075,40565,37221,2509,39730,391
2022-01-14,Lake,033,64148,8227,7641,461,8102,117
2022-01-14,Lassen,035,31185,7542,7274,586,7860,55
2022-01-14,Los Angeles,037,10098052,2319285,2047927,102654,2150581,27641
2022-01-14,Madera,039,155013,29598,27294,3385,30679,329
2022-01-14,Marin,041,260295,27814,25248,1597,26845,251
2022-01-14,Mariposa,043,17540,1952,1762,84,1846,6
2022-01-14,Mendocino,045,87422,10456,9534,1376,10910,102
2022-01-14,Merced,047,269075,53104,48904,4301,53205,715
2022-01-14,Modoc,049,8938,638,628,216,844,6
2022-01-14,Mono,051,14174,2725,2508,93,2601,4
2022-01-14,Monterey,053,433212,63427,55315,6926,62241,647
2022-01-14,Napa,055,140530,20517,17648,553,18201,109
2022-01-14,Nevada,057,99092,13136,11773,718,12491,111
2022-01-14,Orange,059,3164182,477909,433141,34481,467622,5914
2022-01-14,Placer,061,380077,52402,47780,5824,53604,501
2022-01-14,Plumas,063,18699,2371,2158,129,2287,12
2022-01-14,Riverside,065,2383286,511669,466381,23432,489813,5578
2022-01-14,Sacramento,067,1510023,232081,208156,15692,223848,2491
2022-01-14,San Benito,069,59416,10662,9868,336,10204,87
2022-01-14,San Bernardino,071,2135413,506713,454395,20599,474994,6233
2022-01-14,San Diego,073,3302833,620676,559385,40889,600274,4540
2022-01-14,San Francisco,075,870044,100278,88004,5986,93990,692
2022-01-14,San Joaquin,077,732212,138469,125136,7875,133011,1954
2022-01-14,San Luis Obispo,079,281455,42445,38231,2622,40853,374
2022-01-14,San Mateo,081,765935,98174,80494,4413,84907,582
2022-01-14,Santa Barbara,083,443738,68420,62312,3169,65481,579
2022-01-14,Santa Clara,085,1922200,247694,218986,7725,226711,1974
2022-01-14,Santa Cruz,087,273765,33094,29414,1651,31065,235
2022-01-14,Shasta,089,179085,25830,24482,4518,29000,445
2022-01-14,Sierra,091,2930,249,232,28,260,0
2022-01-14,Siskiyou,093,43540,3836,3661,1849,5510,62
2022-01-14,Solano,095,438530,65194,58061,3630,61691,389
2022-01-14,Sonoma,097,501317,65406,58181,1688,59869,418
2022-01-14,Stanislaus,099,539301,99393,92986,12724,105710,1379
2022-01-14,Sutter,101,95872,17383,16345,878,17223,197
2022-01-14,Tehama,103,63373,10201,9572,2035,11607,141
2022-01-14,Trinity,105,12862,997,872,239,1111,19
2022-01-14,Tulare,107,460477,85564,77769,20574,98343,1192
2022-01-14,Tuolumne,109,53932,9871,9042,235,9277,91
2022-01-14,Ventura,111,848112,148588,134736,8092,142828,1227
2022-01-14,Yolo,113,214977,30256,27311,2030,29341,270
2022-01-14,Yuba,115,75493,13119,12200,680,12880,101
2022-01-13,Alameda,001,1643700,198429,177768,8888,186656,1561
2022-01-13,Alpine,002,1148,115,117,0,117,0
2022-01-13,Amador,005,37829,6808,6434,180,6614,72
2022-01-13,Butte,007,227075,27092,25032,5271,30303,348
2022-01-13,Calaveras,009,45235,5765,5258,133,5391,93
2022-01-13,Colusa,011,21464,2934,2796,857,3653,21
2022-01-13,Contra Costa,013,1133247,152704,137643,8007,145650,1082
2022-01-13,Del Norte,015,27424,4198,4065,85,4150,43
2022-01-13,El Dorado,017,186661,22595,20434,2438,22872,175
2022-01-13,Fresno,019,978130,181903,167361,17321,184682,2415
2022-01-13,Glenn,021,27897,4161,3906,1298,5204,39
2022-01-13,Humboldt,023,135768,13525,12419,1660,14079,123
2022-01-13,Imperial,025,180216,45452,42508,6929,49437,817
2022-01-13,Inyo,027,18085,3634,3395,120,3515,49
2022-01-13,Kern,029,883053,162182,150085,34093,184178,1938
2022-01-13,Kings,031,150075,40084,37221,2465,39686,391
2022-01-13,Lake,033,64148,8127,7641,440,8081,117
2022-01-13,Lassen,035,31185,7508,7274,570,7844,55
2022-01-13,Los Angeles,037,10098052,2282784,2047927,100869,2148796,27641
2022-01-13,Madera,039,155013,29132,27294,3292,30586,329
2022-01-13,Marin,041,260295,27470,25248,1554,26802,251
2022-01-13,Mariposa,043,17540,1929,1762,81,1843,6
2022-01-13,Mendocino,045,87422,10365,9534,1308,10842,102
2022-01-13,Merced,047,269075,52437,48904,4033,52937,715
2022-01-13,Modoc,049,8938,635,628,216,844,6
2022-01-13,Mono,051,14174,2702,2508,90,2598,4
2022-01-13,Monterey,053,433212,62489,55315,6640,61955,647
2022-01-13,Napa,055,140530,20219,17648,543,18191,109
2022-01-13,Nevada,057,99092,12944,11773,688,12461,111
2022-01-13,Orange,059,3164182,471459,433141,34017,467158,5914
2022-01-13,Placer,061,380077,51771,47780,5709,53489,501
2022-01-13,Plumas,063,18699,2351,2158,119,2277,12
2022-01-13,Riverside,065,2383286,505365,466381,23104,489485,5578
2022-01-13,Sacramento,067,1510023,228987,208156,14908,223064,2491
2022-01-13,San Benito,069,59416,10557,9868,328,10196,87
2022-01-13,San Bernardino,071,2135413,500820,454395,20134,474529,6233
2022-01-13,San Diego,073,3302833,612162,559385,40014,599399,4540
2022-01-13,San Francisco,075,870044,98538,88004,5791,93795,692
2022-01-13,San Joaquin,077,732212,136385,125136,7721,132857,1954
2022-01-13,San Luis Obispo,079,281455,41842,38231,2517,40748,374
2022-01-13,San Mateo,081,765935,96387,80494,4177,84671,582
2022-01-13,Santa Barbara,083,443738,67422,62312,2993,65305,579
2022-01-13,Santa Clara,085,1922200,243274,218986,7397,226383,1974
2022-01-13,Santa Cruz,087,273765,32278,29414,1629,31043,235
2022-01-13,Shasta,089,179085,25620,24482,4446,28928,445
2022-01-13,Sierra,091,2930,248,232,28,260,0
2022-01-13,Siskiyou,093,43540,3814,3661,1809,5470,62
2022-01-13,Solano,095,438530,64060,58061,3519,61580,389
2022-01-13,Sonoma,097,501317,64340,58181,1632,59813,418
2022-01-13,Stanislaus,099,539301,98273,92986,12430,105416,1379
2022-01-13,Sutter,101,95872,17187,16345,814,17159,197
2022-01-13,Tehama,103,63373,10103,9572,1987,11559,141
2022-01-13,Trinity,105,12862,989,872,239,1111,19
2022-01-13,Tulare,107,460477,84283,77769,20286,98055,1192
2022-01-13,Tuolumne,109,53932,9729,9042,217,9259,91
2022-01-13,Ventura,111,848112,146806,134736,7998,142734,1227
2022-01-13,Yolo,113,214977,29840,27311,1986,29297,270
2022-01-13,Yuba,115,75493,12984,12200,651,12851,101
2022-01-12,Alameda,001,1643700,193872,173001,8432,181433,1563
2022-01-12,Alpine,002,1148,115,117,0,117,0
2022-01-12,Amador,005,37829,6760,6354,166,6520,71
2022-01-12,Butte,007,227075,26760,24631,5179,29810,348
2022-01-12,Calaveras,009,45235,5688,5151,127,5278,93
2022-01-12,Colusa,011,21464,2896,2772,844,3616,21
2022-01-12,Contra Costa,013,1133247,150008,134579,7628,142207,1077
2022-01-12,Del Norte,015,27424,4172,4019,83,4102,43
2022-01-12,El Dorado,017,186661,22278,20092,2399,22491,175
2022-01-12,Fresno,019,978130,178925,165316,16879,182195,2413
2022-01-12,Glenn,021,27897,4109,3859,1276,5135,39
2022-01-12,Humboldt,023,135768,13353,12081,1578,13659,122
2022-01-12,Imperial,025,180216,44798,41985,6631,48616,814
2022-01-12,Inyo,027,18085,3588,3334,104,3438,49
2022-01-12,Kern,029,883053,160044,148435,33371,181806,1933
2022-01-12,Kings,031,150075,39454,36780,2423,39203,391
2022-01-12,Lake,033,64148,8011,7535,396,7931,117
2022-01-12,Lassen,035,31185,7466,7223,543,7766,55
2022-01-12,Los Angeles,037,10098052,2243029,2005065,98641,2103706,27601
2022-01-12,Madera,039,155013,28816,26952,3193,30145,329
2022-01-12,Marin,041,260295,26981,24704,1503,26207,251
2022-01-12,Mariposa,043,17540,1900,1725,79,1804,6
2022-01-12,Mendocino,045,87422,10201,9379,1210,10589,103
2022-01-12,Merced,047,269075,51726,48441,3757,52198,710
2022-01-12,Modoc,049,8938,633,627,216,843,6
2022-01-12,Mono,051,14174,2666,2466,86,2552,4
2022-01-12,Monterey,053,433212,61502,54524,6279,60803,647
2022-01-12,Napa,055,140530,19961,17347,520,17867,109
2022-01-12,Nevada,057,99092,12729,11552,642,12194,111
2022-01-12,Orange,059,3164182,464689,425737,33422,459159,5912
2022-01-12,Placer,061,380077,51111,47004,5594,52598,501
2022-01-12,Plumas,063,18699,2311,2135,108,2243,12
2022-01-12,Riverside,065,2383286,498130,458881,22764,481645,5565
2022-01-12,Sacramento,067,1510023,225406,204696,14031,218727,2479
2022-01-12,San Benito,069,59416,10420,9737,316,10053,87
2022-01-12,San Bernardino,071,2135413,494299,447869,19510,467379,6222
2022-01-12,San Diego,073,3302833,601661,551669,39150,590819,4529
2022-01-12,San Francisco,075,870044,96698,85700,5678,91378,691
2022-01-12,San Joaquin,077,732212,134073,122850,7593,130443,1948
2022-01-12,San Luis Obispo,079,281455,41116,37727,2434,40161,373
2022-01-12,San Mateo,081,765935,94354,78476,3803,82279,582
2022-01-12,Santa Barbara,083,443738,66279,60815,2891,63706,578
2022-01-12,Santa Clara,085,1922200,238521,213177,7019,220196,1971
2022-01-12,Santa Cruz,087,273765,31623,28463,1581,30044,235
2022-01-12,Shasta,089,179085,25407,24324,4381,28705,446
2022-01-12,Sierra,091,2930,247,228,28,256,0
2022-01-12,Siskiyou,093,43540,3786,3639,1762,5401,62
2022-01-12,Solano,095,438530,63008,57052,3399,60451,386
2022-01-12,Sonoma,097,501317,63054,56394,1549,57943,417
2022-01-12,Stanislaus,099,539301,97034,91738,12087,103825,1373
2022-01-12,Sutter,101,95872,16993,16135,781,16916,197
2022-01-12,Tehama,103,63373,10014,9475,1926,11401,141
2022-01-12,Trinity,105,12862,985,868,238,1106,19
2022-01-12,Tulare,107,460477,83168,76943,19908,96851,1192
2022-01-12,Tuolumne,109,53932,9599,8870,200,9070,91
2022-01-12,Ventura,111,848112,144901,132180,7912,140092,1220
2022-01-12,Yolo,113,214977,29428,26888,1914,28802,270
2022-01-12,Yuba,115,75493,12823,12015,624,12639,101
2022-01-11,Alameda,001,1643700,189440,169181,8039,177220,1561
2022-01-11,Alpine,002,1148,115,116,0,116,0
2022-01-11,Amador,005,37829,6676,6317,151,6468,71
2022-01-11,Butte,007,227075,26365,24479,5085,29564,347
2022-01-11,Calaveras,009,45235,5559,5083,113,5196,93
2022-01-11,Colusa,011,21464,2871,2766,831,3597,21
2022-01-11,Contra Costa,013,1133247,146856,132410,7134,139544,1077
2022-01-11,Del Norte,015,27424,4139,4006,81,4087,43
2022-01-11,El Dorado,017,186661,21947,19842,2329,22171,174
2022-01-11,Fresno,019,978130,175599,163509,16477,179986,2404
2022-01-11,Glenn,021,27897,4047,3844,1232,5076,39
2022-01-11,Humboldt,023,135768,13133,11960,1485,13445,122
2022-01-11,Imperial,025,180216,44194,41444,6432,47876,813
2022-01-11,Inyo,027,18085,3490,3278,97,3375,49
2022-01-11,Kern,029,883053,157761,146942,32549,179491,1929
2022-01-11,Kings,031,150075,38866,36524,2392,38916,389
2022-01-11,Lake,033,64148,7933,7494,380,7874,117
2022-01-11,Lassen,035,31185,7416,7210,529,7739,55
2022-01-11,Los Angeles,037,10098052,2200527,1966319,96394,2062713,27563
2022-01-11,Madera,039,155013,28401,26688,3114,29802,329
2022-01-11,Marin,041,260295,26624,24387,1458,25845,251
2022-01-11,Mariposa,043,17540,1878,1718,75,1793,6
2022-01-11,Mendocino,045,87422,10040,9301,1112,10413,102
2022-01-11,Merced,047,269075,50940,48068,3573,51641,708
2022-01-11,Modoc,049,8938,632,626,215,841,6
2022-01-11,Mono,051,14174,2623,2425,85,2510,4
2022-01-11,Monterey,053,433212,60459,53911,5931,59842,646
2022-01-11,Napa,055,140530,19523,17020,473,17493,109
2022-01-11,Nevada,057,99092,12504,11467,606,12073,110
2022-01-11,Orange,059,3164182,457016,417703,32783,450486,5909
2022-01-11,Placer,061,380077,50357,46459,5453,51912,500
2022-01-11,Plumas,063,18699,2276,2099,100,2199,12
2022-01-11,Riverside,065,2383286,490395,453766,22447,476213,5551
2022-01-11,Sacramento,067,1510023,221224,201058,13003,214061,2489
2022-01-11,San Benito,069,59416,10240,9624,300,9924,83
2022-01-11,San Bernardino,071,2135413,486330,442960,18900,461860,6198
2022-01-11,San Diego,073,3302833,589660,536954,38032,574986,4520
2022-01-11,San Francisco,075,870044,94499,83678,5521,89199,691
2022-01-11,San Joaquin,077,732212,131674,121139,7422,128561,1944
2022-01-11,San Luis Obispo,079,281455,40341,37183,2315,39498,372
2022-01-11,San Mateo,081,765935,92058,76756,3581,80337,582
2022-01-11,Santa Barbara,083,443738,64974,59758,2754,62512,578
2022-01-11,Santa Clara,085,1922200,232897,208425,6566,214991,1971
2022-01-11,Santa Cruz,087,273765,31113,27709,1531,29240,232
2022-01-11,Shasta,089,179085,25149,24132,4288,28420,446
2022-01-11,Sierra,091,2930,245,228,28,256,0
2022-01-11,Siskiyou,093,43540,3762,3621,1712,5333,62
2022-01-11,Solano,095,438530,61604,56349,3245,59594,388
2022-01-11,Sonoma,097,501317,61536,55411,1469,56880,416
2022-01-11,Stanislaus,099,539301,95662,90998,11714,102712,1372
2022-01-11,Sutter,101,95872,16795,15993,727,16720,197
2022-01-11,Tehama,103,63373,9887,9406,1878,11284,140
2022-01-11,Trinity,105,12862,973,858,236,1094,19
2022-01-11,Tulare,107,460477,81868,76267,19509,95776,1188
2022-01-11,Tuolumne,109,53932,9439,8811,193,9004,91
2022-01-11,Ventura,111,848112,142670,129548,7766,137314,1220
2022-01-11,Yolo,113,214977,28858,26482,1853,28335,270
2022-01-11,Yuba,115,75493,12648,11912,603,12515,101
2022-01-10,Alameda,001,1643700,184380,165657,7518,173175,1559
2022-01-10,Alpine,002,1148,115,116,0,116,0
2022-01-10,Amador,005,37829,6573,6279,136,6415,71
2022-01-10,Butte,007,227075,26023,24217,4988,29205,347
2022-01-10,Calaveras,009,45235,5461,5025,107,5132,93
2022-01-10,Colusa,011,21464,2841,2758,822,3580,21
2022-01-10,Contra Costa,013,1133247,143960,129951,6612,136563,1077
2022-01-10,Del Norte,015,27424,4116,3970,81,4051,43
2022-01-10,El Dorado,017,186661,21409,19606,2274,21880,172
2022-01-10,Fresno,019,978130,172305,161593,16034,177627,2404
2022-01-10,Glenn,021,27897,3988,3807,1218,5025,39
2022-01-10,Humboldt,023,135768,12890,11778,1352,13130,121
2022-01-10,Imperial,025,180216,43466,41080,6215,47295,811
2022-01-10,Inyo,027,18085,3435,3227,85,3312,49
2022-01-10,Kern,029,883053,155191,145744,31806,177550,1929
2022-01-10,Kings,031,150075,38246,36286,2366,38652,389
2022-01-10,Lake,033,64148,7844,7416,356,7772,117
2022-01-10,Lassen,035,31185,7378,7192,507,7699,55
2022-01-10,Los Angeles,037,10098052,2154956,1932475,93906,2026381,27546
2022-01-10,Madera,039,155013,27951,26501,3012,29513,328
2022-01-10,Marin,041,260295,26134,24023,1385,25408,251
2022-01-10,Mariposa,043,17540,1838,1684,70,1754,6
2022-01-10,Mendocino,045,87422,9867,9163,1025,10188,101
2022-01-10,Merced,047,269075,50109,47632,3282,50914,707
2022-01-10,Modoc,049,8938,631,622,213,835,6
2022-01-10,Mono,051,14174,2557,2415,80,2495,4
2022-01-10,Monterey,053,433212,59504,53485,5613,59098,645
2022-01-10,Napa,055,140530,19146,16775,459,17234,109
2022-01-10,Nevada,057,99092,12280,11300,568,11868,110
2022-01-10,Orange,059,3164182,448314,406170,31916,438086,5906
2022-01-10,Placer,061,380077,49513,45642,5289,50931,498
2022-01-10,Plumas,063,18699,2241,2086,98,2184,12
2022-01-10,Riverside,065,2383286,482132,445536,21998,467534,5546
2022-01-10,Sacramento,067,1510023,216707,198023,11954,209977,2474
2022-01-10,San Benito,069,59416,10068,9467,290,9757,83
2022-01-10,San Bernardino,071,2135413,477831,437207,18173,455380,6184
2022-01-10,San Diego,073,3302833,576969,530506,36890,567396,4500
2022-01-10,San Francisco,075,870044,92704,82209,5262,87471,690
2022-01-10,San Joaquin,077,732212,128977,119587,7138,126725,1927
2022-01-10,San Luis Obispo,079,281455,39523,36618,2220,38838,371
2022-01-10,San Mateo,081,765935,89410,75210,3326,78536,582
2022-01-10,Santa Barbara,083,443738,63713,58957,2565,61522,578
2022-01-10,Santa Clara,085,1922200,226835,203540,6089,209629,1971
2022-01-10,Santa Cruz,087,273765,30272,26906,1493,28399,232
2022-01-10,Shasta,089,179085,24952,23983,4211,28194,446
2022-01-10,Sierra,091,2930,242,223,28,251,0
2022-01-10,Siskiyou,093,43540,3729,3592,1668,5260,62
2022-01-10,Solano,095,438530,60562,55663,3049,58712,385
2022-01-10,Sonoma,097,501317,59988,54478,1423,55901,412
2022-01-10,Stanislaus,099,539301,94319,89997,11363,101360,1372
2022-01-10,Sutter,101,95872,16551,15823,681,16504,196
2022-01-10,Tehama,103,63373,9773,9360,1823,11183,140
2022-01-10,Trinity,105,12862,969,849,234,1083,19
2022-01-10,Tulare,107,460477,80378,75498,19133,94631,1186
2022-01-10,Tuolumne,109,53932,9314,8685,181,8866,91
2022-01-10,Ventura,111,848112,140069,126240,7616,133856,1217
2022-01-10,Yolo,113,214977,28266,26065,1800,27865,270
2022-01-10,Yuba,115,75493,12400,11776,569,12345,101
2022-01-09,Alameda,001,1643700,179883,162701,6852,169553,1561
2022-01-09,Alpine,002,1148,115,116,0,116,0
2022-01-09,Amador,005,37829,6485,6215,124,6339,71
2022-01-09,Butte,007,227075,25628,24018,4868,28886,347
2022-01-09,Calaveras,009,45235,5330,4976,98,5074,93
2022-01-09,Colusa,011,21464,2813,2750,799,3549,21
2022-01-09,Contra Costa,013,1133247,140950,128050,5944,133994,1077
2022-01-09,Del Norte,015,27424,4077,3950,77,4027,43
2022-01-09,El Dorado,017,186661,21042,19430,2209,21639,172
2022-01-09,Fresno,019,978130,169471,159989,15614,175603,2405
2022-01-09,Glenn,021,27897,3931,3797,1196,4993,39
2022-01-09,Humboldt,023,135768,12644,11582,1230,12812,121
2022-01-09,Imperial,025,180216,42630,40608,5955,46563,811
2022-01-09,Inyo,027,18085,3332,3149,76,3225,49
2022-01-09,Kern,029,883053,152739,144819,31066,175885,1927
2022-01-09,Kings,031,150075,37571,36041,2329,38370,389
2022-01-09,Lake,033,64148,7733,7393,312,7705,117
2022-01-09,Lassen,035,31185,7314,7172,478,7650,55
2022-01-09,Los Angeles,037,10098052,2106879,1887830,90853,1978683,27532
2022-01-09,Madera,039,155013,27572,26325,2915,29240,328
2022-01-09,Marin,041,260295,25682,23708,1295,25003,251
2022-01-09,Mariposa,043,17540,1788,1660,69,1729,6
2022-01-09,Mendocino,045,87422,9657,9097,914,10011,101
2022-01-09,Merced,047,269075,49226,47294,3006,50300,706
2022-01-09,Modoc,049,8938,629,619,213,832,6
2022-01-09,Mono,051,14174,2522,2390,73,2463,4
2022-01-09,Monterey,053,433212,58440,53251,5345,58596,645
2022-01-09,Napa,055,140530,18651,16614,443,17057,109
2022-01-09,Nevada,057,99092,12022,11152,507,11659,110
2022-01-09,Orange,059,3164182,438312,400563,30955,431518,5905
2022-01-09,Placer,061,380077,48518,45081,5139,50220,498
2022-01-09,Plumas,063,18699,2202,2081,78,2159,12
2022-01-09,Riverside,065,2383286,473141,440413,21456,461869,5546
2022-01-09,Sacramento,067,1510023,211910,195444,10839,206283,2475
2022-01-09,San Benito,069,59416,9882,9363,262,9625,83
2022-01-09,San Bernardino,071,2135413,469315,430257,17355,447612,6180
2022-01-09,San Diego,073,3302833,563852,478206,35032,513238,4500
2022-01-09,San Francisco,075,870044,90830,80463,5017,85480,690
2022-01-09,San Joaquin,077,732212,125877,118422,6971,125393,1927
2022-01-09,San Luis Obispo,079,281455,38718,36291,2114,38405,371
2022-01-09,San Mateo,081,765935,86892,73867,3000,76867,582
2022-01-09,Santa Barbara,083,443738,62028,58280,2303,60583,578
2022-01-09,Santa Clara,085,1922200,220456,199889,5553,205442,1976
2022-01-09,Santa Cruz,087,273765,29522,26513,1461,27974,232
2022-01-09,Shasta,089,179085,24712,23926,4124,28050,446
2022-01-09,Sierra,091,2930,239,223,26,249,0
2022-01-09,Siskiyou,093,43540,3700,3580,1609,5189,62
2022-01-09,Solano,095,438530,59406,54985,2768,57753,384
2022-01-09,Sonoma,097,501317,58313,53543,1386,54929,412
2022-01-09,Stanislaus,099,539301,92943,89248,11066,100314,1372
2022-01-09,Sutter,101,95872,16263,15695,601,16296,196
2022-01-09,Tehama,103,63373,9655,9306,1772,11078,140
2022-01-09,Trinity,105,12862,965,848,232,1080,19
2022-01-09,Tulare,107,460477,78969,75085,18757,93842,1186
2022-01-09,Tuolumne,109,53932,9156,8595,162,8757,91
2022-01-09,Ventura,111,848112,137017,124269,7373,131642,1217
2022-01-09,Yolo,113,214977,27658,25632,1755,27387,270
2022-01-09,Yuba,115,75493,12202,11666,538,12204,101
2022-01-08,Alameda,001,1643700,177983,148560,6711,155271,1558
2022-01-08,Alpine,002,1148,115,114,0,114,0
2022-01-08,Amador,005,37829,6454,6091,119,6210,71
2022-01-08,Butte,007,227075,25437,23429,4827,28256,347
2022-01-08,Calaveras,009,45235,5284,4823,94,4917,93
2022-01-08,Colusa,011,21464,2805,2713,796,3509,21
2022-01-08,Contra Costa,013,1133247,139383,119907,5861,125768,1077
2022-01-08,Del Norte,015,27424,4060,3902,77,3979,43
2022-01-08,El Dorado,017,186661,20857,18599,2175,20774,172
2022-01-08,Fresno,019,978130,168523,155394,15473,170867,2393
2022-01-08,Glenn,021,27897,3923,3732,1191,4923,39
2022-01-08,Humboldt,023,135768,12520,11149,1204,12353,121
2022-01-08,Imperial,025,180216,42442,39429,5813,45242,800
2022-01-08,Inyo,027,18085,3318,3020,73,3093,49
2022-01-08,Kern,029,883053,151602,140410,30635,171045,1921
2022-01-08,Kings,031,150075,37330,35275,2312,37587,390
2022-01-08,Lake,033,64148,7693,7209,304,7513,117
2022-01-08,Lassen,035,31185,7284,7127,462,7589,55
2022-01-08,Los Angeles,037,10098052,2088477,1765787,89120,1854907,27476
2022-01-08,Madera,039,155013,27405,25767,2877,28644,328
2022-01-08,Marin,041,260295,25399,22377,1284,23661,251
2022-01-08,Mariposa,043,17540,1778,1588,69,1657,6
2022-01-08,Mendocino,045,87422,9583,8792,912,9704,101
2022-01-08,Merced,047,269075,49047,46094,2982,49076,703
2022-01-08,Modoc,049,8938,629,610,213,823,6
2022-01-08,Mono,051,14174,2511,2240,68,2308,4
2022-01-08,Monterey,053,433212,58053,51721,5252,56973,644
2022-01-08,Napa,055,140530,18498,15819,417,16236,109
2022-01-08,Nevada,057,99092,11937,10765,494,11259,110
2022-01-08,Orange,059,3164182,434516,375124,30097,405221,5903
2022-01-08,Placer,061,380077,48074,43172,5097,48269,495
2022-01-08,Plumas,063,18699,2192,2053,73,2126,12
2022-01-08,Riverside,065,2383286,469623,422591,21188,443779,5535
2022-01-08,Sacramento,067,1510023,210469,185118,10681,195799,2470
2022-01-08,San Benito,069,59416,9720,9016,259,9275,83
2022-01-08,San Bernardino,071,2135413,465821,411724,16954,428678,6122
2022-01-08,San Diego,073,3302833,558953,472273,34483,506756,4495
2022-01-08,San Francisco,075,870044,89630,73660,4738,78398,690
2022-01-08,San Joaquin,077,732212,124894,112514,6872,119386,1916
2022-01-08,San Luis Obispo,079,281455,38515,34489,2071,36560,369
2022-01-08,San Mateo,081,765935,85506,67918,2913,70831,582
2022-01-08,Santa Barbara,083,443738,61333,54617,2269,56886,575
2022-01-08,Santa Clara,085,1922200,217192,183842,5316,189158,1966
2022-01-08,Santa Cruz,087,273765,29095,24678,1441,26119,230
2022-01-08,Shasta,089,179085,24621,23585,4093,27678,445
2022-01-08,Sierra,091,2930,235,215,25,240,0
2022-01-08,Siskiyou,093,43540,3688,3545,1595,5140,62
2022-01-08,Solano,095,438530,58997,52452,2696,55148,383
2022-01-08,Sonoma,097,501317,57790,50130,1352,51482,411
2022-01-08,Stanislaus,099,539301,92303,87049,10943,97992,1372
2022-01-08,Sutter,101,95872,16144,15261,588,15849,195
2022-01-08,Tehama,103,63373,9624,9109,1764,10873,140
2022-01-08,Trinity,105,12862,959,836,232,1068,19
2022-01-08,Tulare,107,460477,78570,73600,18621,92221,1185
2022-01-08,Tuolumne,109,53932,9050,8360,159,8519,91
2022-01-08,Ventura,111,848112,135847,117229,7239,124468,1216
2022-01-08,Yolo,113,214977,27365,24006,1727,25733,270
2022-01-08,Yuba,115,75493,12114,11277,535,11812,101
2022-01-07,Alameda,001,1643700,175286,148560,6594,155154,1558
2022-01-07,Alpine,002,1148,115,114,0,114,0
2022-01-07,Amador,005,37829,6404,6091,116,6207,71
2022-01-07,Butte,007,227075,25231,23429,4794,28223,347
2022-01-07,Calaveras,009,45235,5245,4823,94,4917,93
2022-01-07,Colusa,011,21464,2796,2713,785,3498,21
2022-01-07,Contra Costa,013,1133247,137431,119907,5737,125644,1077
2022-01-07,Del Norte,015,27424,4044,3902,76,3978,43
2022-01-07,El Dorado,017,186661,20671,18599,2162,20761,172
2022-01-07,Fresno,019,978130,167041,155394,15367,170761,2393
2022-01-07,Glenn,021,27897,3903,3732,1188,4920,39
2022-01-07,Humboldt,023,135768,12375,11149,1177,12326,121
2022-01-07,Imperial,025,180216,42284,39429,5730,45159,800
2022-01-07,Inyo,027,18085,3299,3020,71,3091,49
2022-01-07,Kern,029,883053,150629,140410,30190,170600,1921
2022-01-07,Kings,031,150075,37149,35275,2298,37573,390
2022-01-07,Lake,033,64148,7645,7209,279,7488,117
2022-01-07,Lassen,035,31185,7268,7127,459,7586,55
2022-01-07,Los Angeles,037,10098052,2057297,1765787,87665,1853452,27476
2022-01-07,Madera,039,155013,27222,25767,2840,28607,328
2022-01-07,Marin,041,260295,25019,22377,1266,23643,251
2022-01-07,Mariposa,043,17540,1762,1588,69,1657,6
2022-01-07,Mendocino,045,87422,9490,8792,911,9703,101
2022-01-07,Merced,047,269075,48874,46094,2958,49052,703
2022-01-07,Modoc,049,8938,628,610,213,823,6
2022-01-07,Mono,051,14174,2473,2240,62,2302,4
2022-01-07,Monterey,053,433212,57632,51721,5157,56878,644
2022-01-07,Napa,055,140530,18271,15819,398,16217,109
2022-01-07,Nevada,057,99092,11807,10765,473,11238,110
2022-01-07,Orange,059,3164182,429702,375124,29477,404601,5903
2022-01-07,Placer,061,380077,47569,43172,5048,48220,495
2022-01-07,Plumas,063,18699,2183,2053,72,2125,12
2022-01-07,Riverside,065,2383286,465795,422591,20959,443550,5535
2022-01-07,Sacramento,067,1510023,208199,185118,10528,195646,2470
2022-01-07,San Benito,069,59416,9674,9016,258,9274,83
2022-01-07,San Bernardino,071,2135413,461695,411724,16725,428449,6122
2022-01-07,San Diego,073,3302833,551841,472273,33935,506208,4495
2022-01-07,San Francisco,075,870044,88185,73660,4484,78144,690
2022-01-07,San Joaquin,077,732212,123932,112514,6811,119325,1916
2022-01-07,San Luis Obispo,079,281455,38300,34489,2016,36505,369
2022-01-07,San Mateo,081,765935,84039,67918,2854,70772,582
2022-01-07,Santa Barbara,083,443738,60638,54617,2248,56865,575
2022-01-07,Santa Clara,085,1922200,213719,183842,5201,189043,1966
2022-01-07,Santa Cruz,087,273765,28615,24678,1425,26103,230
2022-01-07,Shasta,089,179085,24522,23585,4059,27644,445
2022-01-07,Sierra,091,2930,232,215,25,240,0
2022-01-07,Siskiyou,093,43540,3677,3545,1583,5128,62
2022-01-07,Solano,095,438530,58312,52452,2651,55103,383
2022-01-07,Sonoma,097,501317,57188,50130,1267,51397,411
2022-01-07,Stanislaus,099,539301,91777,87049,10842,97891,1372
2022-01-07,Sutter,101,95872,15994,15261,575,15836,195
2022-01-07,Tehama,103,63373,9588,9109,1751,10860,140
2022-01-07,Trinity,105,12862,952,836,231,1067,19
2022-01-07,Tulare,107,460477,78142,73600,18481,92081,1185
2022-01-07,Tuolumne,109,53932,8962,8360,155,8515,91
2022-01-07,Ventura,111,848112,134221,117229,7103,124332,1216
2022-01-07,Yolo,113,214977,26993,24006,1708,25714,270
2022-01-07,Yuba,115,75493,12008,11277,530,11807,101
2022-01-06,Alameda,001,1643700,170035,148560,6178,154738,1558
2022-01-06,Alpine,002,1148,114,114,0,114,0
2022-01-06,Amador,005,37829,6353,6091,111,6202,71
2022-01-06,Butte,007,227075,24938,23429,4710,28139,347
2022-01-06,Calaveras,009,45235,5128,4823,92,4915,93
2022-01-06,Colusa,011,21464,2777,2713,777,3490,21
2022-01-06,Contra Costa,013,1133247,134302,119907,5316,125223,1077
2022-01-06,Del Norte,015,27424,4010,3902,74,3976,43
2022-01-06,El Dorado,017,186661,20329,18599,2126,20725,172
2022-01-06,Fresno,019,978130,164702,155394,15093,170487,2393
2022-01-06,Glenn,021,27897,3876,3732,1162,4894,39
2022-01-06,Humboldt,023,135768,12147,11149,1136,12285,121
2022-01-06,Imperial,025,180216,41700,39429,5529,44958,800
2022-01-06,Inyo,027,18085,3261,3020,71,3091,49
2022-01-06,Kern,029,883053,148960,140410,29524,169934,1921
2022-01-06,Kings,031,150075,36824,35275,2273,37548,390
2022-01-06,Lake,033,64148,7571,7209,268,7477,117
2022-01-06,Lassen,035,31185,7245,7127,453,7580,55
2022-01-06,Los Angeles,037,10098052,2003112,1765787,85319,1851106,27476
2022-01-06,Madera,039,155013,26917,25767,2782,28549,328
2022-01-06,Marin,041,260295,24616,22377,1234,23611,251
2022-01-06,Mariposa,043,17540,1743,1588,69,1657,6
2022-01-06,Mendocino,045,87422,9393,8792,872,9664,101
2022-01-06,Merced,047,269075,48313,46094,2812,48906,703
2022-01-06,Modoc,049,8938,627,610,213,823,6
2022-01-06,Mono,051,14174,2450,2240,59,2299,4
2022-01-06,Monterey,053,433212,56908,51721,4906,56627,644
2022-01-06,Napa,055,140530,17875,15819,389,16208,109
2022-01-06,Nevada,057,99092,11609,10765,461,11226,110
2022-01-06,Orange,059,3164182,420244,375124,28724,403848,5903
2022-01-06,Placer,061,380077,46828,43172,4964,48136,495
2022-01-06,Plumas,063,18699,2165,2053,64,2117,12
2022-01-06,Riverside,065,2383286,458325,422591,20671,443262,5535
2022-01-06,Sacramento,067,1510023,204143,185118,9792,194910,2470
2022-01-06,San Benito,069,59416,9573,9016,251,9267,83
2022-01-06,San Bernardino,071,2135413,454016,411724,16236,427960,6122
2022-01-06,San Diego,073,3302833,540211,472273,32933,505206,4495
2022-01-06,San Francisco,075,870044,85855,73660,4229,77889,690
2022-01-06,San Joaquin,077,732212,121739,112514,6728,119242,1916
2022-01-06,San Luis Obispo,079,281455,37601,34489,1946,36435,369
2022-01-06,San Mateo,081,765935,81614,67918,2674,70592,582
2022-01-06,Santa Barbara,083,443738,59470,54617,2189,56806,575
2022-01-06,Santa Clara,085,1922200,208650,183842,4810,188652,1966
2022-01-06,Santa Cruz,087,273765,28053,24678,1401,26079,230
2022-01-06,Shasta,089,179085,24374,23585,4009,27594,445
2022-01-06,Sierra,091,2930,229,215,25,240,0
2022-01-06,Siskiyou,093,43540,3661,3545,1537,5082,62
2022-01-06,Solano,095,438530,57298,52452,2466,54918,383
2022-01-06,Sonoma,097,501317,55797,50130,1234,51364,411
2022-01-06,Stanislaus,099,539301,90628,87049,10671,97720,1372
2022-01-06,Sutter,101,95872,15817,15261,547,15808,195
2022-01-06,Tehama,103,63373,9510,9109,1724,10833,140
2022-01-06,Trinity,105,12862,945,836,230,1066,19
2022-01-06,Tulare,107,460477,77436,73600,18313,91913,1185
2022-01-06,Tuolumne,109,53932,8850,8360,149,8509,91
2022-01-06,Ventura,111,848112,131537,117229,6943,124172,1216
2022-01-06,Yolo,113,214977,26437,24006,1663,25669,270
2022-01-06,Yuba,115,75493,11873,11277,513,11790,101
2022-01-05,Alameda,001,1643700,164934,144824,5753,150577,1548
2022-01-05,Alpine,002,1148,114,112,0,112,0
2022-01-05,Amador,005,37829,6310,6012,108,6120,70
2022-01-05,Butte,007,227075,24624,23134,4648,27782,343
2022-01-05,Calaveras,009,45235,5073,4758,90,4848,90
2022-01-05,Colusa,011,21464,2763,2704,766,3470,21
2022-01-05,Contra Costa,013,1133247,131026,117188,4862,122050,1071
2022-01-05,Del Norte,015,27424,3990,3862,72,3934,43
2022-01-05,El Dorado,017,186661,19935,18367,2096,20463,171
2022-01-05,Fresno,019,978130,162481,153033,14794,167827,2377
2022-01-05,Glenn,021,27897,3827,3700,1152,4852,39
2022-01-05,Humboldt,023,135768,11943,10938,1088,12026,120
2022-01-05,Imperial,025,180216,41074,38789,5377,44166,800
2022-01-05,Inyo,027,18085,3179,2939,67,3006,49
2022-01-05,Kern,029,883053,147176,138186,28954,167140,1913
2022-01-05,Kings,031,150075,36479,34893,2254,37147,387
2022-01-05,Lake,033,64148,7488,7129,252,7381,117
2022-01-05,Lassen,035,31185,7225,7077,445,7522,55
2022-01-05,Los Angeles,037,10098052,1946774,1729640,82945,1812585,27443
2022-01-05,Madera,039,155013,26677,25392,2689,28081,327
2022-01-05,Marin,041,260295,24269,21829,1185,23014,251
2022-01-05,Mariposa,043,17540,1717,1564,68,1632,6
2022-01-05,Mendocino,045,87422,9262,8625,837,9462,101
2022-01-05,Merced,047,269075,47643,45721,2676,48397,700
2022-01-05,Modoc,049,8938,624,603,213,816,6
2022-01-05,Mono,051,14174,2431,2201,55,2256,4
2022-01-05,Monterey,053,433212,56083,51241,4709,55950,639
2022-01-05,Napa,055,140530,17513,15494,359,15853,108
2022-01-05,Nevada,057,99092,11413,10624,444,11068,110
2022-01-05,Orange,059,3164182,410192,366139,27651,393790,5869
2022-01-05,Placer,061,380077,45944,42456,4871,47327,492
2022-01-05,Plumas,063,18699,2145,2020,62,2082,12
2022-01-05,Riverside,065,2383286,450879,415253,20320,435573,5502
2022-01-05,Sacramento,067,1510023,199367,181488,8841,190329,2455
2022-01-05,San Benito,069,59416,9378,8829,238,9067,83
2022-01-05,San Bernardino,071,2135413,445251,405323,15677,421000,6085
2022-01-05,San Diego,073,3302833,526631,466602,31952,498554,4495
2022-01-05,San Francisco,075,870044,83278,71405,4091,75496,686
2022-01-05,San Joaquin,077,732212,119201,110497,6649,117146,1903
2022-01-05,San Luis Obispo,079,281455,36804,34066,1869,35935,369
2022-01-05,San Mateo,081,765935,79423,66018,2476,68494,578
2022-01-05,Santa Barbara,083,443738,58163,53082,2110,55192,570
2022-01-05,Santa Clara,085,1922200,202681,178629,4396,183025,1961
2022-01-05,Santa Cruz,087,273765,27298,24394,1380,25774,229
2022-01-05,Shasta,089,179085,24218,23361,3980,27341,441
2022-01-05,Sierra,091,2930,226,210,23,233,0
2022-01-05,Siskiyou,093,43540,3651,3513,1508,5021,60
2022-01-05,Solano,095,438530,56252,51505,2331,53836,380
2022-01-05,Sonoma,097,501317,54531,49120,1077,50197,412
2022-01-05,Stanislaus,099,539301,89632,86248,10499,96747,1360
2022-01-05,Sutter,101,95872,15616,15117,508,15625,193
2022-01-05,Tehama,103,63373,9413,9011,1693,10704,140
2022-01-05,Trinity,105,12862,941,822,228,1050,19
2022-01-05,Tulare,107,460477,76656,72718,18142,90860,1173
2022-01-05,Tuolumne,109,53932,8758,8223,142,8365,90
2022-01-05,Ventura,111,848112,128788,114752,6735,121487,1211
2022-01-05,Yolo,113,214977,25828,23401,1623,25024,269
2022-01-05,Yuba,115,75493,11691,11138,487,11625,100
2022-01-04,Alameda,001,1643700,159307,143360,5349,148709,1532
2022-01-04,Alpine,002,1148,114,113,0,113,0
2022-01-04,Amador,005,37829,6243,6025,102,6127,71
2022-01-04,Butte,007,227075,24325,23094,4577,27671,346
2022-01-04,Calaveras,009,45235,4999,4767,87,4854,93
2022-01-04,Colusa,011,21464,2746,2689,760,3449,21
2022-01-04,Contra Costa,013,1133247,127669,116005,4493,120498,1075
2022-01-04,Del Norte,015,27424,3958,3882,69,3951,43
2022-01-04,El Dorado,017,186661,19583,18339,2075,20414,172
2022-01-04,Fresno,019,978130,160116,153244,14528,167772,2380
2022-01-04,Glenn,021,27897,3798,3705,1137,4842,39
2022-01-04,Humboldt,023,135768,11696,10865,1038,11903,120
2022-01-04,Imperial,025,180216,40475,38596,5116,43712,800
2022-01-04,Inyo,027,18085,3096,2870,66,2936,49
2022-01-04,Kern,029,883053,145244,138245,28374,166619,1916
2022-01-04,Kings,031,150075,36157,34931,2237,37168,388
2022-01-04,Lake,033,64148,7447,7152,243,7395,117
2022-01-04,Lassen,035,31185,7202,7111,441,7552,55
2022-01-04,Los Angeles,037,10098052,1886810,1705253,80585,1785838,27419
2022-01-04,Madera,039,155013,26333,25425,2618,28043,328
2022-01-04,Marin,041,260295,23789,21675,1126,22801,251
2022-01-04,Mariposa,043,17540,1681,1564,67,1631,6
2022-01-04,Mendocino,045,87422,9139,8636,813,9449,101
2022-01-04,Merced,047,269075,47022,45583,2546,48129,700
2022-01-04,Modoc,049,8938,621,611,213,824,6
2022-01-04,Mono,051,14174,2382,2190,45,2235,4
2022-01-04,Monterey,053,433212,55351,51176,4484,55660,643
2022-01-04,Napa,055,140530,17009,15370,329,15699,107
2022-01-04,Nevada,057,99092,11255,10608,431,11039,110
2022-01-04,Orange,059,3164182,399426,362051,26483,388534,5897
2022-01-04,Placer,061,380077,45129,42285,4757,47042,494
2022-01-04,Plumas,063,18699,2119,2014,60,2074,12
2022-01-04,Riverside,065,2383286,442357,413366,19972,433338,5504
2022-01-04,Sacramento,067,1510023,194370,181271,8117,189388,2453
2022-01-04,San Benito,069,59416,9192,8763,230,8993,79
2022-01-04,San Bernardino,071,2135413,436056,404409,15138,419547,6060
2022-01-04,San Diego,073,3302833,510295,458499,30986,489485,4487
2022-01-04,San Francisco,075,870044,80425,70666,3948,74614,688
2022-01-04,San Joaquin,077,732212,116779,110374,6496,116870,1911
2022-01-04,San Luis Obispo,079,281455,35997,33788,1782,35570,371
2022-01-04,San Mateo,081,765935,77105,65157,2288,67445,582
2022-01-04,Santa Barbara,083,443738,56638,52449,2033,54482,574
2022-01-04,Santa Clara,085,1922200,196438,176854,3932,180786,1964
2022-01-04,Santa Cruz,087,273765,26537,23904,1345,25249,228
2022-01-04,Shasta,089,179085,24073,23366,3926,27292,442
2022-01-04,Sierra,091,2930,225,214,22,236,0
2022-01-04,Siskiyou,093,43540,3636,3509,1489,4998,61
2022-01-04,Solano,095,438530,54942,51300,2134,53434,383
2022-01-04,Sonoma,097,501317,52822,48653,957,49610,410
2022-01-04,Stanislaus,099,539301,88572,86107,10329,96436,1361
2022-01-04,Sutter,101,95872,15463,15032,484,15516,193
2022-01-04,Tehama,103,63373,9335,9020,1671,10691,140
2022-01-04,Trinity,105,12862,936,833,224,1057,18
2022-01-04,Tulare,107,460477,75870,72893,17942,90835,1172
2022-01-04,Tuolumne,109,53932,8646,8235,137,8372,91
2022-01-04,Ventura,111,848112,125729,114079,6505,120584,1213
2022-01-04,Yolo,113,214977,25183,22938,1578,24516,270
2022-01-04,Yuba,115,75493,11511,11104,471,11575,101
2022-01-03,Alameda,001,1643700,153177,142090,4913,147003,1529
2022-01-03,Alpine,002,1148,113,113,0,113,0
2022-01-03,Amador,005,37829,6181,6004,97,6101,71
2022-01-03,Butte,007,227075,24025,22924,4520,27444,345
2022-01-03,Calaveras,009,45235,4938,4742,81,4823,93
2022-01-03,Colusa,011,21464,2736,2683,753,3436,21
2022-01-03,Contra Costa,013,1133247,124224,114966,3903,118869,1073
2022-01-03,Del Norte,015,27424,3938,3873,65,3938,43
2022-01-03,El Dorado,017,186661,19196,18183,2045,20228,172
2022-01-03,Fresno,019,978130,157926,152674,14316,166990,2379
2022-01-03,Glenn,021,27897,3769,3703,1102,4805,39
2022-01-03,Humboldt,023,135768,11486,10784,990,11774,119
2022-01-03,Imperial,025,180216,39844,38411,4940,43351,800
2022-01-03,Inyo,027,18085,3027,2845,62,2907,49
2022-01-03,Kern,029,883053,143248,137773,27777,165550,1916
2022-01-03,Kings,031,150075,35833,34817,2208,37025,387
2022-01-03,Lake,033,64148,7345,7134,225,7359,117
2022-01-03,Lassen,035,31185,7184,7103,438,7541,55
2022-01-03,Los Angeles,037,10098052,1825954,1686203,77836,1764039,27394
2022-01-03,Madera,039,155013,26040,25323,2574,27897,320
2022-01-03,Marin,041,260295,23194,21532,1087,22619,251
2022-01-03,Mariposa,043,17540,1639,1559,67,1626,6
2022-01-03,Mendocino,045,87422,8990,8573,763,9336,101
2022-01-03,Merced,047,269075,46418,45459,2434,47893,696
2022-01-03,Modoc,049,8938,618,602,213,815,6
2022-01-03,Mono,051,14174,2304,2172,40,2212,4
2022-01-03,Monterey,053,433212,54523,51047,4278,55325,644
2022-01-03,Napa,055,140530,16500,15260,297,15557,107
2022-01-03,Nevada,057,99092,11091,10572,422,10994,110
2022-01-03,Orange,059,3164182,388241,358052,25249,383301,5894
2022-01-03,Placer,061,380077,44323,42054,4698,46752,489
2022-01-03,Plumas,063,18699,2100,2005,60,2065,12
2022-01-03,Riverside,065,2383286,433885,410155,19477,429632,5504
2022-01-03,Sacramento,067,1510023,189202,179992,7561,187553,2452
2022-01-03,San Benito,069,59416,9030,8688,223,8911,79
2022-01-03,San Bernardino,071,2135413,427112,401938,14668,416606,6056
2022-01-03,San Diego,073,3302833,494203,451154,30025,481179,4476
2022-01-03,San Francisco,075,870044,77616,69315,3698,73013,686
2022-01-03,San Joaquin,077,732212,114461,109757,6371,116128,1903
2022-01-03,San Luis Obispo,079,281455,35187,33667,1689,35356,367
2022-01-03,San Mateo,081,765935,74387,64470,2131,66601,582
2022-01-03,Santa Barbara,083,443738,55176,51912,1939,53851,571
2022-01-03,Santa Clara,085,1922200,190336,174215,3458,177673,1963
2022-01-03,Santa Cruz,087,273765,25729,23765,1313,25078,228
2022-01-03,Shasta,089,179085,23896,23301,3899,27200,440
2022-01-03,Sierra,091,2930,218,213,21,234,0
2022-01-03,Siskiyou,093,43540,3609,3500,1467,4967,61
2022-01-03,Solano,095,438530,53642,51030,1948,52978,380
2022-01-03,Sonoma,097,501317,51125,48391,861,49252,410
2022-01-03,Stanislaus,099,539301,87577,85793,10139,95932,1332
2022-01-03,Sutter,101,95872,15306,14973,464,15437,193
2022-01-03,Tehama,103,63373,9261,9005,1645,10650,140
2022-01-03,Trinity,105,12862,931,833,223,1056,18
2022-01-03,Tulare,107,460477,75174,72664,17737,90401,1167
2022-01-03,Tuolumne,109,53932,8509,8179,133,8312,91
2022-01-03,Ventura,111,848112,122562,112762,6266,119028,1211
2022-01-03,Yolo,113,214977,24504,22563,1514,24077,270
2022-01-03,Yuba,115,75493,11378,11037,452,11489,99
2022-01-02,Alameda,001,1643700,148617,133486,4421,137907,1528
2022-01-02,Alpine,002,1148,111,113,0,113,0
2022-01-02,Amador,005,37829,6113,5913,92,6005,70
2022-01-02,Butte,007,227075,23683,22469,4458,26927,341
2022-01-02,Calaveras,009,45235,4867,4668,73,4741,93
2022-01-02,Colusa,011,21464,2729,2659,742,3401,21
2022-01-02,Contra Costa,013,1133247,120637,109593,3466,113059,1073
2022-01-02,Del Norte,015,27424,3906,3841,63,3904,43
2022-01-02,El Dorado,017,186661,18859,17621,1994,19615,172
2022-01-02,Fresno,019,978130,156080,149927,14079,164006,2379
2022-01-02,Glenn,021,27897,3750,3663,1093,4756,39
2022-01-02,Humboldt,023,135768,11243,10381,914,11295,119
2022-01-02,Imperial,025,180216,39189,37672,4731,42403,800
2022-01-02,Inyo,027,18085,2957,2726,51,2777,49
2022-01-02,Kern,029,883053,141329,136123,27179,163302,1917
2022-01-02,Kings,031,150075,35509,34318,2173,36491,386
2022-01-02,Lake,033,64148,7274,7060,211,7271,117
2022-01-02,Lassen,035,31185,7168,7089,436,7525,55
2022-01-02,Los Angeles,037,10098052,1774750,1596123,74934,1671057,27371
2022-01-02,Madera,039,155013,25789,25002,2521,27523,320
2022-01-02,Marin,041,260295,22629,20475,1016,21491,249
2022-01-02,Mariposa,043,17540,1608,1509,65,1574,6
2022-01-02,Mendocino,045,87422,8866,8422,745,9167,101
2022-01-02,Merced,047,269075,45875,44769,2334,47103,694
2022-01-02,Modoc,049,8938,616,601,212,813,6
2022-01-02,Mono,051,14174,2275,2101,35,2136,4
2022-01-02,Monterey,053,433212,53897,50251,4068,54319,643
2022-01-02,Napa,055,140530,15960,14439,286,14725,107
2022-01-02,Nevada,057,99092,10903,10299,407,10706,110
2022-01-02,Orange,059,3164182,377210,339526,24086,363612,5890
2022-01-02,Placer,061,380077,43591,40857,4610,45467,489
2022-01-02,Plumas,063,18699,2083,1994,56,2050,12
2022-01-02,Riverside,065,2383286,425545,397124,18960,416084,5501
2022-01-02,Sacramento,067,1510023,185121,173562,6729,180291,2448
2022-01-02,San Benito,069,59416,8848,8320,208,8528,79
2022-01-02,San Bernardino,071,2135413,418972,386278,14111,400389,6051
2022-01-02,San Diego,073,3302833,479177,427087,28846,455933,4469
2022-01-02,San Francisco,075,870044,74664,64498,3457,67955,682
2022-01-02,San Joaquin,077,732212,112572,106640,6229,112869,1902
2022-01-02,San Luis Obispo,079,281455,34451,32342,1606,33948,365
2022-01-02,San Mateo,081,765935,71815,60504,1891,62395,581
2022-01-02,Santa Barbara,083,443738,53740,49555,1878,51433,568
2022-01-02,Santa Clara,085,1922200,184103,164547,3058,167605,1969
2022-01-02,Santa Cruz,087,273765,25059,22980,1280,24260,228
2022-01-02,Shasta,089,179085,23703,23161,3850,27011,435
2022-01-02,Sierra,091,2930,217,206,21,227,0
2022-01-02,Siskiyou,093,43540,3584,3474,1444,4918,61
2022-01-02,Solano,095,438530,52697,48957,1785,50742,379
2022-01-02,Sonoma,097,501317,49805,46040,824,46864,410
2022-01-02,Stanislaus,099,539301,86720,84367,10002,94369,1332
2022-01-02,Sutter,101,95872,15133,14741,445,15186,193
2022-01-02,Tehama,103,63373,9196,8944,1622,10566,139
2022-01-02,Trinity,105,12862,929,832,222,1054,17
2022-01-02,Tulare,107,460477,74508,71941,17542,89483,1160
2022-01-02,Tuolumne,109,53932,8403,8044,128,8172,91
2022-01-02,Ventura,111,848112,119639,107992,6045,114037,1211
2022-01-02,Yolo,113,214977,23827,21747,1448,23195,270
2022-01-02,Yuba,115,75493,11253,10844,436,11280,99
2022-01-01,Alameda,001,1643700,146735,133486,4162,137648,1528
2022-01-01,Alpine,002,1148,111,113,0,113,0
2022-01-01,Amador,005,37829,6077,5913,87,6000,70
2022-01-01,Butte,007,227075,23487,22469,4420,26889,341
2022-01-01,Calaveras,009,45235,4828,4668,71,4739,93
2022-01-01,Colusa,011,21464,2725,2659,732,3391,21
2022-01-01,Contra Costa,013,1133247,119265,109593,3339,112932,1073
2022-01-01,Del Norte,015,27424,3901,3841,63,3904,43
2022-01-01,El Dorado,017,186661,18709,17621,1979,19600,172
2022-01-01,Fresno,019,978130,155381,149927,13996,163923,2379
2022-01-01,Glenn,021,27897,3743,3663,1093,4756,39
2022-01-01,Humboldt,023,135768,11103,10381,893,11274,119
2022-01-01,Imperial,025,180216,39040,37672,4682,42354,800
2022-01-01,Inyo,027,18085,2928,2726,49,2775,49
2022-01-01,Kern,029,883053,140629,136123,26873,162996,1917
2022-01-01,Kings,031,150075,35367,34318,2146,36464,386
2022-01-01,Lake,033,64148,7236,7060,206,7266,117
2022-01-01,Lassen,035,31185,7162,7089,431,7520,55
2022-01-01,Los Angeles,037,10098052,1754601,1596123,72982,1669105,27371
2022-01-01,Madera,039,155013,25705,25002,2507,27509,320
2022-01-01,Marin,041,260295,22317,20475,975,21450,249
2022-01-01,Mariposa,043,17540,1597,1509,65,1574,6
2022-01-01,Mendocino,045,87422,8774,8422,739,9161,101
2022-01-01,Merced,047,269075,45742,44769,2320,47089,694
2022-01-01,Modoc,049,8938,613,601,212,813,6
2022-01-01,Mono,051,14174,2251,2101,30,2131,4
2022-01-01,Monterey,053,433212,53587,50251,3981,54232,643
2022-01-01,Napa,055,140530,15810,14439,271,14710,107
2022-01-01,Nevada,057,99092,10827,10299,400,10699,110
2022-01-01,Orange,059,3164182,372986,339526,23375,362901,5890
2022-01-01,Placer,061,380077,43286,40857,4543,45400,489
2022-01-01,Plumas,063,18699,2071,1994,56,2050,12
2022-01-01,Riverside,065,2383286,422052,397124,18758,415882,5501
2022-01-01,Sacramento,067,1510023,183848,173562,6474,180036,2448
2022-01-01,San Benito,069,59416,8756,8320,208,8528,79
2022-01-01,San Bernardino,071,2135413,415714,386278,13831,400109,6051
2022-01-01,San Diego,073,3302833,473224,427087,28327,455414,4469
2022-01-01,San Francisco,075,870044,73260,64498,3248,67746,682
2022-01-01,San Joaquin,077,732212,111865,106640,6156,112796,1902
2022-01-01,San Luis Obispo,079,281455,34247,32342,1597,33939,365
2022-01-01,San Mateo,081,765935,70350,60504,1742,62246,581
2022-01-01,Santa Barbara,083,443738,52999,49555,1842,51397,568
2022-01-01,Santa Clara,085,1922200,181034,164547,2862,167409,1969
2022-01-01,Santa Cruz,087,273765,24738,22980,1262,24242,228
2022-01-01,Shasta,089,179085,23617,23161,3832,26993,435
2022-01-01,Sierra,091,2930,216,206,21,227,0
2022-01-01,Siskiyou,093,43540,3581,3474,1434,4908,61
2022-01-01,Solano,095,438530,52428,48957,1725,50682,379
2022-01-01,Sonoma,097,501317,49411,46040,794,46834,410
2022-01-01,Stanislaus,099,539301,86313,84367,9915,94282,1332
2022-01-01,Sutter,101,95872,15056,14741,443,15184,193
2022-01-01,Tehama,103,63373,9163,8944,1610,10554,139
2022-01-01,Trinity,105,12862,926,832,222,1054,17
2022-01-01,Tulare,107,460477,74263,71941,17443,89384,1160
2022-01-01,Tuolumne,109,53932,8343,8044,125,8169,91
2022-01-01,Ventura,111,848112,118254,107992,5915,113907,1211
2022-01-01,Yolo,113,214977,23408,21747,1408,23155,270
2022-01-01,Yuba,115,75493,11187,10844,430,11274,99
2021-12-31,Alameda,001,1643700,145912,133486,4062,137548,1528
2021-12-31,Alpine,002,1148,111,113,0,113,0
2021-12-31,Amador,005,37829,6053,5913,86,5999,70
2021-12-31,Butte,007,227075,23380,22469,4384,26853,341
2021-12-31,Calaveras,009,45235,4795,4668,71,4739,93
2021-12-31,Colusa,011,21464,2716,2659,726,3385,21
2021-12-31,Contra Costa,013,1133247,118371,109593,3259,112852,1073
2021-12-31,Del Norte,015,27424,3892,3841,61,3902,43
2021-12-31,El Dorado,017,186661,18618,17621,1961,19582,172
2021-12-31,Fresno,019,978130,155064,149927,13973,163900,2379
2021-12-31,Glenn,021,27897,3742,3663,1091,4754,39
2021-12-31,Humboldt,023,135768,11015,10381,874,11255,119
2021-12-31,Imperial,025,180216,38908,37672,4666,42338,800
2021-12-31,Inyo,027,18085,2901,2726,48,2774,49
2021-12-31,Kern,029,883053,140121,136123,26736,162859,1917
2021-12-31,Kings,031,150075,35256,34318,2136,36454,386
2021-12-31,Lake,033,64148,7213,7060,201,7261,117
2021-12-31,Lassen,035,31185,7148,7089,431,7520,55
2021-12-31,Los Angeles,037,10098052,1743814,1596123,72232,1668355,27371
2021-12-31,Madera,039,155013,25636,25002,2490,27492,320
2021-12-31,Marin,041,260295,22161,20475,944,21419,249
2021-12-31,Mariposa,043,17540,1590,1509,64,1573,6
2021-12-31,Mendocino,045,87422,8741,8422,736,9158,101
2021-12-31,Merced,047,269075,45658,44769,2302,47071,694
2021-12-31,Modoc,049,8938,609,601,210,811,6
2021-12-31,Mono,051,14174,2239,2101,29,2130,4
2021-12-31,Monterey,053,433212,53460,50251,3915,54166,643
2021-12-31,Napa,055,140530,15699,14439,261,14700,107
2021-12-31,Nevada,057,99092,10760,10299,394,10693,110
2021-12-31,Orange,059,3164182,370469,339526,22949,362475,5890
2021-12-31,Placer,061,380077,43038,40857,4476,45333,489
2021-12-31,Plumas,063,18699,2066,1994,56,2050,12
2021-12-31,Riverside,065,2383286,420362,397124,18603,415727,5501
2021-12-31,Sacramento,067,1510023,182980,173562,6368,179930,2448
2021-12-31,San Benito,069,59416,8742,8320,207,8527,79
2021-12-31,San Bernardino,071,2135413,413396,386278,13640,399918,6051
2021-12-31,San Diego,073,3302833,470003,427087,28009,455096,4469
2021-12-31,San Francisco,075,870044,72334,64498,3190,67688,682
2021-12-31,San Joaquin,077,732212,111237,106640,6090,112730,1902
2021-12-31,San Luis Obispo,079,281455,34139,32342,1585,33927,365
2021-12-31,San Mateo,081,765935,69469,60504,1690,62194,581
2021-12-31,Santa Barbara,083,443738,52600,49555,1830,51385,568
2021-12-31,Santa Clara,085,1922200,179051,164547,2721,167268,1969
2021-12-31,Santa Cruz,087,273765,24500,22980,1241,24221,228
2021-12-31,Shasta,089,179085,23555,23161,3811,26972,435
2021-12-31,Sierra,091,2930,216,206,21,227,0
2021-12-31,Siskiyou,093,43540,3574,3474,1423,4897,61
2021-12-31,Solano,095,438530,52272,48957,1699,50656,379
2021-12-31,Sonoma,097,501317,49158,46040,781,46821,410
2021-12-31,Stanislaus,099,539301,85987,84367,9854,94221,1332
2021-12-31,Sutter,101,95872,14995,14741,437,15178,193
2021-12-31,Tehama,103,63373,9131,8944,1601,10545,139
2021-12-31,Trinity,105,12862,925,832,222,1054,17
2021-12-31,Tulare,107,460477,74059,71941,17358,89299,1160
2021-12-31,Tuolumne,109,53932,8298,8044,124,8168,91
2021-12-31,Ventura,111,848112,117280,107992,5833,113825,1211
2021-12-31,Yolo,113,214977,23187,21747,1386,23133,270
2021-12-31,Yuba,115,75493,11130,10844,424,11268,99
2021-12-30,Alameda,001,1643700,144608,133486,3927,137413,1528
2021-12-30,Alpine,002,1148,110,113,0,113,0
2021-12-30,Amador,005,37829,6034,5913,85,5998,70
2021-12-30,Butte,007,227075,23249,22469,4359,26828,341
2021-12-30,Calaveras,009,45235,4776,4668,71,4739,93
2021-12-30,Colusa,011,21464,2715,2659,724,3383,21
2021-12-30,Contra Costa,013,1133247,117275,109593,3148,112741,1073
2021-12-30,Del Norte,015,27424,3881,3841,60,3901,43
2021-12-30,El Dorado,017,186661,18514,17621,1940,19561,172
2021-12-30,Fresno,019,978130,154527,149927,13902,163829,2379
2021-12-30,Glenn,021,27897,3736,3663,1088,4751,39
2021-12-30,Humboldt,023,135768,10948,10381,862,11243,119
2021-12-30,Imperial,025,180216,38740,37672,4556,42228,800
2021-12-30,Inyo,027,18085,2882,2726,46,2772,49
2021-12-30,Kern,029,883053,139588,136123,26436,162559,1917
2021-12-30,Kings,031,150075,35138,34318,2121,36439,386
2021-12-30,Lake,033,64148,7198,7060,196,7256,117
2021-12-30,Lassen,035,31185,7142,7089,431,7520,55
2021-12-30,Los Angeles,037,10098052,1720501,1596123,70968,1667091,27371
2021-12-30,Madera,039,155013,25559,25002,2470,27472,320
2021-12-30,Marin,041,260295,21987,20475,919,21394,249
2021-12-30,Mariposa,043,17540,1584,1509,64,1573,6
2021-12-30,Mendocino,045,87422,8724,8422,725,9147,101
2021-12-30,Merced,047,269075,45556,44769,2287,47056,694
2021-12-30,Modoc,049,8938,608,601,210,811,6
2021-12-30,Mono,051,14174,2234,2101,28,2129,4
2021-12-30,Monterey,053,433212,53147,50251,3854,54105,643
2021-12-30,Napa,055,140530,15555,14439,252,14691,107
2021-12-30,Nevada,057,99092,10696,10299,385,10684,110
2021-12-30,Orange,059,3164182,365421,339526,22393,361919,5890
2021-12-30,Placer,061,380077,42750,40857,4426,45283,489
2021-12-30,Plumas,063,18699,2062,1994,55,2049,12
2021-12-30,Riverside,065,2383286,417093,397124,18451,415575,5501
2021-12-30,Sacramento,067,1510023,181726,173562,6223,179785,2448
2021-12-30,San Benito,069,59416,8695,8320,205,8525,79
2021-12-30,San Bernardino,071,2135413,410784,386278,13493,399771,6051
2021-12-30,San Diego,073,3302833,464856,427087,27498,454585,4469
2021-12-30,San Francisco,075,870044,71246,64498,3118,67616,682
2021-12-30,San Joaquin,077,732212,110641,106640,6046,112686,1902
2021-12-30,San Luis Obispo,079,281455,34020,32342,1572,33914,365
2021-12-30,San Mateo,081,765935,68426,60504,1561,62065,581
2021-12-30,Santa Barbara,083,443738,52122,49555,1811,51366,568
2021-12-30,Santa Clara,085,1922200,176723,164547,2598,167145,1969
2021-12-30,Santa Cruz,087,273765,24261,22980,1207,24187,228
2021-12-30,Shasta,089,179085,23502,23161,3805,26966,435
2021-12-30,Sierra,091,2930,216,206,21,227,0
2021-12-30,Siskiyou,093,43540,3565,3474,1421,4895,61
2021-12-30,Solano,095,438530,51923,48957,1652,50609,379
2021-12-30,Sonoma,097,501317,48823,46040,772,46812,410
2021-12-30,Stanislaus,099,539301,85670,84367,9794,94161,1332
2021-12-30,Sutter,101,95872,14933,14741,436,15177,193
2021-12-30,Tehama,103,63373,9104,8944,1595,10539,139
2021-12-30,Trinity,105,12862,922,832,222,1054,17
2021-12-30,Tulare,107,460477,73869,71941,17282,89223,1160
2021-12-30,Tuolumne,109,53932,8259,8044,124,8168,91
2021-12-30,Ventura,111,848112,116023,107992,5730,113722,1211
2021-12-30,Yolo,113,214977,23048,21747,1360,23107,270
2021-12-30,Yuba,115,75493,11083,10844,422,11266,99
2021-12-29,Alameda,001,1643700,141364,131586,3776,135362,1529
2021-12-29,Alpine,002,1148,110,113,0,113,0
2021-12-29,Amador,005,37829,6011,5905,82,5987,70
2021-12-29,Butte,007,227075,23106,22353,4321,26674,338
2021-12-29,Calaveras,009,45235,4749,4646,69,4715,93
2021-12-29,Colusa,011,21464,2705,2657,719,3376,21
2021-12-29,Contra Costa,013,1133247,115180,108165,3022,111187,1072
2021-12-29,Del Norte,015,27424,3867,3826,58,3884,43
2021-12-29,El Dorado,017,186661,18292,17489,1922,19411,172
2021-12-29,Fresno,019,978130,153389,149318,13787,163105,2364
2021-12-29,Glenn,021,27897,3726,3653,1085,4738,39
2021-12-29,Humboldt,023,135768,10838,10249,840,11089,119
2021-12-29,Imperial,025,180216,38503,37460,4487,41947,800
2021-12-29,Inyo,027,18085,2849,2703,46,2749,49
2021-12-29,Kern,029,883053,138784,135648,26051,161699,1913
2021-12-29,Kings,031,150075,35024,34216,2115,36331,386
2021-12-29,Lake,033,64148,7167,7048,194,7242,117
2021-12-29,Lassen,035,31185,7138,7085,430,7515,55
2021-12-29,Los Angeles,037,10098052,1690496,1576414,69253,1645667,27349
2021-12-29,Madera,039,155013,25455,24923,2459,27382,320
2021-12-29,Marin,041,260295,21632,20025,898,20923,249
2021-12-29,Mariposa,043,17540,1562,1507,64,1571,6
2021-12-29,Mendocino,045,87422,8665,8386,721,9107,99
2021-12-29,Merced,047,269075,45340,44548,2272,46820,693
2021-12-29,Modoc,049,8938,605,600,210,810,6
2021-12-29,Mono,051,14174,2210,2056,27,2083,4
2021-12-29,Monterey,053,433212,52737,50097,3748,53845,641
2021-12-29,Napa,055,140530,15232,14247,234,14481,107
2021-12-29,Nevada,057,99092,10605,10274,384,10658,110
2021-12-29,Orange,059,3164182,357925,334557,21709,356266,5887
2021-12-29,Placer,061,380077,42259,40545,4352,44897,489
2021-12-29,Plumas,063,18699,2050,1990,55,2045,12
2021-12-29,Riverside,065,2383286,411672,392989,18244,411233,5486
2021-12-29,Sacramento,067,1510023,179392,172145,6065,178210,2437
2021-12-29,San Benito,069,59416,8552,8239,204,8443,79
2021-12-29,San Bernardino,071,2135413,405206,382872,13277,396149,6049
2021-12-29,San Diego,073,3302833,454025,421045,26780,447825,4461
2021-12-29,San Francisco,075,870044,69550,63117,3048,66165,684
2021-12-29,San Joaquin,077,732212,109458,106063,5976,112039,1891
2021-12-29,San Luis Obispo,079,281455,33625,31936,1523,33459,365
2021-12-29,San Mateo,081,765935,66800,59478,1453,60931,581
2021-12-29,Santa Barbara,083,443738,51284,49003,1786,50789,568
2021-12-29,Santa Clara,085,1922200,173521,162008,2467,164475,1962
2021-12-29,Santa Cruz,087,273765,23984,22669,1175,23844,228
2021-12-29,Shasta,089,179085,23427,23083,3793,26876,435
2021-12-29,Sierra,091,2930,215,206,21,227,0
2021-12-29,Siskiyou,093,43540,3553,3472,1410,4882,61
2021-12-29,Solano,095,438530,51218,48562,1599,50161,379
2021-12-29,Sonoma,097,501317,48021,45479,750,46229,410
2021-12-29,Stanislaus,099,539301,85182,84083,9734,93817,1332
2021-12-29,Sutter,101,95872,14864,14688,434,15122,193
2021-12-29,Tehama,103,63373,9079,8914,1583,10497,138
2021-12-29,Trinity,105,12862,919,832,222,1054,17
2021-12-29,Tulare,107,460477,73581,71752,17164,88916,1160
2021-12-29,Tuolumne,109,53932,8206,8012,123,8135,91
2021-12-29,Ventura,111,848112,114086,106974,5552,112526,1207
2021-12-29,Yolo,113,214977,22809,21564,1329,22893,270
2021-12-29,Yuba,115,75493,11022,10808,418,11226,99
2021-12-28,Alameda,001,1643700,138198,130427,3623,134050,1522
2021-12-28,Alpine,002,1148,110,113,0,113,0
2021-12-28,Amador,005,37829,5991,5900,81,5981,70
2021-12-28,Butte,007,227075,22962,22285,4304,26589,338
2021-12-28,Calaveras,009,45235,4731,4641,68,4709,91
2021-12-28,Colusa,011,21464,2699,2653,717,3370,21
2021-12-28,Contra Costa,013,1133247,112878,107160,2907,110067,1072
2021-12-28,Del Norte,015,27424,3861,3815,58,3873,43
2021-12-28,El Dorado,017,186661,18069,17419,1912,19331,172
2021-12-28,Fresno,019,978130,152303,148987,13704,162691,2365
2021-12-28,Glenn,021,27897,3701,3639,1081,4720,39
2021-12-28,Humboldt,023,135768,10717,10198,816,11014,119
2021-12-28,Imperial,025,180216,38208,37223,4387,41610,800
2021-12-28,Inyo,027,18085,2791,2676,45,2721,48
2021-12-28,Kern,029,883053,138063,135346,25702,161048,1909
2021-12-28,Kings,031,150075,34888,34165,2100,36265,386
2021-12-28,Lake,033,64148,7148,7044,189,7233,116
2021-12-28,Lassen,035,31185,7129,7083,430,7513,55
2021-12-28,Los Angeles,037,10098052,1658220,1561791,67610,1629401,27323
2021-12-28,Madera,039,155013,25329,24865,2439,27304,320
2021-12-28,Marin,041,260295,21220,19739,868,20607,249
2021-12-28,Mariposa,043,17540,1551,1499,63,1562,6
2021-12-28,Mendocino,045,87422,8604,8366,713,9079,98
2021-12-28,Merced,047,269075,45100,44434,2260,46694,691
2021-12-28,Modoc,049,8938,605,599,209,808,6
2021-12-28,Mono,051,14174,2187,2045,25,2070,4
2021-12-28,Monterey,053,433212,52360,49973,3675,53648,639
2021-12-28,Napa,055,140530,14914,14131,207,14338,107
2021-12-28,Nevada,057,99092,10514,10250,381,10631,110
2021-12-28,Orange,059,3164182,350265,331279,20971,352250,5882
2021-12-28,Placer,061,380077,41789,40410,4284,44694,489
2021-12-28,Plumas,063,18699,2047,1989,55,2044,12
2021-12-28,Riverside,065,2383286,406433,390343,18001,408344,5470
2021-12-28,Sacramento,067,1510023,177105,171290,5936,177226,2426
2021-12-28,San Benito,069,59416,8408,8170,202,8372,79
2021-12-28,San Bernardino,071,2135413,399298,381316,13056,394372,6047
2021-12-28,San Diego,073,3302833,443333,417383,26224,443607,4450
2021-12-28,San Francisco,075,870044,67929,61745,2990,64735,682
2021-12-28,San Joaquin,077,732212,108404,105572,5932,111504,1884
2021-12-28,San Luis Obispo,079,281455,33159,31759,1507,33266,365
2021-12-28,San Mateo,081,765935,65286,58712,1365,60077,582
2021-12-28,Santa Barbara,083,443738,50639,48493,1766,50259,568
2021-12-28,Santa Clara,085,1922200,170317,160811,2372,163183,1962
2021-12-28,Santa Cruz,087,273765,23610,22513,1137,23650,228
2021-12-28,Shasta,089,179085,23356,23035,3788,26823,434
2021-12-28,Sierra,091,2930,212,206,21,227,0
2021-12-28,Siskiyou,093,43540,3544,3468,1405,4873,60
2021-12-28,Solano,095,438530,50304,48318,1545,49863,378
2021-12-28,Sonoma,097,501317,47163,45086,725,45811,410
2021-12-28,Stanislaus,099,539301,84699,83946,9673,93619,1331
2021-12-28,Sutter,101,95872,14815,14662,431,15093,193
2021-12-28,Tehama,103,63373,9061,8893,1581,10474,138
2021-12-28,Trinity,105,12862,917,831,221,1052,17
2021-12-28,Tulare,107,460477,73303,71630,17049,88679,1156
2021-12-28,Tuolumne,109,53932,8164,8006,123,8129,91
2021-12-28,Ventura,111,848112,111978,105883,5422,111305,1207
2021-12-28,Yolo,113,214977,22475,21320,1280,22600,270
2021-12-28,Yuba,115,75493,10966,10778,415,11193,99
2021-12-27,Alameda,001,1643700,135518,129910,3491,133401,1530
2021-12-27,Alpine,002,1148,110,113,0,113,0
2021-12-27,Amador,005,37829,5963,5891,81,5972,70
2021-12-27,Butte,007,227075,22825,22234,4277,26511,335
2021-12-27,Calaveras,009,45235,4706,4630,67,4697,91
2021-12-27,Colusa,011,21464,2688,2652,711,3363,21
2021-12-27,Contra Costa,013,1133247,110709,106692,2824,109516,1071
2021-12-27,Del Norte,015,27424,3852,3802,57,3859,43
2021-12-27,El Dorado,017,186661,17909,17361,1900,19261,172
2021-12-27,Fresno,019,978130,151340,148826,13621,162447,2364
2021-12-27,Glenn,021,27897,3693,3634,1075,4709,39
2021-12-27,Humboldt,023,135768,10603,10164,794,10958,119
2021-12-27,Imperial,025,180216,37967,37180,4293,41473,800
2021-12-27,Inyo,027,18085,2762,2662,43,2705,48
2021-12-27,Kern,029,883053,137413,135119,25399,160518,1907
2021-12-27,Kings,031,150075,34737,34126,2087,36213,382
2021-12-27,Lake,033,64148,7125,7037,179,7216,116
2021-12-27,Lassen,035,31185,7123,7080,430,7510,55
2021-12-27,Los Angeles,037,10098052,1621870,1554074,65862,1619936,27300
2021-12-27,Madera,039,155013,25210,24840,2420,27260,320
2021-12-27,Marin,041,260295,20831,19601,841,20442,249
2021-12-27,Mariposa,043,17540,1536,1495,63,1558,6
2021-12-27,Mendocino,045,87422,8537,8351,708,9059,98
2021-12-27,Merced,047,269075,44869,44383,2242,46625,690
2021-12-27,Modoc,049,8938,603,599,209,808,6
2021-12-27,Mono,051,14174,2124,2026,25,2051,4
2021-12-27,Monterey,053,433212,52060,49918,3624,53542,639
2021-12-27,Napa,055,140530,14645,14083,198,14281,107
2021-12-27,Nevada,057,99092,10445,10239,373,10612,110
2021-12-27,Orange,059,3164182,342774,329222,20165,349387,5875
2021-12-27,Placer,061,380077,41410,40263,4235,44498,489
2021-12-27,Plumas,063,18699,2045,1988,53,2041,12
2021-12-27,Riverside,065,2383286,401853,389096,17745,406841,5470
2021-12-27,Sacramento,067,1510023,175077,170858,5767,176625,2422
2021-12-27,San Benito,069,59416,8290,8133,198,8331,79
2021-12-27,San Bernardino,071,2135413,393305,380526,12855,393381,6047
2021-12-27,San Diego,073,3302833,433125,414968,25732,440700,4445
2021-12-27,San Francisco,075,870044,66178,60920,2925,63845,682
2021-12-27,San Joaquin,077,732212,107485,105413,5868,111281,1876
2021-12-27,San Luis Obispo,079,281455,32714,31671,1486,33157,365
2021-12-27,San Mateo,081,765935,63760,58397,1266,59663,581
2021-12-27,Santa Barbara,083,443738,49853,48209,1746,49955,568
2021-12-27,Santa Clara,085,1922200,167308,159904,2246,162150,1961
2021-12-27,Santa Cruz,087,273765,23320,22456,1119,23575,228
2021-12-27,Shasta,089,179085,23295,23015,3777,26792,432
2021-12-27,Sierra,091,2930,212,206,21,227,0
2021-12-27,Siskiyou,093,43540,3535,3466,1400,4866,60
2021-12-27,Solano,095,438530,49571,48172,1497,49669,378
2021-12-27,Sonoma,097,501317,46587,44990,707,45697,410
2021-12-27,Stanislaus,099,539301,84244,83833,9632,93465,1331
2021-12-27,Sutter,101,95872,14759,14642,426,15068,191
2021-12-27,Tehama,103,63373,9045,8887,1573,10460,136
2021-12-27,Trinity,105,12862,917,827,221,1048,17
2021-12-27,Tulare,107,460477,73035,71562,16954,88516,1146
2021-12-27,Tuolumne,109,53932,8126,7978,122,8100,91
2021-12-27,Ventura,111,848112,109893,105212,5287,110499,1206
2021-12-27,Yolo,113,214977,22184,21300,1246,22546,270
2021-12-27,Yuba,115,75493,10905,10759,414,11173,98
2021-12-26,Alameda,001,1643700,133399,127221,3419,130640,1525
2021-12-26,Alpine,002,1148,110,113,0,113,0
2021-12-26,Amador,005,37829,5947,5861,79,5940,70
2021-12-26,Butte,007,227075,22671,22087,4247,26334,330
2021-12-26,Calaveras,009,45235,4684,4591,67,4658,91
2021-12-26,Colusa,011,21464,2677,2647,705,3352,21
2021-12-26,Contra Costa,013,1133247,108944,105022,2725,107747,1071
2021-12-26,Del Norte,015,27424,3847,3795,57,3852,43
2021-12-26,El Dorado,017,186661,17755,17188,1892,19080,172
2021-12-26,Fresno,019,978130,150630,148027,13539,161566,2358
2021-12-26,Glenn,021,27897,3681,3611,1061,4672,39
2021-12-26,Humboldt,023,135768,10460,10052,771,10823,119
2021-12-26,Imperial,025,180216,37665,36878,4203,41081,800
2021-12-26,Inyo,027,18085,2738,2636,40,2676,47
2021-12-26,Kern,029,883053,136688,134591,25144,159735,1908
2021-12-26,Kings,031,150075,34584,34009,2081,36090,379
2021-12-26,Lake,033,64148,7103,7019,176,7195,116
2021-12-26,Lassen,035,31185,7117,7072,429,7501,55
2021-12-26,Los Angeles,037,10098052,1591981,1515469,64068,1579537,27257
2021-12-26,Madera,039,155013,25091,24741,2404,27145,320
2021-12-26,Marin,041,260295,20452,19085,782,19867,249
2021-12-26,Mariposa,043,17540,1530,1480,63,1543,6
2021-12-26,Mendocino,045,87422,8486,8314,706,9020,98
2021-12-26,Merced,047,269075,44617,44208,2228,46436,690
2021-12-26,Modoc,049,8938,602,597,207,804,6
2021-12-26,Mono,051,14174,2098,2000,25,2025,4
2021-12-26,Monterey,053,433212,51779,49709,3575,53284,638
2021-12-26,Napa,055,140530,14408,13809,193,14002,107
2021-12-26,Nevada,057,99092,10385,10153,366,10519,110
2021-12-26,Orange,059,3164182,336426,322991,19369,342360,5863
2021-12-26,Placer,061,380077,41052,39852,4163,44015,489
2021-12-26,Plumas,063,18699,2037,1987,52,2039,12
2021-12-26,Riverside,065,2383286,397669,384567,17576,402143,5470
2021-12-26,Sacramento,067,1510023,173349,169144,5621,174765,2418
2021-12-26,San Benito,069,59416,8201,7991,194,8185,79
2021-12-26,San Bernardino,071,2135413,388444,376052,12678,388730,6043
2021-12-26,San Diego,073,3302833,424131,406616,25238,431854,4442
2021-12-26,San Francisco,075,870044,64600,58229,2863,61092,682
2021-12-26,San Joaquin,077,732212,106679,104590,5815,110405,1872
2021-12-26,San Luis Obispo,079,281455,32267,31290,1468,32758,365
2021-12-26,San Mateo,081,765935,62357,56973,1219,58192,581
2021-12-26,Santa Barbara,083,443738,49176,47553,1716,49269,567
2021-12-26,Santa Clara,085,1922200,164590,156872,2112,158984,1967
2021-12-26,Santa Cruz,087,273765,23036,22176,1105,23281,228
2021-12-26,Shasta,089,179085,23212,22959,3765,26724,432
2021-12-26,Sierra,091,2930,212,202,21,223,0
2021-12-26,Siskiyou,093,43540,3527,3460,1391,4851,60
2021-12-26,Solano,095,438530,49068,47646,1459,49105,377
2021-12-26,Sonoma,097,501317,46090,44358,675,45033,408
2021-12-26,Stanislaus,099,539301,83869,83368,9590,92958,1331
2021-12-26,Sutter,101,95872,14693,14533,423,14956,191
2021-12-26,Tehama,103,63373,9012,8861,1569,10430,136
2021-12-26,Trinity,105,12862,917,826,220,1046,17
2021-12-26,Tulare,107,460477,72785,71292,16848,88140,1137
2021-12-26,Tuolumne,109,53932,8089,7919,122,8041,91
2021-12-26,Ventura,111,848112,108059,103498,5140,108638,1206
2021-12-26,Yolo,113,214977,21899,21084,1207,22291,270
2021-12-26,Yuba,115,75493,10854,10694,412,11106,98
2021-12-25,Alameda,001,1643700,132309,127221,3354,130575,1525
2021-12-25,Alpine,002,1148,110,113,0,113,0
2021-12-25,Amador,005,37829,5928,5861,79,5940,70
2021-12-25,Butte,007,227075,22573,22087,4230,26317,330
2021-12-25,Calaveras,009,45235,4655,4591,66,4657,91
2021-12-25,Colusa,011,21464,2672,2647,699,3346,21
2021-12-25,Contra Costa,013,1133247,108121,105022,2671,107693,1071
2021-12-25,Del Norte,015,27424,3840,3795,56,3851,43
2021-12-25,El Dorado,017,186661,17702,17188,1881,19069,172
2021-12-25,Fresno,019,978130,150314,148027,13491,161518,2358
2021-12-25,Glenn,021,27897,3670,3611,1057,4668,39
2021-12-25,Humboldt,023,135768,10378,10052,764,10816,119
2021-12-25,Imperial,025,180216,37542,36878,4181,41059,800
2021-12-25,Inyo,027,18085,2718,2636,40,2676,47
2021-12-25,Kern,029,883053,136341,134591,25018,159609,1908
2021-12-25,Kings,031,150075,34494,34009,2074,36083,379
2021-12-25,Lake,033,64148,7091,7019,174,7193,116
2021-12-25,Lassen,035,31185,7115,7072,429,7501,55
2021-12-25,Los Angeles,037,10098052,1579158,1515469,62726,1578195,27257
2021-12-25,Madera,039,155013,25041,24741,2398,27139,320
2021-12-25,Marin,041,260295,20110,19085,733,19818,249
2021-12-25,Mariposa,043,17540,1524,1480,63,1543,6
2021-12-25,Mendocino,045,87422,8448,8314,706,9020,98
2021-12-25,Merced,047,269075,44515,44208,2226,46434,690
2021-12-25,Modoc,049,8938,602,597,207,804,6
2021-12-25,Mono,051,14174,2081,2000,25,2025,4
2021-12-25,Monterey,053,433212,51611,49709,3540,53249,638
2021-12-25,Napa,055,140530,14293,13809,185,13994,107
2021-12-25,Nevada,057,99092,10356,10153,366,10519,110
2021-12-25,Orange,059,3164182,333545,322991,18798,341789,5863
2021-12-25,Placer,061,380077,40864,39852,4129,43981,489
2021-12-25,Plumas,063,18699,2035,1987,52,2039,12
2021-12-25,Riverside,065,2383286,395386,384567,17457,402024,5470
2021-12-25,Sacramento,067,1510023,172533,169144,5516,174660,2418
2021-12-25,San Benito,069,59416,8136,7991,194,8185,79
2021-12-25,San Bernardino,071,2135413,386201,376052,12545,388597,6043
2021-12-25,San Diego,073,3302833,420062,406616,24968,431584,4442
2021-12-25,San Francisco,075,870044,63569,58229,2827,61056,682
2021-12-25,San Joaquin,077,732212,106341,104590,5783,110373,1872
2021-12-25,San Luis Obispo,079,281455,32114,31290,1459,32749,365
2021-12-25,San Mateo,081,765935,61322,56973,1176,58149,581
2021-12-25,Santa Barbara,083,443738,48812,47553,1704,49257,567
2021-12-25,Santa Clara,085,1922200,163103,156872,2045,158917,1967
2021-12-25,Santa Cruz,087,273765,22876,22176,1099,23275,228
2021-12-25,Shasta,089,179085,23179,22959,3759,26718,432
2021-12-25,Sierra,091,2930,212,202,21,223,0
2021-12-25,Siskiyou,093,43540,3524,3460,1385,4845,60
2021-12-25,Solano,095,438530,48943,47646,1441,49087,377
2021-12-25,Sonoma,097,501317,45706,44358,649,45007,408
2021-12-25,Stanislaus,099,539301,83655,83368,9564,92932,1331
2021-12-25,Sutter,101,95872,14652,14533,421,14954,191
2021-12-25,Tehama,103,63373,8992,8861,1565,10426,136
2021-12-25,Trinity,105,12862,916,826,220,1046,17
2021-12-25,Tulare,107,460477,72651,71292,16770,88062,1137
2021-12-25,Tuolumne,109,53932,8057,7919,122,8041,91
2021-12-25,Ventura,111,848112,106886,103498,5034,108532,1206
2021-12-25,Yolo,113,214977,21789,21084,1186,22270,270
2021-12-25,Yuba,115,75493,10827,10694,411,11105,98
2021-12-24,Alameda,001,1643700,131685,127221,3337,130558,1525
2021-12-24,Alpine,002,1148,110,113,0,113,0
2021-12-24,Amador,005,37829,5920,5861,78,5939,70
2021-12-24,Butte,007,227075,22516,22087,4213,26300,330
2021-12-24,Calaveras,009,45235,4649,4591,66,4657,91
2021-12-24,Colusa,011,21464,2670,2647,698,3345,21
2021-12-24,Contra Costa,013,1133247,107803,105022,2638,107660,1071
2021-12-24,Del Norte,015,27424,3833,3795,56,3851,43
2021-12-24,El Dorado,017,186661,17647,17188,1876,19064,172
2021-12-24,Fresno,019,978130,150147,148027,13478,161505,2358
2021-12-24,Glenn,021,27897,3669,3611,1057,4668,39
2021-12-24,Humboldt,023,135768,10323,10052,759,10811,119
2021-12-24,Imperial,025,180216,37459,36878,4177,41055,800
2021-12-24,Inyo,027,18085,2698,2636,40,2676,47
2021-12-24,Kern,029,883053,136218,134591,24976,159567,1908
2021-12-24,Kings,031,150075,34425,34009,2073,36082,379
2021-12-24,Lake,033,64148,7087,7019,174,7193,116
2021-12-24,Lassen,035,31185,7112,7072,429,7501,55
2021-12-24,Los Angeles,037,10098052,1574281,1515469,62198,1577667,27257
2021-12-24,Madera,039,155013,25006,24741,2393,27134,320
2021-12-24,Marin,041,260295,19964,19085,702,19787,249
2021-12-24,Mariposa,043,17540,1522,1480,63,1543,6
2021-12-24,Mendocino,045,87422,8431,8314,706,9020,98
2021-12-24,Merced,047,269075,44465,44208,2224,46432,690
2021-12-24,Modoc,049,8938,602,597,207,804,6
2021-12-24,Mono,051,14174,2068,2000,25,2025,4
2021-12-24,Monterey,053,433212,51515,49709,3514,53223,638
2021-12-24,Napa,055,140530,14228,13809,181,13990,107
2021-12-24,Nevada,057,99092,10330,10153,364,10517,110
2021-12-24,Orange,059,3164182,332480,322991,18638,341629,5863
2021-12-24,Placer,061,380077,40741,39852,4112,43964,489
2021-12-24,Plumas,063,18699,2034,1987,52,2039,12
2021-12-24,Riverside,065,2383286,394386,384567,17367,401934,5470
2021-12-24,Sacramento,067,1510023,172217,169144,5481,174625,2418
2021-12-24,San Benito,069,59416,8127,7991,193,8184,79
2021-12-24,San Bernardino,071,2135413,385056,376052,12472,388524,6043
2021-12-24,San Diego,073,3302833,418939,406616,24841,431457,4442
2021-12-24,San Francisco,075,870044,63062,58229,2810,61039,682
2021-12-24,San Joaquin,077,732212,106146,104590,5775,110365,1872
2021-12-24,San Luis Obispo,079,281455,32052,31290,1449,32739,365
2021-12-24,San Mateo,081,765935,60889,56973,1153,58126,581
2021-12-24,Santa Barbara,083,443738,48607,47553,1697,49250,567
2021-12-24,Santa Clara,085,1922200,162277,156872,2011,158883,1967
2021-12-24,Santa Cruz,087,273765,22793,22176,1096,23272,228
2021-12-24,Shasta,089,179085,23145,22959,3755,26714,432
2021-12-24,Sierra,091,2930,211,202,21,223,0
2021-12-24,Siskiyou,093,43540,3519,3460,1381,4841,60
2021-12-24,Solano,095,438530,48891,47646,1439,49085,377
2021-12-24,Sonoma,097,501317,45540,44358,641,44999,408
2021-12-24,Stanislaus,099,539301,83544,83368,9541,92909,1331
2021-12-24,Sutter,101,95872,14632,14533,418,14951,191
2021-12-24,Tehama,103,63373,8983,8861,1562,10423,136
2021-12-24,Trinity,105,12862,914,826,220,1046,17
2021-12-24,Tulare,107,460477,72583,71292,16728,88020,1137
2021-12-24,Tuolumne,109,53932,8032,7919,122,8041,91
2021-12-24,Ventura,111,848112,106439,103498,4978,108476,1206
2021-12-24,Yolo,113,214977,21715,21084,1168,22252,270
2021-12-24,Yuba,115,75493,10804,10694,410,11104,98
2021-12-23,Alameda,001,1643700,130950,127221,3302,130523,1525
2021-12-23,Alpine,002,1148,110,113,0,113,0
2021-12-23,Amador,005,37829,5908,5861,76,5937,70
2021-12-23,Butte,007,227075,22463,22087,4202,26289,330
2021-12-23,Calaveras,009,45235,4638,4591,66,4657,91
2021-12-23,Colusa,011,21464,2664,2647,694,3341,21
2021-12-23,Contra Costa,013,1133247,107373,105022,2595,107617,1071
2021-12-23,Del Norte,015,27424,3830,3795,56,3851,43
2021-12-23,El Dorado,017,186661,17583,17188,1870,19058,172
2021-12-23,Fresno,019,978130,149942,148027,13460,161487,2358
2021-12-23,Glenn,021,27897,3665,3611,1057,4668,39
2021-12-23,Humboldt,023,135768,10270,10052,756,10808,119
2021-12-23,Imperial,025,180216,37386,36878,4150,41028,800
2021-12-23,Inyo,027,18085,2685,2636,40,2676,47
2021-12-23,Kern,029,883053,136068,134591,24880,159471,1908
2021-12-23,Kings,031,150075,34384,34009,2072,36081,379
2021-12-23,Lake,033,64148,7075,7019,172,7191,116
2021-12-23,Lassen,035,31185,7111,7072,429,7501,55
2021-12-23,Los Angeles,037,10098052,1564720,1515469,61122,1576591,27257
2021-12-23,Madera,039,155013,24973,24741,2389,27130,320
2021-12-23,Marin,041,260295,19830,19085,685,19770,249
2021-12-23,Mariposa,043,17540,1517,1480,63,1543,6
2021-12-23,Mendocino,045,87422,8422,8314,706,9020,98
2021-12-23,Merced,047,269075,44416,44208,2222,46430,690
2021-12-23,Modoc,049,8938,602,597,207,804,6
2021-12-23,Mono,051,14174,2047,2000,24,2024,4
2021-12-23,Monterey,053,433212,51394,49709,3492,53201,638
2021-12-23,Napa,055,140530,14149,13809,176,13985,107
2021-12-23,Nevada,057,99092,10306,10153,363,10516,110
2021-12-23,Orange,059,3164182,330792,322991,18308,341299,5863
2021-12-23,Placer,061,380077,40616,39852,4096,43948,489
2021-12-23,Plumas,063,18699,2034,1987,52,2039,12
2021-12-23,Riverside,065,2383286,393169,384567,17298,401865,5470
2021-12-23,Sacramento,067,1510023,171761,169144,5434,174578,2418
2021-12-23,San Benito,069,59416,8108,7991,191,8182,79
2021-12-23,San Bernardino,071,2135413,383866,376052,12367,388419,6043
2021-12-23,San Diego,073,3302833,417088,406616,24643,431259,4442
2021-12-23,San Francisco,075,870044,62331,58229,2782,61011,682
2021-12-23,San Joaquin,077,732212,105928,104590,5762,110352,1872
2021-12-23,San Luis Obispo,079,281455,31980,31290,1445,32735,365
2021-12-23,San Mateo,081,765935,60326,56973,1133,58106,581
2021-12-23,Santa Barbara,083,443738,48408,47553,1695,49248,567
2021-12-23,Santa Clara,085,1922200,161369,156872,1952,158824,1967
2021-12-23,Santa Cruz,087,273765,22678,22176,1084,23260,228
2021-12-23,Shasta,089,179085,23114,22959,3752,26711,432
2021-12-23,Sierra,091,2930,208,202,21,223,0
2021-12-23,Siskiyou,093,43540,3519,3460,1379,4839,60
2021-12-23,Solano,095,438530,48783,47646,1423,49069,377
2021-12-23,Sonoma,097,501317,45363,44358,640,44998,408
2021-12-23,Stanislaus,099,539301,83415,83368,9521,92889,1331
2021-12-23,Sutter,101,95872,14615,14533,417,14950,191
2021-12-23,Tehama,103,63373,8971,8861,1558,10419,136
2021-12-23,Trinity,105,12862,914,826,220,1046,17
2021-12-23,Tulare,107,460477,72507,71292,16685,87977,1137
2021-12-23,Tuolumne,109,53932,8014,7919,121,8040,91
2021-12-23,Ventura,111,848112,105904,103498,4912,108410,1206
2021-12-23,Yolo,113,214977,21643,21084,1150,22234,270
2021-12-23,Yuba,115,75493,10791,10694,410,11104,98
2021-12-22,Alameda,001,1643700,129994,126533,3219,129752,1522
2021-12-22,Alpine,002,1148,110,112,0,112,0
2021-12-22,Amador,005,37829,5895,5850,75,5925,70
2021-12-22,Butte,007,227075,22411,22070,4188,26258,330
2021-12-22,Calaveras,009,45235,4629,4580,66,4646,91
2021-12-22,Colusa,011,21464,2664,2645,691,3336,21
2021-12-22,Contra Costa,013,1133247,106735,104559,2551,107110,1070
2021-12-22,Del Norte,015,27424,3830,3794,56,3850,43
2021-12-22,El Dorado,017,186661,17521,17140,1861,19001,172
2021-12-22,Fresno,019,978130,149663,147838,13428,161266,2349
2021-12-22,Glenn,021,27897,3660,3604,1057,4661,39
2021-12-22,Humboldt,023,135768,10208,10022,751,10773,119
2021-12-22,Imperial,025,180216,37300,36755,4113,40868,798
2021-12-22,Inyo,027,18085,2667,2632,40,2672,47
2021-12-22,Kern,029,883053,135833,134433,24798,159231,1900
2021-12-22,Kings,031,150075,34334,33953,2065,36018,376
2021-12-22,Lake,033,64148,7068,7008,170,7178,116
2021-12-22,Lassen,035,31185,7106,7069,428,7497,55
2021-12-22,Los Angeles,037,10098052,1551164,1507110,59963,1567073,27234
2021-12-22,Madera,039,155013,24935,24702,2385,27087,320
2021-12-22,Marin,041,260295,19609,18927,662,19589,249
2021-12-22,Mariposa,043,17540,1510,1480,63,1543,6
2021-12-22,Mendocino,045,87422,8413,8299,706,9005,99
2021-12-22,Merced,047,269075,44345,44137,2219,46356,689
2021-12-22,Modoc,049,8938,602,595,207,802,6
2021-12-22,Mono,051,14174,2043,1979,24,2003,4
2021-12-22,Monterey,053,433212,51238,49650,3475,53125,639
2021-12-22,Napa,055,140530,14022,13746,166,13912,107
2021-12-22,Nevada,057,99092,10278,10101,358,10459,110
2021-12-22,Orange,059,3164182,328489,321765,17880,339645,5858
2021-12-22,Placer,061,380077,40432,39758,4059,43817,489
2021-12-22,Plumas,063,18699,2030,1986,52,2038,12
2021-12-22,Riverside,065,2383286,391338,383319,17185,400504,5472
2021-12-22,Sacramento,067,1510023,171101,168695,5374,174069,2422
2021-12-22,San Benito,069,59416,8056,7971,189,8160,79
2021-12-22,San Bernardino,071,2135413,382140,375044,12282,387326,6039
2021-12-22,San Diego,073,3302833,412970,404269,24314,428583,4434
2021-12-22,San Francisco,075,870044,61345,57520,2740,60260,682
2021-12-22,San Joaquin,077,732212,105658,104385,5748,110133,1870
2021-12-22,San Luis Obispo,079,281455,31839,31175,1425,32600,365
2021-12-22,San Mateo,081,765935,59644,56604,1103,57707,581
2021-12-22,Santa Barbara,083,443738,48151,47372,1679,49051,566
2021-12-22,Santa Clara,085,1922200,160244,156258,1911,158169,1954
2021-12-22,Santa Cruz,087,273765,22572,22075,1079,23154,228
2021-12-22,Shasta,089,179085,23085,22937,3747,26684,432
2021-12-22,Sierra,091,2930,208,202,21,223,0
2021-12-22,Siskiyou,093,43540,3516,3458,1376,4834,59
2021-12-22,Solano,095,438530,48553,47531,1410,48941,375
2021-12-22,Sonoma,097,501317,45088,44201,629,44830,408
2021-12-22,Stanislaus,099,539301,83274,83245,9501,92746,1331
2021-12-22,Sutter,101,95872,14579,14513,414,14927,191
2021-12-22,Tehama,103,63373,8958,8853,1554,10407,136
2021-12-22,Trinity,105,12862,914,826,220,1046,17
2021-12-22,Tulare,107,460477,72408,71226,16637,87863,1137
2021-12-22,Tuolumne,109,53932,7993,7903,121,8024,91
2021-12-22,Ventura,111,848112,105298,103089,4807,107896,1206
2021-12-22,Yolo,113,214977,21568,21012,1136,22148,270
2021-12-22,Yuba,115,75493,10774,10681,410,11091,98
2021-12-21,Alameda,001,1643700,128970,126007,3164,129171,1518
2021-12-21,Alpine,002,1148,110,112,0,112,0
2021-12-21,Amador,005,37829,5885,5845,75,5920,70
2021-12-21,Butte,007,227075,22347,22041,4174,26215,330
2021-12-21,Calaveras,009,45235,4616,4575,66,4641,91
2021-12-21,Colusa,011,21464,2662,2643,690,3333,21
2021-12-21,Contra Costa,013,1133247,106104,104255,2486,106741,1068
2021-12-21,Del Norte,015,27424,3829,3793,56,3849,43
2021-12-21,El Dorado,017,186661,17458,17098,1849,18947,172
2021-12-21,Fresno,019,978130,149373,147707,13393,161100,2341
2021-12-21,Glenn,021,27897,3646,3602,1057,4659,39
2021-12-21,Humboldt,023,135768,10144,9989,746,10735,118
2021-12-21,Imperial,025,180216,37202,36580,4072,40652,792
2021-12-21,Inyo,027,18085,2656,2627,40,2667,47
2021-12-21,Kern,029,883053,135624,134321,24693,159014,1892
2021-12-21,Kings,031,150075,34273,33914,2064,35978,376
2021-12-21,Lake,033,64148,7063,7004,168,7172,116
2021-12-21,Lassen,035,31185,7104,7069,428,7497,55
2021-12-21,Los Angeles,037,10098052,1537259,1501169,58943,1560112,27220
2021-12-21,Madera,039,155013,24898,24688,2378,27066,320
2021-12-21,Marin,041,260295,19439,18828,627,19455,249
2021-12-21,Mariposa,043,17540,1509,1480,62,1542,6
2021-12-21,Mendocino,045,87422,8397,8282,704,8986,97
2021-12-21,Merced,047,269075,44273,44096,2215,46311,688
2021-12-21,Modoc,049,8938,600,595,205,800,6
2021-12-21,Mono,051,14174,2024,1979,24,2003,4
2021-12-21,Monterey,053,433212,51147,49586,3458,53044,638
2021-12-21,Napa,055,140530,13921,13703,155,13858,107
2021-12-21,Nevada,057,99092,10249,10095,358,10453,110
2021-12-21,Orange,059,3164182,326353,320705,17432,338137,5855
2021-12-21,Placer,061,380077,40292,39649,4030,43679,487
2021-12-21,Plumas,063,18699,2030,1975,52,2027,12
2021-12-21,Riverside,065,2383286,389614,382415,17066,399481,5465
2021-12-21,Sacramento,067,1510023,170455,168422,5319,173741,2419
2021-12-21,San Benito,069,59416,8017,7950,186,8136,79
2021-12-21,San Bernardino,071,2135413,380465,374219,12170,386389,6026
2021-12-21,San Diego,073,3302833,409240,402386,23976,426362,4424
2021-12-21,San Francisco,075,870044,60381,56950,2707,59657,681
2021-12-21,San Joaquin,077,732212,105374,104238,5729,109967,1870
2021-12-21,San Luis Obispo,079,281455,31675,31103,1413,32516,365
2021-12-21,San Mateo,081,765935,59025,56381,1080,57461,581
2021-12-21,Santa Barbara,083,443738,47923,47194,1664,48858,564
2021-12-21,Santa Clara,085,1922200,159220,155769,1869,157638,1951
2021-12-21,Santa Cruz,087,273765,22455,22028,1069,23097,228
2021-12-21,Shasta,089,179085,23054,22920,3743,26663,429
2021-12-21,Sierra,091,2930,206,201,21,222,0
2021-12-21,Siskiyou,093,43540,3515,3455,1376,4831,59
2021-12-21,Solano,095,438530,48399,47474,1403,48877,372
2021-12-21,Sonoma,097,501317,44866,44051,619,44670,408
2021-12-21,Stanislaus,099,539301,83120,83167,9470,92637,1331
2021-12-21,Sutter,101,95872,14556,14492,413,14905,190
2021-12-21,Tehama,103,63373,8950,8849,1549,10398,136
2021-12-21,Trinity,105,12862,913,826,220,1046,17
2021-12-21,Tulare,107,460477,72314,71166,16596,87762,1137
2021-12-21,Tuolumne,109,53932,7969,7893,121,8014,91
2021-12-21,Ventura,111,848112,104680,102631,4694,107325,1205
2021-12-21,Yolo,113,214977,21461,20944,1132,22076,267
2021-12-21,Yuba,115,75493,10757,10668,410,11078,98
2021-12-20,Alameda,001,1643700,128005,125762,3095,128857,1515
2021-12-20,Alpine,002,1148,110,112,0,112,0
2021-12-20,Amador,005,37829,5871,5838,75,5913,70
2021-12-20,Butte,007,227075,22285,22030,4160,26190,329
2021-12-20,Calaveras,009,45235,4606,4569,66,4635,91
2021-12-20,Colusa,011,21464,2661,2644,690,3334,21
2021-12-20,Contra Costa,013,1133247,105571,104051,2438,106489,1068
2021-12-20,Del Norte,015,27424,3827,3792,56,3848,43
2021-12-20,El Dorado,017,186661,17396,17083,1841,18924,172
2021-12-20,Fresno,019,978130,149132,147605,13363,160968,2341
2021-12-20,Glenn,021,27897,3640,3597,1057,4654,39
2021-12-20,Humboldt,023,135768,10102,9973,742,10715,118
2021-12-20,Imperial,025,180216,37086,36532,4042,40574,792
2021-12-20,Inyo,027,18085,2653,2615,40,2655,47
2021-12-20,Kern,029,883053,135425,134203,24633,158836,1883
2021-12-20,Kings,031,150075,34231,33898,2063,35961,376
2021-12-20,Lake,033,64148,7058,6999,168,7167,116
2021-12-20,Lassen,035,31185,7102,7065,427,7492,55
2021-12-20,Los Angeles,037,10098052,1525768,1495251,58217,1553468,27188
2021-12-20,Madera,039,155013,24869,24668,2374,27042,313
2021-12-20,Marin,041,260295,19224,18747,609,19356,249
2021-12-20,Mariposa,043,17540,1500,1479,62,1541,6
2021-12-20,Mendocino,045,87422,8385,8264,702,8966,96
2021-12-20,Merced,047,269075,44216,44071,2210,46281,687
2021-12-20,Modoc,049,8938,600,595,202,797,6
2021-12-20,Mono,051,14174,2001,1973,24,1997,4
2021-12-20,Monterey,053,433212,51051,49556,3438,52994,636
2021-12-20,Napa,055,140530,13836,13672,145,13817,107
2021-12-20,Nevada,057,99092,10209,10079,357,10436,109
2021-12-20,Orange,059,3164182,324743,320235,17118,337353,5852
2021-12-20,Placer,061,380077,40160,39579,4000,43579,485
2021-12-20,Plumas,063,18699,2027,1971,50,2021,12
2021-12-20,Riverside,065,2383286,388168,381841,16977,398818,5452
2021-12-20,Sacramento,067,1510023,169885,168153,5279,173432,2414
2021-12-20,San Benito,069,59416,7973,7934,184,8118,79
2021-12-20,San Bernardino,071,2135413,378928,373881,12085,385966,6023
2021-12-20,San Diego,073,3302833,406025,401483,23736,425219,4412
2021-12-20,San Francisco,075,870044,59321,56661,2650,59311,681
2021-12-20,San Joaquin,077,732212,105132,104188,5718,109906,1865
2021-12-20,San Luis Obispo,079,281455,31561,31075,1405,32480,365
2021-12-20,San Mateo,081,765935,58477,56247,1061,57308,581
2021-12-20,Santa Barbara,083,443738,47711,47131,1659,48790,562
2021-12-20,Santa Clara,085,1922200,158259,155427,1820,157247,1950
2021-12-20,Santa Cruz,087,273765,22375,21989,1064,23053,227
2021-12-20,Shasta,089,179085,23033,22888,3738,26626,429
2021-12-20,Sierra,091,2930,205,201,21,222,0
2021-12-20,Siskiyou,093,43540,3514,3453,1374,4827,59
2021-12-20,Solano,095,438530,48271,47394,1395,48789,370
2021-12-20,Sonoma,097,501317,44676,43982,611,44593,408
2021-12-20,Stanislaus,099,539301,82994,83110,9441,92551,1331
2021-12-20,Sutter,101,95872,14533,14480,413,14893,190
2021-12-20,Tehama,103,63373,8942,8840,1546,10386,136
2021-12-20,Trinity,105,12862,913,826,220,1046,17
2021-12-20,Tulare,107,460477,72220,71124,16538,87662,1129
2021-12-20,Tuolumne,109,53932,7955,7867,117,7984,91
2021-12-20,Ventura,111,848112,104173,102452,4618,107070,1203
2021-12-20,Yolo,113,214977,21367,20903,1120,22023,267
2021-12-20,Yuba,115,75493,10741,10656,407,11063,97
2021-12-19,Alameda,001,1643700,127111,125464,3055,128519,1519
2021-12-19,Alpine,002,1148,110,112,0,112,0
2021-12-19,Amador,005,37829,5859,5832,74,5906,70
2021-12-19,Butte,007,227075,22230,22022,4152,26174,329
2021-12-19,Calaveras,009,45235,4590,4563,65,4628,91
2021-12-19,Colusa,011,21464,2661,2643,687,3330,21
2021-12-19,Contra Costa,013,1133247,105081,103906,2404,106310,1068
2021-12-19,Del Norte,015,27424,3823,3797,56,3853,43
2021-12-19,El Dorado,017,186661,17337,17067,1839,18906,172
2021-12-19,Fresno,019,978130,148891,147505,13338,160843,2341
2021-12-19,Glenn,021,27897,3636,3596,1056,4652,39
2021-12-19,Humboldt,023,135768,10059,9957,737,10694,118
2021-12-19,Imperial,025,180216,36957,36501,3999,40500,792
2021-12-19,Inyo,027,18085,2644,2613,40,2653,47
2021-12-19,Kern,029,883053,135226,134136,24565,158701,1883
2021-12-19,Kings,031,150075,34172,33874,2059,35933,378
2021-12-19,Lake,033,64148,7049,6999,165,7164,116
2021-12-19,Lassen,035,31185,7098,7065,427,7492,55
2021-12-19,Los Angeles,037,10098052,1516760,1495082,57616,1552698,27189
2021-12-19,Madera,039,155013,24844,24642,2368,27010,313
2021-12-19,Marin,041,260295,19048,18707,586,19293,249
2021-12-19,Mariposa,043,17540,1494,1475,62,1537,6
2021-12-19,Mendocino,045,87422,8368,8257,699,8956,96
2021-12-19,Merced,047,269075,44121,44045,2203,46248,687
2021-12-19,Modoc,049,8938,599,595,202,797,6
2021-12-19,Mono,051,14174,1990,1968,23,1991,4
2021-12-19,Monterey,053,433212,50948,49516,3417,52933,636
2021-12-19,Napa,055,140530,13763,13659,136,13795,107
2021-12-19,Nevada,057,99092,10173,10057,354,10411,109
2021-12-19,Orange,059,3164182,323331,319615,16891,336506,5852
2021-12-19,Placer,061,380077,40037,39525,3984,43509,485
2021-12-19,Plumas,063,18699,2024,1971,50,2021,12
2021-12-19,Riverside,065,2383286,386723,381305,16902,398207,5452
2021-12-19,Sacramento,067,1510023,169390,167933,5250,173183,2415
2021-12-19,San Benito,069,59416,7948,7929,183,8112,79
2021-12-19,San Bernardino,071,2135413,377596,373480,12047,385527,6023
2021-12-19,San Diego,073,3302833,403546,398197,23540,421737,4406
2021-12-19,San Francisco,075,870044,58441,56358,2594,58952,681
2021-12-19,San Joaquin,077,732212,104873,104125,5704,109829,1865
2021-12-19,San Luis Obispo,079,281455,31437,31035,1394,32429,366
2021-12-19,San Mateo,081,765935,58010,56132,1046,57178,581
2021-12-19,Santa Barbara,083,443738,47488,47070,1652,48722,562
2021-12-19,Santa Clara,085,1922200,157371,155049,1794,156843,1950
2021-12-19,Santa Cruz,087,273765,22276,21960,1059,23019,227
2021-12-19,Shasta,089,179085,22996,22875,3734,26609,429
2021-12-19,Sierra,091,2930,204,201,21,222,0
2021-12-19,Siskiyou,093,43540,3511,3452,1374,4826,59
2021-12-19,Solano,095,438530,48149,47341,1389,48730,370
2021-12-19,Sonoma,097,501317,44492,43944,609,44553,408
2021-12-19,Stanislaus,099,539301,82856,83040,9409,92449,1331
2021-12-19,Sutter,101,95872,14493,14475,412,14887,190
2021-12-19,Tehama,103,63373,8934,8840,1546,10386,136
2021-12-19,Trinity,105,12862,913,826,220,1046,17
2021-12-19,Tulare,107,460477,72127,71085,16496,87581,1129
2021-12-19,Tuolumne,109,53932,7938,7865,116,7981,91
2021-12-19,Ventura,111,848112,103593,102170,4553,106723,1203
2021-12-19,Yolo,113,214977,21285,20887,1102,21989,267
2021-12-19,Yuba,115,75493,10724,10646,405,11051,97
2021-12-18,Alameda,001,1643700,126699,124583,3028,127611,1512
2021-12-18,Alpine,002,1148,110,110,0,110,0
2021-12-18,Amador,005,37829,5853,5821,74,5895,69
2021-12-18,Butte,007,227075,22214,21956,4147,26103,328
2021-12-18,Calaveras,009,45235,4583,4534,65,4599,91
2021-12-18,Colusa,011,21464,2657,2635,685,3320,21
2021-12-18,Contra Costa,013,1133247,104866,103380,2390,105770,1065
2021-12-18,Del Norte,015,27424,3820,3791,56,3847,43
2021-12-18,El Dorado,017,186661,17309,16968,1836,18804,171
2021-12-18,Fresno,019,978130,148788,147038,13324,160362,2335
2021-12-18,Glenn,021,27897,3633,3590,1056,4646,39
2021-12-18,Humboldt,023,135768,10043,9889,737,10626,118
2021-12-18,Imperial,025,180216,36884,36280,3987,40267,790
2021-12-18,Inyo,027,18085,2638,2607,40,2647,47
2021-12-18,Kern,029,883053,135136,133754,24520,158274,1873
2021-12-18,Kings,031,150075,34139,33783,2055,35838,374
2021-12-18,Lake,033,64148,7048,6976,165,7141,115
2021-12-18,Lassen,035,31185,7096,7061,426,7487,55
2021-12-18,Los Angeles,037,10098052,1512661,1484840,57304,1542144,27135
2021-12-18,Madera,039,155013,24829,24575,2366,26941,313
2021-12-18,Marin,041,260295,18948,18537,574,19111,249
2021-12-18,Mariposa,043,17540,1493,1468,62,1530,6
2021-12-18,Mendocino,045,87422,8362,8219,699,8918,95
2021-12-18,Merced,047,269075,44086,43929,2202,46131,686
2021-12-18,Modoc,049,8938,597,595,202,797,6
2021-12-18,Mono,051,14174,1988,1956,23,1979,4
2021-12-18,Monterey,053,433212,50890,49343,3412,52755,635
2021-12-18,Napa,055,140530,13737,13581,134,13715,107
2021-12-18,Nevada,057,99092,10151,9991,352,10343,108
2021-12-18,Orange,059,3164182,322664,318149,16755,334904,5844
2021-12-18,Placer,061,380077,39935,39336,3970,43306,485
2021-12-18,Plumas,063,18699,2024,1964,50,2014,13
2021-12-18,Riverside,065,2383286,386021,379354,16861,396215,5439
2021-12-18,Sacramento,067,1510023,169153,167046,5230,172276,2404
2021-12-18,San Benito,069,59416,7933,7894,183,8077,79
2021-12-18,San Bernardino,071,2135413,376926,371658,12019,383677,6017
2021-12-18,San Diego,073,3302833,402581,397130,23488,420618,4399
2021-12-18,San Francisco,075,870044,57947,55562,2564,58126,679
2021-12-18,San Joaquin,077,732212,104786,103698,5694,109392,1858
2021-12-18,San Luis Obispo,079,281455,31395,30873,1388,32261,365
2021-12-18,San Mateo,081,765935,57770,55730,1041,56771,580
2021-12-18,Santa Barbara,083,443738,47392,46776,1650,48426,562
2021-12-18,Santa Clara,085,1922200,156915,154243,1781,156024,1946
2021-12-18,Santa Cruz,087,273765,22224,21805,1057,22862,225
2021-12-18,Shasta,089,179085,22975,22811,3734,26545,429
2021-12-18,Sierra,091,2930,204,199,21,220,0
2021-12-18,Siskiyou,093,43540,3509,3441,1373,4814,58
2021-12-18,Solano,095,438530,48103,47174,1387,48561,369
2021-12-18,Sonoma,097,501317,44382,43658,605,44263,407
2021-12-18,Stanislaus,099,539301,82774,82736,9397,92133,1330
2021-12-18,Sutter,101,95872,14475,14435,412,14847,190
2021-12-18,Tehama,103,63373,8927,8814,1545,10359,136
2021-12-18,Trinity,105,12862,913,823,220,1043,17
2021-12-18,Tulare,107,460477,72089,70922,16471,87393,1120
2021-12-18,Tuolumne,109,53932,7924,7834,116,7950,91
2021-12-18,Ventura,111,848112,103308,101612,4531,106143,1201
2021-12-18,Yolo,113,214977,21245,20793,1097,21890,267
2021-12-18,Yuba,115,75493,10713,10599,405,11004,96
2021-12-17,Alameda,001,1643700,126355,124583,3009,127592,1512
2021-12-17,Alpine,002,1148,110,110,0,110,0
2021-12-17,Amador,005,37829,5846,5821,74,5895,69
2021-12-17,Butte,007,227075,22193,21956,4140,26096,328
2021-12-17,Calaveras,009,45235,4579,4534,65,4599,91
2021-12-17,Colusa,011,21464,2656,2635,684,3319,21
2021-12-17,Contra Costa,013,1133247,104665,103380,2386,105766,1065
2021-12-17,Del Norte,015,27424,3819,3791,56,3847,43
2021-12-17,El Dorado,017,186661,17281,16968,1833,18801,171
2021-12-17,Fresno,019,978130,148685,147038,13324,160362,2335
2021-12-17,Glenn,021,27897,3626,3590,1056,4646,39
2021-12-17,Humboldt,023,135768,10023,9889,735,10624,118
2021-12-17,Imperial,025,180216,36821,36280,3969,40249,790
2021-12-17,Inyo,027,18085,2633,2607,40,2647,47
2021-12-17,Kern,029,883053,135044,133754,24479,158233,1873
2021-12-17,Kings,031,150075,34120,33783,2055,35838,374
2021-12-17,Lake,033,64148,7044,6976,165,7141,115
2021-12-17,Lassen,035,31185,7096,7061,425,7486,55
2021-12-17,Los Angeles,037,10098052,1508716,1484840,57067,1541907,27135
2021-12-17,Madera,039,155013,24813,24575,2361,26936,313
2021-12-17,Marin,041,260295,18872,18537,570,19107,249
2021-12-17,Mariposa,043,17540,1489,1468,62,1530,6
2021-12-17,Mendocino,045,87422,8351,8219,699,8918,95
2021-12-17,Merced,047,269075,44060,43929,2201,46130,686
2021-12-17,Modoc,049,8938,597,595,202,797,6
2021-12-17,Mono,051,14174,1985,1956,23,1979,4
2021-12-17,Monterey,053,433212,50832,49343,3407,52750,635
2021-12-17,Napa,055,140530,13710,13581,133,13714,107
2021-12-17,Nevada,057,99092,10140,9991,352,10343,108
2021-12-17,Orange,059,3164182,322100,318149,16688,334837,5844
2021-12-17,Placer,061,380077,39880,39336,3964,43300,485
2021-12-17,Plumas,063,18699,2023,1964,50,2014,13
2021-12-17,Riverside,065,2383286,385366,379354,16851,396205,5439
2021-12-17,Sacramento,067,1510023,168920,167046,5217,172263,2404
2021-12-17,San Benito,069,59416,7931,7894,183,8077,79
2021-12-17,San Bernardino,071,2135413,376364,371658,12002,383660,6017
2021-12-17,San Diego,073,3302833,401652,397130,23440,420570,4399
2021-12-17,San Francisco,075,870044,57618,55562,2534,58096,679
2021-12-17,San Joaquin,077,732212,104711,103698,5677,109375,1858
2021-12-17,San Luis Obispo,079,281455,31365,30873,1385,32258,365
2021-12-17,San Mateo,081,765935,57582,55730,1034,56764,580
2021-12-17,Santa Barbara,083,443738,47314,46776,1644,48420,562
2021-12-17,Santa Clara,085,1922200,156542,154243,1767,156010,1946
2021-12-17,Santa Cruz,087,273765,22177,21805,1053,22858,225
2021-12-17,Shasta,089,179085,22963,22811,3732,26543,429
2021-12-17,Sierra,091,2930,203,199,21,220,0
2021-12-17,Siskiyou,093,43540,3505,3441,1371,4812,58
2021-12-17,Solano,095,438530,48035,47174,1383,48557,369
2021-12-17,Sonoma,097,501317,44285,43658,602,44260,407
2021-12-17,Stanislaus,099,539301,82723,82736,9390,92126,1330
2021-12-17,Sutter,101,95872,14463,14435,410,14845,190
2021-12-17,Tehama,103,63373,8920,8814,1544,10358,136
2021-12-17,Trinity,105,12862,913,823,220,1043,17
2021-12-17,Tulare,107,460477,72047,70922,16441,87363,1120
2021-12-17,Tuolumne,109,53932,7912,7834,116,7950,91
2021-12-17,Ventura,111,848112,103058,101612,4519,106131,1201
2021-12-17,Yolo,113,214977,21209,20793,1095,21888,267
2021-12-17,Yuba,115,75493,10702,10599,403,11002,96
2021-12-16,Alameda,001,1643700,125974,124583,2994,127577,1512
2021-12-16,Alpine,002,1148,108,110,0,110,0
2021-12-16,Amador,005,37829,5838,5821,74,5895,69
2021-12-16,Butte,007,227075,22173,21956,4136,26092,328
2021-12-16,Calaveras,009,45235,4572,4534,65,4599,91
2021-12-16,Colusa,011,21464,2656,2635,684,3319,21
2021-12-16,Contra Costa,013,1133247,104443,103380,2376,105756,1065
2021-12-16,Del Norte,015,27424,3816,3791,56,3847,43
2021-12-16,El Dorado,017,186661,17246,16968,1828,18796,171
2021-12-16,Fresno,019,978130,148526,147038,13316,160354,2335
2021-12-16,Glenn,021,27897,3626,3590,1053,4643,39
2021-12-16,Humboldt,023,135768,9999,9889,725,10614,118
2021-12-16,Imperial,025,180216,36737,36280,3941,40221,790
2021-12-16,Inyo,027,18085,2629,2607,39,2646,47
2021-12-16,Kern,029,883053,134900,133754,24430,158184,1873
2021-12-16,Kings,031,150075,34096,33783,2054,35837,374
2021-12-16,Lake,033,64148,7040,6976,165,7141,115
2021-12-16,Lassen,035,31185,7093,7061,424,7485,55
2021-12-16,Los Angeles,037,10098052,1504501,1484840,56804,1541644,27135
2021-12-16,Madera,039,155013,24784,24575,2357,26932,313
2021-12-16,Marin,041,260295,18825,18537,563,19100,249
2021-12-16,Mariposa,043,17540,1487,1468,62,1530,6
2021-12-16,Mendocino,045,87422,8340,8219,694,8913,95
2021-12-16,Merced,047,269075,44021,43929,2200,46129,686
2021-12-16,Modoc,049,8938,597,595,202,797,6
2021-12-16,Mono,051,14174,1982,1956,23,1979,4
2021-12-16,Monterey,053,433212,50761,49343,3390,52733,635
2021-12-16,Napa,055,140530,13678,13581,133,13714,107
2021-12-16,Nevada,057,99092,10114,9991,352,10343,108
2021-12-16,Orange,059,3164182,321487,318149,16608,334757,5844
2021-12-16,Placer,061,380077,39801,39336,3959,43295,485
2021-12-16,Plumas,063,18699,2023,1964,50,2014,13
2021-12-16,Riverside,065,2383286,384559,379354,16837,396191,5439
2021-12-16,Sacramento,067,1510023,168636,167046,5193,172239,2404
2021-12-16,San Benito,069,59416,7924,7894,183,8077,79
2021-12-16,San Bernardino,071,2135413,375698,371658,11982,383640,6017
2021-12-16,San Diego,073,3302833,400483,397130,23374,420504,4399
2021-12-16,San Francisco,075,870044,57239,55562,2512,58074,679
2021-12-16,San Joaquin,077,732212,104589,103698,5670,109368,1858
2021-12-16,San Luis Obispo,079,281455,31295,30873,1379,32252,365
2021-12-16,San Mateo,081,765935,57382,55730,1031,56761,580
2021-12-16,Santa Barbara,083,443738,47193,46776,1640,48416,562
2021-12-16,Santa Clara,085,1922200,156210,154243,1757,156000,1946
2021-12-16,Santa Cruz,087,273765,22131,21805,1052,22857,225
2021-12-16,Shasta,089,179085,22933,22811,3730,26541,429
2021-12-16,Sierra,091,2930,203,199,21,220,0
2021-12-16,Siskiyou,093,43540,3504,3441,1367,4808,58
2021-12-16,Solano,095,438530,47967,47174,1376,48550,369
2021-12-16,Sonoma,097,501317,44185,43658,600,44258,407
2021-12-16,Stanislaus,099,539301,82636,82736,9376,92112,1330
2021-12-16,Sutter,101,95872,14449,14435,409,14844,190
2021-12-16,Tehama,103,63373,8913,8814,1543,10357,136
2021-12-16,Trinity,105,12862,913,823,220,1043,17
2021-12-16,Tulare,107,460477,71998,70922,16416,87338,1120
2021-12-16,Tuolumne,109,53932,7891,7834,116,7950,91
2021-12-16,Ventura,111,848112,102791,101612,4512,106124,1201
2021-12-16,Yolo,113,214977,21158,20793,1090,21883,267
2021-12-16,Yuba,115,75493,10686,10599,402,11001,96
2021-12-15,Alameda,001,1643700,125645,124342,2983,127325,1509
2021-12-15,Alpine,002,1148,108,109,0,109,0
2021-12-15,Amador,005,37829,5832,5810,74,5884,69
2021-12-15,Butte,007,227075,22149,21922,4135,26057,327
2021-12-15,Calaveras,009,45235,4566,4523,65,4588,89
2021-12-15,Colusa,011,21464,2655,2632,683,3315,21
2021-12-15,Contra Costa,013,1133247,104224,103236,2373,105609,1064
2021-12-15,Del Norte,015,27424,3815,3789,55,3844,43
2021-12-15,El Dorado,017,186661,17216,16936,1822,18758,171
2021-12-15,Fresno,019,978130,148397,146859,13302,160161,2319
2021-12-15,Glenn,021,27897,3625,3589,1053,4642,39
2021-12-15,Humboldt,023,135768,9979,9854,724,10578,118
2021-12-15,Imperial,025,180216,36657,36187,3897,40084,789
2021-12-15,Inyo,027,18085,2624,2606,39,2645,47
2021-12-15,Kern,029,883053,134762,133590,24384,157974,1866
2021-12-15,Kings,031,150075,34067,33716,2050,35766,374
2021-12-15,Lake,033,64148,7032,6968,164,7132,115
2021-12-15,Lassen,035,31185,7093,7062,424,7486,55
2021-12-15,Los Angeles,037,10098052,1500594,1482735,56605,1539340,27116
2021-12-15,Madera,039,155013,24766,24549,2351,26900,313
2021-12-15,Marin,041,260295,18766,18514,558,19072,249
2021-12-15,Mariposa,043,17540,1484,1463,62,1525,6
2021-12-15,Mendocino,045,87422,8335,8209,691,8900,95
2021-12-15,Merced,047,269075,43979,43890,2188,46078,685
2021-12-15,Modoc,049,8938,597,595,202,797,6
2021-12-15,Mono,051,14174,1978,1955,23,1978,4
2021-12-15,Monterey,053,433212,50706,49279,3372,52651,635
2021-12-15,Napa,055,140530,13649,13557,131,13688,107
2021-12-15,Nevada,057,99092,10093,9958,352,10310,107
2021-12-15,Orange,059,3164182,320904,317808,16566,334374,5838
2021-12-15,Placer,061,380077,39743,39264,3949,43213,485
2021-12-15,Plumas,063,18699,2019,1957,50,2007,12
2021-12-15,Riverside,065,2383286,383836,378769,16826,395595,5438
2021-12-15,Sacramento,067,1510023,168329,166793,5173,171966,2401
2021-12-15,San Benito,069,59416,7909,7877,183,8060,79
2021-12-15,San Bernardino,071,2135413,375132,371122,11949,383071,6013
2021-12-15,San Diego,073,3302833,399288,396546,23304,419850,4395
2021-12-15,San Francisco,075,870044,56920,55414,2494,57908,679
2021-12-15,San Joaquin,077,732212,104438,103579,5660,109239,1853
2021-12-15,San Luis Obispo,079,281455,31246,30784,1372,32156,365
2021-12-15,San Mateo,081,765935,57240,55657,1021,56678,580
2021-12-15,Santa Barbara,083,443738,47112,46681,1638,48319,562
2021-12-15,Santa Clara,085,1922200,155898,153928,1739,155667,1944
2021-12-15,Santa Cruz,087,273765,22091,21753,1045,22798,225
2021-12-15,Shasta,089,179085,22918,22778,3726,26504,427
2021-12-15,Sierra,091,2930,203,199,21,220,0
2021-12-15,Siskiyou,093,43540,3503,3434,1366,4800,58
2021-12-15,Solano,095,438530,47896,47098,1370,48468,367
2021-12-15,Sonoma,097,501317,44103,43580,595,44175,407
2021-12-15,Stanislaus,099,539301,82528,82628,9368,91996,1298
2021-12-15,Sutter,101,95872,14429,14428,408,14836,189
2021-12-15,Tehama,103,63373,8906,8806,1542,10348,136
2021-12-15,Trinity,105,12862,912,822,220,1042,17
2021-12-15,Tulare,107,460477,71946,70846,16387,87233,1120
2021-12-15,Tuolumne,109,53932,7882,7818,115,7933,91
2021-12-15,Ventura,111,848112,102576,101447,4506,105953,1199
2021-12-15,Yolo,113,214977,21129,20749,1086,21835,267
2021-12-15,Yuba,115,75493,10676,10587,401,10988,96
2021-12-14,Alameda,001,1643700,125312,124272,2971,127243,1506
2021-12-14,Alpine,002,1148,107,109,0,109,0
2021-12-14,Amador,005,37829,5826,5808,73,5881,69
2021-12-14,Butte,007,227075,22116,21901,4133,26034,326
2021-12-14,Calaveras,009,45235,4554,4517,65,4582,89
2021-12-14,Colusa,011,21464,2653,2628,683,3311,21
2021-12-14,Contra Costa,013,1133247,104040,103135,2369,105504,1064
2021-12-14,Del Norte,015,27424,3812,3788,55,3843,43
2021-12-14,El Dorado,017,186661,17181,16915,1820,18735,170
2021-12-14,Fresno,019,978130,148226,146756,13294,160050,2316
2021-12-14,Glenn,021,27897,3624,3589,1053,4642,39
2021-12-14,Humboldt,023,135768,9967,9836,716,10552,118
2021-12-14,Imperial,025,180216,36585,36049,3854,39903,789
2021-12-14,Inyo,027,18085,2623,2601,39,2640,46
2021-12-14,Kern,029,883053,134624,133498,24335,157833,1863
2021-12-14,Kings,031,150075,34030,33693,2047,35740,373
2021-12-14,Lake,033,64148,7023,6961,164,7125,115
2021-12-14,Lassen,035,31185,7092,7061,424,7485,55
2021-12-14,Los Angeles,037,10098052,1496925,1481131,56429,1537560,27099
2021-12-14,Madera,039,155013,24739,24535,2343,26878,313
2021-12-14,Marin,041,260295,18718,18491,556,19047,249
2021-12-14,Mariposa,043,17540,1481,1463,61,1524,6
2021-12-14,Mendocino,045,87422,8307,8206,689,8895,95
2021-12-14,Merced,047,269075,43933,43870,2186,46056,684
2021-12-14,Modoc,049,8938,596,595,202,797,6
2021-12-14,Mono,051,14174,1971,1955,23,1978,4
2021-12-14,Monterey,053,433212,50621,49237,3362,52599,635
2021-12-14,Napa,055,140530,13620,13528,131,13659,107
2021-12-14,Nevada,057,99092,10067,9956,351,10307,106
2021-12-14,Orange,059,3164182,320350,317465,16512,333977,5827
2021-12-14,Placer,061,380077,39667,39221,3944,43165,482
2021-12-14,Plumas,063,18699,2015,1950,48,1998,12
2021-12-14,Riverside,065,2383286,383141,378227,16809,395036,5427
2021-12-14,Sacramento,067,1510023,168019,166605,5150,171755,2394
2021-12-14,San Benito,069,59416,7891,7871,183,8054,79
2021-12-14,San Bernardino,071,2135413,374500,370604,11917,382521,6013
2021-12-14,San Diego,073,3302833,398149,395876,23253,419129,4393
2021-12-14,San Francisco,075,870044,56604,55278,2483,57761,679
2021-12-14,San Joaquin,077,732212,104294,103488,5643,109131,1848
2021-12-14,San Luis Obispo,079,281455,31186,30753,1368,32121,363
2021-12-14,San Mateo,081,765935,57076,55601,1014,56615,580
2021-12-14,Santa Barbara,083,443738,47010,46648,1634,48282,560
2021-12-14,Santa Clara,085,1922200,155576,153814,1726,155540,1945
2021-12-14,Santa Cruz,087,273765,22026,21737,1040,22777,225
2021-12-14,Shasta,089,179085,22891,22756,3725,26481,427
2021-12-14,Sierra,091,2930,201,199,21,220,0
2021-12-14,Siskiyou,093,43540,3498,3430,1365,4795,58
2021-12-14,Solano,095,438530,47849,47065,1364,48429,367
2021-12-14,Sonoma,097,501317,44020,43538,593,44131,407
2021-12-14,Stanislaus,099,539301,82441,82581,9352,91933,1293
2021-12-14,Sutter,101,95872,14417,14421,407,14828,189
2021-12-14,Tehama,103,63373,8902,8805,1542,10347,134
2021-12-14,Trinity,105,12862,912,821,220,1041,17
2021-12-14,Tulare,107,460477,71874,70803,16357,87160,1120
2021-12-14,Tuolumne,109,53932,7869,7815,115,7930,91
2021-12-14,Ventura,111,848112,102352,101343,4499,105842,1199
2021-12-14,Yolo,113,214977,21090,20734,1078,21812,267
2021-12-14,Yuba,115,75493,10659,10574,401,10975,92
2021-12-13,Alameda,001,1643700,125022,124174,2954,127128,1501
2021-12-13,Alpine,002,1148,107,109,0,109,0
2021-12-13,Amador,005,37829,5822,5797,73,5870,69
2021-12-13,Butte,007,227075,22092,21889,4129,26018,326
2021-12-13,Calaveras,009,45235,4547,4507,64,4571,89
2021-12-13,Colusa,011,21464,2650,2627,683,3310,21
2021-12-13,Contra Costa,013,1133247,103887,103041,2358,105399,1064
2021-12-13,Del Norte,015,27424,3808,3787,55,3842,42
2021-12-13,El Dorado,017,186661,17158,16896,1818,18714,170
2021-12-13,Fresno,019,978130,148076,146641,13284,159925,2312
2021-12-13,Glenn,021,27897,3620,3589,1051,4640,37
2021-12-13,Humboldt,023,135768,9938,9821,712,10533,118
2021-12-13,Imperial,025,180216,36501,35974,3833,39807,787
2021-12-13,Inyo,027,18085,2622,2592,39,2631,46
2021-12-13,Kern,029,883053,134498,133381,24282,157663,1863
2021-12-13,Kings,031,150075,33987,33680,2042,35722,372
2021-12-13,Lake,033,64148,7021,6958,162,7120,115
2021-12-13,Lassen,035,31185,7091,7057,424,7481,55
2021-12-13,Los Angeles,037,10098052,1494141,1480195,56268,1536463,27085
2021-12-13,Madera,039,155013,24710,24527,2338,26865,311
2021-12-13,Marin,041,260295,18658,18471,553,19024,249
2021-12-13,Mariposa,043,17540,1479,1462,61,1523,6
2021-12-13,Mendocino,045,87422,8294,8196,687,8883,95
2021-12-13,Merced,047,269075,43893,43848,2182,46030,682
2021-12-13,Modoc,049,8938,595,595,202,797,6
2021-12-13,Mono,051,14174,1964,1952,23,1975,4
2021-12-13,Monterey,053,433212,50570,49222,3343,52565,631
2021-12-13,Napa,055,140530,13607,13518,131,13649,107
2021-12-13,Nevada,057,99092,10048,9946,350,10296,106
2021-12-13,Orange,059,3164182,319880,317112,16460,333572,5824
2021-12-13,Placer,061,380077,39606,39168,3933,43101,481
2021-12-13,Plumas,063,18699,2011,1943,48,1991,12
2021-12-13,Riverside,065,2383286,382560,377728,16794,394522,5414
2021-12-13,Sacramento,067,1510023,167740,166439,5118,171557,2392
2021-12-13,San Benito,069,59416,7882,7856,183,8039,79
2021-12-13,San Bernardino,071,2135413,373919,370274,11909,382183,6011
2021-12-13,San Diego,073,3302833,397344,395266,23200,418466,4389
2021-12-13,San Francisco,075,870044,56333,55245,2470,57715,678
2021-12-13,San Joaquin,077,732212,104178,103449,5634,109083,1846
2021-12-13,San Luis Obispo,079,281455,31136,30746,1364,32110,363
2021-12-13,San Mateo,081,765935,56917,55569,1005,56574,580
2021-12-13,Santa Barbara,083,443738,46922,46608,1629,48237,560
2021-12-13,Santa Clara,085,1922200,155311,153672,1715,155387,1944
2021-12-13,Santa Cruz,087,273765,21971,21698,1037,22735,225
2021-12-13,Shasta,089,179085,22870,22731,3723,26454,426
2021-12-13,Sierra,091,2930,201,199,21,220,0
2021-12-13,Siskiyou,093,43540,3494,3426,1362,4788,57
2021-12-13,Solano,095,438530,47775,47045,1359,48404,365
2021-12-13,Sonoma,097,501317,43924,43492,591,44083,407
2021-12-13,Stanislaus,099,539301,82324,82507,9329,91836,1282
2021-12-13,Sutter,101,95872,14410,14408,407,14815,188
2021-12-13,Tehama,103,63373,8890,8800,1542,10342,134
2021-12-13,Trinity,105,12862,912,820,220,1040,17
2021-12-13,Tulare,107,460477,71816,70758,16333,87091,1114
2021-12-13,Tuolumne,109,53932,7858,7804,115,7919,91
2021-12-13,Ventura,111,848112,102127,101180,4488,105668,1197
2021-12-13,Yolo,113,214977,21038,20706,1076,21782,267
2021-12-13,Yuba,115,75493,10641,10570,401,10971,92
2021-12-12,Alameda,001,1643700,124740,124075,2942,127017,1503
2021-12-12,Alpine,002,1148,107,109,0,109,0
2021-12-12,Amador,005,37829,5814,5797,72,5869,69
2021-12-12,Butte,007,227075,22068,21874,4123,25997,326
2021-12-12,Calaveras,009,45235,4536,4501,64,4565,89
2021-12-12,Colusa,011,21464,2645,2627,680,3307,21
2021-12-12,Contra Costa,013,1133247,103698,102976,2356,105332,1065
2021-12-12,Del Norte,015,27424,3805,3793,55,3848,42
2021-12-12,El Dorado,017,186661,17122,16890,1810,18700,170
2021-12-12,Fresno,019,978130,147914,146518,13269,159787,2310
2021-12-12,Glenn,021,27897,3617,3589,1051,4640,37
2021-12-12,Humboldt,023,135768,9913,9804,705,10509,118
2021-12-12,Imperial,025,180216,36367,35926,3802,39728,787
2021-12-12,Inyo,027,18085,2617,2592,39,2631,46
2021-12-12,Kern,029,883053,134332,133314,24241,157555,1861
2021-12-12,Kings,031,150075,33936,33661,2040,35701,372
2021-12-12,Lake,033,64148,7013,6955,161,7116,115
2021-12-12,Lassen,035,31185,7090,7057,424,7481,55
2021-12-12,Los Angeles,037,10098052,1491225,1479054,56091,1535145,27074
2021-12-12,Madera,039,155013,24681,24493,2331,26824,311
2021-12-12,Marin,041,260295,18605,18451,549,19000,249
2021-12-12,Mariposa,043,17540,1478,1461,61,1522,6
2021-12-12,Mendocino,045,87422,8281,8190,686,8876,95
2021-12-12,Merced,047,269075,43859,43821,2175,45996,682
2021-12-12,Modoc,049,8938,595,595,201,796,6
2021-12-12,Mono,051,14174,1960,1947,23,1970,4
2021-12-12,Monterey,053,433212,50516,49192,3317,52509,631
2021-12-12,Napa,055,140530,13564,13508,129,13637,107
2021-12-12,Nevada,057,99092,10022,9938,349,10287,106
2021-12-12,Orange,059,3164182,319373,316918,16396,333314,5825
2021-12-12,Placer,061,380077,39542,39139,3927,43066,481
2021-12-12,Plumas,063,18699,2007,1942,46,1988,12
2021-12-12,Riverside,065,2383286,381883,377467,16769,394236,5414
2021-12-12,Sacramento,067,1510023,167472,166291,5097,171388,2392
2021-12-12,San Benito,069,59416,7862,7853,183,8036,79
2021-12-12,San Bernardino,071,2135413,373272,369977,11885,381862,6011
2021-12-12,San Diego,073,3302833,396449,393307,23162,416469,4378
2021-12-12,San Francisco,075,870044,56077,55180,2458,57638,678
2021-12-12,San Joaquin,077,732212,104037,103405,5624,109029,1846
2021-12-12,San Luis Obispo,079,281455,31083,30719,1362,32081,363
2021-12-12,San Mateo,081,765935,56800,55505,1001,56506,580
2021-12-12,Santa Barbara,083,443738,46847,46586,1627,48213,560
2021-12-12,Santa Clara,085,1922200,155025,153452,1701,155153,1945
2021-12-12,Santa Cruz,087,273765,21922,21671,1035,22706,225
2021-12-12,Shasta,089,179085,22842,22732,3722,26454,426
2021-12-12,Sierra,091,2930,201,199,21,220,0
2021-12-12,Siskiyou,093,43540,3494,3424,1362,4786,57
2021-12-12,Solano,095,438530,47709,47021,1356,48377,365
2021-12-12,Sonoma,097,501317,43832,43424,588,44012,407
2021-12-12,Stanislaus,099,539301,82224,82460,9316,91776,1282
2021-12-12,Sutter,101,95872,14399,14396,407,14803,189
2021-12-12,Tehama,103,63373,8879,8796,1540,10336,134
2021-12-12,Trinity,105,12862,910,820,220,1040,17
2021-12-12,Tulare,107,460477,71740,70733,16291,87024,1115
2021-12-12,Tuolumne,109,53932,7841,7794,115,7909,91
2021-12-12,Ventura,111,848112,101934,101105,4474,105579,1197
2021-12-12,Yolo,113,214977,20982,20685,1071,21756,267
2021-12-12,Yuba,115,75493,10627,10565,398,10963,92
2021-12-11,Alameda,001,1643700,124601,123572,2940,126512,1496
2021-12-11,Alpine,002,1148,107,109,0,109,0
2021-12-11,Amador,005,37829,5809,5787,72,5859,69
2021-12-11,Butte,007,227075,22054,21819,4121,25940,326
2021-12-11,Calaveras,009,45235,4528,4469,63,4532,89
2021-12-11,Colusa,011,21464,2641,2619,679,3298,21
2021-12-11,Contra Costa,013,1133247,103612,102618,2354,104972,1061
2021-12-11,Del Norte,015,27424,3805,3778,55,3833,42
2021-12-11,El Dorado,017,186661,17102,16796,1809,18605,170
2021-12-11,Fresno,019,978130,147826,145988,13260,159248,2294
2021-12-11,Glenn,021,27897,3615,3585,1051,4636,37
2021-12-11,Humboldt,023,135768,9896,9721,702,10423,118
2021-12-11,Imperial,025,180216,36309,35635,3793,39428,782
2021-12-11,Inyo,027,18085,2612,2576,39,2615,46
2021-12-11,Kern,029,883053,134263,132852,24207,157059,1854
2021-12-11,Kings,031,150075,33923,33530,2038,35568,371
2021-12-11,Lake,033,64148,7012,6932,159,7091,114
2021-12-11,Lassen,035,31185,7089,7049,424,7473,55
2021-12-11,Los Angeles,037,10098052,1490011,1474030,56001,1530031,27031
2021-12-11,Madera,039,155013,24675,24417,2330,26747,311
2021-12-11,Marin,041,260295,18571,18339,546,18885,249
2021-12-11,Mariposa,043,17540,1477,1450,61,1511,6
2021-12-11,Mendocino,045,87422,8275,8130,686,8816,95
2021-12-11,Merced,047,269075,43840,43690,2174,45864,681
2021-12-11,Modoc,049,8938,595,594,201,795,6
2021-12-11,Mono,051,14174,1956,1926,23,1949,4
2021-12-11,Monterey,053,433212,50487,49008,3314,52322,631
2021-12-11,Napa,055,140530,13547,13459,129,13588,107
2021-12-11,Nevada,057,99092,10009,9880,349,10229,106
2021-12-11,Orange,059,3164182,319123,315759,16369,332128,5805
2021-12-11,Placer,061,380077,39483,38959,3920,42879,481
2021-12-11,Plumas,063,18699,2001,1934,46,1980,12
2021-12-11,Riverside,065,2383286,381463,375649,16754,392403,5408
2021-12-11,Sacramento,067,1510023,167341,165530,5090,170620,2386
2021-12-11,San Benito,069,59416,7848,7808,183,7991,79
2021-12-11,San Bernardino,071,2135413,372909,368145,11875,380020,6007
2021-12-11,San Diego,073,3302833,396026,392274,23124,415398,4374
2021-12-11,San Francisco,075,870044,55924,54869,2453,57322,678
2021-12-11,San Joaquin,077,732212,103975,103013,5620,108633,1842
2021-12-11,San Luis Obispo,079,281455,31061,30567,1358,31925,362
2021-12-11,San Mateo,081,765935,56721,55284,999,56283,580
2021-12-11,Santa Barbara,083,443738,46812,46309,1627,47936,559
2021-12-11,Santa Clara,085,1922200,154827,152846,1689,154535,1941
2021-12-11,Santa Cruz,087,273765,21898,21557,1035,22592,225
2021-12-11,Shasta,089,179085,22827,22660,3718,26378,419
2021-12-11,Sierra,091,2930,201,199,21,220,0
2021-12-11,Siskiyou,093,43540,3488,3418,1359,4777,57
2021-12-11,Solano,095,438530,47680,46891,1352,48243,365
2021-12-11,Sonoma,097,501317,43783,43227,588,43815,407
2021-12-11,Stanislaus,099,539301,82175,82133,9307,91440,1264
2021-12-11,Sutter,101,95872,14390,14354,407,14761,187
2021-12-11,Tehama,103,63373,8876,8776,1538,10314,134
2021-12-11,Trinity,105,12862,910,819,220,1039,17
2021-12-11,Tulare,107,460477,71696,70523,16281,86804,1103
2021-12-11,Tuolumne,109,53932,7832,7760,115,7875,91
2021-12-11,Ventura,111,848112,101859,100711,4467,105178,1195
2021-12-11,Yolo,113,214977,20963,20608,1067,21675,267
2021-12-11,Yuba,115,75493,10615,10519,397,10916,92
2021-12-10,Alameda,001,1643700,124478,123572,2932,126504,1496
2021-12-10,Alpine,002,1148,106,109,0,109,0
2021-12-10,Amador,005,37829,5802,5787,72,5859,69
2021-12-10,Butte,007,227075,22041,21819,4119,25938,326
2021-12-10,Calaveras,009,45235,4525,4469,63,4532,89
2021-12-10,Colusa,011,21464,2640,2619,679,3298,21
2021-12-10,Contra Costa,013,1133247,103516,102618,2353,104971,1061
2021-12-10,Del Norte,015,27424,3805,3778,55,3833,42
2021-12-10,El Dorado,017,186661,17089,16796,1809,18605,170
2021-12-10,Fresno,019,978130,147738,145988,13249,159237,2294
2021-12-10,Glenn,021,27897,3615,3585,1051,4636,37
2021-12-10,Humboldt,023,135768,9879,9721,700,10421,118
2021-12-10,Imperial,025,180216,36254,35635,3778,39413,782
2021-12-10,Inyo,027,18085,2609,2576,39,2615,46
2021-12-10,Kern,029,883053,134174,132852,24183,157035,1854
2021-12-10,Kings,031,150075,33908,33530,2036,35566,371
2021-12-10,Lake,033,64148,7005,6932,159,7091,114
2021-12-10,Lassen,035,31185,7088,7049,424,7473,55
2021-12-10,Los Angeles,037,10098052,1488923,1474030,55915,1529945,27031
2021-12-10,Madera,039,155013,24657,24417,2328,26745,311
2021-12-10,Marin,041,260295,18549,18339,546,18885,249
2021-12-10,Mariposa,043,17540,1474,1450,61,1511,6
2021-12-10,Mendocino,045,87422,8268,8130,685,8815,95
2021-12-10,Merced,047,269075,43822,43690,2172,45862,681
2021-12-10,Modoc,049,8938,595,594,201,795,6
2021-12-10,Mono,051,14174,1953,1926,23,1949,4
2021-12-10,Monterey,053,433212,50450,49008,3308,52316,631
2021-12-10,Napa,055,140530,13535,13459,128,13587,107
2021-12-10,Nevada,057,99092,10000,9880,349,10229,106
2021-12-10,Orange,059,3164182,318855,315759,16337,332096,5805
2021-12-10,Placer,061,380077,39442,38959,3917,42876,481
2021-12-10,Plumas,063,18699,1999,1934,46,1980,12
2021-12-10,Riverside,065,2383286,381055,375649,16744,392393,5408
2021-12-10,Sacramento,067,1510023,167189,165530,5088,170618,2386
2021-12-10,San Benito,069,59416,7844,7808,183,7991,79
2021-12-10,San Bernardino,071,2135413,372537,368145,11852,379997,6007
2021-12-10,San Diego,073,3302833,395546,392274,23110,415384,4374
2021-12-10,San Francisco,075,870044,55839,54869,2447,57316,678
2021-12-10,San Joaquin,077,732212,103918,103013,5616,108629,1842
2021-12-10,San Luis Obispo,079,281455,31051,30567,1355,31922,362
2021-12-10,San Mateo,081,765935,56664,55284,996,56280,580
2021-12-10,Santa Barbara,083,443738,46776,46309,1626,47935,559
2021-12-10,Santa Clara,085,1922200,154657,152846,1676,154522,1941
2021-12-10,Santa Cruz,087,273765,21878,21557,1034,22591,225
2021-12-10,Shasta,089,179085,22816,22660,3715,26375,419
2021-12-10,Sierra,091,2930,201,199,21,220,0
2021-12-10,Siskiyou,093,43540,3481,3418,1359,4777,57
2021-12-10,Solano,095,438530,47638,46891,1348,48239,365
2021-12-10,Sonoma,097,501317,43749,43227,587,43814,407
2021-12-10,Stanislaus,099,539301,82109,82133,9301,91434,1264
2021-12-10,Sutter,101,95872,14382,14354,407,14761,187
2021-12-10,Tehama,103,63373,8874,8776,1536,10312,134
2021-12-10,Trinity,105,12862,910,819,220,1039,17
2021-12-10,Tulare,107,460477,71667,70523,16257,86780,1103
2021-12-10,Tuolumne,109,53932,7826,7760,115,7875,91
2021-12-10,Ventura,111,848112,101755,100711,4464,105175,1195
2021-12-10,Yolo,113,214977,20949,20608,1065,21673,267
2021-12-10,Yuba,115,75493,10603,10519,396,10915,92
2021-12-09,Alameda,001,1643700,124334,123572,2927,126499,1496
2021-12-09,Alpine,002,1148,106,109,0,109,0
2021-12-09,Amador,005,37829,5799,5787,71,5858,69
2021-12-09,Butte,007,227075,22021,21819,4115,25934,326
2021-12-09,Calaveras,009,45235,4516,4469,63,4532,89
2021-12-09,Colusa,011,21464,2638,2619,679,3298,21
2021-12-09,Contra Costa,013,1133247,103397,102618,2347,104965,1061
2021-12-09,Del Norte,015,27424,3804,3778,55,3833,42
2021-12-09,El Dorado,017,186661,17061,16796,1804,18600,170
2021-12-09,Fresno,019,978130,147590,145988,13237,159225,2294
2021-12-09,Glenn,021,27897,3615,3585,1051,4636,37
2021-12-09,Humboldt,023,135768,9856,9721,699,10420,118
2021-12-09,Imperial,025,180216,36183,35635,3749,39384,782
2021-12-09,Inyo,027,18085,2607,2576,39,2615,46
2021-12-09,Kern,029,883053,134048,132852,24150,157002,1854
2021-12-09,Kings,031,150075,33881,33530,2033,35563,371
2021-12-09,Lake,033,64148,6996,6932,159,7091,114
2021-12-09,Lassen,035,31185,7086,7049,424,7473,55
2021-12-09,Los Angeles,037,10098052,1487382,1474030,55831,1529861,27031
2021-12-09,Madera,039,155013,24632,24417,2325,26742,311
2021-12-09,Marin,041,260295,18535,18339,544,18883,249
2021-12-09,Mariposa,043,17540,1473,1450,61,1511,6
2021-12-09,Mendocino,045,87422,8255,8130,682,8812,95
2021-12-09,Merced,047,269075,43784,43690,2160,45850,681
2021-12-09,Modoc,049,8938,595,594,201,795,6
2021-12-09,Mono,051,14174,1949,1926,23,1949,4
2021-12-09,Monterey,053,433212,50404,49008,3297,52305,631
2021-12-09,Napa,055,140530,13515,13459,124,13583,107
2021-12-09,Nevada,057,99092,9981,9880,349,10229,106
2021-12-09,Orange,059,3164182,318518,315759,16298,332057,5805
2021-12-09,Placer,061,380077,39398,38959,3904,42863,481
2021-12-09,Plumas,063,18699,1991,1934,46,1980,12
2021-12-09,Riverside,065,2383286,380504,375649,16728,392377,5408
2021-12-09,Sacramento,067,1510023,166968,165530,5073,170603,2386
2021-12-09,San Benito,069,59416,7831,7808,182,7990,79
2021-12-09,San Bernardino,071,2135413,372022,368145,11828,379973,6007
2021-12-09,San Diego,073,3302833,394900,392274,23080,415354,4374
2021-12-09,San Francisco,075,870044,55754,54869,2440,57309,678
2021-12-09,San Joaquin,077,732212,103826,103013,5611,108624,1842
2021-12-09,San Luis Obispo,079,281455,31023,30567,1352,31919,362
2021-12-09,San Mateo,081,765935,56576,55284,994,56278,580
2021-12-09,Santa Barbara,083,443738,46696,46309,1620,47929,559
2021-12-09,Santa Clara,085,1922200,154440,152846,1665,154511,1941
2021-12-09,Santa Cruz,087,273765,21850,21557,1034,22591,225
2021-12-09,Shasta,089,179085,22800,22660,3714,26374,419
2021-12-09,Sierra,091,2930,201,199,21,220,0
2021-12-09,Siskiyou,093,43540,3477,3418,1358,4776,57
2021-12-09,Solano,095,438530,47601,46891,1346,48237,365
2021-12-09,Sonoma,097,501317,43693,43227,585,43812,407
2021-12-09,Stanislaus,099,539301,82038,82133,9286,91419,1264
2021-12-09,Sutter,101,95872,14367,14354,407,14761,187
2021-12-09,Tehama,103,63373,8867,8776,1534,10310,134
2021-12-09,Trinity,105,12862,910,819,220,1039,17
2021-12-09,Tulare,107,460477,71611,70523,16229,86752,1103
2021-12-09,Tuolumne,109,53932,7815,7760,114,7874,91
2021-12-09,Ventura,111,848112,101609,100711,4452,105163,1195
2021-12-09,Yolo,113,214977,20926,20608,1057,21665,267
2021-12-09,Yuba,115,75493,10595,10519,393,10912,92
2021-12-08,Alameda,001,1643700,124183,123438,2917,126355,1496
2021-12-08,Alpine,002,1148,106,108,0,108,0
2021-12-08,Amador,005,37829,5794,5781,71,5852,69
2021-12-08,Butte,007,227075,22004,21780,4112,25892,326
2021-12-08,Calaveras,009,45235,4508,4455,63,4518,89
2021-12-08,Colusa,011,21464,2635,2619,678,3297,21
2021-12-08,Contra Costa,013,1133247,103268,102506,2347,104853,1058
2021-12-08,Del Norte,015,27424,3803,3767,55,3822,42
2021-12-08,El Dorado,017,186661,17029,16757,1804,18561,170
2021-12-08,Fresno,019,978130,147430,145830,13223,159053,2293
2021-12-08,Glenn,021,27897,3615,3584,1048,4632,37
2021-12-08,Humboldt,023,135768,9835,9704,697,10401,117
2021-12-08,Imperial,025,180216,36102,35537,3719,39256,782
2021-12-08,Inyo,027,18085,2604,2570,39,2609,46
2021-12-08,Kern,029,883053,133926,132709,24102,156811,1846
2021-12-08,Kings,031,150075,33846,33468,2032,35500,371
2021-12-08,Lake,033,64148,6990,6927,158,7085,114
2021-12-08,Lassen,035,31185,7085,7041,422,7463,55
2021-12-08,Los Angeles,037,10098052,1485835,1472410,55720,1528130,27018
2021-12-08,Madera,039,155013,24611,24396,2318,26714,311
2021-12-08,Marin,041,260295,18514,18305,541,18846,249
2021-12-08,Mariposa,043,17540,1470,1447,61,1508,6
2021-12-08,Mendocino,045,87422,8242,8118,681,8799,95
2021-12-08,Merced,047,269075,43752,43631,2153,45784,680
2021-12-08,Modoc,049,8938,595,594,201,795,6
2021-12-08,Mono,051,14174,1943,1924,23,1947,4
2021-12-08,Monterey,053,433212,50337,48957,3284,52241,631
2021-12-08,Napa,055,140530,13501,13421,124,13545,107
2021-12-08,Nevada,057,99092,9965,9862,349,10211,106
2021-12-08,Orange,059,3164182,318170,315421,16261,331682,5795
2021-12-08,Placer,061,380077,39347,38934,3900,42834,478
2021-12-08,Plumas,063,18699,1989,1924,46,1970,12
2021-12-08,Riverside,065,2383286,379992,375099,16705,391804,5404
2021-12-08,Sacramento,067,1510023,166713,165278,5046,170324,2373
2021-12-08,San Benito,069,59416,7822,7793,182,7975,79
2021-12-08,San Bernardino,071,2135413,371540,367516,11804,379320,6006
2021-12-08,San Diego,073,3302833,394250,391676,23048,414724,4369
2021-12-08,San Francisco,075,870044,55667,54792,2432,57224,677
2021-12-08,San Joaquin,077,732212,103724,102877,5602,108479,1841
2021-12-08,San Luis Obispo,079,281455,30974,30519,1347,31866,361
2021-12-08,San Mateo,081,765935,56509,55220,988,56208,580
2021-12-08,Santa Barbara,083,443738,46641,46250,1617,47867,558
2021-12-08,Santa Clara,085,1922200,154277,152674,1654,154328,1937
2021-12-08,Santa Cruz,087,273765,21804,21505,1032,22537,224
2021-12-08,Shasta,089,179085,22780,22616,3708,26324,419
2021-12-08,Sierra,091,2930,201,199,21,220,0
2021-12-08,Siskiyou,093,43540,3476,3415,1356,4771,57
2021-12-08,Solano,095,438530,47571,46837,1345,48182,365
2021-12-08,Sonoma,097,501317,43631,43179,584,43763,405
2021-12-08,Stanislaus,099,539301,81957,82038,9273,91311,1264
2021-12-08,Sutter,101,95872,14351,14336,405,14741,187
2021-12-08,Tehama,103,63373,8858,8768,1534,10302,133
2021-12-08,Trinity,105,12862,910,818,220,1038,17
2021-12-08,Tulare,107,460477,71548,70472,16204,86676,1102
2021-12-08,Tuolumne,109,53932,7802,7749,114,7863,91
2021-12-08,Ventura,111,848112,101480,100647,4449,105096,1194
2021-12-08,Yolo,113,214977,20899,20575,1052,21627,267
2021-12-08,Yuba,115,75493,10581,10499,390,10889,92
2021-12-07,Alameda,001,1643700,124008,123325,2909,126234,1497
2021-12-07,Alpine,002,1148,106,108,0,108,0
2021-12-07,Amador,005,37829,5791,5778,70,5848,69
2021-12-07,Butte,007,227075,21980,21761,4106,25867,324
2021-12-07,Calaveras,009,45235,4491,4445,63,4508,88
2021-12-07,Colusa,011,21464,2633,2619,678,3297,21
2021-12-07,Contra Costa,013,1133247,103148,102421,2339,104760,1058
2021-12-07,Del Norte,015,27424,3802,3766,55,3821,42
2021-12-07,El Dorado,017,186661,17003,16742,1801,18543,170
2021-12-07,Fresno,019,978130,147281,145715,13210,158925,2289
2021-12-07,Glenn,021,27897,3614,3579,1048,4627,36
2021-12-07,Humboldt,023,135768,9809,9693,692,10385,117
2021-12-07,Imperial,025,180216,36024,35502,3698,39200,778
2021-12-07,Inyo,027,18085,2601,2567,39,2606,46
2021-12-07,Kern,029,883053,133766,132564,24049,156613,1838
2021-12-07,Kings,031,150075,33814,33441,2029,35470,372
2021-12-07,Lake,033,64148,6986,6925,158,7083,113
2021-12-07,Lassen,035,31185,7083,7040,421,7461,55
2021-12-07,Los Angeles,037,10098052,1484060,1470904,55620,1526524,27007
2021-12-07,Madera,039,155013,24588,24367,2311,26678,311
2021-12-07,Marin,041,260295,18481,18284,536,18820,249
2021-12-07,Mariposa,043,17540,1468,1446,61,1507,6
2021-12-07,Mendocino,045,87422,8223,8107,681,8788,95
2021-12-07,Merced,047,269075,43711,43600,2146,45746,675
2021-12-07,Modoc,049,8938,595,594,200,794,6
2021-12-07,Mono,051,14174,1941,1921,23,1944,4
2021-12-07,Monterey,053,433212,50253,48880,3266,52146,631
2021-12-07,Napa,055,140530,13482,13409,124,13533,107
2021-12-07,Nevada,057,99092,9950,9858,348,10206,105
2021-12-07,Orange,059,3164182,317835,315138,16212,331350,5784
2021-12-07,Placer,061,380077,39272,38860,3896,42756,474
2021-12-07,Plumas,063,18699,1985,1915,46,1961,12
2021-12-07,Riverside,065,2383286,379461,374552,16689,391241,5397
2021-12-07,Sacramento,067,1510023,166465,165148,5032,170180,2375
2021-12-07,San Benito,069,59416,7805,7776,182,7958,78
2021-12-07,San Bernardino,071,2135413,370947,366981,11786,378767,6007
2021-12-07,San Diego,073,3302833,393407,391110,23010,414120,4357
2021-12-07,San Francisco,075,870044,55555,54729,2427,57156,676
2021-12-07,San Joaquin,077,732212,103607,102797,5590,108387,1839
2021-12-07,San Luis Obispo,079,281455,30934,30495,1345,31840,361
2021-12-07,San Mateo,081,765935,56417,55163,982,56145,580
2021-12-07,Santa Barbara,083,443738,46569,46205,1615,47820,556
2021-12-07,Santa Clara,085,1922200,154092,152465,1645,154110,1941
2021-12-07,Santa Cruz,087,273765,21757,21493,1032,22525,224
2021-12-07,Shasta,089,179085,22758,22594,3705,26299,418
2021-12-07,Sierra,091,2930,201,199,21,220,0
2021-12-07,Siskiyou,093,43540,3474,3412,1356,4768,57
2021-12-07,Solano,095,438530,47531,46812,1343,48155,365
2021-12-07,Sonoma,097,501317,43556,43154,583,43737,405
2021-12-07,Stanislaus,099,539301,81879,81980,9262,91242,1258
2021-12-07,Sutter,101,95872,14343,14322,404,14726,186
2021-12-07,Tehama,103,63373,8850,8765,1533,10298,133
2021-12-07,Trinity,105,12862,910,818,220,1038,17
2021-12-07,Tulare,107,460477,71493,70411,16177,86588,1103
2021-12-07,Tuolumne,109,53932,7794,7743,114,7857,91
2021-12-07,Ventura,111,848112,101383,100569,4439,105008,1194
2021-12-07,Yolo,113,214977,20872,20560,1050,21610,263
2021-12-07,Yuba,115,75493,10564,10491,389,10880,91
2021-12-06,Alameda,001,1643700,123842,123227,2905,126132,1496
2021-12-06,Alpine,002,1148,106,108,0,108,0
2021-12-06,Amador,005,37829,5784,5769,69,5838,67
2021-12-06,Butte,007,227075,21962,21732,4103,25835,321
2021-12-06,Calaveras,009,45235,4484,4443,63,4506,88
2021-12-06,Colusa,011,21464,2632,2615,674,3289,21
2021-12-06,Contra Costa,013,1133247,103028,102327,2335,104662,1058
2021-12-06,Del Norte,015,27424,3800,3744,55,3799,42
2021-12-06,El Dorado,017,186661,16978,16726,1799,18525,168
2021-12-06,Fresno,019,978130,147084,145539,13198,158737,2285
2021-12-06,Glenn,021,27897,3611,3577,1047,4624,36
2021-12-06,Humboldt,023,135768,9788,9671,685,10356,117
2021-12-06,Imperial,025,180216,35943,35453,3680,39133,778
2021-12-06,Inyo,027,18085,2595,2562,38,2600,46
2021-12-06,Kern,029,883053,133578,132366,23993,156359,1835
2021-12-06,Kings,031,150075,33781,33399,2024,35423,368
2021-12-06,Lake,033,64148,6982,6922,158,7080,113
2021-12-06,Lassen,035,31185,7078,7032,419,7451,51
2021-12-06,Los Angeles,037,10098052,1482399,1470059,55527,1525586,26993
2021-12-06,Madera,039,155013,24561,24334,2308,26642,307
2021-12-06,Marin,041,260295,18453,18252,534,18786,249
2021-12-06,Mariposa,043,17540,1465,1443,61,1504,6
2021-12-06,Mendocino,045,87422,8210,8079,677,8756,95
2021-12-06,Merced,047,269075,43671,43549,2136,45685,672
2021-12-06,Modoc,049,8938,595,593,200,793,6
2021-12-06,Mono,051,14174,1936,1913,23,1936,4
2021-12-06,Monterey,053,433212,50175,48831,3247,52078,626
2021-12-06,Napa,055,140530,13459,13387,122,13509,107
2021-12-06,Nevada,057,99092,9922,9847,347,10194,105
2021-12-06,Orange,059,3164182,317455,314859,16169,331028,5771
2021-12-06,Placer,061,380077,39219,38785,3891,42676,473
2021-12-06,Plumas,063,18699,1977,1913,46,1959,10
2021-12-06,Riverside,065,2383286,378936,374116,16675,390791,5388
2021-12-06,Sacramento,067,1510023,166189,164926,5011,169937,2367
2021-12-06,San Benito,069,59416,7789,7755,182,7937,78
2021-12-06,San Bernardino,071,2135413,370387,366606,11759,378365,5998
2021-12-06,San Diego,073,3302833,392561,390389,22965,413354,4352
2021-12-06,San Francisco,075,870044,55445,54659,2422,57081,674
2021-12-06,San Joaquin,077,732212,103478,102728,5583,108311,1837
2021-12-06,San Luis Obispo,079,281455,30897,30464,1343,31807,361
2021-12-06,San Mateo,081,765935,56343,55112,979,56091,580
2021-12-06,Santa Barbara,083,443738,46476,46146,1614,47760,556
2021-12-06,Santa Clara,085,1922200,153883,152310,1628,153938,1937
2021-12-06,Santa Cruz,087,273765,21722,21450,1029,22479,224
2021-12-06,Shasta,089,179085,22735,22556,3697,26253,416
2021-12-06,Sierra,091,2930,200,198,21,219,0
2021-12-06,Siskiyou,093,43540,3472,3409,1351,4760,57
2021-12-06,Solano,095,438530,47486,46748,1342,48090,360
2021-12-06,Sonoma,097,501317,43485,43114,575,43689,405
2021-12-06,Stanislaus,099,539301,81782,81889,9228,91117,1241
2021-12-06,Sutter,101,95872,14331,14319,404,14723,186
2021-12-06,Tehama,103,63373,8842,8760,1533,10293,133
2021-12-06,Trinity,105,12862,910,815,219,1034,17
2021-12-06,Tulare,107,460477,71416,70285,16137,86422,1101
2021-12-06,Tuolumne,109,53932,7780,7726,114,7840,91
2021-12-06,Ventura,111,848112,101282,100426,4431,104857,1194
2021-12-06,Yolo,113,214977,20847,20548,1050,21598,263
2021-12-06,Yuba,115,75493,10549,10480,384,10864,91
2021-12-05,Alameda,001,1643700,123656,123104,2898,126002,1496
2021-12-05,Alpine,002,1148,105,108,0,108,0
2021-12-05,Amador,005,37829,5781,5761,69,5830,67
2021-12-05,Butte,007,227075,21928,21720,4097,25817,320
2021-12-05,Calaveras,009,45235,4468,4434,63,4497,88
2021-12-05,Colusa,011,21464,2631,2615,673,3288,21
2021-12-05,Contra Costa,013,1133247,102895,102251,2325,104576,1058
2021-12-05,Del Norte,015,27424,3798,3751,55,3806,42
2021-12-05,El Dorado,017,186661,16939,16717,1794,18511,168
2021-12-05,Fresno,019,978130,146910,145452,13177,158629,2284
2021-12-05,Glenn,021,27897,3609,3577,1046,4623,36
2021-12-05,Humboldt,023,135768,9757,9662,682,10344,117
2021-12-05,Imperial,025,180216,35849,35422,3651,39073,778
2021-12-05,Inyo,027,18085,2588,2559,38,2597,46
2021-12-05,Kern,029,883053,133414,132286,23941,156227,1833
2021-12-05,Kings,031,150075,33718,33360,2024,35384,369
2021-12-05,Lake,033,64148,6977,6919,157,7076,113
2021-12-05,Lassen,035,31185,7076,7031,419,7450,51
2021-12-05,Los Angeles,037,10098052,1480555,1468937,55392,1524329,26991
2021-12-05,Madera,039,155013,24520,24311,2305,26616,307
2021-12-05,Marin,041,260295,18406,18216,526,18742,249
2021-12-05,Mariposa,043,17540,1462,1440,60,1500,6
2021-12-05,Mendocino,045,87422,8191,8069,671,8740,95
2021-12-05,Merced,047,269075,43626,43534,2127,45661,672
2021-12-05,Modoc,049,8938,595,593,200,793,6
2021-12-05,Mono,051,14174,1929,1907,23,1930,4
2021-12-05,Monterey,053,433212,50103,48813,3215,52028,626
2021-12-05,Napa,055,140530,13433,13382,119,13501,107
2021-12-05,Nevada,057,99092,9901,9827,346,10173,105
2021-12-05,Orange,059,3164182,317018,314560,16127,330687,5771
2021-12-05,Placer,061,380077,39160,38738,3882,42620,473
2021-12-05,Plumas,063,18699,1973,1913,45,1958,9
2021-12-05,Riverside,065,2383286,378278,373827,16645,390472,5388
2021-12-05,Sacramento,067,1510023,165885,164721,4993,169714,2367
2021-12-05,San Benito,069,59416,7772,7748,181,7929,78
2021-12-05,San Bernardino,071,2135413,369679,366282,11712,377994,5998
2021-12-05,San Diego,073,3302833,391766,387979,22916,410895,4351
2021-12-05,San Francisco,075,870044,55342,54603,2420,57023,674
2021-12-05,San Joaquin,077,732212,103337,102698,5578,108276,1837
2021-12-05,San Luis Obispo,079,281455,30827,30454,1340,31794,360
2021-12-05,San Mateo,081,765935,56254,55050,969,56019,580
2021-12-05,Santa Barbara,083,443738,46393,46097,1606,47703,555
2021-12-05,Santa Clara,085,1922200,153629,152114,1610,153724,1933
2021-12-05,Santa Cruz,087,273765,21672,21424,1029,22453,224
2021-12-05,Shasta,089,179085,22678,22550,3696,26246,416
2021-12-05,Sierra,091,2930,200,198,21,219,0
2021-12-05,Siskiyou,093,43540,3470,3409,1350,4759,57
2021-12-05,Solano,095,438530,47423,46715,1340,48055,360
2021-12-05,Sonoma,097,501317,43408,43038,570,43608,405
2021-12-05,Stanislaus,099,539301,81645,81847,9218,91065,1241
2021-12-05,Sutter,101,95872,14308,14303,399,14702,186
2021-12-05,Tehama,103,63373,8834,8755,1531,10286,133
2021-12-05,Trinity,105,12862,909,815,219,1034,17
2021-12-05,Tulare,107,460477,71335,70254,16089,86343,1102
2021-12-05,Tuolumne,109,53932,7767,7718,114,7832,91
2021-12-05,Ventura,111,848112,101146,100367,4418,104785,1194
2021-12-05,Yolo,113,214977,20804,20512,1049,21561,263
2021-12-05,Yuba,115,75493,10536,10467,377,10844,91
2021-12-04,Alameda,001,1643700,123543,122508,2895,125403,1494
2021-12-04,Alpine,002,1148,105,108,0,108,0
2021-12-04,Amador,005,37829,5778,5729,69,5798,67
2021-12-04,Butte,007,227075,21909,21638,4093,25731,318
2021-12-04,Calaveras,009,45235,4460,4392,62,4454,88
2021-12-04,Colusa,011,21464,2631,2600,671,3271,21
2021-12-04,Contra Costa,013,1133247,102823,101824,2319,104143,1056
2021-12-04,Del Norte,015,27424,3795,3726,55,3781,42
2021-12-04,El Dorado,017,186661,16930,16621,1794,18415,168
2021-12-04,Fresno,019,978130,146820,144734,13169,157903,2270
2021-12-04,Glenn,021,27897,3609,3559,1046,4605,36
2021-12-04,Humboldt,023,135768,9742,9596,678,10274,117
2021-12-04,Imperial,025,180216,35796,35206,3638,38844,776
2021-12-04,Inyo,027,18085,2583,2538,38,2576,46
2021-12-04,Kern,029,883053,133334,131771,23918,155689,1817
2021-12-04,Kings,031,150075,33695,33183,2023,35206,367
2021-12-04,Lake,033,64148,6968,6903,157,7060,113
2021-12-04,Lassen,035,31185,7075,7014,417,7431,51
2021-12-04,Los Angeles,037,10098052,1479678,1463270,55314,1518584,26952
2021-12-04,Madera,039,155013,24506,24188,2301,26489,307
2021-12-04,Marin,041,260295,18385,18075,525,18600,249
2021-12-04,Mariposa,043,17540,1458,1421,60,1481,6
2021-12-04,Mendocino,045,87422,8186,7981,671,8652,91
2021-12-04,Merced,047,269075,43599,43337,2125,45462,671
2021-12-04,Modoc,049,8938,595,591,200,791,6
2021-12-04,Mono,051,14174,1929,1883,23,1906,4
2021-12-04,Monterey,053,433212,50071,48682,3208,51890,626
2021-12-04,Napa,055,140530,13423,13327,118,13445,106
2021-12-04,Nevada,057,99092,9893,9752,346,10098,105
2021-12-04,Orange,059,3164182,316786,313112,16101,329213,5748
2021-12-04,Placer,061,380077,39118,38460,3875,42335,473
2021-12-04,Plumas,063,18699,1970,1903,45,1948,7
2021-12-04,Riverside,065,2383286,377919,371768,16639,388407,5381
2021-12-04,Sacramento,067,1510023,165742,163900,4985,168885,2365
2021-12-04,San Benito,069,59416,7746,7688,181,7869,78
2021-12-04,San Bernardino,071,2135413,369290,364154,11699,375853,5983
2021-12-04,San Diego,073,3302833,391288,386710,22886,409596,4350
2021-12-04,San Francisco,075,870044,55274,54286,2417,56703,674
2021-12-04,San Joaquin,077,732212,103282,102286,5576,107862,1835
2021-12-04,San Luis Obispo,079,281455,30806,30318,1336,31654,360
2021-12-04,San Mateo,081,765935,56205,54774,966,55740,579
2021-12-04,Santa Barbara,083,443738,46348,45774,1606,47380,555
2021-12-04,Santa Clara,085,1922200,153475,151275,1596,152871,1928
2021-12-04,Santa Cruz,087,273765,21646,21286,1028,22314,224
2021-12-04,Shasta,089,179085,22661,22418,3694,26112,414
2021-12-04,Sierra,091,2930,200,196,21,217,0
2021-12-04,Siskiyou,093,43540,3468,3398,1350,4748,57
2021-12-04,Solano,095,438530,47403,46529,1339,47868,360
2021-12-04,Sonoma,097,501317,43363,42778,567,43345,405
2021-12-04,Stanislaus,099,539301,81573,81462,9211,90673,1231
2021-12-04,Sutter,101,95872,14300,14258,398,14656,186
2021-12-04,Tehama,103,63373,8832,8742,1531,10273,131
2021-12-04,Trinity,105,12862,908,801,219,1020,17
2021-12-04,Tulare,107,460477,71297,70014,16060,86074,1100
2021-12-04,Tuolumne,109,53932,7762,7676,114,7790,91
2021-12-04,Ventura,111,848112,101055,99751,4414,104165,1192
2021-12-04,Yolo,113,214977,20781,20442,1047,21489,261
2021-12-04,Yuba,115,75493,10525,10418,376,10794,91
2021-12-03,Alameda,001,1643700,123450,122508,2885,125393,1494
2021-12-03,Alpine,002,1148,105,108,0,108,0
2021-12-03,Amador,005,37829,5773,5729,68,5797,67
2021-12-03,Butte,007,227075,21896,21638,4088,25726,318
2021-12-03,Calaveras,009,45235,4451,4392,62,4454,88
2021-12-03,Colusa,011,21464,2629,2600,671,3271,21
2021-12-03,Contra Costa,013,1133247,102750,101824,2313,104137,1056
2021-12-03,Del Norte,015,27424,3793,3726,55,3781,42
2021-12-03,El Dorado,017,186661,16901,16621,1792,18413,168
2021-12-03,Fresno,019,978130,146706,144734,13166,157900,2270
2021-12-03,Glenn,021,27897,3608,3559,1045,4604,36
2021-12-03,Humboldt,023,135768,9725,9596,676,10272,117
2021-12-03,Imperial,025,180216,35754,35206,3608,38814,776
2021-12-03,Inyo,027,18085,2576,2538,38,2576,46
2021-12-03,Kern,029,883053,133262,131771,23883,155654,1817
2021-12-03,Kings,031,150075,33668,33183,2023,35206,367
2021-12-03,Lake,033,64148,6968,6903,157,7060,113
2021-12-03,Lassen,035,31185,7073,7014,416,7430,51
2021-12-03,Los Angeles,037,10098052,1478732,1463270,55239,1518509,26952
2021-12-03,Madera,039,155013,24480,24188,2297,26485,307
2021-12-03,Marin,041,260295,18351,18075,521,18596,249
2021-12-03,Mariposa,043,17540,1456,1421,60,1481,6
2021-12-03,Mendocino,045,87422,8179,7981,671,8652,91
2021-12-03,Merced,047,269075,43576,43337,2122,45459,671
2021-12-03,Modoc,049,8938,595,591,200,791,6
2021-12-03,Mono,051,14174,1923,1883,23,1906,4
2021-12-03,Monterey,053,433212,50032,48682,3197,51879,626
2021-12-03,Napa,055,140530,13411,13327,118,13445,106
2021-12-03,Nevada,057,99092,9882,9752,346,10098,105
2021-12-03,Orange,059,3164182,316517,313112,16069,329181,5748
2021-12-03,Placer,061,380077,39080,38460,3869,42329,473
2021-12-03,Plumas,063,18699,1967,1903,45,1948,7
2021-12-03,Riverside,065,2383286,377528,371768,16633,388401,5381
2021-12-03,Sacramento,067,1510023,165561,163900,4971,168871,2365
2021-12-03,San Benito,069,59416,7739,7688,181,7869,78
2021-12-03,San Bernardino,071,2135413,368842,364154,11688,375842,5983
2021-12-03,San Diego,073,3302833,390812,386710,22862,409572,4350
2021-12-03,San Francisco,075,870044,55204,54286,2413,56699,674
2021-12-03,San Joaquin,077,732212,103226,102286,5575,107861,1835
2021-12-03,San Luis Obispo,079,281455,30780,30318,1333,31651,360
2021-12-03,San Mateo,081,765935,56140,54774,963,55737,579
2021-12-03,Santa Barbara,083,443738,46312,45774,1606,47380,555
2021-12-03,Santa Clara,085,1922200,153295,151275,1582,152857,1928
2021-12-03,Santa Cruz,087,273765,21619,21286,1028,22314,224
2021-12-03,Shasta,089,179085,22646,22418,3694,26112,414
2021-12-03,Sierra,091,2930,200,196,21,217,0
2021-12-03,Siskiyou,093,43540,3465,3398,1348,4746,57
2021-12-03,Solano,095,438530,47361,46529,1338,47867,360
2021-12-03,Sonoma,097,501317,43327,42778,565,43343,405
2021-12-03,Stanislaus,099,539301,81516,81462,9202,90664,1231
2021-12-03,Sutter,101,95872,14287,14258,396,14654,186
2021-12-03,Tehama,103,63373,8831,8742,1530,10272,131
2021-12-03,Trinity,105,12862,908,801,219,1020,17
2021-12-03,Tulare,107,460477,71258,70014,16029,86043,1100
2021-12-03,Tuolumne,109,53932,7753,7676,114,7790,91
2021-12-03,Ventura,111,848112,100969,99751,4407,104158,1192
2021-12-03,Yolo,113,214977,20764,20442,1046,21488,261
2021-12-03,Yuba,115,75493,10517,10418,376,10794,91
2021-12-02,Alameda,001,1643700,123292,122508,2878,125386,1494
2021-12-02,Alpine,002,1148,105,108,0,108,0
2021-12-02,Amador,005,37829,5768,5729,67,5796,67
2021-12-02,Butte,007,227075,21871,21638,4083,25721,318
2021-12-02,Calaveras,009,45235,4441,4392,61,4453,88
2021-12-02,Colusa,011,21464,2628,2600,671,3271,21
2021-12-02,Contra Costa,013,1133247,102636,101824,2309,104133,1056
2021-12-02,Del Norte,015,27424,3785,3726,55,3781,42
2021-12-02,El Dorado,017,186661,16880,16621,1790,18411,168
2021-12-02,Fresno,019,978130,146536,144734,13152,157886,2270
2021-12-02,Glenn,021,27897,3608,3559,1042,4601,36
2021-12-02,Humboldt,023,135768,9706,9596,675,10271,117
2021-12-02,Imperial,025,180216,35686,35206,3586,38792,776
2021-12-02,Inyo,027,18085,2571,2538,38,2576,46
2021-12-02,Kern,029,883053,133092,131771,23831,155602,1817
2021-12-02,Kings,031,150075,33615,33183,2021,35204,367
2021-12-02,Lake,033,64148,6964,6903,157,7060,113
2021-12-02,Lassen,035,31185,7069,7014,416,7430,51
2021-12-02,Los Angeles,037,10098052,1477215,1463270,55151,1518421,26952
2021-12-02,Madera,039,155013,24443,24188,2288,26476,307
2021-12-02,Marin,041,260295,18321,18075,517,18592,249
2021-12-02,Mariposa,043,17540,1453,1421,60,1481,6
2021-12-02,Mendocino,045,87422,8163,7981,670,8651,91
2021-12-02,Merced,047,269075,43530,43337,2117,45454,671
2021-12-02,Modoc,049,8938,594,591,200,791,6
2021-12-02,Mono,051,14174,1917,1883,23,1906,4
2021-12-02,Monterey,053,433212,49956,48682,3176,51858,626
2021-12-02,Napa,055,140530,13398,13327,118,13445,106
2021-12-02,Nevada,057,99092,9864,9752,345,10097,105
2021-12-02,Orange,059,3164182,316173,313112,16032,329144,5748
2021-12-02,Placer,061,380077,39012,38460,3864,42324,473
2021-12-02,Plumas,063,18699,1964,1903,45,1948,7
2021-12-02,Riverside,065,2383286,376999,371768,16623,388391,5381
2021-12-02,Sacramento,067,1510023,165334,163900,4961,168861,2365
2021-12-02,San Benito,069,59416,7719,7688,181,7869,78
2021-12-02,San Bernardino,071,2135413,368288,364154,11668,375822,5983
2021-12-02,San Diego,073,3302833,390172,386710,22807,409517,4350
2021-12-02,San Francisco,075,870044,55109,54286,2408,56694,674
2021-12-02,San Joaquin,077,732212,103112,102286,5570,107856,1835
2021-12-02,San Luis Obispo,079,281455,30746,30318,1326,31644,360
2021-12-02,San Mateo,081,765935,56059,54774,955,55729,579
2021-12-02,Santa Barbara,083,443738,46231,45774,1603,47377,555
2021-12-02,Santa Clara,085,1922200,153050,151275,1565,152840,1928
2021-12-02,Santa Cruz,087,273765,21568,21286,1027,22313,224
2021-12-02,Shasta,089,179085,22613,22418,3693,26111,414
2021-12-02,Sierra,091,2930,200,196,21,217,0
2021-12-02,Siskiyou,093,43540,3464,3398,1341,4739,57
2021-12-02,Solano,095,438530,47311,46529,1336,47865,360
2021-12-02,Sonoma,097,501317,43253,42778,565,43343,405
2021-12-02,Stanislaus,099,539301,81421,81462,9194,90656,1231
2021-12-02,Sutter,101,95872,14274,14258,393,14651,186
2021-12-02,Tehama,103,63373,8824,8742,1528,10270,131
2021-12-02,Trinity,105,12862,908,801,219,1020,17
2021-12-02,Tulare,107,460477,71171,70014,15979,85993,1100
2021-12-02,Tuolumne,109,53932,7738,7676,113,7789,91
2021-12-02,Ventura,111,848112,100844,99751,4405,104156,1192
2021-12-02,Yolo,113,214977,20736,20442,1046,21488,261
2021-12-02,Yuba,115,75493,10501,10418,373,10791,91
2021-12-01,Alameda,001,1643700,123141,122298,2869,125167,1492
2021-12-01,Alpine,002,1148,105,108,0,108,0
2021-12-01,Amador,005,37829,5761,5723,67,5790,67
2021-12-01,Butte,007,227075,21853,21600,4078,25678,318
2021-12-01,Calaveras,009,45235,4436,4371,61,4432,88
2021-12-01,Colusa,011,21464,2621,2595,669,3264,20
2021-12-01,Contra Costa,013,1133247,102528,101651,2299,103950,1048
2021-12-01,Del Norte,015,27424,3783,3722,55,3777,42
2021-12-01,El Dorado,017,186661,16859,16575,1788,18363,166
2021-12-01,Fresno,019,978130,146328,144507,13141,157648,2264
2021-12-01,Glenn,021,27897,3602,3556,1041,4597,36
2021-12-01,Humboldt,023,135768,9682,9573,670,10243,117
2021-12-01,Imperial,025,180216,35606,35085,3559,38644,776
2021-12-01,Inyo,027,18085,2567,2533,38,2571,46
2021-12-01,Kern,029,883053,132944,131580,23777,155357,1804
2021-12-01,Kings,031,150075,33565,33112,2020,35132,364
2021-12-01,Lake,033,64148,6956,6896,156,7052,112
2021-12-01,Lassen,035,31185,7064,7008,414,7422,51
2021-12-01,Los Angeles,037,10098052,1475624,1461394,55057,1516451,26928
2021-12-01,Madera,039,155013,24412,24134,2279,26413,307
2021-12-01,Marin,041,260295,18283,18038,511,18549,249
2021-12-01,Mariposa,043,17540,1449,1415,60,1475,6
2021-12-01,Mendocino,045,87422,8149,7966,665,8631,90
2021-12-01,Merced,047,269075,43474,43259,2096,45355,670
2021-12-01,Modoc,049,8938,594,576,200,776,5
2021-12-01,Mono,051,14174,1912,1876,23,1899,4
2021-12-01,Monterey,053,433212,49907,48611,3167,51778,626
2021-12-01,Napa,055,140530,13381,13319,115,13434,107
2021-12-01,Nevada,057,99092,9851,9706,345,10051,105
2021-12-01,Orange,059,3164182,315806,312772,15996,328768,5735
2021-12-01,Placer,061,380077,38955,38373,3858,42231,472
2021-12-01,Plumas,063,18699,1960,1893,45,1938,7
2021-12-01,Riverside,065,2383286,376473,371189,16606,387795,5369
2021-12-01,Sacramento,067,1510023,165121,163616,4944,168560,2360
2021-12-01,San Benito,069,59416,7705,7669,181,7850,78
2021-12-01,San Bernardino,071,2135413,367695,363368,11642,375010,5973
2021-12-01,San Diego,073,3302833,389375,386056,22751,408807,4346
2021-12-01,San Francisco,075,870044,55027,54199,2401,56600,672
2021-12-01,San Joaquin,077,732212,103004,102109,5569,107678,1834
2021-12-01,San Luis Obispo,079,281455,30704,30238,1322,31560,360
2021-12-01,San Mateo,081,765935,55978,54711,952,55663,579
2021-12-01,Santa Barbara,083,443738,46161,45681,1601,47282,554
2021-12-01,Santa Clara,085,1922200,152828,150961,1547,152508,1925
2021-12-01,Santa Cruz,087,273765,21539,21191,1026,22217,224
2021-12-01,Shasta,089,179085,22582,22375,3687,26062,410
2021-12-01,Sierra,091,2930,200,195,21,216,0
2021-12-01,Siskiyou,093,43540,3461,3391,1341,4732,55
2021-12-01,Solano,095,438530,47266,46485,1336,47821,360
2021-12-01,Sonoma,097,501317,43178,42713,564,43277,405
2021-12-01,Stanislaus,099,539301,81324,81330,9181,90511,1231
2021-12-01,Sutter,101,95872,14259,14229,392,14621,186
2021-12-01,Tehama,103,63373,8814,8728,1528,10256,130
2021-12-01,Trinity,105,12862,903,801,219,1020,17
2021-12-01,Tulare,107,460477,71096,69953,15939,85892,1098
2021-12-01,Tuolumne,109,53932,7730,7655,113,7768,91
2021-12-01,Ventura,111,848112,100738,99680,4394,104074,1191
2021-12-01,Yolo,113,214977,20708,20393,1046,21439,260
2021-12-01,Yuba,115,75493,10490,10401,373,10774,89
2021-11-30,Alameda,001,1643700,122970,122196,2861,125057,1489
2021-11-30,Alpine,002,1148,105,108,0,108,0
2021-11-30,Amador,005,37829,5753,5716,67,5783,66
2021-11-30,Butte,007,227075,21824,21565,4067,25632,318
2021-11-30,Calaveras,009,45235,4418,4360,61,4421,88
2021-11-30,Colusa,011,21464,2620,2592,669,3261,21
2021-11-30,Contra Costa,013,1133247,102394,101538,2292,103830,1046
2021-11-30,Del Norte,015,27424,3777,3718,55,3773,42
2021-11-30,El Dorado,017,186661,16831,16558,1782,18340,166
2021-11-30,Fresno,019,978130,146128,144384,13132,157516,2259
2021-11-30,Glenn,021,27897,3597,3555,1040,4595,36
2021-11-30,Humboldt,023,135768,9651,9539,664,10203,116
2021-11-30,Imperial,025,180216,35498,34999,3532,38531,773
2021-11-30,Inyo,027,18085,2558,2530,38,2568,46
2021-11-30,Kern,029,883053,132775,131451,23722,155173,1799
2021-11-30,Kings,031,150075,33513,33074,2016,35090,362
2021-11-30,Lake,033,64148,6950,6892,154,7046,110
2021-11-30,Lassen,035,31185,7060,7003,413,7416,51
2021-11-30,Los Angeles,037,10098052,1473827,1460177,54957,1515134,26913
2021-11-30,Madera,039,155013,24378,24108,2274,26382,307
2021-11-30,Marin,041,260295,18240,18010,509,18519,249
2021-11-30,Mariposa,043,17540,1443,1412,60,1472,6
2021-11-30,Mendocino,045,87422,8120,7960,659,8619,89
2021-11-30,Merced,047,269075,43406,43200,2088,45288,668
2021-11-30,Modoc,049,8938,593,576,200,776,5
2021-11-30,Mono,051,14174,1909,1873,23,1896,4
2021-11-30,Monterey,053,433212,49844,48581,3156,51737,626
2021-11-30,Napa,055,140530,13361,13308,115,13423,105
2021-11-30,Nevada,057,99092,9835,9699,344,10043,105
2021-11-30,Orange,059,3164182,315385,312451,15954,328405,5724
2021-11-30,Placer,061,380077,38854,38324,3849,42173,470
2021-11-30,Plumas,063,18699,1955,1887,44,1931,7
2021-11-30,Riverside,065,2383286,375788,370739,16581,387320,5358
2021-11-30,Sacramento,067,1510023,164839,163420,4922,168342,2353
2021-11-30,San Benito,069,59416,7683,7645,180,7825,78
2021-11-30,San Bernardino,071,2135413,367008,363006,11619,374625,5967
2021-11-30,San Diego,073,3302833,388448,385405,22704,408109,4340
2021-11-30,San Francisco,075,870044,54921,54147,2392,56539,672
2021-11-30,San Joaquin,077,732212,102877,101972,5561,107533,1834
2021-11-30,San Luis Obispo,079,281455,30679,30200,1320,31520,360
2021-11-30,San Mateo,081,765935,55873,54656,942,55598,579
2021-11-30,Santa Barbara,083,443738,46065,45628,1595,47223,553
2021-11-30,Santa Clara,085,1922200,152571,150799,1530,152329,1929
2021-11-30,Santa Cruz,087,273765,21480,21169,1022,22191,224
2021-11-30,Shasta,089,179085,22552,22347,3684,26031,401
2021-11-30,Sierra,091,2930,197,195,21,216,0
2021-11-30,Siskiyou,093,43540,3457,3385,1338,4723,55
2021-11-30,Solano,095,438530,47202,46434,1330,47764,358
2021-11-30,Sonoma,097,501317,43099,42663,561,43224,405
2021-11-30,Stanislaus,099,539301,81220,81276,9153,90429,1227
2021-11-30,Sutter,101,95872,14248,14210,389,14599,186
2021-11-30,Tehama,103,63373,8807,8727,1527,10254,130
2021-11-30,Trinity,105,12862,902,799,219,1018,17
2021-11-30,Tulare,107,460477,71009,69900,15893,85793,1099
2021-11-30,Tuolumne,109,53932,7715,7643,113,7756,91
2021-11-30,Ventura,111,848112,100583,99601,4383,103984,1191
2021-11-30,Yolo,113,214977,20663,20376,1043,21419,260
2021-11-30,Yuba,115,75493,10471,10398,368,10766,89
2021-11-29,Alameda,001,1643700,122809,122136,2852,124988,1489
2021-11-29,Alpine,002,1148,105,108,0,108,0
2021-11-29,Amador,005,37829,5746,5706,67,5773,66
2021-11-29,Butte,007,227075,21793,21544,4060,25604,314
2021-11-29,Calaveras,009,45235,4402,4353,61,4414,88
2021-11-29,Colusa,011,21464,2618,2585,666,3251,20
2021-11-29,Contra Costa,013,1133247,102245,101441,2284,103725,1046
2021-11-29,Del Norte,015,27424,3774,3704,55,3759,42
2021-11-29,El Dorado,017,186661,16814,16534,1777,18311,166
2021-11-29,Fresno,019,978130,145921,144282,13108,157390,2254
2021-11-29,Glenn,021,27897,3594,3555,1039,4594,36
2021-11-29,Humboldt,023,135768,9634,9514,657,10171,115
2021-11-29,Imperial,025,180216,35433,34960,3511,38471,773
2021-11-29,Inyo,027,18085,2553,2529,38,2567,46
2021-11-29,Kern,029,883053,132591,131362,23681,155043,1789
2021-11-29,Kings,031,150075,33460,33059,2012,35071,363
2021-11-29,Lake,033,64148,6938,6889,154,7043,110
2021-11-29,Lassen,035,31185,7057,7003,411,7414,51
2021-11-29,Los Angeles,037,10098052,1471979,1459446,54872,1514318,26889
2021-11-29,Madera,039,155013,24342,24069,2266,26335,307
2021-11-29,Marin,041,260295,18192,17980,504,18484,249
2021-11-29,Mariposa,043,17540,1435,1409,60,1469,6
2021-11-29,Mendocino,045,87422,8103,7954,655,8609,89
2021-11-29,Merced,047,269075,43333,43167,2080,45247,667
2021-11-29,Modoc,049,8938,592,569,200,769,5
2021-11-29,Mono,051,14174,1892,1859,23,1882,4
2021-11-29,Monterey,053,433212,49784,48548,3140,51688,626
2021-11-29,Napa,055,140530,13351,13304,115,13419,104
2021-11-29,Nevada,057,99092,9821,9689,344,10033,105
2021-11-29,Orange,059,3164182,314981,312203,15909,328112,5709
2021-11-29,Placer,061,380077,38789,38261,3844,42105,470
2021-11-29,Plumas,063,18699,1952,1884,44,1928,7
2021-11-29,Riverside,065,2383286,375249,370334,16570,386904,5358
2021-11-29,Sacramento,067,1510023,164590,163282,4890,168172,2342
2021-11-29,San Benito,069,59416,7663,7631,179,7810,77
2021-11-29,San Bernardino,071,2135413,366404,362694,11585,374279,5962
2021-11-29,San Diego,073,3302833,387560,384853,22670,407523,4335
2021-11-29,San Francisco,075,870044,54822,54125,2388,56513,669
2021-11-29,San Joaquin,077,732212,102738,101927,5554,107481,1834
2021-11-29,San Luis Obispo,079,281455,30645,30165,1316,31481,359
2021-11-29,San Mateo,081,765935,55770,54622,938,55560,579
2021-11-29,Santa Barbara,083,443738,45968,45576,1591,47167,549
2021-11-29,Santa Clara,085,1922200,152295,150620,1524,152144,1925
2021-11-29,Santa Cruz,087,273765,21442,21149,1021,22170,224
2021-11-29,Shasta,089,179085,22517,22315,3680,25995,399
2021-11-29,Sierra,091,2930,197,195,21,216,0
2021-11-29,Siskiyou,093,43540,3454,3374,1331,4705,55
2021-11-29,Solano,095,438530,47150,46412,1328,47740,357
2021-11-29,Sonoma,097,501317,43022,42624,558,43182,405
2021-11-29,Stanislaus,099,539301,81138,81227,9135,90362,1223
2021-11-29,Sutter,101,95872,14232,14204,386,14590,186
2021-11-29,Tehama,103,63373,8802,8720,1522,10242,130
2021-11-29,Trinity,105,12862,897,798,219,1017,17
2021-11-29,Tulare,107,460477,70929,69850,15859,85709,1096
2021-11-29,Tuolumne,109,53932,7702,7627,113,7740,90
2021-11-29,Ventura,111,848112,100462,99520,4374,103894,1190
2021-11-29,Yolo,113,214977,20618,20344,1041,21385,257
2021-11-29,Yuba,115,75493,10454,10395,367,10762,89
2021-11-28,Alameda,001,1643700,122590,122082,2846,124928,1491
2021-11-28,Alpine,002,1148,105,108,0,108,0
2021-11-28,Amador,005,37829,5736,5703,67,5770,66
2021-11-28,Butte,007,227075,21752,21530,4057,25587,313
2021-11-28,Calaveras,009,45235,4381,4350,61,4411,88
2021-11-28,Colusa,011,21464,2614,2586,665,3251,19
2021-11-28,Contra Costa,013,1133247,102072,101355,2274,103629,1046
2021-11-28,Del Norte,015,27424,3769,3703,55,3758,42
2021-11-28,El Dorado,017,186661,16773,16527,1776,18303,166
2021-11-28,Fresno,019,978130,145675,144164,13080,157244,2252
2021-11-28,Glenn,021,27897,3591,3547,1037,4584,36
2021-11-28,Humboldt,023,135768,9602,9499,653,10152,115
2021-11-28,Imperial,025,180216,35325,34929,3487,38416,773
2021-11-28,Inyo,027,18085,2546,2531,38,2569,46
2021-11-28,Kern,029,883053,132384,131279,23624,154903,1789
2021-11-28,Kings,031,150075,33387,33057,2006,35063,364
2021-11-28,Lake,033,64148,6928,6885,153,7038,110
2021-11-28,Lassen,035,31185,7048,7002,407,7409,51
2021-11-28,Los Angeles,037,10098052,1469813,1458646,54785,1513431,26878
2021-11-28,Madera,039,155013,24294,24055,2259,26314,307
2021-11-28,Marin,041,260295,18145,17962,500,18462,249
2021-11-28,Mariposa,043,17540,1431,1406,60,1466,6
2021-11-28,Mendocino,045,87422,8073,7943,650,8593,89
2021-11-28,Merced,047,269075,43267,43166,2065,45231,667
2021-11-28,Modoc,049,8938,591,569,200,769,5
2021-11-28,Mono,051,14174,1886,1841,23,1864,4
2021-11-28,Monterey,053,433212,49718,48537,3120,51657,626
2021-11-28,Napa,055,140530,13338,13303,115,13418,104
2021-11-28,Nevada,057,99092,9795,9684,343,10027,105
2021-11-28,Orange,059,3164182,314596,312028,15867,327895,5693
2021-11-28,Placer,061,380077,38708,38240,3825,42065,470
2021-11-28,Plumas,063,18699,1946,1884,43,1927,7
2021-11-28,Riverside,065,2383286,374585,370051,16548,386599,5358
2021-11-28,Sacramento,067,1510023,164232,163170,4867,168037,2335
2021-11-28,San Benito,069,59416,7644,7623,178,7801,77
2021-11-28,San Bernardino,071,2135413,365662,362407,11557,373964,5958
2021-11-28,San Diego,073,3302833,386672,383025,22606,405631,4325
2021-11-28,San Francisco,075,870044,54746,54082,2383,56465,669
2021-11-28,San Joaquin,077,732212,102557,101895,5537,107432,1834
2021-11-28,San Luis Obispo,079,281455,30582,30152,1312,31464,358
2021-11-28,San Mateo,081,765935,55676,54567,934,55501,579
2021-11-28,Santa Barbara,083,443738,45889,45551,1580,47131,549
2021-11-28,Santa Clara,085,1922200,151994,150436,1510,151946,1920
2021-11-28,Santa Cruz,087,273765,21371,21110,1020,22130,224
2021-11-28,Shasta,089,179085,22478,22316,3678,25994,400
2021-11-28,Sierra,091,2930,197,195,21,216,0
2021-11-28,Siskiyou,093,43540,3448,3372,1327,4699,55
2021-11-28,Solano,095,438530,47088,46385,1327,47712,356
2021-11-28,Sonoma,097,501317,42936,42583,555,43138,405
2021-11-28,Stanislaus,099,539301,81013,81181,9113,90294,1223
2021-11-28,Sutter,101,95872,14211,14192,380,14572,186
2021-11-28,Tehama,103,63373,8794,8720,1518,10238,130
2021-11-28,Trinity,105,12862,896,797,219,1016,17
2021-11-28,Tulare,107,460477,70832,69833,15807,85640,1095
2021-11-28,Tuolumne,109,53932,7682,7620,113,7733,90
2021-11-28,Ventura,111,848112,100306,99486,4363,103849,1190
2021-11-28,Yolo,113,214977,20575,20333,1041,21374,257
2021-11-28,Yuba,115,75493,10436,10391,365,10756,89
2021-11-27,Alameda,001,1643700,122492,121618,2843,124461,1477
2021-11-27,Alpine,002,1148,105,106,0,106,0
2021-11-27,Amador,005,37829,5735,5670,67,5737,66
2021-11-27,Butte,007,227075,21729,21384,4052,25436,309
2021-11-27,Calaveras,009,45235,4375,4294,61,4355,85
2021-11-27,Colusa,011,21464,2613,2568,663,3231,19
2021-11-27,Contra Costa,013,1133247,101987,100961,2273,103234,1045
2021-11-27,Del Norte,015,27424,3762,3661,55,3716,42
2021-11-27,El Dorado,017,186661,16739,16399,1775,18174,161
2021-11-27,Fresno,019,978130,145563,143386,13074,156460,2246
2021-11-27,Glenn,021,27897,3587,3532,1036,4568,36
2021-11-27,Humboldt,023,135768,9574,9399,651,10050,115
2021-11-27,Imperial,025,180216,35242,34611,3471,38082,769
2021-11-27,Inyo,027,18085,2543,2506,38,2544,45
2021-11-27,Kern,029,883053,132299,130245,23595,153840,1773
2021-11-27,Kings,031,150075,33365,32891,2003,34894,358
2021-11-27,Lake,033,64148,6925,6836,152,6988,110
2021-11-27,Lassen,035,31185,7046,6959,406,7365,47
2021-11-27,Los Angeles,037,10098052,1468807,1454495,54717,1509212,26817
2021-11-27,Madera,039,155013,24273,23880,2254,26134,296
2021-11-27,Marin,041,260295,18106,17857,495,18352,248
2021-11-27,Mariposa,043,17540,1429,1374,60,1434,6
2021-11-27,Mendocino,045,87422,8054,7871,650,8521,89
2021-11-27,Merced,047,269075,43232,42921,2062,44983,664
2021-11-27,Modoc,049,8938,589,551,200,751,5
2021-11-27,Mono,051,14174,1884,1810,23,1833,4
2021-11-27,Monterey,053,433212,49685,48400,3106,51506,625
2021-11-27,Napa,055,140530,13324,13256,115,13371,104
2021-11-27,Nevada,057,99092,9773,9584,342,9926,103
2021-11-27,Orange,059,3164182,314345,310809,15830,326639,5665
2021-11-27,Placer,061,380077,38647,38001,3819,41820,468
2021-11-27,Plumas,063,18699,1942,1860,43,1903,7
2021-11-27,Riverside,065,2383286,374224,367601,16541,384142,5306
2021-11-27,Sacramento,067,1510023,164074,162328,4864,167192,2335
2021-11-27,San Benito,069,59416,7628,7575,178,7753,77
2021-11-27,San Bernardino,071,2135413,365227,360033,11548,371581,5932
2021-11-27,San Diego,073,3302833,386177,382634,22580,405214,4319
2021-11-27,San Francisco,075,870044,54695,53830,2380,56210,669
2021-11-27,San Joaquin,077,732212,102489,101368,5534,106902,1833
2021-11-27,San Luis Obispo,079,281455,30547,29983,1308,31291,358
2021-11-27,San Mateo,081,765935,55619,54360,931,55291,577
2021-11-27,Santa Barbara,083,443738,45835,45318,1578,46896,548
2021-11-27,Santa Clara,085,1922200,151787,149700,1503,151203,1922
2021-11-27,Santa Cruz,087,273765,21331,20929,1017,21946,222
2021-11-27,Shasta,089,179085,22455,22151,3677,25828,396
2021-11-27,Sierra,091,2930,196,194,21,215,0
2021-11-27,Siskiyou,093,43540,3445,3336,1325,4661,54
2021-11-27,Solano,095,438530,47052,46163,1324,47487,356
2021-11-27,Sonoma,097,501317,42873,42368,555,42923,405
2021-11-27,Stanislaus,099,539301,80944,80782,9096,89878,1220
2021-11-27,Sutter,101,95872,14203,14127,379,14506,181
2021-11-27,Tehama,103,63373,8792,8675,1517,10192,129
2021-11-27,Trinity,105,12862,896,789,219,1008,17
2021-11-27,Tulare,107,460477,70779,69377,15791,85168,1082
2021-11-27,Tuolumne,109,53932,7669,7574,113,7687,90
2021-11-27,Ventura,111,848112,100233,99163,4356,103519,1188
2021-11-27,Yolo,113,214977,20547,20237,1039,21276,257
2021-11-27,Yuba,115,75493,10425,10335,365,10700,88
2021-11-26,Alameda,001,1643700,122384,121618,2841,124459,1477
2021-11-26,Alpine,002,1148,105,106,0,106,0
2021-11-26,Amador,005,37829,5731,5670,67,5737,66
2021-11-26,Butte,007,227075,21705,21384,4047,25431,309
2021-11-26,Calaveras,009,45235,4366,4294,61,4355,85
2021-11-26,Colusa,011,21464,2611,2568,662,3230,19
2021-11-26,Contra Costa,013,1133247,101899,100961,2269,103230,1045
2021-11-26,Del Norte,015,27424,3759,3661,55,3716,42
2021-11-26,El Dorado,017,186661,16722,16399,1772,18171,161
2021-11-26,Fresno,019,978130,145430,143386,13064,156450,2246
2021-11-26,Glenn,021,27897,3584,3532,1036,4568,36
2021-11-26,Humboldt,023,135768,9555,9399,647,10046,115
2021-11-26,Imperial,025,180216,35185,34611,3458,38069,769
2021-11-26,Inyo,027,18085,2543,2506,38,2544,45
2021-11-26,Kern,029,883053,132216,130245,23551,153796,1773
2021-11-26,Kings,031,150075,33341,32891,2001,34892,358
2021-11-26,Lake,033,64148,6923,6836,152,6988,110
2021-11-26,Lassen,035,31185,7040,6959,406,7365,47
2021-11-26,Los Angeles,037,10098052,1467958,1454495,54656,1509151,26817
2021-11-26,Madera,039,155013,24246,23880,2252,26132,296
2021-11-26,Marin,041,260295,18077,17857,494,18351,248
2021-11-26,Mariposa,043,17540,1423,1374,59,1433,6
2021-11-26,Mendocino,045,87422,8044,7871,650,8521,89
2021-11-26,Merced,047,269075,43202,42921,2058,44979,664
2021-11-26,Modoc,049,8938,587,551,200,751,5
2021-11-26,Mono,051,14174,1873,1810,23,1833,4
2021-11-26,Monterey,053,433212,49642,48400,3098,51498,625
2021-11-26,Napa,055,140530,13308,13256,115,13371,104
2021-11-26,Nevada,057,99092,9761,9584,342,9926,103
2021-11-26,Orange,059,3164182,314076,310809,15798,326607,5665
2021-11-26,Placer,061,380077,38602,38001,3811,41812,468
2021-11-26,Plumas,063,18699,1937,1860,43,1903,7
2021-11-26,Riverside,065,2383286,373823,367601,16534,384135,5306
2021-11-26,Sacramento,067,1510023,163961,162328,4859,167187,2335
2021-11-26,San Benito,069,59416,7620,7575,178,7753,77
2021-11-26,San Bernardino,071,2135413,364794,360033,11541,371574,5932
2021-11-26,San Diego,073,3302833,385632,382634,22568,405202,4319
2021-11-26,San Francisco,075,870044,54647,53830,2378,56208,669
2021-11-26,San Joaquin,077,732212,102432,101368,5533,106901,1833
2021-11-26,San Luis Obispo,079,281455,30505,29983,1305,31288,358
2021-11-26,San Mateo,081,765935,55556,54360,930,55290,577
2021-11-26,Santa Barbara,083,443738,45788,45318,1577,46895,548
2021-11-26,Santa Clara,085,1922200,151617,149700,1495,151195,1922
2021-11-26,Santa Cruz,087,273765,21291,20929,1017,21946,222
2021-11-26,Shasta,089,179085,22435,22151,3675,25826,396
2021-11-26,Sierra,091,2930,196,194,21,215,0
2021-11-26,Siskiyou,093,43540,3442,3336,1324,4660,54
2021-11-26,Solano,095,438530,47010,46163,1323,47486,356
2021-11-26,Sonoma,097,501317,42823,42368,553,42921,405
2021-11-26,Stanislaus,099,539301,80871,80782,9085,89867,1220
2021-11-26,Sutter,101,95872,14190,14127,378,14505,181
2021-11-26,Tehama,103,63373,8790,8675,1516,10191,129
2021-11-26,Trinity,105,12862,895,789,219,1008,17
2021-11-26,Tulare,107,460477,70733,69377,15759,85136,1082
2021-11-26,Tuolumne,109,53932,7659,7574,113,7687,90
2021-11-26,Ventura,111,848112,100153,99163,4351,103514,1188
2021-11-26,Yolo,113,214977,20527,20237,1033,21270,257
2021-11-26,Yuba,115,75493,10419,10335,365,10700,88
2021-11-25,Alameda,001,1643700,122275,121618,2836,124454,1477
2021-11-25,Alpine,002,1148,105,106,0,106,0
2021-11-25,Amador,005,37829,5723,5670,67,5737,66
2021-11-25,Butte,007,227075,21687,21384,4045,25429,309
2021-11-25,Calaveras,009,45235,4361,4294,61,4355,85
2021-11-25,Colusa,011,21464,2608,2568,660,3228,19
2021-11-25,Contra Costa,013,1133247,101795,100961,2266,103227,1045
2021-11-25,Del Norte,015,27424,3754,3661,55,3716,42
2021-11-25,El Dorado,017,186661,16703,16399,1772,18171,161
2021-11-25,Fresno,019,978130,145297,143386,13055,156441,2246
2021-11-25,Glenn,021,27897,3581,3532,1035,4567,36
2021-11-25,Humboldt,023,135768,9536,9399,644,10043,115
2021-11-25,Imperial,025,180216,35140,34611,3447,38058,769
2021-11-25,Inyo,027,18085,2541,2506,38,2544,45
2021-11-25,Kern,029,883053,132118,130245,23505,153750,1773
2021-11-25,Kings,031,150075,33313,32891,2000,34891,358
2021-11-25,Lake,033,64148,6916,6836,152,6988,110
2021-11-25,Lassen,035,31185,7038,6959,405,7364,47
2021-11-25,Los Angeles,037,10098052,1466988,1454495,54599,1509094,26817
2021-11-25,Madera,039,155013,24210,23880,2251,26131,296
2021-11-25,Marin,041,260295,18050,17857,488,18345,248
2021-11-25,Mariposa,043,17540,1420,1374,59,1433,6
2021-11-25,Mendocino,045,87422,8026,7871,650,8521,89
2021-11-25,Merced,047,269075,43163,42921,2052,44973,664
2021-11-25,Modoc,049,8938,586,551,200,751,5
2021-11-25,Mono,051,14174,1862,1810,23,1833,4
2021-11-25,Monterey,053,433212,49598,48400,3089,51489,625
2021-11-25,Napa,055,140530,13300,13256,115,13371,104
2021-11-25,Nevada,057,99092,9742,9584,339,9923,103
2021-11-25,Orange,059,3164182,313813,310809,15767,326576,5665
2021-11-25,Placer,061,380077,38555,38001,3806,41807,468
2021-11-25,Plumas,063,18699,1935,1860,43,1903,7
2021-11-25,Riverside,065,2383286,373407,367601,16527,384128,5306
2021-11-25,Sacramento,067,1510023,163782,162328,4853,167181,2335
2021-11-25,San Benito,069,59416,7613,7575,178,7753,77
2021-11-25,San Bernardino,071,2135413,364395,360033,11524,371557,5932
2021-11-25,San Diego,073,3302833,385190,382634,22549,405183,4319
2021-11-25,San Francisco,075,870044,54598,53830,2375,56205,669
2021-11-25,San Joaquin,077,732212,102349,101368,5529,106897,1833
2021-11-25,San Luis Obispo,079,281455,30475,29983,1303,31286,358
2021-11-25,San Mateo,081,765935,55507,54360,928,55288,577
2021-11-25,Santa Barbara,083,443738,45749,45318,1575,46893,548
2021-11-25,Santa Clara,085,1922200,151459,149700,1490,151190,1922
2021-11-25,Santa Cruz,087,273765,21258,20929,1017,21946,222
2021-11-25,Shasta,089,179085,22409,22151,3675,25826,396
2021-11-25,Sierra,091,2930,196,194,21,215,0
2021-11-25,Siskiyou,093,43540,3439,3336,1324,4660,54
2021-11-25,Solano,095,438530,46973,46163,1322,47485,356
2021-11-25,Sonoma,097,501317,42766,42368,549,42917,405
2021-11-25,Stanislaus,099,539301,80804,80782,9071,89853,1220
2021-11-25,Sutter,101,95872,14174,14127,377,14504,181
2021-11-25,Tehama,103,63373,8782,8675,1516,10191,129
2021-11-25,Trinity,105,12862,895,789,219,1008,17
2021-11-25,Tulare,107,460477,70665,69377,15733,85110,1082
2021-11-25,Tuolumne,109,53932,7647,7574,113,7687,90
2021-11-25,Ventura,111,848112,100087,99163,4348,103511,1188
2021-11-25,Yolo,113,214977,20496,20237,1030,21267,257
2021-11-25,Yuba,115,75493,10410,10335,364,10699,88
2021-11-24,Alameda,001,1643700,122212,121618,2832,124450,1477
2021-11-24,Alpine,002,1148,105,106,0,106,0
2021-11-24,Amador,005,37829,5713,5670,67,5737,66
2021-11-24,Butte,007,227075,21671,21384,4044,25428,309
2021-11-24,Calaveras,009,45235,4354,4294,61,4355,85
2021-11-24,Colusa,011,21464,2608,2568,659,3227,19
2021-11-24,Contra Costa,013,1133247,101756,100961,2263,103224,1045
2021-11-24,Del Norte,015,27424,3751,3661,55,3716,42
2021-11-24,El Dorado,017,186661,16691,16399,1771,18170,161
2021-11-24,Fresno,019,978130,145242,143386,13053,156439,2246
2021-11-24,Glenn,021,27897,3576,3532,1034,4566,36
2021-11-24,Humboldt,023,135768,9521,9399,644,10043,115
2021-11-24,Imperial,025,180216,35111,34611,3441,38052,769
2021-11-24,Inyo,027,18085,2538,2506,38,2544,45
2021-11-24,Kern,029,883053,132056,130245,23493,153738,1773
2021-11-24,Kings,031,150075,33299,32891,1999,34890,358
2021-11-24,Lake,033,64148,6912,6836,152,6988,110
2021-11-24,Lassen,035,31185,7038,6959,405,7364,47
2021-11-24,Los Angeles,037,10098052,1466503,1454495,54557,1509052,26817
2021-11-24,Madera,039,155013,24187,23880,2245,26125,296
2021-11-24,Marin,041,260295,18038,17857,486,18343,248
2021-11-24,Mariposa,043,17540,1420,1374,59,1433,6
2021-11-24,Mendocino,045,87422,8014,7871,650,8521,89
2021-11-24,Merced,047,269075,43131,42921,2049,44970,664
2021-11-24,Modoc,049,8938,586,551,200,751,5
2021-11-24,Mono,051,14174,1859,1810,23,1833,4
2021-11-24,Monterey,053,433212,49585,48400,3088,51488,625
2021-11-24,Napa,055,140530,13296,13256,115,13371,104
2021-11-24,Nevada,057,99092,9727,9584,339,9923,103
2021-11-24,Orange,059,3164182,313658,310809,15752,326561,5665
2021-11-24,Placer,061,380077,38521,38001,3803,41804,468
2021-11-24,Plumas,063,18699,1933,1860,43,1903,7
2021-11-24,Riverside,065,2383286,373228,367601,16521,384122,5306
2021-11-24,Sacramento,067,1510023,163710,162328,4853,167181,2335
2021-11-24,San Benito,069,59416,7611,7575,178,7753,77
2021-11-24,San Bernardino,071,2135413,364183,360033,11514,371547,5932
2021-11-24,San Diego,073,3302833,384932,382634,22536,405170,4319
2021-11-24,San Francisco,075,870044,54567,53830,2373,56203,669
2021-11-24,San Joaquin,077,732212,102308,101368,5526,106894,1833
2021-11-24,San Luis Obispo,079,281455,30456,29983,1303,31286,358
2021-11-24,San Mateo,081,765935,55477,54360,927,55287,577
2021-11-24,Santa Barbara,083,443738,45722,45318,1575,46893,548
2021-11-24,Santa Clara,085,1922200,151363,149700,1489,151189,1922
2021-11-24,Santa Cruz,087,273765,21235,20929,1016,21945,222
2021-11-24,Shasta,089,179085,22398,22151,3672,25823,396
2021-11-24,Sierra,091,2930,196,194,21,215,0
2021-11-24,Siskiyou,093,43540,3436,3336,1324,4660,54
2021-11-24,Solano,095,438530,46945,46163,1320,47483,356
2021-11-24,Sonoma,097,501317,42734,42368,547,42915,405
2021-11-24,Stanislaus,099,539301,80767,80782,9066,89848,1220
2021-11-24,Sutter,101,95872,14161,14127,375,14502,181
2021-11-24,Tehama,103,63373,8779,8675,1515,10190,129
2021-11-24,Trinity,105,12862,895,789,219,1008,17
2021-11-24,Tulare,107,460477,70641,69377,15714,85091,1082
2021-11-24,Tuolumne,109,53932,7643,7574,113,7687,90
2021-11-24,Ventura,111,848112,100052,99163,4344,103507,1188
2021-11-24,Yolo,113,214977,20487,20237,1030,21267,257
2021-11-24,Yuba,115,75493,10406,10335,363,10698,88
2021-11-23,Alameda,001,1643700,122094,121618,2825,124443,1477
2021-11-23,Alpine,002,1148,105,106,0,106,0
2021-11-23,Amador,005,37829,5706,5670,67,5737,66
2021-11-23,Butte,007,227075,21642,21384,4040,25424,309
2021-11-23,Calaveras,009,45235,4348,4294,60,4354,85
2021-11-23,Colusa,011,21464,2604,2568,657,3225,19
2021-11-23,Contra Costa,013,1133247,101649,100961,2261,103222,1045
2021-11-23,Del Norte,015,27424,3748,3661,55,3716,42
2021-11-23,El Dorado,017,186661,16660,16399,1768,18167,161
2021-11-23,Fresno,019,978130,145103,143386,13044,156430,2246
2021-11-23,Glenn,021,27897,3571,3532,1034,4566,36
2021-11-23,Humboldt,023,135768,9499,9399,641,10040,115
2021-11-23,Imperial,025,180216,35042,34611,3422,38033,769
2021-11-23,Inyo,027,18085,2534,2506,38,2544,45
2021-11-23,Kern,029,883053,131947,130245,23444,153689,1773
2021-11-23,Kings,031,150075,33257,32891,1998,34889,358
2021-11-23,Lake,033,64148,6907,6836,152,6988,110
2021-11-23,Lassen,035,31185,7035,6959,402,7361,47
2021-11-23,Los Angeles,037,10098052,1465494,1454495,54490,1508985,26817
2021-11-23,Madera,039,155013,24161,23880,2243,26123,296
2021-11-23,Marin,041,260295,18009,17857,483,18340,248
2021-11-23,Mariposa,043,17540,1417,1374,59,1433,6
2021-11-23,Mendocino,045,87422,7993,7871,647,8518,89
2021-11-23,Merced,047,269075,43092,42921,2048,44969,664
2021-11-23,Modoc,049,8938,584,551,200,751,5
2021-11-23,Mono,051,14174,1845,1810,23,1833,4
2021-11-23,Monterey,053,433212,49549,48400,3082,51482,625
2021-11-23,Napa,055,140530,13288,13256,115,13371,104
2021-11-23,Nevada,057,99092,9698,9584,338,9922,103
2021-11-23,Orange,059,3164182,313408,310809,15716,326525,5665
2021-11-23,Placer,061,380077,38462,38001,3786,41787,468
2021-11-23,Plumas,063,18699,1929,1860,43,1903,7
2021-11-23,Riverside,065,2383286,372848,367601,16508,384109,5306
2021-11-23,Sacramento,067,1510023,163524,162328,4842,167170,2335
2021-11-23,San Benito,069,59416,7602,7575,176,7751,77
2021-11-23,San Bernardino,071,2135413,363766,360033,11499,371532,5932
2021-11-23,San Diego,073,3302833,384447,382634,22513,405147,4319
2021-11-23,San Francisco,075,870044,54507,53830,2371,56201,669
2021-11-23,San Joaquin,077,732212,102198,101368,5515,106883,1833
2021-11-23,San Luis Obispo,079,281455,30421,29983,1300,31283,358
2021-11-23,San Mateo,081,765935,55426,54360,926,55286,577
2021-11-23,Santa Barbara,083,443738,45669,45318,1575,46893,548
2021-11-23,Santa Clara,085,1922200,151151,149700,1477,151177,1922
2021-11-23,Santa Cruz,087,273765,21197,20929,1016,21945,222
2021-11-23,Shasta,089,179085,22362,22151,3670,25821,396
2021-11-23,Sierra,091,2930,196,194,21,215,0
2021-11-23,Siskiyou,093,43540,3431,3336,1323,4659,54
2021-11-23,Solano,095,438530,46890,46163,1316,47479,356
2021-11-23,Sonoma,097,501317,42683,42368,544,42912,405
2021-11-23,Stanislaus,099,539301,80697,80782,9054,89836,1220
2021-11-23,Sutter,101,95872,14145,14127,374,14501,181
2021-11-23,Tehama,103,63373,8766,8675,1514,10189,129
2021-11-23,Trinity,105,12862,894,789,219,1008,17
2021-11-23,Tulare,107,460477,70594,69377,15684,85061,1082
2021-11-23,Tuolumne,109,53932,7631,7574,112,7686,90
2021-11-23,Ventura,111,848112,99969,99163,4338,103501,1188
2021-11-23,Yolo,113,214977,20464,20237,1024,21261,257
2021-11-23,Yuba,115,75493,10394,10335,363,10698,88
2021-11-22,Alameda,001,1643700,121979,121566,2824,124390,1475
2021-11-22,Alpine,002,1148,105,106,0,106,0
2021-11-22,Amador,005,37829,5693,5670,67,5737,66
2021-11-22,Butte,007,227075,21603,21363,4035,25398,305
2021-11-22,Calaveras,009,45235,4336,4294,60,4354,84
2021-11-22,Colusa,011,21464,2601,2565,657,3222,19
2021-11-22,Contra Costa,013,1133247,101561,100877,2256,103133,1045
2021-11-22,Del Norte,015,27424,3745,3659,55,3714,42
2021-11-22,El Dorado,017,186661,16637,16378,1765,18143,161
2021-11-22,Fresno,019,978130,144970,143290,13036,156326,2243
2021-11-22,Glenn,021,27897,3566,3530,1033,4563,36
2021-11-22,Humboldt,023,135768,9473,9389,636,10025,115
2021-11-22,Imperial,025,180216,34981,34562,3408,37970,766
2021-11-22,Inyo,027,18085,2528,2501,38,2539,44
2021-11-22,Kern,029,883053,131786,130091,23395,153486,1762
2021-11-22,Kings,031,150075,33220,32867,1993,34860,358
2021-11-22,Lake,033,64148,6902,6837,152,6989,110
2021-11-22,Lassen,035,31185,7033,6954,401,7355,47
2021-11-22,Los Angeles,037,10098052,1464428,1453945,54408,1508353,26800
2021-11-22,Madera,039,155013,24127,23872,2235,26107,296
2021-11-22,Marin,041,260295,17977,17842,481,18323,248
2021-11-22,Mariposa,043,17540,1413,1372,59,1431,6
2021-11-22,Mendocino,045,87422,7977,7859,646,8505,89
2021-11-22,Merced,047,269075,43041,42898,2037,44935,660
2021-11-22,Modoc,049,8938,583,551,200,751,5
2021-11-22,Mono,051,14174,1838,1809,23,1832,4
2021-11-22,Monterey,053,433212,49521,48374,3078,51452,611
2021-11-22,Napa,055,140530,13279,13255,114,13369,104
2021-11-22,Nevada,057,99092,9680,9575,336,9911,96
2021-11-22,Orange,059,3164182,313166,310654,15690,326344,5663
2021-11-22,Placer,061,380077,38414,37956,3778,41734,465
2021-11-22,Plumas,063,18699,1926,1858,43,1901,7
2021-11-22,Riverside,065,2383286,372409,367301,16499,383800,5283
2021-11-22,Sacramento,067,1510023,163332,162222,4833,167055,2328
2021-11-22,San Benito,069,59416,7582,7567,176,7743,77
2021-11-22,San Bernardino,071,2135413,363349,359851,11488,371339,5916
2021-11-22,San Diego,073,3302833,383953,382132,22489,404621,4317
2021-11-22,San Francisco,075,870044,54415,53778,2365,56143,669
2021-11-22,San Joaquin,077,732212,102073,101299,5510,106809,1833
2021-11-22,San Luis Obispo,079,281455,30395,29963,1297,31260,358
2021-11-22,San Mateo,081,765935,55369,54330,924,55254,577
2021-11-22,Santa Barbara,083,443738,45593,45279,1575,46854,546
2021-11-22,Santa Clara,085,1922200,150967,149541,1467,151008,1919
2021-11-22,Santa Cruz,087,273765,21156,20891,1016,21907,222
2021-11-22,Shasta,089,179085,22348,22116,3665,25781,393
2021-11-22,Sierra,091,2930,196,193,21,214,0
2021-11-22,Siskiyou,093,43540,3426,3336,1321,4657,54
2021-11-22,Solano,095,438530,46841,46153,1314,47467,356
2021-11-22,Sonoma,097,501317,42622,42344,543,42887,404
2021-11-22,Stanislaus,099,539301,80610,80718,9044,89762,1209
2021-11-22,Sutter,101,95872,14129,14125,372,14497,181
2021-11-22,Tehama,103,63373,8759,8669,1509,10178,127
2021-11-22,Trinity,105,12862,893,785,219,1004,17
2021-11-22,Tulare,107,460477,70534,69314,15648,84962,1075
2021-11-22,Tuolumne,109,53932,7616,7567,112,7679,90
2021-11-22,Ventura,111,848112,99903,99114,4335,103449,1186
2021-11-22,Yolo,113,214977,20441,20227,1022,21249,257
2021-11-22,Yuba,115,75493,10385,10332,362,10694,88
2021-11-21,Alameda,001,1643700,121846,121443,2820,124263,1475
2021-11-21,Alpine,002,1148,103,106,0,106,0
2021-11-21,Amador,005,37829,5688,5662,66,5728,66
2021-11-21,Butte,007,227075,21561,21342,4030,25372,306
2021-11-21,Calaveras,009,45235,4327,4287,60,4347,84
2021-11-21,Colusa,011,21464,2597,2562,656,3218,19
2021-11-21,Contra Costa,013,1133247,101459,100807,2249,103056,1045
2021-11-21,Del Norte,015,27424,3741,3659,55,3714,42
2021-11-21,El Dorado,017,186661,16610,16370,1759,18129,161
2021-11-21,Fresno,019,978130,144798,143203,13014,156217,2242
2021-11-21,Glenn,021,27897,3561,3529,1033,4562,36
2021-11-21,Humboldt,023,135768,9451,9378,635,10013,115
2021-11-21,Imperial,025,180216,34894,34527,3398,37925,766
2021-11-21,Inyo,027,18085,2521,2501,38,2539,44
2021-11-21,Kern,029,883053,131622,130020,23349,153369,1762
2021-11-21,Kings,031,150075,33182,32843,1989,34832,356
2021-11-21,Lake,033,64148,6895,6834,152,6986,110
2021-11-21,Lassen,035,31185,7024,6953,401,7354,47
2021-11-21,Los Angeles,037,10098052,1463368,1453181,54353,1507534,26793
2021-11-21,Madera,039,155013,24102,23856,2230,26086,296
2021-11-21,Marin,041,260295,17948,17829,478,18307,248
2021-11-21,Mariposa,043,17540,1412,1371,58,1429,6
2021-11-21,Mendocino,045,87422,7971,7846,643,8489,89
2021-11-21,Merced,047,269075,42986,42881,2034,44915,660
2021-11-21,Modoc,049,8938,579,551,200,751,5
2021-11-21,Mono,051,14174,1828,1799,22,1821,4
2021-11-21,Monterey,053,433212,49475,48358,3069,51427,611
2021-11-21,Napa,055,140530,13267,13250,114,13364,104
2021-11-21,Nevada,057,99092,9655,9556,335,9891,96
2021-11-21,Orange,059,3164182,312910,310477,15659,326136,5663
2021-11-21,Placer,061,380077,38336,37929,3777,41706,465
2021-11-21,Plumas,063,18699,1921,1858,43,1901,7
2021-11-21,Riverside,065,2383286,371918,367093,16491,383584,5283
2021-11-21,Sacramento,067,1510023,163114,162087,4823,166910,2327
2021-11-21,San Benito,069,59416,7568,7563,175,7738,77
2021-11-21,San Bernardino,071,2135413,362853,359621,11453,371074,5912
2021-11-21,San Diego,073,3302833,383422,380747,22464,403211,4317
2021-11-21,San Francisco,075,870044,54346,53741,2360,56101,669
2021-11-21,San Joaquin,077,732212,101966,101264,5497,106761,1833
2021-11-21,San Luis Obispo,079,281455,30357,29948,1297,31245,358
2021-11-21,San Mateo,081,765935,55317,54290,922,55212,577
2021-11-21,Santa Barbara,083,443738,45532,45237,1572,46809,546
2021-11-21,Santa Clara,085,1922200,150761,149387,1448,150835,1918
2021-11-21,Santa Cruz,087,273765,21112,20866,1014,21880,222
2021-11-21,Shasta,089,179085,22317,22112,3663,25775,393
2021-11-21,Sierra,091,2930,196,193,21,214,0
2021-11-21,Siskiyou,093,43540,3421,3333,1320,4653,54
2021-11-21,Solano,095,438530,46785,46122,1307,47429,356
2021-11-21,Sonoma,097,501317,42562,42298,542,42840,404
2021-11-21,Stanislaus,099,539301,80515,80687,9029,89716,1209
2021-11-21,Sutter,101,95872,14115,14111,372,14483,181
2021-11-21,Tehama,103,63373,8753,8669,1508,10177,127
2021-11-21,Trinity,105,12862,891,784,217,1001,17
2021-11-21,Tulare,107,460477,70451,69285,15610,84895,1075
2021-11-21,Tuolumne,109,53932,7608,7560,111,7671,90
2021-11-21,Ventura,111,848112,99812,99081,4332,103413,1186
2021-11-21,Yolo,113,214977,20413,20209,1019,21228,257
2021-11-21,Yuba,115,75493,10376,10326,362,10688,88
2021-11-20,Alameda,001,1643700,121752,121059,2814,123873,1473
2021-11-20,Alpine,002,1148,103,105,0,105,0
2021-11-20,Amador,005,37829,5682,5652,65,5717,66
2021-11-20,Butte,007,227075,21546,21265,4026,25291,300
2021-11-20,Calaveras,009,45235,4317,4268,60,4328,84
2021-11-20,Colusa,011,21464,2596,2549,655,3204,19
2021-11-20,Contra Costa,013,1133247,101383,100491,2245,102736,1043
2021-11-20,Del Norte,015,27424,3738,3637,55,3692,42
2021-11-20,El Dorado,017,186661,16589,16308,1757,18065,161
2021-11-20,Fresno,019,978130,144729,142579,13005,155584,2233
2021-11-20,Glenn,021,27897,3560,3526,1032,4558,35
2021-11-20,Humboldt,023,135768,9438,9302,633,9935,115
2021-11-20,Imperial,025,180216,34842,34312,3392,37704,766
2021-11-20,Inyo,027,18085,2520,2467,38,2505,44
2021-11-20,Kern,029,883053,131521,129488,23312,152800,1750
2021-11-20,Kings,031,150075,33172,32720,1989,34709,354
2021-11-20,Lake,033,64148,6892,6808,152,6960,110
2021-11-20,Lassen,035,31185,7023,6931,401,7332,47
2021-11-20,Los Angeles,037,10098052,1462748,1448963,54305,1503268,26741
2021-11-20,Madera,039,155013,24088,23720,2226,25946,296
2021-11-20,Marin,041,260295,17933,17774,478,18252,248
2021-11-20,Mariposa,043,17540,1411,1354,58,1412,6
2021-11-20,Mendocino,045,87422,7963,7773,643,8416,89
2021-11-20,Merced,047,269075,42960,42692,2034,44726,656
2021-11-20,Modoc,049,8938,578,550,200,750,5
2021-11-20,Mono,051,14174,1822,1767,22,1789,4
2021-11-20,Monterey,053,433212,49462,48260,3064,51324,609
2021-11-20,Napa,055,140530,13264,13184,114,13298,103
2021-11-20,Nevada,057,99092,9639,9480,335,9815,92
2021-11-20,Orange,059,3164182,312710,309672,15642,325314,5658
2021-11-20,Placer,061,380077,38294,37800,3772,41572,462
2021-11-20,Plumas,063,18699,1917,1841,43,1884,7
2021-11-20,Riverside,065,2383286,371644,365809,16479,382288,5265
2021-11-20,Sacramento,067,1510023,163010,161533,4819,166352,2316
2021-11-20,San Benito,069,59416,7564,7533,175,7708,77
2021-11-20,San Bernardino,071,2135413,362573,358322,11442,369764,5897
2021-11-20,San Diego,073,3302833,383096,380147,22438,402585,4311
2021-11-20,San Francisco,075,870044,54305,53525,2359,55884,669
2021-11-20,San Joaquin,077,732212,101916,100922,5492,106414,1832
2021-11-20,San Luis Obispo,079,281455,30343,29815,1296,31111,355
2021-11-20,San Mateo,081,765935,55283,54132,921,55053,577
2021-11-20,Santa Barbara,083,443738,45500,45074,1572,46646,544
2021-11-20,Santa Clara,085,1922200,150654,148829,1447,150276,1917
2021-11-20,Santa Cruz,087,273765,21094,20756,1014,21770,222
2021-11-20,Shasta,089,179085,22293,21968,3662,25630,383
2021-11-20,Sierra,091,2930,196,191,21,212,0
2021-11-20,Siskiyou,093,43540,3418,3313,1320,4633,54
2021-11-20,Solano,095,438530,46764,46006,1307,47313,356
2021-11-20,Sonoma,097,501317,42531,42151,542,42693,403
2021-11-20,Stanislaus,099,539301,80469,80412,9025,89437,1205
2021-11-20,Sutter,101,95872,14107,14074,372,14446,181
2021-11-20,Tehama,103,63373,8748,8648,1508,10156,125
2021-11-20,Trinity,105,12862,887,771,217,988,17
2021-11-20,Tulare,107,460477,70412,69074,15589,84663,1054
2021-11-20,Tuolumne,109,53932,7600,7511,111,7622,90
2021-11-20,Ventura,111,848112,99763,98893,4325,103218,1186
2021-11-20,Yolo,113,214977,20404,20139,1016,21155,257
2021-11-20,Yuba,115,75493,10370,10290,361,10651,88
2021-11-19,Alameda,001,1643700,121677,121059,2811,123870,1473
2021-11-19,Alpine,002,1148,103,105,0,105,0
2021-11-19,Amador,005,37829,5672,5652,65,5717,66
2021-11-19,Butte,007,227075,21523,21265,4019,25284,300
2021-11-19,Calaveras,009,45235,4310,4268,60,4328,84
2021-11-19,Colusa,011,21464,2594,2549,654,3203,19
2021-11-19,Contra Costa,013,1133247,101326,100491,2240,102731,1043
2021-11-19,Del Norte,015,27424,3733,3637,55,3692,42
2021-11-19,El Dorado,017,186661,16567,16308,1755,18063,161
2021-11-19,Fresno,019,978130,144612,142579,12996,155575,2233
2021-11-19,Glenn,021,27897,3559,3526,1031,4557,35
2021-11-19,Humboldt,023,135768,9426,9302,630,9932,115
2021-11-19,Imperial,025,180216,34804,34312,3385,37697,766
2021-11-19,Inyo,027,18085,2516,2467,38,2505,44
2021-11-19,Kern,029,883053,131418,129488,23269,152757,1750
2021-11-19,Kings,031,150075,33147,32720,1987,34707,354
2021-11-19,Lake,033,64148,6889,6808,152,6960,110
2021-11-19,Lassen,035,31185,7018,6931,400,7331,47
2021-11-19,Los Angeles,037,10098052,1462060,1448963,54252,1503215,26741
2021-11-19,Madera,039,155013,24067,23720,2221,25941,296
2021-11-19,Marin,041,260295,17915,17774,476,18250,248
2021-11-19,Mariposa,043,17540,1409,1354,58,1412,6
2021-11-19,Mendocino,045,87422,7943,7773,643,8416,89
2021-11-19,Merced,047,269075,42934,42692,2033,44725,656
2021-11-19,Modoc,049,8938,577,550,200,750,5
2021-11-19,Mono,051,14174,1811,1767,22,1789,4
2021-11-19,Monterey,053,433212,49440,48260,3064,51324,609
2021-11-19,Napa,055,140530,13253,13184,113,13297,103
2021-11-19,Nevada,057,99092,9626,9480,335,9815,92
2021-11-19,Orange,059,3164182,312556,309672,15617,325289,5658
2021-11-19,Placer,061,380077,38257,37800,3768,41568,462
2021-11-19,Plumas,063,18699,1913,1841,43,1884,7
2021-11-19,Riverside,065,2383286,371370,365809,16475,382284,5265
2021-11-19,Sacramento,067,1510023,162885,161533,4815,166348,2316
2021-11-19,San Benito,069,59416,7558,7533,173,7706,77
2021-11-19,San Bernardino,071,2135413,362250,358322,11433,369755,5897
2021-11-19,San Diego,073,3302833,382705,380147,22412,402559,4311
2021-11-19,San Francisco,075,870044,54267,53525,2359,55884,669
2021-11-19,San Joaquin,077,732212,101859,100922,5488,106410,1832
2021-11-19,San Luis Obispo,079,281455,30325,29815,1294,31109,355
2021-11-19,San Mateo,081,765935,55235,54132,917,55049,577
2021-11-19,Santa Barbara,083,443738,45463,45074,1572,46646,544
2021-11-19,Santa Clara,085,1922200,150506,148829,1444,150273,1917
2021-11-19,Santa Cruz,087,273765,21067,20756,1011,21767,222
2021-11-19,Shasta,089,179085,22281,21968,3661,25629,383
2021-11-19,Sierra,091,2930,196,191,21,212,0
2021-11-19,Siskiyou,093,43540,3415,3313,1320,4633,54
2021-11-19,Solano,095,438530,46733,46006,1303,47309,356
2021-11-19,Sonoma,097,501317,42498,42151,539,42690,403
2021-11-19,Stanislaus,099,539301,80411,80412,9016,89428,1205
2021-11-19,Sutter,101,95872,14105,14074,372,14446,181
2021-11-19,Tehama,103,63373,8745,8648,1508,10156,125
2021-11-19,Trinity,105,12862,885,771,217,988,17
2021-11-19,Tulare,107,460477,70371,69074,15563,84637,1054
2021-11-19,Tuolumne,109,53932,7589,7511,111,7622,90
2021-11-19,Ventura,111,848112,99699,98893,4322,103215,1186
2021-11-19,Yolo,113,214977,20392,20139,1015,21154,257
2021-11-19,Yuba,115,75493,10367,10290,361,10651,88
2021-11-18,Alameda,001,1643700,121552,121059,2804,123863,1473
2021-11-18,Alpine,002,1148,103,105,0,105,0
2021-11-18,Amador,005,37829,5670,5652,65,5717,66
2021-11-18,Butte,007,227075,21506,21265,4012,25277,300
2021-11-18,Calaveras,009,45235,4303,4268,59,4327,84
2021-11-18,Colusa,011,21464,2586,2549,654,3203,19
2021-11-18,Contra Costa,013,1133247,101224,100491,2232,102723,1043
2021-11-18,Del Norte,015,27424,3730,3637,55,3692,42
2021-11-18,El Dorado,017,186661,16546,16308,1752,18060,161
2021-11-18,Fresno,019,978130,144471,142579,12986,155565,2233
2021-11-18,Glenn,021,27897,3558,3526,1030,4556,35
2021-11-18,Humboldt,023,135768,9409,9302,625,9927,115
2021-11-18,Imperial,025,180216,34749,34312,3369,37681,766
2021-11-18,Inyo,027,18085,2508,2467,38,2505,44
2021-11-18,Kern,029,883053,131270,129488,23222,152710,1750
2021-11-18,Kings,031,150075,33110,32720,1984,34704,354
2021-11-18,Lake,033,64148,6884,6808,152,6960,110
2021-11-18,Lassen,035,31185,7015,6931,395,7326,47
2021-11-18,Los Angeles,037,10098052,1461072,1448963,54192,1503155,26741
2021-11-18,Madera,039,155013,24042,23720,2217,25937,296
2021-11-18,Marin,041,260295,17898,17774,472,18246,248
2021-11-18,Mariposa,043,17540,1406,1354,58,1412,6
2021-11-18,Mendocino,045,87422,7921,7773,634,8407,89
2021-11-18,Merced,047,269075,42877,42692,2031,44723,656
2021-11-18,Modoc,049,8938,565,550,200,750,5
2021-11-18,Mono,051,14174,1803,1767,22,1789,4
2021-11-18,Monterey,053,433212,49415,48260,3059,51319,609
2021-11-18,Napa,055,140530,13241,13184,112,13296,103
2021-11-18,Nevada,057,99092,9602,9480,335,9815,92
2021-11-18,Orange,059,3164182,312319,309672,15597,325269,5658
2021-11-18,Placer,061,380077,38214,37800,3757,41557,462
2021-11-18,Plumas,063,18699,1912,1841,43,1884,7
2021-11-18,Riverside,065,2383286,370993,365809,16462,382271,5265
2021-11-18,Sacramento,067,1510023,162657,161533,4800,166333,2316
2021-11-18,San Benito,069,59416,7548,7533,173,7706,77
2021-11-18,San Bernardino,071,2135413,361817,358322,11414,369736,5897
2021-11-18,San Diego,073,3302833,382208,380147,22395,402542,4311
2021-11-18,San Francisco,075,870044,54215,53525,2355,55880,669
2021-11-18,San Joaquin,077,732212,101764,100922,5480,106402,1832
2021-11-18,San Luis Obispo,079,281455,30295,29815,1293,31108,355
2021-11-18,San Mateo,081,765935,55176,54132,914,55046,577
2021-11-18,Santa Barbara,083,443738,45417,45074,1565,46639,544
2021-11-18,Santa Clara,085,1922200,150315,148829,1436,150265,1917
2021-11-18,Santa Cruz,087,273765,21016,20756,1010,21766,222
2021-11-18,Shasta,089,179085,22245,21968,3656,25624,383
2021-11-18,Sierra,091,2930,195,191,21,212,0
2021-11-18,Siskiyou,093,43540,3415,3313,1316,4629,54
2021-11-18,Solano,095,438530,46690,46006,1301,47307,356
2021-11-18,Sonoma,097,501317,42449,42151,537,42688,403
2021-11-18,Stanislaus,099,539301,80344,80412,9008,89420,1205
2021-11-18,Sutter,101,95872,14094,14074,371,14445,181
2021-11-18,Tehama,103,63373,8740,8648,1508,10156,125
2021-11-18,Trinity,105,12862,884,771,217,988,17
2021-11-18,Tulare,107,460477,70297,69074,15519,84593,1054
2021-11-18,Tuolumne,109,53932,7579,7511,111,7622,90
2021-11-18,Ventura,111,848112,99621,98893,4318,103211,1186
2021-11-18,Yolo,113,214977,20375,20139,1011,21150,257
2021-11-18,Yuba,115,75493,10361,10290,361,10651,88
2021-11-17,Alameda,001,1643700,121430,120913,2803,123716,1472
2021-11-17,Alpine,002,1148,103,105,0,105,0
2021-11-17,Amador,005,37829,5664,5646,65,5711,66
2021-11-17,Butte,007,227075,21480,21230,4009,25239,300
2021-11-17,Calaveras,009,45235,4296,4259,59,4318,84
2021-11-17,Colusa,011,21464,2583,2546,653,3199,19
2021-11-17,Contra Costa,013,1133247,101132,100387,2228,102615,1039
2021-11-17,Del Norte,015,27424,3727,3630,55,3685,42
2021-11-17,El Dorado,017,186661,16526,16269,1751,18020,161
2021-11-17,Fresno,019,978130,144286,142366,12972,155338,2230
2021-11-17,Glenn,021,27897,3556,3527,1028,4555,34
2021-11-17,Humboldt,023,135768,9398,9270,622,9892,115
2021-11-17,Imperial,025,180216,34693,34256,3348,37604,766
2021-11-17,Inyo,027,18085,2502,2457,38,2495,44
2021-11-17,Kern,029,883053,131097,129307,23180,152487,1743
2021-11-17,Kings,031,150075,33083,32669,1980,34649,352
2021-11-17,Lake,033,64148,6880,6795,151,6946,110
2021-11-17,Lassen,035,31185,7013,6918,395,7313,47
2021-11-17,Los Angeles,037,10098052,1459975,1447947,54125,1502072,26721
2021-11-17,Madera,039,155013,24009,23673,2215,25888,287
2021-11-17,Marin,041,260295,17878,17757,470,18227,248
2021-11-17,Mariposa,043,17540,1402,1353,58,1411,6
2021-11-17,Mendocino,045,87422,7913,7735,633,8368,89
2021-11-17,Merced,047,269075,42818,42612,2026,44638,654
2021-11-17,Modoc,049,8938,561,540,200,740,5
2021-11-17,Mono,051,14174,1799,1765,22,1787,5
2021-11-17,Monterey,053,433212,49367,48221,3048,51269,609
2021-11-17,Napa,055,140530,13219,13167,112,13279,103
2021-11-17,Nevada,057,99092,9589,9447,335,9782,92
2021-11-17,Orange,059,3164182,312072,309396,15563,324959,5651
2021-11-17,Placer,061,380077,38165,37725,3749,41474,460
2021-11-17,Plumas,063,18699,1907,1833,43,1876,7
2021-11-17,Riverside,065,2383286,370581,365406,16449,381855,5229
2021-11-17,Sacramento,067,1510023,162488,161269,4793,166062,2302
2021-11-17,San Benito,069,59416,7541,7524,173,7697,77
2021-11-17,San Bernardino,071,2135413,361451,357947,11397,369344,5893
2021-11-17,San Diego,073,3302833,381717,379769,22369,402138,4301
2021-11-17,San Francisco,075,870044,54160,53469,2352,55821,667
2021-11-17,San Joaquin,077,732212,101662,100764,5475,106239,1828
2021-11-17,San Luis Obispo,079,281455,30269,29731,1290,31021,354
2021-11-17,San Mateo,081,765935,55108,54092,911,55003,577
2021-11-17,Santa Barbara,083,443738,45378,45000,1565,46565,542
2021-11-17,Santa Clara,085,1922200,150151,148626,1428,150054,1915
2021-11-17,Santa Cruz,087,273765,20981,20700,1010,21710,222
2021-11-17,Shasta,089,179085,22212,21883,3654,25537,382
2021-11-17,Sierra,091,2930,194,189,21,210,0
2021-11-17,Siskiyou,093,43540,3411,3307,1313,4620,54
2021-11-17,Solano,095,438530,46657,45948,1300,47248,353
2021-11-17,Sonoma,097,501317,42403,42093,534,42627,403
2021-11-17,Stanislaus,099,539301,80255,80276,8998,89274,1199
2021-11-17,Sutter,101,95872,14080,14064,369,14433,181
2021-11-17,Tehama,103,63373,8730,8633,1505,10138,125
2021-11-17,Trinity,105,12862,883,765,217,982,17
2021-11-17,Tulare,107,460477,70226,68977,15492,84469,1047
2021-11-17,Tuolumne,109,53932,7562,7485,111,7596,90
2021-11-17,Ventura,111,848112,99559,98812,4312,103124,1183
2021-11-17,Yolo,113,214977,20356,20100,1009,21109,257
2021-11-17,Yuba,115,75493,10349,10275,357,10632,88
2021-11-16,Alameda,001,1643700,121322,120809,2799,123608,1467
2021-11-16,Alpine,002,1148,103,105,0,105,0
2021-11-16,Amador,005,37829,5658,5644,65,5709,66
2021-11-16,Butte,007,227075,21454,21208,4004,25212,297
2021-11-16,Calaveras,009,45235,4287,4249,59,4308,83
2021-11-16,Colusa,011,21464,2577,2538,653,3191,19
2021-11-16,Contra Costa,013,1133247,101011,100320,2225,102545,1038
2021-11-16,Del Norte,015,27424,3721,3630,55,3685,42
2021-11-16,El Dorado,017,186661,16500,16248,1749,17997,159
2021-11-16,Fresno,019,978130,144100,142200,12950,155150,2218
2021-11-16,Glenn,021,27897,3555,3527,1025,4552,34
2021-11-16,Humboldt,023,135768,9378,9252,618,9870,115
2021-11-16,Imperial,025,180216,34610,34177,3334,37511,766
2021-11-16,Inyo,027,18085,2495,2449,38,2487,42
2021-11-16,Kern,029,883053,130937,129136,23119,152255,1735
2021-11-16,Kings,031,150075,33030,32614,1973,34587,350
2021-11-16,Lake,033,64148,6875,6789,151,6940,110
2021-11-16,Lassen,035,31185,7003,6915,395,7310,47
2021-11-16,Los Angeles,037,10098052,1458807,1446815,54053,1500868,26703
2021-11-16,Madera,039,155013,23971,23642,2209,25851,287
2021-11-16,Marin,041,260295,17859,17736,469,18205,248
2021-11-16,Mariposa,043,17540,1394,1349,57,1406,6
2021-11-16,Mendocino,045,87422,7872,7723,629,8352,89
2021-11-16,Merced,047,269075,42781,42578,2019,44597,653
2021-11-16,Modoc,049,8938,560,539,199,738,5
2021-11-16,Mono,051,14174,1790,1767,22,1789,4
2021-11-16,Monterey,053,433212,49337,48195,3034,51229,609
2021-11-16,Napa,055,140530,13208,13151,112,13263,103
2021-11-16,Nevada,057,99092,9572,9435,334,9769,92
2021-11-16,Orange,059,3164182,311805,309170,15529,324699,5651
2021-11-16,Placer,061,380077,38123,37676,3743,41419,459
2021-11-16,Plumas,063,18699,1898,1832,43,1875,7
2021-11-16,Riverside,065,2383286,370160,365078,16427,381505,5208
2021-11-16,Sacramento,067,1510023,162308,161102,4781,165883,2299
2021-11-16,San Benito,069,59416,7527,7513,173,7686,77
2021-11-16,San Bernardino,071,2135413,361025,357528,11344,368872,5901
2021-11-16,San Diego,073,3302833,381162,379435,22342,401777,4287
2021-11-16,San Francisco,075,870044,54087,53415,2344,55759,667
2021-11-16,San Joaquin,077,732212,101522,100637,5460,106097,1807
2021-11-16,San Luis Obispo,079,281455,30237,29703,1287,30990,356
2021-11-16,San Mateo,081,765935,55045,54034,909,54943,577
2021-11-16,Santa Barbara,083,443738,45310,44932,1562,46494,539
2021-11-16,Santa Clara,085,1922200,149968,148452,1416,149868,1916
2021-11-16,Santa Cruz,087,273765,20936,20684,1008,21692,222
2021-11-16,Shasta,089,179085,22173,21853,3650,25503,379
2021-11-16,Sierra,091,2930,194,189,21,210,0
2021-11-16,Siskiyou,093,43540,3408,3304,1311,4615,54
2021-11-16,Solano,095,438530,46617,45908,1299,47207,351
2021-11-16,Sonoma,097,501317,42354,42056,533,42589,401
2021-11-16,Stanislaus,099,539301,80158,80214,8975,89189,1196
2021-11-16,Sutter,101,95872,14068,14058,368,14426,181
2021-11-16,Tehama,103,63373,8723,8621,1498,10119,125
2021-11-16,Trinity,105,12862,883,762,216,978,17
2021-11-16,Tulare,107,460477,70146,68881,15457,84338,1039
2021-11-16,Tuolumne,109,53932,7552,7478,111,7589,90
2021-11-16,Ventura,111,848112,99485,98731,4309,103040,1183
2021-11-16,Yolo,113,214977,20318,20077,1007,21084,257
2021-11-16,Yuba,115,75493,10341,10262,355,10617,85
2021-11-15,Alameda,001,1643700,121164,120731,2795,123526,1464
2021-11-15,Alpine,002,1148,103,105,0,105,0
2021-11-15,Amador,005,37829,5653,5637,65,5702,66
2021-11-15,Butte,007,227075,21430,21182,3999,25181,296
2021-11-15,Calaveras,009,45235,4272,4237,59,4296,83
2021-11-15,Colusa,011,21464,2570,2535,650,3185,19
2021-11-15,Contra Costa,013,1133247,100904,100251,2222,102473,1038
2021-11-15,Del Norte,015,27424,3716,3630,54,3684,42
2021-11-15,El Dorado,017,186661,16476,16236,1745,17981,159
2021-11-15,Fresno,019,978130,143878,142015,12928,154943,2210
2021-11-15,Glenn,021,27897,3553,3526,1025,4551,34
2021-11-15,Humboldt,023,135768,9356,9230,610,9840,115
2021-11-15,Imperial,025,180216,34537,34130,3318,37448,766
2021-11-15,Inyo,027,18085,2490,2442,38,2480,42
2021-11-15,Kern,029,883053,130728,128928,23050,151978,1730
2021-11-15,Kings,031,150075,32996,32584,1968,34552,348
2021-11-15,Lake,033,64148,6871,6784,151,6935,109
2021-11-15,Lassen,035,31185,6992,6915,393,7308,47
2021-11-15,Los Angeles,037,10098052,1457619,1446114,53990,1500104,26677
2021-11-15,Madera,039,155013,23933,23605,2198,25803,287
2021-11-15,Marin,041,260295,17842,17723,468,18191,248
2021-11-15,Mariposa,043,17540,1393,1347,55,1402,6
2021-11-15,Mendocino,045,87422,7851,7694,623,8317,89
2021-11-15,Merced,047,269075,42724,42552,2008,44560,648
2021-11-15,Modoc,049,8938,559,538,198,736,5
2021-11-15,Mono,051,14174,1785,1763,22,1785,4
2021-11-15,Monterey,053,433212,49305,48154,3028,51182,609
2021-11-15,Napa,055,140530,13200,13143,112,13255,103
2021-11-15,Nevada,057,99092,9543,9420,333,9753,92
2021-11-15,Orange,059,3164182,311526,308859,15505,324364,5646
2021-11-15,Placer,061,380077,38060,37610,3739,41349,452
2021-11-15,Plumas,063,18699,1891,1829,43,1872,7
2021-11-15,Riverside,065,2383286,369713,364750,16408,381158,5199
2021-11-15,Sacramento,067,1510023,162087,160937,4769,165706,2293
2021-11-15,San Benito,069,59416,7522,7511,172,7683,77
2021-11-15,San Bernardino,071,2135413,360597,357306,11325,368631,5898
2021-11-15,San Diego,073,3302833,380625,378845,22317,401162,4284
2021-11-15,San Francisco,075,870044,54020,53374,2341,55715,667
2021-11-15,San Joaquin,077,732212,101368,100587,5449,106036,1799
2021-11-15,San Luis Obispo,079,281455,30194,29669,1275,30944,351
2021-11-15,San Mateo,081,765935,54992,54010,907,54917,576
2021-11-15,Santa Barbara,083,443738,45255,44879,1556,46435,539
2021-11-15,Santa Clara,085,1922200,149750,148313,1409,149722,1914
2021-11-15,Santa Cruz,087,273765,20894,20630,1007,21637,223
2021-11-15,Shasta,089,179085,22127,21779,3645,25424,374
2021-11-15,Sierra,091,2930,194,189,21,210,0
2021-11-15,Siskiyou,093,43540,3401,3302,1309,4611,54
2021-11-15,Solano,095,438530,46579,45885,1294,47179,351
2021-11-15,Sonoma,097,501317,42303,42021,532,42553,401
2021-11-15,Stanislaus,099,539301,80073,80129,8961,89090,1174
2021-11-15,Sutter,101,95872,14055,14043,367,14410,181
2021-11-15,Tehama,103,63373,8717,8615,1497,10112,125
2021-11-15,Trinity,105,12862,881,757,214,971,17
2021-11-15,Tulare,107,460477,70059,68826,15413,84239,1039
2021-11-15,Tuolumne,109,53932,7541,7461,111,7572,90
2021-11-15,Ventura,111,848112,99401,98605,4304,102909,1183
2021-11-15,Yolo,113,214977,20287,20065,1003,21068,255
2021-11-15,Yuba,115,75493,10322,10254,351,10605,85
2021-11-14,Alameda,001,1643700,120990,120629,2791,123420,1461
2021-11-14,Alpine,002,1148,102,105,0,105,0
2021-11-14,Amador,005,37829,5646,5632,64,5696,66
2021-11-14,Butte,007,227075,21398,21146,3990,25136,296
2021-11-14,Calaveras,009,45235,4261,4222,59,4281,83
2021-11-14,Colusa,011,21464,2568,2532,647,3179,19
2021-11-14,Contra Costa,013,1133247,100795,100188,2220,102408,1038
2021-11-14,Del Norte,015,27424,3713,3629,54,3683,42
2021-11-14,El Dorado,017,186661,16434,16212,1740,17952,159
2021-11-14,Fresno,019,978130,143596,141869,12893,154762,2209
2021-11-14,Glenn,021,27897,3551,3521,1025,4546,34
2021-11-14,Humboldt,023,135768,9325,9215,600,9815,115
2021-11-14,Imperial,025,180216,34434,34078,3303,37381,766
2021-11-14,Inyo,027,18085,2478,2441,38,2479,42
2021-11-14,Kern,029,883053,130488,128842,22980,151822,1730
2021-11-14,Kings,031,150075,32939,32545,1961,34506,349
2021-11-14,Lake,033,64148,6863,6777,151,6928,109
2021-11-14,Lassen,035,31185,6982,6911,392,7303,47
2021-11-14,Los Angeles,037,10098052,1456255,1445284,53915,1499199,26667
2021-11-14,Madera,039,155013,23883,23566,2189,25755,287
2021-11-14,Marin,041,260295,17827,17712,468,18180,247
2021-11-14,Mariposa,043,17540,1383,1337,51,1388,6
2021-11-14,Mendocino,045,87422,7818,7684,618,8302,89
2021-11-14,Merced,047,269075,42634,42513,2002,44515,648
2021-11-14,Modoc,049,8938,557,538,198,736,5
2021-11-14,Mono,051,14174,1773,1760,22,1782,4
2021-11-14,Monterey,053,433212,49250,48135,3010,51145,609
2021-11-14,Napa,055,140530,13182,13132,112,13244,103
2021-11-14,Nevada,057,99092,9515,9408,333,9741,92
2021-11-14,Orange,059,3164182,311207,308699,15484,324183,5646
2021-11-14,Placer,061,380077,37980,37569,3730,41299,452
2021-11-14,Plumas,063,18699,1888,1829,42,1871,7
2021-11-14,Riverside,065,2383286,369214,364490,16391,380881,5199
2021-11-14,Sacramento,067,1510023,161852,160761,4752,165513,2295
2021-11-14,San Benito,069,59416,7511,7507,171,7678,77
2021-11-14,San Bernardino,071,2135413,360015,357014,11308,368322,5897
2021-11-14,San Diego,073,3302833,380029,377633,22286,399919,4280
2021-11-14,San Francisco,075,870044,53944,53338,2336,55674,667
2021-11-14,San Joaquin,077,732212,101240,100518,5444,105962,1799
2021-11-14,San Luis Obispo,079,281455,30112,29645,1272,30917,352
2021-11-14,San Mateo,081,765935,54939,53978,905,54883,576
2021-11-14,Santa Barbara,083,443738,45175,44842,1553,46395,539
2021-11-14,Santa Clara,085,1922200,149550,148152,1402,149554,1913
2021-11-14,Santa Cruz,087,273765,20840,20609,1005,21614,223
2021-11-14,Shasta,089,179085,22075,21771,3632,25403,373
2021-11-14,Sierra,091,2930,194,189,21,210,0
2021-11-14,Siskiyou,093,43540,3392,3302,1308,4610,54
2021-11-14,Solano,095,438530,46524,45860,1287,47147,351
2021-11-14,Sonoma,097,501317,42237,41974,530,42504,401
2021-11-14,Stanislaus,099,539301,79938,80076,8943,89019,1174
2021-11-14,Sutter,101,95872,14038,14031,363,14394,181
2021-11-14,Tehama,103,63373,8707,8607,1495,10102,125
2021-11-14,Trinity,105,12862,878,754,212,966,17
2021-11-14,Tulare,107,460477,69942,68772,15354,84126,1037
2021-11-14,Tuolumne,109,53932,7523,7439,110,7549,90
2021-11-14,Ventura,111,848112,99287,98550,4303,102853,1183
2021-11-14,Yolo,113,214977,20259,20040,998,21038,255
2021-11-14,Yuba,115,75493,10315,10238,350,10588,85
2021-11-13,Alameda,001,1643700,120921,120407,2790,123197,1454
2021-11-13,Alpine,002,1148,102,105,0,105,0
2021-11-13,Amador,005,37829,5645,5614,64,5678,66
2021-11-13,Butte,007,227075,21377,21104,3987,25091,296
2021-11-13,Calaveras,009,45235,4250,4203,59,4262,83
2021-11-13,Colusa,011,21464,2566,2522,647,3169,19
2021-11-13,Contra Costa,013,1133247,100723,100004,2214,102218,1028
2021-11-13,Del Norte,015,27424,3713,3629,54,3683,42
2021-11-13,El Dorado,017,186661,16421,16163,1737,17900,159
2021-11-13,Fresno,019,978130,143489,141452,12879,154331,2205
2021-11-13,Glenn,021,27897,3551,3514,1024,4538,34
2021-11-13,Humboldt,023,135768,9310,9177,595,9772,115
2021-11-13,Imperial,025,180216,34384,33990,3286,37276,766
2021-11-13,Inyo,027,18085,2472,2436,38,2474,42
2021-11-13,Kern,029,883053,130386,128472,22936,151408,1719
2021-11-13,Kings,031,150075,32922,32452,1960,34412,347
2021-11-13,Lake,033,64148,6858,6769,151,6920,109
2021-11-13,Lassen,035,31185,6977,6897,392,7289,47
2021-11-13,Los Angeles,037,10098052,1455600,1443088,53877,1496965,26649
2021-11-13,Madera,039,155013,23852,23462,2184,25646,287
2021-11-13,Marin,041,260295,17814,17684,466,18150,247
2021-11-13,Mariposa,043,17540,1380,1323,51,1374,6
2021-11-13,Mendocino,045,87422,7799,7652,617,8269,89
2021-11-13,Merced,047,269075,42596,42411,1999,44410,644
2021-11-13,Modoc,049,8938,556,536,198,734,5
2021-11-13,Mono,051,14174,1769,1750,22,1772,4
2021-11-13,Monterey,053,433212,49224,48087,3008,51095,609
2021-11-13,Napa,055,140530,13174,13110,112,13222,103
2021-11-13,Nevada,057,99092,9495,9369,331,9700,92
2021-11-13,Orange,059,3164182,311041,308211,15455,323666,5641
2021-11-13,Placer,061,380077,37931,37453,3727,41180,445
2021-11-13,Plumas,063,18699,1885,1828,42,1870,8
2021-11-13,Riverside,065,2383286,368909,363801,16384,380185,5187
2021-11-13,Sacramento,067,1510023,161716,160397,4740,165137,2291
2021-11-13,San Benito,069,59416,7498,7491,170,7661,77
2021-11-13,San Bernardino,071,2135413,359762,356325,11301,367626,5873
2021-11-13,San Diego,073,3302833,379699,377633,22258,399891,4280
2021-11-13,San Francisco,075,870044,53912,53195,2335,55530,667
2021-11-13,San Joaquin,077,732212,101183,100263,5435,105698,1799
2021-11-13,San Luis Obispo,079,281455,30081,29589,1271,30860,351
2021-11-13,San Mateo,081,765935,54901,53853,904,54757,574
2021-11-13,Santa Barbara,083,443738,45142,44734,1553,46287,537
2021-11-13,Santa Clara,085,1922200,149431,147821,1397,149218,1905
2021-11-13,Santa Cruz,087,273765,20825,20565,1004,21569,223
2021-11-13,Shasta,089,179085,22044,21713,3628,25341,366
2021-11-13,Sierra,091,2930,193,188,21,209,0
2021-11-13,Siskiyou,093,43540,3383,3299,1307,4606,54
2021-11-13,Solano,095,438530,46495,45774,1283,47057,350
2021-11-13,Sonoma,097,501317,42204,41882,529,42411,399
2021-11-13,Stanislaus,099,539301,79863,79872,8929,88801,1174
2021-11-13,Sutter,101,95872,14028,14017,362,14379,181
2021-11-13,Tehama,103,63373,8701,8592,1491,10083,125
2021-11-13,Trinity,105,12862,877,749,212,961,17
2021-11-13,Tulare,107,460477,69876,68619,15331,83950,1033
2021-11-13,Tuolumne,109,53932,7505,7392,110,7502,90
2021-11-13,Ventura,111,848112,99228,98452,4300,102752,1183
2021-11-13,Yolo,113,214977,20242,20009,996,21005,255
2021-11-13,Yuba,115,75493,10305,10218,348,10566,85
2021-11-12,Alameda,001,1643700,120834,120407,2787,123194,1454
2021-11-12,Alpine,002,1148,102,105,0,105,0
2021-11-12,Amador,005,37829,5641,5614,63,5677,66
2021-11-12,Butte,007,227075,21359,21104,3983,25087,296
2021-11-12,Calaveras,009,45235,4239,4203,59,4262,83
2021-11-12,Colusa,011,21464,2562,2522,646,3168,19
2021-11-12,Contra Costa,013,1133247,100669,100004,2213,102217,1028
2021-11-12,Del Norte,015,27424,3712,3629,54,3683,42
2021-11-12,El Dorado,017,186661,16402,16163,1736,17899,159
2021-11-12,Fresno,019,978130,143346,141452,12866,154318,2205
2021-11-12,Glenn,021,27897,3548,3514,1023,4537,34
2021-11-12,Humboldt,023,135768,9303,9177,593,9770,115
2021-11-12,Imperial,025,180216,34357,33990,3277,37267,766
2021-11-12,Inyo,027,18085,2468,2436,38,2474,42
2021-11-12,Kern,029,883053,130249,128472,22903,151375,1719
2021-11-12,Kings,031,150075,32896,32452,1958,34410,347
2021-11-12,Lake,033,64148,6854,6769,151,6920,109
2021-11-12,Lassen,035,31185,6973,6897,391,7288,47
2021-11-12,Los Angeles,037,10098052,1454872,1443088,53833,1496921,26649
2021-11-12,Madera,039,155013,23823,23462,2179,25641,287
2021-11-12,Marin,041,260295,17798,17684,465,18149,247
2021-11-12,Mariposa,043,17540,1373,1323,51,1374,6
2021-11-12,Mendocino,045,87422,7787,7652,614,8266,89
2021-11-12,Merced,047,269075,42567,42411,1997,44408,644
2021-11-12,Modoc,049,8938,555,536,198,734,5
2021-11-12,Mono,051,14174,1767,1750,22,1772,4
2021-11-12,Monterey,053,433212,49192,48087,3002,51089,609
2021-11-12,Napa,055,140530,13165,13110,112,13222,103
2021-11-12,Nevada,057,99092,9481,9369,330,9699,92
2021-11-12,Orange,059,3164182,310853,308211,15437,323648,5641
2021-11-12,Placer,061,380077,37892,37453,3724,41177,445
2021-11-12,Plumas,063,18699,1879,1828,42,1870,8
2021-11-12,Riverside,065,2383286,368641,363801,16380,380181,5187
2021-11-12,Sacramento,067,1510023,161557,160397,4734,165131,2291
2021-11-12,San Benito,069,59416,7498,7491,170,7661,77
2021-11-12,San Bernardino,071,2135413,359453,356325,11291,367616,5873
2021-11-12,San Diego,073,3302833,379332,377633,22236,399869,4280
2021-11-12,San Francisco,075,870044,53878,53195,2331,55526,667
2021-11-12,San Joaquin,077,732212,101138,100263,5428,105691,1799
2021-11-12,San Luis Obispo,079,281455,30052,29589,1270,30859,351
2021-11-12,San Mateo,081,765935,54851,53853,901,54754,574
2021-11-12,Santa Barbara,083,443738,45087,44734,1552,46286,537
2021-11-12,Santa Clara,085,1922200,149288,147821,1393,149214,1905
2021-11-12,Santa Cruz,087,273765,20797,20565,1002,21567,223
2021-11-12,Shasta,089,179085,22011,21713,3625,25338,366
2021-11-12,Sierra,091,2930,192,188,21,209,0
2021-11-12,Siskiyou,093,43540,3382,3299,1305,4604,54
2021-11-12,Solano,095,438530,46467,45774,1279,47053,350
2021-11-12,Sonoma,097,501317,42164,41882,529,42411,399
2021-11-12,Stanislaus,099,539301,79811,79872,8921,88793,1174
2021-11-12,Sutter,101,95872,14021,14017,362,14379,181
2021-11-12,Tehama,103,63373,8697,8592,1490,10082,125
2021-11-12,Trinity,105,12862,870,749,212,961,17
2021-11-12,Tulare,107,460477,69834,68619,15296,83915,1033
2021-11-12,Tuolumne,109,53932,7492,7392,109,7501,90
2021-11-12,Ventura,111,848112,99163,98452,4299,102751,1183
2021-11-12,Yolo,113,214977,20227,20009,991,21000,255
2021-11-12,Yuba,115,75493,10296,10218,347,10565,85
2021-11-11,Alameda,001,1643700,120720,120147,2779,122926,1453
2021-11-11,Alpine,002,1148,102,105,0,105,0
2021-11-11,Amador,005,37829,5638,5603,62,5665,66
2021-11-11,Butte,007,227075,21316,21047,3975,25022,293
2021-11-11,Calaveras,009,45235,4221,4179,59,4238,83
2021-11-11,Colusa,011,21464,2554,2518,644,3162,19
2021-11-11,Contra Costa,013,1133247,100565,99808,2209,102017,1028
2021-11-11,Del Norte,015,27424,3710,3622,54,3676,42
2021-11-11,El Dorado,017,186661,16369,16085,1733,17818,159
2021-11-11,Fresno,019,978130,143141,140833,12832,153665,2202
2021-11-11,Glenn,021,27897,3546,3503,1022,4525,34
2021-11-11,Humboldt,023,135768,9280,9125,590,9715,115
2021-11-11,Imperial,025,180216,34288,33844,3255,37099,766
2021-11-11,Inyo,027,18085,2463,2428,38,2466,42
2021-11-11,Kern,029,883053,130064,128023,22840,150863,1709
2021-11-11,Kings,031,150075,32846,32318,1956,34274,345
2021-11-11,Lake,033,64148,6847,6745,151,6896,107
2021-11-11,Lassen,035,31185,6967,6875,391,7266,47
2021-11-11,Los Angeles,037,10098052,1453776,1440436,53775,1494211,26614
2021-11-11,Madera,039,155013,23776,23316,2171,25487,287
2021-11-11,Marin,041,260295,17788,17639,465,18104,247
2021-11-11,Mariposa,043,17540,1363,1317,51,1368,6
2021-11-11,Mendocino,045,87422,7772,7612,605,8217,89
2021-11-11,Merced,047,269075,42511,42292,1994,44286,643
2021-11-11,Modoc,049,8938,553,536,198,734,5
2021-11-11,Mono,051,14174,1763,1743,22,1765,4
2021-11-11,Monterey,053,433212,49157,48008,2990,50998,609
2021-11-11,Napa,055,140530,13157,13075,112,13187,103
2021-11-11,Nevada,057,99092,9459,9308,330,9638,92
2021-11-11,Orange,059,3164182,310579,307674,15400,323074,5633
2021-11-11,Placer,061,380077,37841,37333,3715,41048,440
2021-11-11,Plumas,063,18699,1875,1814,42,1856,7
2021-11-11,Riverside,065,2383286,368205,362930,16362,379292,5175
2021-11-11,Sacramento,067,1510023,161344,159962,4715,164677,2289
2021-11-11,San Benito,069,59416,7490,7473,170,7643,76
2021-11-11,San Bernardino,071,2135413,359023,355413,11278,366691,5849
2021-11-11,San Diego,073,3302833,378823,376428,22213,398641,4272
2021-11-11,San Francisco,075,870044,53819,53063,2330,55393,666
2021-11-11,San Joaquin,077,732212,101043,99937,5412,105349,1799
2021-11-11,San Luis Obispo,079,281455,30001,29532,1268,30800,351
2021-11-11,San Mateo,081,765935,54803,53722,896,54618,574
2021-11-11,Santa Barbara,083,443738,45029,44603,1549,46152,534
2021-11-11,Santa Clara,085,1922200,149106,147458,1387,148845,1901
2021-11-11,Santa Cruz,087,273765,20752,20479,1002,21481,222
2021-11-11,Shasta,089,179085,21966,21600,3623,25223,364
2021-11-11,Sierra,091,2930,191,186,21,207,0
2021-11-11,Siskiyou,093,43540,3376,3297,1304,4601,53
2021-11-11,Solano,095,438530,46430,45679,1278,46957,350
2021-11-11,Sonoma,097,501317,42127,41774,529,42303,395
2021-11-11,Stanislaus,099,539301,79729,79570,8905,88475,1166
2021-11-11,Sutter,101,95872,14006,13993,361,14354,181
2021-11-11,Tehama,103,63373,8685,8565,1488,10053,125
2021-11-11,Trinity,105,12862,869,748,212,960,17
2021-11-11,Tulare,107,460477,69741,68367,15260,83627,1028
2021-11-11,Tuolumne,109,53932,7479,7354,109,7463,90
2021-11-11,Ventura,111,848112,99085,98297,4292,102589,1182
2021-11-11,Yolo,113,214977,20199,19946,990,20936,255
2021-11-11,Yuba,115,75493,10280,10191,347,10538,85
2021-11-10,Alameda,001,1643700,120610,120147,2770,122917,1453
2021-11-10,Alpine,002,1148,102,105,0,105,0
2021-11-10,Amador,005,37829,5632,5603,62,5665,66
2021-11-10,Butte,007,227075,21289,21047,3971,25018,293
2021-11-10,Calaveras,009,45235,4211,4179,59,4238,83
2021-11-10,Colusa,011,21464,2548,2518,644,3162,19
2021-11-10,Contra Costa,013,1133247,100482,99808,2205,102013,1028
2021-11-10,Del Norte,015,27424,3709,3622,54,3676,42
2021-11-10,El Dorado,017,186661,16353,16085,1732,17817,159
2021-11-10,Fresno,019,978130,142963,140833,12818,153651,2202
2021-11-10,Glenn,021,27897,3546,3503,1021,4524,34
2021-11-10,Humboldt,023,135768,9262,9125,590,9715,115
2021-11-10,Imperial,025,180216,34240,33844,3236,37080,766
2021-11-10,Inyo,027,18085,2456,2428,38,2466,42
2021-11-10,Kern,029,883053,129914,128023,22785,150808,1709
2021-11-10,Kings,031,150075,32813,32318,1954,34272,345
2021-11-10,Lake,033,64148,6837,6745,151,6896,107
2021-11-10,Lassen,035,31185,6962,6875,391,7266,47
2021-11-10,Los Angeles,037,10098052,1452826,1440436,53715,1494151,26614
2021-11-10,Madera,039,155013,23726,23316,2165,25481,287
2021-11-10,Marin,041,260295,17775,17639,463,18102,247
2021-11-10,Mariposa,043,17540,1357,1317,51,1368,6
2021-11-10,Mendocino,045,87422,7760,7612,604,8216,89
2021-11-10,Merced,047,269075,42476,42292,1992,44284,643
2021-11-10,Modoc,049,8938,552,536,197,733,5
2021-11-10,Mono,051,14174,1761,1743,22,1765,4
2021-11-10,Monterey,053,433212,49123,48008,2979,50987,609
2021-11-10,Napa,055,140530,13144,13075,111,13186,103
2021-11-10,Nevada,057,99092,9452,9308,328,9636,92
2021-11-10,Orange,059,3164182,310315,307674,15368,323042,5633
2021-11-10,Placer,061,380077,37795,37333,3708,41041,440
2021-11-10,Plumas,063,18699,1869,1814,41,1855,7
2021-11-10,Riverside,065,2383286,367824,362930,16356,379286,5175
2021-11-10,Sacramento,067,1510023,161189,159962,4705,164667,2289
2021-11-10,San Benito,069,59416,7482,7473,170,7643,76
2021-11-10,San Bernardino,071,2135413,358681,355413,11271,366684,5849
2021-11-10,San Diego,073,3302833,378418,376428,22191,398619,4272
2021-11-10,San Francisco,075,870044,53758,53063,2327,55390,666
2021-11-10,San Joaquin,077,732212,100938,99937,5407,105344,1799
2021-11-10,San Luis Obispo,079,281455,29970,29532,1267,30799,351
2021-11-10,San Mateo,081,765935,54750,53722,895,54617,574
2021-11-10,Santa Barbara,083,443738,44991,44603,1548,46151,534
2021-11-10,Santa Clara,085,1922200,148959,147458,1381,148839,1901
2021-11-10,Santa Cruz,087,273765,20725,20479,1001,21480,222
2021-11-10,Shasta,089,179085,21930,21600,3621,25221,364
2021-11-10,Sierra,091,2930,190,186,21,207,0
2021-11-10,Siskiyou,093,43540,3374,3297,1304,4601,53
2021-11-10,Solano,095,438530,46400,45679,1276,46955,350
2021-11-10,Sonoma,097,501317,42075,41774,529,42303,395
2021-11-10,Stanislaus,099,539301,79627,79570,8889,88459,1166
2021-11-10,Sutter,101,95872,13998,13993,361,14354,181
2021-11-10,Tehama,103,63373,8673,8565,1482,10047,125
2021-11-10,Trinity,105,12862,865,748,211,959,17
2021-11-10,Tulare,107,460477,69680,68367,15222,83589,1028
2021-11-10,Tuolumne,109,53932,7455,7354,109,7463,90
2021-11-10,Ventura,111,848112,99014,98297,4292,102589,1182
2021-11-10,Yolo,113,214977,20180,19946,989,20935,255
2021-11-10,Yuba,115,75493,10271,10191,347,10538,85
2021-11-09,Alameda,001,1643700,120474,120051,2761,122812,1450
2021-11-09,Alpine,002,1148,102,105,0,105,0
2021-11-09,Amador,005,37829,5626,5596,62,5658,66
2021-11-09,Butte,007,227075,21264,21022,3967,24989,291
2021-11-09,Calaveras,009,45235,4207,4174,59,4233,84
2021-11-09,Colusa,011,21464,2543,2517,643,3160,19
2021-11-09,Contra Costa,013,1133247,100386,99732,2198,101930,1028
2021-11-09,Del Norte,015,27424,3708,3620,54,3674,42
2021-11-09,El Dorado,017,186661,16315,16073,1727,17800,160
2021-11-09,Fresno,019,978130,142718,140666,12803,153469,2188
2021-11-09,Glenn,021,27897,3541,3499,1020,4519,34
2021-11-09,Humboldt,023,135768,9241,9112,585,9697,115
2021-11-09,Imperial,025,180216,34187,33751,3222,36973,766
2021-11-09,Inyo,027,18085,2452,2404,38,2442,42
2021-11-09,Kern,029,883053,129668,127901,22723,150624,1694
2021-11-09,Kings,031,150075,32747,32279,1950,34229,344
2021-11-09,Lake,033,64148,6828,6743,151,6894,106
2021-11-09,Lassen,035,31185,6950,6846,391,7237,47
2021-11-09,Los Angeles,037,10098052,1451573,1439125,53654,1492779,26581
2021-11-09,Madera,039,155013,23676,23285,2156,25441,287
2021-11-09,Marin,041,260295,17756,17630,461,18091,247
2021-11-09,Mariposa,043,17540,1349,1317,51,1368,5
2021-11-09,Mendocino,045,87422,7737,7598,598,8196,85
2021-11-09,Merced,047,269075,42435,42251,1986,44237,613
2021-11-09,Modoc,049,8938,551,536,195,731,5
2021-11-09,Mono,051,14174,1756,1738,22,1760,4
2021-11-09,Monterey,053,433212,49087,47975,2955,50930,609
2021-11-09,Napa,055,140530,13126,13051,111,13162,103
2021-11-09,Nevada,057,99092,9433,9288,328,9616,92
2021-11-09,Orange,059,3164182,310031,307412,15341,322753,5621
2021-11-09,Placer,061,380077,37738,37291,3691,40982,440
2021-11-09,Plumas,063,18699,1867,1802,41,1843,7
2021-11-09,Riverside,065,2383286,367362,362557,16342,378899,5160
2021-11-09,Sacramento,067,1510023,160948,159856,4696,164552,2286
2021-11-09,San Benito,069,59416,7472,7471,169,7640,76
2021-11-09,San Bernardino,071,2135413,358230,354972,11254,366226,5839
2021-11-09,San Diego,073,3302833,377923,375997,22165,398162,4272
2021-11-09,San Francisco,075,870044,53684,52996,2322,55318,666
2021-11-09,San Joaquin,077,732212,100764,99848,5394,105242,1794
2021-11-09,San Luis Obispo,079,281455,29930,29488,1266,30754,350
2021-11-09,San Mateo,081,765935,54702,53697,886,54583,574
2021-11-09,Santa Barbara,083,443738,44924,44579,1541,46120,533
2021-11-09,Santa Clara,085,1922200,148753,147281,1374,148655,1901
2021-11-09,Santa Cruz,087,273765,20691,20463,1000,21463,222
2021-11-09,Shasta,089,179085,21875,21558,3616,25174,364
2021-11-09,Sierra,091,2930,190,186,21,207,0
2021-11-09,Siskiyou,093,43540,3372,3295,1302,4597,52
2021-11-09,Solano,095,438530,46343,45639,1275,46914,350
2021-11-09,Sonoma,097,501317,42018,41727,527,42254,395
2021-11-09,Stanislaus,099,539301,79521,79505,8872,88377,1165
2021-11-09,Sutter,101,95872,13983,13988,359,14347,180
2021-11-09,Tehama,103,63373,8655,8555,1480,10035,125
2021-11-09,Trinity,105,12862,864,746,211,957,17
2021-11-09,Tulare,107,460477,69573,68298,15183,83481,1024
2021-11-09,Tuolumne,109,53932,7435,7347,109,7456,90
2021-11-09,Ventura,111,848112,98936,98202,4287,102489,1182
2021-11-09,Yolo,113,214977,20156,19931,985,20916,255
2021-11-09,Yuba,115,75493,10254,10175,341,10516,85
2021-11-08,Alameda,001,1643700,120330,119983,2755,122738,1447
2021-11-08,Alpine,002,1148,102,105,0,105,0
2021-11-08,Amador,005,37829,5620,5590,62,5652,66
2021-11-08,Butte,007,227075,21236,21000,3958,24958,288
2021-11-08,Calaveras,009,45235,4199,4166,59,4225,82
2021-11-08,Colusa,011,21464,2542,2514,642,3156,19
2021-11-08,Contra Costa,013,1133247,100283,99669,2194,101863,1028
2021-11-08,Del Norte,015,27424,3704,3619,54,3673,42
2021-11-08,El Dorado,017,186661,16296,16055,1722,17777,156
2021-11-08,Fresno,019,978130,142417,140466,12780,153246,2179
2021-11-08,Glenn,021,27897,3539,3496,1016,4512,34
2021-11-08,Humboldt,023,135768,9215,9095,575,9670,109
2021-11-08,Imperial,025,180216,34107,33690,3204,36894,766
2021-11-08,Inyo,027,18085,2445,2398,38,2436,41
2021-11-08,Kern,029,883053,129432,127722,22640,150362,1692
2021-11-08,Kings,031,150075,32701,32248,1949,34197,344
2021-11-08,Lake,033,64148,6822,6737,151,6888,106
2021-11-08,Lassen,035,31185,6943,6830,389,7219,46
2021-11-08,Los Angeles,037,10098052,1450235,1438322,53597,1491919,26575
2021-11-08,Madera,039,155013,23627,23253,2145,25398,287
2021-11-08,Marin,041,260295,17739,17617,458,18075,247
2021-11-08,Mariposa,043,17540,1341,1316,50,1366,5
2021-11-08,Mendocino,045,87422,7724,7581,592,8173,85
2021-11-08,Merced,047,269075,42366,42224,1976,44200,607
2021-11-08,Modoc,049,8938,550,529,195,724,5
2021-11-08,Mono,051,14174,1752,1739,22,1761,4
2021-11-08,Monterey,053,433212,49047,47942,2935,50877,602
2021-11-08,Napa,055,140530,13112,13045,111,13156,103
2021-11-08,Nevada,057,99092,9414,9278,326,9604,92
2021-11-08,Orange,059,3164182,309757,307156,15311,322467,5616
2021-11-08,Placer,061,380077,37685,37250,3688,40938,439
2021-11-08,Plumas,063,18699,1866,1788,40,1828,7
2021-11-08,Riverside,065,2383286,366907,362201,16328,378529,5152
2021-11-08,Sacramento,067,1510023,160732,159735,4675,164410,2275
2021-11-08,San Benito,069,59416,7470,7461,169,7630,75
2021-11-08,San Bernardino,071,2135413,357717,354741,11236,365977,5836
2021-11-08,San Diego,073,3302833,377361,375557,22118,397675,4259
2021-11-08,San Francisco,075,870044,53631,52942,2316,55258,666
2021-11-08,San Joaquin,077,732212,100647,99736,5392,105128,1794
2021-11-08,San Luis Obispo,079,281455,29879,29464,1261,30725,350
2021-11-08,San Mateo,081,765935,54629,53658,881,54539,574
2021-11-08,Santa Barbara,083,443738,44870,44548,1540,46088,532
2021-11-08,Santa Clara,085,1922200,148527,147183,1368,148551,1899
2021-11-08,Santa Cruz,087,273765,20662,20435,1000,21435,222
2021-11-08,Shasta,089,179085,21828,21504,3610,25114,354
2021-11-08,Sierra,091,2930,190,183,21,204,0
2021-11-08,Siskiyou,093,43540,3368,3290,1291,4581,50
2021-11-08,Solano,095,438530,46302,45613,1271,46884,350
2021-11-08,Sonoma,097,501317,41949,41669,526,42195,395
2021-11-08,Stanislaus,099,539301,79369,79417,8858,88275,1150
2021-11-08,Sutter,101,95872,13975,13976,355,14331,180
2021-11-08,Tehama,103,63373,8646,8534,1480,10014,123
2021-11-08,Trinity,105,12862,864,743,210,953,13
2021-11-08,Tulare,107,460477,69456,68199,15145,83344,1020
2021-11-08,Tuolumne,109,53932,7416,7328,108,7436,90
2021-11-08,Ventura,111,848112,98843,98144,4285,102429,1182
2021-11-08,Yolo,113,214977,20117,19916,981,20897,255
2021-11-08,Yuba,115,75493,10243,10172,338,10510,83
2021-11-07,Alameda,001,1643700,120171,119902,2749,122651,1444
2021-11-07,Alpine,002,1148,102,105,0,105,0
2021-11-07,Amador,005,37829,5612,5580,60,5640,66
2021-11-07,Butte,007,227075,21195,20969,3949,24918,288
2021-11-07,Calaveras,009,45235,4172,4158,58,4216,82
2021-11-07,Colusa,011,21464,2536,2511,640,3151,19
2021-11-07,Contra Costa,013,1133247,100172,99596,2185,101781,1028
2021-11-07,Del Norte,015,27424,3702,3617,54,3671,42
2021-11-07,El Dorado,017,186661,16259,16040,1719,17759,156
2021-11-07,Fresno,019,978130,142078,140263,12752,153015,2179
2021-11-07,Glenn,021,27897,3532,3493,1015,4508,34
2021-11-07,Humboldt,023,135768,9191,9074,571,9645,109
2021-11-07,Imperial,025,180216,34034,33674,3185,36859,766
2021-11-07,Inyo,027,18085,2432,2394,38,2432,41
2021-11-07,Kern,029,883053,129161,127583,22549,150132,1692
2021-11-07,Kings,031,150075,32609,32221,1946,34167,343
2021-11-07,Lake,033,64148,6806,6734,150,6884,106
2021-11-07,Lassen,035,31185,6935,6819,385,7204,46
2021-11-07,Los Angeles,037,10098052,1448747,1437314,53522,1490836,26573
2021-11-07,Madera,039,155013,23582,23225,2137,25362,287
2021-11-07,Marin,041,260295,17720,17594,457,18051,247
2021-11-07,Mariposa,043,17540,1339,1306,50,1356,5
2021-11-07,Mendocino,045,87422,7696,7567,588,8155,85
2021-11-07,Merced,047,269075,42288,42186,1945,44131,607
2021-11-07,Modoc,049,8938,547,528,194,722,5
2021-11-07,Mono,051,14174,1746,1739,22,1761,4
2021-11-07,Monterey,053,433212,48995,47924,2931,50855,602
2021-11-07,Napa,055,140530,13091,13041,111,13152,103
2021-11-07,Nevada,057,99092,9366,9254,326,9580,92
2021-11-07,Orange,059,3164182,309433,306954,15273,322227,5616
2021-11-07,Placer,061,380077,37609,37202,3673,40875,439
2021-11-07,Plumas,063,18699,1859,1787,39,1826,7
2021-11-07,Riverside,065,2383286,366369,361960,16308,378268,5152
2021-11-07,Sacramento,067,1510023,160497,159549,4658,164207,2277
2021-11-07,San Benito,069,59416,7457,7460,169,7629,75
2021-11-07,San Bernardino,071,2135413,357200,354488,11213,365701,5832
2021-11-07,San Diego,073,3302833,376784,375165,22085,397250,4250
2021-11-07,San Francisco,075,870044,53547,52868,2310,55178,666
2021-11-07,San Joaquin,077,732212,100462,99696,5386,105082,1794
2021-11-07,San Luis Obispo,079,281455,29831,29454,1257,30711,350
2021-11-07,San Mateo,081,765935,54570,53600,879,54479,574
2021-11-07,Santa Barbara,083,443738,44807,44501,1539,46040,532
2021-11-07,Santa Clara,085,1922200,148322,147054,1356,148410,1898
2021-11-07,Santa Cruz,087,273765,20604,20397,999,21396,222
2021-11-07,Shasta,089,179085,21780,21479,3604,25083,354
2021-11-07,Sierra,091,2930,188,183,21,204,0
2021-11-07,Siskiyou,093,43540,3362,3289,1289,4578,51
2021-11-07,Solano,095,438530,46247,45582,1264,46846,350
2021-11-07,Sonoma,097,501317,41899,41630,525,42155,395
2021-11-07,Stanislaus,099,539301,79214,79351,8836,88187,1150
2021-11-07,Sutter,101,95872,13962,13964,352,14316,180
2021-11-07,Tehama,103,63373,8620,8528,1478,10006,121
2021-11-07,Trinity,105,12862,863,742,209,951,13
2021-11-07,Tulare,107,460477,69303,68145,15101,83246,1020
2021-11-07,Tuolumne,109,53932,7398,7300,106,7406,90
2021-11-07,Ventura,111,848112,98752,98085,4283,102368,1182
2021-11-07,Yolo,113,214977,20096,19899,978,20877,255
2021-11-07,Yuba,115,75493,10226,10162,333,10495,83
2021-11-06,Alameda,001,1643700,120107,119499,2746,122245,1436
2021-11-06,Alpine,002,1148,102,105,0,105,0
2021-11-06,Amador,005,37829,5606,5557,60,5617,66
2021-11-06,Butte,007,227075,21175,20796,3945,24741,288
2021-11-06,Calaveras,009,45235,4164,4105,58,4163,82
2021-11-06,Colusa,011,21464,2535,2501,639,3140,19
2021-11-06,Contra Costa,013,1133247,100117,99282,2183,101465,1025
2021-11-06,Del Norte,015,27424,3699,3607,54,3661,42
2021-11-06,El Dorado,017,186661,16242,15958,1719,17677,156
2021-11-06,Fresno,019,978130,141959,139249,12747,151996,2170
2021-11-06,Glenn,021,27897,3529,3479,1015,4494,33
2021-11-06,Humboldt,023,135768,9179,8972,567,9539,109
2021-11-06,Imperial,025,180216,33990,33471,3179,36650,766
2021-11-06,Inyo,027,18085,2426,2353,38,2391,41
2021-11-06,Kern,029,883053,129027,126848,22497,149345,1684
2021-11-06,Kings,031,150075,32576,32018,1941,33959,342
2021-11-06,Lake,033,64148,6804,6695,150,6845,106
2021-11-06,Lassen,035,31185,6930,6796,384,7180,46
2021-11-06,Los Angeles,037,10098052,1447977,1433081,53479,1486560,26533
2021-11-06,Madera,039,155013,23546,22994,2127,25121,287
2021-11-06,Marin,041,260295,17700,17520,454,17974,247
2021-11-06,Mariposa,043,17540,1337,1282,50,1332,5
2021-11-06,Mendocino,045,87422,7674,7486,588,8074,85
2021-11-06,Merced,047,269075,42264,41958,1937,43895,604
2021-11-06,Modoc,049,8938,546,523,194,717,5
2021-11-06,Mono,051,14174,1744,1725,22,1747,4
2021-11-06,Monterey,053,433212,48962,47830,2921,50751,602
2021-11-06,Napa,055,140530,13081,12950,111,13061,103
2021-11-06,Nevada,057,99092,9344,9169,325,9494,91
2021-11-06,Orange,059,3164182,309227,306049,15247,321296,5611
2021-11-06,Placer,061,380077,37568,36967,3670,40637,438
2021-11-06,Plumas,063,18699,1855,1755,38,1793,7
2021-11-06,Riverside,065,2383286,366047,360584,16300,376884,5138
2021-11-06,Sacramento,067,1510023,160404,158766,4653,163419,2263
2021-11-06,San Benito,069,59416,7450,7429,169,7598,75
2021-11-06,San Bernardino,071,2135413,356929,353142,11209,364351,5813
2021-11-06,San Diego,073,3302833,376448,373423,22067,395490,4246
2021-11-06,San Francisco,075,870044,53493,52556,2307,54863,666
2021-11-06,San Joaquin,077,732212,100404,99372,5385,104757,1782
2021-11-06,San Luis Obispo,079,281455,29803,29335,1253,30588,350
2021-11-06,San Mateo,081,765935,54535,53442,878,54320,574
2021-11-06,Santa Barbara,083,443738,44771,44301,1538,45839,532
2021-11-06,Santa Clara,085,1922200,148176,146519,1352,147871,1894
2021-11-06,Santa Cruz,087,273765,20585,20311,997,21308,222
2021-11-06,Shasta,089,179085,21761,21281,3599,24880,349
2021-11-06,Sierra,091,2930,188,181,21,202,0
2021-11-06,Siskiyou,093,43540,3362,3279,1287,4566,48
2021-11-06,Solano,095,438530,46217,45465,1263,46728,350
2021-11-06,Sonoma,097,501317,41849,41398,524,41922,395
2021-11-06,Stanislaus,099,539301,79146,78902,8828,87730,1193
2021-11-06,Sutter,101,95872,13958,13908,351,14259,180
2021-11-06,Tehama,103,63373,8608,8474,1476,9950,120
2021-11-06,Trinity,105,12862,860,732,209,941,11
2021-11-06,Tulare,107,460477,69253,67767,15072,82839,1010
2021-11-06,Tuolumne,109,53932,7385,7245,106,7351,90
2021-11-06,Ventura,111,848112,98685,97770,4278,102048,1180
2021-11-06,Yolo,113,214977,20079,19827,974,20801,255
2021-11-06,Yuba,115,75493,10212,10107,333,10440,83
2021-11-05,Alameda,001,1643700,120023,119499,2744,122243,1436
2021-11-05,Alpine,002,1148,102,105,0,105,0
2021-11-05,Amador,005,37829,5601,5557,60,5617,66
2021-11-05,Butte,007,227075,21162,20796,3944,24740,288
2021-11-05,Calaveras,009,45235,4159,4105,58,4163,82
2021-11-05,Colusa,011,21464,2535,2501,638,3139,19
2021-11-05,Contra Costa,013,1133247,100051,99282,2181,101463,1025
2021-11-05,Del Norte,015,27424,3697,3607,54,3661,42
2021-11-05,El Dorado,017,186661,16225,15958,1713,17671,156
2021-11-05,Fresno,019,978130,141777,139249,12736,151985,2170
2021-11-05,Glenn,021,27897,3528,3479,1014,4493,33
2021-11-05,Humboldt,023,135768,9165,8972,567,9539,109
2021-11-05,Imperial,025,180216,33954,33471,3176,36647,766
2021-11-05,Inyo,027,18085,2418,2353,38,2391,41
2021-11-05,Kern,029,883053,128900,126848,22442,149290,1684
2021-11-05,Kings,031,150075,32552,32018,1940,33958,342
2021-11-05,Lake,033,64148,6798,6695,150,6845,106
2021-11-05,Lassen,035,31185,6926,6796,383,7179,46
2021-11-05,Los Angeles,037,10098052,1447154,1433081,53441,1486522,26533
2021-11-05,Madera,039,155013,23507,22994,2126,25120,287
2021-11-05,Marin,041,260295,17678,17520,453,17973,247
2021-11-05,Mariposa,043,17540,1334,1282,49,1331,5
2021-11-05,Mendocino,045,87422,7663,7486,587,8073,85
2021-11-05,Merced,047,269075,42238,41958,1928,43886,604
2021-11-05,Modoc,049,8938,546,523,194,717,5
2021-11-05,Mono,051,14174,1743,1725,22,1747,4
2021-11-05,Monterey,053,433212,48932,47830,2919,50749,602
2021-11-05,Napa,055,140530,13059,12950,111,13061,103
2021-11-05,Nevada,057,99092,9331,9169,325,9494,91
2021-11-05,Orange,059,3164182,309030,306049,15225,321274,5611
2021-11-05,Placer,061,380077,37540,36967,3661,40628,438
2021-11-05,Plumas,063,18699,1847,1755,38,1793,7
2021-11-05,Riverside,065,2383286,365709,360584,16290,376874,5138
2021-11-05,Sacramento,067,1510023,160282,158766,4646,163412,2263
2021-11-05,San Benito,069,59416,7448,7429,168,7597,75
2021-11-05,San Bernardino,071,2135413,356596,353142,11199,364341,5813
2021-11-05,San Diego,073,3302833,376095,373423,22055,395478,4246
2021-11-05,San Francisco,075,870044,53442,52556,2304,54860,666
2021-11-05,San Joaquin,077,732212,100351,99372,5376,104748,1782
2021-11-05,San Luis Obispo,079,281455,29780,29335,1253,30588,350
2021-11-05,San Mateo,081,765935,54493,53442,876,54318,574
2021-11-05,Santa Barbara,083,443738,44726,44301,1537,45838,532
2021-11-05,Santa Clara,085,1922200,148039,146519,1351,147870,1894
2021-11-05,Santa Cruz,087,273765,20561,20311,996,21307,222
2021-11-05,Shasta,089,179085,21729,21281,3594,24875,349
2021-11-05,Sierra,091,2930,188,181,21,202,0
2021-11-05,Siskiyou,093,43540,3357,3279,1286,4565,48
2021-11-05,Solano,095,438530,46172,45465,1261,46726,350
2021-11-05,Sonoma,097,501317,41809,41398,524,41922,395
2021-11-05,Stanislaus,099,539301,79088,78902,8816,87718,1193
2021-11-05,Sutter,101,95872,13950,13908,350,14258,180
2021-11-05,Tehama,103,63373,8601,8474,1475,9949,120
2021-11-05,Trinity,105,12862,860,732,209,941,11
2021-11-05,Tulare,107,460477,69181,67767,15035,82802,1010
2021-11-05,Tuolumne,109,53932,7368,7245,105,7350,90
2021-11-05,Ventura,111,848112,98645,97770,4276,102046,1180
2021-11-05,Yolo,113,214977,20068,19827,973,20800,255
2021-11-05,Yuba,115,75493,10199,10107,331,10438,83
2021-11-04,Alameda,001,1643700,119907,119499,2738,122237,1436
2021-11-04,Alpine,002,1148,102,105,0,105,0
2021-11-04,Amador,005,37829,5593,5557,60,5617,66
2021-11-04,Butte,007,227075,21121,20796,3933,24729,288
2021-11-04,Calaveras,009,45235,4145,4105,56,4161,82
2021-11-04,Colusa,011,21464,2529,2501,637,3138,19
2021-11-04,Contra Costa,013,1133247,99960,99282,2176,101458,1025
2021-11-04,Del Norte,015,27424,3694,3607,54,3661,42
2021-11-04,El Dorado,017,186661,16199,15958,1709,17667,156
2021-11-04,Fresno,019,978130,141495,139249,12727,151976,2170
2021-11-04,Glenn,021,27897,3523,3479,1013,4492,33
2021-11-04,Humboldt,023,135768,9140,8972,564,9536,109
2021-11-04,Imperial,025,180216,33897,33471,3167,36638,766
2021-11-04,Inyo,027,18085,2410,2353,38,2391,41
2021-11-04,Kern,029,883053,128668,126848,22373,149221,1684
2021-11-04,Kings,031,150075,32473,32018,1931,33949,342
2021-11-04,Lake,033,64148,6788,6695,148,6843,106
2021-11-04,Lassen,035,31185,6916,6796,378,7174,46
2021-11-04,Los Angeles,037,10098052,1445847,1433081,53360,1486441,26533
2021-11-04,Madera,039,155013,23452,22994,2115,25109,287
2021-11-04,Marin,041,260295,17666,17520,451,17971,247
2021-11-04,Mariposa,043,17540,1327,1282,49,1331,5
2021-11-04,Mendocino,045,87422,7650,7486,581,8067,85
2021-11-04,Merced,047,269075,42184,41958,1924,43882,604
2021-11-04,Modoc,049,8938,545,523,194,717,5
2021-11-04,Mono,051,14174,1738,1725,22,1747,4
2021-11-04,Monterey,053,433212,48888,47830,2903,50733,602
2021-11-04,Napa,055,140530,13037,12950,111,13061,103
2021-11-04,Nevada,057,99092,9300,9169,324,9493,91
2021-11-04,Orange,059,3164182,308781,306049,15207,321256,5611
2021-11-04,Placer,061,380077,37469,36967,3652,40619,438
2021-11-04,Plumas,063,18699,1839,1755,34,1789,7
2021-11-04,Riverside,065,2383286,365311,360584,16281,376865,5138
2021-11-04,Sacramento,067,1510023,160047,158766,4627,163393,2263
2021-11-04,San Benito,069,59416,7442,7429,168,7597,75
2021-11-04,San Bernardino,071,2135413,356156,353142,11191,364333,5813
2021-11-04,San Diego,073,3302833,375626,373423,22034,395457,4246
2021-11-04,San Francisco,075,870044,53361,52556,2300,54856,666
2021-11-04,San Joaquin,077,732212,100244,99372,5364,104736,1782
2021-11-04,San Luis Obispo,079,281455,29756,29335,1247,30582,350
2021-11-04,San Mateo,081,765935,54434,53442,870,54312,574
2021-11-04,Santa Barbara,083,443738,44670,44301,1537,45838,532
2021-11-04,Santa Clara,085,1922200,147879,146519,1347,147866,1894
2021-11-04,Santa Cruz,087,273765,20526,20311,996,21307,222
2021-11-04,Shasta,089,179085,21671,21281,3588,24869,349
2021-11-04,Sierra,091,2930,186,181,21,202,0
2021-11-04,Siskiyou,093,43540,3353,3279,1279,4558,48
2021-11-04,Solano,095,438530,46130,45465,1260,46725,350
2021-11-04,Sonoma,097,501317,41751,41398,524,41922,395
2021-11-04,Stanislaus,099,539301,78951,78902,8808,87710,1193
2021-11-04,Sutter,101,95872,13939,13908,348,14256,180
2021-11-04,Tehama,103,63373,8592,8474,1471,9945,120
2021-11-04,Trinity,105,12862,859,732,209,941,11
2021-11-04,Tulare,107,460477,69066,67767,14989,82756,1010
2021-11-04,Tuolumne,109,53932,7346,7245,103,7348,90
2021-11-04,Ventura,111,848112,98558,97770,4274,102044,1180
2021-11-04,Yolo,113,214977,20042,19827,969,20796,255
2021-11-04,Yuba,115,75493,10185,10107,329,10436,83
2021-11-03,Alameda,001,1643700,119766,119356,2734,122090,1428
2021-11-03,Alpine,002,1148,102,105,0,105,0
2021-11-03,Amador,005,37829,5587,5545,59,5604,66
2021-11-03,Butte,007,227075,21076,20769,3924,24693,284
2021-11-03,Calaveras,009,45235,4127,4087,55,4142,82
2021-11-03,Colusa,011,21464,2523,2499,637,3136,20
2021-11-03,Contra Costa,013,1133247,99861,99168,2171,101339,1025
2021-11-03,Del Norte,015,27424,3692,3600,53,3653,42
2021-11-03,El Dorado,017,186661,16172,15915,1705,17620,156
2021-11-03,Fresno,019,978130,141134,138873,12705,151578,2166
2021-11-03,Glenn,021,27897,3520,3470,1013,4483,33
2021-11-03,Humboldt,023,135768,9122,8949,559,9508,109
2021-11-03,Imperial,025,180216,33825,33402,3157,36559,766
2021-11-03,Inyo,027,18085,2389,2344,38,2382,41
2021-11-03,Kern,029,883053,128408,126523,22274,148797,1681
2021-11-03,Kings,031,150075,32418,31923,1924,33847,341
2021-11-03,Lake,033,64148,6772,6685,148,6833,106
2021-11-03,Lassen,035,31185,6900,6782,373,7155,46
2021-11-03,Los Angeles,037,10098052,1444497,1431209,53281,1484490,26517
2021-11-03,Madera,039,155013,23384,22893,2106,24999,287
2021-11-03,Marin,041,260295,17645,17491,447,17938,247
2021-11-03,Mariposa,043,17540,1317,1276,49,1325,5
2021-11-03,Mendocino,045,87422,7634,7457,573,8030,84
2021-11-03,Merced,047,269075,42123,41849,1914,43763,597
2021-11-03,Modoc,049,8938,545,521,192,713,5
2021-11-03,Mono,051,14174,1734,1719,22,1741,4
2021-11-03,Monterey,053,433212,48838,47794,2890,50684,601
2021-11-03,Napa,055,140530,13025,12937,110,13047,103
2021-11-03,Nevada,057,99092,9273,9131,323,9454,91
2021-11-03,Orange,059,3164182,308470,305661,15174,320835,5607
2021-11-03,Placer,061,380077,37401,36868,3647,40515,438
2021-11-03,Plumas,063,18699,1828,1739,33,1772,7
2021-11-03,Riverside,065,2383286,364855,360060,16277,376337,5131
2021-11-03,Sacramento,067,1510023,159823,158311,4617,162928,2259
2021-11-03,San Benito,069,59416,7434,7419,168,7587,75
2021-11-03,San Bernardino,071,2135413,355680,352225,11170,363395,5813
2021-11-03,San Diego,073,3302833,375126,372951,22011,394962,4241
2021-11-03,San Francisco,075,870044,53269,52493,2295,54788,663
2021-11-03,San Joaquin,077,732212,100131,99188,5354,104542,1776
2021-11-03,San Luis Obispo,079,281455,29714,29276,1241,30517,348
2021-11-03,San Mateo,081,765935,54370,53396,864,54260,571
2021-11-03,Santa Barbara,083,443738,44613,44220,1534,45754,531
2021-11-03,Santa Clara,085,1922200,147697,146259,1340,147599,1897
2021-11-03,Santa Cruz,087,273765,20491,20275,996,21271,222
2021-11-03,Shasta,089,179085,21613,21215,3581,24796,346
2021-11-03,Sierra,091,2930,184,180,21,201,0
2021-11-03,Siskiyou,093,43540,3349,3276,1277,4553,46
2021-11-03,Solano,095,438530,46103,45411,1258,46669,351
2021-11-03,Sonoma,097,501317,41674,41326,522,41848,395
2021-11-03,Stanislaus,099,539301,78819,78736,8792,87528,1193
2021-11-03,Sutter,101,95872,13926,13876,346,14222,179
2021-11-03,Tehama,103,63373,8580,8438,1471,9909,118
2021-11-03,Trinity,105,12862,858,730,209,939,11
2021-11-03,Tulare,107,460477,68939,67588,14948,82536,1007
2021-11-03,Tuolumne,109,53932,7328,7218,101,7319,90
2021-11-03,Ventura,111,848112,98453,97682,4269,101951,1178
2021-11-03,Yolo,113,214977,20022,19758,963,20721,250
2021-11-03,Yuba,115,75493,10173,10092,329,10421,83
2021-11-02,Alameda,001,1643700,119621,119241,2728,121969,1425
2021-11-02,Alpine,002,1148,101,105,0,105,0
2021-11-02,Amador,005,37829,5582,5535,59,5594,66
2021-11-02,Butte,007,227075,21032,20744,3912,24656,282
2021-11-02,Calaveras,009,45235,4104,4075,55,4130,82
2021-11-02,Colusa,011,21464,2518,2497,636,3133,19
2021-11-02,Contra Costa,013,1133247,99758,99080,2159,101239,1025
2021-11-02,Del Norte,015,27424,3690,3596,53,3649,42
2021-11-02,El Dorado,017,186661,16143,15883,1705,17588,154
2021-11-02,Fresno,019,978130,140810,138644,12675,151319,2158
2021-11-02,Glenn,021,27897,3512,3469,1010,4479,33
2021-11-02,Humboldt,023,135768,9080,8937,558,9495,109
2021-11-02,Imperial,025,180216,33753,33371,3145,36516,766
2021-11-02,Inyo,027,18085,2382,2324,38,2362,41
2021-11-02,Kern,029,883053,128153,126311,22154,148465,1665
2021-11-02,Kings,031,150075,32359,31896,1919,33815,339
2021-11-02,Lake,033,64148,6767,6681,147,6828,106
2021-11-02,Lassen,035,31185,6888,6777,370,7147,45
2021-11-02,Los Angeles,037,10098052,1443056,1429601,53205,1482806,26496
2021-11-02,Madera,039,155013,23303,22837,2095,24932,287
2021-11-02,Marin,041,260295,17617,17482,447,17929,247
2021-11-02,Mariposa,043,17540,1306,1270,48,1318,5
2021-11-02,Mendocino,045,87422,7610,7447,561,8008,84
2021-11-02,Merced,047,269075,42056,41785,1906,43691,596
2021-11-02,Modoc,049,8938,542,520,191,711,5
2021-11-02,Mono,051,14174,1730,1718,22,1740,4
2021-11-02,Monterey,053,433212,48787,47775,2872,50647,599
2021-11-02,Napa,055,140530,13007,12930,110,13040,104
2021-11-02,Nevada,057,99092,9243,9122,322,9444,91
2021-11-02,Orange,059,3164182,308154,305369,15130,320499,5600
2021-11-02,Placer,061,380077,37330,36817,3632,40449,438
2021-11-02,Plumas,063,18699,1817,1721,33,1754,7
2021-11-02,Riverside,065,2383286,364401,359586,16258,375844,5116
2021-11-02,Sacramento,067,1510023,159566,158112,4595,162707,2250
2021-11-02,San Benito,069,59416,7418,7407,168,7575,75
2021-11-02,San Bernardino,071,2135413,355203,351832,11117,362949,5813
2021-11-02,San Diego,073,3302833,374541,372440,21981,394421,4232
2021-11-02,San Francisco,075,870044,53149,52450,2291,54741,663
2021-11-02,San Joaquin,077,732212,99998,99076,5343,104419,1772
2021-11-02,San Luis Obispo,079,281455,29681,29224,1237,30461,348
2021-11-02,San Mateo,081,765935,54298,53351,861,54212,571
2021-11-02,Santa Barbara,083,443738,44557,44177,1531,45708,531
2021-11-02,Santa Clara,085,1922200,147503,146115,1333,147448,1896
2021-11-02,Santa Cruz,087,273765,20458,20266,995,21261,222
2021-11-02,Shasta,089,179085,21539,21127,3571,24698,344
2021-11-02,Sierra,091,2930,184,180,20,200,0
2021-11-02,Siskiyou,093,43540,3347,3272,1274,4546,46
2021-11-02,Solano,095,438530,46062,45378,1252,46630,350
2021-11-02,Sonoma,097,501317,41594,41288,521,41809,395
2021-11-02,Stanislaus,099,539301,78664,78629,8772,87401,1193
2021-11-02,Sutter,101,95872,13906,13868,346,14214,179
2021-11-02,Tehama,103,63373,8564,8422,1468,9890,116
2021-11-02,Trinity,105,12862,858,729,209,938,11
2021-11-02,Tulare,107,460477,68814,67502,14900,82402,1002
2021-11-02,Tuolumne,109,53932,7306,7204,99,7303,90
2021-11-02,Ventura,111,848112,98346,97574,4265,101839,1178
2021-11-02,Yolo,113,214977,19992,19736,961,20697,250
2021-11-02,Yuba,115,75493,10150,10080,327,10407,83
2021-11-01,Alameda,001,1643700,119483,119159,2726,121885,1421
2021-11-01,Alpine,002,1148,101,105,0,105,0
2021-11-01,Amador,005,37829,5580,5532,59,5591,64
2021-11-01,Butte,007,227075,20982,20710,3906,24616,281
2021-11-01,Calaveras,009,45235,4094,4059,54,4113,82
2021-11-01,Colusa,011,21464,2516,2494,633,3127,19
2021-11-01,Contra Costa,013,1133247,99632,99011,2151,101162,1025
2021-11-01,Del Norte,015,27424,3688,3594,53,3647,42
2021-11-01,El Dorado,017,186661,16119,15858,1700,17558,154
2021-11-01,Fresno,019,978130,140432,138421,12639,151060,2149
2021-11-01,Glenn,021,27897,3505,3461,1008,4469,33
2021-11-01,Humboldt,023,135768,9052,8929,555,9484,108
2021-11-01,Imperial,025,180216,33703,33342,3136,36478,766
2021-11-01,Inyo,027,18085,2370,2307,38,2345,41
2021-11-01,Kern,029,883053,127852,126092,22039,148131,1660
2021-11-01,Kings,031,150075,32306,31866,1915,33781,337
2021-11-01,Lake,033,64148,6756,6676,146,6822,106
2021-11-01,Lassen,035,31185,6873,6775,367,7142,42
2021-11-01,Los Angeles,037,10098052,1441672,1428891,53116,1482007,26483
2021-11-01,Madera,039,155013,23223,22801,2090,24891,283
2021-11-01,Marin,041,260295,17597,17460,446,17906,247
2021-11-01,Mariposa,043,17540,1298,1266,47,1313,5
2021-11-01,Mendocino,045,87422,7577,7422,543,7965,84
2021-11-01,Merced,047,269075,41964,41740,1904,43644,594
2021-11-01,Modoc,049,8938,537,520,189,709,5
2021-11-01,Mono,051,14174,1726,1714,22,1736,3
2021-11-01,Monterey,053,433212,48744,47756,2860,50616,597
2021-11-01,Napa,055,140530,12980,12916,109,13025,101
2021-11-01,Nevada,057,99092,9220,9108,321,9429,91
2021-11-01,Orange,059,3164182,307811,305192,15090,320282,5596
2021-11-01,Placer,061,380077,37243,36747,3620,40367,435
2021-11-01,Plumas,063,18699,1798,1719,33,1752,7
2021-11-01,Riverside,065,2383286,363896,359263,16236,375499,5115
2021-11-01,Sacramento,067,1510023,159292,157893,4572,162465,2239
2021-11-01,San Benito,069,59416,7408,7406,167,7573,73
2021-11-01,San Bernardino,071,2135413,354712,351620,11097,362717,5815
2021-11-01,San Diego,073,3302833,373976,372043,21963,394006,4232
2021-11-01,San Francisco,075,870044,53063,52418,2284,54702,661
2021-11-01,San Joaquin,077,732212,99836,98969,5336,104305,1772
2021-11-01,San Luis Obispo,079,281455,29637,29199,1232,30431,343
2021-11-01,San Mateo,081,765935,54231,53314,857,54171,571
2021-11-01,Santa Barbara,083,443738,44490,44146,1527,45673,529
2021-11-01,Santa Clara,085,1922200,147304,145978,1328,147306,1907
2021-11-01,Santa Cruz,087,273765,20423,20238,995,21233,221
2021-11-01,Shasta,089,179085,21486,21104,3564,24668,338
2021-11-01,Sierra,091,2930,184,180,20,200,0
2021-11-01,Siskiyou,093,43540,3340,3272,1269,4541,46
2021-11-01,Solano,095,438530,46008,45358,1252,46610,350
2021-11-01,Sonoma,097,501317,41520,41234,520,41754,395
2021-11-01,Stanislaus,099,539301,78534,78534,8757,87291,1193
2021-11-01,Sutter,101,95872,13882,13852,344,14196,179
2021-11-01,Tehama,103,63373,8536,8412,1465,9877,116
2021-11-01,Trinity,105,12862,856,727,209,936,11
2021-11-01,Tulare,107,460477,68671,67388,14848,82236,1002
2021-11-01,Tuolumne,109,53932,7290,7175,98,7273,90
2021-11-01,Ventura,111,848112,98254,97507,4263,101770,1178
2021-11-01,Yolo,113,214977,19971,19708,955,20663,250
2021-11-01,Yuba,115,75493,10132,10066,325,10391,83
2021-10-31,Alameda,001,1643700,119341,119071,2722,121793,1419
2021-10-31,Alpine,002,1148,101,105,0,105,0
2021-10-31,Amador,005,37829,5569,5518,59,5577,64
2021-10-31,Butte,007,227075,20920,20689,3895,24584,281
2021-10-31,Calaveras,009,45235,4076,4052,53,4105,82
2021-10-31,Colusa,011,21464,2514,2493,630,3123,18
2021-10-31,Contra Costa,013,1133247,99504,98936,2149,101085,1025
2021-10-31,Del Norte,015,27424,3682,3591,53,3644,42
2021-10-31,El Dorado,017,186661,16073,15841,1697,17538,154
2021-10-31,Fresno,019,978130,140028,138165,12605,150770,2147
2021-10-31,Glenn,021,27897,3498,3459,1008,4467,33
2021-10-31,Humboldt,023,135768,9004,8919,549,9468,108
2021-10-31,Imperial,025,180216,33628,33334,3124,36458,766
2021-10-31,Inyo,027,18085,2351,2309,38,2347,41
2021-10-31,Kern,029,883053,127480,125917,21915,147832,1666
2021-10-31,Kings,031,150075,32220,31814,1903,33717,338
2021-10-31,Lake,033,64148,6745,6665,144,6809,106
2021-10-31,Lassen,035,31185,6858,6768,362,7130,42
2021-10-31,Los Angeles,037,10098052,1440120,1427933,53033,1480966,26474
2021-10-31,Madera,039,155013,23127,22744,2077,24821,283
2021-10-31,Marin,041,260295,17569,17443,445,17888,247
2021-10-31,Mariposa,043,17540,1292,1257,46,1303,5
2021-10-31,Mendocino,045,87422,7536,7403,526,7929,84
2021-10-31,Merced,047,269075,41871,41699,1884,43583,589
2021-10-31,Modoc,049,8938,531,517,186,703,5
2021-10-31,Mono,051,14174,1722,1711,22,1733,3
2021-10-31,Monterey,053,433212,48703,47744,2842,50586,596
2021-10-31,Napa,055,140530,12963,12906,107,13013,101
2021-10-31,Nevada,057,99092,9183,9084,316,9400,91
2021-10-31,Orange,059,3164182,307463,305032,15006,320038,5596
2021-10-31,Placer,061,380077,37146,36698,3607,40305,435
2021-10-31,Plumas,063,18699,1780,1716,33,1749,7
2021-10-31,Riverside,065,2383286,363320,359005,16222,375227,5104
2021-10-31,Sacramento,067,1510023,158941,157667,4559,162226,2243
2021-10-31,San Benito,069,59416,7399,7397,165,7562,73
2021-10-31,San Bernardino,071,2135413,354179,351411,11083,362494,5810
2021-10-31,San Diego,073,3302833,373423,371603,21932,393535,4218
2021-10-31,San Francisco,075,870044,52954,52370,2278,54648,661
2021-10-31,San Joaquin,077,732212,99671,98893,5321,104214,1772
2021-10-31,San Luis Obispo,079,281455,29584,29176,1231,30407,343
2021-10-31,San Mateo,081,765935,54172,53284,855,54139,571
2021-10-31,Santa Barbara,083,443738,44420,44113,1522,45635,529
2021-10-31,Santa Clara,085,1922200,147088,145829,1313,147142,1908
2021-10-31,Santa Cruz,087,273765,20388,20218,994,21212,221
2021-10-31,Shasta,089,179085,21403,21086,3552,24638,338
2021-10-31,Sierra,091,2930,184,180,20,200,0
2021-10-31,Siskiyou,093,43540,3334,3271,1268,4539,46
2021-10-31,Solano,095,438530,45959,45310,1246,46556,350
2021-10-31,Sonoma,097,501317,41450,41183,517,41700,395
2021-10-31,Stanislaus,099,539301,78345,78426,8740,87166,1193
2021-10-31,Sutter,101,95872,13863,13838,341,14179,179
2021-10-31,Tehama,103,63373,8505,8391,1461,9852,116
2021-10-31,Trinity,105,12862,856,724,209,933,11
2021-10-31,Tulare,107,460477,68475,67310,14760,82070,1002
2021-10-31,Tuolumne,109,53932,7261,7141,97,7238,90
2021-10-31,Ventura,111,848112,98132,97460,4258,101718,1178
2021-10-31,Yolo,113,214977,19925,19662,951,20613,250
2021-10-31,Yuba,115,75493,10114,10051,315,10366,83
2021-10-30,Alameda,001,1643700,119280,118632,2719,121351,1419
2021-10-30,Alpine,002,1148,101,105,0,105,0
2021-10-30,Amador,005,37829,5560,5480,58,5538,64
2021-10-30,Butte,007,227075,20905,20516,3888,24404,277
2021-10-30,Calaveras,009,45235,4069,3992,53,4045,82
2021-10-30,Colusa,011,21464,2514,2484,629,3113,19
2021-10-30,Contra Costa,013,1133247,99440,98562,2148,100710,1024
2021-10-30,Del Norte,015,27424,3679,3574,53,3627,42
2021-10-30,El Dorado,017,186661,16057,15752,1693,17445,154
2021-10-30,Fresno,019,978130,139883,136901,12593,149494,2131
2021-10-30,Glenn,021,27897,3494,3442,1008,4450,33
2021-10-30,Humboldt,023,135768,8989,8871,547,9418,105
2021-10-30,Imperial,025,180216,33582,33156,3120,36276,766
2021-10-30,Inyo,027,18085,2348,2249,38,2287,41
2021-10-30,Kern,029,883053,127327,124892,21846,146738,1653
2021-10-30,Kings,031,150075,32186,31578,1899,33477,337
2021-10-30,Lake,033,64148,6740,6610,144,6754,106
2021-10-30,Lassen,035,31185,6852,6719,360,7079,42
2021-10-30,Los Angeles,037,10098052,1439398,1424257,52980,1477237,26625
2021-10-30,Madera,039,155013,23083,22524,2072,24596,283
2021-10-30,Marin,041,260295,17554,17380,443,17823,247
2021-10-30,Mariposa,043,17540,1289,1228,46,1274,5
2021-10-30,Mendocino,045,87422,7514,7338,524,7862,84
2021-10-30,Merced,047,269075,41831,41428,1882,43310,586
2021-10-30,Modoc,049,8938,529,513,185,698,5
2021-10-30,Mono,051,14174,1722,1684,22,1706,3
2021-10-30,Monterey,053,433212,48686,47649,2836,50485,588
2021-10-30,Napa,055,140530,12948,12863,106,12969,101
2021-10-30,Nevada,057,99092,9164,9015,316,9331,91
2021-10-30,Orange,059,3164182,307283,304120,14984,319104,5588
2021-10-30,Placer,061,380077,37101,36400,3601,40001,434
2021-10-30,Plumas,063,18699,1775,1695,33,1728,7
2021-10-30,Riverside,065,2383286,363018,357645,16214,373859,5088
2021-10-30,Sacramento,067,1510023,158784,157125,4550,161675,2233
2021-10-30,San Benito,069,59416,7392,7362,165,7527,71
2021-10-30,San Bernardino,071,2135413,353901,350076,11068,361144,5777
2021-10-30,San Diego,073,3302833,373060,370006,21910,391916,4213
2021-10-30,San Francisco,075,870044,52925,52161,2276,54437,661
2021-10-30,San Joaquin,077,732212,99615,98314,5320,103634,1768
2021-10-30,San Luis Obispo,079,281455,29552,29053,1228,30281,341
2021-10-30,San Mateo,081,765935,54133,53083,855,53938,571
2021-10-30,Santa Barbara,083,443738,44384,43972,1521,45493,528
2021-10-30,Santa Clara,085,1922200,146981,145262,1309,146571,1903
2021-10-30,Santa Cruz,087,273765,20370,20134,992,21126,221
2021-10-30,Shasta,089,179085,21359,20878,3546,24424,332
2021-10-30,Sierra,091,2930,184,175,20,195,0
2021-10-30,Siskiyou,093,43540,3333,3257,1265,4522,46
2021-10-30,Solano,095,438530,45938,45146,1244,46390,346
2021-10-30,Sonoma,097,501317,41411,40924,517,41441,393
2021-10-30,Stanislaus,099,539301,78275,77871,8733,86604,1191
2021-10-30,Sutter,101,95872,13849,13773,341,14114,178
2021-10-30,Tehama,103,63373,8493,8307,1457,9764,114
2021-10-30,Trinity,105,12862,854,708,208,916,11
2021-10-30,Tulare,107,460477,68404,66745,14716,81461,995
2021-10-30,Tuolumne,109,53932,7238,7050,96,7146,90
2021-10-30,Ventura,111,848112,98083,97182,4255,101437,1174
2021-10-30,Yolo,113,214977,19906,19568,949,20517,250
2021-10-30,Yuba,115,75493,10103,9969,315,10284,82
2021-10-29,Alameda,001,1643700,119200,118632,2714,121346,1419
2021-10-29,Alpine,002,1148,101,105,0,105,0
2021-10-29,Amador,005,37829,5549,5480,58,5538,64
2021-10-29,Butte,007,227075,20880,20516,3876,24392,277
2021-10-29,Calaveras,009,45235,4062,3992,53,4045,82
2021-10-29,Colusa,011,21464,2514,2484,627,3111,19
2021-10-29,Contra Costa,013,1133247,99372,98562,2146,100708,1024
2021-10-29,Del Norte,015,27424,3672,3574,53,3627,42
2021-10-29,El Dorado,017,186661,16043,15752,1693,17445,154
2021-10-29,Fresno,019,978130,139667,136901,12580,149481,2131
2021-10-29,Glenn,021,27897,3493,3442,1007,4449,33
2021-10-29,Humboldt,023,135768,8984,8871,546,9417,105
2021-10-29,Imperial,025,180216,33555,33156,3117,36273,766
2021-10-29,Inyo,027,18085,2345,2249,38,2287,41
2021-10-29,Kern,029,883053,127150,124892,21756,146648,1653
2021-10-29,Kings,031,150075,32152,31578,1897,33475,337
2021-10-29,Lake,033,64148,6731,6610,141,6751,106
2021-10-29,Lassen,035,31185,6843,6719,358,7077,42
2021-10-29,Los Angeles,037,10098052,1438557,1424257,52938,1477195,26625
2021-10-29,Madera,039,155013,23031,22524,2067,24591,283
2021-10-29,Marin,041,260295,17538,17380,442,17822,247
2021-10-29,Mariposa,043,17540,1285,1228,46,1274,5
2021-10-29,Mendocino,045,87422,7505,7338,524,7862,84
2021-10-29,Merced,047,269075,41781,41428,1876,43304,586
2021-10-29,Modoc,049,8938,526,513,185,698,5
2021-10-29,Mono,051,14174,1720,1684,22,1706,3
2021-10-29,Monterey,053,433212,48663,47649,2836,50485,588
2021-10-29,Napa,055,140530,12927,12863,106,12969,101
2021-10-29,Nevada,057,99092,9152,9015,316,9331,91
2021-10-29,Orange,059,3164182,307058,304120,14964,319084,5588
2021-10-29,Placer,061,380077,37064,36400,3591,39991,434
2021-10-29,Plumas,063,18699,1769,1695,33,1728,7
2021-10-29,Riverside,065,2383286,362683,357645,16209,373854,5088
2021-10-29,Sacramento,067,1510023,158595,157125,4540,161665,2233
2021-10-29,San Benito,069,59416,7389,7362,165,7527,71
2021-10-29,San Bernardino,071,2135413,353598,350076,11057,361133,5777
2021-10-29,San Diego,073,3302833,372688,370006,21882,391888,4213
2021-10-29,San Francisco,075,870044,52865,52161,2269,54430,661
2021-10-29,San Joaquin,077,732212,99555,98314,5315,103629,1768
2021-10-29,San Luis Obispo,079,281455,29526,29053,1226,30279,341
2021-10-29,San Mateo,081,765935,54090,53083,853,53936,571
2021-10-29,Santa Barbara,083,443738,44344,43972,1518,45490,528
2021-10-29,Santa Clara,085,1922200,146865,145262,1302,146564,1903
2021-10-29,Santa Cruz,087,273765,20363,20134,991,21125,221
2021-10-29,Shasta,089,179085,21321,20878,3540,24418,332
2021-10-29,Sierra,091,2930,182,175,20,195,0
2021-10-29,Siskiyou,093,43540,3333,3257,1264,4521,46
2021-10-29,Solano,095,438530,45901,45146,1243,46389,346
2021-10-29,Sonoma,097,501317,41390,40924,517,41441,393
2021-10-29,Stanislaus,099,539301,78190,77871,8721,86592,1191
2021-10-29,Sutter,101,95872,13830,13773,341,14114,178
2021-10-29,Tehama,103,63373,8480,8307,1456,9763,114
2021-10-29,Trinity,105,12862,853,708,208,916,11
2021-10-29,Tulare,107,460477,68299,66745,14673,81418,995
2021-10-29,Tuolumne,109,53932,7225,7050,96,7146,90
2021-10-29,Ventura,111,848112,98028,97182,4251,101433,1174
2021-10-29,Yolo,113,214977,19885,19568,947,20515,250
2021-10-29,Yuba,115,75493,10095,9969,311,10280,82
2021-10-28,Alameda,001,1643700,119077,118632,2707,121339,1419
2021-10-28,Alpine,002,1148,101,105,0,105,0
2021-10-28,Amador,005,37829,5536,5480,58,5538,64
2021-10-28,Butte,007,227075,20838,20516,3865,24381,277
2021-10-28,Calaveras,009,45235,4049,3992,53,4045,82
2021-10-28,Colusa,011,21464,2511,2484,626,3110,19
2021-10-28,Contra Costa,013,1133247,99242,98562,2142,100704,1024
2021-10-28,Del Norte,015,27424,3671,3574,53,3627,42
2021-10-28,El Dorado,017,186661,16015,15752,1690,17442,154
2021-10-28,Fresno,019,978130,139335,136901,12548,149449,2131
2021-10-28,Glenn,021,27897,3490,3442,1005,4447,33
2021-10-28,Humboldt,023,135768,8968,8871,541,9412,105
2021-10-28,Imperial,025,180216,33489,33156,3110,36266,766
2021-10-28,Inyo,027,18085,2328,2249,38,2287,41
2021-10-28,Kern,029,883053,126902,124892,21644,146536,1653
2021-10-28,Kings,031,150075,32083,31578,1892,33470,337
2021-10-28,Lake,033,64148,6721,6610,141,6751,106
2021-10-28,Lassen,035,31185,6834,6719,355,7074,42
2021-10-28,Los Angeles,037,10098052,1437420,1424257,52864,1477121,26625
2021-10-28,Madera,039,155013,22977,22524,2056,24580,283
2021-10-28,Marin,041,260295,17520,17380,441,17821,247
2021-10-28,Mariposa,043,17540,1281,1228,46,1274,5
2021-10-28,Mendocino,045,87422,7492,7338,513,7851,84
2021-10-28,Merced,047,269075,41696,41428,1866,43294,586
2021-10-28,Modoc,049,8938,525,513,185,698,5
2021-10-28,Mono,051,14174,1714,1684,22,1706,3
2021-10-28,Monterey,053,433212,48632,47649,2819,50468,588
2021-10-28,Napa,055,140530,12918,12863,105,12968,101
2021-10-28,Nevada,057,99092,9134,9015,316,9331,91
2021-10-28,Orange,059,3164182,306771,304120,14900,319020,5588
2021-10-28,Placer,061,380077,36985,36400,3582,39982,434
2021-10-28,Plumas,063,18699,1761,1695,33,1728,7
2021-10-28,Riverside,065,2383286,362240,357645,16186,373831,5088
2021-10-28,Sacramento,067,1510023,158329,157125,4527,161652,2233
2021-10-28,San Benito,069,59416,7381,7362,165,7527,71
2021-10-28,San Bernardino,071,2135413,353181,350076,11034,361110,5777
2021-10-28,San Diego,073,3302833,372232,370006,21859,391865,4213
2021-10-28,San Francisco,075,870044,52819,52161,2262,54423,661
2021-10-28,San Joaquin,077,732212,99427,98314,5314,103628,1768
2021-10-28,San Luis Obispo,079,281455,29497,29053,1223,30276,341
2021-10-28,San Mateo,081,765935,54045,53083,851,53934,571
2021-10-28,Santa Barbara,083,443738,44306,43972,1516,45488,528
2021-10-28,Santa Clara,085,1922200,146706,145262,1297,146559,1903
2021-10-28,Santa Cruz,087,273765,20339,20134,991,21125,221
2021-10-28,Shasta,089,179085,21246,20878,3533,24411,332
2021-10-28,Sierra,091,2930,181,175,20,195,0
2021-10-28,Siskiyou,093,43540,3332,3257,1264,4521,46
2021-10-28,Solano,095,438530,45861,45146,1242,46388,346
2021-10-28,Sonoma,097,501317,41322,40924,516,41440,393
2021-10-28,Stanislaus,099,539301,78037,77871,8705,86576,1191
2021-10-28,Sutter,101,95872,13817,13773,337,14110,178
2021-10-28,Tehama,103,63373,8443,8307,1453,9760,114
2021-10-28,Trinity,105,12862,850,708,208,916,11
2021-10-28,Tulare,107,460477,68161,66745,14617,81362,995
2021-10-28,Tuolumne,109,53932,7194,7050,96,7146,90
2021-10-28,Ventura,111,848112,97943,97182,4248,101430,1174
2021-10-28,Yolo,113,214977,19846,19568,944,20512,250
2021-10-28,Yuba,115,75493,10066,9969,308,10277,82
2021-10-27,Alameda,001,1643700,118955,118487,2705,121192,1414
2021-10-27,Alpine,002,1148,101,105,0,105,0
2021-10-27,Amador,005,37829,5524,5470,57,5527,64
2021-10-27,Butte,007,227075,20793,20446,3850,24296,274
2021-10-27,Calaveras,009,45235,4031,3970,52,4022,82
2021-10-27,Colusa,011,21464,2511,2480,625,3105,18
2021-10-27,Contra Costa,013,1133247,99134,98442,2130,100572,1018
2021-10-27,Del Norte,015,27424,3664,3571,52,3623,42
2021-10-27,El Dorado,017,186661,15984,15723,1685,17408,154
2021-10-27,Fresno,019,978130,138954,136447,12513,148960,2128
2021-10-27,Glenn,021,27897,3488,3435,1004,4439,33
2021-10-27,Humboldt,023,135768,8948,8851,539,9390,105
2021-10-27,Imperial,025,180216,33449,33068,3105,36173,766
2021-10-27,Inyo,027,18085,2308,2236,38,2274,41
2021-10-27,Kern,029,883053,126633,124557,21544,146101,1647
2021-10-27,Kings,031,150075,32017,31437,1886,33323,335
2021-10-27,Lake,033,64148,6695,6589,141,6730,105
2021-10-27,Lassen,035,31185,6821,6706,353,7059,42
2021-10-27,Los Angeles,037,10098052,1436191,1422615,52806,1475421,26604
2021-10-27,Madera,039,155013,22891,22413,2032,24445,283
2021-10-27,Marin,041,260295,17505,17362,441,17803,247
2021-10-27,Mariposa,043,17540,1268,1228,46,1274,5
2021-10-27,Mendocino,045,87422,7478,7321,506,7827,84
2021-10-27,Merced,047,269075,41599,41310,1852,43162,583
2021-10-27,Modoc,049,8938,521,513,185,698,5
2021-10-27,Mono,051,14174,1711,1682,22,1704,3
2021-10-27,Monterey,053,433212,48595,47610,2798,50408,588
2021-10-27,Napa,055,140530,12903,12856,105,12961,101
2021-10-27,Nevada,057,99092,9117,8987,315,9302,90
2021-10-27,Orange,059,3164182,306451,303825,14850,318675,5584
2021-10-27,Placer,061,380077,36919,36296,3575,39871,434
2021-10-27,Plumas,063,18699,1753,1686,33,1719,7
2021-10-27,Riverside,065,2383286,361810,357152,16178,373330,5081
2021-10-27,Sacramento,067,1510023,158061,156830,4506,161336,2230
2021-10-27,San Benito,069,59416,7374,7337,165,7502,71
2021-10-27,San Bernardino,071,2135413,352756,349624,11012,360636,5770
2021-10-27,San Diego,073,3302833,371676,369579,21835,391414,4207
2021-10-27,San Francisco,075,870044,52768,52108,2258,54366,655
2021-10-27,San Joaquin,077,732212,99270,98168,5299,103467,1753
2021-10-27,San Luis Obispo,079,281455,29458,29002,1221,30223,341
2021-10-27,San Mateo,081,765935,53990,53032,843,53875,571
2021-10-27,Santa Barbara,083,443738,44253,43901,1513,45414,527
2021-10-27,Santa Clara,085,1922200,146527,145081,1289,146370,1902
2021-10-27,Santa Cruz,087,273765,20312,20091,989,21080,221
2021-10-27,Shasta,089,179085,21171,20813,3525,24338,331
2021-10-27,Sierra,091,2930,180,176,20,196,0
2021-10-27,Siskiyou,093,43540,3329,3256,1260,4516,46
2021-10-27,Solano,095,438530,45816,45089,1235,46324,346
2021-10-27,Sonoma,097,501317,41246,40829,514,41343,393
2021-10-27,Stanislaus,099,539301,77877,77687,8690,86377,1191
2021-10-27,Sutter,101,95872,13803,13754,337,14091,177
2021-10-27,Tehama,103,63373,8421,8265,1451,9716,113
2021-10-27,Trinity,105,12862,850,706,207,913,11
2021-10-27,Tulare,107,460477,68008,66568,14561,81129,991
2021-10-27,Tuolumne,109,53932,7167,7009,95,7104,90
2021-10-27,Ventura,111,848112,97851,97108,4243,101351,1172
2021-10-27,Yolo,113,214977,19817,19517,937,20454,250
2021-10-27,Yuba,115,75493,10045,9945,306,10251,82
2021-10-26,Alameda,001,1643700,118816,118360,2703,121063,1407
2021-10-26,Alpine,002,1148,101,105,0,105,0
2021-10-26,Amador,005,37829,5516,5465,56,5521,64
2021-10-26,Butte,007,227075,20733,20387,3833,24220,274
2021-10-26,Calaveras,009,45235,4020,3966,52,4018,81
2021-10-26,Colusa,011,21464,2508,2478,624,3102,18
2021-10-26,Contra Costa,013,1133247,99010,98352,2120,100472,1017
2021-10-26,Del Norte,015,27424,3659,3563,52,3615,42
2021-10-26,El Dorado,017,186661,15956,15690,1676,17366,153
2021-10-26,Fresno,019,978130,138507,136211,12463,148674,2122
2021-10-26,Glenn,021,27897,3474,3431,1001,4432,33
2021-10-26,Humboldt,023,135768,8930,8830,533,9363,105
2021-10-26,Imperial,025,180216,33384,33012,3100,36112,766
2021-10-26,Inyo,027,18085,2293,2200,38,2238,41
2021-10-26,Kern,029,883053,126290,124351,21426,145777,1645
2021-10-26,Kings,031,150075,31950,31382,1879,33261,336
2021-10-26,Lake,033,64148,6685,6584,139,6723,105
2021-10-26,Lassen,035,31185,6800,6689,351,7040,42
2021-10-26,Los Angeles,037,10098052,1434851,1421795,52735,1474530,26599
2021-10-26,Madera,039,155013,22801,22363,2021,24384,283
2021-10-26,Marin,041,260295,17488,17354,440,17794,244
2021-10-26,Mariposa,043,17540,1263,1225,45,1270,5
2021-10-26,Mendocino,045,87422,7449,7308,490,7798,83
2021-10-26,Merced,047,269075,41521,41267,1845,43112,583
2021-10-26,Modoc,049,8938,521,513,185,698,5
2021-10-26,Mono,051,14174,1706,1680,22,1702,3
2021-10-26,Monterey,053,433212,48556,47572,2788,50360,588
2021-10-26,Napa,055,140530,12891,12849,105,12954,101
2021-10-26,Nevada,057,99092,9086,8971,314,9285,90
2021-10-26,Orange,059,3164182,306182,303533,14811,318344,5580
2021-10-26,Placer,061,380077,36822,36245,3569,39814,434
2021-10-26,Plumas,063,18699,1744,1645,33,1678,7
2021-10-26,Riverside,065,2383286,361321,356775,16168,372943,5068
2021-10-26,Sacramento,067,1510023,157759,156643,4489,161132,2228
2021-10-26,San Benito,069,59416,7351,7325,165,7490,71
2021-10-26,San Bernardino,071,2135413,352327,349346,10997,360343,5764
2021-10-26,San Diego,073,3302833,371159,369043,21805,390848,4198
2021-10-26,San Francisco,075,870044,52694,52063,2255,54318,655
2021-10-26,San Joaquin,077,732212,99093,98036,5285,103321,1748
2021-10-26,San Luis Obispo,079,281455,29419,28928,1215,30143,337
2021-10-26,San Mateo,081,765935,53918,52974,840,53814,571
2021-10-26,Santa Barbara,083,443738,44207,43835,1512,45347,525
2021-10-26,Santa Clara,085,1922200,146325,144932,1283,146215,1903
2021-10-26,Santa Cruz,087,273765,20281,20067,989,21056,221
2021-10-26,Shasta,089,179085,21110,20725,3507,24232,330
2021-10-26,Sierra,091,2930,180,169,20,189,0
2021-10-26,Siskiyou,093,43540,3323,3254,1258,4512,46
2021-10-26,Solano,095,438530,45760,45044,1234,46278,344
2021-10-26,Sonoma,097,501317,41164,40794,512,41306,393
2021-10-26,Stanislaus,099,539301,77703,77552,8665,86217,1157
2021-10-26,Sutter,101,95872,13774,13739,336,14075,176
2021-10-26,Tehama,103,63373,8393,8247,1446,9693,112
2021-10-26,Trinity,105,12862,846,705,207,912,11
2021-10-26,Tulare,107,460477,67847,66476,14504,80980,991
2021-10-26,Tuolumne,109,53932,7141,6995,93,7088,90
2021-10-26,Ventura,111,848112,97742,97014,4240,101254,1170
2021-10-26,Yolo,113,214977,19786,19490,936,20426,248
2021-10-26,Yuba,115,75493,10027,9927,301,10228,82
2021-10-25,Alameda,001,1643700,118673,118319,2702,121021,1404
2021-10-25,Alpine,002,1148,101,105,0,105,0
2021-10-25,Amador,005,37829,5502,5455,56,5511,64
2021-10-25,Butte,007,227075,20660,20331,3825,24156,273
2021-10-25,Calaveras,009,45235,3990,3942,51,3993,82
2021-10-25,Colusa,011,21464,2506,2471,622,3093,18
2021-10-25,Contra Costa,013,1133247,98893,98267,2116,100383,1017
2021-10-25,Del Norte,015,27424,3652,3562,52,3614,42
2021-10-25,El Dorado,017,186661,15921,15663,1674,17337,149
2021-10-25,Fresno,019,978130,138073,135974,12427,148401,2112
2021-10-25,Glenn,021,27897,3471,3421,1000,4421,33
2021-10-25,Humboldt,023,135768,8907,8825,528,9353,105
2021-10-25,Imperial,025,180216,33323,32968,3089,36057,766
2021-10-25,Inyo,027,18085,2275,2183,38,2221,41
2021-10-25,Kern,029,883053,125939,124078,21287,145365,1649
2021-10-25,Kings,031,150075,31861,31329,1870,33199,335
2021-10-25,Lake,033,64148,6671,6571,139,6710,105
2021-10-25,Lassen,035,31185,6789,6688,349,7037,42
2021-10-25,Los Angeles,037,10098052,1433497,1421061,52669,1473730,26579
2021-10-25,Madera,039,155013,22747,22325,2014,24339,281
2021-10-25,Marin,041,260295,17466,17334,438,17772,244
2021-10-25,Mariposa,043,17540,1249,1220,45,1265,5
2021-10-25,Mendocino,045,87422,7420,7296,486,7782,82
2021-10-25,Merced,047,269075,41453,41207,1818,43025,583
2021-10-25,Modoc,049,8938,519,512,183,695,5
2021-10-25,Mono,051,14174,1698,1677,22,1699,3
2021-10-25,Monterey,053,433212,48523,47547,2786,50333,587
2021-10-25,Napa,055,140530,12878,12841,105,12946,100
2021-10-25,Nevada,057,99092,9060,8958,314,9272,90
2021-10-25,Orange,059,3164182,305884,303279,14774,318053,5574
2021-10-25,Placer,061,380077,36713,36153,3559,39712,431
2021-10-25,Plumas,063,18699,1732,1641,33,1674,7
2021-10-25,Riverside,065,2383286,360891,356381,16153,372534,5056
2021-10-25,Sacramento,067,1510023,157454,156516,4466,160982,2235
2021-10-25,San Benito,069,59416,7338,7314,164,7478,71
2021-10-25,San Bernardino,071,2135413,351819,349075,10985,360060,5748
2021-10-25,San Diego,073,3302833,370590,368386,21777,390163,4196
2021-10-25,San Francisco,075,870044,52621,52041,2249,54290,649
2021-10-25,San Joaquin,077,732212,98892,97980,5276,103256,1740
2021-10-25,San Luis Obispo,079,281455,29371,28907,1210,30117,336
2021-10-25,San Mateo,081,765935,53857,52927,836,53763,571
2021-10-25,Santa Barbara,083,443738,44148,43775,1512,45287,525
2021-10-25,Santa Clara,085,1922200,146133,144895,1278,146173,1901
2021-10-25,Santa Cruz,087,273765,20252,20053,988,21041,221
2021-10-25,Shasta,089,179085,21038,20666,3500,24166,326
2021-10-25,Sierra,091,2930,180,168,20,188,0
2021-10-25,Siskiyou,093,43540,3319,3248,1253,4501,46
2021-10-25,Solano,095,438530,45699,45022,1232,46254,344
2021-10-25,Sonoma,097,501317,41091,40746,510,41256,393
2021-10-25,Stanislaus,099,539301,77511,77452,8637,86089,1145
2021-10-25,Sutter,101,95872,13760,13721,333,14054,176
2021-10-25,Tehama,103,63373,8366,8224,1442,9666,111
2021-10-25,Trinity,105,12862,841,699,206,905,11
2021-10-25,Tulare,107,460477,67651,66357,14442,80799,986
2021-10-25,Tuolumne,109,53932,7107,6952,92,7044,90
2021-10-25,Ventura,111,848112,97651,96932,4237,101169,1167
2021-10-25,Yolo,113,214977,19736,19457,933,20390,248
2021-10-25,Yuba,115,75493,10011,9924,297,10221,82
2021-10-24,Alameda,001,1643700,118541,117816,2697,120513,1397
2021-10-24,Alpine,002,1148,101,105,0,105,0
2021-10-24,Amador,005,37829,5497,5412,56,5468,64
2021-10-24,Butte,007,227075,20588,20101,3812,23913,273
2021-10-24,Calaveras,009,45235,3971,3865,50,3915,81
2021-10-24,Colusa,011,21464,2502,2458,619,3077,18
2021-10-24,Contra Costa,013,1133247,98775,97855,2107,99962,1008
2021-10-24,Del Norte,015,27424,3648,3540,52,3592,42
2021-10-24,El Dorado,017,186661,15884,15540,1670,17210,149
2021-10-24,Fresno,019,978130,137638,134466,12376,146842,2094
2021-10-24,Glenn,021,27897,3463,3399,998,4397,33
2021-10-24,Humboldt,023,135768,8894,8753,522,9275,105
2021-10-24,Imperial,025,180216,33245,32777,3083,35860,766
2021-10-24,Inyo,027,18085,2243,2108,38,2146,41
2021-10-24,Kern,029,883053,125605,122939,21171,144110,1636
2021-10-24,Kings,031,150075,31732,30942,1855,32797,325
2021-10-24,Lake,033,64148,6648,6501,138,6639,105
2021-10-24,Lassen,035,31185,6772,6632,348,6980,27
2021-10-24,Los Angeles,037,10098052,1432063,1415919,52601,1468520,26527
2021-10-24,Madera,039,155013,22670,22062,2002,24064,281
2021-10-24,Marin,041,260295,17450,17264,437,17701,244
2021-10-24,Mariposa,043,17540,1246,1184,45,1229,5
2021-10-24,Mendocino,045,87422,7396,7220,476,7696,82
2021-10-24,Merced,047,269075,41331,40808,1812,42620,581
2021-10-24,Modoc,049,8938,518,507,183,690,5
2021-10-24,Mono,051,14174,1693,1655,22,1677,3
2021-10-24,Monterey,053,433212,48475,47456,2776,50232,586
2021-10-24,Napa,055,140530,12867,12789,105,12894,100
2021-10-24,Nevada,057,99092,9037,8861,311,9172,90
2021-10-24,Orange,059,3164182,305533,302237,14737,316974,5546
2021-10-24,Placer,061,380077,36609,35822,3545,39367,426
2021-10-24,Plumas,063,18699,1722,1623,32,1655,7
2021-10-24,Riverside,065,2383286,360417,354688,16133,370821,5041
2021-10-24,Sacramento,067,1510023,157113,155125,4443,159568,2232
2021-10-24,San Benito,069,59416,7318,7280,164,7444,71
2021-10-24,San Bernardino,071,2135413,351261,347681,10973,358654,5688
2021-10-24,San Diego,073,3302833,370006,366085,21746,387831,4183
2021-10-24,San Francisco,075,870044,52558,51820,2243,54063,649
2021-10-24,San Joaquin,077,732212,98719,97440,5270,102710,1721
2021-10-24,San Luis Obispo,079,281455,29310,28755,1203,29958,333
2021-10-24,San Mateo,081,765935,53785,52719,836,53555,571
2021-10-24,Santa Barbara,083,443738,44081,43552,1510,45062,523
2021-10-24,Santa Clara,085,1922200,145942,144276,1268,145544,1897
2021-10-24,Santa Cruz,087,273765,20214,19967,987,20954,221
2021-10-24,Shasta,089,179085,20940,20386,3494,23880,321
2021-10-24,Sierra,091,2930,180,168,20,188,0
2021-10-24,Siskiyou,093,43540,3312,3231,1249,4480,46
2021-10-24,Solano,095,438530,45650,44861,1227,46088,341
2021-10-24,Sonoma,097,501317,41008,40476,510,40986,393
2021-10-24,Stanislaus,099,539301,77320,76812,8626,85438,1145
2021-10-24,Sutter,101,95872,13733,13616,325,13941,175
2021-10-24,Tehama,103,63373,8318,8105,1431,9536,110
2021-10-24,Trinity,105,12862,837,696,204,900,11
2021-10-24,Tulare,107,460477,67478,65585,14371,79956,978
2021-10-24,Tuolumne,109,53932,7067,6840,90,6930,90
2021-10-24,Ventura,111,848112,97544,96664,4236,100900,1167
2021-10-24,Yolo,113,214977,19685,19280,933,20213,248
2021-10-24,Yuba,115,75493,9987,9838,296,10134,82
2021-10-23,Alameda,001,1643700,118453,117816,2692,120508,1397
2021-10-23,Alpine,002,1148,101,105,0,105,0
2021-10-23,Amador,005,37829,5490,5412,56,5468,64
2021-10-23,Butte,007,227075,20551,20101,3804,23905,273
2021-10-23,Calaveras,009,45235,3964,3865,49,3914,81
2021-10-23,Colusa,011,21464,2500,2458,618,3076,18
2021-10-23,Contra Costa,013,1133247,98723,97855,2103,99958,1008
2021-10-23,Del Norte,015,27424,3646,3540,52,3592,42
2021-10-23,El Dorado,017,186661,15858,15540,1668,17208,149
2021-10-23,Fresno,019,978130,137460,134466,12363,146829,2094
2021-10-23,Glenn,021,27897,3461,3399,997,4396,33
2021-10-23,Humboldt,023,135768,8880,8753,517,9270,105
2021-10-23,Imperial,025,180216,33198,32777,3079,35856,766
2021-10-23,Inyo,027,18085,2232,2108,38,2146,41
2021-10-23,Kern,029,883053,125445,122939,21084,144023,1636
2021-10-23,Kings,031,150075,31686,30942,1853,32795,325
2021-10-23,Lake,033,64148,6643,6501,138,6639,105
2021-10-23,Lassen,035,31185,6769,6632,346,6978,27
2021-10-23,Los Angeles,037,10098052,1431387,1415919,52547,1468466,26527
2021-10-23,Madera,039,155013,22621,22062,1994,24056,281
2021-10-23,Marin,041,260295,17433,17264,437,17701,244
2021-10-23,Mariposa,043,17540,1243,1184,44,1228,5
2021-10-23,Mendocino,045,87422,7389,7220,475,7695,82
2021-10-23,Merced,047,269075,41290,40808,1807,42615,581
2021-10-23,Modoc,049,8938,516,507,183,690,5
2021-10-23,Mono,051,14174,1687,1655,22,1677,3
2021-10-23,Monterey,053,433212,48458,47456,2772,50228,586
2021-10-23,Napa,055,140530,12862,12789,105,12894,100
2021-10-23,Nevada,057,99092,9026,8861,309,9170,90
2021-10-23,Orange,059,3164182,305346,302237,14722,316959,5546
2021-10-23,Placer,061,380077,36547,35822,3539,39361,426
2021-10-23,Plumas,063,18699,1721,1623,32,1655,7
2021-10-23,Riverside,065,2383286,360095,354688,16126,370814,5041
2021-10-23,Sacramento,067,1510023,156984,155125,4435,159560,2232
2021-10-23,San Benito,069,59416,7308,7280,164,7444,71
2021-10-23,San Bernardino,071,2135413,350990,347681,10965,358646,5688
2021-10-23,San Diego,073,3302833,369665,366085,21715,387800,4183
2021-10-23,San Francisco,075,870044,52522,51820,2242,54062,649
2021-10-23,San Joaquin,077,732212,98651,97440,5261,102701,1721
2021-10-23,San Luis Obispo,079,281455,29272,28755,1201,29956,333
2021-10-23,San Mateo,081,765935,53747,52719,835,53554,571
2021-10-23,Santa Barbara,083,443738,44050,43552,1508,45060,523
2021-10-23,Santa Clara,085,1922200,145831,144276,1264,145540,1897
2021-10-23,Santa Cruz,087,273765,20202,19967,987,20954,221
2021-10-23,Shasta,089,179085,20904,20386,3482,23868,321
2021-10-23,Sierra,091,2930,179,168,20,188,0
2021-10-23,Siskiyou,093,43540,3310,3231,1249,4480,46
2021-10-23,Solano,095,438530,45625,44861,1224,46085,341
2021-10-23,Sonoma,097,501317,40968,40476,510,40986,393
2021-10-23,Stanislaus,099,539301,77231,76812,8606,85418,1145
2021-10-23,Sutter,101,95872,13727,13616,324,13940,175
2021-10-23,Tehama,103,63373,8306,8105,1430,9535,110
2021-10-23,Trinity,105,12862,836,696,204,900,11
2021-10-23,Tulare,107,460477,67390,65585,14312,79897,978
2021-10-23,Tuolumne,109,53932,7046,6840,90,6930,90
2021-10-23,Ventura,111,848112,97483,96664,4236,100900,1167
2021-10-23,Yolo,113,214977,19667,19280,931,20211,248
2021-10-23,Yuba,115,75493,9978,9838,296,10134,82
2021-10-22,Alameda,001,1643700,118371,117816,2689,120505,1397
2021-10-22,Alpine,002,1148,101,105,0,105,0
2021-10-22,Amador,005,37829,5479,5412,56,5468,64
2021-10-22,Butte,007,227075,20519,20101,3800,23901,273
2021-10-22,Calaveras,009,45235,3956,3865,49,3914,81
2021-10-22,Colusa,011,21464,2497,2458,618,3076,18
2021-10-22,Contra Costa,013,1133247,98632,97855,2101,99956,1008
2021-10-22,Del Norte,015,27424,3642,3540,52,3592,42
2021-10-22,El Dorado,017,186661,15845,15540,1666,17206,149
2021-10-22,Fresno,019,978130,137245,134466,12342,146808,2094
2021-10-22,Glenn,021,27897,3451,3399,997,4396,33
2021-10-22,Humboldt,023,135768,8866,8753,516,9269,105
2021-10-22,Imperial,025,180216,33154,32777,3079,35856,766
2021-10-22,Inyo,027,18085,2219,2108,38,2146,41
2021-10-22,Kern,029,883053,125258,122939,21011,143950,1636
2021-10-22,Kings,031,150075,31651,30942,1852,32794,325
2021-10-22,Lake,033,64148,6633,6501,138,6639,105
2021-10-22,Lassen,035,31185,6762,6632,343,6975,27
2021-10-22,Los Angeles,037,10098052,1430622,1415919,52489,1468408,26527
2021-10-22,Madera,039,155013,22571,22062,1982,24044,281
2021-10-22,Marin,041,260295,17421,17264,437,17701,244
2021-10-22,Mariposa,043,17540,1240,1184,44,1228,5
2021-10-22,Mendocino,045,87422,7375,7220,474,7694,82
2021-10-22,Merced,047,269075,41253,40808,1800,42608,581
2021-10-22,Modoc,049,8938,516,507,183,690,5
2021-10-22,Mono,051,14174,1685,1655,22,1677,3
2021-10-22,Monterey,053,433212,48424,47456,2770,50226,586
2021-10-22,Napa,055,140530,12856,12789,105,12894,100
2021-10-22,Nevada,057,99092,9009,8861,308,9169,90
2021-10-22,Orange,059,3164182,305130,302237,14692,316929,5546
2021-10-22,Placer,061,380077,36519,35822,3530,39352,426
2021-10-22,Plumas,063,18699,1715,1623,32,1655,7
2021-10-22,Riverside,065,2383286,359782,354688,16121,370809,5041
2021-10-22,Sacramento,067,1510023,156797,155125,4426,159551,2232
2021-10-22,San Benito,069,59416,7303,7280,164,7444,71
2021-10-22,San Bernardino,071,2135413,350660,347681,10950,358631,5688
2021-10-22,San Diego,073,3302833,369267,366085,21697,387782,4183
2021-10-22,San Francisco,075,870044,52484,51820,2235,54055,649
2021-10-22,San Joaquin,077,732212,98590,97440,5258,102698,1721
2021-10-22,San Luis Obispo,079,281455,29242,28755,1201,29956,333
2021-10-22,San Mateo,081,765935,53696,52719,829,53548,571
2021-10-22,Santa Barbara,083,443738,44009,43552,1508,45060,523
2021-10-22,Santa Clara,085,1922200,145673,144276,1257,145533,1897
2021-10-22,Santa Cruz,087,273765,20180,19967,987,20954,221
2021-10-22,Shasta,089,179085,20871,20386,3479,23865,321
2021-10-22,Sierra,091,2930,178,168,19,187,0
2021-10-22,Siskiyou,093,43540,3308,3231,1246,4477,46
2021-10-22,Solano,095,438530,45590,44861,1220,46081,341
2021-10-22,Sonoma,097,501317,40911,40476,510,40986,393
2021-10-22,Stanislaus,099,539301,77128,76812,8589,85401,1145
2021-10-22,Sutter,101,95872,13712,13616,324,13940,175
2021-10-22,Tehama,103,63373,8284,8105,1425,9530,110
2021-10-22,Trinity,105,12862,835,696,204,900,11
2021-10-22,Tulare,107,460477,67303,65585,14260,79845,978
2021-10-22,Tuolumne,109,53932,7011,6840,90,6930,90
2021-10-22,Ventura,111,848112,97430,96664,4230,100894,1167
2021-10-22,Yolo,113,214977,19640,19280,930,20210,248
2021-10-22,Yuba,115,75493,9964,9838,294,10132,82
2021-10-21,Alameda,001,1643700,118256,117816,2683,120499,1397
2021-10-21,Alpine,002,1148,101,105,0,105,0
2021-10-21,Amador,005,37829,5471,5412,56,5468,64
2021-10-21,Butte,007,227075,20435,20101,3785,23886,273
2021-10-21,Calaveras,009,45235,3937,3865,49,3914,81
2021-10-21,Colusa,011,21464,2493,2458,614,3072,18
2021-10-21,Contra Costa,013,1133247,98515,97855,2096,99951,1008
2021-10-21,Del Norte,015,27424,3636,3540,51,3591,42
2021-10-21,El Dorado,017,186661,15816,15540,1659,17199,149
2021-10-21,Fresno,019,978130,136894,134466,12297,146763,2094
2021-10-21,Glenn,021,27897,3447,3399,994,4393,33
2021-10-21,Humboldt,023,135768,8852,8753,512,9265,105
2021-10-21,Imperial,025,180216,33099,32777,3075,35852,766
2021-10-21,Inyo,027,18085,2197,2108,38,2146,41
2021-10-21,Kern,029,883053,125011,122939,20902,143841,1636
2021-10-21,Kings,031,150075,31553,30942,1846,32788,325
2021-10-21,Lake,033,64148,6619,6501,137,6638,105
2021-10-21,Lassen,035,31185,6749,6632,339,6971,27
2021-10-21,Los Angeles,037,10098052,1429502,1415919,52441,1468360,26527
2021-10-21,Madera,039,155013,22513,22062,1972,24034,281
2021-10-21,Marin,041,260295,17403,17264,437,17701,244
2021-10-21,Mariposa,043,17540,1234,1184,43,1227,5
2021-10-21,Mendocino,045,87422,7357,7220,467,7687,82
2021-10-21,Merced,047,269075,41156,40808,1789,42597,581
2021-10-21,Modoc,049,8938,516,507,183,690,5
2021-10-21,Mono,051,14174,1676,1655,22,1677,3
2021-10-21,Monterey,053,433212,48390,47456,2759,50215,586
2021-10-21,Napa,055,140530,12844,12789,105,12894,100
2021-10-21,Nevada,057,99092,8984,8861,308,9169,90
2021-10-21,Orange,059,3164182,304858,302237,14656,316893,5546
2021-10-21,Placer,061,380077,36430,35822,3517,39339,426
2021-10-21,Plumas,063,18699,1701,1623,32,1655,7
2021-10-21,Riverside,065,2383286,359334,354688,16111,370799,5041
2021-10-21,Sacramento,067,1510023,156477,155125,4400,159525,2232
2021-10-21,San Benito,069,59416,7296,7280,162,7442,71
2021-10-21,San Bernardino,071,2135413,350280,347681,10916,358597,5688
2021-10-21,San Diego,073,3302833,368755,366085,21667,387752,4183
2021-10-21,San Francisco,075,870044,52429,51820,2234,54054,649
2021-10-21,San Joaquin,077,732212,98451,97440,5251,102691,1721
2021-10-21,San Luis Obispo,079,281455,29200,28755,1199,29954,333
2021-10-21,San Mateo,081,765935,53649,52719,828,53547,571
2021-10-21,Santa Barbara,083,443738,43943,43552,1506,45058,523
2021-10-21,Santa Clara,085,1922200,145499,144276,1253,145529,1897
2021-10-21,Santa Cruz,087,273765,20156,19967,985,20952,221
2021-10-21,Shasta,089,179085,20810,20386,3464,23850,321
2021-10-21,Sierra,091,2930,177,168,18,186,0
2021-10-21,Siskiyou,093,43540,3303,3231,1244,4475,46
2021-10-21,Solano,095,438530,45538,44861,1218,46079,341
2021-10-21,Sonoma,097,501317,40842,40476,508,40984,393
2021-10-21,Stanislaus,099,539301,76959,76812,8578,85390,1145
2021-10-21,Sutter,101,95872,13684,13616,320,13936,175
2021-10-21,Tehama,103,63373,8257,8105,1418,9523,110
2021-10-21,Trinity,105,12862,833,696,204,900,11
2021-10-21,Tulare,107,460477,67114,65585,14191,79776,978
2021-10-21,Tuolumne,109,53932,6973,6840,89,6929,90
2021-10-21,Ventura,111,848112,97340,96664,4228,100892,1167
2021-10-21,Yolo,113,214977,19594,19280,929,20209,248
2021-10-21,Yuba,115,75493,9940,9838,293,10131,82
2021-10-20,Alameda,001,1643700,118135,117654,2683,120337,1390
2021-10-20,Alpine,002,1148,101,103,0,103,0
2021-10-20,Amador,005,37829,5463,5379,56,5435,64
2021-10-20,Butte,007,227075,20380,20021,3769,23790,270
2021-10-20,Calaveras,009,45235,3917,3844,48,3892,81
2021-10-20,Colusa,011,21464,2489,2454,612,3066,18
2021-10-20,Contra Costa,013,1133247,98400,97721,2092,99813,1008
2021-10-20,Del Norte,015,27424,3632,3536,51,3587,42
2021-10-20,El Dorado,017,186661,15787,15502,1656,17158,149
2021-10-20,Fresno,019,978130,136491,134025,12258,146283,2084
2021-10-20,Glenn,021,27897,3439,3382,993,4375,33
2021-10-20,Humboldt,023,135768,8830,8727,510,9237,105
2021-10-20,Imperial,025,180216,33025,32705,3067,35772,766
2021-10-20,Inyo,027,18085,2178,2077,37,2114,40
2021-10-20,Kern,029,883053,124717,122630,20784,143414,1623
2021-10-20,Kings,031,150075,31476,30805,1836,32641,322
2021-10-20,Lake,033,64148,6597,6475,136,6611,104
2021-10-20,Lassen,035,31185,6734,6622,339,6961,27
2021-10-20,Los Angeles,037,10098052,1428384,1414931,52370,1467301,26506
2021-10-20,Madera,039,155013,22444,21983,1963,23946,281
2021-10-20,Marin,041,260295,17382,17250,435,17685,244
2021-10-20,Mariposa,043,17540,1227,1174,43,1217,5
2021-10-20,Mendocino,045,87422,7329,7189,464,7653,82
2021-10-20,Merced,047,269075,41075,40685,1773,42458,581
2021-10-20,Modoc,049,8938,516,504,183,687,5
2021-10-20,Mono,051,14174,1676,1653,22,1675,3
2021-10-20,Monterey,053,433212,48358,47430,2750,50180,587
2021-10-20,Napa,055,140530,12830,12773,104,12877,100
2021-10-20,Nevada,057,99092,8956,8836,308,9144,90
2021-10-20,Orange,059,3164182,304570,301957,14634,316591,5534
2021-10-20,Placer,061,380077,36341,35729,3508,39237,425
2021-10-20,Plumas,063,18699,1694,1604,32,1636,7
2021-10-20,Riverside,065,2383286,358890,354311,16094,370405,5030
2021-10-20,Sacramento,067,1510023,156177,154822,4376,159198,2222
2021-10-20,San Benito,069,59416,7293,7275,160,7435,71
2021-10-20,San Bernardino,071,2135413,349878,347217,10885,358102,5663
2021-10-20,San Diego,073,3302833,368248,365698,21648,387346,4178
2021-10-20,San Francisco,075,870044,52380,51755,2233,53988,646
2021-10-20,San Joaquin,077,732212,98306,97246,5243,102489,1721
2021-10-20,San Luis Obispo,079,281455,29154,28727,1195,29922,332
2021-10-20,San Mateo,081,765935,53578,52663,820,53483,571
2021-10-20,Santa Barbara,083,443738,43880,43489,1505,44994,523
2021-10-20,Santa Clara,085,1922200,145360,144124,1248,145372,1896
2021-10-20,Santa Cruz,087,273765,20143,19951,985,20936,219
2021-10-20,Shasta,089,179085,20748,20313,3437,23750,320
2021-10-20,Sierra,091,2930,177,168,18,186,0
2021-10-20,Siskiyou,093,43540,3303,3224,1238,4462,46
2021-10-20,Solano,095,438530,45506,44819,1216,46035,341
2021-10-20,Sonoma,097,501317,40795,40404,508,40912,393
2021-10-20,Stanislaus,099,539301,76809,76631,8559,85190,1145
2021-10-20,Sutter,101,95872,13660,13592,314,13906,175
2021-10-20,Tehama,103,63373,8226,8081,1407,9488,110
2021-10-20,Trinity,105,12862,833,693,203,896,11
2021-10-20,Tulare,107,460477,66939,65413,14147,79560,967
2021-10-20,Tuolumne,109,53932,6950,6803,89,6892,89
2021-10-20,Ventura,111,848112,97258,96610,4223,100833,1166
2021-10-20,Yolo,113,214977,19549,19236,927,20163,248
2021-10-20,Yuba,115,75493,9923,9808,290,10098,82
2021-10-19,Alameda,001,1643700,118012,117542,2677,120219,1383
2021-10-19,Alpine,002,1148,101,103,0,103,0
2021-10-19,Amador,005,37829,5447,5367,56,5423,64
2021-10-19,Butte,007,227075,20327,19974,3761,23735,268
2021-10-19,Calaveras,009,45235,3900,3826,47,3873,80
2021-10-19,Colusa,011,21464,2486,2447,610,3057,18
2021-10-19,Contra Costa,013,1133247,98309,97613,2087,99700,1004
2021-10-19,Del Norte,015,27424,3625,3531,51,3582,42
2021-10-19,El Dorado,017,186661,15762,15478,1651,17129,149
2021-10-19,Fresno,019,978130,136127,133813,12208,146021,2073
2021-10-19,Glenn,021,27897,3435,3380,991,4371,33
2021-10-19,Humboldt,023,135768,8806,8714,504,9218,105
2021-10-19,Imperial,025,180216,32960,32632,3063,35695,764
2021-10-19,Inyo,027,18085,2147,2045,37,2082,40
2021-10-19,Kern,029,883053,124400,122391,20660,143051,1613
2021-10-19,Kings,031,150075,31383,30757,1829,32586,322
2021-10-19,Lake,033,64148,6593,6465,136,6601,104
2021-10-19,Lassen,035,31185,6728,6612,335,6947,27
2021-10-19,Los Angeles,037,10098052,1427138,1413882,52298,1466180,26473
2021-10-19,Madera,039,155013,22381,21950,1955,23905,281
2021-10-19,Marin,041,260295,17368,17241,432,17673,244
2021-10-19,Mariposa,043,17540,1221,1171,41,1212,5
2021-10-19,Mendocino,045,87422,7314,7172,461,7633,82
2021-10-19,Merced,047,269075,40960,40628,1752,42380,580
2021-10-19,Modoc,049,8938,514,502,183,685,5
2021-10-19,Mono,051,14174,1672,1651,22,1673,3
2021-10-19,Monterey,053,433212,48321,47412,2739,50151,583
2021-10-19,Napa,055,140530,12823,12769,104,12873,100
2021-10-19,Nevada,057,99092,8935,8829,307,9136,90
2021-10-19,Orange,059,3164182,304313,301700,14601,316301,5527
2021-10-19,Placer,061,380077,36220,35663,3493,39156,422
2021-10-19,Plumas,063,18699,1676,1586,32,1618,8
2021-10-19,Riverside,065,2383286,358469,353891,16087,369978,5020
2021-10-19,Sacramento,067,1510023,155872,154570,4349,158919,2227
2021-10-19,San Benito,069,59416,7278,7264,160,7424,71
2021-10-19,San Bernardino,071,2135413,349476,346814,10856,357670,5627
2021-10-19,San Diego,073,3302833,367666,365285,21617,386902,4170
2021-10-19,San Francisco,075,870044,52317,51704,2231,53935,645
2021-10-19,San Joaquin,077,732212,98138,97105,5232,102337,1721
2021-10-19,San Luis Obispo,079,281455,29106,28670,1192,29862,332
2021-10-19,San Mateo,081,765935,53520,52617,818,53435,571
2021-10-19,Santa Barbara,083,443738,43813,43413,1504,44917,522
2021-10-19,Santa Clara,085,1922200,145184,143989,1241,145230,1898
2021-10-19,Santa Cruz,087,273765,20119,19895,983,20878,218
2021-10-19,Shasta,089,179085,20672,20209,3429,23638,319
2021-10-19,Sierra,091,2930,174,168,18,186,0
2021-10-19,Siskiyou,093,43540,3299,3216,1233,4449,46
2021-10-19,Solano,095,438530,45465,44782,1210,45992,341
2021-10-19,Sonoma,097,501317,40721,40379,507,40886,392
2021-10-19,Stanislaus,099,539301,76667,76526,8547,85073,1145
2021-10-19,Sutter,101,95872,13636,13569,313,13882,174
2021-10-19,Tehama,103,63373,8195,8057,1392,9449,108
2021-10-19,Trinity,105,12862,826,691,203,894,11
2021-10-19,Tulare,107,460477,66752,65253,14079,79332,958
2021-10-19,Tuolumne,109,53932,6921,6782,88,6870,89
2021-10-19,Ventura,111,848112,97181,96539,4218,100757,1166
2021-10-19,Yolo,113,214977,19500,19206,926,20132,248
2021-10-19,Yuba,115,75493,9905,9796,289,10085,82
2021-10-18,Alameda,001,1643700,117875,117506,2667,120173,1381
2021-10-18,Alpine,002,1148,101,103,0,103,0
2021-10-18,Amador,005,37829,5436,5345,56,5401,64
2021-10-18,Butte,007,227075,20277,19921,3748,23669,265
2021-10-18,Calaveras,009,45235,3875,3819,46,3865,80
2021-10-18,Colusa,011,21464,2485,2444,608,3052,18
2021-10-18,Contra Costa,013,1133247,98197,97585,2083,99668,995
2021-10-18,Del Norte,015,27424,3618,3529,51,3580,41
2021-10-18,El Dorado,017,186661,15732,15452,1649,17101,149
2021-10-18,Fresno,019,978130,135725,133688,12166,145854,2063
2021-10-18,Glenn,021,27897,3431,3370,987,4357,32
2021-10-18,Humboldt,023,135768,8786,8699,496,9195,104
2021-10-18,Imperial,025,180216,32868,32558,3063,35621,764
2021-10-18,Inyo,027,18085,2129,2020,37,2057,40
2021-10-18,Kern,029,883053,124101,122231,20566,142797,1605
2021-10-18,Kings,031,150075,31270,30698,1816,32514,320
2021-10-18,Lake,033,64148,6574,6455,132,6587,104
2021-10-18,Lassen,035,31185,6708,6607,332,6939,26
2021-10-18,Los Angeles,037,10098052,1425896,1413291,52221,1465512,26446
2021-10-18,Madera,039,155013,22327,21909,1942,23851,277
2021-10-18,Marin,041,260295,17348,17232,429,17661,244
2021-10-18,Mariposa,043,17540,1213,1160,41,1201,5
2021-10-18,Mendocino,045,87422,7295,7156,453,7609,82
2021-10-18,Merced,047,269075,40837,40573,1741,42314,579
2021-10-18,Modoc,049,8938,514,498,183,681,5
2021-10-18,Mono,051,14174,1666,1648,21,1669,3
2021-10-18,Monterey,053,433212,48299,47389,2734,50123,583
2021-10-18,Napa,055,140530,12808,12762,104,12866,100
2021-10-18,Nevada,057,99092,8916,8816,307,9123,90
2021-10-18,Orange,059,3164182,303974,301573,14566,316139,5524
2021-10-18,Placer,061,380077,36143,35598,3489,39087,420
2021-10-18,Plumas,063,18699,1668,1579,32,1611,6
2021-10-18,Riverside,065,2383286,358052,353699,16073,369772,5008
2021-10-18,Sacramento,067,1510023,155567,154428,4319,158747,2203
2021-10-18,San Benito,069,59416,7266,7253,160,7413,71
2021-10-18,San Bernardino,071,2135413,349055,346742,10842,357584,5606
2021-10-18,San Diego,073,3302833,367110,364948,21579,386527,4169
2021-10-18,San Francisco,075,870044,52254,51671,2225,53896,644
2021-10-18,San Joaquin,077,732212,97973,97041,5222,102263,1721
2021-10-18,San Luis Obispo,079,281455,29067,28644,1189,29833,331
2021-10-18,San Mateo,081,765935,53455,52594,817,53411,571
2021-10-18,Santa Barbara,083,443738,43754,43386,1502,44888,522
2021-10-18,Santa Clara,085,1922200,145029,143891,1233,145124,1895
2021-10-18,Santa Cruz,087,273765,20105,19876,981,20857,218
2021-10-18,Shasta,089,179085,20592,20146,3418,23564,313
2021-10-18,Sierra,091,2930,174,166,18,184,0
2021-10-18,Siskiyou,093,43540,3296,3210,1225,4435,42
2021-10-18,Solano,095,438530,45421,44758,1207,45965,339
2021-10-18,Sonoma,097,501317,40657,40349,504,40853,392
2021-10-18,Stanislaus,099,539301,76502,76466,8533,84999,1145
2021-10-18,Sutter,101,95872,13602,13557,311,13868,172
2021-10-18,Tehama,103,63373,8159,8042,1381,9423,107
2021-10-18,Trinity,105,12862,825,688,203,891,11
2021-10-18,Tulare,107,460477,66577,65171,14015,79186,958
2021-10-18,Tuolumne,109,53932,6892,6755,88,6843,89
2021-10-18,Ventura,111,848112,97086,96506,4215,100721,1165
2021-10-18,Yolo,113,214977,19461,19197,925,20122,248
2021-10-18,Yuba,115,75493,9878,9782,287,10069,82
2021-10-17,Alameda,001,1643700,117724,117423,2662,120085,1376
2021-10-17,Alpine,002,1148,101,103,0,103,0
2021-10-17,Amador,005,37829,5413,5341,56,5397,64
2021-10-17,Butte,007,227075,20192,19897,3737,23634,265
2021-10-17,Calaveras,009,45235,3859,3805,46,3851,80
2021-10-17,Colusa,011,21464,2480,2442,601,3043,18
2021-10-17,Contra Costa,013,1133247,98076,97485,2072,99557,995
2021-10-17,Del Norte,015,27424,3613,3526,51,3577,41
2021-10-17,El Dorado,017,186661,15674,15438,1642,17080,149
2021-10-17,Fresno,019,978130,135257,133429,12122,145551,2063
2021-10-17,Glenn,021,27897,3421,3364,982,4346,32
2021-10-17,Humboldt,023,135768,8766,8690,493,9183,104
2021-10-17,Imperial,025,180216,32786,32520,3056,35576,764
2021-10-17,Inyo,027,18085,2101,2000,37,2037,40
2021-10-17,Kern,029,883053,123751,122085,20468,142553,1603
2021-10-17,Kings,031,150075,31157,30636,1808,32444,315
2021-10-17,Lake,033,64148,6558,6437,132,6569,104
2021-10-17,Lassen,035,31185,6696,6605,328,6933,26
2021-10-17,Los Angeles,037,10098052,1424560,1412371,52149,1464520,26443
2021-10-17,Madera,039,155013,22265,21869,1931,23800,277
2021-10-17,Marin,041,260295,17326,17211,429,17640,243
2021-10-17,Mariposa,043,17540,1206,1150,41,1191,5
2021-10-17,Mendocino,045,87422,7266,7148,447,7595,82
2021-10-17,Merced,047,269075,40711,40531,1725,42256,579
2021-10-17,Modoc,049,8938,511,498,181,679,5
2021-10-17,Mono,051,14174,1664,1640,20,1660,3
2021-10-17,Monterey,053,433212,48258,47369,2724,50093,583
2021-10-17,Napa,055,140530,12792,12753,101,12854,100
2021-10-17,Nevada,057,99092,8899,8794,306,9100,90
2021-10-17,Orange,059,3164182,303659,301414,14533,315947,5524
2021-10-17,Placer,061,380077,36043,35559,3474,39033,420
2021-10-17,Plumas,063,18699,1644,1571,31,1602,6
2021-10-17,Riverside,065,2383286,357567,353500,16059,369559,5008
2021-10-17,Sacramento,067,1510023,155168,154080,4302,158382,2213
2021-10-17,San Benito,069,59416,7257,7250,159,7409,71
2021-10-17,San Bernardino,071,2135413,348619,346524,10822,357346,5597
2021-10-17,San Diego,073,3302833,366519,364675,21551,386226,4163
2021-10-17,San Francisco,075,870044,52182,51625,2216,53841,644
2021-10-17,San Joaquin,077,732212,97800,96950,5213,102163,1721
2021-10-17,San Luis Obispo,079,281455,29015,28604,1181,29785,331
2021-10-17,San Mateo,081,765935,53403,52541,813,53354,571
2021-10-17,Santa Barbara,083,443738,43691,43344,1501,44845,522
2021-10-17,Santa Clara,085,1922200,144851,143768,1224,144992,1895
2021-10-17,Santa Cruz,087,273765,20078,19861,979,20840,218
2021-10-17,Shasta,089,179085,20502,20116,3408,23524,312
2021-10-17,Sierra,091,2930,172,165,18,183,0
2021-10-17,Siskiyou,093,43540,3288,3204,1222,4426,42
2021-10-17,Solano,095,438530,45364,44722,1206,45928,340
2021-10-17,Sonoma,097,501317,40581,40306,503,40809,392
2021-10-17,Stanislaus,099,539301,76304,76354,8519,84873,1145
2021-10-17,Sutter,101,95872,13585,13543,309,13852,172
2021-10-17,Tehama,103,63373,8127,8015,1365,9380,107
2021-10-17,Trinity,105,12862,822,686,202,888,11
2021-10-17,Tulare,107,460477,66393,65057,13943,79000,958
2021-10-17,Tuolumne,109,53932,6858,6735,87,6822,89
2021-10-17,Ventura,111,848112,96986,96458,4212,100670,1165
2021-10-17,Yolo,113,214977,19416,19171,919,20090,248
2021-10-17,Yuba,115,75493,9852,9771,285,10056,82
2021-10-16,Alameda,001,1643700,117635,117027,2660,119687,1365
2021-10-16,Alpine,002,1148,100,102,0,102,0
2021-10-16,Amador,005,37829,5406,5310,56,5366,64
2021-10-16,Butte,007,227075,20161,19612,3727,23339,260
2021-10-16,Calaveras,009,45235,3852,3771,46,3817,80
2021-10-16,Colusa,011,21464,2476,2431,598,3029,18
2021-10-16,Contra Costa,013,1133247,97984,97107,2065,99172,982
2021-10-16,Del Norte,015,27424,3610,3516,51,3567,41
2021-10-16,El Dorado,017,186661,15652,15315,1640,16955,149
2021-10-16,Fresno,019,978130,135103,132433,12105,144538,2051
2021-10-16,Glenn,021,27897,3415,3331,982,4313,26
2021-10-16,Humboldt,023,135768,8755,8621,488,9109,104
2021-10-16,Imperial,025,180216,32771,32368,3054,35422,764
2021-10-16,Inyo,027,18085,2087,1932,37,1969,39
2021-10-16,Kern,029,883053,123595,121354,20387,141741,1590
2021-10-16,Kings,031,150075,31111,30418,1805,32223,314
2021-10-16,Lake,033,64148,6547,6378,132,6510,104
2021-10-16,Lassen,035,31185,6687,6559,324,6883,26
2021-10-16,Los Angeles,037,10098052,1423907,1409418,52096,1461514,26398
2021-10-16,Madera,039,155013,22221,21707,1927,23634,277
2021-10-16,Marin,041,260295,17316,17148,429,17577,243
2021-10-16,Mariposa,043,17540,1203,1096,41,1137,5
2021-10-16,Mendocino,045,87422,7255,7099,447,7546,82
2021-10-16,Merced,047,269075,40679,40265,1723,41988,577
2021-10-16,Modoc,049,8938,508,492,181,673,5
2021-10-16,Mono,051,14174,1660,1628,20,1648,3
2021-10-16,Monterey,053,433212,48241,47293,2716,50009,582
2021-10-16,Napa,055,140530,12781,12706,101,12807,100
2021-10-16,Nevada,057,99092,8879,8739,306,9045,90
2021-10-16,Orange,059,3164182,303483,300722,14508,315230,5509
2021-10-16,Placer,061,380077,35959,35343,3468,38811,412
2021-10-16,Plumas,063,18699,1639,1542,30,1572,6
2021-10-16,Riverside,065,2383286,357296,352435,16047,368482,4990
2021-10-16,Sacramento,067,1510023,154970,153264,4298,157562,2192
2021-10-16,San Benito,069,59416,7244,7210,158,7368,71
2021-10-16,San Bernardino,071,2135413,348411,345418,10814,356232,5566
2021-10-16,San Diego,073,3302833,366203,363109,21535,384644,4151
2021-10-16,San Francisco,075,870044,52135,51436,2212,53648,645
2021-10-16,San Joaquin,077,732212,97728,96507,5210,101717,1708
2021-10-16,San Luis Obispo,079,281455,28989,28460,1180,29640,329
2021-10-16,San Mateo,081,765935,53354,52399,812,53211,569
2021-10-16,Santa Barbara,083,443738,43655,43175,1500,44675,521
2021-10-16,Santa Clara,085,1922200,144751,143282,1216,144498,1890
2021-10-16,Santa Cruz,087,273765,20062,19794,978,20772,218
2021-10-16,Shasta,089,179085,20452,19932,3397,23329,309
2021-10-16,Sierra,091,2930,170,160,18,178,0
2021-10-16,Siskiyou,093,43540,3286,3173,1215,4388,42
2021-10-16,Solano,095,438530,45338,44585,1202,45787,334
2021-10-16,Sonoma,097,501317,40541,40195,503,40698,390
2021-10-16,Stanislaus,099,539301,76218,75868,8509,84377,1142
2021-10-16,Sutter,101,95872,13566,13471,308,13779,169
2021-10-16,Tehama,103,63373,8114,7907,1360,9267,104
2021-10-16,Trinity,105,12862,822,679,202,881,11
2021-10-16,Tulare,107,460477,66255,64489,13912,78401,951
2021-10-16,Tuolumne,109,53932,6826,6666,87,6753,89
2021-10-16,Ventura,111,848112,96954,96181,4207,100388,1164
2021-10-16,Yolo,113,214977,19387,19078,916,19994,247
2021-10-16,Yuba,115,75493,9828,9705,282,9987,82
2021-10-15,Alameda,001,1643700,117563,117027,2656,119683,1365
2021-10-15,Alpine,002,1148,100,102,0,102,0
2021-10-15,Amador,005,37829,5382,5310,56,5366,64
2021-10-15,Butte,007,227075,20125,19612,3719,23331,260
2021-10-15,Calaveras,009,45235,3846,3771,46,3817,80
2021-10-15,Colusa,011,21464,2474,2431,595,3026,18
2021-10-15,Contra Costa,013,1133247,97902,97107,2062,99169,982
2021-10-15,Del Norte,015,27424,3608,3516,51,3567,41
2021-10-15,El Dorado,017,186661,15632,15315,1635,16950,149
2021-10-15,Fresno,019,978130,134850,132433,12095,144528,2051
2021-10-15,Glenn,021,27897,3409,3331,981,4312,26
2021-10-15,Humboldt,023,135768,8746,8621,486,9107,104
2021-10-15,Imperial,025,180216,32724,32368,3050,35418,764
2021-10-15,Inyo,027,18085,2069,1932,37,1969,39
2021-10-15,Kern,029,883053,123459,121354,20313,141667,1590
2021-10-15,Kings,031,150075,31056,30418,1801,32219,314
2021-10-15,Lake,033,64148,6538,6378,132,6510,104
2021-10-15,Lassen,035,31185,6675,6559,323,6882,26
2021-10-15,Los Angeles,037,10098052,1423221,1409418,52049,1461467,26398
2021-10-15,Madera,039,155013,22177,21707,1919,23626,277
2021-10-15,Marin,041,260295,17305,17148,429,17577,243
2021-10-15,Mariposa,043,17540,1195,1096,41,1137,5
2021-10-15,Mendocino,045,87422,7240,7099,447,7546,82
2021-10-15,Merced,047,269075,40649,40265,1720,41985,577
2021-10-15,Modoc,049,8938,507,492,181,673,5
2021-10-15,Mono,051,14174,1657,1628,20,1648,3
2021-10-15,Monterey,053,433212,48219,47293,2714,50007,582
2021-10-15,Napa,055,140530,12777,12706,101,12807,100
2021-10-15,Nevada,057,99092,8864,8739,306,9045,90
2021-10-15,Orange,059,3164182,303315,300722,14490,315212,5509
2021-10-15,Placer,061,380077,35905,35343,3462,38805,412
2021-10-15,Plumas,063,18699,1631,1542,30,1572,6
2021-10-15,Riverside,065,2383286,357054,352435,16042,368477,4990
2021-10-15,Sacramento,067,1510023,154782,153264,4288,157552,2192
2021-10-15,San Benito,069,59416,7241,7210,158,7368,71
2021-10-15,San Bernardino,071,2135413,348179,345418,10811,356229,5566
2021-10-15,San Diego,073,3302833,365844,363109,21510,384619,4151
2021-10-15,San Francisco,075,870044,52095,51436,2205,53641,645
2021-10-15,San Joaquin,077,732212,97650,96507,5203,101710,1708
2021-10-15,San Luis Obispo,079,281455,28968,28460,1178,29638,329
2021-10-15,San Mateo,081,765935,53310,52399,811,53210,569
2021-10-15,Santa Barbara,083,443738,43617,43175,1500,44675,521
2021-10-15,Santa Clara,085,1922200,144630,143282,1208,144490,1890
2021-10-15,Santa Cruz,087,273765,20051,19794,978,20772,218
2021-10-15,Shasta,089,179085,20396,19932,3389,23321,309
2021-10-15,Sierra,091,2930,170,160,18,178,0
2021-10-15,Siskiyou,093,43540,3285,3173,1212,4385,42
2021-10-15,Solano,095,438530,45312,44585,1202,45787,334
2021-10-15,Sonoma,097,501317,40507,40195,502,40697,390
2021-10-15,Stanislaus,099,539301,76138,75868,8493,84361,1142
2021-10-15,Sutter,101,95872,13549,13471,306,13777,169
2021-10-15,Tehama,103,63373,8092,7907,1355,9262,104
2021-10-15,Trinity,105,12862,822,679,202,881,11
2021-10-15,Tulare,107,460477,66176,64489,13875,78364,951
2021-10-15,Tuolumne,109,53932,6803,6666,85,6751,89
2021-10-15,Ventura,111,848112,96912,96181,4204,100385,1164
2021-10-15,Yolo,113,214977,19370,19078,914,19992,247
2021-10-15,Yuba,115,75493,9818,9705,281,9986,82
2021-10-14,Alameda,001,1643700,117455,117027,2651,119678,1365
2021-10-14,Alpine,002,1148,100,102,0,102,0
2021-10-14,Amador,005,37829,5371,5310,56,5366,64
2021-10-14,Butte,007,227075,20073,19612,3713,23325,260
2021-10-14,Calaveras,009,45235,3833,3771,45,3816,80
2021-10-14,Colusa,011,21464,2472,2431,593,3024,18
2021-10-14,Contra Costa,013,1133247,97768,97107,2055,99162,982
2021-10-14,Del Norte,015,27424,3602,3516,51,3567,41
2021-10-14,El Dorado,017,186661,15594,15315,1632,16947,149
2021-10-14,Fresno,019,978130,134555,132433,12065,144498,2051
2021-10-14,Glenn,021,27897,3404,3331,980,4311,26
2021-10-14,Humboldt,023,135768,8729,8621,483,9104,104
2021-10-14,Imperial,025,180216,32661,32368,3043,35411,764
2021-10-14,Inyo,027,18085,2050,1932,37,1969,39
2021-10-14,Kern,029,883053,123187,121354,20214,141568,1590
2021-10-14,Kings,031,150075,30990,30418,1793,32211,314
2021-10-14,Lake,033,64148,6517,6378,131,6509,104
2021-10-14,Lassen,035,31185,6669,6559,322,6881,26
2021-10-14,Los Angeles,037,10098052,1422235,1409418,51999,1461417,26398
2021-10-14,Madera,039,155013,22112,21707,1913,23620,277
2021-10-14,Marin,041,260295,17300,17148,427,17575,243
2021-10-14,Mariposa,043,17540,1182,1096,40,1136,5
2021-10-14,Mendocino,045,87422,7226,7099,445,7544,82
2021-10-14,Merced,047,269075,40560,40265,1706,41971,577
2021-10-14,Modoc,049,8938,507,492,181,673,5
2021-10-14,Mono,051,14174,1650,1628,20,1648,3
2021-10-14,Monterey,053,433212,48194,47293,2709,50002,582
2021-10-14,Napa,055,140530,12762,12706,101,12807,100
2021-10-14,Nevada,057,99092,8837,8739,304,9043,90
2021-10-14,Orange,059,3164182,303107,300722,14472,315194,5509
2021-10-14,Placer,061,380077,35838,35343,3448,38791,412
2021-10-14,Plumas,063,18699,1616,1542,30,1572,6
2021-10-14,Riverside,065,2383286,356656,352435,16031,368466,4990
2021-10-14,Sacramento,067,1510023,154531,153264,4268,157532,2192
2021-10-14,San Benito,069,59416,7230,7210,158,7368,71
2021-10-14,San Bernardino,071,2135413,347822,345418,10804,356222,5566
2021-10-14,San Diego,073,3302833,365404,363109,21483,384592,4151
2021-10-14,San Francisco,075,870044,52039,51436,2201,53637,645
2021-10-14,San Joaquin,077,732212,97521,96507,5194,101701,1708
2021-10-14,San Luis Obispo,079,281455,28924,28460,1174,29634,329
2021-10-14,San Mateo,081,765935,53262,52399,810,53209,569
2021-10-14,Santa Barbara,083,443738,43561,43175,1495,44670,521
2021-10-14,Santa Clara,085,1922200,144489,143282,1202,144484,1890
2021-10-14,Santa Cruz,087,273765,20028,19794,978,20772,218
2021-10-14,Shasta,089,179085,20339,19932,3377,23309,309
2021-10-14,Sierra,091,2930,169,160,18,178,0
2021-10-14,Siskiyou,093,43540,3282,3173,1204,4377,42
2021-10-14,Solano,095,438530,45262,44585,1194,45779,334
2021-10-14,Sonoma,097,501317,40457,40195,499,40694,390
2021-10-14,Stanislaus,099,539301,75992,75868,8480,84348,1142
2021-10-14,Sutter,101,95872,13529,13471,305,13776,169
2021-10-14,Tehama,103,63373,8061,7907,1348,9255,104
2021-10-14,Trinity,105,12862,821,679,201,880,11
2021-10-14,Tulare,107,460477,65992,64489,13828,78317,951
2021-10-14,Tuolumne,109,53932,6771,6666,84,6750,89
2021-10-14,Ventura,111,848112,96844,96181,4198,100379,1164
2021-10-14,Yolo,113,214977,19334,19078,910,19988,247
2021-10-14,Yuba,115,75493,9804,9705,272,9977,82
2021-10-13,Alameda,001,1643700,117349,116914,2645,119559,1360
2021-10-13,Alpine,002,1148,100,102,0,102,0
2021-10-13,Amador,005,37829,5357,5305,56,5361,63
2021-10-13,Butte,007,227075,19997,19546,3707,23253,257
2021-10-13,Calaveras,009,45235,3812,3756,43,3799,79
2021-10-13,Colusa,011,21464,2465,2430,589,3019,18
2021-10-13,Contra Costa,013,1133247,97651,96975,2054,99029,969
2021-10-13,Del Norte,015,27424,3597,3512,51,3563,39
2021-10-13,El Dorado,017,186661,15571,15302,1627,16929,149
2021-10-13,Fresno,019,978130,134220,132055,12033,144088,2048
2021-10-13,Glenn,021,27897,3399,3327,976,4303,26
2021-10-13,Humboldt,023,135768,8718,8604,479,9083,102
2021-10-13,Imperial,025,180216,32601,32317,3041,35358,762
2021-10-13,Inyo,027,18085,2013,1907,37,1944,39
2021-10-13,Kern,029,883053,122942,120956,20122,141078,1586
2021-10-13,Kings,031,150075,30909,30246,1786,32032,312
2021-10-13,Lake,033,64148,6497,6371,131,6502,103
2021-10-13,Lassen,035,31185,6658,6535,316,6851,25
2021-10-13,Los Angeles,037,10098052,1421180,1408384,51945,1460329,26379
2021-10-13,Madera,039,155013,22059,21609,1899,23508,277
2021-10-13,Marin,041,260295,17276,17137,426,17563,243
2021-10-13,Mariposa,043,17540,1168,1090,40,1130,5
2021-10-13,Mendocino,045,87422,7210,7088,437,7525,82
2021-10-13,Merced,047,269075,40475,40164,1694,41858,577
2021-10-13,Modoc,049,8938,505,490,179,669,5
2021-10-13,Mono,051,14174,1650,1612,20,1632,3
2021-10-13,Monterey,053,433212,48174,47273,2702,49975,582
2021-10-13,Napa,055,140530,12751,12695,99,12794,100
2021-10-13,Nevada,057,99092,8815,8725,304,9029,90
2021-10-13,Orange,059,3164182,302900,300468,14456,314924,5503
2021-10-13,Placer,061,380077,35771,35254,3439,38693,412
2021-10-13,Plumas,063,18699,1602,1514,30,1544,6
2021-10-13,Riverside,065,2383286,356325,352044,16018,368062,4978
2021-10-13,Sacramento,067,1510023,154282,153141,4247,157388,2182
2021-10-13,San Benito,069,59416,7224,7196,157,7353,71
2021-10-13,San Bernardino,071,2135413,347497,344951,10787,355738,5562
2021-10-13,San Diego,073,3302833,364973,362564,21461,384025,4141
2021-10-13,San Francisco,075,870044,51995,51379,2197,53576,644
2021-10-13,San Joaquin,077,732212,97377,96343,5190,101533,1696
2021-10-13,San Luis Obispo,079,281455,28886,28397,1171,29568,330
2021-10-13,San Mateo,081,765935,53210,52352,806,53158,569
2021-10-13,Santa Barbara,083,443738,43509,43109,1495,44604,518
2021-10-13,Santa Clara,085,1922200,144349,143064,1201,144265,1886
2021-10-13,Santa Cruz,087,273765,20002,19763,977,20740,217
2021-10-13,Shasta,089,179085,20269,19802,3357,23159,307
2021-10-13,Sierra,091,2930,169,155,18,173,0
2021-10-13,Siskiyou,093,43540,3274,3173,1203,4376,42
2021-10-13,Solano,095,438530,45223,44558,1191,45749,334
2021-10-13,Sonoma,097,501317,40401,40122,499,40621,390
2021-10-13,Stanislaus,099,539301,75850,75698,8470,84168,1136
2021-10-13,Sutter,101,95872,13499,13458,303,13761,169
2021-10-13,Tehama,103,63373,8025,7849,1342,9191,103
2021-10-13,Trinity,105,12862,818,677,201,878,11
2021-10-13,Tulare,107,460477,65810,64297,13774,78071,945
2021-10-13,Tuolumne,109,53932,6757,6644,83,6727,89
2021-10-13,Ventura,111,848112,96770,96099,4192,100291,1162
2021-10-13,Yolo,113,214977,19305,19023,909,19932,247
2021-10-13,Yuba,115,75493,9779,9690,259,9949,80
2021-10-12,Alameda,001,1643700,117246,116813,2641,119454,1357
2021-10-12,Alpine,002,1148,100,102,0,102,0
2021-10-12,Amador,005,37829,5346,5301,56,5357,63
2021-10-12,Butte,007,227075,19925,19506,3695,23201,256
2021-10-12,Calaveras,009,45235,3797,3750,43,3793,75
2021-10-12,Colusa,011,21464,2462,2428,587,3015,18
2021-10-12,Contra Costa,013,1133247,97538,96894,2045,98939,960
2021-10-12,Del Norte,015,27424,3591,3511,51,3562,39
2021-10-12,El Dorado,017,186661,15537,15287,1625,16912,148
2021-10-12,Fresno,019,978130,133858,131848,12002,143850,2042
2021-10-12,Glenn,021,27897,3385,3321,975,4296,26
2021-10-12,Humboldt,023,135768,8691,8587,473,9060,102
2021-10-12,Imperial,025,180216,32549,32267,3039,35306,762
2021-10-12,Inyo,027,18085,1981,1889,37,1926,39
2021-10-12,Kern,029,883053,122655,120826,20013,140839,1580
2021-10-12,Kings,031,150075,30835,30200,1775,31975,312
2021-10-12,Lake,033,64148,6482,6372,129,6501,97
2021-10-12,Lassen,035,31185,6648,6526,315,6841,25
2021-10-12,Los Angeles,037,10098052,1420120,1407462,51899,1459361,26362
2021-10-12,Madera,039,155013,21988,21574,1886,23460,277
2021-10-12,Marin,041,260295,17253,17126,426,17552,242
2021-10-12,Mariposa,043,17540,1154,1088,40,1128,5
2021-10-12,Mendocino,045,87422,7181,7077,434,7511,82
2021-10-12,Merced,047,269075,40396,40113,1688,41801,567
2021-10-12,Modoc,049,8938,500,485,178,663,5
2021-10-12,Mono,051,14174,1648,1608,20,1628,3
2021-10-12,Monterey,053,433212,48143,47254,2694,49948,582
2021-10-12,Napa,055,140530,12737,12671,99,12770,97
2021-10-12,Nevada,057,99092,8803,8720,303,9023,89
2021-10-12,Orange,059,3164182,302645,300256,14431,314687,5499
2021-10-12,Placer,061,380077,35708,35214,3431,38645,404
2021-10-12,Plumas,063,18699,1588,1488,29,1517,6
2021-10-12,Riverside,065,2383286,355999,351771,16004,367775,4973
2021-10-12,Sacramento,067,1510023,153977,152935,4222,157157,2170
2021-10-12,San Benito,069,59416,7210,7193,157,7350,71
2021-10-12,San Bernardino,071,2135413,347184,344788,10777,355565,5563
2021-10-12,San Diego,073,3302833,364460,362256,21432,383688,4137
2021-10-12,San Francisco,075,870044,51931,51301,2196,53497,643
2021-10-12,San Joaquin,077,732212,97241,96237,5185,101422,1690
2021-10-12,San Luis Obispo,079,281455,28839,28379,1170,29549,327
2021-10-12,San Mateo,081,765935,53159,52328,805,53133,569
2021-10-12,Santa Barbara,083,443738,43448,43076,1495,44571,515
2021-10-12,Santa Clara,085,1922200,144196,142954,1199,144153,1882
2021-10-12,Santa Cruz,087,273765,19977,19757,977,20734,218
2021-10-12,Shasta,089,179085,20195,19731,3336,23067,304
2021-10-12,Sierra,091,2930,169,153,18,171,0
2021-10-12,Siskiyou,093,43540,3263,3166,1197,4363,42
2021-10-12,Solano,095,438530,45181,44516,1185,45701,329
2021-10-12,Sonoma,097,501317,40360,40105,498,40603,390
2021-10-12,Stanislaus,099,539301,75698,75589,8458,84047,1126
2021-10-12,Sutter,101,95872,13476,13436,299,13735,168
2021-10-12,Tehama,103,63373,7993,7820,1338,9158,103
2021-10-12,Trinity,105,12862,815,676,201,877,11
2021-10-12,Tulare,107,460477,65625,64216,13719,77935,944
2021-10-12,Tuolumne,109,53932,6740,6637,82,6719,89
2021-10-12,Ventura,111,848112,96669,96022,4187,100209,1160
2021-10-12,Yolo,113,214977,19274,18987,906,19893,247
2021-10-12,Yuba,115,75493,9764,9676,255,9931,70
2021-10-11,Alameda,001,1643700,117103,116759,2640,119399,1358
2021-10-11,Alpine,002,1148,100,102,0,102,0
2021-10-11,Amador,005,37829,5334,5286,56,5342,62
2021-10-11,Butte,007,227075,19865,19452,3690,23142,253
2021-10-11,Calaveras,009,45235,3776,3750,43,3793,75
2021-10-11,Colusa,011,21464,2458,2427,579,3006,18
2021-10-11,Contra Costa,013,1133247,97402,96832,2040,98872,960
2021-10-11,Del Norte,015,27424,3588,3510,47,3557,39
2021-10-11,El Dorado,017,186661,15508,15273,1621,16894,146
2021-10-11,Fresno,019,978130,133528,131703,11967,143670,2036
2021-10-11,Glenn,021,27897,3368,3308,973,4281,26
2021-10-11,Humboldt,023,135768,8666,8571,466,9037,101
2021-10-11,Imperial,025,180216,32499,32207,3033,35240,762
2021-10-11,Inyo,027,18085,1958,1862,36,1898,39
2021-10-11,Kern,029,883053,122418,120684,19918,140602,1575
2021-10-11,Kings,031,150075,30746,30180,1765,31945,309
2021-10-11,Lake,033,64148,6466,6361,125,6486,97
2021-10-11,Lassen,035,31185,6628,6499,312,6811,25
2021-10-11,Los Angeles,037,10098052,1419074,1406826,51848,1458674,26346
2021-10-11,Madera,039,155013,21930,21555,1869,23424,272
2021-10-11,Marin,041,260295,17235,17121,422,17543,242
2021-10-11,Mariposa,043,17540,1124,1083,39,1122,5
2021-10-11,Mendocino,045,87422,7165,7064,430,7494,82
2021-10-11,Merced,047,269075,40280,40064,1663,41727,566
2021-10-11,Modoc,049,8938,497,482,175,657,5
2021-10-11,Mono,051,14174,1638,1604,20,1624,3
2021-10-11,Monterey,053,433212,48114,47241,2687,49928,580
2021-10-11,Napa,055,140530,12715,12654,97,12751,96
2021-10-11,Nevada,057,99092,8783,8716,302,9018,90
2021-10-11,Orange,059,3164182,302412,299941,14400,314341,5499
2021-10-11,Placer,061,380077,35639,35173,3414,38587,404
2021-10-11,Plumas,063,18699,1570,1469,27,1496,6
2021-10-11,Riverside,065,2383286,355654,351444,15999,367443,4973
2021-10-11,Sacramento,067,1510023,153687,152681,4191,156872,2169
2021-10-11,San Benito,069,59416,7189,7184,155,7339,71
2021-10-11,San Bernardino,071,2135413,346798,344594,10769,355363,5549
2021-10-11,San Diego,073,3302833,363948,361712,21400,383112,4124
2021-10-11,San Francisco,075,870044,51860,51275,2193,53468,643
2021-10-11,San Joaquin,077,732212,97086,96152,5174,101326,1681
2021-10-11,San Luis Obispo,079,281455,28791,28355,1165,29520,327
2021-10-11,San Mateo,081,765935,53111,52298,805,53103,569
2021-10-11,Santa Barbara,083,443738,43402,43018,1494,44512,515
2021-10-11,Santa Clara,085,1922200,144034,142836,1195,144031,1882
2021-10-11,Santa Cruz,087,273765,19953,19745,976,20721,217
2021-10-11,Shasta,089,179085,20116,19662,3320,22982,295
2021-10-11,Sierra,091,2930,166,147,17,164,0
2021-10-11,Siskiyou,093,43540,3256,3159,1193,4352,42
2021-10-11,Solano,095,438530,45132,44474,1182,45656,329
2021-10-11,Sonoma,097,501317,40315,40067,498,40565,390
2021-10-11,Stanislaus,099,539301,75527,75478,8437,83915,1118
2021-10-11,Sutter,101,95872,13457,13427,297,13724,165
2021-10-11,Tehama,103,63373,7952,7795,1329,9124,102
2021-10-11,Trinity,105,12862,809,675,200,875,11
2021-10-11,Tulare,107,460477,65445,64094,13652,77746,942
2021-10-11,Tuolumne,109,53932,6702,6602,82,6684,89
2021-10-11,Ventura,111,848112,96572,95876,4180,100056,1160
2021-10-11,Yolo,113,214977,19226,18977,904,19881,247
2021-10-11,Yuba,115,75493,9747,9657,243,9900,69
2021-10-10,Alameda,001,1643700,116984,116679,2636,119315,1358
2021-10-10,Alpine,002,1148,100,102,0,102,0
2021-10-10,Amador,005,37829,5320,5278,56,5334,62
2021-10-10,Butte,007,227075,19800,19430,3675,23105,253
2021-10-10,Calaveras,009,45235,3764,3747,43,3790,75
2021-10-10,Colusa,011,21464,2457,2425,578,3003,18
2021-10-10,Contra Costa,013,1133247,97303,96760,2034,98794,960
2021-10-10,Del Norte,015,27424,3584,3507,47,3554,39
2021-10-10,El Dorado,017,186661,15478,15250,1615,16865,146
2021-10-10,Fresno,019,978130,133197,131434,11936,143370,2035
2021-10-10,Glenn,021,27897,3363,3297,971,4268,26
2021-10-10,Humboldt,023,135768,8645,8554,462,9016,101
2021-10-10,Imperial,025,180216,32424,32167,3032,35199,762
2021-10-10,Inyo,027,18085,1937,1857,36,1893,39
2021-10-10,Kern,029,883053,122092,120552,19815,140367,1573
2021-10-10,Kings,031,150075,30657,30122,1755,31877,308
2021-10-10,Lake,033,64148,6450,6349,124,6473,97
2021-10-10,Lassen,035,31185,6609,6495,311,6806,26
2021-10-10,Los Angeles,037,10098052,1417887,1406034,51774,1457808,26338
2021-10-10,Madera,039,155013,21884,21486,1860,23346,272
2021-10-10,Marin,041,260295,17218,17112,422,17534,242
2021-10-10,Mariposa,043,17540,1121,1074,39,1113,5
2021-10-10,Mendocino,045,87422,7150,7060,422,7482,81
2021-10-10,Merced,047,269075,40197,40036,1644,41680,566
2021-10-10,Modoc,049,8938,497,482,175,657,5
2021-10-10,Mono,051,14174,1637,1596,20,1616,3
2021-10-10,Monterey,053,433212,48085,47228,2686,49914,580
2021-10-10,Napa,055,140530,12692,12641,97,12738,96
2021-10-10,Nevada,057,99092,8771,8689,302,8991,90
2021-10-10,Orange,059,3164182,302149,299787,14371,314158,5499
2021-10-10,Placer,061,380077,35546,35128,3402,38530,404
2021-10-10,Plumas,063,18699,1554,1468,25,1493,6
2021-10-10,Riverside,065,2383286,355280,351248,15981,367229,4973
2021-10-10,Sacramento,067,1510023,153423,152405,4174,156579,2178
2021-10-10,San Benito,069,59416,7184,7180,154,7334,71
2021-10-10,San Bernardino,071,2135413,346485,344423,10761,355184,5551
2021-10-10,San Diego,073,3302833,363432,361038,21353,382391,4113
2021-10-10,San Francisco,075,870044,51813,51216,2191,53407,643
2021-10-10,San Joaquin,077,732212,96915,96084,5160,101244,1681
2021-10-10,San Luis Obispo,079,281455,28747,28343,1165,29508,326
2021-10-10,San Mateo,081,765935,53069,52273,804,53077,569
2021-10-10,Santa Barbara,083,443738,43355,42987,1493,44480,515
2021-10-10,Santa Clara,085,1922200,143868,142768,1188,143956,1881
2021-10-10,Santa Cruz,087,273765,19933,19727,976,20703,217
2021-10-10,Shasta,089,179085,20027,19635,3311,22946,296
2021-10-10,Sierra,091,2930,164,147,17,164,0
2021-10-10,Siskiyou,093,43540,3242,3155,1186,4341,42
2021-10-10,Solano,095,438530,45076,44431,1182,45613,329
2021-10-10,Sonoma,097,501317,40263,40027,498,40525,390
2021-10-10,Stanislaus,099,539301,75349,75403,8423,83826,1118
2021-10-10,Sutter,101,95872,13433,13412,292,13704,165
2021-10-10,Tehama,103,63373,7914,7764,1320,9084,102
2021-10-10,Trinity,105,12862,808,669,199,868,11
2021-10-10,Tulare,107,460477,65274,63930,13603,77533,940
2021-10-10,Tuolumne,109,53932,6678,6580,81,6661,89
2021-10-10,Ventura,111,848112,96483,95829,4180,100009,1160
2021-10-10,Yolo,113,214977,19192,18952,900,19852,247
2021-10-10,Yuba,115,75493,9731,9641,238,9879,69
2021-10-09,Alameda,001,1643700,116886,116253,2634,118887,1356
2021-10-09,Alpine,002,1148,99,102,0,102,0
2021-10-09,Amador,005,37829,5318,5237,55,5292,62
2021-10-09,Butte,007,227075,19770,19277,3671,22948,250
2021-10-09,Calaveras,009,45235,3760,3716,43,3759,75
2021-10-09,Colusa,011,21464,2453,2419,577,2996,18
2021-10-09,Contra Costa,013,1133247,97234,96378,2028,98406,958
2021-10-09,Del Norte,015,27424,3583,3495,47,3542,39
2021-10-09,El Dorado,017,186661,15460,15153,1612,16765,144
2021-10-09,Fresno,019,978130,133065,130508,11919,142427,2018
2021-10-09,Glenn,021,27897,3359,3277,969,4246,26
2021-10-09,Humboldt,023,135768,8631,8448,460,8908,97
2021-10-09,Imperial,025,180216,32390,31989,3030,35019,760
2021-10-09,Inyo,027,18085,1928,1808,36,1844,39
2021-10-09,Kern,029,883053,121951,119795,19788,139583,1559
2021-10-09,Kings,031,150075,30608,29894,1753,31647,308
2021-10-09,Lake,033,64148,6431,6283,123,6406,97
2021-10-09,Lassen,035,31185,6604,6442,310,6752,25
2021-10-09,Los Angeles,037,10098052,1417301,1402810,51737,1454547,26280
2021-10-09,Madera,039,155013,21851,21313,1846,23159,271
2021-10-09,Marin,041,260295,17213,17049,420,17469,242
2021-10-09,Mariposa,043,17540,1114,1042,38,1080,5
2021-10-09,Mendocino,045,87422,7143,7011,421,7432,82
2021-10-09,Merced,047,269075,40154,39784,1644,41428,565
2021-10-09,Modoc,049,8938,495,477,174,651,5
2021-10-09,Mono,051,14174,1634,1577,20,1597,3
2021-10-09,Monterey,053,433212,48073,47168,2683,49851,577
2021-10-09,Napa,055,140530,12688,12586,97,12683,96
2021-10-09,Nevada,057,99092,8760,8613,301,8914,90
2021-10-09,Orange,059,3164182,301968,299089,14352,313441,5457
2021-10-09,Placer,061,380077,35508,34877,3395,38272,393
2021-10-09,Plumas,063,18699,1543,1418,25,1443,6
2021-10-09,Riverside,065,2383286,355028,350082,15965,366047,4965
2021-10-09,Sacramento,067,1510023,153213,151566,4161,155727,2160
2021-10-09,San Benito,069,59416,7176,7123,154,7277,71
2021-10-09,San Bernardino,071,2135413,346297,343452,10757,354209,5556
2021-10-09,San Diego,073,3302833,363127,359909,21348,381257,4111
2021-10-09,San Francisco,075,870044,51765,50960,2184,53144,643
2021-10-09,San Joaquin,077,732212,96849,95606,5155,100761,1669
2021-10-09,San Luis Obispo,079,281455,28730,28197,1163,29360,324
2021-10-09,San Mateo,081,765935,53038,52121,803,52924,569
2021-10-09,Santa Barbara,083,443738,43328,42735,1493,44228,514
2021-10-09,Santa Clara,085,1922200,143744,142298,1182,143480,1873
2021-10-09,Santa Cruz,087,273765,19923,19635,975,20610,217
2021-10-09,Shasta,089,179085,19976,19437,3306,22743,290
2021-10-09,Sierra,091,2930,161,141,17,158,0
2021-10-09,Siskiyou,093,43540,3241,3124,1185,4309,42
2021-10-09,Solano,095,438530,45059,44265,1181,45446,329
2021-10-09,Sonoma,097,501317,40219,39848,498,40346,387
2021-10-09,Stanislaus,099,539301,75259,74899,8412,83311,1114
2021-10-09,Sutter,101,95872,13424,13314,290,13604,165
2021-10-09,Tehama,103,63373,7903,7670,1315,8985,99
2021-10-09,Trinity,105,12862,807,660,199,859,11
2021-10-09,Tulare,107,460477,65166,63398,13582,76980,932
2021-10-09,Tuolumne,109,53932,6658,6521,81,6602,89
2021-10-09,Ventura,111,848112,96429,95542,4177,99719,1158
2021-10-09,Yolo,113,214977,19169,18850,899,19749,247
2021-10-09,Yuba,115,75493,9719,9551,237,9788,69
2021-10-08,Alameda,001,1643700,116804,116253,2630,118883,1356
2021-10-08,Alpine,002,1148,99,102,0,102,0
2021-10-08,Amador,005,37829,5305,5237,55,5292,62
2021-10-08,Butte,007,227075,19741,19277,3667,22944,250
2021-10-08,Calaveras,009,45235,3755,3716,43,3759,75
2021-10-08,Colusa,011,21464,2451,2419,577,2996,18
2021-10-08,Contra Costa,013,1133247,97190,96378,2023,98401,958
2021-10-08,Del Norte,015,27424,3582,3495,47,3542,39
2021-10-08,El Dorado,017,186661,15440,15153,1608,16761,144
2021-10-08,Fresno,019,978130,132869,130508,11897,142405,2018
2021-10-08,Glenn,021,27897,3351,3277,966,4243,26
2021-10-08,Humboldt,023,135768,8620,8448,457,8905,97
2021-10-08,Imperial,025,180216,32361,31989,3026,35015,760
2021-10-08,Inyo,027,18085,1910,1808,36,1844,39
2021-10-08,Kern,029,883053,121814,119795,19746,139541,1559
2021-10-08,Kings,031,150075,30514,29894,1752,31646,308
2021-10-08,Lake,033,64148,6423,6283,123,6406,97
2021-10-08,Lassen,035,31185,6590,6442,307,6749,25
2021-10-08,Los Angeles,037,10098052,1416640,1402810,51705,1454515,26280
2021-10-08,Madera,039,155013,21792,21313,1839,23152,271
2021-10-08,Marin,041,260295,17202,17049,419,17468,242
2021-10-08,Mariposa,043,17540,1107,1042,36,1078,5
2021-10-08,Mendocino,045,87422,7130,7011,421,7432,82
2021-10-08,Merced,047,269075,40122,39784,1641,41425,565
2021-10-08,Modoc,049,8938,493,477,174,651,5
2021-10-08,Mono,051,14174,1631,1577,20,1597,3
2021-10-08,Monterey,053,433212,48046,47168,2681,49849,577
2021-10-08,Napa,055,140530,12672,12586,97,12683,96
2021-10-08,Nevada,057,99092,8748,8613,301,8914,90
2021-10-08,Orange,059,3164182,301821,299089,14332,313421,5457
2021-10-08,Placer,061,380077,35470,34877,3388,38265,393
2021-10-08,Plumas,063,18699,1531,1418,25,1443,6
2021-10-08,Riverside,065,2383286,354759,350082,15954,366036,4965
2021-10-08,Sacramento,067,1510023,153049,151566,4146,155712,2160
2021-10-08,San Benito,069,59416,7172,7123,152,7275,71
2021-10-08,San Bernardino,071,2135413,346088,343452,10749,354201,5556
2021-10-08,San Diego,073,3302833,362801,359909,21329,381238,4111
2021-10-08,San Francisco,075,870044,51718,50960,2177,53137,643
2021-10-08,San Joaquin,077,732212,96781,95606,5149,100755,1669
2021-10-08,San Luis Obispo,079,281455,28703,28197,1162,29359,324
2021-10-08,San Mateo,081,765935,53010,52121,803,52924,569
2021-10-08,Santa Barbara,083,443738,43293,42735,1492,44227,514
2021-10-08,Santa Clara,085,1922200,143631,142298,1177,143475,1873
2021-10-08,Santa Cruz,087,273765,19908,19635,975,20610,217
2021-10-08,Shasta,089,179085,19934,19437,3300,22737,290
2021-10-08,Sierra,091,2930,159,141,15,156,0
2021-10-08,Siskiyou,093,43540,3233,3124,1184,4308,42
2021-10-08,Solano,095,438530,45020,44265,1181,45446,329
2021-10-08,Sonoma,097,501317,40183,39848,498,40346,387
2021-10-08,Stanislaus,099,539301,75190,74899,8403,83302,1114
2021-10-08,Sutter,101,95872,13410,13314,288,13602,165
2021-10-08,Tehama,103,63373,7886,7670,1313,8983,99
2021-10-08,Trinity,105,12862,806,660,199,859,11
2021-10-08,Tulare,107,460477,65048,63398,13550,76948,932
2021-10-08,Tuolumne,109,53932,6635,6521,81,6602,89
2021-10-08,Ventura,111,848112,96378,95542,4171,99713,1158
2021-10-08,Yolo,113,214977,19154,18850,897,19747,247
2021-10-08,Yuba,115,75493,9699,9551,236,9787,69
2021-10-07,Alameda,001,1643700,116684,116253,2629,118882,1356
2021-10-07,Alpine,002,1148,99,102,0,102,0
2021-10-07,Amador,005,37829,5298,5237,55,5292,62
2021-10-07,Butte,007,227075,19693,19277,3656,22933,250
2021-10-07,Calaveras,009,45235,3743,3716,43,3759,75
2021-10-07,Colusa,011,21464,2448,2419,571,2990,18
2021-10-07,Contra Costa,013,1133247,97067,96378,2020,98398,958
2021-10-07,Del Norte,015,27424,3579,3495,47,3542,39
2021-10-07,El Dorado,017,186661,15403,15153,1604,16757,144
2021-10-07,Fresno,019,978130,132595,130508,11873,142381,2018
2021-10-07,Glenn,021,27897,3344,3277,963,4240,26
2021-10-07,Humboldt,023,135768,8594,8448,454,8902,97
2021-10-07,Imperial,025,180216,32290,31989,3013,35002,760
2021-10-07,Inyo,027,18085,1891,1808,36,1844,39
2021-10-07,Kern,029,883053,121582,119795,19682,139477,1559
2021-10-07,Kings,031,150075,30448,29894,1746,31640,308
2021-10-07,Lake,033,64148,6412,6283,123,6406,97
2021-10-07,Lassen,035,31185,6572,6442,305,6747,25
2021-10-07,Los Angeles,037,10098052,1415684,1402810,51660,1454470,26280
2021-10-07,Madera,039,155013,21719,21313,1825,23138,271
2021-10-07,Marin,041,260295,17184,17049,419,17468,242
2021-10-07,Mariposa,043,17540,1099,1042,36,1078,5
2021-10-07,Mendocino,045,87422,7120,7011,417,7428,82
2021-10-07,Merced,047,269075,40055,39784,1624,41408,565
2021-10-07,Modoc,049,8938,490,477,173,650,5
2021-10-07,Mono,051,14174,1623,1577,20,1597,3
2021-10-07,Monterey,053,433212,48021,47168,2672,49840,577
2021-10-07,Napa,055,140530,12657,12586,97,12683,96
2021-10-07,Nevada,057,99092,8720,8613,301,8914,90
2021-10-07,Orange,059,3164182,301595,299089,14318,313407,5457
2021-10-07,Placer,061,380077,35408,34877,3381,38258,393
2021-10-07,Plumas,063,18699,1514,1418,25,1443,6
2021-10-07,Riverside,065,2383286,354427,350082,15942,366024,4965
2021-10-07,Sacramento,067,1510023,152766,151566,4117,155683,2160
2021-10-07,San Benito,069,59416,7156,7123,150,7273,71
2021-10-07,San Bernardino,071,2135413,345814,343452,10741,354193,5556
2021-10-07,San Diego,073,3302833,362406,359909,21308,381217,4111
2021-10-07,San Francisco,075,870044,51647,50960,2174,53134,643
2021-10-07,San Joaquin,077,732212,96627,95606,5141,100747,1669
2021-10-07,San Luis Obispo,079,281455,28652,28197,1160,29357,324
2021-10-07,San Mateo,081,765935,52970,52121,802,52923,569
2021-10-07,Santa Barbara,083,443738,43224,42735,1486,44221,514
2021-10-07,Santa Clara,085,1922200,143481,142298,1171,143469,1873
2021-10-07,Santa Cruz,087,273765,19888,19635,974,20609,217
2021-10-07,Shasta,089,179085,19846,19437,3285,22722,290
2021-10-07,Sierra,091,2930,158,141,15,156,0
2021-10-07,Siskiyou,093,43540,3229,3124,1179,4303,42
2021-10-07,Solano,095,438530,44975,44265,1177,45442,329
2021-10-07,Sonoma,097,501317,40146,39848,496,40344,387
2021-10-07,Stanislaus,099,539301,75028,74899,8378,83277,1114
2021-10-07,Sutter,101,95872,13388,13314,285,13599,165
2021-10-07,Tehama,103,63373,7853,7670,1307,8977,99
2021-10-07,Trinity,105,12862,804,660,199,859,11
2021-10-07,Tulare,107,460477,64883,63398,13514,76912,932
2021-10-07,Tuolumne,109,53932,6614,6521,81,6602,89
2021-10-07,Ventura,111,848112,96305,95542,4168,99710,1158
2021-10-07,Yolo,113,214977,19121,18850,893,19743,247
2021-10-07,Yuba,115,75493,9673,9551,229,9780,69
2021-10-06,Alameda,001,1643700,116547,116058,2623,118681,1353
2021-10-06,Alpine,002,1148,99,102,0,102,0
2021-10-06,Amador,005,37829,5295,5205,55,5260,62
2021-10-06,Butte,007,227075,19631,19208,3649,22857,247
2021-10-06,Calaveras,009,45235,3734,3669,43,3712,75
2021-10-06,Colusa,011,21464,2445,2414,564,2978,18
2021-10-06,Contra Costa,013,1133247,96942,96184,2016,98200,953
2021-10-06,Del Norte,015,27424,3576,3490,44,3534,39
2021-10-06,El Dorado,017,186661,15377,15078,1601,16679,140
2021-10-06,Fresno,019,978130,132305,130074,11848,141922,2008
2021-10-06,Glenn,021,27897,3335,3270,961,4231,26
2021-10-06,Humboldt,023,135768,8579,8416,448,8864,94
2021-10-06,Imperial,025,180216,32237,31930,3003,34933,760
2021-10-06,Inyo,027,18085,1876,1806,36,1842,39
2021-10-06,Kern,029,883053,121325,119491,19591,139082,1552
2021-10-06,Kings,031,150075,30382,29785,1738,31523,308
2021-10-06,Lake,033,64148,6398,6271,123,6394,97
2021-10-06,Lassen,035,31185,6556,6429,304,6733,25
2021-10-06,Los Angeles,037,10098052,1414728,1401675,51611,1453286,26252
2021-10-06,Madera,039,155013,21664,21230,1815,23045,269
2021-10-06,Marin,041,260295,17175,17042,416,17458,242
2021-10-06,Mariposa,043,17540,1092,1036,36,1072,5
2021-10-06,Mendocino,045,87422,7111,6986,415,7401,81
2021-10-06,Merced,047,269075,39980,39666,1612,41278,563
2021-10-06,Modoc,049,8938,490,477,171,648,5
2021-10-06,Mono,051,14174,1611,1568,20,1588,3
2021-10-06,Monterey,053,433212,47988,47136,2667,49803,577
2021-10-06,Napa,055,140530,12633,12552,96,12648,96
2021-10-06,Nevada,057,99092,8704,8582,300,8882,90
2021-10-06,Orange,059,3164182,301356,298785,14305,313090,5448
2021-10-06,Placer,061,380077,35357,34764,3375,38139,390
2021-10-06,Plumas,063,18699,1491,1383,25,1408,6
2021-10-06,Riverside,065,2383286,354071,349645,15921,365566,4953
2021-10-06,Sacramento,067,1510023,152513,151164,4085,155249,2141
2021-10-06,San Benito,069,59416,7141,7108,150,7258,69
2021-10-06,San Bernardino,071,2135413,345522,343022,10734,353756,5551
2021-10-06,San Diego,073,3302833,361914,359564,21282,380846,4104
2021-10-06,San Francisco,075,870044,51583,50894,2171,53065,641
2021-10-06,San Joaquin,077,732212,96493,95418,5129,100547,1658
2021-10-06,San Luis Obispo,079,281455,28603,28170,1154,29324,323
2021-10-06,San Mateo,081,765935,52920,52056,797,52853,569
2021-10-06,Santa Barbara,083,443738,43141,42687,1484,44171,513
2021-10-06,Santa Clara,085,1922200,143330,142124,1166,143290,1872
2021-10-06,Santa Cruz,087,273765,19859,19604,972,20576,217
2021-10-06,Shasta,089,179085,19771,19325,3272,22597,287
2021-10-06,Sierra,091,2930,156,138,15,153,0
2021-10-06,Siskiyou,093,43540,3219,3116,1172,4288,42
2021-10-06,Solano,095,438530,44941,44185,1176,45361,328
2021-10-06,Sonoma,097,501317,40096,39787,495,40282,383
2021-10-06,Stanislaus,099,539301,74886,74699,8365,83064,1114
2021-10-06,Sutter,101,95872,13367,13284,283,13567,164
2021-10-06,Tehama,103,63373,7817,7629,1299,8928,99
2021-10-06,Trinity,105,12862,801,656,199,855,11
2021-10-06,Tulare,107,460477,64703,63198,13458,76656,926
2021-10-06,Tuolumne,109,53932,6587,6486,81,6567,89
2021-10-06,Ventura,111,848112,96214,95449,4160,99609,1158
2021-10-06,Yolo,113,214977,19088,18815,890,19705,247
2021-10-06,Yuba,115,75493,9649,9520,228,9748,69
2021-10-05,Alameda,001,1643700,116403,115968,2618,118586,1350
2021-10-05,Alpine,002,1148,99,102,0,102,0
2021-10-05,Amador,005,37829,5274,5194,54,5248,61
2021-10-05,Butte,007,227075,19582,19137,3633,22770,246
2021-10-05,Calaveras,009,45235,3718,3657,43,3700,73
2021-10-05,Colusa,011,21464,2438,2414,563,2977,18
2021-10-05,Contra Costa,013,1133247,96825,96108,2011,98119,941
2021-10-05,Del Norte,015,27424,3574,3485,43,3528,39
2021-10-05,El Dorado,017,186661,15338,15052,1598,16650,140
2021-10-05,Fresno,019,978130,131965,129957,11812,141769,1987
2021-10-05,Glenn,021,27897,3324,3270,956,4226,26
2021-10-05,Humboldt,023,135768,8548,8398,444,8842,94
2021-10-05,Imperial,025,180216,32190,31909,2998,34907,759
2021-10-05,Inyo,027,18085,1859,1800,36,1836,39
2021-10-05,Kern,029,883053,121061,119260,19490,138750,1540
2021-10-05,Kings,031,150075,30307,29749,1733,31482,301
2021-10-05,Lake,033,64148,6377,6264,122,6386,97
2021-10-05,Lassen,035,31185,6537,6417,302,6719,25
2021-10-05,Los Angeles,037,10098052,1413585,1400300,51558,1451858,26223
2021-10-05,Madera,039,155013,21606,21183,1803,22986,269
2021-10-05,Marin,041,260295,17163,17024,416,17440,242
2021-10-05,Mariposa,043,17540,1073,1033,33,1066,5
2021-10-05,Mendocino,045,87422,7095,6972,408,7380,79
2021-10-05,Merced,047,269075,39914,39608,1604,41212,562
2021-10-05,Modoc,049,8938,486,475,170,645,5
2021-10-05,Mono,051,14174,1603,1565,20,1585,3
2021-10-05,Monterey,053,433212,47971,47087,2657,49744,573
2021-10-05,Napa,055,140530,12609,12533,96,12629,96
2021-10-05,Nevada,057,99092,8674,8576,300,8876,90
2021-10-05,Orange,059,3164182,301079,298589,14273,312862,5441
2021-10-05,Placer,061,380077,35277,34728,3368,38096,382
2021-10-05,Plumas,063,18699,1466,1357,25,1382,6
2021-10-05,Riverside,065,2383286,353713,349365,15906,365271,4942
2021-10-05,Sacramento,067,1510023,152239,151111,4057,155168,2126
2021-10-05,San Benito,069,59416,7123,7103,148,7251,69
2021-10-05,San Bernardino,071,2135413,345196,342711,10727,353438,5557
2021-10-05,San Diego,073,3302833,361339,359194,21255,380449,4092
2021-10-05,San Francisco,075,870044,51484,50826,2168,52994,641
2021-10-05,San Joaquin,077,732212,96340,95276,5103,100379,1651
2021-10-05,San Luis Obispo,079,281455,28559,28113,1152,29265,324
2021-10-05,San Mateo,081,765935,52873,52008,797,52805,569
2021-10-05,Santa Barbara,083,443738,43063,42595,1480,44075,511
2021-10-05,Santa Clara,085,1922200,143168,141971,1159,143130,1873
2021-10-05,Santa Cruz,087,273765,19817,19582,972,20554,216
2021-10-05,Shasta,089,179085,19697,19285,3259,22544,286
2021-10-05,Sierra,091,2930,152,136,15,151,0
2021-10-05,Siskiyou,093,43540,3205,3107,1172,4279,42
2021-10-05,Solano,095,438530,44870,44149,1175,45324,325
2021-10-05,Sonoma,097,501317,40041,39756,490,40246,383
2021-10-05,Stanislaus,099,539301,74724,74599,8348,82947,1114
2021-10-05,Sutter,101,95872,13339,13270,282,13552,164
2021-10-05,Tehama,103,63373,7788,7607,1290,8897,98
2021-10-05,Trinity,105,12862,798,655,199,854,11
2021-10-05,Tulare,107,460477,64495,63093,13405,76498,920
2021-10-05,Tuolumne,109,53932,6571,6473,80,6553,89
2021-10-05,Ventura,111,848112,96108,95351,4159,99510,1155
2021-10-05,Yolo,113,214977,19052,18782,884,19666,245
2021-10-05,Yuba,115,75493,9617,9504,225,9729,69
2021-10-04,Alameda,001,1643700,116242,115845,2615,118460,1347
2021-10-04,Alpine,002,1148,99,102,0,102,0
2021-10-04,Amador,005,37829,5264,5163,53,5216,61
2021-10-04,Butte,007,227075,19505,19081,3622,22703,245
2021-10-04,Calaveras,009,45235,3709,3641,43,3684,73
2021-10-04,Colusa,011,21464,2437,2414,561,2975,18
2021-10-04,Contra Costa,013,1133247,96683,95958,2006,97964,937
2021-10-04,Del Norte,015,27424,3572,3485,39,3524,39
2021-10-04,El Dorado,017,186661,15292,15031,1591,16622,138
2021-10-04,Fresno,019,978130,131655,129665,11783,141448,1978
2021-10-04,Glenn,021,27897,3317,3270,953,4223,26
2021-10-04,Humboldt,023,135768,8516,8355,437,8792,94
2021-10-04,Imperial,025,180216,32141,31866,2991,34857,757
2021-10-04,Inyo,027,18085,1847,1792,34,1826,39
2021-10-04,Kern,029,883053,120770,118984,19370,138354,1531
2021-10-04,Kings,031,150075,30214,29702,1730,31432,303
2021-10-04,Lake,033,64148,6364,6248,122,6370,97
2021-10-04,Lassen,035,31185,6520,6405,302,6707,25
2021-10-04,Los Angeles,037,10098052,1412465,1399604,51502,1451106,26186
2021-10-04,Madera,039,155013,21542,21126,1791,22917,266
2021-10-04,Marin,041,260295,17147,17008,415,17423,242
2021-10-04,Mariposa,043,17540,1061,1024,33,1057,5
2021-10-04,Mendocino,045,87422,7077,6947,405,7352,79
2021-10-04,Merced,047,269075,39797,39565,1588,41153,558
2021-10-04,Modoc,049,8938,483,473,170,643,5
2021-10-04,Mono,051,14174,1595,1561,20,1581,3
2021-10-04,Monterey,053,433212,47950,47058,2650,49708,571
2021-10-04,Napa,055,140530,12586,12506,96,12602,96
2021-10-04,Nevada,057,99092,8654,8563,300,8863,90
2021-10-04,Orange,059,3164182,300783,298165,14241,312406,5438
2021-10-04,Placer,061,380077,35195,34630,3341,37971,379
2021-10-04,Plumas,063,18699,1444,1329,25,1354,6
2021-10-04,Riverside,065,2383286,353333,348828,15896,364724,4923
2021-10-04,Sacramento,067,1510023,151915,150887,4030,154917,2115
2021-10-04,San Benito,069,59416,7110,7099,148,7247,69
2021-10-04,San Bernardino,071,2135413,344835,342418,10716,353134,5551
2021-10-04,San Diego,073,3302833,360773,358525,21224,379749,4090
2021-10-04,San Francisco,075,870044,51389,50798,2164,52962,638
2021-10-04,San Joaquin,077,732212,96143,95198,5083,100281,1649
2021-10-04,San Luis Obispo,079,281455,28514,28090,1146,29236,323
2021-10-04,San Mateo,081,765935,52813,51958,796,52754,569
2021-10-04,Santa Barbara,083,443738,42978,42585,1479,44064,511
2021-10-04,Santa Clara,085,1922200,143021,141840,1153,142993,1869
2021-10-04,Santa Cruz,087,273765,19788,19559,971,20530,216
2021-10-04,Shasta,089,179085,19590,19170,3245,22415,279
2021-10-04,Sierra,091,2930,145,136,14,150,0
2021-10-04,Siskiyou,093,43540,3196,3103,1157,4260,42
2021-10-04,Solano,095,438530,44811,44092,1171,45263,322
2021-10-04,Sonoma,097,501317,39975,39720,490,40210,381
2021-10-04,Stanislaus,099,539301,74573,74444,8329,82773,1106
2021-10-04,Sutter,101,95872,13310,13261,281,13542,164
2021-10-04,Tehama,103,63373,7747,7585,1284,8869,95
2021-10-04,Trinity,105,12862,797,649,198,847,11
2021-10-04,Tulare,107,460477,64309,62957,13337,76294,920
2021-10-04,Tuolumne,109,53932,6545,6442,80,6522,89
2021-10-04,Ventura,111,848112,96016,95170,4153,99323,1153
2021-10-04,Yolo,113,214977,19008,18761,880,19641,242
2021-10-04,Yuba,115,75493,9578,9481,223,9704,68
2021-10-03,Alameda,001,1643700,116099,115751,2605,118356,1349
2021-10-03,Alpine,002,1148,99,102,0,102,0
2021-10-03,Amador,005,37829,5246,5160,51,5211,61
2021-10-03,Butte,007,227075,19432,19066,3603,22669,245
2021-10-03,Calaveras,009,45235,3692,3632,43,3675,73
2021-10-03,Colusa,011,21464,2435,2413,558,2971,18
2021-10-03,Contra Costa,013,1133247,96550,95890,1999,97889,937
2021-10-03,Del Norte,015,27424,3566,3483,38,3521,39
2021-10-03,El Dorado,017,186661,15233,15014,1584,16598,139
2021-10-03,Fresno,019,978130,131274,129365,11742,141107,1978
2021-10-03,Glenn,021,27897,3310,3266,945,4211,26
2021-10-03,Humboldt,023,135768,8470,8352,433,8785,94
2021-10-03,Imperial,025,180216,32074,31844,2983,34827,757
2021-10-03,Inyo,027,18085,1826,1788,34,1822,39
2021-10-03,Kern,029,883053,120465,118851,19248,138099,1535
2021-10-03,Kings,031,150075,30115,29623,1723,31346,300
2021-10-03,Lake,033,64148,6338,6239,122,6361,97
2021-10-03,Lassen,035,31185,6498,6400,300,6700,25
2021-10-03,Los Angeles,037,10098052,1411204,1398790,51449,1450239,26179
2021-10-03,Madera,039,155013,21470,21066,1781,22847,266
2021-10-03,Marin,041,260295,17124,16995,410,17405,242
2021-10-03,Mariposa,043,17540,1054,1011,33,1044,5
2021-10-03,Mendocino,045,87422,7057,6939,397,7336,79
2021-10-03,Merced,047,269075,39690,39516,1568,41084,558
2021-10-03,Modoc,049,8938,482,472,169,641,5
2021-10-03,Mono,051,14174,1591,1554,20,1574,3
2021-10-03,Monterey,053,433212,47925,47049,2639,49688,571
2021-10-03,Napa,055,140530,12557,12489,94,12583,96
2021-10-03,Nevada,057,99092,8619,8545,300,8845,90
2021-10-03,Orange,059,3164182,300501,298027,14221,312248,5447
2021-10-03,Placer,061,380077,35057,34596,3325,37921,379
2021-10-03,Plumas,063,18699,1416,1328,25,1353,6
2021-10-03,Riverside,065,2383286,352902,348593,15876,364469,4924
2021-10-03,Sacramento,067,1510023,151626,150664,4001,154665,2120
2021-10-03,San Benito,069,59416,7101,7095,148,7243,69
2021-10-03,San Bernardino,071,2135413,344416,342302,10709,353011,5555
2021-10-03,San Diego,073,3302833,360193,358153,21192,379345,4081
2021-10-03,San Francisco,075,870044,51304,50733,2161,52894,638
2021-10-03,San Joaquin,077,732212,95955,95133,5075,100208,1649
2021-10-03,San Luis Obispo,079,281455,28448,28065,1141,29206,325
2021-10-03,San Mateo,081,765935,52746,51923,795,52718,569
2021-10-03,Santa Barbara,083,443738,42882,42550,1471,44021,511
2021-10-03,Santa Clara,085,1922200,142850,141737,1146,142883,1869
2021-10-03,Santa Cruz,087,273765,19748,19548,969,20517,216
2021-10-03,Shasta,089,179085,19485,19132,3217,22349,279
2021-10-03,Sierra,091,2930,142,136,14,150,0
2021-10-03,Siskiyou,093,43540,3183,3096,1147,4243,42
2021-10-03,Solano,095,438530,44748,44051,1168,45219,322
2021-10-03,Sonoma,097,501317,39909,39679,490,40169,381
2021-10-03,Stanislaus,099,539301,74385,74366,8311,82677,1106
2021-10-03,Sutter,101,95872,13295,13248,277,13525,164
2021-10-03,Tehama,103,63373,7704,7564,1279,8843,94
2021-10-03,Trinity,105,12862,793,647,196,843,11
2021-10-03,Tulare,107,460477,64105,62860,13265,76125,924
2021-10-03,Tuolumne,109,53932,6516,6430,78,6508,89
2021-10-03,Ventura,111,848112,95911,95108,4150,99258,1153
2021-10-03,Yolo,113,214977,18978,18720,874,19594,242
2021-10-03,Yuba,115,75493,9561,9462,222,9684,68
2021-10-02,Alameda,001,1643700,115991,115185,2600,117785,1343
2021-10-02,Alpine,002,1148,99,102,0,102,0
2021-10-02,Amador,005,37829,5237,5105,51,5156,61
2021-10-02,Butte,007,227075,19403,18911,3595,22506,243
2021-10-02,Calaveras,009,45235,3685,3585,43,3628,72
2021-10-02,Colusa,011,21464,2434,2403,556,2959,18
2021-10-02,Contra Costa,013,1133247,96479,95369,1995,97364,933
2021-10-02,Del Norte,015,27424,3561,3468,38,3506,39
2021-10-02,El Dorado,017,186661,15207,14887,1583,16470,136
2021-10-02,Fresno,019,978130,131103,128450,11729,140179,1964
2021-10-02,Glenn,021,27897,3305,3234,945,4179,26
2021-10-02,Humboldt,023,135768,8452,8244,433,8677,94
2021-10-02,Imperial,025,180216,32039,31674,2980,34654,757
2021-10-02,Inyo,027,18085,1817,1746,34,1780,39
2021-10-02,Kern,029,883053,120332,117962,19167,137129,1524
2021-10-02,Kings,031,150075,30066,29339,1719,31058,301
2021-10-02,Lake,033,64148,6329,6191,122,6313,97
2021-10-02,Lassen,035,31185,6493,6360,300,6660,25
2021-10-02,Los Angeles,037,10098052,1410592,1395070,51413,1446483,26126
2021-10-02,Madera,039,155013,21445,20931,1772,22703,266
2021-10-02,Marin,041,260295,17119,16936,407,17343,242
2021-10-02,Mariposa,043,17540,1052,967,33,1000,5
2021-10-02,Mendocino,045,87422,7047,6869,397,7266,78
2021-10-02,Merced,047,269075,39663,39196,1564,40760,552
2021-10-02,Modoc,049,8938,480,468,169,637,5
2021-10-02,Mono,051,14174,1589,1540,20,1560,3
2021-10-02,Monterey,053,433212,47870,46964,2638,49602,571
2021-10-02,Napa,055,140530,12546,12433,94,12527,96
2021-10-02,Nevada,057,99092,8608,8474,299,8773,87
2021-10-02,Orange,059,3164182,300335,297307,14201,311508,5435
2021-10-02,Placer,061,380077,34991,34377,3316,37693,381
2021-10-02,Plumas,063,18699,1405,1298,25,1323,6
2021-10-02,Riverside,065,2383286,352660,347227,15865,363092,4895
2021-10-02,Sacramento,067,1510023,151453,149897,3993,153890,2099
2021-10-02,San Benito,069,59416,7094,7055,148,7203,69
2021-10-02,San Bernardino,071,2135413,344229,341212,10657,351869,5540
2021-10-02,San Diego,073,3302833,359876,356454,21170,377624,4078
2021-10-02,San Francisco,075,870044,51255,50393,2156,52549,634
2021-10-02,San Joaquin,077,732212,95890,94599,5069,99668,1646
2021-10-02,San Luis Obispo,079,281455,28424,27915,1141,29056,323
2021-10-02,San Mateo,081,765935,52705,51767,791,52558,573
2021-10-02,Santa Barbara,083,443738,42842,42423,1471,43894,508
2021-10-02,Santa Clara,085,1922200,142736,141231,1142,142373,1862
2021-10-02,Santa Cruz,087,273765,19731,19461,968,20429,214
2021-10-02,Shasta,089,179085,19439,18912,3211,22123,270
2021-10-02,Sierra,091,2930,141,131,14,145,0
2021-10-02,Siskiyou,093,43540,3182,3053,1144,4197,42
2021-10-02,Solano,095,438530,44703,43800,1167,44967,321
2021-10-02,Sonoma,097,501317,39875,39497,489,39986,382
2021-10-02,Stanislaus,099,539301,74299,73859,8298,82157,1099
2021-10-02,Sutter,101,95872,13286,13160,276,13436,160
2021-10-02,Tehama,103,63373,7689,7453,1279,8732,93
2021-10-02,Trinity,105,12862,790,625,196,821,10
2021-10-02,Tulare,107,460477,64029,62247,13239,75486,908
2021-10-02,Tuolumne,109,53932,6502,6369,78,6447,89
2021-10-02,Ventura,111,848112,95839,94854,4145,98999,1148
2021-10-02,Yolo,113,214977,18951,18640,872,19512,242
2021-10-02,Yuba,115,75493,9542,9370,221,9591,66
2021-10-01,Alameda,001,1643700,115914,115185,2594,117779,1343
2021-10-01,Alpine,002,1148,99,102,0,102,0
2021-10-01,Amador,005,37829,5217,5105,51,5156,61
2021-10-01,Butte,007,227075,19363,18911,3588,22499,243
2021-10-01,Calaveras,009,45235,3675,3585,43,3628,72
2021-10-01,Colusa,011,21464,2432,2403,556,2959,18
2021-10-01,Contra Costa,013,1133247,96383,95369,1991,97360,933
2021-10-01,Del Norte,015,27424,3558,3468,37,3505,39
2021-10-01,El Dorado,017,186661,15190,14887,1579,16466,136
2021-10-01,Fresno,019,978130,130915,128450,11719,140169,1964
2021-10-01,Glenn,021,27897,3303,3234,944,4178,26
2021-10-01,Humboldt,023,135768,8435,8244,433,8677,94
2021-10-01,Imperial,025,180216,32020,31674,2971,34645,757
2021-10-01,Inyo,027,18085,1808,1746,34,1780,39
2021-10-01,Kern,029,883053,120179,117962,19111,137073,1524
2021-10-01,Kings,031,150075,30032,29339,1714,31053,301
2021-10-01,Lake,033,64148,6319,6191,122,6313,97
2021-10-01,Lassen,035,31185,6482,6360,299,6659,25
2021-10-01,Los Angeles,037,10098052,1409827,1395070,51370,1446440,26126
2021-10-01,Madera,039,155013,21395,20931,1763,22694,266
2021-10-01,Marin,041,260295,17104,16936,406,17342,242
2021-10-01,Mariposa,043,17540,1045,967,33,1000,5
2021-10-01,Mendocino,045,87422,7035,6869,397,7266,78
2021-10-01,Merced,047,269075,39619,39196,1556,40752,552
2021-10-01,Modoc,049,8938,479,468,169,637,5
2021-10-01,Mono,051,14174,1586,1540,20,1560,3
2021-10-01,Monterey,053,433212,47849,46964,2635,49599,571
2021-10-01,Napa,055,140530,12536,12433,93,12526,96
2021-10-01,Nevada,057,99092,8594,8474,298,8772,87
2021-10-01,Orange,059,3164182,300150,297307,14180,311487,5435
2021-10-01,Placer,061,380077,34957,34377,3312,37689,381
2021-10-01,Plumas,063,18699,1396,1298,25,1323,6
2021-10-01,Riverside,065,2383286,352367,347227,15858,363085,4895
2021-10-01,Sacramento,067,1510023,151300,149897,3983,153880,2099
2021-10-01,San Benito,069,59416,7092,7055,146,7201,69
2021-10-01,San Bernardino,071,2135413,344029,341212,10654,351866,5540
2021-10-01,San Diego,073,3302833,359516,356454,21149,377603,4078
2021-10-01,San Francisco,075,870044,51214,50393,2155,52548,634
2021-10-01,San Joaquin,077,732212,95820,94599,5065,99664,1646
2021-10-01,San Luis Obispo,079,281455,28400,27915,1138,29053,323
2021-10-01,San Mateo,081,765935,52665,51767,788,52555,573
2021-10-01,Santa Barbara,083,443738,42806,42423,1471,43894,508
2021-10-01,Santa Clara,085,1922200,142643,141231,1137,142368,1862
2021-10-01,Santa Cruz,087,273765,19711,19461,967,20428,214
2021-10-01,Shasta,089,179085,19385,18912,3204,22116,270
2021-10-01,Sierra,091,2930,141,131,14,145,0
2021-10-01,Siskiyou,093,43540,3181,3053,1141,4194,42
2021-10-01,Solano,095,438530,44650,43800,1161,44961,321
2021-10-01,Sonoma,097,501317,39843,39497,488,39985,382
2021-10-01,Stanislaus,099,539301,74215,73859,8287,82146,1099
2021-10-01,Sutter,101,95872,13270,13160,274,13434,160
2021-10-01,Tehama,103,63373,7677,7453,1277,8730,93
2021-10-01,Trinity,105,12862,788,625,196,821,10
2021-10-01,Tulare,107,460477,63926,62247,13203,75450,908
2021-10-01,Tuolumne,109,53932,6485,6369,78,6447,89
2021-10-01,Ventura,111,848112,95772,94854,4140,98994,1148
2021-10-01,Yolo,113,214977,18928,18640,870,19510,242
2021-10-01,Yuba,115,75493,9520,9370,221,9591,66
2021-09-30,Alameda,001,1643700,115769,115185,2590,117775,1343
2021-09-30,Alpine,002,1148,99,102,0,102,0
2021-09-30,Amador,005,37829,5205,5105,51,5156,61
2021-09-30,Butte,007,227075,19314,18911,3579,22490,243
2021-09-30,Calaveras,009,45235,3661,3585,43,3628,72
2021-09-30,Colusa,011,21464,2429,2403,555,2958,18
2021-09-30,Contra Costa,013,1133247,96278,95369,1986,97355,933
2021-09-30,Del Norte,015,27424,3554,3468,34,3502,39
2021-09-30,El Dorado,017,186661,15164,14887,1571,16458,136
2021-09-30,Fresno,019,978130,130639,128450,11685,140135,1964
2021-09-30,Glenn,021,27897,3293,3234,941,4175,26
2021-09-30,Humboldt,023,135768,8403,8244,427,8671,94
2021-09-30,Imperial,025,180216,31968,31674,2969,34643,757
2021-09-30,Inyo,027,18085,1798,1746,34,1780,39
2021-09-30,Kern,029,883053,119935,117962,19030,136992,1524
2021-09-30,Kings,031,150075,29942,29339,1710,31049,301
2021-09-30,Lake,033,64148,6301,6191,122,6313,97
2021-09-30,Lassen,035,31185,6468,6360,299,6659,25
2021-09-30,Los Angeles,037,10098052,1408618,1395070,51311,1446381,26126
2021-09-30,Madera,039,155013,21312,20931,1748,22679,266
2021-09-30,Marin,041,260295,17084,16936,405,17341,242
2021-09-30,Mariposa,043,17540,1023,967,33,1000,5
2021-09-30,Mendocino,045,87422,7026,6869,388,7257,78
2021-09-30,Merced,047,269075,39523,39196,1551,40747,552
2021-09-30,Modoc,049,8938,479,468,168,636,5
2021-09-30,Mono,051,14174,1578,1540,20,1560,3
2021-09-30,Monterey,053,433212,47819,46964,2624,49588,571
2021-09-30,Napa,055,140530,12516,12433,93,12526,96
2021-09-30,Nevada,057,99092,8577,8474,297,8771,87
2021-09-30,Orange,059,3164182,299878,297307,14142,311449,5435
2021-09-30,Placer,061,380077,34903,34377,3292,37669,381
2021-09-30,Plumas,063,18699,1378,1298,25,1323,6
2021-09-30,Riverside,065,2383286,351933,347227,15837,363064,4895
2021-09-30,Sacramento,067,1510023,151039,149897,3957,153854,2099
2021-09-30,San Benito,069,59416,7086,7055,146,7201,69
2021-09-30,San Bernardino,071,2135413,343716,341212,10640,351852,5540
2021-09-30,San Diego,073,3302833,359035,356454,21123,377577,4078
2021-09-30,San Francisco,075,870044,51137,50393,2151,52544,634
2021-09-30,San Joaquin,077,732212,95688,94599,5057,99656,1646
2021-09-30,San Luis Obispo,079,281455,28352,27915,1134,29049,323
2021-09-30,San Mateo,081,765935,52616,51767,785,52552,573
2021-09-30,Santa Barbara,083,443738,42749,42423,1470,43893,508
2021-09-30,Santa Clara,085,1922200,142494,141231,1134,142365,1862
2021-09-30,Santa Cruz,087,273765,19671,19461,966,20427,214
2021-09-30,Shasta,089,179085,19323,18912,3189,22101,270
2021-09-30,Sierra,091,2930,140,131,14,145,0
2021-09-30,Siskiyou,093,43540,3173,3053,1136,4189,42
2021-09-30,Solano,095,438530,44596,43800,1158,44958,321
2021-09-30,Sonoma,097,501317,39794,39497,488,39985,382
2021-09-30,Stanislaus,099,539301,74055,73859,8268,82127,1099
2021-09-30,Sutter,101,95872,13249,13160,274,13434,160
2021-09-30,Tehama,103,63373,7640,7453,1265,8718,93
2021-09-30,Trinity,105,12862,784,625,196,821,10
2021-09-30,Tulare,107,460477,63750,62247,13146,75393,908
2021-09-30,Tuolumne,109,53932,6462,6369,78,6447,89
2021-09-30,Ventura,111,848112,95667,94854,4133,98987,1148
2021-09-30,Yolo,113,214977,18888,18640,867,19507,242
2021-09-30,Yuba,115,75493,9497,9370,220,9590,66
2021-09-29,Alameda,001,1643700,115623,114998,2587,117585,1339
2021-09-29,Alpine,002,1148,99,101,0,101,0
2021-09-29,Amador,005,37829,5183,5058,51,5109,61
2021-09-29,Butte,007,227075,19260,18835,3572,22407,242
2021-09-29,Calaveras,009,45235,3644,3553,42,3595,72
2021-09-29,Colusa,011,21464,2427,2401,555,2956,18
2021-09-29,Contra Costa,013,1133247,96164,95213,1978,97191,929
2021-09-29,Del Norte,015,27424,3548,3467,34,3501,39
2021-09-29,El Dorado,017,186661,15130,14834,1564,16398,136
2021-09-29,Fresno,019,978130,130339,128068,11664,139732,1957
2021-09-29,Glenn,021,27897,3288,3213,939,4152,26
2021-09-29,Humboldt,023,135768,8380,8203,426,8629,94
2021-09-29,Imperial,025,180216,31903,31600,2964,34564,757
2021-09-29,Inyo,027,18085,1788,1740,33,1773,39
2021-09-29,Kern,029,883053,119700,117605,18954,136559,1513
2021-09-29,Kings,031,150075,29860,29195,1695,30890,299
2021-09-29,Lake,033,64148,6281,6164,122,6286,97
2021-09-29,Lassen,035,31185,6454,6347,299,6646,25
2021-09-29,Los Angeles,037,10098052,1407397,1393617,51242,1444859,26098
2021-09-29,Madera,039,155013,21268,20818,1732,22550,266
2021-09-29,Marin,041,260295,17066,16921,403,17324,242
2021-09-29,Mariposa,043,17540,1008,963,33,996,5
2021-09-29,Mendocino,045,87422,7014,6821,380,7201,78
2021-09-29,Merced,047,269075,39430,39026,1540,40566,552
2021-09-29,Modoc,049,8938,477,468,168,636,5
2021-09-29,Mono,051,14174,1576,1527,20,1547,3
2021-09-29,Monterey,053,433212,47781,46917,2610,49527,571
2021-09-29,Napa,055,140530,12496,12416,90,12506,96
2021-09-29,Nevada,057,99092,8564,8434,297,8731,87
2021-09-29,Orange,059,3164182,299608,296936,14104,311040,5429
2021-09-29,Placer,061,380077,34839,34271,3270,37541,379
2021-09-29,Plumas,063,18699,1359,1289,25,1314,6
2021-09-29,Riverside,065,2383286,351498,346558,15824,362382,4886
2021-09-29,Sacramento,067,1510023,150788,149686,3947,153633,2099
2021-09-29,San Benito,069,59416,7075,7039,146,7185,69
2021-09-29,San Bernardino,071,2135413,343396,340672,10625,351297,5539
2021-09-29,San Diego,073,3302833,358548,355899,21093,376992,4066
2021-09-29,San Francisco,075,870044,51053,50286,2147,52433,629
2021-09-29,San Joaquin,077,732212,95530,94356,5035,99391,1645
2021-09-29,San Luis Obispo,079,281455,28306,27800,1128,28928,323
2021-09-29,San Mateo,081,765935,52556,51673,783,52456,573
2021-09-29,Santa Barbara,083,443738,42677,42328,1467,43795,507
2021-09-29,Santa Clara,085,1922200,142358,141036,1129,142165,1861
2021-09-29,Santa Cruz,087,273765,19653,19425,965,20390,214
2021-09-29,Shasta,089,179085,19257,18805,3178,21983,271
2021-09-29,Sierra,091,2930,136,130,14,144,0
2021-09-29,Siskiyou,093,43540,3160,3043,1129,4172,42
2021-09-29,Solano,095,438530,44540,43724,1151,44875,321
2021-09-29,Sonoma,097,501317,39733,39426,486,39912,370
2021-09-29,Stanislaus,099,539301,73924,73634,8257,81891,1096
2021-09-29,Sutter,101,95872,13222,13135,271,13406,155
2021-09-29,Tehama,103,63373,7610,7409,1250,8659,88
2021-09-29,Trinity,105,12862,780,616,196,812,10
2021-09-29,Tulare,107,460477,63575,62046,13087,75133,908
2021-09-29,Tuolumne,109,53932,6445,6336,78,6414,89
2021-09-29,Ventura,111,848112,95577,94753,4129,98882,1144
2021-09-29,Yolo,113,214977,18854,18587,863,19450,239
2021-09-29,Yuba,115,75493,9466,9351,216,9567,66
2021-09-28,Alameda,001,1643700,115465,114869,2581,117450,1333
2021-09-28,Alpine,002,1148,99,101,0,101,0
2021-09-28,Amador,005,37829,5161,5049,51,5100,61
2021-09-28,Butte,007,227075,19211,18764,3556,22320,241
2021-09-28,Calaveras,009,45235,3624,3530,42,3572,72
2021-09-28,Colusa,011,21464,2424,2399,553,2952,18
2021-09-28,Contra Costa,013,1133247,96023,95115,1973,97088,929
2021-09-28,Del Norte,015,27424,3545,3462,34,3496,39
2021-09-28,El Dorado,017,186661,15084,14793,1560,16353,133
2021-09-28,Fresno,019,978130,129994,127877,11630,139507,1948
2021-09-28,Glenn,021,27897,3283,3205,938,4143,26
2021-09-28,Humboldt,023,135768,8340,8159,423,8582,91
2021-09-28,Imperial,025,180216,31858,31543,2960,34503,757
2021-09-28,Inyo,027,18085,1774,1708,32,1740,39
2021-09-28,Kern,029,883053,119431,117420,18859,136279,1506
2021-09-28,Kings,031,150075,29758,29141,1687,30828,295
2021-09-28,Lake,033,64148,6266,6155,122,6277,95
2021-09-28,Lassen,035,31185,6448,6340,295,6635,25
2021-09-28,Los Angeles,037,10098052,1406108,1392445,51176,1443621,26068
2021-09-28,Madera,039,155013,21214,20764,1717,22481,266
2021-09-28,Marin,041,260295,17047,16887,401,17288,242
2021-09-28,Mariposa,043,17540,1003,952,33,985,5
2021-09-28,Mendocino,045,87422,6992,6804,378,7182,78
2021-09-28,Merced,047,269075,39344,38953,1527,40480,551
2021-09-28,Modoc,049,8938,476,467,168,635,5
2021-09-28,Mono,051,14174,1566,1527,20,1547,3
2021-09-28,Monterey,053,433212,47744,46859,2601,49460,571
2021-09-28,Napa,055,140530,12479,12388,89,12477,96
2021-09-28,Nevada,057,99092,8541,8409,296,8705,84
2021-09-28,Orange,059,3164182,299354,296596,14074,310670,5421
2021-09-28,Placer,061,380077,34774,34187,3252,37439,370
2021-09-28,Plumas,063,18699,1350,1276,25,1301,6
2021-09-28,Riverside,065,2383286,351038,346096,15803,361899,4874
2021-09-28,Sacramento,067,1510023,150497,149310,3925,153235,2086
2021-09-28,San Benito,069,59416,7058,7028,145,7173,69
2021-09-28,San Bernardino,071,2135413,343049,340342,10607,350949,5540
2021-09-28,San Diego,073,3302833,358001,355373,21061,376434,4054
2021-09-28,San Francisco,075,870044,50951,50234,2146,52380,627
2021-09-28,San Joaquin,077,732212,95378,94194,5022,99216,1639
2021-09-28,San Luis Obispo,079,281455,28272,27755,1123,28878,321
2021-09-28,San Mateo,081,765935,52511,51620,783,52403,571
2021-09-28,Santa Barbara,083,443738,42604,42226,1466,43692,506
2021-09-28,Santa Clara,085,1922200,142197,140886,1120,142006,1858
2021-09-28,Santa Cruz,087,273765,19612,19324,964,20288,214
2021-09-28,Shasta,089,179085,19196,18701,3164,21865,267
2021-09-28,Sierra,091,2930,135,130,13,143,0
2021-09-28,Siskiyou,093,43540,3148,3032,1126,4158,42
2021-09-28,Solano,095,438530,44467,43652,1148,44800,316
2021-09-28,Sonoma,097,501317,39686,39395,485,39880,370
2021-09-28,Stanislaus,099,539301,73753,73528,8245,81773,1094
2021-09-28,Sutter,101,95872,13203,13102,267,13369,155
2021-09-28,Tehama,103,63373,7592,7382,1235,8617,88
2021-09-28,Trinity,105,12862,777,613,196,809,10
2021-09-28,Tulare,107,460477,63413,61916,13029,74945,905
2021-09-28,Tuolumne,109,53932,6418,6308,78,6386,89
2021-09-28,Ventura,111,848112,95451,94632,4126,98758,1143
2021-09-28,Yolo,113,214977,18828,18564,859,19423,239
2021-09-28,Yuba,115,75493,9447,9323,215,9538,66
2021-09-27,Alameda,001,1643700,115271,114731,2572,117303,1327
2021-09-27,Alpine,002,1148,99,101,0,101,0
2021-09-27,Amador,005,37829,5147,5017,51,5068,59
2021-09-27,Butte,007,227075,19151,18687,3538,22225,239
2021-09-27,Calaveras,009,45235,3604,3514,41,3555,70
2021-09-27,Colusa,011,21464,2423,2393,552,2945,18
2021-09-27,Contra Costa,013,1133247,95891,94979,1964,96943,924
2021-09-27,Del Norte,015,27424,3543,3468,32,3500,37
2021-09-27,El Dorado,017,186661,15045,14764,1553,16317,132
2021-09-27,Fresno,019,978130,129674,127475,11597,139072,1942
2021-09-27,Glenn,021,27897,3270,3189,934,4123,26
2021-09-27,Humboldt,023,135768,8300,8118,423,8541,91
2021-09-27,Imperial,025,180216,31795,31491,2953,34444,756
2021-09-27,Inyo,027,18085,1762,1698,32,1730,39
2021-09-27,Kern,029,883053,119156,117064,18764,135828,1503
2021-09-27,Kings,031,150075,29660,28998,1675,30673,297
2021-09-27,Lake,033,64148,6246,6126,121,6247,95
2021-09-27,Lassen,035,31185,6433,6327,291,6618,25
2021-09-27,Los Angeles,037,10098052,1404771,1391538,51108,1442646,26040
2021-09-27,Madera,039,155013,21149,20691,1709,22400,262
2021-09-27,Marin,041,260295,17026,16861,400,17261,242
2021-09-27,Mariposa,043,17540,993,931,33,964,5
2021-09-27,Mendocino,045,87422,6966,6761,371,7132,74
2021-09-27,Merced,047,269075,39244,38840,1521,40361,548
2021-09-27,Modoc,049,8938,475,465,166,631,5
2021-09-27,Mono,051,14174,1554,1525,20,1545,3
2021-09-27,Monterey,053,433212,47701,46811,2590,49401,571
2021-09-27,Napa,055,140530,12455,12354,88,12442,95
2021-09-27,Nevada,057,99092,8517,8379,293,8672,84
2021-09-27,Orange,059,3164182,299047,296334,14037,310371,5409
2021-09-27,Placer,061,380077,34687,34087,3247,37334,370
2021-09-27,Plumas,063,18699,1340,1269,25,1294,6
2021-09-27,Riverside,065,2383286,350595,345529,15793,361322,4864
2021-09-27,Sacramento,067,1510023,150181,149096,3902,152998,2076
2021-09-27,San Benito,069,59416,7041,7017,145,7162,67
2021-09-27,San Bernardino,071,2135413,342634,339952,10583,350535,5544
2021-09-27,San Diego,073,3302833,357349,354755,21036,375791,4054
2021-09-27,San Francisco,075,870044,50867,50157,2143,52300,622
2021-09-27,San Joaquin,077,732212,95193,94085,5019,99104,1633
2021-09-27,San Luis Obispo,079,281455,28217,27674,1120,28794,320
2021-09-27,San Mateo,081,765935,52435,51552,783,52335,571
2021-09-27,Santa Barbara,083,443738,42537,42012,1462,43474,505
2021-09-27,Santa Clara,085,1922200,142016,140802,1110,141912,1853
2021-09-27,Santa Cruz,087,273765,19588,19292,963,20255,214
2021-09-27,Shasta,089,179085,19115,18599,3137,21736,267
2021-09-27,Sierra,091,2930,135,128,13,141,0
2021-09-27,Siskiyou,093,43540,3136,3015,1121,4136,42
2021-09-27,Solano,095,438530,44391,43582,1143,44725,314
2021-09-27,Sonoma,097,501317,39632,39347,485,39832,370
2021-09-27,Stanislaus,099,539301,73599,73370,8225,81595,1091
2021-09-27,Sutter,101,95872,13172,13082,264,13346,155
2021-09-27,Tehama,103,63373,7552,7345,1226,8571,88
2021-09-27,Trinity,105,12862,766,605,195,800,9
2021-09-27,Tulare,107,460477,63213,61708,12958,74666,904
2021-09-27,Tuolumne,109,53932,6396,6264,78,6342,89
2021-09-27,Ventura,111,848112,95326,94477,4122,98599,1138
2021-09-27,Yolo,113,214977,18793,18524,859,19383,239
2021-09-27,Yuba,115,75493,9410,9292,211,9503,64
2021-09-26,Alameda,001,1643700,115077,114601,2565,117166,1326
2021-09-26,Alpine,002,1148,99,101,0,101,0
2021-09-26,Amador,005,37829,5115,5001,50,5051,59
2021-09-26,Butte,007,227075,19076,18634,3518,22152,238
2021-09-26,Calaveras,009,45235,3582,3505,41,3546,70
2021-09-26,Colusa,011,21464,2418,2392,550,2942,18
2021-09-26,Contra Costa,013,1133247,95716,94877,1951,96828,924
2021-09-26,Del Norte,015,27424,3538,3466,31,3497,37
2021-09-26,El Dorado,017,186661,15003,14738,1545,16283,132
2021-09-26,Fresno,019,978130,129317,127235,11551,138786,1939
2021-09-26,Glenn,021,27897,3262,3182,930,4112,26
2021-09-26,Humboldt,023,135768,8263,8098,422,8520,91
2021-09-26,Imperial,025,180216,31735,31462,2952,34414,756
2021-09-26,Inyo,027,18085,1747,1685,32,1717,39
2021-09-26,Kern,029,883053,118817,116927,18654,135581,1502
2021-09-26,Kings,031,150075,29559,28930,1664,30594,293
2021-09-26,Lake,033,64148,6229,6113,121,6234,95
2021-09-26,Lassen,035,31185,6423,6319,286,6605,25
2021-09-26,Los Angeles,037,10098052,1403281,1390577,51041,1441618,26035
2021-09-26,Madera,039,155013,21074,20629,1690,22319,262
2021-09-26,Marin,041,260295,17003,16860,400,17260,242
2021-09-26,Mariposa,043,17540,987,929,33,962,5
2021-09-26,Mendocino,045,87422,6932,6744,356,7100,74
2021-09-26,Merced,047,269075,39083,38717,1513,40230,548
2021-09-26,Modoc,049,8938,475,465,165,630,5
2021-09-26,Mono,051,14174,1550,1516,20,1536,3
2021-09-26,Monterey,053,433212,47654,46792,2577,49369,571
2021-09-26,Napa,055,140530,12431,12340,87,12427,95
2021-09-26,Nevada,057,99092,8486,8356,288,8644,84
2021-09-26,Orange,059,3164182,298704,296085,14002,310087,5409
2021-09-26,Placer,061,380077,34593,34043,3238,37281,370
2021-09-26,Plumas,063,18699,1322,1268,25,1293,6
2021-09-26,Riverside,065,2383286,350063,345257,15779,361036,4864
2021-09-26,Sacramento,067,1510023,149775,148745,3883,152628,2071
2021-09-26,San Benito,069,59416,7024,7012,144,7156,67
2021-09-26,San Bernardino,071,2135413,342175,339771,10569,350340,5545
2021-09-26,San Diego,073,3302833,356727,354414,20995,375409,4051
2021-09-26,San Francisco,075,870044,50741,50092,2134,52226,622
2021-09-26,San Joaquin,077,732212,94989,93935,5005,98940,1633
2021-09-26,San Luis Obispo,079,281455,28144,27624,1115,28739,319
2021-09-26,San Mateo,081,765935,52366,51496,781,52277,571
2021-09-26,Santa Barbara,083,443738,42451,41946,1459,43405,505
2021-09-26,Santa Clara,085,1922200,141815,140667,1107,141774,1852
2021-09-26,Santa Cruz,087,273765,19563,19279,963,20242,214
2021-09-26,Shasta,089,179085,19006,18566,3114,21680,266
2021-09-26,Sierra,091,2930,135,128,13,141,0
2021-09-26,Siskiyou,093,43540,3122,2998,1111,4109,42
2021-09-26,Solano,095,438530,44324,43537,1142,44679,314
2021-09-26,Sonoma,097,501317,39573,39302,485,39787,370
2021-09-26,Stanislaus,099,539301,73399,73243,8197,81440,1091
2021-09-26,Sutter,101,95872,13135,13045,263,13308,155
2021-09-26,Tehama,103,63373,7495,7323,1215,8538,88
2021-09-26,Trinity,105,12862,763,591,195,786,9
2021-09-26,Tulare,107,460477,62993,61560,12881,74441,904
2021-09-26,Tuolumne,109,53932,6368,6236,76,6312,89
2021-09-26,Ventura,111,848112,95212,94391,4115,98506,1138
2021-09-26,Yolo,113,214977,18756,18496,852,19348,239
2021-09-26,Yuba,115,75493,9383,9275,211,9486,64
2021-09-25,Alameda,001,1643700,114998,114014,2562,116576,1324
2021-09-25,Alpine,002,1148,99,101,0,101,0
2021-09-25,Amador,005,37829,5101,4934,50,4984,59
2021-09-25,Butte,007,227075,19047,18396,3510,21906,236
2021-09-25,Calaveras,009,45235,3579,3461,41,3502,70
2021-09-25,Colusa,011,21464,2415,2387,548,2935,16
2021-09-25,Contra Costa,013,1133247,95645,94337,1947,96284,924
2021-09-25,Del Norte,015,27424,3537,3404,31,3435,35
2021-09-25,El Dorado,017,186661,14980,14641,1541,16182,130
2021-09-25,Fresno,019,978130,129173,126299,11535,137834,1927
2021-09-25,Glenn,021,27897,3257,3144,929,4073,25
2021-09-25,Humboldt,023,135768,8244,8014,420,8434,88
2021-09-25,Imperial,025,180216,31708,31280,2952,34232,755
2021-09-25,Inyo,027,18085,1739,1657,32,1689,39
2021-09-25,Kern,029,883053,118662,116021,18587,134608,1485
2021-09-25,Kings,031,150075,29508,28636,1661,30297,293
2021-09-25,Lake,033,64148,6223,6046,120,6166,92
2021-09-25,Lassen,035,31185,6411,6248,285,6533,25
2021-09-25,Los Angeles,037,10098052,1402572,1386417,50999,1437416,25964
2021-09-25,Madera,039,155013,21049,20432,1684,22116,262
2021-09-25,Marin,041,260295,16994,16802,398,17200,242
2021-09-25,Mariposa,043,17540,982,906,33,939,5
2021-09-25,Mendocino,045,87422,6913,6657,355,7012,74
2021-09-25,Merced,047,269075,39037,38393,1511,39904,546
2021-09-25,Modoc,049,8938,475,460,165,625,5
2021-09-25,Mono,051,14174,1547,1501,20,1521,3
2021-09-25,Monterey,053,433212,47624,46653,2575,49228,567
2021-09-25,Napa,055,140530,12411,12266,87,12353,95
2021-09-25,Nevada,057,99092,8469,8285,288,8573,84
2021-09-25,Orange,059,3164182,298531,294514,13983,308497,5374
2021-09-25,Placer,061,380077,34529,33764,3236,37000,367
2021-09-25,Plumas,063,18699,1318,1238,25,1263,6
2021-09-25,Riverside,065,2383286,349740,343463,15771,359234,4843
2021-09-25,Sacramento,067,1510023,149600,147728,3875,151603,2049
2021-09-25,San Benito,069,59416,7019,6965,144,7109,67
2021-09-25,San Bernardino,071,2135413,341937,338413,10556,348969,5540
2021-09-25,San Diego,073,3302833,356382,352017,20969,372986,4039
2021-09-25,San Francisco,075,870044,50697,49840,2133,51973,615
2021-09-25,San Joaquin,077,732212,94903,93273,5003,98276,1628
2021-09-25,San Luis Obispo,079,281455,28106,27447,1111,28558,318
2021-09-25,San Mateo,081,765935,52302,51266,779,52045,568
2021-09-25,Santa Barbara,083,443738,42393,41728,1459,43187,505
2021-09-25,Santa Clara,085,1922200,141708,140023,1105,141128,1844
2021-09-25,Santa Cruz,087,273765,19547,19200,961,20161,214
2021-09-25,Shasta,089,179085,18955,18256,3105,21361,262
2021-09-25,Sierra,091,2930,134,127,13,140,0
2021-09-25,Siskiyou,093,43540,3115,2956,1101,4057,41
2021-09-25,Solano,095,438530,44283,43331,1139,44470,312
2021-09-25,Sonoma,097,501317,39533,39112,485,39597,369
2021-09-25,Stanislaus,099,539301,73289,72628,8183,80811,1091
2021-09-25,Sutter,101,95872,13117,12976,260,13236,154
2021-09-25,Tehama,103,63373,7479,7200,1213,8413,86
2021-09-25,Trinity,105,12862,763,576,195,771,9
2021-09-25,Tulare,107,460477,62910,60909,12838,73747,898
2021-09-25,Tuolumne,109,53932,6356,6168,76,6244,89
2021-09-25,Ventura,111,848112,95145,94059,4111,98170,1129
2021-09-25,Yolo,113,214977,18734,18393,851,19244,239
2021-09-25,Yuba,115,75493,9363,9191,211,9402,61
2021-09-24,Alameda,001,1643700,114893,114014,2558,116572,1324
2021-09-24,Alpine,002,1148,99,101,0,101,0
2021-09-24,Amador,005,37829,5071,4934,50,4984,59
2021-09-24,Butte,007,227075,18995,18396,3499,21895,236
2021-09-24,Calaveras,009,45235,3572,3461,40,3501,70
2021-09-24,Colusa,011,21464,2412,2387,547,2934,16
2021-09-24,Contra Costa,013,1133247,95535,94337,1943,96280,924
2021-09-24,Del Norte,015,27424,3534,3404,31,3435,35
2021-09-24,El Dorado,017,186661,14962,14641,1539,16180,130
2021-09-24,Fresno,019,978130,128975,126299,11523,137822,1927
2021-09-24,Glenn,021,27897,3249,3144,929,4073,25
2021-09-24,Humboldt,023,135768,8225,8014,417,8431,88
2021-09-24,Imperial,025,180216,31670,31280,2950,34230,755
2021-09-24,Inyo,027,18085,1730,1657,32,1689,39
2021-09-24,Kern,029,883053,118526,116021,18521,134542,1485
2021-09-24,Kings,031,150075,29467,28636,1657,30293,293
2021-09-24,Lake,033,64148,6215,6046,120,6166,92
2021-09-24,Lassen,035,31185,6403,6248,284,6532,25
2021-09-24,Los Angeles,037,10098052,1401685,1386417,50958,1437375,25964
2021-09-24,Madera,039,155013,21018,20432,1675,22107,262
2021-09-24,Marin,041,260295,16980,16802,397,17199,242
2021-09-24,Mariposa,043,17540,970,906,33,939,5
2021-09-24,Mendocino,045,87422,6900,6657,355,7012,74
2021-09-24,Merced,047,269075,38993,38393,1511,39904,546
2021-09-24,Modoc,049,8938,475,460,164,624,5
2021-09-24,Mono,051,14174,1542,1501,20,1521,3
2021-09-24,Monterey,053,433212,47603,46653,2567,49220,567
2021-09-24,Napa,055,140530,12391,12266,87,12353,95
2021-09-24,Nevada,057,99092,8455,8285,285,8570,84
2021-09-24,Orange,059,3164182,298324,294514,13962,308476,5374
2021-09-24,Placer,061,380077,34474,33764,3224,36988,367
2021-09-24,Plumas,063,18699,1314,1238,25,1263,6
2021-09-24,Riverside,065,2383286,349406,343463,15764,359227,4843
2021-09-24,Sacramento,067,1510023,149414,147728,3871,151599,2049
2021-09-24,San Benito,069,59416,7013,6965,144,7109,67
2021-09-24,San Bernardino,071,2135413,341668,338413,10546,348959,5540
2021-09-24,San Diego,073,3302833,356031,352017,20954,372971,4039
2021-09-24,San Francisco,075,870044,50633,49840,2126,51966,615
2021-09-24,San Joaquin,077,732212,94790,93273,5001,98274,1628
2021-09-24,San Luis Obispo,079,281455,28074,27447,1107,28554,318
2021-09-24,San Mateo,081,765935,52242,51266,778,52044,568
2021-09-24,Santa Barbara,083,443738,42353,41728,1458,43186,505
2021-09-24,Santa Clara,085,1922200,141595,140023,1104,141127,1844
2021-09-24,Santa Cruz,087,273765,19524,19200,960,20160,214
2021-09-24,Shasta,089,179085,18901,18256,3091,21347,262
2021-09-24,Sierra,091,2930,133,127,13,140,0
2021-09-24,Siskiyou,093,43540,3106,2956,1095,4051,41
2021-09-24,Solano,095,438530,44245,43331,1137,44468,312
2021-09-24,Sonoma,097,501317,39500,39112,485,39597,369
2021-09-24,Stanislaus,099,539301,73174,72628,8168,80796,1091
2021-09-24,Sutter,101,95872,13098,12976,259,13235,154
2021-09-24,Tehama,103,63373,7466,7200,1208,8408,86
2021-09-24,Trinity,105,12862,760,576,195,771,9
2021-09-24,Tulare,107,460477,62821,60909,12796,73705,898
2021-09-24,Tuolumne,109,53932,6327,6168,76,6244,89
2021-09-24,Ventura,111,848112,95067,94059,4104,98163,1129
2021-09-24,Yolo,113,214977,18703,18393,847,19240,239
2021-09-24,Yuba,115,75493,9344,9191,211,9402,61
2021-09-23,Alameda,001,1643700,114736,114014,2552,116566,1324
2021-09-23,Alpine,002,1148,99,101,0,101,0
2021-09-23,Amador,005,37829,5058,4934,50,4984,59
2021-09-23,Butte,007,227075,18933,18396,3468,21864,236
2021-09-23,Calaveras,009,45235,3551,3461,40,3501,70
2021-09-23,Colusa,011,21464,2410,2387,544,2931,16
2021-09-23,Contra Costa,013,1133247,95394,94337,1936,96273,924
2021-09-23,Del Norte,015,27424,3525,3404,30,3434,35
2021-09-23,El Dorado,017,186661,14936,14641,1533,16174,130
2021-09-23,Fresno,019,978130,128678,126299,11504,137803,1927
2021-09-23,Glenn,021,27897,3235,3144,926,4070,25
2021-09-23,Humboldt,023,135768,8202,8014,415,8429,88
2021-09-23,Imperial,025,180216,31634,31280,2950,34230,755
2021-09-23,Inyo,027,18085,1716,1657,32,1689,39
2021-09-23,Kern,029,883053,118268,116021,18441,134462,1485
2021-09-23,Kings,031,150075,29363,28636,1648,30284,293
2021-09-23,Lake,033,64148,6205,6046,120,6166,92
2021-09-23,Lassen,035,31185,6394,6248,279,6527,25
2021-09-23,Los Angeles,037,10098052,1400488,1386417,50894,1437311,25964
2021-09-23,Madera,039,155013,20934,20432,1671,22103,262
2021-09-23,Marin,041,260295,16965,16802,394,17196,242
2021-09-23,Mariposa,043,17540,957,906,33,939,5
2021-09-23,Mendocino,045,87422,6877,6657,350,7007,74
2021-09-23,Merced,047,269075,38888,38393,1504,39897,546
2021-09-23,Modoc,049,8938,474,460,164,624,5
2021-09-23,Mono,051,14174,1539,1501,20,1521,3
2021-09-23,Monterey,053,433212,47554,46653,2556,49209,567
2021-09-23,Napa,055,140530,12374,12266,87,12353,95
2021-09-23,Nevada,057,99092,8428,8285,285,8570,84
2021-09-23,Orange,059,3164182,298027,294514,13934,308448,5374
2021-09-23,Placer,061,380077,34398,33764,3218,36982,367
2021-09-23,Plumas,063,18699,1297,1238,24,1262,6
2021-09-23,Riverside,065,2383286,348953,343463,15757,359220,4843
2021-09-23,Sacramento,067,1510023,149091,147728,3852,151580,2049
2021-09-23,San Benito,069,59416,7002,6965,144,7109,67
2021-09-23,San Bernardino,071,2135413,341302,338413,10529,348942,5540
2021-09-23,San Diego,073,3302833,355575,352017,20915,372932,4039
2021-09-23,San Francisco,075,870044,50560,49840,2124,51964,615
2021-09-23,San Joaquin,077,732212,94617,93273,4986,98259,1628
2021-09-23,San Luis Obispo,079,281455,28031,27447,1105,28552,318
2021-09-23,San Mateo,081,765935,52167,51266,777,52043,568
2021-09-23,Santa Barbara,083,443738,42275,41728,1455,43183,505
2021-09-23,Santa Clara,085,1922200,141443,140023,1097,141120,1844
2021-09-23,Santa Cruz,087,273765,19493,19200,960,20160,214
2021-09-23,Shasta,089,179085,18821,18256,3074,21330,262
2021-09-23,Sierra,091,2930,133,127,13,140,0
2021-09-23,Siskiyou,093,43540,3102,2956,1084,4040,41
2021-09-23,Solano,095,438530,44177,43331,1134,44465,312
2021-09-23,Sonoma,097,501317,39441,39112,482,39594,369
2021-09-23,Stanislaus,099,539301,73018,72628,8136,80764,1091
2021-09-23,Sutter,101,95872,13069,12976,259,13235,154
2021-09-23,Tehama,103,63373,7425,7200,1203,8403,86
2021-09-23,Trinity,105,12862,746,576,194,770,9
2021-09-23,Tulare,107,460477,62644,60909,12742,73651,898
2021-09-23,Tuolumne,109,53932,6302,6168,75,6243,89
2021-09-23,Ventura,111,848112,94963,94059,4097,98156,1129
2021-09-23,Yolo,113,214977,18672,18393,843,19236,239
2021-09-23,Yuba,115,75493,9315,9191,210,9401,61
2021-09-22,Alameda,001,1643700,114581,113862,2548,116410,1322
2021-09-22,Alpine,002,1148,99,100,0,100,0
2021-09-22,Amador,005,37829,5042,4915,50,4965,59
2021-09-22,Butte,007,227075,18873,18337,3450,21787,235
2021-09-22,Calaveras,009,45235,3535,3448,40,3488,70
2021-09-22,Colusa,011,21464,2405,2384,543,2927,16
2021-09-22,Contra Costa,013,1133247,95207,94209,1927,96136,924
2021-09-22,Del Norte,015,27424,3514,3386,29,3415,35
2021-09-22,El Dorado,017,186661,14900,14605,1527,16132,127
2021-09-22,Fresno,019,978130,128422,126006,11489,137495,1908
2021-09-22,Glenn,021,27897,3228,3138,925,4063,25
2021-09-22,Humboldt,023,135768,8180,7998,407,8405,80
2021-09-22,Imperial,025,180216,31582,31243,2943,34186,755
2021-09-22,Inyo,027,18085,1706,1651,32,1683,39
2021-09-22,Kern,029,883053,118026,115757,18319,134076,1477
2021-09-22,Kings,031,150075,29278,28589,1642,30231,292
2021-09-22,Lake,033,64148,6193,6035,120,6155,93
2021-09-22,Lassen,035,31185,6374,6209,275,6484,25
2021-09-22,Los Angeles,037,10098052,1399165,1384719,50839,1435558,25930
2021-09-22,Madera,039,155013,20877,20382,1661,22043,262
2021-09-22,Marin,041,260295,16954,16782,391,17173,242
2021-09-22,Mariposa,043,17540,951,901,33,934,5
2021-09-22,Mendocino,045,87422,6851,6624,344,6968,70
2021-09-22,Merced,047,269075,38757,38305,1502,39807,541
2021-09-22,Modoc,049,8938,471,458,164,622,5
2021-09-22,Mono,051,14174,1530,1496,19,1515,3
2021-09-22,Monterey,053,433212,47503,46615,2549,49164,566
2021-09-22,Napa,055,140530,12352,12248,86,12334,95
2021-09-22,Nevada,057,99092,8405,8273,282,8555,84
2021-09-22,Orange,059,3164182,297751,294214,13915,308129,5366
2021-09-22,Placer,061,380077,34310,33661,3205,36866,367
2021-09-22,Plumas,063,18699,1284,1230,24,1254,6
2021-09-22,Riverside,065,2383286,348418,342946,15732,358678,4830
2021-09-22,Sacramento,067,1510023,148786,147533,3823,151356,2043
2021-09-22,San Benito,069,59416,6991,6961,142,7103,67
2021-09-22,San Bernardino,071,2135413,340908,337938,10520,348458,5528
2021-09-22,San Diego,073,3302833,355124,351132,20891,372023,4027
2021-09-22,San Francisco,075,870044,50475,49734,2119,51853,610
2021-09-22,San Joaquin,077,732212,94385,93010,4962,97972,1626
2021-09-22,San Luis Obispo,079,281455,27981,27398,1101,28499,315
2021-09-22,San Mateo,081,765935,52094,51197,773,51970,568
2021-09-22,Santa Barbara,083,443738,42212,41678,1454,43132,504
2021-09-22,Santa Clara,085,1922200,141278,139803,1090,140893,1844
2021-09-22,Santa Cruz,087,273765,19455,19177,959,20136,214
2021-09-22,Shasta,089,179085,18731,18153,3063,21216,260
2021-09-22,Sierra,091,2930,133,127,13,140,0
2021-09-22,Siskiyou,093,43540,3085,2947,1074,4021,41
2021-09-22,Solano,095,438530,44111,43269,1134,44403,312
2021-09-22,Sonoma,097,501317,39388,39063,481,39544,369
2021-09-22,Stanislaus,099,539301,72853,72355,8117,80472,1091
2021-09-22,Sutter,101,95872,13049,12960,256,13216,153
2021-09-22,Tehama,103,63373,7398,7173,1200,8373,86
2021-09-22,Trinity,105,12862,745,572,194,766,9
2021-09-22,Tulare,107,460477,62433,60776,12673,73449,896
2021-09-22,Tuolumne,109,53932,6281,6155,74,6229,89
2021-09-22,Ventura,111,848112,94857,93978,4092,98070,1122
2021-09-22,Yolo,113,214977,18633,18342,836,19178,239
2021-09-22,Yuba,115,75493,9286,9169,205,9374,61
2021-09-21,Alameda,001,1643700,114428,113765,2548,116313,1321
2021-09-21,Alpine,002,1148,99,100,0,100,0
2021-09-21,Amador,005,37829,5020,4897,50,4947,59
2021-09-21,Butte,007,227075,18777,18229,3406,21635,232
2021-09-21,Calaveras,009,45235,3518,3437,40,3477,70
2021-09-21,Colusa,011,21464,2402,2378,542,2920,16
2021-09-21,Contra Costa,013,1133247,95013,94101,1913,96014,924
2021-09-21,Del Norte,015,27424,3502,3378,29,3407,34
2021-09-21,El Dorado,017,186661,14870,14578,1520,16098,127
2021-09-21,Fresno,019,978130,128070,125789,11462,137251,1892
2021-09-21,Glenn,021,27897,3221,3134,921,4055,25
2021-09-21,Humboldt,023,135768,8148,7955,402,8357,80
2021-09-21,Imperial,025,180216,31525,31185,2941,34126,755
2021-09-21,Inyo,027,18085,1696,1646,32,1678,39
2021-09-21,Kern,029,883053,117733,115534,18206,133740,1467
2021-09-21,Kings,031,150075,29190,28545,1634,30179,291
2021-09-21,Lake,033,64148,6170,6013,120,6133,90
2021-09-21,Lassen,035,31185,6356,6159,271,6430,25
2021-09-21,Los Angeles,037,10098052,1397709,1383277,50785,1434062,25893
2021-09-21,Madera,039,155013,20817,20317,1651,21968,262
2021-09-21,Marin,041,260295,16939,16748,390,17138,242
2021-09-21,Mariposa,043,17540,946,894,32,926,5
2021-09-21,Mendocino,045,87422,6813,6580,333,6913,68
2021-09-21,Merced,047,269075,38631,38225,1498,39723,539
2021-09-21,Modoc,049,8938,468,458,164,622,5
2021-09-21,Mono,051,14174,1528,1495,18,1513,3
2021-09-21,Monterey,053,433212,47435,46583,2537,49120,565
2021-09-21,Napa,055,140530,12331,12238,86,12324,95
2021-09-21,Nevada,057,99092,8378,8259,274,8533,84
2021-09-21,Orange,059,3164182,297419,293898,13885,307783,5357
2021-09-21,Placer,061,380077,34209,33609,3194,36803,365
2021-09-21,Plumas,063,18699,1277,1225,24,1249,5
2021-09-21,Riverside,065,2383286,347859,342460,15708,358168,4817
2021-09-21,Sacramento,067,1510023,148405,147378,3795,151173,2027
2021-09-21,San Benito,069,59416,6980,6950,141,7091,67
2021-09-21,San Bernardino,071,2135413,340468,337387,10503,347890,5520
2021-09-21,San Diego,073,3302833,354518,350265,20865,371130,4021
2021-09-21,San Francisco,075,870044,50377,49653,2115,51768,609
2021-09-21,San Joaquin,077,732212,94151,92762,4951,97713,1621
2021-09-21,San Luis Obispo,079,281455,27921,27318,1098,28416,314
2021-09-21,San Mateo,081,765935,52025,51136,773,51909,568
2021-09-21,Santa Barbara,083,443738,42143,41644,1450,43094,503
2021-09-21,Santa Clara,085,1922200,141061,139657,1086,140743,1843
2021-09-21,Santa Cruz,087,273765,19425,19140,958,20098,212
2021-09-21,Shasta,089,179085,18603,18027,3039,21066,258
2021-09-21,Sierra,091,2930,133,127,13,140,0
2021-09-21,Siskiyou,093,43540,3071,2927,1060,3987,36
2021-09-21,Solano,095,438530,44035,43220,1134,44354,311
2021-09-21,Sonoma,097,501317,39335,39042,481,39523,369
2021-09-21,Stanislaus,099,539301,72669,72211,8097,80308,1091
2021-09-21,Sutter,101,95872,13026,12930,253,13183,153
2021-09-21,Tehama,103,63373,7352,7151,1196,8347,85
2021-09-21,Trinity,105,12862,734,572,192,764,9
2021-09-21,Tulare,107,460477,62218,60607,12612,73219,896
2021-09-21,Tuolumne,109,53932,6248,6139,74,6213,89
2021-09-21,Ventura,111,848112,94752,93818,4084,97902,1120
2021-09-21,Yolo,113,214977,18597,18313,833,19146,239
2021-09-21,Yuba,115,75493,9258,9135,205,9340,61
2021-09-20,Alameda,001,1643700,114247,113637,2544,116181,1320
2021-09-20,Alpine,002,1148,99,100,0,100,0
2021-09-20,Amador,005,37829,5002,4883,49,4932,59
2021-09-20,Butte,007,227075,18696,18135,3390,21525,231
2021-09-20,Calaveras,009,45235,3496,3395,39,3434,66
2021-09-20,Colusa,011,21464,2400,2376,539,2915,16
2021-09-20,Contra Costa,013,1133247,94864,93919,1907,95826,924
2021-09-20,Del Norte,015,27424,3494,3374,28,3402,34
2021-09-20,El Dorado,017,186661,14837,14545,1508,16053,127
2021-09-20,Fresno,019,978130,127656,125287,11436,136723,1889
2021-09-20,Glenn,021,27897,3210,3112,918,4030,25
2021-09-20,Humboldt,023,135768,8113,7938,397,8335,80
2021-09-20,Imperial,025,180216,31442,31146,2940,34086,755
2021-09-20,Inyo,027,18085,1688,1641,31,1672,39
2021-09-20,Kern,029,883053,117394,115271,18075,133346,1459
2021-09-20,Kings,031,150075,29103,28471,1628,30099,285
2021-09-20,Lake,033,64148,6155,5984,119,6103,87
2021-09-20,Lassen,035,31185,6326,6132,271,6403,25
2021-09-20,Los Angeles,037,10098052,1396186,1382206,50705,1432911,25858
2021-09-20,Madera,039,155013,20764,20203,1644,21847,257
2021-09-20,Marin,041,260295,16914,16732,388,17120,242
2021-09-20,Mariposa,043,17540,935,887,32,919,5
2021-09-20,Mendocino,045,87422,6779,6568,328,6896,67
2021-09-20,Merced,047,269075,38520,38144,1487,39631,536
2021-09-20,Modoc,049,8938,467,457,162,619,5
2021-09-20,Mono,051,14174,1522,1480,18,1498,3
2021-09-20,Monterey,053,433212,47393,46506,2519,49025,565
2021-09-20,Napa,055,140530,12306,12209,85,12294,95
2021-09-20,Nevada,057,99092,8358,8228,272,8500,84
2021-09-20,Orange,059,3164182,297075,293642,13858,307500,5354
2021-09-20,Placer,061,380077,34119,33531,3179,36710,364
2021-09-20,Plumas,063,18699,1272,1211,24,1235,5
2021-09-20,Riverside,065,2383286,347358,341961,15695,357656,4802
2021-09-20,Sacramento,067,1510023,148032,147016,3761,150777,2016
2021-09-20,San Benito,069,59416,6971,6947,140,7087,67
2021-09-20,San Bernardino,071,2135413,340065,337059,10487,347546,5507
2021-09-20,San Diego,073,3302833,353845,349579,20828,370407,4009
2021-09-20,San Francisco,075,870044,50271,49559,2114,51673,605
2021-09-20,San Joaquin,077,732212,93908,92614,4938,97552,1615
2021-09-20,San Luis Obispo,079,281455,27845,27259,1090,28349,313
2021-09-20,San Mateo,081,765935,51938,51100,770,51870,567
2021-09-20,Santa Barbara,083,443738,42044,41589,1446,43035,500
2021-09-20,Santa Clara,085,1922200,140861,139578,1084,140662,1841
2021-09-20,Santa Cruz,087,273765,19393,19121,958,20079,211
2021-09-20,Shasta,089,179085,18504,17893,3009,20902,258
2021-09-20,Sierra,091,2930,131,126,13,139,0
2021-09-20,Siskiyou,093,43540,3049,2902,1047,3949,35
2021-09-20,Solano,095,438530,43967,43152,1126,44278,312
2021-09-20,Sonoma,097,501317,39289,38991,481,39472,369
2021-09-20,Stanislaus,099,539301,72470,72031,8078,80109,1091
2021-09-20,Sutter,101,95872,12990,12896,248,13144,153
2021-09-20,Tehama,103,63373,7320,7121,1184,8305,84
2021-09-20,Trinity,105,12862,728,568,191,759,7
2021-09-20,Tulare,107,460477,62016,60302,12559,72861,896
2021-09-20,Tuolumne,109,53932,6222,6113,74,6187,89
2021-09-20,Ventura,111,848112,94639,93700,4078,97778,1120
2021-09-20,Yolo,113,214977,18551,18287,831,19118,239
2021-09-20,Yuba,115,75493,9223,9107,203,9310,61
2021-09-19,Alameda,001,1643700,114034,113446,2539,115985,1320
2021-09-19,Alpine,002,1148,99,100,0,100,0
2021-09-19,Amador,005,37829,4962,4875,48,4923,59
2021-09-19,Butte,007,227075,18604,18063,3362,21425,230
2021-09-19,Calaveras,009,45235,3472,3390,36,3426,66
2021-09-19,Colusa,011,21464,2398,2375,537,2912,16
2021-09-19,Contra Costa,013,1133247,94678,93788,1897,95685,924
2021-09-19,Del Norte,015,27424,3468,3344,27,3371,34
2021-09-19,El Dorado,017,186661,14784,14512,1502,16014,127
2021-09-19,Fresno,019,978130,127251,124985,11391,136376,1888
2021-09-19,Glenn,021,27897,3201,3102,915,4017,25
2021-09-19,Humboldt,023,135768,8067,7914,395,8309,80
2021-09-19,Imperial,025,180216,31373,31122,2937,34059,755
2021-09-19,Inyo,027,18085,1679,1639,31,1670,39
2021-09-19,Kern,029,883053,117082,115074,17969,133043,1459
2021-09-19,Kings,031,150075,28976,28416,1619,30035,284
2021-09-19,Lake,033,64148,6124,5962,119,6081,87
2021-09-19,Lassen,035,31185,6306,6129,265,6394,25
2021-09-19,Los Angeles,037,10098052,1394205,1381200,50611,1431811,25852
2021-09-19,Madera,039,155013,20686,20161,1634,21795,257
2021-09-19,Marin,041,260295,16885,16711,386,17097,242
2021-09-19,Mariposa,043,17540,927,881,32,913,5
2021-09-19,Mendocino,045,87422,6734,6538,322,6860,67
2021-09-19,Merced,047,269075,38363,38068,1478,39546,535
2021-09-19,Modoc,049,8938,464,457,160,617,5
2021-09-19,Mono,051,14174,1517,1480,18,1498,3
2021-09-19,Monterey,053,433212,47338,46486,2516,49002,565
2021-09-19,Napa,055,140530,12285,12190,83,12273,95
2021-09-19,Nevada,057,99092,8330,8203,270,8473,84
2021-09-19,Orange,059,3164182,296706,293258,13836,307094,5354
2021-09-19,Placer,061,380077,34006,33406,3161,36567,364
2021-09-19,Plumas,063,18699,1264,1211,24,1235,5
2021-09-19,Riverside,065,2383286,346765,341566,15686,357252,4804
2021-09-19,Sacramento,067,1510023,147669,146603,3715,150318,2012
2021-09-19,San Benito,069,59416,6952,6942,140,7082,67
2021-09-19,San Bernardino,071,2135413,339569,336688,10475,347163,5506
2021-09-19,San Diego,073,3302833,353141,349225,20791,370016,4006
2021-09-19,San Francisco,075,870044,50163,49458,2105,51563,605
2021-09-19,San Joaquin,077,732212,93612,92467,4927,97394,1615
2021-09-19,San Luis Obispo,079,281455,27744,27208,1081,28289,313
2021-09-19,San Mateo,081,765935,51840,51028,769,51797,567
2021-09-19,Santa Barbara,083,443738,41938,41512,1446,42958,500
2021-09-19,Santa Clara,085,1922200,140674,139410,1079,140489,1841
2021-09-19,Santa Cruz,087,273765,19354,19096,958,20054,211
2021-09-19,Shasta,089,179085,18390,17813,2974,20787,258
2021-09-19,Sierra,091,2930,130,126,13,139,0
2021-09-19,Siskiyou,093,43540,3023,2882,1038,3920,35
2021-09-19,Solano,095,438530,43878,43056,1121,44177,312
2021-09-19,Sonoma,097,501317,39218,38956,477,39433,369
2021-09-19,Stanislaus,099,539301,72225,71830,8053,79883,1091
2021-09-19,Sutter,101,95872,12963,12868,241,13109,153
2021-09-19,Tehama,103,63373,7266,7081,1175,8256,84
2021-09-19,Trinity,105,12862,717,562,189,751,7
2021-09-19,Tulare,107,460477,61755,60160,12466,72626,896
2021-09-19,Tuolumne,109,53932,6181,6097,74,6171,89
2021-09-19,Ventura,111,848112,94477,93491,4069,97560,1120
2021-09-19,Yolo,113,214977,18502,18238,826,19064,239
2021-09-19,Yuba,115,75493,9197,9087,202,9289,61
2021-09-18,Alameda,001,1643700,113934,113300,2538,115838,1320
2021-09-18,Alpine,002,1148,99,100,0,100,0
2021-09-18,Amador,005,37829,4952,4850,48,4898,59
2021-09-18,Butte,007,227075,18565,17961,3346,21307,230
2021-09-18,Calaveras,009,45235,3467,3361,35,3396,66
2021-09-18,Colusa,011,21464,2398,2373,536,2909,16
2021-09-18,Contra Costa,013,1133247,94588,93656,1893,95549,924
2021-09-18,Del Norte,015,27424,3460,3326,25,3351,34
2021-09-18,El Dorado,017,186661,14761,14472,1499,15971,127
2021-09-18,Fresno,019,978130,127109,124771,11373,136144,1889
2021-09-18,Glenn,021,27897,3192,3086,912,3998,25
2021-09-18,Humboldt,023,135768,8053,7881,394,8275,80
2021-09-18,Imperial,025,180216,31349,31096,2936,34032,755
2021-09-18,Inyo,027,18085,1673,1636,31,1667,39
2021-09-18,Kern,029,883053,116927,114781,17905,132686,1459
2021-09-18,Kings,031,150075,28928,28330,1614,29944,285
2021-09-18,Lake,033,64148,6107,5936,119,6055,87
2021-09-18,Lassen,035,31185,6296,6121,263,6384,25
2021-09-18,Los Angeles,037,10098052,1393442,1379880,50561,1430441,25849
2021-09-18,Madera,039,155013,20642,20126,1624,21750,257
2021-09-18,Marin,041,260295,16868,16685,385,17070,242
2021-09-18,Mariposa,043,17540,924,871,32,903,5
2021-09-18,Mendocino,045,87422,6713,6523,322,6845,67
2021-09-18,Merced,047,269075,38327,37977,1472,39449,535
2021-09-18,Modoc,049,8938,464,457,159,616,5
2021-09-18,Mono,051,14174,1514,1480,18,1498,3
2021-09-18,Monterey,053,433212,47300,46466,2513,48979,565
2021-09-18,Napa,055,140530,12273,12168,83,12251,95
2021-09-18,Nevada,057,99092,8313,8183,270,8453,84
2021-09-18,Orange,059,3164182,296512,293005,13822,306827,5354
2021-09-18,Placer,061,380077,33934,33309,3158,36467,364
2021-09-18,Plumas,063,18699,1263,1204,24,1228,5
2021-09-18,Riverside,065,2383286,346380,341136,15672,356808,4802
2021-09-18,Sacramento,067,1510023,147486,146162,3706,149868,2016
2021-09-18,San Benito,069,59416,6948,6937,140,7077,67
2021-09-18,San Bernardino,071,2135413,339295,336380,10462,346842,5501
2021-09-18,San Diego,073,3302833,352750,348848,20778,369626,4006
2021-09-18,San Francisco,075,870044,50100,49359,2100,51459,605
2021-09-18,San Joaquin,077,732212,93502,92242,4915,97157,1615
2021-09-18,San Luis Obispo,079,281455,27707,27181,1078,28259,313
2021-09-18,San Mateo,081,765935,51790,50961,767,51728,567
2021-09-18,Santa Barbara,083,443738,41873,41465,1446,42911,500
2021-09-18,Santa Clara,085,1922200,140554,139233,1076,140309,1841
2021-09-18,Santa Cruz,087,273765,19334,19079,958,20037,211
2021-09-18,Shasta,089,179085,18327,17777,2958,20735,258
2021-09-18,Sierra,091,2930,129,125,13,138,0
2021-09-18,Siskiyou,093,43540,3020,2875,1032,3907,35
2021-09-18,Solano,095,438530,43838,42966,1118,44084,312
2021-09-18,Sonoma,097,501317,39183,38891,475,39366,369
2021-09-18,Stanislaus,099,539301,72080,71587,8031,79618,1091
2021-09-18,Sutter,101,95872,12949,12829,241,13070,153
2021-09-18,Tehama,103,63373,7252,7055,1168,8223,84
2021-09-18,Trinity,105,12862,715,561,189,750,7
2021-09-18,Tulare,107,460477,61679,60003,12416,72419,896
2021-09-18,Tuolumne,109,53932,6166,6069,74,6143,89
2021-09-18,Ventura,111,848112,94409,93424,4064,97488,1120
2021-09-18,Yolo,113,214977,18474,18213,822,19035,239
2021-09-18,Yuba,115,75493,9183,9061,201,9262,61
2021-09-17,Alameda,001,1643700,113808,113070,2536,115606,1320
2021-09-17,Alpine,002,1148,99,99,0,99,0
2021-09-17,Amador,005,37829,4936,4835,47,4882,58
2021-09-17,Butte,007,227075,18513,17870,3334,21204,230
2021-09-17,Calaveras,009,45235,3455,3338,34,3372,66
2021-09-17,Colusa,011,21464,2397,2369,531,2900,16
2021-09-17,Contra Costa,013,1133247,94485,93485,1890,95375,924
2021-09-17,Del Norte,015,27424,3455,3311,23,3334,34
2021-09-17,El Dorado,017,186661,14742,14421,1497,15918,127
2021-09-17,Fresno,019,978130,126890,124296,11357,135653,1882
2021-09-17,Glenn,021,27897,3175,3072,908,3980,25
2021-09-17,Humboldt,023,135768,8032,7850,394,8244,80
2021-09-17,Imperial,025,180216,31323,31031,2935,33966,755
2021-09-17,Inyo,027,18085,1665,1634,31,1665,39
2021-09-17,Kern,029,883053,116736,114303,17808,132111,1456
2021-09-17,Kings,031,150075,28863,28240,1612,29852,281
2021-09-17,Lake,033,64148,6094,5915,119,6034,87
2021-09-17,Lassen,035,31185,6281,6080,261,6341,25
2021-09-17,Los Angeles,037,10098052,1392463,1377905,50495,1428400,25820
2021-09-17,Madera,039,155013,20592,20040,1612,21652,257
2021-09-17,Marin,041,260295,16855,16658,383,17041,242
2021-09-17,Mariposa,043,17540,922,869,32,901,5
2021-09-17,Mendocino,045,87422,6694,6498,322,6820,67
2021-09-17,Merced,047,269075,38281,37803,1470,39273,533
2021-09-17,Modoc,049,8938,464,456,159,615,5
2021-09-17,Mono,051,14174,1510,1457,18,1475,3
2021-09-17,Monterey,053,433212,47277,46421,2512,48933,564
2021-09-17,Napa,055,140530,12252,12153,83,12236,95
2021-09-17,Nevada,057,99092,8298,8157,270,8427,84
2021-09-17,Orange,059,3164182,296293,292685,13804,306489,5346
2021-09-17,Placer,061,380077,33874,33188,3148,36336,362
2021-09-17,Plumas,063,18699,1254,1192,23,1215,5
2021-09-17,Riverside,065,2383286,345980,340445,15661,356106,4792
2021-09-17,Sacramento,067,1510023,147286,145985,3695,149680,1999
2021-09-17,San Benito,069,59416,6945,6929,140,7069,67
2021-09-17,San Bernardino,071,2135413,338935,335810,10455,346265,5488
2021-09-17,San Diego,073,3302833,352327,348098,20761,368859,4002
2021-09-17,San Francisco,075,870044,50049,49249,2095,51344,605
2021-09-17,San Joaquin,077,732212,93364,91977,4904,96881,1610
2021-09-17,San Luis Obispo,079,281455,27673,27102,1067,28169,311
2021-09-17,San Mateo,081,765935,51737,50854,766,51620,564
2021-09-17,Santa Barbara,083,443738,41810,41354,1445,42799,498
2021-09-17,Santa Clara,085,1922200,140405,138939,1075,140014,1838
2021-09-17,Santa Cruz,087,273765,19310,19039,958,19997,211
2021-09-17,Shasta,089,179085,18257,17617,2945,20562,254
2021-09-17,Sierra,091,2930,129,124,13,137,0
2021-09-17,Siskiyou,093,43540,3005,2852,1032,3884,35
2021-09-17,Solano,095,438530,43775,42898,1114,44012,312
2021-09-17,Sonoma,097,501317,39146,38808,474,39282,369
2021-09-17,Stanislaus,099,539301,71973,71408,8013,79421,1091
2021-09-17,Sutter,101,95872,12933,12799,238,13037,153
2021-09-17,Tehama,103,63373,7229,7020,1156,8176,84
2021-09-17,Trinity,105,12862,710,556,188,744,7
2021-09-17,Tulare,107,460477,61564,59689,12381,72070,895
2021-09-17,Tuolumne,109,53932,6147,6047,74,6121,89
2021-09-17,Ventura,111,848112,94297,93273,4062,97335,1116
2021-09-17,Yolo,113,214977,18443,18177,818,18995,239
2021-09-17,Yuba,115,75493,9156,9019,200,9219,61
2021-09-16,Alameda,001,1643700,113631,112770,2533,115303,1318
2021-09-16,Alpine,002,1148,99,99,0,99,0
2021-09-16,Amador,005,37829,4916,4819,47,4866,58
2021-09-16,Butte,007,227075,18438,17750,3318,21068,230
2021-09-16,Calaveras,009,45235,3424,3313,34,3347,66
2021-09-16,Colusa,011,21464,2395,2363,529,2892,16
2021-09-16,Contra Costa,013,1133247,94313,93213,1882,95095,917
2021-09-16,Del Norte,015,27424,3437,3285,23,3308,34
2021-09-16,El Dorado,017,186661,14701,14372,1489,15861,127
2021-09-16,Fresno,019,978130,126534,123853,11316,135169,1868
2021-09-16,Glenn,021,27897,3165,3068,906,3974,24
2021-09-16,Humboldt,023,135768,7999,7809,386,8195,80
2021-09-16,Imperial,025,180216,31280,30966,2927,33893,753
2021-09-16,Inyo,027,18085,1663,1623,31,1654,39
2021-09-16,Kern,029,883053,116464,113828,17741,131569,1448
2021-09-16,Kings,031,150075,28777,28114,1604,29718,280
2021-09-16,Lake,033,64148,6070,5890,116,6006,87
2021-09-16,Lassen,035,31185,6246,6028,256,6284,25
2021-09-16,Los Angeles,037,10098052,1391071,1376277,50430,1426707,25796
2021-09-16,Madera,039,155013,20514,19974,1607,21581,257
2021-09-16,Marin,041,260295,16828,16625,382,17007,242
2021-09-16,Mariposa,043,17540,916,849,32,881,6
2021-09-16,Mendocino,045,87422,6656,6445,311,6756,67
2021-09-16,Merced,047,269075,38174,37675,1468,39143,532
2021-09-16,Modoc,049,8938,462,455,159,614,5
2021-09-16,Mono,051,14174,1504,1449,18,1467,3
2021-09-16,Monterey,053,433212,47223,46342,2506,48848,562
2021-09-16,Napa,055,140530,12227,12115,79,12194,95
2021-09-16,Nevada,057,99092,8271,8121,269,8390,84
2021-09-16,Orange,059,3164182,295947,292183,13784,305967,5340
2021-09-16,Placer,061,380077,33778,33037,3128,36165,354
2021-09-16,Plumas,063,18699,1245,1178,23,1201,5
2021-09-16,Riverside,065,2383286,345450,339770,15647,355417,4786
2021-09-16,Sacramento,067,1510023,146930,145754,3663,149417,1996
2021-09-16,San Benito,069,59416,6933,6913,139,7052,67
2021-09-16,San Bernardino,071,2135413,338512,335129,10448,345577,5474
2021-09-16,San Diego,073,3302833,351713,347472,20722,368194,3994
2021-09-16,San Francisco,075,870044,49963,49133,2087,51220,605
2021-09-16,San Joaquin,077,732212,93126,91650,4861,96511,1608
2021-09-16,San Luis Obispo,079,281455,27600,27044,1063,28107,310
2021-09-16,San Mateo,081,765935,51659,50773,764,51537,564
2021-09-16,Santa Barbara,083,443738,41744,41272,1442,42714,497
2021-09-16,Santa Clara,085,1922200,140251,138685,1071,139756,1835
2021-09-16,Santa Cruz,087,273765,19283,19011,958,19969,211
2021-09-16,Shasta,089,179085,18132,17438,2912,20350,251
2021-09-16,Sierra,091,2930,129,123,13,136,0
2021-09-16,Siskiyou,093,43540,2985,2819,1025,3844,35
2021-09-16,Solano,095,438530,43703,42792,1105,43897,312
2021-09-16,Sonoma,097,501317,39083,38707,473,39180,369
2021-09-16,Stanislaus,099,539301,71740,71105,7997,79102,1091
2021-09-16,Sutter,101,95872,12889,12729,233,12962,152
2021-09-16,Tehama,103,63373,7189,6953,1145,8098,83
2021-09-16,Trinity,105,12862,707,547,187,734,7
2021-09-16,Tulare,107,460477,61342,59459,12309,71768,894
2021-09-16,Tuolumne,109,53932,6125,5999,73,6072,89
2021-09-16,Ventura,111,848112,94157,93087,4058,97145,1110
2021-09-16,Yolo,113,214977,18411,18135,816,18951,239
2021-09-16,Yuba,115,75493,9122,8981,197,9178,61
2021-09-15,Alameda,001,1643700,113465,112498,2526,115024,1317
2021-09-15,Alpine,002,1148,99,99,0,99,0
2021-09-15,Amador,005,37829,4908,4792,47,4839,58
2021-09-15,Butte,007,227075,18340,17664,3298,20962,228
2021-09-15,Calaveras,009,45235,3395,3293,32,3325,66
2021-09-15,Colusa,011,21464,2393,2352,526,2878,16
2021-09-15,Contra Costa,013,1133247,94131,92989,1871,94860,913
2021-09-15,Del Norte,015,27424,3424,3271,21,3292,34
2021-09-15,El Dorado,017,186661,14674,14309,1480,15789,127
2021-09-15,Fresno,019,978130,126155,123370,11260,134630,1867
2021-09-15,Glenn,021,27897,3153,3051,901,3952,20
2021-09-15,Humboldt,023,135768,7963,7754,381,8135,52
2021-09-15,Imperial,025,180216,31225,30891,2922,33813,753
2021-09-15,Inyo,027,18085,1659,1614,31,1645,39
2021-09-15,Kern,029,883053,116118,113546,17642,131188,1434
2021-09-15,Kings,031,150075,28698,27991,1596,29587,279
2021-09-15,Lake,033,64148,6037,5852,115,5967,85
2021-09-15,Lassen,035,31185,6186,6018,251,6269,25
2021-09-15,Los Angeles,037,10098052,1389567,1374307,50361,1424668,25767
2021-09-15,Madera,039,155013,20439,19880,1600,21480,257
2021-09-15,Marin,041,260295,16793,16592,377,16969,242
2021-09-15,Mariposa,043,17540,904,843,32,875,5
2021-09-15,Mendocino,045,87422,6626,6399,306,6705,66
2021-09-15,Merced,047,269075,38066,37508,1466,38974,529
2021-09-15,Modoc,049,8938,462,454,159,613,5
2021-09-15,Mono,051,14174,1498,1445,18,1463,3
2021-09-15,Monterey,053,433212,47153,46317,2495,48812,562
2021-09-15,Napa,055,140530,12206,12082,79,12161,95
2021-09-15,Nevada,057,99092,8249,8081,266,8347,84
2021-09-15,Orange,059,3164182,295623,291834,13765,305599,5328
2021-09-15,Placer,061,380077,33666,32860,3107,35967,352
2021-09-15,Plumas,063,18699,1240,1164,22,1186,5
2021-09-15,Riverside,065,2383286,344867,339077,15623,354700,4769
2021-09-15,Sacramento,067,1510023,146504,145202,3631,148833,1981
2021-09-15,San Benito,069,59416,6930,6902,139,7041,67
2021-09-15,San Bernardino,071,2135413,338050,334556,10434,344990,5470
2021-09-15,San Diego,073,3302833,351093,346933,20694,367627,3983
2021-09-15,San Francisco,075,870044,49852,48999,2082,51081,605
2021-09-15,San Joaquin,077,732212,92850,91322,4821,96143,1607
2021-09-15,San Luis Obispo,079,281455,27517,26943,1057,28000,306
2021-09-15,San Mateo,081,765935,51577,50691,761,51452,564
2021-09-15,Santa Barbara,083,443738,41641,41077,1438,42515,497
2021-09-15,Santa Clara,085,1922200,140077,138410,1066,139476,1833
2021-09-15,Santa Cruz,087,273765,19245,18984,956,19940,210
2021-09-15,Shasta,089,179085,18021,17317,2891,20208,250
2021-09-15,Sierra,091,2930,129,123,13,136,0
2021-09-15,Siskiyou,093,43540,2965,2804,995,3799,35
2021-09-15,Solano,095,438530,43631,42682,1100,43782,312
2021-09-15,Sonoma,097,501317,39026,38629,473,39102,369
2021-09-15,Stanislaus,099,539301,71516,70852,7975,78827,1091
2021-09-15,Sutter,101,95872,12856,12699,228,12927,151
2021-09-15,Tehama,103,63373,7148,6894,1136,8030,79
2021-09-15,Trinity,105,12862,705,541,185,726,7
2021-09-15,Tulare,107,460477,61083,59149,12248,71397,890
2021-09-15,Tuolumne,109,53932,6099,5969,73,6042,89
2021-09-15,Ventura,111,848112,94014,92960,4051,97011,1109
2021-09-15,Yolo,113,214977,18377,18064,810,18874,239
2021-09-15,Yuba,115,75493,9088,8953,197,9150,61
2021-09-14,Alameda,001,1643700,113258,112329,2523,114852,1316
2021-09-14,Alpine,002,1148,99,98,0,98,0
2021-09-14,Amador,005,37829,4888,4790,47,4837,57
2021-09-14,Butte,007,227075,18207,17516,3274,20790,226
2021-09-14,Calaveras,009,45235,3375,3280,29,3309,66
2021-09-14,Colusa,011,21464,2389,2344,523,2867,16
2021-09-14,Contra Costa,013,1133247,93933,92822,1863,94685,908
2021-09-14,Del Norte,015,27424,3408,3252,21,3273,32
2021-09-14,El Dorado,017,186661,14621,14247,1472,15719,123
2021-09-14,Fresno,019,978130,125680,123151,11208,134359,1856
2021-09-14,Glenn,021,27897,3136,3045,897,3942,20
2021-09-14,Humboldt,023,135768,7929,7717,376,8093,52
2021-09-14,Imperial,025,180216,31176,30845,2919,33764,752
2021-09-14,Inyo,027,18085,1650,1605,30,1635,39
2021-09-14,Kern,029,883053,115735,113250,17519,130769,1428
2021-09-14,Kings,031,150075,28622,27955,1588,29543,278
2021-09-14,Lake,033,64148,6005,5845,115,5960,83
2021-09-14,Lassen,035,31185,6172,5977,246,6223,25
2021-09-14,Los Angeles,037,10098052,1387732,1372831,50281,1423112,25729
2021-09-14,Madera,039,155013,20357,19800,1589,21389,254
2021-09-14,Marin,041,260295,16765,16584,375,16959,242
2021-09-14,Mariposa,043,17540,893,834,31,865,5
2021-09-14,Mendocino,045,87422,6590,6372,295,6667,65
2021-09-14,Merced,047,269075,37915,37430,1462,38892,526
2021-09-14,Modoc,049,8938,461,453,159,612,5
2021-09-14,Mono,051,14174,1494,1440,18,1458,4
2021-09-14,Monterey,053,433212,47112,46224,2484,48708,558
2021-09-14,Napa,055,140530,12173,12070,78,12148,91
2021-09-14,Nevada,057,99092,8215,8056,266,8322,83
2021-09-14,Orange,059,3164182,295230,291423,13741,305164,5319
2021-09-14,Placer,061,380077,33534,32735,3087,35822,350
2021-09-14,Plumas,063,18699,1225,1148,22,1170,5
2021-09-14,Riverside,065,2383286,344226,338534,15592,354126,4748
2021-09-14,Sacramento,067,1510023,146119,145051,3582,148633,1977
2021-09-14,San Benito,069,59416,6920,6887,139,7026,64
2021-09-14,San Bernardino,071,2135413,337553,333968,10409,344377,5465
2021-09-14,San Diego,073,3302833,350433,346204,20643,366847,3966
2021-09-14,San Francisco,075,870044,49718,48998,2080,51078,603
2021-09-14,San Joaquin,077,732212,92611,91128,4812,95940,1596
2021-09-14,San Luis Obispo,079,281455,27444,26845,1052,27897,304
2021-09-14,San Mateo,081,765935,51480,50602,758,51360,564
2021-09-14,Santa Barbara,083,443738,41545,40783,1429,42212,495
2021-09-14,Santa Clara,085,1922200,139842,138321,1063,139384,1828
2021-09-14,Santa Cruz,087,273765,19205,18965,954,19919,210
2021-09-14,Shasta,089,179085,17890,17152,2870,20022,246
2021-09-14,Sierra,091,2930,129,123,13,136,0
2021-09-14,Siskiyou,093,43540,2941,2756,978,3734,35
2021-09-14,Solano,095,438530,43548,42599,1097,43696,307
2021-09-14,Sonoma,097,501317,38957,38595,469,39064,369
2021-09-14,Stanislaus,099,539301,71256,70697,7947,78644,1091
2021-09-14,Sutter,101,95872,12814,12670,221,12891,149
2021-09-14,Tehama,103,63373,7094,6859,1128,7987,80
2021-09-14,Trinity,105,12862,699,538,184,722,7
2021-09-14,Tulare,107,460477,60830,58961,12177,71138,888
2021-09-14,Tuolumne,109,53932,6078,5951,71,6022,89
2021-09-14,Ventura,111,848112,93829,92841,4034,96875,1107
2021-09-14,Yolo,113,214977,18333,18039,805,18844,239
2021-09-14,Yuba,115,75493,9052,8928,197,9125,61
2021-09-13,Alameda,001,1643700,113044,112159,2518,114677,1309
2021-09-13,Alpine,002,1148,98,98,0,98,0
2021-09-13,Amador,005,37829,4870,4761,47,4808,56
2021-09-13,Butte,007,227075,18083,17393,3245,20638,225
2021-09-13,Calaveras,009,45235,3349,3253,27,3280,65
2021-09-13,Colusa,011,21464,2380,2346,519,2865,16
2021-09-13,Contra Costa,013,1133247,93687,92658,1858,94516,908
2021-09-13,Del Norte,015,27424,3372,3232,21,3253,28
2021-09-13,El Dorado,017,186661,14560,14194,1464,15658,119
2021-09-13,Fresno,019,978130,125213,122650,11142,133792,1853
2021-09-13,Glenn,021,27897,3122,3026,891,3917,20
2021-09-13,Humboldt,023,135768,7896,7659,373,8032,52
2021-09-13,Imperial,025,180216,31123,30802,2916,33718,751
2021-09-13,Inyo,027,18085,1643,1602,30,1632,39
2021-09-13,Kern,029,883053,115351,112930,17397,130327,1424
2021-09-13,Kings,031,150075,28512,27858,1576,29434,275
2021-09-13,Lake,033,64148,5983,5809,115,5924,82
2021-09-13,Lassen,035,31185,6137,5953,245,6198,25
2021-09-13,Los Angeles,037,10098052,1385867,1371423,50215,1421638,25703
2021-09-13,Madera,039,155013,20287,19735,1574,21309,252
2021-09-13,Marin,041,260295,16729,16557,374,16931,242
2021-09-13,Mariposa,043,17540,879,825,31,856,5
2021-09-13,Mendocino,045,87422,6555,6323,286,6609,61
2021-09-13,Merced,047,269075,37765,37291,1457,38748,521
2021-09-13,Modoc,049,8938,460,451,159,610,5
2021-09-13,Mono,051,14174,1488,1435,18,1453,3
2021-09-13,Monterey,053,433212,47022,46188,2471,48659,558
2021-09-13,Napa,055,140530,12155,12039,78,12117,91
2021-09-13,Nevada,057,99092,8189,8021,264,8285,83
2021-09-13,Orange,059,3164182,294797,291128,13719,304847,5312
2021-09-13,Placer,061,380077,33369,32617,3070,35687,343
2021-09-13,Plumas,063,18699,1216,1142,22,1164,5
2021-09-13,Riverside,065,2383286,343580,337876,15574,353450,4731
2021-09-13,Sacramento,067,1510023,145631,144537,3548,148085,1956
2021-09-13,San Benito,069,59416,6904,6867,138,7005,64
2021-09-13,San Bernardino,071,2135413,337062,333613,10384,343997,5441
2021-09-13,San Diego,073,3302833,349646,345647,20591,366238,3961
2021-09-13,San Francisco,075,870044,49588,48914,2074,50988,603
2021-09-13,San Joaquin,077,732212,92326,90966,4794,95760,1581
2021-09-13,San Luis Obispo,079,281455,27347,26805,1049,27854,300
2021-09-13,San Mateo,081,765935,51388,50525,753,51278,564
2021-09-13,Santa Barbara,083,443738,41426,40661,1422,42083,494
2021-09-13,Santa Clara,085,1922200,139596,138152,1058,139210,1820
2021-09-13,Santa Cruz,087,273765,19165,18917,953,19870,210
2021-09-13,Shasta,089,179085,17760,17033,2830,19863,243
2021-09-13,Sierra,091,2930,129,123,13,136,0
2021-09-13,Siskiyou,093,43540,2926,2745,966,3711,35
2021-09-13,Solano,095,438530,43444,42501,1094,43595,306
2021-09-13,Sonoma,097,501317,38890,38513,466,38979,368
2021-09-13,Stanislaus,099,539301,71001,70477,7911,78388,1091
2021-09-13,Sutter,101,95872,12756,12624,217,12841,145
2021-09-13,Tehama,103,63373,7031,6803,1116,7919,79
2021-09-13,Trinity,105,12862,697,533,182,715,7
2021-09-13,Tulare,107,460477,60546,58768,12117,70885,887
2021-09-13,Tuolumne,109,53932,6048,5909,71,5980,89
2021-09-13,Ventura,111,848112,93667,92679,4027,96706,1107
2021-09-13,Yolo,113,214977,18289,17974,799,18773,239
2021-09-13,Yuba,115,75493,9007,8884,196,9080,61
2021-09-12,Alameda,001,1643700,112783,111961,2515,114476,1309
2021-09-12,Alpine,002,1148,98,98,0,98,0
2021-09-12,Amador,005,37829,4849,4752,47,4799,56
2021-09-12,Butte,007,227075,17938,17257,3198,20455,221
2021-09-12,Calaveras,009,45235,3318,3236,23,3259,65
2021-09-12,Colusa,011,21464,2377,2344,518,2862,16
2021-09-12,Contra Costa,013,1133247,93419,92498,1846,94344,908
2021-09-12,Del Norte,015,27424,3337,3200,21,3221,28
2021-09-12,El Dorado,017,186661,14487,14167,1448,15615,119
2021-09-12,Fresno,019,978130,124693,122407,11085,133492,1853
2021-09-12,Glenn,021,27897,3105,3016,885,3901,20
2021-09-12,Humboldt,023,135768,7826,7636,362,7998,52
2021-09-12,Imperial,025,180216,31060,30790,2911,33701,751
2021-09-12,Inyo,027,18085,1633,1596,30,1626,39
2021-09-12,Kern,029,883053,114939,112602,17238,129840,1424
2021-09-12,Kings,031,150075,28401,27764,1559,29323,274
2021-09-12,Lake,033,64148,5943,5781,113,5894,82
2021-09-12,Lassen,035,31185,6100,5943,236,6179,25
2021-09-12,Los Angeles,037,10098052,1383808,1365968,50142,1416110,25630
2021-09-12,Madera,039,155013,20200,19691,1562,21253,252
2021-09-12,Marin,041,260295,16706,16526,374,16900,242
2021-09-12,Mariposa,043,17540,868,811,29,840,5
2021-09-12,Mendocino,045,87422,6515,6283,277,6560,61
2021-09-12,Merced,047,269075,37593,37172,1446,38618,521
2021-09-12,Modoc,049,8938,460,451,158,609,5
2021-09-12,Mono,051,14174,1481,1431,18,1449,3
2021-09-12,Monterey,053,433212,46923,46167,2461,48628,558
2021-09-12,Napa,055,140530,12125,12011,78,12089,91
2021-09-12,Nevada,057,99092,8149,7987,263,8250,83
2021-09-12,Orange,059,3164182,294335,290718,13698,304416,5312
2021-09-12,Placer,061,380077,33220,32520,3048,35568,343
2021-09-12,Plumas,063,18699,1197,1138,22,1160,5
2021-09-12,Riverside,065,2383286,342896,337332,15540,352872,4731
2021-09-12,Sacramento,067,1510023,145124,144030,3509,147539,1959
2021-09-12,San Benito,069,59416,6885,6852,137,6989,64
2021-09-12,San Bernardino,071,2135413,336451,333049,10371,343420,5439
2021-09-12,San Diego,073,3302833,348836,345058,20515,365573,3942
2021-09-12,San Francisco,075,870044,49477,48819,2067,50886,603
2021-09-12,San Joaquin,077,732212,91997,90730,4786,95516,1581
2021-09-12,San Luis Obispo,079,281455,27228,26729,1036,27765,299
2021-09-12,San Mateo,081,765935,51277,50432,749,51181,564
2021-09-12,Santa Barbara,083,443738,41314,40600,1415,42015,494
2021-09-12,Santa Clara,085,1922200,139339,137899,1055,138954,1820
2021-09-12,Santa Cruz,087,273765,19132,18892,952,19844,210
2021-09-12,Shasta,089,179085,17595,16957,2772,19729,243
2021-09-12,Sierra,091,2930,129,123,13,136,0
2021-09-12,Siskiyou,093,43540,2898,2730,951,3681,35
2021-09-12,Solano,095,438530,43338,42409,1091,43500,306
2021-09-12,Sonoma,097,501317,38810,38456,464,38920,368
2021-09-12,Stanislaus,099,539301,70702,70184,7872,78056,1091
2021-09-12,Sutter,101,95872,12714,12589,211,12800,145
2021-09-12,Tehama,103,63373,6967,6732,1104,7836,79
2021-09-12,Trinity,105,12862,693,529,180,709,7
2021-09-12,Tulare,107,460477,60193,58582,12057,70639,887
2021-09-12,Tuolumne,109,53932,6015,5888,71,5959,89
2021-09-12,Ventura,111,848112,93540,92496,4021,96517,1107
2021-09-12,Yolo,113,214977,18223,17943,791,18734,239
2021-09-12,Yuba,115,75493,8972,8842,196,9038,61
2021-09-11,Alameda,001,1643700,112659,111715,2513,114228,1309
2021-09-11,Alpine,002,1148,98,98,0,98,0
2021-09-11,Amador,005,37829,4836,4728,46,4774,56
2021-09-11,Butte,007,227075,17855,17218,3171,20389,221
2021-09-11,Calaveras,009,45235,3310,3208,22,3230,65
2021-09-11,Colusa,011,21464,2376,2338,515,2853,16
2021-09-11,Contra Costa,013,1133247,93300,92269,1842,94111,908
2021-09-11,Del Norte,015,27424,3321,3184,21,3205,28
2021-09-11,El Dorado,017,186661,14468,14117,1441,15558,119
2021-09-11,Fresno,019,978130,124514,122224,11060,133284,1853
2021-09-11,Glenn,021,27897,3095,3007,882,3889,20
2021-09-11,Humboldt,023,135768,7804,7615,359,7974,52
2021-09-11,Imperial,025,180216,31035,30760,2908,33668,751
2021-09-11,Inyo,027,18085,1630,1590,30,1620,39
2021-09-11,Kern,029,883053,114689,112205,17124,129329,1424
2021-09-11,Kings,031,150075,28352,27631,1553,29184,275
2021-09-11,Lake,033,64148,5922,5761,113,5874,82
2021-09-11,Lassen,035,31185,6085,5930,232,6162,25
2021-09-11,Los Angeles,037,10098052,1382835,1365831,50077,1415908,25630
2021-09-11,Madera,039,155013,20148,19648,1557,21205,252
2021-09-11,Marin,041,260295,16678,16496,373,16869,242
2021-09-11,Mariposa,043,17540,863,799,29,828,5
2021-09-11,Mendocino,045,87422,6491,6257,277,6534,61
2021-09-11,Merced,047,269075,37539,37042,1443,38485,521
2021-09-11,Modoc,049,8938,460,449,158,607,5
2021-09-11,Mono,051,14174,1475,1431,18,1449,3
2021-09-11,Monterey,053,433212,46886,46140,2458,48598,558
2021-09-11,Napa,055,140530,12102,11991,78,12069,91
2021-09-11,Nevada,057,99092,8134,7967,263,8230,83
2021-09-11,Orange,059,3164182,294033,290429,13682,304111,5306
2021-09-11,Placer,061,380077,33137,32414,3037,35451,344
2021-09-11,Plumas,063,18699,1190,1112,22,1134,5
2021-09-11,Riverside,065,2383286,342458,336585,15527,352112,4731
2021-09-11,Sacramento,067,1510023,144824,143557,3497,147054,1955
2021-09-11,San Benito,069,59416,6872,6844,137,6981,64
2021-09-11,San Bernardino,071,2135413,336108,332512,10357,342869,5430
2021-09-11,San Diego,073,3302833,348352,344355,20491,364846,3942
2021-09-11,San Francisco,075,870044,49421,48660,2063,50723,603
2021-09-11,San Joaquin,077,732212,91854,90482,4779,95261,1581
2021-09-11,San Luis Obispo,079,281455,27182,26651,1035,27686,299
2021-09-11,San Mateo,081,765935,51205,50341,748,51089,564
2021-09-11,Santa Barbara,083,443738,41241,40451,1415,41866,494
2021-09-11,Santa Clara,085,1922200,139186,137659,1052,138711,1820
2021-09-11,Santa Cruz,087,273765,19103,18865,952,19817,210
2021-09-11,Shasta,089,179085,17501,16877,2752,19629,243
2021-09-11,Sierra,091,2930,129,123,13,136,0
2021-09-11,Siskiyou,093,43540,2881,2717,948,3665,35
2021-09-11,Solano,095,438530,43287,42344,1088,43432,306
2021-09-11,Sonoma,097,501317,38763,38399,462,38861,368
2021-09-11,Stanislaus,099,539301,70577,69974,7859,77833,1091
2021-09-11,Sutter,101,95872,12688,12538,208,12746,145
2021-09-11,Tehama,103,63373,6946,6703,1096,7799,79
2021-09-11,Trinity,105,12862,686,526,180,706,7
2021-09-11,Tulare,107,460477,60081,58321,12011,70332,889
2021-09-11,Tuolumne,109,53932,5996,5879,68,5947,89
2021-09-11,Ventura,111,848112,93458,92328,4016,96344,1107
2021-09-11,Yolo,113,214977,18198,17906,788,18694,239
2021-09-11,Yuba,115,75493,8947,8813,196,9009,61
2021-09-10,Alameda,001,1643700,112468,111386,2512,113898,1306
2021-09-10,Alpine,002,1148,97,97,0,97,0
2021-09-10,Amador,005,37829,4824,4706,46,4752,56
2021-09-10,Butte,007,227075,17780,17051,3153,20204,222
2021-09-10,Calaveras,009,45235,3302,3183,22,3205,65
2021-09-10,Colusa,011,21464,2372,2327,512,2839,16
2021-09-10,Contra Costa,013,1133247,93177,92024,1840,93864,908
2021-09-10,Del Norte,015,27424,3306,3128,20,3148,28
2021-09-10,El Dorado,017,186661,14438,14051,1437,15488,119
2021-09-10,Fresno,019,978130,124190,121659,11032,132691,1846
2021-09-10,Glenn,021,27897,3088,2977,881,3858,20
2021-09-10,Humboldt,023,135768,7772,7543,355,7898,52
2021-09-10,Imperial,025,180216,31012,30716,2906,33622,751
2021-09-10,Inyo,027,18085,1626,1590,30,1620,39
2021-09-10,Kern,029,883053,114435,111832,17008,128840,1419
2021-09-10,Kings,031,150075,28278,27473,1546,29019,274
2021-09-10,Lake,033,64148,5906,5713,111,5824,79
2021-09-10,Lassen,035,31185,6077,5914,229,6143,25
2021-09-10,Los Angeles,037,10098052,1381630,1365709,50013,1415722,25630
2021-09-10,Madera,039,155013,20102,19520,1550,21070,252
2021-09-10,Marin,041,260295,16658,16458,370,16828,242
2021-09-10,Mariposa,043,17540,858,795,29,824,5
2021-09-10,Mendocino,045,87422,6459,6184,276,6460,61
2021-09-10,Merced,047,269075,37487,36884,1442,38326,521
2021-09-10,Modoc,049,8938,460,448,158,606,5
2021-09-10,Mono,051,14174,1470,1422,18,1440,3
2021-09-10,Monterey,053,433212,46842,46084,2456,48540,557
2021-09-10,Napa,055,140530,12077,11948,78,12026,90
2021-09-10,Nevada,057,99092,8116,7932,262,8194,83
2021-09-10,Orange,059,3164182,293726,290022,13672,303694,5302
2021-09-10,Placer,061,380077,33035,32264,3024,35288,343
2021-09-10,Plumas,063,18699,1182,1111,22,1133,5
2021-09-10,Riverside,065,2383286,341985,335988,15520,351508,4720
2021-09-10,Sacramento,067,1510023,144481,143244,3489,146733,1950
2021-09-10,San Benito,069,59416,6868,6824,137,6961,64
2021-09-10,San Bernardino,071,2135413,335689,331894,10348,342242,5422
2021-09-10,San Diego,073,3302833,347805,343173,20454,363627,3941
2021-09-10,San Francisco,075,870044,49342,48518,2056,50574,602
2021-09-10,San Joaquin,077,732212,91674,90208,4773,94981,1573
2021-09-10,San Luis Obispo,079,281455,27149,26526,1033,27559,299
2021-09-10,San Mateo,081,765935,51138,50251,747,50998,564
2021-09-10,Santa Barbara,083,443738,41188,40321,1412,41733,492
2021-09-10,Santa Clara,085,1922200,139003,137337,1051,138388,1817
2021-09-10,Santa Cruz,087,273765,19084,18785,951,19736,210
2021-09-10,Shasta,089,179085,17407,16667,2724,19391,242
2021-09-10,Sierra,091,2930,129,117,13,130,0
2021-09-10,Siskiyou,093,43540,2869,2702,944,3646,35
2021-09-10,Solano,095,438530,43213,42230,1081,43311,305
2021-09-10,Sonoma,097,501317,38705,38271,461,38732,368
2021-09-10,Stanislaus,099,539301,70421,69617,7835,77452,1091
2021-09-10,Sutter,101,95872,12654,12468,208,12676,145
2021-09-10,Tehama,103,63373,6913,6652,1090,7742,77
2021-09-10,Trinity,105,12862,682,524,180,704,7
2021-09-10,Tulare,107,460477,59933,57930,11962,69892,883
2021-09-10,Tuolumne,109,53932,5976,5842,68,5910,89
2021-09-10,Ventura,111,848112,93361,92145,4012,96157,1104
2021-09-10,Yolo,113,214977,18172,17825,784,18609,239
2021-09-10,Yuba,115,75493,8928,8760,195,8955,62
2021-09-09,Alameda,001,1643700,112249,111014,2508,113522,1306
2021-09-09,Alpine,002,1148,97,94,0,94,0
2021-09-09,Amador,005,37829,4803,4698,45,4743,56
2021-09-09,Butte,007,227075,17633,16874,3126,20000,221
2021-09-09,Calaveras,009,45235,3268,3165,22,3187,65
2021-09-09,Colusa,011,21464,2365,2321,511,2832,16
2021-09-09,Contra Costa,013,1133247,92967,91687,1835,93522,904
2021-09-09,Del Norte,015,27424,3283,3102,20,3122,28
2021-09-09,El Dorado,017,186661,14381,13970,1427,15397,119
2021-09-09,Fresno,019,978130,123715,121040,10986,132026,1838
2021-09-09,Glenn,021,27897,3076,2947,877,3824,20
2021-09-09,Humboldt,023,135768,7722,7471,349,7820,52
2021-09-09,Imperial,025,180216,30974,30661,2903,33564,751
2021-09-09,Inyo,027,18085,1619,1586,30,1616,39
2021-09-09,Kern,029,883053,114088,111390,16852,128242,1414
2021-09-09,Kings,031,150075,28176,27282,1535,28817,273
2021-09-09,Lake,033,64148,5882,5638,109,5747,79
2021-09-09,Lassen,035,31185,6027,5860,223,6083,25
2021-09-09,Los Angeles,037,10098052,1379763,1363735,49940,1413675,25583
2021-09-09,Madera,039,155013,20029,19401,1537,20938,252
2021-09-09,Marin,041,260295,16635,16416,367,16783,242
2021-09-09,Mariposa,043,17540,845,779,28,807,5
2021-09-09,Mendocino,045,87422,6425,6089,267,6356,61
2021-09-09,Merced,047,269075,37333,36634,1429,38063,516
2021-09-09,Modoc,049,8938,460,448,158,606,5
2021-09-09,Mono,051,14174,1460,1420,18,1438,3
2021-09-09,Monterey,053,433212,46788,45991,2445,48436,556
2021-09-09,Napa,055,140530,12045,11878,78,11956,90
2021-09-09,Nevada,057,99092,8078,7855,262,8117,82
2021-09-09,Orange,059,3164182,293317,289109,13641,302750,5299
2021-09-09,Placer,061,380077,32916,32048,3009,35057,342
2021-09-09,Plumas,063,18699,1171,1098,22,1120,5
2021-09-09,Riverside,065,2383286,341346,334774,15502,350276,4701
2021-09-09,Sacramento,067,1510023,144000,142728,3444,146172,1929
2021-09-09,San Benito,069,59416,6858,6820,136,6956,64
2021-09-09,San Bernardino,071,2135413,335115,331040,10335,341375,5417
2021-09-09,San Diego,073,3302833,347091,342149,20397,362546,3929
2021-09-09,San Francisco,075,870044,49228,48404,2047,50451,597
2021-09-09,San Joaquin,077,732212,91401,89874,4755,94629,1570
2021-09-09,San Luis Obispo,079,281455,27067,26472,1030,27502,296
2021-09-09,San Mateo,081,765935,51017,50143,744,50887,561
2021-09-09,Santa Barbara,083,443738,41082,40180,1408,41588,490
2021-09-09,Santa Clara,085,1922200,138780,137017,1046,138063,1816
2021-09-09,Santa Cruz,087,273765,19038,18728,951,19679,210
2021-09-09,Shasta,089,179085,17261,16401,2683,19084,238
2021-09-09,Sierra,091,2930,129,115,13,128,0
2021-09-09,Siskiyou,093,43540,2846,2683,930,3613,35
2021-09-09,Solano,095,438530,43097,42081,1077,43158,303
2021-09-09,Sonoma,097,501317,38637,38171,460,38631,360
2021-09-09,Stanislaus,099,539301,70142,69178,7803,76981,1074
2021-09-09,Sutter,101,95872,12599,12396,206,12602,144
2021-09-09,Tehama,103,63373,6859,6554,1085,7639,75
2021-09-09,Trinity,105,12862,676,523,178,701,6
2021-09-09,Tulare,107,460477,59692,57564,11903,69467,879
2021-09-09,Tuolumne,109,53932,5948,5802,67,5869,89
2021-09-09,Ventura,111,848112,93216,91610,4003,95613,1098
2021-09-09,Yolo,113,214977,18115,17724,782,18506,239
2021-09-09,Yuba,115,75493,8883,8707,192,8899,55
2021-09-08,Alameda,001,1643700,112005,110781,2506,113287,1305
2021-09-08,Alpine,002,1148,97,94,0,94,0
2021-09-08,Amador,005,37829,4791,4693,45,4738,56
2021-09-08,Butte,007,227075,17499,16775,3106,19881,220
2021-09-08,Calaveras,009,45235,3250,3157,22,3179,63
2021-09-08,Colusa,011,21464,2363,2308,511,2819,16
2021-09-08,Contra Costa,013,1133247,92687,91471,1830,93301,900
2021-09-08,Del Norte,015,27424,3260,3085,20,3105,25
2021-09-08,El Dorado,017,186661,14301,13928,1407,15335,119
2021-09-08,Fresno,019,978130,123215,120644,10922,131566,1831
2021-09-08,Glenn,021,27897,3061,2942,868,3810,20
2021-09-08,Humboldt,023,135768,7677,7438,341,7779,52
2021-09-08,Imperial,025,180216,30941,30609,2890,33499,751
2021-09-08,Inyo,027,18085,1608,1580,30,1610,39
2021-09-08,Kern,029,883053,113690,110933,16714,127647,1409
2021-09-08,Kings,031,150075,28047,27235,1521,28756,267
2021-09-08,Lake,033,64148,5851,5618,107,5725,79
2021-09-08,Lassen,035,31185,6009,5848,216,6064,25
2021-09-08,Los Angeles,037,10098052,1377692,1362029,49854,1411883,25533
2021-09-08,Madera,039,155013,19968,19352,1524,20876,252
2021-09-08,Marin,041,260295,16607,16386,366,16752,242
2021-09-08,Mariposa,043,17540,833,777,27,804,5
2021-09-08,Mendocino,045,87422,6381,6069,258,6327,61
2021-09-08,Merced,047,269075,37172,36500,1417,37917,516
2021-09-08,Modoc,049,8938,460,448,158,606,5
2021-09-08,Mono,051,14174,1454,1418,18,1436,3
2021-09-08,Monterey,053,433212,46739,45959,2439,48398,554
2021-09-08,Napa,055,140530,12010,11842,76,11918,90
2021-09-08,Nevada,057,99092,8043,7843,261,8104,82
2021-09-08,Orange,059,3164182,292907,288511,13618,302129,5290
2021-09-08,Placer,061,380077,32779,31852,2992,34844,337
2021-09-08,Plumas,063,18699,1164,1072,22,1094,5
2021-09-08,Riverside,065,2383286,340588,334037,15477,349514,4683
2021-09-08,Sacramento,067,1510023,143521,142448,3396,145844,1921
2021-09-08,San Benito,069,59416,6840,6800,136,6936,64
2021-09-08,San Bernardino,071,2135413,334509,330279,10318,340597,5411
2021-09-08,San Diego,073,3302833,346174,341437,20346,361783,3926
2021-09-08,San Francisco,075,870044,49089,48263,2043,50306,589
2021-09-08,San Joaquin,077,732212,91120,89631,4731,94362,1561
2021-09-08,San Luis Obispo,079,281455,26973,26303,1025,27328,294
2021-09-08,San Mateo,081,765935,50912,50051,744,50795,561
2021-09-08,Santa Barbara,083,443738,40970,40000,1404,41404,490
2021-09-08,Santa Clara,085,1922200,138547,136836,1042,137878,1810
2021-09-08,Santa Cruz,087,273765,19001,18699,951,19650,210
2021-09-08,Shasta,089,179085,17106,16227,2636,18863,234
2021-09-08,Sierra,091,2930,129,113,13,126,0
2021-09-08,Siskiyou,093,43540,2813,2643,919,3562,35
2021-09-08,Solano,095,438530,43003,41971,1075,43046,302
2021-09-08,Sonoma,097,501317,38553,38075,459,38534,360
2021-09-08,Stanislaus,099,539301,69910,68945,7764,76709,1074
2021-09-08,Sutter,101,95872,12534,12349,203,12552,144
2021-09-08,Tehama,103,63373,6792,6520,1067,7587,75
2021-09-08,Trinity,105,12862,673,520,174,694,6
2021-09-08,Tulare,107,460477,59369,57425,11846,69271,876
2021-09-08,Tuolumne,109,53932,5916,5783,65,5848,89
2021-09-08,Ventura,111,848112,93064,91345,3985,95330,1096
2021-09-08,Yolo,113,214977,18033,17680,778,18458,239
2021-09-08,Yuba,115,75493,8841,8675,190,8865,55
2021-09-07,Alameda,001,1643700,111705,110550,2499,113049,1301
2021-09-07,Alpine,002,1148,96,94,0,94,0
2021-09-07,Amador,005,37829,4764,4679,45,4724,53
2021-09-07,Butte,007,227075,17343,16723,3070,19793,220
2021-09-07,Calaveras,009,45235,3209,3140,20,3160,63
2021-09-07,Colusa,011,21464,2353,2306,509,2815,16
2021-09-07,Contra Costa,013,1133247,92421,91167,1824,92991,891
2021-09-07,Del Norte,015,27424,3246,3081,20,3101,24
2021-09-07,El Dorado,017,186661,14229,13892,1392,15284,119
2021-09-07,Fresno,019,978130,122657,120268,10828,131096,1828
2021-09-07,Glenn,021,27897,3049,2937,862,3799,20
2021-09-07,Humboldt,023,135768,7617,7397,324,7721,52
2021-09-07,Imperial,025,180216,30901,30584,2882,33466,751
2021-09-07,Inyo,027,18085,1602,1579,29,1608,39
2021-09-07,Kern,029,883053,113258,110674,16556,127230,1408
2021-09-07,Kings,031,150075,27923,27169,1503,28672,267
2021-09-07,Lake,033,64148,5808,5597,99,5696,78
2021-09-07,Lassen,035,31185,5991,5842,210,6052,21
2021-09-07,Los Angeles,037,10098052,1375461,1360407,49763,1410170,25486
2021-09-07,Madera,039,155013,19881,19316,1516,20832,249
2021-09-07,Marin,041,260295,16568,16363,366,16729,242
2021-09-07,Mariposa,043,17540,817,771,27,798,5
2021-09-07,Mendocino,045,87422,6321,6036,248,6284,61
2021-09-07,Merced,047,269075,36997,36400,1411,37811,513
2021-09-07,Modoc,049,8938,458,449,158,607,5
2021-09-07,Mono,051,14174,1445,1416,18,1434,3
2021-09-07,Monterey,053,433212,46656,45911,2427,48338,543
2021-09-07,Napa,055,140530,11969,11814,76,11890,90
2021-09-07,Nevada,057,99092,8016,7829,261,8090,82
2021-09-07,Orange,059,3164182,292478,288225,13588,301813,5274
2021-09-07,Placer,061,380077,32626,31710,2964,34674,337
2021-09-07,Plumas,063,18699,1149,1071,22,1093,5
2021-09-07,Riverside,065,2383286,339800,333390,15458,348848,4666
2021-09-07,Sacramento,067,1510023,142982,142364,3349,145713,1905
2021-09-07,San Benito,069,59416,6822,6786,136,6922,64
2021-09-07,San Bernardino,071,2135413,333757,329962,10293,340255,5407
2021-09-07,San Diego,073,3302833,345176,340709,20280,360989,3922
2021-09-07,San Francisco,075,870044,48949,48175,2038,50213,589
2021-09-07,San Joaquin,077,732212,90784,89468,4717,94185,1548
2021-09-07,San Luis Obispo,079,281455,26856,26253,1016,27269,287
2021-09-07,San Mateo,081,765935,50816,49913,743,50656,561
2021-09-07,Santa Barbara,083,443738,40844,39957,1399,41356,489
2021-09-07,Santa Clara,085,1922200,138258,136631,1037,137668,1807
2021-09-07,Santa Cruz,087,273765,18952,18669,949,19618,210
2021-09-07,Shasta,089,179085,16950,16096,2584,18680,226
2021-09-07,Sierra,091,2930,129,111,13,124,0
2021-09-07,Siskiyou,093,43540,2787,2607,902,3509,34
2021-09-07,Solano,095,438530,42873,41862,1071,42933,300
2021-09-07,Sonoma,097,501317,38469,38013,457,38470,358
2021-09-07,Stanislaus,099,539301,69639,68831,7737,76568,1074
2021-09-07,Sutter,101,95872,12460,12310,197,12507,138
2021-09-07,Tehama,103,63373,6740,6482,1047,7529,74
2021-09-07,Trinity,105,12862,667,517,174,691,6
2021-09-07,Tulare,107,460477,59019,57228,11767,68995,874
2021-09-07,Tuolumne,109,53932,5879,5759,65,5824,88
2021-09-07,Ventura,111,848112,92853,91246,3975,95221,1093
2021-09-07,Yolo,113,214977,17963,17653,776,18429,235
2021-09-07,Yuba,115,75493,8798,8642,185,8827,55
2021-09-06,Alameda,001,1643700,111392,110357,2491,112848,1301
2021-09-06,Alpine,002,1148,94,94,0,94,0
2021-09-06,Amador,005,37829,4748,4648,44,4692,53
2021-09-06,Butte,007,227075,17152,16588,3027,19615,218
2021-09-06,Calaveras,009,45235,3187,3122,20,3142,63
2021-09-06,Colusa,011,21464,2346,2306,505,2811,16
2021-09-06,Contra Costa,013,1133247,92125,90971,1814,92785,891
2021-09-06,Del Norte,015,27424,3205,3037,19,3056,24
2021-09-06,El Dorado,017,186661,14160,13848,1376,15224,119
2021-09-06,Fresno,019,978130,122080,119738,10752,130490,1828
2021-09-06,Glenn,021,27897,3020,2912,854,3766,20
2021-09-06,Humboldt,023,135768,7541,7320,306,7626,52
2021-09-06,Imperial,025,180216,30839,30576,2876,33452,751
2021-09-06,Inyo,027,18085,1593,1578,17,1595,39
2021-09-06,Kern,029,883053,112745,110347,16368,126715,1408
2021-09-06,Kings,031,150075,27780,27094,1488,28582,264
2021-09-06,Lake,033,64148,5744,5548,92,5640,78
2021-09-06,Lassen,035,31185,5965,5822,200,6022,21
2021-09-06,Los Angeles,037,10098052,1373085,1359348,49649,1408997,25477
2021-09-06,Madera,039,155013,19778,19191,1493,20684,249
2021-09-06,Marin,041,260295,16528,16356,366,16722,242
2021-09-06,Mariposa,043,17540,805,764,27,791,5
2021-09-06,Mendocino,045,87422,6251,5984,235,6219,61
2021-09-06,Merced,047,269075,36782,36300,1397,37697,513
2021-09-06,Modoc,049,8938,455,449,158,607,5
2021-09-06,Mono,051,14174,1441,1416,18,1434,3
2021-09-06,Monterey,053,433212,46562,45833,2411,48244,541
2021-09-06,Napa,055,140530,11926,11792,75,11867,90
2021-09-06,Nevada,057,99092,7968,7748,259,8007,82
2021-09-06,Orange,059,3164182,291984,287948,13537,301485,5274
2021-09-06,Placer,061,380077,32450,31595,2926,34521,337
2021-09-06,Plumas,063,18699,1128,1068,19,1087,5
2021-09-06,Riverside,065,2383286,338984,333052,15438,348490,4666
2021-09-06,Sacramento,067,1510023,142346,141730,3281,145011,1905
2021-09-06,San Benito,069,59416,6799,6777,133,6910,64
2021-09-06,San Bernardino,071,2135413,332867,329693,10262,339955,5398
2021-09-06,San Diego,073,3302833,344177,340222,20183,360405,3922
2021-09-06,San Francisco,075,870044,48815,48120,2033,50153,589
2021-09-06,San Joaquin,077,732212,90440,89293,4691,93984,1548
2021-09-06,San Luis Obispo,079,281455,26727,26183,1012,27195,286
2021-09-06,San Mateo,081,765935,50686,49859,741,50600,561
2021-09-06,Santa Barbara,083,443738,40713,39876,1390,41266,489
2021-09-06,Santa Clara,085,1922200,137966,136458,1035,137493,1807
2021-09-06,Santa Cruz,087,273765,18904,18615,946,19561,210
2021-09-06,Shasta,089,179085,16769,15985,2530,18515,226
2021-09-06,Sierra,091,2930,129,109,13,122,0
2021-09-06,Siskiyou,093,43540,2743,2595,868,3463,34
2021-09-06,Solano,095,438530,42725,41774,1065,42839,300
2021-09-06,Sonoma,097,501317,38348,37929,456,38385,358
2021-09-06,Stanislaus,099,539301,69297,68596,7693,76289,1074
2021-09-06,Sutter,101,95872,12398,12238,188,12426,138
2021-09-06,Tehama,103,63373,6678,6413,1020,7433,74
2021-09-06,Trinity,105,12862,664,515,172,687,6
2021-09-06,Tulare,107,460477,58659,57068,11687,68755,874
2021-09-06,Tuolumne,109,53932,5843,5697,65,5762,88
2021-09-06,Ventura,111,848112,92676,91132,3963,95095,1093
2021-09-06,Yolo,113,214977,17877,17576,771,18347,235
2021-09-06,Yuba,115,75493,8748,8584,181,8765,55
2021-09-05,Alameda,001,1643700,111199,110173,2488,112661,1301
2021-09-05,Alpine,002,1148,94,94,0,94,0
2021-09-05,Amador,005,37829,4736,4642,44,4686,53
2021-09-05,Butte,007,227075,17062,16504,2998,19502,218
2021-09-05,Calaveras,009,45235,3181,3106,20,3126,63
2021-09-05,Colusa,011,21464,2338,2305,503,2808,16
2021-09-05,Contra Costa,013,1133247,91940,90862,1809,92671,891
2021-09-05,Del Norte,015,27424,3185,3023,19,3042,24
2021-09-05,El Dorado,017,186661,14131,13827,1363,15190,119
2021-09-05,Fresno,019,978130,121782,119384,10711,130095,1828
2021-09-05,Glenn,021,27897,3006,2899,852,3751,20
2021-09-05,Humboldt,023,135768,7508,7312,303,7615,52
2021-09-05,Imperial,025,180216,30810,30548,2874,33422,751
2021-09-05,Inyo,027,18085,1590,1572,17,1589,39
2021-09-05,Kern,029,883053,112446,110073,16209,126282,1408
2021-09-05,Kings,031,150075,27703,26989,1484,28473,264
2021-09-05,Lake,033,64148,5724,5525,92,5617,78
2021-09-05,Lassen,035,31185,5943,5820,196,6016,21
2021-09-05,Los Angeles,037,10098052,1371788,1357748,49582,1407330,25465
2021-09-05,Madera,039,155013,19737,19155,1482,20637,249
2021-09-05,Marin,041,260295,16509,16342,365,16707,242
2021-09-05,Mariposa,043,17540,801,761,27,788,5
2021-09-05,Mendocino,045,87422,6217,5965,235,6200,61
2021-09-05,Merced,047,269075,36707,36243,1395,37638,513
2021-09-05,Modoc,049,8938,455,447,158,605,5
2021-09-05,Mono,051,14174,1441,1416,18,1434,3
2021-09-05,Monterey,053,433212,46534,45795,2402,48197,540
2021-09-05,Napa,055,140530,11901,11770,75,11845,90
2021-09-05,Nevada,057,99092,7946,7722,258,7980,82
2021-09-05,Orange,059,3164182,291696,287614,13520,301134,5274
2021-09-05,Placer,061,380077,32323,31487,2912,34399,337
2021-09-05,Plumas,063,18699,1121,1067,19,1086,5
2021-09-05,Riverside,065,2383286,338529,332604,15426,348030,4654
2021-09-05,Sacramento,067,1510023,141908,141276,3263,144539,1905
2021-09-05,San Benito,069,59416,6798,6764,133,6897,64
2021-09-05,San Bernardino,071,2135413,332483,329062,10246,339308,5392
2021-09-05,San Diego,073,3302833,343625,339427,20142,359569,3914
2021-09-05,San Francisco,075,870044,48736,48035,2029,50064,589
2021-09-05,San Joaquin,077,732212,90274,89121,4674,93795,1548
2021-09-05,San Luis Obispo,079,281455,26677,26098,1011,27109,285
2021-09-05,San Mateo,081,765935,50618,49809,737,50546,561
2021-09-05,Santa Barbara,083,443738,40646,39762,1388,41150,489
2021-09-05,Santa Clara,085,1922200,137756,136146,1033,137179,1807
2021-09-05,Santa Cruz,087,273765,18884,18588,944,19532,210
2021-09-05,Shasta,089,179085,16687,15960,2504,18464,226
2021-09-05,Sierra,091,2930,128,109,13,122,0
2021-09-05,Siskiyou,093,43540,2726,2585,854,3439,34
2021-09-05,Solano,095,438530,42630,41687,1060,42747,300
2021-09-05,Sonoma,097,501317,38263,37881,455,38336,358
2021-09-05,Stanislaus,099,539301,69157,68434,7669,76103,1074
2021-09-05,Sutter,101,95872,12368,12179,182,12361,138
2021-09-05,Tehama,103,63373,6651,6400,1014,7414,74
2021-09-05,Trinity,105,12862,658,505,171,676,6
2021-09-05,Tulare,107,460477,58489,56915,11643,68558,874
2021-09-05,Tuolumne,109,53932,5831,5688,65,5753,88
2021-09-05,Ventura,111,848112,92540,91004,3959,94963,1093
2021-09-05,Yolo,113,214977,17840,17557,765,18322,235
2021-09-05,Yuba,115,75493,8722,8521,179,8700,55
2021-09-04,Alameda,001,1643700,111076,109944,2481,112425,1301
2021-09-04,Alpine,002,1148,94,94,0,94,0
2021-09-04,Amador,005,37829,4718,4637,43,4680,53
2021-09-04,Butte,007,227075,17004,16403,2983,19386,218
2021-09-04,Calaveras,009,45235,3169,3087,19,3106,63
2021-09-04,Colusa,011,21464,2336,2301,503,2804,16
2021-09-04,Contra Costa,013,1133247,91823,90623,1806,92429,891
2021-09-04,Del Norte,015,27424,3174,2984,19,3003,24
2021-09-04,El Dorado,017,186661,14105,13782,1355,15137,119
2021-09-04,Fresno,019,978130,121587,119033,10691,129724,1828
2021-09-04,Glenn,021,27897,2996,2878,846,3724,20
2021-09-04,Humboldt,023,135768,7477,7298,297,7595,52
2021-09-04,Imperial,025,180216,30787,30526,2872,33398,751
2021-09-04,Inyo,027,18085,1588,1571,17,1588,39
2021-09-04,Kern,029,883053,112203,109751,16079,125830,1408
2021-09-04,Kings,031,150075,27616,26896,1478,28374,263
2021-09-04,Lake,033,64148,5706,5507,92,5599,78
2021-09-04,Lassen,035,31185,5928,5814,188,6002,21
2021-09-04,Los Angeles,037,10098052,1370829,1355634,49527,1405161,25454
2021-09-04,Madera,039,155013,19704,19112,1475,20587,249
2021-09-04,Marin,041,260295,16493,16319,364,16683,242
2021-09-04,Mariposa,043,17540,796,759,27,786,5
2021-09-04,Mendocino,045,87422,6181,5933,235,6168,61
2021-09-04,Merced,047,269075,36663,36083,1390,37473,513
2021-09-04,Modoc,049,8938,455,447,158,605,5
2021-09-04,Mono,051,14174,1438,1417,18,1435,3
2021-09-04,Monterey,053,433212,46503,45756,2398,48154,540
2021-09-04,Napa,055,140530,11876,11760,73,11833,90
2021-09-04,Nevada,057,99092,7931,7691,257,7948,82
2021-09-04,Orange,059,3164182,291433,287244,13499,300743,5274
2021-09-04,Placer,061,380077,32219,31374,2895,34269,337
2021-09-04,Plumas,063,18699,1113,1067,19,1086,5
2021-09-04,Riverside,065,2383286,338059,331958,15414,347372,4654
2021-09-04,Sacramento,067,1510023,141614,140735,3255,143990,1896
2021-09-04,San Benito,069,59416,6789,6758,133,6891,64
2021-09-04,San Bernardino,071,2135413,332151,328425,10232,338657,5393
2021-09-04,San Diego,073,3302833,343190,338748,20120,358868,3914
2021-09-04,San Francisco,075,870044,48661,47937,2021,49958,589
2021-09-04,San Joaquin,077,732212,90159,88846,4666,93512,1548
2021-09-04,San Luis Obispo,079,281455,26645,26020,1011,27031,285
2021-09-04,San Mateo,081,765935,50564,49721,737,50458,560
2021-09-04,Santa Barbara,083,443738,40580,39667,1386,41053,489
2021-09-04,Santa Clara,085,1922200,137571,135845,1030,136875,1806
2021-09-04,Santa Cruz,087,273765,18866,18579,940,19519,210
2021-09-04,Shasta,089,179085,16610,15924,2478,18402,226
2021-09-04,Sierra,091,2930,126,108,13,121,0
2021-09-04,Siskiyou,093,43540,2700,2563,843,3406,34
2021-09-04,Solano,095,438530,42557,41614,1058,42672,300
2021-09-04,Sonoma,097,501317,38230,37809,455,38264,358
2021-09-04,Stanislaus,099,539301,69010,68210,7644,75854,1074
2021-09-04,Sutter,101,95872,12327,12137,181,12318,138
2021-09-04,Tehama,103,63373,6626,6367,996,7363,74
2021-09-04,Trinity,105,12862,656,497,171,668,6
2021-09-04,Tulare,107,460477,58381,56719,11600,68319,874
2021-09-04,Tuolumne,109,53932,5812,5667,63,5730,88
2021-09-04,Ventura,111,848112,92405,90904,3956,94860,1090
2021-09-04,Yolo,113,214977,17804,17522,761,18283,235
2021-09-04,Yuba,115,75493,8693,8475,178,8653,55
2021-09-03,Alameda,001,1643700,110916,109636,2479,112115,1301
2021-09-03,Alpine,002,1148,94,94,0,94,0
2021-09-03,Amador,005,37829,4696,4614,43,4657,53
2021-09-03,Butte,007,227075,16913,16259,2957,19216,215
2021-09-03,Calaveras,009,45235,3159,3069,19,3088,63
2021-09-03,Colusa,011,21464,2331,2295,502,2797,16
2021-09-03,Contra Costa,013,1133247,91671,90299,1803,92102,886
2021-09-03,Del Norte,015,27424,3146,2943,18,2961,24
2021-09-03,El Dorado,017,186661,14072,13710,1351,15061,119
2021-09-03,Fresno,019,978130,121251,118508,10669,129177,1822
2021-09-03,Glenn,021,27897,2987,2867,838,3705,20
2021-09-03,Humboldt,023,135768,7452,7194,292,7486,52
2021-09-03,Imperial,025,180216,30763,30475,2867,33342,751
2021-09-03,Inyo,027,18085,1583,1567,17,1584,39
2021-09-03,Kern,029,883053,111987,109296,15968,125264,1407
2021-09-03,Kings,031,150075,27532,26753,1475,28228,263
2021-09-03,Lake,033,64148,5686,5479,90,5569,78
2021-09-03,Lassen,035,31185,5911,5789,184,5973,21
2021-09-03,Los Angeles,037,10098052,1369497,1351185,49462,1400647,25384
2021-09-03,Madera,039,155013,19619,19021,1469,20490,247
2021-09-03,Marin,041,260295,16471,16293,363,16656,242
2021-09-03,Mariposa,043,17540,789,753,25,778,5
2021-09-03,Mendocino,045,87422,6146,5891,235,6126,61
2021-09-03,Merced,047,269075,36609,35941,1381,37322,512
2021-09-03,Modoc,049,8938,455,445,158,603,5
2021-09-03,Mono,051,14174,1437,1410,18,1428,3
2021-09-03,Monterey,053,433212,46465,45707,2394,48101,540
2021-09-03,Napa,055,140530,11855,11733,73,11806,89
2021-09-03,Nevada,057,99092,7897,7632,257,7889,82
2021-09-03,Orange,059,3164182,291115,286818,13472,300290,5253
2021-09-03,Placer,061,380077,32112,31238,2871,34109,335
2021-09-03,Plumas,063,18699,1102,1057,19,1076,5
2021-09-03,Riverside,065,2383286,337527,331011,15398,346409,4653
2021-09-03,Sacramento,067,1510023,141250,139982,3237,143219,1886
2021-09-03,San Benito,069,59416,6783,6746,133,6879,64
2021-09-03,San Bernardino,071,2135413,331734,327599,10222,337821,5381
2021-09-03,San Diego,073,3302833,342570,337627,20087,357714,3911
2021-09-03,San Francisco,075,870044,48585,47822,2015,49837,589
2021-09-03,San Joaquin,077,732212,90006,88366,4658,93024,1540
2021-09-03,San Luis Obispo,079,281455,26570,25917,1009,26926,283
2021-09-03,San Mateo,081,765935,50469,49617,735,50352,560
2021-09-03,Santa Barbara,083,443738,40513,39507,1383,40890,489
2021-09-03,Santa Clara,085,1922200,137369,135522,1026,136548,1801
2021-09-03,Santa Cruz,087,273765,18841,18532,940,19472,210
2021-09-03,Shasta,089,179085,16535,15778,2454,18232,226
2021-09-03,Sierra,091,2930,124,105,13,118,0
2021-09-03,Siskiyou,093,43540,2688,2529,830,3359,34
2021-09-03,Solano,095,438530,42461,41457,1055,42512,300
2021-09-03,Sonoma,097,501317,38167,37699,455,38154,358
2021-09-03,Stanislaus,099,539301,68834,67887,7618,75505,1074
2021-09-03,Sutter,101,95872,12288,12073,180,12253,139
2021-09-03,Tehama,103,63373,6587,6334,989,7323,72
2021-09-03,Trinity,105,12862,654,490,167,657,6
2021-09-03,Tulare,107,460477,58255,56401,11548,67949,872
2021-09-03,Tuolumne,109,53932,5770,5630,63,5693,88
2021-09-03,Ventura,111,848112,92271,90742,3952,94694,1088
2021-09-03,Yolo,113,214977,17780,17446,757,18203,235
2021-09-03,Yuba,115,75493,8662,8412,178,8590,55
2021-09-02,Alameda,001,1643700,110658,109377,2476,111853,1301
2021-09-02,Alpine,002,1148,93,92,0,92,0
2021-09-02,Amador,005,37829,4680,4606,43,4649,53
2021-09-02,Butte,007,227075,16786,16154,2938,19092,215
2021-09-02,Calaveras,009,45235,3146,3042,19,3061,62
2021-09-02,Colusa,011,21464,2327,2290,502,2792,16
2021-09-02,Contra Costa,013,1133247,91488,90038,1792,91830,886
2021-09-02,Del Norte,015,27424,3115,2891,18,2909,24
2021-09-02,El Dorado,017,186661,14014,13641,1326,14967,119
2021-09-02,Fresno,019,978130,120764,117974,10615,128589,1804
2021-09-02,Glenn,021,27897,2971,2855,832,3687,20
2021-09-02,Humboldt,023,135768,7405,7141,281,7422,52
2021-09-02,Imperial,025,180216,30719,30449,2862,33311,751
2021-09-02,Inyo,027,18085,1578,1564,16,1580,39
2021-09-02,Kern,029,883053,111574,108930,15824,124754,1404
2021-09-02,Kings,031,150075,27439,26638,1465,28103,263
2021-09-02,Lake,033,64148,5656,5432,86,5518,78
2021-09-02,Lassen,035,31185,5897,5747,177,5924,21
2021-09-02,Los Angeles,037,10098052,1367640,1351105,49370,1400475,25382
2021-09-02,Madera,039,155013,19528,18937,1451,20388,247
2021-09-02,Marin,041,260295,16458,16244,361,16605,242
2021-09-02,Mariposa,043,17540,782,745,22,767,5
2021-09-02,Mendocino,045,87422,6104,5848,232,6080,61
2021-09-02,Merced,047,269075,36446,35820,1374,37194,508
2021-09-02,Modoc,049,8938,455,437,158,595,5
2021-09-02,Mono,051,14174,1437,1409,18,1427,3
2021-09-02,Monterey,053,433212,46399,45648,2379,48027,539
2021-09-02,Napa,055,140530,11826,11684,73,11757,88
2021-09-02,Nevada,057,99092,7845,7575,256,7831,82
2021-09-02,Orange,059,3164182,290655,286326,13438,299764,5240
2021-09-02,Placer,061,380077,31974,31067,2842,33909,330
2021-09-02,Plumas,063,18699,1091,1045,18,1063,5
2021-09-02,Riverside,065,2383286,336811,330190,15374,345564,4644
2021-09-02,Sacramento,067,1510023,140667,139274,3197,142471,1882
2021-09-02,San Benito,069,59416,6778,6734,132,6866,64
2021-09-02,San Bernardino,071,2135413,331124,326940,10149,337089,5369
2021-09-02,San Diego,073,3302833,341612,336382,20034,356416,3909
2021-09-02,San Francisco,075,870044,48475,47674,2011,49685,587
2021-09-02,San Joaquin,077,732212,89722,88056,4634,92690,1540
2021-09-02,San Luis Obispo,079,281455,26485,25851,1004,26855,283
2021-09-02,San Mateo,081,765935,50368,49490,733,50223,558
2021-09-02,Santa Barbara,083,443738,40423,39386,1370,40756,486
2021-09-02,Santa Clara,085,1922200,137068,135216,1020,136236,1799
2021-09-02,Santa Cruz,087,273765,18807,18473,937,19410,210
2021-09-02,Shasta,089,179085,16397,15670,2425,18095,224
2021-09-02,Sierra,091,2930,124,105,13,118,0
2021-09-02,Siskiyou,093,43540,2667,2513,802,3315,34
2021-09-02,Solano,095,438530,42355,41293,1052,42345,294
2021-09-02,Sonoma,097,501317,38086,37558,455,38013,352
2021-09-02,Stanislaus,099,539301,68594,67576,7598,75174,1074
2021-09-02,Sutter,101,95872,12219,11995,176,12171,138
2021-09-02,Tehama,103,63373,6529,6265,970,7235,72
2021-09-02,Trinity,105,12862,650,484,165,649,6
2021-09-02,Tulare,107,460477,58024,56105,11494,67599,872
2021-09-02,Tuolumne,109,53932,5713,5578,63,5641,88
2021-09-02,Ventura,111,848112,92088,90610,3947,94557,1084
2021-09-02,Yolo,113,214977,17705,17357,751,18108,235
2021-09-02,Yuba,115,75493,8602,8363,178,8541,55
2021-09-01,Alameda,001,1643700,110390,109075,2471,111546,1299
2021-09-01,Alpine,002,1148,93,92,0,92,0
2021-09-01,Amador,005,37829,4664,4599,42,4641,53
2021-09-01,Butte,007,227075,16671,16046,2909,18955,215
2021-09-01,Calaveras,009,45235,3134,3023,19,3042,59
2021-09-01,Colusa,011,21464,2322,2281,501,2782,16
2021-09-01,Contra Costa,013,1133247,91252,89834,1785,91619,877
2021-09-01,Del Norte,015,27424,3082,2860,18,2878,24
2021-09-01,El Dorado,017,186661,13958,13577,1297,14874,119
2021-09-01,Fresno,019,978130,120273,117492,10545,128037,1800
2021-09-01,Glenn,021,27897,2946,2846,824,3670,20
2021-09-01,Humboldt,023,135768,7358,7090,274,7364,52
2021-09-01,Imperial,025,180216,30681,30393,2857,33250,750
2021-09-01,Inyo,027,18085,1574,1561,15,1576,39
2021-09-01,Kern,029,883053,111144,108449,15686,124135,1400
2021-09-01,Kings,031,150075,27326,26443,1454,27897,263
2021-09-01,Lake,033,64148,5615,5396,81,5477,77
2021-09-01,Lassen,035,31185,5875,5731,173,5904,21
2021-09-01,Los Angeles,037,10098052,1365374,1348589,49270,1397859,25341
2021-09-01,Madera,039,155013,19450,18852,1436,20288,247
2021-09-01,Marin,041,260295,16436,16224,356,16580,240
2021-09-01,Mariposa,043,17540,774,735,22,757,5
2021-09-01,Mendocino,045,87422,6061,5821,227,6048,59
2021-09-01,Merced,047,269075,36268,35686,1364,37050,500
2021-09-01,Modoc,049,8938,449,436,156,592,5
2021-09-01,Mono,051,14174,1437,1400,18,1418,3
2021-09-01,Monterey,053,433212,46319,45590,2364,47954,539
2021-09-01,Napa,055,140530,11793,11653,73,11726,88
2021-09-01,Nevada,057,99092,7792,7508,255,7763,82
2021-09-01,Orange,059,3164182,290181,285840,13401,299241,5233
2021-09-01,Placer,061,380077,31818,30902,2828,33730,330
2021-09-01,Plumas,063,18699,1083,1033,18,1051,5
2021-09-01,Riverside,065,2383286,335999,329388,15344,344732,4634
2021-09-01,Sacramento,067,1510023,140059,138499,3152,141651,1875
2021-09-01,San Benito,069,59416,6761,6716,132,6848,64
2021-09-01,San Bernardino,071,2135413,330478,326250,10120,336370,5364
2021-09-01,San Diego,073,3302833,340590,335302,19978,355280,3908
2021-09-01,San Francisco,075,870044,48367,47538,2004,49542,584
2021-09-01,San Joaquin,077,732212,89400,87640,4611,92251,1540
2021-09-01,San Luis Obispo,079,281455,26389,25691,999,26690,283
2021-09-01,San Mateo,081,765935,50249,49394,727,50121,558
2021-09-01,Santa Barbara,083,443738,40305,39263,1354,40617,483
2021-09-01,Santa Clara,085,1922200,136800,134855,1014,135869,1796
2021-09-01,Santa Cruz,087,273765,18760,18453,935,19388,210
2021-09-01,Shasta,089,179085,16265,15552,2385,17937,221
2021-09-01,Sierra,091,2930,123,98,13,111,0
2021-09-01,Siskiyou,093,43540,2637,2482,782,3264,34
2021-09-01,Solano,095,438530,42204,41194,1046,42240,293
2021-09-01,Sonoma,097,501317,37992,37454,454,37908,352
2021-09-01,Stanislaus,099,539301,68309,67287,7567,74854,1075
2021-09-01,Sutter,101,95872,12155,11945,169,12114,136
2021-09-01,Tehama,103,63373,6495,6228,953,7181,72
2021-09-01,Trinity,105,12862,649,482,162,644,5
2021-09-01,Tulare,107,460477,57741,55768,11457,67225,870
2021-09-01,Tuolumne,109,53932,5674,5553,63,5616,88
2021-09-01,Ventura,111,848112,91873,90471,3931,94402,1089
2021-09-01,Yolo,113,214977,17645,17264,749,18013,235
2021-09-01,Yuba,115,75493,8540,8308,178,8486,55
2021-08-31,Alameda,001,1643700,110097,108837,2465,111302,1297
2021-08-31,Alpine,002,1148,91,92,0,92,0
2021-08-31,Amador,005,37829,4643,4555,42,4597,53
2021-08-31,Butte,007,227075,16531,15896,2866,18762,216
2021-08-31,Calaveras,009,45235,3094,3008,19,3027,59
2021-08-31,Colusa,011,21464,2320,2275,499,2774,16
2021-08-31,Contra Costa,013,1133247,90957,89546,1773,91319,871
2021-08-31,Del Norte,015,27424,3046,2830,18,2848,19
2021-08-31,El Dorado,017,186661,13887,13539,1279,14818,119
2021-08-31,Fresno,019,978130,119696,117155,10466,127621,1801
2021-08-31,Glenn,021,27897,2930,2829,814,3643,20
2021-08-31,Humboldt,023,135768,7283,7030,261,7291,52
2021-08-31,Imperial,025,180216,30644,30348,2849,33197,750
2021-08-31,Inyo,027,18085,1570,1550,15,1565,39
2021-08-31,Kern,029,883053,110642,108151,15507,123658,1393
2021-08-31,Kings,031,150075,27185,26405,1440,27845,260
2021-08-31,Lake,033,64148,5571,5359,80,5439,74
2021-08-31,Lassen,035,31185,5849,5702,170,5872,21
2021-08-31,Los Angeles,037,10098052,1362782,1346686,49193,1395879,25303
2021-08-31,Madera,039,155013,19360,18811,1419,20230,247
2021-08-31,Marin,041,260295,16407,16215,353,16568,240
2021-08-31,Mariposa,043,17540,766,732,22,754,5
2021-08-31,Mendocino,045,87422,6019,5777,226,6003,59
2021-08-31,Merced,047,269075,36098,35512,1359,36871,498
2021-08-31,Modoc,049,8938,448,436,156,592,5
2021-08-31,Mono,051,14174,1425,1398,18,1416,3
2021-08-31,Monterey,053,433212,46235,45550,2351,47901,539
2021-08-31,Napa,055,140530,11745,11618,73,11691,88
2021-08-31,Nevada,057,99092,7726,7460,255,7715,82
2021-08-31,Orange,059,3164182,289582,285310,13369,298679,5229
2021-08-31,Placer,061,380077,31629,30745,2791,33536,325
2021-08-31,Plumas,063,18699,1079,1018,17,1035,5
2021-08-31,Riverside,065,2383286,335027,328556,15311,343867,4627
2021-08-31,Sacramento,067,1510023,139374,137879,3120,140999,1863
2021-08-31,San Benito,069,59416,6749,6694,130,6824,64
2021-08-31,San Bernardino,071,2135413,329729,325446,10100,335546,5350
2021-08-31,San Diego,073,3302833,339337,334377,19920,354297,3888
2021-08-31,San Francisco,075,870044,48217,47440,1993,49433,581
2021-08-31,San Joaquin,077,732212,88956,87365,4596,91961,1540
2021-08-31,San Luis Obispo,079,281455,26266,25518,995,26513,282
2021-08-31,San Mateo,081,765935,50137,49299,727,50026,556
2021-08-31,Santa Barbara,083,443738,40155,39091,1348,40439,481
2021-08-31,Santa Clara,085,1922200,136447,134637,1007,135644,1793
2021-08-31,Santa Cruz,087,273765,18722,18419,932,19351,210
2021-08-31,Shasta,089,179085,16113,15368,2358,17726,220
2021-08-31,Sierra,091,2930,120,95,13,108,0
2021-08-31,Siskiyou,093,43540,2617,2435,766,3201,33
2021-08-31,Solano,095,438530,42064,41067,1040,42107,289
2021-08-31,Sonoma,097,501317,37896,37379,453,37832,352
2021-08-31,Stanislaus,099,539301,67954,67004,7532,74536,1075
2021-08-31,Sutter,101,95872,12090,11901,165,12066,136
2021-08-31,Tehama,103,63373,6434,6169,922,7091,72
2021-08-31,Trinity,105,12862,643,480,162,642,3
2021-08-31,Tulare,107,460477,57407,55567,11387,66954,870
2021-08-31,Tuolumne,109,53932,5638,5516,63,5579,88
2021-08-31,Ventura,111,848112,91654,90292,3919,94211,1081
2021-08-31,Yolo,113,214977,17559,17205,747,17952,234
2021-08-31,Yuba,115,75493,8486,8253,178,8431,54
2021-08-30,Alameda,001,1643700,109780,107734,2454,110188,1296
2021-08-30,Alpine,002,1148,91,92,0,92,0
2021-08-30,Amador,005,37829,4632,4507,42,4549,53
2021-08-30,Butte,007,227075,16379,15719,2832,18551,214
2021-08-30,Calaveras,009,45235,3079,2975,19,2994,59
2021-08-30,Colusa,011,21464,2311,2271,496,2767,16
2021-08-30,Contra Costa,013,1133247,90697,87679,1763,89442,872
2021-08-30,Del Norte,015,27424,3004,2796,17,2813,11
2021-08-30,El Dorado,017,186661,13818,13217,1262,14479,119
2021-08-30,Fresno,019,978130,119125,115867,10394,126261,1790
2021-08-30,Glenn,021,27897,2919,2804,808,3612,20
2021-08-30,Humboldt,023,135768,7229,6930,255,7185,52
2021-08-30,Imperial,025,180216,30606,30311,2844,33155,750
2021-08-30,Inyo,027,18085,1565,1544,15,1559,39
2021-08-30,Kern,029,883053,110164,107615,15345,122960,1389
2021-08-30,Kings,031,150075,27069,26236,1425,27661,259
2021-08-30,Lake,033,64148,5536,5323,77,5400,74
2021-08-30,Lassen,035,31185,5827,5667,164,5831,21
2021-08-30,Los Angeles,037,10098052,1360323,1344949,49108,1394057,25269
2021-08-30,Madera,039,155013,19278,18622,1399,20021,247
2021-08-30,Marin,041,260295,16376,16160,353,16513,240
2021-08-30,Mariposa,043,17540,760,715,21,736,5
2021-08-30,Mendocino,045,87422,5985,5721,222,5943,55
2021-08-30,Merced,047,269075,35970,35335,1355,36690,497
2021-08-30,Modoc,049,8938,446,436,155,591,5
2021-08-30,Mono,051,14174,1424,1390,18,1408,3
2021-08-30,Monterey,053,433212,46173,45463,2334,47797,539
2021-08-30,Napa,055,140530,11696,11579,71,11650,87
2021-08-30,Nevada,057,99092,7667,7356,252,7608,82
2021-08-30,Orange,059,3164182,289000,284750,13320,298070,5223
2021-08-30,Placer,061,380077,31465,29825,2768,32593,319
2021-08-30,Plumas,063,18699,1062,998,17,1015,5
2021-08-30,Riverside,065,2383286,334137,327593,15280,342873,4623
2021-08-30,Sacramento,067,1510023,138716,134571,3074,137645,1847
2021-08-30,San Benito,069,59416,6740,6663,130,6793,64
2021-08-30,San Bernardino,071,2135413,329051,324870,10070,334940,5348
2021-08-30,San Diego,073,3302833,338066,333011,19840,352851,3885
2021-08-30,San Francisco,075,870044,48076,46966,1980,48946,581
2021-08-30,San Joaquin,077,732212,88625,86203,4575,90778,1528
2021-08-30,San Luis Obispo,079,281455,26141,25422,988,26410,280
2021-08-30,San Mateo,081,765935,50011,48839,721,49560,554
2021-08-30,Santa Barbara,083,443738,40003,38998,1343,40341,481
2021-08-30,Santa Clara,085,1922200,136126,133281,1000,134281,1789
2021-08-30,Santa Cruz,087,273765,18668,18326,928,19254,210
2021-08-30,Shasta,089,179085,15984,15238,2319,17557,217
2021-08-30,Sierra,091,2930,118,91,13,104,0
2021-08-30,Siskiyou,093,43540,2604,2411,755,3166,33
2021-08-30,Solano,095,438530,41903,39986,1036,41022,290
2021-08-30,Sonoma,097,501317,37791,36764,453,37217,352
2021-08-30,Stanislaus,099,539301,67615,66173,7501,73674,1074
2021-08-30,Sutter,101,95872,12020,11791,158,11949,136
2021-08-30,Tehama,103,63373,6355,6085,898,6983,71
2021-08-30,Trinity,105,12862,632,468,159,627,3
2021-08-30,Tulare,107,460477,57095,55140,11312,66452,870
2021-08-30,Tuolumne,109,53932,5592,5492,63,5555,74
2021-08-30,Ventura,111,848112,91438,90149,3907,94056,1082
2021-08-30,Yolo,113,214977,17497,17071,743,17814,231
2021-08-30,Yuba,115,75493,8412,8129,177,8306,54
2021-08-29,Alameda,001,1643700,109448,107494,2443,109937,1296
2021-08-29,Alpine,002,1148,91,92,0,92,0
2021-08-29,Amador,005,37829,4618,4501,42,4543,53
2021-08-29,Butte,007,227075,16209,15602,2795,18397,214
2021-08-29,Calaveras,009,45235,3047,2970,19,2989,59
2021-08-29,Colusa,011,21464,2304,2260,490,2750,16
2021-08-29,Contra Costa,013,1133247,90400,87439,1758,89197,872
2021-08-29,Del Norte,015,27424,2961,2752,17,2769,11
2021-08-29,El Dorado,017,186661,13762,13166,1251,14417,119
2021-08-29,Fresno,019,978130,118528,115502,10324,125826,1790
2021-08-29,Glenn,021,27897,2901,2778,801,3579,20
2021-08-29,Humboldt,023,135768,7185,6922,240,7162,52
2021-08-29,Imperial,025,180216,30545,30293,2833,33126,750
2021-08-29,Inyo,027,18085,1555,1543,14,1557,39
2021-08-29,Kern,029,883053,109713,107324,15175,122499,1389
2021-08-29,Kings,031,150075,26915,26143,1411,27554,259
2021-08-29,Lake,033,64148,5496,5293,67,5360,74
2021-08-29,Lassen,035,31185,5804,5666,160,5826,21
2021-08-29,Los Angeles,037,10098052,1357575,1342541,48997,1391538,25263
2021-08-29,Madera,039,155013,19191,18594,1383,19977,247
2021-08-29,Marin,041,260295,16345,16134,351,16485,240
2021-08-29,Mariposa,043,17540,754,709,19,728,5
2021-08-29,Mendocino,045,87422,5927,5689,209,5898,55
2021-08-29,Merced,047,269075,35731,35250,1343,36593,497
2021-08-29,Modoc,049,8938,443,436,155,591,5
2021-08-29,Mono,051,14174,1417,1387,18,1405,3
2021-08-29,Monterey,053,433212,46068,45424,2311,47735,539
2021-08-29,Napa,055,140530,11665,11552,71,11623,87
2021-08-29,Nevada,057,99092,7610,7294,251,7545,82
2021-08-29,Orange,059,3164182,288372,284432,13278,297710,5223
2021-08-29,Placer,061,380077,31294,29674,2728,32402,319
2021-08-29,Plumas,063,18699,1051,996,17,1013,5
2021-08-29,Riverside,065,2383286,333276,326987,15259,342246,4623
2021-08-29,Sacramento,067,1510023,137963,133981,3024,137005,1843
2021-08-29,San Benito,069,59416,6715,6646,130,6776,64
2021-08-29,San Bernardino,071,2135413,328266,324266,10037,334303,5347
2021-08-29,San Diego,073,3302833,336960,332014,19745,351759,3880
2021-08-29,San Francisco,075,870044,47941,46885,1968,48853,581
2021-08-29,San Joaquin,077,732212,88177,85922,4555,90477,1528
2021-08-29,San Luis Obispo,079,281455,25943,25288,980,26268,280
2021-08-29,San Mateo,081,765935,49898,48737,716,49453,554
2021-08-29,Santa Barbara,083,443738,39837,38900,1339,40239,481
2021-08-29,Santa Clara,085,1922200,135773,132979,994,133973,1789
2021-08-29,Santa Cruz,087,273765,18621,18285,926,19211,210
2021-08-29,Shasta,089,179085,15830,15198,2292,17490,217
2021-08-29,Sierra,091,2930,116,91,13,104,0
2021-08-29,Siskiyou,093,43540,2557,2407,735,3142,33
2021-08-29,Solano,095,438530,41749,39887,1029,40916,290
2021-08-29,Sonoma,097,501317,37656,36650,449,37099,352
2021-08-29,Stanislaus,099,539301,67270,65956,7465,73421,1074
2021-08-29,Sutter,101,95872,11961,11719,151,11870,136
2021-08-29,Tehama,103,63373,6284,6040,875,6915,71
2021-08-29,Trinity,105,12862,629,468,156,624,3
2021-08-29,Tulare,107,460477,56761,54974,11228,66202,870
2021-08-29,Tuolumne,109,53932,5566,5478,62,5540,74
2021-08-29,Ventura,111,848112,91180,90114,3898,94012,1082
2021-08-29,Yolo,113,214977,17397,17015,730,17745,231
2021-08-29,Yuba,115,75493,8348,8042,177,8219,54
2021-08-28,Alameda,001,1643700,109285,107007,2434,109441,1296
2021-08-28,Alpine,002,1148,91,92,0,92,0
2021-08-28,Amador,005,37829,4599,4484,41,4525,53
2021-08-28,Butte,007,227075,16149,15487,2767,18254,214
2021-08-28,Calaveras,009,45235,3037,2926,19,2945,59
2021-08-28,Colusa,011,21464,2300,2252,488,2740,16
2021-08-28,Contra Costa,013,1133247,90189,86938,1755,88693,872
2021-08-28,Del Norte,015,27424,2934,2734,16,2750,11
2021-08-28,El Dorado,017,186661,13723,13089,1245,14334,119
2021-08-28,Fresno,019,978130,118287,115079,10293,125372,1792
2021-08-28,Glenn,021,27897,2892,2773,794,3567,20
2021-08-28,Humboldt,023,135768,7150,6887,235,7122,52
2021-08-28,Imperial,025,180216,30518,30260,2830,33090,750
2021-08-28,Inyo,027,18085,1553,1539,14,1553,39
2021-08-28,Kern,029,883053,109475,107012,15035,122047,1389
2021-08-28,Kings,031,150075,26848,26059,1408,27467,257
2021-08-28,Lake,033,64148,5473,5267,63,5330,74
2021-08-28,Lassen,035,31185,5789,5665,159,5824,21
2021-08-28,Los Angeles,037,10098052,1356360,1337097,48926,1386023,25234
2021-08-28,Madera,039,155013,19140,18553,1369,19922,247
2021-08-28,Marin,041,260295,16330,16106,351,16457,240
2021-08-28,Mariposa,043,17540,752,704,19,723,5
2021-08-28,Mendocino,045,87422,5902,5658,209,5867,55
2021-08-28,Merced,047,269075,35679,35108,1340,36448,497
2021-08-28,Modoc,049,8938,443,436,154,590,5
2021-08-28,Mono,051,14174,1414,1385,18,1403,3
2021-08-28,Monterey,053,433212,46026,45394,2306,47700,539
2021-08-28,Napa,055,140530,11642,11512,70,11582,88
2021-08-28,Nevada,057,99092,7586,7238,249,7487,82
2021-08-28,Orange,059,3164182,288015,283953,13230,297183,5222
2021-08-28,Placer,061,380077,31186,29428,2715,32143,319
2021-08-28,Plumas,063,18699,1044,991,17,1008,5
2021-08-28,Riverside,065,2383286,332688,326222,15249,341471,4623
2021-08-28,Sacramento,067,1510023,137572,132985,3006,135991,1844
2021-08-28,San Benito,069,59416,6708,6636,130,6766,64
2021-08-28,San Bernardino,071,2135413,327818,323672,10029,333701,5348
2021-08-28,San Diego,073,3302833,336376,331330,19709,351039,3880
2021-08-28,San Francisco,075,870044,47869,46654,1961,48615,581
2021-08-28,San Joaquin,077,732212,88007,85481,4546,90027,1527
2021-08-28,San Luis Obispo,079,281455,25876,25138,975,26113,280
2021-08-28,San Mateo,081,765935,49824,48575,712,49287,554
2021-08-28,Santa Barbara,083,443738,39766,38780,1339,40119,481
2021-08-28,Santa Clara,085,1922200,135567,132488,992,133480,1789
2021-08-28,Santa Cruz,087,273765,18603,18240,923,19163,210
2021-08-28,Shasta,089,179085,15727,15147,2274,17421,217
2021-08-28,Sierra,091,2930,112,91,13,104,0
2021-08-28,Siskiyou,093,43540,2549,2402,724,3126,33
2021-08-28,Solano,095,438530,41700,39610,1028,40638,290
2021-08-28,Sonoma,097,501317,37583,36466,447,36913,352
2021-08-28,Stanislaus,099,539301,67112,65670,7448,73118,1074
2021-08-28,Sutter,101,95872,11940,11669,150,11819,136
2021-08-28,Tehama,103,63373,6258,6004,864,6868,71
2021-08-28,Trinity,105,12862,625,463,155,618,3
2021-08-28,Tulare,107,460477,56631,54746,11186,65932,870
2021-08-28,Tuolumne,109,53932,5550,5469,62,5531,74
2021-08-28,Ventura,111,848112,91062,89934,3896,93830,1081
2021-08-28,Yolo,113,214977,17362,16907,723,17630,231
2021-08-28,Yuba,115,75493,8317,7985,176,8161,55
2021-08-27,Alameda,001,1643700,109075,106622,2432,109054,1296
2021-08-27,Alpine,002,1148,91,92,0,92,0
2021-08-27,Amador,005,37829,4583,4458,40,4498,53
2021-08-27,Butte,007,227075,16068,15277,2746,18023,214
2021-08-27,Calaveras,009,45235,3023,2903,19,2922,59
2021-08-27,Colusa,011,21464,2294,2240,486,2726,16
2021-08-27,Contra Costa,013,1133247,89991,86386,1752,88138,872
2021-08-27,Del Norte,015,27424,2902,2695,16,2711,11
2021-08-27,El Dorado,017,186661,13684,12968,1241,14209,119
2021-08-27,Fresno,019,978130,117851,114481,10272,124753,1774
2021-08-27,Glenn,021,27897,2874,2754,785,3539,20
2021-08-27,Humboldt,023,135768,7117,6782,232,7014,52
2021-08-27,Imperial,025,180216,30498,30201,2828,33029,750
2021-08-27,Inyo,027,18085,1552,1529,14,1543,39
2021-08-27,Kern,029,883053,109181,106570,14925,121495,1385
2021-08-27,Kings,031,150075,26769,25957,1406,27363,257
2021-08-27,Lake,033,64148,5448,5228,62,5290,74
2021-08-27,Lassen,035,31185,5773,5646,154,5800,21
2021-08-27,Los Angeles,037,10098052,1354831,1337006,48865,1385871,25230
2021-08-27,Madera,039,155013,19084,18476,1356,19832,247
2021-08-27,Marin,041,260295,16314,16055,349,16404,240
2021-08-27,Mariposa,043,17540,746,690,19,709,5
2021-08-27,Mendocino,045,87422,5871,5602,208,5810,55
2021-08-27,Merced,047,269075,35625,34906,1332,36238,495
2021-08-27,Modoc,049,8938,443,434,154,588,5
2021-08-27,Mono,051,14174,1409,1385,18,1403,3
2021-08-27,Monterey,053,433212,45977,45337,2298,47635,539
2021-08-27,Napa,055,140530,11608,11460,70,11530,87
2021-08-27,Nevada,057,99092,7546,7169,247,7416,82
2021-08-27,Orange,059,3164182,287655,283407,13191,296598,5206
2021-08-27,Placer,061,380077,31055,29157,2696,31853,320
2021-08-27,Plumas,063,18699,1038,984,17,1001,5
2021-08-27,Riverside,065,2383286,332170,325379,15234,340613,4622
2021-08-27,Sacramento,067,1510023,137137,131921,2993,134914,1838
2021-08-27,San Benito,069,59416,6702,6622,130,6752,64
2021-08-27,San Bernardino,071,2135413,327292,322893,10011,332904,5342
2021-08-27,San Diego,073,3302833,335595,330162,19655,349817,3877
2021-08-27,San Francisco,075,870044,47793,46456,1943,48399,581
2021-08-27,San Joaquin,077,732212,87824,84949,4527,89476,1524
2021-08-27,San Luis Obispo,079,281455,25827,24952,972,25924,280
2021-08-27,San Mateo,081,765935,49749,48424,708,49132,553
2021-08-27,Santa Barbara,083,443738,39674,38675,1337,40012,480
2021-08-27,Santa Clara,085,1922200,135338,132011,989,133000,1783
2021-08-27,Santa Cruz,087,273765,18563,18163,919,19082,210
2021-08-27,Shasta,089,179085,15648,14996,2258,17254,217
2021-08-27,Sierra,091,2930,111,91,13,104,0
2021-08-27,Siskiyou,093,43540,2534,2358,710,3068,33
2021-08-27,Solano,095,438530,41586,39347,1024,40371,287
2021-08-27,Sonoma,097,501317,37512,36326,446,36772,342
2021-08-27,Stanislaus,099,539301,66903,65167,7411,72578,1061
2021-08-27,Sutter,101,95872,11894,11590,148,11738,135
2021-08-27,Tehama,103,63373,6226,5964,849,6813,71
2021-08-27,Trinity,105,12862,625,458,154,612,3
2021-08-27,Tulare,107,460477,56495,54443,11141,65584,870
2021-08-27,Tuolumne,109,53932,5518,5438,62,5500,74
2021-08-27,Ventura,111,848112,90933,89774,3892,93666,1076
2021-08-27,Yolo,113,214977,17320,16805,718,17523,231
2021-08-27,Yuba,115,75493,8260,7926,176,8102,54
2021-08-26,Alameda,001,1643700,108807,106146,2423,108569,1296
2021-08-26,Alpine,002,1148,91,92,0,92,0
2021-08-26,Amador,005,37829,4568,4442,39,4481,53
2021-08-26,Butte,007,227075,15934,15159,2707,17866,214
2021-08-26,Calaveras,009,45235,3012,2873,19,2892,59
2021-08-26,Colusa,011,21464,2287,2234,482,2716,16
2021-08-26,Contra Costa,013,1133247,89631,85808,1746,87554,866
2021-08-26,Del Norte,015,27424,2866,2625,16,2641,8
2021-08-26,El Dorado,017,186661,13615,12863,1227,14090,118
2021-08-26,Fresno,019,978130,117349,113854,10217,124071,1770
2021-08-26,Glenn,021,27897,2856,2740,776,3516,20
2021-08-26,Humboldt,023,135768,7059,6695,222,6917,53
2021-08-26,Imperial,025,180216,30449,30121,2821,32942,748
2021-08-26,Inyo,027,18085,1542,1521,13,1534,39
2021-08-26,Kern,029,883053,108753,106051,14783,120834,1380
2021-08-26,Kings,031,150075,26646,25838,1397,27235,260
2021-08-26,Lake,033,64148,5402,5196,59,5255,74
2021-08-26,Lassen,035,31185,5761,5626,152,5778,21
2021-08-26,Los Angeles,037,10098052,1352556,1334372,48772,1383144,25199
2021-08-26,Madera,039,155013,19014,18393,1343,19736,247
2021-08-26,Marin,041,260295,16285,15983,346,16329,240
2021-08-26,Mariposa,043,17540,736,677,19,696,5
2021-08-26,Mendocino,045,87422,5833,5533,203,5736,55
2021-08-26,Merced,047,269075,35457,34755,1311,36066,495
2021-08-26,Modoc,049,8938,443,433,154,587,5
2021-08-26,Mono,051,14174,1405,1385,18,1403,3
2021-08-26,Monterey,053,433212,45904,45265,2287,47552,539
2021-08-26,Napa,055,140530,11585,11394,69,11463,87
2021-08-26,Nevada,057,99092,7489,7086,244,7330,80
2021-08-26,Orange,059,3164182,287163,282814,13167,295981,5200
2021-08-26,Placer,061,380077,30886,28898,2671,31569,319
2021-08-26,Plumas,063,18699,1031,971,16,987,5
2021-08-26,Riverside,065,2383286,331378,324486,15214,339700,4615
2021-08-26,Sacramento,067,1510023,136603,130977,2952,133929,1827
2021-08-26,San Benito,069,59416,6692,6604,130,6734,64
2021-08-26,San Bernardino,071,2135413,326634,322100,9986,332086,5339
2021-08-26,San Diego,073,3302833,334568,328276,19589,347865,3869
2021-08-26,San Francisco,075,870044,47667,46288,1937,48225,581
2021-08-26,San Joaquin,077,732212,87446,84429,4506,88935,1513
2021-08-26,San Luis Obispo,079,281455,25677,24831,965,25796,278
2021-08-26,San Mateo,081,765935,49620,48263,706,48969,553
2021-08-26,Santa Barbara,083,443738,39589,38566,1336,39902,479
2021-08-26,Santa Clara,085,1922200,135013,131443,985,132428,1782
2021-08-26,Santa Cruz,087,273765,18503,18072,917,18989,210
2021-08-26,Shasta,089,179085,15526,14891,2230,17121,217
2021-08-26,Sierra,091,2930,109,90,13,103,0
2021-08-26,Siskiyou,093,43540,2512,2342,697,3039,33
2021-08-26,Solano,095,438530,41437,39027,1015,40042,286
2021-08-26,Sonoma,097,501317,37423,36102,446,36548,337
2021-08-26,Stanislaus,099,539301,66603,64785,7370,72155,1061
2021-08-26,Sutter,101,95872,11834,11499,145,11644,135
2021-08-26,Tehama,103,63373,6168,5913,836,6749,68
2021-08-26,Trinity,105,12862,620,450,152,602,3
2021-08-26,Tulare,107,460477,56238,54157,11094,65251,870
2021-08-26,Tuolumne,109,53932,5498,5387,62,5449,74
2021-08-26,Ventura,111,848112,90747,89595,3883,93478,1080
2021-08-26,Yolo,113,214977,17255,16727,708,17435,231
2021-08-26,Yuba,115,75493,8187,7834,174,8008,54
2021-08-25,Alameda,001,1643700,108491,105636,2416,108052,1296
2021-08-25,Alpine,002,1148,91,92,0,92,0
2021-08-25,Amador,005,37829,4553,4415,39,4454,53
2021-08-25,Butte,007,227075,15826,15039,2663,17702,214
2021-08-25,Calaveras,009,45235,2993,2851,19,2870,59
2021-08-25,Colusa,011,21464,2280,2227,473,2700,16
2021-08-25,Contra Costa,013,1133247,89243,85322,1740,87062,863
2021-08-25,Del Norte,015,27424,2821,2573,16,2589,8
2021-08-25,El Dorado,017,186661,13555,12787,1212,13999,118
2021-08-25,Fresno,019,978130,116819,113384,10175,123559,1761
2021-08-25,Glenn,021,27897,2838,2728,761,3489,20
2021-08-25,Humboldt,023,135768,6990,6653,213,6866,52
2021-08-25,Imperial,025,180216,30412,30085,2815,32900,748
2021-08-25,Inyo,027,18085,1538,1518,13,1531,39
2021-08-25,Kern,029,883053,108322,105687,14628,120315,1379
2021-08-25,Kings,031,150075,26539,25676,1391,27067,258
2021-08-25,Lake,033,64148,5372,5163,56,5219,74
2021-08-25,Lassen,035,31185,5744,5583,151,5734,21
2021-08-25,Los Angeles,037,10098052,1349955,1331400,48676,1380076,25170
2021-08-25,Madera,039,155013,18950,18311,1321,19632,247
2021-08-25,Marin,041,260295,16263,15938,340,16278,240
2021-08-25,Mariposa,043,17540,730,676,19,695,5
2021-08-25,Mendocino,045,87422,5799,5486,197,5683,53
2021-08-25,Merced,047,269075,35325,34600,1298,35898,492
2021-08-25,Modoc,049,8938,443,433,154,587,5
2021-08-25,Mono,051,14174,1401,1382,18,1400,3
2021-08-25,Monterey,053,433212,45830,45196,2272,47468,539
2021-08-25,Napa,055,140530,11552,11348,68,11416,87
2021-08-25,Nevada,057,99092,7423,7000,243,7243,77
2021-08-25,Orange,059,3164182,286637,282061,13133,295194,5193
2021-08-25,Placer,061,380077,30713,28740,2638,31378,319
2021-08-25,Plumas,063,18699,1016,962,16,978,5
2021-08-25,Riverside,065,2383286,330534,323548,15192,338740,4610
2021-08-25,Sacramento,067,1510023,135920,130046,2913,132959,1827
2021-08-25,San Benito,069,59416,6671,6587,129,6716,64
2021-08-25,San Bernardino,071,2135413,325942,321228,9965,331193,5337
2021-08-25,San Diego,073,3302833,333300,327166,19504,346670,3859
2021-08-25,San Francisco,075,870044,47517,46107,1932,48039,578
2021-08-25,San Joaquin,077,732212,87061,84002,4489,88491,1510
2021-08-25,San Luis Obispo,079,281455,25485,24607,961,25568,276
2021-08-25,San Mateo,081,765935,49498,48153,703,48856,553
2021-08-25,Santa Barbara,083,443738,39460,38450,1336,39786,479
2021-08-25,Santa Clara,085,1922200,134645,130995,983,131978,1783
2021-08-25,Santa Cruz,087,273765,18443,17987,914,18901,210
2021-08-25,Shasta,089,179085,15400,14752,2198,16950,217
2021-08-25,Sierra,091,2930,106,90,13,103,0
2021-08-25,Siskiyou,093,43540,2467,2322,679,3001,33
2021-08-25,Solano,095,438530,41266,38848,1003,39851,286
2021-08-25,Sonoma,097,501317,37299,35986,443,36429,336
2021-08-25,Stanislaus,099,539301,66321,64441,7338,71779,1061
2021-08-25,Sutter,101,95872,11766,11451,141,11592,134
2021-08-25,Tehama,103,63373,6109,5861,819,6680,68
2021-08-25,Trinity,105,12862,614,450,151,601,3
2021-08-25,Tulare,107,460477,55954,53877,11024,64901,866
2021-08-25,Tuolumne,109,53932,5472,5354,62,5416,74
2021-08-25,Ventura,111,848112,90563,89379,3869,93248,1068
2021-08-25,Yolo,113,214977,17190,16667,698,17365,231
2021-08-25,Yuba,115,75493,8121,7771,173,7944,54
2021-08-24,Alameda,001,1643700,108182,105319,2404,107723,1296
2021-08-24,Alpine,002,1148,91,92,0,92,0
2021-08-24,Amador,005,37829,4534,4380,39,4419,50
2021-08-24,Butte,007,227075,15672,14964,2629,17593,214
2021-08-24,Calaveras,009,45235,2954,2811,19,2830,59
2021-08-24,Colusa,011,21464,2272,2221,468,2689,16
2021-08-24,Contra Costa,013,1133247,88880,84963,1735,86698,857
2021-08-24,Del Norte,015,27424,2794,2543,16,2559,8
2021-08-24,El Dorado,017,186661,13478,12732,1197,13929,118
2021-08-24,Fresno,019,978130,116207,113024,10112,123136,1761
2021-08-24,Glenn,021,27897,2823,2717,754,3471,20
2021-08-24,Humboldt,023,135768,6927,6585,200,6785,52
2021-08-24,Imperial,025,180216,30350,30045,2810,32855,748
2021-08-24,Inyo,027,18085,1533,1512,13,1525,39
2021-08-24,Kern,029,883053,107858,105399,14464,119863,1375
2021-08-24,Kings,031,150075,26418,25629,1376,27005,258
2021-08-24,Lake,033,64148,5337,5135,56,5191,72
2021-08-24,Lassen,035,31185,5728,5576,149,5725,21
2021-08-24,Los Angeles,037,10098052,1347090,1328777,48570,1377347,25135
2021-08-24,Madera,039,155013,18874,18251,1304,19555,247
2021-08-24,Marin,041,260295,16227,15900,336,16236,240
2021-08-24,Mariposa,043,17540,723,670,19,689,5
2021-08-24,Mendocino,045,87422,5756,5416,190,5606,52
2021-08-24,Merced,047,269075,35157,34490,1287,35777,491
2021-08-24,Modoc,049,8938,443,432,154,586,5
2021-08-24,Mono,051,14174,1399,1382,18,1400,3
2021-08-24,Monterey,053,433212,45764,45126,2255,47381,539
2021-08-24,Napa,055,140530,11520,11299,67,11366,85
2021-08-24,Nevada,057,99092,7353,6981,241,7222,77
2021-08-24,Orange,059,3164182,286037,281461,13109,294570,5187
2021-08-24,Placer,061,380077,30512,28618,2600,31218,318
2021-08-24,Plumas,063,18699,1006,953,16,969,5
2021-08-24,Riverside,065,2383286,329661,322620,15163,337783,4605
2021-08-24,Sacramento,067,1510023,135237,129542,2867,132409,1812
2021-08-24,San Benito,069,59416,6658,6576,129,6705,64
2021-08-24,San Bernardino,071,2135413,325187,320300,9936,330236,5328
2021-08-24,San Diego,073,3302833,331857,325823,19395,345218,3851
2021-08-24,San Francisco,075,870044,47342,46010,1922,47932,574
2021-08-24,San Joaquin,077,732212,86621,83684,4452,88136,1508
2021-08-24,San Luis Obispo,079,281455,25308,24443,950,25393,274
2021-08-24,San Mateo,081,765935,49349,48050,701,48751,553
2021-08-24,Santa Barbara,083,443738,39329,38307,1335,39642,478
2021-08-24,Santa Clara,085,1922200,134221,130763,978,131741,1779
2021-08-24,Santa Cruz,087,273765,18368,17928,908,18836,209
2021-08-24,Shasta,089,179085,15292,14664,2167,16831,217
2021-08-24,Sierra,091,2930,103,90,13,103,0
2021-08-24,Siskiyou,093,43540,2445,2294,664,2958,33
2021-08-24,Solano,095,438530,41057,38724,991,39715,283
2021-08-24,Sonoma,097,501317,37171,35849,441,36290,336
2021-08-24,Stanislaus,099,539301,65992,64195,7284,71479,1058
2021-08-24,Sutter,101,95872,11699,11384,138,11522,134
2021-08-24,Tehama,103,63373,6063,5826,805,6631,67
2021-08-24,Trinity,105,12862,603,446,143,589,3
2021-08-24,Tulare,107,460477,55602,53702,10934,64636,856
2021-08-24,Tuolumne,109,53932,5441,5287,62,5349,74
2021-08-24,Ventura,111,848112,90379,89167,3858,93025,1068
2021-08-24,Yolo,113,214977,17112,16492,685,17177,231
2021-08-24,Yuba,115,75493,8038,7723,171,7894,54
2021-08-23,Alameda,001,1643700,107774,104922,2391,107313,1294
2021-08-23,Alpine,002,1148,91,91,0,91,0
2021-08-23,Amador,005,37829,4520,4369,39,4408,50
2021-08-23,Butte,007,227075,15527,14847,2591,17438,211
2021-08-23,Calaveras,009,45235,2927,2803,19,2822,59
2021-08-23,Colusa,011,21464,2268,2206,465,2671,16
2021-08-23,Contra Costa,013,1133247,88502,84651,1728,86379,857
2021-08-23,Del Norte,015,27424,2748,2499,16,2515,8
2021-08-23,El Dorado,017,186661,13375,12684,1175,13859,118
2021-08-23,Fresno,019,978130,115643,112445,10062,122507,1759
2021-08-23,Glenn,021,27897,2807,2696,744,3440,20
2021-08-23,Humboldt,023,135768,6854,6498,186,6684,52
2021-08-23,Imperial,025,180216,30299,30011,2807,32818,748
2021-08-23,Inyo,027,18085,1526,1509,13,1522,39
2021-08-23,Kern,029,883053,107403,104995,14310,119305,1375
2021-08-23,Kings,031,150075,26287,25465,1370,26835,257
2021-08-23,Lake,033,64148,5297,5099,54,5153,69
2021-08-23,Lassen,035,31185,5716,5562,149,5711,21
2021-08-23,Los Angeles,037,10098052,1344119,1326412,48440,1374852,25096
2021-08-23,Madera,039,155013,18788,18155,1289,19444,246
2021-08-23,Marin,041,260295,16179,15856,332,16188,240
2021-08-23,Mariposa,043,17540,712,645,19,664,5
2021-08-23,Mendocino,045,87422,5689,5374,183,5557,51
2021-08-23,Merced,047,269075,34975,34322,1282,35604,488
2021-08-23,Modoc,049,8938,440,431,153,584,6
2021-08-23,Mono,051,14174,1395,1384,18,1402,3
2021-08-23,Monterey,053,433212,45664,45047,2245,47292,538
2021-08-23,Napa,055,140530,11482,11257,67,11324,85
2021-08-23,Nevada,057,99092,7272,6930,239,7169,77
2021-08-23,Orange,059,3164182,285403,280891,13075,293966,5181
2021-08-23,Placer,061,380077,30309,28540,2563,31103,314
2021-08-23,Plumas,063,18699,998,934,16,950,5
2021-08-23,Riverside,065,2383286,328743,321650,15137,336787,4598
2021-08-23,Sacramento,067,1510023,134449,128969,2800,131769,1807
2021-08-23,San Benito,069,59416,6640,6562,127,6689,64
2021-08-23,San Bernardino,071,2135413,324382,319577,9897,329474,5324
2021-08-23,San Diego,073,3302833,330424,324536,19272,343808,3848
2021-08-23,San Francisco,075,870044,47186,45945,1913,47858,573
2021-08-23,San Joaquin,077,732212,86189,83466,4419,87885,1499
2021-08-23,San Luis Obispo,079,281455,25125,24317,948,25265,274
2021-08-23,San Mateo,081,765935,49211,47935,698,48633,553
2021-08-23,Santa Barbara,083,443738,39150,38181,1333,39514,478
2021-08-23,Santa Clara,085,1922200,133821,130489,974,131463,1778
2021-08-23,Santa Cruz,087,273765,18311,17871,907,18778,209
2021-08-23,Shasta,089,179085,15165,14537,2129,16666,216
2021-08-23,Sierra,091,2930,103,90,13,103,0
2021-08-23,Siskiyou,093,43540,2424,2274,643,2917,33
2021-08-23,Solano,095,438530,40903,38612,982,39594,283
2021-08-23,Sonoma,097,501317,37050,35769,440,36209,336
2021-08-23,Stanislaus,099,539301,65657,63922,7245,71167,1058
2021-08-23,Sutter,101,95872,11611,11314,130,11444,133
2021-08-23,Tehama,103,63373,6009,5805,789,6594,67
2021-08-23,Trinity,105,12862,600,435,140,575,3
2021-08-23,Tulare,107,460477,55295,53370,10862,64232,856
2021-08-23,Tuolumne,109,53932,5399,5240,62,5302,73
2021-08-23,Ventura,111,848112,90161,88960,3846,92806,1063
2021-08-23,Yolo,113,214977,17023,16445,671,17116,226
2021-08-23,Yuba,115,75493,7967,7653,169,7822,54
2021-08-22,Alameda,001,1643700,107330,104539,2364,106903,1294
2021-08-22,Alpine,002,1148,91,91,0,91,0
2021-08-22,Amador,005,37829,4490,4349,39,4388,50
2021-08-22,Butte,007,227075,15388,14791,2556,17347,211
2021-08-22,Calaveras,009,45235,2889,2771,19,2790,59
2021-08-22,Colusa,011,21464,2261,2201,459,2660,16
2021-08-22,Contra Costa,013,1133247,87960,84371,1715,86086,857
2021-08-22,Del Norte,015,27424,2688,2455,16,2471,8
2021-08-22,El Dorado,017,186661,13271,12629,1155,13784,118
2021-08-22,Fresno,019,978130,115042,112057,9994,122051,1759
2021-08-22,Glenn,021,27897,2780,2678,731,3409,20
2021-08-22,Humboldt,023,135768,6776,6483,168,6651,52
2021-08-22,Imperial,025,180216,30241,29993,2802,32795,748
2021-08-22,Inyo,027,18085,1520,1505,13,1518,39
2021-08-22,Kern,029,883053,106877,104691,14158,118849,1375
2021-08-22,Kings,031,150075,26129,25391,1353,26744,257
2021-08-22,Lake,033,64148,5252,5069,51,5120,69
2021-08-22,Lassen,035,31185,5684,5556,145,5701,21
2021-08-22,Los Angeles,037,10098052,1340797,1324151,48310,1372461,25089
2021-08-22,Madera,039,155013,18669,18120,1275,19395,246
2021-08-22,Marin,041,260295,16127,15822,324,16146,240
2021-08-22,Mariposa,043,17540,702,638,17,655,5
2021-08-22,Mendocino,045,87422,5630,5336,183,5519,51
2021-08-22,Merced,047,269075,34772,34234,1269,35503,488
2021-08-22,Modoc,049,8938,438,431,153,584,6
2021-08-22,Mono,051,14174,1393,1378,18,1396,3
2021-08-22,Monterey,053,433212,45564,45017,2231,47248,538
2021-08-22,Napa,055,140530,11437,11231,67,11298,85
2021-08-22,Nevada,057,99092,7198,6864,237,7101,77
2021-08-22,Orange,059,3164182,284709,280390,13031,293421,5181
2021-08-22,Placer,061,380077,30105,28395,2525,30920,314
2021-08-22,Plumas,063,18699,980,923,15,938,5
2021-08-22,Riverside,065,2383286,327722,320836,15090,335926,4594
2021-08-22,Sacramento,067,1510023,133673,128231,2760,130991,1802
2021-08-22,San Benito,069,59416,6624,6550,127,6677,64
2021-08-22,San Bernardino,071,2135413,323415,318839,9862,328701,5324
2021-08-22,San Diego,073,3302833,329102,323591,19166,342757,3848
2021-08-22,San Francisco,075,870044,47020,45831,1904,47735,573
2021-08-22,San Joaquin,077,732212,85732,83121,4384,87505,1498
2021-08-22,San Luis Obispo,079,281455,24919,24250,941,25191,274
2021-08-22,San Mateo,081,765935,49035,47821,693,48514,553
2021-08-22,Santa Barbara,083,443738,38969,38099,1325,39424,478
2021-08-22,Santa Clara,085,1922200,133404,130189,967,131156,1778
2021-08-22,Santa Cruz,087,273765,18253,17823,902,18725,209
2021-08-22,Shasta,089,179085,15028,14478,2093,16571,216
2021-08-22,Sierra,091,2930,103,87,13,100,0
2021-08-22,Siskiyou,093,43540,2395,2261,625,2886,33
2021-08-22,Solano,095,438530,40705,38489,969,39458,283
2021-08-22,Sonoma,097,501317,36893,35676,438,36114,336
2021-08-22,Stanislaus,099,539301,65304,63683,7155,70838,1058
2021-08-22,Sutter,101,95872,11529,11251,126,11377,133
2021-08-22,Tehama,103,63373,5963,5791,770,6561,67
2021-08-22,Trinity,105,12862,593,433,138,571,3
2021-08-22,Tulare,107,460477,54977,53220,10779,63999,856
2021-08-22,Tuolumne,109,53932,5356,5214,62,5276,73
2021-08-22,Ventura,111,848112,89952,88791,3829,92620,1063
2021-08-22,Yolo,113,214977,16920,16374,664,17038,226
2021-08-22,Yuba,115,75493,7894,7626,168,7794,54
2021-08-21,Alameda,001,1643700,107129,104281,2358,106639,1294
2021-08-21,Alpine,002,1148,91,91,0,91,0
2021-08-21,Amador,005,37829,4480,4338,38,4376,50
2021-08-21,Butte,007,227075,15320,14714,2537,17251,211
2021-08-21,Calaveras,009,45235,2873,2744,19,2763,59
2021-08-21,Colusa,011,21464,2255,2192,455,2647,16
2021-08-21,Contra Costa,013,1133247,87701,84136,1707,85843,857
2021-08-21,Del Norte,015,27424,2665,2409,16,2425,8
2021-08-21,El Dorado,017,186661,13227,12590,1151,13741,118
2021-08-21,Fresno,019,978130,114841,111765,9982,121747,1759
2021-08-21,Glenn,021,27897,2767,2654,723,3377,20
2021-08-21,Humboldt,023,135768,6738,6446,163,6609,52
2021-08-21,Imperial,025,180216,30199,29976,2799,32775,748
2021-08-21,Inyo,027,18085,1517,1500,13,1513,39
2021-08-21,Kern,029,883053,106622,104443,14035,118478,1375
2021-08-21,Kings,031,150075,26058,25313,1348,26661,257
2021-08-21,Lake,033,64148,5231,5055,49,5104,69
2021-08-21,Lassen,035,31185,5670,5553,145,5698,21
2021-08-21,Los Angeles,037,10098052,1339499,1321308,48218,1369526,25080
2021-08-21,Madera,039,155013,18631,18067,1269,19336,246
2021-08-21,Marin,041,260295,16093,15775,322,16097,240
2021-08-21,Mariposa,043,17540,692,634,17,651,5
2021-08-21,Mendocino,045,87422,5584,5307,182,5489,51
2021-08-21,Merced,047,269075,34667,34148,1264,35412,488
2021-08-21,Modoc,049,8938,438,430,153,583,6
2021-08-21,Mono,051,14174,1393,1378,18,1396,3
2021-08-21,Monterey,053,433212,45517,44969,2224,47193,538
2021-08-21,Napa,055,140530,11402,11211,67,11278,85
2021-08-21,Nevada,057,99092,7154,6810,236,7046,77
2021-08-21,Orange,059,3164182,284257,279855,12997,292852,5181
2021-08-21,Placer,061,380077,29961,28289,2502,30791,314
2021-08-21,Plumas,063,18699,976,916,14,930,5
2021-08-21,Riverside,065,2383286,327142,320086,15077,335163,4594
2021-08-21,Sacramento,067,1510023,133177,127751,2748,130499,1809
2021-08-21,San Benito,069,59416,6614,6542,126,6668,64
2021-08-21,San Bernardino,071,2135413,322966,318293,9841,328134,5324
2021-08-21,San Diego,073,3302833,328446,322620,19117,341737,3848
2021-08-21,San Francisco,075,870044,46918,45637,1897,47534,573
2021-08-21,San Joaquin,077,732212,85514,82825,4368,87193,1498
2021-08-21,San Luis Obispo,079,281455,24861,24169,941,25110,273
2021-08-21,San Mateo,081,765935,48940,47685,693,48378,553
2021-08-21,Santa Barbara,083,443738,38887,37951,1321,39272,478
2021-08-21,Santa Clara,085,1922200,133139,129911,963,130874,1778
2021-08-21,Santa Cruz,087,273765,18216,17763,897,18660,209
2021-08-21,Shasta,089,179085,14954,14417,2079,16496,217
2021-08-21,Sierra,091,2930,98,85,13,98,0
2021-08-21,Siskiyou,093,43540,2381,2246,614,2860,33
2021-08-21,Solano,095,438530,40594,38423,959,39382,281
2021-08-21,Sonoma,097,501317,36806,35582,437,36019,336
2021-08-21,Stanislaus,099,539301,65122,63512,7138,70650,1058
2021-08-21,Sutter,101,95872,11484,11204,124,11328,133
2021-08-21,Tehama,103,63373,5938,5757,763,6520,67
2021-08-21,Trinity,105,12862,588,431,136,567,3
2021-08-21,Tulare,107,460477,54832,53045,10736,63781,857
2021-08-21,Tuolumne,109,53932,5325,5193,62,5255,73
2021-08-21,Ventura,111,848112,89807,88558,3814,92372,1063
2021-08-21,Yolo,113,214977,16873,16322,658,16980,226
2021-08-21,Yuba,115,75493,7848,7580,167,7747,54
2021-08-20,Alameda,001,1643700,106893,103812,2350,106162,1294
2021-08-20,Alpine,002,1148,91,91,0,91,0
2021-08-20,Amador,005,37829,4454,4323,38,4361,50
2021-08-20,Butte,007,227075,15247,14617,2513,17130,211
2021-08-20,Calaveras,009,45235,2853,2717,19,2736,59
2021-08-20,Colusa,011,21464,2250,2178,453,2631,16
2021-08-20,Contra Costa,013,1133247,87426,83721,1700,85421,857
2021-08-20,Del Norte,015,27424,2633,2316,16,2332,8
2021-08-20,El Dorado,017,186661,13189,12495,1143,13638,118
2021-08-20,Fresno,019,978130,114482,111315,9948,121263,1759
2021-08-20,Glenn,021,27897,2760,2642,713,3355,20
2021-08-20,Humboldt,023,135768,6686,6349,158,6507,52
2021-08-20,Imperial,025,180216,30176,29934,2799,32733,747
2021-08-20,Inyo,027,18085,1511,1495,13,1508,39
2021-08-20,Kern,029,883053,106339,104048,13907,117955,1373
2021-08-20,Kings,031,150075,25992,25241,1346,26587,256
2021-08-20,Lake,033,64148,5216,5024,46,5070,69
2021-08-20,Lassen,035,31185,5650,5539,145,5684,21
2021-08-20,Los Angeles,037,10098052,1337620,1317541,48118,1365659,25049
2021-08-20,Madera,039,155013,18582,18018,1254,19272,246
2021-08-20,Marin,041,260295,16075,15727,318,16045,240
2021-08-20,Mariposa,043,17540,687,630,17,647,5
2021-08-20,Mendocino,045,87422,5538,5241,181,5422,51
2021-08-20,Merced,047,269075,34603,34035,1254,35289,486
2021-08-20,Modoc,049,8938,438,429,153,582,6
2021-08-20,Mono,051,14174,1392,1368,18,1386,3
2021-08-20,Monterey,053,433212,45479,44890,2218,47108,538
2021-08-20,Napa,055,140530,11370,11152,67,11219,83
2021-08-20,Nevada,057,99092,7112,6753,230,6983,77
2021-08-20,Orange,059,3164182,283812,279193,12976,292169,5179
2021-08-20,Placer,061,380077,29866,28156,2474,30630,313
2021-08-20,Plumas,063,18699,966,908,14,922,5
2021-08-20,Riverside,065,2383286,326446,319072,15046,334118,4594
2021-08-20,Sacramento,067,1510023,132701,127226,2730,129956,1797
2021-08-20,San Benito,069,59416,6600,6508,126,6634,64
2021-08-20,San Bernardino,071,2135413,322355,317372,9812,327184,5322
2021-08-20,San Diego,073,3302833,327537,321102,19047,340149,3846
2021-08-20,San Francisco,075,870044,46822,45432,1882,47314,573
2021-08-20,San Joaquin,077,732212,85283,82419,4349,86768,1496
2021-08-20,San Luis Obispo,079,281455,24783,23986,937,24923,273
2021-08-20,San Mateo,081,765935,48827,47561,690,48251,551
2021-08-20,Santa Barbara,083,443738,38801,37794,1316,39110,477
2021-08-20,Santa Clara,085,1922200,132857,129510,958,130468,1774
2021-08-20,Santa Cruz,087,273765,18176,17701,894,18595,209
2021-08-20,Shasta,089,179085,14873,14277,2061,16338,215
2021-08-20,Sierra,091,2930,97,83,13,96,0
2021-08-20,Siskiyou,093,43540,2365,2226,609,2835,33
2021-08-20,Solano,095,438530,40453,38214,948,39162,277
2021-08-20,Sonoma,097,501317,36738,35416,436,35852,336
2021-08-20,Stanislaus,099,539301,64933,63219,7114,70333,1047
2021-08-20,Sutter,101,95872,11428,11136,123,11259,133
2021-08-20,Tehama,103,63373,5922,5730,751,6481,66
2021-08-20,Trinity,105,12862,588,422,135,557,3
2021-08-20,Tulare,107,460477,54702,52855,10693,63548,856
2021-08-20,Tuolumne,109,53932,5301,5153,61,5214,73
2021-08-20,Ventura,111,848112,89639,88285,3811,92096,1061
2021-08-20,Yolo,113,214977,16818,16236,652,16888,225
2021-08-20,Yuba,115,75493,7807,7523,167,7690,54
2021-08-19,Alameda,001,1643700,106448,103276,2328,105604,1294
2021-08-19,Alpine,002,1148,91,91,0,91,0
2021-08-19,Amador,005,37829,4447,4317,38,4355,50
2021-08-19,Butte,007,227075,15113,14518,2485,17003,211
2021-08-19,Calaveras,009,45235,2831,2673,19,2692,59
2021-08-19,Colusa,011,21464,2241,2167,448,2615,16
2021-08-19,Contra Costa,013,1133247,86986,83296,1687,84983,852
2021-08-19,Del Norte,015,27424,2583,2257,16,2273,8
2021-08-19,El Dorado,017,186661,13103,12410,1124,13534,118
2021-08-19,Fresno,019,978130,114036,110947,9894,120841,1759
2021-08-19,Glenn,021,27897,2742,2629,706,3335,20
2021-08-19,Humboldt,023,135768,6625,6246,152,6398,52
2021-08-19,Imperial,025,180216,30130,29865,2794,32659,747
2021-08-19,Inyo,027,18085,1504,1494,13,1507,39
2021-08-19,Kern,029,883053,105943,103731,13766,117497,1371
2021-08-19,Kings,031,150075,25861,25128,1334,26462,256
2021-08-19,Lake,033,64148,5184,4991,42,5033,69
2021-08-19,Lassen,035,31185,5632,5520,144,5664,21
2021-08-19,Los Angeles,037,10098052,1334636,1314453,47979,1362432,25020
2021-08-19,Madera,039,155013,18520,17947,1239,19186,246
2021-08-19,Marin,041,260295,16042,15672,315,15987,240
2021-08-19,Mariposa,043,17540,672,618,17,635,5
2021-08-19,Mendocino,045,87422,5505,5167,178,5345,51
2021-08-19,Merced,047,269075,34468,33851,1240,35091,486
2021-08-19,Modoc,049,8938,438,427,153,580,6
2021-08-19,Mono,051,14174,1388,1349,18,1367,3
2021-08-19,Monterey,053,433212,45406,44821,2208,47029,538
2021-08-19,Napa,055,140530,11318,11104,67,11171,83
2021-08-19,Nevada,057,99092,7049,6695,227,6922,77
2021-08-19,Orange,059,3164182,283175,278562,12925,291487,5172
2021-08-19,Placer,061,380077,29684,27953,2454,30407,313
2021-08-19,Plumas,063,18699,953,896,14,910,5
2021-08-19,Riverside,065,2383286,325414,318056,15017,333073,4589
2021-08-19,Sacramento,067,1510023,131998,126720,2694,129414,1801
2021-08-19,San Benito,069,59416,6583,6493,125,6618,64
2021-08-19,San Bernardino,071,2135413,321531,316398,9789,326187,5318
2021-08-19,San Diego,073,3302833,326286,319582,18949,338531,3839
2021-08-19,San Francisco,075,870044,46659,45220,1869,47089,571
2021-08-19,San Joaquin,077,732212,84834,82047,4300,86347,1491
2021-08-19,San Luis Obispo,079,281455,24645,23878,930,24808,271
2021-08-19,San Mateo,081,765935,48695,47431,689,48120,551
2021-08-19,Santa Barbara,083,443738,38656,37693,1313,39006,477
2021-08-19,Santa Clara,085,1922200,132467,129133,951,130084,1774
2021-08-19,Santa Cruz,087,273765,18113,17644,887,18531,209
2021-08-19,Shasta,089,179085,14749,14200,2038,16238,214
2021-08-19,Sierra,091,2930,93,83,13,96,0
2021-08-19,Siskiyou,093,43540,2350,2218,597,2815,33
2021-08-19,Solano,095,438530,40295,38025,937,38962,273
2021-08-19,Sonoma,097,501317,36650,35233,435,35668,336
2021-08-19,Stanislaus,099,539301,64589,62928,7070,69998,1047
2021-08-19,Sutter,101,95872,11343,11057,122,11179,133
2021-08-19,Tehama,103,63373,5886,5683,725,6408,66
2021-08-19,Trinity,105,12862,584,414,133,547,3
2021-08-19,Tulare,107,460477,54470,52685,10630,63315,856
2021-08-19,Tuolumne,109,53932,5265,5112,60,5172,64
2021-08-19,Ventura,111,848112,89436,88073,3797,91870,1060
2021-08-19,Yolo,113,214977,16733,16153,644,16797,225
2021-08-19,Yuba,115,75493,7755,7458,166,7624,51
2021-08-18,Alameda,001,1643700,106042,102696,2307,105003,1294
2021-08-18,Alpine,002,1148,90,91,0,91,0
2021-08-18,Amador,005,37829,4431,4279,37,4316,50
2021-08-18,Butte,007,227075,15003,14426,2454,16880,208
2021-08-18,Calaveras,009,45235,2794,2643,18,2661,59
2021-08-18,Colusa,011,21464,2233,2160,444,2604,16
2021-08-18,Contra Costa,013,1133247,86486,82767,1681,84448,851
2021-08-18,Del Norte,015,27424,2526,2219,16,2235,8
2021-08-18,El Dorado,017,186661,13013,12306,1110,13416,118
2021-08-18,Fresno,019,978130,113580,110523,9833,120356,1759
2021-08-18,Glenn,021,27897,2709,2623,698,3321,20
2021-08-18,Humboldt,023,135768,6554,6195,147,6342,52
2021-08-18,Imperial,025,180216,30097,29821,2792,32613,746
2021-08-18,Inyo,027,18085,1501,1494,13,1507,39
2021-08-18,Kern,029,883053,105596,103440,13672,117112,1370
2021-08-18,Kings,031,150075,25752,24984,1326,26310,256
2021-08-18,Lake,033,64148,5143,4957,41,4998,69
2021-08-18,Lassen,035,31185,5613,5506,143,5649,21
2021-08-18,Los Angeles,037,10098052,1331482,1311477,47849,1359326,24984
2021-08-18,Madera,039,155013,18461,17871,1226,19097,246
2021-08-18,Marin,041,260295,16004,15610,312,15922,240
2021-08-18,Mariposa,043,17540,659,615,16,631,5
2021-08-18,Mendocino,045,87422,5454,5129,176,5305,51
2021-08-18,Merced,047,269075,34304,33708,1229,34937,484
2021-08-18,Modoc,049,8938,438,427,152,579,6
2021-08-18,Mono,051,14174,1385,1344,18,1362,3
2021-08-18,Monterey,053,433212,45322,44735,2191,46926,532
2021-08-18,Napa,055,140530,11279,11060,66,11126,83
2021-08-18,Nevada,057,99092,6983,6633,227,6860,76
2021-08-18,Orange,059,3164182,282537,277795,12873,290668,5168
2021-08-18,Placer,061,380077,29457,27741,2426,30167,312
2021-08-18,Plumas,063,18699,944,874,14,888,5
2021-08-18,Riverside,065,2383286,324415,317107,14984,332091,4585
2021-08-18,Sacramento,067,1510023,131237,125599,2661,128260,1781
2021-08-18,San Benito,069,59416,6572,6481,124,6605,64
2021-08-18,San Bernardino,071,2135413,320732,315477,9770,325247,5304
2021-08-18,San Diego,073,3302833,324946,318152,18883,337035,3834
2021-08-18,San Francisco,075,870044,46457,44957,1860,46817,568
2021-08-18,San Joaquin,077,732212,84381,81601,4269,85870,1491
2021-08-18,San Luis Obispo,079,281455,24495,23726,917,24643,270
2021-08-18,San Mateo,081,765935,48531,47255,688,47943,551
2021-08-18,Santa Barbara,083,443738,38526,37599,1307,38906,475
2021-08-18,Santa Clara,085,1922200,132103,128563,948,129511,1773
2021-08-18,Santa Cruz,087,273765,18058,17566,883,18449,209
2021-08-18,Shasta,089,179085,14650,14087,2019,16106,213
2021-08-18,Sierra,091,2930,92,83,13,96,0
2021-08-18,Siskiyou,093,43540,2321,2204,585,2789,33
2021-08-18,Solano,095,438530,40089,37812,922,38734,271
2021-08-18,Sonoma,097,501317,36506,35063,434,35497,333
2021-08-18,Stanislaus,099,539301,64258,62613,7027,69640,1047
2021-08-18,Sutter,101,95872,11271,11004,117,11121,130
2021-08-18,Tehama,103,63373,5851,5653,715,6368,66
2021-08-18,Trinity,105,12862,577,409,130,539,3
2021-08-18,Tulare,107,460477,54231,52486,10561,63047,856
2021-08-18,Tuolumne,109,53932,5229,5081,58,5139,64
2021-08-18,Ventura,111,848112,89204,87835,3787,91622,1055
2021-08-18,Yolo,113,214977,16650,16047,626,16673,225
2021-08-18,Yuba,115,75493,7690,7391,166,7557,51
2021-08-17,Alameda,001,1643700,105644,102379,2292,104671,1290
2021-08-17,Alpine,002,1148,90,91,0,91,0
2021-08-17,Amador,005,37829,4402,4266,37,4303,50
2021-08-17,Butte,007,227075,14896,14357,2420,16777,206
2021-08-17,Calaveras,009,45235,2760,2624,18,2642,59
2021-08-17,Colusa,011,21464,2224,2156,440,2596,16
2021-08-17,Contra Costa,013,1133247,86038,82482,1671,84153,848
2021-08-17,Del Norte,015,27424,2472,2188,16,2204,8
2021-08-17,El Dorado,017,186661,12926,12242,1096,13338,118
2021-08-17,Fresno,019,978130,113094,110263,9770,120033,1755
2021-08-17,Glenn,021,27897,2695,2608,689,3297,20
2021-08-17,Humboldt,023,135768,6474,6155,145,6300,52
2021-08-17,Imperial,025,180216,30046,29768,2788,32556,746
2021-08-17,Inyo,027,18085,1498,1492,13,1505,39
2021-08-17,Kern,029,883053,105202,103048,13551,116599,1367
2021-08-17,Kings,031,150075,25647,24930,1315,26245,254
2021-08-17,Lake,033,64148,5100,4930,35,4965,68
2021-08-17,Lassen,035,31185,5596,5499,141,5640,21
2021-08-17,Los Angeles,037,10098052,1327913,1307999,47722,1355721,24952
2021-08-17,Madera,039,155013,18387,17838,1208,19046,246
2021-08-17,Marin,041,260295,15948,15570,312,15882,240
2021-08-17,Mariposa,043,17540,651,609,15,624,5
2021-08-17,Mendocino,045,87422,5399,5097,176,5273,51
2021-08-17,Merced,047,269075,34154,33508,1218,34726,482
2021-08-17,Modoc,049,8938,435,424,150,574,6
2021-08-17,Mono,051,14174,1380,1341,18,1359,3
2021-08-17,Monterey,053,433212,45238,44672,2181,46853,528
2021-08-17,Napa,055,140530,11238,11007,65,11072,83
2021-08-17,Nevada,057,99092,6908,6605,225,6830,75
2021-08-17,Orange,059,3164182,281892,277121,12837,289958,5164
2021-08-17,Placer,061,380077,29245,27634,2397,30031,312
2021-08-17,Plumas,063,18699,932,860,14,874,5
2021-08-17,Riverside,065,2383286,323402,316051,14941,330992,4582
2021-08-17,Sacramento,067,1510023,130443,125151,2619,127770,1774
2021-08-17,San Benito,069,59416,6553,6470,124,6594,64
2021-08-17,San Bernardino,071,2135413,319793,314402,9730,324132,5302
2021-08-17,San Diego,073,3302833,323336,317058,18785,335843,3824
2021-08-17,San Francisco,075,870044,46258,44820,1854,46674,567
2021-08-17,San Joaquin,077,732212,83913,81300,4235,85535,1489
2021-08-17,San Luis Obispo,079,281455,24339,23556,914,24470,268
2021-08-17,San Mateo,081,765935,48376,47127,683,47810,551
2021-08-17,Santa Barbara,083,443738,38367,37478,1300,38778,475
2021-08-17,Santa Clara,085,1922200,131700,128354,942,129296,1773
2021-08-17,Santa Cruz,087,273765,17973,17528,882,18410,209
2021-08-17,Shasta,089,179085,14519,14012,2000,16012,214
2021-08-17,Sierra,091,2930,91,82,13,95,0
2021-08-17,Siskiyou,093,43540,2305,2183,572,2755,33
2021-08-17,Solano,095,438530,39860,37662,909,38571,269
2021-08-17,Sonoma,097,501317,36358,34943,430,35373,333
2021-08-17,Stanislaus,099,539301,63917,62385,6968,69353,1047
2021-08-17,Sutter,101,95872,11199,10973,117,11090,130
2021-08-17,Tehama,103,63373,5817,5612,694,6306,66
2021-08-17,Trinity,105,12862,572,406,128,534,3
2021-08-17,Tulare,107,460477,53963,52362,10496,62858,856
2021-08-17,Tuolumne,109,53932,5186,5042,57,5099,64
2021-08-17,Ventura,111,848112,88965,87601,3766,91367,1053
2021-08-17,Yolo,113,214977,16561,15975,612,16587,225
2021-08-17,Yuba,115,75493,7618,7355,166,7521,51
2021-08-16,Alameda,001,1643700,105147,102052,2284,104336,1287
2021-08-16,Alpine,002,1148,90,91,0,91,0
2021-08-16,Amador,005,37829,4392,4235,37,4272,50
2021-08-16,Butte,007,227075,14779,14283,2383,16666,206
2021-08-16,Calaveras,009,45235,2700,2609,17,2626,57
2021-08-16,Colusa,011,21464,2213,2147,436,2583,16
2021-08-16,Contra Costa,013,1133247,85495,82070,1661,83731,848
2021-08-16,Del Norte,015,27424,2395,2125,16,2141,8
2021-08-16,El Dorado,017,186661,12825,12139,1083,13222,118
2021-08-16,Fresno,019,978130,112595,109623,9718,119341,1753
2021-08-16,Glenn,021,27897,2676,2593,683,3276,20
2021-08-16,Humboldt,023,135768,6402,6064,124,6188,52
2021-08-16,Imperial,025,180216,30005,29737,2774,32511,746
2021-08-16,Inyo,027,18085,1495,1490,13,1503,39
2021-08-16,Kern,029,883053,104827,102690,13435,116125,1367
2021-08-16,Kings,031,150075,25544,24817,1306,26123,254
2021-08-16,Lake,033,64148,5073,4898,34,4932,68
2021-08-16,Lassen,035,31185,5580,5481,133,5614,21
2021-08-16,Los Angeles,037,10098052,1324530,1305330,47582,1352912,24923
2021-08-16,Madera,039,155013,18312,17756,1187,18943,246
2021-08-16,Marin,041,260295,15889,15497,311,15808,239
2021-08-16,Mariposa,043,17540,634,597,15,612,5
2021-08-16,Mendocino,045,87422,5343,5037,174,5211,49
2021-08-16,Merced,047,269075,33953,33364,1205,34569,481
2021-08-16,Modoc,049,8938,433,421,149,570,5
2021-08-16,Mono,051,14174,1375,1339,18,1357,3
2021-08-16,Monterey,053,433212,45159,44595,2169,46764,527
2021-08-16,Napa,055,140530,11209,10946,65,11011,83
2021-08-16,Nevada,057,99092,6852,6535,224,6759,74
2021-08-16,Orange,059,3164182,281098,275985,12791,288776,5161
2021-08-16,Placer,061,380077,29061,27384,2365,29749,306
2021-08-16,Plumas,063,18699,921,851,14,865,5
2021-08-16,Riverside,065,2383286,322309,314774,14904,329678,4582
2021-08-16,Sacramento,067,1510023,129633,124554,2576,127130,1762
2021-08-16,San Benito,069,59416,6529,6452,124,6576,64
2021-08-16,San Bernardino,071,2135413,318826,313617,9703,323320,5301
2021-08-16,San Diego,073,3302833,321738,315348,18645,333993,3824
2021-08-16,San Francisco,075,870044,46055,44681,1847,46528,567
2021-08-16,San Joaquin,077,732212,83409,81087,4207,85294,1488
2021-08-16,San Luis Obispo,079,281455,24189,23452,906,24358,265
2021-08-16,San Mateo,081,765935,48193,47024,677,47701,548
2021-08-16,Santa Barbara,083,443738,38197,37358,1295,38653,475
2021-08-16,Santa Clara,085,1922200,131236,127978,938,128916,1773
2021-08-16,Santa Cruz,087,273765,17909,17491,876,18367,209
2021-08-16,Shasta,089,179085,14430,13862,1984,15846,211
2021-08-16,Sierra,091,2930,88,82,13,95,0
2021-08-16,Siskiyou,093,43540,2288,2169,552,2721,33
2021-08-16,Solano,095,438530,39579,37436,897,38333,263
2021-08-16,Sonoma,097,501317,36190,34844,427,35271,333
2021-08-16,Stanislaus,099,539301,63578,62033,6916,68949,1039
2021-08-16,Sutter,101,95872,11130,10902,116,11018,130
2021-08-16,Tehama,103,63373,5754,5565,689,6254,66
2021-08-16,Trinity,105,12862,566,400,127,527,3
2021-08-16,Tulare,107,460477,53719,52162,10428,62590,856
2021-08-16,Tuolumne,109,53932,5147,4984,56,5040,64
2021-08-16,Ventura,111,848112,88720,86954,3748,90702,1052
2021-08-16,Yolo,113,214977,16460,15922,604,16526,225
2021-08-16,Yuba,115,75493,7534,7314,165,7479,51
2021-08-15,Alameda,001,1643700,104664,101660,2267,103927,1287
2021-08-15,Alpine,002,1148,90,91,0,91,0
2021-08-15,Amador,005,37829,4364,4231,37,4268,49
2021-08-15,Butte,007,227075,14656,14263,2359,16622,206
2021-08-15,Calaveras,009,45235,2658,2599,17,2616,57
2021-08-15,Colusa,011,21464,2201,2140,426,2566,16
2021-08-15,Contra Costa,013,1133247,85011,81781,1646,83427,848
2021-08-15,Del Norte,015,27424,2328,2060,16,2076,8
2021-08-15,El Dorado,017,186661,12690,12057,1066,13123,118
2021-08-15,Fresno,019,978130,112117,109382,9652,119034,1753
2021-08-15,Glenn,021,27897,2653,2592,671,3263,20
2021-08-15,Humboldt,023,135768,6328,6024,118,6142,52
2021-08-15,Imperial,025,180216,29939,29711,2770,32481,746
2021-08-15,Inyo,027,18085,1494,1489,13,1502,39
2021-08-15,Kern,029,883053,104383,102524,13323,115847,1367
2021-08-15,Kings,031,150075,25398,24736,1296,26032,254
2021-08-15,Lake,033,64148,5014,4886,33,4919,68
2021-08-15,Lassen,035,31185,5563,5482,132,5614,21
2021-08-15,Los Angeles,037,10098052,1320995,1302882,47413,1350295,24918
2021-08-15,Madera,039,155013,18224,17714,1171,18885,246
2021-08-15,Marin,041,260295,15830,15461,309,15770,239
2021-08-15,Mariposa,043,17540,627,591,14,605,5
2021-08-15,Mendocino,045,87422,5286,5022,168,5190,49
2021-08-15,Merced,047,269075,33709,33305,1194,34499,481
2021-08-15,Modoc,049,8938,431,421,149,570,5
2021-08-15,Mono,051,14174,1371,1334,18,1352,3
2021-08-15,Monterey,053,433212,45037,44567,2148,46715,527
2021-08-15,Napa,055,140530,11154,10919,65,10984,83
2021-08-15,Nevada,057,99092,6767,6486,224,6710,74
2021-08-15,Orange,059,3164182,280328,275447,12751,288198,5161
2021-08-15,Placer,061,380077,28835,27220,2317,29537,306
2021-08-15,Plumas,063,18699,909,850,14,864,5
2021-08-15,Riverside,065,2383286,321171,314133,14877,329010,4582
2021-08-15,Sacramento,067,1510023,128815,123924,2544,126468,1761
2021-08-15,San Benito,069,59416,6511,6446,123,6569,64
2021-08-15,San Bernardino,071,2135413,317754,313120,9672,322792,5301
2021-08-15,San Diego,073,3302833,320266,314247,18518,332765,3824
2021-08-15,San Francisco,075,870044,45830,44531,1832,46363,567
2021-08-15,San Joaquin,077,732212,82921,80832,4168,85000,1488
2021-08-15,San Luis Obispo,079,281455,23993,23404,896,24300,265
2021-08-15,San Mateo,081,765935,48006,46897,671,47568,548
2021-08-15,Santa Barbara,083,443738,38025,37276,1288,38564,475
2021-08-15,Santa Clara,085,1922200,130802,127715,932,128647,1773
2021-08-15,Santa Cruz,087,273765,17839,17440,869,18309,209
2021-08-15,Shasta,089,179085,14327,13835,1959,15794,211
2021-08-15,Sierra,091,2930,87,82,12,94,0
2021-08-15,Siskiyou,093,43540,2267,2169,538,2707,33
2021-08-15,Solano,095,438530,39322,37320,886,38206,263
2021-08-15,Sonoma,097,501317,35994,34706,419,35125,333
2021-08-15,Stanislaus,099,539301,63209,61795,6839,68634,1039
2021-08-15,Sutter,101,95872,11039,10863,116,10979,130
2021-08-15,Tehama,103,63373,5705,5550,683,6233,66
2021-08-15,Trinity,105,12862,562,400,126,526,3
2021-08-15,Tulare,107,460477,53464,52046,10369,62415,856
2021-08-15,Tuolumne,109,53932,5109,4934,54,4988,64
2021-08-15,Ventura,111,848112,88415,86797,3733,90530,1052
2021-08-15,Yolo,113,214977,16365,15873,594,16467,225
2021-08-15,Yuba,115,75493,7457,7265,164,7429,51
2021-08-14,Alameda,001,1643700,104448,101305,2263,103568,1287
2021-08-14,Alpine,002,1148,90,91,0,91,0
2021-08-14,Amador,005,37829,4346,4206,37,4243,49
2021-08-14,Butte,007,227075,14620,14192,2343,16535,206
2021-08-14,Calaveras,009,45235,2651,2579,17,2596,57
2021-08-14,Colusa,011,21464,2190,2134,422,2556,16
2021-08-14,Contra Costa,013,1133247,84763,81458,1638,83096,848
2021-08-14,Del Norte,015,27424,2301,2015,16,2031,8
2021-08-14,El Dorado,017,186661,12654,12019,1058,13077,118
2021-08-14,Fresno,019,978130,111953,109056,9622,118678,1753
2021-08-14,Glenn,021,27897,2642,2583,668,3251,20
2021-08-14,Humboldt,023,135768,6275,5998,115,6113,52
2021-08-14,Imperial,025,180216,29912,29671,2770,32441,746
2021-08-14,Inyo,027,18085,1492,1487,13,1500,39
2021-08-14,Kern,029,883053,104188,102306,13227,115533,1367
2021-08-14,Kings,031,150075,25300,24647,1288,25935,254
2021-08-14,Lake,033,64148,4997,4850,32,4882,68
2021-08-14,Lassen,035,31185,5556,5475,131,5606,21
2021-08-14,Los Angeles,037,10098052,1319222,1299346,47276,1346622,24911
2021-08-14,Madera,039,155013,18177,17691,1166,18857,246
2021-08-14,Marin,041,260295,15796,15441,309,15750,239
2021-08-14,Mariposa,043,17540,623,584,14,598,5
2021-08-14,Mendocino,045,87422,5250,4977,165,5142,49
2021-08-14,Merced,047,269075,33645,33234,1188,34422,481
2021-08-14,Modoc,049,8938,431,421,149,570,5
2021-08-14,Mono,051,14174,1366,1332,18,1350,3
2021-08-14,Monterey,053,433212,44992,44514,2145,46659,527
2021-08-14,Napa,055,140530,11124,10878,64,10942,83
2021-08-14,Nevada,057,99092,6732,6419,223,6642,74
2021-08-14,Orange,059,3164182,279894,274732,12724,287456,5161
2021-08-14,Placer,061,380077,28688,27115,2293,29408,306
2021-08-14,Plumas,063,18699,899,849,14,863,5
2021-08-14,Riverside,065,2383286,320455,313264,14856,328120,4582
2021-08-14,Sacramento,067,1510023,128322,123438,2525,125963,1758
2021-08-14,San Benito,069,59416,6498,6428,123,6551,64
2021-08-14,San Bernardino,071,2135413,317204,312142,9651,321793,5301
2021-08-14,San Diego,073,3302833,319595,313589,18450,332039,3824
2021-08-14,San Francisco,075,870044,45701,44353,1813,46166,567
2021-08-14,San Joaquin,077,732212,82703,80585,4153,84738,1488
2021-08-14,San Luis Obispo,079,281455,23932,23328,893,24221,265
2021-08-14,San Mateo,081,765935,47887,46792,667,47459,548
2021-08-14,Santa Barbara,083,443738,37931,37118,1286,38404,475
2021-08-14,Santa Clara,085,1922200,130523,127432,929,128361,1772
2021-08-14,Santa Cruz,087,273765,17800,17384,868,18252,209
2021-08-14,Shasta,089,179085,14252,13813,1938,15751,211
2021-08-14,Sierra,091,2930,86,81,12,93,0
2021-08-14,Siskiyou,093,43540,2257,2160,528,2688,33
2021-08-14,Solano,095,438530,39235,37237,874,38111,263
2021-08-14,Sonoma,097,501317,35871,34606,417,35023,333
2021-08-14,Stanislaus,099,539301,63033,61564,6795,68359,1039
2021-08-14,Sutter,101,95872,10994,10808,115,10923,130
2021-08-14,Tehama,103,63373,5681,5530,678,6208,66
2021-08-14,Trinity,105,12862,556,399,126,525,3
2021-08-14,Tulare,107,460477,53328,51951,10324,62275,856
2021-08-14,Tuolumne,109,53932,5074,4924,54,4978,64
2021-08-14,Ventura,111,848112,88259,86569,3713,90282,1052
2021-08-14,Yolo,113,214977,16320,15815,585,16400,225
2021-08-14,Yuba,115,75493,7408,7223,164,7387,51
2021-08-13,Alameda,001,1643700,104153,100930,2255,103185,1284
2021-08-13,Alpine,002,1148,90,91,0,91,0
2021-08-13,Amador,005,37829,4318,4169,37,4206,49
2021-08-13,Butte,007,227075,14550,14100,2327,16427,206
2021-08-13,Calaveras,009,45235,2645,2564,17,2581,57
2021-08-13,Colusa,011,21464,2183,2123,417,2540,16
2021-08-13,Contra Costa,013,1133247,84451,81046,1631,82677,848
2021-08-13,Del Norte,015,27424,2261,1973,16,1989,8
2021-08-13,El Dorado,017,186661,12614,11951,1046,12997,118
2021-08-13,Fresno,019,978130,111661,108638,9597,118235,1753
2021-08-13,Glenn,021,27897,2631,2574,665,3239,20
2021-08-13,Humboldt,023,135768,6228,5882,112,5994,52
2021-08-13,Imperial,025,180216,29885,29654,2769,32423,745
2021-08-13,Inyo,027,18085,1491,1484,13,1497,39
2021-08-13,Kern,029,883053,103979,102029,13118,115147,1364
2021-08-13,Kings,031,150075,25215,24531,1281,25812,253
2021-08-13,Lake,033,64148,4974,4811,31,4842,68
2021-08-13,Lassen,035,31185,5548,5455,130,5585,21
2021-08-13,Los Angeles,037,10098052,1316898,1295406,47138,1342544,24891
2021-08-13,Madera,039,155013,18128,17614,1157,18771,246
2021-08-13,Marin,041,260295,15765,15380,309,15689,239
2021-08-13,Mariposa,043,17540,617,577,14,591,5
2021-08-13,Mendocino,045,87422,5197,4924,163,5087,49
2021-08-13,Merced,047,269075,33598,33111,1182,34293,480
2021-08-13,Modoc,049,8938,430,421,148,569,5
2021-08-13,Mono,051,14174,1363,1331,18,1349,3
2021-08-13,Monterey,053,433212,44932,44450,2143,46593,527
2021-08-13,Napa,055,140530,11088,10830,64,10894,83
2021-08-13,Nevada,057,99092,6691,6356,222,6578,74
2021-08-13,Orange,059,3164182,279401,274004,12675,286679,5159
2021-08-13,Placer,061,380077,28584,26987,2266,29253,306
2021-08-13,Plumas,063,18699,885,842,14,856,5
2021-08-13,Riverside,065,2383286,319716,312408,14831,327239,4581
2021-08-13,Sacramento,067,1510023,127852,122868,2498,125366,1758
2021-08-13,San Benito,069,59416,6492,6422,121,6543,64
2021-08-13,San Bernardino,071,2135413,316536,311378,9632,321010,5301
2021-08-13,San Diego,073,3302833,318549,312293,18371,330664,3821
2021-08-13,San Francisco,075,870044,45565,44196,1790,45986,567
2021-08-13,San Joaquin,077,732212,82486,80232,4137,84369,1481
2021-08-13,San Luis Obispo,079,281455,23869,23226,890,24116,265
2021-08-13,San Mateo,081,765935,47768,46660,666,47326,548
2021-08-13,Santa Barbara,083,443738,37846,37023,1282,38305,474
2021-08-13,Santa Clara,085,1922200,130236,126958,923,127881,1769
2021-08-13,Santa Cruz,087,273765,17760,17332,861,18193,209
2021-08-13,Shasta,089,179085,14189,13698,1924,15622,211
2021-08-13,Sierra,091,2930,85,81,12,93,0
2021-08-13,Siskiyou,093,43540,2248,2147,524,2671,33
2021-08-13,Solano,095,438530,39101,37104,866,37970,264
2021-08-13,Sonoma,097,501317,35766,34464,417,34881,333
2021-08-13,Stanislaus,099,539301,62861,61294,6754,68048,1039
2021-08-13,Sutter,101,95872,10950,10751,114,10865,130
2021-08-13,Tehama,103,63373,5657,5496,676,6172,66
2021-08-13,Trinity,105,12862,552,392,126,518,3
2021-08-13,Tulare,107,460477,53224,51770,10251,62021,856
2021-08-13,Tuolumne,109,53932,5041,4899,53,4952,64
2021-08-13,Ventura,111,848112,88101,86368,3700,90068,1052
2021-08-13,Yolo,113,214977,16266,15761,575,16336,225
2021-08-13,Yuba,115,75493,7370,7184,164,7348,51
2021-08-12,Alameda,001,1643700,103666,100472,2242,102714,1284
2021-08-12,Alpine,002,1148,90,91,0,91,0
2021-08-12,Amador,005,37829,4288,4161,36,4197,49
2021-08-12,Butte,007,227075,14480,14006,2309,16315,206
2021-08-12,Calaveras,009,45235,2629,2531,17,2548,57
2021-08-12,Colusa,011,21464,2178,2111,416,2527,17
2021-08-12,Contra Costa,013,1133247,83966,80738,1616,82354,846
2021-08-12,Del Norte,015,27424,2189,1923,16,1939,8
2021-08-12,El Dorado,017,186661,12500,11880,1037,12917,118
2021-08-12,Fresno,019,978130,111238,108193,9529,117722,1753
2021-08-12,Glenn,021,27897,2623,2559,653,3212,20
2021-08-12,Humboldt,023,135768,6159,5845,108,5953,52
2021-08-12,Imperial,025,180216,29829,29585,2763,32348,745
2021-08-12,Inyo,027,18085,1489,1483,13,1496,39
2021-08-12,Kern,029,883053,103689,101698,13039,114737,1364
2021-08-12,Kings,031,150075,25115,24423,1273,25696,252
2021-08-12,Lake,033,64148,4948,4774,31,4805,68
2021-08-12,Lassen,035,31185,5526,5428,129,5557,21
2021-08-12,Los Angeles,037,10098052,1313706,1291875,47004,1338879,24874
2021-08-12,Madera,039,155013,18064,17564,1145,18709,246
2021-08-12,Marin,041,260295,15716,15277,306,15583,239
2021-08-12,Mariposa,043,17540,608,568,13,581,5
2021-08-12,Mendocino,045,87422,5167,4873,157,5030,49
2021-08-12,Merced,047,269075,33474,32960,1175,34135,480
2021-08-12,Modoc,049,8938,429,423,148,571,5
2021-08-12,Mono,051,14174,1358,1325,18,1343,3
2021-08-12,Monterey,053,433212,44856,44383,2128,46511,527
2021-08-12,Napa,055,140530,11039,10780,63,10843,83
2021-08-12,Nevada,057,99092,6630,6283,222,6505,74
2021-08-12,Orange,059,3164182,278722,273167,12617,285784,5158
2021-08-12,Placer,061,380077,28384,26856,2243,29099,306
2021-08-12,Plumas,063,18699,877,829,14,843,5
2021-08-12,Riverside,065,2383286,318707,311304,14799,326103,4575
2021-08-12,Sacramento,067,1510023,127079,122222,2468,124690,1758
2021-08-12,San Benito,069,59416,6475,6398,119,6517,64
2021-08-12,San Bernardino,071,2135413,315662,310420,9602,320022,5297
2021-08-12,San Diego,073,3302833,317178,310596,18282,328878,3821
2021-08-12,San Francisco,075,870044,45358,43774,1777,45551,564
2021-08-12,San Joaquin,077,732212,82091,79945,4113,84058,1479
2021-08-12,San Luis Obispo,079,281455,23769,23101,877,23978,264
2021-08-12,San Mateo,081,765935,47624,46435,663,47098,548
2021-08-12,Santa Barbara,083,443738,37709,36881,1274,38155,473
2021-08-12,Santa Clara,085,1922200,129787,126614,917,127531,1769
2021-08-12,Santa Cruz,087,273765,17696,17261,860,18121,209
2021-08-12,Shasta,089,179085,14104,13621,1897,15518,211
2021-08-12,Sierra,091,2930,85,81,12,93,0
2021-08-12,Siskiyou,093,43540,2241,2134,515,2649,33
2021-08-12,Solano,095,438530,38872,36980,857,37837,262
2021-08-12,Sonoma,097,501317,35618,34299,414,34713,333
2021-08-12,Stanislaus,099,539301,62596,61026,6695,67721,1039
2021-08-12,Sutter,101,95872,10889,10695,112,10807,130
2021-08-12,Tehama,103,63373,5627,5462,667,6129,66
2021-08-12,Trinity,105,12862,548,386,125,511,3
2021-08-12,Tulare,107,460477,53079,51632,10202,61834,856
2021-08-12,Tuolumne,109,53932,4994,4845,51,4896,64
2021-08-12,Ventura,111,848112,87864,86106,3676,89782,1052
2021-08-12,Yolo,113,214977,16194,15686,561,16247,224
2021-08-12,Yuba,115,75493,7322,7128,163,7291,51
2021-08-11,Alameda,001,1643700,103160,100040,2239,102279,1281
2021-08-11,Alpine,002,1148,90,91,0,91,0
2021-08-11,Amador,005,37829,4264,4127,36,4163,49
2021-08-11,Butte,007,227075,14379,13905,2283,16188,206
2021-08-11,Calaveras,009,45235,2607,2505,17,2522,57
2021-08-11,Colusa,011,21464,2168,2101,414,2515,16
2021-08-11,Contra Costa,013,1133247,83465,80275,1598,81873,843
2021-08-11,Del Norte,015,27424,2130,1893,16,1909,8
2021-08-11,El Dorado,017,186661,12389,11799,1025,12824,119
2021-08-11,Fresno,019,978130,110781,107773,9483,117256,1751
2021-08-11,Glenn,021,27897,2614,2547,643,3190,20
2021-08-11,Humboldt,023,135768,6112,5765,107,5872,52
2021-08-11,Imperial,025,180216,29786,29565,2759,32324,745
2021-08-11,Inyo,027,18085,1489,1483,13,1496,39
2021-08-11,Kern,029,883053,103375,101448,12932,114380,1363
2021-08-11,Kings,031,150075,25002,24304,1264,25568,250
2021-08-11,Lake,033,64148,4911,4713,30,4743,68
2021-08-11,Lassen,035,31185,5517,5408,127,5535,21
2021-08-11,Los Angeles,037,10098052,1310377,1288238,46819,1335057,24851
2021-08-11,Madera,039,155013,18014,17511,1134,18645,245
2021-08-11,Marin,041,260295,15667,15235,306,15541,239
2021-08-11,Mariposa,043,17540,598,554,12,566,5
2021-08-11,Mendocino,045,87422,5098,4796,148,4944,49
2021-08-11,Merced,047,269075,33341,32802,1171,33973,479
2021-08-11,Modoc,049,8938,429,421,148,569,5
2021-08-11,Mono,051,14174,1353,1320,18,1338,3
2021-08-11,Monterey,053,433212,44757,44314,2110,46424,527
2021-08-11,Napa,055,140530,10998,10732,63,10795,83
2021-08-11,Nevada,057,99092,6577,6172,219,6391,74
2021-08-11,Orange,059,3164182,277864,272212,12571,284783,5155
2021-08-11,Placer,061,380077,28172,26687,2217,28904,305
2021-08-11,Plumas,063,18699,868,824,14,838,5
2021-08-11,Riverside,065,2383286,317714,310265,14764,325029,4570
2021-08-11,Sacramento,067,1510023,126288,121603,2428,124031,1757
2021-08-11,San Benito,069,59416,6462,6381,119,6500,64
2021-08-11,San Bernardino,071,2135413,314769,309498,9583,319081,5296
2021-08-11,San Diego,073,3302833,315708,309406,18178,327584,3818
2021-08-11,San Francisco,075,870044,45133,43555,1769,45324,564
2021-08-11,San Joaquin,077,732212,81684,79641,4086,83727,1478
2021-08-11,San Luis Obispo,079,281455,23665,22920,870,23790,264
2021-08-11,San Mateo,081,765935,47456,46300,660,46960,548
2021-08-11,Santa Barbara,083,443738,37546,36699,1266,37965,472
2021-08-11,Santa Clara,085,1922200,129305,126301,909,127210,1769
2021-08-11,Santa Cruz,087,273765,17631,17191,857,18048,209
2021-08-11,Shasta,089,179085,14030,13546,1882,15428,211
2021-08-11,Sierra,091,2930,84,81,12,93,0
2021-08-11,Siskiyou,093,43540,2227,2124,508,2632,33
2021-08-11,Solano,095,438530,38637,36862,843,37705,262
2021-08-11,Sonoma,097,501317,35439,34188,409,34597,333
2021-08-11,Stanislaus,099,539301,62265,60767,6665,67432,1037
2021-08-11,Sutter,101,95872,10817,10628,112,10740,130
2021-08-11,Tehama,103,63373,5598,5410,651,6061,66
2021-08-11,Trinity,105,12862,546,385,125,510,3
2021-08-11,Tulare,107,460477,52911,51464,10158,61622,854
2021-08-11,Tuolumne,109,53932,4962,4794,51,4845,64
2021-08-11,Ventura,111,848112,87612,85863,3655,89518,1051
2021-08-11,Yolo,113,214977,16119,15593,545,16138,218
2021-08-11,Yuba,115,75493,7263,7063,162,7225,53
2021-08-10,Alameda,001,1643700,102693,99771,2232,102003,1281
2021-08-10,Alpine,002,1148,90,91,0,91,0
2021-08-10,Amador,005,37829,4248,4093,36,4129,49
2021-08-10,Butte,007,227075,14295,13853,2263,16116,205
2021-08-10,Calaveras,009,45235,2583,2491,15,2506,57
2021-08-10,Colusa,011,21464,2155,2088,405,2493,16
2021-08-10,Contra Costa,013,1133247,82921,80018,1588,81606,840
2021-08-10,Del Norte,015,27424,2086,1870,16,1886,8
2021-08-10,El Dorado,017,186661,12288,11734,1013,12747,117
2021-08-10,Fresno,019,978130,110323,107616,9425,117041,1747
2021-08-10,Glenn,021,27897,2601,2538,633,3171,20
2021-08-10,Humboldt,023,135768,6058,5718,104,5822,52
2021-08-10,Imperial,025,180216,29751,29522,2752,32274,745
2021-08-10,Inyo,027,18085,1489,1482,13,1495,39
2021-08-10,Kern,029,883053,103047,101254,12836,114090,1359
2021-08-10,Kings,031,150075,24876,24252,1248,25500,251
2021-08-10,Lake,033,64148,4870,4700,30,4730,67
2021-08-10,Lassen,035,31185,5499,5401,127,5528,21
2021-08-10,Los Angeles,037,10098052,1306619,1285140,46657,1331797,24821
2021-08-10,Madera,039,155013,17941,17481,1124,18605,245
2021-08-10,Marin,041,260295,15620,15194,306,15500,239
2021-08-10,Mariposa,043,17540,585,550,12,562,5
2021-08-10,Mendocino,045,87422,5053,4775,144,4919,49
2021-08-10,Merced,047,269075,33193,32721,1162,33883,477
2021-08-10,Modoc,049,8938,428,421,148,569,5
2021-08-10,Mono,051,14174,1348,1320,18,1338,3
2021-08-10,Monterey,053,433212,44695,44259,2095,46354,527
2021-08-10,Napa,055,140530,10943,10703,62,10765,83
2021-08-10,Nevada,057,99092,6512,6151,218,6369,73
2021-08-10,Orange,059,3164182,276984,271688,12524,284212,5155
2021-08-10,Placer,061,380077,27953,26561,2175,28736,305
2021-08-10,Plumas,063,18699,859,816,14,830,5
2021-08-10,Riverside,065,2383286,316599,309529,14738,324267,4564
2021-08-10,Sacramento,067,1510023,125435,121159,2397,123556,1755
2021-08-10,San Benito,069,59416,6448,6371,119,6490,64
2021-08-10,San Bernardino,071,2135413,313845,308672,9565,318237,5295
2021-08-10,San Diego,073,3302833,314060,308288,18086,326374,3815
2021-08-10,San Francisco,075,870044,44880,43389,1754,45143,564
2021-08-10,San Joaquin,077,732212,81286,79391,4068,83459,1478
2021-08-10,San Luis Obispo,079,281455,23539,22776,868,23644,264
2021-08-10,San Mateo,081,765935,47284,46184,658,46842,548
2021-08-10,Santa Barbara,083,443738,37381,36574,1259,37833,472
2021-08-10,Santa Clara,085,1922200,128842,126019,902,126921,1770
2021-08-10,Santa Cruz,087,273765,17548,17142,855,17997,209
2021-08-10,Shasta,089,179085,13952,13461,1859,15320,211
2021-08-10,Sierra,091,2930,84,76,12,88,0
2021-08-10,Siskiyou,093,43540,2218,2088,501,2589,33
2021-08-10,Solano,095,438530,38391,36767,832,37599,262
2021-08-10,Sonoma,097,501317,35294,34054,406,34460,333
2021-08-10,Stanislaus,099,539301,61919,60605,6628,67233,1037
2021-08-10,Sutter,101,95872,10752,10569,112,10681,130
2021-08-10,Tehama,103,63373,5569,5392,646,6038,66
2021-08-10,Trinity,105,12862,546,384,125,509,3
2021-08-10,Tulare,107,460477,52747,51390,10106,61496,854
2021-08-10,Tuolumne,109,53932,4933,4780,49,4829,64
2021-08-10,Ventura,111,848112,87323,85714,3634,89348,1051
2021-08-10,Yolo,113,214977,16032,15568,535,16103,218
2021-08-10,Yuba,115,75493,7214,7028,162,7190,50
2021-08-09,Alameda,001,1643700,102142,99496,2228,101724,1276
2021-08-09,Alpine,002,1148,90,91,0,91,0
2021-08-09,Amador,005,37829,4222,4078,36,4114,48
2021-08-09,Butte,007,227075,14196,13813,2234,16047,205
2021-08-09,Calaveras,009,45235,2558,2472,15,2487,57
2021-08-09,Colusa,011,21464,2145,2075,398,2473,16
2021-08-09,Contra Costa,013,1133247,82379,79740,1576,81316,840
2021-08-09,Del Norte,015,27424,2018,1848,16,1864,8
2021-08-09,El Dorado,017,186661,12181,11672,1000,12672,117
2021-08-09,Fresno,019,978130,109829,107310,9386,116696,1747
2021-08-09,Glenn,021,27897,2590,2532,621,3153,20
2021-08-09,Humboldt,023,135768,5967,5632,102,5734,52
2021-08-09,Imperial,025,180216,29706,29512,2748,32260,745
2021-08-09,Inyo,027,18085,1489,1481,13,1494,39
2021-08-09,Kern,029,883053,102735,101069,12750,113819,1359
2021-08-09,Kings,031,150075,24769,24155,1234,25389,250
2021-08-09,Lake,033,64148,4835,4670,28,4698,66
2021-08-09,Lassen,035,31185,5477,5393,126,5519,21
2021-08-09,Los Angeles,037,10098052,1302601,1282891,46458,1329349,24798
2021-08-09,Madera,039,155013,17882,17429,1104,18533,245
2021-08-09,Marin,041,260295,15567,15154,305,15459,239
2021-08-09,Mariposa,043,17540,572,545,12,557,5
2021-08-09,Mendocino,045,87422,5002,4732,136,4868,49
2021-08-09,Merced,047,269075,33047,32666,1155,33821,477
2021-08-09,Modoc,049,8938,428,419,148,567,5
2021-08-09,Mono,051,14174,1345,1337,18,1355,3
2021-08-09,Monterey,053,433212,44623,44190,2080,46270,527
2021-08-09,Napa,055,140530,10896,10679,62,10741,83
2021-08-09,Nevada,057,99092,6440,6088,217,6305,73
2021-08-09,Orange,059,3164182,275945,271036,12469,283505,5153
2021-08-09,Placer,061,380077,27729,26457,2144,28601,305
2021-08-09,Plumas,063,18699,842,803,14,817,5
2021-08-09,Riverside,065,2383286,315522,308678,14720,323398,4562
2021-08-09,Sacramento,067,1510023,124601,120812,2372,123184,1748
2021-08-09,San Benito,069,59416,6428,6359,117,6476,63
2021-08-09,San Bernardino,071,2135413,312860,308038,9542,317580,5295
2021-08-09,San Diego,073,3302833,312401,306855,17987,324842,3811
2021-08-09,San Francisco,075,870044,44634,43261,1738,44999,564
2021-08-09,San Joaquin,077,732212,80903,79198,4050,83248,1469
2021-08-09,San Luis Obispo,079,281455,23400,22695,859,23554,264
2021-08-09,San Mateo,081,765935,47112,46040,655,46695,548
2021-08-09,Santa Barbara,083,443738,37197,36474,1251,37725,470
2021-08-09,Santa Clara,085,1922200,128339,125791,893,126684,2187
2021-08-09,Santa Cruz,087,273765,17486,17082,855,17937,209
2021-08-09,Shasta,089,179085,13835,13397,1848,15245,210
2021-08-09,Sierra,091,2930,83,75,12,87,0
2021-08-09,Siskiyou,093,43540,2206,2047,486,2533,32
2021-08-09,Solano,095,438530,38114,36653,830,37483,262
2021-08-09,Sonoma,097,501317,35113,33933,404,34337,333
2021-08-09,Stanislaus,099,539301,61640,60410,6579,66989,1037
2021-08-09,Sutter,101,95872,10703,10525,109,10634,129
2021-08-09,Tehama,103,63373,5527,5373,645,6018,66
2021-08-09,Trinity,105,12862,544,378,123,501,3
2021-08-09,Tulare,107,460477,52588,51274,10043,61317,854
2021-08-09,Tuolumne,109,53932,4891,4745,49,4794,64
2021-08-09,Ventura,111,848112,87051,85514,3623,89137,1047
2021-08-09,Yolo,113,214977,15954,15521,514,16035,218
2021-08-09,Yuba,115,75493,7155,6994,162,7156,50
2021-08-08,Alameda,001,1643700,101593,99135,2222,101357,1276
2021-08-08,Alpine,002,1148,90,91,0,91,0
2021-08-08,Amador,005,37829,4188,4057,35,4092,48
2021-08-08,Butte,007,227075,14114,13791,2214,16005,205
2021-08-08,Calaveras,009,45235,2525,2462,15,2477,57
2021-08-08,Colusa,011,21464,2128,2070,391,2461,16
2021-08-08,Contra Costa,013,1133247,81854,79454,1568,81022,840
2021-08-08,Del Norte,015,27424,1972,1810,16,1826,8
2021-08-08,El Dorado,017,186661,12060,11631,990,12621,117
2021-08-08,Fresno,019,978130,109386,107078,9349,116427,1747
2021-08-08,Glenn,021,27897,2582,2527,614,3141,20
2021-08-08,Humboldt,023,135768,5878,5571,102,5673,52
2021-08-08,Imperial,025,180216,29682,29485,2738,32223,745
2021-08-08,Inyo,027,18085,1489,1481,13,1494,39
2021-08-08,Kern,029,883053,102415,100909,12638,113547,1359
2021-08-08,Kings,031,150075,24655,24095,1225,25320,250
2021-08-08,Lake,033,64148,4785,4636,27,4663,66
2021-08-08,Lassen,035,31185,5462,5391,125,5516,21
2021-08-08,Los Angeles,037,10098052,1298351,1279982,46275,1326257,24793
2021-08-08,Madera,039,155013,17803,17398,1087,18485,245
2021-08-08,Marin,041,260295,15514,15124,303,15427,239
2021-08-08,Mariposa,043,17540,568,538,12,550,5
2021-08-08,Mendocino,045,87422,4940,4702,123,4825,49
2021-08-08,Merced,047,269075,32900,32634,1146,33780,477
2021-08-08,Modoc,049,8938,427,419,147,566,5
2021-08-08,Mono,051,14174,1341,1336,18,1354,3
2021-08-08,Monterey,053,433212,44553,44171,2069,46240,527
2021-08-08,Napa,055,140530,10860,10668,62,10730,83
2021-08-08,Nevada,057,99092,6356,6009,215,6224,73
2021-08-08,Orange,059,3164182,275031,270532,12427,282959,5153
2021-08-08,Placer,061,380077,27520,26332,2103,28435,305
2021-08-08,Plumas,063,18699,833,803,14,817,5
2021-08-08,Riverside,065,2383286,314399,308042,14697,322739,4562
2021-08-08,Sacramento,067,1510023,123772,120109,2360,122469,1744
2021-08-08,San Benito,069,59416,6411,6350,116,6466,63
2021-08-08,San Bernardino,071,2135413,311718,307378,9513,316891,5295
2021-08-08,San Diego,073,3302833,311060,305983,17889,323872,3811
2021-08-08,San Francisco,075,870044,44372,43098,1716,44814,564
2021-08-08,San Joaquin,077,732212,80455,79002,4034,83036,1469
2021-08-08,San Luis Obispo,079,281455,23226,22668,851,23519,263
2021-08-08,San Mateo,081,765935,46922,45927,652,46579,548
2021-08-08,Santa Barbara,083,443738,37020,36417,1244,37661,470
2021-08-08,Santa Clara,085,1922200,127887,125553,888,126441,2187
2021-08-08,Santa Cruz,087,273765,17414,17035,850,17885,209
2021-08-08,Shasta,089,179085,13750,13381,1837,15218,210
2021-08-08,Sierra,091,2930,83,74,12,86,0
2021-08-08,Siskiyou,093,43540,2190,2041,481,2522,32
2021-08-08,Solano,095,438530,37862,36551,826,37377,262
2021-08-08,Sonoma,097,501317,34869,33805,403,34208,333
2021-08-08,Stanislaus,099,539301,61314,60269,6534,66803,1037
2021-08-08,Sutter,101,95872,10643,10481,108,10589,129
2021-08-08,Tehama,103,63373,5491,5359,642,6001,66
2021-08-08,Trinity,105,12862,539,378,123,501,3
2021-08-08,Tulare,107,460477,52409,51220,9984,61204,854
2021-08-08,Tuolumne,109,53932,4851,4731,49,4780,64
2021-08-08,Ventura,111,848112,86760,85382,3613,88995,1047
2021-08-08,Yolo,113,214977,15861,15477,507,15984,218
2021-08-08,Yuba,115,75493,7116,6967,162,7129,50
2021-08-07,Alameda,001,1643700,101346,98812,2216,101028,1276
2021-08-07,Alpine,002,1148,90,91,0,91,0
2021-08-07,Amador,005,37829,4171,4041,34,4075,48
2021-08-07,Butte,007,227075,14062,13714,2202,15916,205
2021-08-07,Calaveras,009,45235,2515,2446,15,2461,57
2021-08-07,Colusa,011,21464,2123,2067,382,2449,16
2021-08-07,Contra Costa,013,1133247,81558,79168,1565,80733,840
2021-08-07,Del Norte,015,27424,1940,1791,16,1807,8
2021-08-07,El Dorado,017,186661,12012,11575,983,12558,117
2021-08-07,Fresno,019,978130,109182,106861,9323,116184,1747
2021-08-07,Glenn,021,27897,2574,2515,613,3128,20
2021-08-07,Humboldt,023,135768,5828,5510,99,5609,52
2021-08-07,Imperial,025,180216,29663,29470,2738,32208,745
2021-08-07,Inyo,027,18085,1487,1476,13,1489,39
2021-08-07,Kern,029,883053,102257,100693,12582,113275,1359
2021-08-07,Kings,031,150075,24594,24048,1219,25267,250
2021-08-07,Lake,033,64148,4764,4613,27,4640,66
2021-08-07,Lassen,035,31185,5458,5386,125,5511,21
2021-08-07,Los Angeles,037,10098052,1296313,1276853,46130,1322983,24786
2021-08-07,Madera,039,155013,17768,17366,1083,18449,245
2021-08-07,Marin,041,260295,15480,15085,302,15387,239
2021-08-07,Mariposa,043,17540,565,530,12,542,5
2021-08-07,Mendocino,045,87422,4904,4690,121,4811,49
2021-08-07,Merced,047,269075,32836,32569,1143,33712,477
2021-08-07,Modoc,049,8938,427,419,147,566,5
2021-08-07,Mono,051,14174,1338,1329,18,1347,3
2021-08-07,Monterey,053,433212,44501,44124,2064,46188,527
2021-08-07,Napa,055,140530,10839,10658,61,10719,83
2021-08-07,Nevada,057,99092,6306,5967,213,6180,73
2021-08-07,Orange,059,3164182,274439,269900,12397,282297,5153
2021-08-07,Placer,061,380077,27331,26244,2094,28338,305
2021-08-07,Plumas,063,18699,828,801,14,815,5
2021-08-07,Riverside,065,2383286,313727,307326,14690,322016,4562
2021-08-07,Sacramento,067,1510023,123270,119636,2356,121992,1744
2021-08-07,San Benito,069,59416,6401,6332,116,6448,63
2021-08-07,San Bernardino,071,2135413,311130,306663,9496,316159,5295
2021-08-07,San Diego,073,3302833,310304,304974,17854,322828,3811
2021-08-07,San Francisco,075,870044,44200,42926,1698,44624,564
2021-08-07,San Joaquin,077,732212,80291,78769,4019,82788,1469
2021-08-07,San Luis Obispo,079,281455,23157,22579,850,23429,263
2021-08-07,San Mateo,081,765935,46794,45804,650,46454,548
2021-08-07,Santa Barbara,083,443738,36924,36303,1238,37541,470
2021-08-07,Santa Clara,085,1922200,127616,125196,883,126079,2188
2021-08-07,Santa Cruz,087,273765,17372,16994,848,17842,209
2021-08-07,Shasta,089,179085,13694,13361,1830,15191,210
2021-08-07,Sierra,091,2930,83,74,12,86,0
2021-08-07,Siskiyou,093,43540,2178,2039,479,2518,32
2021-08-07,Solano,095,438530,37746,36458,818,37276,262
2021-08-07,Sonoma,097,501317,34747,33716,403,34119,333
2021-08-07,Stanislaus,099,539301,61143,60093,6504,66597,1037
2021-08-07,Sutter,101,95872,10606,10447,108,10555,129
2021-08-07,Tehama,103,63373,5480,5343,637,5980,66
2021-08-07,Trinity,105,12862,535,377,122,499,3
2021-08-07,Tulare,107,460477,52323,51133,9946,61079,854
2021-08-07,Tuolumne,109,53932,4821,4721,49,4770,64
2021-08-07,Ventura,111,848112,86580,85232,3599,88831,1047
2021-08-07,Yolo,113,214977,15818,15423,502,15925,218
2021-08-07,Yuba,115,75493,7091,6937,160,7097,50
2021-08-06,Alameda,001,1643700,101017,98487,2210,100697,1275
2021-08-06,Alpine,002,1148,90,91,0,91,0
2021-08-06,Amador,005,37829,4150,4002,34,4036,48
2021-08-06,Butte,007,227075,14012,13626,2187,15813,205
2021-08-06,Calaveras,009,45235,2504,2419,15,2434,57
2021-08-06,Colusa,011,21464,2116,2045,377,2422,16
2021-08-06,Contra Costa,013,1133247,81263,78796,1560,80356,840
2021-08-06,Del Norte,015,27424,1913,1755,15,1770,8
2021-08-06,El Dorado,017,186661,11962,11498,971,12469,117
2021-08-06,Fresno,019,978130,108918,106542,9296,115838,1747
2021-08-06,Glenn,021,27897,2559,2504,610,3114,20
2021-08-06,Humboldt,023,135768,5777,5421,96,5517,52
2021-08-06,Imperial,025,180216,29652,29404,2734,32138,745
2021-08-06,Inyo,027,18085,1484,1471,13,1484,39
2021-08-06,Kern,029,883053,102080,100427,12497,112924,1359
2021-08-06,Kings,031,150075,24539,23974,1215,25189,250
2021-08-06,Lake,033,64148,4741,4557,27,4584,66
2021-08-06,Lassen,035,31185,5436,5368,125,5493,21
2021-08-06,Los Angeles,037,10098052,1293820,1273081,45981,1319062,24772
2021-08-06,Madera,039,155013,17729,17324,1074,18398,245
2021-08-06,Marin,041,260295,15447,15051,302,15353,239
2021-08-06,Mariposa,043,17540,556,511,12,523,5
2021-08-06,Mendocino,045,87422,4862,4649,120,4769,49
2021-08-06,Merced,047,269075,32776,32456,1140,33596,477
2021-08-06,Modoc,049,8938,427,419,147,566,5
2021-08-06,Mono,051,14174,1337,1328,18,1346,3
2021-08-06,Monterey,053,433212,44433,44058,2051,46109,527
2021-08-06,Napa,055,140530,10812,10620,61,10681,83
2021-08-06,Nevada,057,99092,6250,5874,213,6087,73
2021-08-06,Orange,059,3164182,273873,269077,12380,281457,5151
2021-08-06,Placer,061,380077,27208,26086,2073,28159,305
2021-08-06,Plumas,063,18699,819,795,14,809,5
2021-08-06,Riverside,065,2383286,313017,306304,14679,320983,4562
2021-08-06,Sacramento,067,1510023,122778,119169,2336,121505,1740
2021-08-06,San Benito,069,59416,6384,6315,116,6431,63
2021-08-06,San Bernardino,071,2135413,310429,305806,9486,315292,5286
2021-08-06,San Diego,073,3302833,309265,303691,17805,321496,3810
2021-08-06,San Francisco,075,870044,44044,42659,1680,44339,565
2021-08-06,San Joaquin,077,732212,80141,78405,4007,82412,1469
2021-08-06,San Luis Obispo,079,281455,23089,22472,845,23317,263
2021-08-06,San Mateo,081,765935,46642,45665,645,46310,548
2021-08-06,Santa Barbara,083,443738,36834,36208,1234,37442,470
2021-08-06,Santa Clara,085,1922200,127326,124767,878,125645,2185
2021-08-06,Santa Cruz,087,273765,17328,16924,844,17768,207
2021-08-06,Shasta,089,179085,13628,13284,1824,15108,210
2021-08-06,Sierra,091,2930,83,73,12,85,0
2021-08-06,Siskiyou,093,43540,2168,2030,475,2505,32
2021-08-06,Solano,095,438530,37636,36351,809,37160,262
2021-08-06,Sonoma,097,501317,34661,33594,402,33996,333
2021-08-06,Stanislaus,099,539301,61005,59854,6484,66338,1037
2021-08-06,Sutter,101,95872,10563,10391,108,10499,128
2021-08-06,Tehama,103,63373,5456,5325,635,5960,66
2021-08-06,Trinity,105,12862,534,371,121,492,3
2021-08-06,Tulare,107,460477,52222,51018,9899,60917,854
2021-08-06,Tuolumne,109,53932,4794,4674,49,4723,64
2021-08-06,Ventura,111,848112,86409,85046,3587,88633,1047
2021-08-06,Yolo,113,214977,15765,15299,497,15796,218
2021-08-06,Yuba,115,75493,7068,6904,160,7064,50
2021-08-05,Alameda,001,1643700,100533,98052,2206,100258,1275
2021-08-05,Alpine,002,1148,90,91,0,91,0
2021-08-05,Amador,005,37829,4130,3992,34,4026,48
2021-08-05,Butte,007,227075,13951,13564,2164,15728,206
2021-08-05,Calaveras,009,45235,2485,2397,15,2412,57
2021-08-05,Colusa,011,21464,2104,2036,372,2408,16
2021-08-05,Contra Costa,013,1133247,80836,78514,1553,80067,840
2021-08-05,Del Norte,015,27424,1886,1731,15,1746,8
2021-08-05,El Dorado,017,186661,11877,11408,960,12368,117
2021-08-05,Fresno,019,978130,108546,106219,9259,115478,1747
2021-08-05,Glenn,021,27897,2553,2494,607,3101,20
2021-08-05,Humboldt,023,135768,5703,5328,95,5423,52
2021-08-05,Imperial,025,180216,29621,29383,2730,32113,745
2021-08-05,Inyo,027,18085,1480,1468,13,1481,38
2021-08-05,Kern,029,883053,101858,100091,12412,112503,1358
2021-08-05,Kings,031,150075,24455,23906,1210,25116,249
2021-08-05,Lake,033,64148,4702,4490,25,4515,66
2021-08-05,Lassen,035,31185,5428,5344,125,5469,21
2021-08-05,Los Angeles,037,10098052,1290600,1269445,45849,1315294,24756
2021-08-05,Madera,039,155013,17688,17301,1066,18367,245
2021-08-05,Marin,041,260295,15403,15005,298,15303,239
2021-08-05,Mariposa,043,17540,545,504,11,515,5
2021-08-05,Mendocino,045,87422,4819,4597,111,4708,49
2021-08-05,Merced,047,269075,32709,32381,1129,33510,477
2021-08-05,Modoc,049,8938,426,418,147,565,5
2021-08-05,Mono,051,14174,1329,1309,18,1327,3
2021-08-05,Monterey,053,433212,44376,43992,2033,46025,527
2021-08-05,Napa,055,140530,10776,10591,59,10650,83
2021-08-05,Nevada,057,99092,6168,5778,210,5988,73
2021-08-05,Orange,059,3164182,273092,268329,12353,280682,5149
2021-08-05,Placer,061,380077,27009,25965,2046,28011,305
2021-08-05,Plumas,063,18699,810,787,14,801,5
2021-08-05,Riverside,065,2383286,312099,305415,14653,320068,4562
2021-08-05,Sacramento,067,1510023,122070,118590,2322,120912,1739
2021-08-05,San Benito,069,59416,6366,6305,116,6421,63
2021-08-05,San Bernardino,071,2135413,309594,304956,9465,314421,5284
2021-08-05,San Diego,073,3302833,307993,302220,17723,319943,3806
2021-08-05,San Francisco,075,870044,43832,42301,1671,43972,564
2021-08-05,San Joaquin,077,732212,79779,78151,3989,82140,1468
2021-08-05,San Luis Obispo,079,281455,22974,22362,839,23201,263
2021-08-05,San Mateo,081,765935,46469,45554,643,46197,548
2021-08-05,Santa Barbara,083,443738,36727,36112,1231,37343,470
2021-08-05,Santa Clara,085,1922200,126993,124490,878,125368,2185
2021-08-05,Santa Cruz,087,273765,17284,16867,841,17708,207
2021-08-05,Shasta,089,179085,13570,13217,1816,15033,210
2021-08-05,Sierra,091,2930,78,73,12,85,0
2021-08-05,Siskiyou,093,43540,2147,2024,466,2490,32
2021-08-05,Solano,095,438530,37455,36250,802,37052,262
2021-08-05,Sonoma,097,501317,34526,33455,401,33856,330
2021-08-05,Stanislaus,099,539301,60783,59692,6445,66137,1037
2021-08-05,Sutter,101,95872,10508,10349,108,10457,127
2021-08-05,Tehama,103,63373,5438,5305,632,5937,66
2021-08-05,Trinity,105,12862,528,367,121,488,3
2021-08-05,Tulare,107,460477,52105,50889,9845,60734,854
2021-08-05,Tuolumne,109,53932,4764,4619,49,4668,64
2021-08-05,Ventura,111,848112,86158,84837,3573,88410,1047
2021-08-05,Yolo,113,214977,15698,15250,487,15737,218
2021-08-05,Yuba,115,75493,7025,6872,158,7030,50
2021-08-04,Alameda,001,1643700,100029,97477,2195,99672,1274
2021-08-04,Alpine,002,1148,90,91,0,91,0
2021-08-04,Amador,005,37829,4100,3962,33,3995,48
2021-08-04,Butte,007,227075,13883,13509,2147,15656,205
2021-08-04,Calaveras,009,45235,2460,2374,15,2389,57
2021-08-04,Colusa,011,21464,2092,2025,366,2391,16
2021-08-04,Contra Costa,013,1133247,80319,77966,1548,79514,840
2021-08-04,Del Norte,015,27424,1863,1701,15,1716,8
2021-08-04,El Dorado,017,186661,11797,11319,949,12268,117
2021-08-04,Fresno,019,978130,108176,105899,9220,115119,1747
2021-08-04,Glenn,021,27897,2545,2487,605,3092,20
2021-08-04,Humboldt,023,135768,5627,5271,94,5365,52
2021-08-04,Imperial,025,180216,29573,29375,2728,32103,745
2021-08-04,Inyo,027,18085,1479,1465,13,1478,38
2021-08-04,Kern,029,883053,101608,99868,12329,112197,1358
2021-08-04,Kings,031,150075,24383,23840,1202,25042,250
2021-08-04,Lake,033,64148,4672,4423,20,4443,65
2021-08-04,Lassen,035,31185,5420,5340,125,5465,21
2021-08-04,Los Angeles,037,10098052,1287107,1265788,45690,1311478,24737
2021-08-04,Madera,039,155013,17653,17251,1059,18310,245
2021-08-04,Marin,041,260295,15356,14950,296,15246,239
2021-08-04,Mariposa,043,17540,530,497,11,508,5
2021-08-04,Mendocino,045,87422,4795,4560,107,4667,49
2021-08-04,Merced,047,269075,32571,32274,1124,33398,476
2021-08-04,Modoc,049,8938,426,416,147,563,5
2021-08-04,Mono,051,14174,1325,1307,18,1325,3
2021-08-04,Monterey,053,433212,44311,43926,2022,45948,526
2021-08-04,Napa,055,140530,10739,10544,59,10603,82
2021-08-04,Nevada,057,99092,6104,5702,209,5911,73
2021-08-04,Orange,059,3164182,272217,267199,12316,279515,5146
2021-08-04,Placer,061,380077,26791,25688,2026,27714,305
2021-08-04,Plumas,063,18699,804,784,14,798,5
2021-08-04,Riverside,065,2383286,311174,304272,14628,318900,4562
2021-08-04,Sacramento,067,1510023,121313,117882,2296,120178,1736
2021-08-04,San Benito,069,59416,6351,6300,116,6416,63
2021-08-04,San Bernardino,071,2135413,308737,304164,9446,313610,5285
2021-08-04,San Diego,073,3302833,306479,301100,17656,318756,3805
2021-08-04,San Francisco,075,870044,43576,41913,1659,43572,562
2021-08-04,San Joaquin,077,732212,79422,77846,3977,81823,1466
2021-08-04,San Luis Obispo,079,281455,22864,22245,833,23078,262
2021-08-04,San Mateo,081,765935,46297,45392,642,46034,548
2021-08-04,Santa Barbara,083,443738,36598,36013,1223,37236,470
2021-08-04,Santa Clara,085,1922200,126602,124127,871,124998,2183
2021-08-04,Santa Cruz,087,273765,17222,16820,834,17654,208
2021-08-04,Shasta,089,179085,13519,13134,1805,14939,211
2021-08-04,Sierra,091,2930,78,73,12,85,0
2021-08-04,Siskiyou,093,43540,2127,2010,462,2472,32
2021-08-04,Solano,095,438530,37254,36025,793,36818,262
2021-08-04,Sonoma,097,501317,34354,33311,399,33710,330
2021-08-04,Stanislaus,099,539301,60557,59396,6407,65803,1037
2021-08-04,Sutter,101,95872,10471,10294,108,10402,127
2021-08-04,Tehama,103,63373,5412,5281,626,5907,66
2021-08-04,Trinity,105,12862,526,362,118,480,3
2021-08-04,Tulare,107,460477,51995,50797,9801,60598,855
2021-08-04,Tuolumne,109,53932,4739,4584,49,4633,64
2021-08-04,Ventura,111,848112,85900,84406,3551,87957,1047
2021-08-04,Yolo,113,214977,15618,15189,474,15663,215
2021-08-04,Yuba,115,75493,6985,6827,157,6984,50
2021-08-03,Alameda,001,1643700,99582,97275,2190,99465,1270
2021-08-03,Alpine,002,1148,90,91,0,91,0
2021-08-03,Amador,005,37829,4064,3953,33,3986,48
2021-08-03,Butte,007,227075,13816,13468,2132,15600,205
2021-08-03,Calaveras,009,45235,2438,2356,15,2371,57
2021-08-03,Colusa,011,21464,2079,2023,360,2383,16
2021-08-03,Contra Costa,013,1133247,79837,77739,1541,79280,836
2021-08-03,Del Norte,015,27424,1831,1691,14,1705,8
2021-08-03,El Dorado,017,186661,11704,11255,938,12193,117
2021-08-03,Fresno,019,978130,107814,105732,9189,114921,1746
2021-08-03,Glenn,021,27897,2538,2481,599,3080,20
2021-08-03,Humboldt,023,135768,5562,5199,89,5288,52
2021-08-03,Imperial,025,180216,29551,29333,2721,32054,745
2021-08-03,Inyo,027,18085,1476,1459,13,1472,38
2021-08-03,Kern,029,883053,101346,99708,12250,111958,1358
2021-08-03,Kings,031,150075,24295,23780,1195,24975,249
2021-08-03,Lake,033,64148,4616,4408,16,4424,66
2021-08-03,Lassen,035,31185,5410,5341,125,5466,21
2021-08-03,Los Angeles,037,10098052,1283360,1262678,45517,1308195,24721
2021-08-03,Madera,039,155013,17612,17220,1044,18264,245
2021-08-03,Marin,041,260295,15307,14906,293,15199,243
2021-08-03,Mariposa,043,17540,519,495,11,506,5
2021-08-03,Mendocino,045,87422,4746,4546,106,4652,49
2021-08-03,Merced,047,269075,32488,32197,1122,33319,476
2021-08-03,Modoc,049,8938,426,416,147,563,5
2021-08-03,Mono,051,14174,1320,1303,18,1321,3
2021-08-03,Monterey,053,433212,44248,43872,2009,45881,525
2021-08-03,Napa,055,140530,10696,10527,58,10585,82
2021-08-03,Nevada,057,99092,6023,5685,208,5893,73
2021-08-03,Orange,059,3164182,271478,266649,12286,278935,5146
2021-08-03,Placer,061,380077,26590,25624,2002,27626,305
2021-08-03,Plumas,063,18699,797,779,14,793,5
2021-08-03,Riverside,065,2383286,310249,303499,14602,318101,4562
2021-08-03,Sacramento,067,1510023,120568,117591,2276,119867,1732
2021-08-03,San Benito,069,59416,6336,6284,115,6399,63
2021-08-03,San Bernardino,071,2135413,307815,303386,9428,312814,5265
2021-08-03,San Diego,073,3302833,305040,300189,17546,317735,3803
2021-08-03,San Francisco,075,870044,43292,41758,1639,43397,562
2021-08-03,San Joaquin,077,732212,79071,77615,3956,81571,1461
2021-08-03,San Luis Obispo,079,281455,22724,22166,826,22992,264
2021-08-03,San Mateo,081,765935,46105,45255,637,45892,548
2021-08-03,Santa Barbara,083,443738,36479,35912,1217,37129,469
2021-08-03,Santa Clara,085,1922200,126181,123914,865,124779,2183
2021-08-03,Santa Cruz,087,273765,17156,16778,831,17609,207
2021-08-03,Shasta,089,179085,13444,13091,1794,14885,211
2021-08-03,Sierra,091,2930,78,72,12,84,0
2021-08-03,Siskiyou,093,43540,2116,1998,457,2455,32
2021-08-03,Solano,095,438530,37034,35953,781,36734,261
2021-08-03,Sonoma,097,501317,34173,33243,398,33641,330
2021-08-03,Stanislaus,099,539301,60335,59282,6388,65670,1037
2021-08-03,Sutter,101,95872,10431,10263,107,10370,127
2021-08-03,Tehama,103,63373,5385,5269,621,5890,66
2021-08-03,Trinity,105,12862,523,361,115,476,3
2021-08-03,Tulare,107,460477,51900,50729,9755,60484,854
2021-08-03,Tuolumne,109,53932,4704,4563,49,4612,64
2021-08-03,Ventura,111,848112,85656,84270,3530,87800,1046
2021-08-03,Yolo,113,214977,15526,15149,459,15608,215
2021-08-03,Yuba,115,75493,6948,6781,155,6936,50
2021-08-02,Alameda,001,1643700,99025,96954,2186,99140,1270
2021-08-02,Alpine,002,1148,90,91,0,91,0
2021-08-02,Amador,005,37829,4044,3927,33,3960,48
2021-08-02,Butte,007,227075,13736,13442,2113,15555,205
2021-08-02,Calaveras,009,45235,2413,2347,15,2362,57
2021-08-02,Colusa,011,21464,2067,2019,357,2376,16
2021-08-02,Contra Costa,013,1133247,79327,77516,1527,79043,836
2021-08-02,Del Norte,015,27424,1801,1653,14,1667,8
2021-08-02,El Dorado,017,186661,11601,11226,924,12150,116
2021-08-02,Fresno,019,978130,107470,105471,9152,114623,1744
2021-08-02,Glenn,021,27897,2530,2477,596,3073,20
2021-08-02,Humboldt,023,135768,5479,5161,87,5248,52
2021-08-02,Imperial,025,180216,29518,29302,2718,32020,743
2021-08-02,Inyo,027,18085,1470,1455,13,1468,38
2021-08-02,Kern,029,883053,101091,99556,12159,111715,1357
2021-08-02,Kings,031,150075,24225,23722,1189,24911,249
2021-08-02,Lake,033,64148,4573,4375,16,4391,66
2021-08-02,Lassen,035,31185,5387,5338,123,5461,21
2021-08-02,Los Angeles,037,10098052,1279636,1260807,45313,1306120,24705
2021-08-02,Madera,039,155013,17568,17158,1031,18189,245
2021-08-02,Marin,041,260295,15264,14859,292,15151,239
2021-08-02,Mariposa,043,17540,510,490,11,501,5
2021-08-02,Mendocino,045,87422,4706,4512,103,4615,49
2021-08-02,Merced,047,269075,32390,32163,1115,33278,474
2021-08-02,Modoc,049,8938,426,415,147,562,5
2021-08-02,Mono,051,14174,1313,1296,18,1314,3
2021-08-02,Monterey,053,433212,44188,43842,2001,45843,525
2021-08-02,Napa,055,140530,10653,10490,55,10545,82
2021-08-02,Nevada,057,99092,5952,5611,207,5818,73
2021-08-02,Orange,059,3164182,270563,266050,12241,278291,5146
2021-08-02,Placer,061,380077,26443,25516,1968,27484,306
2021-08-02,Plumas,063,18699,790,762,14,776,5
2021-08-02,Riverside,065,2383286,309311,302756,14587,317343,4562
2021-08-02,Sacramento,067,1510023,119870,117183,2257,119440,1728
2021-08-02,San Benito,069,59416,6317,6276,114,6390,63
2021-08-02,San Bernardino,071,2135413,306940,303000,9395,312395,5253
2021-08-02,San Diego,073,3302833,303560,299021,17466,316487,3798
2021-08-02,San Francisco,075,870044,43005,41553,1616,43169,562
2021-08-02,San Joaquin,077,732212,78728,77447,3931,81378,1461
2021-08-02,San Luis Obispo,079,281455,22630,22093,819,22912,261
2021-08-02,San Mateo,081,765935,45928,45154,625,45779,548
2021-08-02,Santa Barbara,083,443738,36342,35851,1211,37062,469
2021-08-02,Santa Clara,085,1922200,125709,123655,857,124512,2183
2021-08-02,Santa Cruz,087,273765,17098,16746,827,17573,207
2021-08-02,Shasta,089,179085,13382,13049,1780,14829,212
2021-08-02,Sierra,091,2930,78,71,12,83,0
2021-08-02,Siskiyou,093,43540,2105,1992,443,2435,31
2021-08-02,Solano,095,438530,36786,35852,768,36620,260
2021-08-02,Sonoma,097,501317,33947,33132,393,33525,330
2021-08-02,Stanislaus,099,539301,60116,59160,6361,65521,1037
2021-08-02,Sutter,101,95872,10385,10220,107,10327,127
2021-08-02,Tehama,103,63373,5362,5260,617,5877,66
2021-08-02,Trinity,105,12862,518,359,114,473,3
2021-08-02,Tulare,107,460477,51799,50640,9683,60323,854
2021-08-02,Tuolumne,109,53932,4637,4524,49,4573,64
2021-08-02,Ventura,111,848112,85471,84143,3507,87650,1044
2021-08-02,Yolo,113,214977,15428,15072,442,15514,215
2021-08-02,Yuba,115,75493,6906,6743,152,6895,50
2021-08-01,Alameda,001,1643700,98494,96775,2180,98955,1270
2021-08-01,Alpine,002,1148,90,91,0,91,0
2021-08-01,Amador,005,37829,4006,3923,33,3956,48
2021-08-01,Butte,007,227075,13658,13406,2095,15501,205
2021-08-01,Calaveras,009,45235,2389,2341,15,2356,57
2021-08-01,Colusa,011,21464,2056,2014,355,2369,16
2021-08-01,Contra Costa,013,1133247,78891,77360,1520,78880,836
2021-08-01,Del Norte,015,27424,1769,1642,14,1656,8
2021-08-01,El Dorado,017,186661,11501,11189,913,12102,116
2021-08-01,Fresno,019,978130,107143,105339,9107,114446,1744
2021-08-01,Glenn,021,27897,2524,2476,593,3069,20
2021-08-01,Humboldt,023,135768,5402,5118,83,5201,52
2021-08-01,Imperial,025,180216,29483,29297,2714,32011,743
2021-08-01,Inyo,027,18085,1468,1454,13,1467,38
2021-08-01,Kern,029,883053,100813,99396,12084,111480,1357
2021-08-01,Kings,031,150075,24138,23700,1184,24884,249
2021-08-01,Lake,033,64148,4494,4356,16,4372,66
2021-08-01,Lassen,035,31185,5374,5336,121,5457,21
2021-08-01,Los Angeles,037,10098052,1275944,1258461,45091,1303552,24700
2021-08-01,Madera,039,155013,17512,17146,1026,18172,245
2021-08-01,Marin,041,260295,15187,14844,291,15135,239
2021-08-01,Mariposa,043,17540,503,482,11,493,5
2021-08-01,Mendocino,045,87422,4660,4476,99,4575,49
2021-08-01,Merced,047,269075,32299,32144,1109,33253,474
2021-08-01,Modoc,049,8938,424,413,147,560,5
2021-08-01,Mono,051,14174,1310,1294,18,1312,3
2021-08-01,Monterey,053,433212,44141,43808,1988,45796,525
2021-08-01,Napa,055,140530,10604,10473,53,10526,82
2021-08-01,Nevada,057,99092,5865,5561,206,5767,73
2021-08-01,Orange,059,3164182,269749,265467,12198,277665,5146
2021-08-01,Placer,061,380077,26226,25464,1938,27402,306
2021-08-01,Plumas,063,18699,784,761,14,775,5
2021-08-01,Riverside,065,2383286,308378,302256,14569,316825,4562
2021-08-01,Sacramento,067,1510023,119133,116923,2243,119166,1727
2021-08-01,San Benito,069,59416,6300,6271,114,6385,63
2021-08-01,San Bernardino,071,2135413,306006,302542,9384,311926,5248
2021-08-01,San Diego,073,3302833,302374,298002,17401,315403,3798
2021-08-01,San Francisco,075,870044,42668,41432,1603,43035,562
2021-08-01,San Joaquin,077,732212,78361,77338,3906,81244,1461
2021-08-01,San Luis Obispo,079,281455,22528,22083,814,22897,261
2021-08-01,San Mateo,081,765935,45745,45036,618,45654,548
2021-08-01,Santa Barbara,083,443738,36218,35809,1207,37016,469
2021-08-01,Santa Clara,085,1922200,125297,123511,849,124360,2183
2021-08-01,Santa Cruz,087,273765,17020,16709,820,17529,207
2021-08-01,Shasta,089,179085,13311,13036,1771,14807,212
2021-08-01,Sierra,091,2930,76,71,12,83,0
2021-08-01,Siskiyou,093,43540,2099,1989,437,2426,31
2021-08-01,Solano,095,438530,36551,35800,759,36559,260
2021-08-01,Sonoma,097,501317,33755,33076,390,33466,330
2021-08-01,Stanislaus,099,539301,59879,59078,6329,65407,1037
2021-08-01,Sutter,101,95872,10330,10198,104,10302,127
2021-08-01,Tehama,103,63373,5345,5252,613,5865,66
2021-08-01,Trinity,105,12862,515,359,113,472,3
2021-08-01,Tulare,107,460477,51642,50600,9622,60222,854
2021-08-01,Tuolumne,109,53932,4599,4489,49,4538,64
2021-08-01,Ventura,111,848112,85241,84040,3492,87532,1044
2021-08-01,Yolo,113,214977,15358,15042,432,15474,215
2021-08-01,Yuba,115,75493,6869,6721,151,6872,50
2021-07-31,Alameda,001,1643700,98162,95279,2175,97454,1265
2021-07-31,Alpine,002,1148,90,89,0,89,0
2021-07-31,Amador,005,37829,3986,3877,33,3910,48
2021-07-31,Butte,007,227075,13624,13235,2074,15309,205
2021-07-31,Calaveras,009,45235,2380,2294,15,2309,57
2021-07-31,Colusa,011,21464,2050,2006,353,2359,16
2021-07-31,Contra Costa,013,1133247,78612,75866,1518,77384,832
2021-07-31,Del Norte,015,27424,1743,1576,14,1590,8
2021-07-31,El Dorado,017,186661,11448,11017,907,11924,116
2021-07-31,Fresno,019,978130,106984,104639,9094,113733,1744
2021-07-31,Glenn,021,27897,2519,2465,588,3053,20
2021-07-31,Humboldt,023,135768,5347,4978,82,5060,52
2021-07-31,Imperial,025,180216,29466,29164,2711,31875,743
2021-07-31,Inyo,027,18085,1465,1442,13,1455,38
2021-07-31,Kern,029,883053,100648,98903,12025,110928,1357
2021-07-31,Kings,031,150075,24085,23548,1179,24727,248
2021-07-31,Lake,033,64148,4469,4238,16,4254,66
2021-07-31,Lassen,035,31185,5367,5320,121,5441,21
2021-07-31,Los Angeles,037,10098052,1273737,1248545,44951,1293496,24691
2021-07-31,Madera,039,155013,17479,17058,1020,18078,245
2021-07-31,Marin,041,260295,15143,14701,290,14991,239
2021-07-31,Mariposa,043,17540,494,470,11,481,5
2021-07-31,Mendocino,045,87422,4635,4400,96,4496,49
2021-07-31,Merced,047,269075,32251,31959,1104,33063,474
2021-07-31,Modoc,049,8938,424,413,147,560,5
2021-07-31,Mono,051,14174,1308,1287,18,1305,3
2021-07-31,Monterey,053,433212,44101,43720,1978,45698,525
2021-07-31,Napa,055,140530,10585,10401,52,10453,82
2021-07-31,Nevada,057,99092,5826,5373,205,5578,72
2021-07-31,Orange,059,3164182,269175,263446,12180,275626,5144
2021-07-31,Placer,061,380077,26094,25104,1931,27035,306
2021-07-31,Plumas,063,18699,781,743,14,757,5
2021-07-31,Riverside,065,2383286,307761,300315,14560,314875,4554
2021-07-31,Sacramento,067,1510023,118721,115259,2235,117494,1720
2021-07-31,San Benito,069,59416,6289,6251,114,6365,63
2021-07-31,San Bernardino,071,2135413,305432,300726,9381,310107,5240
2021-07-31,San Diego,073,3302833,301701,295054,17355,312409,3798
2021-07-31,San Francisco,075,870044,42440,40412,1583,41995,562
2021-07-31,San Joaquin,077,732212,78196,76575,3893,80468,1443
2021-07-31,San Luis Obispo,079,281455,22475,21922,812,22734,260
2021-07-31,San Mateo,081,765935,45588,44622,613,45235,548
2021-07-31,Santa Barbara,083,443738,36137,35531,1206,36737,467
2021-07-31,Santa Clara,085,1922200,125042,122614,847,123461,2099
2021-07-31,Santa Cruz,087,273765,16981,16576,819,17395,207
2021-07-31,Shasta,089,179085,13274,12918,1763,14681,212
2021-07-31,Sierra,091,2930,76,68,12,80,0
2021-07-31,Siskiyou,093,43540,2090,1976,431,2407,31
2021-07-31,Solano,095,438530,36450,35340,752,36092,263
2021-07-31,Sonoma,097,501317,33629,32601,390,32991,329
2021-07-31,Stanislaus,099,539301,59720,58586,6307,64893,1035
2021-07-31,Sutter,101,95872,10296,10068,103,10171,127
2021-07-31,Tehama,103,63373,5330,5216,610,5826,66
2021-07-31,Trinity,105,12862,514,354,112,466,3
2021-07-31,Tulare,107,460477,51552,50409,9569,59978,854
2021-07-31,Tuolumne,109,53932,4560,4362,49,4411,64
2021-07-31,Ventura,111,848112,85080,83509,3476,86985,1044
2021-07-31,Yolo,113,214977,15310,14863,421,15284,215
2021-07-31,Yuba,115,75493,6846,6615,147,6762,50
2021-07-30,Alameda,001,1643700,97836,95279,2171,97450,1265
2021-07-30,Alpine,002,1148,90,89,0,89,0
2021-07-30,Amador,005,37829,3963,3877,33,3910,48
2021-07-30,Butte,007,227075,13569,13235,2061,15296,205
2021-07-30,Calaveras,009,45235,2370,2294,15,2309,57
2021-07-30,Colusa,011,21464,2046,2006,351,2357,16
2021-07-30,Contra Costa,013,1133247,78366,75866,1514,77380,832
2021-07-30,Del Norte,015,27424,1725,1576,14,1590,8
2021-07-30,El Dorado,017,186661,11415,11017,901,11918,116
2021-07-30,Fresno,019,978130,106790,104639,9082,113721,1744
2021-07-30,Glenn,021,27897,2514,2465,587,3052,20
2021-07-30,Humboldt,023,135768,5284,4978,79,5057,52
2021-07-30,Imperial,025,180216,29452,29164,2708,31872,743
2021-07-30,Inyo,027,18085,1464,1442,13,1455,38
2021-07-30,Kern,029,883053,100524,98903,11978,110881,1357
2021-07-30,Kings,031,150075,24045,23548,1175,24723,248
2021-07-30,Lake,033,64148,4441,4238,16,4254,66
2021-07-30,Lassen,035,31185,5363,5320,121,5441,21
2021-07-30,Los Angeles,037,10098052,1271404,1248545,44804,1293349,24691
2021-07-30,Madera,039,155013,17437,17058,1017,18075,245
2021-07-30,Marin,041,260295,15109,14701,290,14991,239
2021-07-30,Mariposa,043,17540,490,470,11,481,5
2021-07-30,Mendocino,045,87422,4605,4400,95,4495,49
2021-07-30,Merced,047,269075,32210,31959,1100,33059,474
2021-07-30,Modoc,049,8938,422,413,147,560,5
2021-07-30,Mono,051,14174,1303,1287,18,1305,3
2021-07-30,Monterey,053,433212,44067,43720,1969,45689,525
2021-07-30,Napa,055,140530,10563,10401,51,10452,82
2021-07-30,Nevada,057,99092,5769,5373,205,5578,72
2021-07-30,Orange,059,3164182,268550,263446,12154,275600,5144
2021-07-30,Placer,061,380077,26004,25104,1913,27017,306
2021-07-30,Plumas,063,18699,776,743,14,757,5
2021-07-30,Riverside,065,2383286,307124,300315,14549,314864,4554
2021-07-30,Sacramento,067,1510023,118269,115259,2229,117488,1720
2021-07-30,San Benito,069,59416,6282,6251,114,6365,63
2021-07-30,San Bernardino,071,2135413,304918,300726,9374,310100,5240
2021-07-30,San Diego,073,3302833,300926,295054,17297,312351,3798
2021-07-30,San Francisco,075,870044,42227,40412,1569,41981,562
2021-07-30,San Joaquin,077,732212,78042,76575,3888,80463,1443
2021-07-30,San Luis Obispo,079,281455,22437,21922,808,22730,260
2021-07-30,San Mateo,081,765935,45463,44622,600,45222,548
2021-07-30,Santa Barbara,083,443738,36068,35531,1200,36731,467
2021-07-30,Santa Clara,085,1922200,124819,122614,845,123459,2099
2021-07-30,Santa Cruz,087,273765,16955,16576,817,17393,207
2021-07-30,Shasta,089,179085,13229,12918,1763,14681,212
2021-07-30,Sierra,091,2930,75,68,12,80,0
2021-07-30,Siskiyou,093,43540,2081,1976,430,2406,31
2021-07-30,Solano,095,438530,36359,35340,736,36076,263
2021-07-30,Sonoma,097,501317,33534,32601,390,32991,329
2021-07-30,Stanislaus,099,539301,59577,58586,6287,64873,1035
2021-07-30,Sutter,101,95872,10261,10068,103,10171,127
2021-07-30,Tehama,103,63373,5320,5216,610,5826,66
2021-07-30,Trinity,105,12862,514,354,112,466,3
2021-07-30,Tulare,107,460477,51509,50409,9534,59943,854
2021-07-30,Tuolumne,109,53932,4542,4362,49,4411,64
2021-07-30,Ventura,111,848112,84916,83509,3461,86970,1044
2021-07-30,Yolo,113,214977,15250,14863,417,15280,215
2021-07-30,Yuba,115,75493,6810,6615,146,6761,50
2021-07-29,Alameda,001,1643700,97424,95279,2165,97444,1265
2021-07-29,Alpine,002,1148,90,89,0,89,0
2021-07-29,Amador,005,37829,3944,3877,33,3910,48
2021-07-29,Butte,007,227075,13520,13235,2053,15288,205
2021-07-29,Calaveras,009,45235,2355,2294,15,2309,57
2021-07-29,Colusa,011,21464,2039,2006,351,2357,16
2021-07-29,Contra Costa,013,1133247,77926,75866,1512,77378,832
2021-07-29,Del Norte,015,27424,1701,1576,14,1590,8
2021-07-29,El Dorado,017,186661,11351,11017,889,11906,116
2021-07-29,Fresno,019,978130,106526,104639,9056,113695,1744
2021-07-29,Glenn,021,27897,2504,2465,586,3051,20
2021-07-29,Humboldt,023,135768,5224,4978,77,5055,52
2021-07-29,Imperial,025,180216,29407,29164,2706,31870,743
2021-07-29,Inyo,027,18085,1460,1442,13,1455,38
2021-07-29,Kern,029,883053,100317,98903,11901,110804,1357
2021-07-29,Kings,031,150075,23999,23548,1171,24719,248
2021-07-29,Lake,033,64148,4406,4238,16,4254,66
2021-07-29,Lassen,035,31185,5355,5320,118,5438,21
2021-07-29,Los Angeles,037,10098052,1268300,1248545,44627,1293172,24691
2021-07-29,Madera,039,155013,17390,17058,1013,18071,245
2021-07-29,Marin,041,260295,15065,14701,290,14991,239
2021-07-29,Mariposa,043,17540,486,470,11,481,5
2021-07-29,Mendocino,045,87422,4582,4400,93,4493,49
2021-07-29,Merced,047,269075,32155,31959,1100,33059,474
2021-07-29,Modoc,049,8938,422,413,147,560,5
2021-07-29,Mono,051,14174,1301,1287,18,1305,3
2021-07-29,Monterey,053,433212,44018,43720,1959,45679,525
2021-07-29,Napa,055,140530,10531,10401,49,10450,82
2021-07-29,Nevada,057,99092,5717,5373,204,5577,72
2021-07-29,Orange,059,3164182,267838,263446,12122,275568,5144
2021-07-29,Placer,061,380077,25881,25104,1898,27002,306
2021-07-29,Plumas,063,18699,768,743,14,757,5
2021-07-29,Riverside,065,2383286,306419,300315,14525,314840,4554
2021-07-29,Sacramento,067,1510023,117714,115259,2216,117475,1720
2021-07-29,San Benito,069,59416,6271,6251,114,6365,63
2021-07-29,San Bernardino,071,2135413,304281,300726,9365,310091,5240
2021-07-29,San Diego,073,3302833,299869,295054,17229,312283,3798
2021-07-29,San Francisco,075,870044,41976,40412,1548,41960,562
2021-07-29,San Joaquin,077,732212,77787,76575,3880,80455,1443
2021-07-29,San Luis Obispo,079,281455,22382,21922,806,22728,260
2021-07-29,San Mateo,081,765935,45336,44622,590,45212,548
2021-07-29,Santa Barbara,083,443738,35982,35531,1199,36730,467
2021-07-29,Santa Clara,085,1922200,124523,122614,842,123456,2099
2021-07-29,Santa Cruz,087,273765,16902,16576,815,17391,207
2021-07-29,Shasta,089,179085,13175,12918,1754,14672,212
2021-07-29,Sierra,091,2930,75,68,12,80,0
2021-07-29,Siskiyou,093,43540,2076,1976,428,2404,31
2021-07-29,Solano,095,438530,36199,35340,726,36066,263
2021-07-29,Sonoma,097,501317,33360,32601,388,32989,329
2021-07-29,Stanislaus,099,539301,59405,58586,6272,64858,1035
2021-07-29,Sutter,101,95872,10215,10068,102,10170,127
2021-07-29,Tehama,103,63373,5307,5216,604,5820,66
2021-07-29,Trinity,105,12862,512,354,111,465,3
2021-07-29,Tulare,107,460477,51419,50409,9494,59903,854
2021-07-29,Tuolumne,109,53932,4502,4362,48,4410,64
2021-07-29,Ventura,111,848112,84750,83509,3454,86963,1044
2021-07-29,Yolo,113,214977,15183,14863,403,15266,215
2021-07-29,Yuba,115,75493,6761,6615,143,6758,50
2021-07-28,Alameda,001,1643700,96964,94965,2158,97123,1262
2021-07-28,Alpine,002,1148,90,89,0,89,0
2021-07-28,Amador,005,37829,3930,3870,33,3903,48
2021-07-28,Butte,007,227075,13463,13184,2040,15224,205
2021-07-28,Calaveras,009,45235,2334,2289,15,2304,57
2021-07-28,Colusa,011,21464,2036,2001,350,2351,16
2021-07-28,Contra Costa,013,1133247,77437,75487,1504,76991,832
2021-07-28,Del Norte,015,27424,1668,1545,14,1559,8
2021-07-28,El Dorado,017,186661,11301,10967,880,11847,116
2021-07-28,Fresno,019,978130,106275,104458,9036,113494,1744
2021-07-28,Glenn,021,27897,2501,2464,583,3047,20
2021-07-28,Humboldt,023,135768,5173,4946,76,5022,52
2021-07-28,Imperial,025,180216,29360,29096,2706,31802,743
2021-07-28,Inyo,027,18085,1454,1439,12,1451,38
2021-07-28,Kern,029,883053,100161,98781,11855,110636,1352
2021-07-28,Kings,031,150075,23935,23503,1161,24664,248
2021-07-28,Lake,033,64148,4360,4191,15,4206,65
2021-07-28,Lassen,035,31185,5347,5318,118,5436,21
2021-07-28,Los Angeles,037,10098052,1265123,1245485,44444,1289929,24673
2021-07-28,Madera,039,155013,17349,17024,1007,18031,245
2021-07-28,Marin,041,260295,15011,14652,290,14942,239
2021-07-28,Mariposa,043,17540,479,469,11,480,5
2021-07-28,Mendocino,045,87422,4554,4377,93,4470,49
2021-07-28,Merced,047,269075,32099,31886,1096,32982,474
2021-07-28,Modoc,049,8938,420,413,147,560,5
2021-07-28,Mono,051,14174,1300,1286,18,1304,3
2021-07-28,Monterey,053,433212,43971,43668,1950,45618,524
2021-07-28,Napa,055,140530,10491,10376,47,10423,82
2021-07-28,Nevada,057,99092,5663,5320,204,5524,72
2021-07-28,Orange,059,3164182,267046,262735,12093,274828,5143
2021-07-28,Placer,061,380077,25734,24978,1883,26861,306
2021-07-28,Plumas,063,18699,763,754,14,768,5
2021-07-28,Riverside,065,2383286,305652,299611,14506,314117,4554
2021-07-28,Sacramento,067,1510023,117061,114665,2197,116862,1714
2021-07-28,San Benito,069,59416,6260,6236,114,6350,63
2021-07-28,San Bernardino,071,2135413,303659,300121,9353,309474,5236
2021-07-28,San Diego,073,3302833,298595,294176,17156,311332,3798
2021-07-28,San Francisco,075,870044,41672,40144,1522,41666,561
2021-07-28,San Joaquin,077,732212,77536,76312,3850,80162,1443
2021-07-28,San Luis Obispo,079,281455,22323,21865,805,22670,260
2021-07-28,San Mateo,081,765935,45185,44477,581,45058,547
2021-07-28,Santa Barbara,083,443738,35907,35431,1194,36625,467
2021-07-28,Santa Clara,085,1922200,124261,122345,840,123185,2099
2021-07-28,Santa Cruz,087,273765,16864,16551,814,17365,207
2021-07-28,Shasta,089,179085,13130,12882,1744,14626,212
2021-07-28,Sierra,091,2930,71,67,12,79,0
2021-07-28,Siskiyou,093,43540,2067,1971,425,2396,31
2021-07-28,Solano,095,438530,36025,35204,719,35923,262
2021-07-28,Sonoma,097,501317,33216,32434,385,32819,328
2021-07-28,Stanislaus,099,539301,59208,58427,6256,64683,1035
2021-07-28,Sutter,101,95872,10183,10033,101,10134,126
2021-07-28,Tehama,103,63373,5295,5209,601,5810,66
2021-07-28,Trinity,105,12862,511,352,111,463,3
2021-07-28,Tulare,107,460477,51331,50363,9447,59810,854
2021-07-28,Tuolumne,109,53932,4463,4313,48,4361,64
2021-07-28,Ventura,111,848112,84554,83360,3438,86798,1043
2021-07-28,Yolo,113,214977,15111,14801,394,15195,215
2021-07-28,Yuba,115,75493,6728,6591,142,6733,51
2021-07-27,Alameda,001,1643700,96563,94682,2150,96832,1256
2021-07-27,Alpine,002,1148,90,89,0,89,0
2021-07-27,Amador,005,37829,3914,3861,33,3894,48
2021-07-27,Butte,007,227075,13415,13127,2028,15155,205
2021-07-27,Calaveras,009,45235,2323,2280,15,2295,57
2021-07-27,Colusa,011,21464,2027,1999,349,2348,16
2021-07-27,Contra Costa,013,1133247,76952,75227,1500,76727,830
2021-07-27,Del Norte,015,27424,1648,1538,14,1552,8
2021-07-27,El Dorado,017,186661,11241,10941,870,11811,116
2021-07-27,Fresno,019,978130,105983,104288,9013,113301,1746
2021-07-27,Glenn,021,27897,2493,2460,581,3041,20
2021-07-27,Humboldt,023,135768,5119,4925,75,5000,52
2021-07-27,Imperial,025,180216,29315,29048,2705,31753,743
2021-07-27,Inyo,027,18085,1452,1430,12,1442,38
2021-07-27,Kern,029,883053,99991,98724,11799,110523,1352
2021-07-27,Kings,031,150075,23878,23463,1151,24614,248
2021-07-27,Lake,033,64148,4321,4157,15,4172,65
2021-07-27,Lassen,035,31185,5341,5315,118,5433,21
2021-07-27,Los Angeles,037,10098052,1261653,1243336,44241,1287577,24658
2021-07-27,Madera,039,155013,17296,16998,1001,17999,245
2021-07-27,Marin,041,260295,14963,14631,287,14918,239
2021-07-27,Mariposa,043,17540,476,468,11,479,5
2021-07-27,Mendocino,045,87422,4531,4371,93,4464,49
2021-07-27,Merced,047,269075,32032,31825,1093,32918,473
2021-07-27,Modoc,049,8938,419,413,147,560,5
2021-07-27,Mono,051,14174,1296,1288,18,1306,3
2021-07-27,Monterey,053,433212,43931,43646,1939,45585,523
2021-07-27,Napa,055,140530,10461,10354,47,10401,82
2021-07-27,Nevada,057,99092,5586,5305,202,5507,72
2021-07-27,Orange,059,3164182,266306,262193,12067,274260,5143
2021-07-27,Placer,061,380077,25575,24916,1857,26773,306
2021-07-27,Plumas,063,18699,760,752,14,766,5
2021-07-27,Riverside,065,2383286,304923,299160,14487,313647,4554
2021-07-27,Sacramento,067,1510023,116458,114413,2188,116601,1710
2021-07-27,San Benito,069,59416,6251,6229,114,6343,63
2021-07-27,San Bernardino,071,2135413,302976,299593,9331,308924,5236
2021-07-27,San Diego,073,3302833,297506,293408,17077,310485,3798
2021-07-27,San Francisco,075,870044,41316,39939,1504,41443,561
2021-07-27,San Joaquin,077,732212,77274,76166,3831,79997,1442
2021-07-27,San Luis Obispo,079,281455,22268,21803,796,22599,260
2021-07-27,San Mateo,081,765935,45034,44378,578,44956,547
2021-07-27,Santa Barbara,083,443738,35812,35355,1192,36547,467
2021-07-27,Santa Clara,085,1922200,123967,122154,838,122992,2099
2021-07-27,Santa Cruz,087,273765,16818,16523,813,17336,207
2021-07-27,Shasta,089,179085,13080,12846,1731,14577,212
2021-07-27,Sierra,091,2930,71,65,12,77,0
2021-07-27,Siskiyou,093,43540,2062,1964,422,2386,31
2021-07-27,Solano,095,438530,35893,35093,709,35802,261
2021-07-27,Sonoma,097,501317,33072,32367,383,32750,328
2021-07-27,Stanislaus,099,539301,59040,58333,6228,64561,1033
2021-07-27,Sutter,101,95872,10142,9998,101,10099,115
2021-07-27,Tehama,103,63373,5273,5192,599,5791,66
2021-07-27,Trinity,105,12862,510,351,111,462,3
2021-07-27,Tulare,107,460477,51265,50324,9416,59740,854
2021-07-27,Tuolumne,109,53932,4411,4282,48,4330,64
2021-07-27,Ventura,111,848112,84346,83189,3426,86615,1043
2021-07-27,Yolo,113,214977,15038,14759,388,15147,215
2021-07-27,Yuba,115,75493,6706,6564,140,6704,51
2021-07-26,Alameda,001,1643700,96118,94436,2146,96582,1259
2021-07-26,Alpine,002,1148,90,89,0,89,0
2021-07-26,Amador,005,37829,3904,3854,33,3887,48
2021-07-26,Butte,007,227075,13360,13082,2012,15094,203
2021-07-26,Calaveras,009,45235,2317,2276,15,2291,57
2021-07-26,Colusa,011,21464,2020,1996,347,2343,16
2021-07-26,Contra Costa,013,1133247,76455,74854,1493,76347,830
2021-07-26,Del Norte,015,27424,1627,1530,14,1544,8
2021-07-26,El Dorado,017,186661,11177,10899,867,11766,116
2021-07-26,Fresno,019,978130,105779,104143,8990,113133,1742
2021-07-26,Glenn,021,27897,2491,2461,580,3041,20
2021-07-26,Humboldt,023,135768,5080,4906,73,4979,52
2021-07-26,Imperial,025,180216,29275,29034,2705,31739,743
2021-07-26,Inyo,027,18085,1447,1429,12,1441,38
2021-07-26,Kern,029,883053,99825,98633,11734,110367,1351
2021-07-26,Kings,031,150075,23829,23426,1147,24573,247
2021-07-26,Lake,033,64148,4300,4133,15,4148,65
2021-07-26,Lassen,035,31185,5337,5314,118,5432,21
2021-07-26,Los Angeles,037,10098052,1258305,1241527,44070,1285597,24647
2021-07-26,Madera,039,155013,17268,16971,994,17965,245
2021-07-26,Marin,041,260295,14906,14579,286,14865,239
2021-07-26,Mariposa,043,17540,475,467,11,478,5
2021-07-26,Mendocino,045,87422,4510,4354,93,4447,49
2021-07-26,Merced,047,269075,31941,31774,1089,32863,473
2021-07-26,Modoc,049,8938,419,413,147,560,5
2021-07-26,Mono,051,14174,1295,1286,18,1304,3
2021-07-26,Monterey,053,433212,43888,43595,1927,45522,521
2021-07-26,Napa,055,140530,10438,10332,47,10379,82
2021-07-26,Nevada,057,99092,5500,5280,202,5482,72
2021-07-26,Orange,059,3164182,265667,261803,12047,273850,5142
2021-07-26,Placer,061,380077,25438,24842,1836,26678,304
2021-07-26,Plumas,063,18699,756,750,14,764,5
2021-07-26,Riverside,065,2383286,304231,298626,14473,313099,4553
2021-07-26,Sacramento,067,1510023,115858,113986,2172,116158,1705
2021-07-26,San Benito,069,59416,6245,6222,114,6336,63
2021-07-26,San Bernardino,071,2135413,302361,299238,9318,308556,5237
2021-07-26,San Diego,073,3302833,296398,292688,16995,309683,3793
2021-07-26,San Francisco,075,870044,40954,39800,1478,41278,561
2021-07-26,San Joaquin,077,732212,77039,76033,3827,79860,1440
2021-07-26,San Luis Obispo,079,281455,22219,21752,793,22545,260
2021-07-26,San Mateo,081,765935,44886,44297,570,44867,547
2021-07-26,Santa Barbara,083,443738,35739,35311,1180,36491,467
2021-07-26,Santa Clara,085,1922200,123658,121978,829,122807,2099
2021-07-26,Santa Cruz,087,273765,16778,16493,810,17303,207
2021-07-26,Shasta,089,179085,13031,12819,1720,14539,211
2021-07-26,Sierra,091,2930,70,65,12,77,0
2021-07-26,Siskiyou,093,43540,2059,1962,420,2382,31
2021-07-26,Solano,095,438530,35738,34990,702,35692,259
2021-07-26,Sonoma,097,501317,32936,32283,381,32664,328
2021-07-26,Stanislaus,099,539301,58895,58219,6209,64428,1033
2021-07-26,Sutter,101,95872,10102,9963,98,10061,115
2021-07-26,Tehama,103,63373,5263,5183,595,5778,66
2021-07-26,Trinity,105,12862,510,351,110,461,3
2021-07-26,Tulare,107,460477,51199,50265,9387,59652,854
2021-07-26,Tuolumne,109,53932,4381,4271,47,4318,64
2021-07-26,Ventura,111,848112,84173,83072,3411,86483,1041
2021-07-26,Yolo,113,214977,14977,14727,376,15103,215
2021-07-26,Yuba,115,75493,6672,6538,138,6676,51
2021-07-25,Alameda,001,1643700,95630,94146,2141,96287,1259
2021-07-25,Alpine,002,1148,88,89,0,89,0
2021-07-25,Amador,005,37829,3889,3848,33,3881,48
2021-07-25,Butte,007,227075,13321,13074,2000,15074,203
2021-07-25,Calaveras,009,45235,2306,2275,15,2290,57
2021-07-25,Colusa,011,21464,2011,1996,343,2339,16
2021-07-25,Contra Costa,013,1133247,75971,74634,1479,76113,830
2021-07-25,Del Norte,015,27424,1606,1526,14,1540,8
2021-07-25,El Dorado,017,186661,11120,10878,863,11741,116
2021-07-25,Fresno,019,978130,105537,104019,8974,112993,1742
2021-07-25,Glenn,021,27897,2482,2461,578,3039,20
2021-07-25,Humboldt,023,135768,5021,4892,72,4964,52
2021-07-25,Imperial,025,180216,29239,29037,2705,31742,743
2021-07-25,Inyo,027,18085,1442,1427,12,1439,38
2021-07-25,Kern,029,883053,99653,98503,11663,110166,1351
2021-07-25,Kings,031,150075,23775,23396,1143,24539,247
2021-07-25,Lake,033,64148,4247,4109,14,4123,65
2021-07-25,Lassen,035,31185,5332,5314,118,5432,21
2021-07-25,Los Angeles,037,10098052,1254884,1239596,43878,1283474,24643
2021-07-25,Madera,039,155013,17231,16947,987,17934,245
2021-07-25,Marin,041,260295,14857,14558,283,14841,239
2021-07-25,Mariposa,043,17540,472,465,11,476,5
2021-07-25,Mendocino,045,87422,4481,4335,91,4426,49
2021-07-25,Merced,047,269075,31868,31760,1087,32847,473
2021-07-25,Modoc,049,8938,419,413,147,560,5
2021-07-25,Mono,051,14174,1292,1286,18,1304,3
2021-07-25,Monterey,053,433212,43850,43590,1919,45509,521
2021-07-25,Napa,055,140530,10402,10316,46,10362,82
2021-07-25,Nevada,057,99092,5435,5256,199,5455,72
2021-07-25,Orange,059,3164182,264959,261351,12024,273375,5142
2021-07-25,Placer,061,380077,25316,24755,1815,26570,304
2021-07-25,Plumas,063,18699,754,750,14,764,5
2021-07-25,Riverside,065,2383286,303467,298181,14456,312637,4553
2021-07-25,Sacramento,067,1510023,115308,113611,2157,115768,1704
2021-07-25,San Benito,069,59416,6238,6217,114,6331,63
2021-07-25,San Bernardino,071,2135413,301702,298982,9311,308293,5237
2021-07-25,San Diego,073,3302833,295336,290626,16921,307547,3793
2021-07-25,San Francisco,075,870044,40604,39663,1453,41116,561
2021-07-25,San Joaquin,077,732212,76782,75926,3808,79734,1440
2021-07-25,San Luis Obispo,079,281455,22146,21741,790,22531,260
2021-07-25,San Mateo,081,765935,44724,44189,564,44753,547
2021-07-25,Santa Barbara,083,443738,35659,35261,1177,36438,467
2021-07-25,Santa Clara,085,1922200,123328,121800,824,122624,2099
2021-07-25,Santa Cruz,087,273765,16731,16474,809,17283,207
2021-07-25,Shasta,089,179085,12984,12815,1715,14530,211
2021-07-25,Sierra,091,2930,70,65,12,77,0
2021-07-25,Siskiyou,093,43540,2051,1963,417,2380,31
2021-07-25,Solano,095,438530,35546,34863,699,35562,259
2021-07-25,Sonoma,097,501317,32811,32202,378,32580,328
2021-07-25,Stanislaus,099,539301,58729,58154,6204,64358,1033
2021-07-25,Sutter,101,95872,10049,9937,96,10033,115
2021-07-25,Tehama,103,63373,5247,5181,594,5775,66
2021-07-25,Trinity,105,12862,508,351,108,459,3
2021-07-25,Tulare,107,460477,51125,50221,9349,59570,854
2021-07-25,Tuolumne,109,53932,4330,4267,47,4314,64
2021-07-25,Ventura,111,848112,83959,82986,3388,86374,1041
2021-07-25,Yolo,113,214977,14916,14693,362,15055,215
2021-07-25,Yuba,115,75493,6640,6519,138,6657,51
2021-07-24,Alameda,001,1643700,95349,93170,2137,95307,1259
2021-07-24,Alpine,002,1148,88,89,0,89,0
2021-07-24,Amador,005,37829,3880,3816,33,3849,48
2021-07-24,Butte,007,227075,13292,12982,1996,14978,203
2021-07-24,Calaveras,009,45235,2301,2267,15,2282,57
2021-07-24,Colusa,011,21464,2010,1992,341,2333,16
2021-07-24,Contra Costa,013,1133247,75743,73682,1476,75158,830
2021-07-24,Del Norte,015,27424,1595,1497,14,1511,8
2021-07-24,El Dorado,017,186661,11086,10773,860,11633,116
2021-07-24,Fresno,019,978130,105419,103637,8964,112601,1736
2021-07-24,Glenn,021,27897,2480,2457,578,3035,20
2021-07-24,Humboldt,023,135768,4986,4780,71,4851,52
2021-07-24,Imperial,025,180216,29219,28996,2705,31701,742
2021-07-24,Inyo,027,18085,1439,1424,12,1436,38
2021-07-24,Kern,029,883053,99575,98261,11641,109902,1350
2021-07-24,Kings,031,150075,23744,23304,1140,24444,246
2021-07-24,Lake,033,64148,4224,3963,14,3977,64
2021-07-24,Lassen,035,31185,5331,5311,118,5429,21
2021-07-24,Los Angeles,037,10098052,1253107,1232164,43751,1275915,24623
2021-07-24,Madera,039,155013,17207,16885,985,17870,245
2021-07-24,Marin,041,260295,14818,14454,283,14737,238
2021-07-24,Mariposa,043,17540,472,453,11,464,5
2021-07-24,Mendocino,045,87422,4456,4293,91,4384,49
2021-07-24,Merced,047,269075,31846,31661,1086,32747,473
2021-07-24,Modoc,049,8938,419,413,147,560,5
2021-07-24,Mono,051,14174,1290,1284,18,1302,3
2021-07-24,Monterey,053,433212,43825,43525,1912,45437,521
2021-07-24,Napa,055,140530,10386,10230,46,10276,81
2021-07-24,Nevada,057,99092,5403,5183,199,5382,72
2021-07-24,Orange,059,3164182,264493,259973,12012,271985,5141
2021-07-24,Placer,061,380077,25234,24530,1810,26340,303
2021-07-24,Plumas,063,18699,753,737,14,751,4
2021-07-24,Riverside,065,2383286,302999,296912,14446,311358,4552
2021-07-24,Sacramento,067,1510023,114993,112438,2153,114591,1698
2021-07-24,San Benito,069,59416,6234,6200,113,6313,63
2021-07-24,San Bernardino,071,2135413,301311,297899,9302,307201,5236
2021-07-24,San Diego,073,3302833,294870,289368,16893,306261,3788
2021-07-24,San Francisco,075,870044,40431,38954,1437,40391,561
2021-07-24,San Joaquin,077,732212,76654,75461,3797,79258,1436
2021-07-24,San Luis Obispo,079,281455,22115,21616,788,22404,260
2021-07-24,San Mateo,081,765935,44607,43880,558,44438,542
2021-07-24,Santa Barbara,083,443738,35600,35071,1173,36244,465
2021-07-24,Santa Clara,085,1922200,123116,121092,823,121915,2099
2021-07-24,Santa Cruz,087,273765,16708,16416,809,17225,207
2021-07-24,Shasta,089,179085,12956,12759,1712,14471,211
2021-07-24,Sierra,091,2930,69,64,12,76,0
2021-07-24,Siskiyou,093,43540,2051,1951,417,2368,31
2021-07-24,Solano,095,438530,35454,34499,690,35189,259
2021-07-24,Sonoma,097,501317,32686,31928,376,32304,327
2021-07-24,Stanislaus,099,539301,58637,57879,6194,64073,1030
2021-07-24,Sutter,101,95872,10022,9890,96,9986,115
2021-07-24,Tehama,103,63373,5240,5166,592,5758,65
2021-07-24,Trinity,105,12862,508,345,108,453,3
2021-07-24,Tulare,107,460477,51082,50104,9332,59436,854
2021-07-24,Tuolumne,109,53932,4304,4216,47,4263,64
2021-07-24,Ventura,111,848112,83832,82687,3372,86059,1041
2021-07-24,Yolo,113,214977,14878,14557,358,14915,214
2021-07-24,Yuba,115,75493,6621,6449,138,6587,51
2021-07-23,Alameda,001,1643700,95096,93170,2133,95303,1259
2021-07-23,Alpine,002,1148,88,89,0,89,0
2021-07-23,Amador,005,37829,3873,3816,33,3849,48
2021-07-23,Butte,007,227075,13263,12982,1987,14969,203
2021-07-23,Calaveras,009,45235,2291,2267,15,2282,57
2021-07-23,Colusa,011,21464,2009,1992,341,2333,16
2021-07-23,Contra Costa,013,1133247,75483,73682,1467,75149,830
2021-07-23,Del Norte,015,27424,1587,1497,14,1511,8
2021-07-23,El Dorado,017,186661,11057,10773,856,11629,116
2021-07-23,Fresno,019,978130,105287,103637,8952,112589,1736
2021-07-23,Glenn,021,27897,2478,2457,575,3032,20
2021-07-23,Humboldt,023,135768,4964,4780,68,4848,52
2021-07-23,Imperial,025,180216,29207,28996,2705,31701,742
2021-07-23,Inyo,027,18085,1436,1424,12,1436,38
2021-07-23,Kern,029,883053,99493,98261,11616,109877,1350
2021-07-23,Kings,031,150075,23713,23304,1137,24441,246
2021-07-23,Lake,033,64148,4195,3963,14,3977,64
2021-07-23,Lassen,035,31185,5329,5311,118,5429,21
2021-07-23,Los Angeles,037,10098052,1251164,1232164,43644,1275808,24623
2021-07-23,Madera,039,155013,17177,16885,980,17865,245
2021-07-23,Marin,041,260295,14781,14454,281,14735,238
2021-07-23,Mariposa,043,17540,469,453,11,464,5
2021-07-23,Mendocino,045,87422,4443,4293,91,4384,49
2021-07-23,Merced,047,269075,31821,31661,1086,32747,473
2021-07-23,Modoc,049,8938,419,413,147,560,5
2021-07-23,Mono,051,14174,1289,1284,18,1302,3
2021-07-23,Monterey,053,433212,43799,43525,1912,45437,521
2021-07-23,Napa,055,140530,10365,10230,46,10276,81
2021-07-23,Nevada,057,99092,5359,5183,199,5382,72
2021-07-23,Orange,059,3164182,264044,259973,11989,271962,5141
2021-07-23,Placer,061,380077,25154,24530,1794,26324,303
2021-07-23,Plumas,063,18699,751,737,14,751,4
2021-07-23,Riverside,065,2383286,302533,296912,14434,311346,4552
2021-07-23,Sacramento,067,1510023,114638,112438,2151,114589,1698
2021-07-23,San Benito,069,59416,6228,6200,113,6313,63
2021-07-23,San Bernardino,071,2135413,300929,297899,9293,307192,5236
2021-07-23,San Diego,073,3302833,294261,289368,16845,306213,3788
2021-07-23,San Francisco,075,870044,40245,38954,1425,40379,561
2021-07-23,San Joaquin,077,732212,76550,75461,3782,79243,1436
2021-07-23,San Luis Obispo,079,281455,22076,21616,788,22404,260
2021-07-23,San Mateo,081,765935,44503,43880,554,44434,542
2021-07-23,Santa Barbara,083,443738,35535,35071,1172,36243,465
2021-07-23,Santa Clara,085,1922200,122897,121092,820,121912,2099
2021-07-23,Santa Cruz,087,273765,16683,16416,809,17225,207
2021-07-23,Shasta,089,179085,12929,12759,1709,14468,211
2021-07-23,Sierra,091,2930,69,64,12,76,0
2021-07-23,Siskiyou,093,43540,2049,1951,417,2368,31
2021-07-23,Solano,095,438530,35362,34499,686,35185,259
2021-07-23,Sonoma,097,501317,32591,31928,375,32303,327
2021-07-23,Stanislaus,099,539301,58561,57879,6185,64064,1030
2021-07-23,Sutter,101,95872,9993,9890,96,9986,115
2021-07-23,Tehama,103,63373,5231,5166,592,5758,65
2021-07-23,Trinity,105,12862,507,345,107,452,3
2021-07-23,Tulare,107,460477,51036,50104,9311,59415,854
2021-07-23,Tuolumne,109,53932,4282,4216,47,4263,64
2021-07-23,Ventura,111,848112,83670,82687,3354,86041,1041
2021-07-23,Yolo,113,214977,14842,14557,351,14908,214
2021-07-23,Yuba,115,75493,6595,6449,137,6586,51
2021-07-22,Alameda,001,1643700,94744,93170,2128,95298,1259
2021-07-22,Alpine,002,1148,88,89,0,89,0
2021-07-22,Amador,005,37829,3864,3816,33,3849,48
2021-07-22,Butte,007,227075,13229,12982,1978,14960,203
2021-07-22,Calaveras,009,45235,2281,2267,15,2282,57
2021-07-22,Colusa,011,21464,2007,1992,338,2330,16
2021-07-22,Contra Costa,013,1133247,75144,73682,1462,75144,830
2021-07-22,Del Norte,015,27424,1570,1497,14,1511,8
2021-07-22,El Dorado,017,186661,11021,10773,848,11621,116
2021-07-22,Fresno,019,978130,105158,103637,8942,112579,1736
2021-07-22,Glenn,021,27897,2474,2457,575,3032,20
2021-07-22,Humboldt,023,135768,4933,4780,66,4846,52
2021-07-22,Imperial,025,180216,29177,28996,2705,31701,742
2021-07-22,Inyo,027,18085,1434,1424,12,1436,38
2021-07-22,Kern,029,883053,99378,98261,11575,109836,1350
2021-07-22,Kings,031,150075,23674,23304,1135,24439,246
2021-07-22,Lake,033,64148,4144,3963,14,3977,64
2021-07-22,Lassen,035,31185,5326,5311,118,5429,21
2021-07-22,Los Angeles,037,10098052,1248724,1232164,43469,1275633,24623
2021-07-22,Madera,039,155013,17142,16885,978,17863,245
2021-07-22,Marin,041,260295,14740,14454,280,14734,238
2021-07-22,Mariposa,043,17540,462,453,11,464,5
2021-07-22,Mendocino,045,87422,4430,4293,90,4383,49
2021-07-22,Merced,047,269075,31779,31661,1085,32746,473
2021-07-22,Modoc,049,8938,419,413,147,560,5
2021-07-22,Mono,051,14174,1288,1284,18,1302,3
2021-07-22,Monterey,053,433212,43771,43525,1906,45431,521
2021-07-22,Napa,055,140530,10347,10230,46,10276,81
2021-07-22,Nevada,057,99092,5333,5183,198,5381,72
2021-07-22,Orange,059,3164182,263491,259973,11980,271953,5141
2021-07-22,Placer,061,380077,25060,24530,1783,26313,303
2021-07-22,Plumas,063,18699,750,737,14,751,4
2021-07-22,Riverside,065,2383286,302025,296912,14413,311325,4552
2021-07-22,Sacramento,067,1510023,114201,112438,2142,114580,1698
2021-07-22,San Benito,069,59416,6221,6200,113,6313,63
2021-07-22,San Bernardino,071,2135413,300526,297899,9278,307177,5236
2021-07-22,San Diego,073,3302833,293532,289368,16785,306153,3788
2021-07-22,San Francisco,075,870044,40032,38954,1413,40367,561
2021-07-22,San Joaquin,077,732212,76407,75461,3770,79231,1436
2021-07-22,San Luis Obispo,079,281455,22038,21616,784,22400,260
2021-07-22,San Mateo,081,765935,44391,43880,549,44429,542
2021-07-22,Santa Barbara,083,443738,35469,35071,1170,36241,465
2021-07-22,Santa Clara,085,1922200,122656,121092,817,121909,2099
2021-07-22,Santa Cruz,087,273765,16646,16416,808,17224,207
2021-07-22,Shasta,089,179085,12905,12759,1705,14464,211
2021-07-22,Sierra,091,2930,67,64,12,76,0
2021-07-22,Siskiyou,093,43540,2046,1951,417,2368,31
2021-07-22,Solano,095,438530,35216,34499,679,35178,259
2021-07-22,Sonoma,097,501317,32481,31928,373,32301,327
2021-07-22,Stanislaus,099,539301,58433,57879,6173,64052,1030
2021-07-22,Sutter,101,95872,9972,9890,96,9986,115
2021-07-22,Tehama,103,63373,5225,5166,592,5758,65
2021-07-22,Trinity,105,12862,507,345,107,452,3
2021-07-22,Tulare,107,460477,50993,50104,9283,59387,854
2021-07-22,Tuolumne,109,53932,4270,4216,47,4263,64
2021-07-22,Ventura,111,848112,83536,82687,3341,86028,1041
2021-07-22,Yolo,113,214977,14804,14557,351,14908,214
2021-07-22,Yuba,115,75493,6564,6449,134,6583,51
2021-07-21,Alameda,001,1643700,94424,92840,2125,94965,1256
2021-07-21,Alpine,002,1148,88,89,0,89,0
2021-07-21,Amador,005,37829,3851,3813,33,3846,48
2021-07-21,Butte,007,227075,13188,12939,1973,14912,203
2021-07-21,Calaveras,009,45235,2277,2257,15,2272,57
2021-07-21,Colusa,011,21464,2003,1988,337,2325,16
2021-07-21,Contra Costa,013,1133247,74880,73320,1453,74773,827
2021-07-21,Del Norte,015,27424,1560,1492,14,1506,8
2021-07-21,El Dorado,017,186661,10984,10742,844,11586,116
2021-07-21,Fresno,019,978130,105009,103504,8933,112437,1736
2021-07-21,Glenn,021,27897,2472,2455,574,3029,20
2021-07-21,Humboldt,023,135768,4901,4763,64,4827,52
2021-07-21,Imperial,025,180216,29165,28964,2702,31666,742
2021-07-21,Inyo,027,18085,1434,1423,12,1435,38
2021-07-21,Kern,029,883053,99260,98152,11534,109686,1350
2021-07-21,Kings,031,150075,23646,23270,1131,24401,246
2021-07-21,Lake,033,64148,4078,3896,14,3910,64
2021-07-21,Lassen,035,31185,5323,5310,118,5428,21
2021-07-21,Los Angeles,037,10098052,1246212,1229598,43331,1272929,24609
2021-07-21,Madera,039,155013,17118,16858,976,17834,245
2021-07-21,Marin,041,260295,14690,14427,280,14707,238
2021-07-21,Mariposa,043,17540,458,449,11,460,5
2021-07-21,Mendocino,045,87422,4412,4274,90,4364,49
2021-07-21,Merced,047,269075,31740,31607,1081,32688,473
2021-07-21,Modoc,049,8938,419,413,147,560,5
2021-07-21,Mono,051,14174,1285,1282,18,1300,3
2021-07-21,Monterey,053,433212,43741,43502,1903,45405,515
2021-07-21,Napa,055,140530,10321,10209,46,10255,81
2021-07-21,Nevada,057,99092,5298,5152,198,5350,72
2021-07-21,Orange,059,3164182,262936,259615,11950,271565,5139
2021-07-21,Placer,061,380077,24951,24441,1772,26213,303
2021-07-21,Plumas,063,18699,750,736,14,750,4
2021-07-21,Riverside,065,2383286,301512,296419,14396,310815,4552
2021-07-21,Sacramento,067,1510023,113778,112043,2131,114174,1696
2021-07-21,San Benito,069,59416,6211,6196,113,6309,63
2021-07-21,San Bernardino,071,2135413,300070,297519,9270,306789,5230
2021-07-21,San Diego,073,3302833,292682,288682,16722,305404,3787
2021-07-21,San Francisco,075,870044,39807,38699,1408,40107,559
2021-07-21,San Joaquin,077,732212,76218,75288,3758,79046,1434
2021-07-21,San Luis Obispo,079,281455,22001,21579,781,22360,260
2021-07-21,San Mateo,081,765935,44299,43755,545,44300,542
2021-07-21,Santa Barbara,083,443738,35410,34998,1154,36152,465
2021-07-21,Santa Clara,085,1922200,122447,120838,815,121653,2099
2021-07-21,Santa Cruz,087,273765,16612,16407,808,17215,207
2021-07-21,Shasta,089,179085,12872,12751,1702,14453,211
2021-07-21,Sierra,091,2930,67,64,12,76,0
2021-07-21,Siskiyou,093,43540,2044,1943,415,2358,31
2021-07-21,Solano,095,438530,35058,34374,674,35048,258
2021-07-21,Sonoma,097,501317,32365,31789,373,32162,327
2021-07-21,Stanislaus,099,539301,58331,57774,6163,63937,1028
2021-07-21,Sutter,101,95872,9948,9862,96,9958,113
2021-07-21,Tehama,103,63373,5221,5161,592,5753,65
2021-07-21,Trinity,105,12862,505,345,106,451,3
2021-07-21,Tulare,107,460477,50934,50066,9258,59324,854
2021-07-21,Tuolumne,109,53932,4233,4156,47,4203,64
2021-07-21,Ventura,111,848112,83414,82573,3329,85902,1041
2021-07-21,Yolo,113,214977,14763,14525,350,14875,213
2021-07-21,Yuba,115,75493,6536,6425,134,6559,52
2021-07-20,Alameda,001,1643700,94053,92625,2111,94736,1256
2021-07-20,Alpine,002,1148,88,89,0,89,0
2021-07-20,Amador,005,37829,3840,3807,33,3840,48
2021-07-20,Butte,007,227075,13151,12916,1967,14883,203
2021-07-20,Calaveras,009,45235,2274,2249,15,2264,57
2021-07-20,Colusa,011,21464,2003,1985,337,2322,16
2021-07-20,Contra Costa,013,1133247,74595,73143,1435,74578,825
2021-07-20,Del Norte,015,27424,1550,1490,14,1504,8
2021-07-20,El Dorado,017,186661,10944,10727,840,11567,116
2021-07-20,Fresno,019,978130,104874,103438,8914,112352,1736
2021-07-20,Glenn,021,27897,2472,2453,574,3027,20
2021-07-20,Humboldt,023,135768,4856,4735,62,4797,52
2021-07-20,Imperial,025,180216,29145,28933,2702,31635,742
2021-07-20,Inyo,027,18085,1430,1420,12,1432,36
2021-07-20,Kern,029,883053,99146,98082,11506,109588,1350
2021-07-20,Kings,031,150075,23605,23254,1126,24380,246
2021-07-20,Lake,033,64148,4053,3871,14,3885,64
2021-07-20,Lassen,035,31185,5323,5306,118,5424,21
2021-07-20,Los Angeles,037,10098052,1243416,1227404,43166,1270570,24603
2021-07-20,Madera,039,155013,17097,16856,972,17828,245
2021-07-20,Marin,041,260295,14654,14396,277,14673,234
2021-07-20,Mariposa,043,17540,456,448,11,459,5
2021-07-20,Mendocino,045,87422,4395,4259,90,4349,49
2021-07-20,Merced,047,269075,31701,31578,1074,32652,473
2021-07-20,Modoc,049,8938,419,413,147,560,5
2021-07-20,Mono,051,14174,1281,1281,18,1299,3
2021-07-20,Monterey,053,433212,43710,43481,1900,45381,515
2021-07-20,Napa,055,140530,10298,10191,46,10237,81
2021-07-20,Nevada,057,99092,5279,5148,197,5345,72
2021-07-20,Orange,059,3164182,262379,259303,11920,271223,5139
2021-07-20,Placer,061,380077,24860,24408,1750,26158,303
2021-07-20,Plumas,063,18699,748,736,14,750,4
2021-07-20,Riverside,065,2383286,300977,296118,14382,310500,4543
2021-07-20,Sacramento,067,1510023,113337,111796,2101,113897,1695
2021-07-20,San Benito,069,59416,6204,6196,113,6309,63
2021-07-20,San Bernardino,071,2135413,299661,297222,9245,306467,5231
2021-07-20,San Diego,073,3302833,291756,288209,16626,304835,3786
2021-07-20,San Francisco,075,870044,39549,38536,1398,39934,558
2021-07-20,San Joaquin,077,732212,76046,75198,3745,78943,1433
2021-07-20,San Luis Obispo,079,281455,21955,21556,780,22336,259
2021-07-20,San Mateo,081,765935,44180,43670,543,44213,542
2021-07-20,Santa Barbara,083,443738,35340,34935,1148,36083,462
2021-07-20,Santa Clara,085,1922200,122190,120704,813,121517,2098
2021-07-20,Santa Cruz,087,273765,16583,16399,808,17207,207
2021-07-20,Shasta,089,179085,12846,12734,1698,14432,211
2021-07-20,Sierra,091,2930,67,64,12,76,0
2021-07-20,Siskiyou,093,43540,2040,1931,414,2345,31
2021-07-20,Solano,095,438530,34923,34337,667,35004,258
2021-07-20,Sonoma,097,501317,32246,31763,372,32135,326
2021-07-20,Stanislaus,099,539301,58216,57706,6158,63864,1028
2021-07-20,Sutter,101,95872,9921,9854,93,9947,114
2021-07-20,Tehama,103,63373,5219,5153,592,5745,65
2021-07-20,Trinity,105,12862,503,344,105,449,3
2021-07-20,Tulare,107,460477,50892,50047,9241,59288,854
2021-07-20,Tuolumne,109,53932,4214,4156,47,4203,64
2021-07-20,Ventura,111,848112,83261,82504,3314,85818,1041
2021-07-20,Yolo,113,214977,14698,14495,347,14842,213
2021-07-20,Yuba,115,75493,6511,6393,131,6524,52
2021-07-19,Alameda,001,1643700,93675,92357,2096,94453,1256
2021-07-19,Alpine,002,1148,88,89,0,89,0
2021-07-19,Amador,005,37829,3836,3802,33,3835,48
2021-07-19,Butte,007,227075,13107,12901,1962,14863,202
2021-07-19,Calaveras,009,45235,2270,2245,15,2260,57
2021-07-19,Colusa,011,21464,2001,1981,337,2318,16
2021-07-19,Contra Costa,013,1133247,74283,72935,1415,74350,825
2021-07-19,Del Norte,015,27424,1537,1484,14,1498,8
2021-07-19,El Dorado,017,186661,10914,10703,832,11535,114
2021-07-19,Fresno,019,978130,104744,103350,8901,112251,1731
2021-07-19,Glenn,021,27897,2472,2452,573,3025,20
2021-07-19,Humboldt,023,135768,4826,4719,60,4779,52
2021-07-19,Imperial,025,180216,29118,28888,2701,31589,742
2021-07-19,Inyo,027,18085,1429,1417,12,1429,36
2021-07-19,Kern,029,883053,99032,97999,11473,109472,1349
2021-07-19,Kings,031,150075,23575,23221,1120,24341,246
2021-07-19,Lake,033,64148,4017,3848,14,3862,64
2021-07-19,Lassen,035,31185,5322,5305,118,5423,21
2021-07-19,Los Angeles,037,10098052,1240810,1225946,42980,1268926,24600
2021-07-19,Madera,039,155013,17074,16846,969,17815,244
2021-07-19,Marin,041,260295,14619,14369,274,14643,234
2021-07-19,Mariposa,043,17540,450,447,11,458,5
2021-07-19,Mendocino,045,87422,4377,4251,90,4341,49
2021-07-19,Merced,047,269075,31637,31565,1067,32632,472
2021-07-19,Modoc,049,8938,418,413,147,560,5
2021-07-19,Mono,051,14174,1279,1280,18,1298,3
2021-07-19,Monterey,053,433212,43686,43436,1899,45335,515
2021-07-19,Napa,055,140530,10273,10180,44,10224,81
2021-07-19,Nevada,057,99092,5251,5133,196,5329,72
2021-07-19,Orange,059,3164182,261856,258927,11888,270815,5138
2021-07-19,Placer,061,380077,24761,24359,1728,26087,303
2021-07-19,Plumas,063,18699,748,730,14,744,4
2021-07-19,Riverside,065,2383286,300487,295736,14344,310080,4543
2021-07-19,Sacramento,067,1510023,112973,111470,2075,113545,1696
2021-07-19,San Benito,069,59416,6201,6193,113,6306,63
2021-07-19,San Bernardino,071,2135413,299288,296929,9226,306155,5235
2021-07-19,San Diego,073,3302833,290856,287695,16521,304216,3786
2021-07-19,San Francisco,075,870044,39276,38463,1385,39848,560
2021-07-19,San Joaquin,077,732212,75881,75086,3740,78826,1431
2021-07-19,San Luis Obispo,079,281455,21910,21531,776,22307,259
2021-07-19,San Mateo,081,765935,44038,43563,534,44097,542
2021-07-19,Santa Barbara,083,443738,35268,34904,1146,36050,461
2021-07-19,Santa Clara,085,1922200,121932,120554,812,121366,2098
2021-07-19,Santa Cruz,087,273765,16567,16387,808,17195,207
2021-07-19,Shasta,089,179085,12828,12723,1696,14419,209
2021-07-19,Sierra,091,2930,66,64,12,76,0
2021-07-19,Siskiyou,093,43540,2035,1927,412,2339,31
2021-07-19,Solano,095,438530,34748,34262,656,34918,261
2021-07-19,Sonoma,097,501317,32125,31713,371,32084,325
2021-07-19,Stanislaus,099,539301,58115,57644,6148,63792,1027
2021-07-19,Sutter,101,95872,9905,9834,93,9927,114
2021-07-19,Tehama,103,63373,5213,5152,590,5742,65
2021-07-19,Trinity,105,12862,503,344,104,448,3
2021-07-19,Tulare,107,460477,50845,49994,9225,59219,855
2021-07-19,Tuolumne,109,53932,4204,4151,47,4198,64
2021-07-19,Ventura,111,848112,83165,82409,3292,85701,1041
2021-07-19,Yolo,113,214977,14666,14439,345,14784,213
2021-07-19,Yuba,115,75493,6487,6370,131,6501,52
2021-07-18,Alameda,001,1643700,93314,92162,2084,94246,1256
2021-07-18,Alpine,002,1148,88,89,0,89,0
2021-07-18,Amador,005,37829,3825,3799,33,3832,48
2021-07-18,Butte,007,227075,13065,12888,1955,14843,202
2021-07-18,Calaveras,009,45235,2267,2243,15,2258,57
2021-07-18,Colusa,011,21464,2001,1981,336,2317,16
2021-07-18,Contra Costa,013,1133247,73967,72849,1397,74246,825
2021-07-18,Del Norte,015,27424,1528,1482,14,1496,8
2021-07-18,El Dorado,017,186661,10877,10687,824,11511,114
2021-07-18,Fresno,019,978130,104590,103298,8883,112181,1731
2021-07-18,Glenn,021,27897,2471,2452,572,3024,20
2021-07-18,Humboldt,023,135768,4790,4714,60,4774,52
2021-07-18,Imperial,025,180216,29081,28877,2700,31577,742
2021-07-18,Inyo,027,18085,1425,1417,12,1429,36
2021-07-18,Kern,029,883053,98906,97963,11431,109394,1349
2021-07-18,Kings,031,150075,23554,23203,1116,24319,246
2021-07-18,Lake,033,64148,3981,3825,14,3839,64
2021-07-18,Lassen,035,31185,5322,5305,118,5423,21
2021-07-18,Los Angeles,037,10098052,1238123,1224691,42791,1267482,24598
2021-07-18,Madera,039,155013,17049,16838,965,17803,244
2021-07-18,Marin,041,260295,14583,14358,272,14630,234
2021-07-18,Mariposa,043,17540,449,447,11,458,5
2021-07-18,Mendocino,045,87422,4356,4246,90,4336,49
2021-07-18,Merced,047,269075,31606,31537,1065,32602,471
2021-07-18,Modoc,049,8938,418,413,147,560,5
2021-07-18,Mono,051,14174,1278,1280,18,1298,3
2021-07-18,Monterey,053,433212,43668,43422,1889,45311,515
2021-07-18,Napa,055,140530,10256,10174,41,10215,81
2021-07-18,Nevada,057,99092,5225,5124,196,5320,72
2021-07-18,Orange,059,3164182,261372,258724,11860,270584,5138
2021-07-18,Placer,061,380077,24693,24313,1701,26014,303
2021-07-18,Plumas,063,18699,748,730,14,744,4
2021-07-18,Riverside,065,2383286,299995,295522,14302,309824,4543
2021-07-18,Sacramento,067,1510023,112543,111255,2042,113297,1696
2021-07-18,San Benito,069,59416,6193,6191,113,6304,63
2021-07-18,San Bernardino,071,2135413,298813,296739,9211,305950,5233
2021-07-18,San Diego,073,3302833,290040,286287,16437,302724,3786
2021-07-18,San Francisco,075,870044,39040,38367,1374,39741,560
2021-07-18,San Joaquin,077,732212,75704,74997,3727,78724,1431
2021-07-18,San Luis Obispo,079,281455,21875,21527,773,22300,259
2021-07-18,San Mateo,081,765935,43925,43506,528,44034,542
2021-07-18,Santa Barbara,083,443738,35203,34880,1144,36024,461
2021-07-18,Santa Clara,085,1922200,121718,120438,805,121243,2098
2021-07-18,Santa Cruz,087,273765,16535,16372,807,17179,207
2021-07-18,Shasta,089,179085,12803,12714,1692,14406,209
2021-07-18,Sierra,091,2930,66,64,12,76,0
2021-07-18,Siskiyou,093,43540,2029,1927,407,2334,31
2021-07-18,Solano,095,438530,34620,34215,652,34867,261
2021-07-18,Sonoma,097,501317,32020,31675,370,32045,325
2021-07-18,Stanislaus,099,539301,58004,57600,6123,63723,1028
2021-07-18,Sutter,101,95872,9873,9826,93,9919,114
2021-07-18,Tehama,103,63373,5210,5150,589,5739,65
2021-07-18,Trinity,105,12862,503,344,104,448,3
2021-07-18,Tulare,107,460477,50792,49985,9202,59187,855
2021-07-18,Tuolumne,109,53932,4186,4149,47,4196,64
2021-07-18,Ventura,111,848112,83051,82361,3268,85629,1041
2021-07-18,Yolo,113,214977,14607,14425,339,14764,213
2021-07-18,Yuba,115,75493,6446,6357,131,6488,52
2021-07-17,Alameda,001,1643700,93096,91346,2073,93419,1255
2021-07-17,Alpine,002,1148,88,89,0,89,0
2021-07-17,Amador,005,37829,3816,3785,33,3818,48
2021-07-17,Butte,007,227075,13050,12824,1951,14775,202
2021-07-17,Calaveras,009,45235,2262,2237,15,2252,57
2021-07-17,Colusa,011,21464,1998,1976,336,2312,16
2021-07-17,Contra Costa,013,1133247,73785,72254,1384,73638,824
2021-07-17,Del Norte,015,27424,1520,1475,14,1489,8
2021-07-17,El Dorado,017,186661,10850,10622,820,11442,114
2021-07-17,Fresno,019,978130,104517,103055,8869,111924,1730
2021-07-17,Glenn,021,27897,2470,2451,572,3023,20
2021-07-17,Humboldt,023,135768,4777,4654,59,4713,52
2021-07-17,Imperial,025,180216,29065,28840,2700,31540,742
2021-07-17,Inyo,027,18085,1425,1416,12,1428,36
2021-07-17,Kern,029,883053,98849,97796,11395,109191,1348
2021-07-17,Kings,031,150075,23534,23163,1115,24278,246
2021-07-17,Lake,033,64148,3956,3760,14,3774,64
2021-07-17,Lassen,035,31185,5322,5302,118,5420,21
2021-07-17,Los Angeles,037,10098052,1236586,1219733,42650,1262383,24582
2021-07-17,Madera,039,155013,17041,16804,965,17769,240
2021-07-17,Marin,041,260295,14565,14297,270,14567,234
2021-07-17,Mariposa,043,17540,449,445,11,456,5
2021-07-17,Mendocino,045,87422,4344,4209,90,4299,49
2021-07-17,Merced,047,269075,31585,31451,1061,32512,471
2021-07-17,Modoc,049,8938,418,412,147,559,5
2021-07-17,Mono,051,14174,1276,1277,18,1295,3
2021-07-17,Monterey,053,433212,43645,43367,1884,45251,515
2021-07-17,Napa,055,140530,10240,10129,41,10170,81
2021-07-17,Nevada,057,99092,5210,5066,196,5262,72
2021-07-17,Orange,059,3164182,261065,257805,11821,269626,5136
2021-07-17,Placer,061,380077,24626,24169,1687,25856,303
2021-07-17,Plumas,063,18699,743,721,14,735,4
2021-07-17,Riverside,065,2383286,299689,294751,14270,309021,4542
2021-07-17,Sacramento,067,1510023,112307,110432,2022,112454,1694
2021-07-17,San Benito,069,59416,6187,6181,113,6294,63
2021-07-17,San Bernardino,071,2135413,298576,296048,9192,305240,5218
2021-07-17,San Diego,073,3302833,289633,285698,16369,302067,3786
2021-07-17,San Francisco,075,870044,38919,37978,1371,39349,560
2021-07-17,San Joaquin,077,732212,75617,74695,3721,78416,1430
2021-07-17,San Luis Obispo,079,281455,21848,21462,773,22235,258
2021-07-17,San Mateo,081,765935,43854,43324,527,43851,542
2021-07-17,Santa Barbara,083,443738,35162,34769,1141,35910,461
2021-07-17,Santa Clara,085,1922200,121546,119980,802,120782,2097
2021-07-17,Santa Cruz,087,273765,16528,16337,807,17144,207
2021-07-17,Shasta,089,179085,12788,12683,1687,14370,210
2021-07-17,Sierra,091,2930,66,62,12,74,0
2021-07-17,Siskiyou,093,43540,2024,1922,404,2326,29
2021-07-17,Solano,095,438530,34555,34015,644,34659,263
2021-07-17,Sonoma,097,501317,31952,31536,369,31905,322
2021-07-17,Stanislaus,099,539301,57927,57400,6109,63509,1028
2021-07-17,Sutter,101,95872,9863,9778,93,9871,114
2021-07-17,Tehama,103,63373,5207,5145,589,5734,64
2021-07-17,Trinity,105,12862,502,341,104,445,3
2021-07-17,Tulare,107,460477,50770,49937,9190,59127,854
2021-07-17,Tuolumne,109,53932,4176,4131,47,4178,64
2021-07-17,Ventura,111,848112,82982,82125,3257,85382,1041
2021-07-17,Yolo,113,214977,14575,14356,332,14688,213
2021-07-17,Yuba,115,75493,6435,6309,131,6440,52
2021-07-16,Alameda,001,1643700,92857,91346,2062,93408,1255
2021-07-16,Alpine,002,1148,88,89,0,89,0
2021-07-16,Amador,005,37829,3813,3785,33,3818,48
2021-07-16,Butte,007,227075,13025,12824,1947,14771,202
2021-07-16,Calaveras,009,45235,2261,2237,15,2252,57
2021-07-16,Colusa,011,21464,1996,1976,335,2311,16
2021-07-16,Contra Costa,013,1133247,73596,72254,1380,73634,824
2021-07-16,Del Norte,015,27424,1518,1475,14,1489,8
2021-07-16,El Dorado,017,186661,10831,10622,819,11441,114
2021-07-16,Fresno,019,978130,104465,103055,8849,111904,1730
2021-07-16,Glenn,021,27897,2470,2451,572,3023,20
2021-07-16,Humboldt,023,135768,4755,4654,59,4713,52
2021-07-16,Imperial,025,180216,29053,28840,2700,31540,742
2021-07-16,Inyo,027,18085,1423,1416,12,1428,36
2021-07-16,Kern,029,883053,98787,97796,11355,109151,1348
2021-07-16,Kings,031,150075,23509,23163,1114,24277,246
2021-07-16,Lake,033,64148,3929,3760,14,3774,64
2021-07-16,Lassen,035,31185,5321,5302,118,5420,21
2021-07-16,Los Angeles,037,10098052,1235084,1219733,42505,1262238,24582
2021-07-16,Madera,039,155013,17023,16804,965,17769,240
2021-07-16,Marin,041,260295,14541,14297,267,14564,234
2021-07-16,Mariposa,043,17540,449,445,11,456,5
2021-07-16,Mendocino,045,87422,4335,4209,89,4298,49
2021-07-16,Merced,047,269075,31564,31451,1059,32510,471
2021-07-16,Modoc,049,8938,418,412,147,559,5
2021-07-16,Mono,051,14174,1275,1277,18,1295,3
2021-07-16,Monterey,053,433212,43623,43367,1883,45250,515
2021-07-16,Napa,055,140530,10216,10129,40,10169,81
2021-07-16,Nevada,057,99092,5200,5066,196,5262,72
2021-07-16,Orange,059,3164182,260792,257805,11780,269585,5136
2021-07-16,Placer,061,380077,24573,24169,1682,25851,303
2021-07-16,Plumas,063,18699,742,721,14,735,4
2021-07-16,Riverside,065,2383286,299413,294751,14244,308995,4542
2021-07-16,Sacramento,067,1510023,112090,110432,2009,112441,1694
2021-07-16,San Benito,069,59416,6185,6181,113,6294,63
2021-07-16,San Bernardino,071,2135413,298300,296048,9175,305223,5218
2021-07-16,San Diego,073,3302833,289191,285698,16322,302020,3786
2021-07-16,San Francisco,075,870044,38801,37978,1366,39344,560
2021-07-16,San Joaquin,077,732212,75523,74695,3718,78413,1430
2021-07-16,San Luis Obispo,079,281455,21831,21462,773,22235,258
2021-07-16,San Mateo,081,765935,43801,43324,526,43850,542
2021-07-16,Santa Barbara,083,443738,35124,34769,1141,35910,461
2021-07-16,Santa Clara,085,1922200,121399,119980,795,120775,2097
2021-07-16,Santa Cruz,087,273765,16515,16337,807,17144,207
2021-07-16,Shasta,089,179085,12778,12683,1686,14369,210
2021-07-16,Sierra,091,2930,66,62,12,74,0
2021-07-16,Siskiyou,093,43540,2022,1922,402,2324,29
2021-07-16,Solano,095,438530,34488,34015,636,34651,263
2021-07-16,Sonoma,097,501317,31900,31536,366,31902,322
2021-07-16,Stanislaus,099,539301,57877,57400,6099,63499,1028
2021-07-16,Sutter,101,95872,9851,9778,93,9871,114
2021-07-16,Tehama,103,63373,5205,5145,589,5734,64
2021-07-16,Trinity,105,12862,502,341,103,444,3
2021-07-16,Tulare,107,460477,50745,49937,9180,59117,854
2021-07-16,Tuolumne,109,53932,4170,4131,47,4178,64
2021-07-16,Ventura,111,848112,82917,82125,3250,85375,1041
2021-07-16,Yolo,113,214977,14549,14356,329,14685,213
2021-07-16,Yuba,115,75493,6413,6309,130,6439,52
2021-07-15,Alameda,001,1643700,92561,91346,2052,93398,1255
2021-07-15,Alpine,002,1148,88,89,0,89,0
2021-07-15,Amador,005,37829,3810,3785,33,3818,48
2021-07-15,Butte,007,227075,12999,12824,1945,14769,202
2021-07-15,Calaveras,009,45235,2258,2237,15,2252,57
2021-07-15,Colusa,011,21464,1995,1976,334,2310,16
2021-07-15,Contra Costa,013,1133247,73382,72254,1373,73627,824
2021-07-15,Del Norte,015,27424,1515,1475,14,1489,8
2021-07-15,El Dorado,017,186661,10804,10622,817,11439,114
2021-07-15,Fresno,019,978130,104368,103055,8829,111884,1730
2021-07-15,Glenn,021,27897,2470,2451,572,3023,20
2021-07-15,Humboldt,023,135768,4737,4654,58,4712,52
2021-07-15,Imperial,025,180216,29030,28840,2700,31540,742
2021-07-15,Inyo,027,18085,1423,1416,12,1428,36
2021-07-15,Kern,029,883053,98717,97796,11327,109123,1348
2021-07-15,Kings,031,150075,23471,23163,1111,24274,246
2021-07-15,Lake,033,64148,3890,3760,14,3774,64
2021-07-15,Lassen,035,31185,5320,5302,118,5420,21
2021-07-15,Los Angeles,037,10098052,1233097,1219733,42348,1262081,24582
2021-07-15,Madera,039,155013,17001,16804,961,17765,240
2021-07-15,Marin,041,260295,14516,14297,267,14564,234
2021-07-15,Mariposa,043,17540,449,445,11,456,5
2021-07-15,Mendocino,045,87422,4327,4209,88,4297,49
2021-07-15,Merced,047,269075,31534,31451,1059,32510,471
2021-07-15,Modoc,049,8938,418,412,147,559,5
2021-07-15,Mono,051,14174,1275,1277,18,1295,3
2021-07-15,Monterey,053,433212,43594,43367,1880,45247,515
2021-07-15,Napa,055,140530,10191,10129,39,10168,81
2021-07-15,Nevada,057,99092,5183,5066,195,5261,72
2021-07-15,Orange,059,3164182,260441,257805,11749,269554,5136
2021-07-15,Placer,061,380077,24513,24169,1665,25834,303
2021-07-15,Plumas,063,18699,741,721,14,735,4
2021-07-15,Riverside,065,2383286,299092,294751,14229,308980,4542
2021-07-15,Sacramento,067,1510023,111785,110432,1992,112424,1694
2021-07-15,San Benito,069,59416,6183,6181,113,6294,63
2021-07-15,San Bernardino,071,2135413,297993,296048,9161,305209,5218
2021-07-15,San Diego,073,3302833,288553,285698,16244,301942,3786
2021-07-15,San Francisco,075,870044,38650,37978,1358,39336,560
2021-07-15,San Joaquin,077,732212,75406,74695,3713,78408,1430
2021-07-15,San Luis Obispo,079,281455,21799,21462,773,22235,258
2021-07-15,San Mateo,081,765935,43696,43324,521,43845,542
2021-07-15,Santa Barbara,083,443738,35068,34769,1140,35909,461
2021-07-15,Santa Clara,085,1922200,121277,119980,792,120772,2097
2021-07-15,Santa Cruz,087,273765,16502,16337,807,17144,207
2021-07-15,Shasta,089,179085,12770,12683,1682,14365,210
2021-07-15,Sierra,091,2930,66,62,12,74,0
2021-07-15,Siskiyou,093,43540,2021,1922,402,2324,29
2021-07-15,Solano,095,438530,34412,34015,630,34645,263
2021-07-15,Sonoma,097,501317,31839,31536,366,31902,322
2021-07-15,Stanislaus,099,539301,57808,57400,6086,63486,1028
2021-07-15,Sutter,101,95872,9831,9778,92,9870,114
2021-07-15,Tehama,103,63373,5199,5145,588,5733,64
2021-07-15,Trinity,105,12862,502,341,103,444,3
2021-07-15,Tulare,107,460477,50725,49937,9163,59100,854
2021-07-15,Tuolumne,109,53932,4158,4131,47,4178,64
2021-07-15,Ventura,111,848112,82841,82125,3245,85370,1041
2021-07-15,Yolo,113,214977,14521,14356,328,14684,213
2021-07-15,Yuba,115,75493,6398,6309,129,6438,52
2021-07-14,Alameda,001,1643700,92301,91092,2036,93128,1255
2021-07-14,Alpine,002,1148,88,89,0,89,0
2021-07-14,Amador,005,37829,3802,3784,33,3817,48
2021-07-14,Butte,007,227075,12972,12813,1938,14751,202
2021-07-14,Calaveras,009,45235,2251,2234,15,2249,57
2021-07-14,Colusa,011,21464,1992,1974,334,2308,16
2021-07-14,Contra Costa,013,1133247,73153,72091,1361,73452,823
2021-07-14,Del Norte,015,27424,1514,1472,14,1486,8
2021-07-14,El Dorado,017,186661,10778,10598,814,11412,114
2021-07-14,Fresno,019,978130,104288,102966,8818,111784,1728
2021-07-14,Glenn,021,27897,2470,2449,572,3021,20
2021-07-14,Humboldt,023,135768,4713,4644,56,4700,52
2021-07-14,Imperial,025,180216,29001,28822,2700,31522,742
2021-07-14,Inyo,027,18085,1422,1415,12,1427,36
2021-07-14,Kern,029,883053,98653,97736,11302,109038,1346
2021-07-14,Kings,031,150075,23458,23142,1111,24253,246
2021-07-14,Lake,033,64148,3857,3739,14,3753,63
2021-07-14,Lassen,035,31185,5319,5298,118,5416,21
2021-07-14,Los Angeles,037,10098052,1231081,1218265,42207,1260472,24578
2021-07-14,Madera,039,155013,16989,16786,959,17745,240
2021-07-14,Marin,041,260295,14482,14269,265,14534,233
2021-07-14,Mariposa,043,17540,447,445,11,456,5
2021-07-14,Mendocino,045,87422,4313,4193,88,4281,49
2021-07-14,Merced,047,269075,31497,31412,1056,32468,471
2021-07-14,Modoc,049,8938,418,412,147,559,4
2021-07-14,Mono,051,14174,1275,1278,18,1296,3
2021-07-14,Monterey,053,433212,43570,43347,1878,45225,504
2021-07-14,Napa,055,140530,10169,10121,39,10160,81
2021-07-14,Nevada,057,99092,5163,5058,195,5253,72
2021-07-14,Orange,059,3164182,260124,257558,11718,269276,5137
2021-07-14,Placer,061,380077,24460,24125,1653,25778,303
2021-07-14,Plumas,063,18699,734,719,14,733,4
2021-07-14,Riverside,065,2383286,298768,294511,14213,308724,4542
2021-07-14,Sacramento,067,1510023,111457,110193,1968,112161,1688
2021-07-14,San Benito,069,59416,6180,6177,113,6290,63
2021-07-14,San Bernardino,071,2135413,297693,295820,9146,304966,5193
2021-07-14,San Diego,073,3302833,287981,285269,16164,301433,3786
2021-07-14,San Francisco,075,870044,38511,37836,1353,39189,559
2021-07-14,San Joaquin,077,732212,75314,74599,3704,78303,1416
2021-07-14,San Luis Obispo,079,281455,21777,21444,771,22215,258
2021-07-14,San Mateo,081,765935,43597,43249,517,43766,542
2021-07-14,Santa Barbara,083,443738,35026,34719,1138,35857,461
2021-07-14,Santa Clara,085,1922200,121127,119844,789,120633,2098
2021-07-14,Santa Cruz,087,273765,16490,16326,807,17133,207
2021-07-14,Shasta,089,179085,12750,12669,1679,14348,209
2021-07-14,Sierra,091,2930,66,62,12,74,0
2021-07-14,Siskiyou,093,43540,2014,1922,399,2321,29
2021-07-14,Solano,095,438530,34339,33948,630,34578,268
2021-07-14,Sonoma,097,501317,31787,31470,366,31836,322
2021-07-14,Stanislaus,099,539301,57733,57340,6074,63414,1028
2021-07-14,Sutter,101,95872,9809,9766,92,9858,114
2021-07-14,Tehama,103,63373,5197,5142,588,5730,64
2021-07-14,Trinity,105,12862,502,341,103,444,3
2021-07-14,Tulare,107,460477,50708,49908,9149,59057,853
2021-07-14,Tuolumne,109,53932,4155,4128,46,4174,64
2021-07-14,Ventura,111,848112,82747,82041,3234,85275,1040
2021-07-14,Yolo,113,214977,14488,14332,325,14657,213
2021-07-14,Yuba,115,75493,6380,6294,129,6423,52
2021-07-13,Alameda,001,1643700,92037,90874,2026,92900,1255
2021-07-13,Alpine,002,1148,88,89,0,89,0
2021-07-13,Amador,005,37829,3795,3783,33,3816,48
2021-07-13,Butte,007,227075,12958,12802,1937,14739,202
2021-07-13,Calaveras,009,45235,2247,2230,15,2245,57
2021-07-13,Colusa,011,21464,1990,1972,331,2303,16
2021-07-13,Contra Costa,013,1133247,72928,71963,1352,73315,823
2021-07-13,Del Norte,015,27424,1510,1471,14,1485,8
2021-07-13,El Dorado,017,186661,10761,10581,812,11393,114
2021-07-13,Fresno,019,978130,104213,102909,8808,111717,1727
2021-07-13,Glenn,021,27897,2468,2448,572,3020,20
2021-07-13,Humboldt,023,135768,4698,4634,56,4690,51
2021-07-13,Imperial,025,180216,28990,28792,2700,31492,741
2021-07-13,Inyo,027,18085,1421,1415,12,1427,36
2021-07-13,Kern,029,883053,98564,97698,11263,108961,1346
2021-07-13,Kings,031,150075,23440,23132,1111,24243,246
2021-07-13,Lake,033,64148,3830,3719,13,3732,63
2021-07-13,Lassen,035,31185,5317,5292,118,5410,21
2021-07-13,Los Angeles,037,10098052,1229230,1217184,42037,1259221,24569
2021-07-13,Madera,039,155013,16979,16773,955,17728,240
2021-07-13,Marin,041,260295,14453,14254,264,14518,233
2021-07-13,Mariposa,043,17540,446,443,11,454,5
2021-07-13,Mendocino,045,87422,4306,4185,88,4273,49
2021-07-13,Merced,047,269075,31476,31379,1053,32432,471
2021-07-13,Modoc,049,8938,418,411,147,558,4
2021-07-13,Mono,051,14174,1274,1277,18,1295,3
2021-07-13,Monterey,053,433212,43552,43333,1874,45207,504
2021-07-13,Napa,055,140530,10148,10118,39,10157,81
2021-07-13,Nevada,057,99092,5138,5053,195,5248,72
2021-07-13,Orange,059,3164182,259794,257339,11690,269029,5136
2021-07-13,Placer,061,380077,24414,24091,1640,25731,303
2021-07-13,Plumas,063,18699,733,716,14,730,4
2021-07-13,Riverside,065,2383286,298446,294302,14186,308488,4541
2021-07-13,Sacramento,067,1510023,111147,109990,1945,111935,1687
2021-07-13,San Benito,069,59416,6178,6173,113,6286,63
2021-07-13,San Bernardino,071,2135413,297416,295596,9124,304720,5183
2021-07-13,San Diego,073,3302833,287433,284997,16085,301082,3785
2021-07-13,San Francisco,075,870044,38367,37725,1347,39072,559
2021-07-13,San Joaquin,077,732212,75198,74500,3701,78201,1417
2021-07-13,San Luis Obispo,079,281455,21751,21423,768,22191,258
2021-07-13,San Mateo,081,765935,43528,43180,516,43696,542
2021-07-13,Santa Barbara,083,443738,34977,34679,1135,35814,461
2021-07-13,Santa Clara,085,1922200,120974,119727,785,120512,2098
2021-07-13,Santa Cruz,087,273765,16481,16315,805,17120,207
2021-07-13,Shasta,089,179085,12737,12659,1672,14331,209
2021-07-13,Sierra,091,2930,66,62,12,74,0
2021-07-13,Siskiyou,093,43540,2013,1916,397,2313,29
2021-07-13,Solano,095,438530,34274,33918,624,34542,268
2021-07-13,Sonoma,097,501317,31728,31431,366,31797,322
2021-07-13,Stanislaus,099,539301,57662,57282,6059,63341,1028
2021-07-13,Sutter,101,95872,9791,9752,91,9843,114
2021-07-13,Tehama,103,63373,5190,5144,588,5732,64
2021-07-13,Trinity,105,12862,502,341,102,443,3
2021-07-13,Tulare,107,460477,50683,49891,9133,59024,853
2021-07-13,Tuolumne,109,53932,4147,4122,45,4167,64
2021-07-13,Ventura,111,848112,82662,81982,3209,85191,1040
2021-07-13,Yolo,113,214977,14460,14320,319,14639,213
2021-07-13,Yuba,115,75493,6363,6279,129,6408,52
2021-07-12,Alameda,001,1643700,91779,90720,2019,92739,1254
2021-07-12,Alpine,002,1148,88,89,0,89,0
2021-07-12,Amador,005,37829,3788,3781,33,3814,47
2021-07-12,Butte,007,227075,12938,12796,1935,14731,202
2021-07-12,Calaveras,009,45235,2245,2228,15,2243,57
2021-07-12,Colusa,011,21464,1986,1971,330,2301,16
2021-07-12,Contra Costa,013,1133247,72724,71833,1347,73180,823
2021-07-12,Del Norte,015,27424,1507,1469,14,1483,8
2021-07-12,El Dorado,017,186661,10732,10569,810,11379,114
2021-07-12,Fresno,019,978130,104119,102853,8796,111649,1728
2021-07-12,Glenn,021,27897,2468,2446,572,3018,20
2021-07-12,Humboldt,023,135768,4682,4621,56,4677,51
2021-07-12,Imperial,025,180216,28960,28789,2700,31489,741
2021-07-12,Inyo,027,18085,1421,1415,12,1427,36
2021-07-12,Kern,029,883053,98495,97660,11238,108898,1346
2021-07-12,Kings,031,150075,23420,23124,1109,24233,246
2021-07-12,Lake,033,64148,3809,3706,13,3719,63
2021-07-12,Lassen,035,31185,5316,5292,118,5410,21
2021-07-12,Los Angeles,037,10098052,1227433,1216230,41905,1258135,24559
2021-07-12,Madera,039,155013,16968,16772,955,17727,240
2021-07-12,Marin,041,260295,14428,14238,263,14501,233
2021-07-12,Mariposa,043,17540,446,442,11,453,5
2021-07-12,Mendocino,045,87422,4295,4175,88,4263,49
2021-07-12,Merced,047,269075,31445,31374,1052,32426,471
2021-07-12,Modoc,049,8938,417,411,147,558,4
2021-07-12,Mono,051,14174,1272,1275,18,1293,3
2021-07-12,Monterey,053,433212,43531,43315,1870,45185,504
2021-07-12,Napa,055,140530,10130,10104,38,10142,81
2021-07-12,Nevada,057,99092,5115,5046,195,5241,72
2021-07-12,Orange,059,3164182,259440,257171,11666,268837,5136
2021-07-12,Placer,061,380077,24363,24052,1634,25686,302
2021-07-12,Plumas,063,18699,733,716,14,730,4
2021-07-12,Riverside,065,2383286,298138,294108,14157,308265,4541
2021-07-12,Sacramento,067,1510023,110931,109849,1919,111768,1685
2021-07-12,San Benito,069,59416,6175,6166,113,6279,63
2021-07-12,San Bernardino,071,2135413,297144,295447,9109,304556,5171
2021-07-12,San Diego,073,3302833,286964,284648,16009,300657,3785
2021-07-12,San Francisco,075,870044,38221,37656,1344,39000,559
2021-07-12,San Joaquin,077,732212,75104,74424,3691,78115,1415
2021-07-12,San Luis Obispo,079,281455,21732,21408,767,22175,258
2021-07-12,San Mateo,081,765935,43434,43138,509,43647,542
2021-07-12,Santa Barbara,083,443738,34934,34664,1133,35797,461
2021-07-12,Santa Clara,085,1922200,120809,119634,782,120416,2098
2021-07-12,Santa Cruz,087,273765,16456,16310,804,17114,207
2021-07-12,Shasta,089,179085,12730,12648,1669,14317,208
2021-07-12,Sierra,091,2930,66,62,12,74,0
2021-07-12,Siskiyou,093,43540,2008,1916,392,2308,29
2021-07-12,Solano,095,438530,34184,33859,615,34474,268
2021-07-12,Sonoma,097,501317,31680,31377,365,31742,322
2021-07-12,Stanislaus,099,539301,57592,57243,6052,63295,1028
2021-07-12,Sutter,101,95872,9774,9736,90,9826,114
2021-07-12,Tehama,103,63373,5185,5138,587,5725,63
2021-07-12,Trinity,105,12862,498,340,100,440,3
2021-07-12,Tulare,107,460477,50655,49882,9120,59002,853
2021-07-12,Tuolumne,109,53932,4143,4116,45,4161,64
2021-07-12,Ventura,111,848112,82561,81919,3188,85107,1040
2021-07-12,Yolo,113,214977,14432,14303,315,14618,213
2021-07-12,Yuba,115,75493,6348,6266,129,6395,52
2021-07-11,Alameda,001,1643700,91450,90597,2007,92604,1254
2021-07-11,Alpine,002,1148,88,89,0,89,0
2021-07-11,Amador,005,37829,3786,3779,33,3812,47
2021-07-11,Butte,007,227075,12916,12794,1929,14723,202
2021-07-11,Calaveras,009,45235,2243,2226,14,2240,57
2021-07-11,Colusa,011,21464,1985,1971,329,2300,16
2021-07-11,Contra Costa,013,1133247,72514,71744,1340,73084,823
2021-07-11,Del Norte,015,27424,1503,1467,13,1480,8
2021-07-11,El Dorado,017,186661,10703,10554,808,11362,114
2021-07-11,Fresno,019,978130,104024,102813,8776,111589,1728
2021-07-11,Glenn,021,27897,2467,2446,572,3018,20
2021-07-11,Humboldt,023,135768,4669,4611,55,4666,51
2021-07-11,Imperial,025,180216,28942,28787,2699,31486,741
2021-07-11,Inyo,027,18085,1419,1415,12,1427,36
2021-07-11,Kern,029,883053,98422,97637,11222,108859,1346
2021-07-11,Kings,031,150075,23389,23116,1106,24222,246
2021-07-11,Lake,033,64148,3778,3699,13,3712,63
2021-07-11,Lassen,035,31185,5313,5291,118,5409,21
2021-07-11,Los Angeles,037,10098052,1225675,1215182,41750,1256932,24558
2021-07-11,Madera,039,155013,16949,16766,954,17720,240
2021-07-11,Marin,041,260295,14402,14231,263,14494,233
2021-07-11,Mariposa,043,17540,445,442,11,453,5
2021-07-11,Mendocino,045,87422,4275,4167,88,4255,49
2021-07-11,Merced,047,269075,31421,31366,1047,32413,471
2021-07-11,Modoc,049,8938,416,411,147,558,4
2021-07-11,Mono,051,14174,1272,1275,18,1293,3
2021-07-11,Monterey,053,433212,43512,43307,1866,45173,504
2021-07-11,Napa,055,140530,10126,10100,38,10138,81
2021-07-11,Nevada,057,99092,5104,5035,194,5229,72
2021-07-11,Orange,059,3164182,259128,257009,11638,268647,5136
2021-07-11,Placer,061,380077,24306,24017,1622,25639,302
2021-07-11,Plumas,063,18699,733,716,14,730,4
2021-07-11,Riverside,065,2383286,297874,293969,14139,308108,4541
2021-07-11,Sacramento,067,1510023,110653,109696,1907,111603,1685
2021-07-11,San Benito,069,59416,6170,6163,113,6276,63
2021-07-11,San Bernardino,071,2135413,296838,295342,9084,304426,5167
2021-07-11,San Diego,073,3302833,286550,283819,15923,299742,3784
2021-07-11,San Francisco,075,870044,38092,37596,1338,38934,559
2021-07-11,San Joaquin,077,732212,74987,74376,3674,78050,1415
2021-07-11,San Luis Obispo,079,281455,21699,21403,766,22169,258
2021-07-11,San Mateo,081,765935,43355,43107,503,43610,542
2021-07-11,Santa Barbara,083,443738,34887,34646,1133,35779,461
2021-07-11,Santa Clara,085,1922200,120655,119549,781,120330,2098
2021-07-11,Santa Cruz,087,273765,16440,16303,804,17107,207
2021-07-11,Shasta,089,179085,12713,12647,1667,14314,208
2021-07-11,Sierra,091,2930,66,62,12,74,0
2021-07-11,Siskiyou,093,43540,2004,1915,390,2305,29
2021-07-11,Solano,095,438530,34102,33837,611,34448,268
2021-07-11,Sonoma,097,501317,31598,31352,365,31717,322
2021-07-11,Stanislaus,099,539301,57526,57230,6041,63271,1028
2021-07-11,Sutter,101,95872,9760,9728,90,9818,114
2021-07-11,Tehama,103,63373,5182,5138,587,5725,63
2021-07-11,Trinity,105,12862,497,340,100,440,3
2021-07-11,Tulare,107,460477,50630,49877,9102,58979,853
2021-07-11,Tuolumne,109,53932,4137,4116,45,4161,64
2021-07-11,Ventura,111,848112,82488,81875,3168,85043,1040
2021-07-11,Yolo,113,214977,14407,14285,309,14594,213
2021-07-11,Yuba,115,75493,6337,6260,129,6389,52
2021-07-10,Alameda,001,1643700,91300,90090,2003,92093,1252
2021-07-10,Alpine,002,1148,88,89,0,89,0
2021-07-10,Amador,005,37829,3780,3773,33,3806,47
2021-07-10,Butte,007,227075,12906,12764,1926,14690,202
2021-07-10,Calaveras,009,45235,2242,2214,14,2228,57
2021-07-10,Colusa,011,21464,1983,1969,329,2298,16
2021-07-10,Contra Costa,013,1133247,72414,71376,1339,72715,821
2021-07-10,Del Norte,015,27424,1501,1451,13,1464,8
2021-07-10,El Dorado,017,186661,10686,10508,805,11313,114
2021-07-10,Fresno,019,978130,103991,102675,8769,111444,1730
2021-07-10,Glenn,021,27897,2464,2440,571,3011,20
2021-07-10,Humboldt,023,135768,4660,4574,55,4629,51
2021-07-10,Imperial,025,180216,28929,28729,2699,31428,741
2021-07-10,Inyo,027,18085,1418,1415,12,1427,36
2021-07-10,Kern,029,883053,98382,97538,11205,108743,1346
2021-07-10,Kings,031,150075,23382,23090,1105,24195,246
2021-07-10,Lake,033,64148,3761,3667,13,3680,63
2021-07-10,Lassen,035,31185,5313,5290,118,5408,21
2021-07-10,Los Angeles,037,10098052,1224647,1212043,41647,1253690,24542
2021-07-10,Madera,039,155013,16943,16744,951,17695,241
2021-07-10,Marin,041,260295,14388,14194,263,14457,233
2021-07-10,Mariposa,043,17540,445,442,11,453,5
2021-07-10,Mendocino,045,87422,4268,4153,87,4240,49
2021-07-10,Merced,047,269075,31408,31328,1047,32375,470
2021-07-10,Modoc,049,8938,416,410,147,557,4
2021-07-10,Mono,051,14174,1272,1275,18,1293,3
2021-07-10,Monterey,053,433212,43498,43251,1864,45115,499
2021-07-10,Napa,055,140530,10114,10077,38,10115,81
2021-07-10,Nevada,057,99092,5095,5000,194,5194,72
2021-07-10,Orange,059,3164182,258950,256438,11622,268060,5135
2021-07-10,Placer,061,380077,24277,23916,1612,25528,302
2021-07-10,Plumas,063,18699,732,717,14,731,4
2021-07-10,Riverside,065,2383286,297684,293474,14126,307600,4541
2021-07-10,Sacramento,067,1510023,110504,109091,1901,110992,1682
2021-07-10,San Benito,069,59416,6165,6141,113,6254,63
2021-07-10,San Bernardino,071,2135413,296650,294932,9071,304003,5117
2021-07-10,San Diego,073,3302833,286260,283577,15870,299447,3783
2021-07-10,San Francisco,075,870044,38009,37338,1335,38673,559
2021-07-10,San Joaquin,077,732212,74930,74150,3668,77818,1412
2021-07-10,San Luis Obispo,079,281455,21688,21375,765,22140,258
2021-07-10,San Mateo,081,765935,43303,42948,501,43449,542
2021-07-10,Santa Barbara,083,443738,34860,34595,1133,35728,460
2021-07-10,Santa Clara,085,1922200,120552,119330,778,120108,2094
2021-07-10,Santa Cruz,087,273765,16433,16286,804,17090,207
2021-07-10,Shasta,089,179085,12700,12623,1662,14285,206
2021-07-10,Sierra,091,2930,66,61,12,73,0
2021-07-10,Siskiyou,093,43540,2002,1909,387,2296,29
2021-07-10,Solano,095,438530,34060,33678,605,34283,268
2021-07-10,Sonoma,097,501317,31547,31231,365,31596,317
2021-07-10,Stanislaus,099,539301,57490,57104,6031,63135,1026
2021-07-10,Sutter,101,95872,9748,9692,90,9782,114
2021-07-10,Tehama,103,63373,5179,5131,587,5718,63
2021-07-10,Trinity,105,12862,497,341,100,441,3
2021-07-10,Tulare,107,460477,50620,49850,9096,58946,853
2021-07-10,Tuolumne,109,53932,4135,4114,45,4159,64
2021-07-10,Ventura,111,848112,82443,81713,3150,84863,1039
2021-07-10,Yolo,113,214977,14386,14250,306,14556,213
2021-07-10,Yuba,115,75493,6327,6238,129,6367,52
2021-07-09,Alameda,001,1643700,91141,90090,1998,92088,1252
2021-07-09,Alpine,002,1148,88,89,0,89,0
2021-07-09,Amador,005,37829,3779,3773,33,3806,47
2021-07-09,Butte,007,227075,12894,12764,1924,14688,202
2021-07-09,Calaveras,009,45235,2240,2214,14,2228,57
2021-07-09,Colusa,011,21464,1982,1969,329,2298,16
2021-07-09,Contra Costa,013,1133247,72288,71376,1337,72713,821
2021-07-09,Del Norte,015,27424,1496,1451,13,1464,8
2021-07-09,El Dorado,017,186661,10671,10508,804,11312,114
2021-07-09,Fresno,019,978130,103936,102675,8762,111437,1730
2021-07-09,Glenn,021,27897,2463,2440,569,3009,20
2021-07-09,Humboldt,023,135768,4641,4574,55,4629,51
2021-07-09,Imperial,025,180216,28921,28729,2698,31427,741
2021-07-09,Inyo,027,18085,1417,1415,12,1427,36
2021-07-09,Kern,029,883053,98344,97538,11193,108731,1346
2021-07-09,Kings,031,150075,23371,23090,1104,24194,246
2021-07-09,Lake,033,64148,3747,3667,13,3680,63
2021-07-09,Lassen,035,31185,5311,5290,117,5407,21
2021-07-09,Los Angeles,037,10098052,1223642,1212043,41577,1253620,24542
2021-07-09,Madera,039,155013,16933,16744,950,17694,241
2021-07-09,Marin,041,260295,14367,14194,262,14456,233
2021-07-09,Mariposa,043,17540,445,442,11,453,5
2021-07-09,Mendocino,045,87422,4261,4153,87,4240,49
2021-07-09,Merced,047,269075,31393,31328,1047,32375,470
2021-07-09,Modoc,049,8938,416,410,147,557,4
2021-07-09,Mono,051,14174,1272,1275,18,1293,3
2021-07-09,Monterey,053,433212,43489,43251,1864,45115,499
2021-07-09,Napa,055,140530,10107,10077,38,10115,81
2021-07-09,Nevada,057,99092,5086,5000,194,5194,72
2021-07-09,Orange,059,3164182,258744,256438,11608,268046,5135
2021-07-09,Placer,061,380077,24255,23916,1606,25522,302
2021-07-09,Plumas,063,18699,730,717,14,731,4
2021-07-09,Riverside,065,2383286,297498,293474,14113,307587,4541
2021-07-09,Sacramento,067,1510023,110350,109091,1892,110983,1682
2021-07-09,San Benito,069,59416,6163,6141,113,6254,63
2021-07-09,San Bernardino,071,2135413,296498,294932,9064,303996,5117
2021-07-09,San Diego,073,3302833,285971,283577,15822,299399,3783
2021-07-09,San Francisco,075,870044,37929,37338,1328,38666,559
2021-07-09,San Joaquin,077,732212,74856,74150,3661,77811,1412
2021-07-09,San Luis Obispo,079,281455,21676,21375,765,22140,258
2021-07-09,San Mateo,081,765935,43259,42948,497,43445,542
2021-07-09,Santa Barbara,083,443738,34839,34595,1132,35727,460
2021-07-09,Santa Clara,085,1922200,120441,119330,778,120108,2094
2021-07-09,Santa Cruz,087,273765,16430,16286,804,17090,207
2021-07-09,Shasta,089,179085,12694,12623,1657,14280,206
2021-07-09,Sierra,091,2930,66,61,12,73,0
2021-07-09,Siskiyou,093,43540,2000,1909,386,2295,29
2021-07-09,Solano,095,438530,34024,33678,601,34279,268
2021-07-09,Sonoma,097,501317,31511,31231,365,31596,317
2021-07-09,Stanislaus,099,539301,57461,57104,6029,63133,1026
2021-07-09,Sutter,101,95872,9739,9692,90,9782,114
2021-07-09,Tehama,103,63373,5177,5131,587,5718,63
2021-07-09,Trinity,105,12862,496,341,97,438,3
2021-07-09,Tulare,107,460477,50607,49850,9090,58940,853
2021-07-09,Tuolumne,109,53932,4131,4114,45,4159,64
2021-07-09,Ventura,111,848112,82388,81713,3141,84854,1039
2021-07-09,Yolo,113,214977,14371,14250,302,14552,213
2021-07-09,Yuba,115,75493,6314,6238,129,6367,52
2021-07-08,Alameda,001,1643700,90935,90090,1995,92085,1252
2021-07-08,Alpine,002,1148,88,89,0,89,0
2021-07-08,Amador,005,37829,3777,3773,33,3806,47
2021-07-08,Butte,007,227075,12881,12764,1921,14685,202
2021-07-08,Calaveras,009,45235,2237,2214,13,2227,57
2021-07-08,Colusa,011,21464,1982,1969,329,2298,16
2021-07-08,Contra Costa,013,1133247,72160,71376,1332,72708,821
2021-07-08,Del Norte,015,27424,1494,1451,13,1464,8
2021-07-08,El Dorado,017,186661,10654,10508,797,11305,114
2021-07-08,Fresno,019,978130,103873,102675,8751,111426,1730
2021-07-08,Glenn,021,27897,2463,2440,569,3009,20
2021-07-08,Humboldt,023,135768,4625,4574,54,4628,51
2021-07-08,Imperial,025,180216,28909,28729,2697,31426,741
2021-07-08,Inyo,027,18085,1417,1415,12,1427,36
2021-07-08,Kern,029,883053,98296,97538,11178,108716,1346
2021-07-08,Kings,031,150075,23362,23090,1104,24194,246
2021-07-08,Lake,033,64148,3733,3667,13,3680,63
2021-07-08,Lassen,035,31185,5308,5290,117,5407,21
2021-07-08,Los Angeles,037,10098052,1222429,1212043,41483,1253526,24542
2021-07-08,Madera,039,155013,16917,16744,950,17694,241
2021-07-08,Marin,041,260295,14353,14194,262,14456,233
2021-07-08,Mariposa,043,17540,444,442,11,453,5
2021-07-08,Mendocino,045,87422,4258,4153,87,4240,49
2021-07-08,Merced,047,269075,31379,31328,1045,32373,470
2021-07-08,Modoc,049,8938,416,410,147,557,4
2021-07-08,Mono,051,14174,1272,1275,18,1293,3
2021-07-08,Monterey,053,433212,43469,43251,1858,45109,499
2021-07-08,Napa,055,140530,10103,10077,38,10115,81
2021-07-08,Nevada,057,99092,5080,5000,194,5194,72
2021-07-08,Orange,059,3164182,258549,256438,11586,268024,5135
2021-07-08,Placer,061,380077,24216,23916,1598,25514,302
2021-07-08,Plumas,063,18699,729,717,14,731,4
2021-07-08,Riverside,065,2383286,297297,293474,14097,307571,4541
2021-07-08,Sacramento,067,1510023,110128,109091,1887,110978,1682
2021-07-08,San Benito,069,59416,6160,6141,113,6254,63
2021-07-08,San Bernardino,071,2135413,296323,294932,9055,303987,5117
2021-07-08,San Diego,073,3302833,285644,283577,15774,299351,3783
2021-07-08,San Francisco,075,870044,37849,37338,1324,38662,559
2021-07-08,San Joaquin,077,732212,74768,74150,3648,77798,1412
2021-07-08,San Luis Obispo,079,281455,21664,21375,762,22137,258
2021-07-08,San Mateo,081,765935,43208,42948,496,43444,542
2021-07-08,Santa Barbara,083,443738,34812,34595,1130,35725,460
2021-07-08,Santa Clara,085,1922200,120348,119330,777,120107,2094
2021-07-08,Santa Cruz,087,273765,16424,16286,804,17090,207
2021-07-08,Shasta,089,179085,12688,12623,1653,14276,206
2021-07-08,Sierra,091,2930,66,61,12,73,0
2021-07-08,Siskiyou,093,43540,1995,1909,383,2292,29
2021-07-08,Solano,095,438530,33969,33678,595,34273,268
2021-07-08,Sonoma,097,501317,31480,31231,364,31595,317
2021-07-08,Stanislaus,099,539301,57434,57104,6025,63129,1026
2021-07-08,Sutter,101,95872,9725,9692,88,9780,114
2021-07-08,Tehama,103,63373,5174,5131,586,5717,63
2021-07-08,Trinity,105,12862,496,341,97,438,3
2021-07-08,Tulare,107,460477,50589,49850,9083,58933,853
2021-07-08,Tuolumne,109,53932,4129,4114,45,4159,64
2021-07-08,Ventura,111,848112,82324,81713,3125,84838,1039
2021-07-08,Yolo,113,214977,14351,14250,300,14550,213
2021-07-08,Yuba,115,75493,6306,6238,129,6367,52
2021-07-07,Alameda,001,1643700,90752,89995,1989,91984,1253
2021-07-07,Alpine,002,1148,88,89,0,89,0
2021-07-07,Amador,005,37829,3772,3770,33,3803,47
2021-07-07,Butte,007,227075,12868,12750,1916,14666,202
2021-07-07,Calaveras,009,45235,2230,2212,13,2225,57
2021-07-07,Colusa,011,21464,1978,1969,329,2298,16
2021-07-07,Contra Costa,013,1133247,72013,71308,1330,72638,821
2021-07-07,Del Norte,015,27424,1489,1446,13,1459,8
2021-07-07,El Dorado,017,186661,10634,10494,795,11289,114
2021-07-07,Fresno,019,978130,103823,102639,8744,111383,1729
2021-07-07,Glenn,021,27897,2463,2441,569,3010,20
2021-07-07,Humboldt,023,135768,4611,4566,54,4620,51
2021-07-07,Imperial,025,180216,28902,28701,2697,31398,740
2021-07-07,Inyo,027,18085,1416,1415,12,1427,36
2021-07-07,Kern,029,883053,98252,97507,11163,108670,1348
2021-07-07,Kings,031,150075,23349,23085,1101,24186,245
2021-07-07,Lake,033,64148,3714,3660,13,3673,63
2021-07-07,Lassen,035,31185,5308,5286,117,5403,21
2021-07-07,Los Angeles,037,10098052,1221247,1211316,41381,1252697,24531
2021-07-07,Madera,039,155013,16906,16733,948,17681,241
2021-07-07,Marin,041,260295,14334,14183,261,14444,233
2021-07-07,Mariposa,043,17540,442,442,11,453,5
2021-07-07,Mendocino,045,87422,4249,4145,87,4232,49
2021-07-07,Merced,047,269075,31364,31317,1045,32362,470
2021-07-07,Modoc,049,8938,416,410,147,557,4
2021-07-07,Mono,051,14174,1271,1274,18,1292,3
2021-07-07,Monterey,053,433212,43445,43233,1856,45089,494
2021-07-07,Napa,055,140530,10092,10078,38,10116,81
2021-07-07,Nevada,057,99092,5073,4996,194,5190,72
2021-07-07,Orange,059,3164182,258323,256301,11565,267866,5132
2021-07-07,Placer,061,380077,24180,23901,1588,25489,302
2021-07-07,Plumas,063,18699,729,710,14,724,4
2021-07-07,Riverside,065,2383286,297083,293331,14087,307418,4538
2021-07-07,Sacramento,067,1510023,109938,108954,1879,110833,1682
2021-07-07,San Benito,069,59416,6155,6137,113,6250,63
2021-07-07,San Bernardino,071,2135413,296154,294787,9048,303835,5087
2021-07-07,San Diego,073,3302833,285324,283377,15734,299111,3782
2021-07-07,San Francisco,075,870044,37757,37284,1321,38605,558
2021-07-07,San Joaquin,077,732212,74692,74095,3633,77728,1410
2021-07-07,San Luis Obispo,079,281455,21655,21360,760,22120,258
2021-07-07,San Mateo,081,765935,43154,42908,493,43401,542
2021-07-07,Santa Barbara,083,443738,34786,34582,1130,35712,460
2021-07-07,Santa Clara,085,1922200,120250,119250,776,120026,2094
2021-07-07,Santa Cruz,087,273765,16415,16279,803,17082,207
2021-07-07,Shasta,089,179085,12680,12613,1650,14263,206
2021-07-07,Sierra,091,2930,66,60,12,72,0
2021-07-07,Siskiyou,093,43540,1989,1908,379,2287,29
2021-07-07,Solano,095,438530,33920,33659,588,34247,268
2021-07-07,Sonoma,097,501317,31434,31172,364,31536,316
2021-07-07,Stanislaus,099,539301,57402,57102,6020,63122,1028
2021-07-07,Sutter,101,95872,9715,9683,88,9771,114
2021-07-07,Tehama,103,63373,5173,5129,586,5715,63
2021-07-07,Trinity,105,12862,496,341,97,438,3
2021-07-07,Tulare,107,460477,50585,49835,9074,58909,853
2021-07-07,Tuolumne,109,53932,4125,4115,44,4159,64
2021-07-07,Ventura,111,848112,82280,81608,3111,84719,1036
2021-07-07,Yolo,113,214977,14340,14236,297,14533,213
2021-07-07,Yuba,115,75493,6290,6233,129,6362,51
2021-07-06,Alameda,001,1643700,90557,89918,1981,91899,1253
2021-07-06,Alpine,002,1148,88,89,0,89,0
2021-07-06,Amador,005,37829,3771,3768,32,3800,47
2021-07-06,Butte,007,227075,12855,12744,1913,14657,201
2021-07-06,Calaveras,009,45235,2230,2211,13,2224,55
2021-07-06,Colusa,011,21464,1977,1967,326,2293,16
2021-07-06,Contra Costa,013,1133247,71884,71262,1327,72589,820
2021-07-06,Del Norte,015,27424,1485,1445,13,1458,8
2021-07-06,El Dorado,017,186661,10616,10484,793,11277,113
2021-07-06,Fresno,019,978130,103771,102616,8732,111348,1727
2021-07-06,Glenn,021,27897,2462,2438,569,3007,20
2021-07-06,Humboldt,023,135768,4597,4565,53,4618,49
2021-07-06,Imperial,025,180216,28887,28693,2695,31388,739
2021-07-06,Inyo,027,18085,1416,1412,12,1424,36
2021-07-06,Kern,029,883053,98210,97491,11152,108643,1346
2021-07-06,Kings,031,150075,23341,23077,1100,24177,245
2021-07-06,Lake,033,64148,3704,3659,13,3672,63
2021-07-06,Lassen,035,31185,5307,5288,116,5404,21
2021-07-06,Los Angeles,037,10098052,1220028,1210965,41285,1252250,24525
2021-07-06,Madera,039,155013,16894,16730,948,17678,241
2021-07-06,Marin,041,260295,14320,14181,261,14442,233
2021-07-06,Mariposa,043,17540,442,442,11,453,5
2021-07-06,Mendocino,045,87422,4242,4143,87,4230,49
2021-07-06,Merced,047,269075,31347,31317,1044,32361,470
2021-07-06,Modoc,049,8938,416,411,147,558,4
2021-07-06,Mono,051,14174,1270,1274,18,1292,3
2021-07-06,Monterey,053,433212,43423,43224,1854,45078,494
2021-07-06,Napa,055,140530,10081,10081,38,10119,81
2021-07-06,Nevada,057,99092,5064,4988,194,5182,72
2021-07-06,Orange,059,3164182,258079,256227,11548,267775,5129
2021-07-06,Placer,061,380077,24139,23876,1582,25458,302
2021-07-06,Plumas,063,18699,728,708,14,722,4
2021-07-06,Riverside,065,2383286,296880,293227,14069,307296,4539
2021-07-06,Sacramento,067,1510023,109727,108850,1871,110721,1679
2021-07-06,San Benito,069,59416,6151,6137,113,6250,63
2021-07-06,San Bernardino,071,2135413,295975,294712,9035,303747,5056
2021-07-06,San Diego,073,3302833,284966,283278,15675,298953,3782
2021-07-06,San Francisco,075,870044,37640,37251,1320,38571,558
2021-07-06,San Joaquin,077,732212,74622,74019,3621,77640,1410
2021-07-06,San Luis Obispo,079,281455,21638,21354,758,22112,257
2021-07-06,San Mateo,081,765935,43079,42895,493,43388,541
2021-07-06,Santa Barbara,083,443738,34767,34572,1129,35701,460
2021-07-06,Santa Clara,085,1922200,120132,119194,773,119967,2095
2021-07-06,Santa Cruz,087,273765,16410,16274,802,17076,207
2021-07-06,Shasta,089,179085,12670,12606,1648,14254,205
2021-07-06,Sierra,091,2930,65,60,12,72,0
2021-07-06,Siskiyou,093,43540,1986,1905,375,2280,29
2021-07-06,Solano,095,438530,33869,33619,585,34204,268
2021-07-06,Sonoma,097,501317,31371,31130,363,31493,316
2021-07-06,Stanislaus,099,539301,57353,57120,6009,63129,1029
2021-07-06,Sutter,101,95872,9706,9674,87,9761,114
2021-07-06,Tehama,103,63373,5170,5126,585,5711,63
2021-07-06,Trinity,105,12862,496,341,97,438,3
2021-07-06,Tulare,107,460477,50570,49826,9064,58890,853
2021-07-06,Tuolumne,109,53932,4123,4113,44,4157,64
2021-07-06,Ventura,111,848112,82240,81534,3086,84620,1033
2021-07-06,Yolo,113,214977,14318,14227,294,14521,213
2021-07-06,Yuba,115,75493,6279,6231,129,6360,51
2021-07-05,Alameda,001,1643700,90381,89892,1976,91868,1253
2021-07-05,Alpine,002,1148,88,89,0,89,0
2021-07-05,Amador,005,37829,3769,3768,32,3800,47
2021-07-05,Butte,007,227075,12847,12740,1904,14644,201
2021-07-05,Calaveras,009,45235,2228,2211,13,2224,55
2021-07-05,Colusa,011,21464,1975,1966,325,2291,16
2021-07-05,Contra Costa,013,1133247,71756,71235,1327,72562,820
2021-07-05,Del Norte,015,27424,1481,1446,13,1459,8
2021-07-05,El Dorado,017,186661,10591,10481,793,11274,113
2021-07-05,Fresno,019,978130,103712,102592,8717,111309,1727
2021-07-05,Glenn,021,27897,2459,2438,568,3006,20
2021-07-05,Humboldt,023,135768,4583,4563,53,4616,49
2021-07-05,Imperial,025,180216,28868,28689,2695,31384,739
2021-07-05,Inyo,027,18085,1416,1412,12,1424,36
2021-07-05,Kern,029,883053,98162,97479,11132,108611,1346
2021-07-05,Kings,031,150075,23333,23065,1097,24162,245
2021-07-05,Lake,033,64148,3686,3645,13,3658,63
2021-07-05,Lassen,035,31185,5304,5288,115,5403,21
2021-07-05,Los Angeles,037,10098052,1218833,1210653,41183,1251836,24522
2021-07-05,Madera,039,155013,16883,16722,947,17669,241
2021-07-05,Marin,041,260295,14299,14178,261,14439,233
2021-07-05,Mariposa,043,17540,442,441,11,452,5
2021-07-05,Mendocino,045,87422,4237,4139,87,4226,49
2021-07-05,Merced,047,269075,31327,31312,1044,32356,470
2021-07-05,Modoc,049,8938,416,410,147,557,4
2021-07-05,Mono,051,14174,1270,1273,18,1291,3
2021-07-05,Monterey,053,433212,43403,43218,1849,45067,494
2021-07-05,Napa,055,140530,10075,10074,38,10112,81
2021-07-05,Nevada,057,99092,5046,4980,193,5173,72
2021-07-05,Orange,059,3164182,257878,256173,11530,267703,5129
2021-07-05,Placer,061,380077,24092,23867,1574,25441,302
2021-07-05,Plumas,063,18699,727,708,14,722,4
2021-07-05,Riverside,065,2383286,296689,293193,14057,307250,4539
2021-07-05,Sacramento,067,1510023,109545,108758,1861,110619,1679
2021-07-05,San Benito,069,59416,6144,6137,113,6250,63
2021-07-05,San Bernardino,071,2135413,295813,294647,9028,303675,5037
2021-07-05,San Diego,073,3302833,284603,282834,15631,298465,3782
2021-07-05,San Francisco,075,870044,37551,37237,1315,38552,558
2021-07-05,San Joaquin,077,732212,74552,73999,3616,77615,1410
2021-07-05,San Luis Obispo,079,281455,21624,21351,757,22108,257
2021-07-05,San Mateo,081,765935,43027,42876,490,43366,541
2021-07-05,Santa Barbara,083,443738,34747,34569,1129,35698,460
2021-07-05,Santa Clara,085,1922200,120026,119184,771,119955,2095
2021-07-05,Santa Cruz,087,273765,16401,16273,801,17074,208
2021-07-05,Shasta,089,179085,12661,12603,1646,14249,205
2021-07-05,Sierra,091,2930,65,60,12,72,0
2021-07-05,Siskiyou,093,43540,1984,1904,374,2278,29
2021-07-05,Solano,095,438530,33799,33612,579,34191,268
2021-07-05,Sonoma,097,501317,31318,31116,363,31479,316
2021-07-05,Stanislaus,099,539301,57323,57109,5998,63107,1029
2021-07-05,Sutter,101,95872,9694,9667,87,9754,114
2021-07-05,Tehama,103,63373,5169,5125,585,5710,63
2021-07-05,Trinity,105,12862,495,341,96,437,3
2021-07-05,Tulare,107,460477,50551,49818,9061,58879,853
2021-07-05,Tuolumne,109,53932,4119,4112,44,4156,64
2021-07-05,Ventura,111,848112,82189,81519,3067,84586,1033
2021-07-05,Yolo,113,214977,14298,14225,286,14511,213
2021-07-05,Yuba,115,75493,6271,6223,129,6352,51
2021-07-04,Alameda,001,1643700,90217,89683,1973,91656,1253
2021-07-04,Alpine,002,1148,88,89,0,89,0
2021-07-04,Amador,005,37829,3768,3758,32,3790,46
2021-07-04,Butte,007,227075,12837,12684,1904,14588,201
2021-07-04,Calaveras,009,45235,2224,2200,13,2213,55
2021-07-04,Colusa,011,21464,1975,1969,325,2294,15
2021-07-04,Contra Costa,013,1133247,71650,70941,1322,72263,818
2021-07-04,Del Norte,015,27424,1478,1439,13,1452,8
2021-07-04,El Dorado,017,186661,10582,10433,792,11225,113
2021-07-04,Fresno,019,978130,103666,102512,8702,111214,1727
2021-07-04,Glenn,021,27897,2457,2442,567,3009,20
2021-07-04,Humboldt,023,135768,4575,4530,53,4583,49
2021-07-04,Imperial,025,180216,28862,28661,2695,31356,739
2021-07-04,Inyo,027,18085,1416,1412,12,1424,35
2021-07-04,Kern,029,883053,98143,97421,11123,108544,1347
2021-07-04,Kings,031,150075,23325,23051,1097,24148,245
2021-07-04,Lake,033,64148,3676,3623,13,3636,62
2021-07-04,Lassen,035,31185,5303,5277,115,5392,20
2021-07-04,Los Angeles,037,10098052,1217969,1208705,41100,1249805,24506
2021-07-04,Madera,039,155013,16871,16696,946,17642,240
2021-07-04,Marin,041,260295,14284,14143,261,14404,233
2021-07-04,Mariposa,043,17540,442,441,11,452,5
2021-07-04,Mendocino,045,87422,4227,4122,87,4209,49
2021-07-04,Merced,047,269075,31316,31297,1044,32341,469
2021-07-04,Modoc,049,8938,416,410,147,557,4
2021-07-04,Mono,051,14174,1270,1275,18,1293,3
2021-07-04,Monterey,053,433212,43387,43212,1848,45060,492
2021-07-04,Napa,055,140530,10067,10045,37,10082,81
2021-07-04,Nevada,057,99092,5036,4966,193,5159,72
2021-07-04,Orange,059,3164182,257703,255823,11510,267333,5126
2021-07-04,Placer,061,380077,24055,23764,1568,25332,299
2021-07-04,Plumas,063,18699,727,707,14,721,4
2021-07-04,Riverside,065,2383286,296529,293260,14051,307311,4536
2021-07-04,Sacramento,067,1510023,109375,108257,1855,110112,1676
2021-07-04,San Benito,069,59416,6137,6108,113,6221,63
2021-07-04,San Bernardino,071,2135413,295645,294294,9021,303315,5003
2021-07-04,San Diego,073,3302833,284378,282692,15594,298286,3780
2021-07-04,San Francisco,075,870044,37492,37107,1309,38416,558
2021-07-04,San Joaquin,077,732212,74486,73841,3608,77449,1409
2021-07-04,San Luis Obispo,079,281455,21618,21330,756,22086,256
2021-07-04,San Mateo,081,765935,42993,42691,490,43181,541
2021-07-04,Santa Barbara,083,443738,34724,34526,1128,35654,456
2021-07-04,Santa Clara,085,1922200,119936,118966,770,119736,2090
2021-07-04,Santa Cruz,087,273765,16390,16254,801,17055,208
2021-07-04,Shasta,089,179085,12657,12582,1645,14227,204
2021-07-04,Sierra,091,2930,64,60,12,72,0
2021-07-04,Siskiyou,093,43540,1980,1899,373,2272,29
2021-07-04,Solano,095,438530,33758,33486,577,34063,268
2021-07-04,Sonoma,097,501317,31288,31000,363,31363,316
2021-07-04,Stanislaus,099,539301,57307,57018,5992,63010,1018
2021-07-04,Sutter,101,95872,9683,9644,87,9731,114
2021-07-04,Tehama,103,63373,5165,5124,585,5709,63
2021-07-04,Trinity,105,12862,494,341,96,437,3
2021-07-04,Tulare,107,460477,50541,49789,9058,58847,853
2021-07-04,Tuolumne,109,53932,4111,4113,44,4157,64
2021-07-04,Ventura,111,848112,82131,81425,3056,84481,1033
2021-07-04,Yolo,113,214977,14277,14188,283,14471,213
2021-07-04,Yuba,115,75493,6263,6197,129,6326,51
2021-07-03,Alameda,001,1643700,90130,89683,1965,91648,1253
2021-07-03,Alpine,002,1148,88,89,0,89,0
2021-07-03,Amador,005,37829,3768,3758,32,3790,46
2021-07-03,Butte,007,227075,12833,12684,1903,14587,201
2021-07-03,Calaveras,009,45235,2222,2200,13,2213,55
2021-07-03,Colusa,011,21464,1974,1969,325,2294,15
2021-07-03,Contra Costa,013,1133247,71590,70941,1319,72260,818
2021-07-03,Del Norte,015,27424,1475,1439,13,1452,8
2021-07-03,El Dorado,017,186661,10576,10433,790,11223,113
2021-07-03,Fresno,019,978130,103642,102512,8693,111205,1727
2021-07-03,Glenn,021,27897,2457,2442,567,3009,20
2021-07-03,Humboldt,023,135768,4570,4530,53,4583,49
2021-07-03,Imperial,025,180216,28852,28661,2695,31356,739
2021-07-03,Inyo,027,18085,1416,1412,12,1424,35
2021-07-03,Kern,029,883053,98123,97421,11115,108536,1347
2021-07-03,Kings,031,150075,23325,23051,1096,24147,245
2021-07-03,Lake,033,64148,3666,3623,13,3636,62
2021-07-03,Lassen,035,31185,5302,5277,115,5392,20
2021-07-03,Los Angeles,037,10098052,1217540,1208705,41069,1249774,24506
2021-07-03,Madera,039,155013,16862,16696,943,17639,240
2021-07-03,Marin,041,260295,14280,14143,261,14404,233
2021-07-03,Mariposa,043,17540,442,441,11,452,5
2021-07-03,Mendocino,045,87422,4226,4122,87,4209,49
2021-07-03,Merced,047,269075,31303,31297,1043,32340,469
2021-07-03,Modoc,049,8938,415,410,147,557,4
2021-07-03,Mono,051,14174,1269,1275,18,1293,3
2021-07-03,Monterey,053,433212,43375,43212,1846,45058,492
2021-07-03,Napa,055,140530,10062,10045,37,10082,81
2021-07-03,Nevada,057,99092,5022,4966,193,5159,72
2021-07-03,Orange,059,3164182,257619,255823,11503,267326,5126
2021-07-03,Placer,061,380077,24036,23764,1565,25329,299
2021-07-03,Plumas,063,18699,727,707,14,721,4
2021-07-03,Riverside,065,2383286,296437,293260,14047,307307,4536
2021-07-03,Sacramento,067,1510023,109301,108257,1852,110109,1676
2021-07-03,San Benito,069,59416,6130,6108,113,6221,63
2021-07-03,San Bernardino,071,2135413,295555,294294,9018,303312,5003
2021-07-03,San Diego,073,3302833,284247,282692,15575,298267,3780
2021-07-03,San Francisco,075,870044,37451,37107,1306,38413,558
2021-07-03,San Joaquin,077,732212,74450,73841,3603,77444,1409
2021-07-03,San Luis Obispo,079,281455,21606,21330,756,22086,256
2021-07-03,San Mateo,081,765935,42968,42691,489,43180,541
2021-07-03,Santa Barbara,083,443738,34715,34526,1127,35653,456
2021-07-03,Santa Clara,085,1922200,119889,118966,770,119736,2090
2021-07-03,Santa Cruz,087,273765,16383,16254,801,17055,208
2021-07-03,Shasta,089,179085,12653,12582,1643,14225,204
2021-07-03,Sierra,091,2930,64,60,12,72,0
2021-07-03,Siskiyou,093,43540,1979,1899,372,2271,29
2021-07-03,Solano,095,438530,33714,33486,577,34063,268
2021-07-03,Sonoma,097,501317,31254,31000,363,31363,316
2021-07-03,Stanislaus,099,539301,57296,57018,5985,63003,1018
2021-07-03,Sutter,101,95872,9673,9644,87,9731,114
2021-07-03,Tehama,103,63373,5163,5124,585,5709,63
2021-07-03,Trinity,105,12862,494,341,96,437,3
2021-07-03,Tulare,107,460477,50535,49789,9052,58841,853
2021-07-03,Tuolumne,109,53932,4110,4113,44,4157,64
2021-07-03,Ventura,111,848112,82101,81425,3048,84473,1033
2021-07-03,Yolo,113,214977,14267,14188,280,14468,213
2021-07-03,Yuba,115,75493,6257,6197,129,6326,51
2021-07-02,Alameda,001,1643700,90046,89683,1963,91646,1253
2021-07-02,Alpine,002,1148,88,89,0,89,0
2021-07-02,Amador,005,37829,3766,3758,32,3790,46
2021-07-02,Butte,007,227075,12826,12684,1903,14587,201
2021-07-02,Calaveras,009,45235,2220,2200,13,2213,55
2021-07-02,Colusa,011,21464,1973,1969,324,2293,15
2021-07-02,Contra Costa,013,1133247,71520,70941,1315,72256,818
2021-07-02,Del Norte,015,27424,1475,1439,13,1452,8
2021-07-02,El Dorado,017,186661,10568,10433,790,11223,113
2021-07-02,Fresno,019,978130,103614,102512,8687,111199,1727
2021-07-02,Glenn,021,27897,2456,2442,566,3008,20
2021-07-02,Humboldt,023,135768,4567,4530,52,4582,49
2021-07-02,Imperial,025,180216,28846,28661,2694,31355,739
2021-07-02,Inyo,027,18085,1416,1412,12,1424,35
2021-07-02,Kern,029,883053,98105,97421,11107,108528,1347
2021-07-02,Kings,031,150075,23315,23051,1096,24147,245
2021-07-02,Lake,033,64148,3660,3623,13,3636,62
2021-07-02,Lassen,035,31185,5302,5277,115,5392,20
2021-07-02,Los Angeles,037,10098052,1217066,1208705,41031,1249736,24506
2021-07-02,Madera,039,155013,16853,16696,942,17638,240
2021-07-02,Marin,041,260295,14276,14143,261,14404,233
2021-07-02,Mariposa,043,17540,442,441,11,452,5
2021-07-02,Mendocino,045,87422,4222,4122,86,4208,49
2021-07-02,Merced,047,269075,31294,31297,1043,32340,469
2021-07-02,Modoc,049,8938,415,410,147,557,4
2021-07-02,Mono,051,14174,1268,1275,18,1293,3
2021-07-02,Monterey,053,433212,43367,43212,1845,45057,492
2021-07-02,Napa,055,140530,10057,10045,37,10082,81
2021-07-02,Nevada,057,99092,5013,4966,193,5159,72
2021-07-02,Orange,059,3164182,257507,255823,11496,267319,5126
2021-07-02,Placer,061,380077,24019,23764,1558,25322,299
2021-07-02,Plumas,063,18699,727,707,14,721,4
2021-07-02,Riverside,065,2383286,296339,293260,14042,307302,4536
2021-07-02,Sacramento,067,1510023,109223,108257,1851,110108,1676
2021-07-02,San Benito,069,59416,6127,6108,113,6221,63
2021-07-02,San Bernardino,071,2135413,295468,294294,9016,303310,5003
2021-07-02,San Diego,073,3302833,284102,282692,15549,298241,3780
2021-07-02,San Francisco,075,870044,37403,37107,1304,38411,558
2021-07-02,San Joaquin,077,732212,74418,73841,3597,77438,1409
2021-07-02,San Luis Obispo,079,281455,21600,21330,755,22085,256
2021-07-02,San Mateo,081,765935,42933,42691,489,43180,541
2021-07-02,Santa Barbara,083,443738,34705,34526,1127,35653,456
2021-07-02,Santa Clara,085,1922200,119811,118966,770,119736,2090
2021-07-02,Santa Cruz,087,273765,16379,16254,801,17055,208
2021-07-02,Shasta,089,179085,12649,12582,1643,14225,204
2021-07-02,Sierra,091,2930,63,60,12,72,0
2021-07-02,Siskiyou,093,43540,1976,1899,371,2270,29
2021-07-02,Solano,095,438530,33689,33486,577,34063,268
2021-07-02,Sonoma,097,501317,31231,31000,363,31363,316
2021-07-02,Stanislaus,099,539301,57279,57018,5984,63002,1018
2021-07-02,Sutter,101,95872,9669,9644,87,9731,114
2021-07-02,Tehama,103,63373,5161,5124,583,5707,63
2021-07-02,Trinity,105,12862,494,341,96,437,3
2021-07-02,Tulare,107,460477,50525,49789,9044,58833,853
2021-07-02,Tuolumne,109,53932,4107,4113,44,4157,64
2021-07-02,Ventura,111,848112,82058,81425,3040,84465,1033
2021-07-02,Yolo,113,214977,14251,14188,278,14466,213
2021-07-02,Yuba,115,75493,6249,6197,129,6326,51
2021-07-01,Alameda,001,1643700,89945,89683,1961,91644,1253
2021-07-01,Alpine,002,1148,88,89,0,89,0
2021-07-01,Amador,005,37829,3765,3758,32,3790,46
2021-07-01,Butte,007,227075,12814,12684,1901,14585,201
2021-07-01,Calaveras,009,45235,2218,2200,13,2213,55
2021-07-01,Colusa,011,21464,1973,1969,322,2291,15
2021-07-01,Contra Costa,013,1133247,71448,70941,1315,72256,818
2021-07-01,Del Norte,015,27424,1474,1439,13,1452,8
2021-07-01,El Dorado,017,186661,10556,10433,790,11223,113
2021-07-01,Fresno,019,978130,103575,102512,8682,111194,1727
2021-07-01,Glenn,021,27897,2456,2442,566,3008,20
2021-07-01,Humboldt,023,135768,4565,4530,52,4582,49
2021-07-01,Imperial,025,180216,28829,28661,2694,31355,739
2021-07-01,Inyo,027,18085,1416,1412,12,1424,35
2021-07-01,Kern,029,883053,98079,97421,11097,108518,1347
2021-07-01,Kings,031,150075,23301,23051,1096,24147,245
2021-07-01,Lake,033,64148,3657,3623,13,3636,62
2021-07-01,Lassen,035,31185,5300,5277,115,5392,20
2021-07-01,Los Angeles,037,10098052,1216462,1208705,40976,1249681,24506
2021-07-01,Madera,039,155013,16844,16696,941,17637,240
2021-07-01,Marin,041,260295,14272,14143,261,14404,233
2021-07-01,Mariposa,043,17540,442,441,11,452,5
2021-07-01,Mendocino,045,87422,4218,4122,85,4207,49
2021-07-01,Merced,047,269075,31288,31297,1043,32340,469
2021-07-01,Modoc,049,8938,415,410,147,557,4
2021-07-01,Mono,051,14174,1267,1275,18,1293,3
2021-07-01,Monterey,053,433212,43359,43212,1842,45054,492
2021-07-01,Napa,055,140530,10050,10045,37,10082,81
2021-07-01,Nevada,057,99092,5008,4966,193,5159,72
2021-07-01,Orange,059,3164182,257387,255823,11477,267300,5126
2021-07-01,Placer,061,380077,24001,23764,1555,25319,299
2021-07-01,Plumas,063,18699,724,707,12,719,4
2021-07-01,Riverside,065,2383286,296230,293260,14034,307294,4536
2021-07-01,Sacramento,067,1510023,109098,108257,1844,110101,1676
2021-07-01,San Benito,069,59416,6123,6108,113,6221,63
2021-07-01,San Bernardino,071,2135413,295347,294294,9011,303305,5003
2021-07-01,San Diego,073,3302833,283924,282692,15512,298204,3780
2021-07-01,San Francisco,075,870044,37366,37107,1302,38409,558
2021-07-01,San Joaquin,077,732212,74367,73841,3593,77434,1409
2021-07-01,San Luis Obispo,079,281455,21585,21330,754,22084,256
2021-07-01,San Mateo,081,765935,42905,42691,488,43179,541
2021-07-01,Santa Barbara,083,443738,34692,34526,1127,35653,456
2021-07-01,Santa Clara,085,1922200,119762,118966,770,119736,2090
2021-07-01,Santa Cruz,087,273765,16374,16254,801,17055,208
2021-07-01,Shasta,089,179085,12641,12582,1642,14224,204
2021-07-01,Sierra,091,2930,63,60,12,72,0
2021-07-01,Siskiyou,093,43540,1976,1899,371,2270,29
2021-07-01,Solano,095,438530,33648,33486,576,34062,268
2021-07-01,Sonoma,097,501317,31187,31000,363,31363,316
2021-07-01,Stanislaus,099,539301,57262,57018,5980,62998,1018
2021-07-01,Sutter,101,95872,9660,9644,87,9731,114
2021-07-01,Tehama,103,63373,5161,5124,582,5706,63
2021-07-01,Trinity,105,12862,494,341,96,437,3
2021-07-01,Tulare,107,460477,50516,49789,9037,58826,853
2021-07-01,Tuolumne,109,53932,4100,4113,44,4157,64
2021-07-01,Ventura,111,848112,82027,81425,3030,84455,1033
2021-07-01,Yolo,113,214977,14235,14188,276,14464,213
2021-07-01,Yuba,115,75493,6242,6197,129,6326,51
2021-06-30,Alameda,001,1643700,89864,89597,1957,91554,1256
2021-06-30,Alpine,002,1148,88,89,0,89,0
2021-06-30,Amador,005,37829,3763,3756,32,3788,46
2021-06-30,Butte,007,227075,12807,12676,1892,14568,201
2021-06-30,Calaveras,009,45235,2212,2198,13,2211,55
2021-06-30,Colusa,011,21464,1971,1967,319,2286,15
2021-06-30,Contra Costa,013,1133247,71383,70869,1312,72181,818
2021-06-30,Del Norte,015,27424,1469,1435,13,1448,8
2021-06-30,El Dorado,017,186661,10536,10420,790,11210,113
2021-06-30,Fresno,019,978130,103537,102490,8679,111169,1727
2021-06-30,Glenn,021,27897,2454,2440,566,3006,20
2021-06-30,Humboldt,023,135768,4549,4522,50,4572,49
2021-06-30,Imperial,025,180216,28821,28651,2694,31345,739
2021-06-30,Inyo,027,18085,1416,1409,12,1421,35
2021-06-30,Kern,029,883053,98038,97267,11085,108352,1348
2021-06-30,Kings,031,150075,23296,23038,1095,24133,245
2021-06-30,Lake,033,64148,3644,3601,13,3614,56
2021-06-30,Lassen,035,31185,5295,5269,115,5384,20
2021-06-30,Los Angeles,037,10098052,1215788,1208246,40931,1249177,24499
2021-06-30,Madera,039,155013,16836,16688,939,17627,240
2021-06-30,Marin,041,260295,14263,14133,260,14393,232
2021-06-30,Mariposa,043,17540,441,441,11,452,5
2021-06-30,Mendocino,045,87422,4208,4115,85,4200,49
2021-06-30,Merced,047,269075,31278,31286,1043,32329,469
2021-06-30,Modoc,049,8938,415,410,147,557,4
2021-06-30,Mono,051,14174,1267,1275,18,1293,3
2021-06-30,Monterey,053,433212,43354,43209,1840,45049,492
2021-06-30,Napa,055,140530,10042,10039,37,10076,81
2021-06-30,Nevada,057,99092,4997,4958,193,5151,72
2021-06-30,Orange,059,3164182,257262,255764,11467,267231,5125
2021-06-30,Placer,061,380077,23977,23721,1552,25273,299
2021-06-30,Plumas,063,18699,724,705,12,717,4
2021-06-30,Riverside,065,2383286,296116,293280,14026,307306,4535
2021-06-30,Sacramento,067,1510023,108959,108137,1840,109977,1676
2021-06-30,San Benito,069,59416,6119,6105,113,6218,63
2021-06-30,San Bernardino,071,2135413,295187,294211,9006,303217,4975
2021-06-30,San Diego,073,3302833,283788,282583,15484,298067,3780
2021-06-30,San Francisco,075,870044,37317,37065,1297,38362,558
2021-06-30,San Joaquin,077,732212,74305,73777,3592,77369,1409
2021-06-30,San Luis Obispo,079,281455,21572,21326,753,22079,256
2021-06-30,San Mateo,081,765935,42868,42599,487,43086,537
2021-06-30,Santa Barbara,083,443738,34676,34521,1127,35648,456
2021-06-30,Santa Clara,085,1922200,119715,118930,767,119697,2090
2021-06-30,Santa Cruz,087,273765,16368,16250,801,17051,208
2021-06-30,Shasta,089,179085,12635,12564,1642,14206,204
2021-06-30,Sierra,091,2930,63,60,12,72,0
2021-06-30,Siskiyou,093,43540,1974,1900,368,2268,29
2021-06-30,Solano,095,438530,33609,33453,574,34027,268
2021-06-30,Sonoma,097,501317,31157,30947,363,31310,316
2021-06-30,Stanislaus,099,539301,57245,56997,5979,62976,1018
2021-06-30,Sutter,101,95872,9650,9638,87,9725,114
2021-06-30,Tehama,103,63373,5159,5124,582,5706,63
2021-06-30,Trinity,105,12862,494,341,96,437,3
2021-06-30,Tulare,107,460477,50505,49764,9026,58790,853
2021-06-30,Tuolumne,109,53932,4097,4112,44,4156,64
2021-06-30,Ventura,111,848112,81984,81392,3025,84417,1032
2021-06-30,Yolo,113,214977,14229,14178,273,14451,213
2021-06-30,Yuba,115,75493,6235,6191,129,6320,51
2021-06-29,Alameda,001,1643700,89758,89519,1955,91474,1257
2021-06-29,Alpine,002,1148,88,89,0,89,0
2021-06-29,Amador,005,37829,3759,3754,32,3786,46
2021-06-29,Butte,007,227075,12799,12669,1892,14561,201
2021-06-29,Calaveras,009,45235,2206,2198,13,2211,55
2021-06-29,Colusa,011,21464,1969,1967,319,2286,15
2021-06-29,Contra Costa,013,1133247,71309,70775,1311,72086,817
2021-06-29,Del Norte,015,27424,1468,1435,13,1448,8
2021-06-29,El Dorado,017,186661,10523,10403,786,11189,113
2021-06-29,Fresno,019,978130,103504,102464,8676,111140,1725
2021-06-29,Glenn,021,27897,2453,2439,566,3005,20
2021-06-29,Humboldt,023,135768,4545,4514,49,4563,49
2021-06-29,Imperial,025,180216,28812,28645,2693,31338,737
2021-06-29,Inyo,027,18085,1416,1408,12,1420,35
2021-06-29,Kern,029,883053,98017,97173,11079,108252,1347
2021-06-29,Kings,031,150075,23287,23035,1094,24129,245
2021-06-29,Lake,033,64148,3638,3594,13,3607,56
2021-06-29,Lassen,035,31185,5288,5268,115,5383,20
2021-06-29,Los Angeles,037,10098052,1215174,1207895,40903,1248798,24498
2021-06-29,Madera,039,155013,16832,16680,938,17618,240
2021-06-29,Marin,041,260295,14251,14127,260,14387,232
2021-06-29,Mariposa,043,17540,441,441,11,452,5
2021-06-29,Mendocino,045,87422,4204,4107,84,4191,49
2021-06-29,Merced,047,269075,31266,31277,1043,32320,469
2021-06-29,Modoc,049,8938,414,408,147,555,3
2021-06-29,Mono,051,14174,1267,1275,18,1293,3
2021-06-29,Monterey,053,433212,43344,43196,1838,45034,471
2021-06-29,Napa,055,140530,10036,10033,37,10070,81
2021-06-29,Nevada,057,99092,4990,4952,193,5145,72
2021-06-29,Orange,059,3164182,257161,255686,11452,267138,5124
2021-06-29,Placer,061,380077,23953,23693,1550,25243,299
2021-06-29,Plumas,063,18699,724,704,12,716,4
2021-06-29,Riverside,065,2383286,296017,292962,14019,306981,4524
2021-06-29,Sacramento,067,1510023,108806,108067,1836,109903,1677
2021-06-29,San Benito,069,59416,6108,6099,113,6212,63
2021-06-29,San Bernardino,071,2135413,295075,294118,9005,303123,4940
2021-06-29,San Diego,073,3302833,283632,282499,15457,297956,3780
2021-06-29,San Francisco,075,870044,37278,37041,1294,38335,558
2021-06-29,San Joaquin,077,732212,74257,73724,3589,77313,1409
2021-06-29,San Luis Obispo,079,281455,21562,21324,752,22076,256
2021-06-29,San Mateo,081,765935,42834,42540,487,43027,540
2021-06-29,Santa Barbara,083,443738,34666,34507,1126,35633,455
2021-06-29,Santa Clara,085,1922200,119661,118893,766,119659,2090
2021-06-29,Santa Cruz,087,273765,16362,16249,801,17050,208
2021-06-29,Shasta,089,179085,12623,12564,1641,14205,204
2021-06-29,Sierra,091,2930,63,59,12,71,0
2021-06-29,Siskiyou,093,43540,1971,1897,364,2261,29
2021-06-29,Solano,095,438530,33576,33440,572,34012,268
2021-06-29,Sonoma,097,501317,31115,30950,361,31311,316
2021-06-29,Stanislaus,099,539301,57224,56980,5972,62952,1018
2021-06-29,Sutter,101,95872,9639,9634,87,9721,114
2021-06-29,Tehama,103,63373,5159,5124,582,5706,63
2021-06-29,Trinity,105,12862,494,341,96,437,3
2021-06-29,Tulare,107,460477,50492,49751,9021,58772,852
2021-06-29,Tuolumne,109,53932,4095,4111,44,4155,64
2021-06-29,Ventura,111,848112,81946,81363,3019,84382,1032
2021-06-29,Yolo,113,214977,14217,14171,272,14443,213
2021-06-29,Yuba,115,75493,6225,6188,129,6317,51
2021-06-28,Alameda,001,1643700,89663,89638,1952,91590,1259
2021-06-28,Alpine,002,1148,88,89,0,89,0
2021-06-28,Amador,005,37829,3758,3753,32,3785,46
2021-06-28,Butte,007,227075,12790,12697,1890,14587,198
2021-06-28,Calaveras,009,45235,2203,2203,13,2216,55
2021-06-28,Colusa,011,21464,1967,1974,319,2293,15
2021-06-28,Contra Costa,013,1133247,71234,70807,1309,72116,816
2021-06-28,Del Norte,015,27424,1468,1436,13,1449,8
2021-06-28,El Dorado,017,186661,10513,10422,782,11204,115
2021-06-28,Fresno,019,978130,103473,103121,8674,111795,1727
2021-06-28,Glenn,021,27897,2453,2439,566,3005,20
2021-06-28,Humboldt,023,135768,4538,4520,48,4568,49
2021-06-28,Imperial,025,180216,28804,28981,2692,31673,741
2021-06-28,Inyo,027,18085,1413,1407,12,1419,35
2021-06-28,Kern,029,883053,97998,97252,11074,108326,1348
2021-06-28,Kings,031,150075,23281,23134,1094,24228,246
2021-06-28,Lake,033,64148,3631,3591,13,3604,56
2021-06-28,Lassen,035,31185,5286,5268,115,5383,20
2021-06-28,Los Angeles,037,10098052,1214654,1207714,40869,1248583,24496
2021-06-28,Madera,039,155013,16821,16683,937,17620,240
2021-06-28,Marin,041,260295,14236,14186,260,14446,232
2021-06-28,Mariposa,043,17540,441,440,11,451,5
2021-06-28,Mendocino,045,87422,4195,4102,83,4185,49
2021-06-28,Merced,047,269075,31254,31277,1043,32320,469
2021-06-28,Modoc,049,8938,414,411,146,557,3
2021-06-28,Mono,051,14174,1267,1276,18,1294,3
2021-06-28,Monterey,053,433212,43340,43202,1837,45039,462
2021-06-28,Napa,055,140530,10027,10050,36,10086,81
2021-06-28,Nevada,057,99092,4986,4951,193,5144,72
2021-06-28,Orange,059,3164182,257072,255755,11438,267193,5123
2021-06-28,Placer,061,380077,23937,23756,1546,25302,299
2021-06-28,Plumas,063,18699,722,704,12,716,4
2021-06-28,Riverside,065,2383286,295891,292647,14007,306654,4507
2021-06-28,Sacramento,067,1510023,108674,108342,1831,110173,1675
2021-06-28,San Benito,069,59416,6106,6101,113,6214,63
2021-06-28,San Bernardino,071,2135413,294975,294151,9000,303151,4928
2021-06-28,San Diego,073,3302833,283468,282417,15428,297845,3780
2021-06-28,San Francisco,075,870044,37243,37372,1292,38664,559
2021-06-28,San Joaquin,077,732212,74210,73973,3586,77559,1411
2021-06-28,San Luis Obispo,079,281455,21558,21340,751,22091,256
2021-06-28,San Mateo,081,765935,42800,42927,486,43413,540
2021-06-28,Santa Barbara,083,443738,34659,34534,1124,35658,455
2021-06-28,Santa Clara,085,1922200,119597,120377,765,121142,2103
2021-06-28,Santa Cruz,087,273765,16357,16245,801,17046,208
2021-06-28,Shasta,089,179085,12619,12642,1639,14281,203
2021-06-28,Sierra,091,2930,63,58,12,70,0
2021-06-28,Siskiyou,093,43540,1970,1896,364,2260,29
2021-06-28,Solano,095,438530,33540,33524,570,34094,267
2021-06-28,Sonoma,097,501317,31078,31137,360,31497,315
2021-06-28,Stanislaus,099,539301,57206,57047,5968,63015,1018
2021-06-28,Sutter,101,95872,9635,9682,87,9769,114
2021-06-28,Tehama,103,63373,5157,5122,582,5704,63
2021-06-28,Trinity,105,12862,494,341,96,437,3
2021-06-28,Tulare,107,460477,50482,49751,9017,58768,850
2021-06-28,Tuolumne,109,53932,4087,4121,44,4165,64
2021-06-28,Ventura,111,848112,81889,81393,3014,84407,1032
2021-06-28,Yolo,113,214977,14208,14199,269,14468,213
2021-06-28,Yuba,115,75493,6220,6207,129,6336,51
2021-06-27,Alameda,001,1643700,89576,89611,1948,91559,1259
2021-06-27,Alpine,002,1148,88,89,0,89,0
2021-06-27,Amador,005,37829,3757,3752,32,3784,46
2021-06-27,Butte,007,227075,12781,12696,1889,14585,198
2021-06-27,Calaveras,009,45235,2202,2203,13,2216,55
2021-06-27,Colusa,011,21464,1967,1974,319,2293,15
2021-06-27,Contra Costa,013,1133247,71148,70762,1305,72067,816
2021-06-27,Del Norte,015,27424,1465,1436,13,1449,8
2021-06-27,El Dorado,017,186661,10501,10418,779,11197,115
2021-06-27,Fresno,019,978130,103444,103110,8671,111781,1727
2021-06-27,Glenn,021,27897,2452,2439,565,3004,20
2021-06-27,Humboldt,023,135768,4526,4513,45,4558,49
2021-06-27,Imperial,025,180216,28790,28987,2692,31679,741
2021-06-27,Inyo,027,18085,1413,1407,12,1419,35
2021-06-27,Kern,029,883053,97972,97249,11067,108316,1348
2021-06-27,Kings,031,150075,23271,23132,1094,24226,246
2021-06-27,Lake,033,64148,3624,3581,13,3594,56
2021-06-27,Lassen,035,31185,5285,5265,115,5380,20
2021-06-27,Los Angeles,037,10098052,1214102,1207461,40829,1248290,24493
2021-06-27,Madera,039,155013,16813,16680,937,17617,240
2021-06-27,Marin,041,260295,14227,14182,260,14442,232
2021-06-27,Mariposa,043,17540,441,440,11,451,5
2021-06-27,Mendocino,045,87422,4188,4100,83,4183,49
2021-06-27,Merced,047,269075,31242,31266,1043,32309,469
2021-06-27,Modoc,049,8938,414,411,146,557,3
2021-06-27,Mono,051,14174,1267,1279,18,1297,3
2021-06-27,Monterey,053,433212,43327,43199,1837,45036,462
2021-06-27,Napa,055,140530,10021,10046,36,10082,81
2021-06-27,Nevada,057,99092,4980,4946,193,5139,72
2021-06-27,Orange,059,3164182,256958,255710,11427,267137,5123
2021-06-27,Placer,061,380077,23904,23731,1543,25274,299
2021-06-27,Plumas,063,18699,722,704,12,716,4
2021-06-27,Riverside,065,2383286,295789,292641,14001,306642,4507
2021-06-27,Sacramento,067,1510023,108539,108279,1827,110106,1675
2021-06-27,San Benito,069,59416,6100,6101,113,6214,63
2021-06-27,San Bernardino,071,2135413,294862,294115,8998,303113,4927
2021-06-27,San Diego,073,3302833,283328,282359,15402,297761,3780
2021-06-27,San Francisco,075,870044,37206,37360,1291,38651,559
2021-06-27,San Joaquin,077,732212,74174,73960,3584,77544,1411
2021-06-27,San Luis Obispo,079,281455,21551,21340,750,22090,256
2021-06-27,San Mateo,081,765935,42771,42925,483,43408,539
2021-06-27,Santa Barbara,083,443738,34645,34533,1122,35655,455
2021-06-27,Santa Clara,085,1922200,119546,120352,764,121116,2103
2021-06-27,Santa Cruz,087,273765,16348,16241,801,17042,208
2021-06-27,Shasta,089,179085,12613,12640,1638,14278,203
2021-06-27,Sierra,091,2930,63,58,12,70,0
2021-06-27,Siskiyou,093,43540,1968,1896,363,2259,29
2021-06-27,Solano,095,438530,33512,33516,570,34086,267
2021-06-27,Sonoma,097,501317,31040,31129,360,31489,315
2021-06-27,Stanislaus,099,539301,57166,57021,5965,62986,1018
2021-06-27,Sutter,101,95872,9629,9678,87,9765,114
2021-06-27,Tehama,103,63373,5153,5122,582,5704,63
2021-06-27,Trinity,105,12862,494,341,95,436,3
2021-06-27,Tulare,107,460477,50469,49749,9010,58759,850
2021-06-27,Tuolumne,109,53932,4085,4121,44,4165,64
2021-06-27,Ventura,111,848112,81855,81361,3005,84366,1032
2021-06-27,Yolo,113,214977,14193,14194,265,14459,213
2021-06-27,Yuba,115,75493,6214,6205,129,6334,51
2021-06-26,Alameda,001,1643700,89519,89560,1946,91506,1259
2021-06-26,Alpine,002,1148,88,89,0,89,0
2021-06-26,Amador,005,37829,3757,3748,32,3780,46
2021-06-26,Butte,007,227075,12777,12693,1886,14579,198
2021-06-26,Calaveras,009,45235,2200,2202,13,2215,55
2021-06-26,Colusa,011,21464,1967,1973,319,2292,15
2021-06-26,Contra Costa,013,1133247,71105,70712,1304,72016,816
2021-06-26,Del Norte,015,27424,1464,1432,13,1445,8
2021-06-26,El Dorado,017,186661,10493,10414,777,11191,115
2021-06-26,Fresno,019,978130,103424,103091,8669,111760,1727
2021-06-26,Glenn,021,27897,2450,2441,565,3006,20
2021-06-26,Humboldt,023,135768,4523,4509,45,4554,49
2021-06-26,Imperial,025,180216,28786,28970,2692,31662,741
2021-06-26,Inyo,027,18085,1413,1407,12,1419,35
2021-06-26,Kern,029,883053,97946,97239,11058,108297,1348
2021-06-26,Kings,031,150075,23267,23128,1093,24221,246
2021-06-26,Lake,033,64148,3613,3576,13,3589,56
2021-06-26,Lassen,035,31185,5282,5263,115,5378,20
2021-06-26,Los Angeles,037,10098052,1213798,1207198,40798,1247996,24490
2021-06-26,Madera,039,155013,16806,16679,936,17615,240
2021-06-26,Marin,041,260295,14218,14180,260,14440,232
2021-06-26,Mariposa,043,17540,441,440,11,451,5
2021-06-26,Mendocino,045,87422,4186,4096,83,4179,49
2021-06-26,Merced,047,269075,31236,31259,1042,32301,469
2021-06-26,Modoc,049,8938,414,411,146,557,3
2021-06-26,Mono,051,14174,1267,1279,18,1297,3
2021-06-26,Monterey,053,433212,43324,43192,1837,45029,462
2021-06-26,Napa,055,140530,10014,10043,36,10079,81
2021-06-26,Nevada,057,99092,4975,4939,193,5132,72
2021-06-26,Orange,059,3164182,256878,255640,11420,267060,5123
2021-06-26,Placer,061,380077,23890,23702,1541,25243,299
2021-06-26,Plumas,063,18699,722,704,12,716,4
2021-06-26,Riverside,065,2383286,295731,292480,13995,306475,4505
2021-06-26,Sacramento,067,1510023,108468,108179,1824,110003,1675
2021-06-26,San Benito,069,59416,6096,6100,113,6213,63
2021-06-26,San Bernardino,071,2135413,294768,294034,8994,303028,4928
2021-06-26,San Diego,073,3302833,283243,282263,15384,297647,3780
2021-06-26,San Francisco,075,870044,37174,37348,1290,38638,559
2021-06-26,San Joaquin,077,732212,74145,73928,3583,77511,1411
2021-06-26,San Luis Obispo,079,281455,21550,21330,749,22079,256
2021-06-26,San Mateo,081,765935,42751,42898,483,43381,539
2021-06-26,Santa Barbara,083,443738,34636,34525,1122,35647,455
2021-06-26,Santa Clara,085,1922200,119513,120321,764,121085,2103
2021-06-26,Santa Cruz,087,273765,16345,16239,801,17040,208
2021-06-26,Shasta,089,179085,12609,12635,1634,14269,203
2021-06-26,Sierra,091,2930,63,58,12,70,0
2021-06-26,Siskiyou,093,43540,1967,1896,362,2258,29
2021-06-26,Solano,095,438530,33494,33489,568,34057,267
2021-06-26,Sonoma,097,501317,31014,31088,360,31448,315
2021-06-26,Stanislaus,099,539301,57150,57006,5962,62968,1018
2021-06-26,Sutter,101,95872,9628,9669,87,9756,114
2021-06-26,Tehama,103,63373,5153,5119,582,5701,63
2021-06-26,Trinity,105,12862,494,341,95,436,3
2021-06-26,Tulare,107,460477,50463,49745,9010,58755,850
2021-06-26,Tuolumne,109,53932,4085,4121,44,4165,64
2021-06-26,Ventura,111,848112,81831,81352,3004,84356,1032
2021-06-26,Yolo,113,214977,14185,14184,265,14449,213
2021-06-26,Yuba,115,75493,6211,6200,129,6329,51
2021-06-25,Alameda,001,1643700,89451,89453,1944,91397,1271
2021-06-25,Alpine,002,1148,88,89,0,89,0
2021-06-25,Amador,005,37829,3756,3746,32,3778,46
2021-06-25,Butte,007,227075,12772,12682,1883,14565,198
2021-06-25,Calaveras,009,45235,2199,2201,13,2214,55
2021-06-25,Colusa,011,21464,1967,1972,319,2291,15
2021-06-25,Contra Costa,013,1133247,71069,70659,1304,71963,815
2021-06-25,Del Norte,015,27424,1464,1426,13,1439,8
2021-06-25,El Dorado,017,186661,10485,10406,774,11180,115
2021-06-25,Fresno,019,978130,103406,103073,8665,111738,1727
2021-06-25,Glenn,021,27897,2450,2441,565,3006,20
2021-06-25,Humboldt,023,135768,4517,4503,43,4546,49
2021-06-25,Imperial,025,180216,28783,28968,2692,31660,740
2021-06-25,Inyo,027,18085,1412,1406,12,1418,35
2021-06-25,Kern,029,883053,97927,97182,11054,108236,1347
2021-06-25,Kings,031,150075,23261,23118,1093,24211,246
2021-06-25,Lake,033,64148,3607,3571,13,3584,56
2021-06-25,Lassen,035,31185,5281,5259,115,5374,20
2021-06-25,Los Angeles,037,10098052,1213515,1206909,40781,1247690,24483
2021-06-25,Madera,039,155013,16803,16670,936,17606,240
2021-06-25,Marin,041,260295,14215,14179,260,14439,232
2021-06-25,Mariposa,043,17540,441,440,11,451,5
2021-06-25,Mendocino,045,87422,4183,4089,83,4172,49
2021-06-25,Merced,047,269075,31228,31256,1042,32298,467
2021-06-25,Modoc,049,8938,414,411,146,557,3
2021-06-25,Mono,051,14174,1267,1279,18,1297,3
2021-06-25,Monterey,053,433212,43319,43184,1836,45020,462
2021-06-25,Napa,055,140530,10009,10037,36,10073,81
2021-06-25,Nevada,057,99092,4972,4932,193,5125,72
2021-06-25,Orange,059,3164182,256807,255574,11418,266992,5119
2021-06-25,Placer,061,380077,23871,23672,1540,25212,299
2021-06-25,Plumas,063,18699,722,702,11,713,4
2021-06-25,Riverside,065,2383286,295663,291663,13988,305651,4490
2021-06-25,Sacramento,067,1510023,108396,108034,1821,109855,1673
2021-06-25,San Benito,069,59416,6092,6098,113,6211,63
2021-06-25,San Bernardino,071,2135413,294713,293941,8992,302933,4911
2021-06-25,San Diego,073,3302833,283183,282157,15371,297528,3779
2021-06-25,San Francisco,075,870044,37151,37338,1289,38627,559
2021-06-25,San Joaquin,077,732212,74112,73860,3581,77441,1410
2021-06-25,San Luis Obispo,079,281455,21547,21325,748,22073,256
2021-06-25,San Mateo,081,765935,42733,42849,483,43332,537
2021-06-25,Santa Barbara,083,443738,34627,34518,1121,35639,454
2021-06-25,Santa Clara,085,1922200,119493,120272,764,121036,2103
2021-06-25,Santa Cruz,087,273765,16342,16230,799,17029,208
2021-06-25,Shasta,089,179085,12599,12633,1633,14266,202
2021-06-25,Sierra,091,2930,63,58,12,70,0
2021-06-25,Siskiyou,093,43540,1966,1894,362,2256,29
2021-06-25,Solano,095,438530,33474,33449,568,34017,267
2021-06-25,Sonoma,097,501317,30991,31043,360,31403,314
2021-06-25,Stanislaus,099,539301,57134,56973,5955,62928,1018
2021-06-25,Sutter,101,95872,9621,9664,87,9751,114
2021-06-25,Tehama,103,63373,5152,5119,582,5701,63
2021-06-25,Trinity,105,12862,494,338,95,433,3
2021-06-25,Tulare,107,460477,50456,49731,9007,58738,850
2021-06-25,Tuolumne,109,53932,4084,4121,44,4165,64
2021-06-25,Ventura,111,848112,81802,81342,2998,84340,1032
2021-06-25,Yolo,113,214977,14179,14172,265,14437,213
2021-06-25,Yuba,115,75493,6207,6195,129,6324,51
2021-06-24,Alameda,001,1643700,89379,89358,1941,91299,1268
2021-06-24,Alpine,002,1148,88,89,0,89,0
2021-06-24,Amador,005,37829,3752,3745,32,3777,46
2021-06-24,Butte,007,227075,12766,12673,1881,14554,198
2021-06-24,Calaveras,009,45235,2196,2202,13,2215,55
2021-06-24,Colusa,011,21464,1966,1972,319,2291,15
2021-06-24,Contra Costa,013,1133247,71010,70590,1304,71894,813
2021-06-24,Del Norte,015,27424,1463,1421,13,1434,8
2021-06-24,El Dorado,017,186661,10478,10402,774,11176,115
2021-06-24,Fresno,019,978130,103386,103061,8663,111724,1727
2021-06-24,Glenn,021,27897,2449,2439,565,3004,20
2021-06-24,Humboldt,023,135768,4512,4493,43,4536,49
2021-06-24,Imperial,025,180216,28780,28981,2692,31673,740
2021-06-24,Inyo,027,18085,1411,1406,12,1418,35
2021-06-24,Kern,029,883053,97908,97129,11041,108170,1346
2021-06-24,Kings,031,150075,23257,23114,1092,24206,246
2021-06-24,Lake,033,64148,3601,3571,13,3584,56
2021-06-24,Lassen,035,31185,5280,5258,115,5373,20
2021-06-24,Los Angeles,037,10098052,1213190,1206590,40758,1247348,24480
2021-06-24,Madera,039,155013,16792,16662,935,17597,240
2021-06-24,Marin,041,260295,14211,14180,260,14440,232
2021-06-24,Mariposa,043,17540,441,440,11,451,5
2021-06-24,Mendocino,045,87422,4175,4085,83,4168,49
2021-06-24,Merced,047,269075,31218,31248,1041,32289,466
2021-06-24,Modoc,049,8938,414,411,146,557,3
2021-06-24,Mono,051,14174,1267,1276,18,1294,3
2021-06-24,Monterey,053,433212,43312,43180,1836,45016,451
2021-06-24,Napa,055,140530,10007,10036,36,10072,80
2021-06-24,Nevada,057,99092,4970,4927,193,5120,72
2021-06-24,Orange,059,3164182,256743,255520,11410,266930,5117
2021-06-24,Placer,061,380077,23846,23659,1538,25197,299
2021-06-24,Plumas,063,18699,721,702,11,713,4
2021-06-24,Riverside,065,2383286,295582,291067,13977,305044,4473
2021-06-24,Sacramento,067,1510023,108308,107965,1819,109784,1672
2021-06-24,San Benito,069,59416,6089,6098,113,6211,63
2021-06-24,San Bernardino,071,2135413,294642,293895,8986,302881,4898
2021-06-24,San Diego,073,3302833,283079,282053,15358,297411,3778
2021-06-24,San Francisco,075,870044,37129,37320,1287,38607,559
2021-06-24,San Joaquin,077,732212,74064,73814,3581,77395,1408
2021-06-24,San Luis Obispo,079,281455,21541,21326,748,22074,256
2021-06-24,San Mateo,081,765935,42707,42814,482,43296,542
2021-06-24,Santa Barbara,083,443738,34621,34512,1120,35632,454
2021-06-24,Santa Clara,085,1922200,119462,120274,763,121037,2103
2021-06-24,Santa Cruz,087,273765,16341,16227,799,17026,208
2021-06-24,Shasta,089,179085,12594,12629,1629,14258,202
2021-06-24,Sierra,091,2930,63,58,12,70,0
2021-06-24,Siskiyou,093,43540,1966,1892,362,2254,28
2021-06-24,Solano,095,438530,33451,33432,566,33998,267
2021-06-24,Sonoma,097,501317,30962,31020,360,31380,314
2021-06-24,Stanislaus,099,539301,57108,56946,5955,62901,1018
2021-06-24,Sutter,101,95872,9614,9660,87,9747,113
2021-06-24,Tehama,103,63373,5149,5115,582,5697,63
2021-06-24,Trinity,105,12862,493,338,95,433,3
2021-06-24,Tulare,107,460477,50445,49730,9005,58735,850
2021-06-24,Tuolumne,109,53932,4082,4120,44,4164,64
2021-06-24,Ventura,111,848112,81774,81332,2997,84329,1032
2021-06-24,Yolo,113,214977,14170,14169,262,14431,213
2021-06-24,Yuba,115,75493,6202,6195,129,6324,51
2021-06-23,Alameda,001,1643700,89307,89338,1940,91278,1266
2021-06-23,Alpine,002,1148,88,88,0,88,0
2021-06-23,Amador,005,37829,3750,3743,32,3775,46
2021-06-23,Butte,007,227075,12759,12666,1881,14547,198
2021-06-23,Calaveras,009,45235,2195,2199,13,2212,55
2021-06-23,Colusa,011,21464,1965,1972,319,2291,15
2021-06-23,Contra Costa,013,1133247,70945,70526,1303,71829,813
2021-06-23,Del Norte,015,27424,1459,1418,13,1431,8
2021-06-23,El Dorado,017,186661,10468,10395,771,11166,115
2021-06-23,Fresno,019,978130,103357,103020,8661,111681,1724
2021-06-23,Glenn,021,27897,2449,2437,564,3001,20
2021-06-23,Humboldt,023,135768,4503,4490,43,4533,48
2021-06-23,Imperial,025,180216,28773,28908,2692,31600,740
2021-06-23,Inyo,027,18085,1411,1406,12,1418,35
2021-06-23,Kern,029,883053,97880,97078,11028,108106,1345
2021-06-23,Kings,031,150075,23250,23105,1090,24195,245
2021-06-23,Lake,033,64148,3592,3566,13,3579,53
2021-06-23,Lassen,035,31185,5277,5257,115,5372,20
2021-06-23,Los Angeles,037,10098052,1212853,1206358,40748,1247106,24472
2021-06-23,Madera,039,155013,16785,16660,935,17595,240
2021-06-23,Marin,041,260295,14205,14177,260,14437,230
2021-06-23,Mariposa,043,17540,441,439,11,450,5
2021-06-23,Mendocino,045,87422,4171,4078,83,4161,49
2021-06-23,Merced,047,269075,31209,31260,1041,32301,465
2021-06-23,Modoc,049,8938,412,407,146,553,3
2021-06-23,Mono,051,14174,1267,1279,18,1297,3
2021-06-23,Monterey,053,433212,43303,43166,1836,45002,439
2021-06-23,Napa,055,140530,9998,10032,36,10068,80
2021-06-23,Nevada,057,99092,4967,4924,193,5117,72
2021-06-23,Orange,059,3164182,256677,255479,11402,266881,5116
2021-06-23,Placer,061,380077,23817,23630,1533,25163,299
2021-06-23,Plumas,063,18699,720,701,11,712,4
2021-06-23,Riverside,065,2383286,295499,290343,13975,304318,4462
2021-06-23,Sacramento,067,1510023,108215,107868,1814,109682,1671
2021-06-23,San Benito,069,59416,6085,6097,113,6210,63
2021-06-23,San Bernardino,071,2135413,294563,293816,8981,302797,4886
2021-06-23,San Diego,073,3302833,282979,281937,15337,297274,3777
2021-06-23,San Francisco,075,870044,37104,37304,1285,38589,559
2021-06-23,San Joaquin,077,732212,74025,73764,3579,77343,1405
2021-06-23,San Luis Obispo,079,281455,21537,21323,747,22070,257
2021-06-23,San Mateo,081,765935,42691,42756,482,43238,542
2021-06-23,Santa Barbara,083,443738,34611,34505,1120,35625,454
2021-06-23,Santa Clara,085,1922200,119433,120233,763,120996,2098
2021-06-23,Santa Cruz,087,273765,16337,16215,799,17014,209
2021-06-23,Shasta,089,179085,12587,12604,1627,14231,202
2021-06-23,Sierra,091,2930,63,57,12,69,0
2021-06-23,Siskiyou,093,43540,1964,1892,362,2254,28
2021-06-23,Solano,095,438530,33407,33408,566,33974,267
2021-06-23,Sonoma,097,501317,30922,30959,358,31317,314
2021-06-23,Stanislaus,099,539301,57078,56926,5954,62880,1017
2021-06-23,Sutter,101,95872,9608,9653,87,9740,113
2021-06-23,Tehama,103,63373,5149,5119,581,5700,63
2021-06-23,Trinity,105,12862,493,338,95,433,3
2021-06-23,Tulare,107,460477,50438,49711,9002,58713,850
2021-06-23,Tuolumne,109,53932,4079,4120,44,4164,64
2021-06-23,Ventura,111,848112,81751,81312,2994,84306,1032
2021-06-23,Yolo,113,214977,14160,14161,262,14423,212
2021-06-23,Yuba,115,75493,6199,6190,129,6319,51
2021-06-22,Alameda,001,1643700,89240,89308,1940,91248,1263
2021-06-22,Alpine,002,1148,88,88,0,88,0
2021-06-22,Amador,005,37829,3747,3743,32,3775,46
2021-06-22,Butte,007,227075,12755,12662,1878,14540,198
2021-06-22,Calaveras,009,45235,2194,2198,13,2211,55
2021-06-22,Colusa,011,21464,1964,1971,319,2290,15
2021-06-22,Contra Costa,013,1133247,70889,70480,1302,71782,813
2021-06-22,Del Norte,015,27424,1456,1417,13,1430,8
2021-06-22,El Dorado,017,186661,10463,10380,770,11150,113
2021-06-22,Fresno,019,978130,103337,102996,8657,111653,1724
2021-06-22,Glenn,021,27897,2448,2435,562,2997,19
2021-06-22,Humboldt,023,135768,4493,4483,43,4526,42
2021-06-22,Imperial,025,180216,28768,28880,2692,31572,740
2021-06-22,Inyo,027,18085,1411,1405,12,1417,35
2021-06-22,Kern,029,883053,97867,97013,11024,108037,1342
2021-06-22,Kings,031,150075,23242,23098,1089,24187,245
2021-06-22,Lake,033,64148,3590,3564,13,3577,45
2021-06-22,Lassen,035,31185,5272,5254,115,5369,20
2021-06-22,Los Angeles,037,10098052,1212537,1206146,40736,1246882,24461
2021-06-22,Madera,039,155013,16780,16652,935,17587,240
2021-06-22,Marin,041,260295,14203,14174,260,14434,230
2021-06-22,Mariposa,043,17540,441,439,11,450,5
2021-06-22,Mendocino,045,87422,4165,4072,83,4155,49
2021-06-22,Merced,047,269075,31198,31267,1041,32308,464
2021-06-22,Modoc,049,8938,410,405,145,550,3
2021-06-22,Mono,051,14174,1267,1277,18,1295,3
2021-06-22,Monterey,053,433212,43300,43162,1835,44997,427
2021-06-22,Napa,055,140530,9994,10029,36,10065,80
2021-06-22,Nevada,057,99092,4961,4923,193,5116,72
2021-06-22,Orange,059,3164182,256608,255452,11391,266843,5114
2021-06-22,Placer,061,380077,23795,23603,1533,25136,299
2021-06-22,Plumas,063,18699,720,697,11,708,4
2021-06-22,Riverside,065,2383286,295438,289839,13971,303810,4456
2021-06-22,Sacramento,067,1510023,108114,107801,1809,109610,1670
2021-06-22,San Benito,069,59416,6084,6098,113,6211,63
2021-06-22,San Bernardino,071,2135413,294487,293770,8975,302745,4873
2021-06-22,San Diego,073,3302833,282875,281867,15314,297181,3771
2021-06-22,San Francisco,075,870044,37090,37287,1285,38572,556
2021-06-22,San Joaquin,077,732212,73995,73723,3577,77300,1405
2021-06-22,San Luis Obispo,079,281455,21534,21321,746,22067,257
2021-06-22,San Mateo,081,765935,42677,42725,477,43202,542
2021-06-22,Santa Barbara,083,443738,34600,34500,1119,35619,454
2021-06-22,Santa Clara,085,1922200,119401,120194,763,120957,2095
2021-06-22,Santa Cruz,087,273765,16332,16218,799,17017,209
2021-06-22,Shasta,089,179085,12576,12616,1624,14240,202
2021-06-22,Sierra,091,2930,62,57,12,69,0
2021-06-22,Siskiyou,093,43540,1964,1892,362,2254,28
2021-06-22,Solano,095,438530,33389,33397,565,33962,267
2021-06-22,Sonoma,097,501317,30882,30933,358,31291,314
2021-06-22,Stanislaus,099,539301,57062,56915,5952,62867,1017
2021-06-22,Sutter,101,95872,9601,9649,87,9736,113
2021-06-22,Tehama,103,63373,5147,5118,580,5698,63
2021-06-22,Trinity,105,12862,491,337,95,432,3
2021-06-22,Tulare,107,460477,50430,49706,8997,58703,850
2021-06-22,Tuolumne,109,53932,4077,4119,44,4163,64
2021-06-22,Ventura,111,848112,81737,81300,2993,84293,1032
2021-06-22,Yolo,113,214977,14155,14157,260,14417,212
2021-06-22,Yuba,115,75493,6195,6181,129,6310,51
2021-06-21,Alameda,001,1643700,89184,89281,1939,91220,1262
2021-06-21,Alpine,002,1148,88,88,0,88,0
2021-06-21,Amador,005,37829,3741,3742,32,3774,46
2021-06-21,Butte,007,227075,12749,12668,1876,14544,195
2021-06-21,Calaveras,009,45235,2192,2194,13,2207,55
2021-06-21,Colusa,011,21464,1963,1970,318,2288,15
2021-06-21,Contra Costa,013,1133247,70819,70439,1301,71740,813
2021-06-21,Del Norte,015,27424,1452,1416,13,1429,8
2021-06-21,El Dorado,017,186661,10457,10375,769,11144,113
2021-06-21,Fresno,019,978130,103317,102971,8654,111625,1724
2021-06-21,Glenn,021,27897,2447,2433,562,2995,19
2021-06-21,Humboldt,023,135768,4484,4478,42,4520,42
2021-06-21,Imperial,025,180216,28764,28855,2692,31547,740
2021-06-21,Inyo,027,18085,1410,1405,12,1417,35
2021-06-21,Kern,029,883053,97838,96995,11016,108011,1342
2021-06-21,Kings,031,150075,23235,23091,1086,24177,245
2021-06-21,Lake,033,64148,3584,3563,13,3576,45
2021-06-21,Lassen,035,31185,5270,5233,115,5348,19
2021-06-21,Los Angeles,037,10098052,1212243,1205994,40714,1246708,24459
2021-06-21,Madera,039,155013,16771,16647,935,17582,240
2021-06-21,Marin,041,260295,14199,14173,260,14433,230
2021-06-21,Mariposa,043,17540,441,439,11,450,5
2021-06-21,Mendocino,045,87422,4162,4085,83,4168,49
2021-06-21,Merced,047,269075,31188,31264,1040,32304,465
2021-06-21,Modoc,049,8938,410,405,145,550,3
2021-06-21,Mono,051,14174,1267,1277,18,1295,3
2021-06-21,Monterey,053,433212,43297,43157,1835,44992,427
2021-06-21,Napa,055,140530,9989,10028,36,10064,80
2021-06-21,Nevada,057,99092,4957,4921,193,5114,72
2021-06-21,Orange,059,3164182,256535,255400,11384,266784,5113
2021-06-21,Placer,061,380077,23771,23577,1533,25110,298
2021-06-21,Plumas,063,18699,718,697,11,708,4
2021-06-21,Riverside,065,2383286,295362,289797,13966,303763,4456
2021-06-21,Sacramento,067,1510023,108003,107757,1808,109565,1669
2021-06-21,San Benito,069,59416,6080,6098,113,6211,63
2021-06-21,San Bernardino,071,2135413,294400,293736,8971,302707,4850
2021-06-21,San Diego,073,3302833,282770,281811,15294,297105,3771
2021-06-21,San Francisco,075,870044,37074,37275,1284,38559,556
2021-06-21,San Joaquin,077,732212,73954,73687,3576,77263,1405
2021-06-21,San Luis Obispo,079,281455,21525,21316,746,22062,257
2021-06-21,San Mateo,081,765935,42661,42685,476,43161,542
2021-06-21,Santa Barbara,083,443738,34595,34492,1119,35611,455
2021-06-21,Santa Clara,085,1922200,119368,120192,762,120954,2093
2021-06-21,Santa Cruz,087,273765,16330,16212,799,17011,208
2021-06-21,Shasta,089,179085,12563,12617,1621,14238,201
2021-06-21,Sierra,091,2930,62,57,12,69,0
2021-06-21,Siskiyou,093,43540,1964,1892,362,2254,27
2021-06-21,Solano,095,438530,33366,33383,564,33947,266
2021-06-21,Sonoma,097,501317,30859,30912,358,31270,314
2021-06-21,Stanislaus,099,539301,57032,56891,5947,62838,1017
2021-06-21,Sutter,101,95872,9598,9649,87,9736,113
2021-06-21,Tehama,103,63373,5147,5115,579,5694,63
2021-06-21,Trinity,105,12862,491,337,95,432,3
2021-06-21,Tulare,107,460477,50419,49689,8993,58682,849
2021-06-21,Tuolumne,109,53932,4073,4119,44,4163,63
2021-06-21,Ventura,111,848112,81709,81291,2989,84280,1031
2021-06-21,Yolo,113,214977,14149,14165,260,14425,212
2021-06-21,Yuba,115,75493,6194,6172,129,6301,51
2021-06-20,Alameda,001,1643700,89119,89255,1938,91193,1263
2021-06-20,Alpine,002,1148,88,88,0,88,0
2021-06-20,Amador,005,37829,3738,3740,32,3772,46
2021-06-20,Butte,007,227075,12742,12668,1875,14543,194
2021-06-20,Calaveras,009,45235,2191,2193,13,2206,55
2021-06-20,Colusa,011,21464,1963,1970,318,2288,15
2021-06-20,Contra Costa,013,1133247,70762,70401,1299,71700,813
2021-06-20,Del Norte,015,27424,1448,1416,13,1429,8
2021-06-20,El Dorado,017,186661,10443,10372,766,11138,113
2021-06-20,Fresno,019,978130,103276,102947,8651,111598,1724
2021-06-20,Glenn,021,27897,2447,2434,562,2996,19
2021-06-20,Humboldt,023,135768,4478,4472,42,4514,42
2021-06-20,Imperial,025,180216,28755,28855,2692,31547,740
2021-06-20,Inyo,027,18085,1409,1405,12,1417,35
2021-06-20,Kern,029,883053,97817,96985,11005,107990,1342
2021-06-20,Kings,031,150075,23230,23088,1084,24172,245
2021-06-20,Lake,033,64148,3582,3563,13,3576,45
2021-06-20,Lassen,035,31185,5267,5230,115,5345,19
2021-06-20,Los Angeles,037,10098052,1211938,1205874,40706,1246580,24456
2021-06-20,Madera,039,155013,16763,16638,933,17571,240
2021-06-20,Marin,041,260295,14196,14166,260,14426,230
2021-06-20,Mariposa,043,17540,439,439,11,450,5
2021-06-20,Mendocino,045,87422,4155,4080,83,4163,49
2021-06-20,Merced,047,269075,31176,31265,1040,32305,465
2021-06-20,Modoc,049,8938,410,405,145,550,3
2021-06-20,Mono,051,14174,1267,1275,18,1293,3
2021-06-20,Monterey,053,433212,43288,43156,1834,44990,427
2021-06-20,Napa,055,140530,9982,10026,35,10061,80
2021-06-20,Nevada,057,99092,4950,4919,193,5112,72
2021-06-20,Orange,059,3164182,256471,255377,11373,266750,5113
2021-06-20,Placer,061,380077,23737,23562,1529,25091,298
2021-06-20,Plumas,063,18699,717,697,11,708,4
2021-06-20,Riverside,065,2383286,295283,289770,13955,303725,4456
2021-06-20,Sacramento,067,1510023,107891,107700,1805,109505,1669
2021-06-20,San Benito,069,59416,6080,6098,113,6211,63
2021-06-20,San Bernardino,071,2135413,294299,293713,8967,302680,4845
2021-06-20,San Diego,073,3302833,282664,281750,15272,297022,3771
2021-06-20,San Francisco,075,870044,37051,37269,1284,38553,556
2021-06-20,San Joaquin,077,732212,73909,73676,3567,77243,1405
2021-06-20,San Luis Obispo,079,281455,21523,21313,746,22059,257
2021-06-20,San Mateo,081,765935,42632,42681,476,43157,542
2021-06-20,Santa Barbara,083,443738,34586,34487,1119,35606,455
2021-06-20,Santa Clara,085,1922200,119333,120163,762,120925,2093
2021-06-20,Santa Cruz,087,273765,16325,16210,799,17009,208
2021-06-20,Shasta,089,179085,12558,12617,1619,14236,201
2021-06-20,Sierra,091,2930,62,57,12,69,0
2021-06-20,Siskiyou,093,43540,1963,1891,362,2253,27
2021-06-20,Solano,095,438530,33344,33361,562,33923,266
2021-06-20,Sonoma,097,501317,30812,30884,355,31239,314
2021-06-20,Stanislaus,099,539301,56999,56868,5946,62814,1017
2021-06-20,Sutter,101,95872,9595,9645,87,9732,113
2021-06-20,Tehama,103,63373,5143,5115,579,5694,63
2021-06-20,Trinity,105,12862,491,337,95,432,3
2021-06-20,Tulare,107,460477,50410,49685,8991,58676,849
2021-06-20,Tuolumne,109,53932,4070,4117,44,4161,63
2021-06-20,Ventura,111,848112,81693,81282,2987,84269,1031
2021-06-20,Yolo,113,214977,14142,14160,260,14420,212
2021-06-20,Yuba,115,75493,6187,6167,129,6296,51
2021-06-19,Alameda,001,1643700,89084,89202,1938,91140,1263
2021-06-19,Alpine,002,1148,88,88,0,88,0
2021-06-19,Amador,005,37829,3736,3739,32,3771,46
2021-06-19,Butte,007,227075,12738,12659,1875,14534,194
2021-06-19,Calaveras,009,45235,2191,2192,13,2205,55
2021-06-19,Colusa,011,21464,1963,1969,318,2287,15
2021-06-19,Contra Costa,013,1133247,70731,70334,1298,71632,813
2021-06-19,Del Norte,015,27424,1447,1416,13,1429,8
2021-06-19,El Dorado,017,186661,10442,10363,765,11128,113
2021-06-19,Fresno,019,978130,103263,102922,8650,111572,1724
2021-06-19,Glenn,021,27897,2446,2434,561,2995,19
2021-06-19,Humboldt,023,135768,4467,4463,42,4505,42
2021-06-19,Imperial,025,180216,28754,28813,2692,31505,740
2021-06-19,Inyo,027,18085,1409,1405,12,1417,35
2021-06-19,Kern,029,883053,97801,96966,11001,107967,1342
2021-06-19,Kings,031,150075,23227,23086,1084,24170,245
2021-06-19,Lake,033,64148,3578,3563,13,3576,45
2021-06-19,Lassen,035,31185,5266,5225,115,5340,19
2021-06-19,Los Angeles,037,10098052,1211735,1205602,40690,1246292,24454
2021-06-19,Madera,039,155013,16761,16632,933,17565,240
2021-06-19,Marin,041,260295,14188,14152,260,14412,230
2021-06-19,Mariposa,043,17540,439,439,11,450,5
2021-06-19,Mendocino,045,87422,4150,4077,83,4160,49
2021-06-19,Merced,047,269075,31174,31256,1040,32296,465
2021-06-19,Modoc,049,8938,409,402,145,547,3
2021-06-19,Mono,051,14174,1267,1275,18,1293,3
2021-06-19,Monterey,053,433212,43282,43153,1834,44987,427
2021-06-19,Napa,055,140530,9978,10025,35,10060,80
2021-06-19,Nevada,057,99092,4945,4910,193,5103,72
2021-06-19,Orange,059,3164182,256425,255329,11370,266699,5112
2021-06-19,Placer,061,380077,23721,23537,1526,25063,298
2021-06-19,Plumas,063,18699,716,697,11,708,4
2021-06-19,Riverside,065,2383286,295237,289720,13955,303675,4456
2021-06-19,Sacramento,067,1510023,107844,107631,1802,109433,1669
2021-06-19,San Benito,069,59416,6079,6098,113,6211,63
2021-06-19,San Bernardino,071,2135413,294256,293673,8965,302638,4844
2021-06-19,San Diego,073,3302833,282604,281682,15258,296940,3771
2021-06-19,San Francisco,075,870044,37038,37256,1284,38540,556
2021-06-19,San Joaquin,077,732212,73893,73652,3563,77215,1405
2021-06-19,San Luis Obispo,079,281455,21521,21308,744,22052,257
2021-06-19,San Mateo,081,765935,42614,42646,474,43120,542
2021-06-19,Santa Barbara,083,443738,34584,34472,1119,35591,455
2021-06-19,Santa Clara,085,1922200,119310,120110,761,120871,2093
2021-06-19,Santa Cruz,087,273765,16320,16206,799,17005,208
2021-06-19,Shasta,089,179085,12556,12615,1618,14233,201
2021-06-19,Sierra,091,2930,62,57,12,69,0
2021-06-19,Siskiyou,093,43540,1963,1891,362,2253,27
2021-06-19,Solano,095,438530,33334,33341,561,33902,266
2021-06-19,Sonoma,097,501317,30771,30841,355,31196,314
2021-06-19,Stanislaus,099,539301,56980,56847,5943,62790,1017
2021-06-19,Sutter,101,95872,9592,9645,87,9732,113
2021-06-19,Tehama,103,63373,5142,5115,579,5694,63
2021-06-19,Trinity,105,12862,491,337,95,432,3
2021-06-19,Tulare,107,460477,50403,49681,8986,58667,849
2021-06-19,Tuolumne,109,53932,4070,4117,44,4161,63
2021-06-19,Ventura,111,848112,81680,81270,2986,84256,1031
2021-06-19,Yolo,113,214977,14138,14156,259,14415,212
2021-06-19,Yuba,115,75493,6186,6157,129,6286,51
2021-06-18,Alameda,001,1643700,89047,89123,1938,91061,1263
2021-06-18,Alpine,002,1148,88,88,0,88,0
2021-06-18,Amador,005,37829,3736,3739,32,3771,46
2021-06-18,Butte,007,227075,12735,12653,1872,14525,194
2021-06-18,Calaveras,009,45235,2191,2191,13,2204,55
2021-06-18,Colusa,011,21464,1962,1969,318,2287,15
2021-06-18,Contra Costa,013,1133247,70689,70271,1296,71567,813
2021-06-18,Del Norte,015,27424,1447,1415,13,1428,8
2021-06-18,El Dorado,017,186661,10439,10348,763,11111,113
2021-06-18,Fresno,019,978130,103247,102894,8648,111542,1722
2021-06-18,Glenn,021,27897,2445,2430,561,2991,19
2021-06-18,Humboldt,023,135768,4459,4450,42,4492,42
2021-06-18,Imperial,025,180216,28752,28809,2692,31501,740
2021-06-18,Inyo,027,18085,1409,1405,12,1417,35
2021-06-18,Kern,029,883053,97790,96948,10995,107943,1341
2021-06-18,Kings,031,150075,23222,23082,1084,24166,245
2021-06-18,Lake,033,64148,3574,3563,13,3576,45
2021-06-18,Lassen,035,31185,5265,5224,115,5339,19
2021-06-18,Los Angeles,037,10098052,1211568,1205472,40674,1246146,24451
2021-06-18,Madera,039,155013,16755,16625,933,17558,241
2021-06-18,Marin,041,260295,14185,14147,260,14407,230
2021-06-18,Mariposa,043,17540,439,439,11,450,5
2021-06-18,Mendocino,045,87422,4145,4068,83,4151,49
2021-06-18,Merced,047,269075,31172,31262,1040,32302,464
2021-06-18,Modoc,049,8938,409,402,145,547,3
2021-06-18,Mono,051,14174,1266,1275,17,1292,3
2021-06-18,Monterey,053,433212,43279,43148,1834,44982,427
2021-06-18,Napa,055,140530,9974,10021,35,10056,80
2021-06-18,Nevada,057,99092,4937,4903,193,5096,72
2021-06-18,Orange,059,3164182,256388,255274,11367,266641,5108
2021-06-18,Placer,061,380077,23713,23500,1523,25023,298
2021-06-18,Plumas,063,18699,716,697,11,708,4
2021-06-18,Riverside,065,2383286,295188,289676,13954,303630,4457
2021-06-18,Sacramento,067,1510023,107796,107570,1802,109372,1669
2021-06-18,San Benito,069,59416,6078,6097,113,6210,63
2021-06-18,San Bernardino,071,2135413,294212,293629,8961,302590,4826
2021-06-18,San Diego,073,3302833,282528,281608,15247,296855,3771
2021-06-18,San Francisco,075,870044,37029,37246,1284,38530,556
2021-06-18,San Joaquin,077,732212,73875,73623,3561,77184,1403
2021-06-18,San Luis Obispo,079,281455,21517,21301,742,22043,257
2021-06-18,San Mateo,081,765935,42603,42630,473,43103,542
2021-06-18,Santa Barbara,083,443738,34574,34469,1119,35588,455
2021-06-18,Santa Clara,085,1922200,119289,120081,759,120840,2093
2021-06-18,Santa Cruz,087,273765,16316,16202,799,17001,208
2021-06-18,Shasta,089,179085,12552,12607,1616,14223,201
2021-06-18,Sierra,091,2930,61,57,12,69,0
2021-06-18,Siskiyou,093,43540,1963,1890,362,2252,27
2021-06-18,Solano,095,438530,33320,33323,561,33884,266
2021-06-18,Sonoma,097,501317,30753,30816,354,31170,313
2021-06-18,Stanislaus,099,539301,56965,56803,5941,62744,1012
2021-06-18,Sutter,101,95872,9589,9643,87,9730,113
2021-06-18,Tehama,103,63373,5140,5114,579,5693,63
2021-06-18,Trinity,105,12862,491,337,94,431,3
2021-06-18,Tulare,107,460477,50401,49664,8979,58643,849
2021-06-18,Tuolumne,109,53932,4067,4116,44,4160,63
2021-06-18,Ventura,111,848112,81670,81256,2981,84237,1031
2021-06-18,Yolo,113,214977,14135,14148,257,14405,212
2021-06-18,Yuba,115,75493,6180,6150,129,6279,51
2021-06-17,Alameda,001,1643700,89001,89087,1938,91025,1262
2021-06-17,Alpine,002,1148,88,88,0,88,0
2021-06-17,Amador,005,37829,3734,3731,32,3763,46
2021-06-17,Butte,007,227075,12725,12644,1871,14515,194
2021-06-17,Calaveras,009,45235,2190,2189,13,2202,55
2021-06-17,Colusa,011,21464,1961,1969,318,2287,15
2021-06-17,Contra Costa,013,1133247,70650,70190,1292,71482,810
2021-06-17,Del Norte,015,27424,1445,1413,13,1426,8
2021-06-17,El Dorado,017,186661,10429,10341,763,11104,113
2021-06-17,Fresno,019,978130,103221,102867,8644,111511,1722
2021-06-17,Glenn,021,27897,2445,2430,561,2991,19
2021-06-17,Humboldt,023,135768,4450,4438,42,4480,42
2021-06-17,Imperial,025,180216,28744,28801,2692,31493,741
2021-06-17,Inyo,027,18085,1409,1405,12,1417,35
2021-06-17,Kern,029,883053,97775,96840,10989,107829,1340
2021-06-17,Kings,031,150075,23218,23078,1083,24161,245
2021-06-17,Lake,033,64148,3571,3563,9,3572,45
2021-06-17,Lassen,035,31185,5261,5223,115,5338,19
2021-06-17,Los Angeles,037,10098052,1211353,1205301,40647,1245948,24444
2021-06-17,Madera,039,155013,16750,16618,933,17551,241
2021-06-17,Marin,041,260295,14185,14141,260,14401,229
2021-06-17,Mariposa,043,17540,439,439,11,450,5
2021-06-17,Mendocino,045,87422,4138,4054,83,4137,49
2021-06-17,Merced,047,269075,31167,31262,1040,32302,464
2021-06-17,Modoc,049,8938,408,401,145,546,3
2021-06-17,Mono,051,14174,1265,1275,17,1292,3
2021-06-17,Monterey,053,433212,43271,43140,1834,44974,416
2021-06-17,Napa,055,140530,9974,10014,35,10049,80
2021-06-17,Nevada,057,99092,4933,4898,193,5091,72
2021-06-17,Orange,059,3164182,256343,255240,11357,266597,5109
2021-06-17,Placer,061,380077,23697,23461,1521,24982,298
2021-06-17,Plumas,063,18699,715,697,11,708,4
2021-06-17,Riverside,065,2383286,295133,289627,13952,303579,4458
2021-06-17,Sacramento,067,1510023,107732,107492,1800,109292,1666
2021-06-17,San Benito,069,59416,6078,6097,113,6210,63
2021-06-17,San Bernardino,071,2135413,294171,293560,8961,302521,4811
2021-06-17,San Diego,073,3302833,282452,281531,15233,296764,3771
2021-06-17,San Francisco,075,870044,37017,37243,1283,38526,556
2021-06-17,San Joaquin,077,732212,73852,73560,3556,77116,1403
2021-06-17,San Luis Obispo,079,281455,21515,21297,742,22039,257
2021-06-17,San Mateo,081,765935,42597,42615,473,43088,542
2021-06-17,Santa Barbara,083,443738,34568,34466,1119,35585,453
2021-06-17,Santa Clara,085,1922200,119264,120032,758,120790,2093
2021-06-17,Santa Cruz,087,273765,16312,16197,799,16996,208
2021-06-17,Shasta,089,179085,12544,12597,1616,14213,201
2021-06-17,Sierra,091,2930,61,56,12,68,0
2021-06-17,Siskiyou,093,43540,1962,1889,362,2251,27
2021-06-17,Solano,095,438530,33299,33296,560,33856,266
2021-06-17,Sonoma,097,501317,30723,30793,354,31147,323
2021-06-17,Stanislaus,099,539301,56934,56752,5936,62688,1012
2021-06-17,Sutter,101,95872,9586,9629,87,9716,113
2021-06-17,Tehama,103,63373,5139,5112,577,5689,63
2021-06-17,Trinity,105,12862,490,337,94,431,3
2021-06-17,Tulare,107,460477,50396,49649,8971,58620,849
2021-06-17,Tuolumne,109,53932,4066,4116,44,4160,63
2021-06-17,Ventura,111,848112,81661,81248,2978,84226,1030
2021-06-17,Yolo,113,214977,14127,14141,257,14398,212
2021-06-17,Yuba,115,75493,6171,6140,129,6269,51
2021-06-16,Alameda,001,1643700,88952,89045,1937,90982,1265
2021-06-16,Alpine,002,1148,88,88,0,88,0
2021-06-16,Amador,005,37829,3733,3730,32,3762,46
2021-06-16,Butte,007,227075,12723,12635,1869,14504,194
2021-06-16,Calaveras,009,45235,2188,2188,13,2201,55
2021-06-16,Colusa,011,21464,1961,1967,318,2285,15
2021-06-16,Contra Costa,013,1133247,70598,70136,1291,71427,810
2021-06-16,Del Norte,015,27424,1442,1413,13,1426,8
2021-06-16,El Dorado,017,186661,10423,10334,762,11096,113
2021-06-16,Fresno,019,978130,103190,102842,8640,111482,1722
2021-06-16,Glenn,021,27897,2445,2430,561,2991,19
2021-06-16,Humboldt,023,135768,4441,4427,41,4468,42
2021-06-16,Imperial,025,180216,28741,28796,2692,31488,741
2021-06-16,Inyo,027,18085,1408,1405,12,1417,35
2021-06-16,Kern,029,883053,97753,96789,10982,107771,1339
2021-06-16,Kings,031,150075,23217,23072,1082,24154,245
2021-06-16,Lake,033,64148,3571,3562,9,3571,45
2021-06-16,Lassen,035,31185,5258,5216,115,5331,19
2021-06-16,Los Angeles,037,10098052,1211129,1205102,40637,1245739,24439
2021-06-16,Madera,039,155013,16746,16603,933,17536,240
2021-06-16,Marin,041,260295,14183,14137,260,14397,229
2021-06-16,Mariposa,043,17540,439,437,11,448,5
2021-06-16,Mendocino,045,87422,4130,4041,83,4124,49
2021-06-16,Merced,047,269075,31159,31250,1040,32290,463
2021-06-16,Modoc,049,8938,407,383,144,527,3
2021-06-16,Mono,051,14174,1265,1275,17,1292,3
2021-06-16,Monterey,053,433212,43268,43122,1834,44956,416
2021-06-16,Napa,055,140530,9970,10011,35,10046,80
2021-06-16,Nevada,057,99092,4928,4894,193,5087,72
2021-06-16,Orange,059,3164182,256289,255188,11349,266537,5109
2021-06-16,Placer,061,380077,23687,23425,1517,24942,298
2021-06-16,Plumas,063,18699,715,697,11,708,4
2021-06-16,Riverside,065,2383286,295072,289539,13950,303489,4457
2021-06-16,Sacramento,067,1510023,107662,107422,1796,109218,1665
2021-06-16,San Benito,069,59416,6078,6090,113,6203,63
2021-06-16,San Bernardino,071,2135413,294122,293499,8959,302458,4797
2021-06-16,San Diego,073,3302833,282373,281423,15220,296643,3770
2021-06-16,San Francisco,075,870044,37004,37222,1281,38503,555
2021-06-16,San Joaquin,077,732212,73814,73530,3552,77082,1399
2021-06-16,San Luis Obispo,079,281455,21510,21294,742,22036,257
2021-06-16,San Mateo,081,765935,42581,42601,473,43074,542
2021-06-16,Santa Barbara,083,443738,34562,34459,1119,35578,460
2021-06-16,Santa Clara,085,1922200,119232,119982,758,120740,2087
2021-06-16,Santa Cruz,087,273765,16309,16187,799,16986,208
2021-06-16,Shasta,089,179085,12539,12592,1615,14207,200
2021-06-16,Sierra,091,2930,61,56,12,68,0
2021-06-16,Siskiyou,093,43540,1961,1886,362,2248,26
2021-06-16,Solano,095,438530,33271,33276,560,33836,266
2021-06-16,Sonoma,097,501317,30687,30741,354,31095,323
2021-06-16,Stanislaus,099,539301,56903,56738,5934,62672,984
2021-06-16,Sutter,101,95872,9582,9620,87,9707,113
2021-06-16,Tehama,103,63373,5137,5106,577,5683,63
2021-06-16,Trinity,105,12862,489,332,94,426,3
2021-06-16,Tulare,107,460477,50391,49578,8967,58545,849
2021-06-16,Tuolumne,109,53932,4066,4110,44,4154,63
2021-06-16,Ventura,111,848112,81647,81229,2976,84205,1029
2021-06-16,Yolo,113,214977,14118,14135,256,14391,212
2021-06-16,Yuba,115,75493,6161,6134,129,6263,51
2021-06-15,Alameda,001,1643700,88911,89008,1937,90945,1262
2021-06-15,Alpine,002,1148,88,88,0,88,0
2021-06-15,Amador,005,37829,3730,3723,32,3755,46
2021-06-15,Butte,007,227075,12715,12620,1868,14488,194
2021-06-15,Calaveras,009,45235,2187,2188,13,2201,55
2021-06-15,Colusa,011,21464,1961,1967,316,2283,15
2021-06-15,Contra Costa,013,1133247,70536,70101,1291,71392,810
2021-06-15,Del Norte,015,27424,1441,1411,13,1424,8
2021-06-15,El Dorado,017,186661,10414,10330,762,11092,113
2021-06-15,Fresno,019,978130,103158,102828,8639,111467,1722
2021-06-15,Glenn,021,27897,2444,2426,561,2987,19
2021-06-15,Humboldt,023,135768,4432,4414,40,4454,42
2021-06-15,Imperial,025,180216,28735,28789,2692,31481,741
2021-06-15,Inyo,027,18085,1408,1405,12,1417,35
2021-06-15,Kern,029,883053,97725,96782,10974,107756,1338
2021-06-15,Kings,031,150075,23211,23070,1080,24150,245
2021-06-15,Lake,033,64148,3570,3559,9,3568,45
2021-06-15,Lassen,035,31185,5257,5211,115,5326,19
2021-06-15,Los Angeles,037,10098052,1210904,1204926,40629,1245555,24435
2021-06-15,Madera,039,155013,16739,16600,932,17532,240
2021-06-15,Marin,041,260295,14175,14135,260,14395,229
2021-06-15,Mariposa,043,17540,439,437,11,448,5
2021-06-15,Mendocino,045,87422,4123,4034,83,4117,49
2021-06-15,Merced,047,269075,31153,31244,1040,32284,461
2021-06-15,Modoc,049,8938,406,383,144,527,3
2021-06-15,Mono,051,14174,1265,1275,17,1292,3
2021-06-15,Monterey,053,433212,43262,43118,1834,44952,416
2021-06-15,Napa,055,140530,9968,10010,35,10045,80
2021-06-15,Nevada,057,99092,4925,4888,193,5081,72
2021-06-15,Orange,059,3164182,256248,255127,11340,266467,5105
2021-06-15,Placer,061,380077,23665,23396,1516,24912,298
2021-06-15,Plumas,063,18699,714,697,11,708,4
2021-06-15,Riverside,065,2383286,295012,289508,13946,303454,4455
2021-06-15,Sacramento,067,1510023,107587,107370,1790,109160,1662
2021-06-15,San Benito,069,59416,6077,6089,113,6202,63
2021-06-15,San Bernardino,071,2135413,294072,293463,8953,302416,4790
2021-06-15,San Diego,073,3302833,282289,281375,15205,296580,3770
2021-06-15,San Francisco,075,870044,36995,37210,1280,38490,555
2021-06-15,San Joaquin,077,732212,73774,73494,3547,77041,1399
2021-06-15,San Luis Obispo,079,281455,21505,21293,741,22034,257
2021-06-15,San Mateo,081,765935,42568,42593,473,43066,543
2021-06-15,Santa Barbara,083,443738,34557,34451,1119,35570,460
2021-06-15,Santa Clara,085,1922200,119194,119963,758,120721,2086
2021-06-15,Santa Cruz,087,273765,16303,16180,798,16978,208
2021-06-15,Shasta,089,179085,12533,12583,1615,14198,201
2021-06-15,Sierra,091,2930,60,55,12,67,0
2021-06-15,Siskiyou,093,43540,1960,1887,362,2249,26
2021-06-15,Solano,095,438530,33252,33264,560,33824,266
2021-06-15,Sonoma,097,501317,30648,30707,353,31060,323
2021-06-15,Stanislaus,099,539301,56875,56724,5931,62655,979
2021-06-15,Sutter,101,95872,9573,9616,87,9703,113
2021-06-15,Tehama,103,63373,5135,5102,577,5679,63
2021-06-15,Trinity,105,12862,488,332,93,425,3
2021-06-15,Tulare,107,460477,50385,49561,8964,58525,848
2021-06-15,Tuolumne,109,53932,4066,4111,44,4155,63
2021-06-15,Ventura,111,848112,81636,81215,2973,84188,1029
2021-06-15,Yolo,113,214977,14114,14127,254,14381,212
2021-06-15,Yuba,115,75493,6150,6130,129,6259,51
2021-06-14,Alameda,001,1643700,88863,88966,1937,90903,1264
2021-06-14,Alpine,002,1148,88,88,0,88,0
2021-06-14,Amador,005,37829,3729,3722,32,3754,46
2021-06-14,Butte,007,227075,12704,12613,1864,14477,194
2021-06-14,Calaveras,009,45235,2186,2190,13,2203,55
2021-06-14,Colusa,011,21464,1960,1966,316,2282,15
2021-06-14,Contra Costa,013,1133247,70483,70069,1289,71358,810
2021-06-14,Del Norte,015,27424,1441,1411,13,1424,8
2021-06-14,El Dorado,017,186661,10405,10327,760,11087,113
2021-06-14,Fresno,019,978130,103136,102812,8637,111449,1719
2021-06-14,Glenn,021,27897,2444,2426,561,2987,19
2021-06-14,Humboldt,023,135768,4424,4407,39,4446,42
2021-06-14,Imperial,025,180216,28723,28836,2692,31528,741
2021-06-14,Inyo,027,18085,1407,1405,12,1417,35
2021-06-14,Kern,029,883053,97705,96760,10964,107724,1337
2021-06-14,Kings,031,150075,23208,23071,1079,24150,245
2021-06-14,Lake,033,64148,3569,3557,9,3566,45
2021-06-14,Lassen,035,31185,5254,5209,114,5323,19
2021-06-14,Los Angeles,037,10098052,1210662,1204748,40619,1245367,24434
2021-06-14,Madera,039,155013,16733,16597,931,17528,240
2021-06-14,Marin,041,260295,14173,14133,260,14393,229
2021-06-14,Mariposa,043,17540,438,437,11,448,5
2021-06-14,Mendocino,045,87422,4117,4028,83,4111,49
2021-06-14,Merced,047,269075,31144,31241,1039,32280,461
2021-06-14,Modoc,049,8938,397,382,142,524,3
2021-06-14,Mono,051,14174,1265,1275,17,1292,3
2021-06-14,Monterey,053,433212,43259,43110,1834,44944,415
2021-06-14,Napa,055,140530,9964,10000,35,10035,80
2021-06-14,Nevada,057,99092,4918,4885,193,5078,72
2021-06-14,Orange,059,3164182,256210,255069,11336,266405,5103
2021-06-14,Placer,061,380077,23640,23379,1515,24894,298
2021-06-14,Plumas,063,18699,714,696,11,707,4
2021-06-14,Riverside,065,2383286,294958,289476,13946,303422,4453
2021-06-14,Sacramento,067,1510023,107532,107334,1784,109118,1661
2021-06-14,San Benito,069,59416,6077,6087,113,6200,63
2021-06-14,San Bernardino,071,2135413,294016,293446,8949,302395,4790
2021-06-14,San Diego,073,3302833,282183,281314,15185,296499,3770
2021-06-14,San Francisco,075,870044,36981,37206,1280,38486,555
2021-06-14,San Joaquin,077,732212,73745,73453,3547,77000,1398
2021-06-14,San Luis Obispo,079,281455,21503,21302,741,22043,256
2021-06-14,San Mateo,081,765935,42555,42619,472,43091,543
2021-06-14,Santa Barbara,083,443738,34554,34449,1119,35568,460
2021-06-14,Santa Clara,085,1922200,119163,119957,757,120714,2085
2021-06-14,Santa Cruz,087,273765,16300,16175,798,16973,208
2021-06-14,Shasta,089,179085,12522,12561,1612,14173,201
2021-06-14,Sierra,091,2930,59,55,12,67,0
2021-06-14,Siskiyou,093,43540,1960,1886,362,2248,26
2021-06-14,Solano,095,438530,33235,33243,559,33802,266
2021-06-14,Sonoma,097,501317,30616,30679,352,31031,323
2021-06-14,Stanislaus,099,539301,56838,56689,5928,62617,975
2021-06-14,Sutter,101,95872,9570,9607,87,9694,112
2021-06-14,Tehama,103,63373,5133,5102,577,5679,63
2021-06-14,Trinity,105,12862,488,332,93,425,3
2021-06-14,Tulare,107,460477,50380,49538,8961,58499,848
2021-06-14,Tuolumne,109,53932,4063,4108,44,4152,63
2021-06-14,Ventura,111,848112,81626,81209,2973,84182,1028
2021-06-14,Yolo,113,214977,14106,14123,254,14377,212
2021-06-14,Yuba,115,75493,6143,6127,129,6256,50
2021-06-13,Alameda,001,1643700,88805,88947,1936,90883,1264
2021-06-13,Alpine,002,1148,87,88,0,88,0
2021-06-13,Amador,005,37829,3725,3721,32,3753,46
2021-06-13,Butte,007,227075,12693,12586,1861,14447,194
2021-06-13,Calaveras,009,45235,2186,2189,13,2202,55
2021-06-13,Colusa,011,21464,1960,1965,315,2280,15
2021-06-13,Contra Costa,013,1133247,70430,70040,1287,71327,810
2021-06-13,Del Norte,015,27424,1439,1412,13,1425,8
2021-06-13,El Dorado,017,186661,10396,10324,760,11084,113
2021-06-13,Fresno,019,978130,103106,102795,8632,111427,1719
2021-06-13,Glenn,021,27897,2443,2425,559,2984,19
2021-06-13,Humboldt,023,135768,4411,4401,39,4440,42
2021-06-13,Imperial,025,180216,28714,28800,2692,31492,741
2021-06-13,Inyo,027,18085,1407,1405,12,1417,35
2021-06-13,Kern,029,883053,97681,96743,10952,107695,1337
2021-06-13,Kings,031,150075,23203,23069,1078,24147,245
2021-06-13,Lake,033,64148,3569,3556,9,3565,45
2021-06-13,Lassen,035,31185,5249,5209,114,5323,19
2021-06-13,Los Angeles,037,10098052,1210394,1204614,40608,1245222,24433
2021-06-13,Madera,039,155013,16719,16590,931,17521,240
2021-06-13,Marin,041,260295,14167,14126,260,14386,229
2021-06-13,Mariposa,043,17540,438,434,11,445,5
2021-06-13,Mendocino,045,87422,4110,4026,83,4109,49
2021-06-13,Merced,047,269075,31138,31240,1038,32278,461
2021-06-13,Modoc,049,8938,395,382,140,522,3
2021-06-13,Mono,051,14174,1265,1275,17,1292,3
2021-06-13,Monterey,053,433212,43251,43108,1834,44942,415
2021-06-13,Napa,055,140530,9958,9995,35,10030,80
2021-06-13,Nevada,057,99092,4913,4883,193,5076,72
2021-06-13,Orange,059,3164182,256155,255043,11333,266376,5103
2021-06-13,Placer,061,380077,23614,23365,1513,24878,295
2021-06-13,Plumas,063,18699,713,696,11,707,4
2021-06-13,Riverside,065,2383286,294891,289447,13943,303390,4453
2021-06-13,Sacramento,067,1510023,107456,107289,1781,109070,1658
2021-06-13,San Benito,069,59416,6077,6086,113,6199,63
2021-06-13,San Bernardino,071,2135413,293964,293416,8944,302360,4788
2021-06-13,San Diego,073,3302833,282104,281268,15169,296437,3770
2021-06-13,San Francisco,075,870044,36969,37197,1280,38477,555
2021-06-13,San Joaquin,077,732212,73710,73438,3545,76983,1398
2021-06-13,San Luis Obispo,079,281455,21497,21298,740,22038,256
2021-06-13,San Mateo,081,765935,42542,42611,472,43083,542
2021-06-13,Santa Barbara,083,443738,34543,34449,1118,35567,460
2021-06-13,Santa Clara,085,1922200,119139,119946,757,120703,2085
2021-06-13,Santa Cruz,087,273765,16293,16172,798,16970,208
2021-06-13,Shasta,089,179085,12513,12560,1611,14171,201
2021-06-13,Sierra,091,2930,59,55,12,67,0
2021-06-13,Siskiyou,093,43540,1959,1885,362,2247,26
2021-06-13,Solano,095,438530,33214,33234,559,33793,266
2021-06-13,Sonoma,097,501317,30581,30663,350,31013,323
2021-06-13,Stanislaus,099,539301,56812,56671,5925,62596,975
2021-06-13,Sutter,101,95872,9563,9603,87,9690,112
2021-06-13,Tehama,103,63373,5131,5100,577,5677,63
2021-06-13,Trinity,105,12862,487,332,93,425,3
2021-06-13,Tulare,107,460477,50371,49537,8956,58493,848
2021-06-13,Tuolumne,109,53932,4061,4107,43,4150,63
2021-06-13,Ventura,111,848112,81612,81201,2973,84174,1028
2021-06-13,Yolo,113,214977,14097,14120,252,14372,212
2021-06-13,Yuba,115,75493,6136,6125,129,6254,50
2021-06-12,Alameda,001,1643700,88778,88901,1936,90837,1271
2021-06-12,Alpine,002,1148,87,88,0,88,0
2021-06-12,Amador,005,37829,3724,3721,32,3753,46
2021-06-12,Butte,007,227075,12689,12576,1860,14436,194
2021-06-12,Calaveras,009,45235,2186,2189,13,2202,55
2021-06-12,Colusa,011,21464,1960,1965,315,2280,15
2021-06-12,Contra Costa,013,1133247,70399,69989,1285,71274,810
2021-06-12,Del Norte,015,27424,1439,1412,13,1425,8
2021-06-12,El Dorado,017,186661,10391,10320,759,11079,113
2021-06-12,Fresno,019,978130,103096,102783,8631,111414,1720
2021-06-12,Glenn,021,27897,2441,2425,559,2984,19
2021-06-12,Humboldt,023,135768,4403,4396,39,4435,42
2021-06-12,Imperial,025,180216,28711,28799,2692,31491,741
2021-06-12,Inyo,027,18085,1407,1405,12,1417,35
2021-06-12,Kern,029,883053,97666,96731,10948,107679,1337
2021-06-12,Kings,031,150075,23201,23067,1078,24145,245
2021-06-12,Lake,033,64148,3568,3552,9,3561,45
2021-06-12,Lassen,035,31185,5249,5208,114,5322,19
2021-06-12,Los Angeles,037,10098052,1210257,1204439,40602,1245041,24434
2021-06-12,Madera,039,155013,16715,16586,931,17517,240
2021-06-12,Marin,041,260295,14164,14121,260,14381,229
2021-06-12,Mariposa,043,17540,438,434,11,445,5
2021-06-12,Mendocino,045,87422,4107,4024,83,4107,49
2021-06-12,Merced,047,269075,31135,31236,1038,32274,461
2021-06-12,Modoc,049,8938,394,382,140,522,3
2021-06-12,Mono,051,14174,1265,1275,17,1292,3
2021-06-12,Monterey,053,433212,43246,43103,1834,44937,415
2021-06-12,Napa,055,140530,9954,9986,35,10021,80
2021-06-12,Nevada,057,99092,4907,4878,193,5071,72
2021-06-12,Orange,059,3164182,256123,255004,11331,266335,5103
2021-06-12,Placer,061,380077,23595,23345,1513,24858,295
2021-06-12,Plumas,063,18699,713,696,11,707,4
2021-06-12,Riverside,065,2383286,294849,289413,13940,303353,4453
2021-06-12,Sacramento,067,1510023,107397,107199,1778,108977,1658
2021-06-12,San Benito,069,59416,6075,6083,113,6196,63
2021-06-12,San Bernardino,071,2135413,293929,293375,8942,302317,4788
2021-06-12,San Diego,073,3302833,282047,281203,15160,296363,3770
2021-06-12,San Francisco,075,870044,36959,37189,1280,38469,555
2021-06-12,San Joaquin,077,732212,73691,73413,3544,76957,1398
2021-06-12,San Luis Obispo,079,281455,21494,21293,740,22033,256
2021-06-12,San Mateo,081,765935,42536,42604,472,43076,542
2021-06-12,Santa Barbara,083,443738,34538,34450,1118,35568,460
2021-06-12,Santa Clara,085,1922200,119099,119894,757,120651,2085
2021-06-12,Santa Cruz,087,273765,16285,16170,798,16968,208
2021-06-12,Shasta,089,179085,12510,12556,1610,14166,201
2021-06-12,Sierra,091,2930,59,55,12,67,0
2021-06-12,Siskiyou,093,43540,1958,1884,362,2246,25
2021-06-12,Solano,095,438530,33205,33219,559,33778,266
2021-06-12,Sonoma,097,501317,30552,30647,350,30997,323
2021-06-12,Stanislaus,099,539301,56795,56649,5924,62573,974
2021-06-12,Sutter,101,95872,9559,9603,87,9690,112
2021-06-12,Tehama,103,63373,5131,5099,576,5675,63
2021-06-12,Trinity,105,12862,487,332,93,425,3
2021-06-12,Tulare,107,460477,50366,49533,8949,58482,848
2021-06-12,Tuolumne,109,53932,4060,4105,43,4148,63
2021-06-12,Ventura,111,848112,81600,81197,2973,84170,1028
2021-06-12,Yolo,113,214977,14094,14118,251,14369,212
2021-06-12,Yuba,115,75493,6131,6120,129,6249,50
2021-06-11,Alameda,001,1643700,88750,88844,1936,90780,1278
2021-06-11,Alpine,002,1148,87,88,0,88,0
2021-06-11,Amador,005,37829,3723,3710,32,3742,46
2021-06-11,Butte,007,227075,12685,12576,1858,14434,194
2021-06-11,Calaveras,009,45235,2186,2188,13,2201,55
2021-06-11,Colusa,011,21464,1959,1964,315,2279,15
2021-06-11,Contra Costa,013,1133247,70366,69940,1283,71223,808
2021-06-11,Del Norte,015,27424,1439,1409,13,1422,8
2021-06-11,El Dorado,017,186661,10388,10316,759,11075,113
2021-06-11,Fresno,019,978130,103077,102770,8630,111400,1720
2021-06-11,Glenn,021,27897,2441,2425,559,2984,19
2021-06-11,Humboldt,023,135768,4399,4389,39,4428,42
2021-06-11,Imperial,025,180216,28706,28793,2692,31485,741
2021-06-11,Inyo,027,18085,1407,1405,12,1417,35
2021-06-11,Kern,029,883053,97654,96718,10945,107663,1340
2021-06-11,Kings,031,150075,23197,23069,1077,24146,245
2021-06-11,Lake,033,64148,3567,3550,9,3559,45
2021-06-11,Lassen,035,31185,5248,5204,114,5318,18
2021-06-11,Los Angeles,037,10098052,1210107,1204259,40587,1244846,24434
2021-06-11,Madera,039,155013,16712,16582,931,17513,240
2021-06-11,Marin,041,260295,14161,14116,260,14376,229
2021-06-11,Mariposa,043,17540,438,434,11,445,5
2021-06-11,Mendocino,045,87422,4104,4022,83,4105,49
2021-06-11,Merced,047,269075,31130,31231,1038,32269,461
2021-06-11,Modoc,049,8938,394,382,139,521,3
2021-06-11,Mono,051,14174,1265,1274,17,1291,3
2021-06-11,Monterey,053,433212,43242,43097,1834,44931,415
2021-06-11,Napa,055,140530,9951,9977,35,10012,80
2021-06-11,Nevada,057,99092,4905,4873,193,5066,72
2021-06-11,Orange,059,3164182,256089,254975,11328,266303,5101
2021-06-11,Placer,061,380077,23590,23330,1513,24843,294
2021-06-11,Plumas,063,18699,713,696,11,707,4
2021-06-11,Riverside,065,2383286,294811,289376,13935,303311,4451
2021-06-11,Sacramento,067,1510023,107338,107119,1777,108896,1659
2021-06-11,San Benito,069,59416,6074,6082,113,6195,63
2021-06-11,San Bernardino,071,2135413,293893,293335,8938,302273,4788
2021-06-11,San Diego,073,3302833,282007,281144,15153,296297,3768
2021-06-11,San Francisco,075,870044,36954,37177,1280,38457,555
2021-06-11,San Joaquin,077,732212,73674,73347,3541,76888,1397
2021-06-11,San Luis Obispo,079,281455,21493,21288,740,22028,256
2021-06-11,San Mateo,081,765935,42522,42585,472,43057,542
2021-06-11,Santa Barbara,083,443738,34535,34438,1118,35556,460
2021-06-11,Santa Clara,085,1922200,119079,119860,757,120617,2083
2021-06-11,Santa Cruz,087,273765,16277,16164,798,16962,208
2021-06-11,Shasta,089,179085,12502,12550,1608,14158,201
2021-06-11,Sierra,091,2930,59,55,12,67,0
2021-06-11,Siskiyou,093,43540,1957,1882,362,2244,25
2021-06-11,Solano,095,438530,33185,33179,558,33737,266
2021-06-11,Sonoma,097,501317,30534,30624,350,30974,323
2021-06-11,Stanislaus,099,539301,56769,56617,5920,62537,974
2021-06-11,Sutter,101,95872,9556,9600,86,9686,112
2021-06-11,Tehama,103,63373,5130,5099,576,5675,63
2021-06-11,Trinity,105,12862,487,331,93,424,3
2021-06-11,Tulare,107,460477,50360,49516,8948,58464,848
2021-06-11,Tuolumne,109,53932,4057,4104,43,4147,63
2021-06-11,Ventura,111,848112,81590,81189,2973,84162,1026
2021-06-11,Yolo,113,214977,14087,14111,247,14358,212
2021-06-11,Yuba,115,75493,6127,6113,129,6242,50
2021-06-10,Alameda,001,1643700,88706,88806,1935,90741,1275
2021-06-10,Alpine,002,1148,87,88,0,88,0
2021-06-10,Amador,005,37829,3719,3709,32,3741,46
2021-06-10,Butte,007,227075,12668,12565,1858,14423,194
2021-06-10,Calaveras,009,45235,2185,2188,13,2201,55
2021-06-10,Colusa,011,21464,1957,1964,315,2279,15
2021-06-10,Contra Costa,013,1133247,70312,69876,1283,71159,807
2021-06-10,Del Norte,015,27424,1439,1405,13,1418,8
2021-06-10,El Dorado,017,186661,10381,10314,755,11069,113
2021-06-10,Fresno,019,978130,103051,102724,8629,111353,1717
2021-06-10,Glenn,021,27897,2441,2425,559,2984,19
2021-06-10,Humboldt,023,135768,4391,4384,39,4423,42
2021-06-10,Imperial,025,180216,28700,28779,2692,31471,739
2021-06-10,Inyo,027,18085,1407,1405,12,1417,35
2021-06-10,Kern,029,883053,97640,96706,10940,107646,1336
2021-06-10,Kings,031,150075,23196,23067,1077,24144,245
2021-06-10,Lake,033,64148,3562,3550,9,3559,45
2021-06-10,Lassen,035,31185,5246,5201,114,5315,18
2021-06-10,Los Angeles,037,10098052,1209941,1204110,40572,1244682,24440
2021-06-10,Madera,039,155013,16705,16581,930,17511,240
2021-06-10,Marin,041,260295,14158,14118,260,14378,229
2021-06-10,Mariposa,043,17540,436,434,11,445,5
2021-06-10,Mendocino,045,87422,4099,4016,83,4099,48
2021-06-10,Merced,047,269075,31122,31231,1035,32266,461
2021-06-10,Modoc,049,8938,393,381,139,520,3
2021-06-10,Mono,051,14174,1264,1274,17,1291,3
2021-06-10,Monterey,053,433212,43236,43090,1834,44924,415
2021-06-10,Napa,055,140530,9950,9974,35,10009,80
2021-06-10,Nevada,057,99092,4900,4866,193,5059,72
2021-06-10,Orange,059,3164182,256060,254950,11321,266271,5097
2021-06-10,Placer,061,380077,23577,23296,1513,24809,293
2021-06-10,Plumas,063,18699,713,696,11,707,4
2021-06-10,Riverside,065,2383286,294769,289335,13930,303265,4450
2021-06-10,Sacramento,067,1510023,107276,107049,1777,108826,1658
2021-06-10,San Benito,069,59416,6074,6079,113,6192,63
2021-06-10,San Bernardino,071,2135413,293852,293281,8935,302216,4782
2021-06-10,San Diego,073,3302833,281949,281052,15136,296188,3766
2021-06-10,San Francisco,075,870044,36944,37159,1278,38437,552
2021-06-10,San Joaquin,077,732212,73640,73276,3540,76816,1393
2021-06-10,San Luis Obispo,079,281455,21490,21280,740,22020,256
2021-06-10,San Mateo,081,765935,42515,42562,472,43034,666
2021-06-10,Santa Barbara,083,443738,34531,34434,1118,35552,460
2021-06-10,Santa Clara,085,1922200,119044,119832,756,120588,2075
2021-06-10,Santa Cruz,087,273765,16276,16159,798,16957,208
2021-06-10,Shasta,089,179085,12492,12536,1608,14144,201
2021-06-10,Sierra,091,2930,58,55,12,67,0
2021-06-10,Siskiyou,093,43540,1957,1881,362,2243,25
2021-06-10,Solano,095,438530,33168,33150,557,33707,265
2021-06-10,Sonoma,097,501317,30498,30571,348,30919,323
2021-06-10,Stanislaus,099,539301,56748,56588,5916,62504,974
2021-06-10,Sutter,101,95872,9549,9594,86,9680,112
2021-06-10,Tehama,103,63373,5130,5096,576,5672,63
2021-06-10,Trinity,105,12862,487,331,93,424,3
2021-06-10,Tulare,107,460477,50352,49503,8948,58451,848
2021-06-10,Tuolumne,109,53932,4057,4100,43,4143,63
2021-06-10,Ventura,111,848112,81579,81172,2972,84144,1026
2021-06-10,Yolo,113,214977,14084,14107,247,14354,212
2021-06-10,Yuba,115,75493,6123,6112,129,6241,50
2021-06-09,Alameda,001,1643700,88662,88762,1934,90696,1271
2021-06-09,Alpine,002,1148,87,88,0,88,0
2021-06-09,Amador,005,37829,3715,3706,32,3738,46
2021-06-09,Butte,007,227075,12662,12555,1856,14411,194
2021-06-09,Calaveras,009,45235,2183,2184,13,2197,55
2021-06-09,Colusa,011,21464,1957,1962,314,2276,15
2021-06-09,Contra Costa,013,1133247,70275,69829,1282,71111,803
2021-06-09,Del Norte,015,27424,1435,1403,13,1416,8
2021-06-09,El Dorado,017,186661,10378,10312,754,11066,113
2021-06-09,Fresno,019,978130,103031,102690,8625,111315,1717
2021-06-09,Glenn,021,27897,2440,2424,559,2983,19
2021-06-09,Humboldt,023,135768,4386,4379,38,4417,42
2021-06-09,Imperial,025,180216,28697,28754,2692,31446,739
2021-06-09,Inyo,027,18085,1407,1405,12,1417,35
2021-06-09,Kern,029,883053,97626,96697,10931,107628,1328
2021-06-09,Kings,031,150075,23194,23061,1077,24138,245
2021-06-09,Lake,033,64148,3559,3541,9,3550,45
2021-06-09,Lassen,035,31185,5245,5200,114,5314,18
2021-06-09,Los Angeles,037,10098052,1209753,1203955,40559,1244514,24432
2021-06-09,Madera,039,155013,16700,16580,930,17510,240
2021-06-09,Marin,041,260295,14153,14114,260,14374,229
2021-06-09,Mariposa,043,17540,436,434,11,445,5
2021-06-09,Mendocino,045,87422,4093,4008,83,4091,47
2021-06-09,Merced,047,269075,31118,31225,1035,32260,461
2021-06-09,Modoc,049,8938,391,377,138,515,3
2021-06-09,Mono,051,14174,1264,1274,17,1291,3
2021-06-09,Monterey,053,433212,43229,43082,1834,44916,415
2021-06-09,Napa,055,140530,9944,9971,35,10006,80
2021-06-09,Nevada,057,99092,4890,4863,192,5055,72
2021-06-09,Orange,059,3164182,256016,254893,11316,266209,5080
2021-06-09,Placer,061,380077,23558,23237,1513,24750,293
2021-06-09,Plumas,063,18699,712,697,11,708,4
2021-06-09,Riverside,065,2383286,294723,289299,13928,303227,4450
2021-06-09,Sacramento,067,1510023,107213,106971,1774,108745,1657
2021-06-09,San Benito,069,59416,6071,6078,113,6191,63
2021-06-09,San Bernardino,071,2135413,293810,293222,8935,302157,4782
2021-06-09,San Diego,073,3302833,281885,280941,15124,296065,3765
2021-06-09,San Francisco,075,870044,36930,37143,1277,38420,552
2021-06-09,San Joaquin,077,732212,73614,73232,3540,76772,1392
2021-06-09,San Luis Obispo,079,281455,21489,21259,740,21999,256
2021-06-09,San Mateo,081,765935,42499,42502,471,42973,666
2021-06-09,Santa Barbara,083,443738,34520,34422,1118,35540,460
2021-06-09,Santa Clara,085,1922200,119007,119793,755,120548,2068
2021-06-09,Santa Cruz,087,273765,16273,16155,798,16953,208
2021-06-09,Shasta,089,179085,12482,12521,1606,14127,201
2021-06-09,Sierra,091,2930,57,55,12,67,0
2021-06-09,Siskiyou,093,43540,1956,1871,362,2233,25
2021-06-09,Solano,095,438530,33152,33137,556,33693,264
2021-06-09,Sonoma,097,501317,30476,30540,348,30888,323
2021-06-09,Stanislaus,099,539301,56728,56560,5913,62473,974
2021-06-09,Sutter,101,95872,9540,9586,85,9671,111
2021-06-09,Tehama,103,63373,5129,5093,576,5669,63
2021-06-09,Trinity,105,12862,486,331,93,424,3
2021-06-09,Tulare,107,460477,50348,49496,8946,58442,847
2021-06-09,Tuolumne,109,53932,4054,4100,43,4143,63
2021-06-09,Ventura,111,848112,81569,81154,2971,84125,1026
2021-06-09,Yolo,113,214977,14082,14102,246,14348,212
2021-06-09,Yuba,115,75493,6119,6109,129,6238,50
2021-06-08,Alameda,001,1643700,88614,88731,1934,90665,1267
2021-06-08,Alpine,002,1148,87,88,0,88,0
2021-06-08,Amador,005,37829,3714,3704,32,3736,46
2021-06-08,Butte,007,227075,12656,12540,1854,14394,194
2021-06-08,Calaveras,009,45235,2182,2181,13,2194,55
2021-06-08,Colusa,011,21464,1957,1961,314,2275,15
2021-06-08,Contra Costa,013,1133247,70227,69762,1281,71043,803
2021-06-08,Del Norte,015,27424,1433,1402,13,1415,8
2021-06-08,El Dorado,017,186661,10373,10306,752,11058,113
2021-06-08,Fresno,019,978130,103006,102680,8623,111303,1717
2021-06-08,Glenn,021,27897,2439,2423,559,2982,19
2021-06-08,Humboldt,023,135768,4381,4363,38,4401,42
2021-06-08,Imperial,025,180216,28688,28752,2692,31444,738
2021-06-08,Inyo,027,18085,1407,1405,12,1417,35
2021-06-08,Kern,029,883053,97607,96671,10924,107595,1325
2021-06-08,Kings,031,150075,23193,23036,1077,24113,245
2021-06-08,Lake,033,64148,3558,3540,9,3549,45
2021-06-08,Lassen,035,31185,5245,5200,114,5314,18
2021-06-08,Los Angeles,037,10098052,1209555,1203794,40547,1244341,24426
2021-06-08,Madera,039,155013,16694,16579,929,17508,240
2021-06-08,Marin,041,260295,14151,14111,259,14370,229
2021-06-08,Mariposa,043,17540,436,434,11,445,5
2021-06-08,Mendocino,045,87422,4086,4002,83,4085,47
2021-06-08,Merced,047,269075,31110,31225,1035,32260,461
2021-06-08,Modoc,049,8938,385,377,137,514,3
2021-06-08,Mono,051,14174,1264,1274,17,1291,3
2021-06-08,Monterey,053,433212,43223,43078,1833,44911,415
2021-06-08,Napa,055,140530,9940,9962,35,9997,80
2021-06-08,Nevada,057,99092,4885,4861,192,5053,72
2021-06-08,Orange,059,3164182,255974,254852,11309,266161,5078
2021-06-08,Placer,061,380077,23540,23209,1509,24718,293
2021-06-08,Plumas,063,18699,712,692,11,703,4
2021-06-08,Riverside,065,2383286,294687,289268,13920,303188,4452
2021-06-08,Sacramento,067,1510023,107151,106901,1771,108672,1654
2021-06-08,San Benito,069,59416,6069,6076,113,6189,63
2021-06-08,San Bernardino,071,2135413,293761,293186,8931,302117,4778
2021-06-08,San Diego,073,3302833,281822,280879,15115,295994,3764
2021-06-08,San Francisco,075,870044,36915,37134,1276,38410,552
2021-06-08,San Joaquin,077,732212,73570,73186,3535,76721,1390
2021-06-08,San Luis Obispo,079,281455,21483,21251,739,21990,255
2021-06-08,San Mateo,081,765935,42486,42488,471,42959,663
2021-06-08,Santa Barbara,083,443738,34516,34418,1118,35536,459
2021-06-08,Santa Clara,085,1922200,118986,119770,754,120524,2068
2021-06-08,Santa Cruz,087,273765,16270,16160,798,16958,208
2021-06-08,Shasta,089,179085,12467,12498,1606,14104,201
2021-06-08,Sierra,091,2930,57,55,12,67,0
2021-06-08,Siskiyou,093,43540,1954,1870,360,2230,21
2021-06-08,Solano,095,438530,33131,33130,556,33686,259
2021-06-08,Sonoma,097,501317,30450,30523,346,30869,323
2021-06-08,Stanislaus,099,539301,56701,56548,5911,62459,973
2021-06-08,Sutter,101,95872,9537,9581,85,9666,111
2021-06-08,Tehama,103,63373,5126,5093,576,5669,63
2021-06-08,Trinity,105,12862,486,330,92,422,3
2021-06-08,Tulare,107,460477,50337,49485,8942,58427,847
2021-06-08,Tuolumne,109,53932,4050,4099,43,4142,63
2021-06-08,Ventura,111,848112,81553,81142,2970,84112,1026
2021-06-08,Yolo,113,214977,14077,14099,245,14344,212
2021-06-08,Yuba,115,75493,6117,6103,129,6232,50
2021-06-07,Alameda,001,1643700,88557,88688,1934,90622,1267
2021-06-07,Alpine,002,1148,87,88,0,88,0
2021-06-07,Amador,005,37829,3704,3697,32,3729,46
2021-06-07,Butte,007,227075,12649,12533,1853,14386,194
2021-06-07,Calaveras,009,45235,2181,2181,13,2194,55
2021-06-07,Colusa,011,21464,1956,1960,314,2274,15
2021-06-07,Contra Costa,013,1133247,70170,69718,1280,70998,817
2021-06-07,Del Norte,015,27424,1433,1401,13,1414,8
2021-06-07,El Dorado,017,186661,10368,10305,752,11057,113
2021-06-07,Fresno,019,978130,102975,102659,8615,111274,1717
2021-06-07,Glenn,021,27897,2439,2423,559,2982,19
2021-06-07,Humboldt,023,135768,4373,4354,38,4392,42
2021-06-07,Imperial,025,180216,28686,28754,2692,31446,738
2021-06-07,Inyo,027,18085,1407,1404,12,1416,35
2021-06-07,Kern,029,883053,97591,96645,10917,107562,1324
2021-06-07,Kings,031,150075,23189,23023,1077,24100,244
2021-06-07,Lake,033,64148,3556,3540,9,3549,45
2021-06-07,Lassen,035,31185,5240,5198,114,5312,18
2021-06-07,Los Angeles,037,10098052,1209331,1203664,40533,1244197,24413
2021-06-07,Madera,039,155013,16687,16572,929,17501,240
2021-06-07,Marin,041,260295,14147,14108,258,14366,229
2021-06-07,Mariposa,043,17540,436,434,11,445,5
2021-06-07,Mendocino,045,87422,4080,3998,83,4081,47
2021-06-07,Merced,047,269075,31098,31212,1034,32246,459
2021-06-07,Modoc,049,8938,384,375,134,509,3
2021-06-07,Mono,051,14174,1264,1275,17,1292,3
2021-06-07,Monterey,053,433212,43216,43077,1833,44910,415
2021-06-07,Napa,055,140530,9932,9962,35,9997,80
2021-06-07,Nevada,057,99092,4883,4860,192,5052,72
2021-06-07,Orange,059,3164182,255934,254808,11301,266109,5073
2021-06-07,Placer,061,380077,23521,23176,1507,24683,293
2021-06-07,Plumas,063,18699,712,692,11,703,4
2021-06-07,Riverside,065,2383286,294644,289232,13916,303148,4451
2021-06-07,Sacramento,067,1510023,107075,106841,1768,108609,1655
2021-06-07,San Benito,069,59416,6068,6074,113,6187,63
2021-06-07,San Bernardino,071,2135413,293723,293129,8930,302059,4775
2021-06-07,San Diego,073,3302833,281740,280808,15102,295910,3764
2021-06-07,San Francisco,075,870044,36897,37122,1276,38398,552
2021-06-07,San Joaquin,077,732212,73525,73130,3528,76658,1388
2021-06-07,San Luis Obispo,079,281455,21470,21252,739,21991,255
2021-06-07,San Mateo,081,765935,42470,42479,471,42950,664
2021-06-07,Santa Barbara,083,443738,34510,34407,1118,35525,459
2021-06-07,Santa Clara,085,1922200,118954,119743,754,120497,2066
2021-06-07,Santa Cruz,087,273765,16269,16159,798,16957,208
2021-06-07,Shasta,089,179085,12453,12483,1601,14084,200
2021-06-07,Sierra,091,2930,57,55,12,67,0
2021-06-07,Siskiyou,093,43540,1954,1869,360,2229,21
2021-06-07,Solano,095,438530,33109,33124,555,33679,258
2021-06-07,Sonoma,097,501317,30414,30504,345,30849,323
2021-06-07,Stanislaus,099,539301,56668,56521,5909,62430,972
2021-06-07,Sutter,101,95872,9533,9571,85,9656,111
2021-06-07,Tehama,103,63373,5122,5092,574,5666,63
2021-06-07,Trinity,105,12862,486,329,92,421,3
2021-06-07,Tulare,107,460477,50331,49471,8942,58413,847
2021-06-07,Tuolumne,109,53932,4049,4098,43,4141,63
2021-06-07,Ventura,111,848112,81536,81137,2968,84105,1025
2021-06-07,Yolo,113,214977,14072,14097,244,14341,211
2021-06-07,Yuba,115,75493,6115,6099,126,6225,49
2021-06-06,Alameda,001,1643700,88519,88636,1933,90569,1267
2021-06-06,Alpine,002,1148,87,88,0,88,0
2021-06-06,Amador,005,37829,3701,3696,32,3728,46
2021-06-06,Butte,007,227075,12638,12527,1852,14379,194
2021-06-06,Calaveras,009,45235,2180,2181,13,2194,55
2021-06-06,Colusa,011,21464,1954,1959,314,2273,15
2021-06-06,Contra Costa,013,1133247,70105,69659,1278,70937,817
2021-06-06,Del Norte,015,27424,1428,1401,13,1414,8
2021-06-06,El Dorado,017,186661,10361,10294,752,11046,113
2021-06-06,Fresno,019,978130,102942,102642,8612,111254,1717
2021-06-06,Glenn,021,27897,2438,2423,559,2982,19
2021-06-06,Humboldt,023,135768,4362,4353,38,4391,42
2021-06-06,Imperial,025,180216,28680,28762,2692,31454,738
2021-06-06,Inyo,027,18085,1406,1404,12,1416,35
2021-06-06,Kern,029,883053,97573,96623,10910,107533,1324
2021-06-06,Kings,031,150075,23183,23021,1077,24098,244
2021-06-06,Lake,033,64148,3556,3535,9,3544,45
2021-06-06,Lassen,035,31185,5238,5191,114,5305,18
2021-06-06,Los Angeles,037,10098052,1209132,1203539,40519,1244058,24410
2021-06-06,Madera,039,155013,16680,16567,929,17496,240
2021-06-06,Marin,041,260295,14141,14106,257,14363,229
2021-06-06,Mariposa,043,17540,435,435,11,446,5
2021-06-06,Mendocino,045,87422,4076,3993,83,4076,47
2021-06-06,Merced,047,269075,31092,31215,1033,32248,459
2021-06-06,Modoc,049,8938,384,375,133,508,3
2021-06-06,Mono,051,14174,1264,1275,17,1292,3
2021-06-06,Monterey,053,433212,43211,43078,1833,44911,415
2021-06-06,Napa,055,140530,9926,9963,35,9998,80
2021-06-06,Nevada,057,99092,4876,4854,191,5045,72
2021-06-06,Orange,059,3164182,255898,254782,11296,266078,5073
2021-06-06,Placer,061,380077,23496,23156,1504,24660,293
2021-06-06,Plumas,063,18699,712,692,11,703,4
2021-06-06,Riverside,065,2383286,294605,289201,13910,303111,4451
2021-06-06,Sacramento,067,1510023,106989,106749,1767,108516,1655
2021-06-06,San Benito,069,59416,6062,6074,113,6187,63
2021-06-06,San Bernardino,071,2135413,293666,293117,8921,302038,4773
2021-06-06,San Diego,073,3302833,281660,280743,15085,295828,3764
2021-06-06,San Francisco,075,870044,36882,37118,1274,38392,552
2021-06-06,San Joaquin,077,732212,73493,73105,3524,76629,1388
2021-06-06,San Luis Obispo,079,281455,21467,21246,739,21985,255
2021-06-06,San Mateo,081,765935,42453,42457,471,42928,664
2021-06-06,Santa Barbara,083,443738,34506,34403,1117,35520,459
2021-06-06,Santa Clara,085,1922200,118932,119711,754,120465,2066
2021-06-06,Santa Cruz,087,273765,16268,16158,798,16956,208
2021-06-06,Shasta,089,179085,12438,12478,1598,14076,200
2021-06-06,Sierra,091,2930,57,55,12,67,0
2021-06-06,Siskiyou,093,43540,1951,1869,360,2229,21
2021-06-06,Solano,095,438530,33082,33093,555,33648,258
2021-06-06,Sonoma,097,501317,30382,30478,344,30822,323
2021-06-06,Stanislaus,099,539301,56632,56486,5906,62392,972
2021-06-06,Sutter,101,95872,9526,9567,85,9652,111
2021-06-06,Tehama,103,63373,5112,5092,572,5664,63
2021-06-06,Trinity,105,12862,486,328,92,420,3
2021-06-06,Tulare,107,460477,50322,49466,8937,58403,847
2021-06-06,Tuolumne,109,53932,4046,4097,43,4140,63
2021-06-06,Ventura,111,848112,81525,81130,2965,84095,1025
2021-06-06,Yolo,113,214977,14064,14089,243,14332,210
2021-06-06,Yuba,115,75493,6107,6096,126,6222,49
2021-06-05,Alameda,001,1643700,88486,88612,1933,90545,1268
2021-06-05,Alpine,002,1148,87,88,0,88,0
2021-06-05,Amador,005,37829,3701,3694,32,3726,46
2021-06-05,Butte,007,227075,12632,12514,1851,14365,194
2021-06-05,Calaveras,009,45235,2180,2181,13,2194,55
2021-06-05,Colusa,011,21464,1954,1959,314,2273,15
2021-06-05,Contra Costa,013,1133247,70076,69601,1278,70879,817
2021-06-05,Del Norte,015,27424,1428,1400,13,1413,8
2021-06-05,El Dorado,017,186661,10359,10288,751,11039,113
2021-06-05,Fresno,019,978130,102933,102626,8612,111238,1717
2021-06-05,Glenn,021,27897,2437,2423,559,2982,19
2021-06-05,Humboldt,023,135768,4357,4346,38,4384,42
2021-06-05,Imperial,025,180216,28677,28764,2692,31456,738
2021-06-05,Inyo,027,18085,1406,1405,12,1417,35
2021-06-05,Kern,029,883053,97560,96597,10906,107503,1324
2021-06-05,Kings,031,150075,23180,23017,1077,24094,244
2021-06-05,Lake,033,64148,3553,3534,9,3543,45
2021-06-05,Lassen,035,31185,5237,5191,114,5305,18
2021-06-05,Los Angeles,037,10098052,1209003,1203338,40508,1243846,24411
2021-06-05,Madera,039,155013,16676,16563,929,17492,240
2021-06-05,Marin,041,260295,14139,14101,257,14358,229
2021-06-05,Mariposa,043,17540,435,435,11,446,5
2021-06-05,Mendocino,045,87422,4073,3989,83,4072,47
2021-06-05,Merced,047,269075,31090,31212,1032,32244,459
2021-06-05,Modoc,049,8938,384,375,132,507,3
2021-06-05,Mono,051,14174,1264,1274,17,1291,3
2021-06-05,Monterey,053,433212,43207,43071,1832,44903,415
2021-06-05,Napa,055,140530,9921,9960,35,9995,80
2021-06-05,Nevada,057,99092,4874,4849,191,5040,72
2021-06-05,Orange,059,3164182,255874,254752,11293,266045,5069
2021-06-05,Placer,061,380077,23480,23133,1504,24637,293
2021-06-05,Plumas,063,18699,712,692,11,703,4
2021-06-05,Riverside,065,2383286,294570,289157,13906,303063,4451
2021-06-05,Sacramento,067,1510023,106937,106688,1765,108453,1655
2021-06-05,San Benito,069,59416,6060,6074,113,6187,63
2021-06-05,San Bernardino,071,2135413,293633,293081,8920,302001,4772
2021-06-05,San Diego,073,3302833,281619,280676,15072,295748,3764
2021-06-05,San Francisco,075,870044,36873,37111,1274,38385,552
2021-06-05,San Joaquin,077,732212,73477,73078,3518,76596,1388
2021-06-05,San Luis Obispo,079,281455,21464,21236,739,21975,255
2021-06-05,San Mateo,081,765935,42443,42433,471,42904,664
2021-06-05,Santa Barbara,083,443738,34503,34399,1116,35515,459
2021-06-05,Santa Clara,085,1922200,118910,119676,752,120428,2066
2021-06-05,Santa Cruz,087,273765,16268,16154,798,16952,208
2021-06-05,Shasta,089,179085,12428,12472,1597,14069,200
2021-06-05,Sierra,091,2930,57,55,12,67,0
2021-06-05,Siskiyou,093,43540,1951,1867,360,2227,21
2021-06-05,Solano,095,438530,33067,33074,555,33629,257
2021-06-05,Sonoma,097,501317,30355,30450,342,30792,323
2021-06-05,Stanislaus,099,539301,56623,56463,5904,62367,973
2021-06-05,Sutter,101,95872,9523,9559,85,9644,111
2021-06-05,Tehama,103,63373,5111,5092,571,5663,63
2021-06-05,Trinity,105,12862,486,328,92,420,3
2021-06-05,Tulare,107,460477,50316,49463,8937,58400,847
2021-06-05,Tuolumne,109,53932,4044,4098,43,4141,63
2021-06-05,Ventura,111,848112,81516,81119,2963,84082,1025
2021-06-05,Yolo,113,214977,14062,14088,243,14331,210
2021-06-05,Yuba,115,75493,6106,6087,126,6213,49
2021-06-04,Alameda,001,1643700,88459,88585,1930,90515,1263
2021-06-04,Alpine,002,1148,87,88,0,88,0
2021-06-04,Amador,005,37829,3701,3690,32,3722,46
2021-06-04,Butte,007,227075,12621,12494,1848,14342,193
2021-06-04,Calaveras,009,45235,2180,2179,13,2192,55
2021-06-04,Colusa,011,21464,1954,1959,314,2273,15
2021-06-04,Contra Costa,013,1133247,70041,69540,1275,70815,816
2021-06-04,Del Norte,015,27424,1428,1398,13,1411,8
2021-06-04,El Dorado,017,186661,10355,10284,749,11033,112
2021-06-04,Fresno,019,978130,102917,102601,8612,111213,1712
2021-06-04,Glenn,021,27897,2437,2423,558,2981,19
2021-06-04,Humboldt,023,135768,4352,4327,38,4365,42
2021-06-04,Imperial,025,180216,28673,28753,2692,31445,738
2021-06-04,Inyo,027,18085,1406,1404,12,1416,35
2021-06-04,Kern,029,883053,97542,96573,10904,107477,1327
2021-06-04,Kings,031,150075,23179,23002,1077,24079,244
2021-06-04,Lake,033,64148,3551,3528,9,3537,45
2021-06-04,Lassen,035,31185,5237,5180,114,5294,18
2021-06-04,Los Angeles,037,10098052,1208882,1203106,40499,1243605,24400
2021-06-04,Madera,039,155013,16674,16557,929,17486,240
2021-06-04,Marin,041,260295,14138,14099,256,14355,229
2021-06-04,Mariposa,043,17540,435,435,11,446,5
2021-06-04,Mendocino,045,87422,4064,3983,83,4066,47
2021-06-04,Merced,047,269075,31085,31204,1031,32235,459
2021-06-04,Modoc,049,8938,382,375,132,507,3
2021-06-04,Mono,051,14174,1264,1275,17,1292,3
2021-06-04,Monterey,053,433212,43203,43068,1832,44900,415
2021-06-04,Napa,055,140530,9917,9958,35,9993,80
2021-06-04,Nevada,057,99092,4870,4844,191,5035,72
2021-06-04,Orange,059,3164182,255837,254730,11289,266019,5059
2021-06-04,Placer,061,380077,23464,23110,1503,24613,293
2021-06-04,Plumas,063,18699,712,691,11,702,4
2021-06-04,Riverside,065,2383286,294544,289098,13902,303000,4452
2021-06-04,Sacramento,067,1510023,106883,106616,1764,108380,1654
2021-06-04,San Benito,069,59416,6058,6073,113,6186,63
2021-06-04,San Bernardino,071,2135413,293609,293056,8918,301974,4768
2021-06-04,San Diego,073,3302833,281576,280556,15065,295621,3763
2021-06-04,San Francisco,075,870044,36866,37079,1273,38352,551
2021-06-04,San Joaquin,077,732212,73458,73039,3516,76555,1388
2021-06-04,San Luis Obispo,079,281455,21461,21234,738,21972,255
2021-06-04,San Mateo,081,765935,42431,42413,471,42884,478
2021-06-04,Santa Barbara,083,443738,34497,34402,1115,35517,459
2021-06-04,Santa Clara,085,1922200,118880,119619,752,120371,2065
2021-06-04,Santa Cruz,087,273765,16265,16150,798,16948,207
2021-06-04,Shasta,089,179085,12422,12458,1592,14050,200
2021-06-04,Sierra,091,2930,57,55,12,67,0
2021-06-04,Siskiyou,093,43540,1950,1865,360,2225,21
2021-06-04,Solano,095,438530,33056,33058,555,33613,256
2021-06-04,Sonoma,097,501317,30334,30411,342,30753,323
2021-06-04,Stanislaus,099,539301,56608,56442,5902,62344,973
2021-06-04,Sutter,101,95872,9518,9554,85,9639,111
2021-06-04,Tehama,103,63373,5106,5090,571,5661,63
2021-06-04,Trinity,105,12862,486,328,92,420,3
2021-06-04,Tulare,107,460477,50307,49452,8935,58387,847
2021-06-04,Tuolumne,109,53932,4043,4095,43,4138,63
2021-06-04,Ventura,111,848112,81509,81104,2961,84065,1023
2021-06-04,Yolo,113,214977,14060,14083,243,14326,210
2021-06-04,Yuba,115,75493,6103,6084,126,6210,49
2021-06-03,Alameda,001,1643700,88421,88555,1927,90482,1257
2021-06-03,Alpine,002,1148,87,88,0,88,0
2021-06-03,Amador,005,37829,3693,3688,32,3720,46
2021-06-03,Butte,007,227075,12617,12478,1847,14325,193
2021-06-03,Calaveras,009,45235,2180,2179,13,2192,55
2021-06-03,Colusa,011,21464,1954,1957,314,2271,15
2021-06-03,Contra Costa,013,1133247,69987,69500,1270,70770,816
2021-06-03,Del Norte,015,27424,1426,1397,13,1410,8
2021-06-03,El Dorado,017,186661,10349,10284,746,11030,112
2021-06-03,Fresno,019,978130,102900,102566,8612,111178,1709
2021-06-03,Glenn,021,27897,2437,2421,558,2979,19
2021-06-03,Humboldt,023,135768,4344,4314,38,4352,42
2021-06-03,Imperial,025,180216,28662,28737,2692,31429,738
2021-06-03,Inyo,027,18085,1406,1404,12,1416,35
2021-06-03,Kern,029,883053,97515,96507,10890,107397,1326
2021-06-03,Kings,031,150075,23175,22982,1077,24059,244
2021-06-03,Lake,033,64148,3549,3526,9,3535,45
2021-06-03,Lassen,035,31185,5228,5177,114,5291,12
2021-06-03,Los Angeles,037,10098052,1208710,1202923,40491,1243414,24386
2021-06-03,Madera,039,155013,16667,16554,929,17483,240
2021-06-03,Marin,041,260295,14133,14095,256,14351,230
2021-06-03,Mariposa,043,17540,435,435,11,446,5
2021-06-03,Mendocino,045,87422,4057,3978,83,4061,47
2021-06-03,Merced,047,269075,31082,31199,1031,32230,459
2021-06-03,Modoc,049,8938,381,376,131,507,3
2021-06-03,Mono,051,14174,1264,1275,17,1292,3
2021-06-03,Monterey,053,433212,43200,43063,1832,44895,415
2021-06-03,Napa,055,140530,9910,9957,35,9992,81
2021-06-03,Nevada,057,99092,4866,4837,191,5028,72
2021-06-03,Orange,059,3164182,255809,254676,11279,265955,5056
2021-06-03,Placer,061,380077,23455,23100,1502,24602,293
2021-06-03,Plumas,063,18699,712,691,11,702,4
2021-06-03,Riverside,065,2383286,294489,289035,13898,302933,4447
2021-06-03,Sacramento,067,1510023,106804,106526,1762,108288,1654
2021-06-03,San Benito,069,59416,6058,6073,113,6186,63
2021-06-03,San Bernardino,071,2135413,293578,293021,8918,301939,4762
2021-06-03,San Diego,073,3302833,281512,280430,15055,295485,3761
2021-06-03,San Francisco,075,870044,36859,37072,1273,38345,551
2021-06-03,San Joaquin,077,732212,73430,72989,3512,76501,1388
2021-06-03,San Luis Obispo,079,281455,21456,21224,738,21962,255
2021-06-03,San Mateo,081,765935,42418,42396,471,42867,467
2021-06-03,Santa Barbara,083,443738,34494,34391,1115,35506,459
2021-06-03,Santa Clara,085,1922200,118858,119592,750,120342,2058
2021-06-03,Santa Cruz,087,273765,16263,16144,798,16942,207
2021-06-03,Shasta,089,179085,12407,12441,1589,14030,199
2021-06-03,Sierra,091,2930,57,55,12,67,0
2021-06-03,Siskiyou,093,43540,1950,1862,359,2221,21
2021-06-03,Solano,095,438530,33042,33019,555,33574,256
2021-06-03,Sonoma,097,501317,30312,30383,341,30724,322
2021-06-03,Stanislaus,099,539301,56589,56401,5896,62297,973
2021-06-03,Sutter,101,95872,9509,9539,85,9624,111
2021-06-03,Tehama,103,63373,5106,5087,571,5658,63
2021-06-03,Trinity,105,12862,486,328,92,420,3
2021-06-03,Tulare,107,460477,50304,49442,8931,58373,848
2021-06-03,Tuolumne,109,53932,4041,4095,43,4138,63
2021-06-03,Ventura,111,848112,81497,81078,2959,84037,1023
2021-06-03,Yolo,113,214977,14056,14078,241,14319,210
2021-06-03,Yuba,115,75493,6096,6077,126,6203,49
2021-06-02,Alameda,001,1643700,88376,88525,1925,90450,1254
2021-06-02,Alpine,002,1148,87,88,0,88,0
2021-06-02,Amador,005,37829,3691,3687,32,3719,46
2021-06-02,Butte,007,227075,12597,12432,1845,14277,193
2021-06-02,Calaveras,009,45235,2177,2174,13,2187,55
2021-06-02,Colusa,011,21464,1953,1957,314,2271,15
2021-06-02,Contra Costa,013,1133247,69936,69455,1268,70723,814
2021-06-02,Del Norte,015,27424,1424,1395,13,1408,8
2021-06-02,El Dorado,017,186661,10345,10275,746,11021,110
2021-06-02,Fresno,019,978130,102876,102547,8609,111156,1707
2021-06-02,Glenn,021,27897,2437,2421,558,2979,19
2021-06-02,Humboldt,023,135768,4329,4302,38,4340,42
2021-06-02,Imperial,025,180216,28656,28737,2691,31428,738
2021-06-02,Inyo,027,18085,1405,1403,12,1415,35
2021-06-02,Kern,029,883053,97488,96481,10883,107364,1326
2021-06-02,Kings,031,150075,23173,22981,1076,24057,244
2021-06-02,Lake,033,64148,3544,3522,9,3531,45
2021-06-02,Lassen,035,31185,5227,5177,114,5291,6
2021-06-02,Los Angeles,037,10098052,1208506,1202760,40482,1243242,24375
2021-06-02,Madera,039,155013,16659,16550,929,17479,240
2021-06-02,Marin,041,260295,14131,14091,255,14346,229
2021-06-02,Mariposa,043,17540,435,434,11,445,5
2021-06-02,Mendocino,045,87422,4051,3970,83,4053,47
2021-06-02,Merced,047,269075,31069,31195,1030,32225,458
2021-06-02,Modoc,049,8938,380,375,130,505,3
2021-06-02,Mono,051,14174,1264,1275,17,1292,3
2021-06-02,Monterey,053,433212,43198,43056,1832,44888,380
2021-06-02,Napa,055,140530,9909,9953,35,9988,82
2021-06-02,Nevada,057,99092,4863,4833,191,5024,72
2021-06-02,Orange,059,3164182,255760,254637,11272,265909,5055
2021-06-02,Placer,061,380077,23434,23058,1500,24558,293
2021-06-02,Plumas,063,18699,712,690,11,701,4
2021-06-02,Riverside,065,2383286,294431,289012,13888,302900,4445
2021-06-02,Sacramento,067,1510023,106739,106435,1756,108191,1649
2021-06-02,San Benito,069,59416,6057,6073,113,6186,63
2021-06-02,San Bernardino,071,2135413,293530,293004,8913,301917,4760
2021-06-02,San Diego,073,3302833,281432,280347,15034,295381,3760
2021-06-02,San Francisco,075,870044,36839,37050,1272,38322,550
2021-06-02,San Joaquin,077,732212,73399,72893,3509,76402,1387
2021-06-02,San Luis Obispo,079,281455,21449,21214,737,21951,255
2021-06-02,San Mateo,081,765935,42408,42383,470,42853,464
2021-06-02,Santa Barbara,083,443738,34487,34381,1115,35496,456
2021-06-02,Santa Clara,085,1922200,118830,119553,749,120302,2058
2021-06-02,Santa Cruz,087,273765,16260,16144,798,16942,207
2021-06-02,Shasta,089,179085,12389,12426,1584,14010,199
2021-06-02,Sierra,091,2930,57,55,12,67,0
2021-06-02,Siskiyou,093,43540,1950,1861,357,2218,21
2021-06-02,Solano,095,438530,33030,33007,554,33561,256
2021-06-02,Sonoma,097,501317,30293,30359,336,30695,322
2021-06-02,Stanislaus,099,539301,56570,56377,5891,62268,973
2021-06-02,Sutter,101,95872,9506,9533,85,9618,111
2021-06-02,Tehama,103,63373,5103,5081,571,5652,63
2021-06-02,Trinity,105,12862,484,328,92,420,3
2021-06-02,Tulare,107,460477,50296,49434,8927,58361,846
2021-06-02,Tuolumne,109,53932,4040,4095,43,4138,63
2021-06-02,Ventura,111,848112,81472,81033,2959,83992,1020
2021-06-02,Yolo,113,214977,14053,14074,240,14314,210
2021-06-02,Yuba,115,75493,6090,6072,126,6198,48
2021-06-01,Alameda,001,1643700,88341,88472,1923,90395,1253
2021-06-01,Alpine,002,1148,87,88,0,88,0
2021-06-01,Amador,005,37829,3689,3687,32,3719,46
2021-06-01,Butte,007,227075,12583,12427,1844,14271,193
2021-06-01,Calaveras,009,45235,2175,2173,13,2186,55
2021-06-01,Colusa,011,21464,1952,1955,313,2268,15
2021-06-01,Contra Costa,013,1133247,69878,69404,1268,70672,813
2021-06-01,Del Norte,015,27424,1423,1394,13,1407,8
2021-06-01,El Dorado,017,186661,10339,10271,746,11017,110
2021-06-01,Fresno,019,978130,102852,102534,8606,111140,1706
2021-06-01,Glenn,021,27897,2437,2422,558,2980,18
2021-06-01,Humboldt,023,135768,4319,4299,38,4337,42
2021-06-01,Imperial,025,180216,28652,28722,2689,31411,736
2021-06-01,Inyo,027,18085,1405,1403,12,1415,35
2021-06-01,Kern,029,883053,97461,96477,10875,107352,1319
2021-06-01,Kings,031,150075,23169,22977,1076,24053,244
2021-06-01,Lake,033,64148,3543,3523,9,3532,45
2021-06-01,Lassen,035,31185,5220,5172,114,5286,6
2021-06-01,Los Angeles,037,10098052,1208269,1202673,40468,1243141,24367
2021-06-01,Madera,039,155013,16650,16549,928,17477,240
2021-06-01,Marin,041,260295,14129,14081,255,14336,229
2021-06-01,Mariposa,043,17540,435,431,11,442,5
2021-06-01,Mendocino,045,87422,4044,3966,83,4049,47
2021-06-01,Merced,047,269075,31059,31195,1030,32225,456
2021-06-01,Modoc,049,8938,378,375,130,505,3
2021-06-01,Mono,051,14174,1264,1275,17,1292,3
2021-06-01,Monterey,053,433212,43192,43051,1832,44883,379
2021-06-01,Napa,055,140530,9907,9949,35,9984,82
2021-06-01,Nevada,057,99092,4858,4825,191,5016,72
2021-06-01,Orange,059,3164182,255724,254603,11264,265867,5051
2021-06-01,Placer,061,380077,23404,23021,1498,24519,293
2021-06-01,Plumas,063,18699,711,690,11,701,4
2021-06-01,Riverside,065,2383286,294378,288996,13882,302878,4442
2021-06-01,Sacramento,067,1510023,106667,106330,1754,108084,1644
2021-06-01,San Benito,069,59416,6056,6073,112,6185,63
2021-06-01,San Bernardino,071,2135413,293505,292990,8912,301902,4758
2021-06-01,San Diego,073,3302833,281328,280305,15017,295322,3756
2021-06-01,San Francisco,075,870044,36823,37031,1272,38303,550
2021-06-01,San Joaquin,077,732212,73367,72858,3508,76366,1383
2021-06-01,San Luis Obispo,079,281455,21444,21217,737,21954,256
2021-06-01,San Mateo,081,765935,42392,42383,469,42852,462
2021-06-01,Santa Barbara,083,443738,34483,34374,1115,35489,456
2021-06-01,Santa Clara,085,1922200,118802,119528,749,120277,2057
2021-06-01,Santa Cruz,087,273765,16256,16143,797,16940,207
2021-06-01,Shasta,089,179085,12380,12409,1579,13988,199
2021-06-01,Sierra,091,2930,57,55,12,67,0
2021-06-01,Siskiyou,093,43540,1943,1860,356,2216,21
2021-06-01,Solano,095,438530,33005,32974,553,33527,256
2021-06-01,Sonoma,097,501317,30254,30324,335,30659,322
2021-06-01,Stanislaus,099,539301,56553,56348,5889,62237,973
2021-06-01,Sutter,101,95872,9499,9528,85,9613,111
2021-06-01,Tehama,103,63373,5101,5079,571,5650,63
2021-06-01,Trinity,105,12862,483,328,91,419,3
2021-06-01,Tulare,107,460477,50288,49419,8923,58342,845
2021-06-01,Tuolumne,109,53932,4040,4094,43,4137,63
2021-06-01,Ventura,111,848112,81456,81018,2958,83976,1021
2021-06-01,Yolo,113,214977,14047,14067,240,14307,210
2021-06-01,Yuba,115,75493,6086,6067,126,6193,48
2021-05-31,Alameda,001,1643700,88305,88458,1919,90377,1253
2021-05-31,Alpine,002,1148,87,88,0,88,0
2021-05-31,Amador,005,37829,3683,3687,32,3719,46
2021-05-31,Butte,007,227075,12570,12429,1844,14273,193
2021-05-31,Calaveras,009,45235,2174,2171,13,2184,55
2021-05-31,Colusa,011,21464,1952,1956,312,2268,15
2021-05-31,Contra Costa,013,1133247,69841,69390,1267,70657,813
2021-05-31,Del Norte,015,27424,1420,1394,13,1407,8
2021-05-31,El Dorado,017,186661,10333,10271,744,11015,110
2021-05-31,Fresno,019,978130,102815,102507,8606,111113,1706
2021-05-31,Glenn,021,27897,2436,2422,557,2979,18
2021-05-31,Humboldt,023,135768,4307,4295,38,4333,42
2021-05-31,Imperial,025,180216,28646,28732,2686,31418,736
2021-05-31,Inyo,027,18085,1404,1403,12,1415,35
2021-05-31,Kern,029,883053,97425,96457,10866,107323,1319
2021-05-31,Kings,031,150075,23165,22977,1076,24053,244
2021-05-31,Lake,033,64148,3538,3523,9,3532,45
2021-05-31,Lassen,035,31185,5218,5172,113,5285,6
2021-05-31,Los Angeles,037,10098052,1208026,1202567,40459,1243026,24364
2021-05-31,Madera,039,155013,16649,16543,927,17470,240
2021-05-31,Marin,041,260295,14127,14080,255,14335,229
2021-05-31,Mariposa,043,17540,435,430,11,441,5
2021-05-31,Mendocino,045,87422,4034,3961,83,4044,47
2021-05-31,Merced,047,269075,31054,31194,1030,32224,456
2021-05-31,Modoc,049,8938,377,374,130,504,3
2021-05-31,Mono,051,14174,1264,1275,17,1292,3
2021-05-31,Monterey,053,433212,43188,43051,1832,44883,379
2021-05-31,Napa,055,140530,9900,9948,35,9983,82
2021-05-31,Nevada,057,99092,4848,4823,190,5013,72
2021-05-31,Orange,059,3164182,255696,254572,11256,265828,5051
2021-05-31,Placer,061,380077,23377,23019,1494,24513,293
2021-05-31,Plumas,063,18699,710,690,11,701,4
2021-05-31,Riverside,065,2383286,294321,288970,13870,302840,4442
2021-05-31,Sacramento,067,1510023,106570,106278,1749,108027,1644
2021-05-31,San Benito,069,59416,6056,6072,112,6184,63
2021-05-31,San Bernardino,071,2135413,293457,292973,8911,301884,4758
2021-05-31,San Diego,073,3302833,281224,280254,15005,295259,3756
2021-05-31,San Francisco,075,870044,36808,37022,1271,38293,550
2021-05-31,San Joaquin,077,732212,73318,72856,3502,76358,1383
2021-05-31,San Luis Obispo,079,281455,21436,21215,737,21952,256
2021-05-31,San Mateo,081,765935,42376,42389,469,42858,442
2021-05-31,Santa Barbara,083,443738,34470,34369,1113,35482,456
2021-05-31,Santa Clara,085,1922200,118758,119515,749,120264,2057
2021-05-31,Santa Cruz,087,273765,16253,16139,797,16936,207
2021-05-31,Shasta,089,179085,12364,12408,1576,13984,199
2021-05-31,Sierra,091,2930,57,55,12,67,0
2021-05-31,Siskiyou,093,43540,1942,1856,355,2211,21
2021-05-31,Solano,095,438530,32955,32973,553,33526,256
2021-05-31,Sonoma,097,501317,30211,30314,335,30649,322
2021-05-31,Stanislaus,099,539301,56512,56335,5886,62221,973
2021-05-31,Sutter,101,95872,9480,9523,85,9608,111
2021-05-31,Tehama,103,63373,5098,5076,570,5646,63
2021-05-31,Trinity,105,12862,483,328,91,419,3
2021-05-31,Tulare,107,460477,50277,49404,8918,58322,845
2021-05-31,Tuolumne,109,53932,4038,4095,43,4138,63
2021-05-31,Ventura,111,848112,81441,81017,2955,83972,1021
2021-05-31,Yolo,113,214977,14043,14064,240,14304,210
2021-05-31,Yuba,115,75493,6080,6063,123,6186,48
2021-05-30,Alameda,001,1643700,88282,88429,1919,90348,1253
2021-05-30,Alpine,002,1148,87,88,0,88,0
2021-05-30,Amador,005,37829,3679,3685,32,3717,46
2021-05-30,Butte,007,227075,12561,12427,1842,14269,190
2021-05-30,Calaveras,009,45235,2170,2166,13,2179,55
2021-05-30,Colusa,011,21464,1952,1954,312,2266,15
2021-05-30,Contra Costa,013,1133247,69807,69381,1265,70646,813
2021-05-30,Del Norte,015,27424,1419,1393,13,1406,8
2021-05-30,El Dorado,017,186661,10330,10271,744,11015,110
2021-05-30,Fresno,019,978130,102798,102499,8602,111101,1706
2021-05-30,Glenn,021,27897,2436,2422,556,2978,18
2021-05-30,Humboldt,023,135768,4299,4291,38,4329,42
2021-05-30,Imperial,025,180216,28642,28732,2685,31417,736
2021-05-30,Inyo,027,18085,1404,1403,12,1415,35
2021-05-30,Kern,029,883053,97409,96443,10863,107306,1319
2021-05-30,Kings,031,150075,23164,22974,1076,24050,244
2021-05-30,Lake,033,64148,3538,3517,9,3526,45
2021-05-30,Lassen,035,31185,5216,5171,113,5284,6
2021-05-30,Los Angeles,037,10098052,1207911,1202425,40452,1242877,24360
2021-05-30,Madera,039,155013,16645,16538,927,17465,240
2021-05-30,Marin,041,260295,14123,14083,254,14337,229
2021-05-30,Mariposa,043,17540,435,430,11,441,5
2021-05-30,Mendocino,045,87422,4027,3955,83,4038,47
2021-05-30,Merced,047,269075,31050,31189,1029,32218,456
2021-05-30,Modoc,049,8938,377,374,130,504,3
2021-05-30,Mono,051,14174,1264,1275,17,1292,3
2021-05-30,Monterey,053,433212,43185,43049,1832,44881,379
2021-05-30,Napa,055,140530,9899,9948,35,9983,82
2021-05-30,Nevada,057,99092,4842,4818,190,5008,72
2021-05-30,Orange,059,3164182,255673,254559,11255,265814,5051
2021-05-30,Placer,061,380077,23371,23016,1494,24510,293
2021-05-30,Plumas,063,18699,708,690,11,701,4
2021-05-30,Riverside,065,2383286,294300,288961,13868,302829,4442
2021-05-30,Sacramento,067,1510023,106525,106252,1747,107999,1644
2021-05-30,San Benito,069,59416,6056,6072,112,6184,63
2021-05-30,San Bernardino,071,2135413,293431,292981,8910,301891,4758
2021-05-30,San Diego,073,3302833,281168,280209,15000,295209,3756
2021-05-30,San Francisco,075,870044,36789,37016,1271,38287,550
2021-05-30,San Joaquin,077,732212,73301,72853,3501,76354,1383
2021-05-30,San Luis Obispo,079,281455,21427,21211,736,21947,256
2021-05-30,San Mateo,081,765935,42368,42386,469,42855,439
2021-05-30,Santa Barbara,083,443738,34466,34369,1113,35482,456
2021-05-30,Santa Clara,085,1922200,118736,119510,745,120255,2057
2021-05-30,Santa Cruz,087,273765,16251,16140,797,16937,207
2021-05-30,Shasta,089,179085,12362,12408,1573,13981,199
2021-05-30,Sierra,091,2930,57,55,12,67,0
2021-05-30,Siskiyou,093,43540,1942,1856,355,2211,21
2021-05-30,Solano,095,438530,32944,32952,552,33504,256
2021-05-30,Sonoma,097,501317,30194,30310,334,30644,322
2021-05-30,Stanislaus,099,539301,56501,56323,5885,62208,973
2021-05-30,Sutter,101,95872,9479,9519,84,9603,111
2021-05-30,Tehama,103,63373,5098,5073,570,5643,63
2021-05-30,Trinity,105,12862,483,328,91,419,3
2021-05-30,Tulare,107,460477,50270,49397,8910,58307,845
2021-05-30,Tuolumne,109,53932,4038,4094,43,4137,63
2021-05-30,Ventura,111,848112,81437,81012,2954,83966,1021
2021-05-30,Yolo,113,214977,14038,14059,239,14298,210
2021-05-30,Yuba,115,75493,6073,6063,122,6185,48
2021-05-29,Alameda,001,1643700,88259,88433,1917,90350,1253
2021-05-29,Alpine,002,1148,87,88,0,88,0
2021-05-29,Amador,005,37829,3678,3683,32,3715,46
2021-05-29,Butte,007,227075,12555,12425,1842,14267,190
2021-05-29,Calaveras,009,45235,2169,2166,13,2179,55
2021-05-29,Colusa,011,21464,1949,1954,312,2266,15
2021-05-29,Contra Costa,013,1133247,69774,69351,1265,70616,813
2021-05-29,Del Norte,015,27424,1419,1391,13,1404,8
2021-05-29,El Dorado,017,186661,10329,10269,742,11011,110
2021-05-29,Fresno,019,978130,102786,102470,8599,111069,1706
2021-05-29,Glenn,021,27897,2436,2422,555,2977,18
2021-05-29,Humboldt,023,135768,4293,4283,38,4321,42
2021-05-29,Imperial,025,180216,28639,28729,2684,31413,736
2021-05-29,Inyo,027,18085,1404,1404,12,1416,35
2021-05-29,Kern,029,883053,97398,96424,10850,107274,1319
2021-05-29,Kings,031,150075,23163,22970,1075,24045,244
2021-05-29,Lake,033,64148,3538,3515,9,3524,45
2021-05-29,Lassen,035,31185,5216,5171,113,5284,6
2021-05-29,Los Angeles,037,10098052,1207789,1202264,40449,1242713,24359
2021-05-29,Madera,039,155013,16643,16535,927,17462,240
2021-05-29,Marin,041,260295,14119,14071,253,14324,229
2021-05-29,Mariposa,043,17540,434,428,11,439,5
2021-05-29,Mendocino,045,87422,4021,3952,83,4035,47
2021-05-29,Merced,047,269075,31038,31187,1029,32216,456
2021-05-29,Modoc,049,8938,377,374,130,504,3
2021-05-29,Mono,051,14174,1264,1275,17,1292,3
2021-05-29,Monterey,053,433212,43183,43042,1832,44874,379
2021-05-29,Napa,055,140530,9896,9948,35,9983,82
2021-05-29,Nevada,057,99092,4841,4816,190,5006,72
2021-05-29,Orange,059,3164182,255651,254537,11245,265782,5049
2021-05-29,Placer,061,380077,23356,23009,1493,24502,293
2021-05-29,Plumas,063,18699,708,689,11,700,4
2021-05-29,Riverside,065,2383286,294280,288908,13867,302775,4442
2021-05-29,Sacramento,067,1510023,106495,106218,1746,107964,1643
2021-05-29,San Benito,069,59416,6055,6072,112,6184,63
2021-05-29,San Bernardino,071,2135413,293398,292961,8909,301870,4757
2021-05-29,San Diego,073,3302833,281109,280151,14995,295146,3756
2021-05-29,San Francisco,075,870044,36780,37008,1271,38279,550
2021-05-29,San Joaquin,077,732212,73285,72827,3499,76326,1383
2021-05-29,San Luis Obispo,079,281455,21425,21201,736,21937,256
2021-05-29,San Mateo,081,765935,42360,42375,468,42843,439
2021-05-29,Santa Barbara,083,443738,34462,34367,1113,35480,456
2021-05-29,Santa Clara,085,1922200,118712,119498,744,120242,2056
2021-05-29,Santa Cruz,087,273765,16250,16137,797,16934,207
2021-05-29,Shasta,089,179085,12354,12401,1572,13973,199
2021-05-29,Sierra,091,2930,57,55,12,67,0
2021-05-29,Siskiyou,093,43540,1937,1856,355,2211,21
2021-05-29,Solano,095,438530,32935,32917,552,33469,256
2021-05-29,Sonoma,097,501317,30171,30298,333,30631,322
2021-05-29,Stanislaus,099,539301,56483,56305,5883,62188,974
2021-05-29,Sutter,101,95872,9475,9516,84,9600,111
2021-05-29,Tehama,103,63373,5097,5070,570,5640,63
2021-05-29,Trinity,105,12862,483,328,91,419,3
2021-05-29,Tulare,107,460477,50260,49392,8906,58298,845
2021-05-29,Tuolumne,109,53932,4038,4093,43,4136,63
2021-05-29,Ventura,111,848112,81429,81008,2954,83962,1021
2021-05-29,Yolo,113,214977,14037,14055,239,14294,210
2021-05-29,Yuba,115,75493,6073,6059,122,6181,48
2021-05-28,Alameda,001,1643700,88235,88391,1913,90304,1261
2021-05-28,Alpine,002,1148,87,88,0,88,0
2021-05-28,Amador,005,37829,3678,3680,32,3712,46
2021-05-28,Butte,007,227075,12552,12407,1841,14248,190
2021-05-28,Calaveras,009,45235,2168,2165,13,2178,55
2021-05-28,Colusa,011,21464,1949,1954,310,2264,15
2021-05-28,Contra Costa,013,1133247,69738,69290,1264,70554,813
2021-05-28,Del Norte,015,27424,1418,1390,13,1403,8
2021-05-28,El Dorado,017,186661,10326,10265,742,11007,110
2021-05-28,Fresno,019,978130,102771,102437,8599,111036,1705
2021-05-28,Glenn,021,27897,2436,2419,555,2974,18
2021-05-28,Humboldt,023,135768,4286,4265,38,4303,42
2021-05-28,Imperial,025,180216,28636,28722,2684,31406,736
2021-05-28,Inyo,027,18085,1404,1404,12,1416,35
2021-05-28,Kern,029,883053,97381,96396,10842,107238,1320
2021-05-28,Kings,031,150075,23161,22962,1075,24037,244
2021-05-28,Lake,033,64148,3536,3515,9,3524,45
2021-05-28,Lassen,035,31185,5216,5169,113,5282,6
2021-05-28,Los Angeles,037,10098052,1207678,1202103,40439,1242542,24357
2021-05-28,Madera,039,155013,16641,16530,927,17457,240
2021-05-28,Marin,041,260295,14118,14063,252,14315,229
2021-05-28,Mariposa,043,17540,434,428,11,439,5
2021-05-28,Mendocino,045,87422,4016,3947,83,4030,47
2021-05-28,Merced,047,269075,31035,31176,1029,32205,455
2021-05-28,Modoc,049,8938,377,374,130,504,3
2021-05-28,Mono,051,14174,1264,1274,17,1291,3
2021-05-28,Monterey,053,433212,43182,43036,1832,44868,379
2021-05-28,Napa,055,140530,9896,9941,35,9976,82
2021-05-28,Nevada,057,99092,4839,4813,190,5003,71
2021-05-28,Orange,059,3164182,255631,254494,11243,265737,5047
2021-05-28,Placer,061,380077,23346,22987,1491,24478,293
2021-05-28,Plumas,063,18699,706,688,11,699,4
2021-05-28,Riverside,065,2383286,294258,288872,13865,302737,4442
2021-05-28,Sacramento,067,1510023,106439,106131,1744,107875,1642
2021-05-28,San Benito,069,59416,6055,6074,112,6186,63
2021-05-28,San Bernardino,071,2135413,293375,292905,8909,301814,4757
2021-05-28,San Diego,073,3302833,281046,280043,14984,295027,3756
2021-05-28,San Francisco,075,870044,36774,36987,1271,38258,546
2021-05-28,San Joaquin,077,732212,73255,72793,3497,76290,1383
2021-05-28,San Luis Obispo,079,281455,21420,21190,734,21924,256
2021-05-28,San Mateo,081,765935,42354,42364,468,42832,439
2021-05-28,Santa Barbara,083,443738,34461,34371,1113,35484,455
2021-05-28,Santa Clara,085,1922200,118688,119462,744,120206,2056
2021-05-28,Santa Cruz,087,273765,16249,16129,797,16926,207
2021-05-28,Shasta,089,179085,12345,12383,1570,13953,198
2021-05-28,Sierra,091,2930,57,54,12,66,0
2021-05-28,Siskiyou,093,43540,1935,1850,355,2205,19
2021-05-28,Solano,095,438530,32920,32892,552,33444,256
2021-05-28,Sonoma,097,501317,30152,30270,333,30603,321
2021-05-28,Stanislaus,099,539301,56464,56278,5880,62158,974
2021-05-28,Sutter,101,95872,9471,9511,84,9595,111
2021-05-28,Tehama,103,63373,5091,5064,570,5634,63
2021-05-28,Trinity,105,12862,483,328,91,419,3
2021-05-28,Tulare,107,460477,50255,49375,8897,58272,846
2021-05-28,Tuolumne,109,53932,4038,4090,43,4133,63
2021-05-28,Ventura,111,848112,81418,80985,2953,83938,1021
2021-05-28,Yolo,113,214977,14034,14050,238,14288,210
2021-05-28,Yuba,115,75493,6071,6050,121,6171,48
2021-05-27,Alameda,001,1643700,88200,88342,1913,90255,1274
2021-05-27,Alpine,002,1148,87,88,0,88,0
2021-05-27,Amador,005,37829,3675,3680,32,3712,46
2021-05-27,Butte,007,227075,12547,12401,1840,14241,190
2021-05-27,Calaveras,009,45235,2167,2163,13,2176,55
2021-05-27,Colusa,011,21464,1946,1952,310,2262,15
2021-05-27,Contra Costa,013,1133247,69696,69245,1262,70507,813
2021-05-27,Del Norte,015,27424,1418,1388,13,1401,8
2021-05-27,El Dorado,017,186661,10325,10248,742,10990,112
2021-05-27,Fresno,019,978130,102755,102413,8596,111009,1704
2021-05-27,Glenn,021,27897,2436,2415,555,2970,18
2021-05-27,Humboldt,023,135768,4278,4260,38,4298,42
2021-05-27,Imperial,025,180216,28625,28728,2684,31412,736
2021-05-27,Inyo,027,18085,1404,1404,12,1416,35
2021-05-27,Kern,029,883053,97365,96364,10834,107198,1322
2021-05-27,Kings,031,150075,23158,22953,1075,24028,245
2021-05-27,Lake,033,64148,3531,3509,9,3518,45
2021-05-27,Lassen,035,31185,5215,5170,112,5282,6
2021-05-27,Los Angeles,037,10098052,1207508,1201927,40426,1242353,24348
2021-05-27,Madera,039,155013,16632,16527,927,17454,240
2021-05-27,Marin,041,260295,14114,14061,252,14313,229
2021-05-27,Mariposa,043,17540,432,427,11,438,5
2021-05-27,Mendocino,045,87422,4010,3945,83,4028,47
2021-05-27,Merced,047,269075,31023,31161,1029,32190,455
2021-05-27,Modoc,049,8938,376,374,130,504,3
2021-05-27,Mono,051,14174,1264,1276,17,1293,3
2021-05-27,Monterey,053,433212,43176,43032,1832,44864,379
2021-05-27,Napa,055,140530,9895,9934,35,9969,82
2021-05-27,Nevada,057,99092,4835,4807,188,4995,71
2021-05-27,Orange,059,3164182,255594,254438,11239,265677,5059
2021-05-27,Placer,061,380077,23337,22966,1491,24457,293
2021-05-27,Plumas,063,18699,706,687,11,698,4
2021-05-27,Riverside,065,2383286,294222,288835,13860,302695,4443
2021-05-27,Sacramento,067,1510023,106364,106015,1742,107757,1642
2021-05-27,San Benito,069,59416,6054,6074,112,6186,63
2021-05-27,San Bernardino,071,2135413,293339,292755,8907,301662,4756
2021-05-27,San Diego,073,3302833,280972,279960,14970,294930,3756
2021-05-27,San Francisco,075,870044,36768,36980,1268,38248,546
2021-05-27,San Joaquin,077,732212,73223,72714,3494,76208,1388
2021-05-27,San Luis Obispo,079,281455,21415,21171,734,21905,256
2021-05-27,San Mateo,081,765935,42345,42345,468,42813,436
2021-05-27,Santa Barbara,083,443738,34456,34355,1113,35468,456
2021-05-27,Santa Clara,085,1922200,118667,119452,744,120196,2053
2021-05-27,Santa Cruz,087,273765,16247,16134,797,16931,207
2021-05-27,Shasta,089,179085,12335,12380,1570,13950,202
2021-05-27,Sierra,091,2930,57,54,12,66,0
2021-05-27,Siskiyou,093,43540,1932,1846,355,2201,18
2021-05-27,Solano,095,438530,32879,32855,551,33406,257
2021-05-27,Sonoma,097,501317,30125,30253,329,30582,321
2021-05-27,Stanislaus,099,539301,56439,56207,5879,62086,974
2021-05-27,Sutter,101,95872,9467,9501,84,9585,111
2021-05-27,Tehama,103,63373,5088,5064,569,5633,63
2021-05-27,Trinity,105,12862,483,328,91,419,3
2021-05-27,Tulare,107,460477,50241,49366,8888,58254,840
2021-05-27,Tuolumne,109,53932,4037,4090,43,4133,66
2021-05-27,Ventura,111,848112,81405,80965,2950,83915,1023
2021-05-27,Yolo,113,214977,14031,14036,238,14274,213
2021-05-27,Yuba,115,75493,6066,6040,120,6160,48
2021-05-26,Alameda,001,1643700,88171,88297,1913,90210,1266
2021-05-26,Alpine,002,1148,87,88,0,88,0
2021-05-26,Amador,005,37829,3675,3679,32,3711,46
2021-05-26,Butte,007,227075,12538,12332,1839,14171,190
2021-05-26,Calaveras,009,45235,2166,2154,13,2167,55
2021-05-26,Colusa,011,21464,1945,1952,310,2262,15
2021-05-26,Contra Costa,013,1133247,69659,69210,1262,70472,812
2021-05-26,Del Norte,015,27424,1418,1386,12,1398,8
2021-05-26,El Dorado,017,186661,10321,10242,741,10983,112
2021-05-26,Fresno,019,978130,102722,102374,8591,110965,1702
2021-05-26,Glenn,021,27897,2435,2415,555,2970,18
2021-05-26,Humboldt,023,135768,4273,4246,38,4284,42
2021-05-26,Imperial,025,180216,28620,28712,2682,31394,734
2021-05-26,Inyo,027,18085,1404,1403,12,1415,36
2021-05-26,Kern,029,883053,97340,96343,10827,107170,1320
2021-05-26,Kings,031,150075,23154,22950,1074,24024,245
2021-05-26,Lake,033,64148,3530,3508,9,3517,45
2021-05-26,Lassen,035,31185,5214,5164,112,5276,6
2021-05-26,Los Angeles,037,10098052,1207340,1198100,40410,1238510,24221
2021-05-26,Madera,039,155013,16629,16520,927,17447,240
2021-05-26,Marin,041,260295,14111,14061,251,14312,227
2021-05-26,Mariposa,043,17540,432,427,11,438,5
2021-05-26,Mendocino,045,87422,4004,3938,83,4021,47
2021-05-26,Merced,047,269075,31014,31139,1029,32168,455
2021-05-26,Modoc,049,8938,376,371,129,500,3
2021-05-26,Mono,051,14174,1264,1274,17,1291,3
2021-05-26,Monterey,053,433212,43170,43018,1831,44849,379
2021-05-26,Napa,055,140530,9888,9932,33,9965,82
2021-05-26,Nevada,057,99092,4830,4803,188,4991,70
2021-05-26,Orange,059,3164182,255558,254368,11236,265604,5058
2021-05-26,Placer,061,380077,23313,22940,1491,24431,293
2021-05-26,Plumas,063,18699,705,685,11,696,4
2021-05-26,Riverside,065,2383286,294176,288782,13853,302635,4443
2021-05-26,Sacramento,067,1510023,106278,105919,1738,107657,1637
2021-05-26,San Benito,069,59416,6054,6074,112,6186,63
2021-05-26,San Bernardino,071,2135413,293304,292662,8906,301568,4755
2021-05-26,San Diego,073,3302833,280897,279859,14960,294819,3755
2021-05-26,San Francisco,075,870044,36756,36954,1268,38222,546
2021-05-26,San Joaquin,077,732212,73181,72681,3491,76172,1388
2021-05-26,San Luis Obispo,079,281455,21409,21163,734,21897,256
2021-05-26,San Mateo,081,765935,42336,42331,468,42799,436
2021-05-26,Santa Barbara,083,443738,34447,34348,1113,35461,459
2021-05-26,Santa Clara,085,1922200,118640,119421,743,120164,2031
2021-05-26,Santa Cruz,087,273765,16246,16139,797,16936,207
2021-05-26,Shasta,089,179085,12320,12357,1567,13924,202
2021-05-26,Sierra,091,2930,57,54,12,66,0
2021-05-26,Siskiyou,093,43540,1930,1847,353,2200,18
2021-05-26,Solano,095,438530,32843,32831,551,33382,257
2021-05-26,Sonoma,097,501317,30098,30230,329,30559,321
2021-05-26,Stanislaus,099,539301,56417,56193,5877,62070,974
2021-05-26,Sutter,101,95872,9462,9495,84,9579,112
2021-05-26,Tehama,103,63373,5087,5054,566,5620,63
2021-05-26,Trinity,105,12862,483,328,91,419,3
2021-05-26,Tulare,107,460477,50234,49352,8884,58236,839
2021-05-26,Tuolumne,109,53932,4033,4088,42,4130,66
2021-05-26,Ventura,111,848112,81382,80944,2948,83892,1023
2021-05-26,Yolo,113,214977,14028,14025,238,14263,213
2021-05-26,Yuba,115,75493,6061,6036,120,6156,49
2021-05-25,Alameda,001,1643700,88140,88237,1913,90150,1263
2021-05-25,Alpine,002,1148,87,88,0,88,0
2021-05-25,Amador,005,37829,3670,3676,32,3708,46
2021-05-25,Butte,007,227075,12527,12295,1838,14133,189
2021-05-25,Calaveras,009,45235,2164,2148,13,2161,55
2021-05-25,Colusa,011,21464,1944,1949,310,2259,15
2021-05-25,Contra Costa,013,1133247,69607,69167,1257,70424,809
2021-05-25,Del Norte,015,27424,1418,1385,12,1397,8
2021-05-25,El Dorado,017,186661,10314,10240,740,10980,112
2021-05-25,Fresno,019,978130,102701,102329,8590,110919,1701
2021-05-25,Glenn,021,27897,2434,2414,554,2968,17
2021-05-25,Humboldt,023,135768,4266,4231,36,4267,42
2021-05-25,Imperial,025,180216,28613,28586,2682,31268,735
2021-05-25,Inyo,027,18085,1404,1402,12,1414,36
2021-05-25,Kern,029,883053,97309,96319,10813,107132,1319
2021-05-25,Kings,031,150075,23147,22944,1074,24018,245
2021-05-25,Lake,033,64148,3529,3508,9,3517,44
2021-05-25,Lassen,035,31185,5210,5164,112,5276,6
2021-05-25,Los Angeles,037,10098052,1207153,1197940,40392,1238332,24212
2021-05-25,Madera,039,155013,16624,16519,926,17445,240
2021-05-25,Marin,041,260295,14105,14053,251,14304,227
2021-05-25,Mariposa,043,17540,431,427,11,438,5
2021-05-25,Mendocino,045,87422,3999,3928,83,4011,47
2021-05-25,Merced,047,269075,30993,31132,1029,32161,455
2021-05-25,Modoc,049,8938,375,367,129,496,3
2021-05-25,Mono,051,14174,1264,1274,17,1291,3
2021-05-25,Monterey,053,433212,43166,43012,1830,44842,379
2021-05-25,Napa,055,140530,9886,9926,33,9959,82
2021-05-25,Nevada,057,99092,4824,4795,188,4983,70
2021-05-25,Orange,059,3164182,255529,254321,11235,265556,5057
2021-05-25,Placer,061,380077,23302,22920,1489,24409,292
2021-05-25,Plumas,063,18699,705,684,11,695,4
2021-05-25,Riverside,065,2383286,294137,288725,13850,302575,4443
2021-05-25,Sacramento,067,1510023,106197,105828,1735,107563,1633
2021-05-25,San Benito,069,59416,6054,6073,112,6185,63
2021-05-25,San Bernardino,071,2135413,293244,292485,8904,301389,4755
2021-05-25,San Diego,073,3302833,280815,279786,14955,294741,3753
2021-05-25,San Francisco,075,870044,36733,36939,1268,38207,546
2021-05-25,San Joaquin,077,732212,73139,72628,3488,76116,1387
2021-05-25,San Luis Obispo,079,281455,21406,21153,734,21887,256
2021-05-25,San Mateo,081,765935,42326,42268,468,42736,435
2021-05-25,Santa Barbara,083,443738,34444,34337,1113,35450,459
2021-05-25,Santa Clara,085,1922200,118616,119393,742,120135,2032
2021-05-25,Santa Cruz,087,273765,16241,16141,797,16938,207
2021-05-25,Shasta,089,179085,12311,12328,1565,13893,202
2021-05-25,Sierra,091,2930,56,54,12,66,0
2021-05-25,Siskiyou,093,43540,1929,1845,352,2197,18
2021-05-25,Solano,095,438530,32823,32817,550,33367,256
2021-05-25,Sonoma,097,501317,30069,30207,328,30535,321
2021-05-25,Stanislaus,099,539301,56381,56168,5874,62042,974
2021-05-25,Sutter,101,95872,9458,9495,84,9579,112
2021-05-25,Tehama,103,63373,5085,5048,565,5613,63
2021-05-25,Trinity,105,12862,483,328,90,418,3
2021-05-25,Tulare,107,460477,50224,49326,8876,58202,838
2021-05-25,Tuolumne,109,53932,4033,4084,42,4126,66
2021-05-25,Ventura,111,848112,81364,80905,2948,83853,1022
2021-05-25,Yolo,113,214977,14020,14018,236,14254,213
2021-05-25,Yuba,115,75493,6054,6028,120,6148,49
2021-05-24,Alameda,001,1643700,88100,88182,1911,90093,1263
2021-05-24,Alpine,002,1148,87,88,0,88,0
2021-05-24,Amador,005,37829,3668,3675,32,3707,46
2021-05-24,Butte,007,227075,12514,12279,1835,14114,189
2021-05-24,Calaveras,009,45235,2162,2146,13,2159,54
2021-05-24,Colusa,011,21464,1944,1949,310,2259,15
2021-05-24,Contra Costa,013,1133247,69566,69107,1253,70360,809
2021-05-24,Del Norte,015,27424,1417,1384,12,1396,8
2021-05-24,El Dorado,017,186661,10304,10227,739,10966,112
2021-05-24,Fresno,019,978130,102654,102289,8589,110878,1698
2021-05-24,Glenn,021,27897,2434,2413,554,2967,17
2021-05-24,Humboldt,023,135768,4259,4225,36,4261,42
2021-05-24,Imperial,025,180216,28611,28575,2682,31257,735
2021-05-24,Inyo,027,18085,1404,1402,12,1414,36
2021-05-24,Kern,029,883053,97282,96296,10808,107104,1319
2021-05-24,Kings,031,150075,23143,22940,1074,24014,246
2021-05-24,Lake,033,64148,3527,3506,9,3515,43
2021-05-24,Lassen,035,31185,5206,5163,112,5275,6
2021-05-24,Los Angeles,037,10098052,1206981,1197782,40378,1238160,24201
2021-05-24,Madera,039,155013,16620,16513,925,17438,239
2021-05-24,Marin,041,260295,14103,14051,251,14302,227
2021-05-24,Mariposa,043,17540,430,427,11,438,5
2021-05-24,Mendocino,045,87422,3997,3919,83,4002,47
2021-05-24,Merced,047,269075,30983,31128,1028,32156,455
2021-05-24,Modoc,049,8938,375,366,128,494,3
2021-05-24,Mono,051,14174,1264,1270,17,1287,3
2021-05-24,Monterey,053,433212,43161,43005,1829,44834,379
2021-05-24,Napa,055,140530,9886,9924,33,9957,82
2021-05-24,Nevada,057,99092,4821,4790,188,4978,70
2021-05-24,Orange,059,3164182,255495,254287,11225,265512,5056
2021-05-24,Placer,061,380077,23283,22895,1488,24383,292
2021-05-24,Plumas,063,18699,704,683,11,694,4
2021-05-24,Riverside,065,2383286,294080,288669,13840,302509,4442
2021-05-24,Sacramento,067,1510023,106082,105716,1734,107450,1632
2021-05-24,San Benito,069,59416,6054,6072,112,6184,63
2021-05-24,San Bernardino,071,2135413,293204,292343,8903,301246,4747
2021-05-24,San Diego,073,3302833,280707,279715,14945,294660,3749
2021-05-24,San Francisco,075,870044,36713,36934,1265,38199,547
2021-05-24,San Joaquin,077,732212,73107,72586,3488,76074,1371
2021-05-24,San Luis Obispo,079,281455,21388,21146,733,21879,256
2021-05-24,San Mateo,081,765935,42316,42249,468,42717,433
2021-05-24,Santa Barbara,083,443738,34439,34322,1113,35435,459
2021-05-24,Santa Clara,085,1922200,118584,119358,742,120100,2030
2021-05-24,Santa Cruz,087,273765,16235,16135,797,16932,207
2021-05-24,Shasta,089,179085,12294,12315,1562,13877,201
2021-05-24,Sierra,091,2930,56,54,12,66,0
2021-05-24,Siskiyou,093,43540,1926,1840,352,2192,17
2021-05-24,Solano,095,438530,32799,32792,549,33341,254
2021-05-24,Sonoma,097,501317,30054,30187,328,30515,321
2021-05-24,Stanislaus,099,539301,56347,56128,5870,61998,974
2021-05-24,Sutter,101,95872,9452,9486,84,9570,113
2021-05-24,Tehama,103,63373,5082,5043,563,5606,63
2021-05-24,Trinity,105,12862,483,328,90,418,3
2021-05-24,Tulare,107,460477,50217,49318,8872,58190,838
2021-05-24,Tuolumne,109,53932,4033,4083,42,4125,65
2021-05-24,Ventura,111,848112,81351,80876,2946,83822,1022
2021-05-24,Yolo,113,214977,14003,14012,234,14246,213
2021-05-24,Yuba,115,75493,6045,6022,120,6142,49
2021-05-23,Alameda,001,1643700,88037,88157,1909,90066,1263
2021-05-23,Alpine,002,1148,87,88,0,88,0
2021-05-23,Amador,005,37829,3667,3673,32,3705,46
2021-05-23,Butte,007,227075,12500,12271,1834,14105,189
2021-05-23,Calaveras,009,45235,2154,2144,13,2157,54
2021-05-23,Colusa,011,21464,1944,1949,308,2257,15
2021-05-23,Contra Costa,013,1133247,69522,69075,1251,70326,809
2021-05-23,Del Norte,015,27424,1413,1383,12,1395,8
2021-05-23,El Dorado,017,186661,10298,10222,739,10961,112
2021-05-23,Fresno,019,978130,102609,102270,8584,110854,1698
2021-05-23,Glenn,021,27897,2432,2413,554,2967,17
2021-05-23,Humboldt,023,135768,4241,4216,36,4252,42
2021-05-23,Imperial,025,180216,28605,28569,2681,31250,735
2021-05-23,Inyo,027,18085,1404,1402,12,1414,36
2021-05-23,Kern,029,883053,97258,96282,10800,107082,1319
2021-05-23,Kings,031,150075,23130,22939,1072,24011,246
2021-05-23,Lake,033,64148,3524,3504,9,3513,43
2021-05-23,Lassen,035,31185,5202,5163,111,5274,6
2021-05-23,Los Angeles,037,10098052,1206792,1197633,40367,1238000,24197
2021-05-23,Madera,039,155013,16614,16504,925,17429,239
2021-05-23,Marin,041,260295,14094,14048,250,14298,227
2021-05-23,Mariposa,043,17540,430,427,11,438,5
2021-05-23,Mendocino,045,87422,3991,3913,82,3995,47
2021-05-23,Merced,047,269075,30974,31118,1028,32146,455
2021-05-23,Modoc,049,8938,371,366,128,494,3
2021-05-23,Mono,051,14174,1263,1270,17,1287,3
2021-05-23,Monterey,053,433212,43151,43003,1829,44832,379
2021-05-23,Napa,055,140530,9882,9923,33,9956,82
2021-05-23,Nevada,057,99092,4811,4790,188,4978,70
2021-05-23,Orange,059,3164182,255457,254277,11219,265496,5050
2021-05-23,Placer,061,380077,23263,22888,1488,24376,292
2021-05-23,Plumas,063,18699,703,683,11,694,4
2021-05-23,Riverside,065,2383286,294012,288641,13836,302477,4442
2021-05-23,Sacramento,067,1510023,105966,105663,1731,107394,1632
2021-05-23,San Benito,069,59416,6053,6072,112,6184,63
2021-05-23,San Bernardino,071,2135413,293153,292327,8902,301229,4747
2021-05-23,San Diego,073,3302833,280617,279690,14934,294624,3751
2021-05-23,San Francisco,075,870044,36702,36927,1264,38191,547
2021-05-23,San Joaquin,077,732212,73058,72571,3486,76057,1371
2021-05-23,San Luis Obispo,079,281455,21378,21141,732,21873,256
2021-05-23,San Mateo,081,765935,42299,42248,468,42716,433
2021-05-23,Santa Barbara,083,443738,34432,34319,1113,35432,459
2021-05-23,Santa Clara,085,1922200,118560,119333,742,120075,2030
2021-05-23,Santa Cruz,087,273765,16232,16130,797,16927,207
2021-05-23,Shasta,089,179085,12277,12313,1558,13871,201
2021-05-23,Sierra,091,2930,56,54,12,66,0
2021-05-23,Siskiyou,093,43540,1921,1826,345,2171,17
2021-05-23,Solano,095,438530,32781,32780,548,33328,254
2021-05-23,Sonoma,097,501317,30025,30168,327,30495,321
2021-05-23,Stanislaus,099,539301,56299,56104,5867,61971,974
2021-05-23,Sutter,101,95872,9443,9479,84,9563,113
2021-05-23,Tehama,103,63373,5075,5041,561,5602,63
2021-05-23,Trinity,105,12862,483,328,90,418,3
2021-05-23,Tulare,107,460477,50203,49310,8868,58178,838
2021-05-23,Tuolumne,109,53932,4030,4081,42,4123,65
2021-05-23,Ventura,111,848112,81321,80872,2945,83817,1022
2021-05-23,Yolo,113,214977,13991,14004,231,14235,213
2021-05-23,Yuba,115,75493,6040,6017,120,6137,49
2021-05-22,Alameda,001,1643700,88010,88101,1909,90010,1263
2021-05-22,Alpine,002,1148,87,88,0,88,0
2021-05-22,Amador,005,37829,3666,3672,32,3704,46
2021-05-22,Butte,007,227075,12488,12265,1833,14098,189
2021-05-22,Calaveras,009,45235,2150,2141,13,2154,54
2021-05-22,Colusa,011,21464,1940,1949,307,2256,15
2021-05-22,Contra Costa,013,1133247,69489,69004,1250,70254,809
2021-05-22,Del Norte,015,27424,1412,1381,12,1393,8
2021-05-22,El Dorado,017,186661,10293,10215,738,10953,112
2021-05-22,Fresno,019,978130,102595,102238,8582,110820,1698
2021-05-22,Glenn,021,27897,2432,2412,554,2966,17
2021-05-22,Humboldt,023,135768,4232,4194,35,4229,42
2021-05-22,Imperial,025,180216,28596,28574,2681,31255,735
2021-05-22,Inyo,027,18085,1404,1402,12,1414,36
2021-05-22,Kern,029,883053,97246,96260,10793,107053,1319
2021-05-22,Kings,031,150075,23130,22936,1072,24008,246
2021-05-22,Lake,033,64148,3521,3502,9,3511,43
2021-05-22,Lassen,035,31185,5202,5163,111,5274,6
2021-05-22,Los Angeles,037,10098052,1206683,1197454,40359,1237813,24192
2021-05-22,Madera,039,155013,16611,16503,925,17428,239
2021-05-22,Marin,041,260295,14091,14043,250,14293,227
2021-05-22,Mariposa,043,17540,430,427,11,438,5
2021-05-22,Mendocino,045,87422,3985,3908,82,3990,47
2021-05-22,Merced,047,269075,30964,31099,1028,32127,455
2021-05-22,Modoc,049,8938,371,366,128,494,3
2021-05-22,Mono,051,14174,1261,1270,17,1287,3
2021-05-22,Monterey,053,433212,43145,42998,1829,44827,379
2021-05-22,Napa,055,140530,9881,9918,33,9951,82
2021-05-22,Nevada,057,99092,4804,4787,187,4974,70
2021-05-22,Orange,059,3164182,255436,254238,11214,265452,5048
2021-05-22,Placer,061,380077,23249,22865,1487,24352,292
2021-05-22,Plumas,063,18699,702,683,11,694,4
2021-05-22,Riverside,065,2383286,293980,288580,13835,302415,4442
2021-05-22,Sacramento,067,1510023,105891,105551,1728,107279,1632
2021-05-22,San Benito,069,59416,6053,6071,112,6183,63
2021-05-22,San Bernardino,071,2135413,293128,292292,8902,301194,4747
2021-05-22,San Diego,073,3302833,280558,279614,14926,294540,3751
2021-05-22,San Francisco,075,870044,36692,36906,1262,38168,547
2021-05-22,San Joaquin,077,732212,73036,72528,3483,76011,1371
2021-05-22,San Luis Obispo,079,281455,21370,21134,731,21865,256
2021-05-22,San Mateo,081,765935,42289,42218,468,42686,433
2021-05-22,Santa Barbara,083,443738,34428,34313,1112,35425,459
2021-05-22,Santa Clara,085,1922200,118537,119292,742,120034,2030
2021-05-22,Santa Cruz,087,273765,16232,16125,797,16922,207
2021-05-22,Shasta,089,179085,12270,12307,1555,13862,201
2021-05-22,Sierra,091,2930,56,54,12,66,0
2021-05-22,Siskiyou,093,43540,1920,1824,344,2168,17
2021-05-22,Solano,095,438530,32768,32753,548,33301,254
2021-05-22,Sonoma,097,501317,30013,30154,327,30481,321
2021-05-22,Stanislaus,099,539301,56275,56069,5866,61935,974
2021-05-22,Sutter,101,95872,9438,9476,84,9560,113
2021-05-22,Tehama,103,63373,5074,5036,561,5597,63
2021-05-22,Trinity,105,12862,483,328,90,418,3
2021-05-22,Tulare,107,460477,50198,49299,8863,58162,838
2021-05-22,Tuolumne,109,53932,4030,4078,42,4120,65
2021-05-22,Ventura,111,848112,81317,80859,2945,83804,1022
2021-05-22,Yolo,113,214977,13989,13997,231,14228,213
2021-05-22,Yuba,115,75493,6037,6010,120,6130,49
2021-05-21,Alameda,001,1643700,87984,88041,1908,89949,1263
2021-05-21,Alpine,002,1148,87,88,0,88,0
2021-05-21,Amador,005,37829,3663,3672,32,3704,46
2021-05-21,Butte,007,227075,12482,12236,1831,14067,188
2021-05-21,Calaveras,009,45235,2148,2138,13,2151,54
2021-05-21,Colusa,011,21464,1940,1947,307,2254,15
2021-05-21,Contra Costa,013,1133247,69446,68965,1249,70214,810
2021-05-21,Del Norte,015,27424,1411,1376,12,1388,8
2021-05-21,El Dorado,017,186661,10289,10204,738,10942,112
2021-05-21,Fresno,019,978130,102567,102189,8580,110769,1698
2021-05-21,Glenn,021,27897,2431,2408,554,2962,17
2021-05-21,Humboldt,023,135768,4225,4175,35,4210,42
2021-05-21,Imperial,025,180216,28589,28572,2680,31252,732
2021-05-21,Inyo,027,18085,1404,1402,12,1414,36
2021-05-21,Kern,029,883053,97232,96233,10786,107019,1318
2021-05-21,Kings,031,150075,23130,22927,1072,23999,246
2021-05-21,Lake,033,64148,3519,3500,9,3509,43
2021-05-21,Lassen,035,31185,5201,5161,111,5272,6
2021-05-21,Los Angeles,037,10098052,1206565,1197263,40351,1237614,24180
2021-05-21,Madera,039,155013,16610,16500,924,17424,238
2021-05-21,Marin,041,260295,14086,14042,250,14292,227
2021-05-21,Mariposa,043,17540,429,427,11,438,5
2021-05-21,Mendocino,045,87422,3980,3897,82,3979,47
2021-05-21,Merced,047,269075,30956,31076,1028,32104,455
2021-05-21,Modoc,049,8938,371,365,128,493,3
2021-05-21,Mono,051,14174,1261,1269,17,1286,3
2021-05-21,Monterey,053,433212,43143,42995,1829,44824,379
2021-05-21,Napa,055,140530,9877,9913,33,9946,82
2021-05-21,Nevada,057,99092,4803,4779,187,4966,70
2021-05-21,Orange,059,3164182,255416,254171,11212,265383,5042
2021-05-21,Placer,061,380077,23240,22853,1487,24340,292
2021-05-21,Plumas,063,18699,702,683,10,693,4
2021-05-21,Riverside,065,2383286,293953,288499,13828,302327,4442
2021-05-21,Sacramento,067,1510023,105823,105476,1725,107201,1632
2021-05-21,San Benito,069,59416,6053,6068,112,6180,63
2021-05-21,San Bernardino,071,2135413,293096,292205,8900,301105,4744
2021-05-21,San Diego,073,3302833,280485,279554,14916,294470,3748
2021-05-21,San Francisco,075,870044,36687,36879,1262,38141,546
2021-05-21,San Joaquin,077,732212,73016,72467,3481,75948,1371
2021-05-21,San Luis Obispo,079,281455,21364,21128,728,21856,256
2021-05-21,San Mateo,081,765935,42276,42163,467,42630,432
2021-05-21,Santa Barbara,083,443738,34423,34302,1112,35414,459
2021-05-21,Santa Clara,085,1922200,118510,119247,742,119989,2029
2021-05-21,Santa Cruz,087,273765,16228,16120,797,16917,207
2021-05-21,Shasta,089,179085,12253,12289,1553,13842,201
2021-05-21,Sierra,091,2930,56,54,12,66,0
2021-05-21,Siskiyou,093,43540,1919,1815,344,2159,16
2021-05-21,Solano,095,438530,32753,32742,548,33290,254
2021-05-21,Sonoma,097,501317,30000,30126,327,30453,321
2021-05-21,Stanislaus,099,539301,56245,56036,5864,61900,975
2021-05-21,Sutter,101,95872,9436,9470,84,9554,113
2021-05-21,Tehama,103,63373,5068,5030,561,5591,63
2021-05-21,Trinity,105,12862,483,329,89,418,3
2021-05-21,Tulare,107,460477,50193,49271,8861,58132,838
2021-05-21,Tuolumne,109,53932,4028,4079,42,4121,65
2021-05-21,Ventura,111,848112,81309,80821,2942,83763,1021
2021-05-21,Yolo,113,214977,13983,13983,231,14214,213
2021-05-21,Yuba,115,75493,6031,6006,120,6126,49
2021-05-20,Alameda,001,1643700,87941,87975,1906,89881,1264
2021-05-20,Alpine,002,1148,87,88,0,88,0
2021-05-20,Amador,005,37829,3662,3671,32,3703,46
2021-05-20,Butte,007,227075,12475,12220,1828,14048,188
2021-05-20,Calaveras,009,45235,2144,2138,13,2151,54
2021-05-20,Colusa,011,21464,1939,1946,305,2251,15
2021-05-20,Contra Costa,013,1133247,69401,68913,1247,70160,809
2021-05-20,Del Norte,015,27424,1411,1373,12,1385,8
2021-05-20,El Dorado,017,186661,10279,10188,738,10926,112
2021-05-20,Fresno,019,978130,102545,102135,8578,110713,1696
2021-05-20,Glenn,021,27897,2428,2406,554,2960,17
2021-05-20,Humboldt,023,135768,4208,4162,34,4196,42
2021-05-20,Imperial,025,180216,28584,28551,2680,31231,732
2021-05-20,Inyo,027,18085,1404,1402,12,1414,36
2021-05-20,Kern,029,883053,97211,96204,10779,106983,1317
2021-05-20,Kings,031,150075,23128,22922,1072,23994,246
2021-05-20,Lake,033,64148,3516,3500,9,3509,43
2021-05-20,Lassen,035,31185,5199,5160,110,5270,6
2021-05-20,Los Angeles,037,10098052,1206408,1197073,40341,1237414,24168
2021-05-20,Madera,039,155013,16604,16499,922,17421,238
2021-05-20,Marin,041,260295,14082,14036,249,14285,227
2021-05-20,Mariposa,043,17540,429,426,11,437,5
2021-05-20,Mendocino,045,87422,3973,3897,82,3979,47
2021-05-20,Merced,047,269075,30943,31046,1027,32073,454
2021-05-20,Modoc,049,8938,371,365,128,493,3
2021-05-20,Mono,051,14174,1260,1269,17,1286,3
2021-05-20,Monterey,053,433212,43137,42984,1828,44812,379
2021-05-20,Napa,055,140530,9874,9913,33,9946,82
2021-05-20,Nevada,057,99092,4802,4775,187,4962,70
2021-05-20,Orange,059,3164182,255373,254127,11209,265336,5038
2021-05-20,Placer,061,380077,23227,22823,1486,24309,292
2021-05-20,Plumas,063,18699,700,682,10,692,4
2021-05-20,Riverside,065,2383286,293905,288453,13823,302276,4442
2021-05-20,Sacramento,067,1510023,105727,105414,1722,107136,1629
2021-05-20,San Benito,069,59416,6052,6067,112,6179,63
2021-05-20,San Bernardino,071,2135413,293050,292153,8899,301052,4728
2021-05-20,San Diego,073,3302833,280397,279490,14904,294394,3749
2021-05-20,San Francisco,075,870044,36678,36860,1262,38122,546
2021-05-20,San Joaquin,077,732212,72978,72388,3479,75867,1371
2021-05-20,San Luis Obispo,079,281455,21352,21095,726,21821,256
2021-05-20,San Mateo,081,765935,42262,42152,465,42617,432
2021-05-20,Santa Barbara,083,443738,34419,34293,1112,35405,459
2021-05-20,Santa Clara,085,1922200,118489,119222,742,119964,2029
2021-05-20,Santa Cruz,087,273765,16223,16119,797,16916,207
2021-05-20,Shasta,089,179085,12240,12266,1550,13816,200
2021-05-20,Sierra,091,2930,56,54,12,66,0
2021-05-20,Siskiyou,093,43540,1912,1811,343,2154,16
2021-05-20,Solano,095,438530,32738,32725,548,33273,253
2021-05-20,Sonoma,097,501317,29983,30107,326,30433,321
2021-05-20,Stanislaus,099,539301,56216,55979,5862,61841,970
2021-05-20,Sutter,101,95872,9432,9467,84,9551,113
2021-05-20,Tehama,103,63373,5066,5029,561,5590,63
2021-05-20,Trinity,105,12862,483,329,88,417,3
2021-05-20,Tulare,107,460477,50182,49217,8858,58075,837
2021-05-20,Tuolumne,109,53932,4027,4077,42,4119,65
2021-05-20,Ventura,111,848112,81298,80800,2942,83742,1019
2021-05-20,Yolo,113,214977,13978,13973,231,14204,211
2021-05-20,Yuba,115,75493,6022,6002,120,6122,49
2021-05-19,Alameda,001,1643700,87902,87889,1905,89794,1260
2021-05-19,Alpine,002,1148,87,88,0,88,0
2021-05-19,Amador,005,37829,3662,3669,32,3701,46
2021-05-19,Butte,007,227075,12464,12198,1828,14026,188
2021-05-19,Calaveras,009,45235,2140,2132,13,2145,54
2021-05-19,Colusa,011,21464,1939,1945,303,2248,15
2021-05-19,Contra Costa,013,1133247,69354,68836,1247,70083,808
2021-05-19,Del Norte,015,27424,1409,1371,12,1383,8
2021-05-19,El Dorado,017,186661,10274,10179,737,10916,112
2021-05-19,Fresno,019,978130,102514,102085,8575,110660,1693
2021-05-19,Glenn,021,27897,2428,2404,554,2958,17
2021-05-19,Humboldt,023,135768,4198,4143,34,4177,42
2021-05-19,Imperial,025,180216,28575,28550,2680,31230,732
2021-05-19,Inyo,027,18085,1404,1402,12,1414,36
2021-05-19,Kern,029,883053,97182,96173,10772,106945,1316
2021-05-19,Kings,031,150075,23122,22919,1072,23991,246
2021-05-19,Lake,033,64148,3516,3497,9,3506,43
2021-05-19,Lassen,035,31185,5198,5157,110,5267,6
2021-05-19,Los Angeles,037,10098052,1206211,1196856,40327,1237183,24143
2021-05-19,Madera,039,155013,16601,16496,922,17418,238
2021-05-19,Marin,041,260295,14078,14033,247,14280,227
2021-05-19,Mariposa,043,17540,429,425,11,436,5
2021-05-19,Mendocino,045,87422,3969,3886,82,3968,47
2021-05-19,Merced,047,269075,30927,31044,1027,32071,452
2021-05-19,Modoc,049,8938,371,364,125,489,3
2021-05-19,Mono,051,14174,1260,1266,17,1283,3
2021-05-19,Monterey,053,433212,43132,42973,1827,44800,379
2021-05-19,Napa,055,140530,9871,9906,33,9939,82
2021-05-19,Nevada,057,99092,4800,4769,187,4956,70
2021-05-19,Orange,059,3164182,255336,254087,11199,265286,5035
2021-05-19,Placer,061,380077,23208,22784,1481,24265,291
2021-05-19,Plumas,063,18699,700,682,10,692,4
2021-05-19,Riverside,065,2383286,293859,288398,13821,302219,4442
2021-05-19,Sacramento,067,1510023,105648,105225,1721,106946,1629
2021-05-19,San Benito,069,59416,6051,6064,112,6176,63
2021-05-19,San Bernardino,071,2135413,293006,292078,8896,300974,4725
2021-05-19,San Diego,073,3302833,280312,279345,14883,294228,3746
2021-05-19,San Francisco,075,870044,36665,36835,1261,38096,546
2021-05-19,San Joaquin,077,732212,72935,72338,3474,75812,1369
2021-05-19,San Luis Obispo,079,281455,21344,21085,725,21810,256
2021-05-19,San Mateo,081,765935,42255,42126,465,42591,429
2021-05-19,Santa Barbara,083,443738,34411,34292,1112,35404,459
2021-05-19,Santa Clara,085,1922200,118449,119176,741,119917,2015
2021-05-19,Santa Cruz,087,273765,16219,16121,796,16917,207
2021-05-19,Shasta,089,179085,12222,12233,1547,13780,200
2021-05-19,Sierra,091,2930,56,54,12,66,0
2021-05-19,Siskiyou,093,43540,1909,1803,342,2145,16
2021-05-19,Solano,095,438530,32711,32678,546,33224,253
2021-05-19,Sonoma,097,501317,29968,30080,326,30406,321
2021-05-19,Stanislaus,099,539301,56196,55912,5857,61769,967
2021-05-19,Sutter,101,95872,9425,9459,83,9542,113
2021-05-19,Tehama,103,63373,5057,5026,557,5583,63
2021-05-19,Trinity,105,12862,483,329,88,417,3
2021-05-19,Tulare,107,460477,50169,49163,8853,58016,837
2021-05-19,Tuolumne,109,53932,4027,4074,42,4116,64
2021-05-19,Ventura,111,848112,81283,80747,2941,83688,1019
2021-05-19,Yolo,113,214977,13972,13961,230,14191,211
2021-05-19,Yuba,115,75493,6018,5993,120,6113,49
2021-05-18,Alameda,001,1643700,87828,87816,1905,89721,1254
2021-05-18,Alpine,002,1148,87,88,0,88,0
2021-05-18,Amador,005,37829,3662,3669,32,3701,46
2021-05-18,Butte,007,227075,12451,12164,1825,13989,191
2021-05-18,Calaveras,009,45235,2136,2131,13,2144,54
2021-05-18,Colusa,011,21464,1939,1943,303,2246,14
2021-05-18,Contra Costa,013,1133247,69297,68750,1246,69996,808
2021-05-18,Del Norte,015,27424,1406,1371,12,1383,8
2021-05-18,El Dorado,017,186661,10263,10169,736,10905,112
2021-05-18,Fresno,019,978130,102478,102056,8572,110628,1690
2021-05-18,Glenn,021,27897,2422,2403,553,2956,17
2021-05-18,Humboldt,023,135768,4180,4132,34,4166,42
2021-05-18,Imperial,025,180216,28570,28538,2678,31216,730
2021-05-18,Inyo,027,18085,1404,1401,12,1413,36
2021-05-18,Kern,029,883053,97149,96128,10758,106886,1315
2021-05-18,Kings,031,150075,23116,22916,1072,23988,247
2021-05-18,Lake,033,64148,3514,3495,9,3504,43
2021-05-18,Lassen,035,31185,5197,5157,109,5266,6
2021-05-18,Los Angeles,037,10098052,1206031,1196668,40316,1236984,24133
2021-05-18,Madera,039,155013,16591,16491,921,17412,238
2021-05-18,Marin,041,260295,14075,14026,247,14273,227
2021-05-18,Mariposa,043,17540,429,424,11,435,5
2021-05-18,Mendocino,045,87422,3957,3877,81,3958,47
2021-05-18,Merced,047,269075,30908,31036,1027,32063,452
2021-05-18,Modoc,049,8938,370,364,124,488,3
2021-05-18,Mono,051,14174,1259,1265,17,1282,3
2021-05-18,Monterey,053,433212,43126,43001,1827,44828,379
2021-05-18,Napa,055,140530,9871,9905,33,9938,82
2021-05-18,Nevada,057,99092,4793,4762,187,4949,70
2021-05-18,Orange,059,3164182,255296,254041,11189,265230,5031
2021-05-18,Placer,061,380077,23175,22726,1477,24203,291
2021-05-18,Plumas,063,18699,700,682,10,692,4
2021-05-18,Riverside,065,2383286,293804,288354,13814,302168,4438
2021-05-18,Sacramento,067,1510023,105546,105083,1719,106802,1629
2021-05-18,San Benito,069,59416,6050,6065,112,6177,63
2021-05-18,San Bernardino,071,2135413,292948,292014,8891,300905,4722
2021-05-18,San Diego,073,3302833,280204,279254,14874,294128,3742
2021-05-18,San Francisco,075,870044,36645,36818,1261,38079,546
2021-05-18,San Joaquin,077,732212,72888,72282,3470,75752,1368
2021-05-18,San Luis Obispo,079,281455,21334,21080,723,21803,256
2021-05-18,San Mateo,081,765935,42243,42099,464,42563,428
2021-05-18,Santa Barbara,083,443738,34402,34278,1112,35390,459
2021-05-18,Santa Clara,085,1922200,118422,119171,741,119912,2014
2021-05-18,Santa Cruz,087,273765,16211,16137,796,16933,207
2021-05-18,Shasta,089,179085,12204,12197,1541,13738,200
2021-05-18,Sierra,091,2930,56,54,12,66,0
2021-05-18,Siskiyou,093,43540,1908,1799,342,2141,16
2021-05-18,Solano,095,438530,32686,32644,546,33190,253
2021-05-18,Sonoma,097,501317,29948,30054,325,30379,321
2021-05-18,Stanislaus,099,539301,56160,55860,5857,61717,959
2021-05-18,Sutter,101,95872,9417,9453,83,9536,113
2021-05-18,Tehama,103,63373,5051,5020,555,5575,63
2021-05-18,Trinity,105,12862,483,329,87,416,3
2021-05-18,Tulare,107,460477,50161,49142,8848,57990,836
2021-05-18,Tuolumne,109,53932,4025,4073,42,4115,64
2021-05-18,Ventura,111,848112,81267,80726,2939,83665,1017
2021-05-18,Yolo,113,214977,13964,13951,230,14181,211
2021-05-18,Yuba,115,75493,6014,5989,120,6109,49
2021-05-17,Alameda,001,1643700,87775,87766,1902,89668,1253
2021-05-17,Alpine,002,1148,87,88,0,88,0
2021-05-17,Amador,005,37829,3659,3668,32,3700,46
2021-05-17,Butte,007,227075,12443,12144,1825,13969,192
2021-05-17,Calaveras,009,45235,2136,2131,13,2144,53
2021-05-17,Colusa,011,21464,1939,1943,303,2246,14
2021-05-17,Contra Costa,013,1133247,69242,68720,1245,69965,805
2021-05-17,Del Norte,015,27424,1401,1369,12,1381,8
2021-05-17,El Dorado,017,186661,10246,10163,736,10899,112
2021-05-17,Fresno,019,978130,102434,102013,8564,110577,1690
2021-05-17,Glenn,021,27897,2422,2401,553,2954,17
2021-05-17,Humboldt,023,135768,4169,4112,34,4146,42
2021-05-17,Imperial,025,180216,28564,28533,2676,31209,729
2021-05-17,Inyo,027,18085,1404,1401,12,1413,36
2021-05-17,Kern,029,883053,97120,96095,10740,106835,1315
2021-05-17,Kings,031,150075,23113,22918,1072,23990,246
2021-05-17,Lake,033,64148,3509,3489,9,3498,43
2021-05-17,Lassen,035,31185,5194,5156,108,5264,6
2021-05-17,Los Angeles,037,10098052,1205850,1196556,40310,1236866,24123
2021-05-17,Madera,039,155013,16584,16486,921,17407,238
2021-05-17,Marin,041,260295,14069,14021,247,14268,227
2021-05-17,Mariposa,043,17540,428,423,11,434,5
2021-05-17,Mendocino,045,87422,3948,3868,81,3949,46
2021-05-17,Merced,047,269075,30893,31031,1027,32058,450
2021-05-17,Modoc,049,8938,369,362,124,486,3
2021-05-17,Mono,051,14174,1255,1265,17,1282,3
2021-05-17,Monterey,053,433212,43119,42995,1827,44822,379
2021-05-17,Napa,055,140530,9870,9894,33,9927,82
2021-05-17,Nevada,057,99092,4789,4761,186,4947,70
2021-05-17,Orange,059,3164182,255249,253993,11182,265175,5031
2021-05-17,Placer,061,380077,23152,22706,1470,24176,289
2021-05-17,Plumas,063,18699,700,682,10,692,4
2021-05-17,Riverside,065,2383286,293735,288304,13810,302114,4433
2021-05-17,Sacramento,067,1510023,105439,105035,1717,106752,1629
2021-05-17,San Benito,069,59416,6047,6067,112,6179,63
2021-05-17,San Bernardino,071,2135413,292898,291989,8883,300872,4724
2021-05-17,San Diego,073,3302833,280072,279146,14852,293998,3742
2021-05-17,San Francisco,075,870044,36633,36816,1259,38075,546
2021-05-17,San Joaquin,077,732212,72850,72234,3467,75701,1359
2021-05-17,San Luis Obispo,079,281455,21325,21079,721,21800,256
2021-05-17,San Mateo,081,765935,42215,42083,464,42547,428
2021-05-17,Santa Barbara,083,443738,34395,34275,1112,35387,459
2021-05-17,Santa Clara,085,1922200,118385,119116,739,119855,2015
2021-05-17,Santa Cruz,087,273765,16208,16151,796,16947,206
2021-05-17,Shasta,089,179085,12182,12163,1540,13703,200
2021-05-17,Sierra,091,2930,56,54,12,66,0
2021-05-17,Siskiyou,093,43540,1899,1795,339,2134,15
2021-05-17,Solano,095,438530,32668,32627,545,33172,253
2021-05-17,Sonoma,097,501317,29925,30043,324,30367,321
2021-05-17,Stanislaus,099,539301,56112,55839,5850,61689,951
2021-05-17,Sutter,101,95872,9410,9447,83,9530,113
2021-05-17,Tehama,103,63373,5047,5016,554,5570,63
2021-05-17,Trinity,105,12862,483,328,87,415,3
2021-05-17,Tulare,107,460477,50139,49107,8843,57950,836
2021-05-17,Tuolumne,109,53932,4025,4071,42,4113,64
2021-05-17,Ventura,111,848112,81247,80699,2939,83638,1017
2021-05-17,Yolo,113,214977,13957,13941,230,14171,211
2021-05-17,Yuba,115,75493,6006,5987,120,6107,49
2021-05-16,Alameda,001,1643700,87711,87743,1902,89645,1253
2021-05-16,Alpine,002,1148,87,88,0,88,0
2021-05-16,Amador,005,37829,3658,3667,32,3699,46
2021-05-16,Butte,007,227075,12429,12140,1824,13964,192
2021-05-16,Calaveras,009,45235,2134,2129,13,2142,53
2021-05-16,Colusa,011,21464,1937,1943,303,2246,14
2021-05-16,Contra Costa,013,1133247,69174,68694,1243,69937,805
2021-05-16,Del Norte,015,27424,1398,1365,12,1377,8
2021-05-16,El Dorado,017,186661,10230,10159,735,10894,112
2021-05-16,Fresno,019,978130,102390,101987,8558,110545,1690
2021-05-16,Glenn,021,27897,2422,2401,552,2953,17
2021-05-16,Humboldt,023,135768,4155,4104,34,4138,42
2021-05-16,Imperial,025,180216,28553,28516,2675,31191,729
2021-05-16,Inyo,027,18085,1404,1401,12,1413,36
2021-05-16,Kern,029,883053,97087,96083,10720,106803,1315
2021-05-16,Kings,031,150075,23109,22918,1069,23987,246
2021-05-16,Lake,033,64148,3506,3489,9,3498,43
2021-05-16,Lassen,035,31185,5193,5156,108,5264,6
2021-05-16,Los Angeles,037,10098052,1205624,1196397,40294,1236691,24120
2021-05-16,Madera,039,155013,16579,16483,918,17401,238
2021-05-16,Marin,041,260295,14066,14015,247,14262,227
2021-05-16,Mariposa,043,17540,428,423,11,434,5
2021-05-16,Mendocino,045,87422,3938,3863,81,3944,46
2021-05-16,Merced,047,269075,30872,31023,1025,32048,450
2021-05-16,Modoc,049,8938,369,362,124,486,3
2021-05-16,Mono,051,14174,1255,1265,17,1282,3
2021-05-16,Monterey,053,433212,43114,42991,1827,44818,379
2021-05-16,Napa,055,140530,9867,9891,33,9924,82
2021-05-16,Nevada,057,99092,4785,4755,186,4941,70
2021-05-16,Orange,059,3164182,255217,253962,11179,265141,5031
2021-05-16,Placer,061,380077,23120,22696,1464,24160,289
2021-05-16,Plumas,063,18699,699,682,10,692,4
2021-05-16,Riverside,065,2383286,293659,288259,13801,302060,4433
2021-05-16,Sacramento,067,1510023,105325,105013,1715,106728,1628
2021-05-16,San Benito,069,59416,6046,6067,111,6178,63
2021-05-16,San Bernardino,071,2135413,292826,291940,8881,300821,4724
2021-05-16,San Diego,073,3302833,279954,279099,14839,293938,3742
2021-05-16,San Francisco,075,870044,36609,36808,1258,38066,546
2021-05-16,San Joaquin,077,732212,72801,72218,3462,75680,1359
2021-05-16,San Luis Obispo,079,281455,21317,21072,720,21792,256
2021-05-16,San Mateo,081,765935,42204,42063,463,42526,428
2021-05-16,Santa Barbara,083,443738,34388,34270,1112,35382,459
2021-05-16,Santa Clara,085,1922200,118355,119098,738,119836,2015
2021-05-16,Santa Cruz,087,273765,16206,16143,796,16939,206
2021-05-16,Shasta,089,179085,12166,12156,1536,13692,200
2021-05-16,Sierra,091,2930,56,54,12,66,0
2021-05-16,Siskiyou,093,43540,1895,1790,338,2128,15
2021-05-16,Solano,095,438530,32635,32619,543,33162,253
2021-05-16,Sonoma,097,501317,29906,30033,324,30357,321
2021-05-16,Stanislaus,099,539301,56059,55814,5839,61653,951
2021-05-16,Sutter,101,95872,9403,9445,83,9528,113
2021-05-16,Tehama,103,63373,5043,5013,553,5566,63
2021-05-16,Trinity,105,12862,483,328,87,415,3
2021-05-16,Tulare,107,460477,50122,49091,8840,57931,837
2021-05-16,Tuolumne,109,53932,4021,4070,42,4112,64
2021-05-16,Ventura,111,848112,81216,80689,2939,83628,1017
2021-05-16,Yolo,113,214977,13942,13938,230,14168,211
2021-05-16,Yuba,115,75493,6003,5987,120,6107,49
2021-05-15,Alameda,001,1643700,87685,87677,1901,89578,1252
2021-05-15,Alpine,002,1148,87,88,0,88,0
2021-05-15,Amador,005,37829,3658,3666,32,3698,46
2021-05-15,Butte,007,227075,12422,12095,1823,13918,192
2021-05-15,Calaveras,009,45235,2133,2126,13,2139,53
2021-05-15,Colusa,011,21464,1937,1941,301,2242,14
2021-05-15,Contra Costa,013,1133247,69128,68658,1243,69901,805
2021-05-15,Del Norte,015,27424,1393,1359,12,1371,8
2021-05-15,El Dorado,017,186661,10218,10156,734,10890,112
2021-05-15,Fresno,019,978130,102353,101957,8556,110513,1690
2021-05-15,Glenn,021,27897,2422,2400,552,2952,17
2021-05-15,Humboldt,023,135768,4145,4080,34,4114,42
2021-05-15,Imperial,025,180216,28550,28504,2674,31178,729
2021-05-15,Inyo,027,18085,1404,1402,12,1414,36
2021-05-15,Kern,029,883053,97073,96061,10706,106767,1315
2021-05-15,Kings,031,150075,23108,22913,1069,23982,246
2021-05-15,Lake,033,64148,3505,3485,9,3494,43
2021-05-15,Lassen,035,31185,5190,5156,107,5263,6
2021-05-15,Los Angeles,037,10098052,1205501,1196255,40281,1236536,24115
2021-05-15,Madera,039,155013,16576,16482,918,17400,238
2021-05-15,Marin,041,260295,14062,14012,247,14259,227
2021-05-15,Mariposa,043,17540,428,423,11,434,5
2021-05-15,Mendocino,045,87422,3935,3861,81,3942,46
2021-05-15,Merced,047,269075,30851,31012,1025,32037,450
2021-05-15,Modoc,049,8938,369,362,124,486,3
2021-05-15,Mono,051,14174,1255,1265,17,1282,3
2021-05-15,Monterey,053,433212,43110,42982,1827,44809,379
2021-05-15,Napa,055,140530,9864,9887,33,9920,82
2021-05-15,Nevada,057,99092,4784,4755,186,4941,70
2021-05-15,Orange,059,3164182,255190,253919,11172,265091,5030
2021-05-15,Placer,061,380077,23099,22688,1464,24152,289
2021-05-15,Plumas,063,18699,699,681,10,691,4
2021-05-15,Riverside,065,2383286,293617,288203,13796,301999,4433
2021-05-15,Sacramento,067,1510023,105253,104929,1712,106641,1628
2021-05-15,San Benito,069,59416,6046,6066,111,6177,63
2021-05-15,San Bernardino,071,2135413,292784,291892,8879,300771,4724
2021-05-15,San Diego,073,3302833,279883,278991,14824,293815,3737
2021-05-15,San Francisco,075,870044,36593,36795,1256,38051,546
2021-05-15,San Joaquin,077,732212,72775,72197,3460,75657,1359
2021-05-15,San Luis Obispo,079,281455,21314,21061,719,21780,256
2021-05-15,San Mateo,081,765935,42188,42059,463,42522,428
2021-05-15,Santa Barbara,083,443738,34380,34259,1112,35371,459
2021-05-15,Santa Clara,085,1922200,118334,119060,738,119798,2016
2021-05-15,Santa Cruz,087,273765,16202,16137,796,16933,206
2021-05-15,Shasta,089,179085,12154,12152,1533,13685,200
2021-05-15,Sierra,091,2930,56,54,12,66,0
2021-05-15,Siskiyou,093,43540,1889,1788,336,2124,15
2021-05-15,Solano,095,438530,32626,32604,542,33146,253
2021-05-15,Sonoma,097,501317,29887,30020,324,30344,321
2021-05-15,Stanislaus,099,539301,56028,55795,5832,61627,952
2021-05-15,Sutter,101,95872,9401,9436,83,9519,113
2021-05-15,Tehama,103,63373,5039,5012,552,5564,63
2021-05-15,Trinity,105,12862,483,328,87,415,3
2021-05-15,Tulare,107,460477,50112,49080,8836,57916,837
2021-05-15,Tuolumne,109,53932,4019,4064,42,4106,63
2021-05-15,Ventura,111,848112,81205,80662,2939,83601,1017
2021-05-15,Yolo,113,214977,13935,13932,229,14161,211
2021-05-15,Yuba,115,75493,6000,5979,119,6098,49
2021-05-14,Alameda,001,1643700,87651,87621,1899,89520,1249
2021-05-14,Alpine,002,1148,87,88,0,88,0
2021-05-14,Amador,005,37829,3658,3665,32,3697,46
2021-05-14,Butte,007,227075,12413,12076,1820,13896,192
2021-05-14,Calaveras,009,45235,2129,2121,13,2134,53
2021-05-14,Colusa,011,21464,1936,1940,300,2240,14
2021-05-14,Contra Costa,013,1133247,69086,68589,1241,69830,806
2021-05-14,Del Norte,015,27424,1393,1355,12,1367,8
2021-05-14,El Dorado,017,186661,10211,10143,733,10876,113
2021-05-14,Fresno,019,978130,102324,101917,8550,110467,1688
2021-05-14,Glenn,021,27897,2421,2398,552,2950,17
2021-05-14,Humboldt,023,135768,4138,4050,34,4084,37
2021-05-14,Imperial,025,180216,28542,28485,2673,31158,728
2021-05-14,Inyo,027,18085,1404,1400,12,1412,36
2021-05-14,Kern,029,883053,97043,96033,10697,106730,1311
2021-05-14,Kings,031,150075,23107,22910,1069,23979,246
2021-05-14,Lake,033,64148,3501,3483,9,3492,43
2021-05-14,Lassen,035,31185,5190,5154,107,5261,6
2021-05-14,Los Angeles,037,10098052,1205366,1196038,40276,1236314,24101
2021-05-14,Madera,039,155013,16573,16474,918,17392,238
2021-05-14,Marin,041,260295,14058,14010,247,14257,227
2021-05-14,Mariposa,043,17540,428,422,11,433,5
2021-05-14,Mendocino,045,87422,3933,3855,81,3936,46
2021-05-14,Merced,047,269075,30841,31010,1025,32035,450
2021-05-14,Modoc,049,8938,369,362,124,486,3
2021-05-14,Mono,051,14174,1254,1265,17,1282,3
2021-05-14,Monterey,053,433212,43105,42973,1827,44800,380
2021-05-14,Napa,055,140530,9861,9883,33,9916,82
2021-05-14,Nevada,057,99092,4779,4745,186,4931,70
2021-05-14,Orange,059,3164182,255156,253855,11165,265020,5028
2021-05-14,Placer,061,380077,23080,22660,1458,24118,287
2021-05-14,Plumas,063,18699,698,680,10,690,4
2021-05-14,Riverside,065,2383286,293567,288140,13793,301933,4433
2021-05-14,Sacramento,067,1510023,105164,104828,1711,106539,1627
2021-05-14,San Benito,069,59416,6046,6064,111,6175,63
2021-05-14,San Bernardino,071,2135413,292736,291834,8879,300713,4721
2021-05-14,San Diego,073,3302833,279810,278853,14813,293666,3732
2021-05-14,San Francisco,075,870044,36584,36771,1252,38023,545
2021-05-14,San Joaquin,077,732212,72743,72160,3453,75613,1359
2021-05-14,San Luis Obispo,079,281455,21310,21051,719,21770,256
2021-05-14,San Mateo,081,765935,42178,42041,463,42504,428
2021-05-14,Santa Barbara,083,443738,34370,34243,1112,35355,456
2021-05-14,Santa Clara,085,1922200,118305,119006,738,119744,2014
2021-05-14,Santa Cruz,087,273765,16197,16130,796,16926,207
2021-05-14,Shasta,089,179085,12148,12130,1528,13658,200
2021-05-14,Sierra,091,2930,56,54,12,66,0
2021-05-14,Siskiyou,093,43540,1882,1779,335,2114,14
2021-05-14,Solano,095,438530,32606,32585,541,33126,252
2021-05-14,Sonoma,097,501317,29868,30007,324,30331,321
2021-05-14,Stanislaus,099,539301,55993,55752,5826,61578,950
2021-05-14,Sutter,101,95872,9392,9433,81,9514,113
2021-05-14,Tehama,103,63373,5032,5005,552,5557,63
2021-05-14,Trinity,105,12862,483,328,87,415,3
2021-05-14,Tulare,107,460477,50095,49060,8831,57891,836
2021-05-14,Tuolumne,109,53932,4019,4060,42,4102,63
2021-05-14,Ventura,111,848112,81191,80628,2939,83567,1014
2021-05-14,Yolo,113,214977,13930,13922,225,14147,210
2021-05-14,Yuba,115,75493,5996,5970,119,6089,47
2021-05-13,Alameda,001,1643700,87608,87557,1898,89455,1250
2021-05-13,Alpine,002,1148,87,88,0,88,0
2021-05-13,Amador,005,37829,3658,3662,32,3694,46
2021-05-13,Butte,007,227075,12399,12051,1819,13870,196
2021-05-13,Calaveras,009,45235,2127,2120,13,2133,53
2021-05-13,Colusa,011,21464,1935,1939,296,2235,14
2021-05-13,Contra Costa,013,1133247,69038,68522,1240,69762,806
2021-05-13,Del Norte,015,27424,1391,1354,12,1366,8
2021-05-13,El Dorado,017,186661,10208,10133,733,10866,112
2021-05-13,Fresno,019,978130,102295,101862,8549,110411,1687
2021-05-13,Glenn,021,27897,2420,2395,552,2947,17
2021-05-13,Humboldt,023,135768,4120,4027,34,4061,37
2021-05-13,Imperial,025,180216,28527,28468,2671,31139,729
2021-05-13,Inyo,027,18085,1404,1400,12,1412,36
2021-05-13,Kern,029,883053,97019,95996,10678,106674,1311
2021-05-13,Kings,031,150075,23106,22904,1069,23973,246
2021-05-13,Lake,033,64148,3501,3479,9,3488,43
2021-05-13,Lassen,035,31185,5190,5152,106,5258,6
2021-05-13,Los Angeles,037,10098052,1205177,1195504,40262,1235766,24083
2021-05-13,Madera,039,155013,16565,16467,918,17385,238
2021-05-13,Marin,041,260295,14053,14004,245,14249,227
2021-05-13,Mariposa,043,17540,428,422,11,433,5
2021-05-13,Mendocino,045,87422,3929,3846,81,3927,46
2021-05-13,Merced,047,269075,30834,30989,1024,32013,450
2021-05-13,Modoc,049,8938,369,362,124,486,3
2021-05-13,Mono,051,14174,1254,1265,17,1282,3
2021-05-13,Monterey,053,433212,43090,42966,1827,44793,380
2021-05-13,Napa,055,140530,9854,9877,33,9910,82
2021-05-13,Nevada,057,99092,4775,4743,185,4928,70
2021-05-13,Orange,059,3164182,255110,253778,11163,264941,5026
2021-05-13,Placer,061,380077,23053,22668,1451,24119,288
2021-05-13,Plumas,063,18699,698,680,10,690,4
2021-05-13,Riverside,065,2383286,293501,288067,13788,301855,4433
2021-05-13,Sacramento,067,1510023,105078,104711,1709,106420,1626
2021-05-13,San Benito,069,59416,6044,6062,111,6173,63
2021-05-13,San Bernardino,071,2135413,292670,291765,8879,300644,4722
2021-05-13,San Diego,073,3302833,279696,278592,14796,293388,3729
2021-05-13,San Francisco,075,870044,36560,36741,1250,37991,544
2021-05-13,San Joaquin,077,732212,72701,72096,3449,75545,1357
2021-05-13,San Luis Obispo,079,281455,21295,21043,718,21761,255
2021-05-13,San Mateo,081,765935,42161,42059,463,42522,426
2021-05-13,Santa Barbara,083,443738,34358,34242,1112,35354,456
2021-05-13,Santa Clara,085,1922200,118278,118952,738,119690,2013
2021-05-13,Santa Cruz,087,273765,16191,16129,796,16925,208
2021-05-13,Shasta,089,179085,12128,12111,1524,13635,200
2021-05-13,Sierra,091,2930,56,54,12,66,0
2021-05-13,Siskiyou,093,43540,1875,1769,332,2101,14
2021-05-13,Solano,095,438530,32593,32548,539,33087,252
2021-05-13,Sonoma,097,501317,29843,29991,324,30315,321
2021-05-13,Stanislaus,099,539301,55955,55678,5820,61498,949
2021-05-13,Sutter,101,95872,9387,9431,80,9511,112
2021-05-13,Tehama,103,63373,5027,4997,552,5549,63
2021-05-13,Trinity,105,12862,482,327,86,413,3
2021-05-13,Tulare,107,460477,50069,49032,8823,57855,837
2021-05-13,Tuolumne,109,53932,4018,4059,42,4101,63
2021-05-13,Ventura,111,848112,81161,80615,2938,83553,1012
2021-05-13,Yolo,113,214977,13921,13914,223,14137,210
2021-05-13,Yuba,115,75493,5987,5962,119,6081,47
2021-05-12,Alameda,001,1643700,87576,87482,1896,89378,1261
2021-05-12,Alpine,002,1148,87,88,0,88,0
2021-05-12,Amador,005,37829,3658,3658,32,3690,46
2021-05-12,Butte,007,227075,12389,12026,1819,13845,199
2021-05-12,Calaveras,009,45235,2124,2119,13,2132,53
2021-05-12,Colusa,011,21464,1933,1939,295,2234,14
2021-05-12,Contra Costa,013,1133247,68979,68462,1234,69696,805
2021-05-12,Del Norte,015,27424,1389,1352,12,1364,8
2021-05-12,El Dorado,017,186661,10198,10123,733,10856,112
2021-05-12,Fresno,019,978130,102246,101838,8538,110376,1688
2021-05-12,Glenn,021,27897,2417,2391,552,2943,17
2021-05-12,Humboldt,023,135768,4092,3982,34,4016,37
2021-05-12,Imperial,025,180216,28509,28443,2668,31111,726
2021-05-12,Inyo,027,18085,1404,1400,12,1412,36
2021-05-12,Kern,029,883053,96983,95955,10671,106626,1310
2021-05-12,Kings,031,150075,23104,22896,1069,23965,246
2021-05-12,Lake,033,64148,3499,3476,9,3485,43
2021-05-12,Lassen,035,31185,5188,5151,106,5257,6
2021-05-12,Los Angeles,037,10098052,1204992,1195318,40247,1235565,24067
2021-05-12,Madera,039,155013,16558,16462,917,17379,238
2021-05-12,Marin,041,260295,14048,13997,245,14242,227
2021-05-12,Mariposa,043,17540,428,422,11,433,5
2021-05-12,Mendocino,045,87422,3919,3836,81,3917,46
2021-05-12,Merced,047,269075,30818,30941,1024,31965,450
2021-05-12,Modoc,049,8938,368,362,124,486,3
2021-05-12,Mono,051,14174,1254,1265,17,1282,3
2021-05-12,Monterey,053,433212,43078,42950,1826,44776,380
2021-05-12,Napa,055,140530,9848,9870,33,9903,82
2021-05-12,Nevada,057,99092,4771,4738,185,4923,70
2021-05-12,Orange,059,3164182,255059,253587,11159,264746,5024
2021-05-12,Placer,061,380077,23035,22652,1444,24096,288
2021-05-12,Plumas,063,18699,698,681,10,691,4
2021-05-12,Riverside,065,2383286,293431,287830,13784,301614,4431
2021-05-12,Sacramento,067,1510023,104983,104592,1707,106299,1621
2021-05-12,San Benito,069,59416,6044,6062,111,6173,63
2021-05-12,San Bernardino,071,2135413,292621,291505,8874,300379,4715
2021-05-12,San Diego,073,3302833,279592,278402,14775,293177,3729
2021-05-12,San Francisco,075,870044,36540,36720,1249,37969,544
2021-05-12,San Joaquin,077,732212,72647,72043,3445,75488,1356
2021-05-12,San Luis Obispo,079,281455,21285,21021,718,21739,255
2021-05-12,San Mateo,081,765935,42152,42038,462,42500,426
2021-05-12,Santa Barbara,083,443738,34350,34218,1112,35330,456
2021-05-12,Santa Clara,085,1922200,118234,118897,738,119635,2005
2021-05-12,Santa Cruz,087,273765,16185,16123,796,16919,207
2021-05-12,Shasta,089,179085,12108,12092,1522,13614,200
2021-05-12,Sierra,091,2930,56,54,12,66,0
2021-05-12,Siskiyou,093,43540,1871,1760,331,2091,13
2021-05-12,Solano,095,438530,32569,32519,539,33058,252
2021-05-12,Sonoma,097,501317,29831,29976,324,30300,320
2021-05-12,Stanislaus,099,539301,55914,55632,5813,61445,919
2021-05-12,Sutter,101,95872,9384,9427,80,9507,112
2021-05-12,Tehama,103,63373,5022,4989,552,5541,62
2021-05-12,Trinity,105,12862,482,327,86,413,3
2021-05-12,Tulare,107,460477,50053,49001,8815,57816,838
2021-05-12,Tuolumne,109,53932,4017,4056,42,4098,63
2021-05-12,Ventura,111,848112,81142,80577,2938,83515,1010
2021-05-12,Yolo,113,214977,13913,13910,222,14132,210
2021-05-12,Yuba,115,75493,5984,5956,119,6075,47
2021-05-11,Alameda,001,1643700,87511,87413,1892,89305,1290
2021-05-11,Alpine,002,1148,87,88,0,88,0
2021-05-11,Amador,005,37829,3656,3657,32,3689,46
2021-05-11,Butte,007,227075,12374,12008,1816,13824,199
2021-05-11,Calaveras,009,45235,2124,2118,13,2131,52
2021-05-11,Colusa,011,21464,1932,1939,295,2234,14
2021-05-11,Contra Costa,013,1133247,68919,68406,1233,69639,806
2021-05-11,Del Norte,015,27424,1387,1347,12,1359,8
2021-05-11,El Dorado,017,186661,10192,10108,732,10840,112
2021-05-11,Fresno,019,978130,102200,101792,8533,110325,1686
2021-05-11,Glenn,021,27897,2416,2387,551,2938,17
2021-05-11,Humboldt,023,135768,4071,3964,33,3997,37
2021-05-11,Imperial,025,180216,28501,28413,2664,31077,722
2021-05-11,Inyo,027,18085,1403,1402,12,1414,36
2021-05-11,Kern,029,883053,96955,95938,10658,106596,1310
2021-05-11,Kings,031,150075,23096,22887,1069,23956,246
2021-05-11,Lake,033,64148,3498,3473,9,3482,43
2021-05-11,Lassen,035,31185,5186,5148,106,5254,6
2021-05-11,Los Angeles,037,10098052,1204755,1195100,40230,1235330,24048
2021-05-11,Madera,039,155013,16554,16459,916,17375,238
2021-05-11,Marin,041,260295,14041,13987,245,14232,227
2021-05-11,Mariposa,043,17540,428,421,11,432,5
2021-05-11,Mendocino,045,87422,3911,3821,81,3902,46
2021-05-11,Merced,047,269075,30809,30893,1024,31917,449
2021-05-11,Modoc,049,8938,368,362,123,485,3
2021-05-11,Mono,051,14174,1254,1265,17,1282,3
2021-05-11,Monterey,053,433212,43070,42934,1825,44759,380
2021-05-11,Napa,055,140530,9841,9870,33,9903,81
2021-05-11,Nevada,057,99092,4767,4737,185,4922,70
2021-05-11,Orange,059,3164182,254995,253545,11152,264697,5017
2021-05-11,Placer,061,380077,23013,22615,1440,24055,287
2021-05-11,Plumas,063,18699,696,679,10,689,4
2021-05-11,Riverside,065,2383286,293369,287757,13779,301536,4429
2021-05-11,Sacramento,067,1510023,104884,104496,1704,106200,1616
2021-05-11,San Benito,069,59416,6041,6058,111,6169,63
2021-05-11,San Bernardino,071,2135413,292561,291421,8872,300293,4707
2021-05-11,San Diego,073,3302833,279457,278308,14756,293064,3725
2021-05-11,San Francisco,075,870044,36520,36707,1249,37956,543
2021-05-11,San Joaquin,077,732212,72599,71999,3442,75441,1356
2021-05-11,San Luis Obispo,079,281455,21278,21008,716,21724,255
2021-05-11,San Mateo,081,765935,42133,41985,461,42446,425
2021-05-11,Santa Barbara,083,443738,34340,34207,1112,35319,456
2021-05-11,Santa Clara,085,1922200,118187,118857,737,119594,2005
2021-05-11,Santa Cruz,087,273765,16181,16113,796,16909,206
2021-05-11,Shasta,089,179085,12085,12050,1516,13566,200
2021-05-11,Sierra,091,2930,56,54,12,66,0
2021-05-11,Siskiyou,093,43540,1861,1756,329,2085,13
2021-05-11,Solano,095,438530,32551,32499,537,33036,250
2021-05-11,Sonoma,097,501317,29816,29966,324,30290,318
2021-05-11,Stanislaus,099,539301,55866,55589,5809,61398,909
2021-05-11,Sutter,101,95872,9377,9417,80,9497,112
2021-05-11,Tehama,103,63373,5018,4985,551,5536,62
2021-05-11,Trinity,105,12862,482,327,85,412,3
2021-05-11,Tulare,107,460477,50026,48974,8801,57775,837
2021-05-11,Tuolumne,109,53932,4016,4056,42,4098,63
2021-05-11,Ventura,111,848112,81118,80544,2935,83479,1008
2021-05-11,Yolo,113,214977,13900,13902,219,14121,210
2021-05-11,Yuba,115,75493,5975,5950,119,6069,46
2021-05-10,Alameda,001,1643700,87443,87366,1891,89257,1284
2021-05-10,Alpine,002,1148,87,88,0,88,0
2021-05-10,Amador,005,37829,3655,3657,32,3689,46
2021-05-10,Butte,007,227075,12358,11993,1811,13804,199
2021-05-10,Calaveras,009,45235,2117,2118,13,2131,52
2021-05-10,Colusa,011,21464,1932,1939,295,2234,14
2021-05-10,Contra Costa,013,1133247,68855,68357,1233,69590,806
2021-05-10,Del Norte,015,27424,1384,1339,12,1351,8
2021-05-10,El Dorado,017,186661,10178,10093,732,10825,113
2021-05-10,Fresno,019,978130,102168,101755,8527,110282,1682
2021-05-10,Glenn,021,27897,2415,2384,550,2934,17
2021-05-10,Humboldt,023,135768,4041,3961,33,3994,36
2021-05-10,Imperial,025,180216,28487,28397,2660,31057,722
2021-05-10,Inyo,027,18085,1403,1401,12,1413,36
2021-05-10,Kern,029,883053,96912,95920,10644,106564,1310
2021-05-10,Kings,031,150075,23085,22884,1068,23952,246
2021-05-10,Lake,033,64148,3490,3471,9,3480,43
2021-05-10,Lassen,035,31185,5182,5148,106,5254,5
2021-05-10,Los Angeles,037,10098052,1204488,1194976,40215,1235191,24030
2021-05-10,Madera,039,155013,16544,16450,916,17366,238
2021-05-10,Marin,041,260295,14038,13981,245,14226,228
2021-05-10,Mariposa,043,17540,427,420,11,431,5
2021-05-10,Mendocino,045,87422,3905,3818,81,3899,46
2021-05-10,Merced,047,269075,30798,30880,1024,31904,448
2021-05-10,Modoc,049,8938,368,361,123,484,3
2021-05-10,Mono,051,14174,1254,1265,17,1282,3
2021-05-10,Monterey,053,433212,43064,42927,1820,44747,380
2021-05-10,Napa,055,140530,9839,9860,33,9893,81
2021-05-10,Nevada,057,99092,4760,4735,185,4920,70
2021-05-10,Orange,059,3164182,254942,253484,11146,264630,5008
2021-05-10,Placer,061,380077,22991,22590,1437,24027,286
2021-05-10,Plumas,063,18699,695,679,10,689,4
2021-05-10,Riverside,065,2383286,293300,287689,13773,301462,4427
2021-05-10,Sacramento,067,1510023,104773,104378,1699,106077,1613
2021-05-10,San Benito,069,59416,6040,6058,111,6169,63
2021-05-10,San Bernardino,071,2135413,292510,291360,8871,300231,4707
2021-05-10,San Diego,073,3302833,279293,278183,14729,292912,3725
2021-05-10,San Francisco,075,870044,36501,36683,1249,37932,543
2021-05-10,San Joaquin,077,732212,72562,71954,3428,75382,1356
2021-05-10,San Luis Obispo,079,281455,21260,20993,715,21708,256
2021-05-10,San Mateo,081,765935,42116,41926,461,42387,424
2021-05-10,Santa Barbara,083,443738,34332,34201,1112,35313,456
2021-05-10,Santa Clara,085,1922200,118128,118822,737,119559,2003
2021-05-10,Santa Cruz,087,273765,16176,16114,796,16910,206
2021-05-10,Shasta,089,179085,12071,12036,1512,13548,200
2021-05-10,Sierra,091,2930,56,54,12,66,0
2021-05-10,Siskiyou,093,43540,1851,1752,327,2079,13
2021-05-10,Solano,095,438530,32531,32466,535,33001,250
2021-05-10,Sonoma,097,501317,29800,29955,323,30278,318
2021-05-10,Stanislaus,099,539301,55792,55541,5803,61344,898
2021-05-10,Sutter,101,95872,9371,9412,80,9492,111
2021-05-10,Tehama,103,63373,5014,4980,551,5531,62
2021-05-10,Trinity,105,12862,482,327,83,410,3
2021-05-10,Tulare,107,460477,50003,48956,8795,57751,837
2021-05-10,Tuolumne,109,53932,4012,4054,41,4095,63
2021-05-10,Ventura,111,848112,81102,80501,2934,83435,1008
2021-05-10,Yolo,113,214977,13888,13898,217,14115,209
2021-05-10,Yuba,115,75493,5973,5942,119,6061,46
2021-05-09,Alameda,001,1643700,87373,87292,1888,89180,1284
2021-05-09,Alpine,002,1148,87,88,0,88,0
2021-05-09,Amador,005,37829,3653,3655,32,3687,46
2021-05-09,Butte,007,227075,12340,11985,1807,13792,199
2021-05-09,Calaveras,009,45235,2116,2116,13,2129,52
2021-05-09,Colusa,011,21464,1931,1940,295,2235,14
2021-05-09,Contra Costa,013,1133247,68792,68302,1231,69533,806
2021-05-09,Del Norte,015,27424,1377,1338,12,1350,8
2021-05-09,El Dorado,017,186661,10164,10089,728,10817,113
2021-05-09,Fresno,019,978130,102130,101729,8518,110247,1682
2021-05-09,Glenn,021,27897,2408,2382,547,2929,17
2021-05-09,Humboldt,023,135768,4021,3950,33,3983,36
2021-05-09,Imperial,025,180216,28464,28388,2652,31040,722
2021-05-09,Inyo,027,18085,1403,1401,11,1412,36
2021-05-09,Kern,029,883053,96884,95903,10634,106537,1310
2021-05-09,Kings,031,150075,23076,22878,1068,23946,246
2021-05-09,Lake,033,64148,3486,3471,9,3480,43
2021-05-09,Lassen,035,31185,5180,5147,106,5253,5
2021-05-09,Los Angeles,037,10098052,1204230,1194820,40200,1235020,24026
2021-05-09,Madera,039,155013,16535,16444,910,17354,238
2021-05-09,Marin,041,260295,14027,13979,244,14223,228
2021-05-09,Mariposa,043,17540,424,420,11,431,5
2021-05-09,Mendocino,045,87422,3895,3814,81,3895,46
2021-05-09,Merced,047,269075,30775,30883,1024,31907,448
2021-05-09,Modoc,049,8938,368,360,123,483,3
2021-05-09,Mono,051,14174,1254,1264,17,1281,3
2021-05-09,Monterey,053,433212,43046,42918,1820,44738,380
2021-05-09,Napa,055,140530,9828,9857,33,9890,81
2021-05-09,Nevada,057,99092,4753,4727,185,4912,70
2021-05-09,Orange,059,3164182,254888,253451,11138,264589,5008
2021-05-09,Placer,061,380077,22965,22566,1434,24000,286
2021-05-09,Plumas,063,18699,694,679,10,689,4
2021-05-09,Riverside,065,2383286,293220,287644,13767,301411,4427
2021-05-09,Sacramento,067,1510023,104624,104309,1693,106002,1612
2021-05-09,San Benito,069,59416,6038,6056,111,6167,63
2021-05-09,San Bernardino,071,2135413,292427,291337,8865,300202,4707
2021-05-09,San Diego,073,3302833,279126,277950,14707,292657,3725
2021-05-09,San Francisco,075,870044,36475,36669,1247,37916,543
2021-05-09,San Joaquin,077,732212,72516,71927,3427,75354,1356
2021-05-09,San Luis Obispo,079,281455,21249,20999,715,21714,256
2021-05-09,San Mateo,081,765935,42086,41903,461,42364,424
2021-05-09,Santa Barbara,083,443738,34319,34196,1111,35307,456
2021-05-09,Santa Clara,085,1922200,118074,118798,736,119534,2003
2021-05-09,Santa Cruz,087,273765,16170,16094,796,16890,206
2021-05-09,Shasta,089,179085,12041,12034,1507,13541,200
2021-05-09,Sierra,091,2930,56,54,12,66,0
2021-05-09,Siskiyou,093,43540,1844,1741,324,2065,13
2021-05-09,Solano,095,438530,32492,32434,533,32967,250
2021-05-09,Sonoma,097,501317,29786,29953,322,30275,318
2021-05-09,Stanislaus,099,539301,55726,55511,5799,61310,898
2021-05-09,Sutter,101,95872,9365,9413,80,9493,111
2021-05-09,Tehama,103,63373,5009,4979,551,5530,62
2021-05-09,Trinity,105,12862,482,327,83,410,3
2021-05-09,Tulare,107,460477,49976,48948,8790,57738,837
2021-05-09,Tuolumne,109,53932,4010,4053,41,4094,63
2021-05-09,Ventura,111,848112,81087,80487,2933,83420,1008
2021-05-09,Yolo,113,214977,13877,13897,217,14114,209
2021-05-09,Yuba,115,75493,5967,5934,119,6053,46
2021-05-08,Alameda,001,1643700,87331,87213,1884,89097,1284
2021-05-08,Alpine,002,1148,87,88,0,88,0
2021-05-08,Amador,005,37829,3651,3652,32,3684,46
2021-05-08,Butte,007,227075,12328,11962,1806,13768,199
2021-05-08,Calaveras,009,45235,2115,2114,13,2127,52
2021-05-08,Colusa,011,21464,1931,1939,295,2234,14
2021-05-08,Contra Costa,013,1133247,68759,68223,1229,69452,803
2021-05-08,Del Norte,015,27424,1374,1335,12,1347,8
2021-05-08,El Dorado,017,186661,10150,10079,728,10807,113
2021-05-08,Fresno,019,978130,102094,101676,8513,110189,1682
2021-05-08,Glenn,021,27897,2406,2382,545,2927,17
2021-05-08,Humboldt,023,135768,4005,3939,33,3972,36
2021-05-08,Imperial,025,180216,28455,28373,2652,31025,721
2021-05-08,Inyo,027,18085,1403,1402,11,1413,36
2021-05-08,Kern,029,883053,96859,95880,10621,106501,1310
2021-05-08,Kings,031,150075,23073,22872,1067,23939,246
2021-05-08,Lake,033,64148,3485,3470,9,3479,43
2021-05-08,Lassen,035,31185,5179,5145,106,5251,5
2021-05-08,Los Angeles,037,10098052,1204076,1194584,40184,1234768,24022
2021-05-08,Madera,039,155013,16531,16442,910,17352,238
2021-05-08,Marin,041,260295,14024,13974,243,14217,228
2021-05-08,Mariposa,043,17540,424,420,11,431,5
2021-05-08,Mendocino,045,87422,3890,3810,80,3890,46
2021-05-08,Merced,047,269075,30765,30876,1024,31900,448
2021-05-08,Modoc,049,8938,368,360,122,482,3
2021-05-08,Mono,051,14174,1254,1262,17,1279,3
2021-05-08,Monterey,053,433212,43041,42914,1819,44733,380
2021-05-08,Napa,055,140530,9821,9853,33,9886,81
2021-05-08,Nevada,057,99092,4750,4716,185,4901,70
2021-05-08,Orange,059,3164182,254854,253412,11134,264546,5006
2021-05-08,Placer,061,380077,22947,22547,1432,23979,286
2021-05-08,Plumas,063,18699,693,679,10,689,4
2021-05-08,Riverside,065,2383286,293177,287574,13765,301339,4427
2021-05-08,Sacramento,067,1510023,104539,104208,1690,105898,1610
2021-05-08,San Benito,069,59416,6037,6048,111,6159,63
2021-05-08,San Bernardino,071,2135413,292384,291296,8865,300161,4707
2021-05-08,San Diego,073,3302833,279043,277760,14689,292449,3725
2021-05-08,San Francisco,075,870044,36452,36642,1247,37889,543
2021-05-08,San Joaquin,077,732212,72487,71869,3418,75287,1356
2021-05-08,San Luis Obispo,079,281455,21238,20992,715,21707,256
2021-05-08,San Mateo,081,765935,42075,41871,461,42332,424
2021-05-08,Santa Barbara,083,443738,34306,34185,1111,35296,456
2021-05-08,Santa Clara,085,1922200,118043,118751,736,119487,2003
2021-05-08,Santa Cruz,087,273765,16167,16089,796,16885,206
2021-05-08,Shasta,089,179085,12031,12030,1503,13533,200
2021-05-08,Sierra,091,2930,56,54,12,66,0
2021-05-08,Siskiyou,093,43540,1843,1741,320,2061,13
2021-05-08,Solano,095,438530,32468,32395,531,32926,249
2021-05-08,Sonoma,097,501317,29773,29942,322,30264,318
2021-05-08,Stanislaus,099,539301,55695,55467,5795,61262,898
2021-05-08,Sutter,101,95872,9362,9413,80,9493,111
2021-05-08,Tehama,103,63373,5007,4977,551,5528,62
2021-05-08,Trinity,105,12862,482,327,83,410,3
2021-05-08,Tulare,107,460477,49963,48929,8780,57709,837
2021-05-08,Tuolumne,109,53932,4009,4050,41,4091,63
2021-05-08,Ventura,111,848112,81076,80481,2930,83411,1008
2021-05-08,Yolo,113,214977,13874,13894,216,14110,209
2021-05-08,Yuba,115,75493,5959,5928,119,6047,46
2021-05-07,Alameda,001,1643700,87278,87128,1884,89012,1280
2021-05-07,Alpine,002,1148,87,88,0,88,0
2021-05-07,Amador,005,37829,3648,3651,32,3683,46
2021-05-07,Butte,007,227075,12307,11943,1803,13746,199
2021-05-07,Calaveras,009,45235,2113,2114,13,2127,52
2021-05-07,Colusa,011,21464,1931,1937,295,2232,14
2021-05-07,Contra Costa,013,1133247,68712,68156,1227,69383,804
2021-05-07,Del Norte,015,27424,1369,1329,12,1341,8
2021-05-07,El Dorado,017,186661,10137,10065,727,10792,112
2021-05-07,Fresno,019,978130,102061,101625,8512,110137,1684
2021-05-07,Glenn,021,27897,2403,2381,544,2925,17
2021-05-07,Humboldt,023,135768,3990,3919,33,3952,36
2021-05-07,Imperial,025,180216,28447,28352,2652,31004,721
2021-05-07,Inyo,027,18085,1403,1402,11,1413,36
2021-05-07,Kern,029,883053,96846,95839,10609,106448,1308
2021-05-07,Kings,031,150075,23072,22857,1066,23923,246
2021-05-07,Lake,033,64148,3483,3467,9,3476,43
2021-05-07,Lassen,035,31185,5178,5144,105,5249,5
2021-05-07,Los Angeles,037,10098052,1203896,1194294,40177,1234471,24008
2021-05-07,Madera,039,155013,16526,16439,910,17349,238
2021-05-07,Marin,041,260295,14020,13968,243,14211,228
2021-05-07,Mariposa,043,17540,423,419,11,430,5
2021-05-07,Mendocino,045,87422,3884,3805,80,3885,46
2021-05-07,Merced,047,269075,30762,30862,1024,31886,446
2021-05-07,Modoc,049,8938,368,360,122,482,3
2021-05-07,Mono,051,14174,1253,1261,17,1278,3
2021-05-07,Monterey,053,433212,43035,42909,1817,44726,380
2021-05-07,Napa,055,140530,9820,9849,33,9882,81
2021-05-07,Nevada,057,99092,4746,4704,185,4889,70
2021-05-07,Orange,059,3164182,254814,253338,11126,264464,5000
2021-05-07,Placer,061,380077,22927,22524,1430,23954,286
2021-05-07,Plumas,063,18699,693,678,10,688,4
2021-05-07,Riverside,065,2383286,293119,287479,13764,301243,4426
2021-05-07,Sacramento,067,1510023,104467,104068,1685,105753,1609
2021-05-07,San Benito,069,59416,6036,6048,111,6159,63
2021-05-07,San Bernardino,071,2135413,292342,291185,8860,300045,4697
2021-05-07,San Diego,073,3302833,278957,277534,14673,292207,3718
2021-05-07,San Francisco,075,870044,36439,36616,1246,37862,543
2021-05-07,San Joaquin,077,732212,72446,71804,3416,75220,1351
2021-05-07,San Luis Obispo,079,281455,21231,20979,715,21694,256
2021-05-07,San Mateo,081,765935,42060,41844,461,42305,424
2021-05-07,Santa Barbara,083,443738,34296,34166,1111,35277,453
2021-05-07,Santa Clara,085,1922200,118010,118691,735,119426,2002
2021-05-07,Santa Cruz,087,273765,16164,16074,796,16870,206
2021-05-07,Shasta,089,179085,12009,12005,1501,13506,200
2021-05-07,Sierra,091,2930,56,54,12,66,0
2021-05-07,Siskiyou,093,43540,1840,1723,320,2043,13
2021-05-07,Solano,095,438530,32440,32352,529,32881,249
2021-05-07,Sonoma,097,501317,29755,29925,320,30245,318
2021-05-07,Stanislaus,099,539301,55655,55407,5790,61197,896
2021-05-07,Sutter,101,95872,9362,9407,80,9487,111
2021-05-07,Tehama,103,63373,5000,4974,551,5525,57
2021-05-07,Trinity,105,12862,482,327,83,410,3
2021-05-07,Tulare,107,460477,49946,48913,8775,57688,837
2021-05-07,Tuolumne,109,53932,4007,4048,41,4089,63
2021-05-07,Ventura,111,848112,81052,80444,2930,83374,1008
2021-05-07,Yolo,113,214977,13868,13875,215,14090,209
2021-05-07,Yuba,115,75493,5949,5910,119,6029,46
2021-05-06,Alameda,001,1643700,87202,87028,1881,88909,1278
2021-05-06,Alpine,002,1148,87,88,0,88,0
2021-05-06,Amador,005,37829,3646,3650,32,3682,46
2021-05-06,Butte,007,227075,12287,11929,1798,13727,198
2021-05-06,Calaveras,009,45235,2113,2111,13,2124,52
2021-05-06,Colusa,011,21464,1931,1935,295,2230,14
2021-05-06,Contra Costa,013,1133247,68657,68076,1224,69300,802
2021-05-06,Del Norte,015,27424,1361,1324,12,1336,6
2021-05-06,El Dorado,017,186661,10130,10048,727,10775,112
2021-05-06,Fresno,019,978130,102017,101536,8508,110044,1680
2021-05-06,Glenn,021,27897,2402,2380,543,2923,17
2021-05-06,Humboldt,023,135768,3965,3898,33,3931,36
2021-05-06,Imperial,025,180216,28436,28311,2651,30962,720
2021-05-06,Inyo,027,18085,1403,1401,11,1412,36
2021-05-06,Kern,029,883053,96821,95801,10592,106393,1307
2021-05-06,Kings,031,150075,23065,22848,1065,23913,246
2021-05-06,Lake,033,64148,3482,3465,9,3474,43
2021-05-06,Lassen,035,31185,5177,5143,105,5248,1
2021-05-06,Los Angeles,037,10098052,1203654,1193954,40161,1234115,23991
2021-05-06,Madera,039,155013,16518,16430,910,17340,238
2021-05-06,Marin,041,260295,14016,13956,243,14199,228
2021-05-06,Mariposa,043,17540,422,419,11,430,5
2021-05-06,Mendocino,045,87422,3873,3802,80,3882,46
2021-05-06,Merced,047,269075,30747,30863,1023,31886,444
2021-05-06,Modoc,049,8938,368,360,122,482,3
2021-05-06,Mono,051,14174,1251,1261,17,1278,3
2021-05-06,Monterey,053,433212,43020,42899,1817,44716,379
2021-05-06,Napa,055,140530,9814,9843,33,9876,81
2021-05-06,Nevada,057,99092,4745,4687,185,4872,70
2021-05-06,Orange,059,3164182,254746,253286,11120,264406,4991
2021-05-06,Placer,061,380077,22905,22493,1430,23923,286
2021-05-06,Plumas,063,18699,693,678,10,688,4
2021-05-06,Riverside,065,2383286,293046,287399,13759,301158,4422
2021-05-06,Sacramento,067,1510023,104351,103956,1682,105638,1609
2021-05-06,San Benito,069,59416,6035,6045,111,6156,63
2021-05-06,San Bernardino,071,2135413,292272,291085,8859,299944,4683
2021-05-06,San Diego,073,3302833,278830,277324,14650,291974,3716
2021-05-06,San Francisco,075,870044,36424,36599,1246,37845,543
2021-05-06,San Joaquin,077,732212,72391,71729,3413,75142,1350
2021-05-06,San Luis Obispo,079,281455,21219,20965,713,21678,256
2021-05-06,San Mateo,081,765935,42041,41802,460,42262,424
2021-05-06,Santa Barbara,083,443738,34283,34152,1111,35263,453
2021-05-06,Santa Clara,085,1922200,117969,118591,735,119326,2001
2021-05-06,Santa Cruz,087,273765,16157,16050,796,16846,206
2021-05-06,Shasta,089,179085,11987,11983,1495,13478,199
2021-05-06,Sierra,091,2930,56,54,12,66,0
2021-05-06,Siskiyou,093,43540,1830,1711,319,2030,12
2021-05-06,Solano,095,438530,32414,32320,521,32841,249
2021-05-06,Sonoma,097,501317,29747,29911,320,30231,318
2021-05-06,Stanislaus,099,539301,55599,55323,5785,61108,834
2021-05-06,Sutter,101,95872,9356,9396,80,9476,111
2021-05-06,Tehama,103,63373,4995,4970,551,5521,53
2021-05-06,Trinity,105,12862,482,327,83,410,3
2021-05-06,Tulare,107,460477,49921,48890,8760,57650,836
2021-05-06,Tuolumne,109,53932,4003,4047,41,4088,63
2021-05-06,Ventura,111,848112,81021,80411,2927,83338,1005
2021-05-06,Yolo,113,214977,13860,13871,212,14083,209
2021-05-06,Yuba,115,75493,5937,5901,119,6020,46
2021-05-05,Alameda,001,1643700,87141,86950,1879,88829,1278
2021-05-05,Alpine,002,1148,87,88,0,88,0
2021-05-05,Amador,005,37829,3643,3650,32,3682,46
2021-05-05,Butte,007,227075,12269,11907,1795,13702,198
2021-05-05,Calaveras,009,45235,2109,2103,13,2116,52
2021-05-05,Colusa,011,21464,1930,1933,295,2228,14
2021-05-05,Contra Costa,013,1133247,68592,67997,1220,69217,803
2021-05-05,Del Norte,015,27424,1358,1317,12,1329,6
2021-05-05,El Dorado,017,186661,10119,10020,726,10746,111
2021-05-05,Fresno,019,978130,101968,101491,8499,109990,1680
2021-05-05,Glenn,021,27897,2399,2380,542,2922,17
2021-05-05,Humboldt,023,135768,3946,3886,32,3918,36
2021-05-05,Imperial,025,180216,28395,28295,2644,30939,720
2021-05-05,Inyo,027,18085,1402,1401,11,1412,36
2021-05-05,Kern,029,883053,96777,95753,10588,106341,1304
2021-05-05,Kings,031,150075,23059,22840,1064,23904,246
2021-05-05,Lake,033,64148,3479,3458,9,3467,43
2021-05-05,Lassen,035,31185,5177,5143,104,5247,1
2021-05-05,Los Angeles,037,10098052,1203387,1193608,40147,1233755,23977
2021-05-05,Madera,039,155013,16516,16423,910,17333,235
2021-05-05,Marin,041,260295,14008,13950,242,14192,228
2021-05-05,Mariposa,043,17540,422,418,11,429,5
2021-05-05,Mendocino,045,87422,3869,3799,80,3879,46
2021-05-05,Merced,047,269075,30726,30844,1023,31867,444
2021-05-05,Modoc,049,8938,367,361,121,482,3
2021-05-05,Mono,051,14174,1251,1260,17,1277,3
2021-05-05,Monterey,053,433212,43007,42870,1814,44684,379
2021-05-05,Napa,055,140530,9808,9833,33,9866,81
2021-05-05,Nevada,057,99092,4742,4666,185,4851,70
2021-05-05,Orange,059,3164182,254688,253237,11115,264352,4978
2021-05-05,Placer,061,380077,22873,22362,1426,23788,287
2021-05-05,Plumas,063,18699,693,677,10,687,4
2021-05-05,Riverside,065,2383286,292951,287353,13750,301103,4414
2021-05-05,Sacramento,067,1510023,104263,103476,1677,105153,1607
2021-05-05,San Benito,069,59416,6026,6046,111,6157,63
2021-05-05,San Bernardino,071,2135413,292197,291008,8855,299863,4677
2021-05-05,San Diego,073,3302833,278693,277098,14631,291729,3716
2021-05-05,San Francisco,075,870044,36409,36577,1245,37822,543
2021-05-05,San Joaquin,077,732212,72339,71638,3410,75048,1345
2021-05-05,San Luis Obispo,079,281455,21211,20958,713,21671,256
2021-05-05,San Mateo,081,765935,42012,41755,459,42214,415
2021-05-05,Santa Barbara,083,443738,34268,34139,1110,35249,453
2021-05-05,Santa Clara,085,1922200,117939,118482,732,119214,1992
2021-05-05,Santa Cruz,087,273765,16151,16013,796,16809,207
2021-05-05,Shasta,089,179085,11971,11939,1491,13430,200
2021-05-05,Sierra,091,2930,56,54,12,66,0
2021-05-05,Siskiyou,093,43540,1813,1706,311,2017,11
2021-05-05,Solano,095,438530,32379,32250,519,32769,249
2021-05-05,Sonoma,097,501317,29734,29879,320,30199,318
2021-05-05,Stanislaus,099,539301,55542,55231,5783,61014,807
2021-05-05,Sutter,101,95872,9350,9387,80,9467,111
2021-05-05,Tehama,103,63373,4991,4968,551,5519,53
2021-05-05,Trinity,105,12862,482,326,83,409,3
2021-05-05,Tulare,107,460477,49897,48875,8753,57628,835
2021-05-05,Tuolumne,109,53932,4000,4040,41,4081,63
2021-05-05,Ventura,111,848112,80993,80372,2923,83295,1005
2021-05-05,Yolo,113,214977,13856,13846,210,14056,209
2021-05-05,Yuba,115,75493,5927,5895,118,6013,44
2021-05-04,Alameda,001,1643700,87049,86894,1879,88773,1277
2021-05-04,Alpine,002,1148,87,88,0,88,0
2021-05-04,Amador,005,37829,3643,3650,32,3682,46
2021-05-04,Butte,007,227075,12245,11883,1794,13677,198
2021-05-04,Calaveras,009,45235,2105,2100,13,2113,52
2021-05-04,Colusa,011,21464,1929,1933,295,2228,14
2021-05-04,Contra Costa,013,1133247,68512,67931,1218,69149,799
2021-05-04,Del Norte,015,27424,1358,1314,12,1326,6
2021-05-04,El Dorado,017,186661,10108,10009,722,10731,110
2021-05-04,Fresno,019,978130,101913,101451,8492,109943,1677
2021-05-04,Glenn,021,27897,2396,2379,539,2918,17
2021-05-04,Humboldt,023,135768,3920,3877,32,3909,36
2021-05-04,Imperial,025,180216,28376,28276,2641,30917,720
2021-05-04,Inyo,027,18085,1402,1399,11,1410,36
2021-05-04,Kern,029,883053,96741,95720,10570,106290,1301
2021-05-04,Kings,031,150075,23045,22822,1061,23883,246
2021-05-04,Lake,033,64148,3478,3454,9,3463,43
2021-05-04,Lassen,035,31185,5176,5142,104,5246,1
2021-05-04,Los Angeles,037,10098052,1203097,1193453,40134,1233587,23957
2021-05-04,Madera,039,155013,16515,16418,910,17328,235
2021-05-04,Marin,041,260295,14000,13935,242,14177,228
2021-05-04,Mariposa,043,17540,422,418,11,429,5
2021-05-04,Mendocino,045,87422,3864,3794,80,3874,46
2021-05-04,Merced,047,269075,30709,30829,1023,31852,444
2021-05-04,Modoc,049,8938,366,360,120,480,3
2021-05-04,Mono,051,14174,1251,1260,17,1277,3
2021-05-04,Monterey,053,433212,42995,42845,1813,44658,380
2021-05-04,Napa,055,140530,9799,9824,33,9857,81
2021-05-04,Nevada,057,99092,4735,4656,185,4841,70
2021-05-04,Orange,059,3164182,254620,253177,11107,264284,4977
2021-05-04,Placer,061,380077,22845,22326,1423,23749,287
2021-05-04,Plumas,063,18699,692,675,10,685,4
2021-05-04,Riverside,065,2383286,292867,287285,13743,301028,4411
2021-05-04,Sacramento,067,1510023,104134,103383,1672,105055,1604
2021-05-04,San Benito,069,59416,6025,6039,111,6150,63
2021-05-04,San Bernardino,071,2135413,292120,290934,8848,299782,4668
2021-05-04,San Diego,073,3302833,278526,276879,14614,291493,3713
2021-05-04,San Francisco,075,870044,36391,36550,1245,37795,541
2021-05-04,San Joaquin,077,732212,72278,71582,3405,74987,1342
2021-05-04,San Luis Obispo,079,281455,21205,20923,711,21634,255
2021-05-04,San Mateo,081,765935,41986,41708,459,42167,415
2021-05-04,Santa Barbara,083,443738,34253,34131,1109,35240,453
2021-05-04,Santa Clara,085,1922200,117876,118431,731,119162,1988
2021-05-04,Santa Cruz,087,273765,16145,16005,796,16801,207
2021-05-04,Shasta,089,179085,11951,11923,1485,13408,198
2021-05-04,Sierra,091,2930,56,54,12,66,0
2021-05-04,Siskiyou,093,43540,1806,1694,309,2003,11
2021-05-04,Solano,095,438530,32338,32220,517,32737,249
2021-05-04,Sonoma,097,501317,29714,29867,319,30186,318
2021-05-04,Stanislaus,099,539301,55486,55165,5780,60945,807
2021-05-04,Sutter,101,95872,9345,9375,80,9455,111
2021-05-04,Tehama,103,63373,4988,4959,550,5509,53
2021-05-04,Trinity,105,12862,482,326,83,409,3
2021-05-04,Tulare,107,460477,49870,48857,8745,57602,835
2021-05-04,Tuolumne,109,53932,3998,4041,41,4082,61
2021-05-04,Ventura,111,848112,80964,80351,2921,83272,1005
2021-05-04,Yolo,113,214977,13843,13820,208,14028,208
2021-05-04,Yuba,115,75493,5921,5891,118,6009,44
2021-05-03,Alameda,001,1643700,86973,86845,1874,88719,1272
2021-05-03,Alpine,002,1148,87,88,0,88,0
2021-05-03,Amador,005,37829,3643,3651,32,3683,46
2021-05-03,Butte,007,227075,12235,11864,1791,13655,198
2021-05-03,Calaveras,009,45235,2103,2099,13,2112,50
2021-05-03,Colusa,011,21464,1928,1931,293,2224,14
2021-05-03,Contra Costa,013,1133247,68453,67895,1214,69109,799
2021-05-03,Del Norte,015,27424,1353,1306,11,1317,6
2021-05-03,El Dorado,017,186661,10090,9984,717,10701,110
2021-05-03,Fresno,019,978130,101857,101405,8482,109887,1678
2021-05-03,Glenn,021,27897,2396,2375,538,2913,17
2021-05-03,Humboldt,023,135768,3905,3865,32,3897,36
2021-05-03,Imperial,025,180216,28354,28280,2638,30918,720
2021-05-03,Inyo,027,18085,1401,1398,11,1409,36
2021-05-03,Kern,029,883053,96704,95693,10559,106252,1299
2021-05-03,Kings,031,150075,23036,22821,1061,23882,246
2021-05-03,Lake,033,64148,3476,3446,9,3455,43
2021-05-03,Lassen,035,31185,5175,5142,104,5246,1
2021-05-03,Los Angeles,037,10098052,1202829,1193261,40108,1233369,23942
2021-05-03,Madera,039,155013,16510,16414,909,17323,235
2021-05-03,Marin,041,260295,13994,13927,242,14169,228
2021-05-03,Mariposa,043,17540,422,418,11,429,5
2021-05-03,Mendocino,045,87422,3857,3792,80,3872,46
2021-05-03,Merced,047,269075,30698,30814,1021,31835,444
2021-05-03,Modoc,049,8938,366,360,120,480,3
2021-05-03,Mono,051,14174,1251,1259,17,1276,3
2021-05-03,Monterey,053,433212,42983,42837,1811,44648,380
2021-05-03,Napa,055,140530,9794,9815,33,9848,81
2021-05-03,Nevada,057,99092,4727,4650,185,4835,70
2021-05-03,Orange,059,3164182,254562,253107,11098,264205,4968
2021-05-03,Placer,061,380077,22814,22289,1417,23706,287
2021-05-03,Plumas,063,18699,691,675,10,685,4
2021-05-03,Riverside,065,2383286,292793,287233,13742,300975,4412
2021-05-03,Sacramento,067,1510023,103981,103303,1662,104965,1602
2021-05-03,San Benito,069,59416,6024,6038,111,6149,63
2021-05-03,San Bernardino,071,2135413,292052,290886,8845,299731,4659
2021-05-03,San Diego,073,3302833,278363,276693,14589,291282,3712
2021-05-03,San Francisco,075,870044,36365,36538,1245,37783,541
2021-05-03,San Joaquin,077,732212,72228,71504,3402,74906,1325
2021-05-03,San Luis Obispo,079,281455,21189,20915,708,21623,254
2021-05-03,San Mateo,081,765935,41963,41689,458,42147,413
2021-05-03,Santa Barbara,083,443738,34241,34119,1109,35228,453
2021-05-03,Santa Clara,085,1922200,117822,118373,730,119103,1988
2021-05-03,Santa Cruz,087,273765,16142,16000,796,16796,207
2021-05-03,Shasta,089,179085,11928,11890,1480,13370,197
2021-05-03,Sierra,091,2930,56,54,12,66,0
2021-05-03,Siskiyou,093,43540,1800,1683,303,1986,11
2021-05-03,Solano,095,438530,32297,32201,516,32717,249
2021-05-03,Sonoma,097,501317,29702,29855,316,30171,318
2021-05-03,Stanislaus,099,539301,55420,55116,5771,60887,774
2021-05-03,Sutter,101,95872,9333,9370,80,9450,111
2021-05-03,Tehama,103,63373,4980,4952,550,5502,53
2021-05-03,Trinity,105,12862,482,326,83,409,3
2021-05-03,Tulare,107,460477,49852,48844,8735,57579,835
2021-05-03,Tuolumne,109,53932,3997,4038,41,4079,61
2021-05-03,Ventura,111,848112,80942,80291,2921,83212,1005
2021-05-03,Yolo,113,214977,13829,13809,207,14016,208
2021-05-03,Yuba,115,75493,5916,5880,118,5998,44
2021-05-02,Alameda,001,1643700,86888,86784,1872,88656,1272
2021-05-02,Alpine,002,1148,87,88,0,88,0
2021-05-02,Amador,005,37829,3643,3650,32,3682,46
2021-05-02,Butte,007,227075,12211,11859,1789,13648,198
2021-05-02,Calaveras,009,45235,2099,2098,13,2111,50
2021-05-02,Colusa,011,21464,1927,1931,292,2223,14
2021-05-02,Contra Costa,013,1133247,68368,67843,1212,69055,800
2021-05-02,Del Norte,015,27424,1346,1305,11,1316,6
2021-05-02,El Dorado,017,186661,10075,9962,716,10678,110
2021-05-02,Fresno,019,978130,101785,101372,8471,109843,1678
2021-05-02,Glenn,021,27897,2395,2374,536,2910,17
2021-05-02,Humboldt,023,135768,3893,3858,31,3889,36
2021-05-02,Imperial,025,180216,28320,28275,2629,30904,721
2021-05-02,Inyo,027,18085,1399,1398,11,1409,36
2021-05-02,Kern,029,883053,96646,95668,10552,106220,1299
2021-05-02,Kings,031,150075,23018,22816,1060,23876,246
2021-05-02,Lake,033,64148,3474,3443,9,3452,43
2021-05-02,Lassen,035,31185,5174,5142,103,5245,1
2021-05-02,Los Angeles,037,10098052,1202477,1193056,40087,1233143,23943
2021-05-02,Madera,039,155013,16504,16410,909,17319,235
2021-05-02,Marin,041,260295,13984,13917,242,14159,228
2021-05-02,Mariposa,043,17540,422,419,11,430,5
2021-05-02,Mendocino,045,87422,3852,3787,80,3867,46
2021-05-02,Merced,047,269075,30678,30793,1017,31810,444
2021-05-02,Modoc,049,8938,365,360,120,480,3
2021-05-02,Mono,051,14174,1250,1259,17,1276,3
2021-05-02,Monterey,053,433212,42969,42837,1810,44647,380
2021-05-02,Napa,055,140530,9790,9805,33,9838,81
2021-05-02,Nevada,057,99092,4711,4635,185,4820,70
2021-05-02,Orange,059,3164182,254488,253025,11084,264109,4968
2021-05-02,Placer,061,380077,22785,22264,1414,23678,287
2021-05-02,Plumas,063,18699,691,675,10,685,4
2021-05-02,Riverside,065,2383286,292693,287197,13732,300929,4412
2021-05-02,Sacramento,067,1510023,103842,103153,1654,104807,1602
2021-05-02,San Benito,069,59416,6019,6037,111,6148,63
2021-05-02,San Bernardino,071,2135413,291953,290859,8843,299702,4655
2021-05-02,San Diego,073,3302833,278167,276521,14562,291083,3712
2021-05-02,San Francisco,075,870044,36339,36522,1245,37767,541
2021-05-02,San Joaquin,077,732212,72164,71447,3396,74843,1325
2021-05-02,San Luis Obispo,079,281455,21168,20910,707,21617,254
2021-05-02,San Mateo,081,765935,41947,41656,457,42113,412
2021-05-02,Santa Barbara,083,443738,34227,34106,1109,35215,453
2021-05-02,Santa Clara,085,1922200,117748,118321,730,119051,1988
2021-05-02,Santa Cruz,087,273765,16137,15995,795,16790,207
2021-05-02,Shasta,089,179085,11912,11885,1472,13357,197
2021-05-02,Sierra,091,2930,56,54,12,66,0
2021-05-02,Siskiyou,093,43540,1789,1661,302,1963,11
2021-05-02,Solano,095,438530,32258,32151,512,32663,249
2021-05-02,Sonoma,097,501317,29680,29842,316,30158,318
2021-05-02,Stanislaus,099,539301,55346,55057,5764,60821,774
2021-05-02,Sutter,101,95872,9327,9363,80,9443,111
2021-05-02,Tehama,103,63373,4975,4950,548,5498,53
2021-05-02,Trinity,105,12862,482,326,83,409,3
2021-05-02,Tulare,107,460477,49834,48834,8727,57561,835
2021-05-02,Tuolumne,109,53932,3994,4038,41,4079,61
2021-05-02,Ventura,111,848112,80904,80284,2920,83204,1005
2021-05-02,Yolo,113,214977,13817,13799,206,14005,208
2021-05-02,Yuba,115,75493,5906,5879,118,5997,44
2021-05-01,Alameda,001,1643700,86845,86704,1869,88573,1270
2021-05-01,Alpine,002,1148,87,88,0,88,0
2021-05-01,Amador,005,37829,3643,3650,32,3682,46
2021-05-01,Butte,007,227075,12197,11845,1784,13629,198
2021-05-01,Calaveras,009,45235,2097,2096,13,2109,50
2021-05-01,Colusa,011,21464,1926,1931,292,2223,14
2021-05-01,Contra Costa,013,1133247,68316,67779,1209,68988,800
2021-05-01,Del Norte,015,27424,1345,1292,11,1303,6
2021-05-01,El Dorado,017,186661,10061,9944,714,10658,110
2021-05-01,Fresno,019,978130,101740,101326,8465,109791,1678
2021-05-01,Glenn,021,27897,2392,2369,535,2904,17
2021-05-01,Humboldt,023,135768,3879,3845,31,3876,36
2021-05-01,Imperial,025,180216,28313,28262,2629,30891,721
2021-05-01,Inyo,027,18085,1399,1397,11,1408,36
2021-05-01,Kern,029,883053,96619,95645,10541,106186,1299
2021-05-01,Kings,031,150075,23015,22797,1059,23856,246
2021-05-01,Lake,033,64148,3472,3441,9,3450,43
2021-05-01,Lassen,035,31185,5172,5142,103,5245,1
2021-05-01,Los Angeles,037,10098052,1202307,1192781,40073,1232854,23946
2021-05-01,Madera,039,155013,16500,16408,909,17317,235
2021-05-01,Marin,041,260295,13976,13902,242,14144,228
2021-05-01,Mariposa,043,17540,422,418,11,429,5
2021-05-01,Mendocino,045,87422,3850,3782,80,3862,46
2021-05-01,Merced,047,269075,30661,30771,1016,31787,444
2021-05-01,Modoc,049,8938,365,361,120,481,3
2021-05-01,Mono,051,14174,1250,1258,17,1275,3
2021-05-01,Monterey,053,433212,42963,42828,1810,44638,379
2021-05-01,Napa,055,140530,9787,9800,33,9833,81
2021-05-01,Nevada,057,99092,4706,4625,185,4810,70
2021-05-01,Orange,059,3164182,254445,252969,11074,264043,4964
2021-05-01,Placer,061,380077,22759,22240,1412,23652,287
2021-05-01,Plumas,063,18699,690,675,10,685,4
2021-05-01,Riverside,065,2383286,292654,287129,13730,300859,4412
2021-05-01,Sacramento,067,1510023,103761,103043,1653,104696,1602
2021-05-01,San Benito,069,59416,6016,6030,111,6141,63
2021-05-01,San Bernardino,071,2135413,291910,290802,8842,299644,4652
2021-05-01,San Diego,073,3302833,278043,276367,14541,290908,3706
2021-05-01,San Francisco,075,870044,36324,36496,1245,37741,541
2021-05-01,San Joaquin,077,732212,72115,71389,3394,74783,1325
2021-05-01,San Luis Obispo,079,281455,21163,20896,707,21603,254
2021-05-01,San Mateo,081,765935,41918,41617,456,42073,411
2021-05-01,Santa Barbara,083,443738,34222,34085,1108,35193,453
2021-05-01,Santa Clara,085,1922200,117696,118265,728,118993,1988
2021-05-01,Santa Cruz,087,273765,16134,15984,795,16779,207
2021-05-01,Shasta,089,179085,11892,11878,1465,13343,197
2021-05-01,Sierra,091,2930,56,53,12,65,0
2021-05-01,Siskiyou,093,43540,1781,1653,301,1954,11
2021-05-01,Solano,095,438530,32228,32124,504,32628,249
2021-05-01,Sonoma,097,501317,29677,29835,316,30151,318
2021-05-01,Stanislaus,099,539301,55311,55005,5758,60763,774
2021-05-01,Sutter,101,95872,9324,9358,80,9438,110
2021-05-01,Tehama,103,63373,4974,4950,547,5497,53
2021-05-01,Trinity,105,12862,482,326,82,408,3
2021-05-01,Tulare,107,460477,49827,48818,8721,57539,835
2021-05-01,Tuolumne,109,53932,3988,4035,41,4076,61
2021-05-01,Ventura,111,848112,80886,80268,2920,83188,1005
2021-05-01,Yolo,113,214977,13810,13784,204,13988,208
2021-05-01,Yuba,115,75493,5904,5875,118,5993,44
2021-04-30,Alameda,001,1643700,86784,86602,1866,88468,1268
2021-04-30,Alpine,002,1148,87,88,0,88,0
2021-04-30,Amador,005,37829,3641,3650,32,3682,46
2021-04-30,Butte,007,227075,12178,11812,1780,13592,197
2021-04-30,Calaveras,009,45235,2096,2087,13,2100,50
2021-04-30,Colusa,011,21464,1926,1931,291,2222,14
2021-04-30,Contra Costa,013,1133247,68268,67684,1206,68890,800
2021-04-30,Del Norte,015,27424,1333,1276,11,1287,6
2021-04-30,El Dorado,017,186661,10047,9906,714,10620,110
2021-04-30,Fresno,019,978130,101694,101263,8461,109724,1670
2021-04-30,Glenn,021,27897,2391,2369,535,2904,17
2021-04-30,Humboldt,023,135768,3866,3834,31,3865,36
2021-04-30,Imperial,025,180216,28304,28244,2626,30870,721
2021-04-30,Inyo,027,18085,1399,1397,11,1408,36
2021-04-30,Kern,029,883053,96602,95605,10537,106142,1298
2021-04-30,Kings,031,150075,23012,22793,1058,23851,246
2021-04-30,Lake,033,64148,3468,3440,9,3449,43
2021-04-30,Lassen,035,31185,5171,5140,103,5243,1
2021-04-30,Los Angeles,037,10098052,1202096,1192393,40060,1232453,23919
2021-04-30,Madera,039,155013,16494,16395,909,17304,235
2021-04-30,Marin,041,260295,13968,13895,240,14135,228
2021-04-30,Mariposa,043,17540,422,417,11,428,5
2021-04-30,Mendocino,045,87422,3846,3777,80,3857,46
2021-04-30,Merced,047,269075,30648,30740,1015,31755,444
2021-04-30,Modoc,049,8938,364,360,120,480,3
2021-04-30,Mono,051,14174,1250,1258,17,1275,3
2021-04-30,Monterey,053,433212,42949,42810,1809,44619,379
2021-04-30,Napa,055,140530,9783,9792,33,9825,81
2021-04-30,Nevada,057,99092,4698,4608,185,4793,70
2021-04-30,Orange,059,3164182,254387,252883,11068,263951,4956
2021-04-30,Placer,061,380077,22740,22190,1408,23598,287
2021-04-30,Plumas,063,18699,690,677,10,687,4
2021-04-30,Riverside,065,2383286,292596,287030,13723,300753,4412
2021-04-30,Sacramento,067,1510023,103660,102864,1649,104513,1596
2021-04-30,San Benito,069,59416,6012,6024,110,6134,63
2021-04-30,San Bernardino,071,2135413,291850,290704,8841,299545,4640
2021-04-30,San Diego,073,3302833,277947,276157,14530,290687,3702
2021-04-30,San Francisco,075,870044,36313,36453,1244,37697,538
2021-04-30,San Joaquin,077,732212,72063,71311,3391,74702,1306
2021-04-30,San Luis Obispo,079,281455,21157,20884,707,21591,255
2021-04-30,San Mateo,081,765935,41904,41583,455,42038,380
2021-04-30,Santa Barbara,083,443738,34209,34061,1108,35169,451
2021-04-30,Santa Clara,085,1922200,117638,118170,724,118894,1988
2021-04-30,Santa Cruz,087,273765,16129,15975,795,16770,207
2021-04-30,Shasta,089,179085,11871,11848,1462,13310,197
2021-04-30,Sierra,091,2930,56,53,12,65,0
2021-04-30,Siskiyou,093,43540,1770,1628,298,1926,11
2021-04-30,Solano,095,438530,32196,32050,501,32551,249
2021-04-30,Sonoma,097,501317,29667,29816,314,30130,318
2021-04-30,Stanislaus,099,539301,55260,54938,5755,60693,774
2021-04-30,Sutter,101,95872,9322,9353,80,9433,110
2021-04-30,Tehama,103,63373,4971,4944,547,5491,53
2021-04-30,Trinity,105,12862,482,326,82,408,3
2021-04-30,Tulare,107,460477,49817,48797,8705,57502,836
2021-04-30,Tuolumne,109,53932,3987,4033,41,4074,61
2021-04-30,Ventura,111,848112,80846,80232,2915,83147,1004
2021-04-30,Yolo,113,214977,13798,13756,204,13960,208
2021-04-30,Yuba,115,75493,5896,5870,118,5988,44
2021-04-29,Alameda,001,1643700,86717,86490,1865,88355,1263
2021-04-29,Alpine,002,1148,87,88,0,88,0
2021-04-29,Amador,005,37829,3641,3649,32,3681,46
2021-04-29,Butte,007,227075,12163,11787,1778,13565,196
2021-04-29,Calaveras,009,45235,2093,2082,13,2095,50
2021-04-29,Colusa,011,21464,1926,1929,291,2220,14
2021-04-29,Contra Costa,013,1133247,68213,67606,1203,68809,795
2021-04-29,Del Norte,015,27424,1329,1271,11,1282,6
2021-04-29,El Dorado,017,186661,10027,9884,711,10595,107
2021-04-29,Fresno,019,978130,101640,101189,8450,109639,1667
2021-04-29,Glenn,021,27897,2388,2369,535,2904,17
2021-04-29,Humboldt,023,135768,3852,3815,31,3846,36
2021-04-29,Imperial,025,180216,28292,28235,2625,30860,720
2021-04-29,Inyo,027,18085,1399,1396,11,1407,36
2021-04-29,Kern,029,883053,96569,95547,10533,106080,1295
2021-04-29,Kings,031,150075,23002,22777,1053,23830,245
2021-04-29,Lake,033,64148,3460,3438,9,3447,43
2021-04-29,Lassen,035,31185,5171,5140,103,5243,1
2021-04-29,Los Angeles,037,10098052,1201818,1192068,40039,1232107,23899
2021-04-29,Madera,039,155013,16489,16383,908,17291,235
2021-04-29,Marin,041,260295,13964,13884,232,14116,228
2021-04-29,Mariposa,043,17540,421,416,11,427,5
2021-04-29,Mendocino,045,87422,3840,3774,80,3854,46
2021-04-29,Merced,047,269075,30629,30706,1014,31720,444
2021-04-29,Modoc,049,8938,364,360,120,480,3
2021-04-29,Mono,051,14174,1247,1259,17,1276,3
2021-04-29,Monterey,053,433212,42932,42797,1808,44605,379
2021-04-29,Napa,055,140530,9769,9789,33,9822,81
2021-04-29,Nevada,057,99092,4687,4590,185,4775,70
2021-04-29,Orange,059,3164182,254317,252823,11053,263876,4934
2021-04-29,Placer,061,380077,22715,22161,1406,23567,286
2021-04-29,Plumas,063,18699,689,676,10,686,4
2021-04-29,Riverside,065,2383286,292528,286947,13721,300668,4409
2021-04-29,Sacramento,067,1510023,103527,102686,1639,104325,1593
2021-04-29,San Benito,069,59416,6011,6023,110,6133,63
2021-04-29,San Bernardino,071,2135413,291778,290606,8836,299442,4609
2021-04-29,San Diego,073,3302833,277796,275961,14513,290474,3700
2021-04-29,San Francisco,075,870044,36288,36412,1244,37656,537
2021-04-29,San Joaquin,077,732212,71997,71225,3386,74611,1301
2021-04-29,San Luis Obispo,079,281455,21146,20876,707,21583,255
2021-04-29,San Mateo,081,765935,41876,41538,454,41992,358
2021-04-29,Santa Barbara,083,443738,34193,34039,1106,35145,448
2021-04-29,Santa Clara,085,1922200,117583,118082,721,118803,1984
2021-04-29,Santa Cruz,087,273765,16123,15961,795,16756,205
2021-04-29,Shasta,089,179085,11840,11836,1454,13290,193
2021-04-29,Sierra,091,2930,56,53,12,65,0
2021-04-29,Siskiyou,093,43540,1761,1615,295,1910,11
2021-04-29,Solano,095,438530,32155,32002,497,32499,248
2021-04-29,Sonoma,097,501317,29652,29785,311,30096,318
2021-04-29,Stanislaus,099,539301,55193,54836,5750,60586,774
2021-04-29,Sutter,101,95872,9315,9346,80,9426,110
2021-04-29,Tehama,103,63373,4963,4939,547,5486,53
2021-04-29,Trinity,105,12862,482,326,82,408,3
2021-04-29,Tulare,107,460477,49799,48785,8694,57479,832
2021-04-29,Tuolumne,109,53932,3986,4030,41,4071,58
2021-04-29,Ventura,111,848112,80812,80188,2913,83101,1002
2021-04-29,Yolo,113,214977,13778,13745,203,13948,205
2021-04-29,Yuba,115,75493,5886,5865,118,5983,44
2021-04-28,Alameda,001,1643700,86645,86390,1861,88251,1260
2021-04-28,Alpine,002,1148,87,88,0,88,0
2021-04-28,Amador,005,37829,3641,3646,32,3678,46
2021-04-28,Butte,007,227075,12143,11762,1773,13535,196
2021-04-28,Calaveras,009,45235,2089,2078,12,2090,50
2021-04-28,Colusa,011,21464,1923,1927,290,2217,14
2021-04-28,Contra Costa,013,1133247,68153,67539,1201,68740,795
2021-04-28,Del Norte,015,27424,1321,1267,11,1278,6
2021-04-28,El Dorado,017,186661,10002,9873,711,10584,107
2021-04-28,Fresno,019,978130,101594,101161,8440,109601,1666
2021-04-28,Glenn,021,27897,2385,2368,535,2903,17
2021-04-28,Humboldt,023,135768,3836,3796,31,3827,36
2021-04-28,Imperial,025,180216,28278,28177,2624,30801,720
2021-04-28,Inyo,027,18085,1399,1396,10,1406,36
2021-04-28,Kern,029,883053,96540,95494,10524,106018,1295
2021-04-28,Kings,031,150075,22990,22767,1051,23818,245
2021-04-28,Lake,033,64148,3457,3433,9,3442,43
2021-04-28,Lassen,035,31185,5171,5138,103,5241,1
2021-04-28,Los Angeles,037,10098052,1201516,1191729,40012,1231741,23858
2021-04-28,Madera,039,155013,16485,16372,908,17280,235
2021-04-28,Marin,041,260295,13953,13866,232,14098,227
2021-04-28,Mariposa,043,17540,418,415,11,426,5
2021-04-28,Mendocino,045,87422,3834,3770,78,3848,46
2021-04-28,Merced,047,269075,30611,30649,1014,31663,443
2021-04-28,Modoc,049,8938,364,360,120,480,3
2021-04-28,Mono,051,14174,1247,1258,17,1275,3
2021-04-28,Monterey,053,433212,42927,42776,1808,44584,379
2021-04-28,Napa,055,140530,9758,9777,33,9810,81
2021-04-28,Nevada,057,99092,4667,4570,185,4755,70
2021-04-28,Orange,059,3164182,254237,252747,11041,263788,4931
2021-04-28,Placer,061,380077,22688,22115,1405,23520,285
2021-04-28,Plumas,063,18699,689,676,10,686,4
2021-04-28,Riverside,065,2383286,292472,286868,13715,300583,4407
2021-04-28,Sacramento,067,1510023,103406,102613,1635,104248,1591
2021-04-28,San Benito,069,59416,6009,6021,110,6131,63
2021-04-28,San Bernardino,071,2135413,291699,290548,8826,299374,4582
2021-04-28,San Diego,073,3302833,277642,275821,14499,290320,3698
2021-04-28,San Francisco,075,870044,36258,36382,1243,37625,534
2021-04-28,San Joaquin,077,732212,71917,71171,3378,74549,1301
2021-04-28,San Luis Obispo,079,281455,21138,20851,707,21558,255
2021-04-28,San Mateo,081,765935,41851,41498,452,41950,358
2021-04-28,Santa Barbara,083,443738,34179,34003,1106,35109,448
2021-04-28,Santa Clara,085,1922200,117514,117997,719,118716,1969
2021-04-28,Santa Cruz,087,273765,16119,15943,794,16737,205
2021-04-28,Shasta,089,179085,11824,11815,1447,13262,192
2021-04-28,Sierra,091,2930,56,51,12,63,0
2021-04-28,Siskiyou,093,43540,1748,1603,292,1895,11
2021-04-28,Solano,095,438530,32123,31982,492,32474,248
2021-04-28,Sonoma,097,501317,29638,29773,307,30080,318
2021-04-28,Stanislaus,099,539301,55138,54745,5747,60492,774
2021-04-28,Sutter,101,95872,9310,9343,80,9423,110
2021-04-28,Tehama,103,63373,4958,4930,546,5476,53
2021-04-28,Trinity,105,12862,482,326,82,408,3
2021-04-28,Tulare,107,460477,49781,48754,8679,57433,832
2021-04-28,Tuolumne,109,53932,3983,4029,41,4070,58
2021-04-28,Ventura,111,848112,80777,80172,2911,83083,1000
2021-04-28,Yolo,113,214977,13764,13721,202,13923,205
2021-04-28,Yuba,115,75493,5880,5857,118,5975,44
2021-04-27,Alameda,001,1643700,86555,86301,1855,88156,1260
2021-04-27,Alpine,002,1148,87,88,0,88,0
2021-04-27,Amador,005,37829,3641,3645,32,3677,46
2021-04-27,Butte,007,227075,12118,11738,1767,13505,196
2021-04-27,Calaveras,009,45235,2087,2076,12,2088,50
2021-04-27,Colusa,011,21464,1922,1926,290,2216,14
2021-04-27,Contra Costa,013,1133247,68084,67470,1197,68667,791
2021-04-27,Del Norte,015,27424,1309,1266,11,1277,6
2021-04-27,El Dorado,017,186661,9973,9866,708,10574,106
2021-04-27,Fresno,019,978130,101529,101138,8430,109568,1663
2021-04-27,Glenn,021,27897,2385,2368,535,2903,17
2021-04-27,Humboldt,023,135768,3824,3780,31,3811,35
2021-04-27,Imperial,025,180216,28262,28149,2618,30767,720
2021-04-27,Inyo,027,18085,1399,1396,10,1406,36
2021-04-27,Kern,029,883053,96483,95466,10514,105980,1295
2021-04-27,Kings,031,150075,22975,22759,1049,23808,244
2021-04-27,Lake,033,64148,3456,3431,9,3440,43
2021-04-27,Lassen,035,31185,5171,5137,103,5240,1
2021-04-27,Los Angeles,037,10098052,1201193,1191504,39982,1231486,23825
2021-04-27,Madera,039,155013,16478,16365,908,17273,235
2021-04-27,Marin,041,260295,13932,13855,232,14087,227
2021-04-27,Mariposa,043,17540,417,413,11,424,5
2021-04-27,Mendocino,045,87422,3830,3765,78,3843,46
2021-04-27,Merced,047,269075,30570,30620,1014,31634,443
2021-04-27,Modoc,049,8938,363,360,120,480,3
2021-04-27,Mono,051,14174,1247,1257,17,1274,3
2021-04-27,Monterey,053,433212,42909,42752,1805,44557,379
2021-04-27,Napa,055,140530,9751,9774,31,9805,81
2021-04-27,Nevada,057,99092,4652,4557,185,4742,70
2021-04-27,Orange,059,3164182,254167,252667,11036,263703,4925
2021-04-27,Placer,061,380077,22658,22050,1401,23451,285
2021-04-27,Plumas,063,18699,688,675,10,685,4
2021-04-27,Riverside,065,2383286,292396,286820,13711,300531,4405
2021-04-27,Sacramento,067,1510023,103277,102595,1625,104220,1589
2021-04-27,San Benito,069,59416,6004,6016,110,6126,63
2021-04-27,San Bernardino,071,2135413,291632,290461,8821,299282,4575
2021-04-27,San Diego,073,3302833,277485,275685,14479,290164,3692
2021-04-27,San Francisco,075,870044,36230,36358,1242,37600,533
2021-04-27,San Joaquin,077,732212,71863,71104,3372,74476,1301
2021-04-27,San Luis Obispo,079,281455,21131,20841,707,21548,255
2021-04-27,San Mateo,081,765935,41816,41474,451,41925,358
2021-04-27,Santa Barbara,083,443738,34155,33973,1105,35078,448
2021-04-27,Santa Clara,085,1922200,117464,117945,718,118663,1969
2021-04-27,Santa Cruz,087,273765,16112,15905,793,16698,205
2021-04-27,Shasta,089,179085,11796,11802,1440,13242,192
2021-04-27,Sierra,091,2930,56,51,12,63,0
2021-04-27,Siskiyou,093,43540,1733,1597,291,1888,11
2021-04-27,Solano,095,438530,32075,31964,491,32455,248
2021-04-27,Sonoma,097,501317,29620,29761,306,30067,318
2021-04-27,Stanislaus,099,539301,55068,54695,5739,60434,752
2021-04-27,Sutter,101,95872,9305,9342,80,9422,110
2021-04-27,Tehama,103,63373,4955,4922,542,5464,53
2021-04-27,Trinity,105,12862,482,326,82,408,3
2021-04-27,Tulare,107,460477,49764,48744,8670,57414,832
2021-04-27,Tuolumne,109,53932,3980,4028,41,4069,58
2021-04-27,Ventura,111,848112,80748,80152,2909,83061,1000
2021-04-27,Yolo,113,214977,13750,13697,201,13898,205
2021-04-27,Yuba,115,75493,5880,5853,118,5971,44
2021-04-26,Alameda,001,1643700,86461,86230,1852,88082,1256
2021-04-26,Alpine,002,1148,87,88,0,88,0
2021-04-26,Amador,005,37829,3640,3645,32,3677,46
2021-04-26,Butte,007,227075,12094,11720,1762,13482,196
2021-04-26,Calaveras,009,45235,2081,2074,12,2086,50
2021-04-26,Colusa,011,21464,1922,1925,289,2214,14
2021-04-26,Contra Costa,013,1133247,68017,67392,1193,68585,789
2021-04-26,Del Norte,015,27424,1300,1263,11,1274,6
2021-04-26,El Dorado,017,186661,9952,9849,707,10556,106
2021-04-26,Fresno,019,978130,101474,101099,8417,109516,1662
2021-04-26,Glenn,021,27897,2383,2367,535,2902,17
2021-04-26,Humboldt,023,135768,3814,3764,30,3794,35
2021-04-26,Imperial,025,180216,28249,28148,2615,30763,720
2021-04-26,Inyo,027,18085,1398,1396,10,1406,36
2021-04-26,Kern,029,883053,96456,95429,10508,105937,1295
2021-04-26,Kings,031,150075,22972,22756,1046,23802,244
2021-04-26,Lake,033,64148,3451,3428,9,3437,43
2021-04-26,Lassen,035,31185,5171,5138,103,5241,1
2021-04-26,Los Angeles,037,10098052,1200864,1191253,39963,1231216,23802
2021-04-26,Madera,039,155013,16466,16353,907,17260,231
2021-04-26,Marin,041,260295,13917,13849,232,14081,227
2021-04-26,Mariposa,043,17540,416,410,11,421,5
2021-04-26,Mendocino,045,87422,3828,3757,77,3834,46
2021-04-26,Merced,047,269075,30553,30611,1011,31622,443
2021-04-26,Modoc,049,8938,363,360,120,480,3
2021-04-26,Mono,051,14174,1247,1258,17,1275,3
2021-04-26,Monterey,053,433212,42893,42740,1804,44544,379
2021-04-26,Napa,055,140530,9739,9769,31,9800,79
2021-04-26,Nevada,057,99092,4631,4548,185,4733,70
2021-04-26,Orange,059,3164182,254084,252592,11026,263618,4919
2021-04-26,Placer,061,380077,22630,22032,1396,23428,285
2021-04-26,Plumas,063,18699,688,670,10,680,4
2021-04-26,Riverside,065,2383286,292334,286724,13703,300427,4401
2021-04-26,Sacramento,067,1510023,103105,102459,1613,104072,1587
2021-04-26,San Benito,069,59416,6002,6013,110,6123,63
2021-04-26,San Bernardino,071,2135413,291580,290394,8820,299214,4572
2021-04-26,San Diego,073,3302833,277310,275541,14451,289992,3692
2021-04-26,San Francisco,075,870044,36202,36330,1241,37571,532
2021-04-26,San Joaquin,077,732212,71797,71050,3364,74414,1301
2021-04-26,San Luis Obispo,079,281455,21123,20830,706,21536,255
2021-04-26,San Mateo,081,765935,41786,41457,451,41908,357
2021-04-26,Santa Barbara,083,443738,34124,33948,1105,35053,448
2021-04-26,Santa Clara,085,1922200,117364,117874,715,118589,1968
2021-04-26,Santa Cruz,087,273765,16103,15877,793,16670,205
2021-04-26,Shasta,089,179085,11779,11787,1434,13221,192
2021-04-26,Sierra,091,2930,55,51,12,63,0
2021-04-26,Siskiyou,093,43540,1723,1592,288,1880,11
2021-04-26,Solano,095,438530,32030,31913,489,32402,247
2021-04-26,Sonoma,097,501317,29597,29755,304,30059,318
2021-04-26,Stanislaus,099,539301,54978,54638,5733,60371,744
2021-04-26,Sutter,101,95872,9300,9328,80,9408,110
2021-04-26,Tehama,103,63373,4950,4920,539,5459,53
2021-04-26,Trinity,105,12862,482,326,82,408,3
2021-04-26,Tulare,107,460477,49744,48735,8661,57396,831
2021-04-26,Tuolumne,109,53932,3979,4024,41,4065,58
2021-04-26,Ventura,111,848112,80723,80137,2906,83043,999
2021-04-26,Yolo,113,214977,13730,13684,198,13882,205
2021-04-26,Yuba,115,75493,5878,5851,118,5969,44
2021-04-25,Alameda,001,1643700,86360,86162,1846,88008,1256
2021-04-25,Alpine,002,1148,87,87,0,87,0
2021-04-25,Amador,005,37829,3639,3643,32,3675,46
2021-04-25,Butte,007,227075,12065,11709,1755,13464,196
2021-04-25,Calaveras,009,45235,2076,2072,11,2083,50
2021-04-25,Colusa,011,21464,1921,1924,289,2213,14
2021-04-25,Contra Costa,013,1133247,67925,67316,1192,68508,789
2021-04-25,Del Norte,015,27424,1294,1259,11,1270,6
2021-04-25,El Dorado,017,186661,9935,9837,705,10542,106
2021-04-25,Fresno,019,978130,101415,101061,8405,109466,1662
2021-04-25,Glenn,021,27897,2383,2366,535,2901,17
2021-04-25,Humboldt,023,135768,3801,3751,30,3781,35
2021-04-25,Imperial,025,180216,28223,28136,2613,30749,720
2021-04-25,Inyo,027,18085,1398,1396,10,1406,36
2021-04-25,Kern,029,883053,96390,95398,10496,105894,1295
2021-04-25,Kings,031,150075,22958,22755,1044,23799,244
2021-04-25,Lake,033,64148,3449,3427,9,3436,43
2021-04-25,Lassen,035,31185,5169,5138,103,5241,1
2021-04-25,Los Angeles,037,10098052,1200528,1190970,39943,1230913,23799
2021-04-25,Madera,039,155013,16454,16346,907,17253,231
2021-04-25,Marin,041,260295,13908,13852,232,14084,227
2021-04-25,Mariposa,043,17540,416,410,11,421,5
2021-04-25,Mendocino,045,87422,3821,3757,77,3834,46
2021-04-25,Merced,047,269075,30519,30586,1010,31596,443
2021-04-25,Modoc,049,8938,363,360,120,480,3
2021-04-25,Mono,051,14174,1247,1257,17,1274,3
2021-04-25,Monterey,053,433212,42880,42737,1802,44539,379
2021-04-25,Napa,055,140530,9734,9762,31,9793,79
2021-04-25,Nevada,057,99092,4619,4536,185,4721,70
2021-04-25,Orange,059,3164182,254008,252531,11020,263551,4919
2021-04-25,Placer,061,380077,22584,22011,1388,23399,285
2021-04-25,Plumas,063,18699,687,670,10,680,4
2021-04-25,Riverside,065,2383286,292241,286651,13697,300348,4401
2021-04-25,Sacramento,067,1510023,102937,102319,1603,103922,1587
2021-04-25,San Benito,069,59416,6000,6014,109,6123,63
2021-04-25,San Bernardino,071,2135413,291505,290357,8812,299169,4571
2021-04-25,San Diego,073,3302833,277097,275412,14418,289830,3692
2021-04-25,San Francisco,075,870044,36171,36310,1241,37551,532
2021-04-25,San Joaquin,077,732212,71702,70987,3354,74341,1301
2021-04-25,San Luis Obispo,079,281455,21104,20820,704,21524,255
2021-04-25,San Mateo,081,765935,41751,41465,450,41915,356
2021-04-25,Santa Barbara,083,443738,34098,33931,1105,35036,448
2021-04-25,Santa Clara,085,1922200,117285,117778,713,118491,1968
2021-04-25,Santa Cruz,087,273765,16097,15868,791,16659,205
2021-04-25,Shasta,089,179085,11756,11784,1429,13213,192
2021-04-25,Sierra,091,2930,55,51,12,63,0
2021-04-25,Siskiyou,093,43540,1712,1580,286,1866,11
2021-04-25,Solano,095,438530,31983,31864,481,32345,247
2021-04-25,Sonoma,097,501317,29579,29756,304,30060,318
2021-04-25,Stanislaus,099,539301,54882,54543,5725,60268,744
2021-04-25,Sutter,101,95872,9294,9326,80,9406,110
2021-04-25,Tehama,103,63373,4946,4916,537,5453,53
2021-04-25,Trinity,105,12862,482,326,82,408,3
2021-04-25,Tulare,107,460477,49728,48728,8648,57376,831
2021-04-25,Tuolumne,109,53932,3977,4022,41,4063,58
2021-04-25,Ventura,111,848112,80699,80110,2906,83016,999
2021-04-25,Yolo,113,214977,13704,13667,197,13864,205
2021-04-25,Yuba,115,75493,5875,5849,117,5966,44
2021-04-24,Alameda,001,1643700,86305,86016,1844,87860,1257
2021-04-24,Alpine,002,1148,87,86,0,86,0
2021-04-24,Amador,005,37829,3638,3640,32,3672,46
2021-04-24,Butte,007,227075,12049,11678,1753,13431,196
2021-04-24,Calaveras,009,45235,2072,2067,11,2078,50
2021-04-24,Colusa,011,21464,1920,1921,289,2210,14
2021-04-24,Contra Costa,013,1133247,67854,67222,1190,68412,789
2021-04-24,Del Norte,015,27424,1289,1255,11,1266,6
2021-04-24,El Dorado,017,186661,9924,9814,704,10518,106
2021-04-24,Fresno,019,978130,101384,100991,8399,109390,1662
2021-04-24,Glenn,021,27897,2383,2363,535,2898,17
2021-04-24,Humboldt,023,135768,3787,3722,30,3752,35
2021-04-24,Imperial,025,180216,28216,28124,2612,30736,720
2021-04-24,Inyo,027,18085,1397,1396,10,1406,36
2021-04-24,Kern,029,883053,96371,95365,10486,105851,1295
2021-04-24,Kings,031,150075,22955,22749,1044,23793,244
2021-04-24,Lake,033,64148,3448,3426,9,3435,43
2021-04-24,Lassen,035,31185,5168,5137,103,5240,1
2021-04-24,Los Angeles,037,10098052,1200296,1190603,39927,1230530,23802
2021-04-24,Madera,039,155013,16451,16338,907,17245,231
2021-04-24,Marin,041,260295,13900,13847,232,14079,227
2021-04-24,Mariposa,043,17540,416,409,11,420,5
2021-04-24,Mendocino,045,87422,3819,3754,75,3829,46
2021-04-24,Merced,047,269075,30499,30559,1010,31569,443
2021-04-24,Modoc,049,8938,363,360,120,480,3
2021-04-24,Mono,051,14174,1247,1256,17,1273,3
2021-04-24,Monterey,053,433212,42868,42727,1801,44528,379
2021-04-24,Napa,055,140530,9728,9756,31,9787,79
2021-04-24,Nevada,057,99092,4612,4522,185,4707,70
2021-04-24,Orange,059,3164182,253964,252441,11014,263455,4910
2021-04-24,Placer,061,380077,22571,21983,1387,23370,285
2021-04-24,Plumas,063,18699,686,670,10,680,4
2021-04-24,Riverside,065,2383286,292173,286552,13693,300245,4400
2021-04-24,Sacramento,067,1510023,102854,102179,1596,103775,1587
2021-04-24,San Benito,069,59416,5998,6007,109,6116,63
2021-04-24,San Bernardino,071,2135413,291457,290264,8811,299075,4568
2021-04-24,San Diego,073,3302833,276994,275252,14398,289650,3688
2021-04-24,San Francisco,075,870044,36142,36285,1236,37521,532
2021-04-24,San Joaquin,077,732212,71659,70911,3351,74262,1301
2021-04-24,San Luis Obispo,079,281455,21094,20797,703,21500,255
2021-04-24,San Mateo,081,765935,41738,41424,448,41872,355
2021-04-24,Santa Barbara,083,443738,34083,33911,1104,35015,448
2021-04-24,Santa Clara,085,1922200,117230,117674,711,118385,1968
2021-04-24,Santa Cruz,087,273765,16089,15840,791,16631,205
2021-04-24,Shasta,089,179085,11738,11770,1426,13196,192
2021-04-24,Sierra,091,2930,55,51,12,63,0
2021-04-24,Siskiyou,093,43540,1702,1574,285,1859,11
2021-04-24,Solano,095,438530,31960,31821,478,32299,247
2021-04-24,Sonoma,097,501317,29577,29739,304,30043,318
2021-04-24,Stanislaus,099,539301,54833,54455,5722,60177,744
2021-04-24,Sutter,101,95872,9291,9316,80,9396,110
2021-04-24,Tehama,103,63373,4941,4907,537,5444,53
2021-04-24,Trinity,105,12862,482,326,82,408,3
2021-04-24,Tulare,107,460477,49717,48705,8638,57343,830
2021-04-24,Tuolumne,109,53932,3973,4020,41,4061,58
2021-04-24,Ventura,111,848112,80686,80097,2904,83001,999
2021-04-24,Yolo,113,214977,13693,13653,197,13850,205
2021-04-24,Yuba,115,75493,5873,5837,117,5954,44
2021-04-23,Alameda,001,1643700,86231,85935,1841,87776,1256
2021-04-23,Alpine,002,1148,86,86,0,86,0
2021-04-23,Amador,005,37829,3637,3637,32,3669,46
2021-04-23,Butte,007,227075,12028,11672,1748,13420,196
2021-04-23,Calaveras,009,45235,2069,2064,11,2075,50
2021-04-23,Colusa,011,21464,1919,1921,289,2210,14
2021-04-23,Contra Costa,013,1133247,67800,67164,1188,68352,785
2021-04-23,Del Norte,015,27424,1288,1254,11,1265,6
2021-04-23,El Dorado,017,186661,9907,9788,701,10489,106
2021-04-23,Fresno,019,978130,101343,100928,8393,109321,1662
2021-04-23,Glenn,021,27897,2383,2361,534,2895,17
2021-04-23,Humboldt,023,135768,3777,3698,30,3728,35
2021-04-23,Imperial,025,180216,28201,28108,2611,30719,720
2021-04-23,Inyo,027,18085,1397,1395,10,1405,36
2021-04-23,Kern,029,883053,96346,95330,10480,105810,1295
2021-04-23,Kings,031,150075,22952,22735,1044,23779,244
2021-04-23,Lake,033,64148,3446,3425,9,3434,43
2021-04-23,Lassen,035,31185,5168,5141,103,5244,1
2021-04-23,Los Angeles,037,10098052,1200026,1190264,39903,1230167,23785
2021-04-23,Madera,039,155013,16442,16328,907,17235,231
2021-04-23,Marin,041,260295,13895,13838,232,14070,227
2021-04-23,Mariposa,043,17540,415,405,11,416,5
2021-04-23,Mendocino,045,87422,3817,3745,74,3819,46
2021-04-23,Merced,047,269075,30482,30530,1009,31539,443
2021-04-23,Modoc,049,8938,363,360,120,480,3
2021-04-23,Mono,051,14174,1245,1256,17,1273,3
2021-04-23,Monterey,053,433212,42862,42722,1801,44523,377
2021-04-23,Napa,055,140530,9723,9752,31,9783,79
2021-04-23,Nevada,057,99092,4603,4510,185,4695,70
2021-04-23,Orange,059,3164182,253920,252399,11007,263406,4904
2021-04-23,Placer,061,380077,22548,21959,1386,23345,282
2021-04-23,Plumas,063,18699,685,670,10,680,4
2021-04-23,Riverside,065,2383286,292114,286456,13688,300144,4399
2021-04-23,Sacramento,067,1510023,102767,102041,1593,103634,1586
2021-04-23,San Benito,069,59416,5996,6005,109,6114,63
2021-04-23,San Bernardino,071,2135413,291406,290189,8810,298999,4568
2021-04-23,San Diego,073,3302833,276855,275097,14375,289472,3684
2021-04-23,San Francisco,075,870044,36126,36252,1235,37487,532
2021-04-23,San Joaquin,077,732212,71603,70840,3348,74188,1295
2021-04-23,San Luis Obispo,079,281455,21085,20781,702,21483,255
2021-04-23,San Mateo,081,765935,41712,41386,448,41834,355
2021-04-23,Santa Barbara,083,443738,34073,33895,1102,34997,447
2021-04-23,Santa Clara,085,1922200,117168,117593,710,118303,1965
2021-04-23,Santa Cruz,087,273765,16082,15802,791,16593,205
2021-04-23,Shasta,089,179085,11731,11759,1425,13184,192
2021-04-23,Sierra,091,2930,55,51,12,63,0
2021-04-23,Siskiyou,093,43540,1690,1567,284,1851,11
2021-04-23,Solano,095,438530,31928,31784,474,32258,247
2021-04-23,Sonoma,097,501317,29563,29727,304,30031,318
2021-04-23,Stanislaus,099,539301,54771,54391,5714,60105,744
2021-04-23,Sutter,101,95872,9289,9312,80,9392,110
2021-04-23,Tehama,103,63373,4938,4906,537,5443,53
2021-04-23,Trinity,105,12862,482,326,82,408,3
2021-04-23,Tulare,107,460477,49700,48694,8631,57325,829
2021-04-23,Tuolumne,109,53932,3972,4020,41,4061,58
2021-04-23,Ventura,111,848112,80667,80095,2904,82999,996
2021-04-23,Yolo,113,214977,13681,13647,197,13844,205
2021-04-23,Yuba,115,75493,5870,5828,117,5945,44
2021-04-22,Alameda,001,1643700,86141,85829,1840,87669,1253
2021-04-22,Alpine,002,1148,86,86,0,86,0
2021-04-22,Amador,005,37829,3636,3633,32,3665,46
2021-04-22,Butte,007,227075,12014,11656,1745,13401,196
2021-04-22,Calaveras,009,45235,2067,2059,11,2070,50
2021-04-22,Colusa,011,21464,1917,1920,287,2207,14
2021-04-22,Contra Costa,013,1133247,67728,67029,1184,68213,782
2021-04-22,Del Norte,015,27424,1283,1252,11,1263,6
2021-04-22,El Dorado,017,186661,9895,9773,698,10471,106
2021-04-22,Fresno,019,978130,101298,100864,8382,109246,1657
2021-04-22,Glenn,021,27897,2382,2361,534,2895,17
2021-04-22,Humboldt,023,135768,3768,3680,30,3710,35
2021-04-22,Imperial,025,180216,28180,28096,2608,30704,720
2021-04-22,Inyo,027,18085,1396,1394,10,1404,36
2021-04-22,Kern,029,883053,96303,95292,10465,105757,1299
2021-04-22,Kings,031,150075,22942,22725,1044,23769,243
2021-04-22,Lake,033,64148,3444,3423,9,3432,43
2021-04-22,Lassen,035,31185,5168,5155,103,5258,1
2021-04-22,Los Angeles,037,10098052,1199704,1189878,39882,1229760,23762
2021-04-22,Madera,039,155013,16423,16316,907,17223,231
2021-04-22,Marin,041,260295,13887,13832,232,14064,227
2021-04-22,Mariposa,043,17540,414,403,11,414,5
2021-04-22,Mendocino,045,87422,3811,3729,74,3803,46
2021-04-22,Merced,047,269075,30447,30490,1008,31498,443
2021-04-22,Modoc,049,8938,363,360,120,480,3
2021-04-22,Mono,051,14174,1245,1254,17,1271,3
2021-04-22,Monterey,053,433212,42855,42708,1799,44507,377
2021-04-22,Napa,055,140530,9713,9734,31,9765,79
2021-04-22,Nevada,057,99092,4593,4504,183,4687,70
2021-04-22,Orange,059,3164182,253847,252307,10994,263301,4898
2021-04-22,Placer,061,380077,22518,21916,1382,23298,282
2021-04-22,Plumas,063,18699,684,670,10,680,4
2021-04-22,Riverside,065,2383286,292015,286362,13679,300041,4398
2021-04-22,Sacramento,067,1510023,102618,101870,1584,103454,1585
2021-04-22,San Benito,069,59416,5992,5998,109,6107,63
2021-04-22,San Bernardino,071,2135413,291337,290125,8801,298926,4571
2021-04-22,San Diego,073,3302833,276689,275913,14353,290266,3684
2021-04-22,San Francisco,075,870044,36103,36218,1232,37450,532
2021-04-22,San Joaquin,077,732212,71544,70751,3341,74092,1295
2021-04-22,San Luis Obispo,079,281455,21071,20761,702,21463,255
2021-04-22,San Mateo,081,765935,41686,41345,446,41791,355
2021-04-22,Santa Barbara,083,443738,34050,33870,1101,34971,446
2021-04-22,Santa Clara,085,1922200,117080,117457,706,118163,1954
2021-04-22,Santa Cruz,087,273765,16079,15737,790,16527,205
2021-04-22,Shasta,089,179085,11716,11738,1423,13161,192
2021-04-22,Sierra,091,2930,55,51,12,63,0
2021-04-22,Siskiyou,093,43540,1686,1564,283,1847,11
2021-04-22,Solano,095,438530,31883,31731,471,32202,247
2021-04-22,Sonoma,097,501317,29548,29705,300,30005,318
2021-04-22,Stanislaus,099,539301,54698,54313,5708,60021,744
2021-04-22,Sutter,101,95872,9285,9302,80,9382,110
2021-04-22,Tehama,103,63373,4932,4896,533,5429,53
2021-04-22,Trinity,105,12862,482,326,82,408,3
2021-04-22,Tulare,107,460477,49680,48669,8622,57291,828
2021-04-22,Tuolumne,109,53932,3968,4020,41,4061,58
2021-04-22,Ventura,111,848112,80641,80073,2902,82975,996
2021-04-22,Yolo,113,214977,13660,13616,197,13813,205
2021-04-22,Yuba,115,75493,5860,5825,117,5942,44
2021-04-21,Alameda,001,1643700,86062,85762,1838,87600,1249
2021-04-21,Alpine,002,1148,86,86,0,86,0
2021-04-21,Amador,005,37829,3633,3632,32,3664,46
2021-04-21,Butte,007,227075,11994,11643,1743,13386,196
2021-04-21,Calaveras,009,45235,2059,2057,11,2068,50
2021-04-21,Colusa,011,21464,1915,1920,286,2206,14
2021-04-21,Contra Costa,013,1133247,67662,66981,1183,68164,782
2021-04-21,Del Norte,015,27424,1279,1252,11,1263,6
2021-04-21,El Dorado,017,186661,9878,9760,695,10455,106
2021-04-21,Fresno,019,978130,101242,100838,8376,109214,1654
2021-04-21,Glenn,021,27897,2381,2361,534,2895,17
2021-04-21,Humboldt,023,135768,3749,3642,30,3672,35
2021-04-21,Imperial,025,180216,28168,28052,2607,30659,719
2021-04-21,Inyo,027,18085,1396,1392,10,1402,36
2021-04-21,Kern,029,883053,96257,95257,10455,105712,1297
2021-04-21,Kings,031,150075,22935,22713,1043,23756,243
2021-04-21,Lake,033,64148,3441,3421,9,3430,43
2021-04-21,Lassen,035,31185,5167,5156,103,5259,1
2021-04-21,Los Angeles,037,10098052,1199362,1189530,39863,1229393,23729
2021-04-21,Madera,039,155013,16418,16309,907,17216,231
2021-04-21,Marin,041,260295,13872,13822,232,14054,227
2021-04-21,Mariposa,043,17540,413,402,11,413,5
2021-04-21,Mendocino,045,87422,3809,3729,74,3803,46
2021-04-21,Merced,047,269075,30427,30471,1006,31477,442
2021-04-21,Modoc,049,8938,363,360,120,480,3
2021-04-21,Mono,051,14174,1245,1254,17,1271,3
2021-04-21,Monterey,053,433212,42840,42699,1797,44496,377
2021-04-21,Napa,055,140530,9707,9727,31,9758,79
2021-04-21,Nevada,057,99092,4579,4499,183,4682,70
2021-04-21,Orange,059,3164182,253770,252243,10981,263224,4889
2021-04-21,Placer,061,380077,22487,21896,1377,23273,282
2021-04-21,Plumas,063,18699,684,670,10,680,4
2021-04-21,Riverside,065,2383286,291921,286299,13672,299971,4388
2021-04-21,Sacramento,067,1510023,102489,101803,1578,103381,1579
2021-04-21,San Benito,069,59416,5989,5998,109,6107,63
2021-04-21,San Bernardino,071,2135413,291261,290049,8799,298848,4572
2021-04-21,San Diego,073,3302833,276480,275632,14315,289947,3681
2021-04-21,San Francisco,075,870044,36083,36194,1231,37425,529
2021-04-21,San Joaquin,077,732212,71489,70687,3331,74018,1295
2021-04-21,San Luis Obispo,079,281455,21056,20724,701,21425,255
2021-04-21,San Mateo,081,765935,41655,41318,445,41763,355
2021-04-21,Santa Barbara,083,443738,34031,33830,1100,34930,445
2021-04-21,Santa Clara,085,1922200,117002,117318,700,118018,1946
2021-04-21,Santa Cruz,087,273765,16070,15698,790,16488,204
2021-04-21,Shasta,089,179085,11697,11722,1421,13143,192
2021-04-21,Sierra,091,2930,55,51,12,63,0
2021-04-21,Siskiyou,093,43540,1679,1557,283,1840,11
2021-04-21,Solano,095,438530,31844,31712,470,32182,244
2021-04-21,Sonoma,097,501317,29536,29697,299,29996,318
2021-04-21,Stanislaus,099,539301,54637,54290,5702,59992,742
2021-04-21,Sutter,101,95872,9277,9297,80,9377,110
2021-04-21,Tehama,103,63373,4925,4893,532,5425,53
2021-04-21,Trinity,105,12862,482,326,82,408,3
2021-04-21,Tulare,107,460477,49665,48653,8609,57262,828
2021-04-21,Tuolumne,109,53932,3965,4019,41,4060,58
2021-04-21,Ventura,111,848112,80609,80039,2899,82938,996
2021-04-21,Yolo,113,214977,13640,13606,196,13802,200
2021-04-21,Yuba,115,75493,5853,5822,116,5938,44
2021-04-20,Alameda,001,1643700,85967,85652,1836,87488,1248
2021-04-20,Alpine,002,1148,85,85,0,85,0
2021-04-20,Amador,005,37829,3632,3631,32,3663,46
2021-04-20,Butte,007,227075,11976,11619,1741,13360,196
2021-04-20,Calaveras,009,45235,2058,2053,11,2064,50
2021-04-20,Colusa,011,21464,1915,1915,285,2200,14
2021-04-20,Contra Costa,013,1133247,67578,66889,1180,68069,782
2021-04-20,Del Norte,015,27424,1278,1250,11,1261,6
2021-04-20,El Dorado,017,186661,9850,9743,693,10436,106
2021-04-20,Fresno,019,978130,101184,100768,8366,109134,1650
2021-04-20,Glenn,021,27897,2379,2359,533,2892,17
2021-04-20,Humboldt,023,135768,3731,3612,30,3642,35
2021-04-20,Imperial,025,180216,28149,28024,2603,30627,719
2021-04-20,Inyo,027,18085,1396,1393,10,1403,36
2021-04-20,Kern,029,883053,96221,95223,10439,105662,1295
2021-04-20,Kings,031,150075,22929,22693,1040,23733,243
2021-04-20,Lake,033,64148,3439,3418,9,3427,43
2021-04-20,Lassen,035,31185,5167,5155,103,5258,1
2021-04-20,Los Angeles,037,10098052,1199015,1189256,39833,1229089,23694
2021-04-20,Madera,039,155013,16412,16301,907,17208,231
2021-04-20,Marin,041,260295,13858,13807,232,14039,227
2021-04-20,Mariposa,043,17540,412,402,11,413,5
2021-04-20,Mendocino,045,87422,3808,3726,74,3800,46
2021-04-20,Merced,047,269075,30400,30439,1005,31444,441
2021-04-20,Modoc,049,8938,363,359,120,479,3
2021-04-20,Mono,051,14174,1244,1254,17,1271,3
2021-04-20,Monterey,053,433212,42829,42663,1795,44458,363
2021-04-20,Napa,055,140530,9703,9711,31,9742,79
2021-04-20,Nevada,057,99092,4561,4485,183,4668,70
2021-04-20,Orange,059,3164182,253680,252134,10969,263103,4887
2021-04-20,Placer,061,380077,22453,21846,1373,23219,282
2021-04-20,Plumas,063,18699,683,670,10,680,4
2021-04-20,Riverside,065,2383286,291824,286194,13667,299861,4388
2021-04-20,Sacramento,067,1510023,102351,101629,1570,103199,1574
2021-04-20,San Benito,069,59416,5986,5988,109,6097,63
2021-04-20,San Bernardino,071,2135413,291180,289905,8797,298702,4569
2021-04-20,San Diego,073,3302833,276249,275369,14282,289651,3674
2021-04-20,San Francisco,075,870044,36063,36117,1230,37347,529
2021-04-20,San Joaquin,077,732212,71416,70590,3322,73912,1289
2021-04-20,San Luis Obispo,079,281455,21033,20691,693,21384,254
2021-04-20,San Mateo,081,765935,41624,41251,445,41696,355
2021-04-20,Santa Barbara,083,443738,34012,33803,1100,34903,445
2021-04-20,Santa Clara,085,1922200,116904,117228,696,117924,1944
2021-04-20,Santa Cruz,087,273765,16058,15647,790,16437,204
2021-04-20,Shasta,089,179085,11681,11677,1418,13095,189
2021-04-20,Sierra,091,2930,55,51,12,63,0
2021-04-20,Siskiyou,093,43540,1671,1551,282,1833,10
2021-04-20,Solano,095,438530,31788,31673,466,32139,243
2021-04-20,Sonoma,097,501317,29527,29676,297,29973,311
2021-04-20,Stanislaus,099,539301,54572,54236,5689,59925,735
2021-04-20,Sutter,101,95872,9273,9279,80,9359,109
2021-04-20,Tehama,103,63373,4920,4887,531,5418,52
2021-04-20,Trinity,105,12862,482,326,82,408,3
2021-04-20,Tulare,107,460477,49643,48650,8601,57251,831
2021-04-20,Tuolumne,109,53932,3965,4014,41,4055,58
2021-04-20,Ventura,111,848112,80581,80018,2897,82915,995
2021-04-20,Yolo,113,214977,13620,13581,195,13776,200
2021-04-20,Yuba,115,75493,5843,5814,116,5930,44
2021-04-19,Alameda,001,1643700,85849,85583,1832,87415,1247
2021-04-19,Alpine,002,1148,85,85,0,85,0
2021-04-19,Amador,005,37829,3631,3629,32,3661,46
2021-04-19,Butte,007,227075,11958,11601,1736,13337,196
2021-04-19,Calaveras,009,45235,2056,2050,11,2061,50
2021-04-19,Colusa,011,21464,1915,1913,284,2197,14
2021-04-19,Contra Costa,013,1133247,67500,66833,1178,68011,782
2021-04-19,Del Norte,015,27424,1276,1247,11,1258,6
2021-04-19,El Dorado,017,186661,9834,9726,688,10414,106
2021-04-19,Fresno,019,978130,101116,100702,8354,109056,1646
2021-04-19,Glenn,021,27897,2379,2358,532,2890,17
2021-04-19,Humboldt,023,135768,3711,3602,28,3630,35
2021-04-19,Imperial,025,180216,28128,27995,2603,30598,719
2021-04-19,Inyo,027,18085,1396,1392,10,1402,36
2021-04-19,Kern,029,883053,96191,95162,10424,105586,1290
2021-04-19,Kings,031,150075,22914,22688,1040,23728,243
2021-04-19,Lake,033,64148,3438,3416,9,3425,43
2021-04-19,Lassen,035,31185,5166,5156,103,5259,1
2021-04-19,Los Angeles,037,10098052,1198636,1188945,39808,1228753,23666
2021-04-19,Madera,039,155013,16401,16289,906,17195,231
2021-04-19,Marin,041,260295,13847,13804,231,14035,226
2021-04-19,Mariposa,043,17540,411,401,11,412,5
2021-04-19,Mendocino,045,87422,3806,3722,74,3796,46
2021-04-19,Merced,047,269075,30371,30422,1004,31426,441
2021-04-19,Modoc,049,8938,363,359,120,479,3
2021-04-19,Mono,051,14174,1243,1254,17,1271,3
2021-04-19,Monterey,053,433212,42816,42642,1790,44432,356
2021-04-19,Napa,055,140530,9695,9680,31,9711,79
2021-04-19,Nevada,057,99092,4545,4477,183,4660,70
2021-04-19,Orange,059,3164182,253562,252013,10954,262967,4883
2021-04-19,Placer,061,380077,22430,21814,1369,23183,282
2021-04-19,Plumas,063,18699,683,665,10,675,4
2021-04-19,Riverside,065,2383286,291729,286087,13657,299744,4371
2021-04-19,Sacramento,067,1510023,102216,101482,1560,103042,1572
2021-04-19,San Benito,069,59416,5978,5989,109,6098,63
2021-04-19,San Bernardino,071,2135413,291095,289738,8791,298529,4561
2021-04-19,San Diego,073,3302833,276001,275113,14249,289362,3674
2021-04-19,San Francisco,075,870044,36026,36094,1228,37322,529
2021-04-19,San Joaquin,077,732212,71336,70514,3316,73830,1289
2021-04-19,San Luis Obispo,079,281455,21007,20669,687,21356,254
2021-04-19,San Mateo,081,765935,41591,41226,444,41670,355
2021-04-19,Santa Barbara,083,443738,33998,33786,1100,34886,446
2021-04-19,Santa Clara,085,1922200,116793,117099,692,117791,1944
2021-04-19,Santa Cruz,087,273765,16046,15600,790,16390,204
2021-04-19,Shasta,089,179085,11666,11662,1410,13072,189
2021-04-19,Sierra,091,2930,55,51,12,63,0
2021-04-19,Siskiyou,093,43540,1661,1544,282,1826,10
2021-04-19,Solano,095,438530,31749,31643,461,32104,239
2021-04-19,Sonoma,097,501317,29508,29667,297,29964,311
2021-04-19,Stanislaus,099,539301,54496,54179,5685,59864,728
2021-04-19,Sutter,101,95872,9262,9269,80,9349,109
2021-04-19,Tehama,103,63373,4914,4878,531,5409,52
2021-04-19,Trinity,105,12862,482,326,81,407,3
2021-04-19,Tulare,107,460477,49627,48630,8588,57218,831
2021-04-19,Tuolumne,109,53932,3964,4010,41,4051,58
2021-04-19,Ventura,111,848112,80555,80000,2895,82895,996
2021-04-19,Yolo,113,214977,13607,13572,193,13765,200
2021-04-19,Yuba,115,75493,5836,5804,115,5919,44
2021-04-18,Alameda,001,1643700,85734,85481,1824,87305,1247
2021-04-18,Alpine,002,1148,85,85,0,85,0
2021-04-18,Amador,005,37829,3628,3627,32,3659,46
2021-04-18,Butte,007,227075,11940,11591,1731,13322,196
2021-04-18,Calaveras,009,45235,2050,2047,11,2058,50
2021-04-18,Colusa,011,21464,1911,1912,283,2195,14
2021-04-18,Contra Costa,013,1133247,67397,66750,1174,67924,782
2021-04-18,Del Norte,015,27424,1276,1240,11,1251,6
2021-04-18,El Dorado,017,186661,9811,9710,686,10396,106
2021-04-18,Fresno,019,978130,101058,100621,8348,108969,1646
2021-04-18,Glenn,021,27897,2374,2358,532,2890,17
2021-04-18,Humboldt,023,135768,3683,3590,28,3618,35
2021-04-18,Imperial,025,180216,28113,27991,2598,30589,719
2021-04-18,Inyo,027,18085,1395,1392,10,1402,36
2021-04-18,Kern,029,883053,96155,95129,10409,105538,1290
2021-04-18,Kings,031,150075,22905,22685,1040,23725,243
2021-04-18,Lake,033,64148,3437,3413,9,3422,43
2021-04-18,Lassen,035,31185,5163,5156,103,5259,1
2021-04-18,Los Angeles,037,10098052,1198176,1188620,39785,1228405,23648
2021-04-18,Madera,039,155013,16390,16277,905,17182,231
2021-04-18,Marin,041,260295,13840,13801,230,14031,226
2021-04-18,Mariposa,043,17540,410,400,10,410,5
2021-04-18,Mendocino,045,87422,3803,3722,74,3796,46
2021-04-18,Merced,047,269075,30334,30405,1003,31408,441
2021-04-18,Modoc,049,8938,363,359,120,479,3
2021-04-18,Mono,051,14174,1243,1254,17,1271,3
2021-04-18,Monterey,053,433212,42804,42638,1789,44427,356
2021-04-18,Napa,055,140530,9679,9674,31,9705,79
2021-04-18,Nevada,057,99092,4530,4464,183,4647,70
2021-04-18,Orange,059,3164182,253448,251940,10947,262887,4883
2021-04-18,Placer,061,380077,22387,21783,1364,23147,282
2021-04-18,Plumas,063,18699,682,665,10,675,4
2021-04-18,Riverside,065,2383286,291639,286043,13653,299696,4371
2021-04-18,Sacramento,067,1510023,102041,101354,1554,102908,1572
2021-04-18,San Benito,069,59416,5976,5989,109,6098,63
2021-04-18,San Bernardino,071,2135413,291002,289691,8782,298473,4556
2021-04-18,San Diego,073,3302833,275722,274961,14214,289175,3674
2021-04-18,San Francisco,075,870044,35989,36073,1224,37297,525
2021-04-18,San Joaquin,077,732212,71255,70466,3307,73773,1289
2021-04-18,San Luis Obispo,079,281455,20985,20656,681,21337,254
2021-04-18,San Mateo,081,765935,41562,41201,443,41644,352
2021-04-18,Santa Barbara,083,443738,33963,33769,1099,34868,446
2021-04-18,Santa Clara,085,1922200,116625,116996,687,117683,1944
2021-04-18,Santa Cruz,087,273765,16036,15580,789,16369,204
2021-04-18,Shasta,089,179085,11645,11658,1407,13065,189
2021-04-18,Sierra,091,2930,55,51,12,63,0
2021-04-18,Siskiyou,093,43540,1650,1538,281,1819,10
2021-04-18,Solano,095,438530,31699,31606,460,32066,239
2021-04-18,Sonoma,097,501317,29492,29660,295,29955,311
2021-04-18,Stanislaus,099,539301,54414,54132,5679,59811,728
2021-04-18,Sutter,101,95872,9248,9261,80,9341,109
2021-04-18,Tehama,103,63373,4905,4877,530,5407,52
2021-04-18,Trinity,105,12862,482,326,81,407,3
2021-04-18,Tulare,107,460477,49614,48618,8583,57201,829
2021-04-18,Tuolumne,109,53932,3963,4008,40,4048,58
2021-04-18,Ventura,111,848112,80524,79984,2892,82876,996
2021-04-18,Yolo,113,214977,13595,13562,191,13753,200
2021-04-18,Yuba,115,75493,5829,5804,115,5919,44
2021-04-17,Alameda,001,1643700,85661,85367,1822,87189,1247
2021-04-17,Alpine,002,1148,85,85,0,85,0
2021-04-17,Amador,005,37829,3626,3625,32,3657,46
2021-04-17,Butte,007,227075,11920,11573,1727,13300,196
2021-04-17,Calaveras,009,45235,2048,2045,11,2056,50
2021-04-17,Colusa,011,21464,1911,1912,283,2195,14
2021-04-17,Contra Costa,013,1133247,67349,66657,1166,67823,782
2021-04-17,Del Norte,015,27424,1276,1238,11,1249,6
2021-04-17,El Dorado,017,186661,9796,9692,683,10375,106
2021-04-17,Fresno,019,978130,101025,100562,8343,108905,1646
2021-04-17,Glenn,021,27897,2374,2357,532,2889,17
2021-04-17,Humboldt,023,135768,3659,3579,28,3607,35
2021-04-17,Imperial,025,180216,28102,27987,2598,30585,719
2021-04-17,Inyo,027,18085,1392,1392,10,1402,36
2021-04-17,Kern,029,883053,96137,95102,10405,105507,1290
2021-04-17,Kings,031,150075,22900,22678,1039,23717,243
2021-04-17,Lake,033,64148,3436,3409,9,3418,43
2021-04-17,Lassen,035,31185,5163,5154,103,5257,1
2021-04-17,Los Angeles,037,10098052,1197916,1188262,39755,1228017,23653
2021-04-17,Madera,039,155013,16386,16260,904,17164,231
2021-04-17,Marin,041,260295,13836,13797,230,14027,226
2021-04-17,Mariposa,043,17540,409,398,10,408,5
2021-04-17,Mendocino,045,87422,3800,3721,74,3795,46
2021-04-17,Merced,047,269075,30318,30392,1002,31394,441
2021-04-17,Modoc,049,8938,363,357,120,477,3
2021-04-17,Mono,051,14174,1243,1253,17,1270,3
2021-04-17,Monterey,053,433212,42795,42630,1787,44417,356
2021-04-17,Napa,055,140530,9675,9666,31,9697,79
2021-04-17,Nevada,057,99092,4522,4457,183,4640,70
2021-04-17,Orange,059,3164182,253379,251873,10935,262808,4878
2021-04-17,Placer,061,380077,22364,21736,1359,23095,282
2021-04-17,Plumas,063,18699,681,666,10,676,4
2021-04-17,Riverside,065,2383286,291570,285963,13645,299608,4371
2021-04-17,Sacramento,067,1510023,101931,101172,1543,102715,1572
2021-04-17,San Benito,069,59416,5970,5986,109,6095,63
2021-04-17,San Bernardino,071,2135413,290947,289624,8779,298403,4555
2021-04-17,San Diego,073,3302833,275575,274812,14180,288992,3674
2021-04-17,San Francisco,075,870044,35967,36032,1221,37253,523
2021-04-17,San Joaquin,077,732212,71215,70372,3297,73669,1288
2021-04-17,San Luis Obispo,079,281455,20972,20642,678,21320,254
2021-04-17,San Mateo,081,765935,41539,41157,443,41600,352
2021-04-17,Santa Barbara,083,443738,33932,33738,1097,34835,446
2021-04-17,Santa Clara,085,1922200,116533,116887,685,117572,1944
2021-04-17,Santa Cruz,087,273765,16030,15571,789,16360,204
2021-04-17,Shasta,089,179085,11630,11647,1406,13053,189
2021-04-17,Sierra,091,2930,55,51,12,63,0
2021-04-17,Siskiyou,093,43540,1645,1539,278,1817,10
2021-04-17,Solano,095,438530,31668,31541,457,31998,239
2021-04-17,Sonoma,097,501317,29485,29637,295,29932,311
2021-04-17,Stanislaus,099,539301,54377,54058,5674,59732,728
2021-04-17,Sutter,101,95872,9242,9252,80,9332,109
2021-04-17,Tehama,103,63373,4899,4875,529,5404,52
2021-04-17,Trinity,105,12862,482,326,81,407,3
2021-04-17,Tulare,107,460477,49602,48603,8579,57182,829
2021-04-17,Tuolumne,109,53932,3961,4005,40,4045,58
2021-04-17,Ventura,111,848112,80503,79964,2892,82856,996
2021-04-17,Yolo,113,214977,13585,13580,191,13771,200
2021-04-17,Yuba,115,75493,5824,5802,114,5916,44
2021-04-16,Alameda,001,1643700,85581,85243,1820,87063,1245
2021-04-16,Alpine,002,1148,85,85,0,85,0
2021-04-16,Amador,005,37829,3621,3621,32,3653,46
2021-04-16,Butte,007,227075,11908,11549,1725,13274,196
2021-04-16,Calaveras,009,45235,2046,2042,11,2053,50
2021-04-16,Colusa,011,21464,1909,1911,283,2194,14
2021-04-16,Contra Costa,013,1133247,67295,66569,1163,67732,782
2021-04-16,Del Norte,015,27424,1275,1237,11,1248,6
2021-04-16,El Dorado,017,186661,9776,9665,679,10344,106
2021-04-16,Fresno,019,978130,100975,100500,8337,108837,1643
2021-04-16,Glenn,021,27897,2374,2355,532,2887,17
2021-04-16,Humboldt,023,135768,3638,3570,27,3597,35
2021-04-16,Imperial,025,180216,28092,27962,2598,30560,719
2021-04-16,Inyo,027,18085,1392,1392,10,1402,36
2021-04-16,Kern,029,883053,96108,95066,10402,105468,1288
2021-04-16,Kings,031,150075,22896,22667,1038,23705,243
2021-04-16,Lake,033,64148,3430,3406,9,3415,43
2021-04-16,Lassen,035,31185,5162,5155,103,5258,1
2021-04-16,Los Angeles,037,10098052,1197615,1187818,39719,1227537,23627
2021-04-16,Madera,039,155013,16380,16250,903,17153,231
2021-04-16,Marin,041,260295,13833,13788,230,14018,226
2021-04-16,Mariposa,043,17540,408,396,9,405,5
2021-04-16,Mendocino,045,87422,3798,3719,74,3793,46
2021-04-16,Merced,047,269075,30303,30355,1002,31357,438
2021-04-16,Modoc,049,8938,363,355,120,475,3
2021-04-16,Mono,051,14174,1243,1253,17,1270,3
2021-04-16,Monterey,053,433212,42784,42620,1784,44404,351
2021-04-16,Napa,055,140530,9667,9653,31,9684,79
2021-04-16,Nevada,057,99092,4513,4443,183,4626,70
2021-04-16,Orange,059,3164182,253315,251770,10926,262696,4873
2021-04-16,Placer,061,380077,22337,21680,1355,23035,282
2021-04-16,Plumas,063,18699,680,665,10,675,4
2021-04-16,Riverside,065,2383286,291493,285818,13643,299461,4369
2021-04-16,Sacramento,067,1510023,101833,100993,1538,102531,1572
2021-04-16,San Benito,069,59416,5968,5982,109,6091,63
2021-04-16,San Bernardino,071,2135413,290900,289424,8778,298202,4550
2021-04-16,San Diego,073,3302833,275421,274567,14162,288729,3662
2021-04-16,San Francisco,075,870044,35941,35993,1218,37211,517
2021-04-16,San Joaquin,077,732212,71148,70280,3289,73569,1288
2021-04-16,San Luis Obispo,079,281455,20960,20623,677,21300,253
2021-04-16,San Mateo,081,765935,41510,41107,442,41549,352
2021-04-16,Santa Barbara,083,443738,33914,33703,1097,34800,446
2021-04-16,Santa Clara,085,1922200,116433,116693,682,117375,1941
2021-04-16,Santa Cruz,087,273765,16028,15539,789,16328,204
2021-04-16,Shasta,089,179085,11618,11623,1405,13028,189
2021-04-16,Sierra,091,2930,55,51,12,63,0
2021-04-16,Siskiyou,093,43540,1641,1530,276,1806,10
2021-04-16,Solano,095,438530,31629,31470,454,31924,239
2021-04-16,Sonoma,097,501317,29474,29617,295,29912,311
2021-04-16,Stanislaus,099,539301,54329,53983,5672,59655,728
2021-04-16,Sutter,101,95872,9236,9247,80,9327,109
2021-04-16,Tehama,103,63373,4898,4866,529,5395,52
2021-04-16,Trinity,105,12862,482,326,81,407,3
2021-04-16,Tulare,107,460477,49590,48583,8575,57158,830
2021-04-16,Tuolumne,109,53932,3958,4005,40,4045,58
2021-04-16,Ventura,111,848112,80478,79942,2887,82829,994
2021-04-16,Yolo,113,214977,13572,13559,189,13748,198
2021-04-16,Yuba,115,75493,5821,5795,113,5908,44
2021-04-15,Alameda,001,1643700,85474,85089,1818,86907,1246
2021-04-15,Alpine,002,1148,85,85,0,85,0
2021-04-15,Amador,005,37829,3620,3616,32,3648,46
2021-04-15,Butte,007,227075,11893,11529,1722,13251,196
2021-04-15,Calaveras,009,45235,2045,2039,11,2050,50
2021-04-15,Colusa,011,21464,1907,1909,282,2191,14
2021-04-15,Contra Costa,013,1133247,67222,66480,1159,67639,781
2021-04-15,Del Norte,015,27424,1268,1235,11,1246,6
2021-04-15,El Dorado,017,186661,9761,9639,677,10316,106
2021-04-15,Fresno,019,978130,100913,100431,8331,108762,1642
2021-04-15,Glenn,021,27897,2374,2354,532,2886,17
2021-04-15,Humboldt,023,135768,3617,3561,27,3588,35
2021-04-15,Imperial,025,180216,28064,27920,2595,30515,718
2021-04-15,Inyo,027,18085,1392,1393,10,1403,36
2021-04-15,Kern,029,883053,96075,94989,10389,105378,1289
2021-04-15,Kings,031,150075,22882,22648,1038,23686,242
2021-04-15,Lake,033,64148,3429,3399,9,3408,43
2021-04-15,Lassen,035,31185,5161,5152,103,5255,1
2021-04-15,Los Angeles,037,10098052,1197210,1187274,39683,1226957,23598
2021-04-15,Madera,039,155013,16365,16234,903,17137,231
2021-04-15,Marin,041,260295,13829,13783,229,14012,226
2021-04-15,Mariposa,043,17540,406,395,9,404,5
2021-04-15,Mendocino,045,87422,3797,3714,74,3788,46
2021-04-15,Merced,047,269075,30277,30325,1001,31326,437
2021-04-15,Modoc,049,8938,363,355,120,475,3
2021-04-15,Mono,051,14174,1242,1253,17,1270,3
2021-04-15,Monterey,053,433212,42774,42604,1782,44386,347
2021-04-15,Napa,055,140530,9659,9645,31,9676,79
2021-04-15,Nevada,057,99092,4501,4434,182,4616,70
2021-04-15,Orange,059,3164182,253220,251679,10914,262593,4857
2021-04-15,Placer,061,380077,22306,21614,1348,22962,281
2021-04-15,Plumas,063,18699,678,665,10,675,4
2021-04-15,Riverside,065,2383286,291389,285698,13636,299334,4363
2021-04-15,Sacramento,067,1510023,101703,100782,1524,102306,1570
2021-04-15,San Benito,069,59416,5965,5969,108,6077,63
2021-04-15,San Bernardino,071,2135413,290810,289288,8771,298059,4544
2021-04-15,San Diego,073,3302833,275174,274250,14103,288353,3653
2021-04-15,San Francisco,075,870044,35922,35947,1216,37163,510
2021-04-15,San Joaquin,077,732212,71067,70189,3281,73470,1288
2021-04-15,San Luis Obispo,079,281455,20944,20591,674,21265,253
2021-04-15,San Mateo,081,765935,41471,41050,441,41491,352
2021-04-15,Santa Barbara,083,443738,33896,33672,1093,34765,446
2021-04-15,Santa Clara,085,1922200,116327,116602,678,117280,1927
2021-04-15,Santa Cruz,087,273765,16018,15509,789,16298,203
2021-04-15,Shasta,089,179085,11604,11597,1401,12998,191
2021-04-15,Sierra,091,2930,55,51,12,63,0
2021-04-15,Siskiyou,093,43540,1635,1524,275,1799,10
2021-04-15,Solano,095,438530,31591,31394,453,31847,239
2021-04-15,Sonoma,097,501317,29460,29587,295,29882,311
2021-04-15,Stanislaus,099,539301,54275,53918,5663,59581,728
2021-04-15,Sutter,101,95872,9229,9237,80,9317,109
2021-04-15,Tehama,103,63373,4897,4854,528,5382,52
2021-04-15,Trinity,105,12862,482,326,81,407,3
2021-04-15,Tulare,107,460477,49569,48556,8575,57131,829
2021-04-15,Tuolumne,109,53932,3958,4003,40,4043,57
2021-04-15,Ventura,111,848112,80459,79917,2885,82802,989
2021-04-15,Yolo,113,214977,13553,13547,187,13734,198
2021-04-15,Yuba,115,75493,5818,5788,113,5901,44
2021-04-14,Alameda,001,1643700,85377,85009,1817,86826,1247
2021-04-14,Alpine,002,1148,85,85,0,85,0
2021-04-14,Amador,005,37829,3619,3613,32,3645,46
2021-04-14,Butte,007,227075,11880,11513,1721,13234,196
2021-04-14,Calaveras,009,45235,2044,2037,11,2048,50
2021-04-14,Colusa,011,21464,1907,1905,282,2187,14
2021-04-14,Contra Costa,013,1133247,67136,66400,1153,67553,781
2021-04-14,Del Norte,015,27424,1268,1228,11,1239,6
2021-04-14,El Dorado,017,186661,9746,9625,672,10297,106
2021-04-14,Fresno,019,978130,100856,100376,8319,108695,1640
2021-04-14,Glenn,021,27897,2374,2353,532,2885,17
2021-04-14,Humboldt,023,135768,3595,3551,26,3577,35
2021-04-14,Imperial,025,180216,28042,27907,2593,30500,718
2021-04-14,Inyo,027,18085,1392,1392,10,1402,36
2021-04-14,Kern,029,883053,96050,94947,10382,105329,1287
2021-04-14,Kings,031,150075,22873,22641,1036,23677,243
2021-04-14,Lake,033,64148,3424,3396,9,3405,43
2021-04-14,Lassen,035,31185,5160,5151,103,5254,1
2021-04-14,Los Angeles,037,10098052,1196811,1186821,39638,1226459,23579
2021-04-14,Madera,039,155013,16356,16218,903,17121,231
2021-04-14,Marin,041,260295,13827,13768,228,13996,226
2021-04-14,Mariposa,043,17540,405,394,9,403,5
2021-04-14,Mendocino,045,87422,3792,3711,74,3785,46
2021-04-14,Merced,047,269075,30261,30296,999,31295,436
2021-04-14,Modoc,049,8938,363,355,120,475,3
2021-04-14,Mono,051,14174,1241,1252,17,1269,3
2021-04-14,Monterey,053,433212,42758,42595,1778,44373,347
2021-04-14,Napa,055,140530,9648,9643,31,9674,79
2021-04-14,Nevada,057,99092,4494,4421,182,4603,70
2021-04-14,Orange,059,3164182,253115,251568,10895,262463,4849
2021-04-14,Placer,061,380077,22273,21575,1347,22922,280
2021-04-14,Plumas,063,18699,678,665,10,675,4
2021-04-14,Riverside,065,2383286,291279,285583,13630,299213,4358
2021-04-14,Sacramento,067,1510023,101528,100645,1510,102155,1570
2021-04-14,San Benito,069,59416,5963,5960,108,6068,62
2021-04-14,San Bernardino,071,2135413,290742,289078,8769,297847,4523
2021-04-14,San Diego,073,3302833,274963,273969,14074,288043,3648
2021-04-14,San Francisco,075,870044,35884,35898,1215,37113,510
2021-04-14,San Joaquin,077,732212,70997,70095,3275,73370,1288
2021-04-14,San Luis Obispo,079,281455,20921,20561,664,21225,253
2021-04-14,San Mateo,081,765935,41431,40982,438,41420,352
2021-04-14,Santa Barbara,083,443738,33867,33650,1093,34743,445
2021-04-14,Santa Clara,085,1922200,116210,116488,675,117163,1922
2021-04-14,Santa Cruz,087,273765,16008,15481,789,16270,203
2021-04-14,Shasta,089,179085,11578,11581,1399,12980,190
2021-04-14,Sierra,091,2930,55,51,12,63,0
2021-04-14,Siskiyou,093,43540,1627,1518,274,1792,10
2021-04-14,Solano,095,438530,31538,31357,446,31803,239
2021-04-14,Sonoma,097,501317,29452,29572,293,29865,311
2021-04-14,Stanislaus,099,539301,54204,53836,5654,59490,727
2021-04-14,Sutter,101,95872,9221,9230,80,9310,106
2021-04-14,Tehama,103,63373,4891,4853,527,5380,52
2021-04-14,Trinity,105,12862,482,326,81,407,3
2021-04-14,Tulare,107,460477,49543,48527,8572,57099,827
2021-04-14,Tuolumne,109,53932,3957,3997,40,4037,57
2021-04-14,Ventura,111,848112,80423,79891,2883,82774,986
2021-04-14,Yolo,113,214977,13537,13530,185,13715,198
2021-04-14,Yuba,115,75493,5816,5778,113,5891,44
2021-04-13,Alameda,001,1643700,85271,84921,1814,86735,1239
2021-04-13,Alpine,002,1148,85,85,0,85,0
2021-04-13,Amador,005,37829,3616,3609,32,3641,46
2021-04-13,Butte,007,227075,11862,11497,1718,13215,196
2021-04-13,Calaveras,009,45235,2042,2035,11,2046,50
2021-04-13,Colusa,011,21464,1905,1905,280,2185,14
2021-04-13,Contra Costa,013,1133247,67048,66304,1153,67457,778
2021-04-13,Del Norte,015,27424,1263,1221,11,1232,6
2021-04-13,El Dorado,017,186661,9720,9609,669,10278,106
2021-04-13,Fresno,019,978130,100775,100357,8313,108670,1636
2021-04-13,Glenn,021,27897,2373,2351,532,2883,17
2021-04-13,Humboldt,023,135768,3578,3540,26,3566,35
2021-04-13,Imperial,025,180216,28022,27887,2585,30472,718
2021-04-13,Inyo,027,18085,1392,1391,10,1401,36
2021-04-13,Kern,029,883053,96006,94908,10370,105278,1285
2021-04-13,Kings,031,150075,22857,22636,1035,23671,243
2021-04-13,Lake,033,64148,3421,3390,9,3399,43
2021-04-13,Lassen,035,31185,5159,5147,103,5250,1
2021-04-13,Los Angeles,037,10098052,1196357,1186482,39597,1226079,23526
2021-04-13,Madera,039,155013,16346,16207,901,17108,231
2021-04-13,Marin,041,260295,13819,13760,227,13987,224
2021-04-13,Mariposa,043,17540,404,394,6,400,5
2021-04-13,Mendocino,045,87422,3786,3702,74,3776,46
2021-04-13,Merced,047,269075,30231,30276,996,31272,435
2021-04-13,Modoc,049,8938,363,355,120,475,3
2021-04-13,Mono,051,14174,1241,1251,17,1268,3
2021-04-13,Monterey,053,433212,42747,42577,1778,44355,347
2021-04-13,Napa,055,140530,9638,9627,31,9658,79
2021-04-13,Nevada,057,99092,4482,4415,182,4597,69
2021-04-13,Orange,059,3164182,253020,251491,10878,262369,4836
2021-04-13,Placer,061,380077,22236,21534,1344,22878,280
2021-04-13,Plumas,063,18699,677,665,10,675,4
2021-04-13,Riverside,065,2383286,291160,285505,13624,299129,4348
2021-04-13,Sacramento,067,1510023,101353,100551,1505,102056,1569
2021-04-13,San Benito,069,59416,5960,5946,108,6054,62
2021-04-13,San Bernardino,071,2135413,290626,288929,8763,297692,4521
2021-04-13,San Diego,073,3302833,274709,273709,14039,287748,3623
2021-04-13,San Francisco,075,870044,35848,35869,1211,37080,506
2021-04-13,San Joaquin,077,732212,70889,70034,3267,73301,1288
2021-04-13,San Luis Obispo,079,281455,20894,20536,654,21190,253
2021-04-13,San Mateo,081,765935,41386,40955,438,41393,353
2021-04-13,Santa Barbara,083,443738,33844,33613,1090,34703,444
2021-04-13,Santa Clara,085,1922200,116081,116363,674,117037,1923
2021-04-13,Santa Cruz,087,273765,16001,15449,789,16238,203
2021-04-13,Shasta,089,179085,11558,11536,1396,12932,189
2021-04-13,Sierra,091,2930,55,51,12,63,0
2021-04-13,Siskiyou,093,43540,1619,1511,271,1782,10
2021-04-13,Solano,095,438530,31489,31335,442,31777,239
2021-04-13,Sonoma,097,501317,29444,29544,292,29836,311
2021-04-13,Stanislaus,099,539301,54132,53797,5645,59442,722
2021-04-13,Sutter,101,95872,9217,9226,80,9306,106
2021-04-13,Tehama,103,63373,4884,4850,524,5374,52
2021-04-13,Trinity,105,12862,482,326,81,407,3
2021-04-13,Tulare,107,460477,49530,48511,8569,57080,825
2021-04-13,Tuolumne,109,53932,3955,3995,40,4035,57
2021-04-13,Ventura,111,848112,80391,79854,2881,82735,986
2021-04-13,Yolo,113,214977,13525,13516,184,13700,198
2021-04-13,Yuba,115,75493,5807,5776,113,5889,44
2021-04-12,Alameda,001,1643700,85169,84817,1812,86629,1238
2021-04-12,Alpine,002,1148,85,85,0,85,0
2021-04-12,Amador,005,37829,3615,3607,32,3639,46
2021-04-12,Butte,007,227075,11847,11488,1714,13202,193
2021-04-12,Calaveras,009,45235,2038,2033,11,2044,50
2021-04-12,Colusa,011,21464,1903,1904,278,2182,14
2021-04-12,Contra Costa,013,1133247,66968,66176,1153,67329,777
2021-04-12,Del Norte,015,27424,1260,1216,11,1227,6
2021-04-12,El Dorado,017,186661,9703,9588,667,10255,106
2021-04-12,Fresno,019,978130,100714,100277,8290,108567,1633
2021-04-12,Glenn,021,27897,2372,2349,532,2881,17
2021-04-12,Humboldt,023,135768,3564,3533,25,3558,35
2021-04-12,Imperial,025,180216,27992,27851,2581,30432,717
2021-04-12,Inyo,027,18085,1392,1390,10,1400,36
2021-04-12,Kern,029,883053,95969,94861,10360,105221,1283
2021-04-12,Kings,031,150075,22849,22621,1034,23655,241
2021-04-12,Lake,033,64148,3417,3380,9,3389,43
2021-04-12,Lassen,035,31185,5158,5147,103,5250,1
2021-04-12,Los Angeles,037,10098052,1195854,1186145,39560,1225705,23505
2021-04-12,Madera,039,155013,16334,16174,899,17073,231
2021-04-12,Marin,041,260295,13806,13751,225,13976,224
2021-04-12,Mariposa,043,17540,403,394,6,400,5
2021-04-12,Mendocino,045,87422,3785,3699,74,3773,46
2021-04-12,Merced,047,269075,30200,30261,993,31254,435
2021-04-12,Modoc,049,8938,361,352,120,472,3
2021-04-12,Mono,051,14174,1241,1251,17,1268,3
2021-04-12,Monterey,053,433212,42733,42555,1776,44331,346
2021-04-12,Napa,055,140530,9624,9603,31,9634,80
2021-04-12,Nevada,057,99092,4471,4408,182,4590,69
2021-04-12,Orange,059,3164182,252933,251350,10857,262207,4826
2021-04-12,Placer,061,380077,22185,21475,1341,22816,278
2021-04-12,Plumas,063,18699,675,666,10,676,4
2021-04-12,Riverside,065,2383286,291049,285361,13618,298979,4336
2021-04-12,Sacramento,067,1510023,101179,100394,1500,101894,1566
2021-04-12,San Benito,069,59416,5952,5942,107,6049,62
2021-04-12,San Bernardino,071,2135413,290519,288736,8751,297487,4493
2021-04-12,San Diego,073,3302833,274448,273431,14010,287441,3621
2021-04-12,San Francisco,075,870044,35814,35841,1210,37051,506
2021-04-12,San Joaquin,077,732212,70817,69968,3260,73228,1288
2021-04-12,San Luis Obispo,079,281455,20849,20515,641,21156,253
2021-04-12,San Mateo,081,765935,41344,40920,434,41354,353
2021-04-12,Santa Barbara,083,443738,33812,33606,1090,34696,444
2021-04-12,Santa Clara,085,1922200,115953,116252,672,116924,1923
2021-04-12,Santa Cruz,087,273765,15981,15406,789,16195,203
2021-04-12,Shasta,089,179085,11541,11509,1392,12901,189
2021-04-12,Sierra,091,2930,55,51,12,63,0
2021-04-12,Siskiyou,093,43540,1608,1511,268,1779,7
2021-04-12,Solano,095,438530,31447,31305,439,31744,238
2021-04-12,Sonoma,097,501317,29416,29500,292,29792,310
2021-04-12,Stanislaus,099,539301,54066,53722,5638,59360,707
2021-04-12,Sutter,101,95872,9206,9221,80,9301,106
2021-04-12,Tehama,103,63373,4875,4834,520,5354,52
2021-04-12,Trinity,105,12862,482,324,81,405,3
2021-04-12,Tulare,107,460477,49510,48495,8559,57054,824
2021-04-12,Tuolumne,109,53932,3951,3993,40,4033,57
2021-04-12,Ventura,111,848112,80358,79818,2879,82697,985
2021-04-12,Yolo,113,214977,13511,13510,183,13693,198
2021-04-12,Yuba,115,75493,5801,5773,113,5886,43
2021-04-11,Alameda,001,1643700,85032,84756,1807,86563,1238
2021-04-11,Alpine,002,1148,85,85,0,85,0
2021-04-11,Amador,005,37829,3613,3605,32,3637,46
2021-04-11,Butte,007,227075,11812,11487,1710,13197,193
2021-04-11,Calaveras,009,45235,2034,2036,11,2047,50
2021-04-11,Colusa,011,21464,1902,1904,277,2181,14
2021-04-11,Contra Costa,013,1133247,66859,66107,1151,67258,777
2021-04-11,Del Norte,015,27424,1254,1214,11,1225,6
2021-04-11,El Dorado,017,186661,9689,9575,664,10239,106
2021-04-11,Fresno,019,978130,100646,100230,8280,108510,1633
2021-04-11,Glenn,021,27897,2368,2348,532,2880,17
2021-04-11,Humboldt,023,135768,3554,3523,25,3548,35
2021-04-11,Imperial,025,180216,27968,27841,2579,30420,717
2021-04-11,Inyo,027,18085,1392,1390,10,1400,36
2021-04-11,Kern,029,883053,95908,94830,10352,105182,1283
2021-04-11,Kings,031,150075,22840,22618,1031,23649,241
2021-04-11,Lake,033,64148,3413,3377,9,3386,43
2021-04-11,Lassen,035,31185,5154,5147,103,5250,1
2021-04-11,Los Angeles,037,10098052,1195342,1185757,39518,1225275,23503
2021-04-11,Madera,039,155013,16315,16166,898,17064,231
2021-04-11,Marin,041,260295,13799,13741,224,13965,226
2021-04-11,Mariposa,043,17540,403,394,6,400,5
2021-04-11,Mendocino,045,87422,3783,3696,74,3770,46
2021-04-11,Merced,047,269075,30162,30249,992,31241,435
2021-04-11,Modoc,049,8938,360,352,118,470,3
2021-04-11,Mono,051,14174,1240,1250,17,1267,3
2021-04-11,Monterey,053,433212,42727,42547,1769,44316,346
2021-04-11,Napa,055,140530,9613,9592,31,9623,80
2021-04-11,Nevada,057,99092,4457,4394,182,4576,69
2021-04-11,Orange,059,3164182,252806,251233,10846,262079,4826
2021-04-11,Placer,061,380077,22128,21458,1336,22794,278
2021-04-11,Plumas,063,18699,675,666,10,676,4
2021-04-11,Riverside,065,2383286,290915,285269,13608,298877,4336
2021-04-11,Sacramento,067,1510023,101008,100296,1488,101784,1566
2021-04-11,San Benito,069,59416,5944,5941,106,6047,62
2021-04-11,San Bernardino,071,2135413,290412,288686,8745,297431,4492
2021-04-11,San Diego,073,3302833,274150,273287,13951,287238,3621
2021-04-11,San Francisco,075,870044,35778,35815,1207,37022,498
2021-04-11,San Joaquin,077,732212,70731,69939,3249,73188,1288
2021-04-11,San Luis Obispo,079,281455,20823,20501,638,21139,253
2021-04-11,San Mateo,081,765935,41286,40901,433,41334,353
2021-04-11,Santa Barbara,083,443738,33777,33591,1089,34680,444
2021-04-11,Santa Clara,085,1922200,115817,116161,669,116830,1923
2021-04-11,Santa Cruz,087,273765,15969,15382,789,16171,203
2021-04-11,Shasta,089,179085,11497,11504,1391,12895,189
2021-04-11,Sierra,091,2930,55,51,12,63,0
2021-04-11,Siskiyou,093,43540,1601,1509,265,1774,7
2021-04-11,Solano,095,438530,31393,31268,435,31703,238
2021-04-11,Sonoma,097,501317,29390,29496,288,29784,310
2021-04-11,Stanislaus,099,539301,53983,53683,5629,59312,707
2021-04-11,Sutter,101,95872,9197,9222,80,9302,106
2021-04-11,Tehama,103,63373,4872,4832,519,5351,52
2021-04-11,Trinity,105,12862,482,324,81,405,3
2021-04-11,Tulare,107,460477,49496,48479,8552,57031,824
2021-04-11,Tuolumne,109,53932,3949,3993,40,4033,57
2021-04-11,Ventura,111,848112,80310,79800,2874,82674,985
2021-04-11,Yolo,113,214977,13491,13496,181,13677,198
2021-04-11,Yuba,115,75493,5791,5768,113,5881,43
2021-04-10,Alameda,001,1643700,84968,84626,1807,86433,1238
2021-04-10,Alpine,002,1148,85,85,0,85,0
2021-04-10,Amador,005,37829,3611,3603,32,3635,46
2021-04-10,Butte,007,227075,11801,11482,1709,13191,193
2021-04-10,Calaveras,009,45235,2032,2032,11,2043,50
2021-04-10,Colusa,011,21464,1902,1902,277,2179,14
2021-04-10,Contra Costa,013,1133247,66798,66001,1148,67149,778
2021-04-10,Del Norte,015,27424,1251,1212,11,1223,6
2021-04-10,El Dorado,017,186661,9677,9549,661,10210,106
2021-04-10,Fresno,019,978130,100613,100135,8273,108408,1633
2021-04-10,Glenn,021,27897,2368,2343,532,2875,17
2021-04-10,Humboldt,023,135768,3544,3508,25,3533,35
2021-04-10,Imperial,025,180216,27954,27816,2579,30395,717
2021-04-10,Inyo,027,18085,1392,1387,10,1397,36
2021-04-10,Kern,029,883053,95894,94802,10346,105148,1284
2021-04-10,Kings,031,150075,22836,22614,1029,23643,241
2021-04-10,Lake,033,64148,3408,3368,9,3377,43
2021-04-10,Lassen,035,31185,5154,5146,102,5248,1
2021-04-10,Los Angeles,037,10098052,1195067,1185246,39501,1224747,23493
2021-04-10,Madera,039,155013,16307,16143,897,17040,231
2021-04-10,Marin,041,260295,13794,13731,224,13955,226
2021-04-10,Mariposa,043,17540,400,393,6,399,5
2021-04-10,Mendocino,045,87422,3781,3696,74,3770,46
2021-04-10,Merced,047,269075,30143,30225,991,31216,435
2021-04-10,Modoc,049,8938,360,352,118,470,3
2021-04-10,Mono,051,14174,1240,1249,17,1266,3
2021-04-10,Monterey,053,433212,42716,42527,1768,44295,346
2021-04-10,Napa,055,140530,9606,9569,31,9600,79
2021-04-10,Nevada,057,99092,4450,4379,182,4561,69
2021-04-10,Orange,059,3164182,252713,251139,10840,261979,4818
2021-04-10,Placer,061,380077,22097,21402,1330,22732,278
2021-04-10,Plumas,063,18699,675,666,10,676,4
2021-04-10,Riverside,065,2383286,290835,285082,13600,298682,4336
2021-04-10,Sacramento,067,1510023,100905,100048,1486,101534,1566
2021-04-10,San Benito,069,59416,5933,5932,105,6037,62
2021-04-10,San Bernardino,071,2135413,290348,288590,8738,297328,4489
2021-04-10,San Diego,073,3302833,273934,273058,13931,286989,3613
2021-04-10,San Francisco,075,870044,35748,35774,1204,36978,498
2021-04-10,San Joaquin,077,732212,70696,69852,3239,73091,1288
2021-04-10,San Luis Obispo,079,281455,20807,20461,637,21098,253
2021-04-10,San Mateo,081,765935,41253,40878,433,41311,350
2021-04-10,Santa Barbara,083,443738,33749,33541,1087,34628,444
2021-04-10,Santa Clara,085,1922200,115721,116015,668,116683,1923
2021-04-10,Santa Cruz,087,273765,15963,15360,789,16149,203
2021-04-10,Shasta,089,179085,11488,11492,1388,12880,189
2021-04-10,Sierra,091,2930,55,51,12,63,0
2021-04-10,Siskiyou,093,43540,1598,1512,265,1777,7
2021-04-10,Solano,095,438530,31359,31218,431,31649,238
2021-04-10,Sonoma,097,501317,29375,29469,288,29757,310
2021-04-10,Stanislaus,099,539301,53948,53596,5623,59219,707
2021-04-10,Sutter,101,95872,9195,9214,80,9294,106
2021-04-10,Tehama,103,63373,4870,4820,517,5337,52
2021-04-10,Trinity,105,12862,482,324,81,405,3
2021-04-10,Tulare,107,460477,49487,48470,8546,57016,824
2021-04-10,Tuolumne,109,53932,3946,3991,40,4031,57
2021-04-10,Ventura,111,848112,80282,79758,2872,82630,985
2021-04-10,Yolo,113,214977,13483,13494,180,13674,198
2021-04-10,Yuba,115,75493,5788,5757,112,5869,43
2021-04-09,Alameda,001,1643700,84901,84404,1799,86203,1237
2021-04-09,Alpine,002,1148,85,85,0,85,0
2021-04-09,Amador,005,37829,3610,3600,32,3632,46
2021-04-09,Butte,007,227075,11791,11454,1708,13162,193
2021-04-09,Calaveras,009,45235,2031,2028,11,2039,50
2021-04-09,Colusa,011,21464,1902,1898,277,2175,14
2021-04-09,Contra Costa,013,1133247,66705,65857,1142,66999,777
2021-04-09,Del Norte,015,27424,1250,1207,11,1218,6
2021-04-09,El Dorado,017,186661,9655,9528,657,10185,106
2021-04-09,Fresno,019,978130,100579,100027,8268,108295,1630
2021-04-09,Glenn,021,27897,2368,2337,532,2869,17
2021-04-09,Humboldt,023,135768,3535,3496,25,3521,35
2021-04-09,Imperial,025,180216,27939,27764,2577,30341,717
2021-04-09,Inyo,027,18085,1391,1386,10,1396,36
2021-04-09,Kern,029,883053,95856,94675,10344,105019,1282
2021-04-09,Kings,031,150075,22827,22595,1026,23621,242
2021-04-09,Lake,033,64148,3404,3362,9,3371,43
2021-04-09,Lassen,035,31185,5154,5140,102,5242,1
2021-04-09,Los Angeles,037,10098052,1194698,1184501,39473,1223974,23458
2021-04-09,Madera,039,155013,16304,16118,897,17015,231
2021-04-09,Marin,041,260295,13787,13721,224,13945,226
2021-04-09,Mariposa,043,17540,400,393,6,399,5
2021-04-09,Mendocino,045,87422,3779,3693,74,3767,46
2021-04-09,Merced,047,269075,30114,30179,990,31169,435
2021-04-09,Modoc,049,8938,359,352,118,470,3
2021-04-09,Mono,051,14174,1240,1247,17,1264,3
2021-04-09,Monterey,053,433212,42707,42481,1764,44245,344
2021-04-09,Napa,055,140530,9587,9574,31,9605,80
2021-04-09,Nevada,057,99092,4442,4373,182,4555,69
2021-04-09,Orange,059,3164182,252639,250852,10835,261687,4813
2021-04-09,Placer,061,380077,22066,21327,1322,22649,278
2021-04-09,Plumas,063,18699,674,666,10,676,4
2021-04-09,Riverside,065,2383286,290752,284562,13594,298156,4325
2021-04-09,Sacramento,067,1510023,100749,99722,1480,101202,1564
2021-04-09,San Benito,069,59416,5928,5925,104,6029,62
2021-04-09,San Bernardino,071,2135413,290279,288000,8735,296735,4467
2021-04-09,San Diego,073,3302833,273736,272697,13889,286586,3600
2021-04-09,San Francisco,075,870044,35707,35716,1199,36915,497
2021-04-09,San Joaquin,077,732212,70632,69675,3227,72902,1281
2021-04-09,San Luis Obispo,079,281455,20792,20427,637,21064,252
2021-04-09,San Mateo,081,765935,41217,40800,432,41232,350
2021-04-09,Santa Barbara,083,443738,33726,33424,1084,34508,444
2021-04-09,Santa Clara,085,1922200,115637,115749,666,116415,1923
2021-04-09,Santa Cruz,087,273765,15958,15331,789,16120,203
2021-04-09,Shasta,089,179085,11478,11478,1385,12863,188
2021-04-09,Sierra,091,2930,55,51,12,63,0
2021-04-09,Siskiyou,093,43540,1595,1510,264,1774,7
2021-04-09,Solano,095,438530,31326,31166,426,31592,238
2021-04-09,Sonoma,097,501317,29362,29433,288,29721,310
2021-04-09,Stanislaus,099,539301,53893,53504,5614,59118,705
2021-04-09,Sutter,101,95872,9188,9201,80,9281,106
2021-04-09,Tehama,103,63373,4864,4806,517,5323,52
2021-04-09,Trinity,105,12862,481,324,81,405,3
2021-04-09,Tulare,107,460477,49483,48430,8540,56970,824
2021-04-09,Tuolumne,109,53932,3945,3986,40,4026,57
2021-04-09,Ventura,111,848112,80254,79698,2872,82570,987
2021-04-09,Yolo,113,214977,13471,13478,178,13656,198
2021-04-09,Yuba,115,75493,5781,5754,112,5866,43
2021-04-08,Alameda,001,1643700,84793,84213,1796,86009,1232
2021-04-08,Alpine,002,1148,85,85,0,85,0
2021-04-08,Amador,005,37829,3606,3595,32,3627,46
2021-04-08,Butte,007,227075,11780,11414,1707,13121,193
2021-04-08,Calaveras,009,45235,2029,2027,11,2038,50
2021-04-08,Colusa,011,21464,1901,1897,277,2174,14
2021-04-08,Contra Costa,013,1133247,66597,65706,1139,66845,775
2021-04-08,Del Norte,015,27424,1244,1201,11,1212,6
2021-04-08,El Dorado,017,186661,9639,9513,652,10165,106
2021-04-08,Fresno,019,978130,100516,99935,8261,108196,1627
2021-04-08,Glenn,021,27897,2367,2337,532,2869,17
2021-04-08,Humboldt,023,135768,3525,3486,25,3511,35
2021-04-08,Imperial,025,180216,27911,27744,2574,30318,713
2021-04-08,Inyo,027,18085,1390,1386,10,1396,36
2021-04-08,Kern,029,883053,95810,94493,10331,104824,1281
2021-04-08,Kings,031,150075,22820,22589,1024,23613,243
2021-04-08,Lake,033,64148,3397,3360,9,3369,43
2021-04-08,Lassen,035,31185,5153,5136,102,5238,1
2021-04-08,Los Angeles,037,10098052,1194199,1184443,39435,1223878,23416
2021-04-08,Madera,039,155013,16292,16103,897,17000,231
2021-04-08,Marin,041,260295,13780,13704,224,13928,226
2021-04-08,Mariposa,043,17540,399,393,6,399,5
2021-04-08,Mendocino,045,87422,3777,3690,74,3764,45
2021-04-08,Merced,047,269075,30092,30163,990,31153,430
2021-04-08,Modoc,049,8938,359,352,118,470,3
2021-04-08,Mono,051,14174,1238,1247,17,1264,3
2021-04-08,Monterey,053,433212,42685,42437,1759,44196,342
2021-04-08,Napa,055,140530,9571,9569,31,9600,80
2021-04-08,Nevada,057,99092,4431,4367,182,4549,69
2021-04-08,Orange,059,3164182,252529,250529,10820,261349,4797
2021-04-08,Placer,061,380077,22024,21258,1313,22571,277
2021-04-08,Plumas,063,18699,674,665,10,675,4
2021-04-08,Riverside,065,2383286,290638,283853,13589,297442,4296
2021-04-08,Sacramento,067,1510023,100610,99319,1469,100788,1561
2021-04-08,San Benito,069,59416,5925,5914,102,6016,62
2021-04-08,San Bernardino,071,2135413,290182,287190,8732,295922,4445
2021-04-08,San Diego,073,3302833,273506,272495,13853,286348,3592
2021-04-08,San Francisco,075,870044,35683,35657,1198,36855,494
2021-04-08,San Joaquin,077,732212,70560,69479,3221,72700,1279
2021-04-08,San Luis Obispo,079,281455,20773,20402,635,21037,252
2021-04-08,San Mateo,081,765935,41177,40749,432,41181,350
2021-04-08,Santa Barbara,083,443738,33702,33309,1083,34392,444
2021-04-08,Santa Clara,085,1922200,115531,115487,665,116152,1905
2021-04-08,Santa Cruz,087,273765,15951,15296,789,16085,203
2021-04-08,Shasta,089,179085,11468,11466,1381,12847,186
2021-04-08,Sierra,091,2930,55,51,12,63,0
2021-04-08,Siskiyou,093,43540,1592,1511,264,1775,7
2021-04-08,Solano,095,438530,31276,31120,426,31546,238
2021-04-08,Sonoma,097,501317,29342,29410,287,29697,310
2021-04-08,Stanislaus,099,539301,53815,53401,5604,59005,706
2021-04-08,Sutter,101,95872,9184,9195,80,9275,106
2021-04-08,Tehama,103,63373,4860,4802,517,5319,52
2021-04-08,Trinity,105,12862,481,324,81,405,3
2021-04-08,Tulare,107,460477,49470,48409,8530,56939,821
2021-04-08,Tuolumne,109,53932,3945,3986,40,4026,57
2021-04-08,Ventura,111,848112,80217,79626,2868,82494,986
2021-04-08,Yolo,113,214977,13462,13468,177,13645,198
2021-04-08,Yuba,115,75493,5777,5743,112,5855,43
2021-04-07,Alameda,001,1643700,84709,84130,1794,85924,1224
2021-04-07,Alpine,002,1148,85,85,0,85,0
2021-04-07,Amador,005,37829,3603,3590,32,3622,46
2021-04-07,Butte,007,227075,11776,11405,1704,13109,193
2021-04-07,Calaveras,009,45235,2028,2022,11,2033,50
2021-04-07,Colusa,011,21464,1897,1894,276,2170,14
2021-04-07,Contra Costa,013,1133247,66511,65619,1138,66757,775
2021-04-07,Del Norte,015,27424,1242,1198,11,1209,6
2021-04-07,El Dorado,017,186661,9618,9500,646,10146,106
2021-04-07,Fresno,019,978130,100451,99865,8250,108115,1627
2021-04-07,Glenn,021,27897,2365,2337,531,2868,17
2021-04-07,Humboldt,023,135768,3512,3484,25,3509,35
2021-04-07,Imperial,025,180216,27887,27704,2568,30272,713
2021-04-07,Inyo,027,18085,1389,1386,10,1396,36
2021-04-07,Kern,029,883053,95774,94456,10316,104772,1275
2021-04-07,Kings,031,150075,22818,22589,1024,23613,243
2021-04-07,Lake,033,64148,3395,3358,9,3367,43
2021-04-07,Lassen,035,31185,5153,5137,102,5239,1
2021-04-07,Los Angeles,037,10098052,1193758,1183862,39415,1223277,23372
2021-04-07,Madera,039,155013,16273,16090,896,16986,231
2021-04-07,Marin,041,260295,13769,13688,223,13911,225
2021-04-07,Mariposa,043,17540,398,391,6,397,5
2021-04-07,Mendocino,045,87422,3776,3691,74,3765,45
2021-04-07,Merced,047,269075,30069,30132,986,31118,430
2021-04-07,Modoc,049,8938,359,351,118,469,3
2021-04-07,Mono,051,14174,1238,1246,17,1263,3
2021-04-07,Monterey,053,433212,42667,42427,1758,44185,341
2021-04-07,Napa,055,140530,9557,9556,31,9587,80
2021-04-07,Nevada,057,99092,4425,4364,182,4546,69
2021-04-07,Orange,059,3164182,252404,250378,10798,261176,4778
2021-04-07,Placer,061,380077,21980,21227,1305,22532,276
2021-04-07,Plumas,063,18699,674,665,10,675,4
2021-04-07,Riverside,065,2383286,290518,283749,13579,297328,4285
2021-04-07,Sacramento,067,1510023,100442,99202,1463,100665,1544
2021-04-07,San Benito,069,59416,5920,5912,101,6013,62
2021-04-07,San Bernardino,071,2135413,290063,286978,8727,295705,4433
2021-04-07,San Diego,073,3302833,273280,272195,13824,286019,3588
2021-04-07,San Francisco,075,870044,35643,35618,1194,36812,493
2021-04-07,San Joaquin,077,732212,70489,69375,3216,72591,1278
2021-04-07,San Luis Obispo,079,281455,20747,20373,632,21005,252
2021-04-07,San Mateo,081,765935,41133,40693,432,41125,350
2021-04-07,Santa Barbara,083,443738,33676,33289,1080,34369,444
2021-04-07,Santa Clara,085,1922200,115399,115311,663,115974,1900
2021-04-07,Santa Cruz,087,273765,15940,15275,789,16064,203
2021-04-07,Shasta,089,179085,11456,11456,1377,12833,184
2021-04-07,Sierra,091,2930,55,51,12,63,0
2021-04-07,Siskiyou,093,43540,1586,1512,263,1775,7
2021-04-07,Solano,095,438530,31225,31097,425,31522,238
2021-04-07,Sonoma,097,501317,29324,29394,286,29680,310
2021-04-07,Stanislaus,099,539301,53747,53344,5594,58938,686
2021-04-07,Sutter,101,95872,9181,9188,80,9268,106
2021-04-07,Tehama,103,63373,4852,4802,515,5317,52
2021-04-07,Trinity,105,12862,481,322,81,403,3
2021-04-07,Tulare,107,460477,49455,48386,8520,56906,820
2021-04-07,Tuolumne,109,53932,3943,3982,40,4022,57
2021-04-07,Ventura,111,848112,80183,79595,2866,82461,986
2021-04-07,Yolo,113,214977,13447,13450,175,13625,198
2021-04-07,Yuba,115,75493,5773,5737,112,5849,43
2021-04-06,Alameda,001,1643700,84596,84091,1791,85882,1223
2021-04-06,Alpine,002,1148,85,85,0,85,0
2021-04-06,Amador,005,37829,3602,3587,32,3619,45
2021-04-06,Butte,007,227075,11761,11396,1702,13098,193
2021-04-06,Calaveras,009,45235,2024,2021,11,2032,50
2021-04-06,Colusa,011,21464,1895,1894,274,2168,14
2021-04-06,Contra Costa,013,1133247,66433,65575,1137,66712,774
2021-04-06,Del Norte,015,27424,1237,1197,11,1208,6
2021-04-06,El Dorado,017,186661,9588,9489,644,10133,106
2021-04-06,Fresno,019,978130,100387,99814,8244,108058,1626
2021-04-06,Glenn,021,27897,2364,2335,530,2865,17
2021-04-06,Humboldt,023,135768,3503,3477,25,3502,35
2021-04-06,Imperial,025,180216,27854,27661,2559,30220,713
2021-04-06,Inyo,027,18085,1389,1379,10,1389,36
2021-04-06,Kern,029,883053,95730,94422,10310,104732,1259
2021-04-06,Kings,031,150075,22812,22587,1024,23611,240
2021-04-06,Lake,033,64148,3392,3358,9,3367,43
2021-04-06,Lassen,035,31185,5151,5137,102,5239,1
2021-04-06,Los Angeles,037,10098052,1193246,1183499,39376,1222875,23323
2021-04-06,Madera,039,155013,16253,16085,891,16976,230
2021-04-06,Marin,041,260295,13760,13675,219,13894,224
2021-04-06,Mariposa,043,17540,398,390,6,396,5
2021-04-06,Mendocino,045,87422,3774,3686,74,3760,45
2021-04-06,Merced,047,269075,30039,30100,981,31081,430
2021-04-06,Modoc,049,8938,358,351,118,469,3
2021-04-06,Mono,051,14174,1238,1246,17,1263,3
2021-04-06,Monterey,053,433212,42658,42412,1757,44169,341
2021-04-06,Napa,055,140530,9538,9509,31,9540,78
2021-04-06,Nevada,057,99092,4415,4356,180,4536,69
2021-04-06,Orange,059,3164182,252295,250304,10785,261089,4771
2021-04-06,Placer,061,380077,21932,21184,1303,22487,276
2021-04-06,Plumas,063,18699,674,665,10,675,4
2021-04-06,Riverside,065,2383286,290337,283622,13568,297190,4264
2021-04-06,Sacramento,067,1510023,100234,99110,1457,100567,1537
2021-04-06,San Benito,069,59416,5911,5907,101,6008,62
2021-04-06,San Bernardino,071,2135413,289950,286792,8717,295509,4428
2021-04-06,San Diego,073,3302833,273018,271867,13796,285663,3585
2021-04-06,San Francisco,075,870044,35600,35572,1194,36766,488
2021-04-06,San Joaquin,077,732212,70406,69316,3204,72520,1278
2021-04-06,San Luis Obispo,079,281455,20725,20350,629,20979,252
2021-04-06,San Mateo,081,765935,41085,40649,431,41080,350
2021-04-06,Santa Barbara,083,443738,33658,33257,1079,34336,443
2021-04-06,Santa Clara,085,1922200,115228,115184,662,115846,1900
2021-04-06,Santa Cruz,087,273765,15930,15252,789,16041,203
2021-04-06,Shasta,089,179085,11435,11443,1375,12818,184
2021-04-06,Sierra,091,2930,55,51,12,63,0
2021-04-06,Siskiyou,093,43540,1582,1510,262,1772,7
2021-04-06,Solano,095,438530,31178,31078,424,31502,237
2021-04-06,Sonoma,097,501317,29298,29386,284,29670,311
2021-04-06,Stanislaus,099,539301,53691,53304,5588,58892,686
2021-04-06,Sutter,101,95872,9171,9179,80,9259,106
2021-04-06,Tehama,103,63373,4843,4798,515,5313,52
2021-04-06,Trinity,105,12862,481,321,81,402,3
2021-04-06,Tulare,107,460477,49412,48372,8516,56888,819
2021-04-06,Tuolumne,109,53932,3943,3981,40,4021,57
2021-04-06,Ventura,111,848112,80146,79556,2864,82420,983
2021-04-06,Yolo,113,214977,13434,13443,174,13617,198
2021-04-06,Yuba,115,75493,5769,5733,111,5844,43
2021-04-05,Alameda,001,1643700,84480,84007,1787,85794,1219
2021-04-05,Alpine,002,1148,85,85,0,85,0
2021-04-05,Amador,005,37829,3599,3584,32,3616,45
2021-04-05,Butte,007,227075,11746,11384,1702,13086,193
2021-04-05,Calaveras,009,45235,2022,2019,11,2030,50
2021-04-05,Colusa,011,21464,1895,1894,273,2167,14
2021-04-05,Contra Costa,013,1133247,66366,65457,1135,66592,774
2021-04-05,Del Norte,015,27424,1235,1189,11,1200,6
2021-04-05,El Dorado,017,186661,9573,9463,644,10107,106
2021-04-05,Fresno,019,978130,100299,99755,8236,107991,1622
2021-04-05,Glenn,021,27897,2363,2335,530,2865,17
2021-04-05,Humboldt,023,135768,3494,3475,25,3500,35
2021-04-05,Imperial,025,180216,27822,27604,2554,30158,710
2021-04-05,Inyo,027,18085,1386,1377,10,1387,36
2021-04-05,Kern,029,883053,95675,94401,10285,104686,1249
2021-04-05,Kings,031,150075,22808,22580,1024,23604,239
2021-04-05,Lake,033,64148,3384,3359,9,3368,43
2021-04-05,Lassen,035,31185,5151,5138,101,5239,1
2021-04-05,Los Angeles,037,10098052,1192710,1183200,39328,1222528,23302
2021-04-05,Madera,039,155013,16238,16065,890,16955,230
2021-04-05,Marin,041,260295,13746,13666,215,13881,221
2021-04-05,Mariposa,043,17540,398,390,6,396,5
2021-04-05,Mendocino,045,87422,3772,3687,74,3761,45
2021-04-05,Merced,047,269075,30014,30068,979,31047,427
2021-04-05,Modoc,049,8938,356,346,118,464,3
2021-04-05,Mono,051,14174,1238,1246,17,1263,3
2021-04-05,Monterey,053,433212,42645,42396,1753,44149,341
2021-04-05,Napa,055,140530,9515,9492,31,9523,78
2021-04-05,Nevada,057,99092,4404,4346,180,4526,69
2021-04-05,Orange,059,3164182,252180,250177,10761,260938,4759
2021-04-05,Placer,061,380077,21886,21133,1296,22429,276
2021-04-05,Plumas,063,18699,674,666,10,676,4
2021-04-05,Riverside,065,2383286,290200,283549,13556,297105,4237
2021-04-05,Sacramento,067,1510023,100072,98908,1449,100357,1533
2021-04-05,San Benito,069,59416,5905,5904,101,6005,61
2021-04-05,San Bernardino,071,2135413,289840,286597,8714,295311,4425
2021-04-05,San Diego,073,3302833,272769,271655,13755,285410,3583
2021-04-05,San Francisco,075,870044,35569,35538,1194,36732,488
2021-04-05,San Joaquin,077,732212,70317,69214,3195,72409,1268
2021-04-05,San Luis Obispo,079,281455,20688,20333,629,20962,252
2021-04-05,San Mateo,081,765935,41041,40609,430,41039,350
2021-04-05,Santa Barbara,083,443738,33623,33235,1079,34314,443
2021-04-05,Santa Clara,085,1922200,115061,115091,659,115750,1893
2021-04-05,Santa Cruz,087,273765,15923,15228,789,16017,201
2021-04-05,Shasta,089,179085,11414,11435,1372,12807,184
2021-04-05,Sierra,091,2930,55,50,12,62,0
2021-04-05,Siskiyou,093,43540,1579,1509,260,1769,7
2021-04-05,Solano,095,438530,31138,31026,422,31448,237
2021-04-05,Sonoma,097,501317,29266,29361,282,29643,311
2021-04-05,Stanislaus,099,539301,53611,53238,5585,58823,686
2021-04-05,Sutter,101,95872,9164,9169,80,9249,106
2021-04-05,Tehama,103,63373,4837,4794,515,5309,52
2021-04-05,Trinity,105,12862,480,321,81,402,3
2021-04-05,Tulare,107,460477,49400,48356,8509,56865,818
2021-04-05,Tuolumne,109,53932,3942,3980,40,4020,57
2021-04-05,Ventura,111,848112,80115,79549,2861,82410,983
2021-04-05,Yolo,113,214977,13420,13427,173,13600,198
2021-04-05,Yuba,115,75493,5764,5728,110,5838,43
2021-04-04,Alameda,001,1643700,84361,83951,1783,85734,1219
2021-04-04,Alpine,002,1148,85,85,0,85,0
2021-04-04,Amador,005,37829,3593,3582,32,3614,45
2021-04-04,Butte,007,227075,11731,11375,1701,13076,193
2021-04-04,Calaveras,009,45235,2018,2020,11,2031,50
2021-04-04,Colusa,011,21464,1894,1893,273,2166,14
2021-04-04,Contra Costa,013,1133247,66260,65408,1130,66538,774
2021-04-04,Del Norte,015,27424,1227,1186,11,1197,6
2021-04-04,El Dorado,017,186661,9554,9455,641,10096,106
2021-04-04,Fresno,019,978130,100225,99702,8224,107926,1622
2021-04-04,Glenn,021,27897,2360,2335,529,2864,17
2021-04-04,Humboldt,023,135768,3483,3472,25,3497,35
2021-04-04,Imperial,025,180216,27766,27588,2552,30140,710
2021-04-04,Inyo,027,18085,1382,1377,10,1387,36
2021-04-04,Kern,029,883053,95631,94388,10264,104652,1247
2021-04-04,Kings,031,150075,22806,22580,1023,23603,239
2021-04-04,Lake,033,64148,3378,3355,8,3363,43
2021-04-04,Lassen,035,31185,5149,5138,101,5239,1
2021-04-04,Los Angeles,037,10098052,1192165,1182872,39284,1222156,23301
2021-04-04,Madera,039,155013,16212,16052,886,16938,230
2021-04-04,Marin,041,260295,13733,13663,214,13877,221
2021-04-04,Mariposa,043,17540,398,390,6,396,5
2021-04-04,Mendocino,045,87422,3769,3684,74,3758,45
2021-04-04,Merced,047,269075,29971,30048,976,31024,427
2021-04-04,Modoc,049,8938,356,346,118,464,3
2021-04-04,Mono,051,14174,1237,1245,17,1262,3
2021-04-04,Monterey,053,433212,42628,42391,1752,44143,341
2021-04-04,Napa,055,140530,9503,9486,31,9517,78
2021-04-04,Nevada,057,99092,4392,4337,180,4517,69
2021-04-04,Orange,059,3164182,252045,250117,10745,260862,4759
2021-04-04,Placer,061,380077,21839,21104,1278,22382,276
2021-04-04,Plumas,063,18699,674,666,10,676,4
2021-04-04,Riverside,065,2383286,290074,283537,13552,297089,4237
2021-04-04,Sacramento,067,1510023,99873,98821,1440,100261,1531
2021-04-04,San Benito,069,59416,5895,5901,97,5998,61
2021-04-04,San Bernardino,071,2135413,289700,286561,8706,295267,4423
2021-04-04,San Diego,073,3302833,272457,271528,13714,285242,3583
2021-04-04,San Francisco,075,870044,35515,35525,1191,36716,488
2021-04-04,San Joaquin,077,732212,70216,69147,3183,72330,1268
2021-04-04,San Luis Obispo,079,281455,20656,20328,621,20949,252
2021-04-04,San Mateo,081,765935,40998,40587,428,41015,350
2021-04-04,Santa Barbara,083,443738,33587,33213,1079,34292,443
2021-04-04,Santa Clara,085,1922200,114895,114976,652,115628,1893
2021-04-04,Santa Cruz,087,273765,15914,15219,789,16008,201
2021-04-04,Shasta,089,179085,11388,11433,1371,12804,184
2021-04-04,Sierra,091,2930,55,50,12,62,0
2021-04-04,Siskiyou,093,43540,1576,1509,256,1765,7
2021-04-04,Solano,095,438530,31091,31002,420,31422,237
2021-04-04,Sonoma,097,501317,29234,29340,280,29620,311
2021-04-04,Stanislaus,099,539301,53518,53181,5577,58758,686
2021-04-04,Sutter,101,95872,9157,9164,80,9244,106
2021-04-04,Tehama,103,63373,4824,4792,514,5306,52
2021-04-04,Trinity,105,12862,478,321,81,402,3
2021-04-04,Tulare,107,460477,49386,48343,8501,56844,818
2021-04-04,Tuolumne,109,53932,3934,3980,40,4020,57
2021-04-04,Ventura,111,848112,80072,79526,2859,82385,983
2021-04-04,Yolo,113,214977,13399,13425,172,13597,198
2021-04-04,Yuba,115,75493,5757,5722,110,5832,43
2021-04-03,Alameda,001,1643700,84294,83861,1781,85642,1218
2021-04-03,Alpine,002,1148,85,85,0,85,0
2021-04-03,Amador,005,37829,3590,3577,32,3609,45
2021-04-03,Butte,007,227075,11727,11359,1697,13056,193
2021-04-03,Calaveras,009,45235,2016,2019,11,2030,50
2021-04-03,Colusa,011,21464,1894,1891,273,2164,14
2021-04-03,Contra Costa,013,1133247,66188,65338,1130,66468,774
2021-04-03,Del Norte,015,27424,1222,1183,11,1194,6
2021-04-03,El Dorado,017,186661,9545,9448,640,10088,106
2021-04-03,Fresno,019,978130,100168,99602,8219,107821,1622
2021-04-03,Glenn,021,27897,2359,2334,528,2862,17
2021-04-03,Humboldt,023,135768,3481,3467,25,3492,35
2021-04-03,Imperial,025,180216,27750,27572,2549,30121,710
2021-04-03,Inyo,027,18085,1381,1376,10,1386,36
2021-04-03,Kern,029,883053,95605,94369,10248,104617,1243
2021-04-03,Kings,031,150075,22804,22580,1023,23603,239
2021-04-03,Lake,033,64148,3377,3350,8,3358,43
2021-04-03,Lassen,035,31185,5148,5136,101,5237,1
2021-04-03,Los Angeles,037,10098052,1191858,1182402,39267,1221669,23301
2021-04-03,Madera,039,155013,16203,16051,884,16935,230
2021-04-03,Marin,041,260295,13725,13658,213,13871,221
2021-04-03,Mariposa,043,17540,398,390,5,395,5
2021-04-03,Mendocino,045,87422,3768,3684,74,3758,45
2021-04-03,Merced,047,269075,29956,30031,976,31007,427
2021-04-03,Modoc,049,8938,356,346,118,464,3
2021-04-03,Mono,051,14174,1237,1245,17,1262,3
2021-04-03,Monterey,053,433212,42615,42376,1750,44126,341
2021-04-03,Napa,055,140530,9494,9473,31,9504,78
2021-04-03,Nevada,057,99092,4388,4323,180,4503,69
2021-04-03,Orange,059,3164182,251964,249982,10727,260709,4755
2021-04-03,Placer,061,380077,21808,21060,1274,22334,276
2021-04-03,Plumas,063,18699,674,666,10,676,4
2021-04-03,Riverside,065,2383286,289996,283423,13549,296972,4237
2021-04-03,Sacramento,067,1510023,99765,98660,1434,100094,1531
2021-04-03,San Benito,069,59416,5892,5893,96,5989,61
2021-04-03,San Bernardino,071,2135413,289636,286473,8700,295173,4422
2021-04-03,San Diego,073,3302833,272288,271335,13697,285032,3571
2021-04-03,San Francisco,075,870044,35496,35488,1189,36677,489
2021-04-03,San Joaquin,077,732212,70175,69100,3167,72267,1268
2021-04-03,San Luis Obispo,079,281455,20637,20301,621,20922,252
2021-04-03,San Mateo,081,765935,40973,40560,428,40988,350
2021-04-03,Santa Barbara,083,443738,33561,33172,1078,34250,443
2021-04-03,Santa Clara,085,1922200,114787,114865,650,115515,1893
2021-04-03,Santa Cruz,087,273765,15907,15205,789,15994,201
2021-04-03,Shasta,089,179085,11380,11418,1371,12789,184
2021-04-03,Sierra,091,2930,55,50,12,62,0
2021-04-03,Siskiyou,093,43540,1575,1509,256,1765,7
2021-04-03,Solano,095,438530,31070,30970,417,31387,237
2021-04-03,Sonoma,097,501317,29218,29315,279,29594,311
2021-04-03,Stanislaus,099,539301,53483,53137,5571,58708,686
2021-04-03,Sutter,101,95872,9151,9158,80,9238,106
2021-04-03,Tehama,103,63373,4816,4788,514,5302,52
2021-04-03,Trinity,105,12862,478,321,81,402,3
2021-04-03,Tulare,107,460477,49376,48327,8497,56824,818
2021-04-03,Tuolumne,109,53932,3934,3980,40,4020,57
2021-04-03,Ventura,111,848112,80051,79489,2857,82346,983
2021-04-03,Yolo,113,214977,13393,13414,172,13586,198
2021-04-03,Yuba,115,75493,5751,5716,110,5826,43
2021-04-02,Alameda,001,1643700,84221,83776,1778,85554,1217
2021-04-02,Alpine,002,1148,85,85,0,85,0
2021-04-02,Amador,005,37829,3586,3573,31,3604,45
2021-04-02,Butte,007,227075,11718,11350,1697,13047,193
2021-04-02,Calaveras,009,45235,2014,2010,11,2021,50
2021-04-02,Colusa,011,21464,1894,1891,273,2164,14
2021-04-02,Contra Costa,013,1133247,66124,65299,1129,66428,774
2021-04-02,Del Norte,015,27424,1219,1174,11,1185,6
2021-04-02,El Dorado,017,186661,9532,9437,637,10074,106
2021-04-02,Fresno,019,978130,100114,99551,8208,107759,1620
2021-04-02,Glenn,021,27897,2359,2331,528,2859,17
2021-04-02,Humboldt,023,135768,3477,3465,25,3490,35
2021-04-02,Imperial,025,180216,27738,27553,2543,30096,710
2021-04-02,Inyo,027,18085,1381,1377,10,1387,36
2021-04-02,Kern,029,883053,95587,94348,10245,104593,1233
2021-04-02,Kings,031,150075,22804,22571,1020,23591,239
2021-04-02,Lake,033,64148,3375,3348,8,3356,43
2021-04-02,Lassen,035,31185,5148,5134,101,5235,1
2021-04-02,Los Angeles,037,10098052,1191548,1181682,39246,1220928,23264
2021-04-02,Madera,039,155013,16194,16036,883,16919,230
2021-04-02,Marin,041,260295,13717,13649,213,13862,221
2021-04-02,Mariposa,043,17540,396,390,5,395,5
2021-04-02,Mendocino,045,87422,3765,3682,74,3756,45
2021-04-02,Merced,047,269075,29931,29998,976,30974,426
2021-04-02,Modoc,049,8938,353,346,118,464,3
2021-04-02,Mono,051,14174,1237,1246,17,1263,3
2021-04-02,Monterey,053,433212,42605,42359,1747,44106,341
2021-04-02,Napa,055,140530,9479,9453,31,9484,78
2021-04-02,Nevada,057,99092,4384,4323,180,4503,69
2021-04-02,Orange,059,3164182,251869,249891,10715,260606,4748
2021-04-02,Placer,061,380077,21772,21035,1268,22303,275
2021-04-02,Plumas,063,18699,674,666,10,676,4
2021-04-02,Riverside,065,2383286,289910,283328,13540,296868,4213
2021-04-02,Sacramento,067,1510023,99658,98648,1427,100075,1527
2021-04-02,San Benito,069,59416,5890,5888,94,5982,61
2021-04-02,San Bernardino,071,2135413,289564,286308,8696,295004,4417
2021-04-02,San Diego,073,3302833,272101,271036,13671,284707,3568
2021-04-02,San Francisco,075,870044,35461,35451,1187,36638,488
2021-04-02,San Joaquin,077,732212,70110,68996,3152,72148,1268
2021-04-02,San Luis Obispo,079,281455,20620,20271,620,20891,252
2021-04-02,San Mateo,081,765935,40931,40514,428,40942,350
2021-04-02,Santa Barbara,083,443738,33533,33145,1078,34223,443
2021-04-02,Santa Clara,085,1922200,114676,114777,648,115425,1882
2021-04-02,Santa Cruz,087,273765,15899,15216,789,16005,202
2021-04-02,Shasta,089,179085,11375,11377,1364,12741,181
2021-04-02,Sierra,091,2930,55,50,12,62,0
2021-04-02,Siskiyou,093,43540,1575,1508,255,1763,7
2021-04-02,Solano,095,438530,31041,30951,414,31365,237
2021-04-02,Sonoma,097,501317,29197,29288,278,29566,311
2021-04-02,Stanislaus,099,539301,53438,53073,5565,58638,687
2021-04-02,Sutter,101,95872,9143,9131,80,9211,106
2021-04-02,Tehama,103,63373,4809,4775,513,5288,52
2021-04-02,Trinity,105,12862,478,320,81,401,3
2021-04-02,Tulare,107,460477,49370,48306,8491,56797,818
2021-04-02,Tuolumne,109,53932,3931,3980,40,4020,57
2021-04-02,Ventura,111,848112,80024,79434,2855,82289,982
2021-04-02,Yolo,113,214977,13383,13381,172,13553,197
2021-04-02,Yuba,115,75493,5747,5709,110,5819,44
2021-04-01,Alameda,001,1643700,84142,83574,1773,85347,1216
2021-04-01,Alpine,002,1148,85,85,0,85,0
2021-04-01,Amador,005,37829,3582,3558,31,3589,45
2021-04-01,Butte,007,227075,11700,11328,1695,13023,193
2021-04-01,Calaveras,009,45235,2011,2006,11,2017,50
2021-04-01,Colusa,011,21464,1891,1890,273,2163,14
2021-04-01,Contra Costa,013,1133247,66065,65176,1127,66303,771
2021-04-01,Del Norte,015,27424,1214,1138,11,1149,6
2021-04-01,El Dorado,017,186661,9523,9393,633,10026,106
2021-04-01,Fresno,019,978130,100061,99317,8200,107517,1616
2021-04-01,Glenn,021,27897,2359,2322,527,2849,17
2021-04-01,Humboldt,023,135768,3473,3464,25,3489,35
2021-04-01,Imperial,025,180216,27708,27520,2538,30058,710
2021-04-01,Inyo,027,18085,1380,1374,10,1384,36
2021-04-01,Kern,029,883053,95551,94244,10233,104477,1233
2021-04-01,Kings,031,150075,22797,22560,1019,23579,239
2021-04-01,Lake,033,64148,3370,3337,8,3345,43
2021-04-01,Lassen,035,31185,5147,5132,101,5233,1
2021-04-01,Los Angeles,037,10098052,1191055,1181101,39217,1220318,23220
2021-04-01,Madera,039,155013,16178,16023,883,16906,230
2021-04-01,Marin,041,260295,13707,13635,213,13848,221
2021-04-01,Mariposa,043,17540,394,389,5,394,5
2021-04-01,Mendocino,045,87422,3765,3680,74,3754,45
2021-04-01,Merced,047,269075,29898,29820,976,30796,425
2021-04-01,Modoc,049,8938,352,346,118,464,3
2021-04-01,Mono,051,14174,1237,1245,17,1262,3
2021-04-01,Monterey,053,433212,42597,42324,1745,44069,339
2021-04-01,Napa,055,140530,9467,9410,31,9441,78
2021-04-01,Nevada,057,99092,4374,4288,179,4467,68
2021-04-01,Orange,059,3164182,251749,249617,10698,260315,4742
2021-04-01,Placer,061,380077,21733,20909,1256,22165,274
2021-04-01,Plumas,063,18699,674,664,10,674,4
2021-04-01,Riverside,065,2383286,289805,283128,13537,296665,4193
2021-04-01,Sacramento,067,1510023,99514,97952,1414,99366,1521
2021-04-01,San Benito,069,59416,5882,5878,93,5971,61
2021-04-01,San Bernardino,071,2135413,289448,286086,8687,294773,4404
2021-04-01,San Diego,073,3302833,271878,270540,13641,284181,3555
2021-04-01,San Francisco,075,870044,35440,35386,1184,36570,488
2021-04-01,San Joaquin,077,732212,70028,68802,3144,71946,1262
2021-04-01,San Luis Obispo,079,281455,20591,20235,619,20854,252
2021-04-01,San Mateo,081,765935,40890,40454,428,40882,350
2021-04-01,Santa Barbara,083,443738,33486,33096,1073,34169,443
2021-04-01,Santa Clara,085,1922200,114563,114606,647,115253,1874
2021-04-01,Santa Cruz,087,273765,15884,15271,789,16060,202
2021-04-01,Shasta,089,179085,11360,11355,1359,12714,181
2021-04-01,Sierra,091,2930,55,50,12,62,0
2021-04-01,Siskiyou,093,43540,1573,1507,254,1761,7
2021-04-01,Solano,095,438530,31008,30850,411,31261,237
2021-04-01,Sonoma,097,501317,29166,29241,271,29512,311
2021-04-01,Stanislaus,099,539301,53376,52825,5559,58384,687
2021-04-01,Sutter,101,95872,9131,9105,80,9185,106
2021-04-01,Tehama,103,63373,4803,4764,510,5274,52
2021-04-01,Trinity,105,12862,478,319,81,400,3
2021-04-01,Tulare,107,460477,49347,48279,8481,56760,817
2021-04-01,Tuolumne,109,53932,3929,3978,40,4018,57
2021-04-01,Ventura,111,848112,80000,79369,2854,82223,977
2021-04-01,Yolo,113,214977,13370,13342,172,13514,197
2021-04-01,Yuba,115,75493,5742,5694,110,5804,44
2021-03-31,Alameda,001,1643700,84060,83475,1768,85243,1215
2021-03-31,Alpine,002,1148,85,85,0,85,0
2021-03-31,Amador,005,37829,3579,3556,31,3587,45
2021-03-31,Butte,007,227075,11690,11321,1691,13012,193
2021-03-31,Calaveras,009,45235,2009,2005,11,2016,50
2021-03-31,Colusa,011,21464,1891,1890,273,2163,14
2021-03-31,Contra Costa,013,1133247,65980,65109,1126,66235,769
2021-03-31,Del Norte,015,27424,1205,1129,11,1140,6
2021-03-31,El Dorado,017,186661,9506,9390,633,10023,106
2021-03-31,Fresno,019,978130,99968,99240,8184,107424,1616
2021-03-31,Glenn,021,27897,2355,2318,525,2843,17
2021-03-31,Humboldt,023,135768,3467,3460,25,3485,35
2021-03-31,Imperial,025,180216,27688,27506,2537,30043,710
2021-03-31,Inyo,027,18085,1377,1373,9,1382,35
2021-03-31,Kern,029,883053,95508,94205,10224,104429,1229
2021-03-31,Kings,031,150075,22794,22540,1019,23559,239
2021-03-31,Lake,033,64148,3366,3332,8,3340,43
2021-03-31,Lassen,035,31185,5143,5132,101,5233,1
2021-03-31,Los Angeles,037,10098052,1190587,1180538,39179,1219717,23171
2021-03-31,Madera,039,155013,16164,16015,882,16897,229
2021-03-31,Marin,041,260295,13696,13624,213,13837,221
2021-03-31,Mariposa,043,17540,394,389,5,394,5
2021-03-31,Mendocino,045,87422,3759,3675,74,3749,45
2021-03-31,Merced,047,269075,29869,29780,976,30756,423
2021-03-31,Modoc,049,8938,352,346,118,464,3
2021-03-31,Mono,051,14174,1237,1245,17,1262,3
2021-03-31,Monterey,053,433212,42580,42309,1743,44052,338
2021-03-31,Napa,055,140530,9449,9401,31,9432,78
2021-03-31,Nevada,057,99092,4368,4283,179,4462,68
2021-03-31,Orange,059,3164182,251638,249518,10683,260201,4731
2021-03-31,Placer,061,380077,21683,20885,1249,22134,271
2021-03-31,Plumas,063,18699,673,663,10,673,4
2021-03-31,Riverside,065,2383286,289703,283006,13526,296532,4171
2021-03-31,Sacramento,067,1510023,99339,97760,1407,99167,1519
2021-03-31,San Benito,069,59416,5872,5875,93,5968,61
2021-03-31,San Bernardino,071,2135413,289354,285916,8684,294600,4356
2021-03-31,San Diego,073,3302833,271646,270288,13606,283894,3555
2021-03-31,San Francisco,075,870044,35395,35347,1183,36530,474
2021-03-31,San Joaquin,077,732212,69939,68685,3128,71813,1259
2021-03-31,San Luis Obispo,079,281455,20569,20215,618,20833,251
2021-03-31,San Mateo,081,765935,40860,40423,428,40851,350
2021-03-31,Santa Barbara,083,443738,33454,33052,1071,34123,443
2021-03-31,Santa Clara,085,1922200,114436,114499,647,115146,1874
2021-03-31,Santa Cruz,087,273765,15871,15295,788,16083,201
2021-03-31,Shasta,089,179085,11348,11327,1351,12678,179
2021-03-31,Sierra,091,2930,55,50,12,62,0
2021-03-31,Siskiyou,093,43540,1572,1505,254,1759,7
2021-03-31,Solano,095,438530,30962,30824,410,31234,235
2021-03-31,Sonoma,097,501317,29139,29216,271,29487,311
2021-03-31,Stanislaus,099,539301,53308,52782,5547,58329,687
2021-03-31,Sutter,101,95872,9120,9111,80,9191,106
2021-03-31,Tehama,103,63373,4798,4762,508,5270,52
2021-03-31,Trinity,105,12862,478,319,81,400,3
2021-03-31,Tulare,107,460477,49327,48261,8465,56726,816
2021-03-31,Tuolumne,109,53932,3928,3976,40,4016,57
2021-03-31,Ventura,111,848112,79968,79326,2850,82176,969
2021-03-31,Yolo,113,214977,13353,13359,171,13530,197
2021-03-31,Yuba,115,75493,5735,5686,110,5796,44
2021-03-30,Alameda,001,1643700,83960,83395,1765,85160,1211
2021-03-30,Alpine,002,1148,85,85,0,85,0
2021-03-30,Amador,005,37829,3576,3551,31,3582,45
2021-03-30,Butte,007,227075,11678,11296,1688,12984,193
2021-03-30,Calaveras,009,45235,2005,1997,11,2008,50
2021-03-30,Colusa,011,21464,1890,1890,272,2162,14
2021-03-30,Contra Costa,013,1133247,65891,65041,1124,66165,767
2021-03-30,Del Norte,015,27424,1197,1118,10,1128,6
2021-03-30,El Dorado,017,186661,9487,9381,630,10011,105
2021-03-30,Fresno,019,978130,99903,99156,8171,107327,1609
2021-03-30,Glenn,021,27897,2355,2310,524,2834,17
2021-03-30,Humboldt,023,135768,3465,3461,25,3486,35
2021-03-30,Imperial,025,180216,27660,27471,2535,30006,706
2021-03-30,Inyo,027,18085,1377,1374,9,1383,35
2021-03-30,Kern,029,883053,95466,94151,10215,104366,1221
2021-03-30,Kings,031,150075,22790,22530,1017,23547,238
2021-03-30,Lake,033,64148,3360,3330,8,3338,43
2021-03-30,Lassen,035,31185,5143,5132,101,5233,1
2021-03-30,Los Angeles,037,10098052,1190091,1180044,39157,1219201,23136
2021-03-30,Madera,039,155013,16154,16003,878,16881,229
2021-03-30,Marin,041,260295,13687,13611,205,13816,221
2021-03-30,Mariposa,043,17540,394,388,5,393,5
2021-03-30,Mendocino,045,87422,3757,3670,74,3744,45
2021-03-30,Merced,047,269075,29832,29731,976,30707,423
2021-03-30,Modoc,049,8938,351,346,118,464,3
2021-03-30,Mono,051,14174,1236,1245,17,1262,3
2021-03-30,Monterey,053,433212,42554,42308,1741,44049,338
2021-03-30,Napa,055,140530,9434,9391,31,9422,78
2021-03-30,Nevada,057,99092,4356,4266,178,4444,68
2021-03-30,Orange,059,3164182,251509,249412,10656,260068,4727
2021-03-30,Placer,061,380077,21643,20866,1243,22109,271
2021-03-30,Plumas,063,18699,673,661,10,671,4
2021-03-30,Riverside,065,2383286,289578,282930,13517,296447,4154
2021-03-30,Sacramento,067,1510023,99202,97718,1404,99122,1516
2021-03-30,San Benito,069,59416,5866,5870,93,5963,61
2021-03-30,San Bernardino,071,2135413,289245,285758,8675,294433,4343
2021-03-30,San Diego,073,3302833,271407,269998,13568,283566,3555
2021-03-30,San Francisco,075,870044,35345,35325,1182,36507,474
2021-03-30,San Joaquin,077,732212,69851,68613,3118,71731,1232
2021-03-30,San Luis Obispo,079,281455,20549,20194,618,20812,251
2021-03-30,San Mateo,081,765935,40816,40377,428,40805,349
2021-03-30,Santa Barbara,083,443738,33429,33016,1071,34087,441
2021-03-30,Santa Clara,085,1922200,114314,114413,646,115059,1873
2021-03-30,Santa Cruz,087,273765,15865,15278,788,16066,201
2021-03-30,Shasta,089,179085,11340,11316,1350,12666,184
2021-03-30,Sierra,091,2930,55,50,12,62,0
2021-03-30,Siskiyou,093,43540,1571,1501,254,1755,7
2021-03-30,Solano,095,438530,30932,30802,409,31211,232
2021-03-30,Sonoma,097,501317,29107,29198,271,29469,311
2021-03-30,Stanislaus,099,539301,53230,52690,5539,58229,677
2021-03-30,Sutter,101,95872,9116,9107,79,9186,106
2021-03-30,Tehama,103,63373,4789,4748,507,5255,52
2021-03-30,Trinity,105,12862,478,316,81,397,3
2021-03-30,Tulare,107,460477,49312,48249,8456,56705,815
2021-03-30,Tuolumne,109,53932,3923,3972,40,4012,57
2021-03-30,Ventura,111,848112,79924,79282,2847,82129,958
2021-03-30,Yolo,113,214977,13340,13353,171,13524,195
2021-03-30,Yuba,115,75493,5724,5679,104,5783,42
2021-03-29,Alameda,001,1643700,83860,83338,1763,85101,1211
2021-03-29,Alpine,002,1148,85,85,0,85,0
2021-03-29,Amador,005,37829,3570,3549,31,3580,45
2021-03-29,Butte,007,227075,11670,11291,1685,12976,191
2021-03-29,Calaveras,009,45235,2003,1998,11,2009,50
2021-03-29,Colusa,011,21464,1890,1889,271,2160,14
2021-03-29,Contra Costa,013,1133247,65822,64971,1123,66094,767
2021-03-29,Del Norte,015,27424,1192,1116,9,1125,6
2021-03-29,El Dorado,017,186661,9467,9374,625,9999,105
2021-03-29,Fresno,019,978130,99820,99085,8156,107241,1606
2021-03-29,Glenn,021,27897,2348,2310,524,2834,17
2021-03-29,Humboldt,023,135768,3460,3459,25,3484,34
2021-03-29,Imperial,025,180216,27639,27442,2533,29975,704
2021-03-29,Inyo,027,18085,1377,1372,9,1381,35
2021-03-29,Kern,029,883053,95419,94098,10196,104294,1220
2021-03-29,Kings,031,150075,22778,22522,1016,23538,238
2021-03-29,Lake,033,64148,3357,3325,8,3333,43
2021-03-29,Lassen,035,31185,5143,5131,101,5232,1
2021-03-29,Los Angeles,037,10098052,1189594,1179736,39117,1218853,23108
2021-03-29,Madera,039,155013,16134,15987,876,16863,210
2021-03-29,Marin,041,260295,13675,13600,202,13802,220
2021-03-29,Mariposa,043,17540,393,388,5,393,5
2021-03-29,Mendocino,045,87422,3754,3667,74,3741,45
2021-03-29,Merced,047,269075,29808,29699,976,30675,422
2021-03-29,Modoc,049,8938,350,344,118,462,3
2021-03-29,Mono,051,14174,1235,1243,17,1260,3
2021-03-29,Monterey,053,433212,42538,42305,1736,44041,337
2021-03-29,Napa,055,140530,9418,9379,31,9410,78
2021-03-29,Nevada,057,99092,4349,4258,178,4436,68
2021-03-29,Orange,059,3164182,251399,249295,10644,259939,4713
2021-03-29,Placer,061,380077,21608,20827,1236,22063,267
2021-03-29,Plumas,063,18699,672,660,10,670,4
2021-03-29,Riverside,065,2383286,289475,282867,13516,296383,4133
2021-03-29,Sacramento,067,1510023,99009,97577,1396,98973,1514
2021-03-29,San Benito,069,59416,5859,5865,93,5958,61
2021-03-29,San Bernardino,071,2135413,289148,285615,8671,294286,4335
2021-03-29,San Diego,073,3302833,271141,269771,13542,283313,3547
2021-03-29,San Francisco,075,870044,35310,35291,1179,36470,474
2021-03-29,San Joaquin,077,732212,69765,68537,3105,71642,1211
2021-03-29,San Luis Obispo,079,281455,20514,20176,617,20793,250
2021-03-29,San Mateo,081,765935,40774,40357,427,40784,348
2021-03-29,Santa Barbara,083,443738,33395,32983,1070,34053,439
2021-03-29,Santa Clara,085,1922200,114205,114335,641,114976,1871
2021-03-29,Santa Cruz,087,273765,15854,15249,787,16036,201
2021-03-29,Shasta,089,179085,11322,11313,1348,12661,183
2021-03-29,Sierra,091,2930,55,50,12,62,0
2021-03-29,Siskiyou,093,43540,1569,1497,254,1751,6
2021-03-29,Solano,095,438530,30893,30762,407,31169,232
2021-03-29,Sonoma,097,501317,29084,29184,268,29452,310
2021-03-29,Stanislaus,099,539301,53146,52614,5532,58146,677
2021-03-29,Sutter,101,95872,9109,9105,79,9184,106
2021-03-29,Tehama,103,63373,4781,4742,506,5248,52
2021-03-29,Trinity,105,12862,478,314,81,395,3
2021-03-29,Tulare,107,460477,49284,48226,8445,56671,815
2021-03-29,Tuolumne,109,53932,3921,3969,40,4009,57
2021-03-29,Ventura,111,848112,79882,79252,2847,82099,956
2021-03-29,Yolo,113,214977,13321,13346,171,13517,195
2021-03-29,Yuba,115,75493,5717,5671,103,5774,42
2021-03-28,Alameda,001,1643700,83739,83239,1761,85000,1212
2021-03-28,Alpine,002,1148,85,85,0,85,0
2021-03-28,Amador,005,37829,3566,3541,31,3572,45
2021-03-28,Butte,007,227075,11657,11285,1683,12968,191
2021-03-28,Calaveras,009,45235,2001,1995,11,2006,50
2021-03-28,Colusa,011,21464,1889,1889,271,2160,14
2021-03-28,Contra Costa,013,1133247,65748,64878,1119,65997,767
2021-03-28,Del Norte,015,27424,1185,1107,7,1114,6
2021-03-28,El Dorado,017,186661,9452,9371,623,9994,105
2021-03-28,Fresno,019,978130,99738,99004,8144,107148,1606
2021-03-28,Glenn,021,27897,2344,2309,522,2831,17
2021-03-28,Humboldt,023,135768,3457,3452,24,3476,34
2021-03-28,Imperial,025,180216,27611,27426,2530,29956,704
2021-03-28,Inyo,027,18085,1376,1372,9,1381,35
2021-03-28,Kern,029,883053,95374,94084,10185,104269,1219
2021-03-28,Kings,031,150075,22773,22514,1013,23527,238
2021-03-28,Lake,033,64148,3352,3320,8,3328,43
2021-03-28,Lassen,035,31185,5143,5131,100,5231,1
2021-03-28,Los Angeles,037,10098052,1189042,1179316,39059,1218375,23101
2021-03-28,Madera,039,155013,16119,15973,875,16848,210
2021-03-28,Marin,041,260295,13662,13594,200,13794,221
2021-03-28,Mariposa,043,17540,393,388,5,393,5
2021-03-28,Mendocino,045,87422,3752,3666,74,3740,45
2021-03-28,Merced,047,269075,29751,29679,976,30655,422
2021-03-28,Modoc,049,8938,350,344,118,462,3
2021-03-28,Mono,051,14174,1234,1242,17,1259,3
2021-03-28,Monterey,053,433212,42515,42294,1732,44026,337
2021-03-28,Napa,055,140530,9404,9368,31,9399,78
2021-03-28,Nevada,057,99092,4335,4239,178,4417,68
2021-03-28,Orange,059,3164182,251244,249238,10634,259872,4713
2021-03-28,Placer,061,380077,21564,20796,1230,22026,267
2021-03-28,Plumas,063,18699,670,657,10,667,4
2021-03-28,Riverside,065,2383286,289361,282811,13508,296319,4132
2021-03-28,Sacramento,067,1510023,98835,97425,1390,98815,1514
2021-03-28,San Benito,069,59416,5854,5862,93,5955,61
2021-03-28,San Bernardino,071,2135413,289028,285570,8663,294233,4332
2021-03-28,San Diego,073,3302833,270865,269476,13513,282989,3547
2021-03-28,San Francisco,075,870044,35264,35286,1175,36461,474
2021-03-28,San Joaquin,077,732212,69641,68459,3086,71545,1211
2021-03-28,San Luis Obispo,079,281455,20479,20172,614,20786,250
2021-03-28,San Mateo,081,765935,40729,40305,427,40732,348
2021-03-28,Santa Barbara,083,443738,33353,32953,1069,34022,439
2021-03-28,Santa Clara,085,1922200,114105,114232,637,114869,1871
2021-03-28,Santa Cruz,087,273765,15839,15238,786,16024,201
2021-03-28,Shasta,089,179085,11296,11308,1337,12645,183
2021-03-28,Sierra,091,2930,55,50,12,62,0
2021-03-28,Siskiyou,093,43540,1569,1497,253,1750,6
2021-03-28,Solano,095,438530,30856,30719,405,31124,232
2021-03-28,Sonoma,097,501317,29048,29161,266,29427,310
2021-03-28,Stanislaus,099,539301,53058,52567,5519,58086,678
2021-03-28,Sutter,101,95872,9100,9094,79,9173,106
2021-03-28,Tehama,103,63373,4771,4740,504,5244,52
2021-03-28,Trinity,105,12862,476,314,80,394,3
2021-03-28,Tulare,107,460477,49255,48218,8439,56657,815
2021-03-28,Tuolumne,109,53932,3918,3969,39,4008,57
2021-03-28,Ventura,111,848112,79831,79222,2842,82064,956
2021-03-28,Yolo,113,214977,13304,13325,170,13495,194
2021-03-28,Yuba,115,75493,5713,5662,103,5765,42
2021-03-27,Alameda,001,1643700,83668,83169,1757,84926,1211
2021-03-27,Alpine,002,1148,85,85,0,85,0
2021-03-27,Amador,005,37829,3561,3538,31,3569,45
2021-03-27,Butte,007,227075,11650,11278,1682,12960,191
2021-03-27,Calaveras,009,45235,1998,1992,11,2003,50
2021-03-27,Colusa,011,21464,1889,1889,271,2160,14
2021-03-27,Contra Costa,013,1133247,65678,64804,1116,65920,767
2021-03-27,Del Norte,015,27424,1175,1104,7,1111,6
2021-03-27,El Dorado,017,186661,9438,9367,623,9990,105
2021-03-27,Fresno,019,978130,99685,98901,8138,107039,1606
2021-03-27,Glenn,021,27897,2343,2308,522,2830,17
2021-03-27,Humboldt,023,135768,3452,3442,24,3466,34
2021-03-27,Imperial,025,180216,27599,27406,2527,29933,704
2021-03-27,Inyo,027,18085,1374,1372,9,1381,35
2021-03-27,Kern,029,883053,95354,94041,10174,104215,1217
2021-03-27,Kings,031,150075,22770,22502,1013,23515,238
2021-03-27,Lake,033,64148,3350,3317,8,3325,43
2021-03-27,Lassen,035,31185,5143,5129,100,5229,1
2021-03-27,Los Angeles,037,10098052,1188728,1178831,39033,1217864,23103
2021-03-27,Madera,039,155013,16112,15968,873,16841,210
2021-03-27,Marin,041,260295,13657,13579,200,13779,222
2021-03-27,Mariposa,043,17540,393,386,5,391,5
2021-03-27,Mendocino,045,87422,3750,3666,74,3740,45
2021-03-27,Merced,047,269075,29718,29647,974,30621,422
2021-03-27,Modoc,049,8938,350,344,118,462,3
2021-03-27,Mono,051,14174,1232,1241,17,1258,3
2021-03-27,Monterey,053,433212,42505,42271,1732,44003,337
2021-03-27,Napa,055,140530,9392,9360,31,9391,78
2021-03-27,Nevada,057,99092,4325,4231,178,4409,68
2021-03-27,Orange,059,3164182,251149,249160,10618,259778,4698
2021-03-27,Placer,061,380077,21544,20717,1223,21940,267
2021-03-27,Plumas,063,18699,669,655,10,665,4
2021-03-27,Riverside,065,2383286,289299,282707,13500,296207,4132
2021-03-27,Sacramento,067,1510023,98745,97247,1388,98635,1513
2021-03-27,San Benito,069,59416,5852,5862,91,5953,61
2021-03-27,San Bernardino,071,2135413,288966,285480,8662,294142,4325
2021-03-27,San Diego,073,3302833,270694,269271,13491,282762,3540
2021-03-27,San Francisco,075,870044,35241,35244,1173,36417,474
2021-03-27,San Joaquin,077,732212,69581,68365,3078,71443,1211
2021-03-27,San Luis Obispo,079,281455,20468,20153,611,20764,250
2021-03-27,San Mateo,081,765935,40706,40264,427,40691,348
2021-03-27,Santa Barbara,083,443738,33330,32921,1069,33990,439
2021-03-27,Santa Clara,085,1922200,114009,114124,635,114759,1871
2021-03-27,Santa Cruz,087,273765,15833,15215,786,16001,201
2021-03-27,Shasta,089,179085,11285,11288,1335,12623,183
2021-03-27,Sierra,091,2930,55,50,12,62,0
2021-03-27,Siskiyou,093,43540,1569,1497,253,1750,6
2021-03-27,Solano,095,438530,30828,30669,404,31073,232
2021-03-27,Sonoma,097,501317,29033,29133,264,29397,310
2021-03-27,Stanislaus,099,539301,52993,52497,5511,58008,678
2021-03-27,Sutter,101,95872,9093,9093,79,9172,106
2021-03-27,Tehama,103,63373,4765,4738,502,5240,52
2021-03-27,Trinity,105,12862,476,313,80,393,3
2021-03-27,Tulare,107,460477,49239,48203,8432,56635,813
2021-03-27,Tuolumne,109,53932,3915,3968,39,4007,57
2021-03-27,Ventura,111,848112,79804,79184,2840,82024,956
2021-03-27,Yolo,113,214977,13299,13317,169,13486,194
2021-03-27,Yuba,115,75493,5711,5657,103,5760,42
2021-03-26,Alameda,001,1643700,83606,83043,1755,84798,1208
2021-03-26,Alpine,002,1148,85,85,0,85,0
2021-03-26,Amador,005,37829,3556,3532,31,3563,45
2021-03-26,Butte,007,227075,11639,11278,1682,12960,191
2021-03-26,Calaveras,009,45235,1995,1989,11,2000,50
2021-03-26,Colusa,011,21464,1889,1889,271,2160,14
2021-03-26,Contra Costa,013,1133247,65618,64699,1113,65812,761
2021-03-26,Del Norte,015,27424,1172,1101,7,1108,6
2021-03-26,El Dorado,017,186661,9433,9353,623,9976,105
2021-03-26,Fresno,019,978130,99623,98731,8128,106859,1601
2021-03-26,Glenn,021,27897,2343,2307,521,2828,17
2021-03-26,Humboldt,023,135768,3450,3431,24,3455,34
2021-03-26,Imperial,025,180216,27575,27374,2527,29901,701
2021-03-26,Inyo,027,18085,1373,1369,9,1378,35
2021-03-26,Kern,029,883053,95328,93949,10168,104117,1211
2021-03-26,Kings,031,150075,22762,22493,1011,23504,239
2021-03-26,Lake,033,64148,3349,3314,8,3322,43
2021-03-26,Lassen,035,31185,5142,5131,100,5231,1
2021-03-26,Los Angeles,037,10098052,1188392,1178213,39020,1217233,23080
2021-03-26,Madera,039,155013,16102,15952,873,16825,210
2021-03-26,Marin,041,260295,13651,13553,195,13748,221
2021-03-26,Mariposa,043,17540,393,386,5,391,5
2021-03-26,Mendocino,045,87422,3749,3664,74,3738,45
2021-03-26,Merced,047,269075,29695,29613,973,30586,419
2021-03-26,Modoc,049,8938,350,344,118,462,3
2021-03-26,Mono,051,14174,1231,1236,17,1253,3
2021-03-26,Monterey,053,433212,42492,42241,1728,43969,338
2021-03-26,Napa,055,140530,9382,9349,31,9380,78
2021-03-26,Nevada,057,99092,4305,4222,178,4400,83
2021-03-26,Orange,059,3164182,251086,248995,10604,259599,4671
2021-03-26,Placer,061,380077,21518,20679,1222,21901,259
2021-03-26,Plumas,063,18699,668,654,10,664,4
2021-03-26,Riverside,065,2383286,289221,282602,13494,296096,4109
2021-03-26,Sacramento,067,1510023,98644,97040,1383,98423,1509
2021-03-26,San Benito,069,59416,5849,5855,91,5946,61
2021-03-26,San Bernardino,071,2135413,288910,285313,8660,293973,4288
2021-03-26,San Diego,073,3302833,270516,269045,13465,282510,3525
2021-03-26,San Francisco,075,870044,35215,35186,1173,36359,472
2021-03-26,San Joaquin,077,732212,69518,68249,3074,71323,1202
2021-03-26,San Luis Obispo,079,281455,20455,20118,611,20729,250
2021-03-26,San Mateo,081,765935,40671,40199,427,40626,348
2021-03-26,Santa Barbara,083,443738,33300,32895,1068,33963,439
2021-03-26,Santa Clara,085,1922200,113911,113959,634,114593,1868
2021-03-26,Santa Cruz,087,273765,15818,15199,785,15984,201
2021-03-26,Shasta,089,179085,11276,11276,1329,12605,182
2021-03-26,Sierra,091,2930,55,50,12,62,0
2021-03-26,Siskiyou,093,43540,1569,1493,252,1745,6
2021-03-26,Solano,095,438530,30803,30640,404,31044,205
2021-03-26,Sonoma,097,501317,29017,29101,261,29362,310
2021-03-26,Stanislaus,099,539301,52925,52420,5507,57927,678
2021-03-26,Sutter,101,95872,9090,9082,79,9161,104
2021-03-26,Tehama,103,63373,4764,4722,501,5223,51
2021-03-26,Trinity,105,12862,476,311,80,391,3
2021-03-26,Tulare,107,460477,49224,48179,8425,56604,813
2021-03-26,Tuolumne,109,53932,3914,3965,39,4004,57
2021-03-26,Ventura,111,848112,79770,79122,2838,81960,953
2021-03-26,Yolo,113,214977,13292,13299,167,13466,194
2021-03-26,Yuba,115,75493,5701,5653,103,5756,42
2021-03-25,Alameda,001,1643700,83512,82945,1753,84698,1206
2021-03-25,Alpine,002,1148,85,84,0,84,0
2021-03-25,Amador,005,37829,3554,3530,31,3561,45
2021-03-25,Butte,007,227075,11629,11270,1682,12952,188
2021-03-25,Calaveras,009,45235,1994,1982,11,1993,50
2021-03-25,Colusa,011,21464,1889,1888,271,2159,14
2021-03-25,Contra Costa,013,1133247,65551,64606,1110,65716,757
2021-03-25,Del Norte,015,27424,1166,1095,7,1102,6
2021-03-25,El Dorado,017,186661,9423,9331,623,9954,105
2021-03-25,Fresno,019,978130,99505,98602,8115,106717,1593
2021-03-25,Glenn,021,27897,2342,2302,520,2822,17
2021-03-25,Humboldt,023,135768,3445,3423,24,3447,34
2021-03-25,Imperial,025,180216,27559,27352,2526,29878,699
2021-03-25,Inyo,027,18085,1373,1369,9,1378,35
2021-03-25,Kern,029,883053,95296,93857,10163,104020,1206
2021-03-25,Kings,031,150075,22752,22472,1011,23483,237
2021-03-25,Lake,033,64148,3344,3312,8,3320,43
2021-03-25,Lassen,035,31185,5142,5129,100,5229,1
2021-03-25,Los Angeles,037,10098052,1187954,1177490,38987,1216477,23051
2021-03-25,Madera,039,155013,16083,15937,871,16808,210
2021-03-25,Marin,041,260295,13641,13538,192,13730,219
2021-03-25,Mariposa,043,17540,393,386,5,391,5
2021-03-25,Mendocino,045,87422,3748,3664,74,3738,45
2021-03-25,Merced,047,269075,29661,29576,966,30542,416
2021-03-25,Modoc,049,8938,350,343,118,461,3
2021-03-25,Mono,051,14174,1231,1235,17,1252,3
2021-03-25,Monterey,053,433212,42471,42220,1723,43943,336
2021-03-25,Napa,055,140530,9363,9321,31,9352,78
2021-03-25,Nevada,057,99092,4287,4202,176,4378,84
2021-03-25,Orange,059,3164182,250971,248871,10584,259455,4655
2021-03-25,Placer,061,380077,21477,20639,1215,21854,252
2021-03-25,Plumas,063,18699,668,654,10,664,4
2021-03-25,Riverside,065,2383286,289124,282492,13483,295975,4078
2021-03-25,Sacramento,067,1510023,98498,96823,1381,98204,1505
2021-03-25,San Benito,069,59416,5846,5850,91,5941,61
2021-03-25,San Bernardino,071,2135413,288829,285134,8655,293789,4222
2021-03-25,San Diego,073,3302833,270288,268623,13434,282057,3520
2021-03-25,San Francisco,075,870044,35175,35154,1171,36325,468
2021-03-25,San Joaquin,077,732212,69421,68089,3036,71125,1196
2021-03-25,San Luis Obispo,079,281455,20437,20076,611,20687,250
2021-03-25,San Mateo,081,765935,40631,40147,427,40574,348
2021-03-25,Santa Barbara,083,443738,33273,32857,1068,33925,439
2021-03-25,Santa Clara,085,1922200,113807,113877,632,114509,1868
2021-03-25,Santa Cruz,087,273765,15797,15170,785,15955,201
2021-03-25,Shasta,089,179085,11259,11262,1326,12588,181
2021-03-25,Sierra,091,2930,55,50,12,62,0
2021-03-25,Siskiyou,093,43540,1567,1491,251,1742,6
2021-03-25,Solano,095,438530,30742,30583,402,30985,193
2021-03-25,Sonoma,097,501317,28983,29060,257,29317,310
2021-03-25,Stanislaus,099,539301,52858,52321,5500,57821,678
2021-03-25,Sutter,101,95872,9081,9069,79,9148,104
2021-03-25,Tehama,103,63373,4762,4719,500,5219,52
2021-03-25,Trinity,105,12862,476,310,80,390,3
2021-03-25,Tulare,107,460477,49197,48148,8413,56561,811
2021-03-25,Tuolumne,109,53932,3913,3962,39,4001,57
2021-03-25,Ventura,111,848112,79729,79045,2834,81879,952
2021-03-25,Yolo,113,214977,13286,13287,167,13454,194
2021-03-25,Yuba,115,75493,5695,5647,97,5744,42
2021-03-24,Alameda,001,1643700,83419,82871,1750,84621,1199
2021-03-24,Alpine,002,1148,85,84,0,84,0
2021-03-24,Amador,005,37829,3548,3529,31,3560,45
2021-03-24,Butte,007,227075,11619,11252,1678,12930,187
2021-03-24,Calaveras,009,45235,1991,1975,11,1986,50
2021-03-24,Colusa,011,21464,1889,1886,271,2157,14
2021-03-24,Contra Costa,013,1133247,65471,64539,1109,65648,755
2021-03-24,Del Norte,015,27424,1161,1087,7,1094,6
2021-03-24,El Dorado,017,186661,9417,9319,622,9941,105
2021-03-24,Fresno,019,978130,99415,98437,8100,106537,1585
2021-03-24,Glenn,021,27897,2341,2297,519,2816,17
2021-03-24,Humboldt,023,135768,3442,3414,24,3438,34
2021-03-24,Imperial,025,180216,27550,27325,2526,29851,699
2021-03-24,Inyo,027,18085,1373,1368,9,1377,35
2021-03-24,Kern,029,883053,95248,93800,10154,103954,1198
2021-03-24,Kings,031,150075,22737,22456,1009,23465,237
2021-03-24,Lake,033,64148,3340,3307,8,3315,43
2021-03-24,Lassen,035,31185,5140,5130,99,5229,1
2021-03-24,Los Angeles,037,10098052,1187467,1177015,38954,1215969,22993
2021-03-24,Madera,039,155013,16074,15918,870,16788,210
2021-03-24,Marin,041,260295,13627,13526,190,13716,219
2021-03-24,Mariposa,043,17540,393,384,5,389,5
2021-03-24,Mendocino,045,87422,3745,3660,74,3734,45
2021-03-24,Merced,047,269075,29620,29525,966,30491,415
2021-03-24,Modoc,049,8938,349,341,118,459,3
2021-03-24,Mono,051,14174,1230,1243,17,1260,3
2021-03-24,Monterey,053,433212,42449,42201,1720,43921,335
2021-03-24,Napa,055,140530,9343,9310,31,9341,78
2021-03-24,Nevada,057,99092,4272,4191,175,4366,85
2021-03-24,Orange,059,3164182,250858,248775,10566,259341,4638
2021-03-24,Placer,061,380077,21447,20606,1207,21813,250
2021-03-24,Plumas,063,18699,666,652,10,662,4
2021-03-24,Riverside,065,2383286,289040,282410,13480,295890,4058
2021-03-24,Sacramento,067,1510023,98323,96628,1370,97998,1500
2021-03-24,San Benito,069,59416,5845,5847,91,5938,61
2021-03-24,San Bernardino,071,2135413,288742,284983,8653,293636,4170
2021-03-24,San Diego,073,3302833,270074,268413,13406,281819,3509
2021-03-24,San Francisco,075,870044,35148,35103,1168,36271,462
2021-03-24,San Joaquin,077,732212,69350,67978,3024,71002,1196
2021-03-24,San Luis Obispo,079,281455,20407,20021,610,20631,250
2021-03-24,San Mateo,081,765935,40581,40083,427,40510,348
2021-03-24,Santa Barbara,083,443738,33245,32810,1068,33878,438
2021-03-24,Santa Clara,085,1922200,113691,113757,629,114386,1851
2021-03-24,Santa Cruz,087,273765,15783,15138,784,15922,202
2021-03-24,Shasta,089,179085,11240,11243,1324,12567,181
2021-03-24,Sierra,091,2930,55,50,12,62,0
2021-03-24,Siskiyou,093,43540,1565,1490,251,1741,6
2021-03-24,Solano,095,438530,30705,30552,401,30953,178
2021-03-24,Sonoma,097,501317,28963,29034,253,29287,310
2021-03-24,Stanislaus,099,539301,52782,52259,5491,57750,677
2021-03-24,Sutter,101,95872,9065,9049,79,9128,104
2021-03-24,Tehama,103,63373,4756,4719,499,5218,49
2021-03-24,Trinity,105,12862,475,310,80,390,3
2021-03-24,Tulare,107,460477,49186,48109,8400,56509,808
2021-03-24,Tuolumne,109,53932,3911,3961,39,4000,57
2021-03-24,Ventura,111,848112,79677,78993,2827,81820,944
2021-03-24,Yolo,113,214977,13274,13269,167,13436,194
2021-03-24,Yuba,115,75493,5689,5634,94,5728,42
2021-03-23,Alameda,001,1643700,83317,82799,1746,84545,1190
2021-03-23,Alpine,002,1148,85,84,0,84,0
2021-03-23,Amador,005,37829,3542,3524,31,3555,45
2021-03-23,Butte,007,227075,11607,11227,1677,12904,187
2021-03-23,Calaveras,009,45235,1989,1971,11,1982,50
2021-03-23,Colusa,011,21464,1887,1885,270,2155,14
2021-03-23,Contra Costa,013,1133247,65371,64491,1108,65599,750
2021-03-23,Del Norte,015,27424,1156,1082,7,1089,6
2021-03-23,El Dorado,017,186661,9407,9318,619,9937,105
2021-03-23,Fresno,019,978130,99300,98362,8076,106438,1575
2021-03-23,Glenn,021,27897,2336,2293,517,2810,17
2021-03-23,Humboldt,023,135768,3433,3405,24,3429,34
2021-03-23,Imperial,025,180216,27542,27320,2526,29846,699
2021-03-23,Inyo,027,18085,1371,1364,9,1373,35
2021-03-23,Kern,029,883053,95141,93728,10147,103875,1191
2021-03-23,Kings,031,150075,22726,22439,1007,23446,237
2021-03-23,Lake,033,64148,3338,3294,8,3302,43
2021-03-23,Lassen,035,31185,5140,5130,99,5229,1
2021-03-23,Los Angeles,037,10098052,1186946,1176572,38917,1215489,22904
2021-03-23,Madera,039,155013,16058,15908,869,16777,210
2021-03-23,Marin,041,260295,13604,13514,188,13702,221
2021-03-23,Mariposa,043,17540,392,384,5,389,5
2021-03-23,Mendocino,045,87422,3743,3652,74,3726,45
2021-03-23,Merced,047,269075,29587,29485,966,30451,415
2021-03-23,Modoc,049,8938,348,342,118,460,3
2021-03-23,Mono,051,14174,1229,1263,17,1280,3
2021-03-23,Monterey,053,433212,42438,42180,1718,43898,335
2021-03-23,Napa,055,140530,9318,9299,31,9330,78
2021-03-23,Nevada,057,99092,4253,4179,174,4353,89
2021-03-23,Orange,059,3164182,250732,248661,10548,259209,4626
2021-03-23,Placer,061,380077,21412,20567,1203,21770,248
2021-03-23,Plumas,063,18699,666,652,10,662,4
2021-03-23,Riverside,065,2383286,288940,282317,13474,295791,4035
2021-03-23,Sacramento,067,1510023,98131,96521,1366,97887,1496
2021-03-23,San Benito,069,59416,5840,5845,90,5935,61
2021-03-23,San Bernardino,071,2135413,288657,284875,8645,293520,4134
2021-03-23,San Diego,073,3302833,269829,268156,13374,281530,3498
2021-03-23,San Francisco,075,870044,35090,35071,1163,36234,462
2021-03-23,San Joaquin,077,732212,69254,67903,3006,70909,1182
2021-03-23,San Luis Obispo,079,281455,20367,20009,609,20618,250
2021-03-23,San Mateo,081,765935,40525,40032,426,40458,348
2021-03-23,Santa Barbara,083,443738,33207,32771,1067,33838,438
2021-03-23,Santa Clara,085,1922200,113575,113645,626,114271,1848
2021-03-23,Santa Cruz,087,273765,15768,15106,784,15890,201
2021-03-23,Shasta,089,179085,11227,11234,1323,12557,175
2021-03-23,Sierra,091,2930,55,50,12,62,0
2021-03-23,Siskiyou,093,43540,1560,1485,249,1734,6
2021-03-23,Solano,095,438530,30664,30524,400,30924,178
2021-03-23,Sonoma,097,501317,28926,29020,252,29272,310
2021-03-23,Stanislaus,099,539301,52683,52148,5484,57632,677
2021-03-23,Sutter,101,95872,9057,9039,79,9118,104
2021-03-23,Tehama,103,63373,4747,4707,498,5205,46
2021-03-23,Trinity,105,12862,475,310,80,390,3
2021-03-23,Tulare,107,460477,49159,48095,8384,56479,808
2021-03-23,Tuolumne,109,53932,3908,3957,39,3996,57
2021-03-23,Ventura,111,848112,79616,78930,2824,81754,932
2021-03-23,Yolo,113,214977,13263,13255,167,13422,194
2021-03-23,Yuba,115,75493,5684,5628,94,5722,42
2021-03-22,Alameda,001,1643700,83226,82748,1741,84489,1189
2021-03-22,Alpine,002,1148,84,83,0,83,0
2021-03-22,Amador,005,37829,3534,3522,31,3553,44
2021-03-22,Butte,007,227075,11598,11211,1675,12886,185
2021-03-22,Calaveras,009,45235,1985,1963,11,1974,49
2021-03-22,Colusa,011,21464,1885,1885,270,2155,13
2021-03-22,Contra Costa,013,1133247,65276,64432,1106,65538,740
2021-03-22,Del Norte,015,27424,1150,1082,7,1089,6
2021-03-22,El Dorado,017,186661,9391,9310,615,9925,105
2021-03-22,Fresno,019,978130,99203,98276,8064,106340,1556
2021-03-22,Glenn,021,27897,2328,2291,517,2808,17
2021-03-22,Humboldt,023,135768,3428,3403,24,3427,34
2021-03-22,Imperial,025,180216,27527,27302,2523,29825,699
2021-03-22,Inyo,027,18085,1368,1363,9,1372,35
2021-03-22,Kern,029,883053,95070,93675,10131,103806,1178
2021-03-22,Kings,031,150075,22713,22433,1002,23435,236
2021-03-22,Lake,033,64148,3337,3290,8,3298,43
2021-03-22,Lassen,035,31185,5138,5129,99,5228,1
2021-03-22,Los Angeles,037,10098052,1186429,1176205,38887,1215092,22843
2021-03-22,Madera,039,155013,16043,15904,869,16773,210
2021-03-22,Marin,041,260295,13595,13501,187,13688,221
2021-03-22,Mariposa,043,17540,391,381,5,386,5
2021-03-22,Mendocino,045,87422,3741,3653,74,3727,45
2021-03-22,Merced,047,269075,29544,29468,963,30431,413
2021-03-22,Modoc,049,8938,346,342,118,460,3
2021-03-22,Mono,051,14174,1224,1263,17,1280,3
2021-03-22,Monterey,053,433212,42422,42161,1716,43877,335
2021-03-22,Napa,055,140530,9307,9288,31,9319,77
2021-03-22,Nevada,057,99092,4243,4174,170,4344,89
2021-03-22,Orange,059,3164182,250583,248517,10514,259031,4599
2021-03-22,Placer,061,380077,21377,20543,1198,21741,242
2021-03-22,Plumas,063,18699,666,652,10,662,4
2021-03-22,Riverside,065,2383286,288840,282242,13463,295705,4009
2021-03-22,Sacramento,067,1510023,97953,96385,1356,97741,1493
2021-03-22,San Benito,069,59416,5837,5844,89,5933,61
2021-03-22,San Bernardino,071,2135413,288569,284771,8633,293404,4107
2021-03-22,San Diego,073,3302833,269617,267913,13354,281267,3494
2021-03-22,San Francisco,075,870044,35048,35040,1159,36199,462
2021-03-22,San Joaquin,077,732212,69162,67815,2989,70804,1182
2021-03-22,San Luis Obispo,079,281455,20343,20000,608,20608,250
2021-03-22,San Mateo,081,765935,40474,40024,425,40449,348
2021-03-22,Santa Barbara,083,443738,33162,32756,1065,33821,437
2021-03-22,Santa Clara,085,1922200,113455,113575,626,114201,1845
2021-03-22,Santa Cruz,087,273765,15756,15077,783,15860,201
2021-03-22,Shasta,089,179085,11213,11218,1322,12540,150
2021-03-22,Sierra,091,2930,55,50,12,62,0
2021-03-22,Siskiyou,093,43540,1559,1487,248,1735,5
2021-03-22,Solano,095,438530,30624,30490,396,30886,171
2021-03-22,Sonoma,097,501317,28897,29010,248,29258,310
2021-03-22,Stanislaus,099,539301,52599,52083,5479,57562,677
2021-03-22,Sutter,101,95872,9044,9024,79,9103,104
2021-03-22,Tehama,103,63373,4739,4704,498,5202,45
2021-03-22,Trinity,105,12862,475,310,80,390,3
2021-03-22,Tulare,107,460477,49144,48074,8364,56438,807
2021-03-22,Tuolumne,109,53932,3905,3954,39,3993,57
2021-03-22,Ventura,111,848112,79570,78890,2821,81711,927
2021-03-22,Yolo,113,214977,13251,13243,166,13409,190
2021-03-22,Yuba,115,75493,5673,5627,92,5719,42
2021-03-21,Alameda,001,1643700,83139,82684,1738,84422,1187
2021-03-21,Alpine,002,1148,84,83,0,83,0
2021-03-21,Amador,005,37829,3530,3519,31,3550,44
2021-03-21,Butte,007,227075,11582,11208,1670,12878,185
2021-03-21,Calaveras,009,45235,1979,1962,11,1973,49
2021-03-21,Colusa,011,21464,1885,1885,270,2155,13
2021-03-21,Contra Costa,013,1133247,65194,64382,1102,65484,740
2021-03-21,Del Norte,015,27424,1135,1076,7,1083,6
2021-03-21,El Dorado,017,186661,9381,9302,610,9912,105
2021-03-21,Fresno,019,978130,99089,98211,8041,106252,1556
2021-03-21,Glenn,021,27897,2325,2288,516,2804,17
2021-03-21,Humboldt,023,135768,3423,3402,24,3426,34
2021-03-21,Imperial,025,180216,27510,27267,2518,29785,699
2021-03-21,Inyo,027,18085,1368,1363,9,1372,35
2021-03-21,Kern,029,883053,95004,93649,10122,103771,1170
2021-03-21,Kings,031,150075,22696,22422,1002,23424,236
2021-03-21,Lake,033,64148,3333,3286,8,3294,43
2021-03-21,Lassen,035,31185,5138,5129,99,5228,1
2021-03-21,Los Angeles,037,10098052,1185893,1175684,38840,1214524,22834
2021-03-21,Madera,039,155013,16023,15895,867,16762,210
2021-03-21,Marin,041,260295,13579,13495,186,13681,220
2021-03-21,Mariposa,043,17540,391,381,5,386,5
2021-03-21,Mendocino,045,87422,3738,3651,74,3725,45
2021-03-21,Merced,047,269075,29484,29446,957,30403,413
2021-03-21,Modoc,049,8938,346,341,118,459,3
2021-03-21,Mono,051,14174,1219,1263,17,1280,3
2021-03-21,Monterey,053,433212,42397,42153,1713,43866,335
2021-03-21,Napa,055,140530,9286,9282,31,9313,77
2021-03-21,Nevada,057,99092,4230,4169,170,4339,89
2021-03-21,Orange,059,3164182,250450,248442,10487,258929,4598
2021-03-21,Placer,061,380077,21341,20520,1190,21710,242
2021-03-21,Plumas,063,18699,666,653,10,663,4
2021-03-21,Riverside,065,2383286,288732,282187,13452,295639,4009
2021-03-21,Sacramento,067,1510023,97759,96269,1349,97618,1489
2021-03-21,San Benito,069,59416,5831,5842,89,5931,61
2021-03-21,San Bernardino,071,2135413,288479,284732,8627,293359,4094
2021-03-21,San Diego,073,3302833,269357,267724,13328,281052,3494
2021-03-21,San Francisco,075,870044,35001,35012,1153,36165,460
2021-03-21,San Joaquin,077,732212,69040,67729,2971,70700,1182
2021-03-21,San Luis Obispo,079,281455,20311,19979,606,20585,250
2021-03-21,San Mateo,081,765935,40429,39988,424,40412,344
2021-03-21,Santa Barbara,083,443738,33123,32743,1064,33807,437
2021-03-21,Santa Clara,085,1922200,113326,113487,623,114110,1840
2021-03-21,Santa Cruz,087,273765,15749,15064,783,15847,199
2021-03-21,Shasta,089,179085,11193,11215,1321,12536,150
2021-03-21,Sierra,091,2930,55,50,12,62,0
2021-03-21,Siskiyou,093,43540,1559,1486,247,1733,5
2021-03-21,Solano,095,438530,30585,30474,393,30867,171
2021-03-21,Sonoma,097,501317,28868,28986,247,29233,310
2021-03-21,Stanislaus,099,539301,52509,52014,5477,57491,677
2021-03-21,Sutter,101,95872,9031,9021,79,9100,104
2021-03-21,Tehama,103,63373,4735,4701,498,5199,45
2021-03-21,Trinity,105,12862,473,310,80,390,3
2021-03-21,Tulare,107,460477,49128,48060,8352,56412,807
2021-03-21,Tuolumne,109,53932,3903,3953,39,3992,57
2021-03-21,Ventura,111,848112,79507,78863,2816,81679,927
2021-03-21,Yolo,113,214977,13229,13235,166,13401,190
2021-03-21,Yuba,115,75493,5663,5624,92,5716,42
2021-03-20,Alameda,001,1643700,83071,82614,1736,84350,1178
2021-03-20,Alpine,002,1148,84,83,0,83,0
2021-03-20,Amador,005,37829,3528,3518,31,3549,44
2021-03-20,Butte,007,227075,11576,11199,1668,12867,185
2021-03-20,Calaveras,009,45235,1975,1961,11,1972,49
2021-03-20,Colusa,011,21464,1885,1883,270,2153,12
2021-03-20,Contra Costa,013,1133247,65134,64313,1102,65415,713
2021-03-20,Del Norte,015,27424,1134,1075,7,1082,6
2021-03-20,El Dorado,017,186661,9375,9290,610,9900,105
2021-03-20,Fresno,019,978130,99029,98112,8034,106146,1532
2021-03-20,Glenn,021,27897,2324,2288,514,2802,17
2021-03-20,Humboldt,023,135768,3416,3399,24,3423,33
2021-03-20,Imperial,025,180216,27504,27239,2516,29755,695
2021-03-20,Inyo,027,18085,1368,1362,9,1371,35
2021-03-20,Kern,029,883053,94975,93606,10118,103724,1155
2021-03-20,Kings,031,150075,22691,22415,1001,23416,236
2021-03-20,Lake,033,64148,3329,3280,8,3288,43
2021-03-20,Lassen,035,31185,5138,5128,99,5227,1
2021-03-20,Los Angeles,037,10098052,1185594,1175290,38816,1214106,22810
2021-03-20,Madera,039,155013,16015,15891,866,16757,210
2021-03-20,Marin,041,260295,13567,13470,182,13652,220
2021-03-20,Mariposa,043,17540,390,381,5,386,5
2021-03-20,Mendocino,045,87422,3737,3639,74,3713,43
2021-03-20,Merced,047,269075,29453,29411,954,30365,412
2021-03-20,Modoc,049,8938,345,341,118,459,3
2021-03-20,Mono,051,14174,1219,1256,17,1273,3
2021-03-20,Monterey,053,433212,42388,42146,1712,43858,334
2021-03-20,Napa,055,140530,9278,9274,31,9305,77
2021-03-20,Nevada,057,99092,4219,4164,169,4333,89
2021-03-20,Orange,059,3164182,250369,248348,10477,258825,4522
2021-03-20,Placer,061,380077,21318,20505,1188,21693,242
2021-03-20,Plumas,063,18699,663,652,10,662,4
2021-03-20,Riverside,065,2383286,288657,282081,13448,295529,4000
2021-03-20,Sacramento,067,1510023,97648,96126,1346,97472,1488
2021-03-20,San Benito,069,59416,5827,5840,89,5929,61
2021-03-20,San Bernardino,071,2135413,288413,284690,8623,293313,3965
2021-03-20,San Diego,073,3302833,269186,267532,13321,280853,3493
2021-03-20,San Francisco,075,870044,34978,34968,1146,36114,453
2021-03-20,San Joaquin,077,732212,68999,67662,2964,70626,1161
2021-03-20,San Luis Obispo,079,281455,20295,19951,600,20551,250
2021-03-20,San Mateo,081,765935,40395,39958,423,40381,344
2021-03-20,Santa Barbara,083,443738,33098,32723,1063,33786,434
2021-03-20,Santa Clara,085,1922200,113234,113384,622,114006,1799
2021-03-20,Santa Cruz,087,273765,15733,15053,783,15836,199
2021-03-20,Shasta,089,179085,11187,11211,1321,12532,147
2021-03-20,Sierra,091,2930,55,50,12,62,0
2021-03-20,Siskiyou,093,43540,1559,1483,247,1730,5
2021-03-20,Solano,095,438530,30555,30439,393,30832,170
2021-03-20,Sonoma,097,501317,28853,28962,247,29209,309
2021-03-20,Stanislaus,099,539301,52453,51925,5470,57395,673
2021-03-20,Sutter,101,95872,9023,9014,79,9093,103
2021-03-20,Tehama,103,63373,4730,4696,496,5192,33
2021-03-20,Trinity,105,12862,472,310,80,390,3
2021-03-20,Tulare,107,460477,49113,48030,8335,56365,804
2021-03-20,Tuolumne,109,53932,3900,3950,39,3989,57
2021-03-20,Ventura,111,848112,79472,78818,2814,81632,922
2021-03-20,Yolo,113,214977,13226,13226,166,13392,190
2021-03-20,Yuba,115,75493,5660,5621,91,5712,42
2021-03-19,Alameda,001,1643700,82999,82499,1735,84234,1187
2021-03-19,Alpine,002,1148,83,82,0,82,0
2021-03-19,Amador,005,37829,3525,3515,31,3546,44
2021-03-19,Butte,007,227075,11568,11191,1665,12856,185
2021-03-19,Calaveras,009,45235,1974,1957,11,1968,49
2021-03-19,Colusa,011,21464,1884,1883,270,2153,12
2021-03-19,Contra Costa,013,1133247,65075,64195,1099,65294,737
2021-03-19,Del Norte,015,27424,1128,1071,5,1076,6
2021-03-19,El Dorado,017,186661,9366,9274,610,9884,105
2021-03-19,Fresno,019,978130,98946,97969,8021,105990,1527
2021-03-19,Glenn,021,27897,2324,2282,514,2796,17
2021-03-19,Humboldt,023,135768,3407,3388,24,3412,33
2021-03-19,Imperial,025,180216,27492,27218,2513,29731,695
2021-03-19,Inyo,027,18085,1366,1356,9,1365,35
2021-03-19,Kern,029,883053,94942,93534,10105,103639,1152
2021-03-19,Kings,031,150075,22682,22369,998,23367,235
2021-03-19,Lake,033,64148,3323,3262,8,3270,43
2021-03-19,Lassen,035,31185,5138,5126,99,5225,1
2021-03-19,Los Angeles,037,10098052,1185254,1174818,38799,1213617,22752
2021-03-19,Madera,039,155013,16008,15877,865,16742,210
2021-03-19,Marin,041,260295,13555,13441,182,13623,220
2021-03-19,Mariposa,043,17540,389,380,5,385,5
2021-03-19,Mendocino,045,87422,3736,3639,74,3713,45
2021-03-19,Merced,047,269075,29426,29376,952,30328,412
2021-03-19,Modoc,049,8938,345,341,118,459,3
2021-03-19,Mono,051,14174,1217,1244,17,1261,3
2021-03-19,Monterey,053,433212,42379,42125,1710,43835,335
2021-03-19,Napa,055,140530,9266,9256,31,9287,77
2021-03-19,Nevada,057,99092,4208,4156,169,4325,88
2021-03-19,Orange,059,3164182,250269,248146,10468,258614,4501
2021-03-19,Placer,061,380077,21300,20451,1186,21637,242
2021-03-19,Plumas,063,18699,663,650,10,660,4
2021-03-19,Riverside,065,2383286,288574,281937,13443,295380,3989
2021-03-19,Sacramento,067,1510023,97545,95934,1343,97277,1486
2021-03-19,San Benito,069,59416,5827,5845,89,5934,61
2021-03-19,San Bernardino,071,2135413,288342,284501,8621,293122,4017
2021-03-19,San Diego,073,3302833,269051,267173,13311,280484,3491
2021-03-19,San Francisco,075,870044,34933,34936,1143,36079,461
2021-03-19,San Joaquin,077,732212,68929,67515,2950,70465,1180
2021-03-19,San Luis Obispo,079,281455,20275,19913,598,20511,249
2021-03-19,San Mateo,081,765935,40371,39893,423,40316,344
2021-03-19,Santa Barbara,083,443738,33068,32685,1062,33747,435
2021-03-19,Santa Clara,085,1922200,113159,113232,621,113853,1797
2021-03-19,Santa Cruz,087,273765,15726,15026,783,15809,199
2021-03-19,Shasta,089,179085,11180,11104,1319,12423,103
2021-03-19,Sierra,091,2930,54,49,12,61,0
2021-03-19,Siskiyou,093,43540,1559,1480,246,1726,5
2021-03-19,Solano,095,438530,30525,30395,391,30786,172
2021-03-19,Sonoma,097,501317,28832,28932,245,29177,292
2021-03-19,Stanislaus,099,539301,52395,51755,5467,57222,679
2021-03-19,Sutter,101,95872,9021,9005,79,9084,103
2021-03-19,Tehama,103,63373,4723,4685,496,5181,33
2021-03-19,Trinity,105,12862,472,310,80,390,3
2021-03-19,Tulare,107,460477,49090,47989,8312,56301,805
2021-03-19,Tuolumne,109,53932,3897,3946,39,3985,57
2021-03-19,Ventura,111,848112,79439,78753,2810,81563,920
2021-03-19,Yolo,113,214977,13218,13197,166,13363,189
2021-03-19,Yuba,115,75493,5657,5615,90,5705,42
2021-03-18,Alameda,001,1643700,82918,82419,1732,84151,1189
2021-03-18,Alpine,002,1148,83,82,0,82,0
2021-03-18,Amador,005,37829,3521,3513,31,3544,44
2021-03-18,Butte,007,227075,11557,11179,1663,12842,185
2021-03-18,Calaveras,009,45235,1972,1954,11,1965,49
2021-03-18,Colusa,011,21464,1884,1882,270,2152,12
2021-03-18,Contra Costa,013,1133247,65002,64103,1096,65199,739
2021-03-18,Del Norte,015,27424,1119,1059,5,1064,6
2021-03-18,El Dorado,017,186661,9353,9261,609,9870,105
2021-03-18,Fresno,019,978130,98849,97856,8006,105862,1527
2021-03-18,Glenn,021,27897,2320,2275,513,2788,17
2021-03-18,Humboldt,023,135768,3399,3381,24,3405,34
2021-03-18,Imperial,025,180216,27477,27190,2508,29698,695
2021-03-18,Inyo,027,18085,1363,1354,9,1363,35
2021-03-18,Kern,029,883053,94885,93458,10091,103549,1158
2021-03-18,Kings,031,150075,22675,22354,997,23351,235
2021-03-18,Lake,033,64148,3320,3260,8,3268,43
2021-03-18,Lassen,035,31185,5137,5126,99,5225,1
2021-03-18,Los Angeles,037,10098052,1184821,1174205,38771,1212976,22689
2021-03-18,Madera,039,155013,15996,15860,862,16722,211
2021-03-18,Marin,041,260295,13537,13435,181,13616,219
2021-03-18,Mariposa,043,17540,387,380,5,385,5
2021-03-18,Mendocino,045,87422,3726,3630,74,3704,45
2021-03-18,Merced,047,269075,29391,29317,952,30269,410
2021-03-18,Modoc,049,8938,345,341,118,459,3
2021-03-18,Mono,051,14174,1213,1215,16,1231,3
2021-03-18,Monterey,053,433212,42367,42105,1710,43815,335
2021-03-18,Napa,055,140530,9257,9243,31,9274,77
2021-03-18,Nevada,057,99092,4201,4154,169,4323,74
2021-03-18,Orange,059,3164182,250166,248050,10456,258506,4514
2021-03-18,Placer,061,380077,21268,20421,1183,21604,243
2021-03-18,Plumas,063,18699,661,648,10,658,4
2021-03-18,Riverside,065,2383286,288493,281789,13436,295225,3957
2021-03-18,Sacramento,067,1510023,97397,95819,1339,97158,1481
2021-03-18,San Benito,069,59416,5825,5842,89,5931,61
2021-03-18,San Bernardino,071,2135413,288259,284294,8591,292885,4076
2021-03-18,San Diego,073,3302833,268898,266752,13301,280053,3478
2021-03-18,San Francisco,075,870044,34894,34904,1142,36046,461
2021-03-18,San Joaquin,077,732212,68829,67301,2938,70239,1169
2021-03-18,San Luis Obispo,079,281455,20246,19894,597,20491,249
2021-03-18,San Mateo,081,765935,40330,39874,423,40297,344
2021-03-18,Santa Barbara,083,443738,33027,32640,1062,33702,434
2021-03-18,Santa Clara,085,1922200,113042,113119,617,113736,1808
2021-03-18,Santa Cruz,087,273765,15716,14998,783,15781,198
2021-03-18,Shasta,089,179085,11166,11059,1317,12376,100
2021-03-18,Sierra,091,2930,54,49,12,61,0
2021-03-18,Siskiyou,093,43540,1556,1480,245,1725,5
2021-03-18,Solano,095,438530,30483,30352,388,30740,172
2021-03-18,Sonoma,097,501317,28811,28915,243,29158,292
2021-03-18,Stanislaus,099,539301,52323,51615,5463,57078,682
2021-03-18,Sutter,101,95872,9009,8999,79,9078,103
2021-03-18,Tehama,103,63373,4717,4683,495,5178,35
2021-03-18,Trinity,105,12862,472,310,80,390,3
2021-03-18,Tulare,107,460477,49071,47964,8297,56261,805
2021-03-18,Tuolumne,109,53932,3896,3942,39,3981,57
2021-03-18,Ventura,111,848112,79379,78697,2810,81507,918
2021-03-18,Yolo,113,214977,13204,13183,166,13349,191
2021-03-18,Yuba,115,75493,5653,5612,90,5702,42
2021-03-17,Alameda,001,1643700,82842,82353,1727,84080,1185
2021-03-17,Alpine,002,1148,83,82,0,82,0
2021-03-17,Amador,005,37829,3519,3511,31,3542,44
2021-03-17,Butte,007,227075,11548,11170,1661,12831,185
2021-03-17,Calaveras,009,45235,1969,1946,11,1957,49
2021-03-17,Colusa,011,21464,1883,1882,270,2152,12
2021-03-17,Contra Costa,013,1133247,64933,64026,1095,65121,737
2021-03-17,Del Norte,015,27424,1115,1053,5,1058,6
2021-03-17,El Dorado,017,186661,9343,9252,609,9861,105
2021-03-17,Fresno,019,978130,98738,97727,7988,105715,1507
2021-03-17,Glenn,021,27897,2313,2269,512,2781,17
2021-03-17,Humboldt,023,135768,3391,3365,24,3389,33
2021-03-17,Imperial,025,180216,27460,27168,2505,29673,691
2021-03-17,Inyo,027,18085,1361,1351,9,1360,35
2021-03-17,Kern,029,883053,94829,93392,10078,103470,1149
2021-03-17,Kings,031,150075,22659,22336,996,23332,233
2021-03-17,Lake,033,64148,3313,3251,8,3259,43
2021-03-17,Lassen,035,31185,5136,5125,99,5224,1
2021-03-17,Los Angeles,037,10098052,1184367,1173416,38738,1212154,22602
2021-03-17,Madera,039,155013,15989,15835,862,16697,214
2021-03-17,Marin,041,260295,13520,13428,180,13608,218
2021-03-17,Mariposa,043,17540,387,379,5,384,5
2021-03-17,Mendocino,045,87422,3722,3625,74,3699,44
2021-03-17,Merced,047,269075,29363,29250,948,30198,408
2021-03-17,Modoc,049,8938,345,341,118,459,3
2021-03-17,Mono,051,14174,1211,1212,16,1228,3
2021-03-17,Monterey,053,433212,42349,42061,1707,43768,334
2021-03-17,Napa,055,140530,9242,9219,31,9250,76
2021-03-17,Nevada,057,99092,4191,4145,169,4314,74
2021-03-17,Orange,059,3164182,250048,247943,10428,258371,4502
2021-03-17,Placer,061,380077,21240,20369,1182,21551,243
2021-03-17,Plumas,063,18699,660,645,10,655,4
2021-03-17,Riverside,065,2383286,288378,281649,13428,295077,3925
2021-03-17,Sacramento,067,1510023,97269,95650,1334,96984,1477
2021-03-17,San Benito,069,59416,5822,5841,89,5930,61
2021-03-17,San Bernardino,071,2135413,288142,284170,8586,292756,4049
2021-03-17,San Diego,073,3302833,268687,266313,13283,279596,3470
2021-03-17,San Francisco,075,870044,34859,34873,1141,36014,457
2021-03-17,San Joaquin,077,732212,68744,67093,2922,70015,1164
2021-03-17,San Luis Obispo,079,281455,20223,19858,593,20451,249
2021-03-17,San Mateo,081,765935,40300,39838,422,40260,344
2021-03-17,Santa Barbara,083,443738,33005,32585,1061,33646,433
2021-03-17,Santa Clara,085,1922200,112949,112983,616,113599,1805
2021-03-17,Santa Cruz,087,273765,15708,14967,783,15750,199
2021-03-17,Shasta,089,179085,11161,11045,1314,12359,100
2021-03-17,Sierra,091,2930,54,49,12,61,0
2021-03-17,Siskiyou,093,43540,1555,1479,244,1723,5
2021-03-17,Solano,095,438530,30457,30320,386,30706,171
2021-03-17,Sonoma,097,501317,28787,28877,242,29119,292
2021-03-17,Stanislaus,099,539301,52248,51524,5456,56980,682
2021-03-17,Sutter,101,95872,8999,8982,79,9061,103
2021-03-17,Tehama,103,63373,4712,4670,495,5165,34
2021-03-17,Trinity,105,12862,472,308,80,388,3
2021-03-17,Tulare,107,460477,49051,47929,8287,56216,805
2021-03-17,Tuolumne,109,53932,3893,3938,39,3977,57
2021-03-17,Ventura,111,848112,79323,78648,2807,81455,916
2021-03-17,Yolo,113,214977,13187,13169,166,13335,190
2021-03-17,Yuba,115,75493,5650,5603,90,5693,42
2021-03-16,Alameda,001,1643700,82731,82259,1725,83984,1177
2021-03-16,Alpine,002,1148,83,82,0,82,0
2021-03-16,Amador,005,37829,3517,3510,31,3541,44
2021-03-16,Butte,007,227075,11536,11154,1660,12814,184
2021-03-16,Calaveras,009,45235,1964,1945,11,1956,49
2021-03-16,Colusa,011,21464,1882,1882,270,2152,12
2021-03-16,Contra Costa,013,1133247,64850,63951,1092,65043,736
2021-03-16,Del Norte,015,27424,1107,1048,5,1053,6
2021-03-16,El Dorado,017,186661,9328,9249,609,9858,105
2021-03-16,Fresno,019,978130,98600,97638,7968,105606,1498
2021-03-16,Glenn,021,27897,2305,2267,508,2775,17
2021-03-16,Humboldt,023,135768,3387,3351,24,3375,33
2021-03-16,Imperial,025,180216,27449,27143,2502,29645,689
2021-03-16,Inyo,027,18085,1360,1346,9,1355,35
2021-03-16,Kern,029,883053,94763,93340,10063,103403,1144
2021-03-16,Kings,031,150075,22623,22320,995,23315,233
2021-03-16,Lake,033,64148,3305,3246,8,3254,43
2021-03-16,Lassen,035,31185,5135,5126,99,5225,1
2021-03-16,Los Angeles,037,10098052,1183835,1172676,38700,1211376,22527
2021-03-16,Madera,039,155013,15973,15822,860,16682,214
2021-03-16,Marin,041,260295,13502,13419,180,13599,218
2021-03-16,Mariposa,043,17540,384,379,5,384,5
2021-03-16,Mendocino,045,87422,3717,3623,74,3697,44
2021-03-16,Merced,047,269075,29310,29198,947,30145,407
2021-03-16,Modoc,049,8938,345,341,118,459,3
2021-03-16,Mono,051,14174,1210,1207,16,1223,3
2021-03-16,Monterey,053,433212,42330,42023,1707,43730,334
2021-03-16,Napa,055,140530,9232,9209,31,9240,75
2021-03-16,Nevada,057,99092,4182,4132,168,4300,67
2021-03-16,Orange,059,3164182,249909,247843,10409,258252,4479
2021-03-16,Placer,061,380077,21208,20339,1178,21517,240
2021-03-16,Plumas,063,18699,659,643,10,653,4
2021-03-16,Riverside,065,2383286,288264,281540,13416,294956,3893
2021-03-16,Sacramento,067,1510023,97126,95522,1330,96852,1466
2021-03-16,San Benito,069,59416,5817,5831,89,5920,61
2021-03-16,San Bernardino,071,2135413,288012,283980,8579,292559,4032
2021-03-16,San Diego,073,3302833,268455,265903,13270,279173,3462
2021-03-16,San Francisco,075,870044,34830,34833,1136,35969,456
2021-03-16,San Joaquin,077,732212,68642,66856,2910,69766,1163
2021-03-16,San Luis Obispo,079,281455,20193,19832,591,20423,248
2021-03-16,San Mateo,081,765935,40266,39806,420,40226,344
2021-03-16,Santa Barbara,083,443738,32973,32556,1060,33616,433
2021-03-16,Santa Clara,085,1922200,112831,112845,613,113458,1797
2021-03-16,Santa Cruz,087,273765,15702,14926,783,15709,199
2021-03-16,Shasta,089,179085,11145,11035,1312,12347,100
2021-03-16,Sierra,091,2930,53,49,12,61,0
2021-03-16,Siskiyou,093,43540,1552,1477,244,1721,5
2021-03-16,Solano,095,438530,30423,30298,384,30682,171
2021-03-16,Sonoma,097,501317,28754,28850,240,29090,291
2021-03-16,Stanislaus,099,539301,52168,51410,5449,56859,683
2021-03-16,Sutter,101,95872,8991,8970,79,9049,102
2021-03-16,Tehama,103,63373,4709,4660,494,5154,34
2021-03-16,Trinity,105,12862,472,308,79,387,3
2021-03-16,Tulare,107,460477,49003,47895,8279,56174,803
2021-03-16,Tuolumne,109,53932,3890,3938,39,3977,57
2021-03-16,Ventura,111,848112,79257,78671,2800,81471,916
2021-03-16,Yolo,113,214977,13172,13162,166,13328,190
2021-03-16,Yuba,115,75493,5647,5596,89,5685,42
2021-03-15,Alameda,001,1643700,82642,82159,1725,83884,1167
2021-03-15,Alpine,002,1148,83,82,0,82,0
2021-03-15,Amador,005,37829,3516,3506,31,3537,44
2021-03-15,Butte,007,227075,11523,11141,1656,12797,185
2021-03-15,Calaveras,009,45235,1963,1941,11,1952,49
2021-03-15,Colusa,011,21464,1882,1883,270,2153,12
2021-03-15,Contra Costa,013,1133247,64788,63847,1091,64938,732
2021-03-15,Del Norte,015,27424,1104,1048,5,1053,6
2021-03-15,El Dorado,017,186661,9322,9235,609,9844,103
2021-03-15,Fresno,019,978130,98473,97520,7953,105473,1496
2021-03-15,Glenn,021,27897,2300,2261,505,2766,15
2021-03-15,Humboldt,023,135768,3381,3337,24,3361,32
2021-03-15,Imperial,025,180216,27429,27122,2499,29621,684
2021-03-15,Inyo,027,18085,1360,1346,9,1355,35
2021-03-15,Kern,029,883053,94703,93266,10056,103322,1141
2021-03-15,Kings,031,150075,22606,22294,989,23283,233
2021-03-15,Lake,033,64148,3293,3237,8,3245,43
2021-03-15,Lassen,035,31185,5135,5125,99,5224,1
2021-03-15,Los Angeles,037,10098052,1183262,1172445,38669,1211114,22477
2021-03-15,Madera,039,155013,15962,15806,858,16664,214
2021-03-15,Marin,041,260295,13496,13408,179,13587,218
2021-03-15,Mariposa,043,17540,384,376,5,381,5
2021-03-15,Mendocino,045,87422,3713,3615,74,3689,44
2021-03-15,Merced,047,269075,29272,29169,945,30114,407
2021-03-15,Modoc,049,8938,345,340,118,458,3
2021-03-15,Mono,051,14174,1209,1206,16,1222,3
2021-03-15,Monterey,053,433212,42301,42011,1704,43715,333
2021-03-15,Napa,055,140530,9221,9196,31,9227,75
2021-03-15,Nevada,057,99092,4177,4123,167,4290,66
2021-03-15,Orange,059,3164182,249796,247697,10390,258087,4481
2021-03-15,Placer,061,380077,21185,20308,1178,21486,238
2021-03-15,Plumas,063,18699,659,642,10,652,4
2021-03-15,Riverside,065,2383286,288112,281367,13406,294773,3856
2021-03-15,Sacramento,067,1510023,96973,95414,1324,96738,1463
2021-03-15,San Benito,069,59416,5814,5831,89,5920,61
2021-03-15,San Bernardino,071,2135413,287921,283815,8571,292386,4004
2021-03-15,San Diego,073,3302833,268206,265646,13254,278900,3452
2021-03-15,San Francisco,075,870044,34795,34820,1132,35952,456
2021-03-15,San Joaquin,077,732212,68539,66622,2898,69520,1140
2021-03-15,San Luis Obispo,079,281455,20162,19813,587,20400,247
2021-03-15,San Mateo,081,765935,40212,39765,420,40185,344
2021-03-15,Santa Barbara,083,443738,32950,32529,1057,33586,431
2021-03-15,Santa Clara,085,1922200,112730,112729,611,113340,1798
2021-03-15,Santa Cruz,087,273765,15696,14899,782,15681,200
2021-03-15,Shasta,089,179085,11129,11019,1307,12326,92
2021-03-15,Sierra,091,2930,53,49,12,61,0
2021-03-15,Siskiyou,093,43540,1552,1475,244,1719,5
2021-03-15,Solano,095,438530,30394,30258,383,30641,171
2021-03-15,Sonoma,097,501317,28736,28814,237,29051,285
2021-03-15,Stanislaus,099,539301,52089,51357,5442,56799,683
2021-03-15,Sutter,101,95872,8985,8962,79,9041,102
2021-03-15,Tehama,103,63373,4694,4650,493,5143,34
2021-03-15,Trinity,105,12862,472,308,79,387,3
2021-03-15,Tulare,107,460477,48973,47857,8264,56121,800
2021-03-15,Tuolumne,109,53932,3888,3937,38,3975,57
2021-03-15,Ventura,111,848112,79201,78626,2799,81425,910
2021-03-15,Yolo,113,214977,13153,13131,166,13297,190
2021-03-15,Yuba,115,75493,5642,5585,88,5673,42
2021-03-14,Alameda,001,1643700,82557,82116,1722,83838,1168
2021-03-14,Alpine,002,1148,83,82,0,82,0
2021-03-14,Amador,005,37829,3511,3504,31,3535,44
2021-03-14,Butte,007,227075,11510,11140,1652,12792,185
2021-03-14,Calaveras,009,45235,1959,1939,11,1950,49
2021-03-14,Colusa,011,21464,1882,1883,270,2153,12
2021-03-14,Contra Costa,013,1133247,64684,63808,1090,64898,731
2021-03-14,Del Norte,015,27424,1090,1048,5,1053,6
2021-03-14,El Dorado,017,186661,9312,9231,609,9840,103
2021-03-14,Fresno,019,978130,98365,97461,7935,105396,1496
2021-03-14,Glenn,021,27897,2295,2260,502,2762,15
2021-03-14,Humboldt,023,135768,3367,3335,24,3359,32
2021-03-14,Imperial,025,180216,27414,27122,2494,29616,685
2021-03-14,Inyo,027,18085,1356,1346,9,1355,35
2021-03-14,Kern,029,883053,94620,93252,10038,103290,1141
2021-03-14,Kings,031,150075,22587,22292,987,23279,232
2021-03-14,Lake,033,64148,3288,3237,8,3245,43
2021-03-14,Lassen,035,31185,5133,5125,99,5224,1
2021-03-14,Los Angeles,037,10098052,1182685,1172100,38639,1210739,22476
2021-03-14,Madera,039,155013,15937,15804,858,16662,214
2021-03-14,Marin,041,260295,13480,13405,177,13582,218
2021-03-14,Mariposa,043,17540,382,376,5,381,5
2021-03-14,Mendocino,045,87422,3708,3613,74,3687,44
2021-03-14,Merced,047,269075,29204,29149,941,30090,407
2021-03-14,Modoc,049,8938,345,340,118,458,3
2021-03-14,Mono,051,14174,1203,1206,16,1222,3
2021-03-14,Monterey,053,433212,42277,42007,1701,43708,333
2021-03-14,Napa,055,140530,9203,9194,31,9225,75
2021-03-14,Nevada,057,99092,4171,4122,165,4287,66
2021-03-14,Orange,059,3164182,249664,247656,10371,258027,4460
2021-03-14,Placer,061,380077,21150,20288,1170,21458,238
2021-03-14,Plumas,063,18699,657,642,10,652,4
2021-03-14,Riverside,065,2383286,287954,281332,13398,294730,3845
2021-03-14,Sacramento,067,1510023,96795,95343,1319,96662,1462
2021-03-14,San Benito,069,59416,5805,5829,89,5918,61
2021-03-14,San Bernardino,071,2135413,287798,283791,8560,292351,3996
2021-03-14,San Diego,073,3302833,267971,265468,13241,278709,3452
2021-03-14,San Francisco,075,870044,34756,34810,1129,35939,455
2021-03-14,San Joaquin,077,732212,68411,66563,2881,69444,1140
2021-03-14,San Luis Obispo,079,281455,20134,19806,585,20391,247
2021-03-14,San Mateo,081,765935,40173,39744,420,40164,342
2021-03-14,Santa Barbara,083,443738,32906,32514,1055,33569,431
2021-03-14,Santa Clara,085,1922200,112602,112648,610,113258,1796
2021-03-14,Santa Cruz,087,273765,15680,14887,780,15667,200
2021-03-14,Shasta,089,179085,11113,11019,1300,12319,92
2021-03-14,Sierra,091,2930,53,49,12,61,0
2021-03-14,Siskiyou,093,43540,1549,1473,244,1717,5
2021-03-14,Solano,095,438530,30362,30230,378,30608,171
2021-03-14,Sonoma,097,501317,28701,28798,233,29031,284
2021-03-14,Stanislaus,099,539301,51969,51306,5434,56740,690
2021-03-14,Sutter,101,95872,8969,8958,79,9037,102
2021-03-14,Tehama,103,63373,4687,4650,492,5142,34
2021-03-14,Trinity,105,12862,471,308,78,386,3
2021-03-14,Tulare,107,460477,48940,47845,8243,56088,800
2021-03-14,Tuolumne,109,53932,3886,3937,38,3975,57
2021-03-14,Ventura,111,848112,79153,78611,2793,81404,910
2021-03-14,Yolo,113,214977,13130,13128,163,13291,189
2021-03-14,Yuba,115,75493,5632,5583,88,5671,42
2021-03-13,Alameda,001,1643700,82497,82010,1722,83732,1168
2021-03-13,Alpine,002,1148,83,82,0,82,0
2021-03-13,Amador,005,37829,3508,3504,31,3535,44
2021-03-13,Butte,007,227075,11501,11131,1651,12782,185
2021-03-13,Calaveras,009,45235,1958,1939,11,1950,49
2021-03-13,Colusa,011,21464,1882,1882,270,2152,12
2021-03-13,Contra Costa,013,1133247,64623,63689,1090,64779,731
2021-03-13,Del Norte,015,27424,1086,1041,5,1046,6
2021-03-13,El Dorado,017,186661,9304,9221,609,9830,103
2021-03-13,Fresno,019,978130,98306,97324,7915,105239,1495
2021-03-13,Glenn,021,27897,2294,2260,501,2761,15
2021-03-13,Humboldt,023,135768,3360,3325,24,3349,32
2021-03-13,Imperial,025,180216,27408,27099,2490,29589,677
2021-03-13,Inyo,027,18085,1355,1344,9,1353,35
2021-03-13,Kern,029,883053,94581,93197,10032,103229,1140
2021-03-13,Kings,031,150075,22571,22265,986,23251,232
2021-03-13,Lake,033,64148,3281,3234,7,3241,43
2021-03-13,Lassen,035,31185,5133,5125,99,5224,1
2021-03-13,Los Angeles,037,10098052,1182367,1171505,38597,1210102,22451
2021-03-13,Madera,039,155013,15925,15780,858,16638,214
2021-03-13,Marin,041,260295,13474,13391,175,13566,218
2021-03-13,Mariposa,043,17540,381,376,5,381,5
2021-03-13,Mendocino,045,87422,3704,3611,74,3685,44
2021-03-13,Merced,047,269075,29173,29106,941,30047,406
2021-03-13,Modoc,049,8938,345,340,117,457,3
2021-03-13,Mono,051,14174,1203,1207,16,1223,3
2021-03-13,Monterey,053,433212,42267,41989,1699,43688,332
2021-03-13,Napa,055,140530,9197,9190,31,9221,75
2021-03-13,Nevada,057,99092,4164,4111,164,4275,66
2021-03-13,Orange,059,3164182,249583,247514,10355,257869,4423
2021-03-13,Placer,061,380077,21129,20238,1167,21405,239
2021-03-13,Plumas,063,18699,655,642,10,652,4
2021-03-13,Riverside,065,2383286,287862,281191,13390,294581,3848
2021-03-13,Sacramento,067,1510023,96708,95192,1317,96509,1461
2021-03-13,San Benito,069,59416,5802,5823,89,5912,61
2021-03-13,San Bernardino,071,2135413,287744,283727,8554,292281,3972
2021-03-13,San Diego,073,3302833,267816,265270,13227,278497,3444
2021-03-13,San Francisco,075,870044,34739,34784,1120,35904,455
2021-03-13,San Joaquin,077,732212,68355,66480,2859,69339,1141
2021-03-13,San Luis Obispo,079,281455,20116,19789,584,20373,247
2021-03-13,San Mateo,081,765935,40146,39689,419,40108,341
2021-03-13,Santa Barbara,083,443738,32881,32486,1054,33540,431
2021-03-13,Santa Clara,085,1922200,112517,112531,609,113140,1790
2021-03-13,Santa Cruz,087,273765,15673,14875,780,15655,199
2021-03-13,Shasta,089,179085,11105,11021,1297,12318,108
2021-03-13,Sierra,091,2930,52,49,12,61,0
2021-03-13,Siskiyou,093,43540,1547,1470,244,1714,5
2021-03-13,Solano,095,438530,30345,30198,378,30576,171
2021-03-13,Sonoma,097,501317,28681,28762,229,28991,285
2021-03-13,Stanislaus,099,539301,51918,51257,5430,56687,695
2021-03-13,Sutter,101,95872,8962,8948,79,9027,102
2021-03-13,Tehama,103,63373,4685,4647,492,5139,33
2021-03-13,Trinity,105,12862,471,306,78,384,3
2021-03-13,Tulare,107,460477,48914,47818,8235,56053,798
2021-03-13,Tuolumne,109,53932,3883,3937,38,3975,57
2021-03-13,Ventura,111,848112,79101,78693,2793,81486,906
2021-03-13,Yolo,113,214977,13121,13087,163,13250,189
2021-03-13,Yuba,115,75493,5631,5577,88,5665,42
2021-03-12,Alameda,001,1643700,82420,81898,1721,83619,1164
2021-03-12,Alpine,002,1148,83,82,0,82,0
2021-03-12,Amador,005,37829,3505,3503,31,3534,44
2021-03-12,Butte,007,227075,11491,11126,1649,12775,184
2021-03-12,Calaveras,009,45235,1958,1916,11,1927,49
2021-03-12,Colusa,011,21464,1882,1883,270,2153,12
2021-03-12,Contra Costa,013,1133247,64547,63583,1090,64673,728
2021-03-12,Del Norte,015,27424,1080,1033,5,1038,6
2021-03-12,El Dorado,017,186661,9295,9219,609,9828,103
2021-03-12,Fresno,019,978130,98209,97185,7904,105089,1489
2021-03-12,Glenn,021,27897,2293,2258,500,2758,15
2021-03-12,Humboldt,023,135768,3355,3315,24,3339,32
2021-03-12,Imperial,025,180216,27397,27071,2488,29559,677
2021-03-12,Inyo,027,18085,1353,1339,9,1348,35
2021-03-12,Kern,029,883053,94547,93142,10016,103158,1132
2021-03-12,Kings,031,150075,22552,22233,986,23219,232
2021-03-12,Lake,033,64148,3275,3226,6,3232,43
2021-03-12,Lassen,035,31185,5133,5125,98,5223,1
2021-03-12,Los Angeles,037,10098052,1181972,1170860,38580,1209440,22409
2021-03-12,Madera,039,155013,15913,15761,855,16616,214
2021-03-12,Marin,041,260295,13467,13375,175,13550,218
2021-03-12,Mariposa,043,17540,379,376,5,381,5
2021-03-12,Mendocino,045,87422,3701,3605,74,3679,43
2021-03-12,Merced,047,269075,29142,29064,941,30005,403
2021-03-12,Modoc,049,8938,345,340,117,457,3
2021-03-12,Mono,051,14174,1202,1206,16,1222,3
2021-03-12,Monterey,053,433212,42253,41964,1694,43658,329
2021-03-12,Napa,055,140530,9188,9180,31,9211,75
2021-03-12,Nevada,057,99092,4154,4101,164,4265,66
2021-03-12,Orange,059,3164182,249491,247388,10344,257732,4401
2021-03-12,Placer,061,380077,21096,20210,1162,21372,239
2021-03-12,Plumas,063,18699,654,641,10,651,4
2021-03-12,Riverside,065,2383286,287763,281037,13383,294420,3854
2021-03-12,Sacramento,067,1510023,96584,95061,1311,96372,1460
2021-03-12,San Benito,069,59416,5799,5817,89,5906,61
2021-03-12,San Bernardino,071,2135413,287688,283558,8549,292107,3917
2021-03-12,San Diego,073,3302833,267653,264886,13219,278105,3434
2021-03-12,San Francisco,075,870044,34718,34758,1117,35875,452
2021-03-12,San Joaquin,077,732212,68284,66482,2850,69332,1144
2021-03-12,San Luis Obispo,079,281455,20103,19769,582,20351,247
2021-03-12,San Mateo,081,765935,40110,39638,417,40055,341
2021-03-12,Santa Barbara,083,443738,32858,32457,1051,33508,429
2021-03-12,Santa Clara,085,1922200,112422,112396,608,113004,1766
2021-03-12,Santa Cruz,087,273765,15661,14846,778,15624,195
2021-03-12,Shasta,089,179085,11096,11143,1295,12438,153
2021-03-12,Sierra,091,2930,52,49,12,61,0
2021-03-12,Siskiyou,093,43540,1547,1468,243,1711,5
2021-03-12,Solano,095,438530,30326,30180,377,30557,171
2021-03-12,Sonoma,097,501317,28654,28714,229,28943,285
2021-03-12,Stanislaus,099,539301,51859,51146,5424,56570,701
2021-03-12,Sutter,101,95872,8956,8940,79,9019,101
2021-03-12,Tehama,103,63373,4681,4638,491,5129,33
2021-03-12,Trinity,105,12862,470,306,78,384,3
2021-03-12,Tulare,107,460477,48889,47772,8229,56001,798
2021-03-12,Tuolumne,109,53932,3882,3936,38,3974,57
2021-03-12,Ventura,111,848112,79055,78698,2789,81487,899
2021-03-12,Yolo,113,214977,13111,13061,156,13217,189
2021-03-12,Yuba,115,75493,5624,5563,87,5650,42
2021-03-11,Alameda,001,1643700,82329,81809,1716,83525,1164
2021-03-11,Alpine,002,1148,83,78,0,78,0
2021-03-11,Amador,005,37829,3504,3498,31,3529,42
2021-03-11,Butte,007,227075,11480,11110,1647,12757,185
2021-03-11,Calaveras,009,45235,1955,1915,11,1926,49
2021-03-11,Colusa,011,21464,1882,1883,270,2153,12
2021-03-11,Contra Costa,013,1133247,64474,63469,1088,64557,728
2021-03-11,Del Norte,015,27424,1075,1027,5,1032,6
2021-03-11,El Dorado,017,186661,9281,9211,609,9820,101
2021-03-11,Fresno,019,978130,98093,97026,7875,104901,1481
2021-03-11,Glenn,021,27897,2290,2255,500,2755,15
2021-03-11,Humboldt,023,135768,3338,3302,24,3326,32
2021-03-11,Imperial,025,180216,27389,27045,2485,29530,675
2021-03-11,Inyo,027,18085,1348,1335,9,1344,35
2021-03-11,Kern,029,883053,94491,93052,9977,103029,1121
2021-03-11,Kings,031,150075,22537,22183,983,23166,230
2021-03-11,Lake,033,64148,3271,3214,6,3220,42
2021-03-11,Lassen,035,31185,5132,5124,98,5222,1
2021-03-11,Los Angeles,037,10098052,1181439,1170111,38549,1208660,22316
2021-03-11,Madera,039,155013,15902,15725,853,16578,214
2021-03-11,Marin,041,260295,13455,13356,174,13530,217
2021-03-11,Mariposa,043,17540,379,376,5,381,5
2021-03-11,Mendocino,045,87422,3694,3604,74,3678,42
2021-03-11,Merced,047,269075,29094,29001,940,29941,401
2021-03-11,Modoc,049,8938,345,340,117,457,3
2021-03-11,Mono,051,14174,1201,1206,16,1222,3
2021-03-11,Monterey,053,433212,42230,41936,1688,43624,329
2021-03-11,Napa,055,140530,9175,9173,31,9204,75
2021-03-11,Nevada,057,99092,4142,4085,162,4247,66
2021-03-11,Orange,059,3164182,249353,247217,10327,257544,4373
2021-03-11,Placer,061,380077,21054,20178,1158,21336,239
2021-03-11,Plumas,063,18699,653,640,10,650,4
2021-03-11,Riverside,065,2383286,287592,280881,13370,294251,3842
2021-03-11,Sacramento,067,1510023,96443,94912,1308,96220,1455
2021-03-11,San Benito,069,59416,5796,5816,89,5905,61
2021-03-11,San Bernardino,071,2135413,287592,283312,8543,291855,3869
2021-03-11,San Diego,073,3302833,267488,264524,13203,277727,3422
2021-03-11,San Francisco,075,870044,34682,34722,1111,35833,452
2021-03-11,San Joaquin,077,732212,68172,66522,2842,69364,1157
2021-03-11,San Luis Obispo,079,281455,20078,19748,581,20329,247
2021-03-11,San Mateo,081,765935,40073,39590,416,40006,341
2021-03-11,Santa Barbara,083,443738,32830,32408,1046,33454,430
2021-03-11,Santa Clara,085,1922200,112293,112246,605,112851,1765
2021-03-11,Santa Cruz,087,273765,15649,14812,777,15589,193
2021-03-11,Shasta,089,179085,11086,11139,1290,12429,158
2021-03-11,Sierra,091,2930,52,48,12,60,0
2021-03-11,Siskiyou,093,43540,1544,1466,242,1708,5
2021-03-11,Solano,095,438530,30298,30138,376,30514,171
2021-03-11,Sonoma,097,501317,28625,28677,229,28906,285
2021-03-11,Stanislaus,099,539301,51774,51038,5416,56454,707
2021-03-11,Sutter,101,95872,8950,8933,79,9012,101
2021-03-11,Tehama,103,63373,4673,4632,491,5123,33
2021-03-11,Trinity,105,12862,469,304,77,381,3
2021-03-11,Tulare,107,460477,48852,47709,8218,55927,797
2021-03-11,Tuolumne,109,53932,3880,3934,38,3972,57
2021-03-11,Ventura,111,848112,79005,78697,2785,81482,889
2021-03-11,Yolo,113,214977,13093,13041,155,13196,190
2021-03-11,Yuba,115,75493,5620,5553,87,5640,42
2021-03-10,Alameda,001,1643700,82223,81701,1711,83412,1160
2021-03-10,Alpine,002,1148,82,78,0,78,0
2021-03-10,Amador,005,37829,3502,3496,31,3527,42
2021-03-10,Butte,007,227075,11470,11096,1647,12743,185
2021-03-10,Calaveras,009,45235,1949,1913,11,1924,48
2021-03-10,Colusa,011,21464,1882,1882,270,2152,12
2021-03-10,Contra Costa,013,1133247,64374,63372,1084,64456,725
2021-03-10,Del Norte,015,27424,1073,1020,5,1025,5
2021-03-10,El Dorado,017,186661,9268,9203,609,9812,100
2021-03-10,Fresno,019,978130,97986,96866,7859,104725,1471
2021-03-10,Glenn,021,27897,2287,2253,498,2751,15
2021-03-10,Humboldt,023,135768,3328,3296,23,3319,32
2021-03-10,Imperial,025,180216,27374,27051,2485,29536,675
2021-03-10,Inyo,027,18085,1348,1328,9,1337,35
2021-03-10,Kern,029,883053,94425,92965,9956,102921,1102
2021-03-10,Kings,031,150075,22518,22166,982,23148,226
2021-03-10,Lake,033,64148,3261,3207,6,3213,42
2021-03-10,Lassen,035,31185,5132,5120,98,5218,1
2021-03-10,Los Angeles,037,10098052,1180892,1169079,38524,1207603,22199
2021-03-10,Madera,039,155013,15881,15705,850,16555,212
2021-03-10,Marin,041,260295,13445,13348,173,13521,216
2021-03-10,Mariposa,043,17540,379,376,5,381,5
2021-03-10,Mendocino,045,87422,3689,3602,74,3676,42
2021-03-10,Merced,047,269075,29056,28927,937,29864,401
2021-03-10,Modoc,049,8938,344,338,117,455,3
2021-03-10,Mono,051,14174,1197,1204,16,1220,3
2021-03-10,Monterey,053,433212,42208,41920,1684,43604,329
2021-03-10,Napa,055,140530,9166,9165,31,9196,75
2021-03-10,Nevada,057,99092,4138,4074,162,4236,66
2021-03-10,Orange,059,3164182,249204,247075,10312,257387,4342
2021-03-10,Placer,061,380077,21020,20144,1152,21296,239
2021-03-10,Plumas,063,18699,652,639,10,649,4
2021-03-10,Riverside,065,2383286,287451,280708,13356,294064,3822
2021-03-10,Sacramento,067,1510023,96313,94796,1302,96098,1452
2021-03-10,San Benito,069,59416,5787,5811,89,5900,61
2021-03-10,San Bernardino,071,2135413,287499,283140,8537,291677,3841
2021-03-10,San Diego,073,3302833,267266,264094,13191,277285,3413
2021-03-10,San Francisco,075,870044,34647,34688,1103,35791,450
2021-03-10,San Joaquin,077,732212,68070,66483,2825,69308,1156
2021-03-10,San Luis Obispo,079,281455,20054,19710,577,20287,247
2021-03-10,San Mateo,081,765935,40049,39571,416,39987,338
2021-03-10,Santa Barbara,083,443738,32803,32356,1043,33399,429
2021-03-10,Santa Clara,085,1922200,112184,112103,601,112704,1759
2021-03-10,Santa Cruz,087,273765,15634,14790,776,15566,192
2021-03-10,Shasta,089,179085,11076,11125,1287,12412,155
2021-03-10,Sierra,091,2930,52,48,12,60,0
2021-03-10,Siskiyou,093,43540,1542,1458,242,1700,5
2021-03-10,Solano,095,438530,30268,30111,375,30486,170
2021-03-10,Sonoma,097,501317,28590,28638,228,28866,286
2021-03-10,Stanislaus,099,539301,51687,50968,5397,56365,706
2021-03-10,Sutter,101,95872,8939,8918,79,8997,101
2021-03-10,Tehama,103,63373,4662,4623,490,5113,33
2021-03-10,Trinity,105,12862,469,304,77,381,3
2021-03-10,Tulare,107,460477,48804,47659,8200,55859,793
2021-03-10,Tuolumne,109,53932,3879,3931,38,3969,57
2021-03-10,Ventura,111,848112,78928,78609,2783,81392,878
2021-03-10,Yolo,113,214977,13069,13021,155,13176,189
2021-03-10,Yuba,115,75493,5607,5545,86,5631,42
2021-03-09,Alameda,001,1643700,82136,81618,1711,83329,1151
2021-03-09,Alpine,002,1148,82,78,0,78,0
2021-03-09,Amador,005,37829,3500,3494,31,3525,42
2021-03-09,Butte,007,227075,11457,11092,1646,12738,185
2021-03-09,Calaveras,009,45235,1947,1913,11,1924,48
2021-03-09,Colusa,011,21464,1882,1880,270,2150,11
2021-03-09,Contra Costa,013,1133247,64284,63314,1082,64396,723
2021-03-09,Del Norte,015,27424,1065,1017,5,1022,5
2021-03-09,El Dorado,017,186661,9260,9198,609,9807,98
2021-03-09,Fresno,019,978130,97867,96744,7833,104577,1463
2021-03-09,Glenn,021,27897,2283,2251,496,2747,15
2021-03-09,Humboldt,023,135768,3316,3288,22,3310,32
2021-03-09,Imperial,025,180216,27364,27045,2481,29526,675
2021-03-09,Inyo,027,18085,1346,1324,9,1333,35
2021-03-09,Kern,029,883053,94346,92924,9938,102862,1088
2021-03-09,Kings,031,150075,22493,22143,980,23123,226
2021-03-09,Lake,033,64148,3255,3202,6,3208,42
2021-03-09,Lassen,035,31185,5132,5120,98,5218,1
2021-03-09,Los Angeles,037,10098052,1180295,1167967,38491,1206458,22080
2021-03-09,Madera,039,155013,15870,15701,848,16549,211
2021-03-09,Marin,041,260295,13427,13335,171,13506,214
2021-03-09,Mariposa,043,17540,379,376,5,381,5
2021-03-09,Mendocino,045,87422,3685,3595,74,3669,42
2021-03-09,Merced,047,269075,28996,28876,934,29810,399
2021-03-09,Modoc,049,8938,344,338,116,454,3
2021-03-09,Mono,051,14174,1196,1203,16,1219,3
2021-03-09,Monterey,053,433212,42189,41894,1676,43570,329
2021-03-09,Napa,055,140530,9152,9155,31,9186,75
2021-03-09,Nevada,057,99092,4130,4062,162,4224,66
2021-03-09,Orange,059,3164182,249062,246989,10293,257282,4310
2021-03-09,Placer,061,380077,20978,20122,1147,21269,239
2021-03-09,Plumas,063,18699,649,639,10,649,4
2021-03-09,Riverside,065,2383286,287318,280562,13352,293914,3821
2021-03-09,Sacramento,067,1510023,96146,94720,1296,96016,1442
2021-03-09,San Benito,069,59416,5783,5800,89,5889,61
2021-03-09,San Bernardino,071,2135413,287384,282971,8531,291502,3823
2021-03-09,San Diego,073,3302833,267034,263745,13170,276915,3405
2021-03-09,San Francisco,075,870044,34616,34654,1099,35753,450
2021-03-09,San Joaquin,077,732212,67943,66383,2815,69198,1150
2021-03-09,San Luis Obispo,079,281455,20037,19672,570,20242,245
2021-03-09,San Mateo,081,765935,40001,39535,414,39949,336
2021-03-09,Santa Barbara,083,443738,32762,32314,1041,33355,428
2021-03-09,Santa Clara,085,1922200,112073,111963,596,112559,1756
2021-03-09,Santa Cruz,087,273765,15612,14764,775,15539,188
2021-03-09,Shasta,089,179085,11069,11113,1282,12395,155
2021-03-09,Sierra,091,2930,52,48,12,60,0
2021-03-09,Siskiyou,093,43540,1538,1447,240,1687,5
2021-03-09,Solano,095,438530,30232,30090,373,30463,169
2021-03-09,Sonoma,097,501317,28540,28601,225,28826,284
2021-03-09,Stanislaus,099,539301,51589,50884,5388,56272,703
2021-03-09,Sutter,101,95872,8926,8914,79,8993,101
2021-03-09,Tehama,103,63373,4657,4620,490,5110,33
2021-03-09,Trinity,105,12862,469,304,77,381,3
2021-03-09,Tulare,107,460477,48777,47637,8181,55818,792
2021-03-09,Tuolumne,109,53932,3877,3929,38,3967,56
2021-03-09,Ventura,111,848112,78865,78526,2781,81307,863
2021-03-09,Yolo,113,214977,13057,13015,153,13168,189
2021-03-09,Yuba,115,75493,5600,5539,86,5625,42
2021-03-08,Alameda,001,1643700,82025,81543,1710,83253,1142
2021-03-08,Alpine,002,1148,82,78,0,78,0
2021-03-08,Amador,005,37829,3497,3490,31,3521,42
2021-03-08,Butte,007,227075,11444,11082,1645,12727,185
2021-03-08,Calaveras,009,45235,1943,1909,11,1920,48
2021-03-08,Colusa,011,21464,1882,1877,270,2147,11
2021-03-08,Contra Costa,013,1133247,64188,63240,1082,64322,719
2021-03-08,Del Norte,015,27424,1060,1012,5,1017,5
2021-03-08,El Dorado,017,186661,9257,9188,608,9796,97
2021-03-08,Fresno,019,978130,97769,96665,7812,104477,1442
2021-03-08,Glenn,021,27897,2282,2249,496,2745,15
2021-03-08,Humboldt,023,135768,3302,3278,22,3300,31
2021-03-08,Imperial,025,180216,27356,27033,2478,29511,663
2021-03-08,Inyo,027,18085,1344,1320,9,1329,35
2021-03-08,Kern,029,883053,94280,92857,9918,102775,1087
2021-03-08,Kings,031,150075,22472,22130,978,23108,226
2021-03-08,Lake,033,64148,3243,3195,6,3201,42
2021-03-08,Lassen,035,31185,5132,5119,98,5217,1
2021-03-08,Los Angeles,037,10098052,1179674,1163409,38460,1201869,21868
2021-03-08,Madera,039,155013,15860,15691,846,16537,211
2021-03-08,Marin,041,260295,13407,13328,169,13497,214
2021-03-08,Mariposa,043,17540,379,376,5,381,5
2021-03-08,Mendocino,045,87422,3683,3590,73,3663,42
2021-03-08,Merced,047,269075,28936,28841,933,29774,398
2021-03-08,Modoc,049,8938,344,338,116,454,3
2021-03-08,Mono,051,14174,1195,1200,16,1216,3
2021-03-08,Monterey,053,433212,42168,41863,1675,43538,328
2021-03-08,Napa,055,140530,9149,9146,31,9177,75
2021-03-08,Nevada,057,99092,4122,4059,162,4221,66
2021-03-08,Orange,059,3164182,248889,246900,10262,257162,4243
2021-03-08,Placer,061,380077,20943,20102,1136,21238,239
2021-03-08,Plumas,063,18699,648,635,10,645,4
2021-03-08,Riverside,065,2383286,287166,280463,13342,293805,3783
2021-03-08,Sacramento,067,1510023,95977,94654,1291,95945,1438
2021-03-08,San Benito,069,59416,5780,5797,89,5886,61
2021-03-08,San Bernardino,071,2135413,287273,282894,8524,291418,3811
2021-03-08,San Diego,073,3302833,266793,263272,13155,276427,3390
2021-03-08,San Francisco,075,870044,34590,34634,1095,35729,446
2021-03-08,San Joaquin,077,732212,67827,66307,2806,69113,1139
2021-03-08,San Luis Obispo,079,281455,19994,19656,567,20223,245
2021-03-08,San Mateo,081,765935,39952,39492,412,39904,335
2021-03-08,Santa Barbara,083,443738,32730,32293,1041,33334,427
2021-03-08,Santa Clara,085,1922200,111945,111882,594,112476,1756
2021-03-08,Santa Cruz,087,273765,15592,14729,775,15504,188
2021-03-08,Shasta,089,179085,11061,11088,1277,12365,155
2021-03-08,Sierra,091,2930,52,48,12,60,0
2021-03-08,Siskiyou,093,43540,1537,1440,240,1680,5
2021-03-08,Solano,095,438530,30192,30068,371,30439,169
2021-03-08,Sonoma,097,501317,28496,28571,224,28795,284
2021-03-08,Stanislaus,099,539301,51510,50825,5383,56208,690
2021-03-08,Sutter,101,95872,8923,8905,79,8984,100
2021-03-08,Tehama,103,63373,4653,4615,490,5105,33
2021-03-08,Trinity,105,12862,468,302,77,379,3
2021-03-08,Tulare,107,460477,48736,47587,8156,55743,791
2021-03-08,Tuolumne,109,53932,3876,3921,38,3959,56
2021-03-08,Ventura,111,848112,78792,78526,2773,81299,852
2021-03-08,Yolo,113,214977,13034,13000,153,13153,189
2021-03-08,Yuba,115,75493,5590,5530,86,5616,42
2021-03-07,Alameda,001,1643700,81905,81413,1709,83122,1145
2021-03-07,Alpine,002,1148,82,78,0,78,0
2021-03-07,Amador,005,37829,3494,3489,31,3520,42
2021-03-07,Butte,007,227075,11428,11075,1644,12719,185
2021-03-07,Calaveras,009,45235,1939,1906,11,1917,48
2021-03-07,Colusa,011,21464,1882,1876,270,2146,11
2021-03-07,Contra Costa,013,1133247,64089,63148,1080,64228,719
2021-03-07,Del Norte,015,27424,1055,1010,5,1015,5
2021-03-07,El Dorado,017,186661,9254,9184,607,9791,97
2021-03-07,Fresno,019,978130,97591,96549,7790,104339,1442
2021-03-07,Glenn,021,27897,2280,2244,496,2740,15
2021-03-07,Humboldt,023,135768,3292,3274,22,3296,31
2021-03-07,Imperial,025,180216,27347,27019,2476,29495,658
2021-03-07,Inyo,027,18085,1341,1320,9,1329,35
2021-03-07,Kern,029,883053,94193,92746,9888,102634,1086
2021-03-07,Kings,031,150075,22450,22103,978,23081,224
2021-03-07,Lake,033,64148,3237,3192,6,3198,42
2021-03-07,Lassen,035,31185,5131,5119,98,5217,1
2021-03-07,Los Angeles,037,10098052,1178947,1162749,38427,1201176,21857
2021-03-07,Madera,039,155013,15841,15675,846,16521,211
2021-03-07,Marin,041,260295,13399,13313,167,13480,214
2021-03-07,Mariposa,043,17540,378,376,5,381,5
2021-03-07,Mendocino,045,87422,3679,3581,73,3654,42
2021-03-07,Merced,047,269075,28862,28829,929,29758,399
2021-03-07,Modoc,049,8938,344,338,116,454,3
2021-03-07,Mono,051,14174,1193,1199,16,1215,3
2021-03-07,Monterey,053,433212,42147,41858,1672,43530,328
2021-03-07,Napa,055,140530,9139,9137,31,9168,75
2021-03-07,Nevada,057,99092,4108,4052,161,4213,66
2021-03-07,Orange,059,3164182,248697,246771,10235,257006,4218
2021-03-07,Placer,061,380077,20902,20070,1132,21202,239
2021-03-07,Plumas,063,18699,647,635,10,645,4
2021-03-07,Riverside,065,2383286,287018,280379,13333,293712,3779
2021-03-07,Sacramento,067,1510023,95800,94513,1285,95798,1437
2021-03-07,San Benito,069,59416,5773,5795,89,5884,61
2021-03-07,San Bernardino,071,2135413,287122,282860,8519,291379,3810
2021-03-07,San Diego,073,3302833,266511,262965,13131,276096,3390
2021-03-07,San Francisco,075,870044,34556,34594,1090,35684,445
2021-03-07,San Joaquin,077,732212,67691,66252,2793,69045,1139
2021-03-07,San Luis Obispo,079,281455,19957,19614,565,20179,245
2021-03-07,San Mateo,081,765935,39912,39436,409,39845,329
2021-03-07,Santa Barbara,083,443738,32684,32218,1040,33258,425
2021-03-07,Santa Clara,085,1922200,111800,111745,590,112335,1752
2021-03-07,Santa Cruz,087,273765,15570,14715,774,15489,189
2021-03-07,Shasta,089,179085,11048,11083,1269,12352,156
2021-03-07,Sierra,091,2930,51,48,12,60,0
2021-03-07,Siskiyou,093,43540,1536,1435,236,1671,5
2021-03-07,Solano,095,438530,30155,30027,371,30398,169
2021-03-07,Sonoma,097,501317,28447,28533,222,28755,284
2021-03-07,Stanislaus,099,539301,51378,50783,5367,56150,699
2021-03-07,Sutter,101,95872,8913,8900,79,8979,100
2021-03-07,Tehama,103,63373,4646,4614,489,5103,33
2021-03-07,Trinity,105,12862,468,302,77,379,3
2021-03-07,Tulare,107,460477,48677,47569,8125,55694,790
2021-03-07,Tuolumne,109,53932,3875,3922,37,3959,56
2021-03-07,Ventura,111,848112,78700,78487,2771,81258,851
2021-03-07,Yolo,113,214977,13015,12988,153,13141,189
2021-03-07,Yuba,115,75493,5585,5516,86,5602,42
2021-03-06,Alameda,001,1643700,81848,81310,1708,83018,1143
2021-03-06,Alpine,002,1148,82,78,0,78,0
2021-03-06,Amador,005,37829,3490,3487,31,3518,42
2021-03-06,Butte,007,227075,11423,11065,1643,12708,185
2021-03-06,Calaveras,009,45235,1935,1904,11,1915,48
2021-03-06,Colusa,011,21464,1880,1874,270,2144,11
2021-03-06,Contra Costa,013,1133247,64027,63040,1076,64116,719
2021-03-06,Del Norte,015,27424,1050,1000,5,1005,5
2021-03-06,El Dorado,017,186661,9250,9166,607,9773,97
2021-03-06,Fresno,019,978130,97495,96366,7779,104145,1440
2021-03-06,Glenn,021,27897,2280,2241,496,2737,15
2021-03-06,Humboldt,023,135768,3282,3260,22,3282,31
2021-03-06,Imperial,025,180216,27342,27009,2471,29480,658
2021-03-06,Inyo,027,18085,1338,1312,9,1321,35
2021-03-06,Kern,029,883053,94147,92684,9868,102552,1082
2021-03-06,Kings,031,150075,22435,22094,978,23072,224
2021-03-06,Lake,033,64148,3235,3189,6,3195,42
2021-03-06,Lassen,035,31185,5131,5119,98,5217,1
2021-03-06,Los Angeles,037,10098052,1178507,1161745,38399,1200144,21843
2021-03-06,Madera,039,155013,15832,15646,845,16491,211
2021-03-06,Marin,041,260295,13390,13289,167,13456,213
2021-03-06,Mariposa,043,17540,378,376,5,381,5
2021-03-06,Mendocino,045,87422,3677,3579,73,3652,42
2021-03-06,Merced,047,269075,28819,28771,929,29700,399
2021-03-06,Modoc,049,8938,343,338,116,454,3
2021-03-06,Mono,051,14174,1192,1198,16,1214,3
2021-03-06,Monterey,053,433212,42142,41838,1669,43507,327
2021-03-06,Napa,055,140530,9131,9129,31,9160,75
2021-03-06,Nevada,057,99092,4102,4044,161,4205,66
2021-03-06,Orange,059,3164182,248606,246634,10221,256855,4165
2021-03-06,Placer,061,380077,20879,20030,1130,21160,239
2021-03-06,Plumas,063,18699,647,634,10,644,4
2021-03-06,Riverside,065,2383286,286924,280225,13325,293550,3781
2021-03-06,Sacramento,067,1510023,95712,94332,1276,95608,1436
2021-03-06,San Benito,069,59416,5768,5793,89,5882,61
2021-03-06,San Bernardino,071,2135413,287038,282737,8517,291254,3791
2021-03-06,San Diego,073,3302833,266324,262778,13114,275892,3385
2021-03-06,San Francisco,075,870044,34524,34560,1086,35646,435
2021-03-06,San Joaquin,077,732212,67617,66162,2783,68945,1138
2021-03-06,San Luis Obispo,079,281455,19937,19592,563,20155,245
2021-03-06,San Mateo,081,765935,39887,39384,409,39793,329
2021-03-06,Santa Barbara,083,443738,32654,32176,1040,33216,424
2021-03-06,Santa Clara,085,1922200,111705,111570,587,112157,1749
2021-03-06,Santa Cruz,087,273765,15559,14701,774,15475,188
2021-03-06,Shasta,089,179085,11039,11076,1267,12343,158
2021-03-06,Sierra,091,2930,51,48,12,60,0
2021-03-06,Siskiyou,093,43540,1534,1432,236,1668,5
2021-03-06,Solano,095,438530,30126,30000,370,30370,169
2021-03-06,Sonoma,097,501317,28424,28484,220,28704,284
2021-03-06,Stanislaus,099,539301,51308,50691,5361,56052,711
2021-03-06,Sutter,101,95872,8907,8887,79,8966,100
2021-03-06,Tehama,103,63373,4644,4610,486,5096,33
2021-03-06,Trinity,105,12862,468,302,77,379,3
2021-03-06,Tulare,107,460477,48645,47515,8097,55612,789
2021-03-06,Tuolumne,109,53932,3873,3920,37,3957,56
2021-03-06,Ventura,111,848112,78644,78439,2770,81209,848
2021-03-06,Yolo,113,214977,13009,12951,152,13103,189
2021-03-06,Yuba,115,75493,5576,5504,86,5590,42
2021-03-05,Alameda,001,1643700,81762,81215,1707,82922,1141
2021-03-05,Alpine,002,1148,82,78,0,78,0
2021-03-05,Amador,005,37829,3489,3484,31,3515,42
2021-03-05,Butte,007,227075,11412,11050,1642,12692,185
2021-03-05,Calaveras,009,45235,1932,1902,11,1913,48
2021-03-05,Colusa,011,21464,1880,1874,270,2144,11
2021-03-05,Contra Costa,013,1133247,63947,62886,1073,63959,711
2021-03-05,Del Norte,015,27424,1046,995,5,1000,5
2021-03-05,El Dorado,017,186661,9245,9150,606,9756,97
2021-03-05,Fresno,019,978130,97387,96184,7760,103944,1432
2021-03-05,Glenn,021,27897,2277,2241,495,2736,15
2021-03-05,Humboldt,023,135768,3274,3234,22,3256,31
2021-03-05,Imperial,025,180216,27332,26970,2462,29432,651
2021-03-05,Inyo,027,18085,1334,1309,9,1318,35
2021-03-05,Kern,029,883053,94106,92601,9855,102456,1076
2021-03-05,Kings,031,150075,22417,22063,977,23040,224
2021-03-05,Lake,033,64148,3233,3185,6,3191,42
2021-03-05,Lassen,035,31185,5131,5117,96,5213,1
2021-03-05,Los Angeles,037,10098052,1178016,1160688,38370,1199058,21745
2021-03-05,Madera,039,155013,15822,15624,843,16467,211
2021-03-05,Marin,041,260295,13378,13275,166,13441,215
2021-03-05,Mariposa,043,17540,378,375,5,380,4
2021-03-05,Mendocino,045,87422,3674,3577,73,3650,42
2021-03-05,Merced,047,269075,28786,28734,928,29662,399
2021-03-05,Modoc,049,8938,343,337,116,453,3
2021-03-05,Mono,051,14174,1191,1197,16,1213,3
2021-03-05,Monterey,053,433212,42129,41802,1669,43471,325
2021-03-05,Napa,055,140530,9123,9109,31,9140,75
2021-03-05,Nevada,057,99092,4099,4033,161,4194,66
2021-03-05,Orange,059,3164182,248493,246489,10208,256697,4108
2021-03-05,Placer,061,380077,20853,19973,1126,21099,239
2021-03-05,Plumas,063,18699,647,635,10,645,4
2021-03-05,Riverside,065,2383286,286813,280075,13320,293395,3781
2021-03-05,Sacramento,067,1510023,95616,94182,1269,95451,1430
2021-03-05,San Benito,069,59416,5765,5790,89,5879,61
2021-03-05,San Bernardino,071,2135413,286945,282640,8513,291153,3774
2021-03-05,San Diego,073,3302833,266091,262357,13097,275454,3371
2021-03-05,San Francisco,075,870044,34484,34526,1082,35608,430
2021-03-05,San Joaquin,077,732212,67538,66041,2774,68815,1133
2021-03-05,San Luis Obispo,079,281455,19916,19557,561,20118,244
2021-03-05,San Mateo,081,765935,39855,39305,409,39714,326
2021-03-05,Santa Barbara,083,443738,32617,32139,1035,33174,424
2021-03-05,Santa Clara,085,1922200,111610,111384,587,111971,1745
2021-03-05,Santa Cruz,087,273765,15548,14694,774,15468,188
2021-03-05,Shasta,089,179085,11027,11062,1261,12323,148
2021-03-05,Sierra,091,2930,51,48,12,60,0
2021-03-05,Siskiyou,093,43540,1529,1429,235,1664,5
2021-03-05,Solano,095,438530,30109,29951,368,30319,168
2021-03-05,Sonoma,097,501317,28398,28417,220,28637,279
2021-03-05,Stanislaus,099,539301,51257,50606,5351,55957,721
2021-03-05,Sutter,101,95872,8900,8876,79,8955,100
2021-03-05,Tehama,103,63373,4635,4606,486,5092,33
2021-03-05,Trinity,105,12862,468,302,77,379,3
2021-03-05,Tulare,107,460477,48616,47469,8078,55547,789
2021-03-05,Tuolumne,109,53932,3871,3917,37,3954,56
2021-03-05,Ventura,111,848112,78577,78368,2769,81137,839
2021-03-05,Yolo,113,214977,12997,12920,151,13071,188
2021-03-05,Yuba,115,75493,5564,5496,86,5582,42
2021-03-04,Alameda,001,1643700,81653,81115,1706,82821,1136
2021-03-04,Alpine,002,1148,82,78,0,78,0
2021-03-04,Amador,005,37829,3488,3480,31,3511,42
2021-03-04,Butte,007,227075,11405,11033,1641,12674,185
2021-03-04,Calaveras,009,45235,1931,1896,11,1907,48
2021-03-04,Colusa,011,21464,1878,1873,265,2138,11
2021-03-04,Contra Costa,013,1133247,63847,62789,1071,63860,708
2021-03-04,Del Norte,015,27424,1038,989,5,994,5
2021-03-04,El Dorado,017,186661,9230,9133,606,9739,97
2021-03-04,Fresno,019,978130,97223,96023,7741,103764,1422
2021-03-04,Glenn,021,27897,2270,2236,494,2730,15
2021-03-04,Humboldt,023,135768,3260,3212,22,3234,31
2021-03-04,Imperial,025,180216,27319,26946,2459,29405,646
2021-03-04,Inyo,027,18085,1331,1300,9,1309,35
2021-03-04,Kern,029,883053,94017,92525,9836,102361,1070
2021-03-04,Kings,031,150075,22391,22025,974,22999,224
2021-03-04,Lake,033,64148,3225,3181,6,3187,42
2021-03-04,Lassen,035,31185,5131,5116,96,5212,1
2021-03-04,Los Angeles,037,10098052,1177404,1159405,38320,1197725,21610
2021-03-04,Madera,039,155013,15787,15596,840,16436,208
2021-03-04,Marin,041,260295,13362,13240,163,13403,215
2021-03-04,Mariposa,043,17540,378,376,5,381,4
2021-03-04,Mendocino,045,87422,3671,3569,73,3642,42
2021-03-04,Merced,047,269075,28735,28671,926,29597,396
2021-03-04,Modoc,049,8938,342,336,116,452,3
2021-03-04,Mono,051,14174,1191,1197,16,1213,3
2021-03-04,Monterey,053,433212,42109,41771,1667,43438,325
2021-03-04,Napa,055,140530,9115,9094,31,9125,74
2021-03-04,Nevada,057,99092,4089,4020,161,4181,66
2021-03-04,Orange,059,3164182,248336,246354,10191,256545,4096
2021-03-04,Placer,061,380077,20821,19900,1120,21020,239
2021-03-04,Plumas,063,18699,647,634,10,644,4
2021-03-04,Riverside,065,2383286,286683,279871,13307,293178,3766
2021-03-04,Sacramento,067,1510023,95481,93982,1266,95248,1426
2021-03-04,San Benito,069,59416,5765,5781,89,5870,61
2021-03-04,San Bernardino,071,2135413,286814,282407,8509,290916,3757
2021-03-04,San Diego,073,3302833,265830,261858,13053,274911,3359
2021-03-04,San Francisco,075,870044,34449,34480,1079,35559,426
2021-03-04,San Joaquin,077,732212,67444,65931,2765,68696,1129
2021-03-04,San Luis Obispo,079,281455,19879,19520,559,20079,243
2021-03-04,San Mateo,081,765935,39811,39225,408,39633,322
2021-03-04,Santa Barbara,083,443738,32580,32090,1034,33124,423
2021-03-04,Santa Clara,085,1922200,111476,111194,585,111779,1723
2021-03-04,Santa Cruz,087,273765,15529,14669,774,15443,186
2021-03-04,Shasta,089,179085,11024,11050,1252,12302,150
2021-03-04,Sierra,091,2930,51,48,12,60,0
2021-03-04,Siskiyou,093,43540,1522,1427,235,1662,5
2021-03-04,Solano,095,438530,30082,29905,367,30272,168
2021-03-04,Sonoma,097,501317,28343,28379,219,28598,279
2021-03-04,Stanislaus,099,539301,51170,50521,5343,55864,731
2021-03-04,Sutter,101,95872,8888,8849,79,8928,100
2021-03-04,Tehama,103,63373,4627,4604,486,5090,33
2021-03-04,Trinity,105,12862,468,302,77,379,3
2021-03-04,Tulare,107,460477,48571,47398,8053,55451,784
2021-03-04,Tuolumne,109,53932,3865,3916,37,3953,56
2021-03-04,Ventura,111,848112,78487,78184,2766,80950,831
2021-03-04,Yolo,113,214977,12977,12895,151,13046,189
2021-03-04,Yuba,115,75493,5552,5483,86,5569,41
2021-03-03,Alameda,001,1643700,81533,80972,1705,82677,1127
2021-03-03,Alpine,002,1148,82,77,0,77,0
2021-03-03,Amador,005,37829,3486,3478,30,3508,42
2021-03-03,Butte,007,227075,11397,11014,1640,12654,184
2021-03-03,Calaveras,009,45235,1930,1893,11,1904,48
2021-03-03,Colusa,011,21464,1877,1873,265,2138,11
2021-03-03,Contra Costa,013,1133247,63749,62668,1068,63736,708
2021-03-03,Del Norte,015,27424,1035,988,5,993,5
2021-03-03,El Dorado,017,186661,9220,9121,606,9727,97
2021-03-03,Fresno,019,978130,97079,95893,7724,103617,1415
2021-03-03,Glenn,021,27897,2270,2233,494,2727,15
2021-03-03,Humboldt,023,135768,3249,3196,22,3218,30
2021-03-03,Imperial,025,180216,27303,26939,2455,29394,640
2021-03-03,Inyo,027,18085,1323,1294,9,1303,35
2021-03-03,Kern,029,883053,93941,92434,9819,102253,1063
2021-03-03,Kings,031,150075,22375,22009,973,22982,223
2021-03-03,Lake,033,64148,3218,3175,6,3181,40
2021-03-03,Lassen,035,31185,5131,5115,96,5211,1
2021-03-03,Los Angeles,037,10098052,1176765,1157911,38281,1196192,21500
2021-03-03,Madera,039,155013,15768,15553,834,16387,203
2021-03-03,Marin,041,260295,13348,13216,163,13379,214
2021-03-03,Mariposa,043,17540,377,376,5,381,4
2021-03-03,Mendocino,045,87422,3663,3564,73,3637,42
2021-03-03,Merced,047,269075,28683,28625,926,29551,393
2021-03-03,Modoc,049,8938,342,333,115,448,3
2021-03-03,Mono,051,14174,1191,1191,16,1207,3
2021-03-03,Monterey,053,433212,42077,41731,1664,43395,325
2021-03-03,Napa,055,140530,9107,9090,31,9121,72
2021-03-03,Nevada,057,99092,4079,4009,161,4170,66
2021-03-03,Orange,059,3164182,248191,246120,10177,256297,4072
2021-03-03,Placer,061,380077,20795,19851,1117,20968,239
2021-03-03,Plumas,063,18699,646,631,10,641,4
2021-03-03,Riverside,065,2383286,286550,279626,13301,292927,3735
2021-03-03,Sacramento,067,1510023,95320,93819,1258,95077,1419
2021-03-03,San Benito,069,59416,5764,5774,89,5863,61
2021-03-03,San Bernardino,071,2135413,286673,282138,8503,290641,3664
2021-03-03,San Diego,073,3302833,265566,261350,13022,274372,3342
2021-03-03,San Francisco,075,870044,34417,34443,1076,35519,426
2021-03-03,San Joaquin,077,732212,67331,65855,2758,68613,1115
2021-03-03,San Luis Obispo,079,281455,19853,19479,556,20035,241
2021-03-03,San Mateo,081,765935,39765,39189,407,39596,319
2021-03-03,Santa Barbara,083,443738,32542,32027,1034,33061,421
2021-03-03,Santa Clara,085,1922200,111322,110991,583,111574,1720
2021-03-03,Santa Cruz,087,273765,15518,14645,774,15419,185
2021-03-03,Shasta,089,179085,11014,11023,1245,12268,150
2021-03-03,Sierra,091,2930,51,48,12,60,0
2021-03-03,Siskiyou,093,43540,1520,1424,235,1659,5
2021-03-03,Solano,095,438530,30046,29866,366,30232,167
2021-03-03,Sonoma,097,501317,28304,28307,218,28525,279
2021-03-03,Stanislaus,099,539301,51092,50438,5336,55774,730
2021-03-03,Sutter,101,95872,8880,8840,79,8919,99
2021-03-03,Tehama,103,63373,4625,4601,486,5087,32
2021-03-03,Trinity,105,12862,468,302,77,379,3
2021-03-03,Tulare,107,460477,48520,47348,8024,55372,778
2021-03-03,Tuolumne,109,53932,3863,3914,36,3950,56
2021-03-03,Ventura,111,848112,78403,78057,2761,80818,822
2021-03-03,Yolo,113,214977,12964,12890,151,13041,189
2021-03-03,Yuba,115,75493,5539,5479,86,5565,41
2021-03-02,Alameda,001,1643700,81411,80904,1703,82607,1116
2021-03-02,Alpine,002,1148,82,77,0,77,0
2021-03-02,Amador,005,37829,3484,3474,30,3504,42
2021-03-02,Butte,007,227075,11387,11007,1637,12644,182
2021-03-02,Calaveras,009,45235,1922,1890,11,1901,48
2021-03-02,Colusa,011,21464,1877,1872,264,2136,11
2021-03-02,Contra Costa,013,1133247,63638,62557,1064,63621,694
2021-03-02,Del Norte,015,27424,1028,983,5,988,5
2021-03-02,El Dorado,017,186661,9212,9116,606,9722,98
2021-03-02,Fresno,019,978130,96933,95785,7698,103483,1410
2021-03-02,Glenn,021,27897,2264,2232,493,2725,15
2021-03-02,Humboldt,023,135768,3230,3184,22,3206,30
2021-03-02,Imperial,025,180216,27293,26926,2453,29379,637
2021-03-02,Inyo,027,18085,1319,1292,9,1301,35
2021-03-02,Kern,029,883053,93835,92313,9792,102105,1046
2021-03-02,Kings,031,150075,22323,21999,970,22969,217
2021-03-02,Lake,033,64148,3212,3169,6,3175,40
2021-03-02,Lassen,035,31185,5126,5115,95,5210,1
2021-03-02,Los Angeles,037,10098052,1176128,1156826,38236,1195062,21395
2021-03-02,Madera,039,155013,15748,15523,831,16354,194
2021-03-02,Marin,041,260295,13325,13186,162,13348,214
2021-03-02,Mariposa,043,17540,377,376,5,381,4
2021-03-02,Mendocino,045,87422,3660,3562,72,3634,41
2021-03-02,Merced,047,269075,28626,28598,926,29524,389
2021-03-02,Modoc,049,8938,342,332,115,447,3
2021-03-02,Mono,051,14174,1190,1191,16,1207,3
2021-03-02,Monterey,053,433212,42050,41716,1664,43380,325
2021-03-02,Napa,055,140530,9096,9080,31,9111,71
2021-03-02,Nevada,057,99092,4070,3983,160,4143,66
2021-03-02,Orange,059,3164182,248046,246004,10159,256163,4037
2021-03-02,Placer,061,380077,20742,19828,1114,20942,239
2021-03-02,Plumas,063,18699,643,628,10,638,4
2021-03-02,Riverside,065,2383286,286378,279486,13293,292779,3721
2021-03-02,Sacramento,067,1510023,95153,93690,1257,94947,1411
2021-03-02,San Benito,069,59416,5757,5770,89,5859,60
2021-03-02,San Bernardino,071,2135413,286539,281919,8497,290416,3604
2021-03-02,San Diego,073,3302833,265322,260998,13000,273998,3317
2021-03-02,San Francisco,075,870044,34377,34387,1072,35459,424
2021-03-02,San Joaquin,077,732212,67223,65769,2741,68510,1111
2021-03-02,San Luis Obispo,079,281455,19821,19452,556,20008,241
2021-03-02,San Mateo,081,765935,39713,39148,406,39554,317
2021-03-02,Santa Barbara,083,443738,32493,31964,1030,32994,416
2021-03-02,Santa Clara,085,1922200,111143,110832,582,111414,1706
2021-03-02,Santa Cruz,087,273765,15504,14611,772,15383,185
2021-03-02,Shasta,089,179085,11000,11012,1234,12246,149
2021-03-02,Sierra,091,2930,51,48,12,60,0
2021-03-02,Siskiyou,093,43540,1516,1412,233,1645,5
2021-03-02,Solano,095,438530,30013,29827,364,30191,167
2021-03-02,Sonoma,097,501317,28249,28261,218,28479,279
2021-03-02,Stanislaus,099,539301,51005,50359,5324,55683,724
2021-03-02,Sutter,101,95872,8871,8832,79,8911,99
2021-03-02,Tehama,103,63373,4621,4597,485,5082,32
2021-03-02,Trinity,105,12862,468,301,77,378,3
2021-03-02,Tulare,107,460477,48457,47326,8004,55330,783
2021-03-02,Tuolumne,109,53932,3859,3908,36,3944,53
2021-03-02,Ventura,111,848112,78310,77952,2757,80709,780
2021-03-02,Yolo,113,214977,12948,12867,151,13018,189
2021-03-02,Yuba,115,75493,5531,5475,86,5561,41
2021-03-01,Alameda,001,1643700,81284,80805,1701,82506,1105
2021-03-01,Alpine,002,1148,80,77,0,77,0
2021-03-01,Amador,005,37829,3481,3469,30,3499,42
2021-03-01,Butte,007,227075,11372,10981,1633,12614,180
2021-03-01,Calaveras,009,45235,1917,1885,11,1896,46
2021-03-01,Colusa,011,21464,1876,1871,264,2135,11
2021-03-01,Contra Costa,013,1133247,63530,62458,1063,63521,694
2021-03-01,Del Norte,015,27424,1023,982,5,987,5
2021-03-01,El Dorado,017,186661,9188,9085,606,9691,98
2021-03-01,Fresno,019,978130,96795,95677,7675,103352,1405
2021-03-01,Glenn,021,27897,2259,2232,492,2724,15
2021-03-01,Humboldt,023,135768,3211,3179,22,3201,30
2021-03-01,Imperial,025,180216,27283,26913,2445,29358,636
2021-03-01,Inyo,027,18085,1316,1285,9,1294,35
2021-03-01,Kern,029,883053,93746,92219,9766,101985,1041
2021-03-01,Kings,031,150075,22306,21988,964,22952,217
2021-03-01,Lake,033,64148,3207,3164,6,3170,40
2021-03-01,Lassen,035,31185,5124,5111,95,5206,1
2021-03-01,Los Angeles,037,10098052,1175469,1155984,38196,1194180,21293
2021-03-01,Madera,039,155013,15719,15505,821,16326,194
2021-03-01,Marin,041,260295,13297,13161,161,13322,214
2021-03-01,Mariposa,043,17540,377,375,5,380,4
2021-03-01,Mendocino,045,87422,3653,3561,72,3633,41
2021-03-01,Merced,047,269075,28581,28575,922,29497,385
2021-03-01,Modoc,049,8938,339,331,114,445,3
2021-03-01,Mono,051,14174,1189,1192,16,1208,3
2021-03-01,Monterey,053,433212,42025,41697,1662,43359,324
2021-03-01,Napa,055,140530,9088,9056,31,9087,70
2021-03-01,Nevada,057,99092,4051,3979,160,4139,66
2021-03-01,Orange,059,3164182,247853,245852,10145,255997,3976
2021-03-01,Placer,061,380077,20703,19803,1111,20914,239
2021-03-01,Plumas,063,18699,643,628,10,638,4
2021-03-01,Riverside,065,2383286,286159,279323,13286,292609,3680
2021-03-01,Sacramento,067,1510023,95008,93546,1255,94801,1401
2021-03-01,San Benito,069,59416,5752,5772,89,5861,57
2021-03-01,San Bernardino,071,2135413,286395,281685,8493,290178,3603
2021-03-01,San Diego,073,3302833,265005,260622,12967,273589,3303
2021-03-01,San Francisco,075,870044,34333,34318,1064,35382,424
2021-03-01,San Joaquin,077,732212,67114,65699,2731,68430,1097
2021-03-01,San Luis Obispo,079,281455,19799,19429,554,19983,239
2021-03-01,San Mateo,081,765935,39661,39096,406,39502,314
2021-03-01,Santa Barbara,083,443738,32450,31909,1029,32938,413
2021-03-01,Santa Clara,085,1922200,110984,110684,579,111263,1704
2021-03-01,Santa Cruz,087,273765,15485,14575,771,15346,185
2021-03-01,Shasta,089,179085,10988,10990,1231,12221,149
2021-03-01,Sierra,091,2930,51,48,12,60,0
2021-03-01,Siskiyou,093,43540,1512,1408,231,1639,5
2021-03-01,Solano,095,438530,29970,29779,363,30142,166
2021-03-01,Sonoma,097,501317,28201,28222,216,28438,278
2021-03-01,Stanislaus,099,539301,50931,50293,5318,55611,722
2021-03-01,Sutter,101,95872,8860,8825,79,8904,99
2021-03-01,Tehama,103,63373,4615,4595,485,5080,32
2021-03-01,Trinity,105,12862,468,298,76,374,3
2021-03-01,Tulare,107,460477,48419,47275,7970,55245,781
2021-03-01,Tuolumne,109,53932,3856,3907,36,3943,53
2021-03-01,Ventura,111,848112,78229,77849,2756,80605,775
2021-03-01,Yolo,113,214977,12931,12854,149,13003,188
2021-03-01,Yuba,115,75493,5519,5466,86,5552,41
2021-02-28,Alameda,001,1643700,81163,80727,1699,82426,1105
2021-02-28,Alpine,002,1148,80,77,0,77,0
2021-02-28,Amador,005,37829,3476,3466,29,3495,42
2021-02-28,Butte,007,227075,11357,10970,1632,12602,180
2021-02-28,Calaveras,009,45235,1913,1881,11,1892,46
2021-02-28,Colusa,011,21464,1876,1871,263,2134,11
2021-02-28,Contra Costa,013,1133247,63403,62386,1058,63444,694
2021-02-28,Del Norte,015,27424,1021,981,5,986,5
2021-02-28,El Dorado,017,186661,9177,9082,606,9688,98
2021-02-28,Fresno,019,978130,96613,95548,7641,103189,1405
2021-02-28,Glenn,021,27897,2257,2230,490,2720,15
2021-02-28,Humboldt,023,135768,3188,3179,22,3201,30
2021-02-28,Imperial,025,180216,27257,26909,2441,29350,636
2021-02-28,Inyo,027,18085,1311,1282,9,1291,35
2021-02-28,Kern,029,883053,93631,92169,9746,101915,1012
2021-02-28,Kings,031,150075,22285,21967,963,22930,217
2021-02-28,Lake,033,64148,3202,3164,6,3170,40
2021-02-28,Lassen,035,31185,5123,5106,95,5201,1
2021-02-28,Los Angeles,037,10098052,1174681,1155141,38134,1193275,21261
2021-02-28,Madera,039,155013,15677,15496,818,16314,199
2021-02-28,Marin,041,260295,13274,13152,159,13311,214
2021-02-28,Mariposa,043,17540,377,374,5,379,4
2021-02-28,Mendocino,045,87422,3647,3558,72,3630,41
2021-02-28,Merced,047,269075,28518,28546,921,29467,384
2021-02-28,Modoc,049,8938,339,331,114,445,3
2021-02-28,Mono,051,14174,1186,1192,16,1208,3
2021-02-28,Monterey,053,433212,41993,41683,1660,43343,323
2021-02-28,Napa,055,140530,9069,9053,31,9084,70
2021-02-28,Nevada,057,99092,4038,3972,160,4132,66
2021-02-28,Orange,059,3164182,247656,245706,10138,255844,3970
2021-02-28,Placer,061,380077,20657,19775,1109,20884,239
2021-02-28,Plumas,063,18699,643,628,10,638,4
2021-02-28,Riverside,065,2383286,285926,279214,13275,292489,3661
2021-02-28,Sacramento,067,1510023,94824,93463,1250,94713,1398
2021-02-28,San Benito,069,59416,5741,5772,89,5861,57
2021-02-28,San Bernardino,071,2135413,286253,281620,8481,290101,3595
2021-02-28,San Diego,073,3302833,264708,260353,12933,273286,3303
2021-02-28,San Francisco,075,870044,34291,34291,1058,35349,417
2021-02-28,San Joaquin,077,732212,67006,65662,2722,68384,1097
2021-02-28,San Luis Obispo,079,281455,19763,19422,552,19974,237
2021-02-28,San Mateo,081,765935,39608,39059,405,39464,314
2021-02-28,Santa Barbara,083,443738,32398,31877,1029,32906,413
2021-02-28,Santa Clara,085,1922200,110785,110556,576,111132,1704
2021-02-28,Santa Cruz,087,273765,15456,14571,768,15339,185
2021-02-28,Shasta,089,179085,10967,10990,1227,12217,149
2021-02-28,Sierra,091,2930,51,48,12,60,0
2021-02-28,Siskiyou,093,43540,1504,1408,231,1639,5
2021-02-28,Solano,095,438530,29915,29758,357,30115,166
2021-02-28,Sonoma,097,501317,28138,28193,215,28408,279
2021-02-28,Stanislaus,099,539301,50840,50228,5306,55534,728
2021-02-28,Sutter,101,95872,8845,8825,79,8904,99
2021-02-28,Tehama,103,63373,4610,4590,485,5075,32
2021-02-28,Trinity,105,12862,468,298,76,374,3
2021-02-28,Tulare,107,460477,48357,47258,7939,55197,780
2021-02-28,Tuolumne,109,53932,3851,3905,36,3941,53
2021-02-28,Ventura,111,848112,78117,77749,2753,80502,775
2021-02-28,Yolo,113,214977,12908,12851,149,13000,188
2021-02-28,Yuba,115,75493,5509,5461,86,5547,41
2021-02-27,Alameda,001,1643700,81090,80565,1697,82262,1108
2021-02-27,Alpine,002,1148,80,77,0,77,0
2021-02-27,Amador,005,37829,3474,3463,29,3492,42
2021-02-27,Butte,007,227075,11345,10962,1632,12594,180
2021-02-27,Calaveras,009,45235,1908,1875,11,1886,46
2021-02-27,Colusa,011,21464,1875,1869,263,2132,11
2021-02-27,Contra Costa,013,1133247,63333,62248,1055,63303,693
2021-02-27,Del Norte,015,27424,1019,978,5,983,5
2021-02-27,El Dorado,017,186661,9173,9072,606,9678,98
2021-02-27,Fresno,019,978130,96536,95393,7630,103023,1400
2021-02-27,Glenn,021,27897,2256,2225,489,2714,15
2021-02-27,Humboldt,023,135768,3182,3167,22,3189,30
2021-02-27,Imperial,025,180216,27249,26903,2439,29342,633
2021-02-27,Inyo,027,18085,1308,1275,9,1284,35
2021-02-27,Kern,029,883053,93570,92053,9731,101784,996
2021-02-27,Kings,031,150075,22275,21955,960,22915,216
2021-02-27,Lake,033,64148,3199,3156,6,3162,40
2021-02-27,Lassen,035,31185,5123,5106,95,5201,1
2021-02-27,Los Angeles,037,10098052,1174180,1154275,38107,1192382,21158
2021-02-27,Madera,039,155013,15660,15467,817,16284,199
2021-02-27,Marin,041,260295,13250,13134,159,13293,214
2021-02-27,Mariposa,043,17540,377,374,5,379,4
2021-02-27,Mendocino,045,87422,3644,3555,72,3627,41
2021-02-27,Merced,047,269075,28476,28501,913,29414,384
2021-02-27,Modoc,049,8938,339,331,113,444,3
2021-02-27,Mono,051,14174,1184,1191,16,1207,3
2021-02-27,Monterey,053,433212,41984,41665,1659,43324,322
2021-02-27,Napa,055,140530,9058,9038,31,9069,71
2021-02-27,Nevada,057,99092,4032,3960,160,4120,66
2021-02-27,Orange,059,3164182,247529,245542,10127,255669,3960
2021-02-27,Placer,061,380077,20621,19726,1106,20832,239
2021-02-27,Plumas,063,18699,643,628,10,638,4
2021-02-27,Riverside,065,2383286,285816,279048,13265,292313,3663
2021-02-27,Sacramento,067,1510023,94741,93281,1240,94521,1396
2021-02-27,San Benito,069,59416,5740,5767,88,5855,57
2021-02-27,San Bernardino,071,2135413,286174,281471,8476,289947,3527
2021-02-27,San Diego,073,3302833,264518,260091,12895,272986,3284
2021-02-27,San Francisco,075,870044,34257,34260,1055,35315,413
2021-02-27,San Joaquin,077,732212,66960,65578,2720,68298,1100
2021-02-27,San Luis Obispo,079,281455,19742,19411,551,19962,237
2021-02-27,San Mateo,081,765935,39567,38998,404,39402,313
2021-02-27,Santa Barbara,083,443738,32364,31805,1028,32833,411
2021-02-27,Santa Clara,085,1922200,110637,110361,574,110935,1703
2021-02-27,Santa Cruz,087,273765,15447,14552,767,15319,185
2021-02-27,Shasta,089,179085,10961,10985,1223,12208,149
2021-02-27,Sierra,091,2930,51,48,12,60,0
2021-02-27,Siskiyou,093,43540,1502,1407,230,1637,5
2021-02-27,Solano,095,438530,29887,29718,356,30074,165
2021-02-27,Sonoma,097,501317,28094,28141,210,28351,281
2021-02-27,Stanislaus,099,539301,50785,50147,5296,55443,733
2021-02-27,Sutter,101,95872,8840,8820,79,8899,99
2021-02-27,Tehama,103,63373,4605,4584,484,5068,32
2021-02-27,Trinity,105,12862,468,298,76,374,3
2021-02-27,Tulare,107,460477,48320,47209,7913,55122,770
2021-02-27,Tuolumne,109,53932,3848,3899,36,3935,53
2021-02-27,Ventura,111,848112,78044,77623,2750,80373,771
2021-02-27,Yolo,113,214977,12896,12834,149,12983,188
2021-02-27,Yuba,115,75493,5506,5450,86,5536,39
2021-02-26,Alameda,001,1643700,80995,80387,1692,82079,1106
2021-02-26,Alpine,002,1148,80,77,0,77,0
2021-02-26,Amador,005,37829,3468,3457,29,3486,42
2021-02-26,Butte,007,227075,11335,10941,1632,12573,180
2021-02-26,Calaveras,009,45235,1906,1873,11,1884,46
2021-02-26,Colusa,011,21464,1875,1865,263,2128,11
2021-02-26,Contra Costa,013,1133247,63251,62114,1055,63169,685
2021-02-26,Del Norte,015,27424,1015,968,5,973,5
2021-02-26,El Dorado,017,186661,9168,9038,604,9642,98
2021-02-26,Fresno,019,978130,96434,95202,7622,102824,1391
2021-02-26,Glenn,021,27897,2253,2220,489,2709,15
2021-02-26,Humboldt,023,135768,3176,3152,22,3174,30
2021-02-26,Imperial,025,180216,27242,26888,2437,29325,631
2021-02-26,Inyo,027,18085,1306,1271,9,1280,34
2021-02-26,Kern,029,883053,93491,91884,9715,101599,997
2021-02-26,Kings,031,150075,22259,21917,957,22874,216
2021-02-26,Lake,033,64148,3194,3153,6,3159,40
2021-02-26,Lassen,035,31185,5123,5102,95,5197,1
2021-02-26,Los Angeles,037,10098052,1173603,1153131,38047,1191178,21070
2021-02-26,Madera,039,155013,15644,15436,815,16251,199
2021-02-26,Marin,041,260295,13237,13091,159,13250,214
2021-02-26,Mariposa,043,17540,377,375,5,380,4
2021-02-26,Mendocino,045,87422,3639,3549,72,3621,41
2021-02-26,Merced,047,269075,28442,28455,912,29367,382
2021-02-26,Modoc,049,8938,338,330,113,443,3
2021-02-26,Mono,051,14174,1182,1191,16,1207,3
2021-02-26,Monterey,053,433212,41958,41607,1658,43265,322
2021-02-26,Napa,055,140530,9052,9014,31,9045,70
2021-02-26,Nevada,057,99092,4021,3952,160,4112,66
2021-02-26,Orange,059,3164182,247390,245278,10117,255395,3918
2021-02-26,Placer,061,380077,20595,19712,1100,20812,239
2021-02-26,Plumas,063,18699,643,628,10,638,4
2021-02-26,Riverside,065,2383286,285672,278772,13259,292031,3653
2021-02-26,Sacramento,067,1510023,94618,93180,1237,94417,1390
2021-02-26,San Benito,069,59416,5739,5759,88,5847,57
2021-02-26,San Bernardino,071,2135413,286074,281132,8474,289606,3461
2021-02-26,San Diego,073,3302833,264290,259641,12874,272515,3271
2021-02-26,San Francisco,075,870044,34227,34213,1052,35265,413
2021-02-26,San Joaquin,077,732212,66879,65492,2714,68206,1070
2021-02-26,San Luis Obispo,079,281455,19726,19359,549,19908,234
2021-02-26,San Mateo,081,765935,39522,38922,404,39326,313
2021-02-26,Santa Barbara,083,443738,32320,31724,1027,32751,410
2021-02-26,Santa Clara,085,1922200,110505,110168,572,110740,1700
2021-02-26,Santa Cruz,087,273765,15435,14528,766,15294,185
2021-02-26,Shasta,089,179085,10954,10972,1214,12186,149
2021-02-26,Sierra,091,2930,51,47,12,59,0
2021-02-26,Siskiyou,093,43540,1502,1401,229,1630,5
2021-02-26,Solano,095,438530,29853,29651,355,30006,165
2021-02-26,Sonoma,097,501317,28065,28063,209,28272,280
2021-02-26,Stanislaus,099,539301,50729,50054,5288,55342,737
2021-02-26,Sutter,101,95872,8831,8806,79,8885,99
2021-02-26,Tehama,103,63373,4603,4581,484,5065,32
2021-02-26,Trinity,105,12862,467,298,76,374,3
2021-02-26,Tulare,107,460477,48284,47135,7884,55019,770
2021-02-26,Tuolumne,109,53932,3847,3896,36,3932,53
2021-02-26,Ventura,111,848112,77944,77534,2746,80280,765
2021-02-26,Yolo,113,214977,12889,12816,149,12965,188
2021-02-26,Yuba,115,75493,5501,5438,86,5524,39
2021-02-25,Alameda,001,1643700,80874,80181,1691,81872,1093
2021-02-25,Alpine,002,1148,80,77,0,77,0
2021-02-25,Amador,005,37829,3465,3448,29,3477,41
2021-02-25,Butte,007,227075,11314,10922,1627,12549,178
2021-02-25,Calaveras,009,45235,1898,1868,11,1879,46
2021-02-25,Colusa,011,21464,1872,1863,262,2125,11
2021-02-25,Contra Costa,013,1133247,63149,61910,1055,62965,686
2021-02-25,Del Norte,015,27424,1005,966,5,971,5
2021-02-25,El Dorado,017,186661,9152,9012,604,9616,98
2021-02-25,Fresno,019,978130,96290,95015,7602,102617,1377
2021-02-25,Glenn,021,27897,2250,2219,488,2707,15
2021-02-25,Humboldt,023,135768,3169,3129,22,3151,30
2021-02-25,Imperial,025,180216,27235,26855,2433,29288,628
2021-02-25,Inyo,027,18085,1300,1264,9,1273,33
2021-02-25,Kern,029,883053,93375,91735,9690,101425,992
2021-02-25,Kings,031,150075,22250,21900,954,22854,216
2021-02-25,Lake,033,64148,3185,3141,6,3147,40
2021-02-25,Lassen,035,31185,5122,5097,94,5191,1
2021-02-25,Los Angeles,037,10098052,1172856,1151846,37990,1189836,20931
2021-02-25,Madera,039,155013,15609,15414,811,16225,194
2021-02-25,Marin,041,260295,13214,13067,159,13226,214
2021-02-25,Mariposa,043,17540,377,375,5,380,4
2021-02-25,Mendocino,045,87422,3634,3542,72,3614,41
2021-02-25,Merced,047,269075,28393,28383,910,29293,382
2021-02-25,Modoc,049,8938,338,329,113,442,3
2021-02-25,Mono,051,14174,1181,1190,16,1206,3
2021-02-25,Monterey,053,433212,41933,41564,1653,43217,321
2021-02-25,Napa,055,140530,9026,8998,31,9029,70
2021-02-25,Nevada,057,99092,4004,3940,159,4099,66
2021-02-25,Orange,059,3164182,247217,245000,10107,255107,3882
2021-02-25,Placer,061,380077,20556,19661,1098,20759,239
2021-02-25,Plumas,063,18699,643,626,10,636,4
2021-02-25,Riverside,065,2383286,285484,278544,13239,291783,3646
2021-02-25,Sacramento,067,1510023,94460,92961,1225,94186,1386
2021-02-25,San Benito,069,59416,5734,5752,88,5840,58
2021-02-25,San Bernardino,071,2135413,285939,280946,8466,289412,3409
2021-02-25,San Diego,073,3302833,263996,258979,12844,271823,3260
2021-02-25,San Francisco,075,870044,34184,34138,1050,35188,408
2021-02-25,San Joaquin,077,732212,66795,65389,2702,68091,1047
2021-02-25,San Luis Obispo,079,281455,19705,19335,547,19882,234
2021-02-25,San Mateo,081,765935,39475,38872,404,39276,300
2021-02-25,Santa Barbara,083,443738,32243,31631,1026,32657,408
2021-02-25,Santa Clara,085,1922200,110340,109923,571,110494,1677
2021-02-25,Santa Cruz,087,273765,15416,14492,765,15257,185
2021-02-25,Shasta,089,179085,10942,10947,1209,12156,148
2021-02-25,Sierra,091,2930,51,47,12,59,0
2021-02-25,Siskiyou,093,43540,1497,1390,226,1616,4
2021-02-25,Solano,095,438530,29821,29616,355,29971,161
2021-02-25,Sonoma,097,501317,28011,28004,206,28210,278
2021-02-25,Stanislaus,099,539301,50638,49964,5278,55242,738
2021-02-25,Sutter,101,95872,8817,8789,78,8867,99
2021-02-25,Tehama,103,63373,4600,4578,482,5060,32
2021-02-25,Trinity,105,12862,467,297,76,373,3
2021-02-25,Tulare,107,460477,48234,47052,7858,54910,765
2021-02-25,Tuolumne,109,53932,3844,3894,36,3930,53
2021-02-25,Ventura,111,848112,77836,77395,2740,80135,751
2021-02-25,Yolo,113,214977,12872,12787,149,12936,188
2021-02-25,Yuba,115,75493,5494,5429,86,5515,39
2021-02-24,Alameda,001,1643700,80754,80070,1687,81757,1082
2021-02-24,Alpine,002,1148,79,77,0,77,0
2021-02-24,Amador,005,37829,3460,3444,29,3473,41
2021-02-24,Butte,007,227075,11301,10915,1623,12538,178
2021-02-24,Calaveras,009,45235,1894,1864,11,1875,31
2021-02-24,Colusa,011,21464,1870,1863,262,2125,11
2021-02-24,Contra Costa,013,1133247,63041,61776,1055,62831,663
2021-02-24,Del Norte,015,27424,1004,960,4,964,5
2021-02-24,El Dorado,017,186661,9139,8993,604,9597,98
2021-02-24,Fresno,019,978130,96141,94794,7586,102380,1369
2021-02-24,Glenn,021,27897,2249,2210,488,2698,14
2021-02-24,Humboldt,023,135768,3157,3123,22,3145,29
2021-02-24,Imperial,025,180216,27222,26843,2428,29271,596
2021-02-24,Inyo,027,18085,1295,1253,9,1262,32
2021-02-24,Kern,029,883053,93242,91525,9674,101199,992
2021-02-24,Kings,031,150075,22225,21871,952,22823,216
2021-02-24,Lake,033,64148,3178,3134,6,3140,40
2021-02-24,Lassen,035,31185,5118,5095,93,5188,1
2021-02-24,Los Angeles,037,10098052,1172096,1150322,37951,1188273,20817
2021-02-24,Madera,039,155013,15582,15390,811,16201,194
2021-02-24,Marin,041,260295,13191,13044,158,13202,214
2021-02-24,Mariposa,043,17540,377,374,5,379,4
2021-02-24,Mendocino,045,87422,3627,3540,72,3612,41
2021-02-24,Merced,047,269075,28355,28295,906,29201,383
2021-02-24,Modoc,049,8938,337,329,113,442,3
2021-02-24,Mono,051,14174,1179,1189,16,1205,3
2021-02-24,Monterey,053,433212,41908,41495,1651,43146,320
2021-02-24,Napa,055,140530,9009,8976,31,9007,70
2021-02-24,Nevada,057,99092,3994,3927,159,4086,66
2021-02-24,Orange,059,3164182,246998,244743,10094,254837,3835
2021-02-24,Placer,061,380077,20517,19648,1092,20740,239
2021-02-24,Plumas,063,18699,641,626,10,636,4
2021-02-24,Riverside,065,2383286,285256,278293,13230,291523,3603
2021-02-24,Sacramento,067,1510023,94306,92742,1220,93962,1375
2021-02-24,San Benito,069,59416,5733,5743,88,5831,57
2021-02-24,San Bernardino,071,2135413,285787,280583,8462,289045,3360
2021-02-24,San Diego,073,3302833,263700,258460,12828,271288,3230
2021-02-24,San Francisco,075,870044,34138,34061,1047,35108,406
2021-02-24,San Joaquin,077,732212,66685,65274,2700,67974,1019
2021-02-24,San Luis Obispo,079,281455,19682,19309,545,19854,233
2021-02-24,San Mateo,081,765935,39438,38763,404,39167,300
2021-02-24,Santa Barbara,083,443738,32191,31563,1023,32586,405
2021-02-24,Santa Clara,085,1922200,110191,109671,570,110241,1674
2021-02-24,Santa Cruz,087,273765,15395,14458,765,15223,185
2021-02-24,Shasta,089,179085,10929,10922,1206,12128,148
2021-02-24,Sierra,091,2930,51,47,12,59,0
2021-02-24,Siskiyou,093,43540,1490,1385,222,1607,4
2021-02-24,Solano,095,438530,29782,29577,353,29930,158
2021-02-24,Sonoma,097,501317,27947,27954,202,28156,278
2021-02-24,Stanislaus,099,539301,50567,49851,5271,55122,732
2021-02-24,Sutter,101,95872,8807,8778,78,8856,99
2021-02-24,Tehama,103,63373,4597,4566,482,5048,31
2021-02-24,Trinity,105,12862,467,294,75,369,3
2021-02-24,Tulare,107,460477,48178,46976,7830,54806,759
2021-02-24,Tuolumne,109,53932,3841,3887,36,3923,53
2021-02-24,Ventura,111,848112,77728,77238,2739,79977,718
2021-02-24,Yolo,113,214977,12859,12760,149,12909,188
2021-02-24,Yuba,115,75493,5483,5425,84,5509,39
2021-02-23,Alameda,001,1643700,80615,79948,1685,81633,1070
2021-02-23,Alpine,002,1148,78,77,0,77,0
2021-02-23,Amador,005,37829,3458,3440,29,3469,41
2021-02-23,Butte,007,227075,11285,10887,1620,12507,176
2021-02-23,Calaveras,009,45235,1893,1863,11,1874,21
2021-02-23,Colusa,011,21464,1867,1862,262,2124,11
2021-02-23,Contra Costa,013,1133247,62907,61613,1052,62665,661
2021-02-23,Del Norte,015,27424,1002,953,4,957,3
2021-02-23,El Dorado,017,186661,9126,8969,604,9573,96
2021-02-23,Fresno,019,978130,95980,94741,7572,102313,1356
2021-02-23,Glenn,021,27897,2247,2209,488,2697,14
2021-02-23,Humboldt,023,135768,3140,3108,22,3130,29
2021-02-23,Imperial,025,180216,27202,26816,2423,29239,591
2021-02-23,Inyo,027,18085,1291,1250,9,1259,32
2021-02-23,Kern,029,883053,93103,91390,9646,101036,982
2021-02-23,Kings,031,150075,22210,21839,948,22787,216
2021-02-23,Lake,033,64148,3170,3121,6,3127,40
2021-02-23,Lassen,035,31185,5115,5092,93,5185,1
2021-02-23,Los Angeles,037,10098052,1171222,1148965,37899,1186864,19887
2021-02-23,Madera,039,155013,15568,15352,805,16157,193
2021-02-23,Marin,041,260295,13171,13015,157,13172,214
2021-02-23,Mariposa,043,17540,377,374,5,379,4
2021-02-23,Mendocino,045,87422,3625,3540,71,3611,41
2021-02-23,Merced,047,269075,28275,28209,899,29108,381
2021-02-23,Modoc,049,8938,336,328,112,440,3
2021-02-23,Mono,051,14174,1179,1189,16,1205,3
2021-02-23,Monterey,053,433212,41869,41439,1646,43085,317
2021-02-23,Napa,055,140530,8997,8967,31,8998,70
2021-02-23,Nevada,057,99092,3986,3912,159,4071,66
2021-02-23,Orange,059,3164182,246800,244566,10076,254642,3843
2021-02-23,Placer,061,380077,20492,19608,1088,20696,238
2021-02-23,Plumas,063,18699,640,626,10,636,4
2021-02-23,Riverside,065,2383286,285019,278075,13216,291291,3599
2021-02-23,Sacramento,067,1510023,94149,92632,1214,93846,1370
2021-02-23,San Benito,069,59416,5727,5731,87,5818,57
2021-02-23,San Bernardino,071,2135413,285599,280279,8457,288736,3283
2021-02-23,San Diego,073,3302833,263323,257802,12798,270600,3218
2021-02-23,San Francisco,075,870044,34089,33994,1046,35040,405
2021-02-23,San Joaquin,077,732212,66585,65141,2693,67834,1004
2021-02-23,San Luis Obispo,079,281455,19653,19233,544,19777,230
2021-02-23,San Mateo,081,765935,39377,38662,404,39066,299
2021-02-23,Santa Barbara,083,443738,32136,31483,1022,32505,402
2021-02-23,Santa Clara,085,1922200,109994,109449,567,110016,1661
2021-02-23,Santa Cruz,087,273765,15366,14435,763,15198,178
2021-02-23,Shasta,089,179085,10917,10903,1202,12105,146
2021-02-23,Sierra,091,2930,51,47,12,59,0
2021-02-23,Siskiyou,093,43540,1485,1380,220,1600,4
2021-02-23,Solano,095,438530,29742,29545,350,29895,154
2021-02-23,Sonoma,097,501317,27904,27882,199,28081,278
2021-02-23,Stanislaus,099,539301,50489,49749,5255,55004,722
2021-02-23,Sutter,101,95872,8794,8766,78,8844,98
2021-02-23,Tehama,103,63373,4591,4556,481,5037,30
2021-02-23,Trinity,105,12862,467,292,74,366,3
2021-02-23,Tulare,107,460477,48100,46937,7797,54734,757
2021-02-23,Tuolumne,109,53932,3837,3864,36,3900,53
2021-02-23,Ventura,111,848112,77612,77093,2730,79823,689
2021-02-23,Yolo,113,214977,12830,12729,149,12878,188
2021-02-23,Yuba,115,75493,5470,5417,83,5500,38
2021-02-22,Alameda,001,1643700,80464,79796,1681,81477,1062
2021-02-22,Alpine,002,1148,78,77,0,77,0
2021-02-22,Amador,005,37829,3453,3438,29,3467,39
2021-02-22,Butte,007,227075,11272,10855,1615,12470,176
2021-02-22,Calaveras,009,45235,1891,1862,11,1873,21
2021-02-22,Colusa,011,21464,1867,1860,262,2122,11
2021-02-22,Contra Costa,013,1133247,62779,61478,1051,62529,661
2021-02-22,Del Norte,015,27424,1001,948,4,952,3
2021-02-22,El Dorado,017,186661,9109,8940,604,9544,96
2021-02-22,Fresno,019,978130,95818,94584,7555,102139,1351
2021-02-22,Glenn,021,27897,2242,2207,486,2693,14
2021-02-22,Humboldt,023,135768,3128,3095,22,3117,29
2021-02-22,Imperial,025,180216,27180,26778,2416,29194,590
2021-02-22,Inyo,027,18085,1286,1248,9,1257,32
2021-02-22,Kern,029,883053,92986,91201,9624,100825,982
2021-02-22,Kings,031,150075,22187,21801,945,22746,214
2021-02-22,Lake,033,64148,3164,3107,6,3113,40
2021-02-22,Lassen,035,31185,5115,5088,92,5180,1
2021-02-22,Los Angeles,037,10098052,1170362,1147541,37843,1185384,19730
2021-02-22,Madera,039,155013,15543,15325,801,16126,193
2021-02-22,Marin,041,260295,13146,12991,154,13145,213
2021-02-22,Mariposa,043,17540,376,374,5,379,4
2021-02-22,Mendocino,045,87422,3619,3535,71,3606,41
2021-02-22,Merced,047,269075,28212,28166,896,29062,379
2021-02-22,Modoc,049,8938,336,329,112,441,3
2021-02-22,Mono,051,14174,1175,1189,16,1205,3
2021-02-22,Monterey,053,433212,41824,41397,1640,43037,311
2021-02-22,Napa,055,140530,8970,8950,31,8981,69
2021-02-22,Nevada,057,99092,3977,3900,157,4057,66
2021-02-22,Orange,059,3164182,246564,244118,10058,254176,3843
2021-02-22,Placer,061,380077,20455,19587,1080,20667,238
2021-02-22,Plumas,063,18699,640,625,10,635,4
2021-02-22,Riverside,065,2383286,284757,277730,13208,290938,3567
2021-02-22,Sacramento,067,1510023,93982,92476,1204,93680,1359
2021-02-22,San Benito,069,59416,5725,5723,87,5810,57
2021-02-22,San Bernardino,071,2135413,285422,279984,8444,288428,3259
2021-02-22,San Diego,073,3302833,262913,257348,12765,270113,3189
2021-02-22,San Francisco,075,870044,34029,33947,1041,34988,405
2021-02-22,San Joaquin,077,732212,66489,65060,2680,67740,1001
2021-02-22,San Luis Obispo,079,281455,19616,19198,542,19740,229
2021-02-22,San Mateo,081,765935,39320,38542,401,38943,282
2021-02-22,Santa Barbara,083,443738,32070,31421,1019,32440,399
2021-02-22,Santa Clara,085,1922200,109785,109213,556,109769,1655
2021-02-22,Santa Cruz,087,273765,15340,14417,763,15180,176
2021-02-22,Shasta,089,179085,10902,10872,1197,12069,145
2021-02-22,Sierra,091,2930,51,47,12,59,0
2021-02-22,Siskiyou,093,43540,1479,1373,219,1592,4
2021-02-22,Solano,095,438530,29703,29508,349,29857,150
2021-02-22,Sonoma,097,501317,27859,27845,198,28043,278
2021-02-22,Stanislaus,099,539301,50387,49630,5237,54867,722
2021-02-22,Sutter,101,95872,8786,8698,78,8776,98
2021-02-22,Tehama,103,63373,4588,4550,480,5030,30
2021-02-22,Trinity,105,12862,467,287,73,360,3
2021-02-22,Tulare,107,460477,48038,46879,7765,54644,751
2021-02-22,Tuolumne,109,53932,3833,3856,36,3892,53
2021-02-22,Ventura,111,848112,77484,76947,2725,79672,677
2021-02-22,Yolo,113,214977,12803,12689,149,12838,183
2021-02-22,Yuba,115,75493,5467,5404,82,5486,38
2021-02-21,Alameda,001,1643700,80270,79649,1677,81326,1061
2021-02-21,Alpine,002,1148,78,77,0,77,0
2021-02-21,Amador,005,37829,3445,3435,29,3464,39
2021-02-21,Butte,007,227075,11254,10855,1613,12468,176
2021-02-21,Calaveras,009,45235,1890,1860,11,1871,21
2021-02-21,Colusa,011,21464,1866,1860,258,2118,11
2021-02-21,Contra Costa,013,1133247,62624,61364,1048,62412,661
2021-02-21,Del Norte,015,27424,995,942,4,946,3
2021-02-21,El Dorado,017,186661,9091,8927,603,9530,96
2021-02-21,Fresno,019,978130,95675,94374,7539,101913,1349
2021-02-21,Glenn,021,27897,2240,2201,484,2685,14
2021-02-21,Humboldt,023,135768,3116,3096,22,3118,29
2021-02-21,Imperial,025,180216,27166,26779,2414,29193,590
2021-02-21,Inyo,027,18085,1280,1232,9,1241,32
2021-02-21,Kern,029,883053,92861,91141,9586,100727,980
2021-02-21,Kings,031,150075,22151,21784,943,22727,213
2021-02-21,Lake,033,64148,3156,3100,6,3106,40
2021-02-21,Lassen,035,31185,5107,5077,92,5169,1
2021-02-21,Los Angeles,037,10098052,1169320,1146756,37799,1184555,19711
2021-02-21,Madera,039,155013,15510,15298,798,16096,192
2021-02-21,Marin,041,260295,13117,12968,154,13122,212
2021-02-21,Mariposa,043,17540,376,373,5,378,4
2021-02-21,Mendocino,045,87422,3614,3535,71,3606,41
2021-02-21,Merced,047,269075,28138,28106,881,28987,379
2021-02-21,Modoc,049,8938,333,329,112,441,3
2021-02-21,Mono,051,14174,1175,1189,16,1205,3
2021-02-21,Monterey,053,433212,41768,41373,1633,43006,309
2021-02-21,Napa,055,140530,8956,8929,31,8960,69
2021-02-21,Nevada,057,99092,3964,3895,157,4052,66
2021-02-21,Orange,059,3164182,246267,243985,10041,254026,3801
2021-02-21,Placer,061,380077,20419,19553,1076,20629,238
2021-02-21,Plumas,063,18699,640,625,10,635,4
2021-02-21,Riverside,065,2383286,284524,277555,13195,290750,3564
2021-02-21,Sacramento,067,1510023,93772,92288,1194,93482,1354
2021-02-21,San Benito,069,59416,5715,5716,84,5800,57
2021-02-21,San Bernardino,071,2135413,285198,279870,8430,288300,3247
2021-02-21,San Diego,073,3302833,262479,257027,12719,269746,3190
2021-02-21,San Francisco,075,870044,33965,33891,1037,34928,405
2021-02-21,San Joaquin,077,732212,66350,64997,2668,67665,1001
2021-02-21,San Luis Obispo,079,281455,19583,19178,540,19718,229
2021-02-21,San Mateo,081,765935,39258,38448,397,38845,282
2021-02-21,Santa Barbara,083,443738,32008,31374,1016,32390,399
2021-02-21,Santa Clara,085,1922200,109561,108992,548,109540,1654
2021-02-21,Santa Cruz,087,273765,15317,14401,762,15163,176
2021-02-21,Shasta,089,179085,10888,10867,1192,12059,145
2021-02-21,Sierra,091,2930,51,47,12,59,0
2021-02-21,Siskiyou,093,43540,1473,1371,219,1590,4
2021-02-21,Solano,095,438530,29648,29471,348,29819,150
2021-02-21,Sonoma,097,501317,27795,27793,191,27984,278
2021-02-21,Stanislaus,099,539301,50274,49527,5223,54750,726
2021-02-21,Sutter,101,95872,8769,8687,77,8764,97
2021-02-21,Tehama,103,63373,4579,4547,480,5027,30
2021-02-21,Trinity,105,12862,465,286,73,359,3
2021-02-21,Tulare,107,460477,47970,46830,7730,54560,749
2021-02-21,Tuolumne,109,53932,3819,3828,36,3864,53
2021-02-21,Ventura,111,848112,77335,76862,2712,79574,677
2021-02-21,Yolo,113,214977,12772,12670,148,12818,183
2021-02-21,Yuba,115,75493,5460,5396,81,5477,38
2021-02-20,Alameda,001,1643700,80179,79496,1672,81168,1055
2021-02-20,Alpine,002,1148,78,77,0,77,0
2021-02-20,Amador,005,37829,3443,3432,29,3461,39
2021-02-20,Butte,007,227075,11246,10838,1612,12450,176
2021-02-20,Calaveras,009,45235,1889,1858,11,1869,21
2021-02-20,Colusa,011,21464,1865,1858,258,2116,11
2021-02-20,Contra Costa,013,1133247,62540,61205,1046,62251,663
2021-02-20,Del Norte,015,27424,991,937,4,941,3
2021-02-20,El Dorado,017,186661,9081,8911,602,9513,96
2021-02-20,Fresno,019,978130,95592,94234,7519,101753,1341
2021-02-20,Glenn,021,27897,2236,2199,483,2682,14
2021-02-20,Humboldt,023,135768,3108,3073,22,3095,29
2021-02-20,Imperial,025,180216,27156,26771,2414,29185,590
2021-02-20,Inyo,027,18085,1276,1226,9,1235,32
2021-02-20,Kern,029,883053,92790,91025,9554,100579,968
2021-02-20,Kings,031,150075,22133,21773,942,22715,212
2021-02-20,Lake,033,64148,3149,3089,6,3095,40
2021-02-20,Lassen,035,31185,5105,5067,92,5159,1
2021-02-20,Los Angeles,037,10098052,1168750,1145594,37759,1183353,19630
2021-02-20,Madera,039,155013,15490,15274,797,16071,191
2021-02-20,Marin,041,260295,13096,12945,152,13097,211
2021-02-20,Mariposa,043,17540,376,372,5,377,4
2021-02-20,Mendocino,045,87422,3612,3533,71,3604,40
2021-02-20,Merced,047,269075,28095,28066,878,28944,379
2021-02-20,Modoc,049,8938,333,328,112,440,3
2021-02-20,Mono,051,14174,1174,1187,16,1203,3
2021-02-20,Monterey,053,433212,41746,41313,1631,42944,309
2021-02-20,Napa,055,140530,8947,8910,31,8941,69
2021-02-20,Nevada,057,99092,3954,3887,156,4043,66
2021-02-20,Orange,059,3164182,246098,243761,10027,253788,3755
2021-02-20,Placer,061,380077,20378,19509,1072,20581,236
2021-02-20,Plumas,063,18699,640,626,10,636,4
2021-02-20,Riverside,065,2383286,284370,277267,13186,290453,3559
2021-02-20,Sacramento,067,1510023,93649,92057,1192,93249,1352
2021-02-20,San Benito,069,59416,5704,5709,84,5793,57
2021-02-20,San Bernardino,071,2135413,285096,279608,8425,288033,3203
2021-02-20,San Diego,073,3302833,262237,256510,12690,269200,3188
2021-02-20,San Francisco,075,870044,33923,33820,1029,34849,399
2021-02-20,San Joaquin,077,732212,66280,64916,2663,67579,1001
2021-02-20,San Luis Obispo,079,281455,19559,19138,539,19677,229
2021-02-20,San Mateo,081,765935,39214,38371,396,38767,282
2021-02-20,Santa Barbara,083,443738,31974,31289,1015,32304,396
2021-02-20,Santa Clara,085,1922200,109383,108728,545,109273,1649
2021-02-20,Santa Cruz,087,273765,15306,14378,760,15138,176
2021-02-20,Shasta,089,179085,10874,10850,1187,12037,146
2021-02-20,Sierra,091,2930,51,47,12,59,0
2021-02-20,Siskiyou,093,43540,1470,1366,219,1585,4
2021-02-20,Solano,095,438530,29634,29440,346,29786,150
2021-02-20,Sonoma,097,501317,27766,27703,189,27892,278
2021-02-20,Stanislaus,099,539301,50223,49445,5209,54654,733
2021-02-20,Sutter,101,95872,8763,8681,77,8758,97
2021-02-20,Tehama,103,63373,4574,4545,480,5025,30
2021-02-20,Trinity,105,12862,464,285,72,357,3
2021-02-20,Tulare,107,460477,47934,46769,7708,54477,739
2021-02-20,Tuolumne,109,53932,3814,3823,36,3859,53
2021-02-20,Ventura,111,848112,77240,76757,2709,79466,671
2021-02-20,Yolo,113,214977,12758,12639,148,12787,183
2021-02-20,Yuba,115,75493,5457,5386,81,5467,38
2021-02-19,Alameda,001,1643700,80079,79318,1668,80986,1047
2021-02-19,Alpine,002,1148,78,77,0,77,0
2021-02-19,Amador,005,37829,3439,3427,29,3456,39
2021-02-19,Butte,007,227075,11232,10823,1605,12428,176
2021-02-19,Calaveras,009,45235,1888,1856,11,1867,21
2021-02-19,Colusa,011,21464,1865,1858,258,2116,11
2021-02-19,Contra Costa,013,1133247,62428,61017,1043,62060,651
2021-02-19,Del Norte,015,27424,986,932,4,936,2
2021-02-19,El Dorado,017,186661,9072,8882,601,9483,96
2021-02-19,Fresno,019,978130,95462,93973,7503,101476,1330
2021-02-19,Glenn,021,27897,2231,2199,482,2681,14
2021-02-19,Humboldt,023,135768,3096,3037,22,3059,29
2021-02-19,Imperial,025,180216,27150,26751,2411,29162,589
2021-02-19,Inyo,027,18085,1271,1212,9,1221,32
2021-02-19,Kern,029,883053,92721,90807,9514,100321,963
2021-02-19,Kings,031,150075,22119,21724,940,22664,211
2021-02-19,Lake,033,64148,3143,3078,6,3084,40
2021-02-19,Lassen,035,31185,5104,5057,92,5149,1
2021-02-19,Los Angeles,037,10098052,1167999,1143828,37719,1181547,19498
2021-02-19,Madera,039,155013,15473,15222,795,16017,188
2021-02-19,Marin,041,260295,13078,12919,151,13070,210
2021-02-19,Mariposa,043,17540,376,371,5,376,4
2021-02-19,Mendocino,045,87422,3610,3526,71,3597,39
2021-02-19,Merced,047,269075,28065,27985,875,28860,376
2021-02-19,Modoc,049,8938,333,328,112,440,3
2021-02-19,Mono,051,14174,1174,1186,16,1202,3
2021-02-19,Monterey,053,433212,41719,41209,1627,42836,309
2021-02-19,Napa,055,140530,8934,8899,31,8930,69
2021-02-19,Nevada,057,99092,3948,3863,156,4019,66
2021-02-19,Orange,059,3164182,245922,243397,10015,253412,3715
2021-02-19,Placer,061,380077,20356,19457,1072,20529,236
2021-02-19,Plumas,063,18699,638,624,10,634,4
2021-02-19,Riverside,065,2383286,284201,276941,13169,290110,3541
2021-02-19,Sacramento,067,1510023,93529,91815,1188,93003,1351
2021-02-19,San Benito,069,59416,5699,5699,84,5783,57
2021-02-19,San Bernardino,071,2135413,284960,279209,8420,287629,3117
2021-02-19,San Diego,073,3302833,261946,255799,12667,268466,3169
2021-02-19,San Francisco,075,870044,33875,33746,1023,34769,387
2021-02-19,San Joaquin,077,732212,66204,64774,2655,67429,988
2021-02-19,San Luis Obispo,079,281455,19528,19061,537,19598,230
2021-02-19,San Mateo,081,765935,39156,38256,394,38650,282
2021-02-19,Santa Barbara,083,443738,31910,31204,1014,32218,392
2021-02-19,Santa Clara,085,1922200,109171,108400,543,108943,1634
2021-02-19,Santa Cruz,087,273765,15291,14354,760,15114,176
2021-02-19,Shasta,089,179085,10863,10833,1184,12017,140
2021-02-19,Sierra,091,2930,51,47,12,59,0
2021-02-19,Siskiyou,093,43540,1466,1363,217,1580,4
2021-02-19,Solano,095,438530,29609,29383,345,29728,150
2021-02-19,Sonoma,097,501317,27719,27595,187,27782,280
2021-02-19,Stanislaus,099,539301,50161,49282,5193,54475,739
2021-02-19,Sutter,101,95872,8753,8665,77,8742,96
2021-02-19,Tehama,103,63373,4572,4535,480,5015,30
2021-02-19,Trinity,105,12862,462,282,70,352,3
2021-02-19,Tulare,107,460477,47889,46662,7683,54345,736
2021-02-19,Tuolumne,109,53932,3807,3817,36,3853,52
2021-02-19,Ventura,111,848112,77161,76582,2706,79288,667
2021-02-19,Yolo,113,214977,12742,12606,148,12754,183
2021-02-19,Yuba,115,75493,5447,5376,81,5457,38
2021-02-18,Alameda,001,1643700,79945,79111,1661,80772,1012
2021-02-18,Alpine,002,1148,78,77,0,77,0
2021-02-18,Amador,005,37829,3435,3417,28,3445,38
2021-02-18,Butte,007,227075,11215,10791,1603,12394,175
2021-02-18,Calaveras,009,45235,1883,1873,11,1884,21
2021-02-18,Colusa,011,21464,1863,1856,256,2112,11
2021-02-18,Contra Costa,013,1133247,62314,60868,1041,61909,640
2021-02-18,Del Norte,015,27424,981,929,4,933,2
2021-02-18,El Dorado,017,186661,9057,8850,600,9450,94
2021-02-18,Fresno,019,978130,95293,93734,7478,101212,1323
2021-02-18,Glenn,021,27897,2225,2195,482,2677,14
2021-02-18,Humboldt,023,135768,3084,3023,22,3045,29
2021-02-18,Imperial,025,180216,27124,26731,2404,29135,591
2021-02-18,Inyo,027,18085,1267,1213,8,1221,32
2021-02-18,Kern,029,883053,92567,90655,9484,100139,961
2021-02-18,Kings,031,150075,22095,21648,939,22587,211
2021-02-18,Lake,033,64148,3138,3066,6,3072,40
2021-02-18,Lassen,035,31185,5095,5052,92,5144,1
2021-02-18,Los Angeles,037,10098052,1167047,1141930,37656,1179586,19358
2021-02-18,Madera,039,155013,15451,15175,790,15965,188
2021-02-18,Marin,041,260295,13065,12895,150,13045,209
2021-02-18,Mariposa,043,17540,375,369,5,374,4
2021-02-18,Mendocino,045,87422,3607,3519,70,3589,39
2021-02-18,Merced,047,269075,28016,27870,869,28739,372
2021-02-18,Modoc,049,8938,331,327,111,438,3
2021-02-18,Mono,051,14174,1174,1182,16,1198,3
2021-02-18,Monterey,053,433212,41661,41091,1618,42709,307
2021-02-18,Napa,055,140530,8917,8877,31,8908,68
2021-02-18,Nevada,057,99092,3939,3836,155,3991,66
2021-02-18,Orange,059,3164182,245699,243098,9998,253096,3673
2021-02-18,Placer,061,380077,20329,19429,1071,20500,232
2021-02-18,Plumas,063,18699,638,624,10,634,4
2021-02-18,Riverside,065,2383286,283913,276595,13148,289743,3510
2021-02-18,Sacramento,067,1510023,93367,91476,1182,92658,1334
2021-02-18,San Benito,069,59416,5696,5697,83,5780,58
2021-02-18,San Bernardino,071,2135413,284751,278887,8406,287293,3066
2021-02-18,San Diego,073,3302833,261591,254987,12644,267631,3135
2021-02-18,San Francisco,075,870044,33817,33650,1020,34670,386
2021-02-18,San Joaquin,077,732212,66121,64634,2645,67279,982
2021-02-18,San Luis Obispo,079,281455,19486,18987,534,19521,230
2021-02-18,San Mateo,081,765935,39094,38185,390,38575,282
2021-02-18,Santa Barbara,083,443738,31832,31054,1007,32061,387
2021-02-18,Santa Clara,085,1922200,108946,108210,540,108750,1605
2021-02-18,Santa Cruz,087,273765,15265,14314,760,15074,176
2021-02-18,Shasta,089,179085,10845,10811,1181,11992,139
2021-02-18,Sierra,091,2930,50,47,12,59,0
2021-02-18,Siskiyou,093,43540,1461,1359,216,1575,4
2021-02-18,Solano,095,438530,29583,29349,344,29693,150
2021-02-18,Sonoma,097,501317,27652,27512,186,27698,281
2021-02-18,Stanislaus,099,539301,50061,49150,5176,54326,738
2021-02-18,Sutter,101,95872,8745,8654,77,8731,96
2021-02-18,Tehama,103,63373,4569,4528,480,5008,30
2021-02-18,Trinity,105,12862,461,282,70,352,3
2021-02-18,Tulare,107,460477,47826,46591,7644,54235,728
2021-02-18,Tuolumne,109,53932,3770,3811,36,3847,52
2021-02-18,Ventura,111,848112,77029,76442,2698,79140,659
2021-02-18,Yolo,113,214977,12716,12549,148,12697,183
2021-02-18,Yuba,115,75493,5430,5358,81,5439,38
2021-02-17,Alameda,001,1643700,79783,78895,1659,80554,1002
2021-02-17,Alpine,002,1148,78,77,0,77,0
2021-02-17,Amador,005,37829,3431,3415,28,3443,38
2021-02-17,Butte,007,227075,11197,10770,1599,12369,174
2021-02-17,Calaveras,009,45235,1883,1876,11,1887,21
2021-02-17,Colusa,011,21464,1860,1854,256,2110,10
2021-02-17,Contra Costa,013,1133247,62176,60723,1038,61761,635
2021-02-17,Del Norte,015,27424,974,920,4,924,2
2021-02-17,El Dorado,017,186661,9046,8847,600,9447,94
2021-02-17,Fresno,019,978130,95154,93555,7451,101006,1307
2021-02-17,Glenn,021,27897,2224,2189,481,2670,14
2021-02-17,Humboldt,023,135768,3069,3006,22,3028,29
2021-02-17,Imperial,025,180216,27110,26726,2400,29126,580
2021-02-17,Inyo,027,18085,1259,1197,8,1205,32
2021-02-17,Kern,029,883053,92449,90454,9440,99894,962
2021-02-17,Kings,031,150075,22057,21617,935,22552,211
2021-02-17,Lake,033,64148,3128,3057,2,3059,38
2021-02-17,Lassen,035,31185,5090,5052,91,5143,1
2021-02-17,Los Angeles,037,10098052,1165992,1139786,37595,1177381,19213
2021-02-17,Madera,039,155013,15426,15135,781,15916,177
2021-02-17,Marin,041,260295,13040,12881,150,13031,207
2021-02-17,Mariposa,043,17540,375,368,4,372,4
2021-02-17,Mendocino,045,87422,3605,3494,69,3563,39
2021-02-17,Merced,047,269075,27961,27824,860,28684,372
2021-02-17,Modoc,049,8938,331,327,111,438,3
2021-02-17,Mono,051,14174,1174,1180,16,1196,3
2021-02-17,Monterey,053,433212,41606,41014,1607,42621,304
2021-02-17,Napa,055,140530,8903,8865,31,8896,68
2021-02-17,Nevada,057,99092,3920,3822,152,3974,52
2021-02-17,Orange,059,3164182,245438,242716,9965,252681,3626
2021-02-17,Placer,061,380077,20295,19405,1067,20472,230
2021-02-17,Plumas,063,18699,637,623,10,633,4
2021-02-17,Riverside,065,2383286,283625,276289,13127,289416,3491
2021-02-17,Sacramento,067,1510023,93208,91309,1175,92484,1326
2021-02-17,San Benito,069,59416,5690,5661,83,5744,57
2021-02-17,San Bernardino,071,2135413,284548,278461,8386,286847,3020
2021-02-17,San Diego,073,3302833,261213,254177,12623,266800,3099
2021-02-17,San Francisco,075,870044,33741,33558,1015,34573,379
2021-02-17,San Joaquin,077,732212,66015,64556,2639,67195,979
2021-02-17,San Luis Obispo,079,281455,19441,18964,534,19498,230
2021-02-17,San Mateo,081,765935,39030,38124,390,38514,282
2021-02-17,Santa Barbara,083,443738,31764,30927,1006,31933,384
2021-02-17,Santa Clara,085,1922200,108714,107949,538,108487,1592
2021-02-17,Santa Cruz,087,273765,15232,14268,757,15025,174
2021-02-17,Shasta,089,179085,10825,10770,1180,11950,139
2021-02-17,Sierra,091,2930,50,47,12,59,0
2021-02-17,Siskiyou,093,43540,1455,1352,213,1565,4
2021-02-17,Solano,095,438530,29526,29288,344,29632,149
2021-02-17,Sonoma,097,501317,27580,27408,181,27589,281
2021-02-17,Stanislaus,099,539301,49948,49050,5160,54210,730
2021-02-17,Sutter,101,95872,8735,8681,77,8758,95
2021-02-17,Tehama,103,63373,4566,4511,480,4991,30
2021-02-17,Trinity,105,12862,461,277,68,345,3
2021-02-17,Tulare,107,460477,47761,46495,7619,54114,726
2021-02-17,Tuolumne,109,53932,3761,3806,36,3842,49
2021-02-17,Ventura,111,848112,76907,76234,2692,78926,646
2021-02-17,Yolo,113,214977,12697,12506,146,12652,182
2021-02-17,Yuba,115,75493,5421,5345,81,5426,38
2021-02-16,Alameda,001,1643700,79614,78756,1656,80412,997
2021-02-16,Alpine,002,1148,78,76,0,76,0
2021-02-16,Amador,005,37829,3424,3413,28,3441,39
2021-02-16,Butte,007,227075,11173,10748,1596,12344,164
2021-02-16,Calaveras,009,45235,1881,1872,11,1883,21
2021-02-16,Colusa,011,21464,1857,1852,254,2106,10
2021-02-16,Contra Costa,013,1133247,62025,60564,1033,61597,631
2021-02-16,Del Norte,015,27424,966,913,4,917,2
2021-02-16,El Dorado,017,186661,9036,8836,598,9434,94
2021-02-16,Fresno,019,978130,94989,93363,7421,100784,1293
2021-02-16,Glenn,021,27897,2220,2189,477,2666,14
2021-02-16,Humboldt,023,135768,3046,2994,21,3015,29
2021-02-16,Imperial,025,180216,27097,26711,2396,29107,580
2021-02-16,Inyo,027,18085,1251,1191,8,1199,32
2021-02-16,Kern,029,883053,92317,90267,9410,99677,959
2021-02-16,Kings,031,150075,22011,21583,931,22514,206
2021-02-16,Lake,033,64148,3121,3041,2,3043,38
2021-02-16,Lassen,035,31185,5078,5047,91,5138,1
2021-02-16,Los Angeles,037,10098052,1164738,1138262,37535,1175797,19044
2021-02-16,Madera,039,155013,15388,15120,776,15896,172
2021-02-16,Marin,041,260295,13012,12832,150,12982,205
2021-02-16,Mariposa,043,17540,375,367,4,371,4
2021-02-16,Mendocino,045,87422,3601,3489,69,3558,39
2021-02-16,Merced,047,269075,27880,27724,854,28578,368
2021-02-16,Modoc,049,8938,331,326,111,437,3
2021-02-16,Mono,051,14174,1174,1180,16,1196,3
2021-02-16,Monterey,053,433212,41530,40962,1598,42560,303
2021-02-16,Napa,055,140530,8890,8854,31,8885,66
2021-02-16,Nevada,057,99092,3907,3774,151,3925,47
2021-02-16,Orange,059,3164182,245117,242382,9949,252331,3612
2021-02-16,Placer,061,380077,20262,19367,1064,20431,230
2021-02-16,Plumas,063,18699,637,619,10,629,4
2021-02-16,Riverside,065,2383286,283318,275954,13105,289059,3471
2021-02-16,Sacramento,067,1510023,92954,91246,1169,92415,1305
2021-02-16,San Benito,069,59416,5682,5659,82,5741,56
2021-02-16,San Bernardino,071,2135413,284325,277947,8377,286324,2978
2021-02-16,San Diego,073,3302833,260748,253638,12584,266222,3042
2021-02-16,San Francisco,075,870044,33669,33491,1010,34501,373
2021-02-16,San Joaquin,077,732212,65885,64448,2636,67084,979
2021-02-16,San Luis Obispo,079,281455,19396,18925,531,19456,229
2021-02-16,San Mateo,081,765935,38971,38041,388,38429,277
2021-02-16,Santa Barbara,083,443738,31690,30865,1003,31868,378
2021-02-16,Santa Clara,085,1922200,108462,107754,535,108289,1591
2021-02-16,Santa Cruz,087,273765,15212,14256,756,15012,174
2021-02-16,Shasta,089,179085,10810,10736,1178,11914,139
2021-02-16,Sierra,091,2930,50,47,12,59,0
2021-02-16,Siskiyou,093,43540,1451,1351,213,1564,4
2021-02-16,Solano,095,438530,29488,29246,343,29589,148
2021-02-16,Sonoma,097,501317,27521,27380,175,27555,279
2021-02-16,Stanislaus,099,539301,49824,48927,5146,54073,716
2021-02-16,Sutter,101,95872,8712,8671,77,8748,95
2021-02-16,Tehama,103,63373,4557,4501,478,4979,30
2021-02-16,Trinity,105,12862,457,275,68,343,3
2021-02-16,Tulare,107,460477,47697,46444,7576,54020,716
2021-02-16,Tuolumne,109,53932,3759,3796,36,3832,49
2021-02-16,Ventura,111,848112,76765,76043,2689,78732,631
2021-02-16,Yolo,113,214977,12668,12457,146,12603,175
2021-02-16,Yuba,115,75493,5414,5332,80,5412,38
2021-02-15,Alameda,001,1643700,79417,78647,1645,80292,996
2021-02-15,Alpine,002,1148,78,76,0,76,0
2021-02-15,Amador,005,37829,3420,3409,28,3437,39
2021-02-15,Butte,007,227075,11155,10723,1592,12315,155
2021-02-15,Calaveras,009,45235,1877,1871,11,1882,21
2021-02-15,Colusa,011,21464,1857,1849,250,2099,10
2021-02-15,Contra Costa,013,1133247,61854,60444,1028,61472,631
2021-02-15,Del Norte,015,27424,962,913,4,917,2
2021-02-15,El Dorado,017,186661,9019,8816,598,9414,94
2021-02-15,Fresno,019,978130,94790,93231,7382,100613,1288
2021-02-15,Glenn,021,27897,2218,2185,476,2661,14
2021-02-15,Humboldt,023,135768,3039,2997,21,3018,29
2021-02-15,Imperial,025,180216,27077,26700,2393,29093,580
2021-02-15,Inyo,027,18085,1232,1184,8,1192,32
2021-02-15,Kern,029,883053,92173,90181,9379,99560,959
2021-02-15,Kings,031,150075,21966,21574,926,22500,205
2021-02-15,Lake,033,64148,3107,3030,1,3031,38
2021-02-15,Lassen,035,31185,5076,5047,90,5137,1
2021-02-15,Los Angeles,037,10098052,1163351,1137164,37475,1174639,18925
2021-02-15,Madera,039,155013,15357,15108,774,15882,106
2021-02-15,Marin,041,260295,12991,12810,147,12957,203
2021-02-15,Mariposa,043,17540,373,367,4,371,4
2021-02-15,Mendocino,045,87422,3589,3481,69,3550,39
2021-02-15,Merced,047,269075,27806,27656,847,28503,368
2021-02-15,Modoc,049,8938,331,326,111,437,3
2021-02-15,Mono,051,14174,1171,1178,16,1194,3
2021-02-15,Monterey,053,433212,41466,40911,1586,42497,302
2021-02-15,Napa,055,140530,8876,8837,31,8868,57
2021-02-15,Nevada,057,99092,3890,3767,150,3917,47
2021-02-15,Orange,059,3164182,244798,242176,9921,252097,3586
2021-02-15,Placer,061,380077,20236,19361,1063,20424,230
2021-02-15,Plumas,063,18699,637,620,10,630,4
2021-02-15,Riverside,065,2383286,282965,275771,13086,288857,3468
2021-02-15,Sacramento,067,1510023,92627,91091,1164,92255,1304
2021-02-15,San Benito,069,59416,5676,5649,82,5731,56
2021-02-15,San Bernardino,071,2135413,284074,277869,8369,286238,2945
2021-02-15,San Diego,073,3302833,260235,252940,12553,265493,3037
2021-02-15,San Francisco,075,870044,33596,33454,1004,34458,373
2021-02-15,San Joaquin,077,732212,65720,64382,2629,67011,979
2021-02-15,San Luis Obispo,079,281455,19343,18891,529,19420,227
2021-02-15,San Mateo,081,765935,38892,37969,385,38354,277
2021-02-15,Santa Barbara,083,443738,31587,30810,1000,31810,378
2021-02-15,Santa Clara,085,1922200,108232,107630,533,108163,1588
2021-02-15,Santa Cruz,087,273765,15180,14239,753,14992,175
2021-02-15,Shasta,089,179085,10790,10730,1173,11903,139
2021-02-15,Sierra,091,2930,50,47,12,59,0
2021-02-15,Siskiyou,093,43540,1443,1345,212,1557,4
2021-02-15,Solano,095,438530,29433,29225,343,29568,148
2021-02-15,Sonoma,097,501317,27437,27359,171,27530,276
2021-02-15,Stanislaus,099,539301,49697,48808,5133,53941,716
2021-02-15,Sutter,101,95872,8697,8652,77,8729,95
2021-02-15,Tehama,103,63373,4548,4492,477,4969,30
2021-02-15,Trinity,105,12862,456,274,68,342,3
2021-02-15,Tulare,107,460477,47626,46344,7537,53881,715
2021-02-15,Tuolumne,109,53932,3749,3794,36,3830,49
2021-02-15,Ventura,111,848112,76610,75889,2686,78575,629
2021-02-15,Yolo,113,214977,12632,12412,145,12557,175
2021-02-15,Yuba,115,75493,5397,5320,79,5399,38
2021-02-14,Alameda,001,1643700,79265,78442,1644,80086,995
2021-02-14,Alpine,002,1148,78,76,0,76,0
2021-02-14,Amador,005,37829,3415,3398,28,3426,39
2021-02-14,Butte,007,227075,11131,10717,1589,12306,155
2021-02-14,Calaveras,009,45235,1873,1866,11,1877,21
2021-02-14,Colusa,011,21464,1853,1845,247,2092,10
2021-02-14,Contra Costa,013,1133247,61704,60272,1025,61297,631
2021-02-14,Del Norte,015,27424,958,911,4,915,2
2021-02-14,El Dorado,017,186661,8987,8790,597,9387,94
2021-02-14,Fresno,019,978130,94619,93065,7359,100424,1287
2021-02-14,Glenn,021,27897,2215,2184,476,2660,14
2021-02-14,Humboldt,023,135768,3026,2992,21,3013,29
2021-02-14,Imperial,025,180216,27070,26696,2392,29088,580
2021-02-14,Inyo,027,18085,1226,1177,8,1185,32
2021-02-14,Kern,029,883053,92013,90038,9326,99364,959
2021-02-14,Kings,031,150075,21940,21538,924,22462,205
2021-02-14,Lake,033,64148,3096,3030,1,3031,38
2021-02-14,Lassen,035,31185,5072,5037,90,5127,1
2021-02-14,Los Angeles,037,10098052,1162005,1135450,37395,1172845,18898
2021-02-14,Madera,039,155013,15325,15089,770,15859,106
2021-02-14,Marin,041,260295,12967,12784,147,12931,201
2021-02-14,Mariposa,043,17540,373,365,4,369,4
2021-02-14,Mendocino,045,87422,3583,3475,69,3544,39
2021-02-14,Merced,047,269075,27724,27601,842,28443,368
2021-02-14,Modoc,049,8938,331,326,111,437,3
2021-02-14,Mono,051,14174,1170,1180,16,1196,3
2021-02-14,Monterey,053,433212,41415,40842,1581,42423,302
2021-02-14,Napa,055,140530,8856,8826,31,8857,57
2021-02-14,Nevada,057,99092,3874,3761,150,3911,47
2021-02-14,Orange,059,3164182,244489,241859,9903,251762,3564
2021-02-14,Placer,061,380077,20197,19313,1058,20371,230
2021-02-14,Plumas,063,18699,636,620,10,630,4
2021-02-14,Riverside,065,2383286,282634,275518,13067,288585,3471
2021-02-14,Sacramento,067,1510023,92420,90856,1160,92016,1304
2021-02-14,San Benito,069,59416,5667,5641,81,5722,56
2021-02-14,San Bernardino,071,2135413,283768,277664,8349,286013,2929
2021-02-14,San Diego,073,3302833,259743,252247,12506,264753,3037
2021-02-14,San Francisco,075,870044,33522,33374,996,34370,372
2021-02-14,San Joaquin,077,732212,65622,64243,2615,66858,979
2021-02-14,San Luis Obispo,079,281455,19305,18868,526,19394,225
2021-02-14,San Mateo,081,765935,38807,37859,385,38244,277
2021-02-14,Santa Barbara,083,443738,31495,30744,996,31740,377
2021-02-14,Santa Clara,085,1922200,108033,107412,529,107941,1582
2021-02-14,Santa Cruz,087,273765,15152,14225,748,14973,175
2021-02-14,Shasta,089,179085,10758,10720,1169,11889,139
2021-02-14,Sierra,091,2930,50,47,12,59,0
2021-02-14,Siskiyou,093,43540,1439,1340,212,1552,4
2021-02-14,Solano,095,438530,29391,29150,340,29490,148
2021-02-14,Sonoma,097,501317,27362,27266,169,27435,276
2021-02-14,Stanislaus,099,539301,49587,48672,5118,53790,716
2021-02-14,Sutter,101,95872,8674,8642,77,8719,95
2021-02-14,Tehama,103,63373,4542,4490,474,4964,30
2021-02-14,Trinity,105,12862,456,272,68,340,3
2021-02-14,Tulare,107,460477,47541,46263,7487,53750,715
2021-02-14,Tuolumne,109,53932,3748,3764,36,3800,49
2021-02-14,Ventura,111,848112,76441,75742,2675,78417,629
2021-02-14,Yolo,113,214977,12603,12399,144,12543,175
2021-02-14,Yuba,115,75493,5387,5314,79,5393,38
2021-02-13,Alameda,001,1643700,79143,78246,1641,79887,995
2021-02-13,Alpine,002,1148,78,76,0,76,0
2021-02-13,Amador,005,37829,3412,3387,28,3415,38
2021-02-13,Butte,007,227075,11115,10699,1587,12286,155
2021-02-13,Calaveras,009,45235,1870,1863,11,1874,21
2021-02-13,Colusa,011,21464,1853,1837,247,2084,10
2021-02-13,Contra Costa,013,1133247,61583,60100,1025,61125,629
2021-02-13,Del Norte,015,27424,956,908,4,912,2
2021-02-13,El Dorado,017,186661,8975,8758,596,9354,93
2021-02-13,Fresno,019,978130,94505,92807,7337,100144,1287
2021-02-13,Glenn,021,27897,2214,2182,474,2656,14
2021-02-13,Humboldt,023,135768,3013,2974,20,2994,29
2021-02-13,Imperial,025,180216,27063,26680,2390,29070,580
2021-02-13,Inyo,027,18085,1222,1168,8,1176,32
2021-02-13,Kern,029,883053,91924,89915,9300,99215,957
2021-02-13,Kings,031,150075,21925,21513,922,22435,205
2021-02-13,Lake,033,64148,3087,3025,1,3026,37
2021-02-13,Lassen,035,31185,5069,5028,90,5118,1
2021-02-13,Los Angeles,037,10098052,1161146,1133752,37349,1171101,18822
2021-02-13,Madera,039,155013,15316,15053,766,15819,106
2021-02-13,Marin,041,260295,12943,12757,147,12904,201
2021-02-13,Mariposa,043,17540,373,365,4,369,4
2021-02-13,Mendocino,045,87422,3573,3466,69,3535,38
2021-02-13,Merced,047,269075,27680,27541,839,28380,368
2021-02-13,Modoc,049,8938,331,325,111,436,3
2021-02-13,Mono,051,14174,1170,1176,16,1192,3
2021-02-13,Monterey,053,433212,41383,40731,1580,42311,301
2021-02-13,Napa,055,140530,8847,8809,31,8840,57
2021-02-13,Nevada,057,99092,3865,3742,149,3891,47
2021-02-13,Orange,059,3164182,244283,241545,9884,251429,3520
2021-02-13,Placer,061,380077,20177,19214,1058,20272,230
2021-02-13,Plumas,063,18699,636,616,10,626,4
2021-02-13,Riverside,065,2383286,282405,275276,13058,288334,3462
2021-02-13,Sacramento,067,1510023,92253,90401,1157,91558,1302
2021-02-13,San Benito,069,59416,5650,5633,81,5714,56
2021-02-13,San Bernardino,071,2135413,283616,277405,8336,285741,2899
2021-02-13,San Diego,073,3302833,259411,251679,12494,264173,3009
2021-02-13,San Francisco,075,870044,33472,33291,986,34277,364
2021-02-13,San Joaquin,077,732212,65553,64105,2605,66710,977
2021-02-13,San Luis Obispo,079,281455,19277,18803,520,19323,225
2021-02-13,San Mateo,081,765935,38754,37745,385,38130,277
2021-02-13,Santa Barbara,083,443738,31443,30594,995,31589,374
2021-02-13,Santa Clara,085,1922200,107844,107125,526,107651,1570
2021-02-13,Santa Cruz,087,273765,15125,14198,747,14945,173
2021-02-13,Shasta,089,179085,10745,10713,1164,11877,139
2021-02-13,Sierra,091,2930,50,47,12,59,0
2021-02-13,Siskiyou,093,43540,1436,1336,212,1548,4
2021-02-13,Solano,095,438530,29355,29084,340,29424,148
2021-02-13,Sonoma,097,501317,27314,27157,167,27324,276
2021-02-13,Stanislaus,099,539301,49516,48568,5112,53680,697
2021-02-13,Sutter,101,95872,8662,8626,77,8703,94
2021-02-13,Tehama,103,63373,4532,4484,473,4957,30
2021-02-13,Trinity,105,12862,455,272,67,339,3
2021-02-13,Tulare,107,460477,47490,46162,7456,53618,709
2021-02-13,Tuolumne,109,53932,3747,3752,36,3788,49
2021-02-13,Ventura,111,848112,76301,75481,2669,78150,618
2021-02-13,Yolo,113,214977,12590,12374,143,12517,175
2021-02-13,Yuba,115,75493,5379,5289,79,5368,38
2021-02-12,Alameda,001,1643700,78994,77958,1635,79593,974
2021-02-12,Alpine,002,1148,78,76,0,76,0
2021-02-12,Amador,005,37829,3408,3381,28,3409,38
2021-02-12,Butte,007,227075,11102,10655,1580,12235,155
2021-02-12,Calaveras,009,45235,1867,1860,11,1871,21
2021-02-12,Colusa,011,21464,1853,1836,247,2083,10
2021-02-12,Contra Costa,013,1133247,61433,59878,1021,60899,620
2021-02-12,Del Norte,015,27424,946,901,4,905,2
2021-02-12,El Dorado,017,186661,8960,8725,593,9318,92
2021-02-12,Fresno,019,978130,94351,92520,7317,99837,1273
2021-02-12,Glenn,021,27897,2211,2175,474,2649,14
2021-02-12,Humboldt,023,135768,3005,2961,20,2981,29
2021-02-12,Imperial,025,180216,27056,26646,2387,29033,585
2021-02-12,Inyo,027,18085,1216,1156,8,1164,32
2021-02-12,Kern,029,883053,91810,89532,9268,98800,949
2021-02-12,Kings,031,150075,21893,21462,917,22379,202
2021-02-12,Lake,033,64148,3082,3012,1,3013,36
2021-02-12,Lassen,035,31185,5067,5015,90,5105,1
2021-02-12,Los Angeles,037,10098052,1159933,1131185,37283,1168468,18637
2021-02-12,Madera,039,155013,15289,15022,763,15785,106
2021-02-12,Marin,041,260295,12917,12720,147,12867,200
2021-02-12,Mariposa,043,17540,372,365,4,369,4
2021-02-12,Mendocino,045,87422,3571,3447,69,3516,38
2021-02-12,Merced,047,269075,27629,27453,836,28289,367
2021-02-12,Modoc,049,8938,331,324,111,435,3
2021-02-12,Mono,051,14174,1169,1172,16,1188,3
2021-02-12,Monterey,053,433212,41335,40633,1571,42204,297
2021-02-12,Napa,055,140530,8835,8785,31,8816,55
2021-02-12,Nevada,057,99092,3860,3728,149,3877,47
2021-02-12,Orange,059,3164182,244044,241075,9869,250944,3505
2021-02-12,Placer,061,380077,20135,19174,1053,20227,230
2021-02-12,Plumas,063,18699,635,614,10,624,4
2021-02-12,Riverside,065,2383286,282127,274792,13043,287835,3438
2021-02-12,Sacramento,067,1510023,92051,90252,1156,91408,1295
2021-02-12,San Benito,069,59416,5634,5622,80,5702,56
2021-02-12,San Bernardino,071,2135413,283426,276890,8325,285215,2827
2021-02-12,San Diego,073,3302833,259023,250788,12468,263256,2979
2021-02-12,San Francisco,075,870044,33412,33179,982,34161,359
2021-02-12,San Joaquin,077,732212,65457,63966,2597,66563,975
2021-02-12,San Luis Obispo,079,281455,19236,18687,519,19206,224
2021-02-12,San Mateo,081,765935,38682,37560,385,37945,254
2021-02-12,Santa Barbara,083,443738,31372,30454,990,31444,372
2021-02-12,Santa Clara,085,1922200,107672,106759,523,107282,1543
2021-02-12,Santa Cruz,087,273765,15105,14147,747,14894,170
2021-02-12,Shasta,089,179085,10727,10693,1154,11847,142
2021-02-12,Sierra,091,2930,49,45,12,57,0
2021-02-12,Siskiyou,093,43540,1432,1324,209,1533,4
2021-02-12,Solano,095,438530,29323,28996,337,29333,147
2021-02-12,Sonoma,097,501317,27259,27064,163,27227,275
2021-02-12,Stanislaus,099,539301,49428,48418,5090,53508,697
2021-02-12,Sutter,101,95872,8649,8609,77,8686,93
2021-02-12,Tehama,103,63373,4525,4470,472,4942,27
2021-02-12,Trinity,105,12862,455,269,67,336,3
2021-02-12,Tulare,107,460477,47412,46016,7430,53446,710
2021-02-12,Tuolumne,109,53932,3744,3736,35,3771,49
2021-02-12,Ventura,111,848112,76131,75210,2663,77873,605
2021-02-12,Yolo,113,214977,12569,12340,143,12483,175
2021-02-12,Yuba,115,75493,5371,5274,79,5353,38
2021-02-11,Alameda,001,1643700,78768,77564,1630,79194,960
2021-02-11,Alpine,002,1148,77,76,0,76,0
2021-02-11,Amador,005,37829,3404,3368,28,3396,35
2021-02-11,Butte,007,227075,11079,10624,1579,12203,155
2021-02-11,Calaveras,009,45235,1864,1856,11,1867,21
2021-02-11,Colusa,011,21464,1848,1823,245,2068,10
2021-02-11,Contra Costa,013,1133247,61265,59633,1017,60650,605
2021-02-11,Del Norte,015,27424,941,894,4,898,2
2021-02-11,El Dorado,017,186661,8939,8698,593,9291,92
2021-02-11,Fresno,019,978130,94198,92168,7294,99462,1255
2021-02-11,Glenn,021,27897,2206,2166,473,2639,14
2021-02-11,Humboldt,023,135768,2992,2954,19,2973,29
2021-02-11,Imperial,025,180216,27032,26545,2385,28930,578
2021-02-11,Inyo,027,18085,1207,1144,8,1152,32
2021-02-11,Kern,029,883053,91619,89224,9225,98449,941
2021-02-11,Kings,031,150075,21863,21373,914,22287,202
2021-02-11,Lake,033,64148,3072,3002,1,3003,36
2021-02-11,Lassen,035,31185,5056,5004,87,5091,1
2021-02-11,Los Angeles,037,10098052,1158305,1128437,37213,1165650,18500
2021-02-11,Madera,039,155013,15268,14984,761,15745,106
2021-02-11,Marin,041,260295,12880,12682,147,12829,200
2021-02-11,Mariposa,043,17540,372,361,4,365,4
2021-02-11,Mendocino,045,87422,3564,3420,69,3489,38
2021-02-11,Merced,047,269075,27563,27325,832,28157,363
2021-02-11,Modoc,049,8938,330,317,111,428,3
2021-02-11,Mono,051,14174,1165,1173,16,1189,3
2021-02-11,Monterey,053,433212,41229,40469,1565,42034,295
2021-02-11,Napa,055,140530,8814,8777,31,8808,55
2021-02-11,Nevada,057,99092,3844,3720,149,3869,47
2021-02-11,Orange,059,3164182,243677,240590,9845,250435,3476
2021-02-11,Placer,061,380077,20095,19118,1052,20170,224
2021-02-11,Plumas,063,18699,634,592,10,602,4
2021-02-11,Riverside,065,2383286,281760,274313,13028,287341,3394
2021-02-11,Sacramento,067,1510023,91808,89988,1150,91138,1286
2021-02-11,San Benito,069,59416,5625,5609,80,5689,56
2021-02-11,San Bernardino,071,2135413,283128,276349,8311,284660,2774
2021-02-11,San Diego,073,3302833,258470,249971,12434,262405,2955
2021-02-11,San Francisco,075,870044,33329,33076,973,34049,356
2021-02-11,San Joaquin,077,732212,65289,63719,2587,66306,971
2021-02-11,San Luis Obispo,079,281455,19171,18615,515,19130,219
2021-02-11,San Mateo,081,765935,38590,37439,383,37822,253
2021-02-11,Santa Barbara,083,443738,31274,30375,985,31360,370
2021-02-11,Santa Clara,085,1922200,107412,106392,518,106910,1507
2021-02-11,Santa Cruz,087,273765,15082,14088,742,14830,165
2021-02-11,Shasta,089,179085,10703,10672,1150,11822,140
2021-02-11,Sierra,091,2930,49,45,12,57,0
2021-02-11,Siskiyou,093,43540,1417,1320,209,1529,4
2021-02-11,Solano,095,438530,29270,28885,337,29222,138
2021-02-11,Sonoma,097,501317,27174,26971,160,27131,272
2021-02-11,Stanislaus,099,539301,49283,48205,5078,53283,697
2021-02-11,Sutter,101,95872,8635,8590,76,8666,93
2021-02-11,Tehama,103,63373,4519,4463,472,4935,26
2021-02-11,Trinity,105,12862,455,269,67,336,3
2021-02-11,Tulare,107,460477,47317,45897,7391,53288,706
2021-02-11,Tuolumne,109,53932,3707,3716,35,3751,48
2021-02-11,Ventura,111,848112,75929,74959,2654,77613,590
2021-02-11,Yolo,113,214977,12545,12303,143,12446,173
2021-02-11,Yuba,115,75493,5357,5261,78,5339,38
2021-02-10,Alameda,001,1643700,78567,77344,1629,78973,944
2021-02-10,Alpine,002,1148,77,76,0,76,0
2021-02-10,Amador,005,37829,3392,3348,28,3376,35
2021-02-10,Butte,007,227075,11051,10594,1578,12172,155
2021-02-10,Calaveras,009,45235,1862,1850,11,1861,21
2021-02-10,Colusa,011,21464,1841,1815,243,2058,10
2021-02-10,Contra Costa,013,1133247,61090,59488,1015,60503,590
2021-02-10,Del Norte,015,27424,935,888,4,892,2
2021-02-10,El Dorado,017,186661,8908,8682,589,9271,87
2021-02-10,Fresno,019,978130,94023,91876,7269,99145,1247
2021-02-10,Glenn,021,27897,2202,2160,471,2631,14
2021-02-10,Humboldt,023,135768,2984,2924,19,2943,29
2021-02-10,Imperial,025,180216,26994,26522,2382,28904,578
2021-02-10,Inyo,027,18085,1195,1138,8,1146,30
2021-02-10,Kern,029,883053,91412,88933,9171,98104,926
2021-02-10,Kings,031,150075,21820,21294,912,22206,197
2021-02-10,Lake,033,64148,3059,2975,1,2976,36
2021-02-10,Lassen,035,31185,5052,4993,87,5080,1
2021-02-10,Los Angeles,037,10098052,1156556,1125437,37086,1162523,18338
2021-02-10,Madera,039,155013,15229,14925,759,15684,105
2021-02-10,Marin,041,260295,12843,12651,147,12798,199
2021-02-10,Mariposa,043,17540,370,360,4,364,4
2021-02-10,Mendocino,045,87422,3549,3395,69,3464,38
2021-02-10,Merced,047,269075,27480,27246,821,28067,359
2021-02-10,Modoc,049,8938,329,315,109,424,3
2021-02-10,Mono,051,14174,1160,1170,16,1186,3
2021-02-10,Monterey,053,433212,41152,40366,1551,41917,288
2021-02-10,Napa,055,140530,8795,8769,31,8800,55
2021-02-10,Nevada,057,99092,3829,3693,147,3840,47
2021-02-10,Orange,059,3164182,243259,239974,9814,249788,3439
2021-02-10,Placer,061,380077,20055,19062,1047,20109,220
2021-02-10,Plumas,063,18699,631,589,10,599,2
2021-02-10,Riverside,065,2383286,281332,273721,13018,286739,3374
2021-02-10,Sacramento,067,1510023,91557,89653,1146,90799,1275
2021-02-10,San Benito,069,59416,5611,5591,80,5671,55
2021-02-10,San Bernardino,071,2135413,282774,275616,8295,283911,2696
2021-02-10,San Diego,073,3302833,257888,248858,12396,261254,2904
2021-02-10,San Francisco,075,870044,33246,32955,970,33925,351
2021-02-10,San Joaquin,077,732212,65147,63484,2573,66057,954
2021-02-10,San Luis Obispo,079,281455,19092,18549,513,19062,216
2021-02-10,San Mateo,081,765935,38499,37323,383,37706,245
2021-02-10,Santa Barbara,083,443738,31183,30216,980,31196,359
2021-02-10,Santa Clara,085,1922200,107172,106048,515,106563,1489
2021-02-10,Santa Cruz,087,273765,15046,14007,740,14747,165
2021-02-10,Shasta,089,179085,10680,10645,1147,11792,142
2021-02-10,Sierra,091,2930,49,45,12,57,0
2021-02-10,Siskiyou,093,43540,1412,1314,208,1522,4
2021-02-10,Solano,095,438530,29195,28835,335,29170,137
2021-02-10,Sonoma,097,501317,27078,26881,158,27039,271
2021-02-10,Stanislaus,099,539301,49166,48016,5062,53078,696
2021-02-10,Sutter,101,95872,8618,8571,76,8647,93
2021-02-10,Tehama,103,63373,4511,4445,472,4917,23
2021-02-10,Trinity,105,12862,452,268,67,335,3
2021-02-10,Tulare,107,460477,47199,45782,7353,53135,696
2021-02-10,Tuolumne,109,53932,3699,3691,35,3726,48
2021-02-10,Ventura,111,848112,75701,74651,2637,77288,580
2021-02-10,Yolo,113,214977,12521,12276,143,12419,174
2021-02-10,Yuba,115,75493,5339,5241,78,5319,38
2021-02-09,Alameda,001,1643700,78305,77018,1625,78643,936
2021-02-09,Alpine,002,1148,77,76,0,76,0
2021-02-09,Amador,005,37829,3384,3347,28,3375,35
2021-02-09,Butte,007,227075,11025,10563,1575,12138,153
2021-02-09,Calaveras,009,45235,1858,1847,11,1858,21
2021-02-09,Colusa,011,21464,1832,1812,238,2050,10
2021-02-09,Contra Costa,013,1133247,60900,59307,1009,60316,583
2021-02-09,Del Norte,015,27424,929,886,4,890,2
2021-02-09,El Dorado,017,186661,8880,8663,587,9250,87
2021-02-09,Fresno,019,978130,93781,91730,7241,98971,1211
2021-02-09,Glenn,021,27897,2198,2156,471,2627,14
2021-02-09,Humboldt,023,135768,2976,2904,19,2923,29
2021-02-09,Imperial,025,180216,26964,26509,2379,28888,568
2021-02-09,Inyo,027,18085,1187,1137,8,1145,30
2021-02-09,Kern,029,883053,91160,88684,9124,97808,920
2021-02-09,Kings,031,150075,21778,21275,910,22185,196
2021-02-09,Lake,033,64148,3048,2955,1,2956,36
2021-02-09,Lassen,035,31185,5045,4983,87,5070,1
2021-02-09,Los Angeles,037,10098052,1154577,1122745,37005,1159750,18198
2021-02-09,Madera,039,155013,15209,14912,756,15668,105
2021-02-09,Marin,041,260295,12811,12623,146,12769,197
2021-02-09,Mariposa,043,17540,368,355,4,359,4
2021-02-09,Mendocino,045,87422,3531,3369,69,3438,38
2021-02-09,Merced,047,269075,27382,27166,816,27982,354
2021-02-09,Modoc,049,8938,328,316,109,425,3
2021-02-09,Mono,051,14174,1159,1167,16,1183,3
2021-02-09,Monterey,053,433212,41044,40279,1538,41817,285
2021-02-09,Napa,055,140530,8782,8749,31,8780,55
2021-02-09,Nevada,057,99092,3812,3687,147,3834,44
2021-02-09,Orange,059,3164182,242848,239169,9783,248952,3406
2021-02-09,Placer,061,380077,19990,19008,1040,20048,220
2021-02-09,Plumas,063,18699,631,584,10,594,2
2021-02-09,Riverside,065,2383286,280838,273465,13001,286466,3334
2021-02-09,Sacramento,067,1510023,91247,89378,1145,90523,1265
2021-02-09,San Benito,069,59416,5599,5566,79,5645,54
2021-02-09,San Bernardino,071,2135413,282403,274998,8282,283280,2613
2021-02-09,San Diego,073,3302833,257230,248048,12353,260401,2853
2021-02-09,San Francisco,075,870044,33166,32782,960,33742,349
2021-02-09,San Joaquin,077,732212,64972,63341,2568,65909,937
2021-02-09,San Luis Obispo,079,281455,19033,18489,512,19001,216
2021-02-09,San Mateo,081,765935,38368,37227,382,37609,235
2021-02-09,Santa Barbara,083,443738,31071,30118,974,31092,351
2021-02-09,Santa Clara,085,1922200,106866,105762,512,106274,1463
2021-02-09,Santa Cruz,087,273765,14995,13958,735,14693,162
2021-02-09,Shasta,089,179085,10652,10595,1145,11740,139
2021-02-09,Sierra,091,2930,49,44,12,56,0
2021-02-09,Siskiyou,093,43540,1404,1306,206,1512,4
2021-02-09,Solano,095,438530,29116,28769,332,29101,131
2021-02-09,Sonoma,097,501317,26988,26826,156,26982,267
2021-02-09,Stanislaus,099,539301,49006,47906,5047,52953,679
2021-02-09,Sutter,101,95872,8602,8541,76,8617,92
2021-02-09,Tehama,103,63373,4504,4416,471,4887,22
2021-02-09,Trinity,105,12862,452,266,67,333,3
2021-02-09,Tulare,107,460477,47065,45704,7301,53005,686
2021-02-09,Tuolumne,109,53932,3680,3673,35,3708,48
2021-02-09,Ventura,111,848112,75450,74333,2629,76962,567
2021-02-09,Yolo,113,214977,12479,12220,143,12363,174
2021-02-09,Yuba,115,75493,5330,5235,78,5313,35
2021-02-08,Alameda,001,1643700,78044,76735,1620,78355,924
2021-02-08,Alpine,002,1148,77,73,0,73,0
2021-02-08,Amador,005,37829,3377,3344,27,3371,33
2021-02-08,Butte,007,227075,11003,10524,1571,12095,152
2021-02-08,Calaveras,009,45235,1857,1840,11,1851,21
2021-02-08,Colusa,011,21464,1824,1802,234,2036,10
2021-02-08,Contra Costa,013,1133247,60689,59039,1007,60046,567
2021-02-08,Del Norte,015,27424,926,885,4,889,2
2021-02-08,El Dorado,017,186661,8848,8627,584,9211,86
2021-02-08,Fresno,019,978130,93569,91430,7216,98646,1207
2021-02-08,Glenn,021,27897,2194,2148,469,2617,14
2021-02-08,Humboldt,023,135768,2968,2902,19,2921,29
2021-02-08,Imperial,025,180216,26942,26526,2377,28903,567
2021-02-08,Inyo,027,18085,1174,1126,8,1134,30
2021-02-08,Kern,029,883053,90943,88380,9063,97443,920
2021-02-08,Kings,031,150075,21716,21232,907,22139,195
2021-02-08,Lake,033,64148,3029,2949,1,2950,36
2021-02-08,Lassen,035,31185,5032,4976,87,5063,1
2021-02-08,Los Angeles,037,10098052,1152480,1120179,36884,1157063,17977
2021-02-08,Madera,039,155013,15173,14887,749,15636,93
2021-02-08,Marin,041,260295,12781,12591,146,12737,194
2021-02-08,Mariposa,043,17540,368,355,4,359,4
2021-02-08,Mendocino,045,87422,3517,3355,69,3424,38
2021-02-08,Merced,047,269075,27299,27082,811,27893,346
2021-02-08,Modoc,049,8938,326,318,109,427,3
2021-02-08,Mono,051,14174,1159,1165,16,1181,3
2021-02-08,Monterey,053,433212,40924,40186,1519,41705,283
2021-02-08,Napa,055,140530,8767,8719,31,8750,55
2021-02-08,Nevada,057,99092,3800,3671,147,3818,44
2021-02-08,Orange,059,3164182,242380,238715,9760,248475,3361
2021-02-08,Placer,061,380077,19949,18944,1034,19978,211
2021-02-08,Plumas,063,18699,630,584,10,594,2
2021-02-08,Riverside,065,2383286,280270,272904,12975,285879,3301
2021-02-08,Sacramento,067,1510023,90961,89267,1142,90409,1247
2021-02-08,San Benito,069,59416,5594,5553,78,5631,52
2021-02-08,San Bernardino,071,2135413,282000,274661,8276,282937,2587
2021-02-08,San Diego,073,3302833,256487,247259,12312,259571,2821
2021-02-08,San Francisco,075,870044,33072,32679,952,33631,348
2021-02-08,San Joaquin,077,732212,64811,63148,2558,65706,929
2021-02-08,San Luis Obispo,079,281455,18976,18421,507,18928,214
2021-02-08,San Mateo,081,765935,38259,37084,382,37466,232
2021-02-08,Santa Barbara,083,443738,30956,29978,967,30945,340
2021-02-08,Santa Clara,085,1922200,106543,105413,504,105917,1456
2021-02-08,Santa Cruz,087,273765,14956,13921,729,14650,161
2021-02-08,Shasta,089,179085,10625,10574,1139,11713,137
2021-02-08,Sierra,091,2930,49,44,12,56,0
2021-02-08,Siskiyou,093,43540,1401,1303,206,1509,4
2021-02-08,Solano,095,438530,29050,28644,330,28974,130
2021-02-08,Sonoma,097,501317,26897,26760,155,26915,259
2021-02-08,Stanislaus,099,539301,48851,47704,5019,52723,679
2021-02-08,Sutter,101,95872,8583,8526,76,8602,92
2021-02-08,Tehama,103,63373,4494,4403,468,4871,22
2021-02-08,Trinity,105,12862,450,266,67,333,3
2021-02-08,Tulare,107,460477,46957,45617,7261,52878,673
2021-02-08,Tuolumne,109,53932,3672,3647,35,3682,48
2021-02-08,Ventura,111,848112,75193,74068,2624,76692,565
2021-02-08,Yolo,113,214977,12447,12169,142,12311,162
2021-02-08,Yuba,115,75493,5314,5215,78,5293,35
2021-02-07,Alameda,001,1643700,77743,76500,1612,78112,924
2021-02-07,Alpine,002,1148,74,72,0,72,0
2021-02-07,Amador,005,37829,3356,3343,27,3370,33
2021-02-07,Butte,007,227075,10971,10513,1563,12076,152
2021-02-07,Calaveras,009,45235,1853,1837,11,1848,21
2021-02-07,Colusa,011,21464,1813,1795,232,2027,10
2021-02-07,Contra Costa,013,1133247,60445,58836,1002,59838,566
2021-02-07,Del Norte,015,27424,922,881,4,885,2
2021-02-07,El Dorado,017,186661,8819,8596,582,9178,86
2021-02-07,Fresno,019,978130,93338,91184,7178,98362,1207
2021-02-07,Glenn,021,27897,2190,2141,464,2605,14
2021-02-07,Humboldt,023,135768,2947,2895,19,2914,28
2021-02-07,Imperial,025,180216,26913,26518,2372,28890,567
2021-02-07,Inyo,027,18085,1163,1124,8,1132,27
2021-02-07,Kern,029,883053,90695,88146,9005,97151,920
2021-02-07,Kings,031,150075,21655,21180,904,22084,192
2021-02-07,Lake,033,64148,3014,2940,1,2941,36
2021-02-07,Lassen,035,31185,5021,4973,87,5060,1
2021-02-07,Los Angeles,037,10098052,1149720,1117551,36760,1154311,17889
2021-02-07,Madera,039,155013,15139,14850,745,15595,93
2021-02-07,Marin,041,260295,12748,12571,144,12715,194
2021-02-07,Mariposa,043,17540,367,355,4,359,4
2021-02-07,Mendocino,045,87422,3500,3348,69,3417,38
2021-02-07,Merced,047,269075,27187,26977,799,27776,346
2021-02-07,Modoc,049,8938,326,317,105,422,3
2021-02-07,Mono,051,14174,1156,1165,16,1181,3
2021-02-07,Monterey,053,433212,40788,40113,1500,41613,283
2021-02-07,Napa,055,140530,8744,8701,31,8732,55
2021-02-07,Nevada,057,99092,3789,3643,147,3790,44
2021-02-07,Orange,059,3164182,241782,238155,9727,247882,3336
2021-02-07,Placer,061,380077,19902,18903,1021,19924,211
2021-02-07,Plumas,063,18699,630,584,10,594,2
2021-02-07,Riverside,065,2383286,279741,272301,12954,285255,3267
2021-02-07,Sacramento,067,1510023,90628,88919,1135,90054,1246
2021-02-07,San Benito,069,59416,5575,5548,77,5625,52
2021-02-07,San Bernardino,071,2135413,281407,274316,8251,282567,2587
2021-02-07,San Diego,073,3302833,255701,246561,12248,258809,2821
2021-02-07,San Francisco,075,870044,32952,32609,940,33549,348
2021-02-07,San Joaquin,077,732212,64537,63051,2544,65595,929
2021-02-07,San Luis Obispo,079,281455,18904,18349,500,18849,214
2021-02-07,San Mateo,081,765935,38125,36984,380,37364,232
2021-02-07,Santa Barbara,083,443738,30816,29815,955,30770,340
2021-02-07,Santa Clara,085,1922200,106204,105118,494,105612,1450
2021-02-07,Santa Cruz,087,273765,14902,13887,724,14611,161
2021-02-07,Shasta,089,179085,10605,10570,1131,11701,137
2021-02-07,Sierra,091,2930,49,43,12,55,0
2021-02-07,Siskiyou,093,43540,1394,1295,204,1499,4
2021-02-07,Solano,095,438530,28939,28567,329,28896,130
2021-02-07,Sonoma,097,501317,26790,26684,151,26835,257
2021-02-07,Stanislaus,099,539301,48661,47551,4987,52538,679
2021-02-07,Sutter,101,95872,8555,8515,76,8591,92
2021-02-07,Tehama,103,63373,4478,4396,467,4863,22
2021-02-07,Trinity,105,12862,447,264,65,329,3
2021-02-07,Tulare,107,460477,46835,45520,7183,52703,671
2021-02-07,Tuolumne,109,53932,3648,3619,34,3653,48
2021-02-07,Ventura,111,848112,74882,73759,2612,76371,561
2021-02-07,Yolo,113,214977,12402,12135,142,12277,162
2021-02-07,Yuba,115,75493,5299,5198,76,5274,35
2021-02-06,Alameda,001,1643700,77590,76170,1601,77771,922
2021-02-06,Alpine,002,1148,74,72,0,72,0
2021-02-06,Amador,005,37829,3350,3306,27,3333,33
2021-02-06,Butte,007,227075,10954,10480,1559,12039,150
2021-02-06,Calaveras,009,45235,1851,1832,11,1843,21
2021-02-06,Colusa,011,21464,1811,1791,231,2022,10
2021-02-06,Contra Costa,013,1133247,60298,58567,996,59563,566
2021-02-06,Del Norte,015,27424,918,879,4,883,2
2021-02-06,El Dorado,017,186661,8812,8575,578,9153,86
2021-02-06,Fresno,019,978130,93225,90944,7157,98101,1207
2021-02-06,Glenn,021,27897,2188,2136,463,2599,14
2021-02-06,Humboldt,023,135768,2936,2880,19,2899,28
2021-02-06,Imperial,025,180216,26901,26514,2371,28885,567
2021-02-06,Inyo,027,18085,1160,1113,8,1121,27
2021-02-06,Kern,029,883053,90541,87919,8959,96878,912
2021-02-06,Kings,031,150075,21624,21156,904,22060,190
2021-02-06,Lake,033,64148,3009,2920,1,2921,34
2021-02-06,Lassen,035,31185,5017,4964,86,5050,1
2021-02-06,Los Angeles,037,10098052,1148364,1114718,36663,1151381,17793
2021-02-06,Madera,039,155013,15118,14807,743,15550,93
2021-02-06,Marin,041,260295,12728,12531,144,12675,194
2021-02-06,Mariposa,043,17540,366,355,3,358,4
2021-02-06,Mendocino,045,87422,3482,3316,68,3384,38
2021-02-06,Merced,047,269075,27101,26881,791,27672,346
2021-02-06,Modoc,049,8938,326,313,105,418,3
2021-02-06,Mono,051,14174,1155,1159,16,1175,3
2021-02-06,Monterey,053,433212,40730,39995,1492,41487,282
2021-02-06,Napa,055,140530,8731,8639,31,8670,55
2021-02-06,Nevada,057,99092,3777,3624,147,3771,43
2021-02-06,Orange,059,3164182,241418,237391,9693,247084,3293
2021-02-06,Placer,061,380077,19865,18836,1018,19854,211
2021-02-06,Plumas,063,18699,630,584,10,594,2
2021-02-06,Riverside,065,2383286,279373,271741,12935,284676,3243
2021-02-06,Sacramento,067,1510023,90411,88532,1125,89657,1237
2021-02-06,San Benito,069,59416,5557,5516,77,5593,52
2021-02-06,San Bernardino,071,2135413,281098,273718,8229,281947,2564
2021-02-06,San Diego,073,3302833,255205,245331,12213,257544,2812
2021-02-06,San Francisco,075,870044,32878,32437,930,33367,346
2021-02-06,San Joaquin,077,732212,64458,62840,2533,65373,906
2021-02-06,San Luis Obispo,079,281455,18862,18284,496,18780,214
2021-02-06,San Mateo,081,765935,38057,36824,377,37201,232
2021-02-06,Santa Barbara,083,443738,30740,29645,953,30598,337
2021-02-06,Santa Clara,085,1922200,105982,104639,489,105128,1439
2021-02-06,Santa Cruz,087,273765,14871,13845,720,14565,161
2021-02-06,Shasta,089,179085,10594,10561,1129,11690,137
2021-02-06,Sierra,091,2930,49,43,12,55,0
2021-02-06,Siskiyou,093,43540,1391,1289,203,1492,4
2021-02-06,Solano,095,438530,28903,28446,328,28774,129
2021-02-06,Sonoma,097,501317,26753,26564,149,26713,257
2021-02-06,Stanislaus,099,539301,48565,47325,4972,52297,679
2021-02-06,Sutter,101,95872,8547,8485,76,8561,92
2021-02-06,Tehama,103,63373,4468,4380,466,4846,22
2021-02-06,Trinity,105,12862,447,263,65,328,3
2021-02-06,Tulare,107,460477,46767,45349,7138,52487,664
2021-02-06,Tuolumne,109,53932,3641,3612,34,3646,48
2021-02-06,Ventura,111,848112,74702,73431,2606,76037,552
2021-02-06,Yolo,113,214977,12379,12061,142,12203,161
2021-02-06,Yuba,115,75493,5289,5177,75,5252,35
2021-02-05,Alameda,001,1643700,77361,75716,1599,77315,916
2021-02-05,Alpine,002,1148,74,72,0,72,0
2021-02-05,Amador,005,37829,3345,3299,26,3325,33
2021-02-05,Butte,007,227075,10935,10421,1552,11973,150
2021-02-05,Calaveras,009,45235,1847,1818,11,1829,21
2021-02-05,Colusa,011,21464,1807,1785,231,2016,10
2021-02-05,Contra Costa,013,1133247,60137,58195,994,59189,560
2021-02-05,Del Norte,015,27424,917,874,4,878,2
2021-02-05,El Dorado,017,186661,8793,8527,576,9103,86
2021-02-05,Fresno,019,978130,93023,90513,7136,97649,1194
2021-02-05,Glenn,021,27897,2185,2122,458,2580,14
2021-02-05,Humboldt,023,135768,2926,2857,19,2876,28
2021-02-05,Imperial,025,180216,26882,26474,2370,28844,557
2021-02-05,Inyo,027,18085,1156,1104,8,1112,27
2021-02-05,Kern,029,883053,90372,87470,8893,96363,906
2021-02-05,Kings,031,150075,21586,21021,901,21922,190
2021-02-05,Lake,033,64148,2997,2906,1,2907,33
2021-02-05,Lassen,035,31185,5013,4936,86,5022,1
2021-02-05,Los Angeles,037,10098052,1146264,1110384,36532,1146916,17608
2021-02-05,Madera,039,155013,15084,14752,738,15490,95
2021-02-05,Marin,041,260295,12693,12479,144,12623,193
2021-02-05,Mariposa,043,17540,366,352,3,355,4
2021-02-05,Mendocino,045,87422,3468,3272,68,3340,38
2021-02-05,Merced,047,269075,27041,26760,790,27550,345
2021-02-05,Modoc,049,8938,326,312,105,417,3
2021-02-05,Mono,051,14174,1154,1157,16,1173,3
2021-02-05,Monterey,053,433212,40663,39840,1481,41321,281
2021-02-05,Napa,055,140530,8717,8598,31,8629,55
2021-02-05,Nevada,057,99092,3774,3607,147,3754,43
2021-02-05,Orange,059,3164182,240991,236335,9666,246001,3260
2021-02-05,Placer,061,380077,19829,18756,1016,19772,211
2021-02-05,Plumas,063,18699,628,578,10,588,2
2021-02-05,Riverside,065,2383286,278957,270666,12916,283582,3235
2021-02-05,Sacramento,067,1510023,90230,87992,1118,89110,1231
2021-02-05,San Benito,069,59416,5546,5502,77,5579,51
2021-02-05,San Bernardino,071,2135413,280753,272938,8213,281151,2495
2021-02-05,San Diego,073,3302833,254629,244066,12178,256244,2777
2021-02-05,San Francisco,075,870044,32788,32229,919,33148,337
2021-02-05,San Joaquin,077,732212,64309,62565,2525,65090,902
2021-02-05,San Luis Obispo,079,281455,18801,18152,492,18644,213
2021-02-05,San Mateo,081,765935,37974,36582,376,36958,227
2021-02-05,Santa Barbara,083,443738,30643,29455,940,30395,334
2021-02-05,Santa Clara,085,1922200,105734,104112,487,104599,1421
2021-02-05,Santa Cruz,087,273765,14850,13776,718,14494,161
2021-02-05,Shasta,089,179085,10578,10507,1122,11629,136
2021-02-05,Sierra,091,2930,49,42,12,54,0
2021-02-05,Siskiyou,093,43540,1384,1276,201,1477,4
2021-02-05,Solano,095,438530,28853,28283,328,28611,127
2021-02-05,Sonoma,097,501317,26684,26423,146,26569,252
2021-02-05,Stanislaus,099,539301,48420,47024,4954,51978,678
2021-02-05,Sutter,101,95872,8527,8443,76,8519,92
2021-02-05,Tehama,103,63373,4459,4355,465,4820,22
2021-02-05,Trinity,105,12862,446,260,65,325,3
2021-02-05,Tulare,107,460477,46690,45138,7090,52228,663
2021-02-05,Tuolumne,109,53932,3615,3595,34,3629,45
2021-02-05,Ventura,111,848112,74457,72953,2594,75547,546
2021-02-05,Yolo,113,214977,12361,12025,139,12164,162
2021-02-05,Yuba,115,75493,5272,5145,75,5220,35
2021-02-04,Alameda,001,1643700,77076,75422,1593,77015,899
2021-02-04,Alpine,002,1148,73,72,0,72,0
2021-02-04,Amador,005,37829,3342,3288,26,3314,33
2021-02-04,Butte,007,227075,10902,10386,1544,11930,147
2021-02-04,Calaveras,009,45235,1845,1808,11,1819,21
2021-02-04,Colusa,011,21464,1803,1777,229,2006,10
2021-02-04,Contra Costa,013,1133247,59949,57991,990,58981,550
2021-02-04,Del Norte,015,27424,911,870,4,874,2
2021-02-04,El Dorado,017,186661,8767,8490,573,9063,86
2021-02-04,Fresno,019,978130,92808,90126,7109,97235,1114
2021-02-04,Glenn,021,27897,2180,2102,457,2559,14
2021-02-04,Humboldt,023,135768,2916,2827,19,2846,28
2021-02-04,Imperial,025,180216,26837,26411,2368,28779,556
2021-02-04,Inyo,027,18085,1144,1084,8,1092,27
2021-02-04,Kern,029,883053,90098,87156,8817,95973,898
2021-02-04,Kings,031,150075,21536,20918,895,21813,187
2021-02-04,Lake,033,64148,2985,2882,1,2883,34
2021-02-04,Lassen,035,31185,5010,4927,86,5013,1
2021-02-04,Los Angeles,037,10098052,1143465,1106323,36406,1142729,17396
2021-02-04,Madera,039,155013,15053,14706,735,15441,95
2021-02-04,Marin,041,260295,12658,12431,144,12575,192
2021-02-04,Mariposa,043,17540,366,348,3,351,4
2021-02-04,Mendocino,045,87422,3450,3240,66,3306,38
2021-02-04,Merced,047,269075,26946,26629,787,27416,345
2021-02-04,Modoc,049,8938,326,309,105,414,3
2021-02-04,Mono,051,14174,1152,1153,16,1169,3
2021-02-04,Monterey,053,433212,40552,39619,1464,41083,279
2021-02-04,Napa,055,140530,8688,8573,31,8604,55
2021-02-04,Nevada,057,99092,3754,3590,146,3736,37
2021-02-04,Orange,059,3164182,240349,235677,9624,245301,3238
2021-02-04,Placer,061,380077,19769,18711,1007,19718,210
2021-02-04,Plumas,063,18699,625,562,10,572,2
2021-02-04,Riverside,065,2383286,278194,269851,12877,282728,3230
2021-02-04,Sacramento,067,1510023,89929,87658,1108,88766,1222
2021-02-04,San Benito,069,59416,5532,5488,76,5564,51
2021-02-04,San Bernardino,071,2135413,280204,272223,8193,280416,2409
2021-02-04,San Diego,073,3302833,253841,242613,12112,254725,2738
2021-02-04,San Francisco,075,870044,32674,32116,910,33026,326
2021-02-04,San Joaquin,077,732212,64084,62374,2517,64891,883
2021-02-04,San Luis Obispo,079,281455,18734,18058,490,18548,211
2021-02-04,San Mateo,081,765935,37853,36437,373,36810,226
2021-02-04,Santa Barbara,083,443738,30508,29344,923,30267,322
2021-02-04,Santa Clara,085,1922200,105391,103781,484,104265,1404
2021-02-04,Santa Cruz,087,273765,14817,13713,710,14423,156
2021-02-04,Shasta,089,179085,10552,10466,1117,11583,131
2021-02-04,Sierra,091,2930,49,42,12,54,0
2021-02-04,Siskiyou,093,43540,1375,1273,201,1474,4
2021-02-04,Solano,095,438530,28750,28192,327,28519,120
2021-02-04,Sonoma,097,501317,26602,26276,143,26419,249
2021-02-04,Stanislaus,099,539301,48259,46822,4935,51757,678
2021-02-04,Sutter,101,95872,8507,8401,76,8477,92
2021-02-04,Tehama,103,63373,4442,4327,464,4791,21
2021-02-04,Trinity,105,12862,445,260,64,324,3
2021-02-04,Tulare,107,460477,46563,44983,7032,52015,656
2021-02-04,Tuolumne,109,53932,3575,3585,34,3619,45
2021-02-04,Ventura,111,848112,74125,72595,2581,75176,537
2021-02-04,Yolo,113,214977,12327,11982,138,12120,161
2021-02-04,Yuba,115,75493,5246,5135,75,5210,34
2021-02-03,Alameda,001,1643700,76752,74968,1590,76558,880
2021-02-03,Alpine,002,1148,73,72,0,72,0
2021-02-03,Amador,005,37829,3338,3281,26,3307,33
2021-02-03,Butte,007,227075,10870,10355,1537,11892,144
2021-02-03,Calaveras,009,45235,1830,1799,11,1810,21
2021-02-03,Colusa,011,21464,1798,1773,228,2001,10
2021-02-03,Contra Costa,013,1133247,59708,57762,978,58740,537
2021-02-03,Del Norte,015,27424,906,869,4,873,2
2021-02-03,El Dorado,017,186661,8746,8428,572,9000,86
2021-02-03,Fresno,019,978130,92586,89748,7070,96818,1015
2021-02-03,Glenn,021,27897,2170,2098,456,2554,14
2021-02-03,Humboldt,023,135768,2906,2800,19,2819,27
2021-02-03,Imperial,025,180216,26801,26363,2362,28725,547
2021-02-03,Inyo,027,18085,1134,1071,8,1079,27
2021-02-03,Kern,029,883053,89855,86771,8776,95547,877
2021-02-03,Kings,031,150075,21475,20831,893,21724,172
2021-02-03,Lake,033,64148,2967,2869,1,2870,33
2021-02-03,Lassen,035,31185,4998,4910,86,4996,1
2021-02-03,Los Angeles,037,10098052,1140380,1101890,36287,1138177,17163
2021-02-03,Madera,039,155013,15013,14605,733,15338,94
2021-02-03,Marin,041,260295,12623,12406,144,12550,190
2021-02-03,Mariposa,043,17540,365,347,3,350,4
2021-02-03,Mendocino,045,87422,3424,3236,65,3301,38
2021-02-03,Merced,047,269075,26831,26520,783,27303,343
2021-02-03,Modoc,049,8938,325,308,105,413,3
2021-02-03,Mono,051,14174,1145,1146,16,1162,3
2021-02-03,Monterey,053,433212,40425,39500,1447,40947,279
2021-02-03,Napa,055,140530,8653,8534,31,8565,54
2021-02-03,Nevada,057,99092,3740,3572,146,3718,35
2021-02-03,Orange,059,3164182,239605,234738,9592,244330,3189
2021-02-03,Placer,061,380077,19714,18646,1005,19651,210
2021-02-03,Plumas,063,18699,625,559,10,569,2
2021-02-03,Riverside,065,2383286,277451,269019,12847,281866,3195
2021-02-03,Sacramento,067,1510023,89606,87415,1104,88519,1212
2021-02-03,San Benito,069,59416,5514,5463,73,5536,51
2021-02-03,San Bernardino,071,2135413,279718,271477,8170,279647,2308
2021-02-03,San Diego,073,3302833,252939,241015,12066,253081,2683
2021-02-03,San Francisco,075,870044,32544,31983,905,32888,325
2021-02-03,San Joaquin,077,732212,63856,61976,2507,64483,880
2021-02-03,San Luis Obispo,079,281455,18656,17922,487,18409,206
2021-02-03,San Mateo,081,765935,37715,36227,369,36596,225
2021-02-03,Santa Barbara,083,443738,30359,29121,914,30035,315
2021-02-03,Santa Clara,085,1922200,105075,103278,482,103760,1364
2021-02-03,Santa Cruz,087,273765,14762,13611,704,14315,154
2021-02-03,Shasta,089,179085,10509,10422,1112,11534,130
2021-02-03,Sierra,091,2930,49,42,12,54,0
2021-02-03,Siskiyou,093,43540,1364,1268,200,1468,4
2021-02-03,Solano,095,438530,28628,28057,327,28384,119
2021-02-03,Sonoma,097,501317,26518,26155,142,26297,248
2021-02-03,Stanislaus,099,539301,48083,46598,4916,51514,662
2021-02-03,Sutter,101,95872,8482,8379,76,8455,90
2021-02-03,Tehama,103,63373,4424,4309,461,4770,21
2021-02-03,Trinity,105,12862,445,260,63,323,3
2021-02-03,Tulare,107,460477,46392,44838,6976,51814,640
2021-02-03,Tuolumne,109,53932,3564,3568,34,3602,45
2021-02-03,Ventura,111,848112,73788,72124,2571,74695,526
2021-02-03,Yolo,113,214977,12302,11933,138,12071,161
2021-02-03,Yuba,115,75493,5228,5124,75,5199,34
2021-02-02,Alameda,001,1643700,76409,74642,1578,76220,869
2021-02-02,Alpine,002,1148,73,72,0,72,0
2021-02-02,Amador,005,37829,3307,3275,26,3301,33
2021-02-02,Butte,007,227075,10844,10307,1528,11835,141
2021-02-02,Calaveras,009,45235,1820,1786,11,1797,21
2021-02-02,Colusa,011,21464,1790,1769,223,1992,9
2021-02-02,Contra Costa,013,1133247,59428,57551,975,58526,536
2021-02-02,Del Norte,015,27424,900,868,4,872,2
2021-02-02,El Dorado,017,186661,8706,8405,572,8977,84
2021-02-02,Fresno,019,978130,92285,89542,7035,96577,1009
2021-02-02,Glenn,021,27897,2158,2090,453,2543,14
2021-02-02,Humboldt,023,135768,2894,2784,19,2803,25
2021-02-02,Imperial,025,180216,26748,26317,2356,28673,535
2021-02-02,Inyo,027,18085,1131,1074,8,1082,27
2021-02-02,Kern,029,883053,89552,86485,8700,95185,867
2021-02-02,Kings,031,150075,21397,20785,885,21670,172
2021-02-02,Lake,033,64148,2947,2857,1,2858,33
2021-02-02,Lassen,035,31185,4991,4908,86,4994,1
2021-02-02,Los Angeles,037,10098052,1136998,1097573,36127,1133700,16913
2021-02-02,Madera,039,155013,14962,14595,728,15323,94
2021-02-02,Marin,041,260295,12593,12367,144,12511,189
2021-02-02,Mariposa,043,17540,362,345,3,348,4
2021-02-02,Mendocino,045,87422,3391,3210,65,3275,38
2021-02-02,Merced,047,269075,26734,26427,777,27204,340
2021-02-02,Modoc,049,8938,320,306,105,411,3
2021-02-02,Mono,051,14174,1143,1147,16,1163,3
2021-02-02,Monterey,053,433212,40290,39371,1433,40804,278
2021-02-02,Napa,055,140530,8624,8505,31,8536,53
2021-02-02,Nevada,057,99092,3725,3548,146,3694,20
2021-02-02,Orange,059,3164182,238802,233783,9557,243340,3152
2021-02-02,Placer,061,380077,19655,18615,1001,19616,205
2021-02-02,Plumas,063,18699,625,560,10,570,2
2021-02-02,Riverside,065,2383286,276594,267901,12813,280714,3169
2021-02-02,Sacramento,067,1510023,89316,87107,1093,88200,1202
2021-02-02,San Benito,069,59416,5500,5444,72,5516,50
2021-02-02,San Bernardino,071,2135413,279041,270486,8141,278627,2244
2021-02-02,San Diego,073,3302833,251900,240047,11979,252026,2629
2021-02-02,San Francisco,075,870044,32390,31788,895,32683,324
2021-02-02,San Joaquin,077,732212,63635,61708,2494,64202,878
2021-02-02,San Luis Obispo,079,281455,18562,17811,485,18296,201
2021-02-02,San Mateo,081,765935,37551,36004,363,36367,225
2021-02-02,Santa Barbara,083,443738,30188,28951,907,29858,304
2021-02-02,Santa Clara,085,1922200,104610,102872,477,103349,1349
2021-02-02,Santa Cruz,087,273765,14703,13572,700,14272,150
2021-02-02,Shasta,089,179085,10483,10371,1102,11473,128
2021-02-02,Sierra,091,2930,49,42,12,54,0
2021-02-02,Siskiyou,093,43540,1357,1252,197,1449,4
2021-02-02,Solano,095,438530,28532,27963,323,28286,118
2021-02-02,Sonoma,097,501317,26402,26054,142,26196,247
2021-02-02,Stanislaus,099,539301,47864,46306,4884,51190,641
2021-02-02,Sutter,101,95872,8459,8340,76,8416,89
2021-02-02,Tehama,103,63373,4410,4289,460,4749,21
2021-02-02,Trinity,105,12862,445,260,63,323,3
2021-02-02,Tulare,107,460477,46236,44720,6911,51631,625
2021-02-02,Tuolumne,109,53932,3552,3548,34,3582,39
2021-02-02,Ventura,111,848112,73372,71557,2561,74118,514
2021-02-02,Yolo,113,214977,12257,11886,136,12022,158
2021-02-02,Yuba,115,75493,5210,5111,74,5185,34
2021-02-01,Alameda,001,1643700,76053,74374,1573,75947,858
2021-02-01,Alpine,002,1148,73,72,0,72,0
2021-02-01,Amador,005,37829,3296,3234,26,3260,32
2021-02-01,Butte,007,227075,10800,10263,1524,11787,141
2021-02-01,Calaveras,009,45235,1813,1785,11,1796,21
2021-02-01,Colusa,011,21464,1785,1763,214,1977,9
2021-02-01,Contra Costa,013,1133247,59186,57324,974,58298,531
2021-02-01,Del Norte,015,27424,896,865,4,869,2
2021-02-01,El Dorado,017,186661,8667,8337,572,8909,83
2021-02-01,Fresno,019,978130,91953,89272,7000,96272,994
2021-02-01,Glenn,021,27897,2142,2086,445,2531,14
2021-02-01,Humboldt,023,135768,2873,2773,18,2791,25
2021-02-01,Imperial,025,180216,26705,26224,2354,28578,530
2021-02-01,Inyo,027,18085,1121,1072,8,1080,27
2021-02-01,Kern,029,883053,89155,86170,8632,94802,862
2021-02-01,Kings,031,150075,21306,20746,877,21623,172
2021-02-01,Lake,033,64148,2931,2843,1,2844,33
2021-02-01,Lassen,035,31185,4971,4907,86,4993,1
2021-02-01,Los Angeles,037,10098052,1133169,1094341,35963,1130304,16695
2021-02-01,Madera,039,155013,14927,14572,725,15297,94
2021-02-01,Marin,041,260295,12554,12341,143,12484,188
2021-02-01,Mariposa,043,17540,360,344,3,347,4
2021-02-01,Mendocino,045,87422,3358,3192,65,3257,37
2021-02-01,Merced,047,269075,26610,26282,768,27050,337
2021-02-01,Modoc,049,8938,314,303,101,404,1
2021-02-01,Mono,051,14174,1140,1145,16,1161,3
2021-02-01,Monterey,053,433212,40106,39196,1412,40608,278
2021-02-01,Napa,055,140530,8591,8449,31,8480,52
2021-02-01,Nevada,057,99092,3708,3535,145,3680,20
2021-02-01,Orange,059,3164182,237888,233155,9512,242667,3100
2021-02-01,Placer,061,380077,19588,18574,994,19568,204
2021-02-01,Plumas,063,18699,623,554,10,564,2
2021-02-01,Riverside,065,2383286,275654,267025,12778,279803,3092
2021-02-01,Sacramento,067,1510023,88913,86856,1082,87938,1193
2021-02-01,San Benito,069,59416,5482,5432,72,5504,48
2021-02-01,San Bernardino,071,2135413,278346,270012,8102,278114,2172
2021-02-01,San Diego,073,3302833,250675,239121,11903,251024,2619
2021-02-01,San Francisco,075,870044,32255,31703,883,32586,324
2021-02-01,San Joaquin,077,732212,63429,61542,2483,64025,877
2021-02-01,San Luis Obispo,079,281455,18442,17690,478,18168,199
2021-02-01,San Mateo,081,765935,37402,35843,363,36206,220
2021-02-01,Santa Barbara,083,443738,30019,28837,899,29736,297
2021-02-01,Santa Clara,085,1922200,104193,102462,476,102938,1343
2021-02-01,Santa Cruz,087,273765,14650,13524,698,14222,149
2021-02-01,Shasta,089,179085,10458,10329,1096,11425,112
2021-02-01,Sierra,091,2930,49,42,12,54,0
2021-02-01,Siskiyou,093,43540,1350,1238,194,1432,4
2021-02-01,Solano,095,438530,28427,27844,322,28166,117
2021-02-01,Sonoma,097,501317,26314,26011,141,26152,243
2021-02-01,Stanislaus,099,539301,47607,46112,4856,50968,642
2021-02-01,Sutter,101,95872,8420,8313,76,8389,89
2021-02-01,Tehama,103,63373,4384,4263,460,4723,21
2021-02-01,Trinity,105,12862,443,260,63,323,3
2021-02-01,Tulare,107,460477,46091,44569,6831,51400,618
2021-02-01,Tuolumne,109,53932,3544,3534,34,3568,39
2021-02-01,Ventura,111,848112,72967,71104,2544,73648,502
2021-02-01,Yolo,113,214977,12210,11824,135,11959,151
2021-02-01,Yuba,115,75493,5196,5084,73,5157,33
2021-01-31,Alameda,001,1643700,75628,73979,1565,75544,857
2021-01-31,Alpine,002,1148,73,72,0,72,0
2021-01-31,Amador,005,37829,3286,3212,25,3237,32
2021-01-31,Butte,007,227075,10755,10215,1514,11729,140
2021-01-31,Calaveras,009,45235,1793,1778,11,1789,21
2021-01-31,Colusa,011,21464,1779,1754,209,1963,9
2021-01-31,Contra Costa,013,1133247,58855,57079,974,58053,531
2021-01-31,Del Norte,015,27424,894,865,4,869,2
2021-01-31,El Dorado,017,186661,8629,8317,570,8887,83
2021-01-31,Fresno,019,978130,91641,88852,6946,95798,994
2021-01-31,Glenn,021,27897,2132,2083,444,2527,14
2021-01-31,Humboldt,023,135768,2857,2767,18,2785,25
2021-01-31,Imperial,025,180216,26632,26206,2345,28551,530
2021-01-31,Inyo,027,18085,1108,1072,8,1080,27
2021-01-31,Kern,029,883053,88658,85872,8548,94420,861
2021-01-31,Kings,031,150075,21222,20709,865,21574,172
2021-01-31,Lake,033,64148,2910,2826,1,2827,33
2021-01-31,Lassen,035,31185,4955,4900,86,4986,1
2021-01-31,Los Angeles,037,10098052,1128537,1090304,35763,1126067,16609
2021-01-31,Madera,039,155013,14873,14496,717,15213,94
2021-01-31,Marin,041,260295,12507,12297,139,12436,185
2021-01-31,Mariposa,043,17540,358,344,3,347,4
2021-01-31,Mendocino,045,87422,3335,3181,64,3245,37
2021-01-31,Merced,047,269075,26468,26222,763,26985,337
2021-01-31,Modoc,049,8938,311,304,99,403,1
2021-01-31,Mono,051,14174,1137,1146,16,1162,3
2021-01-31,Monterey,053,433212,39927,39035,1385,40420,278
2021-01-31,Napa,055,140530,8550,8404,31,8435,52
2021-01-31,Nevada,057,99092,3686,3518,143,3661,20
2021-01-31,Orange,059,3164182,236871,232347,9472,241819,3053
2021-01-31,Placer,061,380077,19511,18506,983,19489,204
2021-01-31,Plumas,063,18699,622,554,10,564,2
2021-01-31,Riverside,065,2383286,274637,266145,12731,278876,3074
2021-01-31,Sacramento,067,1510023,88472,86560,1068,87628,1186
2021-01-31,San Benito,069,59416,5460,5425,70,5495,48
2021-01-31,San Bernardino,071,2135413,277344,269533,8073,277606,2156
2021-01-31,San Diego,073,3302833,249362,238039,11789,249828,2619
2021-01-31,San Francisco,075,870044,32065,31563,872,32435,323
2021-01-31,San Joaquin,077,732212,63028,61379,2474,63853,877
2021-01-31,San Luis Obispo,079,281455,18309,17615,473,18088,199
2021-01-31,San Mateo,081,765935,37212,35659,360,36019,219
2021-01-31,Santa Barbara,083,443738,29775,28570,890,29460,297
2021-01-31,Santa Clara,085,1922200,103658,101986,467,102453,1330
2021-01-31,Santa Cruz,087,273765,14555,13469,684,14153,149
2021-01-31,Shasta,089,179085,10413,10313,1088,11401,112
2021-01-31,Sierra,091,2930,48,43,12,55,0
2021-01-31,Siskiyou,093,43540,1340,1238,194,1432,4
2021-01-31,Solano,095,438530,28297,27678,322,28000,118
2021-01-31,Sonoma,097,501317,26211,25925,140,26065,243
2021-01-31,Stanislaus,099,539301,47323,45971,4826,50797,642
2021-01-31,Sutter,101,95872,8375,8289,76,8365,89
2021-01-31,Tehama,103,63373,4362,4256,459,4715,21
2021-01-31,Trinity,105,12862,441,260,63,323,3
2021-01-31,Tulare,107,460477,45923,44440,6752,51192,618
2021-01-31,Tuolumne,109,53932,3506,3519,34,3553,39
2021-01-31,Ventura,111,848112,72372,70635,2531,73166,502
2021-01-31,Yolo,113,214977,12150,11771,135,11906,151
2021-01-31,Yuba,115,75493,5176,5071,73,5144,33
2021-01-30,Alameda,001,1643700,75425,73622,1560,75182,850
2021-01-30,Alpine,002,1148,73,72,0,72,0
2021-01-30,Amador,005,37829,3282,3181,25,3206,32
2021-01-30,Butte,007,227075,10721,10177,1505,11682,139
2021-01-30,Calaveras,009,45235,1780,1763,11,1774,21
2021-01-30,Colusa,011,21464,1777,1748,209,1957,9
2021-01-30,Contra Costa,013,1133247,58676,56763,970,57733,531
2021-01-30,Del Norte,015,27424,893,865,4,869,2
2021-01-30,El Dorado,017,186661,8609,8299,569,8868,83
2021-01-30,Fresno,019,978130,91461,88476,6926,95402,964
2021-01-30,Glenn,021,27897,2129,2074,442,2516,14
2021-01-30,Humboldt,023,135768,2846,2742,18,2760,24
2021-01-30,Imperial,025,180216,26608,26160,2343,28503,530
2021-01-30,Inyo,027,18085,1104,1068,8,1076,27
2021-01-30,Kern,029,883053,88457,85572,8483,94055,848
2021-01-30,Kings,031,150075,21151,20605,860,21465,169
2021-01-30,Lake,033,64148,2904,2809,1,2810,33
2021-01-30,Lassen,035,31185,4951,4890,86,4976,1
2021-01-30,Los Angeles,037,10098052,1126138,1084763,35620,1120383,16484
2021-01-30,Madera,039,155013,14831,14443,712,15155,94
2021-01-30,Marin,041,260295,12480,12225,138,12363,185
2021-01-30,Mariposa,043,17540,356,344,3,347,4
2021-01-30,Mendocino,045,87422,3321,3153,63,3216,36
2021-01-30,Merced,047,269075,26394,26078,761,26839,335
2021-01-30,Modoc,049,8938,311,303,99,402,1
2021-01-30,Mono,051,14174,1137,1143,16,1159,3
2021-01-30,Monterey,053,433212,39867,38847,1383,40230,277
2021-01-30,Napa,055,140530,8534,8342,31,8373,52
2021-01-30,Nevada,057,99092,3667,3499,143,3642,20
2021-01-30,Orange,059,3164182,236326,231358,9435,240793,3013
2021-01-30,Placer,061,380077,19458,18430,977,19407,205
2021-01-30,Plumas,063,18699,620,554,10,564,2
2021-01-30,Riverside,065,2383286,274041,265137,12700,277837,3061
2021-01-30,Sacramento,067,1510023,88281,86388,1063,87451,1184
2021-01-30,San Benito,069,59416,5442,5401,69,5470,48
2021-01-30,San Bernardino,071,2135413,276916,268660,8053,276713,2122
2021-01-30,San Diego,073,3302833,248597,236765,11744,248509,2603
2021-01-30,San Francisco,075,870044,31964,31427,869,32296,316
2021-01-30,San Joaquin,077,732212,62896,61120,2465,63585,864
2021-01-30,San Luis Obispo,079,281455,18229,17522,472,17994,198
2021-01-30,San Mateo,081,765935,37073,35451,359,35810,219
2021-01-30,Santa Barbara,083,443738,29633,28342,888,29230,296
2021-01-30,Santa Clara,085,1922200,103329,101471,465,101936,1307
2021-01-30,Santa Cruz,087,273765,14515,13383,683,14066,149
2021-01-30,Shasta,089,179085,10394,10283,1085,11368,112
2021-01-30,Sierra,091,2930,48,43,12,55,0
2021-01-30,Siskiyou,093,43540,1337,1236,193,1429,4
2021-01-30,Solano,095,438530,28214,27511,321,27832,118
2021-01-30,Sonoma,097,501317,26163,25810,137,25947,243
2021-01-30,Stanislaus,099,539301,47193,45697,4799,50496,642
2021-01-30,Sutter,101,95872,8359,8226,76,8302,87
2021-01-30,Tehama,103,63373,4349,4229,458,4687,21
2021-01-30,Trinity,105,12862,441,259,63,322,3
2021-01-30,Tulare,107,460477,45787,44203,6716,50919,615
2021-01-30,Tuolumne,109,53932,3502,3508,34,3542,36
2021-01-30,Ventura,111,848112,72060,69931,2517,72448,493
2021-01-30,Yolo,113,214977,12136,11698,134,11832,151
2021-01-30,Yuba,115,75493,5166,5042,72,5114,33
2021-01-29,Alameda,001,1643700,75158,73210,1553,74763,841
2021-01-29,Alpine,002,1148,73,72,0,72,0
2021-01-29,Amador,005,37829,3270,3134,24,3158,32
2021-01-29,Butte,007,227075,10689,10122,1496,11618,138
2021-01-29,Calaveras,009,45235,1769,1757,11,1768,21
2021-01-29,Colusa,011,21464,1773,1734,208,1942,8
2021-01-29,Contra Costa,013,1133247,58509,56318,968,57286,529
2021-01-29,Del Norte,015,27424,892,865,4,869,2
2021-01-29,El Dorado,017,186661,8592,8231,568,8799,83
2021-01-29,Fresno,019,978130,91247,87936,6889,94825,962
2021-01-29,Glenn,021,27897,2124,2061,441,2502,14
2021-01-29,Humboldt,023,135768,2833,2707,18,2725,24
2021-01-29,Imperial,025,180216,26593,26045,2340,28385,521
2021-01-29,Inyo,027,18085,1092,1048,8,1056,27
2021-01-29,Kern,029,883053,88230,85044,8432,93476,836
2021-01-29,Kings,031,150075,21112,20466,855,21321,169
2021-01-29,Lake,033,64148,2894,2792,1,2793,32
2021-01-29,Lassen,035,31185,4948,4874,86,4960,1
2021-01-29,Los Angeles,037,10098052,1122642,1078329,35471,1113800,16190
2021-01-29,Madera,039,155013,14784,14377,712,15089,94
2021-01-29,Marin,041,260295,12435,12145,137,12282,185
2021-01-29,Mariposa,043,17540,355,342,3,345,4
2021-01-29,Mendocino,045,87422,3312,3131,62,3193,36
2021-01-29,Merced,047,269075,26320,25865,756,26621,334
2021-01-29,Modoc,049,8938,310,297,99,396,1
2021-01-29,Mono,051,14174,1135,1139,16,1155,3
2021-01-29,Monterey,053,433212,39754,38539,1375,39914,277
2021-01-29,Napa,055,140530,8503,8276,31,8307,52
2021-01-29,Nevada,057,99092,3658,3487,142,3629,20
2021-01-29,Orange,059,3164182,235650,229917,9398,239315,2967
2021-01-29,Placer,061,380077,19405,18367,973,19340,203
2021-01-29,Plumas,063,18699,619,548,10,558,2
2021-01-29,Riverside,065,2383286,273240,263504,12668,276172,3008
2021-01-29,Sacramento,067,1510023,88027,86320,1058,87378,1169
2021-01-29,San Benito,069,59416,5434,5386,69,5455,48
2021-01-29,San Bernardino,071,2135413,276398,267490,8015,275505,2095
2021-01-29,San Diego,073,3302833,247655,234637,11666,246303,2571
2021-01-29,San Francisco,075,870044,31825,31294,861,32155,307
2021-01-29,San Joaquin,077,732212,62752,60899,2451,63350,858
2021-01-29,San Luis Obispo,079,281455,18169,17440,467,17907,193
2021-01-29,San Mateo,081,765935,36940,35223,356,35579,218
2021-01-29,Santa Barbara,083,443738,29500,28105,882,28987,291
2021-01-29,Santa Clara,085,1922200,102974,101010,463,101473,1273
2021-01-29,Santa Cruz,087,273765,14462,13311,680,13991,148
2021-01-29,Shasta,089,179085,10378,10220,1081,11301,112
2021-01-29,Sierra,091,2930,48,43,12,55,0
2021-01-29,Siskiyou,093,43540,1336,1227,193,1420,4
2021-01-29,Solano,095,438530,28131,27352,319,27671,116
2021-01-29,Sonoma,097,501317,26107,25710,136,25846,243
2021-01-29,Stanislaus,099,539301,47050,45466,4777,50243,642
2021-01-29,Sutter,101,95872,8340,8181,76,8257,87
2021-01-29,Tehama,103,63373,4337,4191,456,4647,20
2021-01-29,Trinity,105,12862,441,260,63,323,3
2021-01-29,Tulare,107,460477,45680,43925,6677,50602,606
2021-01-29,Tuolumne,109,53932,3492,3483,34,3517,36
2021-01-29,Ventura,111,848112,71638,69511,2504,72015,484
2021-01-29,Yolo,113,214977,12098,11612,134,11746,151
2021-01-29,Yuba,115,75493,5151,5018,72,5090,32
2021-01-28,Alameda,001,1643700,74735,72758,1545,74303,833
2021-01-28,Alpine,002,1148,73,72,0,72,0
2021-01-28,Amador,005,37829,3233,3124,24,3148,31
2021-01-28,Butte,007,227075,10648,10037,1487,11524,138
2021-01-28,Calaveras,009,45235,1756,1747,10,1757,21
2021-01-28,Colusa,011,21464,1766,1731,204,1935,8
2021-01-28,Contra Costa,013,1133247,58266,55999,958,56957,525
2021-01-28,Del Norte,015,27424,891,862,4,866,2
2021-01-28,El Dorado,017,186661,8577,8198,563,8761,79
2021-01-28,Fresno,019,978130,90961,87401,6842,94243,949
2021-01-28,Glenn,021,27897,2119,2043,434,2477,14
2021-01-28,Humboldt,023,135768,2816,2686,18,2704,24
2021-01-28,Imperial,025,180216,26550,25984,2332,28316,517
2021-01-28,Inyo,027,18085,1087,1039,8,1047,27
2021-01-28,Kern,029,883053,87901,84708,8349,93057,817
2021-01-28,Kings,031,150075,21052,20328,852,21180,167
2021-01-28,Lake,033,64148,2879,2772,1,2773,32
2021-01-28,Lassen,035,31185,4942,4865,86,4951,1
2021-01-28,Los Angeles,037,10098052,1118730,1072412,35283,1107695,15967
2021-01-28,Madera,039,155013,14729,14301,708,15009,94
2021-01-28,Marin,041,260295,12386,12079,136,12215,183
2021-01-28,Mariposa,043,17540,355,334,3,337,4
2021-01-28,Mendocino,045,87422,3295,3110,62,3172,36
2021-01-28,Merced,047,269075,26198,25620,744,26364,328
2021-01-28,Modoc,049,8938,309,297,99,396,0
2021-01-28,Mono,051,14174,1133,1131,16,1147,3
2021-01-28,Monterey,053,433212,39560,38312,1356,39668,274
2021-01-28,Napa,055,140530,8456,8233,31,8264,50
2021-01-28,Nevada,057,99092,3643,3452,141,3593,19
2021-01-28,Orange,059,3164182,234675,228636,9368,238004,2860
2021-01-28,Placer,061,380077,19345,18246,970,19216,198
2021-01-28,Plumas,063,18699,618,547,10,557,2
2021-01-28,Riverside,065,2383286,272460,262342,12620,274962,2981
2021-01-28,Sacramento,067,1510023,87662,85698,1047,86745,1149
2021-01-28,San Benito,069,59416,5416,5344,68,5412,47
2021-01-28,San Bernardino,071,2135413,275696,266456,7994,274450,2057
2021-01-28,San Diego,073,3302833,246502,232967,11577,244544,2534
2021-01-28,San Francisco,075,870044,31688,31193,845,32038,290
2021-01-28,San Joaquin,077,732212,62490,60627,2437,63064,854
2021-01-28,San Luis Obispo,079,281455,18069,17279,465,17744,189
2021-01-28,San Mateo,081,765935,36771,34931,340,35271,218
2021-01-28,Santa Barbara,083,443738,29277,27674,869,28543,284
2021-01-28,Santa Clara,085,1922200,102518,100470,461,100931,1219
2021-01-28,Santa Cruz,087,273765,14373,13188,674,13862,145
2021-01-28,Shasta,089,179085,10344,10176,1073,11249,110
2021-01-28,Sierra,091,2930,48,43,12,55,0
2021-01-28,Siskiyou,093,43540,1329,1218,191,1409,4
2021-01-28,Solano,095,438530,27971,27163,318,27481,114
2021-01-28,Sonoma,097,501317,26016,25564,136,25700,236
2021-01-28,Stanislaus,099,539301,46842,45162,4758,49920,640
2021-01-28,Sutter,101,95872,8293,8136,76,8212,85
2021-01-28,Tehama,103,63373,4314,4163,453,4616,20
2021-01-28,Trinity,105,12862,439,260,63,323,3
2021-01-28,Tulare,107,460477,45525,43742,6602,50344,595
2021-01-28,Tuolumne,109,53932,3478,3472,34,3506,32
2021-01-28,Ventura,111,848112,71126,68896,2488,71384,475
2021-01-28,Yolo,113,214977,12056,11500,130,11630,151
2021-01-28,Yuba,115,75493,5135,4994,71,5065,32
2021-01-27,Alameda,001,1643700,74316,72188,1538,73726,815
2021-01-27,Alpine,002,1148,73,72,0,72,0
2021-01-27,Amador,005,37829,3217,3116,24,3140,31
2021-01-27,Butte,007,227075,10609,9988,1476,11464,138
2021-01-27,Calaveras,009,45235,1747,1737,10,1747,21
2021-01-27,Colusa,011,21464,1760,1724,202,1926,8
2021-01-27,Contra Costa,013,1133247,57971,55578,955,56533,507
2021-01-27,Del Norte,015,27424,890,859,4,863,2
2021-01-27,El Dorado,017,186661,8551,8141,562,8703,76
2021-01-27,Fresno,019,978130,90669,86886,6800,93686,938
2021-01-27,Glenn,021,27897,2115,2042,433,2475,14
2021-01-27,Humboldt,023,135768,2794,2630,18,2648,24
2021-01-27,Imperial,025,180216,26496,25861,2320,28181,504
2021-01-27,Inyo,027,18085,1083,1023,8,1031,27
2021-01-27,Kern,029,883053,87591,84244,8278,92522,809
2021-01-27,Kings,031,150075,20946,20211,844,21055,167
2021-01-27,Lake,033,64148,2859,2750,1,2751,32
2021-01-27,Lassen,035,31185,4936,4851,86,4937,1
2021-01-27,Los Angeles,037,10098052,1113918,1066569,35081,1101650,15757
2021-01-27,Madera,039,155013,14687,14194,703,14897,86
2021-01-27,Marin,041,260295,12348,12028,135,12163,180
2021-01-27,Mariposa,043,17540,355,333,3,336,4
2021-01-27,Mendocino,045,87422,3275,3095,62,3157,36
2021-01-27,Merced,047,269075,26039,25439,732,26171,315
2021-01-27,Modoc,049,8938,309,297,96,393,0
2021-01-27,Mono,051,14174,1131,1131,16,1147,3
2021-01-27,Monterey,053,433212,39353,38139,1337,39476,268
2021-01-27,Napa,055,140530,8383,8187,31,8218,46
2021-01-27,Nevada,057,99092,3621,3431,141,3572,18
2021-01-27,Orange,059,3164182,233558,227110,9316,236426,2832
2021-01-27,Placer,061,380077,19275,18106,959,19065,198
2021-01-27,Plumas,063,18699,618,544,10,554,2
2021-01-27,Riverside,065,2383286,271265,260796,12569,273365,2931
2021-01-27,Sacramento,067,1510023,87302,85428,1035,86463,1142
2021-01-27,San Benito,069,59416,5401,5284,68,5352,47
2021-01-27,San Bernardino,071,2135413,274842,265153,7961,273114,2019
2021-01-27,San Diego,073,3302833,245173,231478,11472,242950,2465
2021-01-27,San Francisco,075,870044,31543,31082,838,31920,287
2021-01-27,San Joaquin,077,732212,62220,60131,2418,62549,853
2021-01-27,San Luis Obispo,079,281455,17961,17119,461,17580,188
2021-01-27,San Mateo,081,765935,36616,34619,337,34956,216
2021-01-27,Santa Barbara,083,443738,29100,27435,863,28298,282
2021-01-27,Santa Clara,085,1922200,102103,99732,457,100189,1184
2021-01-27,Santa Cruz,087,273765,14303,13111,671,13782,143
2021-01-27,Shasta,089,179085,10310,10106,1067,11173,105
2021-01-27,Sierra,091,2930,48,44,12,56,0
2021-01-27,Siskiyou,093,43540,1324,1214,188,1402,4
2021-01-27,Solano,095,438530,27794,26982,311,27293,112
2021-01-27,Sonoma,097,501317,25918,25361,132,25493,237
2021-01-27,Stanislaus,099,539301,46658,44874,4733,49607,624
2021-01-27,Sutter,101,95872,8250,8093,76,8169,83
2021-01-27,Tehama,103,63373,4294,4133,449,4582,20
2021-01-27,Trinity,105,12862,439,260,63,323,3
2021-01-27,Tulare,107,460477,45338,43462,6532,49994,583
2021-01-27,Tuolumne,109,53932,3468,3464,34,3498,32
2021-01-27,Ventura,111,848112,70652,68291,2463,70754,468
2021-01-27,Yolo,113,214977,12009,11427,128,11555,151
2021-01-27,Yuba,115,75493,5119,4968,71,5039,32
2021-01-26,Alameda,001,1643700,73940,71851,1521,73372,789
2021-01-26,Alpine,002,1148,73,72,0,72,0
2021-01-26,Amador,005,37829,3206,3113,24,3137,31
2021-01-26,Butte,007,227075,10567,9943,1470,11413,136
2021-01-26,Calaveras,009,45235,1737,1723,10,1733,21
2021-01-26,Colusa,011,21464,1753,1719,199,1918,8
2021-01-26,Contra Costa,013,1133247,57697,55337,947,56284,491
2021-01-26,Del Norte,015,27424,889,856,4,860,2
2021-01-26,El Dorado,017,186661,8527,8115,560,8675,71
2021-01-26,Fresno,019,978130,90311,86673,6757,93430,923
2021-01-26,Glenn,021,27897,2105,2034,428,2462,13
2021-01-26,Humboldt,023,135768,2773,2612,17,2629,24
2021-01-26,Imperial,025,180216,26424,25812,2308,28120,498
2021-01-26,Inyo,027,18085,1077,1018,8,1026,27
2021-01-26,Kern,029,883053,87168,83868,8203,92071,790
2021-01-26,Kings,031,150075,20888,20156,839,20995,159
2021-01-26,Lake,033,64148,2851,2748,1,2749,32
2021-01-26,Lassen,035,31185,4930,4844,86,4930,1
2021-01-26,Los Angeles,037,10098052,1108627,1060492,34883,1095375,15458
2021-01-26,Madera,039,155013,14630,14130,697,14827,86
2021-01-26,Marin,041,260295,12304,11993,133,12126,179
2021-01-26,Mariposa,043,17540,353,332,3,335,3
2021-01-26,Mendocino,045,87422,3249,3076,61,3137,36
2021-01-26,Merced,047,269075,25899,25359,724,26083,309
2021-01-26,Modoc,049,8938,302,291,95,386,0
2021-01-26,Mono,051,14174,1129,1120,16,1136,3
2021-01-26,Monterey,053,433212,39159,37963,1317,39280,255
2021-01-26,Napa,055,140530,8326,8145,31,8176,43
2021-01-26,Nevada,057,99092,3614,3410,140,3550,18
2021-01-26,Orange,059,3164182,232435,225987,9270,235257,2760
2021-01-26,Placer,061,380077,19199,18016,957,18973,193
2021-01-26,Plumas,063,18699,616,536,10,546,2
2021-01-26,Riverside,065,2383286,269896,259399,12506,271905,2898
2021-01-26,Sacramento,067,1510023,86942,85062,1028,86090,1127
2021-01-26,San Benito,069,59416,5387,5251,67,5318,45
2021-01-26,San Bernardino,071,2135413,273847,263736,7919,271655,1970
2021-01-26,San Diego,073,3302833,243677,230063,11370,241433,2421
2021-01-26,San Francisco,075,870044,31411,30874,819,31693,286
2021-01-26,San Joaquin,077,732212,61968,59889,2402,62291,847
2021-01-26,San Luis Obispo,079,281455,17880,17016,458,17474,186
2021-01-26,San Mateo,081,765935,36422,34441,326,34767,213
2021-01-26,Santa Barbara,083,443738,28924,27321,851,28172,273
2021-01-26,Santa Clara,085,1922200,101624,99215,454,99669,1171
2021-01-26,Santa Cruz,087,273765,14237,13045,665,13710,134
2021-01-26,Shasta,089,179085,10275,10036,1059,11095,103
2021-01-26,Sierra,091,2930,48,43,12,55,0
2021-01-26,Siskiyou,093,43540,1309,1208,186,1394,4
2021-01-26,Solano,095,438530,27638,26858,304,27162,110
2021-01-26,Sonoma,097,501317,25799,25273,130,25403,236
2021-01-26,Stanislaus,099,539301,46476,44703,4693,49396,599
2021-01-26,Sutter,101,95872,8207,8067,76,8143,83
2021-01-26,Tehama,103,63373,4261,4115,449,4564,20
2021-01-26,Trinity,105,12862,439,260,63,323,3
2021-01-26,Tulare,107,460477,45135,43394,6464,49858,579
2021-01-26,Tuolumne,109,53932,3458,3451,34,3485,30
2021-01-26,Ventura,111,848112,70120,67526,2437,69963,448
2021-01-26,Yolo,113,214977,11965,11361,125,11486,148
2021-01-26,Yuba,115,75493,5094,4944,69,5013,31
2021-01-25,Alameda,001,1643700,73515,71255,1511,72766,780
2021-01-25,Alpine,002,1148,73,72,0,72,0
2021-01-25,Amador,005,37829,3166,3074,24,3098,30
2021-01-25,Butte,007,227075,10502,9865,1462,11327,133
2021-01-25,Calaveras,009,45235,1722,1713,10,1723,21
2021-01-25,Colusa,011,21464,1741,1709,195,1904,8
2021-01-25,Contra Costa,013,1133247,57345,54989,940,55929,488
2021-01-25,Del Norte,015,27424,889,855,4,859,2
2021-01-25,El Dorado,017,186661,8502,8060,559,8619,66
2021-01-25,Fresno,019,978130,89941,86336,6725,93061,913
2021-01-25,Glenn,021,27897,2096,2028,428,2456,13
2021-01-25,Humboldt,023,135768,2739,2587,17,2604,24
2021-01-25,Imperial,025,180216,26375,25745,2301,28046,491
2021-01-25,Inyo,027,18085,1071,1015,8,1023,27
2021-01-25,Kern,029,883053,86783,83401,8118,91519,787
2021-01-25,Kings,031,150075,20768,20067,835,20902,159
2021-01-25,Lake,033,64148,2833,2729,1,2730,32
2021-01-25,Lassen,035,31185,4903,4835,86,4921,1
2021-01-25,Los Angeles,037,10098052,1102662,1055181,34663,1089844,15163
2021-01-25,Madera,039,155013,14575,14068,692,14760,86
2021-01-25,Marin,041,260295,12255,11923,129,12052,177
2021-01-25,Mariposa,043,17540,350,331,3,334,3
2021-01-25,Mendocino,045,87422,3238,3054,61,3115,35
2021-01-25,Merced,047,269075,25760,25181,715,25896,305
2021-01-25,Modoc,049,8938,301,288,91,379,0
2021-01-25,Mono,051,14174,1126,1114,15,1129,3
2021-01-25,Monterey,053,433212,38907,37726,1298,39024,255
2021-01-25,Napa,055,140530,8292,8057,30,8087,43
2021-01-25,Nevada,057,99092,3600,3365,140,3505,18
2021-01-25,Orange,059,3164182,231226,225105,9225,234330,2696
2021-01-25,Placer,061,380077,19109,17936,942,18878,193
2021-01-25,Plumas,063,18699,613,533,10,543,2
2021-01-25,Riverside,065,2383286,268159,258082,12453,270535,2789
2021-01-25,Sacramento,067,1510023,86500,84653,1020,85673,1118
2021-01-25,San Benito,069,59416,5352,5238,66,5304,43
2021-01-25,San Bernardino,071,2135413,272921,263174,7883,271057,1947
2021-01-25,San Diego,073,3302833,242063,228630,11298,239928,2375
2021-01-25,San Francisco,075,870044,31265,30734,796,31530,288
2021-01-25,San Joaquin,077,732212,61677,59291,2377,61668,838
2021-01-25,San Luis Obispo,079,281455,17746,16868,453,17321,179
2021-01-25,San Mateo,081,765935,36189,34187,320,34507,213
2021-01-25,Santa Barbara,083,443738,28690,27065,841,27906,269
2021-01-25,Santa Clara,085,1922200,101100,98647,446,99093,1143
2021-01-25,Santa Cruz,087,273765,14150,12973,661,13634,133
2021-01-25,Shasta,089,179085,10234,9991,1048,11039,103
2021-01-25,Sierra,091,2930,48,42,12,54,0
2021-01-25,Siskiyou,093,43540,1301,1205,183,1388,4
2021-01-25,Solano,095,438530,27470,26648,303,26951,109
2021-01-25,Sonoma,097,501317,25692,25160,128,25288,233
2021-01-25,Stanislaus,099,539301,46230,44293,4651,48944,599
2021-01-25,Sutter,101,95872,8164,8023,76,8099,83
2021-01-25,Tehama,103,63373,4234,4082,445,4527,20
2021-01-25,Trinity,105,12862,439,262,63,325,3
2021-01-25,Tulare,107,460477,44918,43124,6362,49486,578
2021-01-25,Tuolumne,109,53932,3449,3422,34,3456,29
2021-01-25,Ventura,111,848112,69499,66910,2421,69331,439
2021-01-25,Yolo,113,214977,11881,11276,124,11400,140
2021-01-25,Yuba,115,75493,5073,4900,67,4967,31
2021-01-24,Alameda,001,1643700,73013,70823,1500,72323,780
2021-01-24,Alpine,002,1148,73,72,0,72,0
2021-01-24,Amador,005,37829,3133,3054,24,3078,30
2021-01-24,Butte,007,227075,10418,9820,1446,11266,133
2021-01-24,Calaveras,009,45235,1709,1704,10,1714,21
2021-01-24,Colusa,011,21464,1730,1689,189,1878,8
2021-01-24,Contra Costa,013,1133247,56959,54694,928,55622,488
2021-01-24,Del Norte,015,27424,885,855,4,859,2
2021-01-24,El Dorado,017,186661,8467,8003,555,8558,66
2021-01-24,Fresno,019,978130,89502,85808,6686,92494,911
2021-01-24,Glenn,021,27897,2088,2026,427,2453,13
2021-01-24,Humboldt,023,135768,2700,2562,17,2579,24
2021-01-24,Imperial,025,180216,26280,25707,2280,27987,488
2021-01-24,Inyo,027,18085,1055,1007,8,1015,27
2021-01-24,Kern,029,883053,86348,83125,8011,91136,785
2021-01-24,Kings,031,150075,20640,19988,819,20807,159
2021-01-24,Lake,033,64148,2816,2724,0,2724,32
2021-01-24,Lassen,035,31185,4892,4828,83,4911,1
2021-01-24,Los Angeles,037,10098052,1096243,1048757,34360,1083117,15119
2021-01-24,Madera,039,155013,14492,14000,686,14686,86
2021-01-24,Marin,041,260295,12191,11872,128,12000,177
2021-01-24,Mariposa,043,17540,346,322,3,325,3
2021-01-24,Mendocino,045,87422,3217,3037,60,3097,33
2021-01-24,Merced,047,269075,25549,25047,706,25753,305
2021-01-24,Modoc,049,8938,301,285,91,376,0
2021-01-24,Mono,051,14174,1119,1113,15,1128,3
2021-01-24,Monterey,053,433212,38635,37527,1264,38791,254
2021-01-24,Napa,055,140530,8250,8005,30,8035,43
2021-01-24,Nevada,057,99092,3558,3349,138,3487,18
2021-01-24,Orange,059,3164182,229792,223853,9156,233009,2632
2021-01-24,Placer,061,380077,18996,17839,922,18761,193
2021-01-24,Plumas,063,18699,610,532,10,542,2
2021-01-24,Riverside,065,2383286,266519,256767,12377,269144,2761
2021-01-24,Sacramento,067,1510023,85947,84110,1012,85122,1112
2021-01-24,San Benito,069,59416,5310,5223,63,5286,43
2021-01-24,San Bernardino,071,2135413,271608,262370,7831,270201,1935
2021-01-24,San Diego,073,3302833,240369,227193,11167,238360,2375
2021-01-24,San Francisco,075,870044,31075,30559,775,31334,275
2021-01-24,San Joaquin,077,732212,61252,59021,2363,61384,838
2021-01-24,San Luis Obispo,079,281455,17621,16758,451,17209,179
2021-01-24,San Mateo,081,765935,35944,33956,314,34270,213
2021-01-24,Santa Barbara,083,443738,28375,26735,831,27566,269
2021-01-24,Santa Clara,085,1922200,100465,98103,441,98544,1109
2021-01-24,Santa Cruz,087,273765,14064,12905,653,13558,133
2021-01-24,Shasta,089,179085,10163,9978,1039,11017,103
2021-01-24,Sierra,091,2930,47,42,12,54,0
2021-01-24,Siskiyou,093,43540,1294,1195,183,1378,4
2021-01-24,Solano,095,438530,27285,26515,299,26814,109
2021-01-24,Sonoma,097,501317,25530,25045,127,25172,233
2021-01-24,Stanislaus,099,539301,45921,44031,4592,48623,599
2021-01-24,Sutter,101,95872,8100,7980,76,8056,83
2021-01-24,Tehama,103,63373,4194,4062,442,4504,20
2021-01-24,Trinity,105,12862,439,262,63,325,3
2021-01-24,Tulare,107,460477,44698,43006,6273,49279,577
2021-01-24,Tuolumne,109,53932,3438,3416,34,3450,29
2021-01-24,Ventura,111,848112,68809,66347,2399,68746,439
2021-01-24,Yolo,113,214977,11798,11210,120,11330,140
2021-01-24,Yuba,115,75493,5033,4875,66,4941,31
2021-01-23,Alameda,001,1643700,72765,70080,1494,71574,780
2021-01-23,Alpine,002,1148,73,72,0,72,0
2021-01-23,Amador,005,37829,3130,3049,24,3073,30
2021-01-23,Butte,007,227075,10389,9757,1443,11200,133
2021-01-23,Calaveras,009,45235,1706,1695,10,1705,21
2021-01-23,Colusa,011,21464,1726,1672,188,1860,8
2021-01-23,Contra Costa,013,1133247,56745,54162,922,55084,487
2021-01-23,Del Norte,015,27424,883,855,4,859,2
2021-01-23,El Dorado,017,186661,8451,7984,553,8537,66
2021-01-23,Fresno,019,978130,89315,85274,6658,91932,910
2021-01-23,Glenn,021,27897,2085,2015,423,2438,13
2021-01-23,Humboldt,023,135768,2681,2493,16,2509,23
2021-01-23,Imperial,025,180216,26246,25581,2268,27849,487
2021-01-23,Inyo,027,18085,1046,987,8,995,27
2021-01-23,Kern,029,883053,86105,82602,7943,90545,783
2021-01-23,Kings,031,150075,20596,19904,817,20721,159
2021-01-23,Lake,033,64148,2807,2673,0,2673,32
2021-01-23,Lassen,035,31185,4891,4816,80,4896,1
2021-01-23,Los Angeles,037,10098052,1093004,1040961,34202,1075163,15034
2021-01-23,Madera,039,155013,14455,13858,683,14541,86
2021-01-23,Marin,041,260295,12135,11796,126,11922,177
2021-01-23,Mariposa,043,17540,346,323,3,326,3
2021-01-23,Mendocino,045,87422,3203,2991,60,3051,32
2021-01-23,Merced,047,269075,25457,24787,692,25479,303
2021-01-23,Modoc,049,8938,301,285,91,376,0
2021-01-23,Mono,051,14174,1117,1111,15,1126,3
2021-01-23,Monterey,053,433212,38552,37165,1259,38424,253
2021-01-23,Napa,055,140530,8225,7893,30,7923,43
2021-01-23,Nevada,057,99092,3547,3332,137,3469,18
2021-01-23,Orange,059,3164182,229023,221722,9116,230838,2618
2021-01-23,Placer,061,380077,18946,17617,917,18534,193
2021-01-23,Plumas,063,18699,609,528,10,538,2
2021-01-23,Riverside,065,2383286,265620,253636,12327,265963,2733
2021-01-23,Sacramento,067,1510023,85719,83408,1009,84417,1108
2021-01-23,San Benito,069,59416,5286,5166,62,5228,43
2021-01-23,San Bernardino,071,2135413,271051,260381,7801,268182,1922
2021-01-23,San Diego,073,3302833,239308,225556,11095,236651,2344
2021-01-23,San Francisco,075,870044,30970,30308,745,31053,268
2021-01-23,San Joaquin,077,732212,61124,58164,2353,60517,836
2021-01-23,San Luis Obispo,079,281455,17557,16652,448,17100,176
2021-01-23,San Mateo,081,765935,35768,33696,303,33999,213
2021-01-23,Santa Barbara,083,443738,28190,26234,822,27056,264
2021-01-23,Santa Clara,085,1922200,100106,97189,440,97629,1086
2021-01-23,Santa Cruz,087,273765,14006,12771,650,13421,127
2021-01-23,Shasta,089,179085,10134,9951,1038,10989,103
2021-01-23,Sierra,091,2930,47,41,12,53,0
2021-01-23,Siskiyou,093,43540,1285,1190,182,1372,4
2021-01-23,Solano,095,438530,27192,26261,297,26558,107
2021-01-23,Sonoma,097,501317,25450,24790,127,24917,232
2021-01-23,Stanislaus,099,539301,45754,43723,4561,48284,599
2021-01-23,Sutter,101,95872,8082,7943,75,8018,80
2021-01-23,Tehama,103,63373,4175,4006,441,4447,20
2021-01-23,Trinity,105,12862,439,262,63,325,3
2021-01-23,Tulare,107,460477,44545,42661,6213,48874,575
2021-01-23,Tuolumne,109,53932,3431,3407,34,3441,29
2021-01-23,Ventura,111,848112,68353,65581,2376,67957,438
2021-01-23,Yolo,113,214977,11757,11087,118,11205,141
2021-01-23,Yuba,115,75493,5021,4831,65,4896,30
2021-01-22,Alameda,001,1643700,72447,69693,1487,71180,751
2021-01-22,Alpine,002,1148,73,71,0,71,0
2021-01-22,Amador,005,37829,3125,3042,24,3066,30
2021-01-22,Butte,007,227075,10345,9711,1430,11141,133
2021-01-22,Calaveras,009,45235,1697,1672,10,1682,21
2021-01-22,Colusa,011,21464,1724,1668,188,1856,7
2021-01-22,Contra Costa,013,1133247,56507,53887,916,54803,485
2021-01-22,Del Norte,015,27424,882,852,4,856,2
2021-01-22,El Dorado,017,186661,8418,7877,550,8427,64
2021-01-22,Fresno,019,978130,88975,84744,6630,91374,892
2021-01-22,Glenn,021,27897,2080,1985,417,2402,13
2021-01-22,Humboldt,023,135768,2657,2452,16,2468,23
2021-01-22,Imperial,025,180216,26212,25562,2253,27815,474
2021-01-22,Inyo,027,18085,1035,961,8,969,26
2021-01-22,Kern,029,883053,85808,82101,7867,89968,771
2021-01-22,Kings,031,150075,20520,19760,813,20573,159
2021-01-22,Lake,033,64148,2795,2681,0,2681,32
2021-01-22,Lassen,035,31185,4882,4765,79,4844,1
2021-01-22,Los Angeles,037,10098052,1088534,1031177,34015,1065192,14777
2021-01-22,Madera,039,155013,14395,13781,682,14463,86
2021-01-22,Marin,041,260295,12098,11769,124,11893,177
2021-01-22,Mariposa,043,17540,346,323,3,326,3
2021-01-22,Mendocino,045,87422,3178,2994,59,3053,32
2021-01-22,Merced,047,269075,25334,24616,685,25301,290
2021-01-22,Modoc,049,8938,301,285,91,376,0
2021-01-22,Mono,051,14174,1117,1108,15,1123,3
2021-01-22,Monterey,053,433212,38399,36909,1254,38163,253
2021-01-22,Napa,055,140530,8181,7828,30,7858,40
2021-01-22,Nevada,057,99092,3522,3296,136,3432,18
2021-01-22,Orange,059,3164182,228070,220384,9069,229453,2542
2021-01-22,Placer,061,380077,18889,17636,902,18538,193
2021-01-22,Plumas,063,18699,607,522,10,532,2
2021-01-22,Riverside,065,2383286,264476,252440,12261,264701,2710
2021-01-22,Sacramento,067,1510023,85388,82861,1001,83862,1094
2021-01-22,San Benito,069,59416,5260,5143,62,5205,43
2021-01-22,San Bernardino,071,2135413,270248,259121,7771,266892,1849
2021-01-22,San Diego,073,3302833,238068,222576,11030,233606,2301
2021-01-22,San Francisco,075,870044,30856,30027,728,30755,266
2021-01-22,San Joaquin,077,732212,60940,58485,2341,60826,812
2021-01-22,San Luis Obispo,079,281455,17467,16336,445,16781,172
2021-01-22,San Mateo,081,765935,35546,33401,300,33701,211
2021-01-22,Santa Barbara,083,443738,27990,25989,811,26800,256
2021-01-22,Santa Clara,085,1922200,99660,96435,437,96872,1062
2021-01-22,Santa Cruz,087,273765,13948,12687,646,13333,123
2021-01-22,Shasta,089,179085,10114,9866,1036,10902,103
2021-01-22,Sierra,091,2930,47,40,12,52,0
2021-01-22,Siskiyou,093,43540,1281,1182,180,1362,4
2021-01-22,Solano,095,438530,27101,26048,295,26343,107
2021-01-22,Sonoma,097,501317,25365,24659,127,24786,232
2021-01-22,Stanislaus,099,539301,45588,43489,4535,48024,599
2021-01-22,Sutter,101,95872,8057,7878,75,7953,80
2021-01-22,Tehama,103,63373,4161,3993,439,4432,19
2021-01-22,Trinity,105,12862,438,263,63,326,3
2021-01-22,Tulare,107,460477,44366,42307,6146,48453,573
2021-01-22,Tuolumne,109,53932,3403,3379,34,3413,29
2021-01-22,Ventura,111,848112,67840,64404,2357,66761,426
2021-01-22,Yolo,113,214977,11724,11014,116,11130,141
2021-01-22,Yuba,115,75493,4997,4789,63,4852,29
2021-01-21,Alameda,001,1643700,72013,69314,1470,70784,739
2021-01-21,Alpine,002,1148,73,71,0,71,0
2021-01-21,Amador,005,37829,3103,3038,24,3062,29
2021-01-21,Butte,007,227075,10281,9643,1423,11066,130
2021-01-21,Calaveras,009,45235,1689,1647,10,1657,21
2021-01-21,Colusa,011,21464,1717,1662,186,1848,7
2021-01-21,Contra Costa,013,1133247,56117,53595,904,54499,478
2021-01-21,Del Norte,015,27424,880,850,3,853,2
2021-01-21,El Dorado,017,186661,8369,7823,547,8370,58
2021-01-21,Fresno,019,978130,88571,84137,6590,90727,889
2021-01-21,Glenn,021,27897,2072,1964,412,2376,13
2021-01-21,Humboldt,023,135768,2634,2423,16,2439,23
2021-01-21,Imperial,025,180216,26127,25509,2241,27750,463
2021-01-21,Inyo,027,18085,1026,946,8,954,26
2021-01-21,Kern,029,883053,85395,81328,7752,89080,769
2021-01-21,Kings,031,150075,20449,19633,796,20429,158
2021-01-21,Lake,033,64148,2781,2669,0,2669,32
2021-01-21,Lassen,035,31185,4875,4763,79,4842,1
2021-01-21,Los Angeles,037,10098052,1081866,1023055,33703,1056758,14537
2021-01-21,Madera,039,155013,14331,13664,674,14338,86
2021-01-21,Marin,041,260295,12044,11732,122,11854,173
2021-01-21,Mariposa,043,17540,342,322,3,325,3
2021-01-21,Mendocino,045,87422,3155,2967,57,3024,32
2021-01-21,Merced,047,269075,25180,24426,678,25104,245
2021-01-21,Modoc,049,8938,298,284,90,374,0
2021-01-21,Mono,051,14174,1112,1104,15,1119,3
2021-01-21,Monterey,053,433212,38118,36149,1245,37394,253
2021-01-21,Napa,055,140530,8117,7774,30,7804,40
2021-01-21,Nevada,057,99092,3493,3274,135,3409,18
2021-01-21,Orange,059,3164182,226694,218867,9015,227882,2540
2021-01-21,Placer,061,380077,18811,17553,898,18451,190
2021-01-21,Plumas,063,18699,603,518,10,528,2
2021-01-21,Riverside,065,2383286,262760,251007,12183,263190,2676
2021-01-21,Sacramento,067,1510023,84909,82303,981,83284,1084
2021-01-21,San Benito,069,59416,5230,5100,57,5157,43
2021-01-21,San Bernardino,071,2135413,268930,257754,7706,265460,1832
2021-01-21,San Diego,073,3302833,236293,219729,10923,230652,2222
2021-01-21,San Francisco,075,870044,30683,29801,694,30495,266
2021-01-21,San Joaquin,077,732212,60634,58270,2323,60593,806
2021-01-21,San Luis Obispo,079,281455,17381,16153,437,16590,169
2021-01-21,San Mateo,081,765935,35300,33156,287,33443,210
2021-01-21,Santa Barbara,083,443738,27702,25654,798,26452,253
2021-01-21,Santa Clara,085,1922200,99073,96028,432,96460,1062
2021-01-21,Santa Cruz,087,273765,13864,12548,636,13184,119
2021-01-21,Shasta,089,179085,10071,9795,1021,10816,98
2021-01-21,Sierra,091,2930,47,40,12,52,0
2021-01-21,Siskiyou,093,43540,1278,1178,178,1356,4
2021-01-21,Solano,095,438530,26923,25885,291,26176,106
2021-01-21,Sonoma,097,501317,25225,24440,125,24565,230
2021-01-21,Stanislaus,099,539301,45290,43223,4491,47714,599
2021-01-21,Sutter,101,95872,8023,7822,75,7897,80
2021-01-21,Tehama,103,63373,4122,3938,438,4376,19
2021-01-21,Trinity,105,12862,438,261,63,324,3
2021-01-21,Tulare,107,460477,44155,42082,6072,48154,569
2021-01-21,Tuolumne,109,53932,3393,3365,33,3398,29
2021-01-21,Ventura,111,848112,67141,63995,2337,66332,420
2021-01-21,Yolo,113,214977,11633,10940,108,11048,141
2021-01-21,Yuba,115,75493,4965,4757,62,4819,29
2021-01-20,Alameda,001,1643700,71540,68785,1454,70239,702
2021-01-20,Alpine,002,1148,73,71,0,71,0
2021-01-20,Amador,005,37829,3072,3036,24,3060,29
2021-01-20,Butte,007,227075,10225,9582,1413,10995,130
2021-01-20,Calaveras,009,45235,1667,1637,9,1646,21
2021-01-20,Colusa,011,21464,1700,1630,181,1811,7
2021-01-20,Contra Costa,013,1133247,55691,53108,895,54003,461
2021-01-20,Del Norte,015,27424,879,848,3,851,2
2021-01-20,El Dorado,017,186661,8319,7785,544,8329,53
2021-01-20,Fresno,019,978130,88152,83591,6536,90127,872
2021-01-20,Glenn,021,27897,2053,1955,410,2365,13
2021-01-20,Humboldt,023,135768,2591,2390,16,2406,22
2021-01-20,Imperial,025,180216,26055,25380,2207,27587,461
2021-01-20,Inyo,027,18085,1016,901,8,909,26
2021-01-20,Kern,029,883053,84945,80701,7647,88348,754
2021-01-20,Kings,031,150075,20359,19522,788,20310,146
2021-01-20,Lake,033,64148,2761,2646,0,2646,31
2021-01-20,Lassen,035,31185,4867,4758,77,4835,1
2021-01-20,Los Angeles,037,10098052,1074363,1015608,33425,1049033,14299
2021-01-20,Madera,039,155013,14266,13585,670,14255,86
2021-01-20,Marin,041,260295,11988,11684,120,11804,171
2021-01-20,Mariposa,043,17540,340,322,3,325,3
2021-01-20,Mendocino,045,87422,3140,2957,57,3014,32
2021-01-20,Merced,047,269075,25007,24220,656,24876,243
2021-01-20,Modoc,049,8938,297,282,90,372,0
2021-01-20,Mono,051,14174,1105,1105,14,1119,3
2021-01-20,Monterey,053,433212,37806,35960,1225,37185,249
2021-01-20,Napa,055,140530,8048,7731,30,7761,40
2021-01-20,Nevada,057,99092,3461,3238,135,3373,18
2021-01-20,Orange,059,3164182,225158,216893,8954,225847,2500
2021-01-20,Placer,061,380077,18717,17455,880,18335,186
2021-01-20,Plumas,063,18699,601,512,10,522,2
2021-01-20,Riverside,065,2383286,260716,248686,12100,260786,2615
2021-01-20,Sacramento,067,1510023,84349,81687,971,82658,1072
2021-01-20,San Benito,069,59416,5199,5036,56,5092,35
2021-01-20,San Bernardino,071,2135413,267608,255921,7659,263580,1801
2021-01-20,San Diego,073,3302833,234438,218553,10819,229372,2174
2021-01-20,San Francisco,075,870044,30496,29665,673,30338,262
2021-01-20,San Joaquin,077,732212,60231,58025,2314,60339,783
2021-01-20,San Luis Obispo,079,281455,17199,15936,428,16364,164
2021-01-20,San Mateo,081,765935,35073,32929,286,33215,210
2021-01-20,Santa Barbara,083,443738,27384,25312,786,26098,248
2021-01-20,Santa Clara,085,1922200,98428,94995,430,95425,1040
2021-01-20,Santa Cruz,087,273765,13757,12460,623,13083,107
2021-01-20,Shasta,089,179085,10019,9697,1011,10708,98
2021-01-20,Sierra,091,2930,47,40,12,52,0
2021-01-20,Siskiyou,093,43540,1271,1163,177,1340,4
2021-01-20,Solano,095,438530,26730,25659,287,25946,106
2021-01-20,Sonoma,097,501317,25088,24262,123,24385,223
2021-01-20,Stanislaus,099,539301,45010,42955,4453,47408,585
2021-01-20,Sutter,101,95872,7972,7772,73,7845,80
2021-01-20,Tehama,103,63373,4096,3892,435,4327,19
2021-01-20,Trinity,105,12862,438,260,63,323,3
2021-01-20,Tulare,107,460477,43898,41799,5982,47781,559
2021-01-20,Tuolumne,109,53932,3379,3355,32,3387,29
2021-01-20,Ventura,111,848112,66180,63413,2308,65721,395
2021-01-20,Yolo,113,214977,11568,10852,105,10957,141
2021-01-20,Yuba,115,75493,4938,4729,62,4791,29
2021-01-19,Alameda,001,1643700,70899,68434,1445,69879,680
2021-01-19,Alpine,002,1148,73,71,0,71,0
2021-01-19,Amador,005,37829,3063,3024,24,3048,28
2021-01-19,Butte,007,227075,10162,9528,1399,10927,129
2021-01-19,Calaveras,009,45235,1652,1621,8,1629,21
2021-01-19,Colusa,011,21464,1678,1617,178,1795,7
2021-01-19,Contra Costa,013,1133247,55229,52730,885,53615,448
2021-01-19,Del Norte,015,27424,877,843,3,846,2
2021-01-19,El Dorado,017,186661,8258,7743,536,8279,47
2021-01-19,Fresno,019,978130,87630,83200,6486,89686,857
2021-01-19,Glenn,021,27897,2041,1948,405,2353,13
2021-01-19,Humboldt,023,135768,2567,2359,13,2372,22
2021-01-19,Imperial,025,180216,25975,25333,2190,27523,452
2021-01-19,Inyo,027,18085,1008,891,8,899,26
2021-01-19,Kern,029,883053,84357,80272,7542,87814,742
2021-01-19,Kings,031,150075,20220,19375,778,20153,143
2021-01-19,Lake,033,64148,2748,2625,0,2625,31
2021-01-19,Lassen,035,31185,4860,4753,77,4830,1
2021-01-19,Los Angeles,037,10098052,1065689,1010375,33161,1043536,14014
2021-01-19,Madera,039,155013,14155,13528,665,14193,86
2021-01-19,Marin,041,260295,11933,11654,116,11770,169
2021-01-19,Mariposa,043,17540,340,322,3,325,3
2021-01-19,Mendocino,045,87422,3123,2930,57,2987,32
2021-01-19,Merced,047,269075,24795,24108,647,24755,242
2021-01-19,Modoc,049,8938,296,281,90,371,0
2021-01-19,Mono,051,14174,1104,1106,14,1120,3
2021-01-19,Monterey,053,433212,37505,35840,1204,37044,248
2021-01-19,Napa,055,140530,7990,7672,30,7702,38
2021-01-19,Nevada,057,99092,3443,3216,133,3349,18
2021-01-19,Orange,059,3164182,223425,215244,8887,224131,2468
2021-01-19,Placer,061,380077,18620,17348,870,18218,182
2021-01-19,Plumas,063,18699,594,509,10,519,2
2021-01-19,Riverside,065,2383286,258629,246248,12022,258270,2585
2021-01-19,Sacramento,067,1510023,83812,81183,951,82134,1053
2021-01-19,San Benito,069,59416,5153,4988,55,5043,35
2021-01-19,San Bernardino,071,2135413,265904,253651,7605,261256,1777
2021-01-19,San Diego,073,3302833,232015,216833,10721,227554,2109
2021-01-19,San Francisco,075,870044,30277,29502,642,30144,261
2021-01-19,San Joaquin,077,732212,59851,57655,2303,59958,782
2021-01-19,San Luis Obispo,079,281455,16936,15855,425,16280,161
2021-01-19,San Mateo,081,765935,34788,32730,275,33005,208
2021-01-19,Santa Barbara,083,443738,27000,24991,770,25761,236
2021-01-19,Santa Clara,085,1922200,97693,94483,429,94912,1010
2021-01-19,Santa Cruz,087,273765,13640,12410,615,13025,106
2021-01-19,Shasta,089,179085,9983,9614,1001,10615,93
2021-01-19,Sierra,091,2930,47,40,10,50,0
2021-01-19,Siskiyou,093,43540,1263,1149,175,1324,4
2021-01-19,Solano,095,438530,26482,25520,286,25806,106
2021-01-19,Sonoma,097,501317,24908,24133,121,24254,223
2021-01-19,Stanislaus,099,539301,44662,42723,4408,47131,561
2021-01-19,Sutter,101,95872,7922,7709,67,7776,80
2021-01-19,Tehama,103,63373,4066,3876,433,4309,19
2021-01-19,Trinity,105,12862,437,260,63,323,3
2021-01-19,Tulare,107,460477,43619,41559,5887,47446,549
2021-01-19,Tuolumne,109,53932,3352,3328,32,3360,29
2021-01-19,Ventura,111,848112,65496,62656,2281,64937,383
2021-01-19,Yolo,113,214977,11483,10789,105,10894,134
2021-01-19,Yuba,115,75493,4905,4695,61,4756,29
2021-01-18,Alameda,001,1643700,70267,67938,1428,69366,680
2021-01-18,Alpine,002,1148,73,71,0,71,0
2021-01-18,Amador,005,37829,3049,3016,24,3040,28
2021-01-18,Butte,007,227075,10076,9474,1387,10861,129
2021-01-18,Calaveras,009,45235,1631,1617,7,1624,21
2021-01-18,Colusa,011,21464,1662,1608,176,1784,7
2021-01-18,Contra Costa,013,1133247,54720,52323,877,53200,448
2021-01-18,Del Norte,015,27424,876,840,3,843,2
2021-01-18,El Dorado,017,186661,8192,7707,534,8241,47
2021-01-18,Fresno,019,978130,87019,82485,6420,88905,857
2021-01-18,Glenn,021,27897,2024,1935,401,2336,13
2021-01-18,Humboldt,023,135768,2529,2343,13,2356,22
2021-01-18,Imperial,025,180216,25907,25317,2166,27483,452
2021-01-18,Inyo,027,18085,996,872,8,880,26
2021-01-18,Kern,029,883053,83720,79930,7451,87381,740
2021-01-18,Kings,031,150075,20050,19267,766,20033,141
2021-01-18,Lake,033,64148,2731,2591,0,2591,30
2021-01-18,Lassen,035,31185,4824,4749,76,4825,1
2021-01-18,Los Angeles,037,10098052,1056176,1002614,32878,1035492,13828
2021-01-18,Madera,039,155013,14053,13443,656,14099,85
2021-01-18,Marin,041,260295,11887,11607,114,11721,165
2021-01-18,Mariposa,043,17540,337,320,2,322,3
2021-01-18,Mendocino,045,87422,3100,2919,57,2976,31
2021-01-18,Merced,047,269075,24550,23927,631,24558,242
2021-01-18,Modoc,049,8938,293,281,87,368,0
2021-01-18,Mono,051,14174,1101,1101,14,1115,3
2021-01-18,Monterey,053,433212,37063,35549,1190,36739,247
2021-01-18,Napa,055,140530,7917,7601,30,7631,38
2021-01-18,Nevada,057,99092,3405,3199,133,3332,17
2021-01-18,Orange,059,3164182,221536,213866,8833,222699,2405
2021-01-18,Placer,061,380077,18504,17263,861,18124,182
2021-01-18,Plumas,063,18699,591,506,10,516,2
2021-01-18,Riverside,065,2383286,256318,244151,11929,256080,2568
2021-01-18,Sacramento,067,1510023,83142,80546,935,81481,1046
2021-01-18,San Benito,069,59416,5105,4963,53,5016,35
2021-01-18,San Bernardino,071,2135413,264186,252808,7550,260358,1775
2021-01-18,San Diego,073,3302833,229366,214335,10592,224927,2103
2021-01-18,San Francisco,075,870044,30070,29321,618,29939,259
2021-01-18,San Joaquin,077,732212,59339,57405,2282,59687,782
2021-01-18,San Luis Obispo,079,281455,16749,15742,415,16157,158
2021-01-18,San Mateo,081,765935,34476,32515,256,32771,208
2021-01-18,Santa Barbara,083,443738,26621,24638,757,25395,235
2021-01-18,Santa Clara,085,1922200,96906,93688,425,94113,992
2021-01-18,Santa Cruz,087,273765,13507,12298,602,12900,106
2021-01-18,Shasta,089,179085,9944,9600,991,10591,92
2021-01-18,Sierra,091,2930,46,40,10,50,0
2021-01-18,Siskiyou,093,43540,1250,1144,174,1318,4
2021-01-18,Solano,095,438530,26204,25344,282,25626,105
2021-01-18,Sonoma,097,501317,24640,24068,120,24188,223
2021-01-18,Stanislaus,099,539301,44305,42413,4352,46765,562
2021-01-18,Sutter,101,95872,7865,7680,65,7745,78
2021-01-18,Tehama,103,63373,4021,3854,426,4280,19
2021-01-18,Trinity,105,12862,437,260,63,323,3
2021-01-18,Tulare,107,460477,43329,41196,5781,46977,549
2021-01-18,Tuolumne,109,53932,3328,3318,31,3349,28
2021-01-18,Ventura,111,848112,65063,61859,2259,64118,379
2021-01-18,Yolo,113,214977,11361,10620,102,10722,134
2021-01-18,Yuba,115,75493,4878,4671,59,4730,29
2021-01-17,Alameda,001,1643700,69703,67375,1410,68785,676
2021-01-17,Alpine,002,1148,73,71,0,71,0
2021-01-17,Amador,005,37829,3042,3001,24,3025,28
2021-01-17,Butte,007,227075,10001,9411,1363,10774,129
2021-01-17,Calaveras,009,45235,1618,1608,7,1615,21
2021-01-17,Colusa,011,21464,1649,1588,172,1760,7
2021-01-17,Contra Costa,013,1133247,54213,51932,866,52798,447
2021-01-17,Del Norte,015,27424,876,838,3,841,2
2021-01-17,El Dorado,017,186661,8137,7659,523,8182,47
2021-01-17,Fresno,019,978130,86465,82039,6345,88384,857
2021-01-17,Glenn,021,27897,2013,1924,396,2320,9
2021-01-17,Humboldt,023,135768,2493,2322,11,2333,22
2021-01-17,Imperial,025,180216,25836,25253,2125,27378,451
2021-01-17,Inyo,027,18085,990,864,8,872,26
2021-01-17,Kern,029,883053,83171,79489,7365,86854,738
2021-01-17,Kings,031,150075,19914,19201,752,19953,131
2021-01-17,Lake,033,64148,2717,2572,0,2572,30
2021-01-17,Lassen,035,31185,4816,4740,75,4815,1
2021-01-17,Los Angeles,037,10098052,1049513,993028,32492,1025520,13741
2021-01-17,Madera,039,155013,13963,13328,652,13980,85
2021-01-17,Marin,041,260295,11838,11552,112,11664,164
2021-01-17,Mariposa,043,17540,337,319,2,321,3
2021-01-17,Mendocino,045,87422,3072,2912,56,2968,31
2021-01-17,Merced,047,269075,24337,23800,613,24413,242
2021-01-17,Modoc,049,8938,292,279,87,366,0
2021-01-17,Mono,051,14174,1094,1091,13,1104,3
2021-01-17,Monterey,053,433212,36819,35340,1164,36504,244
2021-01-17,Napa,055,140530,7862,7521,30,7551,38
2021-01-17,Nevada,057,99092,3380,3176,131,3307,17
2021-01-17,Orange,059,3164182,219542,212389,8760,221149,2359
2021-01-17,Placer,061,380077,18397,17194,846,18040,181
2021-01-17,Plumas,063,18699,589,505,9,514,2
2021-01-17,Riverside,065,2383286,254208,242206,11813,254019,2534
2021-01-17,Sacramento,067,1510023,82542,80154,923,81077,1045
2021-01-17,San Benito,069,59416,5067,4941,53,4994,35
2021-01-17,San Bernardino,071,2135413,262088,251487,7463,258950,1775
2021-01-17,San Diego,073,3302833,227172,211785,10485,222270,2103
2021-01-17,San Francisco,075,870044,29881,29139,581,29720,255
2021-01-17,San Joaquin,077,732212,58982,57094,2268,59362,780
2021-01-17,San Luis Obispo,079,281455,16627,15658,406,16064,157
2021-01-17,San Mateo,081,765935,34224,32186,233,32419,208
2021-01-17,Santa Barbara,083,443738,26160,24401,745,25146,235
2021-01-17,Santa Clara,085,1922200,96146,92752,422,93174,976
2021-01-17,Santa Cruz,087,273765,13395,12196,599,12795,106
2021-01-17,Shasta,089,179085,9886,9588,983,10571,92
2021-01-17,Sierra,091,2930,46,38,9,47,0
2021-01-17,Siskiyou,093,43540,1243,1136,171,1307,4
2021-01-17,Solano,095,438530,25978,25216,280,25496,105
2021-01-17,Sonoma,097,501317,24466,23871,120,23991,223
2021-01-17,Stanislaus,099,539301,43985,42221,4289,46510,562
2021-01-17,Sutter,101,95872,7802,7604,64,7668,77
2021-01-17,Tehama,103,63373,3990,3837,422,4259,18
2021-01-17,Trinity,105,12862,437,261,63,324,3
2021-01-17,Tulare,107,460477,43042,41016,5665,46681,549
2021-01-17,Tuolumne,109,53932,3311,3287,31,3318,27
2021-01-17,Ventura,111,848112,64212,61257,2212,63469,376
2021-01-17,Yolo,113,214977,11262,10519,100,10619,134
2021-01-17,Yuba,115,75493,4831,4640,56,4696,28
2021-01-16,Alameda,001,1643700,69381,66583,1398,67981,673
2021-01-16,Alpine,002,1148,73,71,0,71,0
2021-01-16,Amador,005,37829,3039,2986,24,3010,28
2021-01-16,Butte,007,227075,9970,9359,1343,10702,129
2021-01-16,Calaveras,009,45235,1605,1596,7,1603,21
2021-01-16,Colusa,011,21464,1638,1578,172,1750,7
2021-01-16,Contra Costa,013,1133247,53934,51363,859,52222,443
2021-01-16,Del Norte,015,27424,871,833,3,836,2
2021-01-16,El Dorado,017,186661,8115,7575,522,8097,47
2021-01-16,Fresno,019,978130,86189,81294,6291,87585,846
2021-01-16,Glenn,021,27897,2009,1894,393,2287,9
2021-01-16,Humboldt,023,135768,2473,2294,9,2303,22
2021-01-16,Imperial,025,180216,25798,25140,2118,27258,451
2021-01-16,Inyo,027,18085,986,845,8,853,25
2021-01-16,Kern,029,883053,82804,78865,7311,86176,733
2021-01-16,Kings,031,150075,19858,19072,749,19821,131
2021-01-16,Lake,033,64148,2705,2504,0,2504,30
2021-01-16,Lassen,035,31185,4804,4719,75,4794,1
2021-01-16,Los Angeles,037,10098052,1045427,982684,32258,1014942,13654
2021-01-16,Madera,039,155013,13897,13193,647,13840,85
2021-01-16,Marin,041,260295,11796,11482,112,11594,164
2021-01-16,Mariposa,043,17540,336,317,2,319,3
2021-01-16,Mendocino,045,87422,3058,2890,53,2943,31
2021-01-16,Merced,047,269075,24250,23478,599,24077,242
2021-01-16,Modoc,049,8938,292,278,87,365,0
2021-01-16,Mono,051,14174,1092,1079,13,1092,3
2021-01-16,Monterey,053,433212,36708,34972,1148,36120,243
2021-01-16,Napa,055,140530,7823,7356,30,7386,39
2021-01-16,Nevada,057,99092,3347,3144,131,3275,17
2021-01-16,Orange,059,3164182,218509,210111,8704,218815,2312
2021-01-16,Placer,061,380077,18333,16995,844,17839,177
2021-01-16,Plumas,063,18699,587,502,9,511,2
2021-01-16,Riverside,065,2383286,252850,239412,11698,251110,2506
2021-01-16,Sacramento,067,1510023,82168,79122,906,80028,1033
2021-01-16,San Benito,069,59416,5034,4875,53,4928,35
2021-01-16,San Bernardino,071,2135413,261260,249401,7396,256797,1755
2021-01-16,San Diego,073,3302833,225874,209895,10388,220283,2065
2021-01-16,San Francisco,075,870044,29752,28853,550,29403,244
2021-01-16,San Joaquin,077,732212,58739,56642,2235,58877,776
2021-01-16,San Luis Obispo,079,281455,16526,15466,404,15870,152
2021-01-16,San Mateo,081,765935,34059,31805,227,32032,208
2021-01-16,Santa Barbara,083,443738,25959,24088,741,24829,229
2021-01-16,Santa Clara,085,1922200,95651,91584,415,91999,954
2021-01-16,Santa Cruz,087,273765,13336,12026,597,12623,106
2021-01-16,Shasta,089,179085,9853,9547,979,10526,92
2021-01-16,Sierra,091,2930,45,38,9,47,0
2021-01-16,Siskiyou,093,43540,1238,1124,171,1295,4
2021-01-16,Solano,095,438530,25869,24732,276,25008,103
2021-01-16,Sonoma,097,501317,24375,23607,119,23726,223
2021-01-16,Stanislaus,099,539301,43797,41809,4239,46048,562
2021-01-16,Sutter,101,95872,7770,7560,64,7624,76
2021-01-16,Tehama,103,63373,3976,3783,422,4205,18
2021-01-16,Trinity,105,12862,437,261,63,324,3
2021-01-16,Tulare,107,460477,42863,40655,5592,46247,542
2021-01-16,Tuolumne,109,53932,3303,3269,31,3300,27
2021-01-16,Ventura,111,848112,63659,60368,2182,62550,369
2021-01-16,Yolo,113,214977,11211,10406,99,10505,134
2021-01-16,Yuba,115,75493,4803,4602,56,4658,27
2021-01-15,Alameda,001,1643700,68953,65416,1387,66803,672
2021-01-15,Alpine,002,1148,73,71,0,71,0
2021-01-15,Amador,005,37829,3032,2953,24,2977,28
2021-01-15,Butte,007,227075,9928,9233,1329,10562,129
2021-01-15,Calaveras,009,45235,1598,1538,7,1545,21
2021-01-15,Colusa,011,21464,1627,1541,167,1708,7
2021-01-15,Contra Costa,013,1133247,53598,50408,852,51260,428
2021-01-15,Del Norte,015,27424,867,828,2,830,2
2021-01-15,El Dorado,017,186661,8065,7439,514,7953,47
2021-01-15,Fresno,019,978130,85651,79950,6255,86205,832
2021-01-15,Glenn,021,27897,2005,1824,390,2214,9
2021-01-15,Humboldt,023,135768,2446,2218,8,2226,22
2021-01-15,Imperial,025,180216,25762,24944,2112,27056,446
2021-01-15,Inyo,027,18085,969,814,8,822,25
2021-01-15,Kern,029,883053,82388,77873,7246,85119,719
2021-01-15,Kings,031,150075,19749,18661,743,19404,131
2021-01-15,Lake,033,64148,2679,2434,0,2434,28
2021-01-15,Lassen,035,31185,4793,4693,73,4766,1
2021-01-15,Los Angeles,037,10098052,1038374,968979,31976,1000955,13404
2021-01-15,Madera,039,155013,13807,12883,643,13526,85
2021-01-15,Marin,041,260295,11740,11310,112,11422,160
2021-01-15,Mariposa,043,17540,334,307,2,309,3
2021-01-15,Mendocino,045,87422,3047,2835,53,2888,31
2021-01-15,Merced,047,269075,24138,23060,595,23655,239
2021-01-15,Modoc,049,8938,292,278,85,363,0
2021-01-15,Mono,051,14174,1089,1057,13,1070,3
2021-01-15,Monterey,053,433212,36491,34460,1091,35551,243
2021-01-15,Napa,055,140530,7761,7231,30,7261,38
2021-01-15,Nevada,057,99092,3334,3099,128,3227,17
2021-01-15,Orange,059,3164182,217154,207129,8652,215781,2254
2021-01-15,Placer,061,380077,18228,16712,835,17547,173
2021-01-15,Plumas,063,18699,584,499,9,508,2
2021-01-15,Riverside,065,2383286,250988,235235,11619,246854,2458
2021-01-15,Sacramento,067,1510023,81745,80279,898,81177,1023
2021-01-15,San Benito,069,59416,4995,4766,51,4817,35
2021-01-15,San Bernardino,071,2135413,260077,246182,7335,253517,1726
2021-01-15,San Diego,073,3302833,224125,206868,10323,217191,2037
2021-01-15,San Francisco,075,870044,29579,28574,530,29104,242
2021-01-15,San Joaquin,077,732212,58511,55885,2221,58106,748
2021-01-15,San Luis Obispo,079,281455,16392,15129,399,15528,148
2021-01-15,San Mateo,081,765935,33814,31291,223,31514,208
2021-01-15,Santa Barbara,083,443738,25676,23487,737,24224,226
2021-01-15,Santa Clara,085,1922200,94990,90103,410,90513,942
2021-01-15,Santa Cruz,087,273765,13227,11776,584,12360,105
2021-01-15,Shasta,089,179085,9814,9459,972,10431,91
2021-01-15,Sierra,091,2930,44,36,7,43,0
2021-01-15,Siskiyou,093,43540,1234,1119,171,1290,4
2021-01-15,Solano,095,438530,25721,24222,274,24496,103
2021-01-15,Sonoma,097,501317,24244,23204,118,23322,222
2021-01-15,Stanislaus,099,539301,43547,41178,4197,45375,562
2021-01-15,Sutter,101,95872,7723,7484,63,7547,75
2021-01-15,Tehama,103,63373,3954,3714,421,4135,17
2021-01-15,Trinity,105,12862,437,262,63,325,3
2021-01-15,Tulare,107,460477,42621,39951,5509,45460,535
2021-01-15,Tuolumne,109,53932,3287,3231,31,3262,27
2021-01-15,Ventura,111,848112,62916,59061,2149,61210,353
2021-01-15,Yolo,113,214977,11153,10240,98,10338,134
2021-01-15,Yuba,115,75493,4783,4549,56,4605,27
2021-01-14,Alameda,001,1643700,68326,64364,1372,65736,686
2021-01-14,Alpine,002,1148,73,71,0,71,0
2021-01-14,Amador,005,37829,3026,2940,24,2964,28
2021-01-14,Butte,007,227075,9840,9127,1308,10435,129
2021-01-14,Calaveras,009,45235,1581,1513,7,1520,21
2021-01-14,Colusa,011,21464,1612,1535,161,1696,7
2021-01-14,Contra Costa,013,1133247,53055,49545,840,50385,415
2021-01-14,Del Norte,015,27424,861,821,2,823,2
2021-01-14,El Dorado,017,186661,7991,7321,507,7828,45
2021-01-14,Fresno,019,978130,85019,79033,6175,85208,814
2021-01-14,Glenn,021,27897,1993,1798,385,2183,9
2021-01-14,Humboldt,023,135768,2403,2169,8,2177,22
2021-01-14,Imperial,025,180216,25656,24882,2082,26964,447
2021-01-14,Inyo,027,18085,962,790,8,798,25
2021-01-14,Kern,029,883053,81716,77070,7145,84215,705
2021-01-14,Kings,031,150075,19619,18405,739,19144,108
2021-01-14,Lake,033,64148,2640,2378,0,2378,27
2021-01-14,Lassen,035,31185,4783,4673,71,4744,1
2021-01-14,Los Angeles,037,10098052,1028344,954652,31611,986263,13147
2021-01-14,Madera,039,155013,13692,12742,634,13376,85
2021-01-14,Marin,041,260295,11664,11155,111,11266,159
2021-01-14,Mariposa,043,17540,331,302,2,304,3
2021-01-14,Mendocino,045,87422,3033,2801,51,2852,31
2021-01-14,Merced,047,269075,23911,22780,585,23365,239
2021-01-14,Modoc,049,8938,292,273,85,358,0
2021-01-14,Mono,051,14174,1081,1020,13,1033,3
2021-01-14,Monterey,053,433212,36070,34105,1069,35174,242
2021-01-14,Napa,055,140530,7675,7117,30,7147,38
2021-01-14,Nevada,057,99092,3307,3075,126,3201,17
2021-01-14,Orange,059,3164182,215248,204442,8568,213010,2162
2021-01-14,Placer,061,380077,18067,16488,828,17316,169
2021-01-14,Plumas,063,18699,576,496,9,505,2
2021-01-14,Riverside,065,2383286,248341,231684,11518,243202,2357
2021-01-14,Sacramento,067,1510023,81106,79137,875,80012,1007
2021-01-14,San Benito,069,59416,4959,4678,50,4728,35
2021-01-14,San Bernardino,071,2135413,258093,243379,7264,250643,1750
2021-01-14,San Diego,073,3302833,221727,204173,10203,214376,2005
2021-01-14,San Francisco,075,870044,29332,28200,484,28684,238
2021-01-14,San Joaquin,077,732212,57993,55058,2208,57266,739
2021-01-14,San Luis Obispo,079,281455,16230,14851,390,15241,146
2021-01-14,San Mateo,081,765935,33445,30694,214,30908,208
2021-01-14,Santa Barbara,083,443738,25255,23126,720,23846,219
2021-01-14,Santa Clara,085,1922200,94079,88505,404,88909,910
2021-01-14,Santa Cruz,087,273765,13080,11583,569,12152,109
2021-01-14,Shasta,089,179085,9765,9334,956,10290,90
2021-01-14,Sierra,091,2930,44,35,6,41,0
2021-01-14,Siskiyou,093,43540,1222,1108,168,1276,3
2021-01-14,Solano,095,438530,25460,23782,270,24052,103
2021-01-14,Sonoma,097,501317,24004,22910,118,23028,202
2021-01-14,Stanislaus,099,539301,43220,40597,4156,44753,574
2021-01-14,Sutter,101,95872,7664,7416,60,7476,74
2021-01-14,Tehama,103,63373,3925,3664,417,4081,17
2021-01-14,Trinity,105,12862,437,261,62,323,3
2021-01-14,Tulare,107,460477,42237,39565,5400,44965,533
2021-01-14,Tuolumne,109,53932,3266,3215,31,3246,28
2021-01-14,Ventura,111,848112,62042,57941,2112,60053,347
2021-01-14,Yolo,113,214977,11050,10097,92,10189,135
2021-01-14,Yuba,115,75493,4751,4496,56,4552,27
2021-01-13,Alameda,001,1643700,67576,63568,1354,64922,690
2021-01-13,Alpine,002,1148,73,71,0,71,0
2021-01-13,Amador,005,37829,3012,2914,24,2938,26
2021-01-13,Butte,007,227075,9759,9013,1293,10306,126
2021-01-13,Calaveras,009,45235,1559,1493,7,1500,21
2021-01-13,Colusa,011,21464,1602,1524,153,1677,7
2021-01-13,Contra Costa,013,1133247,52482,48877,829,49706,403
2021-01-13,Del Norte,015,27424,857,820,2,822,2
2021-01-13,El Dorado,017,186661,7897,7247,499,7746,43
2021-01-13,Fresno,019,978130,84300,78278,6134,84412,804
2021-01-13,Glenn,021,27897,1977,1792,376,2168,9
2021-01-13,Humboldt,023,135768,2370,2114,8,2122,22
2021-01-13,Imperial,025,180216,25532,24717,2050,26767,463
2021-01-13,Inyo,027,18085,950,785,8,793,25
2021-01-13,Kern,029,883053,81059,76049,7055,83104,704
2021-01-13,Kings,031,150075,19452,18121,718,18839,108
2021-01-13,Lake,033,64148,2599,2305,0,2305,27
2021-01-13,Lassen,035,31185,4776,4663,70,4733,1
2021-01-13,Los Angeles,037,10098052,1017549,937985,31214,969199,12873
2021-01-13,Madera,039,155013,13576,12570,629,13199,85
2021-01-13,Marin,041,260295,11612,11039,111,11150,161
2021-01-13,Mariposa,043,17540,329,304,2,306,3
2021-01-13,Mendocino,045,87422,3013,2790,51,2841,31
2021-01-13,Merced,047,269075,23672,22497,571,23068,241
2021-01-13,Modoc,049,8938,291,274,82,356,0
2021-01-13,Mono,051,14174,1077,1017,13,1030,3
2021-01-13,Monterey,053,433212,35645,33748,1045,34793,241
2021-01-13,Napa,055,140530,7561,7028,30,7058,36
2021-01-13,Nevada,057,99092,3283,3037,123,3160,17
2021-01-13,Orange,059,3164182,213176,201158,8498,209656,2172
2021-01-13,Placer,061,380077,17942,16272,814,17086,172
2021-01-13,Plumas,063,18699,574,490,9,499,2
2021-01-13,Riverside,065,2383286,245194,228192,11405,239597,2278
2021-01-13,Sacramento,067,1510023,80445,78268,868,79136,996
2021-01-13,San Benito,069,59416,4903,4583,49,4632,35
2021-01-13,San Bernardino,071,2135413,255706,240191,7189,247380,1759
2021-01-13,San Diego,073,3302833,219112,201578,10100,211678,1952
2021-01-13,San Francisco,075,870044,29093,27863,464,28327,238
2021-01-13,San Joaquin,077,732212,57371,54373,2180,56553,738
2021-01-13,San Luis Obispo,079,281455,16075,14625,379,15004,140
2021-01-13,San Mateo,081,765935,33106,30195,212,30407,207
2021-01-13,Santa Barbara,083,443738,24813,22714,704,23418,216
2021-01-13,Santa Clara,085,1922200,93106,87187,400,87587,911
2021-01-13,Santa Cruz,087,273765,12907,11423,555,11978,110
2021-01-13,Shasta,089,179085,9701,9180,942,10122,93
2021-01-13,Sierra,091,2930,44,33,6,39,0
2021-01-13,Siskiyou,093,43540,1216,1102,164,1266,3
2021-01-13,Solano,095,438530,25182,23503,267,23770,105
2021-01-13,Sonoma,097,501317,23753,22610,117,22727,206
2021-01-13,Stanislaus,099,539301,42828,40167,4103,44270,574
2021-01-13,Sutter,101,95872,7618,7350,59,7409,73
2021-01-13,Tehama,103,63373,3874,3589,412,4001,17
2021-01-13,Trinity,105,12862,437,260,62,322,3
2021-01-13,Tulare,107,460477,41834,39129,5300,44429,522
2021-01-13,Tuolumne,109,53932,3252,3196,31,3227,28
2021-01-13,Ventura,111,848112,61030,56453,2072,58525,338
2021-01-13,Yolo,113,214977,10951,9933,89,10022,135
2021-01-13,Yuba,115,75493,4706,4448,53,4501,27
2021-01-12,Alameda,001,1643700,66751,62642,1336,63978,677
2021-01-12,Alpine,002,1148,73,71,0,71,0
2021-01-12,Amador,005,37829,2995,2897,24,2921,26
2021-01-12,Butte,007,227075,9671,8883,1279,10162,124
2021-01-12,Calaveras,009,45235,1523,1475,7,1482,21
2021-01-12,Colusa,011,21464,1590,1510,149,1659,7
2021-01-12,Contra Costa,013,1133247,51840,48242,815,49057,399
2021-01-12,Del Norte,015,27424,852,816,2,818,2
2021-01-12,El Dorado,017,186661,7813,7156,488,7644,41
2021-01-12,Fresno,019,978130,83428,77651,6066,83717,796
2021-01-12,Glenn,021,27897,1952,1781,372,2153,9
2021-01-12,Humboldt,023,135768,2316,2077,7,2084,22
2021-01-12,Imperial,025,180216,25440,24566,2009,26575,457
2021-01-12,Inyo,027,18085,932,773,8,781,25
2021-01-12,Kern,029,883053,80351,75320,6960,82280,689
2021-01-12,Kings,031,150075,19241,18072,708,18780,108
2021-01-12,Lake,033,64148,2551,2260,0,2260,27
2021-01-12,Lassen,035,31185,4754,4659,68,4727,1
2021-01-12,Los Angeles,037,10098052,1005887,926295,30818,957113,12610
2021-01-12,Madera,039,155013,13428,12485,620,13105,85
2021-01-12,Marin,041,260295,11505,10960,111,11071,157
2021-01-12,Mariposa,043,17540,326,302,2,304,3
2021-01-12,Mendocino,045,87422,2993,2762,47,2809,31
2021-01-12,Merced,047,269075,23421,22172,549,22721,239
2021-01-12,Modoc,049,8938,289,274,82,356,0
2021-01-12,Mono,051,14174,1067,1008,13,1021,3
2021-01-12,Monterey,053,433212,35154,33381,1028,34409,240
2021-01-12,Napa,055,140530,7477,6936,30,6966,36
2021-01-12,Nevada,057,99092,3255,3014,121,3135,17
2021-01-12,Orange,059,3164182,210905,198260,8412,206672,2142
2021-01-12,Placer,061,380077,17772,16087,808,16895,163
2021-01-12,Plumas,063,18699,568,483,9,492,2
2021-01-12,Riverside,065,2383286,242063,225580,11266,236846,2266
2021-01-12,Sacramento,067,1510023,79717,77201,860,78061,985
2021-01-12,San Benito,069,59416,4834,4515,49,4564,35
2021-01-12,San Bernardino,071,2135413,253121,237008,7120,244128,1739
2021-01-12,San Diego,073,3302833,216197,198317,9983,208300,1898
2021-01-12,San Francisco,075,870044,28816,27531,431,27962,238
2021-01-12,San Joaquin,077,732212,56730,53630,2152,55782,725
2021-01-12,San Luis Obispo,079,281455,15830,14367,371,14738,132
2021-01-12,San Mateo,081,765935,32715,29747,200,29947,206
2021-01-12,Santa Barbara,083,443738,24391,22182,684,22866,209
2021-01-12,Santa Clara,085,1922200,91992,86075,392,86467,904
2021-01-12,Santa Cruz,087,273765,12692,11267,540,11807,110
2021-01-12,Shasta,089,179085,9628,9086,929,10015,84
2021-01-12,Sierra,091,2930,43,33,6,39,0
2021-01-12,Siskiyou,093,43540,1206,1091,157,1248,3
2021-01-12,Solano,095,438530,24881,23160,263,23423,102
2021-01-12,Sonoma,097,501317,23448,22403,117,22520,205
2021-01-12,Stanislaus,099,539301,42389,39615,4068,43683,571
2021-01-12,Sutter,101,95872,7555,7276,58,7334,73
2021-01-12,Tehama,103,63373,3836,3567,407,3974,17
2021-01-12,Trinity,105,12862,437,258,62,320,3
2021-01-12,Tulare,107,460477,41374,38797,5184,43981,509
2021-01-12,Tuolumne,109,53932,3219,3178,31,3209,28
2021-01-12,Ventura,111,848112,60056,55342,2040,57382,324
2021-01-12,Yolo,113,214977,10815,9857,85,9942,133
2021-01-12,Yuba,115,75493,4661,4389,53,4442,27
2021-01-11,Alameda,001,1643700,65899,61949,1318,63267,652
2021-01-11,Alpine,002,1148,73,70,0,70,0
2021-01-11,Amador,005,37829,2981,2867,24,2891,24
2021-01-11,Butte,007,227075,9558,8757,1261,10018,119
2021-01-11,Calaveras,009,45235,1504,1460,7,1467,21
2021-01-11,Colusa,011,21464,1571,1494,144,1638,7
2021-01-11,Contra Costa,013,1133247,51159,47728,804,48532,398
2021-01-11,Del Norte,015,27424,848,810,2,812,2
2021-01-11,El Dorado,017,186661,7719,6987,481,7468,36
2021-01-11,Fresno,019,978130,82549,76581,5990,82571,775
2021-01-11,Glenn,021,27897,1925,1763,366,2129,9
2021-01-11,Humboldt,023,135768,2277,2069,7,2076,22
2021-01-11,Imperial,025,180216,25329,24418,1972,26390,453
2021-01-11,Inyo,027,18085,913,763,8,771,25
2021-01-11,Kern,029,883053,79491,74489,6861,81350,682
2021-01-11,Kings,031,150075,18978,17909,699,18608,108
2021-01-11,Lake,033,64148,2500,2205,0,2205,26
2021-01-11,Lassen,035,31185,4731,4647,68,4715,1
2021-01-11,Los Angeles,037,10098052,992657,914434,30361,944795,12304
2021-01-11,Madera,039,155013,13291,12366,609,12975,85
2021-01-11,Marin,041,260295,11406,10814,110,10924,156
2021-01-11,Mariposa,043,17540,319,296,2,298,3
2021-01-11,Mendocino,045,87422,2965,2728,47,2775,31
2021-01-11,Merced,047,269075,23098,21884,535,22419,238
2021-01-11,Modoc,049,8938,288,271,81,352,0
2021-01-11,Mono,051,14174,1061,1006,13,1019,3
2021-01-11,Monterey,053,433212,34615,32858,966,33824,239
2021-01-11,Napa,055,140530,7375,6822,30,6852,36
2021-01-11,Nevada,057,99092,3227,2980,121,3101,17
2021-01-11,Orange,059,3164182,208320,196340,8313,204653,2113
2021-01-11,Placer,061,380077,17593,15919,799,16718,163
2021-01-11,Plumas,063,18699,564,477,9,486,2
2021-01-11,Riverside,065,2383286,238559,222907,11122,234029,2222
2021-01-11,Sacramento,067,1510023,78784,76009,844,76853,974
2021-01-11,San Benito,069,59416,4761,4482,42,4524,34
2021-01-11,San Bernardino,071,2135413,250323,235543,7023,242566,1739
2021-01-11,San Diego,073,3302833,212928,194793,9823,204616,1857
2021-01-11,San Francisco,075,870044,28537,27264,411,27675,238
2021-01-11,San Joaquin,077,732212,56121,53002,2123,55125,725
2021-01-11,San Luis Obispo,079,281455,15459,14213,364,14577,126
2021-01-11,San Mateo,081,765935,32271,29355,188,29543,206
2021-01-11,Santa Barbara,083,443738,23939,21740,672,22412,200
2021-01-11,Santa Clara,085,1922200,90748,84851,384,85235,877
2021-01-11,Santa Cruz,087,273765,12512,11093,517,11610,106
2021-01-11,Shasta,089,179085,9530,8977,916,9893,81
2021-01-11,Sierra,091,2930,41,33,6,39,0
2021-01-11,Siskiyou,093,43540,1197,1087,155,1242,3
2021-01-11,Solano,095,438530,24560,22893,257,23150,101
2021-01-11,Sonoma,097,501317,23200,22191,117,22308,205
2021-01-11,Stanislaus,099,539301,41898,39149,4019,43168,571
2021-01-11,Sutter,101,95872,7496,7204,57,7261,71
2021-01-11,Tehama,103,63373,3774,3524,386,3910,17
2021-01-11,Trinity,105,12862,437,256,62,318,2
2021-01-11,Tulare,107,460477,40959,38380,5104,43484,497
2021-01-11,Tuolumne,109,53932,3208,3165,31,3196,27
2021-01-11,Ventura,111,848112,58919,54202,2016,56218,320
2021-01-11,Yolo,113,214977,10609,9699,84,9783,129
2021-01-11,Yuba,115,75493,4623,4349,46,4395,27
2021-01-10,Alameda,001,1643700,64920,61111,1289,62400,650
2021-01-10,Alpine,002,1148,73,70,0,70,0
2021-01-10,Amador,005,37829,2957,2861,24,2885,24
2021-01-10,Butte,007,227075,9438,8665,1236,9901,119
2021-01-10,Calaveras,009,45235,1481,1449,7,1456,21
2021-01-10,Colusa,011,21464,1549,1478,142,1620,7
2021-01-10,Contra Costa,013,1133247,50362,47109,785,47894,398
2021-01-10,Del Norte,015,27424,846,809,2,811,2
2021-01-10,El Dorado,017,186661,7630,6904,464,7368,36
2021-01-10,Fresno,019,978130,81739,75621,5868,81489,775
2021-01-10,Glenn,021,27897,1906,1746,358,2104,9
2021-01-10,Humboldt,023,135768,2216,2049,7,2056,22
2021-01-10,Imperial,025,180216,25170,24233,1922,26155,453
2021-01-10,Inyo,027,18085,886,748,8,756,25
2021-01-10,Kern,029,883053,78659,73712,6731,80443,679
2021-01-10,Kings,031,150075,18759,17812,692,18504,108
2021-01-10,Lake,033,64148,2445,2174,0,2174,26
2021-01-10,Lassen,035,31185,4709,4642,68,4710,1
2021-01-10,Los Angeles,037,10098052,978038,901783,29751,931534,12170
2021-01-10,Madera,039,155013,13100,12179,592,12771,85
2021-01-10,Marin,041,260295,11282,10737,109,10846,155
2021-01-10,Mariposa,043,17540,319,291,2,293,3
2021-01-10,Mendocino,045,87422,2934,2706,43,2749,31
2021-01-10,Merced,047,269075,22827,21691,524,22215,238
2021-01-10,Modoc,049,8938,288,271,79,350,0
2021-01-10,Mono,051,14174,1043,965,13,978,3
2021-01-10,Monterey,053,433212,34175,32571,934,33505,237
2021-01-10,Napa,055,140530,7273,6687,28,6715,36
2021-01-10,Nevada,057,99092,3208,2959,117,3076,17
2021-01-10,Orange,059,3164182,205534,193766,8191,201957,2104
2021-01-10,Placer,061,380077,17404,15779,779,16558,163
2021-01-10,Plumas,063,18699,554,477,9,486,2
2021-01-10,Riverside,065,2383286,235199,219486,10933,230419,2216
2021-01-10,Sacramento,067,1510023,77822,75394,817,76211,965
2021-01-10,San Benito,069,59416,4659,4434,41,4475,34
2021-01-10,San Bernardino,071,2135413,246914,232171,6920,239091,1736
2021-01-10,San Diego,073,3302833,209260,191886,9656,201542,1857
2021-01-10,San Francisco,075,870044,28156,27054,380,27434,238
2021-01-10,San Joaquin,077,732212,55310,52535,2090,54625,725
2021-01-10,San Luis Obispo,079,281455,15130,13968,352,14320,122
2021-01-10,San Mateo,081,765935,31781,28972,174,29146,206
2021-01-10,Santa Barbara,083,443738,23380,21290,657,21947,200
2021-01-10,Santa Clara,085,1922200,89564,83779,375,84154,858
2021-01-10,Santa Cruz,087,273765,12299,10951,499,11450,106
2021-01-10,Shasta,089,179085,9418,8936,901,9837,81
2021-01-10,Sierra,091,2930,40,32,6,38,0
2021-01-10,Siskiyou,093,43540,1191,1075,152,1227,3
2021-01-10,Solano,095,438530,24158,22621,254,22875,101
2021-01-10,Sonoma,097,501317,22924,21925,116,22041,204
2021-01-10,Stanislaus,099,539301,41324,38809,3942,42751,571
2021-01-10,Sutter,101,95872,7435,7133,54,7187,71
2021-01-10,Tehama,103,63373,3701,3504,374,3878,17
2021-01-10,Trinity,105,12862,437,253,60,313,2
2021-01-10,Tulare,107,460477,40544,38012,4986,42998,497
2021-01-10,Tuolumne,109,53932,3174,3143,30,3173,27
2021-01-10,Ventura,111,848112,57650,53095,1973,55068,319
2021-01-10,Yolo,113,214977,10457,9610,84,9694,129
2021-01-10,Yuba,115,75493,4570,4300,43,4343,27
2021-01-09,Alameda,001,1643700,64376,60125,1274,61399,649
2021-01-09,Alpine,002,1148,73,70,0,70,0
2021-01-09,Amador,005,37829,2950,2809,24,2833,24
2021-01-09,Butte,007,227075,9359,8552,1212,9764,118
2021-01-09,Calaveras,009,45235,1471,1425,7,1432,21
2021-01-09,Colusa,011,21464,1542,1468,141,1609,7
2021-01-09,Contra Costa,013,1133247,50008,46406,770,47176,393
2021-01-09,Del Norte,015,27424,844,802,2,804,2
2021-01-09,El Dorado,017,186661,7596,6800,461,7261,36
2021-01-09,Fresno,019,978130,81329,74816,5828,80644,773
2021-01-09,Glenn,021,27897,1891,1707,355,2062,9
2021-01-09,Humboldt,023,135768,2198,2026,7,2033,22
2021-01-09,Imperial,025,180216,25101,24028,1909,25937,448
2021-01-09,Inyo,027,18085,877,734,8,742,25
2021-01-09,Kern,029,883053,78190,73015,6654,79669,677
2021-01-09,Kings,031,150075,18664,17679,688,18367,108
2021-01-09,Lake,033,64148,2409,2144,0,2144,26
2021-01-09,Lassen,035,31185,4697,4613,68,4681,1
2021-01-09,Los Angeles,037,10098052,972456,887949,29324,917273,12011
2021-01-09,Madera,039,155013,13005,12063,586,12649,85
2021-01-09,Marin,041,260295,11221,10634,108,10742,154
2021-01-09,Mariposa,043,17540,316,287,2,289,3
2021-01-09,Mendocino,045,87422,2916,2664,43,2707,31
2021-01-09,Merced,047,269075,22685,21357,515,21872,237
2021-01-09,Modoc,049,8938,288,271,78,349,0
2021-01-09,Mono,051,14174,1038,964,13,977,3
2021-01-09,Monterey,053,433212,34025,31948,924,32872,235
2021-01-09,Napa,055,140530,7203,6594,25,6619,36
2021-01-09,Nevada,057,99092,3186,2932,114,3046,17
2021-01-09,Orange,059,3164182,204015,191004,8099,199103,2034
2021-01-09,Placer,061,380077,17297,15609,777,16386,162
2021-01-09,Plumas,063,18699,552,477,9,486,2
2021-01-09,Riverside,065,2383286,233444,216076,10797,226873,2201
2021-01-09,Sacramento,067,1510023,77289,74482,812,75294,953
2021-01-09,San Benito,069,59416,4607,4335,41,4376,34
2021-01-09,San Bernardino,071,2135413,245690,228857,6853,235710,1714
2021-01-09,San Diego,073,3302833,207566,188598,9536,198134,1824
2021-01-09,San Francisco,075,870044,27986,26708,339,27047,235
2021-01-09,San Joaquin,077,732212,54982,51927,2071,53998,724
2021-01-09,San Luis Obispo,079,281455,15006,13647,341,13988,121
2021-01-09,San Mateo,081,765935,31482,28512,167,28679,205
2021-01-09,Santa Barbara,083,443738,23168,20971,652,21623,197
2021-01-09,Santa Clara,085,1922200,88724,82269,363,82632,808
2021-01-09,Santa Cruz,087,273765,12204,10717,493,11210,107
2021-01-09,Shasta,089,179085,9385,8893,897,9790,81
2021-01-09,Sierra,091,2930,38,32,6,38,0
2021-01-09,Siskiyou,093,43540,1187,1062,147,1209,3
2021-01-09,Solano,095,438530,23999,22226,252,22478,101
2021-01-09,Sonoma,097,501317,22802,21393,116,21509,202
2021-01-09,Stanislaus,099,539301,41033,38403,3908,42311,567
2021-01-09,Sutter,101,95872,7399,7072,53,7125,69
2021-01-09,Tehama,103,63373,3669,3451,363,3814,15
2021-01-09,Trinity,105,12862,437,252,60,312,2
2021-01-09,Tulare,107,460477,40293,37684,4922,42606,496
2021-01-09,Tuolumne,109,53932,3166,3117,29,3146,26
2021-01-09,Ventura,111,848112,56822,51988,1947,53935,306
2021-01-09,Yolo,113,214977,10386,9524,83,9607,129
2021-01-09,Yuba,115,75493,4539,4265,43,4308,27
2021-01-08,Alameda,001,1643700,63814,59172,1265,60437,646
2021-01-08,Alpine,002,1148,73,70,0,70,0
2021-01-08,Amador,005,37829,2943,2792,24,2816,24
2021-01-08,Butte,007,227075,9299,8430,1197,9627,115
2021-01-08,Calaveras,009,45235,1457,1385,7,1392,21
2021-01-08,Colusa,011,21464,1530,1448,140,1588,7
2021-01-08,Contra Costa,013,1133247,49472,45667,766,46433,381
2021-01-08,Del Norte,015,27424,842,795,2,797,2
2021-01-08,El Dorado,017,186661,7526,6690,449,7139,36
2021-01-08,Fresno,019,978130,80517,73689,5770,79459,771
2021-01-08,Glenn,021,27897,1876,1680,350,2030,9
2021-01-08,Humboldt,023,135768,2174,1988,7,1995,22
2021-01-08,Imperial,025,180216,25036,23751,1894,25645,446
2021-01-08,Inyo,027,18085,862,682,8,690,24
2021-01-08,Kern,029,883053,77626,71978,6581,78559,674
2021-01-08,Kings,031,150075,18536,17441,683,18124,108
2021-01-08,Lake,033,64148,2381,2098,0,2098,26
2021-01-08,Lassen,035,31185,4689,4598,66,4664,1
2021-01-08,Los Angeles,037,10098052,961642,871188,28908,900096,11796
2021-01-08,Madera,039,155013,12855,11846,577,12423,85
2021-01-08,Marin,041,260295,11129,10531,108,10639,153
2021-01-08,Mariposa,043,17540,315,273,2,275,3
2021-01-08,Mendocino,045,87422,2897,2634,40,2674,31
2021-01-08,Merced,047,269075,22491,20862,509,21371,236
2021-01-08,Modoc,049,8938,288,266,78,344,0
2021-01-08,Mono,051,14174,1028,951,13,964,3
2021-01-08,Monterey,053,433212,33773,31543,914,32457,224
2021-01-08,Napa,055,140530,7132,6544,25,6569,32
2021-01-08,Nevada,057,99092,3164,2888,114,3002,17
2021-01-08,Orange,059,3164182,202015,186608,8013,194621,1991
2021-01-08,Placer,061,380077,17164,15401,770,16171,161
2021-01-08,Plumas,063,18699,546,465,9,474,2
2021-01-08,Riverside,065,2383286,231036,212122,10674,222796,2184
2021-01-08,Sacramento,067,1510023,76716,73245,806,74051,939
2021-01-08,San Benito,069,59416,4570,4225,40,4265,33
2021-01-08,San Bernardino,071,2135413,243810,224267,6782,231049,1703
2021-01-08,San Diego,073,3302833,205028,185060,9442,194502,1771
2021-01-08,San Francisco,075,870044,27735,26378,317,26695,207
2021-01-08,San Joaquin,077,732212,54657,50990,2043,53033,710
2021-01-08,San Luis Obispo,079,281455,14873,13286,329,13615,119
2021-01-08,San Mateo,081,765935,31133,28072,165,28237,204
2021-01-08,Santa Barbara,083,443738,22882,20461,647,21108,189
2021-01-08,Santa Clara,085,1922200,87780,80561,360,80921,789
2021-01-08,Santa Cruz,087,273765,12062,10486,485,10971,106
2021-01-08,Shasta,089,179085,9335,8772,882,9654,81
2021-01-08,Sierra,091,2930,38,31,6,37,0
2021-01-08,Siskiyou,093,43540,1184,1027,146,1173,3
2021-01-08,Solano,095,438530,23828,21832,249,22081,100
2021-01-08,Sonoma,097,501317,22660,21178,116,21294,201
2021-01-08,Stanislaus,099,539301,40734,37858,3874,41732,566
2021-01-08,Sutter,101,95872,7349,6982,53,7035,68
2021-01-08,Tehama,103,63373,3645,3406,360,3766,15
2021-01-08,Trinity,105,12862,437,247,60,307,2
2021-01-08,Tulare,107,460477,40025,36946,4827,41773,491
2021-01-08,Tuolumne,109,53932,3158,3099,29,3128,19
2021-01-08,Ventura,111,848112,55956,50553,1923,52476,294
2021-01-08,Yolo,113,214977,10297,9391,83,9474,129
2021-01-08,Yuba,115,75493,4497,4195,42,4237,26
2021-01-07,Alameda,001,1643700,62953,57921,1238,59159,632
2021-01-07,Alpine,002,1148,71,70,0,70,0
2021-01-07,Amador,005,37829,2930,2740,23,2763,24
2021-01-07,Butte,007,227075,9202,8278,1176,9454,112
2021-01-07,Calaveras,009,45235,1440,1342,6,1348,21
2021-01-07,Colusa,011,21464,1518,1420,133,1553,7
2021-01-07,Contra Costa,013,1133247,48695,44756,752,45508,376
2021-01-07,Del Norte,015,27424,840,791,2,793,2
2021-01-07,El Dorado,017,186661,7425,6545,439,6984,36
2021-01-07,Fresno,019,978130,79562,72557,5670,78227,765
2021-01-07,Glenn,021,27897,1858,1639,340,1979,9
2021-01-07,Humboldt,023,135768,2147,1954,7,1961,22
2021-01-07,Imperial,025,180216,24856,23608,1843,25451,431
2021-01-07,Inyo,027,18085,850,656,8,664,20
2021-01-07,Kern,029,883053,76764,70953,6433,77386,660
2021-01-07,Kings,031,150075,18410,17238,673,17911,108
2021-01-07,Lake,033,64148,2328,2054,0,2054,26
2021-01-07,Lassen,035,31185,4684,4581,64,4645,1
2021-01-07,Los Angeles,037,10098052,946718,853187,28383,881570,11480
2021-01-07,Madera,039,155013,12700,11644,567,12211,76
2021-01-07,Marin,041,260295,11040,10364,106,10470,153
2021-01-07,Mariposa,043,17540,313,264,2,266,3
2021-01-07,Mendocino,045,87422,2843,2585,35,2620,30
2021-01-07,Merced,047,269075,22169,20510,493,21003,234
2021-01-07,Modoc,049,8938,288,265,78,343,0
2021-01-07,Mono,051,14174,1017,905,13,918,3
2021-01-07,Monterey,053,433212,33268,30903,891,31794,222
2021-01-07,Napa,055,140530,7023,6408,25,6433,32
2021-01-07,Nevada,057,99092,3130,2847,109,2956,17
2021-01-07,Orange,059,3164182,199187,181922,7913,189835,1974
2021-01-07,Placer,061,380077,16985,15155,742,15897,144
2021-01-07,Plumas,063,18699,544,454,9,463,2
2021-01-07,Riverside,065,2383286,227578,208177,10524,218701,2156
2021-01-07,Sacramento,067,1510023,75811,72342,785,73127,919
2021-01-07,San Benito,069,59416,4509,4112,38,4150,33
2021-01-07,San Bernardino,071,2135413,240372,219691,6698,226389,1666
2021-01-07,San Diego,073,3302833,201722,180510,9264,189774,1738
2021-01-07,San Francisco,075,870044,27410,25885,304,26189,202
2021-01-07,San Joaquin,077,732212,53987,50156,2014,52170,689
2021-01-07,San Luis Obispo,079,281455,14634,12810,316,13126,118
2021-01-07,San Mateo,081,765935,30623,27494,162,27656,201
2021-01-07,Santa Barbara,083,443738,22455,19931,636,20567,187
2021-01-07,Santa Clara,085,1922200,86661,78808,356,79164,775
2021-01-07,Santa Cruz,087,273765,11853,10228,477,10705,104
2021-01-07,Shasta,089,179085,9247,8612,874,9486,81
2021-01-07,Sierra,091,2930,38,31,6,37,0
2021-01-07,Siskiyou,093,43540,1179,1010,145,1155,3
2021-01-07,Solano,095,438530,23438,21384,245,21629,100
2021-01-07,Sonoma,097,501317,22399,20857,115,20972,200
2021-01-07,Stanislaus,099,539301,40318,37296,3822,41118,553
2021-01-07,Sutter,101,95872,7290,6890,52,6942,65
2021-01-07,Tehama,103,63373,3621,3330,352,3682,15
2021-01-07,Trinity,105,12862,437,247,60,307,2
2021-01-07,Tulare,107,460477,39638,36397,4697,41094,482
2021-01-07,Tuolumne,109,53932,3138,3068,28,3096,14
2021-01-07,Ventura,111,848112,54795,49083,1895,50978,288
2021-01-07,Yolo,113,214977,10155,9207,81,9288,128
2021-01-07,Yuba,115,75493,4457,4128,42,4170,25
2021-01-06,Alameda,001,1643700,62099,57081,1211,58292,616
2021-01-06,Alpine,002,1148,71,70,0,70,0
2021-01-06,Amador,005,37829,2909,2717,22,2739,24
2021-01-06,Butte,007,227075,9090,8147,1157,9304,110
2021-01-06,Calaveras,009,45235,1417,1321,6,1327,21
2021-01-06,Colusa,011,21464,1498,1385,128,1513,7
2021-01-06,Contra Costa,013,1133247,47899,44054,736,44790,358
2021-01-06,Del Norte,015,27424,834,780,2,782,2
2021-01-06,El Dorado,017,186661,7313,6397,425,6822,35
2021-01-06,Fresno,019,978130,78716,71404,5568,76972,752
2021-01-06,Glenn,021,27897,1832,1622,336,1958,9
2021-01-06,Humboldt,023,135768,2121,1912,7,1919,22
2021-01-06,Imperial,025,180216,24609,23400,1800,25200,431
2021-01-06,Inyo,027,18085,834,630,8,638,20
2021-01-06,Kern,029,883053,75821,69893,6307,76200,646
2021-01-06,Kings,031,150075,18212,17019,654,17673,108
2021-01-06,Lake,033,64148,2294,2033,0,2033,26
2021-01-06,Lassen,035,31185,4672,4560,60,4620,1
2021-01-06,Los Angeles,037,10098052,930754,835052,27702,862754,11285
2021-01-06,Madera,039,155013,12566,11407,560,11967,67
2021-01-06,Marin,041,260295,10917,10282,105,10387,153
2021-01-06,Mariposa,043,17540,310,259,2,261,3
2021-01-06,Mendocino,045,87422,2813,2561,35,2596,30
2021-01-06,Merced,047,269075,21834,20258,478,20736,232
2021-01-06,Modoc,049,8938,288,263,78,341,0
2021-01-06,Mono,051,14174,986,905,13,918,3
2021-01-06,Monterey,053,433212,32667,30387,860,31247,222
2021-01-06,Napa,055,140530,6893,6342,25,6367,32
2021-01-06,Nevada,057,99092,3110,2805,108,2913,15
2021-01-06,Orange,059,3164182,195749,177686,7772,185458,1935
2021-01-06,Placer,061,380077,16798,14940,724,15664,134
2021-01-06,Plumas,063,18699,536,445,9,454,2
2021-01-06,Riverside,065,2383286,223565,203714,10338,214052,2121
2021-01-06,Sacramento,067,1510023,74787,71572,768,72340,909
2021-01-06,San Benito,069,59416,4434,4031,37,4068,32
2021-01-06,San Bernardino,071,2135413,236686,215286,6595,221881,1634
2021-01-06,San Diego,073,3302833,198221,176660,9093,185753,1691
2021-01-06,San Francisco,075,870044,27044,25424,296,25720,199
2021-01-06,San Joaquin,077,732212,53254,49286,1972,51258,673
2021-01-06,San Luis Obispo,079,281455,14240,12305,309,12614,115
2021-01-06,San Mateo,081,765935,30198,27050,159,27209,200
2021-01-06,Santa Barbara,083,443738,21966,19453,627,20080,177
2021-01-06,Santa Clara,085,1922200,85340,77485,349,77834,746
2021-01-06,Santa Cruz,087,273765,11634,9954,459,10413,97
2021-01-06,Shasta,089,179085,9177,8482,867,9349,78
2021-01-06,Sierra,091,2930,37,31,6,37,0
2021-01-06,Siskiyou,093,43540,1167,998,141,1139,3
2021-01-06,Solano,095,438530,23060,21102,242,21344,99
2021-01-06,Sonoma,097,501317,22091,20558,115,20673,196
2021-01-06,Stanislaus,099,539301,39751,36751,3762,40513,553
2021-01-06,Sutter,101,95872,7209,6839,51,6890,59
2021-01-06,Tehama,103,63373,3592,3306,346,3652,15
2021-01-06,Trinity,105,12862,437,246,60,306,2
2021-01-06,Tulare,107,460477,39145,35882,4602,40484,465
2021-01-06,Tuolumne,109,53932,3117,3008,28,3036,14
2021-01-06,Ventura,111,848112,53551,47428,1871,49299,280
2021-01-06,Yolo,113,214977,9990,9083,78,9161,127
2021-01-06,Yuba,115,75493,4407,4097,42,4139,25
2021-01-05,Alameda,001,1643700,60982,56432,1181,57613,602
2021-01-05,Alpine,002,1148,71,70,0,70,0
2021-01-05,Amador,005,37829,2869,2695,22,2717,24
2021-01-05,Butte,007,227075,8950,8008,1130,9138,107
2021-01-05,Calaveras,009,45235,1370,1292,6,1298,21
2021-01-05,Colusa,011,21464,1476,1376,122,1498,7
2021-01-05,Contra Costa,013,1133247,47039,43442,724,44166,353
2021-01-05,Del Norte,015,27424,828,770,2,772,2
2021-01-05,El Dorado,017,186661,7195,6270,404,6674,32
2021-01-05,Fresno,019,978130,77496,70971,5478,76449,741
2021-01-05,Glenn,021,27897,1809,1608,320,1928,9
2021-01-05,Humboldt,023,135768,2085,1884,7,1891,22
2021-01-05,Imperial,025,180216,24438,23165,1759,24924,421
2021-01-05,Inyo,027,18085,820,627,8,635,20
2021-01-05,Kern,029,883053,74743,68257,6172,74429,624
2021-01-05,Kings,031,150075,18014,16860,632,17492,108
2021-01-05,Lake,033,64148,2248,2015,0,2015,25
2021-01-05,Lassen,035,31185,4657,4554,56,4610,1
2021-01-05,Los Angeles,037,10098052,912015,823783,27047,850830,11028
2021-01-05,Madera,039,155013,12396,11359,548,11907,67
2021-01-05,Marin,041,260295,10769,10214,104,10318,151
2021-01-05,Mariposa,043,17540,304,257,2,259,3
2021-01-05,Mendocino,045,87422,2777,2501,35,2536,30
2021-01-05,Merced,047,269075,21482,20051,466,20517,230
2021-01-05,Modoc,049,8938,288,254,78,332,0
2021-01-05,Mono,051,14174,980,896,13,909,3
2021-01-05,Monterey,053,433212,32120,30045,827,30872,213
2021-01-05,Napa,055,140530,6807,6264,25,6289,29
2021-01-05,Nevada,057,99092,3082,2781,106,2887,15
2021-01-05,Orange,059,3164182,192121,174869,7582,182451,1918
2021-01-05,Placer,061,380077,16575,14723,701,15424,133
2021-01-05,Plumas,063,18699,529,428,9,437,2
2021-01-05,Riverside,065,2383286,219440,200439,10169,210608,2069
2021-01-05,Sacramento,067,1510023,73858,70677,742,71419,888
2021-01-05,San Benito,069,59416,4332,3961,35,3996,28
2021-01-05,San Bernardino,071,2135413,232722,212522,6479,219001,1615
2021-01-05,San Diego,073,3302833,194081,172845,8879,181724,1654
2021-01-05,San Francisco,075,870044,26673,24989,280,25269,196
2021-01-05,San Joaquin,077,732212,52396,48969,1928,50897,663
2021-01-05,San Luis Obispo,079,281455,13842,12027,299,12326,106
2021-01-05,San Mateo,081,765935,29717,26486,157,26643,198
2021-01-05,Santa Barbara,083,443738,21519,19063,619,19682,172
2021-01-05,Santa Clara,085,1922200,83792,76355,337,76692,729
2021-01-05,Santa Cruz,087,273765,11361,9753,435,10188,93
2021-01-05,Shasta,089,179085,9070,8345,849,9194,73
2021-01-05,Sierra,091,2930,37,31,6,37,0
2021-01-05,Siskiyou,093,43540,1155,985,139,1124,3
2021-01-05,Solano,095,438530,22651,20860,237,21097,97
2021-01-05,Sonoma,097,501317,21733,20247,114,20361,194
2021-01-05,Stanislaus,099,539301,39207,36363,3711,40074,553
2021-01-05,Sutter,101,95872,7112,6769,50,6819,59
2021-01-05,Tehama,103,63373,3540,3255,342,3597,9
2021-01-05,Trinity,105,12862,437,246,60,306,2
2021-01-05,Tulare,107,460477,38570,35585,4461,40046,455
2021-01-05,Tuolumne,109,53932,3094,2996,23,3019,13
2021-01-05,Ventura,111,848112,52307,46456,1849,48305,264
2021-01-05,Yolo,113,214977,9812,8980,76,9056,127
2021-01-05,Yuba,115,75493,4348,4053,41,4094,21
2021-01-04,Alameda,001,1643700,59761,55899,1147,57046,583
2021-01-04,Alpine,002,1148,71,68,0,68,0
2021-01-04,Amador,005,37829,2829,2596,22,2618,24
2021-01-04,Butte,007,227075,8791,7893,1109,9002,105
2021-01-04,Calaveras,009,45235,1329,1276,5,1281,21
2021-01-04,Colusa,011,21464,1451,1368,108,1476,7
2021-01-04,Contra Costa,013,1133247,46180,43019,700,43719,353
2021-01-04,Del Norte,015,27424,817,770,2,772,2
2021-01-04,El Dorado,017,186661,7061,6152,390,6542,27
2021-01-04,Fresno,019,978130,76229,69871,5380,75251,726
2021-01-04,Glenn,021,27897,1776,1590,315,1905,9
2021-01-04,Humboldt,023,135768,2048,1845,7,1852,22
2021-01-04,Imperial,025,180216,24291,23035,1708,24743,420
2021-01-04,Inyo,027,18085,794,623,8,631,20
2021-01-04,Kern,029,883053,73660,67418,5978,73396,623
2021-01-04,Kings,031,150075,17738,16801,608,17409,108
2021-01-04,Lake,033,64148,2212,1984,0,1984,25
2021-01-04,Lassen,035,31185,4635,4550,55,4605,1
2021-01-04,Los Angeles,037,10098052,891867,813022,26208,839230,10790
2021-01-04,Madera,039,155013,12180,11204,527,11731,67
2021-01-04,Marin,041,260295,10629,10115,102,10217,151
2021-01-04,Mariposa,043,17540,298,253,2,255,3
2021-01-04,Mendocino,045,87422,2737,2460,31,2491,28
2021-01-04,Merced,047,269075,21069,19804,447,20251,230
2021-01-04,Modoc,049,8938,272,250,76,326,0
2021-01-04,Mono,051,14174,969,895,13,908,3
2021-01-04,Monterey,053,433212,31506,29659,806,30465,212
2021-01-04,Napa,055,140530,6666,6187,25,6212,29
2021-01-04,Nevada,057,99092,3044,2765,103,2868,15
2021-01-04,Orange,059,3164182,188236,172458,7460,179918,1918
2021-01-04,Placer,061,380077,16316,14622,688,15310,133
2021-01-04,Plumas,063,18699,519,419,9,428,1
2021-01-04,Riverside,065,2383286,214892,196809,9983,206792,2066
2021-01-04,Sacramento,067,1510023,72804,70164,733,70897,870
2021-01-04,San Benito,069,59416,4219,3914,35,3949,28
2021-01-04,San Bernardino,071,2135413,228454,210868,6331,217199,1615
2021-01-04,San Diego,073,3302833,189507,171031,8683,179714,1598
2021-01-04,San Francisco,075,870044,26287,24753,274,25027,191
2021-01-04,San Joaquin,077,732212,51505,48644,1887,50531,661
2021-01-04,San Luis Obispo,079,281455,13355,11945,292,12237,96
2021-01-04,San Mateo,081,765935,29153,26150,152,26302,198
2021-01-04,Santa Barbara,083,443738,20996,18735,590,19325,165
2021-01-04,Santa Clara,085,1922200,82036,75297,330,75627,727
2021-01-04,Santa Cruz,087,273765,11073,9680,418,10098,85
2021-01-04,Shasta,089,179085,8965,8224,832,9056,72
2021-01-04,Sierra,091,2930,36,30,6,36,0
2021-01-04,Siskiyou,093,43540,1139,980,136,1116,3
2021-01-04,Solano,095,438530,22149,20588,229,20817,97
2021-01-04,Sonoma,097,501317,21395,20210,113,20323,194
2021-01-04,Stanislaus,099,539301,38644,36141,3656,39797,553
2021-01-04,Sutter,101,95872,7016,6712,49,6761,56
2021-01-04,Tehama,103,63373,3471,3190,337,3527,9
2021-01-04,Trinity,105,12862,434,245,60,305,2
2021-01-04,Tulare,107,460477,38031,35060,4362,39422,455
2021-01-04,Tuolumne,109,53932,3069,2987,23,3010,13
2021-01-04,Ventura,111,848112,50804,45014,1829,46843,255
2021-01-04,Yolo,113,214977,9617,8834,75,8909,121
2021-01-04,Yuba,115,75493,4293,4023,41,4064,21
2021-01-03,Alameda,001,1643700,58513,55082,1120,56202,580
2021-01-03,Alpine,002,1148,69,68,0,68,0
2021-01-03,Amador,005,37829,2772,2565,22,2587,24
2021-01-03,Butte,007,227075,8597,7837,1063,8900,105
2021-01-03,Calaveras,009,45235,1292,1249,3,1252,21
2021-01-03,Colusa,011,21464,1423,1337,102,1439,7
2021-01-03,Contra Costa,013,1133247,45294,42432,679,43111,352
2021-01-03,Del Norte,015,27424,806,768,2,770,2
2021-01-03,El Dorado,017,186661,6933,6034,373,6407,27
2021-01-03,Fresno,019,978130,75080,69326,5264,74590,719
2021-01-03,Glenn,021,27897,1751,1581,309,1890,9
2021-01-03,Humboldt,023,135768,2011,1833,7,1840,21
2021-01-03,Imperial,025,180216,24050,22951,1630,24581,419
2021-01-03,Inyo,027,18085,775,615,8,623,20
2021-01-03,Kern,029,883053,72399,66895,5803,72698,609
2021-01-03,Kings,031,150075,17462,16593,579,17172,108
2021-01-03,Lake,033,64148,2166,1976,0,1976,24
2021-01-03,Lassen,035,31185,4602,4531,54,4585,1
2021-01-03,Los Angeles,037,10098052,869802,792168,25176,817344,10633
2021-01-03,Madera,039,155013,11952,11152,504,11656,67
2021-01-03,Marin,041,260295,10479,10034,98,10132,150
2021-01-03,Mariposa,043,17540,291,248,2,250,3
2021-01-03,Mendocino,045,87422,2697,2445,29,2474,24
2021-01-03,Merced,047,269075,20602,19600,421,20021,230
2021-01-03,Modoc,049,8938,268,245,75,320,0
2021-01-03,Mono,051,14174,944,893,13,906,3
2021-01-03,Monterey,053,433212,30916,29357,771,30128,191
2021-01-03,Napa,055,140530,6565,6094,25,6119,29
2021-01-03,Nevada,057,99092,2983,2742,100,2842,15
2021-01-03,Orange,059,3164182,184046,169881,7271,177152,1919
2021-01-03,Placer,061,380077,16065,14319,665,14984,133
2021-01-03,Plumas,063,18699,506,416,9,425,1
2021-01-03,Riverside,065,2383286,210017,195048,9736,204784,2005
2021-01-03,Sacramento,067,1510023,71598,68558,712,69270,859
2021-01-03,San Benito,069,59416,4123,3882,34,3916,28
2021-01-03,San Bernardino,071,2135413,223178,208294,6160,214454,1592
2021-01-03,San Diego,073,3302833,184247,168018,8454,176472,1592
2021-01-03,San Francisco,075,870044,25796,24588,255,24843,193
2021-01-03,San Joaquin,077,732212,50396,47899,1832,49731,661
2021-01-03,San Luis Obispo,079,281455,12887,11636,284,11920,95
2021-01-03,San Mateo,081,765935,28559,25770,145,25915,196
2021-01-03,Santa Barbara,083,443738,20263,18267,576,18843,164
2021-01-03,Santa Clara,085,1922200,80446,74534,324,74858,720
2021-01-03,Santa Cruz,087,273765,10768,9528,403,9931,84
2021-01-03,Shasta,089,179085,8838,8192,792,8984,72
2021-01-03,Sierra,091,2930,36,30,6,36,0
2021-01-03,Siskiyou,093,43540,1106,976,127,1103,3
2021-01-03,Solano,095,438530,21616,20105,223,20328,97
2021-01-03,Sonoma,097,501317,21009,19982,111,20093,193
2021-01-03,Stanislaus,099,539301,37937,35762,3573,39335,553
2021-01-03,Sutter,101,95872,6919,6664,48,6712,53
2021-01-03,Tehama,103,63373,3417,3176,329,3505,9
2021-01-03,Trinity,105,12862,429,243,58,301,2
2021-01-03,Tulare,107,460477,37454,34747,4215,38962,455
2021-01-03,Tuolumne,109,53932,3008,2978,20,2998,13
2021-01-03,Ventura,111,848112,48978,43748,1812,45560,254
2021-01-03,Yolo,113,214977,9456,8674,74,8748,121
2021-01-03,Yuba,115,75493,4242,3966,40,4006,20
2021-01-02,Alameda,001,1643700,57891,54518,1089,55607,581
2021-01-02,Alpine,002,1148,69,68,0,68,0
2021-01-02,Amador,005,37829,2753,2540,22,2562,24
2021-01-02,Butte,007,227075,8491,7750,1042,8792,105
2021-01-02,Calaveras,009,45235,1272,1230,3,1233,21
2021-01-02,Colusa,011,21464,1412,1332,101,1433,7
2021-01-02,Contra Costa,013,1133247,44748,41993,671,42664,352
2021-01-02,Del Norte,015,27424,804,764,2,766,2
2021-01-02,El Dorado,017,186661,6878,5959,369,6328,27
2021-01-02,Fresno,019,978130,74537,68740,5153,73893,717
2021-01-02,Glenn,021,27897,1734,1546,308,1854,9
2021-01-02,Humboldt,023,135768,1984,1815,7,1822,21
2021-01-02,Imperial,025,180216,23962,22867,1598,24465,420
2021-01-02,Inyo,027,18085,764,609,8,617,20
2021-01-02,Kern,029,883053,71679,66457,5691,72148,610
2021-01-02,Kings,031,150075,17368,16515,575,17090,108
2021-01-02,Lake,033,64148,2129,1925,0,1925,24
2021-01-02,Lassen,035,31185,4591,4457,53,4510,1
2021-01-02,Los Angeles,037,10098052,861428,791892,24501,816393,10633
2021-01-02,Madera,039,155013,11837,11039,492,11531,67
2021-01-02,Marin,041,260295,10431,9924,95,10019,151
2021-01-02,Mariposa,043,17540,284,243,2,245,3
2021-01-02,Mendocino,045,87422,2654,2428,28,2456,24
2021-01-02,Merced,047,269075,20460,19395,404,19799,230
2021-01-02,Modoc,049,8938,267,245,75,320,0
2021-01-02,Mono,051,14174,933,884,13,897,3
2021-01-02,Monterey,053,433212,30700,28991,759,29750,191
2021-01-02,Napa,055,140530,6506,5994,25,6019,29
2021-01-02,Nevada,057,99092,2954,2706,96,2802,15
2021-01-02,Orange,059,3164182,181823,168457,7123,175580,1918
2021-01-02,Placer,061,380077,15892,14182,656,14838,133
2021-01-02,Plumas,063,18699,503,413,9,422,1
2021-01-02,Riverside,065,2383286,207371,192069,9510,201579,2008
2021-01-02,Sacramento,067,1510023,70962,67810,694,68504,858
2021-01-02,San Benito,069,59416,4041,3829,34,3863,28
2021-01-02,San Bernardino,071,2135413,221516,206939,6038,212977,1597
2021-01-02,San Diego,073,3302833,181648,164498,8257,172755,1592
2021-01-02,San Francisco,075,870044,25543,24414,247,24661,194
2021-01-02,San Joaquin,077,732212,49993,47310,1804,49114,662
2021-01-02,San Luis Obispo,079,281455,12753,11467,278,11745,95
2021-01-02,San Mateo,081,765935,28222,25483,137,25620,196
2021-01-02,Santa Barbara,083,443738,19974,18135,573,18708,164
2021-01-02,Santa Clara,085,1922200,79270,73662,318,73980,720
2021-01-02,Santa Cruz,087,273765,10613,9340,395,9735,85
2021-01-02,Shasta,089,179085,8772,8154,781,8935,72
2021-01-02,Sierra,091,2930,36,28,6,34,0
2021-01-02,Siskiyou,093,43540,1095,949,125,1074,3
2021-01-02,Solano,095,438530,21414,19805,214,20019,97
2021-01-02,Sonoma,097,501317,20840,19761,111,19872,194
2021-01-02,Stanislaus,099,539301,37604,35431,3509,38940,553
2021-01-02,Sutter,101,95872,6867,6621,48,6669,53
2021-01-02,Tehama,103,63373,3389,3146,325,3471,9
2021-01-02,Trinity,105,12862,426,243,58,301,2
2021-01-02,Tulare,107,460477,37126,34479,4140,38619,455
2021-01-02,Tuolumne,109,53932,2994,2942,18,2960,13
2021-01-02,Ventura,111,848112,47823,43397,1779,45176,254
2021-01-02,Yolo,113,214977,9359,8571,72,8643,122
2021-01-02,Yuba,115,75493,4204,3930,40,3970,21
2021-01-01,Alameda,001,1643700,57243,53518,1075,54593,579
2021-01-01,Alpine,002,1148,69,68,0,68,0
2021-01-01,Amador,005,37829,2727,2513,20,2533,24
2021-01-01,Butte,007,227075,8389,7589,1020,8609,105
2021-01-01,Calaveras,009,45235,1257,1186,3,1189,21
2021-01-01,Colusa,011,21464,1402,1314,99,1413,7
2021-01-01,Contra Costa,013,1133247,44273,41412,651,42063,351
2021-01-01,Del Norte,015,27424,799,758,2,760,2
2021-01-01,El Dorado,017,186661,6785,5832,361,6193,27
2021-01-01,Fresno,019,978130,73465,67484,5069,72553,717
2021-01-01,Glenn,021,27897,1717,1520,299,1819,9
2021-01-01,Humboldt,023,135768,1945,1783,7,1790,21
2021-01-01,Imperial,025,180216,23866,22715,1547,24262,418
2021-01-01,Inyo,027,18085,739,606,8,614,20
2021-01-01,Kern,029,883053,70853,65571,5584,71155,609
2021-01-01,Kings,031,150075,17185,16358,568,16926,108
2021-01-01,Lake,033,64148,2091,1888,0,1888,24
2021-01-01,Lassen,035,31185,4585,4377,53,4430,1
2021-01-01,Los Angeles,037,10098052,847208,775578,23832,799410,10515
2021-01-01,Madera,039,155013,11682,10752,483,11235,66
2021-01-01,Marin,041,260295,10333,9821,94,9915,148
2021-01-01,Mariposa,043,17540,276,236,2,238,3
2021-01-01,Mendocino,045,87422,2600,2400,28,2428,24
2021-01-01,Merced,047,269075,20276,19118,388,19506,229
2021-01-01,Modoc,049,8938,267,241,75,316,0
2021-01-01,Mono,051,14174,915,884,12,896,3
2021-01-01,Monterey,053,433212,30462,28465,750,29215,191
2021-01-01,Napa,055,140530,6421,5899,25,5924,28
2021-01-01,Nevada,057,99092,2930,2663,96,2759,15
2021-01-01,Orange,059,3164182,179029,165440,6980,172420,1893
2021-01-01,Placer,061,380077,15702,13987,641,14628,133
2021-01-01,Plumas,063,18699,498,412,9,421,1
2021-01-01,Riverside,065,2383286,204181,188674,9257,197931,1990
2021-01-01,Sacramento,067,1510023,70364,66956,677,67633,848
2021-01-01,San Benito,069,59416,4004,3773,34,3807,28
2021-01-01,San Bernardino,071,2135413,218752,203651,5908,209559,1590
2021-01-01,San Diego,073,3302833,178575,160071,8078,168149,1592
2021-01-01,San Francisco,075,870044,25265,24145,236,24381,187
2021-01-01,San Joaquin,077,732212,49669,46640,1760,48400,657
2021-01-01,San Luis Obispo,079,281455,12524,11160,270,11430,94
2021-01-01,San Mateo,081,765935,27773,25041,133,25174,194
2021-01-01,Santa Barbara,083,443738,19654,17759,563,18322,164
2021-01-01,Santa Clara,085,1922200,78049,71904,314,72218,680
2021-01-01,Santa Cruz,087,273765,10433,9146,385,9531,84
2021-01-01,Shasta,089,179085,8691,8102,764,8866,72
2021-01-01,Sierra,091,2930,36,26,6,32,0
2021-01-01,Siskiyou,093,43540,1081,944,120,1064,3
2021-01-01,Solano,095,438530,21200,19393,212,19605,97
2021-01-01,Sonoma,097,501317,20644,19513,111,19624,189
2021-01-01,Stanislaus,099,539301,37316,34978,3447,38425,553
2021-01-01,Sutter,101,95872,6810,6553,47,6600,52
2021-01-01,Tehama,103,63373,3331,3079,318,3397,9
2021-01-01,Trinity,105,12862,426,243,58,301,2
2021-01-01,Tulare,107,460477,36717,33994,4052,38046,454
2021-01-01,Tuolumne,109,53932,2977,2909,18,2927,13
2021-01-01,Ventura,111,848112,46330,42026,1753,43779,253
2021-01-01,Yolo,113,214977,9249,8461,69,8530,120
2021-01-01,Yuba,115,75493,4150,3845,39,3884,19
2020-12-31,Alameda,001,1643700,56694,52475,1043,53518,579
2020-12-31,Alpine,002,1148,69,66,0,66,0
2020-12-31,Amador,005,37829,2713,2493,20,2513,24
2020-12-31,Butte,007,227075,8314,7405,999,8404,105
2020-12-31,Calaveras,009,45235,1246,1161,3,1164,21
2020-12-31,Colusa,011,21464,1390,1301,96,1397,7
2020-12-31,Contra Costa,013,1133247,43869,40512,635,41147,336
2020-12-31,Del Norte,015,27424,798,748,2,750,2
2020-12-31,El Dorado,017,186661,6733,5662,352,6014,26
2020-12-31,Fresno,019,978130,73034,66442,5007,71449,711
2020-12-31,Glenn,021,27897,1689,1484,291,1775,9
2020-12-31,Humboldt,023,135768,1928,1713,7,1720,21
2020-12-31,Imperial,025,180216,23796,22494,1530,24024,417
2020-12-31,Inyo,027,18085,731,591,8,599,20
2020-12-31,Kern,029,883053,70379,64904,5496,70400,609
2020-12-31,Kings,031,150075,17110,16077,559,16636,108
2020-12-31,Lake,033,64148,2070,1848,0,1848,23
2020-12-31,Lassen,035,31185,4579,4340,52,4392,1
2020-12-31,Los Angeles,037,10098052,841860,755844,23381,779225,10320
2020-12-31,Madera,039,155013,11597,10609,475,11084,64
2020-12-31,Marin,041,260295,10281,9731,92,9823,148
2020-12-31,Mariposa,043,17540,274,217,2,219,3
2020-12-31,Mendocino,045,87422,2585,2367,24,2391,24
2020-12-31,Merced,047,269075,20186,18808,378,19186,226
2020-12-31,Modoc,049,8938,267,238,75,313,0
2020-12-31,Mono,051,14174,907,868,12,880,3
2020-12-31,Monterey,053,433212,30232,27720,738,28458,188
2020-12-31,Napa,055,140530,6358,5801,25,5826,28
2020-12-31,Nevada,057,99092,2907,2619,95,2714,15
2020-12-31,Orange,059,3164182,177128,161586,6851,168437,1866
2020-12-31,Placer,061,380077,15546,13708,638,14346,126
2020-12-31,Plumas,063,18699,494,401,8,409,1
2020-12-31,Riverside,065,2383286,202499,184193,9128,193321,1958
2020-12-31,Sacramento,067,1510023,69834,65817,667,66484,830
2020-12-31,San Benito,069,59416,3980,3673,34,3707,28
2020-12-31,San Bernardino,071,2135413,217058,199115,5835,204950,1586
2020-12-31,San Diego,073,3302833,176812,155593,7979,163572,1534
2020-12-31,San Francisco,075,870044,25030,23740,229,23969,183
2020-12-31,San Joaquin,077,732212,49317,45764,1722,47486,646
2020-12-31,San Luis Obispo,079,281455,12409,10846,270,11116,89
2020-12-31,San Mateo,081,765935,27443,24570,127,24697,192
2020-12-31,Santa Barbara,083,443738,19410,17434,556,17990,161
2020-12-31,Santa Clara,085,1922200,77172,70032,309,70341,665
2020-12-31,Santa Cruz,087,273765,10315,8909,373,9282,84
2020-12-31,Shasta,089,179085,8625,7996,754,8750,69
2020-12-31,Sierra,091,2930,36,26,6,32,0
2020-12-31,Siskiyou,093,43540,1065,940,117,1057,3
2020-12-31,Solano,095,438530,20970,18942,211,19153,97
2020-12-31,Sonoma,097,501317,20523,19129,110,19239,188
2020-12-31,Stanislaus,099,539301,37008,34398,3400,37798,552
2020-12-31,Sutter,101,95872,6779,6432,47,6479,51
2020-12-31,Tehama,103,63373,3293,3036,317,3353,9
2020-12-31,Trinity,105,12862,425,241,58,299,2
2020-12-31,Tulare,107,460477,36513,33412,3991,37403,446
2020-12-31,Tuolumne,109,53932,2968,2902,18,2920,12
2020-12-31,Ventura,111,848112,45820,40854,1736,42590,251
2020-12-31,Yolo,113,214977,9160,8295,68,8363,117
2020-12-31,Yuba,115,75493,4113,3799,38,3837,18
2020-12-30,Alameda,001,1643700,55913,50158,990,51148,573
2020-12-30,Alpine,002,1148,69,66,0,66,0
2020-12-30,Amador,005,37829,2693,2418,19,2437,24
2020-12-30,Butte,007,227075,8153,7140,980,8120,103
2020-12-30,Calaveras,009,45235,1221,1135,3,1138,21
2020-12-30,Colusa,011,21464,1372,1289,90,1379,7
2020-12-30,Contra Costa,013,1133247,43320,39601,622,40223,337
2020-12-30,Del Norte,015,27424,793,726,2,728,2
2020-12-30,El Dorado,017,186661,6632,5595,342,5937,27
2020-12-30,Fresno,019,978130,72189,65566,4857,70423,711
2020-12-30,Glenn,021,27897,1658,1471,279,1750,9
2020-12-30,Humboldt,023,135768,1894,1654,7,1661,22
2020-12-30,Imperial,025,180216,23630,22098,1454,23552,412
2020-12-30,Inyo,027,18085,725,572,8,580,20
2020-12-30,Kern,029,883053,69651,63292,5351,68643,604
2020-12-30,Kings,031,150075,16991,15862,550,16412,108
2020-12-30,Lake,033,64148,2051,1731,0,1731,23
2020-12-30,Lassen,035,31185,4570,4300,52,4352,1
2020-12-30,Los Angeles,037,10098052,830938,741907,22711,764618,10046
2020-12-30,Madera,039,155013,11487,10249,464,10713,65
2020-12-30,Marin,041,260295,10187,9569,85,9654,148
2020-12-30,Mariposa,043,17540,270,214,2,216,3
2020-12-30,Mendocino,045,87422,2567,2291,21,2312,24
2020-12-30,Merced,047,269075,19896,18519,368,18887,225
2020-12-30,Modoc,049,8938,264,234,75,309,0
2020-12-30,Mono,051,14174,904,868,12,880,3
2020-12-30,Monterey,053,433212,29602,26977,716,27693,186
2020-12-30,Napa,055,140530,6253,5754,25,5779,28
2020-12-30,Nevada,057,99092,2872,2595,93,2688,15
2020-12-30,Orange,059,3164182,174470,153951,6664,160615,1863
2020-12-30,Placer,061,380077,15314,13540,626,14166,127
2020-12-30,Plumas,063,18699,489,397,8,405,1
2020-12-30,Riverside,065,2383286,199551,176402,8945,185347,1919
2020-12-30,Sacramento,067,1510023,68961,64119,650,64769,847
2020-12-30,San Benito,069,59416,3898,3464,30,3494,29
2020-12-30,San Bernardino,071,2135413,214490,192648,5750,198398,1591
2020-12-30,San Diego,073,3302833,173179,152510,7804,160314,1472
2020-12-30,San Francisco,075,870044,24754,23099,224,23323,182
2020-12-30,San Joaquin,077,732212,48596,44465,1681,46146,634
2020-12-30,San Luis Obispo,079,281455,12140,10542,262,10804,89
2020-12-30,San Mateo,081,765935,27014,24150,123,24273,190
2020-12-30,Santa Barbara,083,443738,19008,16895,535,17430,161
2020-12-30,Santa Clara,085,1922200,75963,67218,305,67523,661
2020-12-30,Santa Cruz,087,273765,10141,8787,364,9151,86
2020-12-30,Shasta,089,179085,8511,7818,740,8558,69
2020-12-30,Sierra,091,2930,36,25,6,31,0
2020-12-30,Siskiyou,093,43540,1058,913,109,1022,3
2020-12-30,Solano,095,438530,20581,18300,208,18508,96
2020-12-30,Sonoma,097,501317,20267,18947,110,19057,191
2020-12-30,Stanislaus,099,539301,36545,33730,3325,37055,526
2020-12-30,Sutter,101,95872,6720,6328,45,6373,51
2020-12-30,Tehama,103,63373,3249,2969,313,3282,9
2020-12-30,Trinity,105,12862,424,231,57,288,2
2020-12-30,Tulare,107,460477,35983,32413,3931,36344,430
2020-12-30,Tuolumne,109,53932,2958,2772,16,2788,12
2020-12-30,Ventura,111,848112,44533,39039,1712,40751,251
2020-12-30,Yolo,113,214977,9052,8067,66,8133,117
2020-12-30,Yuba,115,75493,4045,3612,38,3650,18
2020-12-29,Alameda,001,1643700,54843,50946,955,51901,552
2020-12-29,Alpine,002,1148,69,65,0,65,0
2020-12-29,Amador,005,37829,2641,2388,18,2406,23
2020-12-29,Butte,007,227075,7981,7178,956,8134,98
2020-12-29,Calaveras,009,45235,1177,1111,2,1113,21
2020-12-29,Colusa,011,21464,1351,1272,85,1357,7
2020-12-29,Contra Costa,013,1133247,42550,39225,596,39821,325
2020-12-29,Del Norte,015,27424,786,724,2,726,2
2020-12-29,El Dorado,017,186661,6502,5551,329,5880,22
2020-12-29,Fresno,019,978130,70816,65149,4708,69857,688
2020-12-29,Glenn,021,27897,1624,1454,272,1726,9
2020-12-29,Humboldt,023,135768,1846,1616,7,1623,19
2020-12-29,Imperial,025,180216,23415,22105,1372,23477,407
2020-12-29,Inyo,027,18085,707,571,8,579,19
2020-12-29,Kern,029,883053,68486,63096,5183,68279,589
2020-12-29,Kings,031,150075,16822,15777,538,16315,108
2020-12-29,Lake,033,64148,2020,1805,0,1805,22
2020-12-29,Lassen,035,31185,4555,4288,52,4340,1
2020-12-29,Los Angeles,037,10098052,810725,731907,21887,753794,9786
2020-12-29,Madera,039,155013,11185,10251,451,10702,64
2020-12-29,Marin,041,260295,10044,9595,81,9676,146
2020-12-29,Mariposa,043,17540,262,212,2,214,3
2020-12-29,Mendocino,045,87422,2524,2249,20,2269,24
2020-12-29,Merced,047,269075,19546,18464,352,18816,221
2020-12-29,Modoc,049,8938,261,232,75,307,0
2020-12-29,Mono,051,14174,895,868,12,880,3
2020-12-29,Monterey,053,433212,28951,26894,691,27585,185
2020-12-29,Napa,055,140530,6135,5663,25,5688,28
2020-12-29,Nevada,057,99092,2824,2550,92,2642,15
2020-12-29,Orange,059,3164182,170696,154411,6501,160912,1839
2020-12-29,Placer,061,380077,15101,13392,605,13997,126
2020-12-29,Plumas,063,18699,480,395,8,403,1
2020-12-29,Riverside,065,2383286,194953,177624,8696,186320,1904
2020-12-29,Sacramento,067,1510023,67910,65078,638,65716,820
2020-12-29,San Benito,069,59416,3779,3474,29,3503,25
2020-12-29,San Bernardino,071,2135413,209654,190476,5614,196090,1557
2020-12-29,San Diego,073,3302833,168956,150062,7573,157635,1435
2020-12-29,San Francisco,075,870044,24414,22996,217,23213,178
2020-12-29,San Joaquin,077,732212,47656,44699,1628,46327,622
2020-12-29,San Luis Obispo,079,281455,11844,10387,254,10641,80
2020-12-29,San Mateo,081,765935,26472,23773,111,23884,189
2020-12-29,Santa Barbara,083,443738,18539,16797,509,17306,155
2020-12-29,Santa Clara,085,1922200,74463,67581,301,67882,621
2020-12-29,Santa Cruz,087,273765,9875,8492,355,8847,84
2020-12-29,Shasta,089,179085,8407,7782,725,8507,65
2020-12-29,Sierra,091,2930,34,24,5,29,0
2020-12-29,Siskiyou,093,43540,1043,926,107,1033,3
2020-12-29,Solano,095,438530,20205,18412,203,18615,96
2020-12-29,Sonoma,097,501317,19935,18790,108,18898,187
2020-12-29,Stanislaus,099,539301,36068,33775,3255,37030,508
2020-12-29,Sutter,101,95872,6653,6302,45,6347,50
2020-12-29,Tehama,103,63373,3179,2962,301,3263,9
2020-12-29,Trinity,105,12862,423,241,57,298,2
2020-12-29,Tulare,107,460477,35355,32545,3808,36353,419
2020-12-29,Tuolumne,109,53932,2916,2797,16,2813,12
2020-12-29,Ventura,111,848112,43278,38669,1686,40355,235
2020-12-29,Yolo,113,214977,8922,8124,64,8188,111
2020-12-29,Yuba,115,75493,3966,3723,38,3761,18
2020-12-28,Alameda,001,1643700,53800,50405,935,51340,551
2020-12-28,Alpine,002,1148,68,65,0,65,0
2020-12-28,Amador,005,37829,2571,2255,18,2273,23
2020-12-28,Butte,007,227075,7815,7053,926,7979,86
2020-12-28,Calaveras,009,45235,1154,1102,2,1104,21
2020-12-28,Colusa,011,21464,1325,1255,74,1329,7
2020-12-28,Contra Costa,013,1133247,41608,38872,567,39439,324
2020-12-28,Del Norte,015,27424,777,718,2,720,2
2020-12-28,El Dorado,017,186661,6346,5441,317,5758,18
2020-12-28,Fresno,019,978130,69551,64274,4557,68831,679
2020-12-28,Glenn,021,27897,1590,1435,260,1695,9
2020-12-28,Humboldt,023,135768,1811,1579,7,1586,19
2020-12-28,Imperial,025,180216,23159,22003,1298,23301,405
2020-12-28,Inyo,027,18085,701,569,8,577,19
2020-12-28,Kern,029,883053,67420,62392,4983,67375,579
2020-12-28,Kings,031,150075,16605,15733,520,16253,108
2020-12-28,Lake,033,64148,1980,1785,0,1785,22
2020-12-28,Lassen,035,31185,4448,4284,51,4335,1
2020-12-28,Los Angeles,037,10098052,788364,720699,21104,741803,9544
2020-12-28,Madera,039,155013,11012,10123,431,10554,64
2020-12-28,Marin,041,260295,9937,9546,75,9621,145
2020-12-28,Mariposa,043,17540,238,211,2,213,3
2020-12-28,Mendocino,045,87422,2489,2214,20,2234,23
2020-12-28,Merced,047,269075,19226,18245,334,18579,213
2020-12-28,Modoc,049,8938,256,220,73,293,0
2020-12-28,Mono,051,14174,891,848,12,860,3
2020-12-28,Monterey,053,433212,28102,26529,682,27211,182
2020-12-28,Napa,055,140530,6025,5576,25,5601,26
2020-12-28,Nevada,057,99092,2776,2532,88,2620,15
2020-12-28,Orange,059,3164182,166595,152089,6326,158415,1839
2020-12-28,Placer,061,380077,14761,13234,578,13812,126
2020-12-28,Plumas,063,18699,476,391,8,399,0
2020-12-28,Riverside,065,2383286,190057,174029,8409,182438,1855
2020-12-28,Sacramento,067,1510023,66676,64322,614,64936,813
2020-12-28,San Benito,069,59416,3710,3429,29,3458,24
2020-12-28,San Bernardino,071,2135413,204561,188919,5501,194420,1552
2020-12-28,San Diego,073,3302833,164211,147528,7391,154919,1404
2020-12-28,San Francisco,075,870044,24054,22726,212,22938,178
2020-12-28,San Joaquin,077,732212,46717,44172,1596,45768,618
2020-12-28,San Luis Obispo,079,281455,11494,10260,250,10510,76
2020-12-28,San Mateo,081,765935,25998,23467,107,23574,189
2020-12-28,Santa Barbara,083,443738,18071,16579,497,17076,155
2020-12-28,Santa Clara,085,1922200,72982,66418,294,66712,619
2020-12-28,Santa Cruz,087,273765,9617,8310,345,8655,81
2020-12-28,Shasta,089,179085,8290,7688,712,8400,65
2020-12-28,Sierra,091,2930,32,24,4,28,0
2020-12-28,Siskiyou,093,43540,1027,915,102,1017,3
2020-12-28,Solano,095,438530,19645,18171,196,18367,96
2020-12-28,Sonoma,097,501317,19588,18667,106,18773,185
2020-12-28,Stanislaus,099,539301,35522,33473,3196,36669,507
2020-12-28,Sutter,101,95872,6573,6253,45,6298,49
2020-12-28,Tehama,103,63373,3126,2934,294,3228,9
2020-12-28,Trinity,105,12862,421,240,57,297,2
2020-12-28,Tulare,107,460477,34706,32010,3707,35717,404
2020-12-28,Tuolumne,109,53932,2899,2777,16,2793,12
2020-12-28,Ventura,111,848112,41608,37151,1641,38792,230
2020-12-28,Yolo,113,214977,8769,8031,63,8094,111
2020-12-28,Yuba,115,75493,3911,3679,37,3716,18
2020-12-27,Alameda,001,1643700,52559,49764,909,50673,551
2020-12-27,Alpine,002,1148,66,65,0,65,0
2020-12-27,Amador,005,37829,2451,2218,18,2236,23
2020-12-27,Butte,007,227075,7660,7016,888,7904,86
2020-12-27,Calaveras,009,45235,1108,1097,2,1099,21
2020-12-27,Colusa,011,21464,1300,1253,71,1324,7
2020-12-27,Contra Costa,013,1133247,40663,38428,543,38971,324
2020-12-27,Del Norte,015,27424,753,712,2,714,2
2020-12-27,El Dorado,017,186661,6132,5388,294,5682,18
2020-12-27,Fresno,019,978130,68305,63811,4352,68163,679
2020-12-27,Glenn,021,27897,1562,1434,246,1680,9
2020-12-27,Humboldt,023,135768,1767,1575,7,1582,17
2020-12-27,Imperial,025,180216,22880,21934,1191,23125,405
2020-12-27,Inyo,027,18085,682,565,7,572,18
2020-12-27,Kern,029,883053,66139,61914,4818,66732,568
2020-12-27,Kings,031,150075,16369,15593,486,16079,108
2020-12-27,Lake,033,64148,1931,1769,0,1769,22
2020-12-27,Lassen,035,31185,4371,4230,44,4274,1
2020-12-27,Los Angeles,037,10098052,766832,707260,20240,727500,9476
2020-12-27,Madera,039,155013,10755,10005,421,10426,64
2020-12-27,Marin,041,260295,9818,9477,73,9550,144
2020-12-27,Mariposa,043,17540,231,208,2,210,3
2020-12-27,Mendocino,045,87422,2442,2209,20,2229,23
2020-12-27,Merced,047,269075,18859,18075,318,18393,213
2020-12-27,Modoc,049,8938,247,221,69,290,0
2020-12-27,Mono,051,14174,879,849,12,861,3
2020-12-27,Monterey,053,433212,27539,26322,665,26987,181
2020-12-27,Napa,055,140530,5891,5496,25,5521,26
2020-12-27,Nevada,057,99092,2740,2519,88,2607,15
2020-12-27,Orange,059,3164182,162192,149276,6138,155414,1839
2020-12-27,Placer,061,380077,14466,13017,546,13563,126
2020-12-27,Plumas,063,18699,470,390,8,398,0
2020-12-27,Riverside,065,2383286,185141,171995,8109,180104,1836
2020-12-27,Sacramento,067,1510023,65465,63416,592,64008,811
2020-12-27,San Benito,069,59416,3625,3394,29,3423,24
2020-12-27,San Bernardino,071,2135413,199470,186776,5364,192140,1551
2020-12-27,San Diego,073,3302833,159804,145777,7204,152981,1402
2020-12-27,San Francisco,075,870044,23700,22514,204,22718,178
2020-12-27,San Joaquin,077,732212,45667,43529,1547,45076,618
2020-12-27,San Luis Obispo,079,281455,11086,10154,245,10399,76
2020-12-27,San Mateo,081,765935,25434,23136,104,23240,187
2020-12-27,Santa Barbara,083,443738,17542,16364,470,16834,155
2020-12-27,Santa Clara,085,1922200,71287,65288,288,65576,619
2020-12-27,Santa Cruz,087,273765,9359,8234,337,8571,81
2020-12-27,Shasta,089,179085,8163,7671,690,8361,65
2020-12-27,Sierra,091,2930,32,24,3,27,0
2020-12-27,Siskiyou,093,43540,1017,914,97,1011,3
2020-12-27,Solano,095,438530,19163,17840,191,18031,96
2020-12-27,Sonoma,097,501317,19297,18487,105,18592,185
2020-12-27,Stanislaus,099,539301,34910,33076,3113,36189,506
2020-12-27,Sutter,101,95872,6492,6218,43,6261,48
2020-12-27,Tehama,103,63373,3054,2922,278,3200,9
2020-12-27,Trinity,105,12862,414,240,55,295,2
2020-12-27,Tulare,107,460477,34104,31864,3589,35453,400
2020-12-27,Tuolumne,109,53932,2793,2750,14,2764,12
2020-12-27,Ventura,111,848112,40546,36661,1590,38251,230
2020-12-27,Yolo,113,214977,8580,7919,59,7978,111
2020-12-27,Yuba,115,75493,3848,3665,35,3700,18
2020-12-26,Alameda,001,1643700,51935,49084,896,49980,551
2020-12-26,Alpine,002,1148,66,65,0,65,0
2020-12-26,Amador,005,37829,2437,2189,18,2207,23
2020-12-26,Butte,007,227075,7566,6968,864,7832,86
2020-12-26,Calaveras,009,45235,1102,1084,2,1086,21
2020-12-26,Colusa,011,21464,1290,1240,71,1311,7
2020-12-26,Contra Costa,013,1133247,40185,38008,526,38534,324
2020-12-26,Del Norte,015,27424,748,709,2,711,2
2020-12-26,El Dorado,017,186661,6077,5279,290,5569,18
2020-12-26,Fresno,019,978130,67836,63080,4289,67369,679
2020-12-26,Glenn,021,27897,1541,1413,241,1654,9
2020-12-26,Humboldt,023,135768,1729,1545,7,1552,17
2020-12-26,Imperial,025,180216,22785,21734,1138,22872,405
2020-12-26,Inyo,027,18085,667,554,7,561,18
2020-12-26,Kern,029,883053,65468,61174,4671,65845,564
2020-12-26,Kings,031,150075,16251,15517,482,15999,108
2020-12-26,Lake,033,64148,1891,1710,0,1710,22
2020-12-26,Lassen,035,31185,4350,3981,44,4025,1
2020-12-26,Los Angeles,037,10098052,758255,694149,19753,713902,9424
2020-12-26,Madera,039,155013,10679,9908,409,10317,64
2020-12-26,Marin,041,260295,9778,9413,70,9483,143
2020-12-26,Mariposa,043,17540,230,206,2,208,3
2020-12-26,Mendocino,045,87422,2396,2194,20,2214,23
2020-12-26,Merced,047,269075,18701,17890,313,18203,213
2020-12-26,Modoc,049,8938,244,222,69,291,0
2020-12-26,Mono,051,14174,873,850,12,862,3
2020-12-26,Monterey,053,433212,27401,26010,656,26666,182
2020-12-26,Napa,055,140530,5833,5427,25,5452,26
2020-12-26,Nevada,057,99092,2712,2480,88,2568,15
2020-12-26,Orange,059,3164182,159969,147304,6047,153351,1838
2020-12-26,Placer,061,380077,14294,12816,531,13347,122
2020-12-26,Plumas,063,18699,467,381,8,389,0
2020-12-26,Riverside,065,2383286,182655,169360,7951,177311,1834
2020-12-26,Sacramento,067,1510023,64840,62435,582,63017,807
2020-12-26,San Benito,069,59416,3552,3330,29,3359,24
2020-12-26,San Bernardino,071,2135413,197789,185111,5282,190393,1551
2020-12-26,San Diego,073,3302833,157279,142644,7057,149701,1402
2020-12-26,San Francisco,075,870044,23459,22319,204,22523,177
2020-12-26,San Joaquin,077,732212,45279,42887,1501,44388,618
2020-12-26,San Luis Obispo,079,281455,10999,9945,240,10185,76
2020-12-26,San Mateo,081,765935,25096,22908,99,23007,187
2020-12-26,Santa Barbara,083,443738,17303,16159,464,16623,155
2020-12-26,Santa Clara,085,1922200,70172,64185,286,64471,618
2020-12-26,Santa Cruz,087,273765,9228,8113,328,8441,81
2020-12-26,Shasta,089,179085,8103,7641,678,8319,65
2020-12-26,Sierra,091,2930,32,24,3,27,0
2020-12-26,Siskiyou,093,43540,1010,909,94,1003,2
2020-12-26,Solano,095,438530,18923,17528,191,17719,96
2020-12-26,Sonoma,097,501317,19094,18261,103,18364,184
2020-12-26,Stanislaus,099,539301,34611,32678,3060,35738,505
2020-12-26,Sutter,101,95872,6434,6121,43,6164,48
2020-12-26,Tehama,103,63373,3025,2884,272,3156,9
2020-12-26,Trinity,105,12862,412,237,54,291,2
2020-12-26,Tulare,107,460477,33794,31665,3526,35191,398
2020-12-26,Tuolumne,109,53932,2782,2703,14,2717,12
2020-12-26,Ventura,111,848112,39581,36064,1560,37624,230
2020-12-26,Yolo,113,214977,8478,7785,57,7842,111
2020-12-26,Yuba,115,75493,3816,3599,35,3634,18
2020-12-25,Alameda,001,1643700,51364,48365,881,49246,542
2020-12-25,Alpine,002,1148,66,64,0,64,0
2020-12-25,Amador,005,37829,2394,2172,18,2190,23
2020-12-25,Butte,007,227075,7467,6873,845,7718,85
2020-12-25,Calaveras,009,45235,1099,1062,2,1064,21
2020-12-25,Colusa,011,21464,1277,1219,70,1289,7
2020-12-25,Contra Costa,013,1133247,39698,37480,502,37982,324
2020-12-25,Del Norte,015,27424,746,692,2,694,2
2020-12-25,El Dorado,017,186661,6012,5170,277,5447,16
2020-12-25,Fresno,019,978130,66975,62251,4208,66459,679
2020-12-25,Glenn,021,27897,1525,1390,234,1624,9
2020-12-25,Humboldt,023,135768,1689,1532,7,1539,16
2020-12-25,Imperial,025,180216,22682,21646,1126,22772,405
2020-12-25,Inyo,027,18085,657,546,7,553,18
2020-12-25,Kern,029,883053,64738,60417,4525,64942,562
2020-12-25,Kings,031,150075,16140,15460,478,15938,108
2020-12-25,Lake,033,64148,1872,1669,0,1669,20
2020-12-25,Lassen,035,31185,4335,3926,44,3970,1
2020-12-25,Los Angeles,037,10098052,744585,665600,19098,684698,9292
2020-12-25,Madera,039,155013,10515,9770,403,10173,64
2020-12-25,Marin,041,260295,9725,9375,68,9443,143
2020-12-25,Mariposa,043,17540,224,203,2,205,3
2020-12-25,Mendocino,045,87422,2353,2176,20,2196,23
2020-12-25,Merced,047,269075,18540,17726,305,18031,213
2020-12-25,Modoc,049,8938,243,221,69,290,0
2020-12-25,Mono,051,14174,871,843,12,855,3
2020-12-25,Monterey,053,433212,27125,25788,647,26435,182
2020-12-25,Napa,055,140530,5756,5351,25,5376,26
2020-12-25,Nevada,057,99092,2686,2458,86,2544,15
2020-12-25,Orange,059,3164182,157276,144542,5856,150398,1814
2020-12-25,Placer,061,380077,14109,12660,509,13169,122
2020-12-25,Plumas,063,18699,460,381,8,389,0
2020-12-25,Riverside,065,2383286,179374,166690,7640,174330,1825
2020-12-25,Sacramento,067,1510023,64149,61630,557,62187,796
2020-12-25,San Benito,069,59416,3511,3281,27,3308,24
2020-12-25,San Bernardino,071,2135413,195191,181812,5167,186979,1546
2020-12-25,San Diego,073,3302833,154799,139958,6879,146837,1402
2020-12-25,San Francisco,075,870044,23177,22130,199,22329,175
2020-12-25,San Joaquin,077,732212,44979,42089,1448,43537,614
2020-12-25,San Luis Obispo,079,281455,10816,9749,233,9982,76
2020-12-25,San Mateo,081,765935,24774,22568,97,22665,187
2020-12-25,Santa Barbara,083,443738,17079,15936,457,16393,155
2020-12-25,Santa Clara,085,1922200,69035,63173,277,63450,612
2020-12-25,Santa Cruz,087,273765,9078,8018,307,8325,81
2020-12-25,Shasta,089,179085,8029,7612,655,8267,65
2020-12-25,Sierra,091,2930,32,24,3,27,0
2020-12-25,Siskiyou,093,43540,1004,905,92,997,2
2020-12-25,Solano,095,438530,18744,17280,189,17469,96
2020-12-25,Sonoma,097,501317,18919,18035,101,18136,184
2020-12-25,Stanislaus,099,539301,34329,32290,3005,35295,498
2020-12-25,Sutter,101,95872,6374,6051,42,6093,47
2020-12-25,Tehama,103,63373,2977,2839,259,3098,9
2020-12-25,Trinity,105,12862,408,236,54,290,2
2020-12-25,Tulare,107,460477,33383,31323,3458,34781,398
2020-12-25,Tuolumne,109,53932,2763,2674,14,2688,12
2020-12-25,Ventura,111,848112,38425,35514,1512,37026,230
2020-12-25,Yolo,113,214977,8386,7700,55,7755,111
2020-12-25,Yuba,115,75493,3776,3549,34,3583,17
2020-12-24,Alameda,001,1643700,51008,47527,863,48390,541
2020-12-24,Alpine,002,1148,66,64,0,64,0
2020-12-24,Amador,005,37829,2381,2145,18,2163,23
2020-12-24,Butte,007,227075,7429,6716,829,7545,84
2020-12-24,Calaveras,009,45235,1096,1032,2,1034,21
2020-12-24,Colusa,011,21464,1272,1188,68,1256,7
2020-12-24,Contra Costa,013,1133247,39446,36623,489,37112,311
2020-12-24,Del Norte,015,27424,745,678,2,680,2
2020-12-24,El Dorado,017,186661,5986,5042,269,5311,16
2020-12-24,Fresno,019,978130,66753,61435,4194,65629,663
2020-12-24,Glenn,021,27897,1514,1363,226,1589,9
2020-12-24,Humboldt,023,135768,1666,1516,7,1523,16
2020-12-24,Imperial,025,180216,22619,21545,1116,22661,402
2020-12-24,Inyo,027,18085,655,532,7,539,17
2020-12-24,Kern,029,883053,64450,59601,4512,64113,556
2020-12-24,Kings,031,150075,16100,15211,477,15688,108
2020-12-24,Lake,033,64148,1850,1629,0,1629,20
2020-12-24,Lassen,035,31185,4322,3894,44,3938,1
2020-12-24,Los Angeles,037,10098052,740390,664840,18857,683697,9288
2020-12-24,Madera,039,155013,10466,9547,395,9942,63
2020-12-24,Marin,041,260295,9686,9287,68,9355,143
2020-12-24,Mariposa,043,17540,220,197,2,199,3
2020-12-24,Mendocino,045,87422,2342,2150,20,2170,23
2020-12-24,Merced,047,269075,18470,17485,301,17786,212
2020-12-24,Modoc,049,8938,243,220,68,288,0
2020-12-24,Mono,051,14174,869,817,12,829,3
2020-12-24,Monterey,053,433212,27012,25131,640,25771,180
2020-12-24,Napa,055,140530,5701,5265,25,5290,26
2020-12-24,Nevada,057,99092,2662,2429,86,2515,15
2020-12-24,Orange,059,3164182,155782,141205,5805,147010,1775
2020-12-24,Placer,061,380077,14019,12457,502,12959,121
2020-12-24,Plumas,063,18699,457,376,8,384,0
2020-12-24,Riverside,065,2383286,178438,162435,7600,170035,1816
2020-12-24,Sacramento,067,1510023,63874,60596,555,61151,788
2020-12-24,San Benito,069,59416,3480,3183,27,3210,24
2020-12-24,San Bernardino,071,2135413,194101,176866,5134,182000,1533
2020-12-24,San Diego,073,3302833,153715,136952,6847,143799,1382
2020-12-24,San Francisco,075,870044,23004,21830,196,22026,175
2020-12-24,San Joaquin,077,732212,44812,41324,1430,42754,611
2020-12-24,San Luis Obispo,079,281455,10747,9504,231,9735,77
2020-12-24,San Mateo,081,765935,24579,22093,97,22190,186
2020-12-24,Santa Barbara,083,443738,16974,15644,449,16093,153
2020-12-24,Santa Clara,085,1922200,68346,61742,270,62012,591
2020-12-24,Santa Cruz,087,273765,8999,7856,295,8151,82
2020-12-24,Shasta,089,179085,7988,7540,638,8178,65
2020-12-24,Sierra,091,2930,29,23,1,24,0
2020-12-24,Siskiyou,093,43540,999,900,86,986,2
2020-12-24,Solano,095,438530,18603,16872,184,17056,96
2020-12-24,Sonoma,097,501317,18818,17710,101,17811,183
2020-12-24,Stanislaus,099,539301,34127,31848,2978,34826,498
2020-12-24,Sutter,101,95872,6333,5960,41,6001,47
2020-12-24,Tehama,103,63373,2959,2779,257,3036,9
2020-12-24,Trinity,105,12862,407,235,54,289,2
2020-12-24,Tulare,107,460477,33235,30827,3432,34259,390
2020-12-24,Tuolumne,109,53932,2755,2653,14,2667,12
2020-12-24,Ventura,111,848112,38145,34400,1505,35905,224
2020-12-24,Yolo,113,214977,8344,7566,54,7620,113
2020-12-24,Yuba,115,75493,3745,3483,34,3517,16
2020-12-23,Alameda,001,1643700,50430,46753,835,47588,537
2020-12-23,Alpine,002,1148,66,64,0,64,0
2020-12-23,Amador,005,37829,2312,2108,17,2125,23
2020-12-23,Butte,007,227075,7340,6588,802,7390,84
2020-12-23,Calaveras,009,45235,1088,1002,1,1003,21
2020-12-23,Colusa,011,21464,1261,1167,67,1234,7
2020-12-23,Contra Costa,013,1133247,39049,36190,475,36665,311
2020-12-23,Del Norte,015,27424,737,670,2,672,2
2020-12-23,El Dorado,017,186661,5911,4967,261,5228,14
2020-12-23,Fresno,019,978130,66142,60488,4129,64617,654
2020-12-23,Glenn,021,27897,1500,1349,222,1571,9
2020-12-23,Humboldt,023,135768,1641,1458,7,1465,16
2020-12-23,Imperial,025,180216,22524,21323,1087,22410,399
2020-12-23,Inyo,027,18085,642,517,7,524,17
2020-12-23,Kern,029,883053,63931,58656,4421,63077,549
2020-12-23,Kings,031,150075,16023,14923,474,15397,105
2020-12-23,Lake,033,64148,1833,1595,0,1595,20
2020-12-23,Lassen,035,31185,4312,3865,41,3906,1
2020-12-23,Los Angeles,037,10098052,731316,651958,18340,670298,9146
2020-12-23,Madera,039,155013,10309,9371,380,9751,63
2020-12-23,Marin,041,260295,9626,9199,65,9264,142
2020-12-23,Mariposa,043,17540,218,194,2,196,3
2020-12-23,Mendocino,045,87422,2330,2121,20,2141,23
2020-12-23,Merced,047,269075,18314,17250,293,17543,203
2020-12-23,Modoc,049,8938,239,197,67,264,0
2020-12-23,Mono,051,14174,866,814,12,826,3
2020-12-23,Monterey,053,433212,26712,24856,635,25491,176
2020-12-23,Napa,055,140530,5634,5172,25,5197,25
2020-12-23,Nevada,057,99092,2617,2406,85,2491,15
2020-12-23,Orange,059,3164182,153327,138050,5644,143694,1771
2020-12-23,Placer,061,380077,13809,12213,494,12707,111
2020-12-23,Plumas,063,18699,450,369,8,377,0
2020-12-23,Riverside,065,2383286,176168,158110,7446,165556,1790
2020-12-23,Sacramento,067,1510023,63225,59661,542,60203,779
2020-12-23,San Benito,069,59416,3426,3073,25,3098,24
2020-12-23,San Bernardino,071,2135413,192035,172888,5066,177954,1509
2020-12-23,San Diego,073,3302833,151289,134695,6710,141405,1350
2020-12-23,San Francisco,075,870044,22783,21498,193,21691,174
2020-12-23,San Joaquin,077,732212,44286,35664,1388,37052,602
2020-12-23,San Luis Obispo,079,281455,10605,9267,226,9493,74
2020-12-23,San Mateo,081,765935,24277,21780,95,21875,186
2020-12-23,Santa Barbara,083,443738,16766,15399,424,15823,152
2020-12-23,Santa Clara,085,1922200,67399,60455,265,60720,579
2020-12-23,Santa Cruz,087,273765,8840,7637,277,7914,75
2020-12-23,Shasta,089,179085,7916,7487,632,8119,66
2020-12-23,Sierra,091,2930,27,23,1,24,0
2020-12-23,Siskiyou,093,43540,978,891,85,976,2
2020-12-23,Solano,095,438530,18389,16626,179,16805,95
2020-12-23,Sonoma,097,501317,18613,17397,101,17498,182
2020-12-23,Stanislaus,099,539301,33775,31492,2926,34418,499
2020-12-23,Sutter,101,95872,6266,5871,41,5912,46
2020-12-23,Tehama,103,63373,2941,2737,250,2987,9
2020-12-23,Trinity,105,12862,407,234,53,287,2
2020-12-23,Tulare,107,460477,32923,30315,3392,33707,385
2020-12-23,Tuolumne,109,53932,2716,2540,14,2554,12
2020-12-23,Ventura,111,848112,37747,33377,1476,34853,216
2020-12-23,Yolo,113,214977,8265,7508,54,7562,112
2020-12-23,Yuba,115,75493,3685,3438,34,3472,14
2020-12-22,Alameda,001,1643700,49545,45751,805,46556,534
2020-12-22,Alpine,002,1148,66,64,0,64,0
2020-12-22,Amador,005,37829,2301,1839,17,1856,23
2020-12-22,Butte,007,227075,7211,6467,787,7254,85
2020-12-22,Calaveras,009,45235,1061,988,0,988,21
2020-12-22,Colusa,011,21464,1238,1150,64,1214,7
2020-12-22,Contra Costa,013,1133247,38424,35681,461,36142,301
2020-12-22,Del Norte,015,27424,727,666,2,668,2
2020-12-22,El Dorado,017,186661,5788,4885,249,5134,12
2020-12-22,Fresno,019,978130,65110,59640,4027,63667,640
2020-12-22,Glenn,021,27897,1477,1337,211,1548,9
2020-12-22,Humboldt,023,135768,1608,1440,7,1447,16
2020-12-22,Imperial,025,180216,22335,21128,1045,22173,398
2020-12-22,Inyo,027,18085,621,506,7,513,17
2020-12-22,Kern,029,883053,62978,57816,4286,62102,547
2020-12-22,Kings,031,150075,15881,14855,468,15323,102
2020-12-22,Lake,033,64148,1809,1569,0,1569,20
2020-12-22,Lassen,035,31185,4170,3848,39,3887,1
2020-12-22,Los Angeles,037,10098052,714043,635931,17682,653613,9013
2020-12-22,Madera,039,155013,10195,9187,365,9552,63
2020-12-22,Marin,041,260295,9560,9115,64,9179,142
2020-12-22,Mariposa,043,17540,215,194,2,196,3
2020-12-22,Mendocino,045,87422,2297,2092,19,2111,23
2020-12-22,Merced,047,269075,18068,17012,288,17300,201
2020-12-22,Modoc,049,8938,231,182,66,248,0
2020-12-22,Mono,051,14174,860,786,12,798,3
2020-12-22,Monterey,053,433212,26041,24152,614,24766,176
2020-12-22,Napa,055,140530,5545,5059,25,5084,23
2020-12-22,Nevada,057,99092,2589,2367,84,2451,14
2020-12-22,Orange,059,3164182,149991,134850,5476,140326,1774
2020-12-22,Placer,061,380077,13565,11943,474,12417,105
2020-12-22,Plumas,063,18699,444,360,8,368,0
2020-12-22,Riverside,065,2383286,172360,155059,7180,162239,1777
2020-12-22,Sacramento,067,1510023,62297,57966,523,58489,772
2020-12-22,San Benito,069,59416,3348,2998,25,3023,24
2020-12-22,San Bernardino,071,2135413,187425,169266,4922,174188,1500
2020-12-22,San Diego,073,3302833,147930,132097,6548,138645,1311
2020-12-22,San Francisco,075,870044,22512,21232,189,21421,174
2020-12-22,San Joaquin,077,732212,43523,39423,1340,40763,592
2020-12-22,San Luis Obispo,079,281455,10259,9174,221,9395,69
2020-12-22,San Mateo,081,765935,23950,21382,79,21461,186
2020-12-22,Santa Barbara,083,443738,16500,15189,414,15603,150
2020-12-22,Santa Clara,085,1922200,66221,59192,258,59450,569
2020-12-22,Santa Cruz,087,273765,8657,7471,251,7722,72
2020-12-22,Shasta,089,179085,7837,7371,615,7986,64
2020-12-22,Sierra,091,2930,27,23,0,23,0
2020-12-22,Siskiyou,093,43540,972,880,84,964,2
2020-12-22,Solano,095,438530,17987,16229,176,16405,95
2020-12-22,Sonoma,097,501317,18292,17216,101,17317,180
2020-12-22,Stanislaus,099,539301,33391,30914,2852,33766,499
2020-12-22,Sutter,101,95872,6207,5791,40,5831,46
2020-12-22,Tehama,103,63373,2892,2688,244,2932,9
2020-12-22,Trinity,105,12862,406,231,53,284,2
2020-12-22,Tulare,107,460477,32458,30025,3328,33353,377
2020-12-22,Tuolumne,109,53932,2665,2526,14,2540,12
2020-12-22,Ventura,111,848112,36981,32488,1433,33921,213
2020-12-22,Yolo,113,214977,8153,7388,53,7441,113
2020-12-22,Yuba,115,75493,3637,3379,34,3413,14
2020-12-21,Alameda,001,1643700,48644,44756,779,45535,518
2020-12-21,Alpine,002,1148,65,64,0,64,0
2020-12-21,Amador,005,37829,2224,1815,17,1832,23
2020-12-21,Butte,007,227075,7056,6335,764,7099,81
2020-12-21,Calaveras,009,45235,1031,963,0,963,21
2020-12-21,Colusa,011,21464,1211,1135,59,1194,7
2020-12-21,Contra Costa,013,1133247,37674,35207,425,35632,300
2020-12-21,Del Norte,015,27424,712,660,2,662,2
2020-12-21,El Dorado,017,186661,5643,4805,237,5042,10
2020-12-21,Fresno,019,978130,63962,58568,3886,62454,634
2020-12-21,Glenn,021,27897,1445,1323,203,1526,9
2020-12-21,Humboldt,023,135768,1585,1419,7,1426,16
2020-12-21,Imperial,025,180216,22069,20994,1004,21998,395
2020-12-21,Inyo,027,18085,600,482,7,489,17
2020-12-21,Kern,029,883053,62089,56836,4152,60988,541
2020-12-21,Kings,031,150075,15631,14760,453,15213,100
2020-12-21,Lake,033,64148,1761,1538,0,1538,20
2020-12-21,Lassen,035,31185,4010,3798,37,3835,1
2020-12-21,Los Angeles,037,10098052,694944,624129,17021,641150,8918
2020-12-21,Madera,039,155013,10005,9069,344,9413,63
2020-12-21,Marin,041,260295,9490,9035,64,9099,142
2020-12-21,Mariposa,043,17540,210,186,2,188,3
2020-12-21,Mendocino,045,87422,2266,2066,19,2085,23
2020-12-21,Merced,047,269075,17819,16710,273,16983,198
2020-12-21,Modoc,049,8938,217,181,65,246,0
2020-12-21,Mono,051,14174,848,781,12,793,3
2020-12-21,Monterey,053,433212,25509,23673,600,24273,174
2020-12-21,Napa,055,140530,5459,4952,25,4977,23
2020-12-21,Nevada,057,99092,2556,2337,84,2421,13
2020-12-21,Orange,059,3164182,146588,130444,5324,135768,1772
2020-12-21,Placer,061,380077,13333,11715,455,12170,105
2020-12-21,Plumas,063,18699,440,353,8,361,0
2020-12-21,Riverside,065,2383286,168140,151713,6861,158574,1743
2020-12-21,Sacramento,067,1510023,61278,57064,506,57570,759
2020-12-21,San Benito,069,59416,3279,2921,25,2946,22
2020-12-21,San Bernardino,071,2135413,182612,165086,4756,169842,1476
2020-12-21,San Diego,073,3302833,144479,129716,6384,136100,1284
2020-12-21,San Francisco,075,870044,22220,21086,187,21273,174
2020-12-21,San Joaquin,077,732212,42725,38811,1290,40101,586
2020-12-21,San Luis Obispo,079,281455,10070,9006,216,9222,64
2020-12-21,San Mateo,081,765935,23546,21035,76,21111,185
2020-12-21,Santa Barbara,083,443738,16226,14988,409,15397,149
2020-12-21,Santa Clara,085,1922200,65028,57699,246,57945,570
2020-12-21,Santa Cruz,087,273765,8450,7315,238,7553,69
2020-12-21,Shasta,089,179085,7772,7299,605,7904,64
2020-12-21,Sierra,091,2930,24,23,0,23,0
2020-12-21,Siskiyou,093,43540,965,878,83,961,2
2020-12-21,Solano,095,438530,17528,15878,171,16049,95
2020-12-21,Sonoma,097,501317,18019,17075,98,17173,176
2020-12-21,Stanislaus,099,539301,32934,30437,2776,33213,499
2020-12-21,Sutter,101,95872,6112,5708,40,5748,46
2020-12-21,Tehama,103,63373,2827,2656,235,2891,9
2020-12-21,Trinity,105,12862,404,226,51,277,2
2020-12-21,Tulare,107,460477,31972,29482,3237,32719,373
2020-12-21,Tuolumne,109,53932,2640,2423,12,2435,12
2020-12-21,Ventura,111,848112,35901,31759,1396,33155,212
2020-12-21,Yolo,113,214977,8016,7266,49,7315,109
2020-12-21,Yuba,115,75493,3579,3329,34,3363,14
2020-12-20,Alameda,001,1643700,47760,44004,758,44762,516
2020-12-20,Alpine,002,1148,65,64,0,64,0
2020-12-20,Amador,005,37829,2166,1771,17,1788,23
2020-12-20,Butte,007,227075,6909,6228,727,6955,81
2020-12-20,Calaveras,009,45235,1007,926,0,926,21
2020-12-20,Colusa,011,21464,1183,1121,53,1174,7
2020-12-20,Contra Costa,013,1133247,37073,34798,407,35205,301
2020-12-20,Del Norte,015,27424,690,652,2,654,2
2020-12-20,El Dorado,017,186661,5518,4697,228,4925,10
2020-12-20,Fresno,019,978130,62975,57616,3751,61367,634
2020-12-20,Glenn,021,27897,1436,1295,196,1491,9
2020-12-20,Humboldt,023,135768,1548,1386,6,1392,15
2020-12-20,Imperial,025,180216,21829,20882,902,21784,395
2020-12-20,Inyo,027,18085,584,476,7,483,17
2020-12-20,Kern,029,883053,60991,55983,3998,59981,540
2020-12-20,Kings,031,150075,15411,14629,437,15066,100
2020-12-20,Lake,033,64148,1718,1463,0,1463,20
2020-12-20,Lassen,035,31185,3956,3669,35,3704,1
2020-12-20,Los Angeles,037,10098052,676837,612975,16304,629279,8862
2020-12-20,Madera,039,155013,9795,8871,337,9208,63
2020-12-20,Marin,041,260295,9389,8948,61,9009,142
2020-12-20,Mariposa,043,17540,209,179,2,181,3
2020-12-20,Mendocino,045,87422,2241,2033,19,2052,23
2020-12-20,Merced,047,269075,17502,16435,266,16701,198
2020-12-20,Modoc,049,8938,217,181,63,244,0
2020-12-20,Mono,051,14174,830,774,12,786,3
2020-12-20,Monterey,053,433212,25026,23250,562,23812,173
2020-12-20,Napa,055,140530,5338,4865,24,4889,23
2020-12-20,Nevada,057,99092,2510,2289,78,2367,13
2020-12-20,Orange,059,3164182,143098,128780,5176,133956,1763
2020-12-20,Placer,061,380077,13108,11496,437,11933,105
2020-12-20,Plumas,063,18699,432,347,8,355,0
2020-12-20,Riverside,065,2383286,163935,148714,6574,155288,1742
2020-12-20,Sacramento,067,1510023,60279,56017,486,56503,755
2020-12-20,San Benito,069,59416,3208,2885,24,2909,21
2020-12-20,San Bernardino,071,2135413,177604,162810,4599,167409,1458
2020-12-20,San Diego,073,3302833,140761,126465,6214,132679,1280
2020-12-20,San Francisco,075,870044,21903,20937,184,21121,174
2020-12-20,San Joaquin,077,732212,41877,38268,1230,39498,587
2020-12-20,San Luis Obispo,079,281455,9779,8881,210,9091,63
2020-12-20,San Mateo,081,765935,23112,20764,72,20836,185
2020-12-20,Santa Barbara,083,443738,15904,14817,391,15208,148
2020-12-20,Santa Clara,085,1922200,63632,56860,240,57100,566
2020-12-20,Santa Cruz,087,273765,8240,7178,225,7403,69
2020-12-20,Shasta,089,179085,7658,7256,591,7847,64
2020-12-20,Sierra,091,2930,24,22,0,22,0
2020-12-20,Siskiyou,093,43540,956,870,82,952,2
2020-12-20,Solano,095,438530,17145,15533,160,15693,95
2020-12-20,Sonoma,097,501317,17743,16802,97,16899,175
2020-12-20,Stanislaus,099,539301,32403,29995,2677,32672,498
2020-12-20,Sutter,101,95872,6025,5601,40,5641,43
2020-12-20,Tehama,103,63373,2779,2602,216,2818,9
2020-12-20,Trinity,105,12862,396,221,50,271,2
2020-12-20,Tulare,107,460477,31455,29078,3144,32222,373
2020-12-20,Tuolumne,109,53932,2532,2152,11,2163,12
2020-12-20,Ventura,111,848112,35200,31335,1364,32699,210
2020-12-20,Yolo,113,214977,7864,7121,46,7167,109
2020-12-20,Yuba,115,75493,3529,3254,32,3286,12
2020-12-19,Alameda,001,1643700,47312,43109,751,43860,516
2020-12-19,Alpine,002,1148,65,64,0,64,0
2020-12-19,Amador,005,37829,2142,1754,17,1771,23
2020-12-19,Butte,007,227075,6809,6118,705,6823,81
2020-12-19,Calaveras,009,45235,990,900,0,900,21
2020-12-19,Colusa,011,21464,1175,1096,50,1146,7
2020-12-19,Contra Costa,013,1133247,36745,34321,393,34714,301
2020-12-19,Del Norte,015,27424,688,641,1,642,2
2020-12-19,El Dorado,017,186661,5451,4588,220,4808,10
2020-12-19,Fresno,019,978130,62650,55428,3685,59113,634
2020-12-19,Glenn,021,27897,1401,1286,195,1481,9
2020-12-19,Humboldt,023,135768,1531,1357,6,1363,15
2020-12-19,Imperial,025,180216,21736,20711,856,21567,395
2020-12-19,Inyo,027,18085,577,475,7,482,17
2020-12-19,Kern,029,883053,60507,55118,3892,59010,540
2020-12-19,Kings,031,150075,15332,14474,435,14909,100
2020-12-19,Lake,033,64148,1678,1438,0,1438,20
2020-12-19,Lassen,035,31185,3928,3595,35,3630,1
2020-12-19,Los Angeles,037,10098052,669712,599888,15783,615671,8804
2020-12-19,Madera,039,155013,9694,8717,325,9042,63
2020-12-19,Marin,041,260295,9349,8864,61,8925,142
2020-12-19,Mariposa,043,17540,207,177,2,179,3
2020-12-19,Mendocino,045,87422,2216,2008,19,2027,23
2020-12-19,Merced,047,269075,17363,16230,258,16488,198
2020-12-19,Modoc,049,8938,214,181,63,244,0
2020-12-19,Mono,051,14174,823,766,12,778,3
2020-12-19,Monterey,053,433212,24912,22799,557,23356,172
2020-12-19,Napa,055,140530,5276,4772,24,4796,23
2020-12-19,Nevada,057,99092,2488,2260,78,2338,13
2020-12-19,Orange,059,3164182,141170,125574,5028,130602,1733
2020-12-19,Placer,061,380077,12953,11246,431,11677,105
2020-12-19,Plumas,063,18699,429,343,8,351,0
2020-12-19,Riverside,065,2383286,161947,146703,6343,153046,1737
2020-12-19,Sacramento,067,1510023,59744,55169,472,55641,746
2020-12-19,San Benito,069,59416,3160,2820,23,2843,21
2020-12-19,San Bernardino,071,2135413,176020,159883,4491,164374,1433
2020-12-19,San Diego,073,3302833,138994,122972,6075,129047,1280
2020-12-19,San Francisco,075,870044,21748,20643,184,20827,174
2020-12-19,San Joaquin,077,732212,41473,37340,1182,38522,586
2020-12-19,San Luis Obispo,079,281455,9708,8788,207,8995,63
2020-12-19,San Mateo,081,765935,22903,20393,65,20458,182
2020-12-19,Santa Barbara,083,443738,15748,14667,385,15052,148
2020-12-19,Santa Clara,085,1922200,62782,55540,236,55776,558
2020-12-19,Santa Cruz,087,273765,8134,7054,221,7275,68
2020-12-19,Shasta,089,179085,7606,7221,579,7800,63
2020-12-19,Sierra,091,2930,24,23,0,23,0
2020-12-19,Siskiyou,093,43540,952,853,81,934,2
2020-12-19,Solano,095,438530,16967,15204,157,15361,95
2020-12-19,Sonoma,097,501317,17634,16553,97,16650,175
2020-12-19,Stanislaus,099,539301,32076,29555,2605,32160,498
2020-12-19,Sutter,101,95872,5969,5506,40,5546,41
2020-12-19,Tehama,103,63373,2730,2574,214,2788,9
2020-12-19,Trinity,105,12862,395,219,50,269,2
2020-12-19,Tulare,107,460477,31217,28734,3078,31812,375
2020-12-19,Tuolumne,109,53932,2518,2107,11,2118,12
2020-12-19,Ventura,111,848112,34919,30843,1334,32177,209
2020-12-19,Yolo,113,214977,7789,7025,45,7070,109
2020-12-19,Yuba,115,75493,3499,3168,32,3200,11
2020-12-18,Alameda,001,1643700,46777,42196,735,42931,515
2020-12-18,Alpine,002,1148,65,64,0,64,0
2020-12-18,Amador,005,37829,2125,1727,15,1742,20
2020-12-18,Butte,007,227075,6724,5891,680,6571,81
2020-12-18,Calaveras,009,45235,980,870,0,870,21
2020-12-18,Colusa,011,21464,1166,1068,50,1118,7
2020-12-18,Contra Costa,013,1133247,36453,33610,382,33992,300
2020-12-18,Del Norte,015,27424,683,627,0,627,2
2020-12-18,El Dorado,017,186661,5389,4494,211,4705,10
2020-12-18,Fresno,019,978130,61823,52643,3624,56267,613
2020-12-18,Glenn,021,27897,1384,1264,190,1454,9
2020-12-18,Humboldt,023,135768,1516,1331,6,1337,15
2020-12-18,Imperial,025,180216,21653,20430,810,21240,393
2020-12-18,Inyo,027,18085,558,454,7,461,17
2020-12-18,Kern,029,883053,59847,54220,3807,58027,533
2020-12-18,Kings,031,150075,15206,14284,429,14713,98
2020-12-18,Lake,033,64148,1662,1397,0,1397,20
2020-12-18,Lassen,035,31185,3920,3486,35,3521,1
2020-12-18,Los Angeles,037,10098052,657564,586413,15304,601717,8744
2020-12-18,Madera,039,155013,9591,8609,319,8928,63
2020-12-18,Marin,041,260295,9265,8799,61,8860,142
2020-12-18,Mariposa,043,17540,204,176,2,178,3
2020-12-18,Mendocino,045,87422,2198,1977,19,1996,24
2020-12-18,Merced,047,269075,17282,15956,256,16212,195
2020-12-18,Modoc,049,8938,214,179,63,242,0
2020-12-18,Mono,051,14174,815,731,12,743,3
2020-12-18,Monterey,053,433212,24619,22336,552,22888,165
2020-12-18,Napa,055,140530,5227,4688,24,4712,23
2020-12-18,Nevada,057,99092,2471,2220,77,2297,13
2020-12-18,Orange,059,3164182,138739,121681,4879,126560,1725
2020-12-18,Placer,061,380077,12782,10995,423,11418,104
2020-12-18,Plumas,063,18699,423,336,8,344,0
2020-12-18,Riverside,065,2383286,159105,142375,6081,148456,1733
2020-12-18,Sacramento,067,1510023,59118,53980,456,54436,736
2020-12-18,San Benito,069,59416,3111,2744,23,2767,21
2020-12-18,San Bernardino,071,2135413,173722,154272,4356,158628,1430
2020-12-18,San Diego,073,3302833,136816,120463,5936,126399,1253
2020-12-18,San Francisco,075,870044,21581,20315,178,20493,173
2020-12-18,San Joaquin,077,732212,41116,36484,1153,37637,559
2020-12-18,San Luis Obispo,079,281455,9610,8598,202,8800,62
2020-12-18,San Mateo,081,765935,22590,19971,61,20032,182
2020-12-18,Santa Barbara,083,443738,15607,14361,372,14733,148
2020-12-18,Santa Clara,085,1922200,61885,53992,227,54219,539
2020-12-18,Santa Cruz,087,273765,8015,6838,213,7051,68
2020-12-18,Shasta,089,179085,7568,7114,568,7682,62
2020-12-18,Sierra,091,2930,24,23,0,23,0
2020-12-18,Siskiyou,093,43540,950,840,81,921,2
2020-12-18,Solano,095,438530,16810,14667,153,14820,95
2020-12-18,Sonoma,097,501317,17514,16261,97,16358,173
2020-12-18,Stanislaus,099,539301,31800,28967,2568,31535,490
2020-12-18,Sutter,101,95872,5885,5399,40,5439,39
2020-12-18,Tehama,103,63373,2715,2523,204,2727,9
2020-12-18,Trinity,105,12862,394,215,50,265,2
2020-12-18,Tulare,107,460477,30925,28322,3000,31322,370
2020-12-18,Tuolumne,109,53932,2507,2067,11,2078,12
2020-12-18,Ventura,111,848112,34415,29907,1291,31198,209
2020-12-18,Yolo,113,214977,7720,6901,44,6945,109
2020-12-18,Yuba,115,75493,3439,3097,32,3129,11
2020-12-17,Alameda,001,1643700,45972,41548,710,42258,508
2020-12-17,Alpine,002,1148,65,64,0,64,0
2020-12-17,Amador,005,37829,2077,1703,13,1716,19
2020-12-17,Butte,007,227075,6599,5746,660,6406,78
2020-12-17,Calaveras,009,45235,957,848,0,848,21
2020-12-17,Colusa,011,21464,1155,1053,48,1101,7
2020-12-17,Contra Costa,013,1133247,35920,33006,352,33358,293
2020-12-17,Del Norte,015,27424,678,583,0,583,1
2020-12-17,El Dorado,017,186661,5243,4327,198,4525,9
2020-12-17,Fresno,019,978130,60961,49918,3497,53415,597
2020-12-17,Glenn,021,27897,1360,1244,183,1427,9
2020-12-17,Humboldt,023,135768,1483,1322,6,1328,14
2020-12-17,Imperial,025,180216,21491,20208,745,20953,391
2020-12-17,Inyo,027,18085,540,450,6,456,16
2020-12-17,Kern,029,883053,58890,53683,3672,57355,526
2020-12-17,Kings,031,150075,15103,14057,414,14471,98
2020-12-17,Lake,033,64148,1633,1374,0,1374,20
2020-12-17,Lassen,035,31185,3884,3417,35,3452,1
2020-12-17,Los Angeles,037,10098052,641883,571093,14769,585862,8657
2020-12-17,Madera,039,155013,9470,8465,315,8780,62
2020-12-17,Marin,041,260295,9203,8721,59,8780,142
2020-12-17,Mariposa,043,17540,200,172,2,174,3
2020-12-17,Mendocino,045,87422,2164,1942,19,1961,23
2020-12-17,Merced,047,269075,17020,15648,248,15896,192
2020-12-17,Modoc,049,8938,211,179,63,242,0
2020-12-17,Mono,051,14174,801,718,12,730,3
2020-12-17,Monterey,053,433212,24100,21951,537,22488,163
2020-12-17,Napa,055,140530,5115,4612,24,4636,23
2020-12-17,Nevada,057,99092,2430,2173,74,2247,13
2020-12-17,Orange,059,3164182,135372,118367,4747,123114,1725
2020-12-17,Placer,061,380077,12508,10756,409,11165,99
2020-12-17,Plumas,063,18699,414,324,8,332,0
2020-12-17,Riverside,065,2383286,155232,139325,5867,145192,1696
2020-12-17,Sacramento,067,1510023,58211,53189,434,53623,721
2020-12-17,San Benito,069,59416,3042,2645,22,2667,20
2020-12-17,San Bernardino,071,2135413,169777,149838,4240,154078,1425
2020-12-17,San Diego,073,3302833,134015,116852,5780,122632,1239
2020-12-17,San Francisco,075,870044,21291,19939,173,20112,170
2020-12-17,San Joaquin,077,732212,40388,35894,1119,37013,554
2020-12-17,San Luis Obispo,079,281455,9491,8365,201,8566,59
2020-12-17,San Mateo,081,765935,22220,19647,61,19708,181
2020-12-17,Santa Barbara,083,443738,15374,14207,365,14572,147
2020-12-17,Santa Clara,085,1922200,60695,52559,221,52780,527
2020-12-17,Santa Cruz,087,273765,7859,6687,200,6887,64
2020-12-17,Shasta,089,179085,7492,7000,549,7549,62
2020-12-17,Sierra,091,2930,23,23,0,23,0
2020-12-17,Siskiyou,093,43540,942,827,80,907,2
2020-12-17,Solano,095,438530,16496,14361,150,14511,96
2020-12-17,Sonoma,097,501317,17242,15993,96,16089,171
2020-12-17,Stanislaus,099,539301,31381,28582,2508,31090,489
2020-12-17,Sutter,101,95872,5787,5309,38,5347,39
2020-12-17,Tehama,103,63373,2666,2480,198,2678,9
2020-12-17,Trinity,105,12862,389,213,50,263,2
2020-12-17,Tulare,107,460477,30524,27852,2921,30773,358
2020-12-17,Tuolumne,109,53932,2214,1992,11,2003,11
2020-12-17,Ventura,111,848112,33805,29404,1255,30659,208
2020-12-17,Yolo,113,214977,7599,6800,43,6843,105
2020-12-17,Yuba,115,75493,3379,3035,31,3066,12
2020-12-16,Alameda,001,1643700,45116,40751,686,41437,497
2020-12-16,Alpine,002,1148,65,64,0,64,0
2020-12-16,Amador,005,37829,2030,1693,12,1705,19
2020-12-16,Butte,007,227075,6410,5659,633,6292,76
2020-12-16,Calaveras,009,45235,922,821,0,821,21
2020-12-16,Colusa,011,21464,1142,1038,45,1083,7
2020-12-16,Contra Costa,013,1133247,35362,32429,333,32762,293
2020-12-16,Del Norte,015,27424,676,575,0,575,1
2020-12-16,El Dorado,017,186661,5122,4237,189,4426,9
2020-12-16,Fresno,019,978130,60006,49173,3401,52574,584
2020-12-16,Glenn,021,27897,1342,1236,172,1408,9
2020-12-16,Humboldt,023,135768,1451,1308,5,1313,12
2020-12-16,Imperial,025,180216,21309,19980,681,20661,388
2020-12-16,Inyo,027,18085,527,444,6,450,16
2020-12-16,Kern,029,883053,58013,52896,3543,56439,522
2020-12-16,Kings,031,150075,14923,13734,398,14132,99
2020-12-16,Lake,033,64148,1594,1363,0,1363,20
2020-12-16,Lassen,035,31185,3851,3396,34,3430,1
2020-12-16,Los Angeles,037,10098052,625343,557907,14105,572012,8561
2020-12-16,Madera,039,155013,9344,8278,307,8585,62
2020-12-16,Marin,041,260295,9132,8641,59,8700,142
2020-12-16,Mariposa,043,17540,197,175,2,177,3
2020-12-16,Mendocino,045,87422,2129,1929,19,1948,23
2020-12-16,Merced,047,269075,16736,15443,245,15688,190
2020-12-16,Modoc,049,8938,208,178,63,241,0
2020-12-16,Mono,051,14174,782,702,12,714,3
2020-12-16,Monterey,053,433212,23540,21107,526,21633,163
2020-12-16,Napa,055,140530,5017,4544,24,4568,23
2020-12-16,Nevada,057,99092,2394,2149,72,2221,13
2020-12-16,Orange,059,3164182,131891,115260,4581,119841,1712
2020-12-16,Placer,061,380077,12271,10554,388,10942,96
2020-12-16,Plumas,063,18699,405,319,8,327,0
2020-12-16,Riverside,065,2383286,151116,135751,5622,141373,1664
2020-12-16,Sacramento,067,1510023,57239,52166,409,52575,715
2020-12-16,San Benito,069,59416,2952,2582,22,2604,20
2020-12-16,San Bernardino,071,2135413,165170,143565,4106,147671,1403
2020-12-16,San Diego,073,3302833,130910,114248,5626,119874,1217
2020-12-16,San Francisco,075,870044,21032,19624,173,19797,170
2020-12-16,San Joaquin,077,732212,39565,35010,1079,36089,547
2020-12-16,San Luis Obispo,079,281455,9296,8252,192,8444,58
2020-12-16,San Mateo,081,765935,21895,19292,57,19349,179
2020-12-16,Santa Barbara,083,443738,15122,13966,353,14319,144
2020-12-16,Santa Clara,085,1922200,59443,51502,218,51720,523
2020-12-16,Santa Cruz,087,273765,7671,6536,189,6725,63
2020-12-16,Shasta,089,179085,7419,6914,526,7440,62
2020-12-16,Sierra,091,2930,23,23,0,23,0
2020-12-16,Siskiyou,093,43540,934,818,80,898,2
2020-12-16,Solano,095,438530,16025,14157,146,14303,96
2020-12-16,Sonoma,097,501317,16987,15768,96,15864,170
2020-12-16,Stanislaus,099,539301,30888,28279,2437,30716,489
2020-12-16,Sutter,101,95872,5708,5223,38,5261,39
2020-12-16,Tehama,103,63373,2631,2441,174,2615,9
2020-12-16,Trinity,105,12862,383,212,50,262,2
2020-12-16,Tulare,107,460477,30097,27500,2831,30331,352
2020-12-16,Tuolumne,109,53932,2171,1941,11,1952,11
2020-12-16,Ventura,111,848112,33032,28566,1213,29779,203
2020-12-16,Yolo,113,214977,7472,6649,42,6691,103
2020-12-16,Yuba,115,75493,3293,2980,30,3010,11
2020-12-15,Alameda,001,1643700,44259,40026,665,40691,492
2020-12-15,Alpine,002,1148,65,64,0,64,0
2020-12-15,Amador,005,37829,1917,1669,10,1679,19
2020-12-15,Butte,007,227075,6271,5565,606,6171,75
2020-12-15,Calaveras,009,45235,890,799,0,799,21
2020-12-15,Colusa,011,21464,1129,1026,44,1070,7
2020-12-15,Contra Costa,013,1133247,34708,31423,319,31742,281
2020-12-15,Del Norte,015,27424,669,564,0,564,1
2020-12-15,El Dorado,017,186661,5014,4113,175,4288,9
2020-12-15,Fresno,019,978130,58633,47316,3266,50582,574
2020-12-15,Glenn,021,27897,1329,1207,156,1363,9
2020-12-15,Humboldt,023,135768,1431,1276,5,1281,12
2020-12-15,Imperial,025,180216,21084,19756,603,20359,380
2020-12-15,Inyo,027,18085,515,394,6,400,16
2020-12-15,Kern,029,883053,57002,52002,3437,55439,511
2020-12-15,Kings,031,150075,14759,13652,379,14031,97
2020-12-15,Lake,033,64148,1568,1341,0,1341,21
2020-12-15,Lassen,035,31185,3679,3378,33,3411,1
2020-12-15,Los Angeles,037,10098052,608940,536258,13478,549736,8429
2020-12-15,Madera,039,155013,9187,8118,300,8418,60
2020-12-15,Marin,041,260295,9027,8528,58,8586,141
2020-12-15,Mariposa,043,17540,193,171,2,173,3
2020-12-15,Mendocino,045,87422,2102,1883,19,1902,24
2020-12-15,Merced,047,269075,16440,15120,241,15361,190
2020-12-15,Modoc,049,8938,206,179,63,242,0
2020-12-15,Mono,051,14174,766,702,12,714,3
2020-12-15,Monterey,053,433212,22942,19905,465,20370,161
2020-12-15,Napa,055,140530,4914,4440,24,4464,23
2020-12-15,Nevada,057,99092,2361,2117,70,2187,11
2020-12-15,Orange,059,3164182,128260,112893,4432,117325,1689
2020-12-15,Placer,061,380077,12037,10301,366,10667,95
2020-12-15,Plumas,063,18699,400,313,8,321,0
2020-12-15,Riverside,065,2383286,147064,131822,5347,137169,1624
2020-12-15,Sacramento,067,1510023,56221,51076,396,51472,703
2020-12-15,San Benito,069,59416,2873,2520,21,2541,19
2020-12-15,San Bernardino,071,2135413,160707,137548,3957,141505,1351
2020-12-15,San Diego,073,3302833,127343,111441,5463,116904,1194
2020-12-15,San Francisco,075,870044,20725,19283,170,19453,171
2020-12-15,San Joaquin,077,732212,38643,33849,1045,34894,537
2020-12-15,San Luis Obispo,079,281455,9187,8074,189,8263,55
2020-12-15,San Mateo,081,765935,21486,18907,55,18962,178
2020-12-15,Santa Barbara,083,443738,14895,13782,345,14127,144
2020-12-15,Santa Clara,085,1922200,58015,50311,215,50526,505
2020-12-15,Santa Cruz,087,273765,7484,6361,176,6537,59
2020-12-15,Shasta,089,179085,7360,6794,501,7295,54
2020-12-15,Sierra,091,2930,23,23,0,23,0
2020-12-15,Siskiyou,093,43540,926,812,79,891,2
2020-12-15,Solano,095,438530,15671,13796,146,13942,95
2020-12-15,Sonoma,097,501317,16766,15406,96,15502,167
2020-12-15,Stanislaus,099,539301,30391,27823,2358,30181,485
2020-12-15,Sutter,101,95872,5609,5080,37,5117,36
2020-12-15,Tehama,103,63373,2593,2392,168,2560,9
2020-12-15,Trinity,105,12862,375,213,48,261,1
2020-12-15,Tulare,107,460477,29598,27026,2744,29770,342
2020-12-15,Tuolumne,109,53932,2141,1874,11,1885,8
2020-12-15,Ventura,111,848112,32410,27936,1166,29102,201
2020-12-15,Yolo,113,214977,7347,6531,40,6571,104
2020-12-15,Yuba,115,75493,3198,2891,29,2920,11
2020-12-14,Alameda,001,1643700,43360,39252,646,39898,487
2020-12-14,Alpine,002,1148,65,63,0,63,0
2020-12-14,Amador,005,37829,1845,1609,10,1619,19
2020-12-14,Butte,007,227075,6103,5202,589,5791,75
2020-12-14,Calaveras,009,45235,852,718,0,718,21
2020-12-14,Colusa,011,21464,1105,949,43,992,7
2020-12-14,Contra Costa,013,1133247,34017,30594,305,30899,281
2020-12-14,Del Norte,015,27424,663,560,0,560,1
2020-12-14,El Dorado,017,186661,4858,4018,159,4177,9
2020-12-14,Fresno,019,978130,57608,44726,3092,47818,560
2020-12-14,Glenn,021,27897,1303,1186,148,1334,9
2020-12-14,Humboldt,023,135768,1418,1256,5,1261,9
2020-12-14,Imperial,025,180216,20845,19608,529,20137,379
2020-12-14,Inyo,027,18085,502,382,6,388,16
2020-12-14,Kern,029,883053,55965,50538,3316,53854,510
2020-12-14,Kings,031,150075,14574,13491,352,13843,97
2020-12-14,Lake,033,64148,1517,1301,0,1301,21
2020-12-14,Lassen,035,31185,3581,2905,30,2935,1
2020-12-14,Los Angeles,037,10098052,591294,524668,12855,537523,8340
2020-12-14,Madera,039,155013,8923,8011,291,8302,60
2020-12-14,Marin,041,260295,8942,8475,57,8532,141
2020-12-14,Mariposa,043,17540,192,171,2,173,3
2020-12-14,Mendocino,045,87422,2081,1845,19,1864,24
2020-12-14,Merced,047,269075,16035,14572,227,14799,189
2020-12-14,Modoc,049,8938,200,180,61,241,0
2020-12-14,Mono,051,14174,758,685,12,697,3
2020-12-14,Monterey,053,433212,22420,19154,459,19613,155
2020-12-14,Napa,055,140530,4821,4289,24,4313,22
2020-12-14,Nevada,057,99092,2324,2070,67,2137,11
2020-12-14,Orange,059,3164182,124378,108602,4296,112898,1688
2020-12-14,Placer,061,380077,11756,9551,355,9906,95
2020-12-14,Plumas,063,18699,388,309,8,317,0
2020-12-14,Riverside,065,2383286,142942,123715,5085,128800,1588
2020-12-14,Sacramento,067,1510023,55114,50304,371,50675,691
2020-12-14,San Benito,069,59416,2807,2467,20,2487,19
2020-12-14,San Bernardino,071,2135413,156258,129151,3831,132982,1347
2020-12-14,San Diego,073,3302833,123607,109578,5278,114856,1162
2020-12-14,San Francisco,075,870044,20355,18904,168,19072,171
2020-12-14,San Joaquin,077,732212,37808,32522,999,33521,534
2020-12-14,San Luis Obispo,079,281455,8942,7791,185,7976,52
2020-12-14,San Mateo,081,765935,20989,18361,52,18413,178
2020-12-14,Santa Barbara,083,443738,14623,13587,337,13924,144
2020-12-14,Santa Clara,085,1922200,56502,49180,204,49384,502
2020-12-14,Santa Cruz,087,273765,7302,6049,161,6210,54
2020-12-14,Shasta,089,179085,7271,6665,483,7148,54
2020-12-14,Sierra,091,2930,23,21,0,21,0
2020-12-14,Siskiyou,093,43540,903,764,73,837,2
2020-12-14,Solano,095,438530,15316,13352,145,13497,93
2020-12-14,Sonoma,097,501317,16459,14807,95,14902,167
2020-12-14,Stanislaus,099,539301,29863,27311,2312,29623,485
2020-12-14,Sutter,101,95872,5506,5001,30,5031,35
2020-12-14,Tehama,103,63373,2551,2344,165,2509,9
2020-12-14,Trinity,105,12862,371,205,46,251,1
2020-12-14,Tulare,107,460477,29119,25735,2655,28390,341
2020-12-14,Tuolumne,109,53932,2088,1647,11,1658,8
2020-12-14,Ventura,111,848112,31487,27436,1108,28544,202
2020-12-14,Yolo,113,214977,7189,6389,39,6428,95
2020-12-14,Yuba,115,75493,3135,2851,29,2880,11
2020-12-13,Alameda,001,1643700,42159,38064,622,38686,486
2020-12-13,Alpine,002,1148,65,63,0,63,0
2020-12-13,Amador,005,37829,1789,1457,9,1466,19
2020-12-13,Butte,007,227075,5954,5103,550,5653,75
2020-12-13,Calaveras,009,45235,818,710,0,710,21
2020-12-13,Colusa,011,21464,1089,945,40,985,7
2020-12-13,Contra Costa,013,1133247,33290,29667,299,29966,281
2020-12-13,Del Norte,015,27424,611,542,0,542,1
2020-12-13,El Dorado,017,186661,4757,3770,150,3920,9
2020-12-13,Fresno,019,978130,56502,44114,2938,47052,559
2020-12-13,Glenn,021,27897,1290,1171,137,1308,9
2020-12-13,Humboldt,023,135768,1395,1238,4,1242,9
2020-12-13,Imperial,025,180216,20563,19472,409,19881,379
2020-12-13,Inyo,027,18085,481,380,6,386,16
2020-12-13,Kern,029,883053,54936,49051,3161,52212,510
2020-12-13,Kings,031,150075,14294,13357,334,13691,97
2020-12-13,Lake,033,64148,1476,1271,0,1271,21
2020-12-13,Lassen,035,31185,3474,2867,25,2892,1
2020-12-13,Los Angeles,037,10098052,573653,517472,12173,529645,8294
2020-12-13,Madera,039,155013,8738,7909,278,8187,60
2020-12-13,Marin,041,260295,8821,8409,57,8466,141
2020-12-13,Mariposa,043,17540,188,167,2,169,3
2020-12-13,Mendocino,045,87422,2047,1793,19,1812,24
2020-12-13,Merced,047,269075,15682,14384,224,14608,189
2020-12-13,Modoc,049,8938,190,179,56,235,0
2020-12-13,Mono,051,14174,742,675,12,687,3
2020-12-13,Monterey,053,433212,21999,18913,445,19358,153
2020-12-13,Napa,055,140530,4714,4194,24,4218,22
2020-12-13,Nevada,057,99092,2277,2030,65,2095,11
2020-12-13,Orange,059,3164182,120437,104768,4123,108891,1688
2020-12-13,Placer,061,380077,11442,9405,337,9742,95
2020-12-13,Plumas,063,18699,382,291,8,299,0
2020-12-13,Riverside,065,2383286,138817,119691,4825,124516,1581
2020-12-13,Sacramento,067,1510023,53846,49480,342,49822,682
2020-12-13,San Benito,069,59416,2738,2408,19,2427,19
2020-12-13,San Bernardino,071,2135413,151361,126718,3676,130394,1333
2020-12-13,San Diego,073,3302833,120007,107372,5109,112481,1162
2020-12-13,San Francisco,075,870044,20018,18686,159,18845,167
2020-12-13,San Joaquin,077,732212,37006,32170,959,33129,534
2020-12-13,San Luis Obispo,079,281455,8751,7625,177,7802,52
2020-12-13,San Mateo,081,765935,20498,18090,46,18136,177
2020-12-13,Santa Barbara,083,443738,14354,13249,323,13572,144
2020-12-13,Santa Clara,085,1922200,55096,47920,196,48116,499
2020-12-13,Santa Cruz,087,273765,7055,5986,151,6137,54
2020-12-13,Shasta,089,179085,7196,6647,457,7104,54
2020-12-13,Sierra,091,2930,23,21,0,21,0
2020-12-13,Siskiyou,093,43540,890,762,68,830,2
2020-12-13,Solano,095,438530,14881,13276,142,13418,93
2020-12-13,Sonoma,097,501317,16146,14495,94,14589,167
2020-12-13,Stanislaus,099,539301,29306,26569,2261,28830,485
2020-12-13,Sutter,101,95872,5379,4798,26,4824,34
2020-12-13,Tehama,103,63373,2507,2325,150,2475,9
2020-12-13,Trinity,105,12862,365,204,46,250,1
2020-12-13,Tulare,107,460477,28637,25496,2577,28073,340
2020-12-13,Tuolumne,109,53932,2026,1611,11,1622,8
2020-12-13,Ventura,111,848112,30488,26588,1048,27636,202
2020-12-13,Yolo,113,214977,7003,6265,33,6298,95
2020-12-13,Yuba,115,75493,3072,2754,26,2780,11
2020-12-12,Alameda,001,1643700,41716,37027,603,37630,486
2020-12-12,Alpine,002,1148,65,63,0,63,0
2020-12-12,Amador,005,37829,1761,1236,8,1244,19
2020-12-12,Butte,007,227075,5881,4972,536,5508,73
2020-12-12,Calaveras,009,45235,808,708,0,708,21
2020-12-12,Colusa,011,21464,1069,945,39,984,7
2020-12-12,Contra Costa,013,1133247,32943,29506,290,29796,281
2020-12-12,Del Norte,015,27424,603,529,0,529,1
2020-12-12,El Dorado,017,186661,4682,3706,134,3840,9
2020-12-12,Fresno,019,978130,56150,43756,2879,46635,559
2020-12-12,Glenn,021,27897,1282,1143,133,1276,8
2020-12-12,Humboldt,023,135768,1376,1208,4,1212,9
2020-12-12,Imperial,025,180216,20474,18947,354,19301,379
2020-12-12,Inyo,027,18085,475,380,6,386,16
2020-12-12,Kern,029,883053,54417,48194,3074,51268,507
2020-12-12,Kings,031,150075,14205,13205,330,13535,96
2020-12-12,Lake,033,64148,1460,1232,0,1232,21
2020-12-12,Lassen,035,31185,3451,2866,22,2888,1
2020-12-12,Los Angeles,037,10098052,566836,504317,11686,516003,8269
2020-12-12,Madera,039,155013,8611,7765,275,8040,59
2020-12-12,Marin,041,260295,8765,8363,56,8419,141
2020-12-12,Mariposa,043,17540,187,164,2,166,3
2020-12-12,Mendocino,045,87422,2011,1771,19,1790,24
2020-12-12,Merced,047,269075,15590,14181,220,14401,188
2020-12-12,Modoc,049,8938,189,169,53,222,0
2020-12-12,Mono,051,14174,735,640,12,652,3
2020-12-12,Monterey,053,433212,21886,18596,416,19012,151
2020-12-12,Napa,055,140530,4669,4113,24,4137,22
2020-12-12,Nevada,057,99092,2259,1981,63,2044,10
2020-12-12,Orange,059,3164182,118539,100468,3978,104446,1674
2020-12-12,Placer,061,380077,11277,9390,332,9722,95
2020-12-12,Plumas,063,18699,376,291,8,299,0
2020-12-12,Riverside,065,2383286,136756,118335,4624,122959,1579
2020-12-12,Sacramento,067,1510023,53264,48319,329,48648,673
2020-12-12,San Benito,069,59416,2683,2355,19,2374,19
2020-12-12,San Bernardino,071,2135413,149728,125741,3574,129315,1321
2020-12-12,San Diego,073,3302833,118386,104958,5012,109970,1151
2020-12-12,San Francisco,075,870044,19821,18413,155,18568,167
2020-12-12,San Joaquin,077,732212,36678,32200,929,33129,534
2020-12-12,San Luis Obispo,079,281455,8652,7462,171,7633,50
2020-12-12,San Mateo,081,765935,20277,17574,45,17619,177
2020-12-12,Santa Barbara,083,443738,14202,13174,315,13489,144
2020-12-12,Santa Clara,085,1922200,54161,45892,193,46085,498
2020-12-12,Santa Cruz,087,273765,6957,5905,142,6047,54
2020-12-12,Shasta,089,179085,7163,6551,439,6990,54
2020-12-12,Sierra,091,2930,23,21,0,21,0
2020-12-12,Siskiyou,093,43540,888,762,65,827,2
2020-12-12,Solano,095,438530,14687,12748,135,12883,93
2020-12-12,Sonoma,097,501317,16025,14466,94,14560,166
2020-12-12,Stanislaus,099,539301,29001,26246,2211,28457,483
2020-12-12,Sutter,101,95872,5317,4717,26,4743,32
2020-12-12,Tehama,103,63373,2489,2252,145,2397,9
2020-12-12,Trinity,105,12862,363,204,44,248,1
2020-12-12,Tulare,107,460477,28373,25333,2518,27851,341
2020-12-12,Tuolumne,109,53932,1982,1536,11,1547,8
2020-12-12,Ventura,111,848112,30043,25955,1015,26970,202
2020-12-12,Yolo,113,214977,6920,6116,31,6147,95
2020-12-12,Yuba,115,75493,3045,2692,25,2717,10
2020-12-11,Alameda,001,1643700,41149,36281,591,36872,482
2020-12-11,Alpine,002,1148,65,63,0,63,0
2020-12-11,Amador,005,37829,1745,1213,8,1221,19
2020-12-11,Butte,007,227075,5808,4941,517,5458,73
2020-12-11,Calaveras,009,45235,792,697,0,697,21
2020-12-11,Colusa,011,21464,1059,923,37,960,7
2020-12-11,Contra Costa,013,1133247,32512,29036,287,29323,282
2020-12-11,Del Norte,015,27424,595,505,0,505,1
2020-12-11,El Dorado,017,186661,4601,3669,119,3788,9
2020-12-11,Fresno,019,978130,55138,43071,2813,45884,550
2020-12-11,Glenn,021,27897,1266,1135,129,1264,8
2020-12-11,Humboldt,023,135768,1358,1190,4,1194,9
2020-12-11,Imperial,025,180216,20384,18599,310,18909,377
2020-12-11,Inyo,027,18085,465,372,6,378,16
2020-12-11,Kern,029,883053,53739,47664,3011,50675,502
2020-12-11,Kings,031,150075,14061,13118,326,13444,94
2020-12-11,Lake,033,64148,1443,1205,0,1205,21
2020-12-11,Lassen,035,31185,3439,2790,21,2811,1
2020-12-11,Los Angeles,037,10098052,555028,493592,11281,504873,8198
2020-12-11,Madera,039,155013,8519,7648,265,7913,59
2020-12-11,Marin,041,260295,8676,8317,55,8372,141
2020-12-11,Mariposa,043,17540,186,164,2,166,3
2020-12-11,Mendocino,045,87422,1987,1769,19,1788,24
2020-12-11,Merced,047,269075,15470,14038,212,14250,186
2020-12-11,Modoc,049,8938,189,168,52,220,0
2020-12-11,Mono,051,14174,725,631,12,643,3
2020-12-11,Monterey,053,433212,21585,18421,411,18832,150
2020-12-11,Napa,055,140530,4614,4054,24,4078,22
2020-12-11,Nevada,057,99092,2242,1959,60,2019,10
2020-12-11,Orange,059,3164182,116217,98357,3877,102234,1656
2020-12-11,Placer,061,380077,11115,8904,316,9220,93
2020-12-11,Plumas,063,18699,368,286,8,294,0
2020-12-11,Riverside,065,2383286,133682,115329,4406,119735,1573
2020-12-11,Sacramento,067,1510023,52601,47468,321,47789,669
2020-12-11,San Benito,069,59416,2632,2319,19,2338,19
2020-12-11,San Bernardino,071,2135413,147030,123092,3460,126552,1313
2020-12-11,San Diego,073,3302833,116426,102468,4929,107397,1137
2020-12-11,San Francisco,075,870044,19591,18246,154,18400,165
2020-12-11,San Joaquin,077,732212,36329,32044,902,32946,534
2020-12-11,San Luis Obispo,079,281455,8491,7415,169,7584,49
2020-12-11,San Mateo,081,765935,20007,17240,34,17274,177
2020-12-11,Santa Barbara,083,443738,14059,12997,307,13304,144
2020-12-11,Santa Clara,085,1922200,53154,45101,184,45285,494
2020-12-11,Santa Cruz,087,273765,6837,5764,133,5897,50
2020-12-11,Shasta,089,179085,7118,6459,432,6891,54
2020-12-11,Sierra,091,2930,23,19,0,19,0
2020-12-11,Siskiyou,093,43540,881,753,62,815,2
2020-12-11,Solano,095,438530,14500,12554,131,12685,92
2020-12-11,Sonoma,097,501317,15858,14298,92,14390,166
2020-12-11,Stanislaus,099,539301,28729,25928,2164,28092,464
2020-12-11,Sutter,101,95872,5254,4600,25,4625,30
2020-12-11,Tehama,103,63373,2458,2232,141,2373,9
2020-12-11,Trinity,105,12862,360,204,44,248,1
2020-12-11,Tulare,107,460477,28018,24953,2465,27418,338
2020-12-11,Tuolumne,109,53932,1967,1510,11,1521,8
2020-12-11,Ventura,111,848112,29436,24999,993,25992,202
2020-12-11,Yolo,113,214977,6816,6006,30,6036,95
2020-12-11,Yuba,115,75493,2984,2649,23,2672,10
2020-12-10,Alameda,001,1643700,40378,35686,571,36257,477
2020-12-10,Alpine,002,1148,65,63,0,63,0
2020-12-10,Amador,005,37829,1688,1191,8,1199,18
2020-12-10,Butte,007,227075,5693,4863,493,5356,72
2020-12-10,Calaveras,009,45235,774,684,0,684,21
2020-12-10,Colusa,011,21464,1036,909,34,943,7
2020-12-10,Contra Costa,013,1133247,31834,28413,281,28694,276
2020-12-10,Del Norte,015,27424,584,501,0,501,1
2020-12-10,El Dorado,017,186661,4483,3557,114,3671,9
2020-12-10,Fresno,019,978130,54159,42461,2673,45134,540
2020-12-10,Glenn,021,27897,1246,1126,120,1246,8
2020-12-10,Humboldt,023,135768,1338,1140,4,1144,9
2020-12-10,Imperial,025,180216,20172,18333,235,18568,370
2020-12-10,Inyo,027,18085,445,365,6,371,15
2020-12-10,Kern,029,883053,52758,47176,2848,50024,499
2020-12-10,Kings,031,150075,13903,12993,320,13313,92
2020-12-10,Lake,033,64148,1403,1167,0,1167,21
2020-12-10,Lassen,035,31185,3417,2764,17,2781,0
2020-12-10,Los Angeles,037,10098052,541047,480354,10758,491112,8149
2020-12-10,Madera,039,155013,8411,7445,250,7695,59
2020-12-10,Marin,041,260295,8626,8245,54,8299,140
2020-12-10,Mariposa,043,17540,185,160,2,162,3
2020-12-10,Mendocino,045,87422,1961,1748,16,1764,24
2020-12-10,Merced,047,269075,15224,13756,209,13965,186
2020-12-10,Modoc,049,8938,184,165,50,215,0
2020-12-10,Mono,051,14174,720,601,12,613,3
2020-12-10,Monterey,053,433212,21103,18266,401,18667,145
2020-12-10,Napa,055,140530,4528,3974,23,3997,22
2020-12-10,Nevada,057,99092,2206,1919,60,1979,10
2020-12-10,Orange,059,3164182,113113,95297,3718,99015,1651
2020-12-10,Placer,061,380077,10862,8906,299,9205,90
2020-12-10,Plumas,063,18699,357,281,8,289,0
2020-12-10,Riverside,065,2383286,129997,112794,4139,116933,1552
2020-12-10,Sacramento,067,1510023,51700,46471,300,46771,664
2020-12-10,San Benito,069,59416,2571,2268,18,2286,19
2020-12-10,San Bernardino,071,2135413,142788,120186,3286,123472,1306
2020-12-10,San Diego,073,3302833,113901,99601,4780,104381,1114
2020-12-10,San Francisco,075,870044,19283,17945,147,18092,164
2020-12-10,San Joaquin,077,732212,35695,31228,873,32101,534
2020-12-10,San Luis Obispo,079,281455,8328,7245,158,7403,49
2020-12-10,San Mateo,081,765935,19565,16701,24,16725,177
2020-12-10,Santa Barbara,083,443738,13880,12788,299,13087,143
2020-12-10,Santa Clara,085,1922200,52000,43939,170,44109,491
2020-12-10,Santa Cruz,087,273765,6671,5645,121,5766,48
2020-12-10,Shasta,089,179085,7051,6312,407,6719,53
2020-12-10,Sierra,091,2930,23,18,0,18,0
2020-12-10,Siskiyou,093,43540,871,712,61,773,2
2020-12-10,Solano,095,438530,14136,12017,126,12143,90
2020-12-10,Sonoma,097,501317,15603,14282,90,14372,167
2020-12-10,Stanislaus,099,539301,28270,25582,2090,27672,464
2020-12-10,Sutter,101,95872,5124,4528,23,4551,27
2020-12-10,Tehama,103,63373,2414,2190,133,2323,9
2020-12-10,Trinity,105,12862,356,202,42,244,1
2020-12-10,Tulare,107,460477,27561,24506,2402,26908,337
2020-12-10,Tuolumne,109,53932,1724,1451,11,1462,8
2020-12-10,Ventura,111,848112,28586,24075,949,25024,202
2020-12-10,Yolo,113,214977,6695,5896,29,5925,95
2020-12-10,Yuba,115,75493,2920,2604,22,2626,10
2020-12-09,Alameda,001,1643700,39543,35047,550,35597,470
2020-12-09,Alpine,002,1148,65,58,0,58,0
2020-12-09,Amador,005,37829,1645,1121,8,1129,19
2020-12-09,Butte,007,227075,5550,4733,474,5207,70
2020-12-09,Calaveras,009,45235,745,670,0,670,21
2020-12-09,Colusa,011,21464,1021,896,33,929,7
2020-12-09,Contra Costa,013,1133247,31126,28308,269,28577,273
2020-12-09,Del Norte,015,27424,576,481,0,481,2
2020-12-09,El Dorado,017,186661,4348,3449,106,3555,8
2020-12-09,Fresno,019,978130,53158,41954,2520,44474,533
2020-12-09,Glenn,021,27897,1232,1107,114,1221,8
2020-12-09,Humboldt,023,135768,1306,1086,4,1090,10
2020-12-09,Imperial,025,180216,19914,17757,199,17956,368
2020-12-09,Inyo,027,18085,432,356,6,362,15
2020-12-09,Kern,029,883053,51601,46379,2706,49085,494
2020-12-09,Kings,031,150075,13758,12716,312,13028,92
2020-12-09,Lake,033,64148,1374,1158,0,1158,20
2020-12-09,Lassen,035,31185,3348,2331,15,2346,0
2020-12-09,Los Angeles,037,10098052,527542,467971,10228,478199,8075
2020-12-09,Madera,039,155013,8295,7216,247,7463,59
2020-12-09,Marin,041,260295,8563,8182,53,8235,138
2020-12-09,Mariposa,043,17540,183,154,2,156,3
2020-12-09,Mendocino,045,87422,1936,1703,15,1718,24
2020-12-09,Merced,047,269075,14983,13588,203,13791,183
2020-12-09,Modoc,049,8938,179,146,41,187,0
2020-12-09,Mono,051,14174,708,601,12,613,3
2020-12-09,Monterey,053,433212,20703,17891,393,18284,143
2020-12-09,Napa,055,140530,4443,3858,22,3880,21
2020-12-09,Nevada,057,99092,2153,1864,60,1924,10
2020-12-09,Orange,059,3164182,110008,93763,3550,97313,1629
2020-12-09,Placer,061,380077,10601,8588,285,8873,85
2020-12-09,Plumas,063,18699,349,271,8,279,0
2020-12-09,Riverside,065,2383286,126295,110376,3938,114314,1543
2020-12-09,Sacramento,067,1510023,50637,45284,275,45559,659
2020-12-09,San Benito,069,59416,2499,2217,16,2233,19
2020-12-09,San Bernardino,071,2135413,138508,114516,3090,117606,1305
2020-12-09,San Diego,073,3302833,110921,97551,4641,102192,1103
2020-12-09,San Francisco,075,870044,18984,17628,146,17774,163
2020-12-09,San Joaquin,077,732212,34881,30539,849,31388,531
2020-12-09,San Luis Obispo,079,281455,8110,7105,150,7255,47
2020-12-09,San Mateo,081,765935,19115,16422,23,16445,175
2020-12-09,Santa Barbara,083,443738,13680,12630,289,12919,142
2020-12-09,Santa Clara,085,1922200,50823,42912,155,43067,489
2020-12-09,Santa Cruz,087,273765,6510,5527,106,5633,47
2020-12-09,Shasta,089,179085,6986,6105,393,6498,52
2020-12-09,Sierra,091,2930,23,18,0,18,0
2020-12-09,Siskiyou,093,43540,860,713,60,773,2
2020-12-09,Solano,095,438530,13793,11862,118,11980,90
2020-12-09,Sonoma,097,501317,15346,13994,87,14081,164
2020-12-09,Stanislaus,099,539301,27781,25157,2027,27184,463
2020-12-09,Sutter,101,95872,5005,4418,19,4437,24
2020-12-09,Tehama,103,63373,2378,2102,129,2231,9
2020-12-09,Trinity,105,12862,348,199,39,238,0
2020-12-09,Tulare,107,460477,26960,24124,2326,26450,334
2020-12-09,Tuolumne,109,53932,1691,1319,11,1330,8
2020-12-09,Ventura,111,848112,27722,23830,907,24737,201
2020-12-09,Yolo,113,214977,6569,5760,27,5787,95
2020-12-09,Yuba,115,75493,2852,2513,21,2534,10
2020-12-08,Alameda,001,1643700,38643,34373,534,34907,469
2020-12-08,Alpine,002,1148,64,53,0,53,0
2020-12-08,Amador,005,37829,1359,1043,8,1051,17
2020-12-08,Butte,007,227075,5392,4651,434,5085,70
2020-12-08,Calaveras,009,45235,721,657,0,657,21
2020-12-08,Colusa,011,21464,1005,875,32,907,6
2020-12-08,Contra Costa,013,1133247,30431,27926,254,28180,270
2020-12-08,Del Norte,015,27424,562,465,0,465,2
2020-12-08,El Dorado,017,186661,4224,3296,93,3389,8
2020-12-08,Fresno,019,978130,51892,41574,2365,43939,529
2020-12-08,Glenn,021,27897,1212,1094,106,1200,8
2020-12-08,Humboldt,023,135768,1280,1059,4,1063,10
2020-12-08,Imperial,025,180216,19405,17568,192,17760,363
2020-12-08,Inyo,027,18085,408,333,6,339,15
2020-12-08,Kern,029,883053,50310,45116,2553,47669,487
2020-12-08,Kings,031,150075,13604,12623,303,12926,90
2020-12-08,Lake,033,64148,1334,1127,0,1127,20
2020-12-08,Lassen,035,31185,3192,2165,15,2180,0
2020-12-08,Los Angeles,037,10098052,514830,459738,9758,469496,8004
2020-12-08,Madera,039,155013,8166,7082,235,7317,59
2020-12-08,Marin,041,260295,8486,8099,52,8151,137
2020-12-08,Mariposa,043,17540,179,150,2,152,2
2020-12-08,Mendocino,045,87422,1894,1666,15,1681,23
2020-12-08,Merced,047,269075,14671,13380,202,13582,181
2020-12-08,Modoc,049,8938,171,138,38,176,0
2020-12-08,Mono,051,14174,694,597,12,609,3
2020-12-08,Monterey,053,433212,20132,17752,386,18138,134
2020-12-08,Napa,055,140530,4357,3778,20,3798,22
2020-12-08,Nevada,057,99092,2099,1809,57,1866,11
2020-12-08,Orange,059,3164182,106784,91406,3387,94793,1629
2020-12-08,Placer,061,380077,10333,8224,280,8504,82
2020-12-08,Plumas,063,18699,339,258,8,266,0
2020-12-08,Riverside,065,2383286,122926,107620,3761,111381,1514
2020-12-08,Sacramento,067,1510023,49574,44635,261,44896,649
2020-12-08,San Benito,069,59416,2445,2180,16,2196,18
2020-12-08,San Bernardino,071,2135413,134161,110676,2969,113645,1301
2020-12-08,San Diego,073,3302833,107550,95447,4484,99931,1088
2020-12-08,San Francisco,075,870044,18677,17384,144,17528,162
2020-12-08,San Joaquin,077,732212,33987,30225,816,31041,530
2020-12-08,San Luis Obispo,079,281455,7981,6903,139,7042,45
2020-12-08,San Mateo,081,765935,18716,16305,23,16328,175
2020-12-08,Santa Barbara,083,443738,13497,12516,280,12796,141
2020-12-08,Santa Clara,085,1922200,49512,41309,147,41456,484
2020-12-08,Santa Cruz,087,273765,6329,5374,104,5478,45
2020-12-08,Shasta,089,179085,6876,5946,385,6331,50
2020-12-08,Sierra,091,2930,22,18,0,18,0
2020-12-08,Siskiyou,093,43540,846,704,58,762,2
2020-12-08,Solano,095,438530,13387,11669,116,11785,89
2020-12-08,Sonoma,097,501317,15087,13601,86,13687,164
2020-12-08,Stanislaus,099,539301,27289,24793,1962,26755,461
2020-12-08,Sutter,101,95872,4909,4342,18,4360,24
2020-12-08,Tehama,103,63373,2304,2057,121,2178,9
2020-12-08,Trinity,105,12862,339,198,38,236,0
2020-12-08,Tulare,107,460477,26354,23607,2263,25870,330
2020-12-08,Tuolumne,109,53932,1667,1264,11,1275,7
2020-12-08,Ventura,111,848112,27061,23665,865,24530,195
2020-12-08,Yolo,113,214977,6437,5560,27,5587,90
2020-12-08,Yuba,115,75493,2774,2477,21,2498,10
2020-12-07,Alameda,001,1643700,37778,33887,500,34387,466
2020-12-07,Alpine,002,1148,63,53,0,53,0
2020-12-07,Amador,005,37829,1284,993,7,1000,17
2020-12-07,Butte,007,227075,5256,4604,413,5017,67
2020-12-07,Calaveras,009,45235,692,606,0,606,21
2020-12-07,Colusa,011,21464,980,825,27,852,6
2020-12-07,Contra Costa,013,1133247,29823,27307,241,27548,270
2020-12-07,Del Norte,015,27424,547,424,0,424,2
2020-12-07,El Dorado,017,186661,4045,3275,86,3361,8
2020-12-07,Fresno,019,978130,50419,41098,2245,43343,526
2020-12-07,Glenn,021,27897,1193,1085,100,1185,8
2020-12-07,Humboldt,023,135768,1245,1023,4,1027,9
2020-12-07,Imperial,025,180216,18990,17234,182,17416,364
2020-12-07,Inyo,027,18085,392,333,6,339,15
2020-12-07,Kern,029,883053,49284,44409,2419,46828,486
2020-12-07,Kings,031,150075,13461,12412,295,12707,90
2020-12-07,Lake,033,64148,1307,1090,0,1090,20
2020-12-07,Lassen,035,31185,3095,2167,15,2182,0
2020-12-07,Los Angeles,037,10098052,501156,451052,9338,460390,7937
2020-12-07,Madera,039,155013,7902,6935,230,7165,59
2020-12-07,Marin,041,260295,8428,8049,51,8100,136
2020-12-07,Mariposa,043,17540,176,146,2,148,2
2020-12-07,Mendocino,045,87422,1858,1638,14,1652,23
2020-12-07,Merced,047,269075,14313,13250,193,13443,179
2020-12-07,Modoc,049,8938,164,128,35,163,0
2020-12-07,Mono,051,14174,681,590,12,602,3
2020-12-07,Monterey,053,433212,19652,17746,375,18121,132
2020-12-07,Napa,055,140530,4266,3684,20,3704,21
2020-12-07,Nevada,057,99092,2050,1777,56,1833,11
2020-12-07,Orange,059,3164182,103516,89793,3268,93061,1628
2020-12-07,Placer,061,380077,10008,7911,266,8177,82
2020-12-07,Plumas,063,18699,327,256,5,261,0
2020-12-07,Riverside,065,2383286,119725,102363,3580,105943,1491
2020-12-07,Sacramento,067,1510023,48479,43419,244,43663,638
2020-12-07,San Benito,069,59416,2395,2165,15,2180,18
2020-12-07,San Bernardino,071,2135413,130210,108161,2854,111015,1295
2020-12-07,San Diego,073,3302833,104761,94171,4303,98474,1062
2020-12-07,San Francisco,075,870044,18381,17220,137,17357,161
2020-12-07,San Joaquin,077,732212,33112,28188,790,28978,530
2020-12-07,San Luis Obispo,079,281455,7799,6782,132,6914,45
2020-12-07,San Mateo,081,765935,18278,16029,22,16051,175
2020-12-07,Santa Barbara,083,443738,13255,12362,270,12632,141
2020-12-07,Santa Clara,085,1922200,48116,40621,138,40759,484
2020-12-07,Santa Cruz,087,273765,6165,5152,96,5248,41
2020-12-07,Shasta,089,179085,6753,5742,370,6112,50
2020-12-07,Sierra,091,2930,20,18,0,18,0
2020-12-07,Siskiyou,093,43540,820,652,58,710,2
2020-12-07,Solano,095,438530,13049,11354,112,11466,89
2020-12-07,Sonoma,097,501317,14803,13376,86,13462,164
2020-12-07,Stanislaus,099,539301,26715,24479,1909,26388,454
2020-12-07,Sutter,101,95872,4768,4106,18,4124,24
2020-12-07,Tehama,103,63373,2253,2030,116,2146,9
2020-12-07,Trinity,105,12862,335,194,38,232,0
2020-12-07,Tulare,107,460477,25806,22760,2203,24963,328
2020-12-07,Tuolumne,109,53932,1582,1256,10,1266,7
2020-12-07,Ventura,111,848112,26473,23354,829,24183,191
2020-12-07,Yolo,113,214977,6277,5537,26,5563,90
2020-12-07,Yuba,115,75493,2707,2428,19,2447,10
2020-12-06,Alameda,001,1643700,36784,33477,480,33957,465
2020-12-06,Alpine,002,1148,59,53,0,53,0
2020-12-06,Amador,005,37829,1221,952,6,958,17
2020-12-06,Butte,007,227075,5103,4527,379,4906,67
2020-12-06,Calaveras,009,45235,672,606,0,606,21
2020-12-06,Colusa,011,21464,963,824,23,847,6
2020-12-06,Contra Costa,013,1133247,29217,26566,234,26800,270
2020-12-06,Del Norte,015,27424,491,414,0,414,2
2020-12-06,El Dorado,017,186661,3908,3086,81,3167,8
2020-12-06,Fresno,019,978130,49467,40869,2129,42998,526
2020-12-06,Glenn,021,27897,1183,1067,96,1163,8
2020-12-06,Humboldt,023,135768,1220,1004,4,1008,9
2020-12-06,Imperial,025,180216,18682,16922,174,17096,364
2020-12-06,Inyo,027,18085,380,333,6,339,15
2020-12-06,Kern,029,883053,48293,43899,2252,46151,486
2020-12-06,Kings,031,150075,13189,12056,278,12334,90
2020-12-06,Lake,033,64148,1271,1075,0,1075,20
2020-12-06,Lassen,035,31185,2991,2168,13,2181,0
2020-12-06,Los Angeles,037,10098052,487559,443230,8912,452142,7910
2020-12-06,Madera,039,155013,7729,6826,221,7047,59
2020-12-06,Marin,041,260295,8348,8013,48,8061,136
2020-12-06,Mariposa,043,17540,175,144,2,146,2
2020-12-06,Mendocino,045,87422,1818,1614,14,1628,23
2020-12-06,Merced,047,269075,13976,12928,184,13112,179
2020-12-06,Modoc,049,8938,151,125,28,153,0
2020-12-06,Mono,051,14174,659,586,11,597,3
2020-12-06,Monterey,053,433212,19034,17426,365,17791,130
2020-12-06,Napa,055,140530,4154,3644,20,3664,21
2020-12-06,Nevada,057,99092,1991,1710,53,1763,10
2020-12-06,Orange,059,3164182,100445,87737,3140,90877,1627
2020-12-06,Placer,061,380077,9725,7837,247,8084,82
2020-12-06,Plumas,063,18699,314,254,4,258,0
2020-12-06,Riverside,065,2383286,116632,100088,3359,103447,1482
2020-12-06,Sacramento,067,1510023,47238,42808,230,43038,638
2020-12-06,San Benito,069,59416,2358,2135,15,2150,18
2020-12-06,San Bernardino,071,2135413,126061,106927,2700,109627,1286
2020-12-06,San Diego,073,3302833,101728,92173,4149,96322,1062
2020-12-06,San Francisco,075,870044,18058,17107,130,17237,161
2020-12-06,San Joaquin,077,732212,32267,28188,762,28950,530
2020-12-06,San Luis Obispo,079,281455,7634,6723,127,6850,45
2020-12-06,San Mateo,081,765935,17774,15855,20,15875,175
2020-12-06,Santa Barbara,083,443738,13023,12252,261,12513,141
2020-12-06,Santa Clara,085,1922200,46720,39112,133,39245,482
2020-12-06,Santa Cruz,087,273765,5988,5069,90,5159,40
2020-12-06,Shasta,089,179085,6613,5743,349,6092,49
2020-12-06,Sierra,091,2930,20,17,0,17,0
2020-12-06,Siskiyou,093,43540,801,652,56,708,2
2020-12-06,Solano,095,438530,12760,11354,102,11456,88
2020-12-06,Sonoma,097,501317,14515,13238,85,13323,164
2020-12-06,Stanislaus,099,539301,26155,24036,1845,25881,454
2020-12-06,Sutter,101,95872,4652,4009,17,4026,21
2020-12-06,Tehama,103,63373,2195,1982,107,2089,9
2020-12-06,Trinity,105,12862,328,181,36,217,0
2020-12-06,Tulare,107,460477,25274,22756,2136,24892,327
2020-12-06,Tuolumne,109,53932,1486,1210,10,1220,7
2020-12-06,Ventura,111,848112,25931,23035,803,23838,191
2020-12-06,Yolo,113,214977,6116,5465,22,5487,90
2020-12-06,Yuba,115,75493,2663,2340,18,2358,10
2020-12-05,Alameda,001,1643700,36426,32781,469,33250,465
2020-12-05,Alpine,002,1148,58,53,0,53,0
2020-12-05,Amador,005,37829,1197,847,6,853,17
2020-12-05,Butte,007,227075,5035,4455,360,4815,66
2020-12-05,Calaveras,009,45235,660,606,0,606,21
2020-12-05,Colusa,011,21464,945,825,20,845,6
2020-12-05,Contra Costa,013,1133247,28919,26217,226,26443,270
2020-12-05,Del Norte,015,27424,486,408,0,408,2
2020-12-05,El Dorado,017,186661,3843,3061,76,3137,8
2020-12-05,Fresno,019,978130,49148,40568,2075,42643,525
2020-12-05,Glenn,021,27897,1170,1056,90,1146,8
2020-12-05,Humboldt,023,135768,1187,979,4,983,9
2020-12-05,Imperial,025,180216,18508,16544,173,16717,362
2020-12-05,Inyo,027,18085,375,332,6,338,15
2020-12-05,Kern,029,883053,47830,43332,2167,45499,484
2020-12-05,Kings,031,150075,13108,11898,275,12173,90
2020-12-05,Lake,033,64148,1242,1069,0,1069,20
2020-12-05,Lassen,035,31185,2800,2168,11,2179,0
2020-12-05,Los Angeles,037,10098052,481759,433120,8601,441721,7888
2020-12-05,Madera,039,155013,7635,6619,214,6833,59
2020-12-05,Marin,041,260295,8321,7961,48,8009,136
2020-12-05,Mariposa,043,17540,170,143,2,145,2
2020-12-05,Mendocino,045,87422,1779,1585,14,1599,23
2020-12-05,Merced,047,269075,13869,12747,173,12920,180
2020-12-05,Modoc,049,8938,151,118,27,145,0
2020-12-05,Mono,051,14174,654,554,11,565,3
2020-12-05,Monterey,053,433212,18888,17077,361,17438,127
2020-12-05,Napa,055,140530,4084,3565,20,3585,21
2020-12-05,Nevada,057,99092,1976,1642,51,1693,10
2020-12-05,Orange,059,3164182,98973,85735,3043,88778,1612
2020-12-05,Placer,061,380077,9606,7811,238,8049,78
2020-12-05,Plumas,063,18699,307,246,1,247,0
2020-12-05,Riverside,065,2383286,115019,98612,3185,101797,1477
2020-12-05,Sacramento,067,1510023,46573,41878,216,42094,625
2020-12-05,San Benito,069,59416,2314,2073,15,2088,18
2020-12-05,San Bernardino,071,2135413,124532,105382,2572,107954,1283
2020-12-05,San Diego,073,3302833,100376,90470,4068,94538,1055
2020-12-05,San Francisco,075,870044,17872,16786,126,16912,161
2020-12-05,San Joaquin,077,732212,32000,28105,730,28835,523
2020-12-05,San Luis Obispo,079,281455,7567,6623,124,6747,44
2020-12-05,San Mateo,081,765935,17517,15512,20,15532,175
2020-12-05,Santa Barbara,083,443738,12923,12107,255,12362,141
2020-12-05,Santa Clara,085,1922200,45960,38339,128,38467,474
2020-12-05,Santa Cruz,087,273765,5915,4997,89,5086,40
2020-12-05,Shasta,089,179085,6552,5653,338,5991,49
2020-12-05,Sierra,091,2930,20,17,0,17,0
2020-12-05,Siskiyou,093,43540,793,649,55,704,2
2020-12-05,Solano,095,438530,12589,11351,100,11451,87
2020-12-05,Sonoma,097,501317,14419,13137,85,13222,164
2020-12-05,Stanislaus,099,539301,25836,23662,1810,25472,454
2020-12-05,Sutter,101,95872,4587,3937,17,3954,20
2020-12-05,Tehama,103,63373,2180,1926,105,2031,9
2020-12-05,Trinity,105,12862,327,177,36,213,0
2020-12-05,Tulare,107,460477,25055,22660,2078,24738,324
2020-12-05,Tuolumne,109,53932,1429,1180,10,1190,7
2020-12-05,Ventura,111,848112,25559,22710,789,23499,191
2020-12-05,Yolo,113,214977,6037,5351,21,5372,90
2020-12-05,Yuba,115,75493,2626,2275,18,2293,10
2020-12-04,Alameda,001,1643700,35876,31871,456,32327,465
2020-12-04,Alpine,002,1148,58,53,0,53,0
2020-12-04,Amador,005,37829,1183,766,3,769,16
2020-12-04,Butte,007,227075,4963,4336,340,4676,65
2020-12-04,Calaveras,009,45235,655,585,0,585,21
2020-12-04,Colusa,011,21464,931,790,18,808,6
2020-12-04,Contra Costa,013,1133247,28573,25705,214,25919,264
2020-12-04,Del Norte,015,27424,477,401,0,401,2
2020-12-04,El Dorado,017,186661,3755,2933,73,3006,7
2020-12-04,Fresno,019,978130,48438,40108,2007,42115,522
2020-12-04,Glenn,021,27897,1164,1017,82,1099,8
2020-12-04,Humboldt,023,135768,1169,960,4,964,9
2020-12-04,Imperial,025,180216,18261,16484,173,16657,362
2020-12-04,Inyo,027,18085,366,324,6,330,15
2020-12-04,Kern,029,883053,47279,42497,2064,44561,485
2020-12-04,Kings,031,150075,13015,11767,269,12036,88
2020-12-04,Lake,033,64148,1212,1018,0,1018,20
2020-12-04,Lassen,035,31185,2793,2167,10,2177,0
2020-12-04,Los Angeles,037,10098052,473139,424164,8313,432477,7845
2020-12-04,Madera,039,155013,7540,6479,211,6690,58
2020-12-04,Marin,041,260295,8266,7896,45,7941,136
2020-12-04,Mariposa,043,17540,170,136,2,138,2
2020-12-04,Mendocino,045,87422,1760,1563,13,1576,23
2020-12-04,Merced,047,269075,13754,12474,165,12639,177
2020-12-04,Modoc,049,8938,151,115,27,142,0
2020-12-04,Mono,051,14174,649,549,11,560,3
2020-12-04,Monterey,053,433212,18676,16737,352,17089,127
2020-12-04,Napa,055,140530,4030,3432,20,3452,19
2020-12-04,Nevada,057,99092,1951,1560,48,1608,10
2020-12-04,Orange,059,3164182,97044,83738,2979,86717,1597
2020-12-04,Placer,061,380077,9482,7461,225,7686,76
2020-12-04,Plumas,063,18699,300,232,0,232,0
2020-12-04,Riverside,065,2383286,112819,95255,3028,98283,1475
2020-12-04,Sacramento,067,1510023,45808,41061,199,41260,618
2020-12-04,San Benito,069,59416,2281,2006,15,2021,17
2020-12-04,San Bernardino,071,2135413,122259,102418,2464,104882,1290
2020-12-04,San Diego,073,3302833,98892,88183,3981,92164,1047
2020-12-04,San Francisco,075,870044,17682,16499,126,16625,161
2020-12-04,San Joaquin,077,732212,31560,27806,693,28499,522
2020-12-04,San Luis Obispo,079,281455,7483,6473,121,6594,42
2020-12-04,San Mateo,081,765935,17229,15112,19,15131,173
2020-12-04,Santa Barbara,083,443738,12816,11947,249,12196,141
2020-12-04,Santa Clara,085,1922200,45023,37465,122,37587,468
2020-12-04,Santa Cruz,087,273765,5825,4985,87,5072,32
2020-12-04,Shasta,089,179085,6463,5439,329,5768,49
2020-12-04,Sierra,091,2930,19,17,0,17,0
2020-12-04,Siskiyou,093,43540,786,639,52,691,2
2020-12-04,Solano,095,438530,12439,11037,97,11134,87
2020-12-04,Sonoma,097,501317,14271,12962,84,13046,164
2020-12-04,Stanislaus,099,539301,25558,23206,1766,24972,448
2020-12-04,Sutter,101,95872,4515,3791,12,3803,20
2020-12-04,Tehama,103,63373,2140,1876,100,1976,9
2020-12-04,Trinity,105,12862,325,172,36,208,0
2020-12-04,Tulare,107,460477,24762,22273,2006,24279,322
2020-12-04,Tuolumne,109,53932,1398,1134,10,1144,7
2020-12-04,Ventura,111,848112,25182,22024,773,22797,189
2020-12-04,Yolo,113,214977,5964,5294,20,5314,87
2020-12-04,Yuba,115,75493,2582,2225,17,2242,10
2020-12-03,Alameda,001,1643700,35108,31184,439,31623,465
2020-12-03,Alpine,002,1148,57,53,0,53,0
2020-12-03,Amador,005,37829,1132,653,3,656,16
2020-12-03,Butte,007,227075,4868,4305,321,4626,65
2020-12-03,Calaveras,009,45235,634,572,0,572,21
2020-12-03,Colusa,011,21464,918,774,17,791,6
2020-12-03,Contra Costa,013,1133247,28065,25464,207,25671,265
2020-12-03,Del Norte,015,27424,471,388,0,388,2
2020-12-03,El Dorado,017,186661,3629,2740,71,2811,6
2020-12-03,Fresno,019,978130,47684,39680,1935,41615,516
2020-12-03,Glenn,021,27897,1146,997,74,1071,8
2020-12-03,Humboldt,023,135768,1139,923,4,927,9
2020-12-03,Imperial,025,180216,18053,16436,161,16597,359
2020-12-03,Inyo,027,18085,364,321,6,327,15
2020-12-03,Kern,029,883053,46433,42062,1963,44025,483
2020-12-03,Kings,031,150075,12916,11658,258,11916,87
2020-12-03,Lake,033,64148,1197,991,0,991,20
2020-12-03,Lassen,035,31185,2753,2128,9,2137,0
2020-12-03,Los Angeles,037,10098052,463039,415805,7957,423762,7787
2020-12-03,Madera,039,155013,7417,6398,205,6603,58
2020-12-03,Marin,041,260295,8202,7861,41,7902,136
2020-12-03,Mariposa,043,17540,166,132,2,134,2
2020-12-03,Mendocino,045,87422,1743,1547,10,1557,23
2020-12-03,Merced,047,269075,13509,12310,158,12468,177
2020-12-03,Modoc,049,8938,149,114,27,141,0
2020-12-03,Mono,051,14174,627,527,11,538,3
2020-12-03,Monterey,053,433212,18215,16218,343,16561,125
2020-12-03,Napa,055,140530,3916,3360,20,3380,19
2020-12-03,Nevada,057,99092,1873,1472,47,1519,10
2020-12-03,Orange,059,3164182,94510,82187,2911,85098,1591
2020-12-03,Placer,061,380077,9280,7270,209,7479,73
2020-12-03,Plumas,063,18699,285,223,0,223,0
2020-12-03,Riverside,065,2383286,110057,92489,2869,95358,1461
2020-12-03,Sacramento,067,1510023,44750,40280,186,40466,614
2020-12-03,San Benito,069,59416,2235,1967,15,1982,16
2020-12-03,San Bernardino,071,2135413,118931,100787,2381,103168,1283
2020-12-03,San Diego,073,3302833,97077,86144,3863,90007,1040
2020-12-03,San Francisco,075,870044,17458,16236,125,16361,161
2020-12-03,San Joaquin,077,732212,30840,27239,650,27889,522
2020-12-03,San Luis Obispo,079,281455,7315,6388,120,6508,42
2020-12-03,San Mateo,081,765935,16876,14909,19,14928,173
2020-12-03,Santa Barbara,083,443738,12687,11829,243,12072,141
2020-12-03,Santa Clara,085,1922200,43812,36621,116,36737,465
2020-12-03,Santa Cruz,087,273765,5681,4850,83,4933,28
2020-12-03,Shasta,089,179085,6354,5330,322,5652,48
2020-12-03,Sierra,091,2930,19,17,0,17,0
2020-12-03,Siskiyou,093,43540,771,629,49,678,2
2020-12-03,Solano,095,438530,12224,10857,93,10950,87
2020-12-03,Sonoma,097,501317,14030,12772,83,12855,164
2020-12-03,Stanislaus,099,539301,25138,22821,1719,24540,447
2020-12-03,Sutter,101,95872,4431,3727,12,3739,20
2020-12-03,Tehama,103,63373,2088,1832,93,1925,9
2020-12-03,Trinity,105,12862,322,166,36,202,0
2020-12-03,Tulare,107,460477,24359,21993,1914,23907,321
2020-12-03,Tuolumne,109,53932,1356,1105,10,1115,7
2020-12-03,Ventura,111,848112,24479,21555,760,22315,187
2020-12-03,Yolo,113,214977,5826,5069,20,5089,87
2020-12-03,Yuba,115,75493,2511,2182,16,2198,10
2020-12-02,Alameda,001,1643700,34479,30697,429,31126,463
2020-12-02,Alpine,002,1148,56,52,0,52,0
2020-12-02,Amador,005,37829,1060,585,3,588,16
2020-12-02,Butte,007,227075,4746,4243,310,4553,65
2020-12-02,Calaveras,009,45235,618,553,0,553,21
2020-12-02,Colusa,011,21464,902,756,15,771,6
2020-12-02,Contra Costa,013,1133247,27600,25147,195,25342,264
2020-12-02,Del Norte,015,27424,455,384,0,384,2
2020-12-02,El Dorado,017,186661,3528,2638,66,2704,5
2020-12-02,Fresno,019,978130,46927,39324,1837,41161,507
2020-12-02,Glenn,021,27897,1129,995,66,1061,7
2020-12-02,Humboldt,023,135768,1113,899,4,903,9
2020-12-02,Imperial,025,180216,17631,16360,154,16514,356
2020-12-02,Inyo,027,18085,357,314,6,320,15
2020-12-02,Kern,029,883053,45535,41660,1868,43528,479
2020-12-02,Kings,031,150075,12563,11531,244,11775,86
2020-12-02,Lake,033,64148,1167,971,0,971,20
2020-12-02,Lassen,035,31185,2694,2115,9,2124,0
2020-12-02,Los Angeles,037,10098052,452985,408289,7637,415926,7739
2020-12-02,Madera,039,155013,7292,6370,199,6569,57
2020-12-02,Marin,041,260295,8153,7819,39,7858,136
2020-12-02,Mariposa,043,17540,163,131,2,133,2
2020-12-02,Mendocino,045,87422,1710,1524,10,1534,23
2020-12-02,Merced,047,269075,13266,12168,150,12318,173
2020-12-02,Modoc,049,8938,146,113,27,140,0
2020-12-02,Mono,051,14174,618,520,11,531,3
2020-12-02,Monterey,053,433212,17735,16064,304,16368,121
2020-12-02,Napa,055,140530,3813,3298,19,3317,19
2020-12-02,Nevada,057,99092,1811,1430,46,1476,9
2020-12-02,Orange,059,3164182,92311,81046,2832,83878,1569
2020-12-02,Placer,061,380077,9046,6941,196,7137,73
2020-12-02,Plumas,063,18699,272,218,0,218,0
2020-12-02,Riverside,065,2383286,107339,90089,2690,92779,1451
2020-12-02,Sacramento,067,1510023,43710,39334,175,39509,597
2020-12-02,San Benito,069,59416,2170,1921,15,1936,16
2020-12-02,San Bernardino,071,2135413,115360,98567,2276,100843,1240
2020-12-02,San Diego,073,3302833,95161,84640,3748,88388,1035
2020-12-02,San Francisco,075,870044,17221,16058,123,16181,157
2020-12-02,San Joaquin,077,732212,30223,26740,627,27367,519
2020-12-02,San Luis Obispo,079,281455,7216,6324,118,6442,42
2020-12-02,San Mateo,081,765935,16513,14757,18,14775,170
2020-12-02,Santa Barbara,083,443738,12536,11705,231,11936,140
2020-12-02,Santa Clara,085,1922200,42689,35878,116,35994,458
2020-12-02,Santa Cruz,087,273765,5549,4766,80,4846,27
2020-12-02,Shasta,089,179085,6230,5188,305,5493,47
2020-12-02,Sierra,091,2930,19,17,0,17,0
2020-12-02,Siskiyou,093,43540,755,624,47,671,1
2020-12-02,Solano,095,438530,11977,10701,89,10790,87
2020-12-02,Sonoma,097,501317,13790,12635,82,12717,163
2020-12-02,Stanislaus,099,539301,24635,22615,1663,24278,448
2020-12-02,Sutter,101,95872,4272,3604,12,3616,18
2020-12-02,Tehama,103,63373,2044,1800,78,1878,9
2020-12-02,Trinity,105,12862,313,165,35,200,0
2020-12-02,Tulare,107,460477,23976,21789,1836,23625,321
2020-12-02,Tuolumne,109,53932,1315,1076,10,1086,7
2020-12-02,Ventura,111,848112,24066,21208,742,21950,186
2020-12-02,Yolo,113,214977,5718,5053,19,5072,87
2020-12-02,Yuba,115,75493,2433,2119,15,2134,10
2020-12-01,Alameda,001,1643700,33787,30252,419,30671,460
2020-12-01,Alpine,002,1148,56,41,0,41,0
2020-12-01,Amador,005,37829,913,575,2,577,16
2020-12-01,Butte,007,227075,4641,4177,294,4471,65
2020-12-01,Calaveras,009,45235,600,544,0,544,21
2020-12-01,Colusa,011,21464,885,747,15,762,6
2020-12-01,Contra Costa,013,1133247,27028,24788,187,24975,264
2020-12-01,Del Norte,015,27424,427,357,0,357,2
2020-12-01,El Dorado,017,186661,3384,2542,61,2603,4
2020-12-01,Fresno,019,978130,46024,39004,1761,40765,505
2020-12-01,Glenn,021,27897,1108,989,62,1051,7
2020-12-01,Humboldt,023,135768,1083,886,4,890,9
2020-12-01,Imperial,025,180216,17316,16278,151,16429,356
2020-12-01,Inyo,027,18085,351,304,6,310,15
2020-12-01,Kern,029,883053,44733,41345,1741,43086,478
2020-12-01,Kings,031,150075,12248,11415,230,11645,86
2020-12-01,Lake,033,64148,1145,969,0,969,19
2020-12-01,Lassen,035,31185,2528,2047,8,2055,0
2020-12-01,Los Angeles,037,10098052,442607,403266,7327,410593,7704
2020-12-01,Madera,039,155013,7172,6270,189,6459,57
2020-12-01,Marin,041,260295,8082,7787,38,7825,136
2020-12-01,Mariposa,043,17540,158,128,2,130,2
2020-12-01,Mendocino,045,87422,1676,1497,10,1507,23
2020-12-01,Merced,047,269075,13026,12032,141,12173,172
2020-12-01,Modoc,049,8938,141,113,23,136,0
2020-12-01,Mono,051,14174,605,520,11,531,3
2020-12-01,Monterey,053,433212,17227,15835,293,16128,121
2020-12-01,Napa,055,140530,3729,3124,18,3142,19
2020-12-01,Nevada,057,99092,1749,1411,45,1456,9
2020-12-01,Orange,059,3164182,90207,79468,2743,82211,1567
2020-12-01,Placer,061,380077,8721,6794,189,6983,72
2020-12-01,Plumas,063,18699,260,201,0,201,0
2020-12-01,Riverside,065,2383286,104529,88530,2530,91060,1448
2020-12-01,Sacramento,067,1510023,42663,38966,172,39138,589
2020-12-01,San Benito,069,59416,2115,1888,15,1903,15
2020-12-01,San Bernardino,071,2135413,111891,95854,2154,98008,1220
2020-12-01,San Diego,073,3302833,92904,83423,3638,87061,1019
2020-12-01,San Francisco,075,870044,16939,15797,120,15917,157
2020-12-01,San Joaquin,077,732212,29422,26432,605,27037,514
2020-12-01,San Luis Obispo,079,281455,7074,6264,113,6377,40
2020-12-01,San Mateo,081,765935,16188,14495,18,14513,170
2020-12-01,Santa Barbara,083,443738,12397,11611,221,11832,140
2020-12-01,Santa Clara,085,1922200,41433,35397,110,35507,452
2020-12-01,Santa Cruz,087,273765,5391,4638,72,4710,27
2020-12-01,Shasta,089,179085,6105,5077,286,5363,47
2020-12-01,Sierra,091,2930,19,17,0,17,0
2020-12-01,Siskiyou,093,43540,741,608,43,651,1
2020-12-01,Solano,095,438530,11716,10604,84,10688,87
2020-12-01,Sonoma,097,501317,13586,12491,79,12570,163
2020-12-01,Stanislaus,099,539301,24174,22351,1605,23956,447
2020-12-01,Sutter,101,95872,4130,3538,12,3550,17
2020-12-01,Tehama,103,63373,1978,1773,68,1841,9
2020-12-01,Trinity,105,12862,299,165,29,194,0
2020-12-01,Tulare,107,460477,23520,21645,1768,23413,319
2020-12-01,Tuolumne,109,53932,1279,1052,8,1060,7
2020-12-01,Ventura,111,848112,23452,20604,720,21324,186
2020-12-01,Yolo,113,214977,5579,4928,19,4947,86
2020-12-01,Yuba,115,75493,2369,2088,14,2102,10
2020-11-30,Alameda,001,1643700,32967,29972,402,30374,457
2020-11-30,Alpine,002,1148,54,41,0,41,0
2020-11-30,Amador,005,37829,872,559,2,561,16
2020-11-30,Butte,007,227075,4523,4148,278,4426,65
2020-11-30,Calaveras,009,45235,579,478,0,478,21
2020-11-30,Colusa,011,21464,858,737,12,749,6
2020-11-30,Contra Costa,013,1133247,26444,24365,183,24548,264
2020-11-30,Del Norte,015,27424,401,339,0,339,2
2020-11-30,El Dorado,017,186661,3210,2488,55,2543,4
2020-11-30,Fresno,019,978130,44912,38712,1652,40364,500
2020-11-30,Glenn,021,27897,1085,954,57,1011,5
2020-11-30,Humboldt,023,135768,1036,870,4,874,9
2020-11-30,Imperial,025,180216,17059,16212,130,16342,356
2020-11-30,Inyo,027,18085,345,304,5,309,15
2020-11-30,Kern,029,883053,43974,40941,1609,42550,473
2020-11-30,Kings,031,150075,12100,11346,215,11561,85
2020-11-30,Lake,033,64148,1111,939,0,939,18
2020-11-30,Lassen,035,31185,2436,1793,8,1801,0
2020-11-30,Los Angeles,037,10098052,431926,396202,7004,403206,7658
2020-11-30,Madera,039,155013,7007,6210,175,6385,57
2020-11-30,Marin,041,260295,8037,7764,37,7801,136
2020-11-30,Mariposa,043,17540,151,123,2,125,2
2020-11-30,Mendocino,045,87422,1648,1482,10,1492,23
2020-11-30,Merced,047,269075,12751,11913,130,12043,172
2020-11-30,Modoc,049,8938,131,113,23,136,0
2020-11-30,Mono,051,14174,583,519,11,530,3
2020-11-30,Monterey,053,433212,16797,15837,285,16122,119
2020-11-30,Napa,055,140530,3630,3091,18,3109,18
2020-11-30,Nevada,057,99092,1663,1347,42,1389,9
2020-11-30,Orange,059,3164182,88092,78711,2647,81358,1568
2020-11-30,Placer,061,380077,8424,6575,176,6751,72
2020-11-30,Plumas,063,18699,249,192,0,192,0
2020-11-30,Riverside,065,2383286,101539,87722,2385,90107,1446
2020-11-30,Sacramento,067,1510023,41581,37834,163,37997,586
2020-11-30,San Benito,069,59416,2068,1875,14,1889,15
2020-11-30,San Bernardino,071,2135413,108160,92704,2042,94746,1220
2020-11-30,San Diego,073,3302833,90541,82045,3511,85556,997
2020-11-30,San Francisco,075,870044,16641,15638,116,15754,157
2020-11-30,San Joaquin,077,732212,28717,25742,579,26321,509
2020-11-30,San Luis Obispo,079,281455,6940,6224,111,6335,36
2020-11-30,San Mateo,081,765935,15829,14276,18,14294,170
2020-11-30,Santa Barbara,083,443738,12218,11572,213,11785,140
2020-11-30,Santa Clara,085,1922200,40219,35019,109,35128,451
2020-11-30,Santa Cruz,087,273765,5252,4558,69,4627,26
2020-11-30,Shasta,089,179085,5960,4933,258,5191,44
2020-11-30,Sierra,091,2930,19,16,0,16,0
2020-11-30,Siskiyou,093,43540,732,605,39,644,1
2020-11-30,Solano,095,438530,11453,10392,79,10471,87
2020-11-30,Sonoma,097,501317,13339,12232,75,12307,163
2020-11-30,Stanislaus,099,539301,23711,22110,1563,23673,446
2020-11-30,Sutter,101,95872,3974,3430,12,3442,16
2020-11-30,Tehama,103,63373,1929,1724,61,1785,9
2020-11-30,Trinity,105,12862,292,162,29,191,0
2020-11-30,Tulare,107,460477,23131,20833,1675,22508,319
2020-11-30,Tuolumne,109,53932,1235,1027,8,1035,7
2020-11-30,Ventura,111,848112,22698,20308,704,21012,180
2020-11-30,Yolo,113,214977,5462,4894,19,4913,81
2020-11-30,Yuba,115,75493,2310,2028,12,2040,10
2020-11-29,Alameda,001,1643700,32178,29918,380,30298,457
2020-11-29,Alpine,002,1148,51,41,0,41,0
2020-11-29,Amador,005,37829,721,548,2,550,16
2020-11-29,Butte,007,227075,4423,4008,262,4270,65
2020-11-29,Calaveras,009,45235,548,478,0,478,21
2020-11-29,Colusa,011,21464,829,723,8,731,6
2020-11-29,Contra Costa,013,1133247,25937,24165,177,24342,264
2020-11-29,Del Norte,015,27424,395,339,0,339,2
2020-11-29,El Dorado,017,186661,3079,2447,53,2500,4
2020-11-29,Fresno,019,978130,43958,38568,1580,40148,500
2020-11-29,Glenn,021,27897,1062,951,55,1006,4
2020-11-29,Humboldt,023,135768,1007,856,4,860,9
2020-11-29,Imperial,025,180216,16826,16138,105,16243,356
2020-11-29,Inyo,027,18085,328,289,5,294,15
2020-11-29,Kern,029,883053,43211,40596,1460,42056,473
2020-11-29,Kings,031,150075,11949,11247,197,11444,85
2020-11-29,Lake,033,64148,1087,927,0,927,18
2020-11-29,Lassen,035,31185,2333,1793,8,1801,0
2020-11-29,Los Angeles,037,10098052,421515,391162,6714,397876,7642
2020-11-29,Madera,039,155013,6864,6184,169,6353,57
2020-11-29,Marin,041,260295,7971,7739,34,7773,135
2020-11-29,Mariposa,043,17540,147,123,2,125,2
2020-11-29,Mendocino,045,87422,1614,1473,10,1483,23
2020-11-29,Merced,047,269075,12511,11773,122,11895,172
2020-11-29,Modoc,049,8938,127,105,21,126,0
2020-11-29,Mono,051,14174,560,515,10,525,3
2020-11-29,Monterey,053,433212,16484,15621,278,15899,119
2020-11-29,Napa,055,140530,3525,3090,17,3107,18
2020-11-29,Nevada,057,99092,1583,1311,40,1351,9
2020-11-29,Orange,059,3164182,86069,78057,2601,80658,1567
2020-11-29,Placer,061,380077,8126,6535,164,6699,72
2020-11-29,Plumas,063,18699,244,191,0,191,0
2020-11-29,Riverside,065,2383286,99147,87383,2233,89616,1442
2020-11-29,Sacramento,067,1510023,40503,37415,154,37569,585
2020-11-29,San Benito,069,59416,2024,1860,14,1874,15
2020-11-29,San Bernardino,071,2135413,104809,92052,1939,93991,1223
2020-11-29,San Diego,073,3302833,88130,81086,3358,84444,997
2020-11-29,San Francisco,075,870044,16359,15571,111,15682,153
2020-11-29,San Joaquin,077,732212,27968,25740,573,26313,509
2020-11-29,San Luis Obispo,079,281455,6817,6145,111,6256,36
2020-11-29,San Mateo,081,765935,15497,14177,18,14195,169
2020-11-29,Santa Barbara,083,443738,12064,11520,209,11729,140
2020-11-29,Santa Clara,085,1922200,39007,34234,103,34337,451
2020-11-29,Santa Cruz,087,273765,5092,4490,67,4557,26
2020-11-29,Shasta,089,179085,5788,4935,230,5165,43
2020-11-29,Sierra,091,2930,19,16,0,16,0
2020-11-29,Siskiyou,093,43540,709,590,37,627,1
2020-11-29,Solano,095,438530,11220,10393,75,10468,87
2020-11-29,Sonoma,097,501317,13086,12052,71,12123,163
2020-11-29,Stanislaus,099,539301,23215,21701,1529,23230,446
2020-11-29,Sutter,101,95872,3858,3297,12,3309,16
2020-11-29,Tehama,103,63373,1878,1710,47,1757,9
2020-11-29,Trinity,105,12862,289,159,27,186,0
2020-11-29,Tulare,107,460477,22762,20793,1600,22393,319
2020-11-29,Tuolumne,109,53932,1198,988,8,996,7
2020-11-29,Ventura,111,848112,22014,19952,692,20644,179
2020-11-29,Yolo,113,214977,5325,4830,18,4848,80
2020-11-29,Yuba,115,75493,2254,1959,12,1971,10
2020-11-28,Alameda,001,1643700,31868,29368,375,29743,456
2020-11-28,Alpine,002,1148,51,41,0,41,0
2020-11-28,Amador,005,37829,644,536,2,538,16
2020-11-28,Butte,007,227075,4365,3894,258,4152,65
2020-11-28,Calaveras,009,45235,542,478,0,478,21
2020-11-28,Colusa,011,21464,820,711,6,717,6
2020-11-28,Contra Costa,013,1133247,25604,23798,173,23971,264
2020-11-28,Del Norte,015,27424,385,328,0,328,2
2020-11-28,El Dorado,017,186661,3011,2415,47,2462,4
2020-11-28,Fresno,019,978130,43611,38288,1542,39830,500
2020-11-28,Glenn,021,27897,1051,925,51,976,4
2020-11-28,Humboldt,023,135768,972,844,4,848,9
2020-11-28,Imperial,025,180216,16757,16019,103,16122,356
2020-11-28,Inyo,027,18085,320,289,5,294,15
2020-11-28,Kern,029,883053,42848,40255,1372,41627,473
2020-11-28,Kings,031,150075,11884,11070,190,11260,85
2020-11-28,Lake,033,64148,1071,920,0,920,18
2020-11-28,Lassen,035,31185,2266,1714,8,1722,0
2020-11-28,Los Angeles,037,10098052,416595,386194,6557,392751,7625
2020-11-28,Madera,039,155013,6761,6119,162,6281,57
2020-11-28,Marin,041,260295,7941,7696,30,7726,135
2020-11-28,Mariposa,043,17540,144,120,2,122,2
2020-11-28,Mendocino,045,87422,1583,1458,10,1468,22
2020-11-28,Merced,047,269075,12411,11688,115,11803,172
2020-11-28,Modoc,049,8938,124,103,21,124,0
2020-11-28,Mono,051,14174,554,505,10,515,3
2020-11-28,Monterey,053,433212,16318,15328,274,15602,118
2020-11-28,Napa,055,140530,3474,3033,17,3050,18
2020-11-28,Nevada,057,99092,1554,1272,38,1310,9
2020-11-28,Orange,059,3164182,84969,76882,2554,79436,1568
2020-11-28,Placer,061,380077,7966,6497,161,6658,70
2020-11-28,Plumas,063,18699,237,188,0,188,0
2020-11-28,Riverside,065,2383286,97739,86854,2132,88986,1440
2020-11-28,Sacramento,067,1510023,39926,36905,150,37055,580
2020-11-28,San Benito,069,59416,1979,1835,14,1849,15
2020-11-28,San Bernardino,071,2135413,103408,91183,1837,93020,1224
2020-11-28,San Diego,073,3302833,86876,80020,3274,83294,997
2020-11-28,San Francisco,075,870044,16184,15450,104,15554,153
2020-11-28,San Joaquin,077,732212,27767,25742,558,26300,509
2020-11-28,San Luis Obispo,079,281455,6747,6106,107,6213,36
2020-11-28,San Mateo,081,765935,15307,14040,18,14058,169
2020-11-28,Santa Barbara,083,443738,11962,11481,204,11685,140
2020-11-28,Santa Clara,085,1922200,38256,33701,101,33802,449
2020-11-28,Santa Cruz,087,273765,5016,4426,67,4493,26
2020-11-28,Shasta,089,179085,5711,4882,223,5105,43
2020-11-28,Sierra,091,2930,19,16,0,16,0
2020-11-28,Siskiyou,093,43540,699,558,34,592,1
2020-11-28,Solano,095,438530,11098,10252,73,10325,87
2020-11-28,Sonoma,097,501317,12983,12008,62,12070,162
2020-11-28,Stanislaus,099,539301,22976,21574,1495,23069,446
2020-11-28,Sutter,101,95872,3774,3244,12,3256,15
2020-11-28,Tehama,103,63373,1859,1678,43,1721,9
2020-11-28,Trinity,105,12862,286,157,25,182,0
2020-11-28,Tulare,107,460477,22565,20701,1558,22259,319
2020-11-28,Tuolumne,109,53932,1176,976,8,984,7
2020-11-28,Ventura,111,848112,21716,19510,682,20192,179
2020-11-28,Yolo,113,214977,5248,4739,16,4755,80
2020-11-28,Yuba,115,75493,2199,1912,12,1924,10
2020-11-27,Alameda,001,1643700,31424,29064,365,29429,450
2020-11-27,Alpine,002,1148,51,41,0,41,0
2020-11-27,Amador,005,37829,597,498,1,499,16
2020-11-27,Butte,007,227075,4324,3894,252,4146,65
2020-11-27,Calaveras,009,45235,533,478,0,478,21
2020-11-27,Colusa,011,21464,803,694,4,698,6
2020-11-27,Contra Costa,013,1133247,25343,23463,167,23630,264
2020-11-27,Del Norte,015,27424,379,307,0,307,2
2020-11-27,El Dorado,017,186661,2940,2238,44,2282,4
2020-11-27,Fresno,019,978130,43206,37994,1486,39480,500
2020-11-27,Glenn,021,27897,1038,891,46,937,4
2020-11-27,Humboldt,023,135768,953,795,3,798,9
2020-11-27,Imperial,025,180216,16689,15960,95,16055,356
2020-11-27,Inyo,027,18085,314,289,5,294,15
2020-11-27,Kern,029,883053,42425,39707,1302,41009,473
2020-11-27,Kings,031,150075,11799,10667,172,10839,85
2020-11-27,Lake,033,64148,1035,909,0,909,18
2020-11-27,Lassen,035,31185,2254,1714,8,1722,0
2020-11-27,Los Angeles,037,10098052,410071,382740,6411,389151,7606
2020-11-27,Madera,039,155013,6689,6050,157,6207,57
2020-11-27,Marin,041,260295,7899,7660,30,7690,135
2020-11-27,Mariposa,043,17540,142,118,2,120,2
2020-11-27,Mendocino,045,87422,1569,1387,9,1396,22
2020-11-27,Merced,047,269075,12305,11550,108,11658,172
2020-11-27,Modoc,049,8938,123,100,21,121,0
2020-11-27,Mono,051,14174,550,498,10,508,3
2020-11-27,Monterey,053,433212,16150,14753,274,15027,113
2020-11-27,Napa,055,140530,3434,2988,17,3005,18
2020-11-27,Nevada,057,99092,1524,1184,36,1220,9
2020-11-27,Orange,059,3164182,83681,75151,2515,77666,1568
2020-11-27,Placer,061,380077,7807,6283,151,6434,68
2020-11-27,Plumas,063,18699,234,188,0,188,0
2020-11-27,Riverside,065,2383286,96129,85769,1980,87749,1440
2020-11-27,Sacramento,067,1510023,39305,36579,146,36725,579
2020-11-27,San Benito,069,59416,1945,1805,13,1818,15
2020-11-27,San Bernardino,071,2135413,101889,90254,1756,92010,1224
2020-11-27,San Diego,073,3302833,85682,78161,3185,81346,996
2020-11-27,San Francisco,075,870044,16029,15377,102,15479,153
2020-11-27,San Joaquin,077,732212,27543,25741,538,26279,509
2020-11-27,San Luis Obispo,079,281455,6664,6039,104,6143,36
2020-11-27,San Mateo,081,765935,15105,13872,17,13889,169
2020-11-27,Santa Barbara,083,443738,11869,11340,201,11541,140
2020-11-27,Santa Clara,085,1922200,37581,32935,94,33029,449
2020-11-27,Santa Cruz,087,273765,4945,4358,65,4423,26
2020-11-27,Shasta,089,179085,5634,4710,210,4920,43
2020-11-27,Sierra,091,2930,18,16,0,16,0
2020-11-27,Siskiyou,093,43540,684,554,31,585,1
2020-11-27,Solano,095,438530,10979,10044,70,10114,87
2020-11-27,Sonoma,097,501317,12850,11924,60,11984,162
2020-11-27,Stanislaus,099,539301,22747,21185,1466,22651,446
2020-11-27,Sutter,101,95872,3706,3101,12,3113,15
2020-11-27,Tehama,103,63373,1833,1649,39,1688,9
2020-11-27,Trinity,105,12862,282,151,25,176,0
2020-11-27,Tulare,107,460477,22375,20634,1501,22135,319
2020-11-27,Tuolumne,109,53932,1144,881,8,889,7
2020-11-27,Ventura,111,848112,21392,19379,660,20039,179
2020-11-27,Yolo,113,214977,5197,4737,16,4753,79
2020-11-27,Yuba,115,75493,2170,1864,11,1875,10
2020-11-26,Alameda,001,1643700,31009,28797,347,29144,447
2020-11-26,Alpine,002,1148,51,41,0,41,0
2020-11-26,Amador,005,37829,589,488,1,489,16
2020-11-26,Butte,007,227075,4261,3894,246,4140,65
2020-11-26,Calaveras,009,45235,506,478,0,478,21
2020-11-26,Colusa,011,21464,789,694,4,698,6
2020-11-26,Contra Costa,013,1133247,25010,23468,161,23629,264
2020-11-26,Del Norte,015,27424,368,307,0,307,2
2020-11-26,El Dorado,017,186661,2859,2217,42,2259,4
2020-11-26,Fresno,019,978130,42801,37724,1441,39165,500
2020-11-26,Glenn,021,27897,1022,892,44,936,4
2020-11-26,Humboldt,023,135768,930,795,2,797,9
2020-11-26,Imperial,025,180216,16574,15722,92,15814,355
2020-11-26,Inyo,027,18085,312,289,5,294,15
2020-11-26,Kern,029,883053,41975,39123,1242,40365,471
2020-11-26,Kings,031,150075,11744,10475,160,10635,85
2020-11-26,Lake,033,64148,1022,890,0,890,18
2020-11-26,Lassen,035,31185,2239,1714,8,1722,0
2020-11-26,Los Angeles,037,10098052,404906,378340,6179,384519,7581
2020-11-26,Madera,039,155013,6610,6003,152,6155,57
2020-11-26,Marin,041,260295,7861,7610,30,7640,135
2020-11-26,Mariposa,043,17540,137,116,2,118,2
2020-11-26,Mendocino,045,87422,1555,1387,7,1394,22
2020-11-26,Merced,047,269075,12157,11440,106,11546,172
2020-11-26,Modoc,049,8938,121,100,21,121,0
2020-11-26,Mono,051,14174,542,485,10,495,2
2020-11-26,Monterey,053,433212,15914,14750,266,15016,113
2020-11-26,Napa,055,140530,3370,2988,17,3005,18
2020-11-26,Nevada,057,99092,1479,1184,36,1220,9
2020-11-26,Orange,059,3164182,82290,74264,2455,76719,1563
2020-11-26,Placer,061,380077,7643,6278,142,6420,68
2020-11-26,Plumas,063,18699,226,188,0,188,0
2020-11-26,Riverside,065,2383286,94527,85774,1856,87630,1440
2020-11-26,Sacramento,067,1510023,38662,35854,138,35992,580
2020-11-26,San Benito,069,59416,1918,1769,13,1782,15
2020-11-26,San Bernardino,071,2135413,100236,89727,1663,91390,1223
2020-11-26,San Diego,073,3302833,84072,76359,3081,79440,996
2020-11-26,San Francisco,075,870044,15894,15156,98,15254,153
2020-11-26,San Joaquin,077,732212,27287,25738,526,26264,509
2020-11-26,San Luis Obispo,079,281455,6571,5964,101,6065,36
2020-11-26,San Mateo,081,765935,14916,13715,16,13731,169
2020-11-26,Santa Barbara,083,443738,11788,11277,200,11477,139
2020-11-26,Santa Clara,085,1922200,36935,32411,87,32498,446
2020-11-26,Santa Cruz,087,273765,4812,4269,59,4328,26
2020-11-26,Shasta,089,179085,5551,4712,198,4910,43
2020-11-26,Sierra,091,2930,18,15,0,15,0
2020-11-26,Siskiyou,093,43540,674,526,31,557,1
2020-11-26,Solano,095,438530,10834,9941,68,10009,87
2020-11-26,Sonoma,097,501317,12702,11922,58,11980,162
2020-11-26,Stanislaus,099,539301,22515,21186,1426,22612,445
2020-11-26,Sutter,101,95872,3612,3101,11,3112,15
2020-11-26,Tehama,103,63373,1793,1612,36,1648,9
2020-11-26,Trinity,105,12862,278,139,25,164,0
2020-11-26,Tulare,107,460477,22135,20649,1440,22089,319
2020-11-26,Tuolumne,109,53932,1116,871,8,879,7
2020-11-26,Ventura,111,848112,20895,19058,646,19704,179
2020-11-26,Yolo,113,214977,5110,4566,16,4582,76
2020-11-26,Yuba,115,75493,2110,1865,9,1874,10
2020-11-25,Alameda,001,1643700,30794,28378,339,28717,447
2020-11-25,Alpine,002,1148,51,41,0,41,0
2020-11-25,Amador,005,37829,579,484,1,485,16
2020-11-25,Butte,007,227075,4230,3848,243,4091,64
2020-11-25,Calaveras,009,45235,503,475,0,475,21
2020-11-25,Colusa,011,21464,772,693,4,697,6
2020-11-25,Contra Costa,013,1133247,24854,23307,160,23467,263
2020-11-25,Del Norte,015,27424,367,304,0,304,2
2020-11-25,El Dorado,017,186661,2823,2154,42,2196,4
2020-11-25,Fresno,019,978130,42568,37349,1419,38768,494
2020-11-25,Glenn,021,27897,1005,891,42,933,4
2020-11-25,Humboldt,023,135768,922,777,2,779,9
2020-11-25,Imperial,025,180216,16502,15640,91,15731,355
2020-11-25,Inyo,027,18085,310,289,5,294,15
2020-11-25,Kern,029,883053,41819,38878,1225,40103,467
2020-11-25,Kings,031,150075,11709,10417,156,10573,85
2020-11-25,Lake,033,64148,1005,878,0,878,18
2020-11-25,Lassen,035,31185,2196,1701,8,1709,0
2020-11-25,Los Angeles,037,10098052,401878,373919,6079,379998,7545
2020-11-25,Madera,039,155013,6587,5989,149,6138,57
2020-11-25,Marin,041,260295,7832,7601,29,7630,135
2020-11-25,Mariposa,043,17540,136,114,2,116,2
2020-11-25,Mendocino,045,87422,1536,1373,7,1380,22
2020-11-25,Merced,047,269075,12101,11346,106,11452,172
2020-11-25,Modoc,049,8938,121,96,21,117,0
2020-11-25,Mono,051,14174,537,487,10,497,2
2020-11-25,Monterey,053,433212,15799,14695,264,14959,113
2020-11-25,Napa,055,140530,3337,2945,17,2962,17
2020-11-25,Nevada,057,99092,1461,1170,34,1204,9
2020-11-25,Orange,059,3164182,81534,73014,2435,75449,1551
2020-11-25,Placer,061,380077,7567,6221,141,6362,68
2020-11-25,Plumas,063,18699,221,183,0,183,0
2020-11-25,Riverside,065,2383286,93982,85077,1838,86915,1438
2020-11-25,Sacramento,067,1510023,38325,35687,135,35822,574
2020-11-25,San Benito,069,59416,1895,1764,13,1777,15
2020-11-25,San Bernardino,071,2135413,99394,88469,1634,90103,1225
2020-11-25,San Diego,073,3302833,83415,75307,3045,78352,988
2020-11-25,San Francisco,075,870044,15787,15053,96,15149,153
2020-11-25,San Joaquin,077,732212,27159,25556,514,26070,515
2020-11-25,San Luis Obispo,079,281455,6528,5913,101,6014,34
2020-11-25,San Mateo,081,765935,14801,13614,16,13630,170
2020-11-25,Santa Barbara,083,443738,11738,11183,200,11383,138
2020-11-25,Santa Clara,085,1922200,36486,32032,86,32118,442
2020-11-25,Santa Cruz,087,273765,4759,4202,58,4260,25
2020-11-25,Shasta,089,179085,5505,4588,191,4779,43
2020-11-25,Sierra,091,2930,18,15,0,15,0
2020-11-25,Siskiyou,093,43540,667,499,31,530,1
2020-11-25,Solano,095,438530,10729,9832,67,9899,87
2020-11-25,Sonoma,097,501317,12640,11775,57,11832,162
2020-11-25,Stanislaus,099,539301,22383,21022,1399,22421,445
2020-11-25,Sutter,101,95872,3568,3064,11,3075,14
2020-11-25,Tehama,103,63373,1780,1587,30,1617,9
2020-11-25,Trinity,105,12862,276,135,25,160,0
2020-11-25,Tulare,107,460477,22044,20528,1410,21938,318
2020-11-25,Tuolumne,109,53932,1099,842,8,850,7
2020-11-25,Ventura,111,848112,20800,18914,640,19554,179
2020-11-25,Yolo,113,214977,5073,4527,16,4543,76
2020-11-25,Yuba,115,75493,2084,1840,9,1849,10
2020-11-24,Alameda,001,1643700,30318,28030,328,28358,444
2020-11-24,Alpine,002,1148,51,41,0,41,0
2020-11-24,Amador,005,37829,554,470,1,471,16
2020-11-24,Butte,007,227075,4144,3798,235,4033,63
2020-11-24,Calaveras,009,45235,497,466,0,466,21
2020-11-24,Colusa,011,21464,754,682,4,686,6
2020-11-24,Contra Costa,013,1133247,24501,23072,154,23226,259
2020-11-24,Del Norte,015,27424,358,298,0,298,2
2020-11-24,El Dorado,017,186661,2718,2005,41,2046,4
2020-11-24,Fresno,019,978130,42165,37021,1344,38365,493
2020-11-24,Glenn,021,27897,987,883,38,921,4
2020-11-24,Humboldt,023,135768,903,774,2,776,9
2020-11-24,Imperial,025,180216,16398,15600,86,15686,355
2020-11-24,Inyo,027,18085,309,282,5,287,15
2020-11-24,Kern,029,883053,41345,38551,1149,39700,465
2020-11-24,Kings,031,150075,11442,10338,143,10481,85
2020-11-24,Lake,033,64148,988,872,0,872,18
2020-11-24,Lassen,035,31185,2173,1657,8,1665,0
2020-11-24,Los Angeles,037,10098052,395567,370008,5848,375856,7501
2020-11-24,Madera,039,155013,6504,5881,142,6023,57
2020-11-24,Marin,041,260295,7785,7591,29,7620,135
2020-11-24,Mariposa,043,17540,126,114,1,115,2
2020-11-24,Mendocino,045,87422,1514,1346,6,1352,22
2020-11-24,Merced,047,269075,11913,11268,100,11368,171
2020-11-24,Modoc,049,8938,117,91,21,112,0
2020-11-24,Mono,051,14174,533,483,10,493,2
2020-11-24,Monterey,053,433212,15537,14354,255,14609,113
2020-11-24,Napa,055,140530,3270,2904,17,2921,17
2020-11-24,Nevada,057,99092,1397,1156,32,1188,9
2020-11-24,Orange,059,3164182,80093,71975,2358,74333,1547
2020-11-24,Placer,061,380077,7387,6147,134,6281,67
2020-11-24,Plumas,063,18699,218,180,0,180,0
2020-11-24,Riverside,065,2383286,92223,83685,1712,85397,1420
2020-11-24,Sacramento,067,1510023,37645,35097,128,35225,568
2020-11-24,San Benito,069,59416,1864,1740,12,1752,15
2020-11-24,San Bernardino,071,2135413,97055,86645,1533,88178,1226
2020-11-24,San Diego,073,3302833,82005,74363,2974,77337,984
2020-11-24,San Francisco,075,870044,15592,14874,92,14966,153
2020-11-24,San Joaquin,077,732212,26846,25318,487,25805,517
2020-11-24,San Luis Obispo,079,281455,6465,5805,100,5905,34
2020-11-24,San Mateo,081,765935,14592,13558,15,13573,170
2020-11-24,Santa Barbara,083,443738,11632,11154,199,11353,138
2020-11-24,Santa Clara,085,1922200,35698,31564,82,31646,438
2020-11-24,Santa Cruz,087,273765,4646,4132,57,4189,25
2020-11-24,Shasta,089,179085,5405,4410,172,4582,43
2020-11-24,Sierra,091,2930,18,15,0,15,0
2020-11-24,Siskiyou,093,43540,649,473,28,501,1
2020-11-24,Solano,095,438530,10557,9716,66,9782,86
2020-11-24,Sonoma,097,501317,12461,11644,54,11698,162
2020-11-24,Stanislaus,099,539301,22141,20830,1356,22186,438
2020-11-24,Sutter,101,95872,3462,2974,11,2985,14
2020-11-24,Tehama,103,63373,1736,1565,25,1590,9
2020-11-24,Trinity,105,12862,269,129,24,153,0
2020-11-24,Tulare,107,460477,21794,20319,1349,21668,315
2020-11-24,Tuolumne,109,53932,1070,832,8,840,7
2020-11-24,Ventura,111,848112,20419,18637,630,19267,179
2020-11-24,Yolo,113,214977,4987,4420,16,4436,76
2020-11-24,Yuba,115,75493,2033,1804,7,1811,10
2020-11-23,Alameda,001,1643700,29901,27718,316,28034,444
2020-11-23,Alpine,002,1148,49,41,0,41,0
2020-11-23,Amador,005,37829,513,457,1,458,16
2020-11-23,Butte,007,227075,4080,3765,229,3994,61
2020-11-23,Calaveras,009,45235,481,434,0,434,21
2020-11-23,Colusa,011,21464,740,662,4,666,6
2020-11-23,Contra Costa,013,1133247,24233,22674,149,22823,260
2020-11-23,Del Norte,015,27424,336,296,0,296,2
2020-11-23,El Dorado,017,186661,2598,2005,40,2045,4
2020-11-23,Fresno,019,978130,41717,36688,1283,37971,488
2020-11-23,Glenn,021,27897,961,853,38,891,4
2020-11-23,Humboldt,023,135768,890,746,2,748,9
2020-11-23,Imperial,025,180216,16235,15104,81,15185,355
2020-11-23,Inyo,027,18085,302,279,5,284,15
2020-11-23,Kern,029,883053,40832,38245,1086,39331,463
2020-11-23,Kings,031,150075,11022,10204,137,10341,85
2020-11-23,Lake,033,64148,965,840,0,840,18
2020-11-23,Lassen,035,31185,2093,1271,7,1278,0
2020-11-23,Los Angeles,037,10098052,389462,366374,5603,371977,7447
2020-11-23,Madera,039,155013,6379,5787,138,5925,56
2020-11-23,Marin,041,260295,7742,7543,29,7572,135
2020-11-23,Mariposa,043,17540,125,97,1,98,2
2020-11-23,Mendocino,045,87422,1484,1330,6,1336,22
2020-11-23,Merced,047,269075,11724,11148,97,11245,169
2020-11-23,Modoc,049,8938,104,91,20,111,0
2020-11-23,Mono,051,14174,520,480,10,490,2
2020-11-23,Monterey,053,433212,15258,14265,249,14514,112
2020-11-23,Napa,055,140530,3203,2811,17,2828,17
2020-11-23,Nevada,057,99092,1308,1087,32,1119,9
2020-11-23,Orange,059,3164182,78687,71074,2314,73388,1546
2020-11-23,Placer,061,380077,7185,5999,133,6132,66
2020-11-23,Plumas,063,18699,214,172,0,172,0
2020-11-23,Riverside,065,2383286,90446,82175,1648,83823,1415
2020-11-23,Sacramento,067,1510023,37074,34141,122,34263,556
2020-11-23,San Benito,069,59416,1836,1729,11,1740,15
2020-11-23,San Bernardino,071,2135413,94947,84387,1469,85856,1224
2020-11-23,San Diego,073,3302833,80542,72817,2886,75703,968
2020-11-23,San Francisco,075,870044,15434,14646,90,14736,153
2020-11-23,San Joaquin,077,732212,26496,24622,483,25105,517
2020-11-23,San Luis Obispo,079,281455,6383,5772,98,5870,34
2020-11-23,San Mateo,081,765935,14402,13364,15,13379,170
2020-11-23,Santa Barbara,083,443738,11525,10944,195,11139,137
2020-11-23,Santa Clara,085,1922200,35044,31064,79,31143,435
2020-11-23,Santa Cruz,087,273765,4536,4003,53,4056,25
2020-11-23,Shasta,089,179085,5287,4100,160,4260,43
2020-11-23,Sierra,091,2930,17,15,0,15,0
2020-11-23,Siskiyou,093,43540,622,460,28,488,0
2020-11-23,Solano,095,438530,10400,9394,63,9457,86
2020-11-23,Sonoma,097,501317,12288,11507,50,11557,160
2020-11-23,Stanislaus,099,539301,21847,20487,1324,21811,436
2020-11-23,Sutter,101,95872,3325,2840,10,2850,14
2020-11-23,Tehama,103,63373,1687,1526,21,1547,9
2020-11-23,Trinity,105,12862,260,120,22,142,0
2020-11-23,Tulare,107,460477,21502,19818,1284,21102,315
2020-11-23,Tuolumne,109,53932,1030,774,8,782,7
2020-11-23,Ventura,111,848112,20044,18480,617,19097,179
2020-11-23,Yolo,113,214977,4906,4265,15,4280,75
2020-11-23,Yuba,115,75493,1966,1702,7,1709,10
2020-11-22,Alameda,001,1643700,29463,27472,305,27777,444
2020-11-22,Alpine,002,1148,46,41,0,41,0
2020-11-22,Amador,005,37829,501,450,1,451,16
2020-11-22,Butte,007,227075,4030,3712,221,3933,61
2020-11-22,Calaveras,009,45235,473,434,0,434,21
2020-11-22,Colusa,011,21464,722,642,3,645,6
2020-11-22,Contra Costa,013,1133247,23928,22407,144,22551,260
2020-11-22,Del Norte,015,27424,312,271,0,271,2
2020-11-22,El Dorado,017,186661,2488,1917,36,1953,4
2020-11-22,Fresno,019,978130,41233,36315,1228,37543,488
2020-11-22,Glenn,021,27897,939,832,34,866,4
2020-11-22,Humboldt,023,135768,874,729,2,731,9
2020-11-22,Imperial,025,180216,16031,15109,36,15145,355
2020-11-22,Inyo,027,18085,295,279,5,284,15
2020-11-22,Kern,029,883053,40253,37904,1053,38957,463
2020-11-22,Kings,031,150075,10923,10035,128,10163,85
2020-11-22,Lake,033,64148,943,834,0,834,18
2020-11-22,Lassen,035,31185,1928,1211,6,1217,0
2020-11-22,Los Angeles,037,10098052,383176,360341,5361,365702,7438
2020-11-22,Madera,039,155013,6297,5745,127,5872,56
2020-11-22,Marin,041,260295,7708,7506,28,7534,135
2020-11-22,Mariposa,043,17540,124,95,1,96,2
2020-11-22,Mendocino,045,87422,1460,1285,5,1290,22
2020-11-22,Merced,047,269075,11575,10939,97,11036,169
2020-11-22,Modoc,049,8938,103,87,19,106,0
2020-11-22,Mono,051,14174,505,481,10,491,2
2020-11-22,Monterey,053,433212,15017,13887,244,14131,111
2020-11-22,Napa,055,140530,3124,2778,17,2795,17
2020-11-22,Nevada,057,99092,1250,1052,32,1084,9
2020-11-22,Orange,059,3164182,77270,69913,2276,72189,1546
2020-11-22,Placer,061,380077,6958,5880,123,6003,66
2020-11-22,Plumas,063,18699,201,172,0,172,0
2020-11-22,Riverside,065,2383286,88847,81565,1589,83154,1409
2020-11-22,Sacramento,067,1510023,36340,33421,109,33530,555
2020-11-22,San Benito,069,59416,1807,1704,11,1715,15
2020-11-22,San Bernardino,071,2135413,92608,83505,1399,84904,1224
2020-11-22,San Diego,073,3302833,78805,71649,2811,74460,968
2020-11-22,San Francisco,075,870044,15264,14515,89,14604,153
2020-11-22,San Joaquin,077,732212,26196,24619,471,25090,517
2020-11-22,San Luis Obispo,079,281455,6276,5664,97,5761,34
2020-11-22,San Mateo,081,765935,14197,13228,15,13243,170
2020-11-22,Santa Barbara,083,443738,11390,10946,190,11136,137
2020-11-22,Santa Clara,085,1922200,34366,30633,77,30710,434
2020-11-22,Santa Cruz,087,273765,4454,3896,46,3942,25
2020-11-22,Shasta,089,179085,5131,4100,142,4242,43
2020-11-22,Sierra,091,2930,17,13,0,13,0
2020-11-22,Siskiyou,093,43540,591,411,28,439,0
2020-11-22,Solano,095,438530,10226,9363,59,9422,86
2020-11-22,Sonoma,097,501317,12130,11415,48,11463,159
2020-11-22,Stanislaus,099,539301,21523,20223,1294,21517,436
2020-11-22,Sutter,101,95872,3208,2677,10,2687,13
2020-11-22,Tehama,103,63373,1650,1457,17,1474,9
2020-11-22,Trinity,105,12862,254,114,22,136,0
2020-11-22,Tulare,107,460477,21248,19818,1218,21036,314
2020-11-22,Tuolumne,109,53932,1003,689,8,697,7
2020-11-22,Ventura,111,848112,19683,18105,604,18709,179
2020-11-22,Yolo,113,214977,4806,4206,15,4221,75
2020-11-22,Yuba,115,75493,1914,1672,7,1679,10
2020-11-21,Alameda,001,1643700,29275,27424,303,27727,444
2020-11-21,Alpine,002,1148,46,41,0,41,0
2020-11-21,Amador,005,37829,487,450,1,451,16
2020-11-21,Butte,007,227075,3982,3664,218,3882,61
2020-11-21,Calaveras,009,45235,465,434,0,434,21
2020-11-21,Colusa,011,21464,713,642,3,645,6
2020-11-21,Contra Costa,013,1133247,23774,22338,142,22480,260
2020-11-21,Del Norte,015,27424,307,271,0,271,2
2020-11-21,El Dorado,017,186661,2439,1900,35,1935,4
2020-11-21,Fresno,019,978130,40979,35973,1193,37166,482
2020-11-21,Glenn,021,27897,934,829,32,861,4
2020-11-21,Humboldt,023,135768,864,728,2,730,9
2020-11-21,Imperial,025,180216,15951,15053,36,15089,355
2020-11-21,Inyo,027,18085,293,283,5,288,15
2020-11-21,Kern,029,883053,39997,37403,1018,38421,463
2020-11-21,Kings,031,150075,10875,10019,124,10143,85
2020-11-21,Lake,033,64148,930,832,0,832,18
2020-11-21,Lassen,035,31185,1861,1211,6,1217,0
2020-11-21,Los Angeles,037,10098052,379990,357754,5222,362976,7428
2020-11-21,Madera,039,155013,6259,5706,127,5833,56
2020-11-21,Marin,041,260295,7685,7488,27,7515,134
2020-11-21,Mariposa,043,17540,124,92,1,93,2
2020-11-21,Mendocino,045,87422,1429,1282,5,1287,22
2020-11-21,Merced,047,269075,11514,10849,96,10945,169
2020-11-21,Modoc,049,8938,99,87,18,105,0
2020-11-21,Mono,051,14174,500,469,10,479,2
2020-11-21,Monterey,053,433212,14919,13886,239,14125,110
2020-11-21,Napa,055,140530,3090,2757,17,2774,17
2020-11-21,Nevada,057,99092,1238,1018,31,1049,9
2020-11-21,Orange,059,3164182,76466,69021,2246,71267,1543
2020-11-21,Placer,061,380077,6843,5778,120,5898,65
2020-11-21,Plumas,063,18699,196,172,0,172,0
2020-11-21,Riverside,065,2383286,88070,80676,1543,82219,1407
2020-11-21,Sacramento,067,1510023,35944,33133,101,33234,548
2020-11-21,San Benito,069,59416,1788,1691,11,1702,15
2020-11-21,San Bernardino,071,2135413,91731,83206,1323,84529,1222
2020-11-21,San Diego,073,3302833,78026,70711,2756,73467,966
2020-11-21,San Francisco,075,870044,15160,14445,88,14533,153
2020-11-21,San Joaquin,077,732212,26063,24620,456,25076,517
2020-11-21,San Luis Obispo,079,281455,6223,5618,94,5712,34
2020-11-21,San Mateo,081,765935,14096,13138,15,13153,170
2020-11-21,Santa Barbara,083,443738,11338,10922,187,11109,137
2020-11-21,Santa Clara,085,1922200,33982,30377,74,30451,433
2020-11-21,Santa Cruz,087,273765,4397,3898,46,3944,25
2020-11-21,Shasta,089,179085,5058,4095,139,4234,42
2020-11-21,Sierra,091,2930,17,13,0,13,0
2020-11-21,Siskiyou,093,43540,575,403,28,431,0
2020-11-21,Solano,095,438530,10136,9290,56,9346,86
2020-11-21,Sonoma,097,501317,12055,11394,47,11441,158
2020-11-21,Stanislaus,099,539301,21380,20111,1270,21381,435
2020-11-21,Sutter,101,95872,3148,2615,9,2624,13
2020-11-21,Tehama,103,63373,1630,1435,16,1451,9
2020-11-21,Trinity,105,12862,251,110,22,132,0
2020-11-21,Tulare,107,460477,21120,19752,1184,20936,313
2020-11-21,Tuolumne,109,53932,984,690,8,698,7
2020-11-21,Ventura,111,848112,19520,18040,594,18634,177
2020-11-21,Yolo,113,214977,4732,4147,14,4161,75
2020-11-21,Yuba,115,75493,1882,1643,7,1650,10
2020-11-20,Alameda,001,1643700,29061,27221,296,27517,444
2020-11-20,Alpine,002,1148,46,20,0,20,0
2020-11-20,Amador,005,37829,483,446,1,447,16
2020-11-20,Butte,007,227075,3950,3618,214,3832,60
2020-11-20,Calaveras,009,45235,455,424,0,424,21
2020-11-20,Colusa,011,21464,705,631,2,633,6
2020-11-20,Contra Costa,013,1133247,23589,22116,138,22254,260
2020-11-20,Del Norte,015,27424,304,264,0,264,2
2020-11-20,El Dorado,017,186661,2342,1868,33,1901,4
2020-11-20,Fresno,019,978130,40685,35635,1164,36799,480
2020-11-20,Glenn,021,27897,922,826,30,856,4
2020-11-20,Humboldt,023,135768,855,714,1,715,9
2020-11-20,Imperial,025,180216,15887,14864,32,14896,353
2020-11-20,Inyo,027,18085,291,262,5,267,15
2020-11-20,Kern,029,883053,39703,37143,993,38136,462
2020-11-20,Kings,031,150075,10827,9903,123,10026,85
2020-11-20,Lake,033,64148,921,820,0,820,18
2020-11-20,Lassen,035,31185,1776,1212,5,1217,0
2020-11-20,Los Angeles,037,10098052,376093,353554,5061,358615,7398
2020-11-20,Madera,039,155013,6165,5635,126,5761,54
2020-11-20,Marin,041,260295,7661,7467,26,7493,134
2020-11-20,Mariposa,043,17540,116,89,1,90,2
2020-11-20,Mendocino,045,87422,1409,1269,5,1274,22
2020-11-20,Merced,047,269075,11429,10729,96,10825,167
2020-11-20,Modoc,049,8938,99,83,18,101,0
2020-11-20,Mono,051,14174,498,469,10,479,2
2020-11-20,Monterey,053,433212,14794,13738,230,13968,110
2020-11-20,Napa,055,140530,3060,2718,17,2735,17
2020-11-20,Nevada,057,99092,1220,990,30,1020,9
2020-11-20,Orange,059,3164182,75630,68212,2209,70421,1532
2020-11-20,Placer,061,380077,6708,5687,105,5792,66
2020-11-20,Plumas,063,18699,194,163,0,163,0
2020-11-20,Riverside,065,2383286,87058,79613,1483,81096,1405
2020-11-20,Sacramento,067,1510023,35568,32832,94,32926,549
2020-11-20,San Benito,069,59416,1776,1668,11,1679,15
2020-11-20,San Bernardino,071,2135413,90361,81203,1241,82444,1220
2020-11-20,San Diego,073,3302833,77028,69233,2674,71907,960
2020-11-20,San Francisco,075,870044,15057,14327,87,14414,153
2020-11-20,San Joaquin,077,732212,25910,24460,443,24903,515
2020-11-20,San Luis Obispo,079,281455,6168,5524,91,5615,34
2020-11-20,San Mateo,081,765935,13963,12980,14,12994,169
2020-11-20,Santa Barbara,083,443738,11282,10825,181,11006,136
2020-11-20,Santa Clara,085,1922200,33561,30002,69,30071,431
2020-11-20,Santa Cruz,087,273765,4332,3815,46,3861,25
2020-11-20,Shasta,089,179085,4985,3861,134,3995,42
2020-11-20,Sierra,091,2930,17,12,0,12,0
2020-11-20,Siskiyou,093,43540,561,387,27,414,0
2020-11-20,Solano,095,438530,10043,9216,54,9270,85
2020-11-20,Sonoma,097,501317,11971,11316,46,11362,158
2020-11-20,Stanislaus,099,539301,21223,19889,1244,21133,433
2020-11-20,Sutter,101,95872,3098,2580,9,2589,13
2020-11-20,Tehama,103,63373,1613,1410,13,1423,9
2020-11-20,Trinity,105,12862,250,102,22,124,0
2020-11-20,Tulare,107,460477,20986,19568,1146,20714,311
2020-11-20,Tuolumne,109,53932,945,662,8,670,7
2020-11-20,Ventura,111,848112,19352,17741,567,18308,175
2020-11-20,Yolo,113,214977,4653,4081,13,4094,74
2020-11-20,Yuba,115,75493,1854,1611,7,1618,10
2020-11-19,Alameda,001,1643700,28715,26971,288,27259,441
2020-11-19,Alpine,002,1148,43,20,0,20,0
2020-11-19,Amador,005,37829,479,436,1,437,16
2020-11-19,Butte,007,227075,3901,3576,207,3783,60
2020-11-19,Calaveras,009,45235,444,417,0,417,21
2020-11-19,Colusa,011,21464,687,621,2,623,6
2020-11-19,Contra Costa,013,1133247,23318,21886,135,22021,259
2020-11-19,Del Norte,015,27424,296,251,0,251,2
2020-11-19,El Dorado,017,186661,2268,1825,29,1854,4
2020-11-19,Fresno,019,978130,40236,35278,1108,36386,478
2020-11-19,Glenn,021,27897,900,806,29,835,4
2020-11-19,Humboldt,023,135768,835,693,1,694,9
2020-11-19,Imperial,025,180216,15677,14507,32,14539,349
2020-11-19,Inyo,027,18085,289,262,5,267,15
2020-11-19,Kern,029,883053,39283,36779,951,37730,459
2020-11-19,Kings,031,150075,10679,9763,116,9879,85
2020-11-19,Lake,033,64148,907,809,0,809,18
2020-11-19,Lassen,035,31185,1659,1201,3,1204,0
2020-11-19,Los Angeles,037,10098052,371066,349493,4898,354391,7365
2020-11-19,Madera,039,155013,6093,5540,118,5658,54
2020-11-19,Marin,041,260295,7630,7451,26,7477,134
2020-11-19,Mariposa,043,17540,109,88,0,88,2
2020-11-19,Mendocino,045,87422,1388,1237,5,1242,23
2020-11-19,Merced,047,269075,11289,10634,90,10724,167
2020-11-19,Modoc,049,8938,96,82,18,100,0
2020-11-19,Mono,051,14174,490,468,10,478,2
2020-11-19,Monterey,053,433212,14580,13369,219,13588,108
2020-11-19,Napa,055,140530,3006,2641,17,2658,17
2020-11-19,Nevada,057,99092,1179,945,29,974,9
2020-11-19,Orange,059,3164182,74365,66998,2167,69165,1530
2020-11-19,Placer,061,380077,6517,5612,104,5716,65
2020-11-19,Plumas,063,18699,189,158,0,158,0
2020-11-19,Riverside,065,2383286,85575,78535,1412,79947,1402
2020-11-19,Sacramento,067,1510023,35054,32367,92,32459,546
2020-11-19,San Benito,069,59416,1753,1643,11,1654,15
2020-11-19,San Bernardino,071,2135413,88462,79244,1163,80407,1215
2020-11-19,San Diego,073,3302833,75778,68142,2570,70712,952
2020-11-19,San Francisco,075,870044,14901,14178,81,14259,153
2020-11-19,San Joaquin,077,732212,25591,24270,433,24703,516
2020-11-19,San Luis Obispo,079,281455,6091,5410,87,5497,34
2020-11-19,San Mateo,081,765935,13825,12714,14,12728,169
2020-11-19,Santa Barbara,083,443738,11202,10741,178,10919,136
2020-11-19,Santa Clara,085,1922200,33007,29630,68,29698,424
2020-11-19,Santa Cruz,087,273765,4240,3679,44,3723,25
2020-11-19,Shasta,089,179085,4847,3685,124,3809,42
2020-11-19,Sierra,091,2930,17,11,0,11,0
2020-11-19,Siskiyou,093,43540,536,360,26,386,0
2020-11-19,Solano,095,438530,9906,9093,50,9143,84
2020-11-19,Sonoma,097,501317,11801,11205,44,11249,156
2020-11-19,Stanislaus,099,539301,20982,19736,1201,20937,433
2020-11-19,Sutter,101,95872,2999,2509,9,2518,13
2020-11-19,Tehama,103,63373,1578,1373,10,1383,9
2020-11-19,Trinity,105,12862,244,97,22,119,0
2020-11-19,Tulare,107,460477,20765,19384,1083,20467,304
2020-11-19,Tuolumne,109,53932,914,602,8,610,7
2020-11-19,Ventura,111,848112,18999,17300,554,17854,174
2020-11-19,Yolo,113,214977,4559,3973,13,3986,72
2020-11-19,Yuba,115,75493,1814,1568,7,1575,10
2020-11-18,Alameda,001,1643700,28451,26610,283,26893,440
2020-11-18,Alpine,002,1148,42,16,0,16,0
2020-11-18,Amador,005,37829,474,430,1,431,16
2020-11-18,Butte,007,227075,3848,3537,194,3731,59
2020-11-18,Calaveras,009,45235,438,409,0,409,21
2020-11-18,Colusa,011,21464,674,611,2,613,6
2020-11-18,Contra Costa,013,1133247,23054,21685,132,21817,258
2020-11-18,Del Norte,015,27424,284,240,0,240,2
2020-11-18,El Dorado,017,186661,2180,1799,28,1827,4
2020-11-18,Fresno,019,978130,39797,34997,1059,36056,474
2020-11-18,Glenn,021,27897,883,803,27,830,4
2020-11-18,Humboldt,023,135768,820,690,1,691,9
2020-11-18,Imperial,025,180216,15451,14428,32,14460,348
2020-11-18,Inyo,027,18085,287,262,5,267,15
2020-11-18,Kern,029,883053,38893,36537,902,37439,456
2020-11-18,Kings,031,150075,10531,9696,113,9809,85
2020-11-18,Lake,033,64148,895,802,0,802,18
2020-11-18,Lassen,035,31185,1559,1124,3,1127,0
2020-11-18,Los Angeles,037,10098052,366187,344675,4722,349397,7338
2020-11-18,Madera,039,155013,6006,5519,106,5625,54
2020-11-18,Marin,041,260295,7606,7435,26,7461,134
2020-11-18,Mariposa,043,17540,106,88,0,88,2
2020-11-18,Mendocino,045,87422,1368,1237,5,1242,23
2020-11-18,Merced,047,269075,11173,10536,89,10625,166
2020-11-18,Modoc,049,8938,93,77,18,95,0
2020-11-18,Mono,051,14174,485,468,10,478,2
2020-11-18,Monterey,053,433212,14385,13340,205,13545,108
2020-11-18,Napa,055,140530,2961,2607,17,2624,17
2020-11-18,Nevada,057,99092,1139,933,27,960,9
2020-11-18,Orange,059,3164182,73270,66381,2142,68523,1521
2020-11-18,Placer,061,380077,6339,5543,99,5642,64
2020-11-18,Plumas,063,18699,184,143,0,143,0
2020-11-18,Riverside,065,2383286,84112,77739,1311,79050,1387
2020-11-18,Sacramento,067,1510023,34429,31816,84,31900,541
2020-11-18,San Benito,069,59416,1728,1632,10,1642,15
2020-11-18,San Bernardino,071,2135413,86703,77400,1084,78484,1206
2020-11-18,San Diego,073,3302833,74484,67243,2510,69753,945
2020-11-18,San Francisco,075,870044,14757,14057,79,14136,153
2020-11-18,San Joaquin,077,732212,25329,24146,419,24565,517
2020-11-18,San Luis Obispo,079,281455,6015,5322,86,5408,34
2020-11-18,San Mateo,081,765935,13672,12631,13,12644,169
2020-11-18,Santa Barbara,083,443738,11123,10684,171,10855,136
2020-11-18,Santa Clara,085,1922200,32541,29285,64,29349,421
2020-11-18,Santa Cruz,087,273765,4151,3618,42,3660,25
2020-11-18,Shasta,089,179085,4714,3547,120,3667,42
2020-11-18,Sierra,091,2930,17,11,0,11,0
2020-11-18,Siskiyou,093,43540,504,351,25,376,0
2020-11-18,Solano,095,438530,9774,8994,48,9042,84
2020-11-18,Sonoma,097,501317,11694,11129,41,11170,155
2020-11-18,Stanislaus,099,539301,20740,19609,1177,20786,431
2020-11-18,Sutter,101,95872,2881,2442,9,2451,13
2020-11-18,Tehama,103,63373,1540,1338,10,1348,8
2020-11-18,Trinity,105,12862,230,95,21,116,0
2020-11-18,Tulare,107,460477,20554,19286,1032,20318,306
2020-11-18,Tuolumne,109,53932,879,590,8,598,7
2020-11-18,Ventura,111,848112,18674,17169,539,17708,173
2020-11-18,Yolo,113,214977,4486,3929,13,3942,71
2020-11-18,Yuba,115,75493,1760,1540,7,1547,10
2020-11-17,Alameda,001,1643700,28124,26425,272,26697,439
2020-11-17,Alpine,002,1148,40,12,0,12,0
2020-11-17,Amador,005,37829,463,423,1,424,16
2020-11-17,Butte,007,227075,3806,3500,183,3683,59
2020-11-17,Calaveras,009,45235,421,405,0,405,21
2020-11-17,Colusa,011,21464,663,606,1,607,6
2020-11-17,Contra Costa,013,1133247,22783,21557,127,21684,256
2020-11-17,Del Norte,015,27424,278,233,0,233,2
2020-11-17,El Dorado,017,186661,2121,1758,28,1786,4
2020-11-17,Fresno,019,978130,39199,34765,1000,35765,472
2020-11-17,Glenn,021,27897,872,795,26,821,4
2020-11-17,Humboldt,023,135768,798,685,1,686,9
2020-11-17,Imperial,025,180216,15213,14204,30,14234,346
2020-11-17,Inyo,027,18085,286,263,5,268,15
2020-11-17,Kern,029,883053,38444,36164,849,37013,455
2020-11-17,Kings,031,150075,10458,9653,105,9758,85
2020-11-17,Lake,033,64148,875,792,0,792,18
2020-11-17,Lassen,035,31185,1480,1124,3,1127,0
2020-11-17,Los Angeles,037,10098052,361235,340933,4565,345498,7302
2020-11-17,Madera,039,155013,5918,5485,99,5584,54
2020-11-17,Marin,041,260295,7574,7404,25,7429,134
2020-11-17,Mariposa,043,17540,103,87,0,87,2
2020-11-17,Mendocino,045,87422,1347,1216,5,1221,23
2020-11-17,Merced,047,269075,11029,10457,84,10541,162
2020-11-17,Modoc,049,8938,87,71,17,88,0
2020-11-17,Mono,051,14174,480,459,10,469,2
2020-11-17,Monterey,053,433212,14156,13220,195,13415,108
2020-11-17,Napa,055,140530,2907,2568,17,2585,17
2020-11-17,Nevada,057,99092,1098,918,26,944,9
2020-11-17,Orange,059,3164182,72119,65757,2116,67873,1519
2020-11-17,Placer,061,380077,6177,5435,93,5528,63
2020-11-17,Plumas,063,18699,176,142,0,142,0
2020-11-17,Riverside,065,2383286,82726,77079,1220,78299,1379
2020-11-17,Sacramento,067,1510023,33831,31341,80,31421,538
2020-11-17,San Benito,069,59416,1712,1611,4,1615,15
2020-11-17,San Bernardino,071,2135413,84894,76134,995,77129,1188
2020-11-17,San Diego,073,3302833,73231,66321,2454,68775,933
2020-11-17,San Francisco,075,870044,14591,13952,78,14030,153
2020-11-17,San Joaquin,077,732212,25053,23997,399,24396,516
2020-11-17,San Luis Obispo,079,281455,5919,5235,86,5321,34
2020-11-17,San Mateo,081,765935,13512,12491,12,12503,169
2020-11-17,Santa Barbara,083,443738,11038,10597,166,10763,136
2020-11-17,Santa Clara,085,1922200,31993,29013,63,29076,419
2020-11-17,Santa Cruz,087,273765,4065,3548,39,3587,25
2020-11-17,Shasta,089,179085,4556,3457,108,3565,40
2020-11-17,Sierra,091,2930,15,11,0,11,0
2020-11-17,Siskiyou,093,43540,456,333,24,357,0
2020-11-17,Solano,095,438530,9629,8905,47,8952,84
2020-11-17,Sonoma,097,501317,11560,11084,40,11124,155
2020-11-17,Stanislaus,099,539301,20517,19466,1150,20616,425
2020-11-17,Sutter,101,95872,2798,2370,8,2378,12
2020-11-17,Tehama,103,63373,1487,1290,10,1300,7
2020-11-17,Trinity,105,12862,213,83,21,104,0
2020-11-17,Tulare,107,460477,20326,19176,971,20147,305
2020-11-17,Tuolumne,109,53932,840,568,8,576,7
2020-11-17,Ventura,111,848112,18402,16797,521,17318,173
2020-11-17,Yolo,113,214977,4310,3887,12,3899,70
2020-11-17,Yuba,115,75493,1712,1519,7,1526,10
2020-11-16,Alameda,001,1643700,27777,26063,267,26330,436
2020-11-16,Alpine,002,1148,37,12,0,12,0
2020-11-16,Amador,005,37829,455,414,1,415,16
2020-11-16,Butte,007,227075,3767,3490,175,3665,58
2020-11-16,Calaveras,009,45235,413,402,0,402,21
2020-11-16,Colusa,011,21464,654,601,1,602,6
2020-11-16,Contra Costa,013,1133247,22517,21386,122,21508,256
2020-11-16,Del Norte,015,27424,271,225,0,225,2
2020-11-16,El Dorado,017,186661,2061,1694,26,1720,4
2020-11-16,Fresno,019,978130,38709,34593,948,35541,471
2020-11-16,Glenn,021,27897,860,786,25,811,4
2020-11-16,Humboldt,023,135768,782,660,1,661,9
2020-11-16,Imperial,025,180216,14965,14111,30,14141,346
2020-11-16,Inyo,027,18085,283,263,5,268,15
2020-11-16,Kern,029,883053,38049,36049,807,36856,455
2020-11-16,Kings,031,150075,10191,9569,101,9670,85
2020-11-16,Lake,033,64148,864,784,0,784,18
2020-11-16,Lassen,035,31185,1299,1124,3,1127,0
2020-11-16,Los Angeles,037,10098052,356479,338778,4397,343175,7277
2020-11-16,Madera,039,155013,5833,5433,93,5526,54
2020-11-16,Marin,041,260295,7543,7359,24,7383,134
2020-11-16,Mariposa,043,17540,100,86,0,86,2
2020-11-16,Mendocino,045,87422,1322,1209,5,1214,23
2020-11-16,Merced,047,269075,10890,10399,81,10480,162
2020-11-16,Modoc,049,8938,85,71,17,88,0
2020-11-16,Mono,051,14174,478,453,10,463,2
2020-11-16,Monterey,053,433212,13910,13089,185,13274,107
2020-11-16,Napa,055,140530,2833,2536,17,2553,17
2020-11-16,Nevada,057,99092,1055,889,24,913,9
2020-11-16,Orange,059,3164182,71024,65396,2102,67498,1519
2020-11-16,Placer,061,380077,6058,5387,85,5472,63
2020-11-16,Plumas,063,18699,169,127,0,127,0
2020-11-16,Riverside,065,2383286,81351,76449,1156,77605,1379
2020-11-16,Sacramento,067,1510023,33193,30954,73,31027,534
2020-11-16,San Benito,069,59416,1694,1603,3,1606,15
2020-11-16,San Bernardino,071,2135413,83068,74401,929,75330,1186
2020-11-16,San Diego,073,3302833,71920,65603,2382,67985,926
2020-11-16,San Francisco,075,870044,14433,13847,76,13923,153
2020-11-16,San Joaquin,077,732212,24765,23515,389,23904,513
2020-11-16,San Luis Obispo,079,281455,5816,5161,82,5243,34
2020-11-16,San Mateo,081,765935,13352,12398,12,12410,169
2020-11-16,Santa Barbara,083,443738,10973,10565,162,10727,135
2020-11-16,Santa Clara,085,1922200,31431,28673,62,28735,419
2020-11-16,Santa Cruz,087,273765,3992,3520,39,3559,25
2020-11-16,Shasta,089,179085,4408,3284,103,3387,37
2020-11-16,Sierra,091,2930,15,11,0,11,0
2020-11-16,Siskiyou,093,43540,429,294,24,318,0
2020-11-16,Solano,095,438530,9430,8827,47,8874,84
2020-11-16,Sonoma,097,501317,11469,10961,39,11000,155
2020-11-16,Stanislaus,099,539301,20280,19333,1123,20456,425
2020-11-16,Sutter,101,95872,2692,2322,8,2330,12
2020-11-16,Tehama,103,63373,1442,1261,7,1268,7
2020-11-16,Trinity,105,12862,201,67,21,88,0
2020-11-16,Tulare,107,460477,20148,18891,918,19809,305
2020-11-16,Tuolumne,109,53932,803,543,8,551,7
2020-11-16,Ventura,111,848112,18064,16691,513,17204,172
2020-11-16,Yolo,113,214977,4215,3858,12,3870,70
2020-11-16,Yuba,115,75493,1676,1500,6,1506,10
2020-11-15,Alameda,001,1643700,27460,25879,262,26141,436
2020-11-15,Alpine,002,1148,35,12,0,12,0
2020-11-15,Amador,005,37829,443,409,1,410,16
2020-11-15,Butte,007,227075,3713,3452,166,3618,58
2020-11-15,Calaveras,009,45235,398,386,0,386,21
2020-11-15,Colusa,011,21464,645,601,1,602,6
2020-11-15,Contra Costa,013,1133247,22219,21179,121,21300,256
2020-11-15,Del Norte,015,27424,257,224,0,224,2
2020-11-15,El Dorado,017,186661,1999,1683,25,1708,4
2020-11-15,Fresno,019,978130,38198,34297,910,35207,471
2020-11-15,Glenn,021,27897,848,783,24,807,4
2020-11-15,Humboldt,023,135768,754,653,1,654,9
2020-11-15,Imperial,025,180216,14730,13940,30,13970,346
2020-11-15,Inyo,027,18085,273,263,5,268,15
2020-11-15,Kern,029,883053,37643,35911,772,36683,455
2020-11-15,Kings,031,150075,9998,9533,98,9631,85
2020-11-15,Lake,033,64148,854,777,0,777,17
2020-11-15,Lassen,035,31185,1252,1124,3,1127,0
2020-11-15,Los Angeles,037,10098052,351430,336035,4230,340265,7271
2020-11-15,Madera,039,155013,5735,5391,87,5478,54
2020-11-15,Marin,041,260295,7516,7347,24,7371,133
2020-11-15,Mariposa,043,17540,97,86,0,86,2
2020-11-15,Mendocino,045,87422,1303,1197,5,1202,22
2020-11-15,Merced,047,269075,10757,10350,81,10431,162
2020-11-15,Modoc,049,8938,84,68,17,85,0
2020-11-15,Mono,051,14174,476,453,10,463,2
2020-11-15,Monterey,053,433212,13714,12999,172,13171,107
2020-11-15,Napa,055,140530,2774,2509,15,2524,17
2020-11-15,Nevada,057,99092,999,859,24,883,9
2020-11-15,Orange,059,3164182,69980,65008,2086,67094,1519
2020-11-15,Placer,061,380077,5903,5330,77,5407,63
2020-11-15,Plumas,063,18699,163,127,0,127,0
2020-11-15,Riverside,065,2383286,80029,75531,1098,76629,1374
2020-11-15,Sacramento,067,1510023,32567,30601,68,30669,534
2020-11-15,San Benito,069,59416,1669,1589,2,1591,15
2020-11-15,San Bernardino,071,2135413,80919,73769,854,74623,1185
2020-11-15,San Diego,073,3302833,70419,64770,2325,67095,926
2020-11-15,San Francisco,075,870044,14257,13757,75,13832,153
2020-11-15,San Joaquin,077,732212,24555,23516,374,23890,513
2020-11-15,San Luis Obispo,079,281455,5695,5120,80,5200,34
2020-11-15,San Mateo,081,765935,13175,12348,12,12360,169
2020-11-15,Santa Barbara,083,443738,10878,10516,160,10676,135
2020-11-15,Santa Clara,085,1922200,30973,28289,61,28350,418
2020-11-15,Santa Cruz,087,273765,3851,3439,38,3477,25
2020-11-15,Shasta,089,179085,4235,3290,94,3384,37
2020-11-15,Sierra,091,2930,15,11,0,11,0
2020-11-15,Siskiyou,093,43540,410,294,24,318,0
2020-11-15,Solano,095,438530,9269,8713,44,8757,84
2020-11-15,Sonoma,097,501317,11351,10833,38,10871,154
2020-11-15,Stanislaus,099,539301,20006,19228,1098,20326,425
2020-11-15,Sutter,101,95872,2602,2230,8,2238,12
2020-11-15,Tehama,103,63373,1391,1222,6,1228,7
2020-11-15,Trinity,105,12862,191,67,19,86,0
2020-11-15,Tulare,107,460477,19931,18891,866,19757,305
2020-11-15,Tuolumne,109,53932,761,486,8,494,7
2020-11-15,Ventura,111,848112,17790,16564,505,17069,172
2020-11-15,Yolo,113,214977,4112,3819,12,3831,67
2020-11-15,Yuba,115,75493,1635,1470,5,1475,10
2020-11-14,Alameda,001,1643700,27193,25714,260,25974,435
2020-11-14,Alpine,002,1148,35,12,0,12,0
2020-11-14,Amador,005,37829,434,404,0,404,16
2020-11-14,Butte,007,227075,3677,3434,153,3587,58
2020-11-14,Calaveras,009,45235,397,386,0,386,21
2020-11-14,Colusa,011,21464,633,601,1,602,6
2020-11-14,Contra Costa,013,1133247,22077,20975,114,21089,256
2020-11-14,Del Norte,015,27424,250,219,0,219,2
2020-11-14,El Dorado,017,186661,1955,1648,25,1673,4
2020-11-14,Fresno,019,978130,37948,33969,874,34843,471
2020-11-14,Glenn,021,27897,839,772,21,793,3
2020-11-14,Humboldt,023,135768,739,643,1,644,9
2020-11-14,Imperial,025,180216,14637,13932,29,13961,346
2020-11-14,Inyo,027,18085,272,263,5,268,15
2020-11-14,Kern,029,883053,37433,35626,753,36379,454
2020-11-14,Kings,031,150075,9963,9490,95,9585,85
2020-11-14,Lake,033,64148,845,773,0,773,17
2020-11-14,Lassen,035,31185,1238,833,3,836,0
2020-11-14,Los Angeles,037,10098052,348721,333021,4123,337144,7269
2020-11-14,Madera,039,155013,5704,5371,85,5456,54
2020-11-14,Marin,041,260295,7499,7325,24,7349,133
2020-11-14,Mariposa,043,17540,96,86,0,86,2
2020-11-14,Mendocino,045,87422,1287,1181,5,1186,22
2020-11-14,Merced,047,269075,10701,10286,79,10365,161
2020-11-14,Modoc,049,8938,83,64,16,80,0
2020-11-14,Mono,051,14174,476,453,10,463,2
2020-11-14,Monterey,053,433212,13618,12854,162,13016,105
2020-11-14,Napa,055,140530,2740,2473,15,2488,17
2020-11-14,Nevada,057,99092,983,835,24,859,9
2020-11-14,Orange,059,3164182,69357,64340,2075,66415,1517
2020-11-14,Placer,061,380077,5827,5215,71,5286,63
2020-11-14,Plumas,063,18699,158,128,0,128,0
2020-11-14,Riverside,065,2383286,79289,74910,1059,75969,1373
2020-11-14,Sacramento,067,1510023,32241,30298,68,30366,532
2020-11-14,San Benito,069,59416,1654,1573,2,1575,15
2020-11-14,San Bernardino,071,2135413,79984,72868,823,73691,1184
2020-11-14,San Diego,073,3302833,69654,63715,2273,65988,926
2020-11-14,San Francisco,075,870044,14170,13661,74,13735,153
2020-11-14,San Joaquin,077,732212,24462,23516,367,23883,511
2020-11-14,San Luis Obispo,079,281455,5632,5073,75,5148,34
2020-11-14,San Mateo,081,765935,13067,12293,12,12305,169
2020-11-14,Santa Barbara,083,443738,10824,10482,158,10640,135
2020-11-14,Santa Clara,085,1922200,30688,27962,59,28021,416
2020-11-14,Santa Cruz,087,273765,3796,3402,38,3440,25
2020-11-14,Shasta,089,179085,4154,3195,92,3287,37
2020-11-14,Sierra,091,2930,15,11,0,11,0
2020-11-14,Siskiyou,093,43540,397,292,24,316,0
2020-11-14,Solano,095,438530,9190,8655,44,8699,84
2020-11-14,Sonoma,097,501317,11298,10769,38,10807,154
2020-11-14,Stanislaus,099,539301,19863,19068,1076,20144,424
2020-11-14,Sutter,101,95872,2557,2182,8,2190,12
2020-11-14,Tehama,103,63373,1369,1206,5,1211,7
2020-11-14,Trinity,105,12862,186,67,19,86,0
2020-11-14,Tulare,107,460477,19838,18853,838,19691,305
2020-11-14,Tuolumne,109,53932,733,448,8,456,7
2020-11-14,Ventura,111,848112,17644,16297,494,16791,172
2020-11-14,Yolo,113,214977,4068,3765,10,3775,65
2020-11-14,Yuba,115,75493,1606,1453,5,1458,10
2020-11-13,Alameda,001,1643700,26977,25515,255,25770,434
2020-11-13,Alpine,002,1148,35,12,0,12,0
2020-11-13,Amador,005,37829,431,397,0,397,16
2020-11-13,Butte,007,227075,3653,3402,144,3546,58
2020-11-13,Calaveras,009,45235,393,378,0,378,21
2020-11-13,Colusa,011,21464,625,598,1,599,6
2020-11-13,Contra Costa,013,1133247,21903,20799,114,20913,256
2020-11-13,Del Norte,015,27424,247,208,0,208,2
2020-11-13,El Dorado,017,186661,1910,1611,24,1635,4
2020-11-13,Fresno,019,978130,37702,33693,860,34553,470
2020-11-13,Glenn,021,27897,825,755,17,772,3
2020-11-13,Humboldt,023,135768,724,638,1,639,9
2020-11-13,Imperial,025,180216,14566,13790,28,13818,341
2020-11-13,Inyo,027,18085,271,262,5,267,15
2020-11-13,Kern,029,883053,37231,35431,736,36167,453
2020-11-13,Kings,031,150075,9904,9428,94,9522,85
2020-11-13,Lake,033,64148,839,770,0,770,17
2020-11-13,Lassen,035,31185,1229,832,3,835,0
2020-11-13,Los Angeles,037,10098052,345591,329364,4021,333385,7248
2020-11-13,Madera,039,155013,5664,5340,84,5424,54
2020-11-13,Marin,041,260295,7486,7307,23,7330,133
2020-11-13,Mariposa,043,17540,94,86,0,86,2
2020-11-13,Mendocino,045,87422,1275,1173,5,1178,22
2020-11-13,Merced,047,269075,10645,10185,76,10261,159
2020-11-13,Modoc,049,8938,83,63,14,77,0
2020-11-13,Mono,051,14174,476,448,9,457,2
2020-11-13,Monterey,053,433212,13423,12681,150,12831,104
2020-11-13,Napa,055,140530,2701,2440,15,2455,17
2020-11-13,Nevada,057,99092,964,798,24,822,9
2020-11-13,Orange,059,3164182,68757,63804,2055,65859,1514
2020-11-13,Placer,061,380077,5722,5122,65,5187,63
2020-11-13,Plumas,063,18699,152,125,0,125,0
2020-11-13,Riverside,065,2383286,78551,74138,1030,75168,1372
2020-11-13,Sacramento,067,1510023,31922,29787,64,29851,524
2020-11-13,San Benito,069,59416,1642,1553,1,1554,15
2020-11-13,San Bernardino,071,2135413,78936,71895,802,72697,1184
2020-11-13,San Diego,073,3302833,68807,62978,2235,65213,921
2020-11-13,San Francisco,075,870044,14077,13516,72,13588,146
2020-11-13,San Joaquin,077,732212,24367,23314,361,23675,510
2020-11-13,San Luis Obispo,079,281455,5565,4960,72,5032,34
2020-11-13,San Mateo,081,765935,12974,12182,12,12194,169
2020-11-13,Santa Barbara,083,443738,10772,10405,156,10561,134
2020-11-13,Santa Clara,085,1922200,30360,27609,57,27666,415
2020-11-13,Santa Cruz,087,273765,3722,3343,38,3381,25
2020-11-13,Shasta,089,179085,4070,2983,88,3071,37
2020-11-13,Sierra,091,2930,15,11,0,11,0
2020-11-13,Siskiyou,093,43540,392,280,23,303,0
2020-11-13,Solano,095,438530,9100,8525,44,8569,84
2020-11-13,Sonoma,097,501317,11237,10685,36,10721,151
2020-11-13,Stanislaus,099,539301,19737,18936,1049,19985,422
2020-11-13,Sutter,101,95872,2511,2121,7,2128,12
2020-11-13,Tehama,103,63373,1342,1167,5,1172,7
2020-11-13,Trinity,105,12862,184,64,19,83,0
2020-11-13,Tulare,107,460477,19712,18714,798,19512,305
2020-11-13,Tuolumne,109,53932,700,427,8,435,7
2020-11-13,Ventura,111,848112,17498,16172,480,16652,171
2020-11-13,Yolo,113,214977,4017,3716,10,3726,65
2020-11-13,Yuba,115,75493,1579,1435,5,1440,10
2020-11-12,Alameda,001,1643700,26710,25345,255,25600,432
2020-11-12,Alpine,002,1148,34,12,0,12,0
2020-11-12,Amador,005,37829,430,392,0,392,16
2020-11-12,Butte,007,227075,3604,3347,141,3488,58
2020-11-12,Calaveras,009,45235,388,373,0,373,21
2020-11-12,Colusa,011,21464,620,591,1,592,6
2020-11-12,Contra Costa,013,1133247,21694,20619,113,20732,255
2020-11-12,Del Norte,015,27424,239,203,0,203,2
2020-11-12,El Dorado,017,186661,1864,1573,20,1593,4
2020-11-12,Fresno,019,978130,37353,33459,819,34278,468
2020-11-12,Glenn,021,27897,806,727,17,744,3
2020-11-12,Humboldt,023,135768,711,625,1,626,9
2020-11-12,Imperial,025,180216,14401,13619,28,13647,341
2020-11-12,Inyo,027,18085,270,255,5,260,15
2020-11-12,Kern,029,883053,36967,35207,722,35929,451
2020-11-12,Kings,031,150075,9837,9335,93,9428,85
2020-11-12,Lake,033,64148,830,764,0,764,17
2020-11-12,Lassen,035,31185,1160,832,2,834,0
2020-11-12,Los Angeles,037,10098052,341848,327001,3923,330924,7223
2020-11-12,Madera,039,155013,5629,5273,80,5353,54
2020-11-12,Marin,041,260295,7457,7268,23,7291,133
2020-11-12,Mariposa,043,17540,92,84,0,84,2
2020-11-12,Mendocino,045,87422,1256,1142,5,1147,22
2020-11-12,Merced,047,269075,10531,10107,73,10180,158
2020-11-12,Modoc,049,8938,83,63,14,77,0
2020-11-12,Mono,051,14174,475,442,9,451,2
2020-11-12,Monterey,053,433212,13302,12489,136,12625,100
2020-11-12,Napa,055,140530,2639,2398,15,2413,16
2020-11-12,Nevada,057,99092,942,780,23,803,9
2020-11-12,Orange,059,3164182,68013,63232,2036,65268,1514
2020-11-12,Placer,061,380077,5613,5044,56,5100,62
2020-11-12,Plumas,063,18699,148,121,0,121,0
2020-11-12,Riverside,065,2383286,77620,73381,987,74368,1362
2020-11-12,Sacramento,067,1510023,31431,29459,56,29515,520
2020-11-12,San Benito,069,59416,1622,1525,1,1526,15
2020-11-12,San Bernardino,071,2135413,77570,70758,763,71521,1183
2020-11-12,San Diego,073,3302833,67827,62336,2184,64520,918
2020-11-12,San Francisco,075,870044,13978,13289,71,13360,146
2020-11-12,San Joaquin,077,732212,24173,23002,340,23342,509
2020-11-12,San Luis Obispo,079,281455,5501,4898,71,4969,33
2020-11-12,San Mateo,081,765935,12849,12086,11,12097,169
2020-11-12,Santa Barbara,083,443738,10710,10325,151,10476,134
2020-11-12,Santa Clara,085,1922200,29983,27261,56,27317,414
2020-11-12,Santa Cruz,087,273765,3639,3317,36,3353,25
2020-11-12,Shasta,089,179085,3933,2825,77,2902,37
2020-11-12,Sierra,091,2930,15,11,0,11,0
2020-11-12,Siskiyou,093,43540,375,275,19,294,0
2020-11-12,Solano,095,438530,9000,8417,43,8460,85
2020-11-12,Sonoma,097,501317,11135,10602,35,10637,151
2020-11-12,Stanislaus,099,539301,19567,18787,1020,19807,422
2020-11-12,Sutter,101,95872,2428,2075,6,2081,12
2020-11-12,Tehama,103,63373,1314,1117,5,1122,7
2020-11-12,Trinity,105,12862,176,62,18,80,0
2020-11-12,Tulare,107,460477,19599,18545,760,19305,305
2020-11-12,Tuolumne,109,53932,661,353,8,361,7
2020-11-12,Ventura,111,848112,17248,16013,474,16487,158
2020-11-12,Yolo,113,214977,3974,3646,10,3656,63
2020-11-12,Yuba,115,75493,1544,1410,5,1415,10
2020-11-11,Alameda,001,1643700,26466,25140,253,25393,429
2020-11-11,Alpine,002,1148,29,12,0,12,0
2020-11-11,Amador,005,37829,423,389,0,389,16
2020-11-11,Butte,007,227075,3578,3348,126,3474,58
2020-11-11,Calaveras,009,45235,378,373,0,373,21
2020-11-11,Colusa,011,21464,614,591,1,592,6
2020-11-11,Contra Costa,013,1133247,21477,20452,111,20563,255
2020-11-11,Del Norte,015,27424,231,203,0,203,2
2020-11-11,El Dorado,017,186661,1818,1564,19,1583,4
2020-11-11,Fresno,019,978130,37035,33287,784,34071,468
2020-11-11,Glenn,021,27897,790,722,16,738,3
2020-11-11,Humboldt,023,135768,697,623,1,624,9
2020-11-11,Imperial,025,180216,14231,13623,26,13649,340
2020-11-11,Inyo,027,18085,268,255,5,260,15
2020-11-11,Kern,029,883053,36692,35014,705,35719,449
2020-11-11,Kings,031,150075,9731,9263,90,9353,85
2020-11-11,Lake,033,64148,819,763,0,763,17
2020-11-11,Lassen,035,31185,1135,831,2,833,0
2020-11-11,Los Angeles,037,10098052,338478,324567,3841,328408,7220
2020-11-11,Madera,039,155013,5595,5248,79,5327,54
2020-11-11,Marin,041,260295,7435,7268,23,7291,133
2020-11-11,Mariposa,043,17540,92,84,0,84,2
2020-11-11,Mendocino,045,87422,1244,1142,5,1147,22
2020-11-11,Merced,047,269075,10460,10074,71,10145,157
2020-11-11,Modoc,049,8938,79,62,13,75,0
2020-11-11,Mono,051,14174,473,443,9,452,2
2020-11-11,Monterey,053,433212,13159,12417,132,12549,100
2020-11-11,Napa,055,140530,2590,2365,13,2378,15
2020-11-11,Nevada,057,99092,900,741,23,764,9
2020-11-11,Orange,059,3164182,67374,62929,2012,64941,1506
2020-11-11,Placer,061,380077,5529,4981,48,5029,60
2020-11-11,Plumas,063,18699,146,111,0,111,0
2020-11-11,Riverside,065,2383286,76718,72953,941,73894,1361
2020-11-11,Sacramento,067,1510023,30974,28968,54,29022,520
2020-11-11,San Benito,069,59416,1608,1512,1,1513,15
2020-11-11,San Bernardino,071,2135413,76284,70374,737,71111,1182
2020-11-11,San Diego,073,3302833,66892,61746,2123,63869,918
2020-11-11,San Francisco,075,870044,13871,13287,70,13357,146
2020-11-11,San Joaquin,077,732212,24013,23001,335,23336,509
2020-11-11,San Luis Obispo,079,281455,5426,4832,68,4900,33
2020-11-11,San Mateo,081,765935,12735,12008,11,12019,169
2020-11-11,Santa Barbara,083,443738,10644,10278,151,10429,134
2020-11-11,Santa Clara,085,1922200,29632,27075,55,27130,413
2020-11-11,Santa Cruz,087,273765,3571,3247,36,3283,25
2020-11-11,Shasta,089,179085,3810,2766,67,2833,36
2020-11-11,Sierra,091,2930,13,11,0,11,0
2020-11-11,Siskiyou,093,43540,344,261,16,277,0
2020-11-11,Solano,095,438530,8881,8353,41,8394,85
2020-11-11,Sonoma,097,501317,11061,10498,35,10533,150
2020-11-11,Stanislaus,099,539301,19430,18671,990,19661,422
2020-11-11,Sutter,101,95872,2380,2049,5,2054,12
2020-11-11,Tehama,103,63373,1270,1105,4,1109,7
2020-11-11,Trinity,105,12862,165,62,18,80,0
2020-11-11,Tulare,107,460477,19469,18500,730,19230,305
2020-11-11,Tuolumne,109,53932,608,354,7,361,7
2020-11-11,Ventura,111,848112,17033,15801,461,16262,158
2020-11-11,Yolo,113,214977,3923,3606,10,3616,63
2020-11-11,Yuba,115,75493,1529,1400,5,1405,10
2020-11-10,Alameda,001,1643700,26236,25008,250,25258,424
2020-11-10,Alpine,002,1148,29,9,0,9,0
2020-11-10,Amador,005,37829,417,384,0,384,16
2020-11-10,Butte,007,227075,3542,3327,122,3449,58
2020-11-10,Calaveras,009,45235,374,367,0,367,21
2020-11-10,Colusa,011,21464,606,590,1,591,6
2020-11-10,Contra Costa,013,1133247,21271,20326,109,20435,255
2020-11-10,Del Norte,015,27424,225,196,0,196,2
2020-11-10,El Dorado,017,186661,1758,1551,19,1570,4
2020-11-10,Fresno,019,978130,36764,33024,748,33772,465
2020-11-10,Glenn,021,27897,782,719,12,731,3
2020-11-10,Humboldt,023,135768,680,610,1,611,9
2020-11-10,Imperial,025,180216,14101,13570,26,13596,338
2020-11-10,Inyo,027,18085,267,252,5,257,14
2020-11-10,Kern,029,883053,36416,34858,686,35544,448
2020-11-10,Kings,031,150075,9684,9236,83,9319,85
2020-11-10,Lake,033,64148,809,762,0,762,16
2020-11-10,Lassen,035,31185,1120,830,2,832,0
2020-11-10,Los Angeles,037,10098052,335227,322569,3726,326295,7205
2020-11-10,Madera,039,155013,5553,5229,73,5302,54
2020-11-10,Marin,041,260295,7416,7259,23,7282,133
2020-11-10,Mariposa,043,17540,90,84,0,84,2
2020-11-10,Mendocino,045,87422,1236,1137,5,1142,22
2020-11-10,Merced,047,269075,10398,9992,65,10057,157
2020-11-10,Modoc,049,8938,77,61,13,74,0
2020-11-10,Mono,051,14174,471,443,9,452,2
2020-11-10,Monterey,053,433212,13024,12335,124,12459,100
2020-11-10,Napa,055,140530,2552,2341,11,2352,15
2020-11-10,Nevada,057,99092,884,734,23,757,9
2020-11-10,Orange,059,3164182,66820,62597,2002,64599,1504
2020-11-10,Placer,061,380077,5449,4902,47,4949,60
2020-11-10,Plumas,063,18699,142,108,0,108,0
2020-11-10,Riverside,065,2383286,76076,72316,916,73232,1359
2020-11-10,Sacramento,067,1510023,30568,28677,51,28728,519
2020-11-10,San Benito,069,59416,1593,1508,1,1509,15
2020-11-10,San Bernardino,071,2135413,75115,69666,704,70370,1182
2020-11-10,San Diego,073,3302833,66001,61085,2086,63171,915
2020-11-10,San Francisco,075,870044,13755,13210,70,13280,146
2020-11-10,San Joaquin,077,732212,23848,22865,328,23193,508
2020-11-10,San Luis Obispo,079,281455,5363,4780,65,4845,33
2020-11-10,San Mateo,081,765935,12635,11939,11,11950,169
2020-11-10,Santa Barbara,083,443738,10577,10252,147,10399,134
2020-11-10,Santa Clara,085,1922200,29284,26917,54,26971,409
2020-11-10,Santa Cruz,087,273765,3509,3221,36,3257,25
2020-11-10,Shasta,089,179085,3667,2686,59,2745,36
2020-11-10,Sierra,091,2930,12,10,0,10,0
2020-11-10,Siskiyou,093,43540,327,263,15,278,0
2020-11-10,Solano,095,438530,8784,8299,41,8340,85
2020-11-10,Sonoma,097,501317,10974,10414,35,10449,150
2020-11-10,Stanislaus,099,539301,19297,18592,966,19558,420
2020-11-10,Sutter,101,95872,2285,2035,4,2039,12
2020-11-10,Tehama,103,63373,1245,1099,3,1102,7
2020-11-10,Trinity,105,12862,156,62,16,78,0
2020-11-10,Tulare,107,460477,19354,18430,706,19136,305
2020-11-10,Tuolumne,109,53932,558,353,7,360,7
2020-11-10,Ventura,111,848112,16850,15625,459,16084,158
2020-11-10,Yolo,113,214977,3862,3573,10,3583,63
2020-11-10,Yuba,115,75493,1506,1392,5,1397,10
2020-11-09,Alameda,001,1643700,25990,24899,246,25145,424
2020-11-09,Alpine,002,1148,27,6,0,6,0
2020-11-09,Amador,005,37829,408,380,0,380,16
2020-11-09,Butte,007,227075,3498,3301,114,3415,57
2020-11-09,Calaveras,009,45235,370,360,0,360,21
2020-11-09,Colusa,011,21464,600,583,1,584,6
2020-11-09,Contra Costa,013,1133247,21097,20193,107,20300,255
2020-11-09,Del Norte,015,27424,219,195,0,195,2
2020-11-09,El Dorado,017,186661,1717,1515,19,1534,4
2020-11-09,Fresno,019,978130,36454,32755,708,33463,465
2020-11-09,Glenn,021,27897,776,714,9,723,3
2020-11-09,Humboldt,023,135768,667,607,1,608,9
2020-11-09,Imperial,025,180216,13982,13508,25,13533,338
2020-11-09,Inyo,027,18085,267,252,5,257,14
2020-11-09,Kern,029,883053,36186,34764,650,35414,448
2020-11-09,Kings,031,150075,9614,9141,81,9222,84
2020-11-09,Lake,033,64148,800,755,0,755,16
2020-11-09,Lassen,035,31185,1024,799,2,801,0
2020-11-09,Los Angeles,037,10098052,332130,320370,3651,324021,7180
2020-11-09,Madera,039,155013,5507,5209,70,5279,54
2020-11-09,Marin,041,260295,7390,7237,22,7259,131
2020-11-09,Mariposa,043,17540,90,84,0,84,2
2020-11-09,Mendocino,045,87422,1224,1132,5,1137,22
2020-11-09,Merced,047,269075,10295,9922,62,9984,157
2020-11-09,Modoc,049,8938,73,54,12,66,0
2020-11-09,Mono,051,14174,468,352,9,361,2
2020-11-09,Monterey,053,433212,12877,12148,116,12264,98
2020-11-09,Napa,055,140530,2509,2309,11,2320,15
2020-11-09,Nevada,057,99092,847,729,22,751,9
2020-11-09,Orange,059,3164182,66178,62335,1989,64324,1501
2020-11-09,Placer,061,380077,5364,4843,36,4879,60
2020-11-09,Plumas,063,18699,135,102,0,102,0
2020-11-09,Riverside,065,2383286,75294,72059,882,72941,1346
2020-11-09,Sacramento,067,1510023,30096,28200,50,28250,516
2020-11-09,San Benito,069,59416,1584,1506,1,1507,15
2020-11-09,San Bernardino,071,2135413,74061,69015,661,69676,1182
2020-11-09,San Diego,073,3302833,65146,60572,2046,62618,908
2020-11-09,San Francisco,075,870044,13635,12984,67,13051,146
2020-11-09,San Joaquin,077,732212,23683,22512,323,22835,505
2020-11-09,San Luis Obispo,079,281455,5276,4746,63,4809,32
2020-11-09,San Mateo,081,765935,12528,11857,11,11868,169
2020-11-09,Santa Barbara,083,443738,10520,10214,142,10356,134
2020-11-09,Santa Clara,085,1922200,28888,26693,54,26747,409
2020-11-09,Santa Cruz,087,273765,3451,3194,36,3230,25
2020-11-09,Shasta,089,179085,3513,2581,50,2631,36
2020-11-09,Sierra,091,2930,10,10,0,10,0
2020-11-09,Siskiyou,093,43540,316,257,13,270,0
2020-11-09,Solano,095,438530,8671,8254,40,8294,85
2020-11-09,Sonoma,097,501317,10866,10310,35,10345,150
2020-11-09,Stanislaus,099,539301,19148,18482,951,19433,418
2020-11-09,Sutter,101,95872,2218,2010,3,2013,12
2020-11-09,Tehama,103,63373,1208,1071,2,1073,7
2020-11-09,Trinity,105,12862,149,46,16,62,0
2020-11-09,Tulare,107,460477,19232,18272,675,18947,304
2020-11-09,Tuolumne,109,53932,504,346,6,352,7
2020-11-09,Ventura,111,848112,16648,15568,456,16024,156
2020-11-09,Yolo,113,214977,3801,3522,10,3532,62
2020-11-09,Yuba,115,75493,1473,1380,5,1385,10
2020-11-08,Alameda,001,1643700,25760,24731,246,24977,424
2020-11-08,Alpine,002,1148,24,6,0,6,0
2020-11-08,Amador,005,37829,401,376,0,376,16
2020-11-08,Butte,007,227075,3460,3285,106,3391,57
2020-11-08,Calaveras,009,45235,368,360,0,360,21
2020-11-08,Colusa,011,21464,597,583,1,584,6
2020-11-08,Contra Costa,013,1133247,20926,20031,105,20136,254
2020-11-08,Del Norte,015,27424,212,195,0,195,2
2020-11-08,El Dorado,017,186661,1680,1502,19,1521,4
2020-11-08,Fresno,019,978130,36115,32619,670,33289,465
2020-11-08,Glenn,021,27897,770,707,8,715,3
2020-11-08,Humboldt,023,135768,651,605,1,606,9
2020-11-08,Imperial,025,180216,13866,13428,25,13453,338
2020-11-08,Inyo,027,18085,264,252,5,257,14
2020-11-08,Kern,029,883053,35967,34644,632,35276,448
2020-11-08,Kings,031,150075,9481,9026,78,9104,84
2020-11-08,Lake,033,64148,792,754,0,754,16
2020-11-08,Lassen,035,31185,876,799,2,801,0
2020-11-08,Los Angeles,037,10098052,329002,318960,3586,322546,7176
2020-11-08,Madera,039,155013,5437,5196,67,5263,54
2020-11-08,Marin,041,260295,7370,7227,22,7249,131
2020-11-08,Mariposa,043,17540,90,83,0,83,2
2020-11-08,Mendocino,045,87422,1215,1129,5,1134,22
2020-11-08,Merced,047,269075,10220,9885,60,9945,157
2020-11-08,Modoc,049,8938,69,54,12,66,0
2020-11-08,Mono,051,14174,462,352,9,361,2
2020-11-08,Monterey,053,433212,12732,12122,106,12228,98
2020-11-08,Napa,055,140530,2470,2274,11,2285,15
2020-11-08,Nevada,057,99092,831,715,22,737,9
2020-11-08,Orange,059,3164182,65590,62034,1975,64009,1501
2020-11-08,Placer,061,380077,5261,4800,31,4831,60
2020-11-08,Plumas,063,18699,130,102,0,102,0
2020-11-08,Riverside,065,2383286,74639,71442,841,72283,1345
2020-11-08,Sacramento,067,1510023,29537,28059,47,28106,515
2020-11-08,San Benito,069,59416,1569,1496,1,1497,15
2020-11-08,San Bernardino,071,2135413,72809,68412,622,69034,1182
2020-11-08,San Diego,073,3302833,64301,60199,2002,62201,908
2020-11-08,San Francisco,075,870044,13505,12985,63,13048,146
2020-11-08,San Joaquin,077,732212,23489,22514,319,22833,505
2020-11-08,San Luis Obispo,079,281455,5210,4698,58,4756,32
2020-11-08,San Mateo,081,765935,12410,11783,11,11794,169
2020-11-08,Santa Barbara,083,443738,10450,10180,140,10320,134
2020-11-08,Santa Clara,085,1922200,28514,26442,53,26495,410
2020-11-08,Santa Cruz,087,273765,3394,3134,36,3170,25
2020-11-08,Shasta,089,179085,3377,2582,44,2626,36
2020-11-08,Sierra,091,2930,10,7,0,7,0
2020-11-08,Siskiyou,093,43540,304,246,12,258,0
2020-11-08,Solano,095,438530,8550,8132,39,8171,85
2020-11-08,Sonoma,097,501317,10759,10229,35,10264,149
2020-11-08,Stanislaus,099,539301,18974,18413,930,19343,418
2020-11-08,Sutter,101,95872,2160,1980,3,1983,12
2020-11-08,Tehama,103,63373,1182,1054,2,1056,7
2020-11-08,Trinity,105,12862,146,46,15,61,0
2020-11-08,Tulare,107,460477,19090,18272,646,18918,304
2020-11-08,Tuolumne,109,53932,478,341,6,347,7
2020-11-08,Ventura,111,848112,16453,15504,448,15952,156
2020-11-08,Yolo,113,214977,3739,3492,10,3502,61
2020-11-08,Yuba,115,75493,1452,1369,5,1374,10
2020-11-07,Alameda,001,1643700,25650,24578,244,24822,424
2020-11-07,Alpine,002,1148,24,6,0,6,0
2020-11-07,Amador,005,37829,398,375,0,375,16
2020-11-07,Butte,007,227075,3448,3277,100,3377,57
2020-11-07,Calaveras,009,45235,366,360,0,360,21
2020-11-07,Colusa,011,21464,597,583,1,584,6
2020-11-07,Contra Costa,013,1133247,20825,19943,104,20047,254
2020-11-07,Del Norte,015,27424,207,194,0,194,2
2020-11-07,El Dorado,017,186661,1655,1495,18,1513,4
2020-11-07,Fresno,019,978130,35960,32497,648,33145,465
2020-11-07,Glenn,021,27897,762,707,8,715,3
2020-11-07,Humboldt,023,135768,640,590,1,591,9
2020-11-07,Imperial,025,180216,13808,13388,24,13412,338
2020-11-07,Inyo,027,18085,262,252,5,257,14
2020-11-07,Kern,029,883053,35811,34513,622,35135,448
2020-11-07,Kings,031,150075,9448,9005,72,9077,84
2020-11-07,Lake,033,64148,788,751,0,751,16
2020-11-07,Lassen,035,31185,860,799,2,801,0
2020-11-07,Los Angeles,037,10098052,327490,316756,3519,320275,7174
2020-11-07,Madera,039,155013,5414,5177,65,5242,54
2020-11-07,Marin,041,260295,7359,7215,22,7237,131
2020-11-07,Mariposa,043,17540,90,81,0,81,2
2020-11-07,Mendocino,045,87422,1204,1118,5,1123,22
2020-11-07,Merced,047,269075,10188,9855,56,9911,157
2020-11-07,Modoc,049,8938,69,51,12,63,0
2020-11-07,Mono,051,14174,459,352,9,361,2
2020-11-07,Monterey,053,433212,12662,12030,102,12132,98
2020-11-07,Napa,055,140530,2440,2260,10,2270,15
2020-11-07,Nevada,057,99092,814,710,22,732,9
2020-11-07,Orange,059,3164182,65302,62038,1969,64007,1505
2020-11-07,Placer,061,380077,5198,4745,31,4776,60
2020-11-07,Plumas,063,18699,127,94,0,94,0
2020-11-07,Riverside,065,2383286,74244,71153,814,71967,1345
2020-11-07,Sacramento,067,1510023,29287,27773,47,27820,515
2020-11-07,San Benito,069,59416,1557,1489,1,1490,15
2020-11-07,San Bernardino,071,2135413,72293,67935,611,68546,1182
2020-11-07,San Diego,073,3302833,63789,59682,1970,61652,909
2020-11-07,San Francisco,075,870044,13444,12980,62,13042,146
2020-11-07,San Joaquin,077,732212,23381,22517,313,22830,505
2020-11-07,San Luis Obispo,079,281455,5161,4668,55,4723,32
2020-11-07,San Mateo,081,765935,12347,11711,11,11722,169
2020-11-07,Santa Barbara,083,443738,10408,10157,138,10295,134
2020-11-07,Santa Clara,085,1922200,28310,26244,52,26296,410
2020-11-07,Santa Cruz,087,273765,3356,3130,36,3166,25
2020-11-07,Shasta,089,179085,3310,2547,42,2589,36
2020-11-07,Sierra,091,2930,10,7,0,7,0
2020-11-07,Siskiyou,093,43540,300,241,12,253,0
2020-11-07,Solano,095,438530,8498,8066,39,8105,85
2020-11-07,Sonoma,097,501317,10713,10200,35,10235,149
2020-11-07,Stanislaus,099,539301,18863,18386,914,19300,418
2020-11-07,Sutter,101,95872,2120,1973,3,1976,12
2020-11-07,Tehama,103,63373,1157,1043,2,1045,7
2020-11-07,Trinity,105,12862,146,42,14,56,0
2020-11-07,Tulare,107,460477,19034,18229,628,18857,304
2020-11-07,Tuolumne,109,53932,466,327,6,333,7
2020-11-07,Ventura,111,848112,16393,15364,443,15807,156
2020-11-07,Yolo,113,214977,3708,3486,10,3496,61
2020-11-07,Yuba,115,75493,1437,1349,5,1354,10
2020-11-06,Alameda,001,1643700,25518,24389,242,24631,420
2020-11-06,Alpine,002,1148,24,6,0,6,0
2020-11-06,Amador,005,37829,396,369,0,369,16
2020-11-06,Butte,007,227075,3423,3254,92,3346,57
2020-11-06,Calaveras,009,45235,365,359,0,359,21
2020-11-06,Colusa,011,21464,595,580,1,581,6
2020-11-06,Contra Costa,013,1133247,20678,19744,104,19848,252
2020-11-06,Del Norte,015,27424,204,194,0,194,2
2020-11-06,El Dorado,017,186661,1629,1475,18,1493,4
2020-11-06,Fresno,019,978130,35772,32278,632,32910,460
2020-11-06,Glenn,021,27897,756,707,7,714,3
2020-11-06,Humboldt,023,135768,637,587,1,588,9
2020-11-06,Imperial,025,180216,13754,13230,24,13254,338
2020-11-06,Inyo,027,18085,260,246,5,251,14
2020-11-06,Kern,029,883053,35647,34360,605,34965,443
2020-11-06,Kings,031,150075,9424,8883,70,8953,83
2020-11-06,Lake,033,64148,787,741,0,741,16
2020-11-06,Lassen,035,31185,852,794,2,796,0
2020-11-06,Los Angeles,037,10098052,325520,314356,3467,317823,7160
2020-11-06,Madera,039,155013,5398,5136,64,5200,54
2020-11-06,Marin,041,260295,7338,7184,22,7206,131
2020-11-06,Mariposa,043,17540,89,79,0,79,2
2020-11-06,Mendocino,045,87422,1199,1113,5,1118,22
2020-11-06,Merced,047,269075,10148,9778,53,9831,157
2020-11-06,Modoc,049,8938,69,48,12,60,0
2020-11-06,Mono,051,14174,453,308,9,317,1
2020-11-06,Monterey,053,433212,12545,11914,101,12015,96
2020-11-06,Napa,055,140530,2415,2189,10,2199,15
2020-11-06,Nevada,057,99092,801,692,21,713,9
2020-11-06,Orange,059,3164182,64999,61049,1959,63008,1494
2020-11-06,Placer,061,380077,5125,4680,31,4711,60
2020-11-06,Plumas,063,18699,122,90,0,90,0
2020-11-06,Riverside,065,2383286,73794,70409,773,71182,1341
2020-11-06,Sacramento,067,1510023,28996,27489,45,27534,514
2020-11-06,San Benito,069,59416,1548,1479,1,1480,15
2020-11-06,San Bernardino,071,2135413,71696,66740,591,67331,1179
2020-11-06,San Diego,073,3302833,63265,59143,1938,61081,907
2020-11-06,San Francisco,075,870044,13374,12825,61,12886,146
2020-11-06,San Joaquin,077,732212,23296,22424,303,22727,502
2020-11-06,San Luis Obispo,079,281455,5096,4531,49,4580,32
2020-11-06,San Mateo,081,765935,12272,11587,11,11598,168
2020-11-06,Santa Barbara,083,443738,10372,10118,134,10252,133
2020-11-06,Santa Clara,085,1922200,28068,25831,52,25883,402
2020-11-06,Santa Cruz,087,273765,3318,3063,36,3099,25
2020-11-06,Shasta,089,179085,3237,2475,41,2516,35
2020-11-06,Sierra,091,2930,9,7,0,7,0
2020-11-06,Siskiyou,093,43540,287,237,11,248,0
2020-11-06,Solano,095,438530,8432,7959,39,7998,85
2020-11-06,Sonoma,097,501317,10663,10142,35,10177,149
2020-11-06,Stanislaus,099,539301,18776,18250,906,19156,417
2020-11-06,Sutter,101,95872,2093,1937,2,1939,12
2020-11-06,Tehama,103,63373,1136,1024,2,1026,6
2020-11-06,Trinity,105,12862,143,41,14,55,0
2020-11-06,Tulare,107,460477,18970,18136,603,18739,300
2020-11-06,Tuolumne,109,53932,442,316,6,322,5
2020-11-06,Ventura,111,848112,16307,15222,440,15662,154
2020-11-06,Yolo,113,214977,3679,3420,10,3430,62
2020-11-06,Yuba,115,75493,1424,1335,5,1340,10
2020-11-05,Alameda,001,1643700,25342,24270,242,24512,420
2020-11-05,Alpine,002,1148,24,6,0,6,0
2020-11-05,Amador,005,37829,393,363,0,363,16
2020-11-05,Butte,007,227075,3400,3239,86,3325,57
2020-11-05,Calaveras,009,45235,357,333,0,333,19
2020-11-05,Colusa,011,21464,591,574,1,575,6
2020-11-05,Contra Costa,013,1133247,20496,19656,101,19757,252
2020-11-05,Del Norte,015,27424,202,192,0,192,2
2020-11-05,El Dorado,017,186661,1605,1466,18,1484,4
2020-11-05,Fresno,019,978130,35531,32056,608,32664,460
2020-11-05,Glenn,021,27897,736,702,7,709,3
2020-11-05,Humboldt,023,135768,627,581,1,582,9
2020-11-05,Imperial,025,180216,13662,13178,23,13201,337
2020-11-05,Inyo,027,18085,259,247,5,252,14
2020-11-05,Kern,029,883053,35446,34232,592,34824,443
2020-11-05,Kings,031,150075,9269,8846,67,8913,83
2020-11-05,Lake,033,64148,783,739,0,739,16
2020-11-05,Lassen,035,31185,821,782,2,784,0
2020-11-05,Los Angeles,037,10098052,323165,312381,3414,315795,7146
2020-11-05,Madera,039,155013,5360,5129,61,5190,54
2020-11-05,Marin,041,260295,7315,7171,22,7193,131
2020-11-05,Mariposa,043,17540,88,79,0,79,2
2020-11-05,Mendocino,045,87422,1187,1112,5,1117,22
2020-11-05,Merced,047,269075,10089,9753,48,9801,155
2020-11-05,Modoc,049,8938,68,47,11,58,0
2020-11-05,Mono,051,14174,451,307,9,316,1
2020-11-05,Monterey,053,433212,12435,11784,97,11881,96
2020-11-05,Napa,055,140530,2388,2158,10,2168,15
2020-11-05,Nevada,057,99092,779,687,20,707,9
2020-11-05,Orange,059,3164182,64552,60740,1948,62688,1484
2020-11-05,Placer,061,380077,5056,4627,26,4653,60
2020-11-05,Plumas,063,18699,114,90,0,90,0
2020-11-05,Riverside,065,2383286,73083,70094,717,70811,1338
2020-11-05,Sacramento,067,1510023,28616,27232,44,27276,512
2020-11-05,San Benito,069,59416,1533,1477,1,1478,15
2020-11-05,San Bernardino,071,2135413,70868,66407,579,66986,1174
2020-11-05,San Diego,073,3302833,62639,58659,1912,60571,904
2020-11-05,San Francisco,075,870044,13262,12726,60,12786,146
2020-11-05,San Joaquin,077,732212,23132,22318,299,22617,502
2020-11-05,San Luis Obispo,079,281455,5029,4459,47,4506,32
2020-11-05,San Mateo,081,765935,12178,11535,11,11546,168
2020-11-05,Santa Barbara,083,443738,10328,10080,131,10211,133
2020-11-05,Santa Clara,085,1922200,27803,25651,52,25703,402
2020-11-05,Santa Cruz,087,273765,3280,3023,36,3059,25
2020-11-05,Shasta,089,179085,3147,2401,40,2441,34
2020-11-05,Sierra,091,2930,9,6,0,6,0
2020-11-05,Siskiyou,093,43540,276,228,11,239,0
2020-11-05,Solano,095,438530,8349,7842,39,7881,85
2020-11-05,Sonoma,097,501317,10551,10064,34,10098,145
2020-11-05,Stanislaus,099,539301,18662,18194,893,19087,417
2020-11-05,Sutter,101,95872,2061,1925,2,1927,12
2020-11-05,Tehama,103,63373,1115,1015,2,1017,6
2020-11-05,Trinity,105,12862,127,41,14,55,0
2020-11-05,Tulare,107,460477,18881,18049,577,18626,301
2020-11-05,Tuolumne,109,53932,412,312,6,318,5
2020-11-05,Ventura,111,848112,16141,15113,429,15542,155
2020-11-05,Yolo,113,214977,3629,3391,10,3401,61
2020-11-05,Yuba,115,75493,1406,1322,5,1327,10
2020-11-04,Alameda,001,1643700,25166,24172,240,24412,418
2020-11-04,Alpine,002,1148,20,5,0,5,0
2020-11-04,Amador,005,37829,390,362,0,362,16
2020-11-04,Butte,007,227075,3375,3218,84,3302,57
2020-11-04,Calaveras,009,45235,354,290,0,290,19
2020-11-04,Colusa,011,21464,589,571,1,572,6
2020-11-04,Contra Costa,013,1133247,20331,19472,98,19570,251
2020-11-04,Del Norte,015,27424,198,188,0,188,2
2020-11-04,El Dorado,017,186661,1590,1448,15,1463,4
2020-11-04,Fresno,019,978130,35299,31952,580,32532,457
2020-11-04,Glenn,021,27897,732,701,6,707,3
2020-11-04,Humboldt,023,135768,618,571,1,572,9
2020-11-04,Imperial,025,180216,13564,13087,23,13110,335
2020-11-04,Inyo,027,18085,258,247,5,252,14
2020-11-04,Kern,029,883053,35291,34027,581,34608,439
2020-11-04,Kings,031,150075,9235,8817,65,8882,83
2020-11-04,Lake,033,64148,776,735,0,735,16
2020-11-04,Lassen,035,31185,816,781,2,783,0
2020-11-04,Los Angeles,037,10098052,320853,310456,3336,313792,7124
2020-11-04,Madera,039,155013,5340,5083,57,5140,54
2020-11-04,Marin,041,260295,7303,7157,22,7179,131
2020-11-04,Mariposa,043,17540,88,79,0,79,2
2020-11-04,Mendocino,045,87422,1169,1089,5,1094,22
2020-11-04,Merced,047,269075,10040,9717,46,9763,153
2020-11-04,Modoc,049,8938,59,47,11,58,0
2020-11-04,Mono,051,14174,448,237,8,245,1
2020-11-04,Monterey,053,433212,12231,11743,91,11834,96
2020-11-04,Napa,055,140530,2334,2133,10,2143,15
2020-11-04,Nevada,057,99092,760,675,20,695,9
2020-11-04,Orange,059,3164182,64117,60463,1927,62390,1483
2020-11-04,Placer,061,380077,4980,4526,23,4549,60
2020-11-04,Plumas,063,18699,112,88,0,88,0
2020-11-04,Riverside,065,2383286,72466,69562,658,70220,1335
2020-11-04,Sacramento,067,1510023,28266,27005,43,27048,510
2020-11-04,San Benito,069,59416,1518,1464,1,1465,15
2020-11-04,San Bernardino,071,2135413,70072,65891,556,66447,1169
2020-11-04,San Diego,073,3302833,61993,58126,1886,60012,904
2020-11-04,San Francisco,075,870044,13179,12649,57,12706,146
2020-11-04,San Joaquin,077,732212,22995,22197,286,22483,500
2020-11-04,San Luis Obispo,079,281455,4962,4389,45,4434,32
2020-11-04,San Mateo,081,765935,12084,11456,11,11467,168
2020-11-04,Santa Barbara,083,443738,10290,10026,130,10156,132
2020-11-04,Santa Clara,085,1922200,27542,25487,52,25539,393
2020-11-04,Santa Cruz,087,273765,3243,2997,36,3033,25
2020-11-04,Shasta,089,179085,3016,2321,35,2356,34
2020-11-04,Sierra,091,2930,9,6,0,6,0
2020-11-04,Siskiyou,093,43540,267,222,11,233,0
2020-11-04,Solano,095,438530,8250,7733,39,7772,85
2020-11-04,Sonoma,097,501317,10457,9965,34,9999,142
2020-11-04,Stanislaus,099,539301,18544,18114,878,18992,416
2020-11-04,Sutter,101,95872,2027,1916,2,1918,12
2020-11-04,Tehama,103,63373,1088,997,2,999,6
2020-11-04,Trinity,105,12862,123,37,14,51,0
2020-11-04,Tulare,107,460477,18771,17952,549,18501,298
2020-11-04,Tuolumne,109,53932,388,310,6,316,5
2020-11-04,Ventura,111,848112,16001,14936,426,15362,155
2020-11-04,Yolo,113,214977,3589,3361,10,3371,62
2020-11-04,Yuba,115,75493,1385,1312,5,1317,10
2020-11-03,Alameda,001,1643700,24982,24055,238,24293,418
2020-11-03,Alpine,002,1148,19,4,0,4,0
2020-11-03,Amador,005,37829,385,361,0,361,16
2020-11-03,Butte,007,227075,3352,3211,78,3289,57
2020-11-03,Calaveras,009,45235,350,287,0,287,19
2020-11-03,Colusa,011,21464,584,572,1,573,6
2020-11-03,Contra Costa,013,1133247,20176,19416,98,19514,250
2020-11-03,Del Norte,015,27424,197,187,0,187,2
2020-11-03,El Dorado,017,186661,1568,1445,14,1459,4
2020-11-03,Fresno,019,978130,35036,31856,558,32414,457
2020-11-03,Glenn,021,27897,726,698,6,704,3
2020-11-03,Humboldt,023,135768,612,570,1,571,8
2020-11-03,Imperial,025,180216,13474,13044,22,13066,335
2020-11-03,Inyo,027,18085,257,244,5,249,14
2020-11-03,Kern,029,883053,35100,33957,570,34527,439
2020-11-03,Kings,031,150075,9072,8783,60,8843,83
2020-11-03,Lake,033,64148,766,732,0,732,16
2020-11-03,Lassen,035,31185,807,782,2,784,0
2020-11-03,Los Angeles,037,10098052,318396,308812,3269,312081,7104
2020-11-03,Madera,039,155013,5304,5058,56,5114,54
2020-11-03,Marin,041,260295,7283,7147,21,7168,131
2020-11-03,Mariposa,043,17540,87,79,0,79,2
2020-11-03,Mendocino,045,87422,1154,1084,5,1089,22
2020-11-03,Merced,047,269075,9987,9713,45,9758,153
2020-11-03,Modoc,049,8938,57,47,9,56,0
2020-11-03,Mono,051,14174,444,210,8,218,1
2020-11-03,Monterey,053,433212,12162,11703,86,11789,94
2020-11-03,Napa,055,140530,2298,2130,10,2140,15
2020-11-03,Nevada,057,99092,740,670,19,689,9
2020-11-03,Orange,059,3164182,63687,60283,1915,62198,1477
2020-11-03,Placer,061,380077,4907,4514,23,4537,60
2020-11-03,Plumas,063,18699,109,86,0,86,0
2020-11-03,Riverside,065,2383286,71847,69300,633,69933,1325
2020-11-03,Sacramento,067,1510023,27885,26841,41,26882,510
2020-11-03,San Benito,069,59416,1508,1463,1,1464,15
2020-11-03,San Bernardino,071,2135413,69261,65320,549,65869,1159
2020-11-03,San Diego,073,3302833,61317,57722,1842,59564,901
2020-11-03,San Francisco,075,870044,13057,12585,57,12642,146
2020-11-03,San Joaquin,077,732212,22860,22109,280,22389,500
2020-11-03,San Luis Obispo,079,281455,4877,4371,43,4414,32
2020-11-03,San Mateo,081,765935,11989,11406,11,11417,162
2020-11-03,Santa Barbara,083,443738,10236,10008,126,10134,132
2020-11-03,Santa Clara,085,1922200,27268,25386,51,25437,393
2020-11-03,Santa Cruz,087,273765,3193,2980,35,3015,25
2020-11-03,Shasta,089,179085,2922,2288,28,2316,33
2020-11-03,Sierra,091,2930,7,6,0,6,0
2020-11-03,Siskiyou,093,43540,263,219,11,230,0
2020-11-03,Solano,095,438530,8166,7691,39,7730,85
2020-11-03,Sonoma,097,501317,10355,9906,34,9940,142
2020-11-03,Stanislaus,099,539301,18423,18080,867,18947,416
2020-11-03,Sutter,101,95872,1994,1914,2,1916,12
2020-11-03,Tehama,103,63373,1067,988,2,990,6
2020-11-03,Trinity,105,12862,116,36,13,49,0
2020-11-03,Tulare,107,460477,18665,17890,524,18414,297
2020-11-03,Tuolumne,109,53932,365,302,6,308,5
2020-11-03,Ventura,111,848112,15874,14816,419,15235,155
2020-11-03,Yolo,113,214977,3537,3343,10,3353,61
2020-11-03,Yuba,115,75493,1372,1295,5,1300,10
2020-11-02,Alameda,001,1643700,24786,23991,236,24227,419
2020-11-02,Alpine,002,1148,16,4,0,4,0
2020-11-02,Amador,005,37829,377,357,0,357,16
2020-11-02,Butte,007,227075,3332,3198,74,3272,57
2020-11-02,Calaveras,009,45235,350,282,0,282,18
2020-11-02,Colusa,011,21464,579,571,1,572,6
2020-11-02,Contra Costa,013,1133247,20018,19339,97,19436,250
2020-11-02,Del Norte,015,27424,194,175,0,175,2
2020-11-02,El Dorado,017,186661,1544,1405,14,1419,4
2020-11-02,Fresno,019,978130,34767,31738,541,32279,451
2020-11-02,Glenn,021,27897,720,692,5,697,3
2020-11-02,Humboldt,023,135768,603,569,1,570,8
2020-11-02,Imperial,025,180216,13394,13004,21,13025,334
2020-11-02,Inyo,027,18085,254,243,5,248,14
2020-11-02,Kern,029,883053,34942,33834,560,34394,437
2020-11-02,Kings,031,150075,9042,8654,57,8711,82
2020-11-02,Lake,033,64148,760,728,0,728,17
2020-11-02,Lassen,035,31185,799,782,2,784,0
2020-11-02,Los Angeles,037,10098052,316048,307620,3195,310815,7079
2020-11-02,Madera,039,155013,5273,5033,55,5088,54
2020-11-02,Marin,041,260295,7265,7132,20,7152,125
2020-11-02,Mariposa,043,17540,87,79,0,79,2
2020-11-02,Mendocino,045,87422,1140,1076,5,1081,21
2020-11-02,Merced,047,269075,9925,9664,39,9703,152
2020-11-02,Modoc,049,8938,54,45,5,50,0
2020-11-02,Mono,051,14174,442,211,8,219,1
2020-11-02,Monterey,053,433212,12055,11602,83,11685,93
2020-11-02,Napa,055,140530,2256,2081,10,2091,15
2020-11-02,Nevada,057,99092,724,656,19,675,9
2020-11-02,Orange,059,3164182,63281,59996,1900,61896,1474
2020-11-02,Placer,061,380077,4837,4461,21,4482,60
2020-11-02,Plumas,063,18699,101,86,0,86,0
2020-11-02,Riverside,065,2383286,71216,68833,592,69425,1321
2020-11-02,Sacramento,067,1510023,27543,26676,39,26715,508
2020-11-02,San Benito,069,59416,1496,1459,1,1460,15
2020-11-02,San Bernardino,071,2135413,68405,64629,538,65167,1157
2020-11-02,San Diego,073,3302833,60594,57429,1797,59226,891
2020-11-02,San Francisco,075,870044,12960,12436,56,12492,145
2020-11-02,San Joaquin,077,732212,22720,21919,272,22191,500
2020-11-02,San Luis Obispo,079,281455,4777,4303,40,4343,31
2020-11-02,San Mateo,081,765935,11880,11328,11,11339,161
2020-11-02,Santa Barbara,083,443738,10195,9985,121,10106,130
2020-11-02,Santa Clara,085,1922200,26981,25222,51,25273,387
2020-11-02,Santa Cruz,087,273765,3151,2943,35,2978,25
2020-11-02,Shasta,089,179085,2819,2174,24,2198,33
2020-11-02,Sierra,091,2930,7,6,0,6,0
2020-11-02,Siskiyou,093,43540,253,216,11,227,0
2020-11-02,Solano,095,438530,8048,7665,39,7704,84
2020-11-02,Sonoma,097,501317,10273,9796,33,9829,140
2020-11-02,Stanislaus,099,539301,18327,18005,858,18863,412
2020-11-02,Sutter,101,95872,1970,1895,2,1897,12
2020-11-02,Tehama,103,63373,1044,971,2,973,6
2020-11-02,Trinity,105,12862,110,30,13,43,0
2020-11-02,Tulare,107,460477,18571,17774,504,18278,299
2020-11-02,Tuolumne,109,53932,349,302,6,308,5
2020-11-02,Ventura,111,848112,15733,14767,405,15172,156
2020-11-02,Yolo,113,214977,3489,3318,10,3328,61
2020-11-02,Yuba,115,75493,1359,1280,5,1285,10
2020-11-01,Alameda,001,1643700,24623,23892,234,24126,419
2020-11-01,Alpine,002,1148,10,4,0,4,0
2020-11-01,Amador,005,37829,374,352,0,352,16
2020-11-01,Butte,007,227075,3309,3185,73,3258,57
2020-11-01,Calaveras,009,45235,349,282,0,282,18
2020-11-01,Colusa,011,21464,577,567,1,568,6
2020-11-01,Contra Costa,013,1133247,19845,19246,96,19342,250
2020-11-01,Del Norte,015,27424,190,175,0,175,2
2020-11-01,El Dorado,017,186661,1528,1394,14,1408,4
2020-11-01,Fresno,019,978130,34511,31613,521,32134,451
2020-11-01,Glenn,021,27897,711,688,3,691,3
2020-11-01,Humboldt,023,135768,595,568,1,569,8
2020-11-01,Imperial,025,180216,13303,12969,19,12988,334
2020-11-01,Inyo,027,18085,252,241,5,246,14
2020-11-01,Kern,029,883053,34761,33760,480,34240,437
2020-11-01,Kings,031,150075,9004,8641,56,8697,82
2020-11-01,Lake,033,64148,754,727,0,727,17
2020-11-01,Lassen,035,31185,799,782,2,784,0
2020-11-01,Los Angeles,037,10098052,313477,306217,3104,309321,7077
2020-11-01,Madera,039,155013,5226,5019,53,5072,54
2020-11-01,Marin,041,260295,7248,7124,20,7144,125
2020-11-01,Mariposa,043,17540,83,79,0,79,2
2020-11-01,Mendocino,045,87422,1126,1074,5,1079,21
2020-11-01,Merced,047,269075,9864,9626,39,9665,152
2020-11-01,Modoc,049,8938,53,45,5,50,0
2020-11-01,Mono,051,14174,413,211,7,218,1
2020-11-01,Monterey,053,433212,11948,11587,80,11667,93
2020-11-01,Napa,055,140530,2222,2067,10,2077,15
2020-11-01,Nevada,057,99092,708,646,18,664,9
2020-11-01,Orange,059,3164182,62879,59733,1874,61607,1475
2020-11-01,Placer,061,380077,4769,4422,20,4442,58
2020-11-01,Plumas,063,18699,96,86,0,86,0
2020-11-01,Riverside,065,2383286,70586,68493,557,69050,1319
2020-11-01,Sacramento,067,1510023,27221,26442,39,26481,508
2020-11-01,San Benito,069,59416,1481,1451,1,1452,15
2020-11-01,San Bernardino,071,2135413,67564,64339,517,64856,1157
2020-11-01,San Diego,073,3302833,59906,57122,1757,58879,891
2020-11-01,San Francisco,075,870044,12837,12436,51,12487,145
2020-11-01,San Joaquin,077,732212,22592,21919,266,22185,500
2020-11-01,San Luis Obispo,079,281455,4697,4303,39,4342,31
2020-11-01,San Mateo,081,765935,11799,11280,11,11291,160
2020-11-01,Santa Barbara,083,443738,10144,9969,105,10074,130
2020-11-01,Santa Clara,085,1922200,26698,25090,51,25141,386
2020-11-01,Santa Cruz,087,273765,3098,2921,35,2956,25
2020-11-01,Shasta,089,179085,2684,2172,23,2195,33
2020-11-01,Sierra,091,2930,7,6,0,6,0
2020-11-01,Siskiyou,093,43540,248,205,11,216,0
2020-11-01,Solano,095,438530,7958,7591,39,7630,84
2020-11-01,Sonoma,097,501317,10181,9688,33,9721,140
2020-11-01,Stanislaus,099,539301,18226,17961,839,18800,412
2020-11-01,Sutter,101,95872,1944,1888,1,1889,12
2020-11-01,Tehama,103,63373,1027,965,2,967,5
2020-11-01,Trinity,105,12862,108,30,12,42,0
2020-11-01,Tulare,107,460477,18459,17774,473,18247,299
2020-11-01,Tuolumne,109,53932,328,295,6,301,5
2020-11-01,Ventura,111,848112,15585,14686,377,15063,156
2020-11-01,Yolo,113,214977,3441,3303,10,3313,60
2020-11-01,Yuba,115,75493,1342,1273,5,1278,10
2020-10-31,Alameda,001,1643700,24507,23780,230,24010,416
2020-10-31,Alpine,002,1148,10,4,0,4,0
2020-10-31,Amador,005,37829,370,347,0,347,16
2020-10-31,Butte,007,227075,3296,3172,71,3243,57
2020-10-31,Calaveras,009,45235,349,280,0,280,18
2020-10-31,Colusa,011,21464,575,555,1,556,6
2020-10-31,Contra Costa,013,1133247,19740,19161,96,19257,249
2020-10-31,Del Norte,015,27424,189,175,0,175,2
2020-10-31,El Dorado,017,186661,1519,1390,14,1404,4
2020-10-31,Fresno,019,978130,34374,31558,518,32076,451
2020-10-31,Glenn,021,27897,709,678,3,681,3
2020-10-31,Humboldt,023,135768,592,561,1,562,8
2020-10-31,Imperial,025,180216,13261,12912,19,12931,334
2020-10-31,Inyo,027,18085,251,241,5,246,14
2020-10-31,Kern,029,883053,34658,33666,471,34137,437
2020-10-31,Kings,031,150075,8983,8612,55,8667,82
2020-10-31,Lake,033,64148,750,724,0,724,16
2020-10-31,Lassen,035,31185,794,782,2,784,0
2020-10-31,Los Angeles,037,10098052,312098,304704,3066,307770,7073
2020-10-31,Madera,039,155013,5207,5013,50,5063,54
2020-10-31,Marin,041,260295,7232,7112,20,7132,125
2020-10-31,Mariposa,043,17540,83,79,0,79,2
2020-10-31,Mendocino,045,87422,1118,1066,5,1071,21
2020-10-31,Merced,047,269075,9831,9597,38,9635,151
2020-10-31,Modoc,049,8938,52,34,4,38,0
2020-10-31,Mono,051,14174,264,194,6,200,1
2020-10-31,Monterey,053,433212,11880,11539,76,11615,93
2020-10-31,Napa,055,140530,2203,2040,10,2050,15
2020-10-31,Nevada,057,99092,690,644,18,662,9
2020-10-31,Orange,059,3164182,62620,59488,1856,61344,1473
2020-10-31,Placer,061,380077,4719,4374,19,4393,58
2020-10-31,Plumas,063,18699,95,85,0,85,0
2020-10-31,Riverside,065,2383286,70229,68178,534,68712,1319
2020-10-31,Sacramento,067,1510023,27022,26316,37,26353,507
2020-10-31,San Benito,069,59416,1474,1448,1,1449,15
2020-10-31,San Bernardino,071,2135413,67138,64016,507,64523,1157
2020-10-31,San Diego,073,3302833,59453,56769,1729,58498,891
2020-10-31,San Francisco,075,870044,12763,12438,50,12488,145
2020-10-31,San Joaquin,077,732212,22517,21918,257,22175,500
2020-10-31,San Luis Obispo,079,281455,4628,4285,36,4321,31
2020-10-31,San Mateo,081,765935,11748,11253,11,11264,160
2020-10-31,Santa Barbara,083,443738,10115,9957,97,10054,130
2020-10-31,Santa Clara,085,1922200,26530,24957,51,25008,379
2020-10-31,Santa Cruz,087,273765,3063,2895,34,2929,25
2020-10-31,Shasta,089,179085,2630,2122,22,2144,33
2020-10-31,Sierra,091,2930,7,6,0,6,0
2020-10-31,Siskiyou,093,43540,246,200,11,211,0
2020-10-31,Solano,095,438530,7893,7545,39,7584,84
2020-10-31,Sonoma,097,501317,10128,9648,33,9681,140
2020-10-31,Stanislaus,099,539301,18163,17920,823,18743,412
2020-10-31,Sutter,101,95872,1935,1876,1,1877,12
2020-10-31,Tehama,103,63373,1017,953,2,955,5
2020-10-31,Trinity,105,12862,105,30,12,42,0
2020-10-31,Tulare,107,460477,18410,17758,466,18224,299
2020-10-31,Tuolumne,109,53932,321,290,6,296,5
2020-10-31,Ventura,111,848112,15501,14635,359,14994,155
2020-10-31,Yolo,113,214977,3406,3290,10,3300,60
2020-10-31,Yuba,115,75493,1326,1260,4,1264,10
2020-10-30,Alameda,001,1643700,24428,23676,228,23904,401
2020-10-30,Alpine,002,1148,10,4,0,4,0
2020-10-30,Amador,005,37829,370,344,0,344,16
2020-10-30,Butte,007,227075,3291,3160,71,3231,57
2020-10-30,Calaveras,009,45235,348,279,0,279,18
2020-10-30,Colusa,011,21464,573,554,1,555,6
2020-10-30,Contra Costa,013,1133247,19667,19074,96,19170,249
2020-10-30,Del Norte,015,27424,188,175,0,175,2
2020-10-30,El Dorado,017,186661,1506,1386,14,1400,4
2020-10-30,Fresno,019,978130,34252,31409,510,31919,446
2020-10-30,Glenn,021,27897,703,674,2,676,3
2020-10-30,Humboldt,023,135768,591,561,1,562,7
2020-10-30,Imperial,025,180216,13220,12853,19,12872,334
2020-10-30,Inyo,027,18085,250,241,5,246,14
2020-10-30,Kern,029,883053,34565,33583,470,34053,437
2020-10-30,Kings,031,150075,8973,8564,53,8617,82
2020-10-30,Lake,033,64148,750,720,0,720,16
2020-10-30,Lassen,035,31185,788,777,2,779,0
2020-10-30,Los Angeles,037,10098052,310662,303425,3031,306456,7060
2020-10-30,Madera,039,155013,5194,4991,48,5039,54
2020-10-30,Marin,041,260295,7212,7097,20,7117,125
2020-10-30,Mariposa,043,17540,83,78,0,78,2
2020-10-30,Mendocino,045,87422,1116,1062,5,1067,21
2020-10-30,Merced,047,269075,9799,9539,38,9577,150
2020-10-30,Modoc,049,8938,51,34,3,37,0
2020-10-30,Mono,051,14174,263,193,6,199,1
2020-10-30,Monterey,053,433212,11817,11491,71,11562,92
2020-10-30,Napa,055,140530,2185,2028,10,2038,15
2020-10-30,Nevada,057,99092,684,634,18,652,9
2020-10-30,Orange,059,3164182,62379,59334,1844,61178,1469
2020-10-30,Placer,061,380077,4672,4335,19,4354,58
2020-10-30,Plumas,063,18699,92,80,0,80,0
2020-10-30,Riverside,065,2383286,69890,67752,514,68266,1317
2020-10-30,Sacramento,067,1510023,26874,26147,37,26184,505
2020-10-30,San Benito,069,59416,1468,1440,1,1441,15
2020-10-30,San Bernardino,071,2135413,66722,63512,504,64016,1156
2020-10-30,San Diego,073,3302833,59048,56387,1707,58094,888
2020-10-30,San Francisco,075,870044,12708,12384,50,12434,145
2020-10-30,San Joaquin,077,732212,22450,21849,251,22100,500
2020-10-30,San Luis Obispo,079,281455,4586,4256,36,4292,31
2020-10-30,San Mateo,081,765935,11689,11207,11,11218,159
2020-10-30,Santa Barbara,083,443738,10092,9937,97,10034,128
2020-10-30,Santa Clara,085,1922200,26382,24811,51,24862,378
2020-10-30,Santa Cruz,087,273765,3045,2874,34,2908,25
2020-10-30,Shasta,089,179085,2586,2048,21,2069,32
2020-10-30,Sierra,091,2930,7,6,0,6,0
2020-10-30,Siskiyou,093,43540,246,192,11,203,0
2020-10-30,Solano,095,438530,7832,7497,39,7536,84
2020-10-30,Sonoma,097,501317,10053,9602,33,9635,140
2020-10-30,Stanislaus,099,539301,18115,17861,808,18669,410
2020-10-30,Sutter,101,95872,1922,1860,1,1861,12
2020-10-30,Tehama,103,63373,1013,932,2,934,5
2020-10-30,Trinity,105,12862,105,29,12,41,0
2020-10-30,Tulare,107,460477,18365,17682,452,18134,299
2020-10-30,Tuolumne,109,53932,313,286,6,292,4
2020-10-30,Ventura,111,848112,15428,14578,348,14926,154
2020-10-30,Yolo,113,214977,3389,3263,10,3273,60
2020-10-30,Yuba,115,75493,1318,1256,4,1260,10
2020-10-29,Alameda,001,1643700,24265,23530,227,23757,401
2020-10-29,Alpine,002,1148,7,4,0,4,0
2020-10-29,Amador,005,37829,366,338,0,338,16
2020-10-29,Butte,007,227075,3273,3143,69,3212,57
2020-10-29,Calaveras,009,45235,346,278,0,278,13
2020-10-29,Colusa,011,21464,569,552,1,553,6
2020-10-29,Contra Costa,013,1133247,19569,18933,95,19028,249
2020-10-29,Del Norte,015,27424,186,174,0,174,2
2020-10-29,El Dorado,017,186661,1484,1370,14,1384,4
2020-10-29,Fresno,019,978130,34093,31321,503,31824,445
2020-10-29,Glenn,021,27897,701,673,2,675,3
2020-10-29,Humboldt,023,135768,586,559,1,560,7
2020-10-29,Imperial,025,180216,13177,12769,19,12788,334
2020-10-29,Inyo,027,18085,248,238,5,243,14
2020-10-29,Kern,029,883053,34464,33460,465,33925,437
2020-10-29,Kings,031,150075,8819,8502,52,8554,82
2020-10-29,Lake,033,64148,747,702,0,702,16
2020-10-29,Lassen,035,31185,787,772,2,774,0
2020-10-29,Los Angeles,037,10098052,309034,302246,2985,305231,7046
2020-10-29,Madera,039,155013,5163,4970,46,5016,53
2020-10-29,Marin,041,260295,7198,7083,20,7103,125
2020-10-29,Mariposa,043,17540,81,78,0,78,2
2020-10-29,Mendocino,045,87422,1110,1058,5,1063,21
2020-10-29,Merced,047,269075,9747,9496,38,9534,150
2020-10-29,Modoc,049,8938,49,31,3,34,0
2020-10-29,Mono,051,14174,256,176,6,182,1
2020-10-29,Monterey,053,433212,11736,11425,69,11494,92
2020-10-29,Napa,055,140530,2161,2009,10,2019,15
2020-10-29,Nevada,057,99092,677,632,18,650,9
2020-10-29,Orange,059,3164182,62111,59046,1824,60870,1464
2020-10-29,Placer,061,380077,4627,4270,18,4288,58
2020-10-29,Plumas,063,18699,90,69,0,69,0
2020-10-29,Riverside,065,2383286,69514,67268,484,67752,1304
2020-10-29,Sacramento,067,1510023,26661,25978,36,26014,507
2020-10-29,San Benito,069,59416,1463,1431,1,1432,15
2020-10-29,San Bernardino,071,2135413,66154,62968,494,63462,1150
2020-10-29,San Diego,073,3302833,58582,55916,1678,57594,885
2020-10-29,San Francisco,075,870044,12630,12312,50,12362,145
2020-10-29,San Joaquin,077,732212,22366,21736,239,21975,498
2020-10-29,San Luis Obispo,079,281455,4555,4223,35,4258,31
2020-10-29,San Mateo,081,765935,11644,11145,11,11156,157
2020-10-29,Santa Barbara,083,443738,10059,9902,95,9997,128
2020-10-29,Santa Clara,085,1922200,26231,24614,51,24665,377
2020-10-29,Santa Cruz,087,273765,3020,2850,34,2884,24
2020-10-29,Shasta,089,179085,2523,2008,21,2029,32
2020-10-29,Sierra,091,2930,6,6,0,6,0
2020-10-29,Siskiyou,093,43540,230,185,11,196,0
2020-10-29,Solano,095,438530,7770,7453,39,7492,78
2020-10-29,Sonoma,097,501317,9988,9533,33,9566,140
2020-10-29,Stanislaus,099,539301,18062,17790,787,18577,410
2020-10-29,Sutter,101,95872,1915,1852,1,1853,12
2020-10-29,Tehama,103,63373,995,925,2,927,5
2020-10-29,Trinity,105,12862,100,28,11,39,0
2020-10-29,Tulare,107,460477,18287,17627,434,18061,299
2020-10-29,Tuolumne,109,53932,308,279,6,285,4
2020-10-29,Ventura,111,848112,15337,14486,344,14830,154
2020-10-29,Yolo,113,214977,3360,3246,10,3256,60
2020-10-29,Yuba,115,75493,1307,1248,4,1252,10
2020-10-28,Alameda,001,1643700,24165,23468,226,23694,400
2020-10-28,Alpine,002,1148,6,4,0,4,0
2020-10-28,Amador,005,37829,363,337,0,337,16
2020-10-28,Butte,007,227075,3257,3134,66,3200,56
2020-10-28,Calaveras,009,45235,345,278,0,278,13
2020-10-28,Colusa,011,21464,566,551,1,552,6
2020-10-28,Contra Costa,013,1133247,19482,18828,94,18922,246
2020-10-28,Del Norte,015,27424,183,173,0,173,2
2020-10-28,El Dorado,017,186661,1472,1363,14,1377,4
2020-10-28,Fresno,019,978130,33973,31195,497,31692,444
2020-10-28,Glenn,021,27897,697,673,2,675,3
2020-10-28,Humboldt,023,135768,582,559,1,560,7
2020-10-28,Imperial,025,180216,13127,12730,19,12749,333
2020-10-28,Inyo,027,18085,248,238,5,243,14
2020-10-28,Kern,029,883053,34362,33424,447,33871,436
2020-10-28,Kings,031,150075,8797,8486,52,8538,82
2020-10-28,Lake,033,64148,744,700,0,700,15
2020-10-28,Lassen,035,31185,783,771,2,773,0
2020-10-28,Los Angeles,037,10098052,307579,300726,2942,303668,7031
2020-10-28,Madera,039,155013,5146,4954,45,4999,53
2020-10-28,Marin,041,260295,7187,7079,20,7099,126
2020-10-28,Mariposa,043,17540,81,78,0,78,2
2020-10-28,Mendocino,045,87422,1109,1037,5,1042,20
2020-10-28,Merced,047,269075,9721,9480,37,9517,150
2020-10-28,Modoc,049,8938,48,31,2,33,0
2020-10-28,Mono,051,14174,238,176,6,182,1
2020-10-28,Monterey,053,433212,11678,11330,67,11397,89
2020-10-28,Napa,055,140530,2135,1998,9,2007,15
2020-10-28,Nevada,057,99092,669,629,18,647,9
2020-10-28,Orange,059,3164182,61847,58801,1808,60609,1459
2020-10-28,Placer,061,380077,4571,4236,18,4254,57
2020-10-28,Plumas,063,18699,89,67,0,67,0
2020-10-28,Riverside,065,2383286,69117,67003,460,67463,1302
2020-10-28,Sacramento,067,1510023,26464,25838,35,25873,506
2020-10-28,San Benito,069,59416,1455,1429,1,1430,15
2020-10-28,San Bernardino,071,2135413,65695,62778,485,63263,1154
2020-10-28,San Diego,073,3302833,58199,55556,1649,57205,881
2020-10-28,San Francisco,075,870044,12572,12261,49,12310,145
2020-10-28,San Joaquin,077,732212,22282,21707,228,21935,498
2020-10-28,San Luis Obispo,079,281455,4511,4197,32,4229,31
2020-10-28,San Mateo,081,765935,11577,11101,11,11112,157
2020-10-28,Santa Barbara,083,443738,10036,9872,93,9965,127
2020-10-28,Santa Clara,085,1922200,26087,24503,51,24554,375
2020-10-28,Santa Cruz,087,273765,2989,2836,34,2870,24
2020-10-28,Shasta,089,179085,2443,1996,20,2016,31
2020-10-28,Sierra,091,2930,6,6,0,6,0
2020-10-28,Siskiyou,093,43540,227,182,10,192,0
2020-10-28,Solano,095,438530,7711,7362,39,7401,77
2020-10-28,Sonoma,097,501317,9898,9457,28,9485,140
2020-10-28,Stanislaus,099,539301,17997,17765,778,18543,409
2020-10-28,Sutter,101,95872,1906,1840,1,1841,12
2020-10-28,Tehama,103,63373,984,921,2,923,5
2020-10-28,Trinity,105,12862,93,28,10,38,0
2020-10-28,Tulare,107,460477,18230,17569,419,17988,297
2020-10-28,Tuolumne,109,53932,304,277,6,283,4
2020-10-28,Ventura,111,848112,15264,14409,335,14744,153
2020-10-28,Yolo,113,214977,3335,3230,10,3240,60
2020-10-28,Yuba,115,75493,1295,1245,4,1249,10
2020-10-27,Alameda,001,1643700,24050,23365,224,23589,400
2020-10-27,Alpine,002,1148,6,3,0,3,0
2020-10-27,Amador,005,37829,360,335,0,335,16
2020-10-27,Butte,007,227075,3241,3107,63,3170,56
2020-10-27,Calaveras,009,45235,343,277,0,277,13
2020-10-27,Colusa,011,21464,561,549,1,550,6
2020-10-27,Contra Costa,013,1133247,19376,18766,94,18860,246
2020-10-27,Del Norte,015,27424,180,173,0,173,2
2020-10-27,El Dorado,017,186661,1459,1351,14,1365,4
2020-10-27,Fresno,019,978130,33855,31096,492,31588,442
2020-10-27,Glenn,021,27897,695,667,1,668,3
2020-10-27,Humboldt,023,135768,579,559,1,560,7
2020-10-27,Imperial,025,180216,13078,12680,19,12699,333
2020-10-27,Inyo,027,18085,248,231,5,236,14
2020-10-27,Kern,029,883053,34245,33328,443,33771,436
2020-10-27,Kings,031,150075,8766,8411,52,8463,83
2020-10-27,Lake,033,64148,741,700,0,700,15
2020-10-27,Lassen,035,31185,781,764,2,766,0
2020-10-27,Los Angeles,037,10098052,306191,299438,2913,302351,7008
2020-10-27,Madera,039,155013,5116,4942,44,4986,53
2020-10-27,Marin,041,260295,7171,7070,20,7090,126
2020-10-27,Mariposa,043,17540,80,78,0,78,2
2020-10-27,Mendocino,045,87422,1103,1033,4,1037,20
2020-10-27,Merced,047,269075,9680,9449,37,9486,150
2020-10-27,Modoc,049,8938,46,31,2,33,0
2020-10-27,Mono,051,14174,224,169,6,175,1
2020-10-27,Monterey,053,433212,11622,11261,65,11326,88
2020-10-27,Napa,055,140530,2119,1979,9,1988,15
2020-10-27,Nevada,057,99092,663,622,18,640,8
2020-10-27,Orange,059,3164182,61577,58550,1792,60342,1448
2020-10-27,Placer,061,380077,4522,4197,16,4213,57
2020-10-27,Plumas,063,18699,86,63,0,63,0
2020-10-27,Riverside,065,2383286,68764,66699,415,67114,1299
2020-10-27,Sacramento,067,1510023,26277,25701,34,25735,501
2020-10-27,San Benito,069,59416,1450,1428,1,1429,15
2020-10-27,San Bernardino,071,2135413,65233,62357,472,62829,1154
2020-10-27,San Diego,073,3302833,57726,55226,1626,56852,877
2020-10-27,San Francisco,075,870044,12497,12218,48,12266,140
2020-10-27,San Joaquin,077,732212,22191,21637,219,21856,496
2020-10-27,San Luis Obispo,079,281455,4484,4148,28,4176,31
2020-10-27,San Mateo,081,765935,11530,11074,11,11085,156
2020-10-27,Santa Barbara,083,443738,10006,9874,92,9966,125
2020-10-27,Santa Clara,085,1922200,25945,24368,51,24419,367
2020-10-27,Santa Cruz,087,273765,2959,2815,33,2848,24
2020-10-27,Shasta,089,179085,2357,1962,20,1982,29
2020-10-27,Sierra,091,2930,6,6,0,6,0
2020-10-27,Siskiyou,093,43540,218,181,10,191,0
2020-10-27,Solano,095,438530,7642,7298,39,7337,77
2020-10-27,Sonoma,097,501317,9831,9389,28,9417,140
2020-10-27,Stanislaus,099,539301,17929,17720,771,18491,408
2020-10-27,Sutter,101,95872,1893,1832,1,1833,12
2020-10-27,Tehama,103,63373,970,913,2,915,5
2020-10-27,Trinity,105,12862,90,28,10,38,0
2020-10-27,Tulare,107,460477,18167,17520,396,17916,296
2020-10-27,Tuolumne,109,53932,300,275,6,281,4
2020-10-27,Ventura,111,848112,15181,14347,328,14675,153
2020-10-27,Yolo,113,214977,3322,3216,10,3226,58
2020-10-27,Yuba,115,75493,1282,1235,4,1239,10
2020-10-26,Alameda,001,1643700,23937,23284,223,23507,398
2020-10-26,Alpine,002,1148,4,3,0,3,0
2020-10-26,Amador,005,37829,356,331,0,331,16
2020-10-26,Butte,007,227075,3230,3095,61,3156,56
2020-10-26,Calaveras,009,45235,340,274,0,274,13
2020-10-26,Colusa,011,21464,559,548,1,549,6
2020-10-26,Contra Costa,013,1133247,19280,18718,93,18811,245
2020-10-26,Del Norte,015,27424,180,171,0,171,2
2020-10-26,El Dorado,017,186661,1445,1336,14,1350,4
2020-10-26,Fresno,019,978130,33742,30969,485,31454,441
2020-10-26,Glenn,021,27897,688,660,1,661,3
2020-10-26,Humboldt,023,135768,571,554,1,555,7
2020-10-26,Imperial,025,180216,13024,12654,16,12670,333
2020-10-26,Inyo,027,18085,248,226,5,231,14
2020-10-26,Kern,029,883053,34161,33233,438,33671,432
2020-10-26,Kings,031,150075,8745,8264,50,8314,82
2020-10-26,Lake,033,64148,739,697,0,697,15
2020-10-26,Lassen,035,31185,778,764,2,766,0
2020-10-26,Los Angeles,037,10098052,304764,297961,2872,300833,6979
2020-10-26,Madera,039,155013,5095,4922,43,4965,53
2020-10-26,Marin,041,260295,7165,7064,19,7083,104
2020-10-26,Mariposa,043,17540,80,77,0,77,2
2020-10-26,Mendocino,045,87422,1095,1026,4,1030,20
2020-10-26,Merced,047,269075,9633,9375,36,9411,150
2020-10-26,Modoc,049,8938,44,28,0,28,0
2020-10-26,Mono,051,14174,218,167,6,173,1
2020-10-26,Monterey,053,433212,11571,11207,61,11268,87
2020-10-26,Napa,055,140530,2087,1966,9,1975,14
2020-10-26,Nevada,057,99092,656,618,18,636,8
2020-10-26,Orange,059,3164182,61373,58377,1774,60151,1442
2020-10-26,Placer,061,380077,4480,4161,15,4176,57
2020-10-26,Plumas,063,18699,84,63,0,63,0
2020-10-26,Riverside,065,2383286,68313,66475,389,66864,1294
2020-10-26,Sacramento,067,1510023,26097,25555,32,25587,496
2020-10-26,San Benito,069,59416,1442,1424,1,1425,15
2020-10-26,San Bernardino,071,2135413,64762,61871,469,62340,1153
2020-10-26,San Diego,073,3302833,57333,54957,1588,56545,870
2020-10-26,San Francisco,075,870044,12437,12072,48,12120,138
2020-10-26,San Joaquin,077,732212,22108,21459,213,21672,495
2020-10-26,San Luis Obispo,079,281455,4458,4133,28,4161,31
2020-10-26,San Mateo,081,765935,11486,11037,11,11048,156
2020-10-26,Santa Barbara,083,443738,9983,9827,92,9919,122
2020-10-26,Santa Clara,085,1922200,25755,24258,50,24308,365
2020-10-26,Santa Cruz,087,273765,2933,2808,33,2841,24
2020-10-26,Shasta,089,179085,2303,1889,20,1909,29
2020-10-26,Sierra,091,2930,6,6,0,6,0
2020-10-26,Siskiyou,093,43540,210,179,10,189,0
2020-10-26,Solano,095,438530,7562,7271,39,7310,62
2020-10-26,Sonoma,097,501317,9754,9315,28,9343,140
2020-10-26,Stanislaus,099,539301,17879,17666,761,18427,400
2020-10-26,Sutter,101,95872,1885,1817,1,1818,12
2020-10-26,Tehama,103,63373,950,892,2,894,5
2020-10-26,Trinity,105,12862,89,26,10,36,0
2020-10-26,Tulare,107,460477,18090,17432,373,17805,296
2020-10-26,Tuolumne,109,53932,291,271,6,277,4
2020-10-26,Ventura,111,848112,15112,14330,325,14655,154
2020-10-26,Yolo,113,214977,3303,3206,10,3216,58
2020-10-26,Yuba,115,75493,1266,1226,4,1230,10
2020-10-25,Alameda,001,1643700,23830,23192,223,23415,398
2020-10-25,Alpine,002,1148,3,3,0,3,0
2020-10-25,Amador,005,37829,345,330,0,330,16
2020-10-25,Butte,007,227075,3210,3087,61,3148,56
2020-10-25,Calaveras,009,45235,339,274,0,274,13
2020-10-25,Colusa,011,21464,555,548,1,549,6
2020-10-25,Contra Costa,013,1133247,19177,18640,93,18733,245
2020-10-25,Del Norte,015,27424,176,171,0,171,2
2020-10-25,El Dorado,017,186661,1430,1328,14,1342,4
2020-10-25,Fresno,019,978130,33608,30858,472,31330,441
2020-10-25,Glenn,021,27897,685,652,1,653,3
2020-10-25,Humboldt,023,135768,568,554,1,555,7
2020-10-25,Imperial,025,180216,12975,12572,16,12588,333
2020-10-25,Inyo,027,18085,245,226,5,231,14
2020-10-25,Kern,029,883053,34054,33185,434,33619,432
2020-10-25,Kings,031,150075,8712,8246,48,8294,82
2020-10-25,Lake,033,64148,722,695,0,695,15
2020-10-25,Lassen,035,31185,776,764,2,766,0
2020-10-25,Los Angeles,037,10098052,303200,297110,2836,299946,6973
2020-10-25,Madera,039,155013,5065,4909,38,4947,53
2020-10-25,Marin,041,260295,7155,7052,19,7071,102
2020-10-25,Mariposa,043,17540,80,77,0,77,2
2020-10-25,Mendocino,045,87422,1088,1024,4,1028,20
2020-10-25,Merced,047,269075,9568,9352,34,9386,150
2020-10-25,Modoc,049,8938,39,28,0,28,0
2020-10-25,Mono,051,14174,210,167,6,173,1
2020-10-25,Monterey,053,433212,11488,11182,56,11238,87
2020-10-25,Napa,055,140530,2057,1962,9,1971,14
2020-10-25,Nevada,057,99092,648,616,18,634,8
2020-10-25,Orange,059,3164182,61084,58185,1765,59950,1443
2020-10-25,Placer,061,380077,4428,4140,15,4155,57
2020-10-25,Plumas,063,18699,84,63,0,63,0
2020-10-25,Riverside,065,2383286,67863,66192,373,66565,1289
2020-10-25,Sacramento,067,1510023,25882,25445,30,25475,496
2020-10-25,San Benito,069,59416,1435,1423,1,1424,15
2020-10-25,San Bernardino,071,2135413,64222,61551,457,62008,1153
2020-10-25,San Diego,073,3302833,56870,54599,1556,56155,870
2020-10-25,San Francisco,075,870044,12364,12072,48,12120,137
2020-10-25,San Joaquin,077,732212,22000,21459,204,21663,495
2020-10-25,San Luis Obispo,079,281455,4416,4126,26,4152,31
2020-10-25,San Mateo,081,765935,11441,10987,11,10998,156
2020-10-25,Santa Barbara,083,443738,9964,9814,92,9906,122
2020-10-25,Santa Clara,085,1922200,25567,24087,50,24137,365
2020-10-25,Santa Cruz,087,273765,2906,2789,33,2822,24
2020-10-25,Shasta,089,179085,2239,1889,20,1909,29
2020-10-25,Sierra,091,2930,6,6,0,6,0
2020-10-25,Siskiyou,093,43540,207,176,10,186,0
2020-10-25,Solano,095,438530,7484,7197,39,7236,60
2020-10-25,Sonoma,097,501317,9661,9235,27,9262,140
2020-10-25,Stanislaus,099,539301,17822,17641,752,18393,400
2020-10-25,Sutter,101,95872,1867,1811,1,1812,12
2020-10-25,Tehama,103,63373,933,880,2,882,5
2020-10-25,Trinity,105,12862,85,26,10,36,0
2020-10-25,Tulare,107,460477,18016,17431,363,17794,296
2020-10-25,Tuolumne,109,53932,286,271,6,277,4
2020-10-25,Ventura,111,848112,15019,14300,319,14619,154
2020-10-25,Yolo,113,214977,3282,3190,10,3200,58
2020-10-25,Yuba,115,75493,1258,1219,4,1223,10
2020-10-24,Alameda,001,1643700,23759,23099,220,23319,398
2020-10-24,Alpine,002,1148,3,3,0,3,0
2020-10-24,Amador,005,37829,344,328,0,328,16
2020-10-24,Butte,007,227075,3201,3078,61,3139,56
2020-10-24,Calaveras,009,45235,337,274,0,274,13
2020-10-24,Colusa,011,21464,550,548,1,549,6
2020-10-24,Contra Costa,013,1133247,19111,18567,93,18660,244
2020-10-24,Del Norte,015,27424,175,171,0,171,2
2020-10-24,El Dorado,017,186661,1414,1317,14,1331,4
2020-10-24,Fresno,019,978130,33547,30752,467,31219,441
2020-10-24,Glenn,021,27897,682,650,1,651,3
2020-10-24,Humboldt,023,135768,566,553,1,554,7
2020-10-24,Imperial,025,180216,12948,12469,16,12485,333
2020-10-24,Inyo,027,18085,245,226,5,231,14
2020-10-24,Kern,029,883053,33996,33105,429,33534,432
2020-10-24,Kings,031,150075,8702,8228,47,8275,82
2020-10-24,Lake,033,64148,717,696,0,696,15
2020-10-24,Lassen,035,31185,775,764,2,766,0
2020-10-24,Los Angeles,037,10098052,302382,296323,2814,299137,6969
2020-10-24,Madera,039,155013,5052,4898,37,4935,53
2020-10-24,Marin,041,260295,7146,7042,19,7061,102
2020-10-24,Mariposa,043,17540,80,77,0,77,2
2020-10-24,Mendocino,045,87422,1076,1022,4,1026,20
2020-10-24,Merced,047,269075,9544,9351,34,9385,150
2020-10-24,Modoc,049,8938,38,28,0,28,0
2020-10-24,Mono,051,14174,196,167,6,173,1
2020-10-24,Monterey,053,433212,11419,11153,55,11208,87
2020-10-24,Napa,055,140530,2040,1957,8,1965,14
2020-10-24,Nevada,057,99092,644,608,18,626,8
2020-10-24,Orange,059,3164182,60929,57928,1755,59683,1441
2020-10-24,Placer,061,380077,4397,4093,15,4108,57
2020-10-24,Plumas,063,18699,78,63,0,63,0
2020-10-24,Riverside,065,2383286,67655,65902,359,66261,1288
2020-10-24,Sacramento,067,1510023,25801,25372,30,25402,496
2020-10-24,San Benito,069,59416,1430,1417,1,1418,15
2020-10-24,San Bernardino,071,2135413,63983,61351,449,61800,1153
2020-10-24,San Diego,073,3302833,56593,54330,1543,55873,868
2020-10-24,San Francisco,075,870044,12305,12073,47,12120,137
2020-10-24,San Joaquin,077,732212,21947,21458,199,21657,495
2020-10-24,San Luis Obispo,079,281455,4393,4119,25,4144,31
2020-10-24,San Mateo,081,765935,11402,10942,11,10953,155
2020-10-24,Santa Barbara,083,443738,9947,9781,92,9873,122
2020-10-24,Santa Clara,085,1922200,25480,23978,50,24028,365
2020-10-24,Santa Cruz,087,273765,2887,2775,33,2808,24
2020-10-24,Shasta,089,179085,2194,1878,20,1898,29
2020-10-24,Sierra,091,2930,6,6,0,6,0
2020-10-24,Siskiyou,093,43540,206,174,10,184,0
2020-10-24,Solano,095,438530,7431,7189,39,7228,60
2020-10-24,Sonoma,097,501317,9627,9179,27,9206,140
2020-10-24,Stanislaus,099,539301,17779,17574,737,18311,400
2020-10-24,Sutter,101,95872,1858,1804,1,1805,12
2020-10-24,Tehama,103,63373,925,872,2,874,5
2020-10-24,Trinity,105,12862,85,25,10,35,0
2020-10-24,Tulare,107,460477,17994,17406,351,17757,295
2020-10-24,Tuolumne,109,53932,283,269,6,275,4
2020-10-24,Ventura,111,848112,14966,14240,318,14558,154
2020-10-24,Yolo,113,214977,3270,3164,10,3174,57
2020-10-24,Yuba,115,75493,1255,1210,4,1214,10
2020-10-23,Alameda,001,1643700,23686,23047,218,23265,393
2020-10-23,Alpine,002,1148,3,3,0,3,0
2020-10-23,Amador,005,37829,343,324,0,324,16
2020-10-23,Butte,007,227075,3192,3059,61,3120,55
2020-10-23,Calaveras,009,45235,336,273,0,273,13
2020-10-23,Colusa,011,21464,550,547,1,548,6
2020-10-23,Contra Costa,013,1133247,19041,18483,92,18575,244
2020-10-23,Del Norte,015,27424,175,171,0,171,2
2020-10-23,El Dorado,017,186661,1405,1310,14,1324,4
2020-10-23,Fresno,019,978130,33480,30590,464,31054,441
2020-10-23,Glenn,021,27897,679,644,1,645,3
2020-10-23,Humboldt,023,135768,564,553,1,554,7
2020-10-23,Imperial,025,180216,12917,12398,15,12413,333
2020-10-23,Inyo,027,18085,244,226,5,231,14
2020-10-23,Kern,029,883053,33928,33077,424,33501,431
2020-10-23,Kings,031,150075,8693,8218,47,8265,82
2020-10-23,Lake,033,64148,715,689,0,689,15
2020-10-23,Lassen,035,31185,774,764,2,766,0
2020-10-23,Los Angeles,037,10098052,301296,294287,2787,297074,6956
2020-10-23,Madera,039,155013,5047,4888,37,4925,53
2020-10-23,Marin,041,260295,7133,7029,19,7048,102
2020-10-23,Mariposa,043,17540,80,77,0,77,2
2020-10-23,Mendocino,045,87422,1073,1019,4,1023,20
2020-10-23,Merced,047,269075,9530,9327,34,9361,149
2020-10-23,Modoc,049,8938,38,28,0,28,0
2020-10-23,Mono,051,14174,194,159,6,165,1
2020-10-23,Monterey,053,433212,11372,11099,51,11150,86
2020-10-23,Napa,055,140530,2032,1942,8,1950,14
2020-10-23,Nevada,057,99092,641,604,18,622,8
2020-10-23,Orange,059,3164182,60759,57595,1740,59335,1430
2020-10-23,Placer,061,380077,4350,4073,15,4088,57
2020-10-23,Plumas,063,18699,75,63,0,63,0
2020-10-23,Riverside,065,2383286,67416,65512,351,65863,1279
2020-10-23,Sacramento,067,1510023,25696,25224,30,25254,496
2020-10-23,San Benito,069,59416,1428,1412,1,1413,15
2020-10-23,San Bernardino,071,2135413,63697,60854,435,61289,1150
2020-10-23,San Diego,073,3302833,56287,53944,1516,55460,867
2020-10-23,San Francisco,075,870044,12274,12015,47,12062,137
2020-10-23,San Joaquin,077,732212,21891,21361,193,21554,495
2020-10-23,San Luis Obispo,079,281455,4368,4102,25,4127,31
2020-10-23,San Mateo,081,765935,11353,10872,11,10883,155
2020-10-23,Santa Barbara,083,443738,9931,9751,92,9843,121
2020-10-23,Santa Clara,085,1922200,25378,23822,50,23872,364
2020-10-23,Santa Cruz,087,273765,2873,2757,33,2790,24
2020-10-23,Shasta,089,179085,2157,1846,19,1865,29
2020-10-23,Sierra,091,2930,6,6,0,6,0
2020-10-23,Siskiyou,093,43540,202,172,10,182,0
2020-10-23,Solano,095,438530,7400,7174,39,7213,59
2020-10-23,Sonoma,097,501317,9570,9112,27,9139,139
2020-10-23,Stanislaus,099,539301,17742,17496,730,18226,395
2020-10-23,Sutter,101,95872,1851,1797,1,1798,12
2020-10-23,Tehama,103,63373,916,862,2,864,5
2020-10-23,Trinity,105,12862,85,26,10,36,0
2020-10-23,Tulare,107,460477,17949,17334,340,17674,295
2020-10-23,Tuolumne,109,53932,280,254,6,260,4
2020-10-23,Ventura,111,848112,14937,14192,318,14510,155
2020-10-23,Yolo,113,214977,3258,3140,10,3150,57
2020-10-23,Yuba,115,75493,1251,1206,4,1210,10
2020-10-22,Alameda,001,1643700,23585,22915,218,23133,393
2020-10-22,Alpine,002,1148,3,3,0,3,0
2020-10-22,Amador,005,37829,339,317,0,317,16
2020-10-22,Butte,007,227075,3182,3046,59,3105,55
2020-10-22,Calaveras,009,45235,333,273,0,273,13
2020-10-22,Colusa,011,21464,550,547,1,548,6
2020-10-22,Contra Costa,013,1133247,18970,18393,92,18485,243
2020-10-22,Del Norte,015,27424,174,168,0,168,2
2020-10-22,El Dorado,017,186661,1395,1308,14,1322,4
2020-10-22,Fresno,019,978130,33369,30471,456,30927,438
2020-10-22,Glenn,021,27897,672,643,1,644,3
2020-10-22,Humboldt,023,135768,562,548,1,549,7
2020-10-22,Imperial,025,180216,12864,12311,15,12326,333
2020-10-22,Inyo,027,18085,241,220,5,225,14
2020-10-22,Kern,029,883053,33847,32991,421,33412,431
2020-10-22,Kings,031,150075,8442,8201,47,8248,82
2020-10-22,Lake,033,64148,711,678,0,678,15
2020-10-22,Lassen,035,31185,771,764,2,766,0
2020-10-22,Los Angeles,037,10098052,299916,291599,2733,294332,6935
2020-10-22,Madera,039,155013,5026,4847,37,4884,52
2020-10-22,Marin,041,260295,7126,7014,19,7033,102
2020-10-22,Mariposa,043,17540,80,77,0,77,2
2020-10-22,Mendocino,045,87422,1068,1016,4,1020,20
2020-10-22,Merced,047,269075,9502,9323,34,9357,149
2020-10-22,Modoc,049,8938,34,26,0,26,0
2020-10-22,Mono,051,14174,189,156,6,162,1
2020-10-22,Monterey,053,433212,11313,11059,48,11107,84
2020-10-22,Napa,055,140530,2017,1928,8,1936,14
2020-10-22,Nevada,057,99092,635,600,18,618,8
2020-10-22,Orange,059,3164182,60545,57418,1723,59141,1422
2020-10-22,Placer,061,380077,4301,4036,15,4051,57
2020-10-22,Plumas,063,18699,72,62,0,62,0
2020-10-22,Riverside,065,2383286,67081,65104,333,65437,1279
2020-10-22,Sacramento,067,1510023,25556,25054,30,25084,492
2020-10-22,San Benito,069,59416,1424,1403,1,1404,15
2020-10-22,San Bernardino,071,2135413,63295,60402,420,60822,1149
2020-10-22,San Diego,073,3302833,55900,53514,1497,55011,866
2020-10-22,San Francisco,075,870044,12216,11991,45,12036,137
2020-10-22,San Joaquin,077,732212,21818,21282,187,21469,495
2020-10-22,San Luis Obispo,079,281455,4352,4081,25,4106,31
2020-10-22,San Mateo,081,765935,11297,10796,11,10807,155
2020-10-22,Santa Barbara,083,443738,9898,9710,90,9800,120
2020-10-22,Santa Clara,085,1922200,25224,23621,50,23671,363
2020-10-22,Santa Cruz,087,273765,2855,2738,32,2770,24
2020-10-22,Shasta,089,179085,2111,1799,19,1818,29
2020-10-22,Sierra,091,2930,6,6,0,6,0
2020-10-22,Siskiyou,093,43540,201,169,10,179,0
2020-10-22,Solano,095,438530,7354,7116,39,7155,59
2020-10-22,Sonoma,097,501317,9504,9052,26,9078,139
2020-10-22,Stanislaus,099,539301,17689,17440,718,18158,395
2020-10-22,Sutter,101,95872,1837,1794,1,1795,12
2020-10-22,Tehama,103,63373,905,852,2,854,5
2020-10-22,Trinity,105,12862,84,26,10,36,0
2020-10-22,Tulare,107,460477,17883,17265,327,17592,293
2020-10-22,Tuolumne,109,53932,277,252,6,258,4
2020-10-22,Ventura,111,848112,14890,14124,316,14440,154
2020-10-22,Yolo,113,214977,3246,3116,10,3126,58
2020-10-22,Yuba,115,75493,1244,1199,3,1202,10
2020-10-21,Alameda,001,1643700,23497,22853,216,23069,392
2020-10-21,Alpine,002,1148,3,3,0,3,0
2020-10-21,Amador,005,37829,334,313,0,313,16
2020-10-21,Butte,007,227075,3170,3041,59,3100,55
2020-10-21,Calaveras,009,45235,332,272,0,272,13
2020-10-21,Colusa,011,21464,550,546,1,547,6
2020-10-21,Contra Costa,013,1133247,18896,18299,92,18391,243
2020-10-21,Del Norte,015,27424,174,169,0,169,2
2020-10-21,El Dorado,017,186661,1383,1305,13,1318,4
2020-10-21,Fresno,019,978130,33273,30328,451,30779,433
2020-10-21,Glenn,021,27897,667,640,1,641,3
2020-10-21,Humboldt,023,135768,561,548,1,549,7
2020-10-21,Imperial,025,180216,12807,12210,15,12225,331
2020-10-21,Inyo,027,18085,237,220,5,225,14
2020-10-21,Kern,029,883053,33772,32956,419,33375,430
2020-10-21,Kings,031,150075,8415,8186,47,8233,80
2020-10-21,Lake,033,64148,710,676,0,676,15
2020-10-21,Lassen,035,31185,770,764,2,766,0
2020-10-21,Los Angeles,037,10098052,298575,288096,2691,290787,6923
2020-10-21,Madera,039,155013,5001,4831,37,4868,52
2020-10-21,Marin,041,260295,7117,7002,19,7021,102
2020-10-21,Mariposa,043,17540,80,77,0,77,2
2020-10-21,Mendocino,045,87422,1066,1011,4,1015,21
2020-10-21,Merced,047,269075,9478,9319,32,9351,149
2020-10-21,Modoc,049,8938,33,26,0,26,0
2020-10-21,Mono,051,14174,187,156,6,162,1
2020-10-21,Monterey,053,433212,11275,11005,47,11052,83
2020-10-21,Napa,055,140530,2002,1918,8,1926,13
2020-10-21,Nevada,057,99092,629,597,18,615,8
2020-10-21,Orange,059,3164182,60333,57189,1714,58903,1409
2020-10-21,Placer,061,380077,4264,4007,15,4022,56
2020-10-21,Plumas,063,18699,69,58,0,58,0
2020-10-21,Riverside,065,2383286,66785,64778,309,65087,1278
2020-10-21,Sacramento,067,1510023,25362,24908,30,24938,490
2020-10-21,San Benito,069,59416,1423,1401,1,1402,14
2020-10-21,San Bernardino,071,2135413,62885,59948,413,60361,1141
2020-10-21,San Diego,073,3302833,55548,53279,1469,54748,863
2020-10-21,San Francisco,075,870044,12167,11976,44,12020,137
2020-10-21,San Joaquin,077,732212,21742,21201,181,21382,495
2020-10-21,San Luis Obispo,079,281455,4325,4055,23,4078,31
2020-10-21,San Mateo,081,765935,11248,10730,11,10741,155
2020-10-21,Santa Barbara,083,443738,9881,9681,89,9770,121
2020-10-21,Santa Clara,085,1922200,25097,23537,50,23587,361
2020-10-21,Santa Cruz,087,273765,2832,2729,32,2761,24
2020-10-21,Shasta,089,179085,2075,1777,19,1796,27
2020-10-21,Sierra,091,2930,6,6,0,6,0
2020-10-21,Siskiyou,093,43540,197,169,10,179,0
2020-10-21,Solano,095,438530,7308,7088,39,7127,59
2020-10-21,Sonoma,097,501317,9424,8987,26,9013,138
2020-10-21,Stanislaus,099,539301,17640,17419,710,18129,392
2020-10-21,Sutter,101,95872,1823,1786,1,1787,12
2020-10-21,Tehama,103,63373,889,824,2,826,5
2020-10-21,Trinity,105,12862,78,25,9,34,0
2020-10-21,Tulare,107,460477,17845,17204,313,17517,292
2020-10-21,Tuolumne,109,53932,276,251,6,257,4
2020-10-21,Ventura,111,848112,14827,14050,313,14363,153
2020-10-21,Yolo,113,214977,3227,3095,10,3105,58
2020-10-21,Yuba,115,75493,1236,1194,3,1197,10
2020-10-20,Alameda,001,1643700,23395,22750,212,22962,391
2020-10-20,Alpine,002,1148,3,3,0,3,0
2020-10-20,Amador,005,37829,333,313,0,313,16
2020-10-20,Butte,007,227075,3158,3027,59,3086,56
2020-10-20,Calaveras,009,45235,330,273,0,273,13
2020-10-20,Colusa,011,21464,547,546,1,547,6
2020-10-20,Contra Costa,013,1133247,18803,18246,92,18338,241
2020-10-20,Del Norte,015,27424,173,169,0,169,2
2020-10-20,El Dorado,017,186661,1377,1295,13,1308,4
2020-10-20,Fresno,019,978130,33170,30220,445,30665,431
2020-10-20,Glenn,021,27897,662,638,1,639,3
2020-10-20,Humboldt,023,135768,557,545,1,546,7
2020-10-20,Imperial,025,180216,12739,12114,15,12129,330
2020-10-20,Inyo,027,18085,237,218,5,223,14
2020-10-20,Kern,029,883053,33697,32889,406,33295,429
2020-10-20,Kings,031,150075,8397,8178,46,8224,80
2020-10-20,Lake,033,64148,708,675,0,675,15
2020-10-20,Lassen,035,31185,769,757,2,759,0
2020-10-20,Los Angeles,037,10098052,297080,287727,2643,290370,6891
2020-10-20,Madera,039,155013,4984,4823,37,4860,52
2020-10-20,Marin,041,260295,7102,6994,19,7013,101
2020-10-20,Mariposa,043,17540,79,77,0,77,2
2020-10-20,Mendocino,045,87422,1064,1004,4,1008,21
2020-10-20,Merced,047,269075,9456,9323,32,9355,149
2020-10-20,Modoc,049,8938,32,26,0,26,0
2020-10-20,Mono,051,14174,187,156,6,162,1
2020-10-20,Monterey,053,433212,11232,10942,44,10986,81
2020-10-20,Napa,055,140530,1983,1912,8,1920,13
2020-10-20,Nevada,057,99092,619,596,18,614,8
2020-10-20,Orange,059,3164182,60069,56914,1704,58618,1397
2020-10-20,Placer,061,380077,4226,3997,15,4012,56
2020-10-20,Plumas,063,18699,66,53,0,53,0
2020-10-20,Riverside,065,2383286,66406,64452,297,64749,1275
2020-10-20,Sacramento,067,1510023,25234,24767,29,24796,485
2020-10-20,San Benito,069,59416,1420,1398,1,1399,14
2020-10-20,San Bernardino,071,2135413,62501,59571,411,59982,1109
2020-10-20,San Diego,073,3302833,55212,53004,1449,54453,857
2020-10-20,San Francisco,075,870044,12120,12013,43,12056,126
2020-10-20,San Joaquin,077,732212,21663,21173,172,21345,490
2020-10-20,San Luis Obispo,079,281455,4307,4043,22,4065,31
2020-10-20,San Mateo,081,765935,11201,10659,11,10670,155
2020-10-20,Santa Barbara,083,443738,9852,9664,87,9751,121
2020-10-20,Santa Clara,085,1922200,24959,23406,50,23456,358
2020-10-20,Santa Cruz,087,273765,2809,2710,32,2742,23
2020-10-20,Shasta,089,179085,2052,1747,19,1766,20
2020-10-20,Sierra,091,2930,6,6,0,6,0
2020-10-20,Siskiyou,093,43540,189,168,10,178,0
2020-10-20,Solano,095,438530,7259,7044,39,7083,57
2020-10-20,Sonoma,097,501317,9361,8904,24,8928,135
2020-10-20,Stanislaus,099,539301,17587,17367,706,18073,393
2020-10-20,Sutter,101,95872,1814,1783,1,1784,12
2020-10-20,Tehama,103,63373,874,813,2,815,5
2020-10-20,Trinity,105,12862,77,25,9,34,0
2020-10-20,Tulare,107,460477,17778,17156,308,17464,289
2020-10-20,Tuolumne,109,53932,274,250,6,256,4
2020-10-20,Ventura,111,848112,14763,13980,311,14291,152
2020-10-20,Yolo,113,214977,3204,3083,10,3093,56
2020-10-20,Yuba,115,75493,1226,1191,3,1194,10
2020-10-19,Alameda,001,1643700,23285,22647,211,22858,392
2020-10-19,Alpine,002,1148,3,3,0,3,0
2020-10-19,Amador,005,37829,327,313,0,313,16
2020-10-19,Butte,007,227075,3147,3026,59,3085,55
2020-10-19,Calaveras,009,45235,329,268,0,268,13
2020-10-19,Colusa,011,21464,547,544,1,545,6
2020-10-19,Contra Costa,013,1133247,18705,18173,92,18265,239
2020-10-19,Del Norte,015,27424,170,167,0,167,2
2020-10-19,El Dorado,017,186661,1356,1287,13,1300,4
2020-10-19,Fresno,019,978130,33061,30152,439,30591,431
2020-10-19,Glenn,021,27897,657,635,0,635,3
2020-10-19,Humboldt,023,135768,557,543,1,544,7
2020-10-19,Imperial,025,180216,12685,12036,14,12050,330
2020-10-19,Inyo,027,18085,236,218,5,223,14
2020-10-19,Kern,029,883053,33621,32840,403,33243,428
2020-10-19,Kings,031,150075,8379,8173,46,8219,80
2020-10-19,Lake,033,64148,705,673,0,673,15
2020-10-19,Lassen,035,31185,768,757,2,759,0
2020-10-19,Los Angeles,037,10098052,295595,287119,2606,289725,6858
2020-10-19,Madera,039,155013,4969,4787,37,4824,52
2020-10-19,Marin,041,260295,7084,6981,19,7000,100
2020-10-19,Mariposa,043,17540,79,77,0,77,2
2020-10-19,Mendocino,045,87422,1059,1001,4,1005,21
2020-10-19,Merced,047,269075,9431,9305,29,9334,148
2020-10-19,Modoc,049,8938,31,26,0,26,0
2020-10-19,Mono,051,14174,182,156,6,162,1
2020-10-19,Monterey,053,433212,11171,10907,44,10951,80
2020-10-19,Napa,055,140530,1971,1892,8,1900,12
2020-10-19,Nevada,057,99092,616,590,18,608,8
2020-10-19,Orange,059,3164182,59785,56652,1689,58341,1396
2020-10-19,Placer,061,380077,4178,3962,15,3977,49
2020-10-19,Plumas,063,18699,64,52,0,52,0
2020-10-19,Riverside,065,2383286,65975,64016,281,64297,1272
2020-10-19,Sacramento,067,1510023,25095,24542,29,24571,483
2020-10-19,San Benito,069,59416,1413,1395,1,1396,14
2020-10-19,San Bernardino,071,2135413,62049,59265,399,59664,1100
2020-10-19,San Diego,073,3302833,54826,52739,1424,54163,853
2020-10-19,San Francisco,075,870044,12076,11879,43,11922,126
2020-10-19,San Joaquin,077,732212,21588,20930,164,21094,489
2020-10-19,San Luis Obispo,079,281455,4291,4016,22,4038,31
2020-10-19,San Mateo,081,765935,11155,10568,11,10579,154
2020-10-19,Santa Barbara,083,443738,9816,9632,87,9719,121
2020-10-19,Santa Clara,085,1922200,24809,23301,50,23351,352
2020-10-19,Santa Cruz,087,273765,2792,2705,32,2737,19
2020-10-19,Shasta,089,179085,2008,1709,18,1727,20
2020-10-19,Sierra,091,2930,6,6,0,6,0
2020-10-19,Siskiyou,093,43540,182,167,10,177,0
2020-10-19,Solano,095,438530,7218,7003,39,7042,57
2020-10-19,Sonoma,097,501317,9274,8830,24,8854,135
2020-10-19,Stanislaus,099,539301,17536,17342,696,18038,390
2020-10-19,Sutter,101,95872,1809,1773,1,1774,12
2020-10-19,Tehama,103,63373,871,793,2,795,5
2020-10-19,Trinity,105,12862,75,23,9,32,0
2020-10-19,Tulare,107,460477,17728,17047,301,17348,291
2020-10-19,Tuolumne,109,53932,272,247,6,253,4
2020-10-19,Ventura,111,848112,14698,13930,308,14238,152
2020-10-19,Yolo,113,214977,3191,3069,10,3079,56
2020-10-19,Yuba,115,75493,1219,1183,3,1186,10
2020-10-18,Alameda,001,1643700,23181,22546,210,22756,392
2020-10-18,Alpine,002,1148,3,3,0,3,0
2020-10-18,Amador,005,37829,316,313,0,313,16
2020-10-18,Butte,007,227075,3134,3019,59,3078,55
2020-10-18,Calaveras,009,45235,328,267,0,267,13
2020-10-18,Colusa,011,21464,545,544,1,545,6
2020-10-18,Contra Costa,013,1133247,18607,18120,92,18212,237
2020-10-18,Del Norte,015,27424,170,167,0,167,2
2020-10-18,El Dorado,017,186661,1347,1283,13,1296,4
2020-10-18,Fresno,019,978130,32931,30051,431,30482,430
2020-10-18,Glenn,021,27897,655,634,0,634,3
2020-10-18,Humboldt,023,135768,554,540,1,541,7
2020-10-18,Imperial,025,180216,12622,11987,13,12000,330
2020-10-18,Inyo,027,18085,233,215,5,220,14
2020-10-18,Kern,029,883053,33548,32799,396,33195,428
2020-10-18,Kings,031,150075,8364,8159,46,8205,80
2020-10-18,Lake,033,64148,698,670,0,670,15
2020-10-18,Lassen,035,31185,768,757,2,759,0
2020-10-18,Los Angeles,037,10098052,293884,286187,2564,288751,6857
2020-10-18,Madera,039,155013,4944,4770,37,4807,52
2020-10-18,Marin,041,260295,7063,6969,19,6988,99
2020-10-18,Mariposa,043,17540,79,77,0,77,2
2020-10-18,Mendocino,045,87422,1057,988,4,992,21
2020-10-18,Merced,047,269075,9396,9292,29,9321,148
2020-10-18,Modoc,049,8938,30,26,0,26,0
2020-10-18,Mono,051,14174,177,155,6,161,1
2020-10-18,Monterey,053,433212,11118,10872,44,10916,80
2020-10-18,Napa,055,140530,1958,1882,8,1890,12
2020-10-18,Nevada,057,99092,610,582,18,600,8
2020-10-18,Orange,059,3164182,59488,56394,1672,58066,1396
2020-10-18,Placer,061,380077,4130,3938,15,3953,49
2020-10-18,Plumas,063,18699,62,52,0,52,0
2020-10-18,Riverside,065,2383286,65662,63765,260,64025,1270
2020-10-18,Sacramento,067,1510023,24940,24425,29,24454,482
2020-10-18,San Benito,069,59416,1406,1395,1,1396,14
2020-10-18,San Bernardino,071,2135413,61550,58893,391,59284,1098
2020-10-18,San Diego,073,3302833,54437,52359,1403,53762,853
2020-10-18,San Francisco,075,870044,12037,11878,43,11921,126
2020-10-18,San Joaquin,077,732212,21505,20931,151,21082,489
2020-10-18,San Luis Obispo,079,281455,4260,4009,20,4029,31
2020-10-18,San Mateo,081,765935,11096,10503,11,10514,154
2020-10-18,Santa Barbara,083,443738,9776,9608,86,9694,121
2020-10-18,Santa Clara,085,1922200,24636,23169,50,23219,352
2020-10-18,Santa Cruz,087,273765,2778,2692,32,2724,19
2020-10-18,Shasta,089,179085,1983,1708,18,1726,20
2020-10-18,Sierra,091,2930,6,6,0,6,0
2020-10-18,Siskiyou,093,43540,182,167,10,177,0
2020-10-18,Solano,095,438530,7171,6962,39,7001,57
2020-10-18,Sonoma,097,501317,9197,8781,23,8804,134
2020-10-18,Stanislaus,099,539301,17479,17290,687,17977,390
2020-10-18,Sutter,101,95872,1800,1764,1,1765,12
2020-10-18,Tehama,103,63373,839,774,2,776,5
2020-10-18,Trinity,105,12862,75,20,9,29,0
2020-10-18,Tulare,107,460477,17634,17048,292,17340,290
2020-10-18,Tuolumne,109,53932,266,245,6,251,4
2020-10-18,Ventura,111,848112,14618,13901,307,14208,151
2020-10-18,Yolo,113,214977,3152,3059,10,3069,55
2020-10-18,Yuba,115,75493,1208,1176,3,1179,10
2020-10-17,Alameda,001,1643700,23136,22394,208,22602,398
2020-10-17,Alpine,002,1148,3,3,0,3,0
2020-10-17,Amador,005,37829,314,309,0,309,16
2020-10-17,Butte,007,227075,3127,3012,57,3069,55
2020-10-17,Calaveras,009,45235,328,267,0,267,13
2020-10-17,Colusa,011,21464,544,544,1,545,6
2020-10-17,Contra Costa,013,1133247,18554,18005,92,18097,237
2020-10-17,Del Norte,015,27424,170,167,0,167,2
2020-10-17,El Dorado,017,186661,1343,1277,13,1290,4
2020-10-17,Fresno,019,978130,32876,29911,429,30340,430
2020-10-17,Glenn,021,27897,652,633,0,633,3
2020-10-17,Humboldt,023,135768,551,535,1,536,7
2020-10-17,Imperial,025,180216,12594,11962,13,11975,330
2020-10-17,Inyo,027,18085,228,212,5,217,14
2020-10-17,Kern,029,883053,33497,32710,393,33103,428
2020-10-17,Kings,031,150075,8358,8151,45,8196,80
2020-10-17,Lake,033,64148,695,663,0,663,15
2020-10-17,Lassen,035,31185,768,757,2,759,0
2020-10-17,Los Angeles,037,10098052,293130,285858,2537,288395,6844
2020-10-17,Madera,039,155013,4938,4759,37,4796,53
2020-10-17,Marin,041,260295,7060,6958,19,6977,99
2020-10-17,Mariposa,043,17540,78,77,0,77,2
2020-10-17,Mendocino,045,87422,1050,977,4,981,21
2020-10-17,Merced,047,269075,9383,9275,29,9304,148
2020-10-17,Modoc,049,8938,30,26,0,26,0
2020-10-17,Mono,051,14174,176,155,6,161,1
2020-10-17,Monterey,053,433212,11079,10807,43,10850,80
2020-10-17,Napa,055,140530,1949,1866,8,1874,12
2020-10-17,Nevada,057,99092,609,580,18,598,8
2020-10-17,Orange,059,3164182,59346,56197,1666,57863,1396
2020-10-17,Placer,061,380077,4103,3898,15,3913,49
2020-10-17,Plumas,063,18699,62,52,0,52,0
2020-10-17,Riverside,065,2383286,65465,63171,251,63422,1270
2020-10-17,Sacramento,067,1510023,24857,24304,29,24333,482
2020-10-17,San Benito,069,59416,1402,1389,1,1390,14
2020-10-17,San Bernardino,071,2135413,61277,58415,384,58799,1097
2020-10-17,San Diego,073,3302833,54212,51986,1392,53378,853
2020-10-17,San Francisco,075,870044,12010,11877,42,11919,126
2020-10-17,San Joaquin,077,732212,21451,20932,145,21077,489
2020-10-17,San Luis Obispo,079,281455,4245,3979,20,3999,31
2020-10-17,San Mateo,081,765935,11068,10423,11,10434,153
2020-10-17,Santa Barbara,083,443738,9757,9588,84,9672,121
2020-10-17,Santa Clara,085,1922200,24546,22997,50,23047,349
2020-10-17,Santa Cruz,087,273765,2764,2680,32,2712,19
2020-10-17,Shasta,089,179085,1957,1679,18,1697,20
2020-10-17,Sierra,091,2930,6,6,0,6,0
2020-10-17,Siskiyou,093,43540,181,167,10,177,0
2020-10-17,Solano,095,438530,7144,6929,39,6968,57
2020-10-17,Sonoma,097,501317,9154,8725,23,8748,134
2020-10-17,Stanislaus,099,539301,17438,17232,678,17910,390
2020-10-17,Sutter,101,95872,1798,1762,1,1763,12
2020-10-17,Tehama,103,63373,823,764,2,766,5
2020-10-17,Trinity,105,12862,75,20,9,29,0
2020-10-17,Tulare,107,460477,17604,16995,283,17278,290
2020-10-17,Tuolumne,109,53932,266,241,6,247,4
2020-10-17,Ventura,111,848112,14573,13845,304,14149,151
2020-10-17,Yolo,113,214977,3137,3045,9,3054,55
2020-10-17,Yuba,115,75493,1203,1164,3,1167,10
2020-10-16,Alameda,001,1643700,23082,22315,208,22523,397
2020-10-16,Alpine,002,1148,3,3,0,3,0
2020-10-16,Amador,005,37829,314,309,0,309,16
2020-10-16,Butte,007,227075,3115,3004,57,3061,54
2020-10-16,Calaveras,009,45235,328,267,0,267,13
2020-10-16,Colusa,011,21464,543,544,1,545,6
2020-10-16,Contra Costa,013,1133247,18502,17956,92,18048,237
2020-10-16,Del Norte,015,27424,169,166,0,166,2
2020-10-16,El Dorado,017,186661,1337,1273,13,1286,4
2020-10-16,Fresno,019,978130,32801,29796,428,30224,427
2020-10-16,Glenn,021,27897,647,632,0,632,3
2020-10-16,Humboldt,023,135768,551,533,1,534,7
2020-10-16,Imperial,025,180216,12554,11885,13,11898,330
2020-10-16,Inyo,027,18085,224,212,5,217,14
2020-10-16,Kern,029,883053,33454,32660,391,33051,428
2020-10-16,Kings,031,150075,8349,8146,44,8190,80
2020-10-16,Lake,033,64148,693,644,0,644,14
2020-10-16,Lassen,035,31185,768,757,2,759,0
2020-10-16,Los Angeles,037,10098052,292066,284988,2516,287504,6835
2020-10-16,Madera,039,155013,4926,4736,36,4772,53
2020-10-16,Marin,041,260295,7050,6933,19,6952,99
2020-10-16,Mariposa,043,17540,78,76,0,76,2
2020-10-16,Mendocino,045,87422,1043,974,4,978,21
2020-10-16,Merced,047,269075,9366,9246,29,9275,148
2020-10-16,Modoc,049,8938,30,26,0,26,0
2020-10-16,Mono,051,14174,174,155,6,161,1
2020-10-16,Monterey,053,433212,11044,10727,43,10770,79
2020-10-16,Napa,055,140530,1940,1855,8,1863,12
2020-10-16,Nevada,057,99092,607,579,18,597,8
2020-10-16,Orange,059,3164182,59168,56091,1660,57751,1388
2020-10-16,Placer,061,380077,4082,3864,15,3879,49
2020-10-16,Plumas,063,18699,61,52,0,52,0
2020-10-16,Riverside,065,2383286,65239,62986,250,63236,1267
2020-10-16,Sacramento,067,1510023,24762,24144,29,24173,479
2020-10-16,San Benito,069,59416,1399,1388,1,1389,14
2020-10-16,San Bernardino,071,2135413,61007,58233,384,58617,1069
2020-10-16,San Diego,073,3302833,53970,51785,1378,53163,850
2020-10-16,San Francisco,075,870044,11987,11840,41,11881,126
2020-10-16,San Joaquin,077,732212,21406,20910,144,21054,489
2020-10-16,San Luis Obispo,079,281455,4229,3952,20,3972,32
2020-10-16,San Mateo,081,765935,11042,10405,11,10416,153
2020-10-16,Santa Barbara,083,443738,9738,9549,84,9633,119
2020-10-16,Santa Clara,085,1922200,24458,22920,50,22970,345
2020-10-16,Santa Cruz,087,273765,2751,2666,32,2698,20
2020-10-16,Shasta,089,179085,1935,1660,18,1678,20
2020-10-16,Sierra,091,2930,6,6,0,6,0
2020-10-16,Siskiyou,093,43540,179,167,10,177,0
2020-10-16,Solano,095,438530,7121,6879,39,6918,55
2020-10-16,Sonoma,097,501317,9098,8652,23,8675,133
2020-10-16,Stanislaus,099,539301,17404,17201,670,17871,366
2020-10-16,Sutter,101,95872,1790,1756,1,1757,12
2020-10-16,Tehama,103,63373,822,737,2,739,3
2020-10-16,Trinity,105,12862,75,20,9,29,0
2020-10-16,Tulare,107,460477,17572,16965,275,17240,290
2020-10-16,Tuolumne,109,53932,264,237,6,243,4
2020-10-16,Ventura,111,848112,14530,13805,299,14104,152
2020-10-16,Yolo,113,214977,3128,3030,9,3039,55
2020-10-16,Yuba,115,75493,1203,1155,3,1158,10
2020-10-15,Alameda,001,1643700,23014,22267,207,22474,390
2020-10-15,Alpine,002,1148,3,3,0,3,0
2020-10-15,Amador,005,37829,314,309,0,309,16
2020-10-15,Butte,007,227075,3103,3000,56,3056,54
2020-10-15,Calaveras,009,45235,327,267,0,267,13
2020-10-15,Colusa,011,21464,542,543,1,544,6
2020-10-15,Contra Costa,013,1133247,18434,17893,91,17984,237
2020-10-15,Del Norte,015,27424,169,164,0,164,2
2020-10-15,El Dorado,017,186661,1332,1265,13,1278,4
2020-10-15,Fresno,019,978130,32701,29727,425,30152,425
2020-10-15,Glenn,021,27897,642,632,0,632,3
2020-10-15,Humboldt,023,135768,547,531,1,532,7
2020-10-15,Imperial,025,180216,12513,11820,12,11832,330
2020-10-15,Inyo,027,18085,224,210,5,215,14
2020-10-15,Kern,029,883053,33373,32593,388,32981,427
2020-10-15,Kings,031,150075,8334,8134,44,8178,80
2020-10-15,Lake,033,64148,691,642,0,642,14
2020-10-15,Lassen,035,31185,767,752,2,754,0
2020-10-15,Los Angeles,037,10098052,290781,284019,2483,286502,6807
2020-10-15,Madera,039,155013,4913,4723,35,4758,50
2020-10-15,Marin,041,260295,7042,6912,19,6931,99
2020-10-15,Mariposa,043,17540,78,76,0,76,2
2020-10-15,Mendocino,045,87422,1037,963,4,967,21
2020-10-15,Merced,047,269075,9339,9213,28,9241,147
2020-10-15,Modoc,049,8938,30,26,0,26,0
2020-10-15,Mono,051,14174,174,155,6,161,1
2020-10-15,Monterey,053,433212,10977,10677,42,10719,79
2020-10-15,Napa,055,140530,1927,1842,8,1850,12
2020-10-15,Nevada,057,99092,603,575,18,593,8
2020-10-15,Orange,059,3164182,58952,55952,1648,57600,1379
2020-10-15,Placer,061,380077,4053,3848,15,3863,48
2020-10-15,Plumas,063,18699,58,52,0,52,0
2020-10-15,Riverside,065,2383286,64907,62819,247,63066,1266
2020-10-15,Sacramento,067,1510023,24646,24068,29,24097,474
2020-10-15,San Benito,069,59416,1396,1384,1,1385,14
2020-10-15,San Bernardino,071,2135413,60668,58068,381,58449,1067
2020-10-15,San Diego,073,3302833,53686,51472,1362,52834,847
2020-10-15,San Francisco,075,870044,11959,11808,38,11846,126
2020-10-15,San Joaquin,077,732212,21335,20880,138,21018,487
2020-10-15,San Luis Obispo,079,281455,4213,3934,20,3954,32
2020-10-15,San Mateo,081,765935,11002,10340,11,10351,152
2020-10-15,Santa Barbara,083,443738,9714,9526,83,9609,117
2020-10-15,Santa Clara,085,1922200,24342,22808,50,22858,343
2020-10-15,Santa Cruz,087,273765,2737,2656,32,2688,13
2020-10-15,Shasta,089,179085,1924,1635,18,1653,20
2020-10-15,Sierra,091,2930,6,6,0,6,0
2020-10-15,Siskiyou,093,43540,175,166,10,176,0
2020-10-15,Solano,095,438530,7082,6830,39,6869,55
2020-10-15,Sonoma,097,501317,9006,8571,23,8594,133
2020-10-15,Stanislaus,099,539301,17366,17151,656,17807,366
2020-10-15,Sutter,101,95872,1787,1752,1,1753,12
2020-10-15,Tehama,103,63373,795,726,2,728,3
2020-10-15,Trinity,105,12862,75,20,9,29,0
2020-10-15,Tulare,107,460477,17512,16918,260,17178,289
2020-10-15,Tuolumne,109,53932,262,236,6,242,4
2020-10-15,Ventura,111,848112,14474,13750,294,14044,152
2020-10-15,Yolo,113,214977,3108,3014,9,3023,55
2020-10-15,Yuba,115,75493,1196,1151,3,1154,10
2020-10-14,Alameda,001,1643700,22915,22227,206,22433,398
2020-10-14,Alpine,002,1148,3,3,0,3,0
2020-10-14,Amador,005,37829,312,308,0,308,16
2020-10-14,Butte,007,227075,3095,2995,56,3051,54
2020-10-14,Calaveras,009,45235,327,266,0,266,12
2020-10-14,Colusa,011,21464,542,543,1,544,6
2020-10-14,Contra Costa,013,1133247,18376,17820,89,17909,236
2020-10-14,Del Norte,015,27424,168,163,0,163,2
2020-10-14,El Dorado,017,186661,1326,1264,12,1276,4
2020-10-14,Fresno,019,978130,32588,29650,419,30069,424
2020-10-14,Glenn,021,27897,641,629,0,629,3
2020-10-14,Humboldt,023,135768,544,531,1,532,7
2020-10-14,Imperial,025,180216,12476,11765,10,11775,330
2020-10-14,Inyo,027,18085,223,209,4,213,14
2020-10-14,Kern,029,883053,33298,32528,386,32914,425
2020-10-14,Kings,031,150075,8316,8118,44,8162,80
2020-10-14,Lake,033,64148,690,642,0,642,14
2020-10-14,Lassen,035,31185,765,752,2,754,0
2020-10-14,Los Angeles,037,10098052,289466,282918,2440,285358,6786
2020-10-14,Madera,039,155013,4898,4713,33,4746,50
2020-10-14,Marin,041,260295,7036,6907,19,6926,99
2020-10-14,Mariposa,043,17540,77,76,0,76,2
2020-10-14,Mendocino,045,87422,1031,955,4,959,21
2020-10-14,Merced,047,269075,9314,9201,27,9228,147
2020-10-14,Modoc,049,8938,30,27,0,27,0
2020-10-14,Mono,051,14174,174,155,6,161,1
2020-10-14,Monterey,053,433212,10927,10616,42,10658,78
2020-10-14,Napa,055,140530,1910,1837,8,1845,12
2020-10-14,Nevada,057,99092,601,573,18,591,7
2020-10-14,Orange,059,3164182,58739,55756,1639,57395,1348
2020-10-14,Placer,061,380077,4030,3829,15,3844,48
2020-10-14,Plumas,063,18699,54,52,0,52,0
2020-10-14,Riverside,065,2383286,64624,62607,246,62853,1261
2020-10-14,Sacramento,067,1510023,24502,24013,29,24042,472
2020-10-14,San Benito,069,59416,1394,1381,0,1381,14
2020-10-14,San Bernardino,071,2135413,60342,57774,377,58151,1063
2020-10-14,San Diego,073,3302833,53367,51329,1338,52667,844
2020-10-14,San Francisco,075,870044,11927,11783,37,11820,123
2020-10-14,San Joaquin,077,732212,21256,20845,124,20969,487
2020-10-14,San Luis Obispo,079,281455,4190,3901,19,3920,32
2020-10-14,San Mateo,081,765935,10951,10309,11,10320,132
2020-10-14,Santa Barbara,083,443738,9680,9509,83,9592,117
2020-10-14,Santa Clara,085,1922200,24193,22735,50,22785,343
2020-10-14,Santa Cruz,087,273765,2727,2618,32,2650,13
2020-10-14,Shasta,089,179085,1886,1553,18,1571,20
2020-10-14,Sierra,091,2930,6,6,0,6,0
2020-10-14,Siskiyou,093,43540,175,166,10,176,0
2020-10-14,Solano,095,438530,7026,6786,39,6825,55
2020-10-14,Sonoma,097,501317,8953,8514,23,8537,133
2020-10-14,Stanislaus,099,539301,17321,17105,653,17758,365
2020-10-14,Sutter,101,95872,1778,1747,1,1748,12
2020-10-14,Tehama,103,63373,784,721,2,723,3
2020-10-14,Trinity,105,12862,74,20,9,29,0
2020-10-14,Tulare,107,460477,17450,16863,247,17110,287
2020-10-14,Tuolumne,109,53932,261,236,6,242,4
2020-10-14,Ventura,111,848112,14420,13697,290,13987,152
2020-10-14,Yolo,113,214977,3090,3007,8,3015,55
2020-10-14,Yuba,115,75493,1188,1147,3,1150,10
2020-10-13,Alameda,001,1643700,22811,22185,204,22389,389
2020-10-13,Alpine,002,1148,3,3,0,3,0
2020-10-13,Amador,005,37829,310,306,0,306,16
2020-10-13,Butte,007,227075,3087,2992,56,3048,54
2020-10-13,Calaveras,009,45235,323,262,0,262,12
2020-10-13,Colusa,011,21464,542,541,1,542,6
2020-10-13,Contra Costa,013,1133247,18319,17783,89,17872,234
2020-10-13,Del Norte,015,27424,168,163,0,163,2
2020-10-13,El Dorado,017,186661,1317,1262,12,1274,4
2020-10-13,Fresno,019,978130,32465,29579,415,29994,424
2020-10-13,Glenn,021,27897,640,629,0,629,3
2020-10-13,Humboldt,023,135768,542,523,1,524,7
2020-10-13,Imperial,025,180216,12440,11727,10,11737,327
2020-10-13,Inyo,027,18085,220,207,4,211,14
2020-10-13,Kern,029,883053,33224,32497,384,32881,419
2020-10-13,Kings,031,150075,8307,8111,44,8155,80
2020-10-13,Lake,033,64148,687,639,0,639,12
2020-10-13,Lassen,035,31185,763,752,2,754,0
2020-10-13,Los Angeles,037,10098052,288185,281716,2400,284116,6767
2020-10-13,Madera,039,155013,4879,4700,33,4733,50
2020-10-13,Marin,041,260295,7014,6900,18,6918,97
2020-10-13,Mariposa,043,17540,77,76,0,76,2
2020-10-13,Mendocino,045,87422,1022,950,4,954,21
2020-10-13,Merced,047,269075,9297,9181,27,9208,146
2020-10-13,Modoc,049,8938,29,28,0,28,0
2020-10-13,Mono,051,14174,174,155,5,160,1
2020-10-13,Monterey,053,433212,10866,10574,41,10615,78
2020-10-13,Napa,055,140530,1901,1825,8,1833,12
2020-10-13,Nevada,057,99092,594,572,18,590,7
2020-10-13,Orange,059,3164182,58526,55515,1626,57141,1326
2020-10-13,Placer,061,380077,3992,3825,15,3840,48
2020-10-13,Plumas,063,18699,52,51,0,51,0
2020-10-13,Riverside,065,2383286,64305,62279,244,62523,1254
2020-10-13,Sacramento,067,1510023,24425,23930,29,23959,466
2020-10-13,San Benito,069,59416,1386,1380,0,1380,14
2020-10-13,San Bernardino,071,2135413,60004,57411,375,57786,1061
2020-10-13,San Diego,073,3302833,53074,51026,1321,52347,840
2020-10-13,San Francisco,075,870044,11890,11659,37,11696,122
2020-10-13,San Joaquin,077,732212,21194,20822,120,20942,481
2020-10-13,San Luis Obispo,079,281455,4173,3892,18,3910,32
2020-10-13,San Mateo,081,765935,10908,10286,11,10297,130
2020-10-13,Santa Barbara,083,443738,9648,9489,83,9572,117
2020-10-13,Santa Clara,085,1922200,24065,22678,50,22728,343
2020-10-13,Santa Cruz,087,273765,2709,2603,32,2635,13
2020-10-13,Shasta,089,179085,1862,1606,18,1624,20
2020-10-13,Sierra,091,2930,6,6,0,6,0
2020-10-13,Siskiyou,093,43540,174,163,10,173,0
2020-10-13,Solano,095,438530,6991,6761,39,6800,55
2020-10-13,Sonoma,097,501317,8870,8456,23,8479,133
2020-10-13,Stanislaus,099,539301,17276,17082,648,17730,362
2020-10-13,Sutter,101,95872,1769,1748,1,1749,12
2020-10-13,Tehama,103,63373,777,717,2,719,3
2020-10-13,Trinity,105,12862,70,19,8,27,0
2020-10-13,Tulare,107,460477,17392,16822,239,17061,286
2020-10-13,Tuolumne,109,53932,259,235,6,241,4
2020-10-13,Ventura,111,848112,14366,13645,286,13931,151
2020-10-13,Yolo,113,214977,3082,2983,7,2990,55
2020-10-13,Yuba,115,75493,1183,1143,3,1146,10
2020-10-12,Alameda,001,1643700,22732,22126,203,22329,389
2020-10-12,Alpine,002,1148,3,3,0,3,0
2020-10-12,Amador,005,37829,309,305,0,305,16
2020-10-12,Butte,007,227075,3080,2975,56,3031,54
2020-10-12,Calaveras,009,45235,323,262,0,262,12
2020-10-12,Colusa,011,21464,542,541,1,542,6
2020-10-12,Contra Costa,013,1133247,18245,17728,89,17817,233
2020-10-12,Del Norte,015,27424,168,161,0,161,2
2020-10-12,El Dorado,017,186661,1314,1254,12,1266,4
2020-10-12,Fresno,019,978130,32333,29523,411,29934,421
2020-10-12,Glenn,021,27897,639,626,0,626,3
2020-10-12,Humboldt,023,135768,539,522,1,523,7
2020-10-12,Imperial,025,180216,12402,11689,10,11699,328
2020-10-12,Inyo,027,18085,217,201,4,205,14
2020-10-12,Kern,029,883053,33131,32425,380,32805,419
2020-10-12,Kings,031,150075,8301,8106,44,8150,80
2020-10-12,Lake,033,64148,681,633,0,633,12
2020-10-12,Lassen,035,31185,763,752,2,754,0
2020-10-12,Los Angeles,037,10098052,286965,280961,2373,283334,6747
2020-10-12,Madera,039,155013,4859,4689,33,4722,50
2020-10-12,Marin,041,260295,6997,6886,18,6904,97
2020-10-12,Mariposa,043,17540,77,76,0,76,2
2020-10-12,Mendocino,045,87422,1016,947,4,951,21
2020-10-12,Merced,047,269075,9276,9141,27,9168,146
2020-10-12,Modoc,049,8938,29,27,0,27,0
2020-10-12,Mono,051,14174,174,154,5,159,1
2020-10-12,Monterey,053,433212,10800,10473,41,10514,77
2020-10-12,Napa,055,140530,1893,1819,8,1827,11
2020-10-12,Nevada,057,99092,590,570,18,588,7
2020-10-12,Orange,059,3164182,58297,55373,1616,56989,1326
2020-10-12,Placer,061,380077,3960,3808,14,3822,48
2020-10-12,Plumas,063,18699,52,51,0,51,0
2020-10-12,Riverside,065,2383286,63994,62279,240,62519,1254
2020-10-12,Sacramento,067,1510023,24320,23807,29,23836,466
2020-10-12,San Benito,069,59416,1383,1376,0,1376,13
2020-10-12,San Bernardino,071,2135413,59628,57235,374,57609,1061
2020-10-12,San Diego,073,3302833,52784,50748,1294,52042,826
2020-10-12,San Francisco,075,870044,11858,11659,37,11696,122
2020-10-12,San Joaquin,077,732212,21131,20701,114,20815,480
2020-10-12,San Luis Obispo,079,281455,4146,3874,18,3892,32
2020-10-12,San Mateo,081,765935,10860,10262,11,10273,130
2020-10-12,Santa Barbara,083,443738,9609,9462,83,9545,117
2020-10-12,Santa Clara,085,1922200,23949,22578,50,22628,343
2020-10-12,Santa Cruz,087,273765,2692,2590,32,2622,13
2020-10-12,Shasta,089,179085,1837,1515,18,1533,20
2020-10-12,Sierra,091,2930,6,6,0,6,0
2020-10-12,Siskiyou,093,43540,173,162,10,172,0
2020-10-12,Solano,095,438530,6952,6742,39,6781,55
2020-10-12,Sonoma,097,501317,8798,8377,23,8400,133
2020-10-12,Stanislaus,099,539301,17227,17051,639,17690,361
2020-10-12,Sutter,101,95872,1761,1741,1,1742,12
2020-10-12,Tehama,103,63373,761,708,2,710,3
2020-10-12,Trinity,105,12862,69,19,8,27,0
2020-10-12,Tulare,107,460477,17341,16742,232,16974,286
2020-10-12,Tuolumne,109,53932,254,234,6,240,4
2020-10-12,Ventura,111,848112,14304,13617,282,13899,151
2020-10-12,Yolo,113,214977,3067,2964,7,2971,55
2020-10-12,Yuba,115,75493,1173,1141,3,1144,10
2020-10-11,Alameda,001,1643700,22642,22057,199,22256,392
2020-10-11,Alpine,002,1148,3,3,0,3,0
2020-10-11,Amador,005,37829,307,305,0,305,16
2020-10-11,Butte,007,227075,3072,2967,55,3022,54
2020-10-11,Calaveras,009,45235,321,262,0,262,12
2020-10-11,Colusa,011,21464,540,541,1,542,6
2020-10-11,Contra Costa,013,1133247,18161,17678,89,17767,233
2020-10-11,Del Norte,015,27424,166,161,0,161,2
2020-10-11,El Dorado,017,186661,1305,1242,12,1254,4
2020-10-11,Fresno,019,978130,32195,29419,403,29822,421
2020-10-11,Glenn,021,27897,637,625,0,625,3
2020-10-11,Humboldt,023,135768,538,521,1,522,7
2020-10-11,Imperial,025,180216,12343,11614,10,11624,328
2020-10-11,Inyo,027,18085,213,201,4,205,14
2020-10-11,Kern,029,883053,33044,32399,372,32771,418
2020-10-11,Kings,031,150075,8284,8094,43,8137,80
2020-10-11,Lake,033,64148,668,631,0,631,12
2020-10-11,Lassen,035,31185,762,752,2,754,0
2020-10-11,Los Angeles,037,10098052,285529,280190,2331,282521,6745
2020-10-11,Madera,039,155013,4831,4680,32,4712,50
2020-10-11,Marin,041,260295,6988,6870,18,6888,97
2020-10-11,Mariposa,043,17540,77,76,0,76,2
2020-10-11,Mendocino,045,87422,1009,944,4,948,21
2020-10-11,Merced,047,269075,9258,9124,27,9151,146
2020-10-11,Modoc,049,8938,29,27,0,27,0
2020-10-11,Mono,051,14174,174,154,5,159,1
2020-10-11,Monterey,053,433212,10749,10445,39,10484,77
2020-10-11,Napa,055,140530,1877,1811,8,1819,11
2020-10-11,Nevada,057,99092,588,569,18,587,7
2020-10-11,Orange,059,3164182,58067,55202,1611,56813,1326
2020-10-11,Placer,061,380077,3939,3787,14,3801,48
2020-10-11,Plumas,063,18699,52,51,0,51,0
2020-10-11,Riverside,065,2383286,63706,62112,236,62348,1254
2020-10-11,Sacramento,067,1510023,24177,23778,29,23807,466
2020-10-11,San Benito,069,59416,1382,1374,0,1374,13
2020-10-11,San Bernardino,071,2135413,59176,56997,372,57369,1061
2020-10-11,San Diego,073,3302833,52434,50553,1272,51825,826
2020-10-11,San Francisco,075,870044,11815,11659,37,11696,122
2020-10-11,San Joaquin,077,732212,21056,20700,104,20804,480
2020-10-11,San Luis Obispo,079,281455,4129,3874,17,3891,32
2020-10-11,San Mateo,081,765935,10828,10240,11,10251,130
2020-10-11,Santa Barbara,083,443738,9578,9440,82,9522,117
2020-10-11,Santa Clara,085,1922200,23809,22487,49,22536,336
2020-10-11,Santa Cruz,087,273765,2678,2578,32,2610,13
2020-10-11,Shasta,089,179085,1807,1515,17,1532,20
2020-10-11,Sierra,091,2930,6,6,0,6,0
2020-10-11,Siskiyou,093,43540,172,162,10,172,0
2020-10-11,Solano,095,438530,6898,6685,39,6724,53
2020-10-11,Sonoma,097,501317,8741,8319,23,8342,133
2020-10-11,Stanislaus,099,539301,17163,17007,623,17630,360
2020-10-11,Sutter,101,95872,1758,1742,1,1743,12
2020-10-11,Tehama,103,63373,737,702,2,704,3
2020-10-11,Trinity,105,12862,69,19,8,27,0
2020-10-11,Tulare,107,460477,17277,16741,224,16965,286
2020-10-11,Tuolumne,109,53932,249,234,6,240,4
2020-10-11,Ventura,111,848112,14243,13604,277,13881,151
2020-10-11,Yolo,113,214977,3037,2952,7,2959,55
2020-10-11,Yuba,115,75493,1162,1137,3,1140,10
2020-10-10,Alameda,001,1643700,22592,21979,198,22177,398
2020-10-10,Alpine,002,1148,3,3,0,3,0
2020-10-10,Amador,005,37829,306,304,0,304,16
2020-10-10,Butte,007,227075,3067,2962,54,3016,54
2020-10-10,Calaveras,009,45235,320,262,0,262,12
2020-10-10,Colusa,011,21464,540,541,1,542,6
2020-10-10,Contra Costa,013,1133247,18125,17566,88,17654,233
2020-10-10,Del Norte,015,27424,166,161,0,161,2
2020-10-10,El Dorado,017,186661,1303,1240,12,1252,4
2020-10-10,Fresno,019,978130,32131,29286,401,29687,421
2020-10-10,Glenn,021,27897,637,623,0,623,3
2020-10-10,Humboldt,023,135768,535,518,1,519,7
2020-10-10,Imperial,025,180216,12328,11591,10,11601,327
2020-10-10,Inyo,027,18085,210,201,4,205,14
2020-10-10,Kern,029,883053,33007,32338,372,32710,418
2020-10-10,Kings,031,150075,8280,8078,43,8121,80
2020-10-10,Lake,033,64148,667,630,0,630,11
2020-10-10,Lassen,035,31185,762,752,2,754,0
2020-10-10,Los Angeles,037,10098052,284811,279213,2297,281510,6743
2020-10-10,Madera,039,155013,4819,4662,32,4694,50
2020-10-10,Marin,041,260295,6979,6852,18,6870,97
2020-10-10,Mariposa,043,17540,77,76,0,76,2
2020-10-10,Mendocino,045,87422,1002,935,4,939,21
2020-10-10,Merced,047,269075,9252,9105,26,9131,146
2020-10-10,Modoc,049,8938,29,27,0,27,0
2020-10-10,Mono,051,14174,174,154,5,159,1
2020-10-10,Monterey,053,433212,10716,10410,39,10449,75
2020-10-10,Napa,055,140530,1870,1804,8,1812,11
2020-10-10,Nevada,057,99092,585,564,18,582,6
2020-10-10,Orange,059,3164182,57946,54965,1606,56571,1324
2020-10-10,Placer,061,380077,3922,3757,14,3771,48
2020-10-10,Plumas,063,18699,52,51,0,51,0
2020-10-10,Riverside,065,2383286,63503,61845,234,62079,1254
2020-10-10,Sacramento,067,1510023,24109,23689,29,23718,466
2020-10-10,San Benito,069,59416,1380,1370,0,1370,13
2020-10-10,San Bernardino,071,2135413,59014,56683,370,57053,1061
2020-10-10,San Diego,073,3302833,52204,50145,1254,51399,825
2020-10-10,San Francisco,075,870044,11794,11663,37,11700,122
2020-10-10,San Joaquin,077,732212,21028,20700,100,20800,481
2020-10-10,San Luis Obispo,079,281455,4109,3832,17,3849,32
2020-10-10,San Mateo,081,765935,10791,10218,11,10229,130
2020-10-10,Santa Barbara,083,443738,9567,9417,82,9499,116
2020-10-10,Santa Clara,085,1922200,23718,22354,49,22403,330
2020-10-10,Santa Cruz,087,273765,2664,2572,32,2604,13
2020-10-10,Shasta,089,179085,1790,1473,17,1490,20
2020-10-10,Sierra,091,2930,6,6,0,6,0
2020-10-10,Siskiyou,093,43540,172,161,10,171,0
2020-10-10,Solano,095,438530,6872,6655,39,6694,53
2020-10-10,Sonoma,097,501317,8721,8235,23,8258,133
2020-10-10,Stanislaus,099,539301,17128,16960,615,17575,360
2020-10-10,Sutter,101,95872,1755,1735,1,1736,12
2020-10-10,Tehama,103,63373,730,693,2,695,3
2020-10-10,Trinity,105,12862,69,19,8,27,0
2020-10-10,Tulare,107,460477,17241,16709,219,16928,286
2020-10-10,Tuolumne,109,53932,249,233,6,239,4
2020-10-10,Ventura,111,848112,14218,13520,277,13797,151
2020-10-10,Yolo,113,214977,3028,2939,7,2946,55
2020-10-10,Yuba,115,75493,1160,1134,3,1137,10
2020-10-09,Alameda,001,1643700,22544,21924,198,22122,399
2020-10-09,Alpine,002,1148,3,3,0,3,0
2020-10-09,Amador,005,37829,306,303,0,303,16
2020-10-09,Butte,007,227075,3064,2956,54,3010,51
2020-10-09,Calaveras,009,45235,318,262,0,262,11
2020-10-09,Colusa,011,21464,540,541,1,542,6
2020-10-09,Contra Costa,013,1133247,18074,17487,88,17575,229
2020-10-09,Del Norte,015,27424,165,161,0,161,2
2020-10-09,El Dorado,017,186661,1299,1234,12,1246,4
2020-10-09,Fresno,019,978130,32058,29208,399,29607,417
2020-10-09,Glenn,021,27897,632,617,0,617,3
2020-10-09,Humboldt,023,135768,533,516,1,517,7
2020-10-09,Imperial,025,180216,12302,11516,10,11526,330
2020-10-09,Inyo,027,18085,207,200,4,204,14
2020-10-09,Kern,029,883053,32963,32237,370,32607,417
2020-10-09,Kings,031,150075,8273,7993,41,8034,80
2020-10-09,Lake,033,64148,657,610,0,610,11
2020-10-09,Lassen,035,31185,762,751,2,753,0
2020-10-09,Los Angeles,037,10098052,283676,278039,2273,280312,6715
2020-10-09,Madera,039,155013,4809,4646,32,4678,50
2020-10-09,Marin,041,260295,6965,6838,18,6856,96
2020-10-09,Mariposa,043,17540,77,76,0,76,2
2020-10-09,Mendocino,045,87422,992,933,4,937,20
2020-10-09,Merced,047,269075,9238,9095,26,9121,145
2020-10-09,Modoc,049,8938,29,27,0,27,0
2020-10-09,Mono,051,14174,174,154,5,159,1
2020-10-09,Monterey,053,433212,10682,10369,39,10408,75
2020-10-09,Napa,055,140530,1860,1795,8,1803,11
2020-10-09,Nevada,057,99092,580,561,18,579,6
2020-10-09,Orange,059,3164182,57775,54746,1601,56347,1305
2020-10-09,Placer,061,380077,3908,3737,13,3750,48
2020-10-09,Plumas,063,18699,52,50,0,50,0
2020-10-09,Riverside,065,2383286,63267,61529,233,61762,1252
2020-10-09,Sacramento,067,1510023,24040,23606,29,23635,457
2020-10-09,San Benito,069,59416,1375,1367,0,1367,13
2020-10-09,San Bernardino,071,2135413,58774,56434,368,56802,1057
2020-10-09,San Diego,073,3302833,51928,49825,1243,51068,821
2020-10-09,San Francisco,075,870044,11764,11620,37,11657,120
2020-10-09,San Joaquin,077,732212,20998,20648,92,20740,481
2020-10-09,San Luis Obispo,079,281455,4090,3810,17,3827,32
2020-10-09,San Mateo,081,765935,10763,10140,11,10151,130
2020-10-09,Santa Barbara,083,443738,9539,9396,82,9478,116
2020-10-09,Santa Clara,085,1922200,23616,22251,48,22299,328
2020-10-09,Santa Cruz,087,273765,2655,2555,32,2587,13
2020-10-09,Shasta,089,179085,1764,1353,16,1369,20
2020-10-09,Sierra,091,2930,6,6,0,6,0
2020-10-09,Siskiyou,093,43540,170,156,10,166,0
2020-10-09,Solano,095,438530,6833,6614,39,6653,53
2020-10-09,Sonoma,097,501317,8667,8133,23,8156,133
2020-10-09,Stanislaus,099,539301,17103,16904,608,17512,362
2020-10-09,Sutter,101,95872,1751,1732,1,1733,12
2020-10-09,Tehama,103,63373,724,682,2,684,3
2020-10-09,Trinity,105,12862,69,25,8,33,0
2020-10-09,Tulare,107,460477,17201,16644,210,16854,286
2020-10-09,Tuolumne,109,53932,246,230,6,236,4
2020-10-09,Ventura,111,848112,14182,13469,274,13743,151
2020-10-09,Yolo,113,214977,3021,2928,7,2935,55
2020-10-09,Yuba,115,75493,1159,1129,3,1132,10
2020-10-08,Alameda,001,1643700,22463,21826,197,22023,395
2020-10-08,Alpine,002,1148,3,3,0,3,0
2020-10-08,Amador,005,37829,305,302,0,302,16
2020-10-08,Butte,007,227075,3054,2935,54,2989,51
2020-10-08,Calaveras,009,45235,317,262,0,262,11
2020-10-08,Colusa,011,21464,540,539,1,540,6
2020-10-08,Contra Costa,013,1133247,18014,17418,87,17505,228
2020-10-08,Del Norte,015,27424,165,151,0,151,2
2020-10-08,El Dorado,017,186661,1298,1230,12,1242,4
2020-10-08,Fresno,019,978130,31954,29111,399,29510,416
2020-10-08,Glenn,021,27897,629,616,0,616,3
2020-10-08,Humboldt,023,135768,529,515,1,516,7
2020-10-08,Imperial,025,180216,12262,11405,10,11415,330
2020-10-08,Inyo,027,18085,204,199,4,203,14
2020-10-08,Kern,029,883053,32905,32169,365,32534,411
2020-10-08,Kings,031,150075,8267,7968,41,8009,80
2020-10-08,Lake,033,64148,652,604,0,604,11
2020-10-08,Lassen,035,31185,757,751,2,753,0
2020-10-08,Los Angeles,037,10098052,282474,276763,2233,278996,6699
2020-10-08,Madera,039,155013,4791,4637,32,4669,50
2020-10-08,Marin,041,260295,6951,6810,18,6828,96
2020-10-08,Mariposa,043,17540,77,76,0,76,2
2020-10-08,Mendocino,045,87422,987,930,4,934,20
2020-10-08,Merced,047,269075,9218,9069,26,9095,144
2020-10-08,Modoc,049,8938,29,27,0,27,0
2020-10-08,Mono,051,14174,174,153,5,158,1
2020-10-08,Monterey,053,433212,10615,10343,39,10382,75
2020-10-08,Napa,055,140530,1845,1779,8,1787,11
2020-10-08,Nevada,057,99092,577,556,18,574,6
2020-10-08,Orange,059,3164182,57582,54523,1590,56113,1293
2020-10-08,Placer,061,380077,3890,3715,13,3728,48
2020-10-08,Plumas,063,18699,52,50,0,50,0
2020-10-08,Riverside,065,2383286,62999,61105,232,61337,1244
2020-10-08,Sacramento,067,1510023,23933,23482,29,23511,454
2020-10-08,San Benito,069,59416,1370,1367,0,1367,13
2020-10-08,San Bernardino,071,2135413,58409,56152,367,56519,1048
2020-10-08,San Diego,073,3302833,51648,49468,1211,50679,819
2020-10-08,San Francisco,075,870044,11726,11608,37,11645,115
2020-10-08,San Joaquin,077,732212,20946,20576,87,20663,478
2020-10-08,San Luis Obispo,079,281455,4074,3785,17,3802,32
2020-10-08,San Mateo,081,765935,10731,10044,11,10055,130
2020-10-08,Santa Barbara,083,443738,9511,9374,82,9456,116
2020-10-08,Santa Clara,085,1922200,23514,22095,48,22143,323
2020-10-08,Santa Cruz,087,273765,2643,2535,32,2567,13
2020-10-08,Shasta,089,179085,1730,1305,16,1321,20
2020-10-08,Sierra,091,2930,6,6,0,6,0
2020-10-08,Siskiyou,093,43540,170,156,10,166,0
2020-10-08,Solano,095,438530,6809,6556,39,6595,53
2020-10-08,Sonoma,097,501317,8601,8063,23,8086,132
2020-10-08,Stanislaus,099,539301,17057,16821,600,17421,360
2020-10-08,Sutter,101,95872,1751,1725,1,1726,12
2020-10-08,Tehama,103,63373,715,676,2,678,3
2020-10-08,Trinity,105,12862,68,25,8,33,0
2020-10-08,Tulare,107,460477,17140,16573,202,16775,283
2020-10-08,Tuolumne,109,53932,245,230,6,236,4
2020-10-08,Ventura,111,848112,14134,13399,272,13671,151
2020-10-08,Yolo,113,214977,3004,2914,7,2921,55
2020-10-08,Yuba,115,75493,1154,1126,3,1129,10
2020-10-07,Alameda,001,1643700,22386,21736,197,21933,395
2020-10-07,Alpine,002,1148,3,3,0,3,0
2020-10-07,Amador,005,37829,305,302,0,302,16
2020-10-07,Butte,007,227075,3043,2927,54,2981,47
2020-10-07,Calaveras,009,45235,315,262,0,262,11
2020-10-07,Colusa,011,21464,539,539,0,539,6
2020-10-07,Contra Costa,013,1133247,17944,17346,86,17432,225
2020-10-07,Del Norte,015,27424,164,149,0,149,2
2020-10-07,El Dorado,017,186661,1290,1219,12,1231,4
2020-10-07,Fresno,019,978130,31833,29069,394,29463,413
2020-10-07,Glenn,021,27897,629,615,0,615,3
2020-10-07,Humboldt,023,135768,526,512,1,513,7
2020-10-07,Imperial,025,180216,12225,11289,9,11298,330
2020-10-07,Inyo,027,18085,204,199,4,203,14
2020-10-07,Kern,029,883053,32832,32068,364,32432,410
2020-10-07,Kings,031,150075,8252,7948,41,7989,80
2020-10-07,Lake,033,64148,651,599,0,599,11
2020-10-07,Lassen,035,31185,757,751,2,753,0
2020-10-07,Los Angeles,037,10098052,281291,275559,2201,277760,6681
2020-10-07,Madera,039,155013,4771,4618,32,4650,50
2020-10-07,Marin,041,260295,6924,6790,18,6808,95
2020-10-07,Mariposa,043,17540,77,75,0,75,2
2020-10-07,Mendocino,045,87422,981,927,4,931,19
2020-10-07,Merced,047,269075,9181,9045,25,9070,144
2020-10-07,Modoc,049,8938,29,27,0,27,0
2020-10-07,Mono,051,14174,173,153,4,157,1
2020-10-07,Monterey,053,433212,10556,10272,39,10311,75
2020-10-07,Napa,055,140530,1832,1774,8,1782,11
2020-10-07,Nevada,057,99092,573,552,18,570,6
2020-10-07,Orange,059,3164182,57365,54332,1579,55911,1277
2020-10-07,Placer,061,380077,3874,3693,13,3706,48
2020-10-07,Plumas,063,18699,52,50,0,50,0
2020-10-07,Riverside,065,2383286,62652,60857,228,61085,1241
2020-10-07,Sacramento,067,1510023,23836,23380,29,23409,452
2020-10-07,San Benito,069,59416,1367,1363,0,1363,13
2020-10-07,San Bernardino,071,2135413,58060,55738,366,56104,1043
2020-10-07,San Diego,073,3302833,51332,49177,1187,50364,813
2020-10-07,San Francisco,075,870044,11690,11551,37,11588,115
2020-10-07,San Joaquin,077,732212,20894,20527,80,20607,478
2020-10-07,San Luis Obispo,079,281455,4044,3749,17,3766,32
2020-10-07,San Mateo,081,765935,10688,9980,11,9991,130
2020-10-07,Santa Barbara,083,443738,9485,9350,81,9431,116
2020-10-07,Santa Clara,085,1922200,23386,21993,48,22041,320
2020-10-07,Santa Cruz,087,273765,2631,2518,32,2550,14
2020-10-07,Shasta,089,179085,1687,1268,16,1284,20
2020-10-07,Sierra,091,2930,6,6,0,6,0
2020-10-07,Siskiyou,093,43540,168,154,10,164,0
2020-10-07,Solano,095,438530,6774,6526,39,6565,53
2020-10-07,Sonoma,097,501317,8526,7993,22,8015,130
2020-10-07,Stanislaus,099,539301,17022,16786,594,17380,357
2020-10-07,Sutter,101,95872,1748,1723,1,1724,12
2020-10-07,Tehama,103,63373,706,666,2,668,3
2020-10-07,Trinity,105,12862,64,25,8,33,0
2020-10-07,Tulare,107,460477,17097,16483,194,16677,282
2020-10-07,Tuolumne,109,53932,245,227,6,233,3
2020-10-07,Ventura,111,848112,14084,13333,266,13599,150
2020-10-07,Yolo,113,214977,2979,2904,7,2911,55
2020-10-07,Yuba,115,75493,1148,1120,3,1123,10
2020-10-06,Alameda,001,1643700,22295,21698,195,21893,385
2020-10-06,Alpine,002,1148,3,3,0,3,0
2020-10-06,Amador,005,37829,303,301,0,301,16
2020-10-06,Butte,007,227075,3036,2925,54,2979,47
2020-10-06,Calaveras,009,45235,315,261,0,261,11
2020-10-06,Colusa,011,21464,538,538,0,538,6
2020-10-06,Contra Costa,013,1133247,17865,17295,86,17381,219
2020-10-06,Del Norte,015,27424,164,144,0,144,2
2020-10-06,El Dorado,017,186661,1286,1211,12,1223,4
2020-10-06,Fresno,019,978130,31690,29022,391,29413,412
2020-10-06,Glenn,021,27897,626,604,0,604,3
2020-10-06,Humboldt,023,135768,523,508,1,509,7
2020-10-06,Imperial,025,180216,12187,11196,9,11205,327
2020-10-06,Inyo,027,18085,202,198,4,202,14
2020-10-06,Kern,029,883053,32756,32006,362,32368,407
2020-10-06,Kings,031,150075,8236,7943,41,7984,81
2020-10-06,Lake,033,64148,645,596,0,596,11
2020-10-06,Lassen,035,31185,757,743,2,745,0
2020-10-06,Los Angeles,037,10098052,280053,274115,2152,276267,6657
2020-10-06,Madera,039,155013,4759,4608,32,4640,50
2020-10-06,Marin,041,260295,6909,6766,18,6784,91
2020-10-06,Mariposa,043,17540,77,75,0,75,2
2020-10-06,Mendocino,045,87422,974,920,4,924,19
2020-10-06,Merced,047,269075,9145,9034,24,9058,143
2020-10-06,Modoc,049,8938,29,26,0,26,0
2020-10-06,Mono,051,14174,173,153,4,157,1
2020-10-06,Monterey,053,433212,10501,10235,37,10272,72
2020-10-06,Napa,055,140530,1826,1770,8,1778,11
2020-10-06,Nevada,057,99092,570,551,18,569,6
2020-10-06,Orange,059,3164182,57149,54203,1570,55773,1273
2020-10-06,Placer,061,380077,3852,3680,13,3693,48
2020-10-06,Plumas,063,18699,52,49,0,49,0
2020-10-06,Riverside,065,2383286,62387,60593,226,60819,1238
2020-10-06,Sacramento,067,1510023,23750,23322,29,23351,442
2020-10-06,San Benito,069,59416,1366,1358,0,1358,12
2020-10-06,San Bernardino,071,2135413,57746,55416,361,55777,1040
2020-10-06,San Diego,073,3302833,50995,48823,1170,49993,806
2020-10-06,San Francisco,075,870044,11664,11513,36,11549,115
2020-10-06,San Joaquin,077,732212,20854,20481,77,20558,477
2020-10-06,San Luis Obispo,079,281455,4010,3723,17,3740,32
2020-10-06,San Mateo,081,765935,10656,9934,11,9945,129
2020-10-06,Santa Barbara,083,443738,9456,9331,80,9411,116
2020-10-06,Santa Clara,085,1922200,23291,21914,48,21962,320
2020-10-06,Santa Cruz,087,273765,2609,2510,32,2542,12
2020-10-06,Shasta,089,179085,1647,1242,16,1258,18
2020-10-06,Sierra,091,2930,6,6,0,6,0
2020-10-06,Siskiyou,093,43540,168,154,10,164,0
2020-10-06,Solano,095,438530,6728,6506,39,6545,52
2020-10-06,Sonoma,097,501317,8433,7895,22,7917,130
2020-10-06,Stanislaus,099,539301,16977,16759,588,17347,354
2020-10-06,Sutter,101,95872,1746,1722,1,1723,12
2020-10-06,Tehama,103,63373,696,660,2,662,3
2020-10-06,Trinity,105,12862,64,25,8,33,0
2020-10-06,Tulare,107,460477,17055,16456,186,16642,280
2020-10-06,Tuolumne,109,53932,244,227,6,233,2
2020-10-06,Ventura,111,848112,14017,13242,261,13503,150
2020-10-06,Yolo,113,214977,2965,2899,7,2906,56
2020-10-06,Yuba,115,75493,1147,1114,3,1117,10
2020-10-05,Alameda,001,1643700,22207,21637,192,21829,383
2020-10-05,Alpine,002,1148,3,2,0,2,0
2020-10-05,Amador,005,37829,303,299,0,299,16
2020-10-05,Butte,007,227075,3026,2910,54,2964,46
2020-10-05,Calaveras,009,45235,315,259,0,259,11
2020-10-05,Colusa,011,21464,538,537,0,537,6
2020-10-05,Contra Costa,013,1133247,17788,17250,86,17336,216
2020-10-05,Del Norte,015,27424,161,142,0,142,2
2020-10-05,El Dorado,017,186661,1282,1202,11,1213,4
2020-10-05,Fresno,019,978130,31573,29136,391,29527,408
2020-10-05,Glenn,021,27897,624,603,0,603,3
2020-10-05,Humboldt,023,135768,522,506,1,507,6
2020-10-05,Imperial,025,180216,12146,11169,9,11178,327
2020-10-05,Inyo,027,18085,202,197,4,201,14
2020-10-05,Kern,029,883053,32677,31933,358,32291,404
2020-10-05,Kings,031,150075,8139,7932,41,7973,80
2020-10-05,Lake,033,64148,641,592,0,592,10
2020-10-05,Lassen,035,31185,756,743,2,745,0
2020-10-05,Los Angeles,037,10098052,278957,273200,2114,275314,6632
2020-10-05,Madera,039,155013,4751,4598,30,4628,50
2020-10-05,Marin,041,260295,6892,6751,18,6769,91
2020-10-05,Mariposa,043,17540,77,75,0,75,2
2020-10-05,Mendocino,045,87422,966,913,4,917,19
2020-10-05,Merced,047,269075,9126,9021,23,9044,143
2020-10-05,Modoc,049,8938,29,26,0,26,0
2020-10-05,Mono,051,14174,173,152,4,156,1
2020-10-05,Monterey,053,433212,10454,10187,37,10224,72
2020-10-05,Napa,055,140530,1815,1760,8,1768,11
2020-10-05,Nevada,057,99092,567,550,17,567,6
2020-10-05,Orange,059,3164182,56933,54103,1557,55660,1271
2020-10-05,Placer,061,380077,3826,3670,13,3683,46
2020-10-05,Plumas,063,18699,51,49,0,49,0
2020-10-05,Riverside,065,2383286,62067,60454,222,60676,1232
2020-10-05,Sacramento,067,1510023,23646,23207,29,23236,438
2020-10-05,San Benito,069,59416,1363,1356,0,1356,12
2020-10-05,San Bernardino,071,2135413,57439,55100,360,55460,1031
2020-10-05,San Diego,073,3302833,50659,48662,1146,49808,803
2020-10-05,San Francisco,075,870044,11625,11476,34,11510,110
2020-10-05,San Joaquin,077,732212,20784,20319,74,20393,476
2020-10-05,San Luis Obispo,079,281455,3983,3710,17,3727,32
2020-10-05,San Mateo,081,765935,10629,9896,11,9907,128
2020-10-05,Santa Barbara,083,443738,9434,9309,80,9389,116
2020-10-05,Santa Clara,085,1922200,23174,21861,48,21909,319
2020-10-05,Santa Cruz,087,273765,2597,2492,32,2524,9
2020-10-05,Shasta,089,179085,1615,1158,16,1174,18
2020-10-05,Sierra,091,2930,6,6,0,6,0
2020-10-05,Siskiyou,093,43540,168,153,10,163,0
2020-10-05,Solano,095,438530,6690,6475,39,6514,52
2020-10-05,Sonoma,097,501317,8341,7817,22,7839,130
2020-10-05,Stanislaus,099,539301,16941,16730,581,17311,351
2020-10-05,Sutter,101,95872,1738,1719,1,1720,12
2020-10-05,Tehama,103,63373,688,642,2,644,3
2020-10-05,Trinity,105,12862,62,22,8,30,0
2020-10-05,Tulare,107,460477,16996,16343,181,16524,278
2020-10-05,Tuolumne,109,53932,241,226,6,232,2
2020-10-05,Ventura,111,848112,13948,13224,242,13466,149
2020-10-05,Yolo,113,214977,2946,2889,7,2896,56
2020-10-05,Yuba,115,75493,1134,1108,3,1111,9
2020-10-04,Alameda,001,1643700,22111,21597,192,21789,383
2020-10-04,Alpine,002,1148,3,2,0,2,0
2020-10-04,Amador,005,37829,302,297,0,297,16
2020-10-04,Butte,007,227075,3012,2903,54,2957,46
2020-10-04,Calaveras,009,45235,315,259,0,259,11
2020-10-04,Colusa,011,21464,537,537,0,537,6
2020-10-04,Contra Costa,013,1133247,17724,17192,86,17278,214
2020-10-04,Del Norte,015,27424,157,142,0,142,2
2020-10-04,El Dorado,017,186661,1278,1196,11,1207,4
2020-10-04,Fresno,019,978130,31450,29065,391,29456,408
2020-10-04,Glenn,021,27897,622,601,0,601,3
2020-10-04,Humboldt,023,135768,521,506,1,507,6
2020-10-04,Imperial,025,180216,12107,11127,9,11136,327
2020-10-04,Inyo,027,18085,199,195,4,199,14
2020-10-04,Kern,029,883053,32602,31906,355,32261,404
2020-10-04,Kings,031,150075,8124,7919,41,7960,80
2020-10-04,Lake,033,64148,627,589,0,589,10
2020-10-04,Lassen,035,31185,756,743,2,745,0
2020-10-04,Los Angeles,037,10098052,277569,272822,2068,274890,6625
2020-10-04,Madera,039,155013,4735,4587,30,4617,50
2020-10-04,Marin,041,260295,6872,6741,18,6759,91
2020-10-04,Mariposa,043,17540,77,75,0,75,2
2020-10-04,Mendocino,045,87422,953,905,4,909,18
2020-10-04,Merced,047,269075,9101,9006,23,9029,140
2020-10-04,Modoc,049,8938,29,26,0,26,0
2020-10-04,Mono,051,14174,172,152,3,155,1
2020-10-04,Monterey,053,433212,10413,10141,36,10177,72
2020-10-04,Napa,055,140530,1803,1759,8,1767,11
2020-10-04,Nevada,057,99092,563,547,16,563,6
2020-10-04,Orange,059,3164182,56697,53966,1548,55514,1270
2020-10-04,Placer,061,380077,3805,3664,13,3677,46
2020-10-04,Plumas,063,18699,51,49,0,49,0
2020-10-04,Riverside,065,2383286,61781,60251,218,60469,1226
2020-10-04,Sacramento,067,1510023,23530,23162,29,23191,438
2020-10-04,San Benito,069,59416,1363,1355,0,1355,12
2020-10-04,San Bernardino,071,2135413,56990,55100,358,55458,1031
2020-10-04,San Diego,073,3302833,50292,48438,1121,49559,803
2020-10-04,San Francisco,075,870044,11593,11474,32,11506,110
2020-10-04,San Joaquin,077,732212,20707,20320,68,20388,476
2020-10-04,San Luis Obispo,079,281455,3958,3688,17,3705,31
2020-10-04,San Mateo,081,765935,10569,9858,11,9869,128
2020-10-04,Santa Barbara,083,443738,9408,9276,78,9354,116
2020-10-04,Santa Clara,085,1922200,23037,21780,48,21828,316
2020-10-04,Santa Cruz,087,273765,2581,2483,32,2515,9
2020-10-04,Shasta,089,179085,1517,1158,15,1173,18
2020-10-04,Sierra,091,2930,6,6,0,6,0
2020-10-04,Siskiyou,093,43540,168,153,10,163,0
2020-10-04,Solano,095,438530,6639,6445,39,6484,52
2020-10-04,Sonoma,097,501317,8253,7794,22,7816,129
2020-10-04,Stanislaus,099,539301,16891,16711,572,17283,351
2020-10-04,Sutter,101,95872,1735,1711,1,1712,11
2020-10-04,Tehama,103,63373,673,637,2,639,3
2020-10-04,Trinity,105,12862,61,21,8,29,0
2020-10-04,Tulare,107,460477,16919,16343,170,16513,278
2020-10-04,Tuolumne,109,53932,239,226,6,232,2
2020-10-04,Ventura,111,848112,13866,13197,225,13422,149
2020-10-04,Yolo,113,214977,2935,2875,7,2882,56
2020-10-04,Yuba,115,75493,1130,1103,3,1106,9
2020-10-03,Alameda,001,1643700,22065,21510,191,21701,386
2020-10-03,Alpine,002,1148,3,2,0,2,0
2020-10-03,Amador,005,37829,301,296,0,296,16
2020-10-03,Butte,007,227075,3006,2894,54,2948,46
2020-10-03,Calaveras,009,45235,315,259,0,259,11
2020-10-03,Colusa,011,21464,536,537,0,537,6
2020-10-03,Contra Costa,013,1133247,17674,17087,84,17171,213
2020-10-03,Del Norte,015,27424,153,142,0,142,2
2020-10-03,El Dorado,017,186661,1271,1188,11,1199,4
2020-10-03,Fresno,019,978130,31390,28975,390,29365,408
2020-10-03,Glenn,021,27897,620,601,0,601,3
2020-10-03,Humboldt,023,135768,520,504,1,505,6
2020-10-03,Imperial,025,180216,12084,11090,9,11099,327
2020-10-03,Inyo,027,18085,199,194,4,198,14
2020-10-03,Kern,029,883053,32552,31864,351,32215,403
2020-10-03,Kings,031,150075,8120,7887,41,7928,80
2020-10-03,Lake,033,64148,617,588,0,588,10
2020-10-03,Lassen,035,31185,756,743,2,745,0
2020-10-03,Los Angeles,037,10098052,276862,271869,2039,273908,6620
2020-10-03,Madera,039,155013,4718,4565,30,4595,50
2020-10-03,Marin,041,260295,6866,6728,18,6746,91
2020-10-03,Mariposa,043,17540,77,75,0,75,2
2020-10-03,Mendocino,045,87422,951,898,4,902,18
2020-10-03,Merced,047,269075,9088,8986,23,9009,139
2020-10-03,Modoc,049,8938,29,26,0,26,0
2020-10-03,Mono,051,14174,171,152,3,155,1
2020-10-03,Monterey,053,433212,10379,10092,33,10125,72
2020-10-03,Napa,055,140530,1799,1752,8,1760,11
2020-10-03,Nevada,057,99092,562,544,16,560,6
2020-10-03,Orange,059,3164182,56580,53573,1543,55116,1268
2020-10-03,Placer,061,380077,3794,3648,13,3661,47
2020-10-03,Plumas,063,18699,51,48,0,48,0
2020-10-03,Riverside,065,2383286,61629,59991,216,60207,1226
2020-10-03,Sacramento,067,1510023,23479,23076,29,23105,437
2020-10-03,San Benito,069,59416,1363,1351,0,1351,12
2020-10-03,San Bernardino,071,2135413,56817,55004,355,55359,1031
2020-10-03,San Diego,073,3302833,50061,48202,1104,49306,798
2020-10-03,San Francisco,075,870044,11568,11475,30,11505,110
2020-10-03,San Joaquin,077,732212,20681,20322,68,20390,476
2020-10-03,San Luis Obispo,079,281455,3934,3670,17,3687,31
2020-10-03,San Mateo,081,765935,10542,9822,10,9832,128
2020-10-03,Santa Barbara,083,443738,9395,9256,78,9334,116
2020-10-03,Santa Clara,085,1922200,22957,21672,48,21720,309
2020-10-03,Santa Cruz,087,273765,2573,2476,32,2508,9
2020-10-03,Shasta,089,179085,1489,1117,14,1131,18
2020-10-03,Sierra,091,2930,6,6,0,6,0
2020-10-03,Siskiyou,093,43540,168,152,10,162,0
2020-10-03,Solano,095,438530,6613,6419,39,6458,52
2020-10-03,Sonoma,097,501317,8211,7747,22,7769,129
2020-10-03,Stanislaus,099,539301,16858,16645,568,17213,351
2020-10-03,Sutter,101,95872,1731,1705,1,1706,11
2020-10-03,Tehama,103,63373,667,630,2,632,3
2020-10-03,Trinity,105,12862,61,15,8,23,0
2020-10-03,Tulare,107,460477,16875,16322,166,16488,278
2020-10-03,Tuolumne,109,53932,238,224,6,230,2
2020-10-03,Ventura,111,848112,13828,13150,221,13371,148
2020-10-03,Yolo,113,214977,2928,2863,7,2870,56
2020-10-03,Yuba,115,75493,1122,1097,3,1100,8
2020-10-02,Alameda,001,1643700,22011,21404,190,21594,382
2020-10-02,Alpine,002,1148,3,2,0,2,0
2020-10-02,Amador,005,37829,300,296,0,296,16
2020-10-02,Butte,007,227075,2996,2879,54,2933,46
2020-10-02,Calaveras,009,45235,314,259,0,259,11
2020-10-02,Colusa,011,21464,535,537,0,537,6
2020-10-02,Contra Costa,013,1133247,17631,17002,83,17085,213
2020-10-02,Del Norte,015,27424,152,141,0,141,2
2020-10-02,El Dorado,017,186661,1264,1168,11,1179,4
2020-10-02,Fresno,019,978130,31308,28855,390,29245,403
2020-10-02,Glenn,021,27897,615,594,0,594,3
2020-10-02,Humboldt,023,135768,519,503,1,504,6
2020-10-02,Imperial,025,180216,12062,11024,9,11033,327
2020-10-02,Inyo,027,18085,197,191,4,195,14
2020-10-02,Kern,029,883053,32500,31790,344,32134,399
2020-10-02,Kings,031,150075,8111,7716,41,7757,79
2020-10-02,Lake,033,64148,611,579,0,579,10
2020-10-02,Lassen,035,31185,756,742,2,744,0
2020-10-02,Los Angeles,037,10098052,275961,270935,2013,272948,6602
2020-10-02,Madera,039,155013,4710,4537,30,4567,49
2020-10-02,Marin,041,260295,6849,6717,18,6735,91
2020-10-02,Mariposa,043,17540,77,75,0,75,2
2020-10-02,Mendocino,045,87422,946,883,4,887,18
2020-10-02,Merced,047,269075,9078,8961,23,8984,139
2020-10-02,Modoc,049,8938,29,26,0,26,0
2020-10-02,Mono,051,14174,171,150,3,153,1
2020-10-02,Monterey,053,433212,10345,9997,33,10030,71
2020-10-02,Napa,055,140530,1793,1737,8,1745,11
2020-10-02,Nevada,057,99092,559,543,16,559,6
2020-10-02,Orange,059,3164182,56449,53299,1536,54835,1262
2020-10-02,Placer,061,380077,3774,3612,13,3625,46
2020-10-02,Plumas,063,18699,51,48,0,48,0
2020-10-02,Riverside,065,2383286,61408,59673,213,59886,1223
2020-10-02,Sacramento,067,1510023,23414,22818,29,22847,436
2020-10-02,San Benito,069,59416,1359,1347,0,1347,12
2020-10-02,San Bernardino,071,2135413,56631,54613,355,54968,1028
2020-10-02,San Diego,073,3302833,49809,47793,1088,48881,794
2020-10-02,San Francisco,075,870044,11545,11398,30,11428,110
2020-10-02,San Joaquin,077,732212,20647,20235,67,20302,474
2020-10-02,San Luis Obispo,079,281455,3911,3654,17,3671,31
2020-10-02,San Mateo,081,765935,10501,9745,10,9755,128
2020-10-02,Santa Barbara,083,443738,9372,9234,78,9312,116
2020-10-02,Santa Clara,085,1922200,22871,21545,47,21592,305
2020-10-02,Santa Cruz,087,273765,2556,2463,32,2495,9
2020-10-02,Shasta,089,179085,1454,1046,14,1060,18
2020-10-02,Sierra,091,2930,6,6,0,6,0
2020-10-02,Siskiyou,093,43540,168,151,10,161,0
2020-10-02,Solano,095,438530,6583,6385,39,6424,52
2020-10-02,Sonoma,097,501317,8154,7662,22,7684,125
2020-10-02,Stanislaus,099,539301,16817,16609,559,17168,349
2020-10-02,Sutter,101,95872,1730,1693,1,1694,11
2020-10-02,Tehama,103,63373,662,619,2,621,3
2020-10-02,Trinity,105,12862,61,15,8,23,0
2020-10-02,Tulare,107,460477,16834,16245,159,16404,278
2020-10-02,Tuolumne,109,53932,236,225,6,231,2
2020-10-02,Ventura,111,848112,13789,13120,216,13336,146
2020-10-02,Yolo,113,214977,2923,2845,7,2852,55
2020-10-02,Yuba,115,75493,1120,1090,3,1093,8
2020-10-01,Alameda,001,1643700,21950,21349,186,21535,383
2020-10-01,Alpine,002,1148,3,2,0,2,0
2020-10-01,Amador,005,37829,300,294,0,294,16
2020-10-01,Butte,007,227075,2988,2865,54,2919,45
2020-10-01,Calaveras,009,45235,314,257,0,257,11
2020-10-01,Colusa,011,21464,535,536,0,536,6
2020-10-01,Contra Costa,013,1133247,17567,16898,83,16981,211
2020-10-01,Del Norte,015,27424,147,140,0,140,2
2020-10-01,El Dorado,017,186661,1260,1162,10,1172,4
2020-10-01,Fresno,019,978130,31228,28796,388,29184,397
2020-10-01,Glenn,021,27897,611,593,0,593,3
2020-10-01,Humboldt,023,135768,519,499,1,500,6
2020-10-01,Imperial,025,180216,12020,10928,9,10937,325
2020-10-01,Inyo,027,18085,197,191,4,195,14
2020-10-01,Kern,029,883053,32437,31678,339,32017,399
2020-10-01,Kings,031,150075,8100,7688,38,7726,79
2020-10-01,Lake,033,64148,605,572,0,572,11
2020-10-01,Lassen,035,31185,753,742,2,744,0
2020-10-01,Los Angeles,037,10098052,274915,271513,1980,273493,6621
2020-10-01,Madera,039,155013,4687,4508,30,4538,48
2020-10-01,Marin,041,260295,6835,6710,18,6728,92
2020-10-01,Mariposa,043,17540,77,76,0,76,2
2020-10-01,Mendocino,045,87422,941,874,4,878,19
2020-10-01,Merced,047,269075,9051,8942,23,8965,138
2020-10-01,Modoc,049,8938,29,26,0,26,0
2020-10-01,Mono,051,14174,169,150,3,153,1
2020-10-01,Monterey,053,433212,10270,9958,33,9991,71
2020-10-01,Napa,055,140530,1785,1729,8,1737,11
2020-10-01,Nevada,057,99092,558,543,16,559,6
2020-10-01,Orange,059,3164182,56283,53088,1523,54611,1257
2020-10-01,Placer,061,380077,3747,3599,13,3612,45
2020-10-01,Plumas,063,18699,51,48,0,48,0
2020-10-01,Riverside,065,2383286,61155,59293,207,59500,1223
2020-10-01,Sacramento,067,1510023,23302,22714,28,22742,433
2020-10-01,San Benito,069,59416,1357,1346,0,1346,12
2020-10-01,San Bernardino,071,2135413,56338,54350,352,54702,1021
2020-10-01,San Diego,073,3302833,49527,47487,1068,48555,792
2020-10-01,San Francisco,075,870044,11514,11284,28,11312,110
2020-10-01,San Joaquin,077,732212,20601,20204,64,20268,471
2020-10-01,San Luis Obispo,079,281455,3884,3625,17,3642,31
2020-10-01,San Mateo,081,765935,10456,9681,10,9691,128
2020-10-01,Santa Barbara,083,443738,9332,9215,78,9293,118
2020-10-01,Santa Clara,085,1922200,22770,21398,47,21445,305
2020-10-01,Santa Cruz,087,273765,2541,2418,32,2450,10
2020-10-01,Shasta,089,179085,1403,991,14,1005,18
2020-10-01,Sierra,091,2930,6,6,0,6,0
2020-10-01,Siskiyou,093,43540,165,150,10,160,0
2020-10-01,Solano,095,438530,6545,6352,39,6391,52
2020-10-01,Sonoma,097,501317,8087,7569,22,7591,125
2020-10-01,Stanislaus,099,539301,16784,16555,553,17108,346
2020-10-01,Sutter,101,95872,1725,1684,1,1685,11
2020-10-01,Tehama,103,63373,652,606,2,608,3
2020-10-01,Trinity,105,12862,61,15,8,23,0
2020-10-01,Tulare,107,460477,16759,16182,156,16338,275
2020-10-01,Tuolumne,109,53932,236,223,6,229,2
2020-10-01,Ventura,111,848112,13737,13057,203,13260,146
2020-10-01,Yolo,113,214977,2905,2833,7,2840,55
2020-10-01,Yuba,115,75493,1116,1082,3,1085,8
2020-09-30,Alameda,001,1643700,21872,21271,183,21454,380
2020-09-30,Alpine,002,1148,3,2,0,2,0
2020-09-30,Amador,005,37829,300,294,0,294,16
2020-09-30,Butte,007,227075,2980,2858,54,2912,44
2020-09-30,Calaveras,009,45235,313,258,0,258,11
2020-09-30,Colusa,011,21464,534,534,0,534,6
2020-09-30,Contra Costa,013,1133247,17499,16819,83,16902,211
2020-09-30,Del Norte,015,27424,146,140,0,140,2
2020-09-30,El Dorado,017,186661,1248,1157,10,1167,4
2020-09-30,Fresno,019,978130,31138,28706,385,29091,395
2020-09-30,Glenn,021,27897,606,592,0,592,3
2020-09-30,Humboldt,023,135768,517,497,1,498,6
2020-09-30,Imperial,025,180216,11995,10868,9,10877,287
2020-09-30,Inyo,027,18085,196,189,4,193,14
2020-09-30,Kern,029,883053,32361,31601,338,31939,398
2020-09-30,Kings,031,150075,8072,7685,38,7723,79
2020-09-30,Lake,033,64148,599,567,0,567,10
2020-09-30,Lassen,035,31185,750,742,2,744,0
2020-09-30,Los Angeles,037,10098052,273693,270260,1948,272208,6568
2020-09-30,Madera,039,155013,4678,4477,30,4507,47
2020-09-30,Marin,041,260295,6811,6700,17,6717,91
2020-09-30,Mariposa,043,17540,77,76,0,76,2
2020-09-30,Mendocino,045,87422,935,867,4,871,17
2020-09-30,Merced,047,269075,9031,8926,23,8949,136
2020-09-30,Modoc,049,8938,29,26,0,26,0
2020-09-30,Mono,051,14174,169,150,3,153,1
2020-09-30,Monterey,053,433212,10219,9898,32,9930,70
2020-09-30,Napa,055,140530,1771,1728,8,1736,11
2020-09-30,Nevada,057,99092,556,540,16,556,6
2020-09-30,Orange,059,3164182,56092,52916,1508,54424,1251
2020-09-30,Placer,061,380077,3726,3585,13,3598,43
2020-09-30,Plumas,063,18699,51,48,0,48,0
2020-09-30,Riverside,065,2383286,60799,59074,203,59277,1220
2020-09-30,Sacramento,067,1510023,23199,22613,28,22641,429
2020-09-30,San Benito,069,59416,1354,1342,0,1342,12
2020-09-30,San Bernardino,071,2135413,56061,53988,351,54339,1018
2020-09-30,San Diego,073,3302833,49223,47182,1047,48229,783
2020-09-30,San Francisco,075,870044,11484,11247,28,11275,106
2020-09-30,San Joaquin,077,732212,20518,20150,62,20212,461
2020-09-30,San Luis Obispo,079,281455,3859,3597,17,3614,31
2020-09-30,San Mateo,081,765935,10414,9634,10,9644,128
2020-09-30,Santa Barbara,083,443738,9306,9186,78,9264,115
2020-09-30,Santa Clara,085,1922200,22665,21318,47,21365,302
2020-09-30,Santa Cruz,087,273765,2528,2405,32,2437,10
2020-09-30,Shasta,089,179085,1347,976,13,989,17
2020-09-30,Sierra,091,2930,6,6,0,6,0
2020-09-30,Siskiyou,093,43540,163,150,10,160,0
2020-09-30,Solano,095,438530,6503,6315,39,6354,51
2020-09-30,Sonoma,097,501317,7998,7494,22,7516,125
2020-09-30,Stanislaus,099,539301,16737,16531,547,17078,343
2020-09-30,Sutter,101,95872,1709,1680,1,1681,10
2020-09-30,Tehama,103,63373,646,594,2,596,3
2020-09-30,Trinity,105,12862,58,15,8,23,0
2020-09-30,Tulare,107,460477,16692,16117,149,16266,274
2020-09-30,Tuolumne,109,53932,234,224,6,230,2
2020-09-30,Ventura,111,848112,13702,12968,187,13155,145
2020-09-30,Yolo,113,214977,2892,2822,7,2829,55
2020-09-30,Yuba,115,75493,1113,1075,3,1078,8
2020-09-29,Alameda,001,1643700,21797,21241,180,21421,374
2020-09-29,Alpine,002,1148,3,2,0,2,0
2020-09-29,Amador,005,37829,298,294,0,294,16
2020-09-29,Butte,007,227075,2966,2848,54,2902,44
2020-09-29,Calaveras,009,45235,311,261,0,261,11
2020-09-29,Colusa,011,21464,534,534,0,534,6
2020-09-29,Contra Costa,013,1133247,17443,16716,81,16797,209
2020-09-29,Del Norte,015,27424,142,142,0,142,2
2020-09-29,El Dorado,017,186661,1239,1151,10,1161,4
2020-09-29,Fresno,019,978130,31041,28621,384,29005,394
2020-09-29,Glenn,021,27897,602,589,0,589,3
2020-09-29,Humboldt,023,135768,515,497,1,498,6
2020-09-29,Imperial,025,180216,11960,10811,9,10820,283
2020-09-29,Inyo,027,18085,195,188,4,192,14
2020-09-29,Kern,029,883053,32305,31534,337,31871,397
2020-09-29,Kings,031,150075,8016,7681,38,7719,78
2020-09-29,Lake,033,64148,597,566,0,566,11
2020-09-29,Lassen,035,31185,750,741,2,743,0
2020-09-29,Los Angeles,037,10098052,272477,269246,1920,271166,6545
2020-09-29,Madera,039,155013,4655,4453,30,4483,47
2020-09-29,Marin,041,260295,6790,6692,17,6709,91
2020-09-29,Mariposa,043,17540,77,74,0,74,2
2020-09-29,Mendocino,045,87422,925,854,4,858,17
2020-09-29,Merced,047,269075,9018,8892,21,8913,136
2020-09-29,Modoc,049,8938,29,26,0,26,0
2020-09-29,Mono,051,14174,169,149,3,152,1
2020-09-29,Monterey,053,433212,10164,9826,30,9856,70
2020-09-29,Napa,055,140530,1768,1727,8,1735,11
2020-09-29,Nevada,057,99092,551,539,16,555,6
2020-09-29,Orange,059,3164182,55905,52755,1497,54252,1231
2020-09-29,Placer,061,380077,3704,3570,13,3583,42
2020-09-29,Plumas,063,18699,51,48,0,48,0
2020-09-29,Riverside,065,2383286,60469,58863,196,59059,1208
2020-09-29,Sacramento,067,1510023,23078,22547,27,22574,425
2020-09-29,San Benito,069,59416,1349,1341,0,1341,12
2020-09-29,San Bernardino,071,2135413,55751,53753,350,54103,1012
2020-09-29,San Diego,073,3302833,48946,46987,1024,48011,781
2020-09-29,San Francisco,075,870044,11448,11142,28,11170,104
2020-09-29,San Joaquin,077,732212,20450,20094,60,20154,454
2020-09-29,San Luis Obispo,079,281455,3837,3581,17,3598,31
2020-09-29,San Mateo,081,765935,10367,9619,10,9629,127
2020-09-29,Santa Barbara,083,443738,9286,9149,77,9226,114
2020-09-29,Santa Clara,085,1922200,22529,21233,46,21279,302
2020-09-29,Santa Cruz,087,273765,2513,2383,31,2414,10
2020-09-29,Shasta,089,179085,1286,943,13,956,17
2020-09-29,Sierra,091,2930,6,6,0,6,0
2020-09-29,Siskiyou,093,43540,157,150,10,160,0
2020-09-29,Solano,095,438530,6469,6303,39,6342,51
2020-09-29,Sonoma,097,501317,7926,7426,22,7448,125
2020-09-29,Stanislaus,099,539301,16707,16505,541,17046,341
2020-09-29,Sutter,101,95872,1703,1677,1,1678,10
2020-09-29,Tehama,103,63373,628,585,2,587,2
2020-09-29,Trinity,105,12862,56,16,8,24,0
2020-09-29,Tulare,107,460477,16627,16055,142,16197,270
2020-09-29,Tuolumne,109,53932,234,224,6,230,2
2020-09-29,Ventura,111,848112,13645,12875,184,13059,145
2020-09-29,Yolo,113,214977,2879,2818,7,2825,55
2020-09-29,Yuba,115,75493,1111,1071,3,1074,8
2020-09-28,Alameda,001,1643700,21710,21133,180,21313,370
2020-09-28,Alpine,002,1148,3,2,0,2,0
2020-09-28,Amador,005,37829,296,294,0,294,16
2020-09-28,Butte,007,227075,2951,2837,54,2891,44
2020-09-28,Calaveras,009,45235,311,257,0,257,11
2020-09-28,Colusa,011,21464,533,531,0,531,6
2020-09-28,Contra Costa,013,1133247,17380,16653,81,16734,195
2020-09-28,Del Norte,015,27424,142,138,0,138,2
2020-09-28,El Dorado,017,186661,1232,1144,10,1154,4
2020-09-28,Fresno,019,978130,30960,28517,378,28895,389
2020-09-28,Glenn,021,27897,600,585,0,585,3
2020-09-28,Humboldt,023,135768,509,495,1,496,6
2020-09-28,Imperial,025,180216,11925,10777,9,10786,283
2020-09-28,Inyo,027,18085,194,188,4,192,14
2020-09-28,Kern,029,883053,32240,31481,333,31814,395
2020-09-28,Kings,031,150075,7875,7661,36,7697,78
2020-09-28,Lake,033,64148,593,559,0,559,10
2020-09-28,Lassen,035,31185,749,737,2,739,0
2020-09-28,Los Angeles,037,10098052,271370,268404,1890,270294,6508
2020-09-28,Madera,039,155013,4634,4438,30,4468,47
2020-09-28,Marin,041,260295,6774,6676,17,6693,91
2020-09-28,Mariposa,043,17540,77,74,0,74,2
2020-09-28,Mendocino,045,87422,910,850,4,854,17
2020-09-28,Merced,047,269075,8990,8869,21,8890,136
2020-09-28,Modoc,049,8938,29,26,0,26,0
2020-09-28,Mono,051,14174,169,148,3,151,1
2020-09-28,Monterey,053,433212,10099,9780,28,9808,69
2020-09-28,Napa,055,140530,1756,1705,8,1713,11
2020-09-28,Nevada,057,99092,543,538,16,554,6
2020-09-28,Orange,059,3164182,55699,52633,1488,54121,1196
2020-09-28,Placer,061,380077,3683,3572,13,3585,42
2020-09-28,Plumas,063,18699,50,48,0,48,0
2020-09-28,Riverside,065,2383286,60171,58570,187,58757,1198
2020-09-28,Sacramento,067,1510023,22931,22392,27,22419,423
2020-09-28,San Benito,069,59416,1346,1336,0,1336,11
2020-09-28,San Bernardino,071,2135413,55403,53501,350,53851,988
2020-09-28,San Diego,073,3302833,48628,46736,1004,47740,776
2020-09-28,San Francisco,075,870044,11414,11114,28,11142,100
2020-09-28,San Joaquin,077,732212,20403,19982,59,20041,448
2020-09-28,San Luis Obispo,079,281455,3816,3567,17,3584,31
2020-09-28,San Mateo,081,765935,10317,9582,10,9592,127
2020-09-28,Santa Barbara,083,443738,9268,9121,77,9198,114
2020-09-28,Santa Clara,085,1922200,22412,21180,46,21226,271
2020-09-28,Santa Cruz,087,273765,2503,2359,31,2390,9
2020-09-28,Shasta,089,179085,1232,883,10,893,17
2020-09-28,Sierra,091,2930,6,6,0,6,0
2020-09-28,Siskiyou,093,43540,157,149,10,159,0
2020-09-28,Solano,095,438530,6432,6254,39,6293,51
2020-09-28,Sonoma,097,501317,7850,7369,22,7391,125
2020-09-28,Stanislaus,099,539301,16668,16467,534,17001,336
2020-09-28,Sutter,101,95872,1696,1676,1,1677,10
2020-09-28,Tehama,103,63373,620,579,2,581,2
2020-09-28,Trinity,105,12862,56,16,8,24,0
2020-09-28,Tulare,107,460477,16574,15918,137,16055,270
2020-09-28,Tuolumne,109,53932,234,225,6,231,2
2020-09-28,Ventura,111,848112,13567,12812,178,12990,139
2020-09-28,Yolo,113,214977,2862,2809,7,2816,55
2020-09-28,Yuba,115,75493,1108,1062,3,1065,7
2020-09-27,Alameda,001,1643700,21628,21077,176,21253,370
2020-09-27,Alpine,002,1148,3,2,0,2,0
2020-09-27,Amador,005,37829,296,291,0,291,16
2020-09-27,Butte,007,227075,2940,2833,53,2886,44
2020-09-27,Calaveras,009,45235,310,257,0,257,11
2020-09-27,Colusa,011,21464,532,531,0,531,6
2020-09-27,Contra Costa,013,1133247,17279,16596,80,16676,195
2020-09-27,Del Norte,015,27424,142,138,0,138,2
2020-09-27,El Dorado,017,186661,1217,1130,10,1140,4
2020-09-27,Fresno,019,978130,30855,28441,378,28819,389
2020-09-27,Glenn,021,27897,596,576,0,576,3
2020-09-27,Humboldt,023,135768,507,492,1,493,6
2020-09-27,Imperial,025,180216,11891,10743,9,10752,283
2020-09-27,Inyo,027,18085,192,188,4,192,14
2020-09-27,Kern,029,883053,32121,31462,330,31792,395
2020-09-27,Kings,031,150075,7855,7641,36,7677,78
2020-09-27,Lake,033,64148,589,555,0,555,10
2020-09-27,Lassen,035,31185,749,737,2,739,0
2020-09-27,Los Angeles,037,10098052,270189,267754,1871,269625,6507
2020-09-27,Madera,039,155013,4605,4416,30,4446,47
2020-09-27,Marin,041,260295,6764,6663,17,6680,91
2020-09-27,Mariposa,043,17540,77,74,0,74,2
2020-09-27,Mendocino,045,87422,904,846,4,850,17
2020-09-27,Merced,047,269075,8956,8853,21,8874,136
2020-09-27,Modoc,049,8938,29,26,0,26,0
2020-09-27,Mono,051,14174,169,148,3,151,1
2020-09-27,Monterey,053,433212,10039,9724,27,9751,69
2020-09-27,Napa,055,140530,1751,1690,8,1698,11
2020-09-27,Nevada,057,99092,542,537,16,553,6
2020-09-27,Orange,059,3164182,55424,52458,1479,53937,1195
2020-09-27,Placer,061,380077,3670,3562,13,3575,42
2020-09-27,Plumas,063,18699,50,48,0,48,0
2020-09-27,Riverside,065,2383286,59875,58509,179,58688,1191
2020-09-27,Sacramento,067,1510023,22833,22356,27,22383,422
2020-09-27,San Benito,069,59416,1346,1331,0,1331,11
2020-09-27,San Bernardino,071,2135413,54967,53127,350,53477,988
2020-09-27,San Diego,073,3302833,48284,46612,987,47599,776
2020-09-27,San Francisco,075,870044,11362,11114,28,11142,100
2020-09-27,San Joaquin,077,732212,20344,19981,59,20040,448
2020-09-27,San Luis Obispo,079,281455,3796,3562,17,3579,31
2020-09-27,San Mateo,081,765935,10249,9566,10,9576,127
2020-09-27,Santa Barbara,083,443738,9247,9090,76,9166,114
2020-09-27,Santa Clara,085,1922200,22303,21091,46,21137,271
2020-09-27,Santa Cruz,087,273765,2481,2359,31,2390,9
2020-09-27,Shasta,089,179085,1189,883,9,892,17
2020-09-27,Sierra,091,2930,6,6,0,6,0
2020-09-27,Siskiyou,093,43540,156,149,10,159,0
2020-09-27,Solano,095,438530,6397,6211,39,6250,51
2020-09-27,Sonoma,097,501317,7769,7336,22,7358,124
2020-09-27,Stanislaus,099,539301,16617,16448,528,16976,336
2020-09-27,Sutter,101,95872,1689,1672,1,1673,10
2020-09-27,Tehama,103,63373,603,573,2,575,2
2020-09-27,Trinity,105,12862,56,16,8,24,0
2020-09-27,Tulare,107,460477,16496,15918,128,16046,270
2020-09-27,Tuolumne,109,53932,233,224,6,230,2
2020-09-27,Ventura,111,848112,13478,12775,169,12944,139
2020-09-27,Yolo,113,214977,2848,2796,7,2803,55
2020-09-27,Yuba,115,75493,1098,1059,3,1062,7
2020-09-26,Alameda,001,1643700,21570,21019,175,21194,370
2020-09-26,Alpine,002,1148,3,2,0,2,0
2020-09-26,Amador,005,37829,295,291,0,291,16
2020-09-26,Butte,007,227075,2932,2827,53,2880,44
2020-09-26,Calaveras,009,45235,310,257,0,257,11
2020-09-26,Colusa,011,21464,532,529,0,529,6
2020-09-26,Contra Costa,013,1133247,17235,16508,80,16588,194
2020-09-26,Del Norte,015,27424,142,138,0,138,2
2020-09-26,El Dorado,017,186661,1212,1127,10,1137,4
2020-09-26,Fresno,019,978130,30788,28336,378,28714,389
2020-09-26,Glenn,021,27897,596,576,0,576,3
2020-09-26,Humboldt,023,135768,507,491,1,492,6
2020-09-26,Imperial,025,180216,11874,10721,9,10730,283
2020-09-26,Inyo,027,18085,191,187,4,191,14
2020-09-26,Kern,029,883053,32070,31410,330,31740,394
2020-09-26,Kings,031,150075,7843,7537,36,7573,78
2020-09-26,Lake,033,64148,586,549,0,549,10
2020-09-26,Lassen,035,31185,749,737,2,739,0
2020-09-26,Los Angeles,037,10098052,269557,266931,1857,268788,6497
2020-09-26,Madera,039,155013,4589,4410,30,4440,47
2020-09-26,Marin,041,260295,6751,6641,17,6658,91
2020-09-26,Mariposa,043,17540,76,74,0,74,2
2020-09-26,Mendocino,045,87422,899,836,4,840,17
2020-09-26,Merced,047,269075,8944,8841,20,8861,136
2020-09-26,Modoc,049,8938,29,26,0,26,0
2020-09-26,Mono,051,14174,169,148,3,151,1
2020-09-26,Monterey,053,433212,10012,9651,27,9678,68
2020-09-26,Napa,055,140530,1749,1681,8,1689,11
2020-09-26,Nevada,057,99092,542,534,16,550,6
2020-09-26,Orange,059,3164182,55285,52203,1473,53676,1194
2020-09-26,Placer,061,380077,3657,3551,13,3564,42
2020-09-26,Plumas,063,18699,49,48,0,48,0
2020-09-26,Riverside,065,2383286,59740,58076,177,58253,1190
2020-09-26,Sacramento,067,1510023,22775,22269,27,22296,421
2020-09-26,San Benito,069,59416,1344,1325,0,1325,11
2020-09-26,San Bernardino,071,2135413,54834,53122,350,53472,988
2020-09-26,San Diego,073,3302833,48079,46333,973,47306,775
2020-09-26,San Francisco,075,870044,11333,11113,28,11141,100
2020-09-26,San Joaquin,077,732212,20308,19982,57,20039,449
2020-09-26,San Luis Obispo,079,281455,3780,3546,17,3563,31
2020-09-26,San Mateo,081,765935,10215,9509,10,9519,127
2020-09-26,Santa Barbara,083,443738,9236,9061,76,9137,114
2020-09-26,Santa Clara,085,1922200,22232,20967,45,21012,270
2020-09-26,Santa Cruz,087,273765,2473,2336,31,2367,9
2020-09-26,Shasta,089,179085,1139,856,8,864,17
2020-09-26,Sierra,091,2930,6,6,0,6,0
2020-09-26,Siskiyou,093,43540,155,149,10,159,0
2020-09-26,Solano,095,438530,6378,6209,39,6248,51
2020-09-26,Sonoma,097,501317,7744,7285,21,7306,124
2020-09-26,Stanislaus,099,539301,16592,16421,520,16941,336
2020-09-26,Sutter,101,95872,1684,1662,1,1663,10
2020-09-26,Tehama,103,63373,591,560,2,562,2
2020-09-26,Trinity,105,12862,54,16,8,24,0
2020-09-26,Tulare,107,460477,16471,15881,126,16007,270
2020-09-26,Tuolumne,109,53932,233,223,6,229,2
2020-09-26,Ventura,111,848112,13443,12729,168,12897,137
2020-09-26,Yolo,113,214977,2846,2789,7,2796,55
2020-09-26,Yuba,115,75493,1094,1056,3,1059,7
2020-09-25,Alameda,001,1643700,21516,20911,175,21086,367
2020-09-25,Alpine,002,1148,3,2,0,2,0
2020-09-25,Amador,005,37829,295,289,0,289,16
2020-09-25,Butte,007,227075,2927,2819,53,2872,43
2020-09-25,Calaveras,009,45235,310,257,0,257,11
2020-09-25,Colusa,011,21464,532,528,0,528,6
2020-09-25,Contra Costa,013,1133247,17177,16401,80,16481,194
2020-09-25,Del Norte,015,27424,142,138,0,138,2
2020-09-25,El Dorado,017,186661,1208,1104,10,1114,4
2020-09-25,Fresno,019,978130,30728,28199,377,28576,385
2020-09-25,Glenn,021,27897,594,570,0,570,3
2020-09-25,Humboldt,023,135768,506,489,1,490,5
2020-09-25,Imperial,025,180216,11856,10681,9,10690,283
2020-09-25,Inyo,027,18085,189,187,4,191,14
2020-09-25,Kern,029,883053,32017,31333,328,31661,393
2020-09-25,Kings,031,150075,7838,7450,36,7486,77
2020-09-25,Lake,033,64148,585,539,0,539,9
2020-09-25,Lassen,035,31185,749,737,2,739,0
2020-09-25,Los Angeles,037,10098052,268763,265713,1844,267557,6483
2020-09-25,Madera,039,155013,4570,4369,30,4399,48
2020-09-25,Marin,041,260295,6748,6622,17,6639,90
2020-09-25,Mariposa,043,17540,76,74,0,74,2
2020-09-25,Mendocino,045,87422,884,819,3,822,17
2020-09-25,Merced,047,269075,8928,8830,20,8850,135
2020-09-25,Modoc,049,8938,29,26,0,26,0
2020-09-25,Mono,051,14174,169,149,3,152,1
2020-09-25,Monterey,053,433212,9960,9581,27,9608,68
2020-09-25,Napa,055,140530,1747,1669,8,1677,11
2020-09-25,Nevada,057,99092,540,529,16,545,6
2020-09-25,Orange,059,3164182,55158,52031,1465,53496,1184
2020-09-25,Placer,061,380077,3646,3527,13,3540,41
2020-09-25,Plumas,063,18699,49,48,0,48,0
2020-09-25,Riverside,065,2383286,59564,57783,172,57955,1183
2020-09-25,Sacramento,067,1510023,22698,22132,27,22159,418
2020-09-25,San Benito,069,59416,1343,1318,0,1318,11
2020-09-25,San Bernardino,071,2135413,54680,52814,350,53164,987
2020-09-25,San Diego,073,3302833,47877,46003,957,46960,775
2020-09-25,San Francisco,075,870044,11299,11066,27,11093,100
2020-09-25,San Joaquin,077,732212,20256,19909,57,19966,449
2020-09-25,San Luis Obispo,079,281455,3768,3512,17,3529,31
2020-09-25,San Mateo,081,765935,10179,9447,10,9457,127
2020-09-25,Santa Barbara,083,443738,9212,9026,76,9102,114
2020-09-25,Santa Clara,085,1922200,22167,20812,44,20856,265
2020-09-25,Santa Cruz,087,273765,2461,2309,30,2339,9
2020-09-25,Shasta,089,179085,1105,806,8,814,16
2020-09-25,Sierra,091,2930,6,6,0,6,0
2020-09-25,Siskiyou,093,43540,155,149,10,159,0
2020-09-25,Solano,095,438530,6362,6179,39,6218,50
2020-09-25,Sonoma,097,501317,7704,7202,21,7223,124
2020-09-25,Stanislaus,099,539301,16574,16381,518,16899,326
2020-09-25,Sutter,101,95872,1681,1655,1,1656,10
2020-09-25,Tehama,103,63373,583,546,2,548,2
2020-09-25,Trinity,105,12862,54,15,8,23,0
2020-09-25,Tulare,107,460477,16431,15815,125,15940,267
2020-09-25,Tuolumne,109,53932,233,223,6,229,2
2020-09-25,Ventura,111,848112,13400,12664,165,12829,137
2020-09-25,Yolo,113,214977,2838,2784,7,2791,55
2020-09-25,Yuba,115,75493,1089,1049,3,1052,5
2020-09-24,Alameda,001,1643700,21441,20838,172,21010,364
2020-09-24,Alpine,002,1148,3,2,0,2,0
2020-09-24,Amador,005,37829,295,288,0,288,16
2020-09-24,Butte,007,227075,2916,2803,53,2856,43
2020-09-24,Calaveras,009,45235,310,258,0,258,11
2020-09-24,Colusa,011,21464,532,523,0,523,6
2020-09-24,Contra Costa,013,1133247,17094,16252,80,16332,192
2020-09-24,Del Norte,015,27424,138,137,0,137,2
2020-09-24,El Dorado,017,186661,1199,1093,10,1103,4
2020-09-24,Fresno,019,978130,30622,28106,373,28479,375
2020-09-24,Glenn,021,27897,590,567,0,567,3
2020-09-24,Humboldt,023,135768,503,482,1,483,5
2020-09-24,Imperial,025,180216,11832,10622,9,10631,283
2020-09-24,Inyo,027,18085,189,187,4,191,13
2020-09-24,Kern,029,883053,31954,31273,326,31599,388
2020-09-24,Kings,031,150075,7822,7428,36,7464,76
2020-09-24,Lake,033,64148,576,531,0,531,9
2020-09-24,Lassen,035,31185,748,737,2,739,0
2020-09-24,Los Angeles,037,10098052,267721,264374,1827,266201,6452
2020-09-24,Madera,039,155013,4551,4344,30,4374,48
2020-09-24,Marin,041,260295,6720,6588,17,6605,85
2020-09-24,Mariposa,043,17540,76,74,0,74,2
2020-09-24,Mendocino,045,87422,880,810,3,813,17
2020-09-24,Merced,047,269075,8899,8813,19,8832,135
2020-09-24,Modoc,049,8938,29,24,0,24,0
2020-09-24,Mono,051,14174,169,149,3,152,1
2020-09-24,Monterey,053,433212,9894,9544,25,9569,67
2020-09-24,Napa,055,140530,1735,1661,8,1669,11
2020-09-24,Nevada,057,99092,539,527,16,543,6
2020-09-24,Orange,059,3164182,54952,51749,1447,53196,1164
2020-09-24,Placer,061,380077,3632,3514,13,3527,41
2020-09-24,Plumas,063,18699,49,48,0,48,0
2020-09-24,Riverside,065,2383286,59299,57491,166,57657,1172
2020-09-24,Sacramento,067,1510023,22570,21985,26,22011,417
2020-09-24,San Benito,069,59416,1341,1308,0,1308,11
2020-09-24,San Bernardino,071,2135413,54343,52455,349,52804,988
2020-09-24,San Diego,073,3302833,47608,45598,942,46540,773
2020-09-24,San Francisco,075,870044,11252,10992,27,11019,99
2020-09-24,San Joaquin,077,732212,20218,19851,55,19906,444
2020-09-24,San Luis Obispo,079,281455,3752,3480,17,3497,31
2020-09-24,San Mateo,081,765935,10131,9376,10,9386,127
2020-09-24,Santa Barbara,083,443738,9159,8988,75,9063,114
2020-09-24,Santa Clara,085,1922200,22079,20689,44,20733,262
2020-09-24,Santa Cruz,087,273765,2441,2300,28,2328,9
2020-09-24,Shasta,089,179085,1068,773,5,778,14
2020-09-24,Sierra,091,2930,6,6,0,6,0
2020-09-24,Siskiyou,093,43540,155,149,10,159,0
2020-09-24,Solano,095,438530,6329,6137,39,6176,49
2020-09-24,Sonoma,097,501317,7623,7163,21,7184,122
2020-09-24,Stanislaus,099,539301,16538,16326,513,16839,326
2020-09-24,Sutter,101,95872,1678,1646,1,1647,10
2020-09-24,Tehama,103,63373,580,540,2,542,2
2020-09-24,Trinity,105,12862,54,15,8,23,0
2020-09-24,Tulare,107,460477,16366,15754,124,15878,267
2020-09-24,Tuolumne,109,53932,233,224,6,230,2
2020-09-24,Ventura,111,848112,13318,12617,164,12781,138
2020-09-24,Yolo,113,214977,2831,2776,7,2783,55
2020-09-24,Yuba,115,75493,1084,1042,3,1045,5
2020-09-23,Alameda,001,1643700,21372,20718,170,20888,361
2020-09-23,Alpine,002,1148,3,2,0,2,0
2020-09-23,Amador,005,37829,294,288,0,288,16
2020-09-23,Butte,007,227075,2908,2790,53,2843,43
2020-09-23,Calaveras,009,45235,309,258,0,258,11
2020-09-23,Colusa,011,21464,531,521,0,521,6
2020-09-23,Contra Costa,013,1133247,17034,16167,80,16247,192
2020-09-23,Del Norte,015,27424,136,137,0,137,2
2020-09-23,El Dorado,017,186661,1185,1088,10,1098,4
2020-09-23,Fresno,019,978130,30529,28019,371,28390,371
2020-09-23,Glenn,021,27897,583,561,0,561,3
2020-09-23,Humboldt,023,135768,499,477,1,478,5
2020-09-23,Imperial,025,180216,11807,10587,9,10596,284
2020-09-23,Inyo,027,18085,188,177,4,181,13
2020-09-23,Kern,029,883053,31910,31172,324,31496,387
2020-09-23,Kings,031,150075,7800,7406,36,7442,76
2020-09-23,Lake,033,64148,571,519,0,519,9
2020-09-23,Lassen,035,31185,748,736,2,738,0
2020-09-23,Los Angeles,037,10098052,266702,263318,1800,265118,6421
2020-09-23,Madera,039,155013,4536,4311,30,4341,48
2020-09-23,Marin,041,260295,6701,6567,17,6584,85
2020-09-23,Mariposa,043,17540,76,74,0,74,2
2020-09-23,Mendocino,045,87422,879,801,2,803,17
2020-09-23,Merced,047,269075,8878,8785,18,8803,134
2020-09-23,Modoc,049,8938,29,24,0,24,0
2020-09-23,Mono,051,14174,169,149,3,152,1
2020-09-23,Monterey,053,433212,9825,9452,24,9476,67
2020-09-23,Napa,055,140530,1726,1653,8,1661,11
2020-09-23,Nevada,057,99092,538,523,16,539,6
2020-09-23,Orange,059,3164182,54725,51658,1439,53097,1155
2020-09-23,Placer,061,380077,3620,3506,13,3519,41
2020-09-23,Plumas,063,18699,49,48,0,48,0
2020-09-23,Riverside,065,2383286,58993,57257,163,57420,1165
2020-09-23,Sacramento,067,1510023,22494,21821,26,21847,415
2020-09-23,San Benito,069,59416,1335,1305,0,1305,10
2020-09-23,San Bernardino,071,2135413,54050,52132,347,52479,973
2020-09-23,San Diego,073,3302833,47332,45427,923,46350,767
2020-09-23,San Francisco,075,870044,11203,10926,27,10953,95
2020-09-23,San Joaquin,077,732212,20164,19785,55,19840,439
2020-09-23,San Luis Obispo,079,281455,3734,3447,17,3464,31
2020-09-23,San Mateo,081,765935,10091,9351,10,9361,127
2020-09-23,Santa Barbara,083,443738,9130,8952,75,9027,112
2020-09-23,Santa Clara,085,1922200,21969,20575,41,20616,260
2020-09-23,Santa Cruz,087,273765,2422,2283,28,2311,9
2020-09-23,Shasta,089,179085,1029,756,4,760,14
2020-09-23,Sierra,091,2930,6,6,0,6,0
2020-09-23,Siskiyou,093,43540,155,149,10,159,0
2020-09-23,Solano,095,438530,6303,6123,39,6162,50
2020-09-23,Sonoma,097,501317,7547,7091,21,7112,122
2020-09-23,Stanislaus,099,539301,16508,16271,510,16781,317
2020-09-23,Sutter,101,95872,1674,1646,1,1647,10
2020-09-23,Tehama,103,63373,574,533,2,535,2
2020-09-23,Trinity,105,12862,53,15,8,23,0
2020-09-23,Tulare,107,460477,16301,15664,123,15787,266
2020-09-23,Tuolumne,109,53932,233,223,6,229,2
2020-09-23,Ventura,111,848112,13262,12591,162,12753,137
2020-09-23,Yolo,113,214977,2813,2766,7,2773,55
2020-09-23,Yuba,115,75493,1082,1038,3,1041,5
2020-09-22,Alameda,001,1643700,21293,20607,168,20775,355
2020-09-22,Alpine,002,1148,2,2,0,2,0
2020-09-22,Amador,005,37829,293,287,0,287,16
2020-09-22,Butte,007,227075,2903,2776,53,2829,43
2020-09-22,Calaveras,009,45235,309,258,0,258,11
2020-09-22,Colusa,011,21464,529,518,0,518,6
2020-09-22,Contra Costa,013,1133247,16944,16090,80,16170,190
2020-09-22,Del Norte,015,27424,136,137,0,137,2
2020-09-22,El Dorado,017,186661,1166,1076,10,1086,4
2020-09-22,Fresno,019,978130,30434,27944,368,28312,369
2020-09-22,Glenn,021,27897,580,560,0,560,3
2020-09-22,Humboldt,023,135768,498,476,1,477,5
2020-09-22,Imperial,025,180216,11778,10529,9,10538,284
2020-09-22,Inyo,027,18085,188,177,4,181,13
2020-09-22,Kern,029,883053,31843,31110,317,31427,383
2020-09-22,Kings,031,150075,7743,7395,35,7430,76
2020-09-22,Lake,033,64148,565,516,0,516,9
2020-09-22,Lassen,035,31185,747,736,2,738,0
2020-09-22,Los Angeles,037,10098052,265636,262117,1774,263891,6394
2020-09-22,Madera,039,155013,4520,4303,30,4333,47
2020-09-22,Marin,041,260295,6688,6561,17,6578,84
2020-09-22,Mariposa,043,17540,76,74,0,74,2
2020-09-22,Mendocino,045,87422,859,794,1,795,18
2020-09-22,Merced,047,269075,8848,8769,18,8787,132
2020-09-22,Modoc,049,8938,29,24,0,24,0
2020-09-22,Mono,051,14174,168,149,3,152,1
2020-09-22,Monterey,053,433212,9767,9393,23,9416,67
2020-09-22,Napa,055,140530,1709,1652,8,1660,11
2020-09-22,Nevada,057,99092,538,523,16,539,6
2020-09-22,Orange,059,3164182,54475,51528,1430,52958,1132
2020-09-22,Placer,061,380077,3608,3492,13,3505,40
2020-09-22,Plumas,063,18699,49,48,0,48,0
2020-09-22,Riverside,065,2383286,58509,57066,159,57225,1162
2020-09-22,Sacramento,067,1510023,22375,21745,26,21771,410
2020-09-22,San Benito,069,59416,1330,1305,0,1305,10
2020-09-22,San Bernardino,071,2135413,53776,51899,347,52246,971
2020-09-22,San Diego,073,3302833,47025,45149,904,46053,765
2020-09-22,San Francisco,075,870044,11159,10893,26,10919,95
2020-09-22,San Joaquin,077,732212,20117,19755,54,19809,426
2020-09-22,San Luis Obispo,079,281455,3712,3420,17,3437,31
2020-09-22,San Mateo,081,765935,10053,9291,10,9301,127
2020-09-22,Santa Barbara,083,443738,9100,8927,74,9001,111
2020-09-22,Santa Clara,085,1922200,21850,20514,41,20555,253
2020-09-22,Santa Cruz,087,273765,2398,2264,28,2292,8
2020-09-22,Shasta,089,179085,994,723,4,727,14
2020-09-22,Sierra,091,2930,6,6,0,6,0
2020-09-22,Siskiyou,093,43540,155,149,10,159,0
2020-09-22,Solano,095,438530,6272,6107,39,6146,48
2020-09-22,Sonoma,097,501317,7468,7068,20,7088,117
2020-09-22,Stanislaus,099,539301,16485,16231,503,16734,316
2020-09-22,Sutter,101,95872,1668,1638,1,1639,10
2020-09-22,Tehama,103,63373,566,529,2,531,2
2020-09-22,Trinity,105,12862,53,15,8,23,0
2020-09-22,Tulare,107,460477,16234,15616,120,15736,263
2020-09-22,Tuolumne,109,53932,232,224,6,230,1
2020-09-22,Ventura,111,848112,13210,12507,158,12665,136
2020-09-22,Yolo,113,214977,2806,2763,7,2770,54
2020-09-22,Yuba,115,75493,1073,1035,3,1038,5
2020-09-21,Alameda,001,1643700,21214,20501,167,20668,343
2020-09-21,Alpine,002,1148,2,2,0,2,0
2020-09-21,Amador,005,37829,291,286,0,286,16
2020-09-21,Butte,007,227075,2889,2769,53,2822,41
2020-09-21,Calaveras,009,45235,307,256,0,256,10
2020-09-21,Colusa,011,21464,528,517,0,517,6
2020-09-21,Contra Costa,013,1133247,16863,16008,80,16088,189
2020-09-21,Del Norte,015,27424,136,132,0,132,2
2020-09-21,El Dorado,017,186661,1157,1074,10,1084,4
2020-09-21,Fresno,019,978130,30333,27843,361,28204,362
2020-09-21,Glenn,021,27897,576,556,0,556,3
2020-09-21,Humboldt,023,135768,494,473,1,474,5
2020-09-21,Imperial,025,180216,11747,10521,9,10530,284
2020-09-21,Inyo,027,18085,187,177,4,181,12
2020-09-21,Kern,029,883053,31772,31031,315,31346,379
2020-09-21,Kings,031,150075,7630,7297,34,7331,76
2020-09-21,Lake,033,64148,560,508,0,508,8
2020-09-21,Lassen,035,31185,745,735,2,737,0
2020-09-21,Los Angeles,037,10098052,264550,261418,1729,263147,6360
2020-09-21,Madera,039,155013,4509,4275,29,4304,47
2020-09-21,Marin,041,260295,6677,6538,16,6554,84
2020-09-21,Mariposa,043,17540,75,74,0,74,2
2020-09-21,Mendocino,045,87422,844,778,0,778,18
2020-09-21,Merced,047,269075,8829,8749,16,8765,128
2020-09-21,Modoc,049,8938,29,22,0,22,0
2020-09-21,Mono,051,14174,168,147,3,150,1
2020-09-21,Monterey,053,433212,9703,9331,20,9351,66
2020-09-21,Napa,055,140530,1698,1641,8,1649,11
2020-09-21,Nevada,057,99092,536,515,16,531,6
2020-09-21,Orange,059,3164182,54253,51363,1423,52786,1110
2020-09-21,Placer,061,380077,3598,3473,13,3486,40
2020-09-21,Plumas,063,18699,49,47,0,47,0
2020-09-21,Riverside,065,2383286,58237,57001,152,57153,1153
2020-09-21,Sacramento,067,1510023,22193,21568,26,21594,404
2020-09-21,San Benito,069,59416,1328,1298,0,1298,10
2020-09-21,San Bernardino,071,2135413,53489,51654,347,52001,970
2020-09-21,San Diego,073,3302833,46741,44927,883,45810,760
2020-09-21,San Francisco,075,870044,11111,10743,26,10769,95
2020-09-21,San Joaquin,077,732212,20060,19579,54,19633,423
2020-09-21,San Luis Obispo,079,281455,3686,3406,17,3423,27
2020-09-21,San Mateo,081,765935,10001,9239,10,9249,127
2020-09-21,Santa Barbara,083,443738,9072,8911,74,8985,110
2020-09-21,Santa Clara,085,1922200,21750,20432,41,20473,252
2020-09-21,Santa Cruz,087,273765,2382,2257,26,2283,8
2020-09-21,Shasta,089,179085,944,696,4,700,14
2020-09-21,Sierra,091,2930,6,6,0,6,0
2020-09-21,Siskiyou,093,43540,155,146,10,156,0
2020-09-21,Solano,095,438530,6248,6019,39,6058,46
2020-09-21,Sonoma,097,501317,7392,7017,20,7037,117
2020-09-21,Stanislaus,099,539301,16455,16186,503,16689,310
2020-09-21,Sutter,101,95872,1661,1634,1,1635,10
2020-09-21,Tehama,103,63373,547,513,2,515,2
2020-09-21,Trinity,105,12862,53,15,8,23,0
2020-09-21,Tulare,107,460477,16160,15528,111,15639,260
2020-09-21,Tuolumne,109,53932,232,221,6,227,1
2020-09-21,Ventura,111,848112,13126,12477,152,12629,133
2020-09-21,Yolo,113,214977,2800,2752,7,2759,54
2020-09-21,Yuba,115,75493,1069,1033,3,1036,1
2020-09-20,Alameda,001,1643700,21113,20425,164,20589,343
2020-09-20,Alpine,002,1148,2,2,0,2,0
2020-09-20,Amador,005,37829,290,286,0,286,16
2020-09-20,Butte,007,227075,2877,2764,53,2817,39
2020-09-20,Calaveras,009,45235,303,256,0,256,10
2020-09-20,Colusa,011,21464,526,510,0,510,6
2020-09-20,Contra Costa,013,1133247,16746,15917,79,15996,189
2020-09-20,Del Norte,015,27424,134,132,0,132,2
2020-09-20,El Dorado,017,186661,1142,1073,10,1083,4
2020-09-20,Fresno,019,978130,30219,27769,356,28125,362
2020-09-20,Glenn,021,27897,572,550,0,550,3
2020-09-20,Humboldt,023,135768,494,472,1,473,5
2020-09-20,Imperial,025,180216,11720,10496,8,10504,284
2020-09-20,Inyo,027,18085,187,177,4,181,12
2020-09-20,Kern,029,883053,31688,30992,311,31303,379
2020-09-20,Kings,031,150075,7583,7159,33,7192,76
2020-09-20,Lake,033,64148,548,492,0,492,8
2020-09-20,Lassen,035,31185,745,735,2,737,0
2020-09-20,Los Angeles,037,10098052,263322,260770,1705,262475,6347
2020-09-20,Madera,039,155013,4489,4257,29,4286,47
2020-09-20,Marin,041,260295,6652,6533,16,6549,83
2020-09-20,Mariposa,043,17540,75,74,0,74,2
2020-09-20,Mendocino,045,87422,832,765,0,765,18
2020-09-20,Merced,047,269075,8803,8745,16,8761,128
2020-09-20,Modoc,049,8938,27,22,0,22,0
2020-09-20,Mono,051,14174,167,147,3,150,1
2020-09-20,Monterey,053,433212,9624,9312,20,9332,65
2020-09-20,Napa,055,140530,1689,1626,8,1634,11
2020-09-20,Nevada,057,99092,533,511,16,527,6
2020-09-20,Orange,059,3164182,54012,51233,1413,52646,1110
2020-09-20,Placer,061,380077,3584,3452,13,3465,40
2020-09-20,Plumas,063,18699,49,47,0,47,0
2020-09-20,Riverside,065,2383286,58036,56783,146,56929,1147
2020-09-20,Sacramento,067,1510023,22006,21394,25,21419,401
2020-09-20,San Benito,069,59416,1317,1291,0,1291,9
2020-09-20,San Bernardino,071,2135413,53172,51559,345,51904,970
2020-09-20,San Diego,073,3302833,46368,44579,854,45433,760
2020-09-20,San Francisco,075,870044,11057,10743,26,10769,95
2020-09-20,San Joaquin,077,732212,19996,19578,47,19625,423
2020-09-20,San Luis Obispo,079,281455,3659,3393,17,3410,27
2020-09-20,San Mateo,081,765935,9935,9198,10,9208,127
2020-09-20,Santa Barbara,083,443738,9036,8880,73,8953,110
2020-09-20,Santa Clara,085,1922200,21631,20330,40,20370,252
2020-09-20,Santa Cruz,087,273765,2362,2199,26,2225,8
2020-09-20,Shasta,089,179085,903,696,3,699,14
2020-09-20,Sierra,091,2930,6,6,0,6,0
2020-09-20,Siskiyou,093,43540,155,146,10,156,0
2020-09-20,Solano,095,438530,6204,6020,39,6059,46
2020-09-20,Sonoma,097,501317,7288,6954,20,6974,117
2020-09-20,Stanislaus,099,539301,16423,16159,496,16655,310
2020-09-20,Sutter,101,95872,1655,1624,1,1625,10
2020-09-20,Tehama,103,63373,534,509,2,511,2
2020-09-20,Trinity,105,12862,53,15,8,23,0
2020-09-20,Tulare,107,460477,16074,15528,104,15632,260
2020-09-20,Tuolumne,109,53932,232,221,6,227,1
2020-09-20,Ventura,111,848112,13060,12406,148,12554,133
2020-09-20,Yolo,113,214977,2792,2745,7,2752,54
2020-09-20,Yuba,115,75493,1062,1029,3,1032,1
2020-09-19,Alameda,001,1643700,21063,20349,161,20510,343
2020-09-19,Alpine,002,1148,2,2,0,2,0
2020-09-19,Amador,005,37829,290,285,0,285,16
2020-09-19,Butte,007,227075,2871,2748,53,2801,38
2020-09-19,Calaveras,009,45235,303,256,0,256,10
2020-09-19,Colusa,011,21464,526,507,0,507,6
2020-09-19,Contra Costa,013,1133247,16684,15783,79,15862,186
2020-09-19,Del Norte,015,27424,133,132,0,132,2
2020-09-19,El Dorado,017,186661,1136,1068,9,1077,4
2020-09-19,Fresno,019,978130,30146,27668,356,28024,362
2020-09-19,Glenn,021,27897,569,547,0,547,3
2020-09-19,Humboldt,023,135768,493,471,1,472,5
2020-09-19,Imperial,025,180216,11705,10496,8,10504,284
2020-09-19,Inyo,027,18085,187,177,4,181,12
2020-09-19,Kern,029,883053,31636,30886,308,31194,379
2020-09-19,Kings,031,150075,7577,7130,33,7163,76
2020-09-19,Lake,033,64148,548,465,0,465,8
2020-09-19,Lassen,035,31185,745,731,2,733,0
2020-09-19,Los Angeles,037,10098052,262698,259801,1691,261492,6325
2020-09-19,Madera,039,155013,4466,4237,29,4266,47
2020-09-19,Marin,041,260295,6645,6513,15,6528,81
2020-09-19,Mariposa,043,17540,75,74,0,74,2
2020-09-19,Mendocino,045,87422,829,750,0,750,18
2020-09-19,Merced,047,269075,8792,8717,15,8732,128
2020-09-19,Modoc,049,8938,27,22,0,22,0
2020-09-19,Mono,051,14174,167,147,3,150,1
2020-09-19,Monterey,053,433212,9582,9237,20,9257,65
2020-09-19,Napa,055,140530,1681,1614,8,1622,11
2020-09-19,Nevada,057,99092,531,505,16,521,6
2020-09-19,Orange,059,3164182,53884,50999,1406,52405,1105
2020-09-19,Placer,061,380077,3575,3412,13,3425,40
2020-09-19,Plumas,063,18699,49,47,0,47,0
2020-09-19,Riverside,065,2383286,57909,56562,145,56707,1147
2020-09-19,Sacramento,067,1510023,21952,21297,25,21322,396
2020-09-19,San Benito,069,59416,1313,1276,0,1276,9
2020-09-19,San Bernardino,071,2135413,53014,51353,342,51695,971
2020-09-19,San Diego,073,3302833,46140,44295,831,45126,773
2020-09-19,San Francisco,075,870044,11024,10741,26,10767,95
2020-09-19,San Joaquin,077,732212,19960,19580,47,19627,424
2020-09-19,San Luis Obispo,079,281455,3638,3369,17,3386,27
2020-09-19,San Mateo,081,765935,9904,9158,10,9168,127
2020-09-19,Santa Barbara,083,443738,9016,8862,73,8935,106
2020-09-19,Santa Clara,085,1922200,21542,20170,40,20210,251
2020-09-19,Santa Cruz,087,273765,2348,2198,25,2223,8
2020-09-19,Shasta,089,179085,876,687,3,690,14
2020-09-19,Sierra,091,2930,6,6,0,6,0
2020-09-19,Siskiyou,093,43540,155,146,10,156,0
2020-09-19,Solano,095,438530,6188,5998,39,6037,46
2020-09-19,Sonoma,097,501317,7255,6905,20,6925,117
2020-09-19,Stanislaus,099,539301,16382,16109,489,16598,313
2020-09-19,Sutter,101,95872,1654,1602,1,1603,10
2020-09-19,Tehama,103,63373,529,498,2,500,2
2020-09-19,Trinity,105,12862,53,15,8,23,0
2020-09-19,Tulare,107,460477,16026,15485,101,15586,260
2020-09-19,Tuolumne,109,53932,232,217,6,223,1
2020-09-19,Ventura,111,848112,13028,12328,148,12476,133
2020-09-19,Yolo,113,214977,2784,2739,7,2746,54
2020-09-19,Yuba,115,75493,1055,1023,3,1026,1
2020-09-18,Alameda,001,1643700,20997,20222,155,20377,341
2020-09-18,Alpine,002,1148,2,2,0,2,0
2020-09-18,Amador,005,37829,290,285,0,285,16
2020-09-18,Butte,007,227075,2869,2738,53,2791,37
2020-09-18,Calaveras,009,45235,303,255,0,255,9
2020-09-18,Colusa,011,21464,526,504,0,504,6
2020-09-18,Contra Costa,013,1133247,16595,15667,79,15746,185
2020-09-18,Del Norte,015,27424,133,131,0,131,2
2020-09-18,El Dorado,017,186661,1123,1063,9,1072,4
2020-09-18,Fresno,019,978130,30081,27560,356,27916,359
2020-09-18,Glenn,021,27897,566,541,0,541,3
2020-09-18,Humboldt,023,135768,490,470,1,471,5
2020-09-18,Imperial,025,180216,11690,10460,8,10468,283
2020-09-18,Inyo,027,18085,187,177,4,181,12
2020-09-18,Kern,029,883053,31576,30742,305,31047,373
2020-09-18,Kings,031,150075,7567,7062,33,7095,74
2020-09-18,Lake,033,64148,542,458,0,458,8
2020-09-18,Lassen,035,31185,744,731,2,733,0
2020-09-18,Los Angeles,037,10098052,261936,258488,1673,260161,6324
2020-09-18,Madera,039,155013,4455,4211,29,4240,45
2020-09-18,Marin,041,260295,6629,6475,15,6490,81
2020-09-18,Mariposa,043,17540,75,74,0,74,2
2020-09-18,Mendocino,045,87422,821,739,0,739,18
2020-09-18,Merced,047,269075,8780,8691,14,8705,127
2020-09-18,Modoc,049,8938,27,22,0,22,0
2020-09-18,Mono,051,14174,165,147,3,150,1
2020-09-18,Monterey,053,433212,9541,9183,20,9203,64
2020-09-18,Napa,055,140530,1675,1604,8,1612,11
2020-09-18,Nevada,057,99092,528,504,16,520,6
2020-09-18,Orange,059,3164182,53738,50733,1394,52127,1107
2020-09-18,Placer,061,380077,3564,3389,13,3402,40
2020-09-18,Plumas,063,18699,49,45,0,45,0
2020-09-18,Riverside,065,2383286,57786,56248,140,56388,1143
2020-09-18,Sacramento,067,1510023,21868,21105,25,21130,391
2020-09-18,San Benito,069,59416,1305,1257,0,1257,8
2020-09-18,San Bernardino,071,2135413,52869,51106,339,51445,970
2020-09-18,San Diego,073,3302833,45890,44009,826,44835,757
2020-09-18,San Francisco,075,870044,10986,10644,25,10669,95
2020-09-18,San Joaquin,077,732212,19917,19531,46,19577,423
2020-09-18,San Luis Obispo,079,281455,3614,3328,17,3345,27
2020-09-18,San Mateo,081,765935,9864,9062,10,9072,127
2020-09-18,Santa Barbara,083,443738,8995,8824,73,8897,107
2020-09-18,Santa Clara,085,1922200,21445,20058,40,20098,252
2020-09-18,Santa Cruz,087,273765,2328,2180,24,2204,8
2020-09-18,Shasta,089,179085,841,668,3,671,14
2020-09-18,Sierra,091,2930,6,6,0,6,0
2020-09-18,Siskiyou,093,43540,154,146,10,156,0
2020-09-18,Solano,095,438530,6172,5961,39,6000,46
2020-09-18,Sonoma,097,501317,7207,6856,20,6876,114
2020-09-18,Stanislaus,099,539301,16352,16042,483,16525,277
2020-09-18,Sutter,101,95872,1647,1586,1,1587,10
2020-09-18,Tehama,103,63373,529,490,2,492,2
2020-09-18,Trinity,105,12862,53,15,7,22,0
2020-09-18,Tulare,107,460477,15993,15435,97,15532,259
2020-09-18,Tuolumne,109,53932,231,216,6,222,1
2020-09-18,Ventura,111,848112,12967,12236,144,12380,133
2020-09-18,Yolo,113,214977,2778,2732,7,2739,54
2020-09-18,Yuba,115,75493,1051,1020,3,1023,1
2020-09-17,Alameda,001,1643700,20898,20146,155,20301,339
2020-09-17,Alpine,002,1148,2,2,0,2,0
2020-09-17,Amador,005,37829,288,284,0,284,16
2020-09-17,Butte,007,227075,2852,2720,53,2773,38
2020-09-17,Calaveras,009,45235,303,254,0,254,9
2020-09-17,Colusa,011,21464,524,499,0,499,6
2020-09-17,Contra Costa,013,1133247,16509,15576,79,15655,184
2020-09-17,Del Norte,015,27424,133,131,0,131,2
2020-09-17,El Dorado,017,186661,1114,1057,9,1066,4
2020-09-17,Fresno,019,978130,29971,27487,351,27838,355
2020-09-17,Glenn,021,27897,565,541,0,541,3
2020-09-17,Humboldt,023,135768,484,466,1,467,5
2020-09-17,Imperial,025,180216,11673,10436,8,10444,281
2020-09-17,Inyo,027,18085,187,176,4,180,12
2020-09-17,Kern,029,883053,31516,30627,298,30925,372
2020-09-17,Kings,031,150075,7496,7015,33,7048,72
2020-09-17,Lake,033,64148,532,433,0,433,8
2020-09-17,Lassen,035,31185,742,731,2,733,0
2020-09-17,Los Angeles,037,10098052,260993,257246,1659,258905,6318
2020-09-17,Madera,039,155013,4421,4152,29,4181,45
2020-09-17,Marin,041,260295,6608,6457,15,6472,81
2020-09-17,Mariposa,043,17540,75,74,0,74,2
2020-09-17,Mendocino,045,87422,810,737,0,737,18
2020-09-17,Merced,047,269075,8761,8671,14,8685,119
2020-09-17,Modoc,049,8938,27,22,0,22,0
2020-09-17,Mono,051,14174,165,147,3,150,1
2020-09-17,Monterey,053,433212,9479,9113,20,9133,62
2020-09-17,Napa,055,140530,1664,1592,8,1600,11
2020-09-17,Nevada,057,99092,526,494,16,510,6
2020-09-17,Orange,059,3164182,53558,50537,1382,51919,1098
2020-09-17,Placer,061,380077,3544,3368,13,3381,40
2020-09-17,Plumas,063,18699,49,45,0,45,0
2020-09-17,Riverside,065,2383286,57561,56007,139,56146,1134
2020-09-17,Sacramento,067,1510023,21633,20895,25,20920,385
2020-09-17,San Benito,069,59416,1303,1252,0,1252,8
2020-09-17,San Bernardino,071,2135413,52665,50770,339,51109,904
2020-09-17,San Diego,073,3302833,45610,43621,814,44435,754
2020-09-17,San Francisco,075,870044,10892,10564,25,10589,95
2020-09-17,San Joaquin,077,732212,19858,19439,46,19485,416
2020-09-17,San Luis Obispo,079,281455,3584,3299,17,3316,27
2020-09-17,San Mateo,081,765935,9822,8984,10,8994,127
2020-09-17,Santa Barbara,083,443738,8971,8779,73,8852,107
2020-09-17,Santa Clara,085,1922200,21328,19825,40,19865,254
2020-09-17,Santa Cruz,087,273765,2312,2155,24,2179,7
2020-09-17,Shasta,089,179085,802,660,3,663,12
2020-09-17,Sierra,091,2930,6,6,0,6,0
2020-09-17,Siskiyou,093,43540,154,146,10,156,0
2020-09-17,Solano,095,438530,6149,5915,39,5954,44
2020-09-17,Sonoma,097,501317,7143,6754,20,6774,114
2020-09-17,Stanislaus,099,539301,16319,15984,479,16463,277
2020-09-17,Sutter,101,95872,1642,1572,1,1573,10
2020-09-17,Tehama,103,63373,516,487,2,489,2
2020-09-17,Trinity,105,12862,53,15,7,22,0
2020-09-17,Tulare,107,460477,15941,15344,95,15439,258
2020-09-17,Tuolumne,109,53932,230,214,6,220,1
2020-09-17,Ventura,111,848112,12880,12167,141,12308,130
2020-09-17,Yolo,113,214977,2769,2724,7,2731,53
2020-09-17,Yuba,115,75493,1047,1015,3,1018,1
2020-09-16,Alameda,001,1643700,20800,20009,153,20162,333
2020-09-16,Alpine,002,1148,2,2,0,2,0
2020-09-16,Amador,005,37829,288,284,0,284,16
2020-09-16,Butte,007,227075,2842,2704,52,2756,38
2020-09-16,Calaveras,009,45235,303,254,0,254,9
2020-09-16,Colusa,011,21464,522,497,0,497,6
2020-09-16,Contra Costa,013,1133247,16422,15473,79,15552,183
2020-09-16,Del Norte,015,27424,133,131,0,131,2
2020-09-16,El Dorado,017,186661,1106,1049,8,1057,4
2020-09-16,Fresno,019,978130,29864,27381,349,27730,343
2020-09-16,Glenn,021,27897,563,539,0,539,3
2020-09-16,Humboldt,023,135768,483,455,1,456,4
2020-09-16,Imperial,025,180216,11650,10401,8,10409,277
2020-09-16,Inyo,027,18085,186,176,4,180,12
2020-09-16,Kern,029,883053,31457,30570,297,30867,371
2020-09-16,Kings,031,150075,7471,7002,31,7033,71
2020-09-16,Lake,033,64148,521,417,0,417,6
2020-09-16,Lassen,035,31185,741,730,2,732,0
2020-09-16,Los Angeles,037,10098052,260012,256101,1642,257743,6299
2020-09-16,Madera,039,155013,4398,4138,29,4167,45
2020-09-16,Marin,041,260295,6580,6430,15,6445,77
2020-09-16,Mariposa,043,17540,75,74,0,74,2
2020-09-16,Mendocino,045,87422,801,727,0,727,18
2020-09-16,Merced,047,269075,8740,8646,14,8660,118
2020-09-16,Modoc,049,8938,27,22,0,22,0
2020-09-16,Mono,051,14174,165,147,3,150,1
2020-09-16,Monterey,053,433212,9425,8997,20,9017,62
2020-09-16,Napa,055,140530,1650,1587,8,1595,11
2020-09-16,Nevada,057,99092,521,495,15,510,6
2020-09-16,Orange,059,3164182,53357,50414,1373,51787,1096
2020-09-16,Placer,061,380077,3526,3351,13,3364,39
2020-09-16,Plumas,063,18699,49,45,0,45,0
2020-09-16,Riverside,065,2383286,57367,55811,131,55942,1127
2020-09-16,Sacramento,067,1510023,21540,20610,25,20635,377
2020-09-16,San Benito,069,59416,1295,1244,0,1244,8
2020-09-16,San Bernardino,071,2135413,52440,50509,338,50847,907
2020-09-16,San Diego,073,3302833,45318,43447,793,44240,748
2020-09-16,San Francisco,075,870044,10845,10502,25,10527,90
2020-09-16,San Joaquin,077,732212,19803,19377,45,19422,409
2020-09-16,San Luis Obispo,079,281455,3553,3285,17,3302,28
2020-09-16,San Mateo,081,765935,9757,8944,10,8954,127
2020-09-16,Santa Barbara,083,443738,8938,8764,73,8837,107
2020-09-16,Santa Clara,085,1922200,21209,19684,40,19724,253
2020-09-16,Santa Cruz,087,273765,2271,2089,23,2112,7
2020-09-16,Shasta,089,179085,776,635,3,638,11
2020-09-16,Sierra,091,2930,6,6,0,6,0
2020-09-16,Siskiyou,093,43540,153,145,10,155,0
2020-09-16,Solano,095,438530,6120,5899,39,5938,44
2020-09-16,Sonoma,097,501317,7081,6731,20,6751,104
2020-09-16,Stanislaus,099,539301,16271,15897,471,16368,263
2020-09-16,Sutter,101,95872,1629,1567,1,1568,10
2020-09-16,Tehama,103,63373,508,485,2,487,2
2020-09-16,Trinity,105,12862,53,15,7,22,0
2020-09-16,Tulare,107,460477,15897,15314,88,15402,258
2020-09-16,Tuolumne,109,53932,229,210,6,216,1
2020-09-16,Ventura,111,848112,12809,12073,139,12212,130
2020-09-16,Yolo,113,214977,2762,2709,7,2716,53
2020-09-16,Yuba,115,75493,1045,1000,3,1003,1
2020-09-15,Alameda,001,1643700,20694,19931,150,20081,327
2020-09-15,Alpine,002,1148,2,2,0,2,0
2020-09-15,Amador,005,37829,287,282,0,282,16
2020-09-15,Butte,007,227075,2829,2695,50,2745,38
2020-09-15,Calaveras,009,45235,303,248,0,248,5
2020-09-15,Colusa,011,21464,516,497,0,497,6
2020-09-15,Contra Costa,013,1133247,16316,15423,77,15500,180
2020-09-15,Del Norte,015,27424,133,129,0,129,2
2020-09-15,El Dorado,017,186661,1101,1046,8,1054,4
2020-09-15,Fresno,019,978130,29756,27312,344,27656,343
2020-09-15,Glenn,021,27897,562,531,0,531,3
2020-09-15,Humboldt,023,135768,481,456,1,457,4
2020-09-15,Imperial,025,180216,11625,10376,8,10384,277
2020-09-15,Inyo,027,18085,186,176,4,180,12
2020-09-15,Kern,029,883053,31344,30429,294,30723,368
2020-09-15,Kings,031,150075,7313,6977,31,7008,70
2020-09-15,Lake,033,64148,508,416,0,416,4
2020-09-15,Lassen,035,31185,737,719,2,721,0
2020-09-15,Los Angeles,037,10098052,258903,255048,1620,256668,6269
2020-09-15,Madera,039,155013,4379,4122,29,4151,45
2020-09-15,Marin,041,260295,6549,6423,15,6438,77
2020-09-15,Mariposa,043,17540,75,74,0,74,2
2020-09-15,Mendocino,045,87422,783,724,0,724,18
2020-09-15,Merced,047,269075,8711,8633,14,8647,114
2020-09-15,Modoc,049,8938,26,21,0,21,0
2020-09-15,Mono,051,14174,165,147,3,150,1
2020-09-15,Monterey,053,433212,9376,8943,20,8963,62
2020-09-15,Napa,055,140530,1636,1580,8,1588,11
2020-09-15,Nevada,057,99092,516,494,15,509,6
2020-09-15,Orange,059,3164182,53175,50294,1359,51653,1088
2020-09-15,Placer,061,380077,3502,3331,13,3344,38
2020-09-15,Plumas,063,18699,49,44,0,44,0
2020-09-15,Riverside,065,2383286,57073,55569,121,55690,1118
2020-09-15,Sacramento,067,1510023,21396,20487,25,20512,372
2020-09-15,San Benito,069,59416,1288,1237,0,1237,7
2020-09-15,San Bernardino,071,2135413,52225,50333,337,50670,904
2020-09-15,San Diego,073,3302833,44999,43183,773,43956,742
2020-09-15,San Francisco,075,870044,10787,10414,25,10439,90
2020-09-15,San Joaquin,077,732212,19751,19313,45,19358,401
2020-09-15,San Luis Obispo,079,281455,3533,3262,17,3279,28
2020-09-15,San Mateo,081,765935,9688,8895,10,8905,127
2020-09-15,Santa Barbara,083,443738,8913,8724,72,8796,104
2020-09-15,Santa Clara,085,1922200,21076,19610,40,19650,252
2020-09-15,Santa Cruz,087,273765,2245,2079,22,2101,7
2020-09-15,Shasta,089,179085,764,627,3,630,11
2020-09-15,Sierra,091,2930,6,6,0,6,0
2020-09-15,Siskiyou,093,43540,153,143,10,153,0
2020-09-15,Solano,095,438530,6086,5878,39,5917,45
2020-09-15,Sonoma,097,501317,7042,6701,20,6721,104
2020-09-15,Stanislaus,099,539301,16223,15880,469,16349,260
2020-09-15,Sutter,101,95872,1618,1556,1,1557,10
2020-09-15,Tehama,103,63373,496,484,2,486,2
2020-09-15,Trinity,105,12862,53,15,7,22,0
2020-09-15,Tulare,107,460477,15820,15203,86,15289,254
2020-09-15,Tuolumne,109,53932,229,209,6,215,1
2020-09-15,Ventura,111,848112,12756,11932,138,12070,128
2020-09-15,Yolo,113,214977,2758,2708,7,2715,53
2020-09-15,Yuba,115,75493,1039,991,3,994,1
2020-09-14,Alameda,001,1643700,20567,19851,149,20000,306
2020-09-14,Alpine,002,1148,2,2,0,2,0
2020-09-14,Amador,005,37829,285,281,0,281,16
2020-09-14,Butte,007,227075,2811,2642,50,2692,37
2020-09-14,Calaveras,009,45235,303,244,0,244,3
2020-09-14,Colusa,011,21464,515,486,0,486,6
2020-09-14,Contra Costa,013,1133247,16192,15354,76,15430,174
2020-09-14,Del Norte,015,27424,130,116,0,116,2
2020-09-14,El Dorado,017,186661,1097,1039,8,1047,3
2020-09-14,Fresno,019,978130,29672,27232,341,27573,344
2020-09-14,Glenn,021,27897,554,521,0,521,3
2020-09-14,Humboldt,023,135768,478,437,1,438,4
2020-09-14,Imperial,025,180216,11605,10340,8,10348,273
2020-09-14,Inyo,027,18085,186,176,4,180,12
2020-09-14,Kern,029,883053,31256,30344,293,30637,368
2020-09-14,Kings,031,150075,7232,6950,31,6981,70
2020-09-14,Lake,033,64148,487,407,0,407,4
2020-09-14,Lassen,035,31185,737,719,2,721,0
2020-09-14,Los Angeles,037,10098052,257874,254622,1595,256217,6226
2020-09-14,Madera,039,155013,4364,4104,29,4133,45
2020-09-14,Marin,041,260295,6529,6409,15,6424,70
2020-09-14,Mariposa,043,17540,75,74,0,74,2
2020-09-14,Mendocino,045,87422,766,710,0,710,17
2020-09-14,Merced,047,269075,8692,8593,14,8607,112
2020-09-14,Modoc,049,8938,26,21,0,21,0
2020-09-14,Mono,051,14174,165,147,3,150,1
2020-09-14,Monterey,053,433212,9305,8845,19,8864,61
2020-09-14,Napa,055,140530,1619,1576,8,1584,11
2020-09-14,Nevada,057,99092,511,489,15,504,6
2020-09-14,Orange,059,3164182,53014,50149,1343,51492,1079
2020-09-14,Placer,061,380077,3480,3302,13,3315,38
2020-09-14,Plumas,063,18699,48,42,0,42,0
2020-09-14,Riverside,065,2383286,56854,55488,117,55605,1113
2020-09-14,Sacramento,067,1510023,21201,20377,24,20401,367
2020-09-14,San Benito,069,59416,1273,1233,0,1233,7
2020-09-14,San Bernardino,071,2135413,52001,50163,336,50499,895
2020-09-14,San Diego,073,3302833,44688,42889,753,43642,734
2020-09-14,San Francisco,075,870044,10720,10255,23,10278,90
2020-09-14,San Joaquin,077,732212,19677,19111,44,19155,397
2020-09-14,San Luis Obispo,079,281455,3508,3248,17,3265,25
2020-09-14,San Mateo,081,765935,9627,8847,10,8857,127
2020-09-14,Santa Barbara,083,443738,8887,8692,72,8764,104
2020-09-14,Santa Clara,085,1922200,20888,19545,40,19585,247
2020-09-14,Santa Cruz,087,273765,2223,2016,21,2037,7
2020-09-14,Shasta,089,179085,741,584,3,587,10
2020-09-14,Sierra,091,2930,6,6,0,6,0
2020-09-14,Siskiyou,093,43540,152,143,10,153,0
2020-09-14,Solano,095,438530,6051,5834,39,5873,44
2020-09-14,Sonoma,097,501317,6980,6630,20,6650,102
2020-09-14,Stanislaus,099,539301,16178,15812,466,16278,253
2020-09-14,Sutter,101,95872,1607,1549,1,1550,10
2020-09-14,Tehama,103,63373,494,475,2,477,1
2020-09-14,Trinity,105,12862,52,14,7,21,0
2020-09-14,Tulare,107,460477,15751,15096,81,15177,254
2020-09-14,Tuolumne,109,53932,228,208,6,214,1
2020-09-14,Ventura,111,848112,12654,11903,135,12038,125
2020-09-14,Yolo,113,214977,2747,2687,7,2694,53
2020-09-14,Yuba,115,75493,1031,977,3,980,1
2020-09-13,Alameda,001,1643700,20461,19815,146,19961,306
2020-09-13,Alpine,002,1148,2,2,0,2,0
2020-09-13,Amador,005,37829,282,279,0,279,16
2020-09-13,Butte,007,227075,2789,2640,50,2690,37
2020-09-13,Calaveras,009,45235,302,246,0,246,3
2020-09-13,Colusa,011,21464,511,486,0,486,6
2020-09-13,Contra Costa,013,1133247,16085,15284,76,15360,172
2020-09-13,Del Norte,015,27424,127,116,0,116,1
2020-09-13,El Dorado,017,186661,1092,1035,8,1043,2
2020-09-13,Fresno,019,978130,29563,27196,332,27528,345
2020-09-13,Glenn,021,27897,550,517,0,517,3
2020-09-13,Humboldt,023,135768,478,434,1,435,4
2020-09-13,Imperial,025,180216,11568,10304,7,10311,273
2020-09-13,Inyo,027,18085,186,176,4,180,12
2020-09-13,Kern,029,883053,31160,30277,287,30564,368
2020-09-13,Kings,031,150075,7213,6937,31,6968,70
2020-09-13,Lake,033,64148,469,397,0,397,4
2020-09-13,Lassen,035,31185,734,719,2,721,0
2020-09-13,Los Angeles,037,10098052,256721,253950,1580,255530,6203
2020-09-13,Madera,039,155013,4307,4090,29,4119,45
2020-09-13,Marin,041,260295,6510,6395,15,6410,70
2020-09-13,Mariposa,043,17540,75,74,0,74,2
2020-09-13,Mendocino,045,87422,759,707,0,707,17
2020-09-13,Merced,047,269075,8658,8575,14,8589,112
2020-09-13,Modoc,049,8938,26,21,0,21,0
2020-09-13,Mono,051,14174,165,147,3,150,1
2020-09-13,Monterey,053,433212,9223,8826,18,8844,61
2020-09-13,Napa,055,140530,1612,1563,8,1571,11
2020-09-13,Nevada,057,99092,503,486,15,501,6
2020-09-13,Orange,059,3164182,52798,50061,1336,51397,1075
2020-09-13,Placer,061,380077,3451,3291,13,3304,38
2020-09-13,Plumas,063,18699,48,42,0,42,0
2020-09-13,Riverside,065,2383286,56647,55235,106,55341,1108
2020-09-13,Sacramento,067,1510023,20856,20279,24,20303,367
2020-09-13,San Benito,069,59416,1265,1217,0,1217,7
2020-09-13,San Bernardino,071,2135413,51714,49968,334,50302,895
2020-09-13,San Diego,073,3302833,44362,42681,719,43400,734
2020-09-13,San Francisco,075,870044,10642,10254,23,10277,90
2020-09-13,San Joaquin,077,732212,19606,19110,43,19153,396
2020-09-13,San Luis Obispo,079,281455,3471,3240,17,3257,24
2020-09-13,San Mateo,081,765935,9566,8811,10,8821,127
2020-09-13,Santa Barbara,083,443738,8850,8690,72,8762,104
2020-09-13,Santa Clara,085,1922200,20749,19456,39,19495,245
2020-09-13,Santa Cruz,087,273765,2189,2016,19,2035,7
2020-09-13,Shasta,089,179085,729,583,3,586,10
2020-09-13,Sierra,091,2930,6,6,0,6,0
2020-09-13,Siskiyou,093,43540,152,143,9,152,0
2020-09-13,Solano,095,438530,6005,5810,39,5849,43
2020-09-13,Sonoma,097,501317,6915,6592,20,6612,95
2020-09-13,Stanislaus,099,539301,16115,15759,454,16213,253
2020-09-13,Sutter,101,95872,1595,1539,1,1540,10
2020-09-13,Tehama,103,63373,490,476,2,478,1
2020-09-13,Trinity,105,12862,52,14,7,21,0
2020-09-13,Tulare,107,460477,15680,15098,80,15178,254
2020-09-13,Tuolumne,109,53932,224,208,6,214,1
2020-09-13,Ventura,111,848112,12546,11855,134,11989,123
2020-09-13,Yolo,113,214977,2735,2675,7,2682,53
2020-09-13,Yuba,115,75493,1026,967,3,970,1
2020-09-12,Alameda,001,1643700,20402,19758,146,19904,307
2020-09-12,Alpine,002,1148,2,2,0,2,0
2020-09-12,Amador,005,37829,281,278,0,278,16
2020-09-12,Butte,007,227075,2782,2629,49,2678,37
2020-09-12,Calaveras,009,45235,300,246,0,246,3
2020-09-12,Colusa,011,21464,507,486,0,486,6
2020-09-12,Contra Costa,013,1133247,16008,15135,75,15210,174
2020-09-12,Del Norte,015,27424,126,116,0,116,1
2020-09-12,El Dorado,017,186661,1085,1034,8,1042,2
2020-09-12,Fresno,019,978130,29493,27076,332,27408,345
2020-09-12,Glenn,021,27897,549,517,0,517,3
2020-09-12,Humboldt,023,135768,477,430,1,431,4
2020-09-12,Imperial,025,180216,11556,10305,7,10312,273
2020-09-12,Inyo,027,18085,186,177,4,181,12
2020-09-12,Kern,029,883053,31094,30202,287,30489,368
2020-09-12,Kings,031,150075,7203,6895,31,6926,70
2020-09-12,Lake,033,64148,461,393,0,393,4
2020-09-12,Lassen,035,31185,734,719,2,721,0
2020-09-12,Los Angeles,037,10098052,256164,253156,1559,254715,6193
2020-09-12,Madera,039,155013,4296,4058,29,4087,43
2020-09-12,Marin,041,260295,6501,6393,15,6408,69
2020-09-12,Mariposa,043,17540,75,72,0,72,2
2020-09-12,Mendocino,045,87422,756,700,0,700,17
2020-09-12,Merced,047,269075,8649,8533,14,8547,112
2020-09-12,Modoc,049,8938,25,21,0,21,0
2020-09-12,Mono,051,14174,165,147,3,150,1
2020-09-12,Monterey,053,433212,9187,8743,18,8761,61
2020-09-12,Napa,055,140530,1609,1556,8,1564,11
2020-09-12,Nevada,057,99092,502,482,15,497,6
2020-09-12,Orange,059,3164182,52683,49895,1333,51228,1078
2020-09-12,Placer,061,380077,3434,3280,13,3293,38
2020-09-12,Plumas,063,18699,48,42,0,42,0
2020-09-12,Riverside,065,2383286,56519,55058,102,55160,1108
2020-09-12,Sacramento,067,1510023,20788,20184,24,20208,367
2020-09-12,San Benito,069,59416,1262,1208,0,1208,7
2020-09-12,San Bernardino,071,2135413,51623,49945,332,50277,896
2020-09-12,San Diego,073,3302833,44167,42416,710,43126,747
2020-09-12,San Francisco,075,870044,10598,10257,23,10280,90
2020-09-12,San Joaquin,077,732212,19578,19108,43,19151,396
2020-09-12,San Luis Obispo,079,281455,3444,3220,17,3237,24
2020-09-12,San Mateo,081,765935,9521,8759,10,8769,127
2020-09-12,Santa Barbara,083,443738,8836,8642,72,8714,104
2020-09-12,Santa Clara,085,1922200,20662,19330,39,19369,237
2020-09-12,Santa Cruz,087,273765,2177,2016,19,2035,7
2020-09-12,Shasta,089,179085,717,569,3,572,10
2020-09-12,Sierra,091,2930,6,6,0,6,0
2020-09-12,Siskiyou,093,43540,152,141,9,150,0
2020-09-12,Solano,095,438530,5981,5772,39,5811,43
2020-09-12,Sonoma,097,501317,6890,6531,20,6551,95
2020-09-12,Stanislaus,099,539301,16083,15675,451,16126,253
2020-09-12,Sutter,101,95872,1589,1529,1,1530,10
2020-09-12,Tehama,103,63373,487,471,2,473,1
2020-09-12,Trinity,105,12862,52,15,7,22,0
2020-09-12,Tulare,107,460477,15635,15018,79,15097,254
2020-09-12,Tuolumne,109,53932,224,208,6,214,1
2020-09-12,Ventura,111,848112,12495,11759,132,11891,123
2020-09-12,Yolo,113,214977,2728,2646,7,2653,53
2020-09-12,Yuba,115,75493,1022,963,3,966,1
2020-09-11,Alameda,001,1643700,20347,19625,145,19770,298
2020-09-11,Alpine,002,1148,2,2,0,2,0
2020-09-11,Amador,005,37829,281,277,0,277,16
2020-09-11,Butte,007,227075,2770,2605,49,2654,37
2020-09-11,Calaveras,009,45235,299,242,0,242,1
2020-09-11,Colusa,011,21464,506,484,0,484,6
2020-09-11,Contra Costa,013,1133247,15950,15001,72,15073,173
2020-09-11,Del Norte,015,27424,126,115,0,115,1
2020-09-11,El Dorado,017,186661,1082,1024,8,1032,2
2020-09-11,Fresno,019,978130,29415,26917,331,27248,344
2020-09-11,Glenn,021,27897,544,515,0,515,3
2020-09-11,Humboldt,023,135768,475,426,1,427,4
2020-09-11,Imperial,025,180216,11538,10286,7,10293,273
2020-09-11,Inyo,027,18085,186,176,4,180,12
2020-09-11,Kern,029,883053,31026,30059,286,30345,365
2020-09-11,Kings,031,150075,7186,6770,31,6801,70
2020-09-11,Lake,033,64148,453,382,0,382,4
2020-09-11,Lassen,035,31185,734,719,2,721,0
2020-09-11,Los Angeles,037,10098052,255485,252057,1548,253605,6172
2020-09-11,Madera,039,155013,4277,4018,29,4047,43
2020-09-11,Marin,041,260295,6496,6364,15,6379,69
2020-09-11,Mariposa,043,17540,75,72,0,72,2
2020-09-11,Mendocino,045,87422,745,700,0,700,17
2020-09-11,Merced,047,269075,8629,8489,13,8502,109
2020-09-11,Modoc,049,8938,25,21,0,21,0
2020-09-11,Mono,051,14174,165,145,3,148,1
2020-09-11,Monterey,053,433212,9139,8595,18,8613,61
2020-09-11,Napa,055,140530,1598,1543,8,1551,11
2020-09-11,Nevada,057,99092,495,483,15,498,6
2020-09-11,Orange,059,3164182,52553,49755,1321,51076,1068
2020-09-11,Placer,061,380077,3419,3254,13,3267,37
2020-09-11,Plumas,063,18699,48,42,0,42,0
2020-09-11,Riverside,065,2383286,56384,54717,99,54816,1099
2020-09-11,Sacramento,067,1510023,20704,20012,24,20036,358
2020-09-11,San Benito,069,59416,1252,1202,0,1202,7
2020-09-11,San Bernardino,071,2135413,51524,49682,332,50014,871
2020-09-11,San Diego,073,3302833,43947,41971,704,42675,730
2020-09-11,San Francisco,075,870044,10550,10133,22,10155,89
2020-09-11,San Joaquin,077,732212,19530,19019,43,19062,391
2020-09-11,San Luis Obispo,079,281455,3426,3190,17,3207,24
2020-09-11,San Mateo,081,765935,9479,8611,10,8621,127
2020-09-11,Santa Barbara,083,443738,8803,8592,71,8663,103
2020-09-11,Santa Clara,085,1922200,20574,19065,39,19104,234
2020-09-11,Santa Cruz,087,273765,2160,1997,19,2016,7
2020-09-11,Shasta,089,179085,707,568,3,571,10
2020-09-11,Sierra,091,2930,6,6,0,6,0
2020-09-11,Siskiyou,093,43540,151,139,9,148,0
2020-09-11,Solano,095,438530,5963,5742,39,5781,42
2020-09-11,Sonoma,097,501317,6847,6469,20,6489,91
2020-09-11,Stanislaus,099,539301,16045,15613,448,16061,253
2020-09-11,Sutter,101,95872,1579,1505,1,1506,11
2020-09-11,Tehama,103,63373,484,466,2,468,1
2020-09-11,Trinity,105,12862,52,16,7,23,0
2020-09-11,Tulare,107,460477,15602,14932,76,15008,251
2020-09-11,Tuolumne,109,53932,224,208,6,214,1
2020-09-11,Ventura,111,848112,12441,11700,130,11830,123
2020-09-11,Yolo,113,214977,2718,2632,7,2639,53
2020-09-11,Yuba,115,75493,1014,946,3,949,1
2020-09-10,Alameda,001,1643700,20273,19509,145,19654,292
2020-09-10,Alpine,002,1148,2,2,0,2,0
2020-09-10,Amador,005,37829,280,277,0,277,16
2020-09-10,Butte,007,227075,2753,2590,49,2639,37
2020-09-10,Calaveras,009,45235,299,244,0,244,1
2020-09-10,Colusa,011,21464,504,482,0,482,6
2020-09-10,Contra Costa,013,1133247,15877,14909,72,14981,172
2020-09-10,Del Norte,015,27424,125,112,0,112,1
2020-09-10,El Dorado,017,186661,1079,1020,8,1028,2
2020-09-10,Fresno,019,978130,29294,26783,331,27114,338
2020-09-10,Glenn,021,27897,534,511,0,511,3
2020-09-10,Humboldt,023,135768,464,422,1,423,4
2020-09-10,Imperial,025,180216,11522,10251,7,10258,270
2020-09-10,Inyo,027,18085,185,176,4,180,11
2020-09-10,Kern,029,883053,30944,29988,282,30270,363
2020-09-10,Kings,031,150075,7156,6739,31,6770,70
2020-09-10,Lake,033,64148,447,377,0,377,4
2020-09-10,Lassen,035,31185,733,716,2,718,0
2020-09-10,Los Angeles,037,10098052,254507,251003,1527,252530,6132
2020-09-10,Madera,039,155013,4259,3979,29,4008,43
2020-09-10,Marin,041,260295,6484,6344,15,6359,68
2020-09-10,Mariposa,043,17540,75,72,0,72,2
2020-09-10,Mendocino,045,87422,735,697,0,697,16
2020-09-10,Merced,047,269075,8583,8461,13,8474,109
2020-09-10,Modoc,049,8938,25,21,0,21,0
2020-09-10,Mono,051,14174,165,145,3,148,1
2020-09-10,Monterey,053,433212,9069,8570,18,8588,59
2020-09-10,Napa,055,140530,1592,1536,8,1544,11
2020-09-10,Nevada,057,99092,491,478,15,493,6
2020-09-10,Orange,059,3164182,52390,49617,1314,50931,1057
2020-09-10,Placer,061,380077,3399,3233,13,3246,37
2020-09-10,Plumas,063,18699,48,42,0,42,0
2020-09-10,Riverside,065,2383286,56065,54417,96,54513,1091
2020-09-10,Sacramento,067,1510023,20584,19618,23,19641,354
2020-09-10,San Benito,069,59416,1246,1201,0,1201,5
2020-09-10,San Bernardino,071,2135413,51335,49467,330,49797,867
2020-09-10,San Diego,073,3302833,43681,41610,677,42287,725
2020-09-10,San Francisco,075,870044,10473,10082,22,10104,89
2020-09-10,San Joaquin,077,732212,19477,18854,43,18897,389
2020-09-10,San Luis Obispo,079,281455,3412,3161,16,3177,24
2020-09-10,San Mateo,081,765935,9433,8529,10,8539,125
2020-09-10,Santa Barbara,083,443738,8758,8552,71,8623,100
2020-09-10,Santa Clara,085,1922200,20459,18870,39,18909,231
2020-09-10,Santa Cruz,087,273765,2145,1986,17,2003,7
2020-09-10,Shasta,089,179085,696,566,3,569,10
2020-09-10,Sierra,091,2930,6,6,0,6,0
2020-09-10,Siskiyou,093,43540,151,137,9,146,0
2020-09-10,Solano,095,438530,5923,5696,39,5735,42
2020-09-10,Sonoma,097,501317,6798,6424,20,6444,91
2020-09-10,Stanislaus,099,539301,15992,15509,443,15952,243
2020-09-10,Sutter,101,95872,1569,1494,1,1495,11
2020-09-10,Tehama,103,63373,477,466,2,468,1
2020-09-10,Trinity,105,12862,52,15,7,22,0
2020-09-10,Tulare,107,460477,15549,14860,73,14933,250
2020-09-10,Tuolumne,109,53932,223,205,6,211,1
2020-09-10,Ventura,111,848112,12347,11600,123,11723,122
2020-09-10,Yolo,113,214977,2713,2612,7,2619,53
2020-09-10,Yuba,115,75493,1008,941,3,944,1
2020-09-09,Alameda,001,1643700,20194,19399,144,19543,289
2020-09-09,Alpine,002,1148,2,2,0,2,0
2020-09-09,Amador,005,37829,279,276,0,276,16
2020-09-09,Butte,007,227075,2736,2561,49,2610,37
2020-09-09,Calaveras,009,45235,299,242,0,242,1
2020-09-09,Colusa,011,21464,499,479,0,479,6
2020-09-09,Contra Costa,013,1133247,15790,14816,72,14888,171
2020-09-09,Del Norte,015,27424,121,109,0,109,1
2020-09-09,El Dorado,017,186661,1076,1020,8,1028,2
2020-09-09,Fresno,019,978130,29191,26724,326,27050,329
2020-09-09,Glenn,021,27897,531,508,0,508,3
2020-09-09,Humboldt,023,135768,462,420,1,421,4
2020-09-09,Imperial,025,180216,11502,10233,7,10240,268
2020-09-09,Inyo,027,18085,184,173,4,177,2
2020-09-09,Kern,029,883053,30846,29925,279,30204,355
2020-09-09,Kings,031,150075,7138,6721,31,6752,72
2020-09-09,Lake,033,64148,438,371,0,371,4
2020-09-09,Lassen,035,31185,732,714,2,716,0
2020-09-09,Los Angeles,037,10098052,253634,249876,1509,251385,6091
2020-09-09,Madera,039,155013,4233,3926,29,3955,43
2020-09-09,Marin,041,260295,6465,6321,15,6336,68
2020-09-09,Mariposa,043,17540,74,72,0,72,2
2020-09-09,Mendocino,045,87422,727,695,0,695,16
2020-09-09,Merced,047,269075,8557,8441,13,8454,107
2020-09-09,Modoc,049,8938,24,20,0,20,0
2020-09-09,Mono,051,14174,165,145,3,148,1
2020-09-09,Monterey,053,433212,8997,8527,18,8545,59
2020-09-09,Napa,055,140530,1582,1531,8,1539,11
2020-09-09,Nevada,057,99092,487,476,15,491,6
2020-09-09,Orange,059,3164182,52211,49394,1307,50701,1054
2020-09-09,Placer,061,380077,3379,3222,13,3235,36
2020-09-09,Plumas,063,18699,46,42,0,42,0
2020-09-09,Riverside,065,2383286,55835,54320,93,54413,1081
2020-09-09,Sacramento,067,1510023,20479,19474,22,19496,347
2020-09-09,San Benito,069,59416,1242,1199,0,1199,5
2020-09-09,San Bernardino,071,2135413,51136,49264,329,49593,866
2020-09-09,San Diego,073,3302833,43392,41326,665,41991,721
2020-09-09,San Francisco,075,870044,10423,9996,21,10017,86
2020-09-09,San Joaquin,077,732212,19414,18799,42,18841,388
2020-09-09,San Luis Obispo,079,281455,3394,3131,16,3147,24
2020-09-09,San Mateo,081,765935,9373,8478,10,8488,125
2020-09-09,Santa Barbara,083,443738,8715,8528,71,8599,97
2020-09-09,Santa Clara,085,1922200,20328,18759,39,18798,228
2020-09-09,Santa Cruz,087,273765,2122,1967,17,1984,7
2020-09-09,Shasta,089,179085,684,562,3,565,10
2020-09-09,Sierra,091,2930,6,6,0,6,0
2020-09-09,Siskiyou,093,43540,149,137,9,146,0
2020-09-09,Solano,095,438530,5891,5680,39,5719,36
2020-09-09,Sonoma,097,501317,6732,6397,20,6417,92
2020-09-09,Stanislaus,099,539301,15952,15469,432,15901,243
2020-09-09,Sutter,101,95872,1561,1487,1,1488,11
2020-09-09,Tehama,103,63373,474,462,2,464,1
2020-09-09,Trinity,105,12862,52,14,7,21,0
2020-09-09,Tulare,107,460477,15499,14787,68,14855,249
2020-09-09,Tuolumne,109,53932,222,204,5,209,1
2020-09-09,Ventura,111,848112,12256,11497,120,11617,121
2020-09-09,Yolo,113,214977,2702,2604,7,2611,53
2020-09-09,Yuba,115,75493,1003,936,3,939,1
2020-09-08,Alameda,001,1643700,20085,19293,144,19437,288
2020-09-08,Alpine,002,1148,2,2,0,2,0
2020-09-08,Amador,005,37829,279,276,0,276,16
2020-09-08,Butte,007,227075,2718,2453,49,2502,36
2020-09-08,Calaveras,009,45235,297,233,0,233,1
2020-09-08,Colusa,011,21464,497,475,0,475,6
2020-09-08,Contra Costa,013,1133247,15661,14740,69,14809,171
2020-09-08,Del Norte,015,27424,121,109,0,109,2
2020-09-08,El Dorado,017,186661,1073,1011,8,1019,2
2020-09-08,Fresno,019,978130,29073,26640,322,26962,329
2020-09-08,Glenn,021,27897,527,492,0,492,3
2020-09-08,Humboldt,023,135768,460,420,1,421,4
2020-09-08,Imperial,025,180216,11486,10198,7,10205,267
2020-09-08,Inyo,027,18085,184,169,4,173,2
2020-09-08,Kern,029,883053,30761,29850,276,30126,351
2020-09-08,Kings,031,150075,7100,6658,31,6689,72
2020-09-08,Lake,033,64148,428,370,0,370,4
2020-09-08,Lassen,035,31185,732,710,2,712,0
2020-09-08,Los Angeles,037,10098052,252702,249217,1480,250697,6034
2020-09-08,Madera,039,155013,4209,3904,29,3933,43
2020-09-08,Marin,041,260295,6434,6313,15,6328,68
2020-09-08,Mariposa,043,17540,74,72,0,72,2
2020-09-08,Mendocino,045,87422,720,690,0,690,16
2020-09-08,Merced,047,269075,8534,8381,13,8394,104
2020-09-08,Modoc,049,8938,24,20,0,20,0
2020-09-08,Mono,051,14174,165,145,3,148,1
2020-09-08,Monterey,053,433212,8912,8491,18,8509,59
2020-09-08,Napa,055,140530,1578,1518,8,1526,11
2020-09-08,Nevada,057,99092,487,470,15,485,6
2020-09-08,Orange,059,3164182,52069,49214,1303,50517,1044
2020-09-08,Placer,061,380077,3365,3205,13,3218,36
2020-09-08,Plumas,063,18699,46,42,0,42,0
2020-09-08,Riverside,065,2383286,55621,54168,90,54258,1069
2020-09-08,Sacramento,067,1510023,20244,19411,21,19432,347
2020-09-08,San Benito,069,59416,1235,1188,0,1188,5
2020-09-08,San Bernardino,071,2135413,50947,49034,327,49361,856
2020-09-08,San Diego,073,3302833,43076,41079,653,41732,709
2020-09-08,San Francisco,075,870044,10349,9821,21,9842,86
2020-09-08,San Joaquin,077,732212,19336,18550,42,18592,388
2020-09-08,San Luis Obispo,079,281455,3379,3120,16,3136,23
2020-09-08,San Mateo,081,765935,9297,8460,10,8470,125
2020-09-08,Santa Barbara,083,443738,8681,8488,70,8558,96
2020-09-08,Santa Clara,085,1922200,20151,18645,39,18684,228
2020-09-08,Santa Cruz,087,273765,2094,1903,17,1920,7
2020-09-08,Shasta,089,179085,676,556,3,559,10
2020-09-08,Sierra,091,2930,6,6,0,6,0
2020-09-08,Siskiyou,093,43540,147,136,9,145,0
2020-09-08,Solano,095,438530,5854,5654,39,5693,36
2020-09-08,Sonoma,097,501317,6663,6356,20,6376,92
2020-09-08,Stanislaus,099,539301,15888,15415,420,15835,238
2020-09-08,Sutter,101,95872,1545,1473,1,1474,11
2020-09-08,Tehama,103,63373,470,458,2,460,1
2020-09-08,Trinity,105,12862,51,13,7,20,0
2020-09-08,Tulare,107,460477,15419,14635,67,14702,249
2020-09-08,Tuolumne,109,53932,221,197,5,202,1
2020-09-08,Ventura,111,848112,12187,11475,117,11592,118
2020-09-08,Yolo,113,214977,2692,2580,7,2587,53
2020-09-08,Yuba,115,75493,991,923,3,926,1
2020-09-07,Alameda,001,1643700,19964,19188,138,19326,281
2020-09-07,Alpine,002,1148,2,2,0,2,0
2020-09-07,Amador,005,37829,279,276,0,276,16
2020-09-07,Butte,007,227075,2685,2450,48,2498,30
2020-09-07,Calaveras,009,45235,287,234,0,234,1
2020-09-07,Colusa,011,21464,496,475,0,475,6
2020-09-07,Contra Costa,013,1133247,15546,14637,66,14703,172
2020-09-07,Del Norte,015,27424,121,109,0,109,2
2020-09-07,El Dorado,017,186661,1062,1011,8,1019,2
2020-09-07,Fresno,019,978130,28979,26565,319,26884,329
2020-09-07,Glenn,021,27897,522,488,0,488,3
2020-09-07,Humboldt,023,135768,451,416,1,417,4
2020-09-07,Imperial,025,180216,11455,10199,7,10206,267
2020-09-07,Inyo,027,18085,184,169,4,173,2
2020-09-07,Kern,029,883053,30640,29790,271,30061,348
2020-09-07,Kings,031,150075,6976,6630,31,6661,72
2020-09-07,Lake,033,64148,405,367,0,367,2
2020-09-07,Lassen,035,31185,732,709,2,711,0
2020-09-07,Los Angeles,037,10098052,251655,248804,1459,250263,6030
2020-09-07,Madera,039,155013,4178,3889,28,3917,43
2020-09-07,Marin,041,260295,6404,6296,15,6311,67
2020-09-07,Mariposa,043,17540,74,72,0,72,2
2020-09-07,Mendocino,045,87422,712,687,0,687,16
2020-09-07,Merced,047,269075,8487,8381,13,8394,104
2020-09-07,Modoc,049,8938,23,20,0,20,0
2020-09-07,Mono,051,14174,165,145,3,148,1
2020-09-07,Monterey,053,433212,8833,8463,18,8481,57
2020-09-07,Napa,055,140530,1566,1514,8,1522,11
2020-09-07,Nevada,057,99092,485,469,15,484,6
2020-09-07,Orange,059,3164182,51895,49132,1299,50431,1042
2020-09-07,Placer,061,380077,3335,3188,12,3200,36
2020-09-07,Plumas,063,18699,45,42,0,42,0
2020-09-07,Riverside,065,2383286,55346,54178,84,54262,1069
2020-09-07,Sacramento,067,1510023,20002,19292,20,19312,345
2020-09-07,San Benito,069,59416,1229,1180,0,1180,4
2020-09-07,San Bernardino,071,2135413,50719,49043,325,49368,821
2020-09-07,San Diego,073,3302833,42676,40868,626,41494,708
2020-09-07,San Francisco,075,870044,10298,9813,20,9833,85
2020-09-07,San Joaquin,077,732212,19254,18552,40,18592,386
2020-09-07,San Luis Obispo,079,281455,3342,3116,16,3132,23
2020-09-07,San Mateo,081,765935,9215,8409,10,8419,125
2020-09-07,Santa Barbara,083,443738,8637,8479,70,8549,95
2020-09-07,Santa Clara,085,1922200,19995,18596,38,18634,226
2020-09-07,Santa Cruz,087,273765,2066,1902,17,1919,7
2020-09-07,Shasta,089,179085,666,556,3,559,10
2020-09-07,Sierra,091,2930,6,6,0,6,0
2020-09-07,Siskiyou,093,43540,146,133,9,142,0
2020-09-07,Solano,095,438530,5789,5640,39,5679,36
2020-09-07,Sonoma,097,501317,6597,6268,20,6288,85
2020-09-07,Stanislaus,099,539301,15823,15343,408,15751,236
2020-09-07,Sutter,101,95872,1528,1468,1,1469,11
2020-09-07,Tehama,103,63373,466,453,2,455,1
2020-09-07,Trinity,105,12862,51,13,7,20,0
2020-09-07,Tulare,107,460477,15312,14637,65,14702,249
2020-09-07,Tuolumne,109,53932,220,196,5,201,1
2020-09-07,Ventura,111,848112,12092,11463,114,11577,118
2020-09-07,Yolo,113,214977,2675,2565,6,2571,53
2020-09-07,Yuba,115,75493,975,923,3,926,1
2020-09-06,Alameda,001,1643700,19906,19029,136,19165,281
2020-09-06,Alpine,002,1148,2,2,0,2,0
2020-09-06,Amador,005,37829,277,275,0,275,16
2020-09-06,Butte,007,227075,2676,2446,48,2494,30
2020-09-06,Calaveras,009,45235,287,235,0,235,1
2020-09-06,Colusa,011,21464,492,475,0,475,6
2020-09-06,Contra Costa,013,1133247,15465,14565,65,14630,171
2020-09-06,Del Norte,015,27424,121,109,0,109,2
2020-09-06,El Dorado,017,186661,1060,1008,8,1016,2
2020-09-06,Fresno,019,978130,28916,26471,317,26788,329
2020-09-06,Glenn,021,27897,516,474,0,474,3
2020-09-06,Humboldt,023,135768,448,404,1,405,4
2020-09-06,Imperial,025,180216,11438,10152,7,10159,267
2020-09-06,Inyo,027,18085,184,169,4,173,2
2020-09-06,Kern,029,883053,30585,29699,267,29966,348
2020-09-06,Kings,031,150075,6956,6561,30,6591,72
2020-09-06,Lake,033,64148,402,362,0,362,2
2020-09-06,Lassen,035,31185,732,709,2,711,0
2020-09-06,Los Angeles,037,10098052,251023,248316,1445,249761,6004
2020-09-06,Madera,039,155013,4134,3867,28,3895,42
2020-09-06,Marin,041,260295,6392,6276,15,6291,67
2020-09-06,Mariposa,043,17540,74,72,0,72,2
2020-09-06,Mendocino,045,87422,711,672,0,672,16
2020-09-06,Merced,047,269075,8468,8327,13,8340,104
2020-09-06,Modoc,049,8938,23,20,0,20,0
2020-09-06,Mono,051,14174,164,145,3,148,1
2020-09-06,Monterey,053,433212,8793,8403,17,8420,56
2020-09-06,Napa,055,140530,1562,1501,6,1507,11
2020-09-06,Nevada,057,99092,485,467,14,481,6
2020-09-06,Orange,059,3164182,51782,48931,1295,50226,1042
2020-09-06,Placer,061,380077,3318,3169,12,3181,36
2020-09-06,Plumas,063,18699,44,42,0,42,0
2020-09-06,Riverside,065,2383286,55229,53970,82,54052,1069
2020-09-06,Sacramento,067,1510023,19906,19128,20,19148,340
2020-09-06,San Benito,069,59416,1227,1178,0,1178,4
2020-09-06,San Bernardino,071,2135413,50612,48923,325,49248,823
2020-09-06,San Diego,073,3302833,42428,40652,620,41272,707
2020-09-06,San Francisco,075,870044,10224,9813,20,9833,85
2020-09-06,San Joaquin,077,732212,19205,18558,40,18598,386
2020-09-06,San Luis Obispo,079,281455,3331,3101,16,3117,23
2020-09-06,San Mateo,081,765935,9162,8387,10,8397,125
2020-09-06,Santa Barbara,083,443738,8608,8434,70,8504,95
2020-09-06,Santa Clara,085,1922200,19893,18495,38,18533,207
2020-09-06,Santa Cruz,087,273765,2059,1902,17,1919,7
2020-09-06,Shasta,089,179085,660,550,3,553,10
2020-09-06,Sierra,091,2930,6,6,0,6,0
2020-09-06,Siskiyou,093,43540,146,132,9,141,0
2020-09-06,Solano,095,438530,5763,5619,39,5658,37
2020-09-06,Sonoma,097,501317,6568,6212,20,6232,85
2020-09-06,Stanislaus,099,539301,15779,15288,404,15692,236
2020-09-06,Sutter,101,95872,1515,1451,1,1452,11
2020-09-06,Tehama,103,63373,465,455,2,457,1
2020-09-06,Trinity,105,12862,50,13,7,20,0
2020-09-06,Tulare,107,460477,15269,14636,64,14700,249
2020-09-06,Tuolumne,109,53932,217,194,5,199,1
2020-09-06,Ventura,111,848112,12047,11315,114,11429,118
2020-09-06,Yolo,113,214977,2661,2556,6,2562,53
2020-09-06,Yuba,115,75493,966,913,3,916,1
2020-09-05,Alameda,001,1643700,19860,18973,134,19107,279
2020-09-05,Alpine,002,1148,2,2,0,2,0
2020-09-05,Amador,005,37829,277,274,0,274,16
2020-09-05,Butte,007,227075,2660,2406,47,2453,30
2020-09-05,Calaveras,009,45235,287,237,0,237,1
2020-09-05,Colusa,011,21464,488,472,0,472,6
2020-09-05,Contra Costa,013,1133247,15388,14456,63,14519,173
2020-09-05,Del Norte,015,27424,121,109,0,109,2
2020-09-05,El Dorado,017,186661,1060,1007,8,1015,2
2020-09-05,Fresno,019,978130,28850,26325,317,26642,331
2020-09-05,Glenn,021,27897,515,474,0,474,3
2020-09-05,Humboldt,023,135768,446,402,1,403,4
2020-09-05,Imperial,025,180216,11421,10151,7,10158,268
2020-09-05,Inyo,027,18085,184,169,4,173,2
2020-09-05,Kern,029,883053,30525,29645,263,29908,347
2020-09-05,Kings,031,150075,6947,6518,30,6548,66
2020-09-05,Lake,033,64148,399,359,0,359,2
2020-09-05,Lassen,035,31185,732,709,2,711,0
2020-09-05,Los Angeles,037,10098052,250488,247572,1433,249005,6001
2020-09-05,Madera,039,155013,4094,3851,28,3879,42
2020-09-05,Marin,041,260295,6384,6259,15,6274,66
2020-09-05,Mariposa,043,17540,74,72,0,72,2
2020-09-05,Mendocino,045,87422,710,658,0,658,16
2020-09-05,Merced,047,269075,8436,8297,11,8308,104
2020-09-05,Modoc,049,8938,23,19,0,19,0
2020-09-05,Mono,051,14174,164,145,3,148,1
2020-09-05,Monterey,053,433212,8763,8301,17,8318,56
2020-09-05,Napa,055,140530,1556,1484,6,1490,11
2020-09-05,Nevada,057,99092,482,461,14,475,6
2020-09-05,Orange,059,3164182,51681,48726,1290,50016,1039
2020-09-05,Placer,061,380077,3308,3141,12,3153,35
2020-09-05,Plumas,063,18699,44,42,0,42,0
2020-09-05,Riverside,065,2383286,55123,53780,82,53862,1066
2020-09-05,Sacramento,067,1510023,19816,18955,20,18975,339
2020-09-05,San Benito,069,59416,1225,1153,0,1153,4
2020-09-05,San Bernardino,071,2135413,50536,48800,324,49124,825
2020-09-05,San Diego,073,3302833,42235,40344,608,40952,717
2020-09-05,San Francisco,075,870044,10191,9812,19,9831,85
2020-09-05,San Joaquin,077,732212,19176,18557,40,18597,386
2020-09-05,San Luis Obispo,079,281455,3320,3083,16,3099,23
2020-09-05,San Mateo,081,765935,9117,8352,10,8362,124
2020-09-05,Santa Barbara,083,443738,8592,8404,70,8474,96
2020-09-05,Santa Clara,085,1922200,19812,18311,38,18349,207
2020-09-05,Santa Cruz,087,273765,2051,1904,17,1921,7
2020-09-05,Shasta,089,179085,659,544,3,547,10
2020-09-05,Sierra,091,2930,6,6,0,6,0
2020-09-05,Siskiyou,093,43540,145,131,9,140,0
2020-09-05,Solano,095,438530,5751,5579,39,5618,37
2020-09-05,Sonoma,097,501317,6535,6149,20,6169,85
2020-09-05,Stanislaus,099,539301,15731,15198,400,15598,236
2020-09-05,Sutter,101,95872,1508,1445,1,1446,11
2020-09-05,Tehama,103,63373,464,447,2,449,1
2020-09-05,Trinity,105,12862,50,13,7,20,0
2020-09-05,Tulare,107,460477,15211,14576,62,14638,249
2020-09-05,Tuolumne,109,53932,217,194,5,199,1
2020-09-05,Ventura,111,848112,12004,11254,114,11368,118
2020-09-05,Yolo,113,214977,2651,2534,6,2540,53
2020-09-05,Yuba,115,75493,960,902,3,905,1
2020-09-04,Alameda,001,1643700,19791,18843,133,18976,276
2020-09-04,Alpine,002,1148,2,2,0,2,0
2020-09-04,Amador,005,37829,276,274,0,274,16
2020-09-04,Butte,007,227075,2637,2325,47,2372,28
2020-09-04,Calaveras,009,45235,285,237,0,237,1
2020-09-04,Colusa,011,21464,486,467,0,467,6
2020-09-04,Contra Costa,013,1133247,15304,14355,62,14417,164
2020-09-04,Del Norte,015,27424,121,109,0,109,2
2020-09-04,El Dorado,017,186661,1056,992,8,1000,2
2020-09-04,Fresno,019,978130,28744,26147,316,26463,321
2020-09-04,Glenn,021,27897,507,463,0,463,3
2020-09-04,Humboldt,023,135768,441,390,1,391,4
2020-09-04,Imperial,025,180216,11412,10136,7,10143,267
2020-09-04,Inyo,027,18085,184,169,4,173,2
2020-09-04,Kern,029,883053,30457,29526,260,29786,345
2020-09-04,Kings,031,150075,6934,6259,30,6289,66
2020-09-04,Lake,033,64148,399,347,0,347,2
2020-09-04,Lassen,035,31185,732,708,2,710,0
2020-09-04,Los Angeles,037,10098052,249919,246396,1414,247810,5977
2020-09-04,Madera,039,155013,4081,3838,28,3866,42
2020-09-04,Marin,041,260295,6372,6251,15,6266,66
2020-09-04,Mariposa,043,17540,74,72,0,72,2
2020-09-04,Mendocino,045,87422,708,646,0,646,16
2020-09-04,Merced,047,269075,8416,8214,11,8225,104
2020-09-04,Modoc,049,8938,23,15,0,15,0
2020-09-04,Mono,051,14174,164,145,3,148,1
2020-09-04,Monterey,053,433212,8718,8208,17,8225,56
2020-09-04,Napa,055,140530,1547,1475,6,1481,11
2020-09-04,Nevada,057,99092,479,455,14,469,6
2020-09-04,Orange,059,3164182,51557,48488,1283,49771,1031
2020-09-04,Placer,061,380077,3296,3101,12,3113,35
2020-09-04,Plumas,063,18699,44,42,0,42,0
2020-09-04,Riverside,065,2383286,55010,53606,77,53683,1066
2020-09-04,Sacramento,067,1510023,19728,18765,20,18785,337
2020-09-04,San Benito,069,59416,1216,1137,0,1137,4
2020-09-04,San Bernardino,071,2135413,50443,48497,322,48819,800
2020-09-04,San Diego,073,3302833,42005,39901,599,40500,701
2020-09-04,San Francisco,075,870044,10151,9694,18,9712,85
2020-09-04,San Joaquin,077,732212,19122,18438,40,18478,376
2020-09-04,San Luis Obispo,079,281455,3305,3049,15,3064,21
2020-09-04,San Mateo,081,765935,9073,8275,10,8285,122
2020-09-04,Santa Barbara,083,443738,8562,8340,70,8410,96
2020-09-04,Santa Clara,085,1922200,19702,18074,38,18112,209
2020-09-04,Santa Cruz,087,273765,2034,1896,16,1912,7
2020-09-04,Shasta,089,179085,656,536,3,539,10
2020-09-04,Sierra,091,2930,6,6,0,6,0
2020-09-04,Siskiyou,093,43540,145,129,9,138,0
2020-09-04,Solano,095,438530,5738,5552,39,5591,37
2020-09-04,Sonoma,097,501317,6470,6050,20,6070,85
2020-09-04,Stanislaus,099,539301,15698,15074,391,15465,233
2020-09-04,Sutter,101,95872,1492,1425,1,1426,11
2020-09-04,Tehama,103,63373,460,442,2,444,1
2020-09-04,Trinity,105,12862,50,13,7,20,0
2020-09-04,Tulare,107,460477,15183,14501,59,14560,247
2020-09-04,Tuolumne,109,53932,217,193,5,198,1
2020-09-04,Ventura,111,848112,11962,11171,114,11285,114
2020-09-04,Yolo,113,214977,2637,2495,6,2501,53
2020-09-04,Yuba,115,75493,955,884,3,887,1
2020-09-03,Alameda,001,1643700,19688,18687,133,18820,275
2020-09-03,Alpine,002,1148,2,2,0,2,0
2020-09-03,Amador,005,37829,276,274,0,274,16
2020-09-03,Butte,007,227075,2593,2274,47,2321,27
2020-09-03,Calaveras,009,45235,284,238,0,238,1
2020-09-03,Colusa,011,21464,484,464,0,464,6
2020-09-03,Contra Costa,013,1133247,15196,14206,59,14265,159
2020-09-03,Del Norte,015,27424,118,109,0,109,2
2020-09-03,El Dorado,017,186661,1052,983,8,991,2
2020-09-03,Fresno,019,978130,28625,25978,311,26289,313
2020-09-03,Glenn,021,27897,503,460,0,460,3
2020-09-03,Humboldt,023,135768,436,390,1,391,4
2020-09-03,Imperial,025,180216,11391,10083,7,10090,255
2020-09-03,Inyo,027,18085,182,171,4,175,3
2020-09-03,Kern,029,883053,30365,29426,246,29672,340
2020-09-03,Kings,031,150075,6854,6200,30,6230,64
2020-09-03,Lake,033,64148,390,347,0,347,2
2020-09-03,Lassen,035,31185,732,707,2,709,0
2020-09-03,Los Angeles,037,10098052,249056,245026,1394,246420,5931
2020-09-03,Madera,039,155013,4062,3780,28,3808,43
2020-09-03,Marin,041,260295,6353,6175,15,6190,66
2020-09-03,Mariposa,043,17540,74,71,0,71,2
2020-09-03,Mendocino,045,87422,699,638,0,638,16
2020-09-03,Merced,047,269075,8374,8136,11,8147,105
2020-09-03,Modoc,049,8938,23,14,0,14,0
2020-09-03,Mono,051,14174,163,144,3,147,1
2020-09-03,Monterey,053,433212,8664,8128,17,8145,56
2020-09-03,Napa,055,140530,1540,1466,6,1472,10
2020-09-03,Nevada,057,99092,476,453,14,467,6
2020-09-03,Orange,059,3164182,51371,48226,1269,49495,1009
2020-09-03,Placer,061,380077,3278,3069,12,3081,34
2020-09-03,Plumas,063,18699,44,39,0,39,0
2020-09-03,Riverside,065,2383286,54830,53341,73,53414,1052
2020-09-03,Sacramento,067,1510023,19600,18553,19,18572,328
2020-09-03,San Benito,069,59416,1205,1121,0,1121,4
2020-09-03,San Bernardino,071,2135413,50277,48165,321,48486,800
2020-09-03,San Diego,073,3302833,41691,39448,583,40031,700
2020-09-03,San Francisco,075,870044,10086,9636,16,9652,84
2020-09-03,San Joaquin,077,732212,19044,18331,40,18371,371
2020-09-03,San Luis Obispo,079,281455,3288,3023,15,3038,21
2020-09-03,San Mateo,081,765935,8999,8211,10,8221,122
2020-09-03,Santa Barbara,083,443738,8515,8277,70,8347,96
2020-09-03,Santa Clara,085,1922200,19521,17879,38,17917,208
2020-09-03,Santa Cruz,087,273765,2019,1870,16,1886,7
2020-09-03,Shasta,089,179085,651,535,3,538,10
2020-09-03,Sierra,091,2930,6,6,0,6,0
2020-09-03,Siskiyou,093,43540,145,128,9,137,0
2020-09-03,Solano,095,438530,5718,5499,38,5537,36
2020-09-03,Sonoma,097,501317,6407,5997,20,6017,62
2020-09-03,Stanislaus,099,539301,15646,14985,387,15372,217
2020-09-03,Sutter,101,95872,1482,1412,1,1413,11
2020-09-03,Tehama,103,63373,456,436,2,438,1
2020-09-03,Trinity,105,12862,48,13,7,20,0
2020-09-03,Tulare,107,460477,15117,14408,58,14466,244
2020-09-03,Tuolumne,109,53932,217,193,5,198,1
2020-09-03,Ventura,111,848112,11844,11109,111,11220,112
2020-09-03,Yolo,113,214977,2621,2475,6,2481,53
2020-09-03,Yuba,115,75493,948,867,3,870,1
2020-09-02,Alameda,001,1643700,19570,18522,130,18652,260
2020-09-02,Alpine,002,1148,2,2,0,2,0
2020-09-02,Amador,005,37829,276,245,0,245,14
2020-09-02,Butte,007,227075,2547,2241,47,2288,27
2020-09-02,Calaveras,009,45235,283,235,0,235,1
2020-09-02,Colusa,011,21464,480,460,0,460,6
2020-09-02,Contra Costa,013,1133247,15107,14097,57,14154,159
2020-09-02,Del Norte,015,27424,117,109,0,109,2
2020-09-02,El Dorado,017,186661,1048,975,7,982,2
2020-09-02,Fresno,019,978130,28478,25785,308,26093,292
2020-09-02,Glenn,021,27897,498,457,0,457,3
2020-09-02,Humboldt,023,135768,433,381,1,382,4
2020-09-02,Imperial,025,180216,11375,9832,7,9839,255
2020-09-02,Inyo,027,18085,182,171,4,175,3
2020-09-02,Kern,029,883053,30273,29288,240,29528,335
2020-09-02,Kings,031,150075,6769,6142,30,6172,64
2020-09-02,Lake,033,64148,386,342,0,342,2
2020-09-02,Lassen,035,31185,730,706,2,708,0
2020-09-02,Los Angeles,037,10098052,248125,243999,1366,245365,5887
2020-09-02,Madera,039,155013,4042,3735,28,3763,41
2020-09-02,Marin,041,260295,6338,6131,15,6146,66
2020-09-02,Mariposa,043,17540,74,71,0,71,2
2020-09-02,Mendocino,045,87422,689,636,0,636,15
2020-09-02,Merced,047,269075,8343,8097,10,8107,103
2020-09-02,Modoc,049,8938,22,11,0,11,0
2020-09-02,Mono,051,14174,163,145,3,148,1
2020-09-02,Monterey,053,433212,8600,8070,17,8087,56
2020-09-02,Napa,055,140530,1528,1454,6,1460,10
2020-09-02,Nevada,057,99092,470,452,13,465,6
2020-09-02,Orange,059,3164182,51190,47871,1259,49130,994
2020-09-02,Placer,061,380077,3253,3047,11,3058,33
2020-09-02,Plumas,063,18699,44,39,0,39,0
2020-09-02,Riverside,065,2383286,54628,52923,70,52993,1032
2020-09-02,Sacramento,067,1510023,19365,18355,18,18373,316
2020-09-02,San Benito,069,59416,1192,1107,0,1107,4
2020-09-02,San Bernardino,071,2135413,50114,47766,318,48084,794
2020-09-02,San Diego,073,3302833,41371,39123,569,39692,695
2020-09-02,San Francisco,075,870044,10017,9587,16,9603,84
2020-09-02,San Joaquin,077,732212,18963,18194,39,18233,352
2020-09-02,San Luis Obispo,079,281455,3262,3002,14,3016,21
2020-09-02,San Mateo,081,765935,8942,8148,10,8158,122
2020-09-02,Santa Barbara,083,443738,8460,8206,69,8275,94
2020-09-02,Santa Clara,085,1922200,19365,17673,38,17711,206
2020-09-02,Santa Cruz,087,273765,1996,1850,16,1866,7
2020-09-02,Shasta,089,179085,650,531,3,534,10
2020-09-02,Sierra,091,2930,6,6,0,6,0
2020-09-02,Siskiyou,093,43540,144,127,9,136,0
2020-09-02,Solano,095,438530,5690,5463,38,5501,36
2020-09-02,Sonoma,097,501317,6345,5846,20,5866,62
2020-09-02,Stanislaus,099,539301,15576,14854,380,15234,220
2020-09-02,Sutter,101,95872,1467,1401,1,1402,10
2020-09-02,Tehama,103,63373,453,429,2,431,1
2020-09-02,Trinity,105,12862,48,13,7,20,0
2020-09-02,Tulare,107,460477,15051,14298,58,14356,244
2020-09-02,Tuolumne,109,53932,217,190,5,195,1
2020-09-02,Ventura,111,848112,11757,11031,110,11141,111
2020-09-02,Yolo,113,214977,2599,2449,6,2455,54
2020-09-02,Yuba,115,75493,941,856,3,859,1
2020-09-01,Alameda,001,1643700,19432,18382,127,18509,248
2020-09-01,Alpine,002,1148,2,2,0,2,0
2020-09-01,Amador,005,37829,275,244,0,244,13
2020-09-01,Butte,007,227075,2490,2146,47,2193,26
2020-09-01,Calaveras,009,45235,275,228,0,228,1
2020-09-01,Colusa,011,21464,476,454,0,454,6
2020-09-01,Contra Costa,013,1133247,15014,13998,55,14053,158
2020-09-01,Del Norte,015,27424,116,108,0,108,2
2020-09-01,El Dorado,017,186661,1040,972,7,979,2
2020-09-01,Fresno,019,978130,28334,25542,306,25848,290
2020-09-01,Glenn,021,27897,491,449,0,449,3
2020-09-01,Humboldt,023,135768,427,378,1,379,4
2020-09-01,Imperial,025,180216,11349,9782,7,9789,250
2020-09-01,Inyo,027,18085,182,171,4,175,3
2020-09-01,Kern,029,883053,30182,29162,235,29397,332
2020-09-01,Kings,031,150075,6738,6088,30,6118,62
2020-09-01,Lake,033,64148,383,341,0,341,2
2020-09-01,Lassen,035,31185,727,706,2,708,0
2020-09-01,Los Angeles,037,10098052,247035,242633,1343,243976,5832
2020-09-01,Madera,039,155013,4013,3703,27,3730,41
2020-09-01,Marin,041,260295,6323,6102,15,6117,67
2020-09-01,Mariposa,043,17540,73,72,0,72,2
2020-09-01,Mendocino,045,87422,674,626,0,626,15
2020-09-01,Merced,047,269075,8290,8046,9,8055,103
2020-09-01,Modoc,049,8938,20,10,0,10,0
2020-09-01,Mono,051,14174,163,145,3,148,1
2020-09-01,Monterey,053,433212,8494,7926,17,7943,56
2020-09-01,Napa,055,140530,1513,1446,6,1452,10
2020-09-01,Nevada,057,99092,464,450,13,463,6
2020-09-01,Orange,059,3164182,51026,47671,1240,48911,976
2020-09-01,Placer,061,380077,3231,3013,11,3024,33
2020-09-01,Plumas,063,18699,44,39,0,39,0
2020-09-01,Riverside,065,2383286,54411,52785,69,52854,1027
2020-09-01,Sacramento,067,1510023,19181,18217,17,18234,305
2020-09-01,San Benito,069,59416,1180,1089,0,1089,4
2020-09-01,San Bernardino,071,2135413,49907,47371,317,47688,786
2020-09-01,San Diego,073,3302833,41013,38873,531,39404,688
2020-09-01,San Francisco,075,870044,9948,9492,16,9508,83
2020-09-01,San Joaquin,077,732212,18882,17915,38,17953,341
2020-09-01,San Luis Obispo,079,281455,3236,2970,14,2984,21
2020-09-01,San Mateo,081,765935,8862,8132,10,8142,122
2020-09-01,Santa Barbara,083,443738,8410,8142,68,8210,93
2020-09-01,Santa Clara,085,1922200,19186,17319,38,17357,204
2020-09-01,Santa Cruz,087,273765,1972,1752,16,1768,7
2020-09-01,Shasta,089,179085,642,527,3,530,9
2020-09-01,Sierra,091,2930,6,6,0,6,0
2020-09-01,Siskiyou,093,43540,141,128,8,136,0
2020-09-01,Solano,095,438530,5664,5438,38,5476,34
2020-09-01,Sonoma,097,501317,6255,5733,20,5753,60
2020-09-01,Stanislaus,099,539301,15500,14784,370,15154,212
2020-09-01,Sutter,101,95872,1456,1389,1,1390,10
2020-09-01,Tehama,103,63373,450,422,2,424,1
2020-09-01,Trinity,105,12862,47,13,6,19,0
2020-09-01,Tulare,107,460477,14967,14156,58,14214,241
2020-09-01,Tuolumne,109,53932,211,183,5,188,1
2020-09-01,Ventura,111,848112,11679,10899,105,11004,108
2020-09-01,Yolo,113,214977,2583,2440,6,2446,51
2020-09-01,Yuba,115,75493,932,841,3,844,1
2020-08-31,Alameda,001,1643700,19285,18148,127,18275,248
2020-08-31,Alpine,002,1148,2,2,0,2,0
2020-08-31,Amador,005,37829,275,243,0,243,13
2020-08-31,Butte,007,227075,2426,2069,47,2116,26
2020-08-31,Calaveras,009,45235,270,212,0,212,1
2020-08-31,Colusa,011,21464,475,443,0,443,6
2020-08-31,Contra Costa,013,1133247,14888,13902,52,13954,153
2020-08-31,Del Norte,015,27424,116,108,0,108,2
2020-08-31,El Dorado,017,186661,1033,965,7,972,2
2020-08-31,Fresno,019,978130,28113,25185,300,25485,290
2020-08-31,Glenn,021,27897,479,437,0,437,3
2020-08-31,Humboldt,023,135768,425,374,1,375,4
2020-08-31,Imperial,025,180216,11318,9759,7,9766,250
2020-08-31,Inyo,027,18085,181,160,4,164,3
2020-08-31,Kern,029,883053,30084,29067,234,29301,318
2020-08-31,Kings,031,150075,6471,6037,30,6067,62
2020-08-31,Lake,033,64148,367,341,0,341,2
2020-08-31,Lassen,035,31185,724,706,2,708,0
2020-08-31,Los Angeles,037,10098052,245928,241793,1315,243108,5787
2020-08-31,Madera,039,155013,3990,3662,26,3688,35
2020-08-31,Marin,041,260295,6287,6074,15,6089,67
2020-08-31,Mariposa,043,17540,73,69,0,69,2
2020-08-31,Mendocino,045,87422,662,618,0,618,15
2020-08-31,Merced,047,269075,8229,7991,9,8000,79
2020-08-31,Modoc,049,8938,18,10,0,10,0
2020-08-31,Mono,051,14174,163,145,3,148,1
2020-08-31,Monterey,053,433212,8387,7839,17,7856,56
2020-08-31,Napa,055,140530,1505,1434,6,1440,10
2020-08-31,Nevada,057,99092,462,447,13,460,6
2020-08-31,Orange,059,3164182,50827,47392,1212,48604,965
2020-08-31,Placer,061,380077,3182,2989,11,3000,33
2020-08-31,Plumas,063,18699,43,39,0,39,0
2020-08-31,Riverside,065,2383286,54189,52508,67,52575,1020
2020-08-31,Sacramento,067,1510023,18940,17999,17,18016,303
2020-08-31,San Benito,069,59416,1164,1080,0,1080,4
2020-08-31,San Bernardino,071,2135413,49695,47370,316,47686,755
2020-08-31,San Diego,073,3302833,40646,38606,498,39104,682
2020-08-31,San Francisco,075,870044,9869,9293,13,9306,83
2020-08-31,San Joaquin,077,732212,18795,17807,37,17844,338
2020-08-31,San Luis Obispo,079,281455,3213,2951,13,2964,21
2020-08-31,San Mateo,081,765935,8792,8065,10,8075,122
2020-08-31,Santa Barbara,083,443738,8365,8124,68,8192,94
2020-08-31,Santa Clara,085,1922200,18998,17211,38,17249,202
2020-08-31,Santa Cruz,087,273765,1947,1742,16,1758,7
2020-08-31,Shasta,089,179085,637,528,3,531,9
2020-08-31,Sierra,091,2930,6,6,0,6,0
2020-08-31,Siskiyou,093,43540,140,127,8,135,0
2020-08-31,Solano,095,438530,5632,5302,37,5339,34
2020-08-31,Sonoma,097,501317,6180,5650,20,5670,60
2020-08-31,Stanislaus,099,539301,15426,14685,361,15046,213
2020-08-31,Sutter,101,95872,1441,1365,1,1366,10
2020-08-31,Tehama,103,63373,447,421,2,423,1
2020-08-31,Trinity,105,12862,47,13,6,19,0
2020-08-31,Tulare,107,460477,14880,13985,56,14041,237
2020-08-31,Tuolumne,109,53932,211,178,5,183,1
2020-08-31,Ventura,111,848112,11591,10866,104,10970,108
2020-08-31,Yolo,113,214977,2565,2423,5,2428,51
2020-08-31,Yuba,115,75493,918,830,3,833,1
2020-08-30,Alameda,001,1643700,19160,18099,125,18224,248
2020-08-30,Alpine,002,1148,2,2,0,2,0
2020-08-30,Amador,005,37829,274,240,0,240,13
2020-08-30,Butte,007,227075,2346,1988,47,2035,26
2020-08-30,Calaveras,009,45235,261,211,0,211,1
2020-08-30,Colusa,011,21464,474,440,0,440,6
2020-08-30,Contra Costa,013,1133247,14750,13780,52,13832,150
2020-08-30,Del Norte,015,27424,115,108,0,108,2
2020-08-30,El Dorado,017,186661,1023,962,7,969,2
2020-08-30,Fresno,019,978130,27987,24963,299,25262,291
2020-08-30,Glenn,021,27897,472,437,0,437,3
2020-08-30,Humboldt,023,135768,414,362,1,363,4
2020-08-30,Imperial,025,180216,11299,9703,7,9710,250
2020-08-30,Inyo,027,18085,181,160,4,164,3
2020-08-30,Kern,029,883053,29991,28987,234,29221,317
2020-08-30,Kings,031,150075,6425,6000,30,6030,62
2020-08-30,Lake,033,64148,362,334,0,334,2
2020-08-30,Lassen,035,31185,722,706,2,708,0
2020-08-30,Los Angeles,037,10098052,244790,240775,1283,242058,5772
2020-08-30,Madera,039,155013,3962,3626,26,3652,33
2020-08-30,Marin,041,260295,6257,6060,15,6075,66
2020-08-30,Mariposa,043,17540,73,69,0,69,2
2020-08-30,Mendocino,045,87422,656,611,0,611,13
2020-08-30,Merced,047,269075,8154,7960,9,7969,79
2020-08-30,Modoc,049,8938,13,10,0,10,0
2020-08-30,Mono,051,14174,163,145,3,148,1
2020-08-30,Monterey,053,433212,8303,7816,17,7833,54
2020-08-30,Napa,055,140530,1493,1423,6,1429,10
2020-08-30,Nevada,057,99092,459,445,13,458,6
2020-08-30,Orange,059,3164182,50630,47283,1198,48481,965
2020-08-30,Placer,061,380077,3149,2961,11,2972,32
2020-08-30,Plumas,063,18699,42,39,0,39,0
2020-08-30,Riverside,065,2383286,54010,52227,66,52293,1017
2020-08-30,Sacramento,067,1510023,18763,17751,17,17768,300
2020-08-30,San Benito,069,59416,1154,1071,0,1071,4
2020-08-30,San Bernardino,071,2135413,49438,47201,316,47517,755
2020-08-30,San Diego,073,3302833,40248,38302,477,38779,682
2020-08-30,San Francisco,075,870044,9772,9294,10,9304,83
2020-08-30,San Joaquin,077,732212,18678,17637,36,17673,338
2020-08-30,San Luis Obispo,079,281455,3188,2934,13,2947,21
2020-08-30,San Mateo,081,765935,8715,8013,10,8023,122
2020-08-30,Santa Barbara,083,443738,8306,8088,68,8156,93
2020-08-30,Santa Clara,085,1922200,18824,17045,38,17083,202
2020-08-30,Santa Cruz,087,273765,1921,1743,16,1759,7
2020-08-30,Shasta,089,179085,634,525,3,528,9
2020-08-30,Sierra,091,2930,6,6,0,6,0
2020-08-30,Siskiyou,093,43540,138,125,8,133,0
2020-08-30,Solano,095,438530,5589,5303,37,5340,34
2020-08-30,Sonoma,097,501317,6120,5590,20,5610,60
2020-08-30,Stanislaus,099,539301,15354,14580,352,14932,209
2020-08-30,Sutter,101,95872,1420,1351,1,1352,10
2020-08-30,Tehama,103,63373,437,419,2,421,1
2020-08-30,Trinity,105,12862,47,13,6,19,0
2020-08-30,Tulare,107,460477,14785,13985,55,14040,236
2020-08-30,Tuolumne,109,53932,207,178,5,183,1
2020-08-30,Ventura,111,848112,11478,10775,99,10874,108
2020-08-30,Yolo,113,214977,2537,2391,4,2395,51
2020-08-30,Yuba,115,75493,904,832,3,835,1
2020-08-29,Alameda,001,1643700,19093,17888,125,18013,250
2020-08-29,Alpine,002,1148,2,2,0,2,0
2020-08-29,Amador,005,37829,274,239,0,239,13
2020-08-29,Butte,007,227075,2315,1948,47,1995,26
2020-08-29,Calaveras,009,45235,257,211,0,211,1
2020-08-29,Colusa,011,21464,471,440,0,440,6
2020-08-29,Contra Costa,013,1133247,14677,13663,51,13714,159
2020-08-29,Del Norte,015,27424,115,108,0,108,1
2020-08-29,El Dorado,017,186661,1020,958,7,965,2
2020-08-29,Fresno,019,978130,27932,24821,299,25120,291
2020-08-29,Glenn,021,27897,466,437,0,437,3
2020-08-29,Humboldt,023,135768,411,363,1,364,4
2020-08-29,Imperial,025,180216,11284,9698,7,9705,250
2020-08-29,Inyo,027,18085,181,160,4,164,3
2020-08-29,Kern,029,883053,29951,28947,233,29180,317
2020-08-29,Kings,031,150075,6410,5906,30,5936,62
2020-08-29,Lake,033,64148,361,329,0,329,2
2020-08-29,Lassen,035,31185,722,706,2,708,0
2020-08-29,Los Angeles,037,10098052,244161,239815,1270,241085,5762
2020-08-29,Madera,039,155013,3953,3605,25,3630,33
2020-08-29,Marin,041,260295,6245,6007,15,6022,64
2020-08-29,Mariposa,043,17540,73,69,0,69,2
2020-08-29,Mendocino,045,87422,652,596,0,596,13
2020-08-29,Merced,047,269075,8124,7867,9,7876,79
2020-08-29,Modoc,049,8938,13,9,0,9,0
2020-08-29,Mono,051,14174,163,145,3,148,1
2020-08-29,Monterey,053,433212,8258,7680,17,7697,53
2020-08-29,Napa,055,140530,1490,1413,6,1419,10
2020-08-29,Nevada,057,99092,459,442,13,455,5
2020-08-29,Orange,059,3164182,50519,47007,1188,48195,960
2020-08-29,Placer,061,380077,3132,2935,11,2946,32
2020-08-29,Plumas,063,18699,41,39,0,39,0
2020-08-29,Riverside,065,2383286,53898,51918,64,51982,1016
2020-08-29,Sacramento,067,1510023,18692,17588,17,17605,291
2020-08-29,San Benito,069,59416,1145,1045,0,1045,4
2020-08-29,San Bernardino,071,2135413,49323,46849,316,47165,755
2020-08-29,San Diego,073,3302833,39982,38049,459,38508,694
2020-08-29,San Francisco,075,870044,9744,9291,9,9300,83
2020-08-29,San Joaquin,077,732212,18634,17493,36,17529,335
2020-08-29,San Luis Obispo,079,281455,3163,2917,13,2930,21
2020-08-29,San Mateo,081,765935,8673,7928,10,7938,122
2020-08-29,Santa Barbara,083,443738,8279,8052,67,8119,93
2020-08-29,Santa Clara,085,1922200,18724,16898,37,16935,202
2020-08-29,Santa Cruz,087,273765,1909,1746,16,1762,7
2020-08-29,Shasta,089,179085,626,522,3,525,9
2020-08-29,Sierra,091,2930,6,6,0,6,0
2020-08-29,Siskiyou,093,43540,138,121,8,129,0
2020-08-29,Solano,095,438530,5568,5303,37,5340,34
2020-08-29,Sonoma,097,501317,6085,5537,20,5557,60
2020-08-29,Stanislaus,099,539301,15305,14479,342,14821,208
2020-08-29,Sutter,101,95872,1415,1333,1,1334,9
2020-08-29,Tehama,103,63373,436,417,2,419,1
2020-08-29,Trinity,105,12862,46,11,6,17,0
2020-08-29,Tulare,107,460477,14747,13890,54,13944,236
2020-08-29,Tuolumne,109,53932,207,178,5,183,1
2020-08-29,Ventura,111,848112,11436,10705,99,10804,108
2020-08-29,Yolo,113,214977,2519,2357,4,2361,51
2020-08-29,Yuba,115,75493,895,822,3,825,1
2020-08-28,Alameda,001,1643700,19010,17729,124,17853,237
2020-08-28,Alpine,002,1148,2,2,0,2,0
2020-08-28,Amador,005,37829,274,234,0,234,13
2020-08-28,Butte,007,227075,2285,1886,47,1933,25
2020-08-28,Calaveras,009,45235,255,207,0,207,1
2020-08-28,Colusa,011,21464,470,441,0,441,6
2020-08-28,Contra Costa,013,1133247,14606,13522,50,13572,158
2020-08-28,Del Norte,015,27424,115,107,0,107,1
2020-08-28,El Dorado,017,186661,1014,949,7,956,2
2020-08-28,Fresno,019,978130,27797,24612,299,24911,282
2020-08-28,Glenn,021,27897,459,429,0,429,3
2020-08-28,Humboldt,023,135768,407,362,1,363,4
2020-08-28,Imperial,025,180216,11270,9656,7,9663,241
2020-08-28,Inyo,027,18085,180,160,4,164,2
2020-08-28,Kern,029,883053,29903,28744,233,28977,306
2020-08-28,Kings,031,150075,6403,5829,29,5858,62
2020-08-28,Lake,033,64148,356,320,0,320,2
2020-08-28,Lassen,035,31185,722,704,2,706,0
2020-08-28,Los Angeles,037,10098052,243347,238544,1245,239789,5740
2020-08-28,Madera,039,155013,3934,3552,25,3577,33
2020-08-28,Marin,041,260295,6223,5991,15,6006,63
2020-08-28,Mariposa,043,17540,73,67,0,67,2
2020-08-28,Mendocino,045,87422,647,588,0,588,11
2020-08-28,Merced,047,269075,8094,7803,9,7812,77
2020-08-28,Modoc,049,8938,13,6,0,6,0
2020-08-28,Mono,051,14174,163,145,3,148,1
2020-08-28,Monterey,053,433212,8201,7591,17,7608,53
2020-08-28,Napa,055,140530,1482,1403,5,1408,10
2020-08-28,Nevada,057,99092,458,438,13,451,5
2020-08-28,Orange,059,3164182,50419,46696,1173,47869,942
2020-08-28,Placer,061,380077,3122,2891,11,2902,32
2020-08-28,Plumas,063,18699,41,39,0,39,0
2020-08-28,Riverside,065,2383286,53767,51510,60,51570,1008
2020-08-28,Sacramento,067,1510023,18594,17119,17,17136,283
2020-08-28,San Benito,069,59416,1129,1016,0,1016,3
2020-08-28,San Bernardino,071,2135413,49204,46553,312,46865,754
2020-08-28,San Diego,073,3302833,39752,37786,444,38230,676
2020-08-28,San Francisco,075,870044,9692,9135,9,9144,83
2020-08-28,San Joaquin,077,732212,18581,17114,35,17149,314
2020-08-28,San Luis Obispo,079,281455,3146,2849,13,2862,20
2020-08-28,San Mateo,081,765935,8627,7783,9,7792,121
2020-08-28,Santa Barbara,083,443738,8247,8001,67,8068,92
2020-08-28,Santa Clara,085,1922200,18597,16696,37,16733,201
2020-08-28,Santa Cruz,087,273765,1897,1747,16,1763,7
2020-08-28,Shasta,089,179085,622,516,3,519,9
2020-08-28,Sierra,091,2930,6,6,0,6,0
2020-08-28,Siskiyou,093,43540,136,119,8,127,0
2020-08-28,Solano,095,438530,5549,5219,37,5256,34
2020-08-28,Sonoma,097,501317,6050,5425,19,5444,58
2020-08-28,Stanislaus,099,539301,15262,14176,338,14514,190
2020-08-28,Sutter,101,95872,1405,1308,1,1309,9
2020-08-28,Tehama,103,63373,431,410,2,412,1
2020-08-28,Trinity,105,12862,46,11,6,17,0
2020-08-28,Tulare,107,460477,14702,13776,54,13830,236
2020-08-28,Tuolumne,109,53932,207,176,5,181,1
2020-08-28,Ventura,111,848112,11400,10606,97,10703,103
2020-08-28,Yolo,113,214977,2510,2323,4,2327,51
2020-08-28,Yuba,115,75493,886,810,3,813,1
2020-08-27,Alameda,001,1643700,18865,17584,121,17705,234
2020-08-27,Alpine,002,1148,2,2,0,2,0
2020-08-27,Amador,005,37829,273,233,0,233,13
2020-08-27,Butte,007,227075,2219,1803,46,1849,25
2020-08-27,Calaveras,009,45235,250,204,0,204,1
2020-08-27,Colusa,011,21464,468,438,0,438,6
2020-08-27,Contra Costa,013,1133247,14506,13379,49,13428,158
2020-08-27,Del Norte,015,27424,115,107,0,107,1
2020-08-27,El Dorado,017,186661,1010,942,7,949,2
2020-08-27,Fresno,019,978130,27617,24367,294,24661,272
2020-08-27,Glenn,021,27897,451,429,0,429,3
2020-08-27,Humboldt,023,135768,399,358,1,359,4
2020-08-27,Imperial,025,180216,11243,9608,7,9615,235
2020-08-27,Inyo,027,18085,180,157,3,160,2
2020-08-27,Kern,029,883053,29832,28635,224,28859,294
2020-08-27,Kings,031,150075,6381,5759,29,5788,62
2020-08-27,Lake,033,64148,354,314,0,314,2
2020-08-27,Lassen,035,31185,722,703,2,705,0
2020-08-27,Los Angeles,037,10098052,242344,237103,1230,238333,5704
2020-08-27,Madera,039,155013,3908,3465,25,3490,33
2020-08-27,Marin,041,260295,6199,5929,15,5944,62
2020-08-27,Mariposa,043,17540,73,67,0,67,2
2020-08-27,Mendocino,045,87422,638,581,0,581,10
2020-08-27,Merced,047,269075,8050,7765,9,7774,75
2020-08-27,Modoc,049,8938,11,5,0,5,0
2020-08-27,Mono,051,14174,163,145,3,148,1
2020-08-27,Monterey,053,433212,8107,7501,17,7518,52
2020-08-27,Napa,055,140530,1476,1397,5,1402,10
2020-08-27,Nevada,057,99092,455,435,13,448,5
2020-08-27,Orange,059,3164182,50262,46449,1162,47611,935
2020-08-27,Placer,061,380077,3091,2869,11,2880,32
2020-08-27,Plumas,063,18699,40,39,0,39,0
2020-08-27,Riverside,065,2383286,53557,51306,57,51363,999
2020-08-27,Sacramento,067,1510023,18396,16875,17,16892,281
2020-08-27,San Benito,069,59416,1113,987,0,987,3
2020-08-27,San Bernardino,071,2135413,48980,46345,306,46651,751
2020-08-27,San Diego,073,3302833,39481,37501,424,37925,673
2020-08-27,San Francisco,075,870044,9626,9014,9,9023,83
2020-08-27,San Joaquin,077,732212,18501,16989,35,17024,314
2020-08-27,San Luis Obispo,079,281455,3121,2808,13,2821,20
2020-08-27,San Mateo,081,765935,8518,7728,9,7737,121
2020-08-27,Santa Barbara,083,443738,8209,7934,67,8001,92
2020-08-27,Santa Clara,085,1922200,18411,16495,37,16532,199
2020-08-27,Santa Cruz,087,273765,1880,1734,16,1750,7
2020-08-27,Shasta,089,179085,616,512,3,515,9
2020-08-27,Sierra,091,2930,6,6,0,6,0
2020-08-27,Siskiyou,093,43540,136,118,8,126,0
2020-08-27,Solano,095,438530,5511,5167,37,5204,34
2020-08-27,Sonoma,097,501317,5943,5357,19,5376,58
2020-08-27,Stanislaus,099,539301,15181,14080,335,14415,186
2020-08-27,Sutter,101,95872,1385,1296,1,1297,9
2020-08-27,Tehama,103,63373,427,398,2,400,1
2020-08-27,Trinity,105,12862,46,11,6,17,0
2020-08-27,Tulare,107,460477,14611,13666,54,13720,231
2020-08-27,Tuolumne,109,53932,202,174,5,179,1
2020-08-27,Ventura,111,848112,11337,10483,93,10576,102
2020-08-27,Yolo,113,214977,2486,2293,4,2297,51
2020-08-27,Yuba,115,75493,875,807,3,810,1
2020-08-26,Alameda,001,1643700,18702,17373,121,17494,233
2020-08-26,Alpine,002,1148,2,2,0,2,0
2020-08-26,Amador,005,37829,273,229,0,229,13
2020-08-26,Butte,007,227075,2151,1765,44,1809,25
2020-08-26,Calaveras,009,45235,242,201,0,201,1
2020-08-26,Colusa,011,21464,462,433,0,433,5
2020-08-26,Contra Costa,013,1133247,14369,13248,49,13297,157
2020-08-26,Del Norte,015,27424,114,86,0,86,1
2020-08-26,El Dorado,017,186661,1008,938,7,945,2
2020-08-26,Fresno,019,978130,27470,24071,292,24363,255
2020-08-26,Glenn,021,27897,449,429,0,429,3
2020-08-26,Humboldt,023,135768,387,357,1,358,4
2020-08-26,Imperial,025,180216,11221,9453,7,9460,227
2020-08-26,Inyo,027,18085,177,157,3,160,2
2020-08-26,Kern,029,883053,29693,28507,221,28728,286
2020-08-26,Kings,031,150075,6360,5720,29,5749,62
2020-08-26,Lake,033,64148,349,308,0,308,2
2020-08-26,Lassen,035,31185,722,702,2,704,0
2020-08-26,Los Angeles,037,10098052,241334,235499,1200,236699,5665
2020-08-26,Madera,039,155013,3879,3458,25,3483,32
2020-08-26,Marin,041,260295,6182,5887,15,5902,56
2020-08-26,Mariposa,043,17540,73,68,0,68,2
2020-08-26,Mendocino,045,87422,627,581,0,581,10
2020-08-26,Merced,047,269075,8017,7720,9,7729,74
2020-08-26,Modoc,049,8938,8,5,0,5,0
2020-08-26,Mono,051,14174,163,141,3,144,1
2020-08-26,Monterey,053,433212,8014,7439,17,7456,51
2020-08-26,Napa,055,140530,1463,1382,5,1387,10
2020-08-26,Nevada,057,99092,452,432,13,445,2
2020-08-26,Orange,059,3164182,50078,46157,1146,47303,905
2020-08-26,Placer,061,380077,3068,2846,9,2855,32
2020-08-26,Plumas,063,18699,39,39,0,39,0
2020-08-26,Riverside,065,2383286,53316,51138,57,51195,987
2020-08-26,Sacramento,067,1510023,18233,16708,17,16725,271
2020-08-26,San Benito,069,59416,1098,978,0,978,3
2020-08-26,San Bernardino,071,2135413,48773,45840,302,46142,743
2020-08-26,San Diego,073,3302833,39143,37224,397,37621,668
2020-08-26,San Francisco,075,870044,9552,8938,9,8947,81
2020-08-26,San Joaquin,077,732212,18412,16845,34,16879,309
2020-08-26,San Luis Obispo,079,281455,3093,2761,13,2774,20
2020-08-26,San Mateo,081,765935,8451,7655,9,7664,121
2020-08-26,Santa Barbara,083,443738,8175,7904,67,7971,90
2020-08-26,Santa Clara,085,1922200,18234,16283,37,16320,198
2020-08-26,Santa Cruz,087,273765,1869,1726,16,1742,7
2020-08-26,Shasta,089,179085,611,511,3,514,9
2020-08-26,Sierra,091,2930,6,6,0,6,0
2020-08-26,Siskiyou,093,43540,133,109,8,117,0
2020-08-26,Solano,095,438530,5487,5131,36,5167,34
2020-08-26,Sonoma,097,501317,5870,5283,19,5302,58
2020-08-26,Stanislaus,099,539301,15104,13964,329,14293,186
2020-08-26,Sutter,101,95872,1367,1275,1,1276,9
2020-08-26,Tehama,103,63373,424,396,2,398,1
2020-08-26,Trinity,105,12862,45,10,6,16,0
2020-08-26,Tulare,107,460477,14544,13568,54,13622,232
2020-08-26,Tuolumne,109,53932,201,172,5,177,1
2020-08-26,Ventura,111,848112,11265,10412,86,10498,100
2020-08-26,Yolo,113,214977,2465,2279,4,2283,49
2020-08-26,Yuba,115,75493,860,779,3,782,1
2020-08-25,Alameda,001,1643700,18545,17278,121,17399,232
2020-08-25,Alpine,002,1148,2,2,0,2,0
2020-08-25,Amador,005,37829,273,227,0,227,13
2020-08-25,Butte,007,227075,2084,1718,43,1761,24
2020-08-25,Calaveras,009,45235,240,196,0,196,1
2020-08-25,Colusa,011,21464,455,430,0,430,5
2020-08-25,Contra Costa,013,1133247,14231,13181,48,13229,156
2020-08-25,Del Norte,015,27424,113,83,0,83,1
2020-08-25,El Dorado,017,186661,1005,928,7,935,2
2020-08-25,Fresno,019,978130,27283,23932,291,24223,250
2020-08-25,Glenn,021,27897,446,429,0,429,3
2020-08-25,Humboldt,023,135768,382,342,1,343,4
2020-08-25,Imperial,025,180216,11193,9381,7,9388,217
2020-08-25,Inyo,027,18085,175,144,3,147,1
2020-08-25,Kern,029,883053,29556,28416,221,28637,285
2020-08-25,Kings,031,150075,6203,5702,29,5731,59
2020-08-25,Lake,033,64148,344,304,0,304,2
2020-08-25,Lassen,035,31185,721,692,2,694,0
2020-08-25,Los Angeles,037,10098052,240036,233961,1152,235113,5612
2020-08-25,Madera,039,155013,3864,3446,24,3470,32
2020-08-25,Marin,041,260295,6144,5860,15,5875,56
2020-08-25,Mariposa,043,17540,73,67,0,67,2
2020-08-25,Mendocino,045,87422,619,571,0,571,10
2020-08-25,Merced,047,269075,7950,7693,8,7701,69
2020-08-25,Modoc,049,8938,8,5,0,5,0
2020-08-25,Mono,051,14174,163,129,3,132,1
2020-08-25,Monterey,053,433212,7933,7333,17,7350,51
2020-08-25,Napa,055,140530,1456,1374,5,1379,10
2020-08-25,Nevada,057,99092,448,430,13,443,2
2020-08-25,Orange,059,3164182,49884,45737,1130,46867,902
2020-08-25,Placer,061,380077,3049,2829,6,2835,31
2020-08-25,Plumas,063,18699,39,39,0,39,0
2020-08-25,Riverside,065,2383286,53085,50889,57,50946,981
2020-08-25,Sacramento,067,1510023,18079,16601,17,16618,265
2020-08-25,San Benito,069,59416,1082,973,0,973,3
2020-08-25,San Bernardino,071,2135413,48538,45544,299,45843,727
2020-08-25,San Diego,073,3302833,38864,36996,375,37371,665
2020-08-25,San Francisco,075,870044,9475,8848,9,8857,81
2020-08-25,San Joaquin,077,732212,18284,16795,34,16829,306
2020-08-25,San Luis Obispo,079,281455,3034,2731,12,2743,20
2020-08-25,San Mateo,081,765935,8391,7636,8,7644,120
2020-08-25,Santa Barbara,083,443738,8123,7854,67,7921,90
2020-08-25,Santa Clara,085,1922200,18065,16199,37,16236,194
2020-08-25,Santa Cruz,087,273765,1850,1708,16,1724,7
2020-08-25,Shasta,089,179085,607,511,3,514,9
2020-08-25,Sierra,091,2930,6,6,0,6,0
2020-08-25,Siskiyou,093,43540,132,109,8,117,0
2020-08-25,Solano,095,438530,5426,5114,36,5150,34
2020-08-25,Sonoma,097,501317,5784,5148,19,5167,56
2020-08-25,Stanislaus,099,539301,14996,13886,318,14204,182
2020-08-25,Sutter,101,95872,1350,1259,1,1260,9
2020-08-25,Tehama,103,63373,421,394,2,396,1
2020-08-25,Trinity,105,12862,44,10,6,16,0
2020-08-25,Tulare,107,460477,14440,13514,53,13567,224
2020-08-25,Tuolumne,109,53932,199,172,5,177,1
2020-08-25,Ventura,111,848112,11180,10313,81,10394,99
2020-08-25,Yolo,113,214977,2452,2254,4,2258,50
2020-08-25,Yuba,115,75493,850,775,3,778,1
2020-08-24,Alameda,001,1643700,18350,16913,120,17033,231
2020-08-24,Alpine,002,1148,2,2,0,2,0
2020-08-24,Amador,005,37829,271,227,0,227,13
2020-08-24,Butte,007,227075,2001,1649,43,1692,23
2020-08-24,Calaveras,009,45235,231,187,0,187,1
2020-08-24,Colusa,011,21464,451,425,0,425,5
2020-08-24,Contra Costa,013,1133247,14114,12906,46,12952,153
2020-08-24,Del Norte,015,27424,113,80,0,80,1
2020-08-24,El Dorado,017,186661,997,908,7,915,2
2020-08-24,Fresno,019,978130,27094,23618,284,23902,235
2020-08-24,Glenn,021,27897,444,421,0,421,2
2020-08-24,Humboldt,023,135768,378,340,1,341,4
2020-08-24,Imperial,025,180216,11160,9323,7,9330,210
2020-08-24,Inyo,027,18085,171,144,3,147,2
2020-08-24,Kern,029,883053,29458,28157,215,28372,277
2020-08-24,Kings,031,150075,6115,5652,29,5681,60
2020-08-24,Lake,033,64148,329,302,0,302,2
2020-08-24,Lassen,035,31185,721,693,2,695,0
2020-08-24,Los Angeles,037,10098052,238671,233036,1136,234172,5562
2020-08-24,Madera,039,155013,3836,3418,24,3442,32
2020-08-24,Marin,041,260295,6079,5834,15,5849,56
2020-08-24,Mariposa,043,17540,71,66,0,66,2
2020-08-24,Mendocino,045,87422,604,550,0,550,10
2020-08-24,Merced,047,269075,7872,7605,8,7613,69
2020-08-24,Modoc,049,8938,8,5,0,5,0
2020-08-24,Mono,051,14174,163,129,3,132,1
2020-08-24,Monterey,053,433212,7824,7212,16,7228,50
2020-08-24,Napa,055,140530,1443,1358,5,1363,10
2020-08-24,Nevada,057,99092,443,423,13,436,2
2020-08-24,Orange,059,3164182,49691,45536,1121,46657,887
2020-08-24,Placer,061,380077,3002,2793,6,2799,31
2020-08-24,Plumas,063,18699,39,37,0,37,0
2020-08-24,Riverside,065,2383286,52807,50496,57,50553,975
2020-08-24,Sacramento,067,1510023,17883,16318,16,16334,249
2020-08-24,San Benito,069,59416,1061,961,0,961,3
2020-08-24,San Bernardino,071,2135413,48275,45199,297,45496,720
2020-08-24,San Diego,073,3302833,38576,36729,347,37076,660
2020-08-24,San Francisco,075,870044,9392,8621,9,8630,81
2020-08-24,San Joaquin,077,732212,18143,16565,33,16598,305
2020-08-24,San Luis Obispo,079,281455,3006,2705,12,2717,20
2020-08-24,San Mateo,081,765935,8324,7502,8,7510,120
2020-08-24,Santa Barbara,083,443738,8082,7784,67,7851,90
2020-08-24,Santa Clara,085,1922200,17861,16049,37,16086,192
2020-08-24,Santa Cruz,087,273765,1830,1627,15,1642,6
2020-08-24,Shasta,089,179085,605,505,3,508,9
2020-08-24,Sierra,091,2930,6,6,0,6,0
2020-08-24,Siskiyou,093,43540,128,107,8,115,0
2020-08-24,Solano,095,438530,5377,4979,34,5013,32
2020-08-24,Sonoma,097,501317,5680,5071,19,5090,56
2020-08-24,Stanislaus,099,539301,14898,13521,304,13825,171
2020-08-24,Sutter,101,95872,1331,1219,1,1220,9
2020-08-24,Tehama,103,63373,416,388,2,390,1
2020-08-24,Trinity,105,12862,44,10,6,16,0
2020-08-24,Tulare,107,460477,14332,13360,52,13412,223
2020-08-24,Tuolumne,109,53932,198,170,5,175,1
2020-08-24,Ventura,111,848112,11100,10261,77,10338,99
2020-08-24,Yolo,113,214977,2418,2239,4,2243,47
2020-08-24,Yuba,115,75493,833,750,3,753,1
2020-08-23,Alameda,001,1643700,18127,16786,119,16905,231
2020-08-23,Alpine,002,1148,2,2,0,2,0
2020-08-23,Amador,005,37829,268,227,0,227,13
2020-08-23,Butte,007,227075,1886,1637,43,1680,23
2020-08-23,Calaveras,009,45235,222,187,0,187,1
2020-08-23,Colusa,011,21464,444,424,0,424,5
2020-08-23,Contra Costa,013,1133247,13952,12642,46,12688,153
2020-08-23,Del Norte,015,27424,113,80,0,80,1
2020-08-23,El Dorado,017,186661,984,901,7,908,2
2020-08-23,Fresno,019,978130,26890,23414,281,23695,235
2020-08-23,Glenn,021,27897,437,421,0,421,2
2020-08-23,Humboldt,023,135768,376,341,1,342,4
2020-08-23,Imperial,025,180216,11131,9243,7,9250,210
2020-08-23,Inyo,027,18085,168,144,3,147,2
2020-08-23,Kern,029,883053,29309,28028,210,28238,277
2020-08-23,Kings,031,150075,6072,5628,29,5657,60
2020-08-23,Lake,033,64148,325,299,0,299,2
2020-08-23,Lassen,035,31185,720,693,2,695,0
2020-08-23,Los Angeles,037,10098052,237070,231833,1069,232902,5549
2020-08-23,Madera,039,155013,3805,3401,23,3424,32
2020-08-23,Marin,041,260295,6042,5807,14,5821,50
2020-08-23,Mariposa,043,17540,71,66,0,66,2
2020-08-23,Mendocino,045,87422,600,550,0,550,10
2020-08-23,Merced,047,269075,7803,7574,7,7581,69
2020-08-23,Modoc,049,8938,7,5,0,5,0
2020-08-23,Mono,051,14174,163,129,3,132,1
2020-08-23,Monterey,053,433212,7734,7173,16,7189,50
2020-08-23,Napa,055,140530,1431,1348,5,1353,10
2020-08-23,Nevada,057,99092,438,421,13,434,2
2020-08-23,Orange,059,3164182,49453,45267,1109,46376,887
2020-08-23,Placer,061,380077,2963,2772,6,2778,31
2020-08-23,Plumas,063,18699,39,37,0,37,0
2020-08-23,Riverside,065,2383286,52537,50293,55,50348,955
2020-08-23,Sacramento,067,1510023,17660,16084,15,16099,243
2020-08-23,San Benito,069,59416,1048,938,0,938,3
2020-08-23,San Bernardino,071,2135413,48007,45010,287,45297,719
2020-08-23,San Diego,073,3302833,38255,36542,320,36862,660
2020-08-23,San Francisco,075,870044,9298,8564,8,8572,80
2020-08-23,San Joaquin,077,732212,18010,16069,32,16101,305
2020-08-23,San Luis Obispo,079,281455,2964,2679,12,2691,20
2020-08-23,San Mateo,081,765935,8229,7450,8,7458,120
2020-08-23,Santa Barbara,083,443738,8014,7725,67,7792,90
2020-08-23,Santa Clara,085,1922200,17665,15912,35,15947,191
2020-08-23,Santa Cruz,087,273765,1804,1627,15,1642,6
2020-08-23,Shasta,089,179085,600,501,3,504,9
2020-08-23,Sierra,091,2930,6,6,0,6,0
2020-08-23,Siskiyou,093,43540,123,107,8,115,0
2020-08-23,Solano,095,438530,5319,4977,32,5009,32
2020-08-23,Sonoma,097,501317,5592,5018,19,5037,56
2020-08-23,Stanislaus,099,539301,14763,13483,281,13764,171
2020-08-23,Sutter,101,95872,1309,1203,1,1204,9
2020-08-23,Tehama,103,63373,406,381,2,383,1
2020-08-23,Trinity,105,12862,44,10,6,16,0
2020-08-23,Tulare,107,460477,14200,13303,49,13352,223
2020-08-23,Tuolumne,109,53932,195,164,5,169,1
2020-08-23,Ventura,111,848112,10999,10126,73,10199,99
2020-08-23,Yolo,113,214977,2390,2210,4,2214,47
2020-08-23,Yuba,115,75493,812,750,3,753,1
2020-08-22,Alameda,001,1643700,18033,16648,118,16766,231
2020-08-22,Alpine,002,1148,2,2,0,2,0
2020-08-22,Amador,005,37829,267,224,0,224,13
2020-08-22,Butte,007,227075,1835,1618,43,1661,22
2020-08-22,Calaveras,009,45235,218,187,0,187,1
2020-08-22,Colusa,011,21464,440,419,0,419,5
2020-08-22,Contra Costa,013,1133247,13865,12522,46,12568,153
2020-08-22,Del Norte,015,27424,112,80,0,80,1
2020-08-22,El Dorado,017,186661,982,900,7,907,2
2020-08-22,Fresno,019,978130,26792,23197,280,23477,235
2020-08-22,Glenn,021,27897,436,421,0,421,2
2020-08-22,Humboldt,023,135768,366,334,1,335,4
2020-08-22,Imperial,025,180216,11123,9244,7,9251,210
2020-08-22,Inyo,027,18085,168,144,3,147,1
2020-08-22,Kern,029,883053,29255,27807,210,28017,277
2020-08-22,Kings,031,150075,6063,5447,29,5476,60
2020-08-22,Lake,033,64148,323,291,0,291,2
2020-08-22,Lassen,035,31185,720,693,2,695,0
2020-08-22,Los Angeles,037,10098052,236409,230858,1053,231911,5540
2020-08-22,Madera,039,155013,3786,3330,23,3353,32
2020-08-22,Marin,041,260295,6030,5789,14,5803,49
2020-08-22,Mariposa,043,17540,71,66,0,66,2
2020-08-22,Mendocino,045,87422,597,529,0,529,10
2020-08-22,Merced,047,269075,7775,7493,7,7500,69
2020-08-22,Modoc,049,8938,7,5,0,5,0
2020-08-22,Mono,051,14174,163,129,3,132,1
2020-08-22,Monterey,053,433212,7686,7081,16,7097,50
2020-08-22,Napa,055,140530,1426,1328,5,1333,11
2020-08-22,Nevada,057,99092,438,411,13,424,2
2020-08-22,Orange,059,3164182,49312,45131,1103,46234,885
2020-08-22,Placer,061,380077,2949,2734,6,2740,30
2020-08-22,Plumas,063,18699,39,37,0,37,0
2020-08-22,Riverside,065,2383286,52389,49944,54,49998,953
2020-08-22,Sacramento,067,1510023,17548,15516,15,15531,239
2020-08-22,San Benito,069,59416,1032,912,0,912,3
2020-08-22,San Bernardino,071,2135413,47878,44803,283,45086,719
2020-08-22,San Diego,073,3302833,38072,36205,309,36514,673
2020-08-22,San Francisco,075,870044,9238,8568,8,8576,80
2020-08-22,San Joaquin,077,732212,17954,16068,32,16100,305
2020-08-22,San Luis Obispo,079,281455,2938,2660,12,2672,20
2020-08-22,San Mateo,081,765935,8182,7361,8,7369,120
2020-08-22,Santa Barbara,083,443738,7988,7685,67,7752,90
2020-08-22,Santa Clara,085,1922200,17557,15590,35,15625,190
2020-08-22,Santa Cruz,087,273765,1788,1628,14,1642,6
2020-08-22,Shasta,089,179085,598,493,3,496,9
2020-08-22,Sierra,091,2930,6,6,0,6,0
2020-08-22,Siskiyou,093,43540,123,106,8,114,0
2020-08-22,Solano,095,438530,5289,4944,31,4975,32
2020-08-22,Sonoma,097,501317,5546,4891,19,4910,57
2020-08-22,Stanislaus,099,539301,14713,13380,264,13644,170
2020-08-22,Sutter,101,95872,1302,1189,1,1190,8
2020-08-22,Tehama,103,63373,405,368,2,370,1
2020-08-22,Trinity,105,12862,44,8,6,14,0
2020-08-22,Tulare,107,460477,14133,13196,49,13245,222
2020-08-22,Tuolumne,109,53932,193,162,5,167,1
2020-08-22,Ventura,111,848112,10944,9959,71,10030,99
2020-08-22,Yolo,113,214977,2374,2188,4,2192,47
2020-08-22,Yuba,115,75493,800,738,3,741,1
2020-08-21,Alameda,001,1643700,17941,16413,118,16531,232
2020-08-21,Alpine,002,1148,2,2,0,2,0
2020-08-21,Amador,005,37829,266,223,0,223,11
2020-08-21,Butte,007,227075,1796,1582,43,1625,19
2020-08-21,Calaveras,009,45235,218,182,0,182,1
2020-08-21,Colusa,011,21464,438,418,0,418,5
2020-08-21,Contra Costa,013,1133247,13775,12333,45,12378,149
2020-08-21,Del Norte,015,27424,112,78,0,78,1
2020-08-21,El Dorado,017,186661,978,885,7,892,2
2020-08-21,Fresno,019,978130,26622,22840,279,23119,232
2020-08-21,Glenn,021,27897,432,418,0,418,2
2020-08-21,Humboldt,023,135768,363,331,1,332,4
2020-08-21,Imperial,025,180216,11107,9166,7,9173,204
2020-08-21,Inyo,027,18085,168,144,3,147,1
2020-08-21,Kern,029,883053,29196,27567,208,27775,269
2020-08-21,Kings,031,150075,6041,5391,29,5420,60
2020-08-21,Lake,033,64148,321,281,0,281,2
2020-08-21,Lassen,035,31185,720,693,2,695,0
2020-08-21,Los Angeles,037,10098052,235533,229235,1034,230269,5494
2020-08-21,Madera,039,155013,3756,3271,23,3294,31
2020-08-21,Marin,041,260295,6010,5762,14,5776,49
2020-08-21,Mariposa,043,17540,71,66,0,66,2
2020-08-21,Mendocino,045,87422,587,505,0,505,10
2020-08-21,Merced,047,269075,7746,7357,7,7364,69
2020-08-21,Modoc,049,8938,7,5,0,5,0
2020-08-21,Mono,051,14174,163,128,3,131,1
2020-08-21,Monterey,053,433212,7614,6974,16,6990,49
2020-08-21,Napa,055,140530,1417,1317,5,1322,10
2020-08-21,Nevada,057,99092,437,406,13,419,2
2020-08-21,Orange,059,3164182,49171,44625,1094,45719,875
2020-08-21,Placer,061,380077,2933,2698,6,2704,30
2020-08-21,Plumas,063,18699,39,36,0,36,0
2020-08-21,Riverside,065,2383286,52194,49409,54,49463,932
2020-08-21,Sacramento,067,1510023,17425,15247,15,15262,237
2020-08-21,San Benito,069,59416,1022,891,0,891,3
2020-08-21,San Bernardino,071,2135413,47759,44249,279,44528,668
2020-08-21,San Diego,073,3302833,37868,35914,292,36206,652
2020-08-21,San Francisco,075,870044,9188,8375,8,8383,80
2020-08-21,San Joaquin,077,732212,17872,15888,30,15918,301
2020-08-21,San Luis Obispo,079,281455,2915,2640,12,2652,19
2020-08-21,San Mateo,081,765935,8125,7253,8,7261,120
2020-08-21,Santa Barbara,083,443738,7947,7645,67,7712,86
2020-08-21,Santa Clara,085,1922200,17406,15399,35,15434,190
2020-08-21,Santa Cruz,087,273765,1776,1617,14,1631,6
2020-08-21,Shasta,089,179085,598,486,3,489,9
2020-08-21,Sierra,091,2930,6,6,0,6,0
2020-08-21,Siskiyou,093,43540,123,103,6,109,0
2020-08-21,Solano,095,438530,5266,4891,30,4921,32
2020-08-21,Sonoma,097,501317,5476,4816,19,4835,57
2020-08-21,Stanislaus,099,539301,14644,13282,250,13532,161
2020-08-21,Sutter,101,95872,1289,1173,1,1174,8
2020-08-21,Tehama,103,63373,403,357,2,359,1
2020-08-21,Trinity,105,12862,44,8,6,14,0
2020-08-21,Tulare,107,460477,14062,13002,47,13049,217
2020-08-21,Tuolumne,109,53932,185,161,5,166,1
2020-08-21,Ventura,111,848112,10879,9865,69,9934,98
2020-08-21,Yolo,113,214977,2359,2164,4,2168,46
2020-08-21,Yuba,115,75493,796,717,3,720,1
2020-08-20,Alameda,001,1643700,17781,16174,118,16292,229
2020-08-20,Alpine,002,1148,2,2,0,2,0
2020-08-20,Amador,005,37829,264,222,0,222,11
2020-08-20,Butte,007,227075,1747,1549,43,1592,18
2020-08-20,Calaveras,009,45235,215,179,0,179,1
2020-08-20,Colusa,011,21464,436,415,0,415,5
2020-08-20,Contra Costa,013,1133247,13648,12108,44,12152,144
2020-08-20,Del Norte,015,27424,112,78,0,78,1
2020-08-20,El Dorado,017,186661,974,881,7,888,2
2020-08-20,Fresno,019,978130,26441,22535,274,22809,228
2020-08-20,Glenn,021,27897,427,414,0,414,2
2020-08-20,Humboldt,023,135768,358,318,1,319,4
2020-08-20,Imperial,025,180216,11088,9086,7,9093,196
2020-08-20,Inyo,027,18085,167,144,3,147,1
2020-08-20,Kern,029,883053,29028,27337,197,27534,267
2020-08-20,Kings,031,150075,6001,5347,28,5375,59
2020-08-20,Lake,033,64148,316,280,0,280,2
2020-08-20,Lassen,035,31185,719,693,2,695,0
2020-08-20,Los Angeles,037,10098052,234298,227492,1015,228507,5445
2020-08-20,Madera,039,155013,3730,3197,23,3220,31
2020-08-20,Marin,041,260295,5992,5745,14,5759,47
2020-08-20,Mariposa,043,17540,71,67,0,67,2
2020-08-20,Mendocino,045,87422,577,497,0,497,10
2020-08-20,Merced,047,269075,7672,7173,7,7180,68
2020-08-20,Modoc,049,8938,7,5,0,5,0
2020-08-20,Mono,051,14174,163,128,3,131,1
2020-08-20,Monterey,053,433212,7543,6892,16,6908,47
2020-08-20,Napa,055,140530,1411,1306,5,1311,10
2020-08-20,Nevada,057,99092,436,401,13,414,2
2020-08-20,Orange,059,3164182,48944,44299,1084,45383,849
2020-08-20,Placer,061,380077,2917,2681,6,2687,30
2020-08-20,Plumas,063,18699,39,36,0,36,0
2020-08-20,Riverside,065,2383286,51975,48953,53,49006,927
2020-08-20,Sacramento,067,1510023,17182,14992,15,15007,231
2020-08-20,San Benito,069,59416,1009,866,0,866,3
2020-08-20,San Bernardino,071,2135413,47503,43627,275,43902,665
2020-08-20,San Diego,073,3302833,37648,35610,274,35884,644
2020-08-20,San Francisco,075,870044,9102,8262,8,8270,72
2020-08-20,San Joaquin,077,732212,17781,15778,30,15808,297
2020-08-20,San Luis Obispo,079,281455,2895,2590,12,2602,19
2020-08-20,San Mateo,081,765935,8060,7188,8,7196,120
2020-08-20,Santa Barbara,083,443738,7909,7571,67,7638,81
2020-08-20,Santa Clara,085,1922200,17234,15162,35,15197,190
2020-08-20,Santa Cruz,087,273765,1763,1581,14,1595,6
2020-08-20,Shasta,089,179085,597,478,3,481,9
2020-08-20,Sierra,091,2930,6,6,0,6,0
2020-08-20,Siskiyou,093,43540,122,102,1,103,0
2020-08-20,Solano,095,438530,5221,4843,30,4873,31
2020-08-20,Sonoma,097,501317,5404,4737,19,4756,54
2020-08-20,Stanislaus,099,539301,14548,13120,241,13361,161
2020-08-20,Sutter,101,95872,1265,1158,1,1159,8
2020-08-20,Tehama,103,63373,398,350,2,352,1
2020-08-20,Trinity,105,12862,44,8,6,14,0
2020-08-20,Tulare,107,460477,13954,12907,46,12953,217
2020-08-20,Tuolumne,109,53932,181,159,5,164,1
2020-08-20,Ventura,111,848112,10766,9744,68,9812,93
2020-08-20,Yolo,113,214977,2337,2150,4,2154,47
2020-08-20,Yuba,115,75493,779,709,3,712,1
2020-08-19,Alameda,001,1643700,17623,15874,117,15991,226
2020-08-19,Alpine,002,1148,2,2,0,2,0
2020-08-19,Amador,005,37829,263,219,0,219,9
2020-08-19,Butte,007,227075,1704,1517,43,1560,16
2020-08-19,Calaveras,009,45235,213,177,0,177,1
2020-08-19,Colusa,011,21464,435,415,0,415,5
2020-08-19,Contra Costa,013,1133247,13535,11895,43,11938,142
2020-08-19,Del Norte,015,27424,112,78,0,78,1
2020-08-19,El Dorado,017,186661,968,870,7,877,2
2020-08-19,Fresno,019,978130,26252,22167,265,22432,221
2020-08-19,Glenn,021,27897,425,414,0,414,2
2020-08-19,Humboldt,023,135768,355,316,1,317,4
2020-08-19,Imperial,025,180216,11060,9041,7,9048,192
2020-08-19,Inyo,027,18085,165,140,3,143,1
2020-08-19,Kern,029,883053,28911,27142,193,27335,263
2020-08-19,Kings,031,150075,5828,5301,26,5327,59
2020-08-19,Lake,033,64148,313,277,0,277,2
2020-08-19,Lassen,035,31185,711,693,2,695,0
2020-08-19,Los Angeles,037,10098052,233020,226006,975,226981,5399
2020-08-19,Madera,039,155013,3696,3158,21,3179,30
2020-08-19,Marin,041,260295,5969,5723,13,5736,46
2020-08-19,Mariposa,043,17540,71,64,0,64,2
2020-08-19,Mendocino,045,87422,560,495,0,495,8
2020-08-19,Merced,047,269075,7546,7082,4,7086,66
2020-08-19,Modoc,049,8938,7,5,0,5,0
2020-08-19,Mono,051,14174,163,128,3,131,1
2020-08-19,Monterey,053,433212,7443,6693,16,6709,45
2020-08-19,Napa,055,140530,1405,1293,5,1298,10
2020-08-19,Nevada,057,99092,429,398,13,411,2
2020-08-19,Orange,059,3164182,48739,43938,1081,45019,829
2020-08-19,Placer,061,380077,2895,2659,6,2665,28
2020-08-19,Plumas,063,18699,39,36,0,36,0
2020-08-19,Riverside,065,2383286,51725,48741,53,48794,922
2020-08-19,Sacramento,067,1510023,17002,14764,15,14779,229
2020-08-19,San Benito,069,59416,992,853,0,853,3
2020-08-19,San Bernardino,071,2135413,47207,43224,269,43493,661
2020-08-19,San Diego,073,3302833,37398,35378,259,35637,638
2020-08-19,San Francisco,075,870044,9038,8236,8,8244,72
2020-08-19,San Joaquin,077,732212,17659,15677,29,15706,296
2020-08-19,San Luis Obispo,079,281455,2855,2553,12,2565,19
2020-08-19,San Mateo,081,765935,7991,7146,8,7154,119
2020-08-19,Santa Barbara,083,443738,7860,7499,67,7566,80
2020-08-19,Santa Clara,085,1922200,17089,14994,35,15029,189
2020-08-19,Santa Cruz,087,273765,1737,1554,14,1568,6
2020-08-19,Shasta,089,179085,593,475,3,478,9
2020-08-19,Sierra,091,2930,6,6,0,6,0
2020-08-19,Siskiyou,093,43540,121,103,1,104,0
2020-08-19,Solano,095,438530,5180,4807,30,4837,31
2020-08-19,Sonoma,097,501317,5324,4614,19,4633,54
2020-08-19,Stanislaus,099,539301,14445,13084,219,13303,160
2020-08-19,Sutter,101,95872,1231,1146,1,1147,8
2020-08-19,Tehama,103,63373,392,342,2,344,1
2020-08-19,Trinity,105,12862,43,8,6,14,0
2020-08-19,Tulare,107,460477,13856,12756,46,12802,217
2020-08-19,Tuolumne,109,53932,178,159,5,164,1
2020-08-19,Ventura,111,848112,10674,9587,66,9653,91
2020-08-19,Yolo,113,214977,2315,2126,4,2130,47
2020-08-19,Yuba,115,75493,767,701,3,704,1
2020-08-18,Alameda,001,1643700,17445,15627,115,15742,223
2020-08-18,Alpine,002,1148,2,2,0,2,0
2020-08-18,Amador,005,37829,262,215,0,215,9
2020-08-18,Butte,007,227075,1671,1491,43,1534,16
2020-08-18,Calaveras,009,45235,210,174,0,174,1
2020-08-18,Colusa,011,21464,434,415,0,415,5
2020-08-18,Contra Costa,013,1133247,13414,11689,41,11730,141
2020-08-18,Del Norte,015,27424,111,78,0,78,0
2020-08-18,El Dorado,017,186661,963,866,7,873,2
2020-08-18,Fresno,019,978130,26030,21798,259,22057,212
2020-08-18,Glenn,021,27897,425,407,0,407,2
2020-08-18,Humboldt,023,135768,353,315,1,316,4
2020-08-18,Imperial,025,180216,11026,8968,7,8975,189
2020-08-18,Inyo,027,18085,164,140,3,143,1
2020-08-18,Kern,029,883053,28758,26978,189,27167,263
2020-08-18,Kings,031,150075,5793,5269,25,5294,58
2020-08-18,Lake,033,64148,310,274,0,274,2
2020-08-18,Lassen,035,31185,711,693,2,695,0
2020-08-18,Los Angeles,037,10098052,231752,224218,939,225157,5339
2020-08-18,Madera,039,155013,3668,3125,21,3146,28
2020-08-18,Marin,041,260295,5939,5708,13,5721,47
2020-08-18,Mariposa,043,17540,71,61,0,61,2
2020-08-18,Mendocino,045,87422,551,468,0,468,8
2020-08-18,Merced,047,269075,7498,6940,4,6944,66
2020-08-18,Modoc,049,8938,7,5,0,5,0
2020-08-18,Mono,051,14174,162,129,3,132,1
2020-08-18,Monterey,053,433212,7351,6691,15,6706,44
2020-08-18,Napa,055,140530,1401,1274,5,1279,10
2020-08-18,Nevada,057,99092,422,389,13,402,2
2020-08-18,Orange,059,3164182,48514,43659,1067,44726,809
2020-08-18,Placer,061,380077,2869,2644,5,2649,28
2020-08-18,Plumas,063,18699,39,34,0,34,0
2020-08-18,Riverside,065,2383286,51393,48447,53,48500,917
2020-08-18,Sacramento,067,1510023,16772,14610,14,14624,222
2020-08-18,San Benito,069,59416,972,836,0,836,3
2020-08-18,San Bernardino,071,2135413,46926,42827,263,43090,648
2020-08-18,San Diego,073,3302833,37105,35164,227,35391,633
2020-08-18,San Francisco,075,870044,8953,8016,8,8024,72
2020-08-18,San Joaquin,077,732212,17545,15509,28,15537,290
2020-08-18,San Luis Obispo,079,281455,2830,2535,11,2546,18
2020-08-18,San Mateo,081,765935,7930,7074,8,7082,119
2020-08-18,Santa Barbara,083,443738,7818,7472,67,7539,81
2020-08-18,Santa Clara,085,1922200,16920,14786,34,14820,184
2020-08-18,Santa Cruz,087,273765,1724,1509,14,1523,6
2020-08-18,Shasta,089,179085,589,468,3,471,9
2020-08-18,Sierra,091,2930,6,6,0,6,0
2020-08-18,Siskiyou,093,43540,120,103,1,104,0
2020-08-18,Solano,095,438530,5153,4700,30,4730,31
2020-08-18,Sonoma,097,501317,5255,4506,19,4525,48
2020-08-18,Stanislaus,099,539301,14347,12935,203,13138,149
2020-08-18,Sutter,101,95872,1212,1126,1,1127,8
2020-08-18,Tehama,103,63373,382,333,2,335,1
2020-08-18,Trinity,105,12862,41,8,6,14,0
2020-08-18,Tulare,107,460477,13725,12637,43,12680,212
2020-08-18,Tuolumne,109,53932,175,159,5,164,1
2020-08-18,Ventura,111,848112,10584,9536,61,9597,89
2020-08-18,Yolo,113,214977,2293,2102,4,2106,47
2020-08-18,Yuba,115,75493,759,679,3,682,1
2020-08-17,Alameda,001,1643700,17252,15454,114,15568,221
2020-08-17,Alpine,002,1148,2,2,0,2,0
2020-08-17,Amador,005,37829,262,215,0,215,9
2020-08-17,Butte,007,227075,1626,1463,43,1506,15
2020-08-17,Calaveras,009,45235,206,167,0,167,1
2020-08-17,Colusa,011,21464,431,408,0,408,5
2020-08-17,Contra Costa,013,1133247,13277,11442,41,11483,141
2020-08-17,Del Norte,015,27424,107,77,0,77,0
2020-08-17,El Dorado,017,186661,960,846,7,853,2
2020-08-17,Fresno,019,978130,25823,21316,252,21568,211
2020-08-17,Glenn,021,27897,424,402,0,402,2
2020-08-17,Humboldt,023,135768,349,302,1,303,4
2020-08-17,Imperial,025,180216,10985,8897,7,8904,188
2020-08-17,Inyo,027,18085,156,124,3,127,1
2020-08-17,Kern,029,883053,28611,26773,179,26952,249
2020-08-17,Kings,031,150075,5755,5249,25,5274,58
2020-08-17,Lake,033,64148,305,270,0,270,2
2020-08-17,Lassen,035,31185,711,666,2,668,0
2020-08-17,Los Angeles,037,10098052,230233,223418,895,224313,5282
2020-08-17,Madera,039,155013,3625,3050,20,3070,26
2020-08-17,Marin,041,260295,5916,5683,12,5695,46
2020-08-17,Mariposa,043,17540,71,61,0,61,2
2020-08-17,Mendocino,045,87422,533,454,0,454,8
2020-08-17,Merced,047,269075,7403,6814,4,6818,66
2020-08-17,Modoc,049,8938,7,5,0,5,0
2020-08-17,Mono,051,14174,162,126,3,129,1
2020-08-17,Monterey,053,433212,7251,6553,15,6568,44
2020-08-17,Napa,055,140530,1380,1255,5,1260,10
2020-08-17,Nevada,057,99092,417,383,13,396,2
2020-08-17,Orange,059,3164182,48304,43621,1054,44675,804
2020-08-17,Placer,061,380077,2844,2609,5,2614,28
2020-08-17,Plumas,063,18699,39,33,0,33,0
2020-08-17,Riverside,065,2383286,51059,48062,51,48113,916
2020-08-17,Sacramento,067,1510023,16552,14333,14,14347,219
2020-08-17,San Benito,069,59416,957,822,0,822,2
2020-08-17,San Bernardino,071,2135413,46582,42005,254,42259,604
2020-08-17,San Diego,073,3302833,36839,34962,213,35175,626
2020-08-17,San Francisco,075,870044,8882,7600,8,7608,72
2020-08-17,San Joaquin,077,732212,17383,15323,27,15350,280
2020-08-17,San Luis Obispo,079,281455,2797,2527,11,2538,18
2020-08-17,San Mateo,081,765935,7873,6987,7,6994,118
2020-08-17,Santa Barbara,083,443738,7776,7438,67,7505,80
2020-08-17,Santa Clara,085,1922200,16695,14546,34,14580,183
2020-08-17,Santa Cruz,087,273765,1708,1453,13,1466,6
2020-08-17,Shasta,089,179085,583,467,3,470,9
2020-08-17,Sierra,091,2930,6,6,0,6,0
2020-08-17,Siskiyou,093,43540,119,103,0,103,0
2020-08-17,Solano,095,438530,5096,4479,30,4509,31
2020-08-17,Sonoma,097,501317,5167,4402,17,4419,48
2020-08-17,Stanislaus,099,539301,14222,12745,196,12941,148
2020-08-17,Sutter,101,95872,1196,1071,1,1072,8
2020-08-17,Tehama,103,63373,372,324,2,326,1
2020-08-17,Trinity,105,12862,41,8,6,14,0
2020-08-17,Tulare,107,460477,13613,12487,42,12529,210
2020-08-17,Tuolumne,109,53932,172,157,5,162,1
2020-08-17,Ventura,111,848112,10461,9490,56,9546,89
2020-08-17,Yolo,113,214977,2266,2083,4,2087,47
2020-08-17,Yuba,115,75493,744,647,3,650,1
2020-08-16,Alameda,001,1643700,16961,15338,114,15452,221
2020-08-16,Alpine,002,1148,2,2,0,2,0
2020-08-16,Amador,005,37829,259,215,0,215,9
2020-08-16,Butte,007,227075,1588,1432,43,1475,15
2020-08-16,Calaveras,009,45235,199,167,0,167,1
2020-08-16,Colusa,011,21464,429,407,0,407,5
2020-08-16,Contra Costa,013,1133247,13091,11255,41,11296,140
2020-08-16,Del Norte,015,27424,103,77,0,77,0
2020-08-16,El Dorado,017,186661,948,843,7,850,2
2020-08-16,Fresno,019,978130,25601,21010,247,21257,211
2020-08-16,Glenn,021,27897,422,400,0,400,2
2020-08-16,Humboldt,023,135768,347,301,1,302,4
2020-08-16,Imperial,025,180216,10941,8883,7,8890,188
2020-08-16,Inyo,027,18085,149,125,2,127,1
2020-08-16,Kern,029,883053,28412,26520,171,26691,249
2020-08-16,Kings,031,150075,5724,5146,25,5171,58
2020-08-16,Lake,033,64148,301,269,0,269,2
2020-08-16,Lassen,035,31185,711,666,2,668,0
2020-08-16,Los Angeles,037,10098052,228663,222236,866,223102,5263
2020-08-16,Madera,039,155013,3580,3013,20,3033,26
2020-08-16,Marin,041,260295,5890,5664,12,5676,46
2020-08-16,Mariposa,043,17540,71,61,0,61,2
2020-08-16,Mendocino,045,87422,525,451,0,451,8
2020-08-16,Merced,047,269075,7321,6744,4,6748,66
2020-08-16,Modoc,049,8938,7,5,0,5,0
2020-08-16,Mono,051,14174,162,126,3,129,1
2020-08-16,Monterey,053,433212,7153,6516,14,6530,44
2020-08-16,Napa,055,140530,1362,1241,3,1244,10
2020-08-16,Nevada,057,99092,408,379,13,392,2
2020-08-16,Orange,059,3164182,48054,43303,1043,44346,803
2020-08-16,Placer,061,380077,2815,2583,4,2587,28
2020-08-16,Plumas,063,18699,39,33,0,33,0
2020-08-16,Riverside,065,2383286,50728,47669,50,47719,910
2020-08-16,Sacramento,067,1510023,16312,14210,14,14224,219
2020-08-16,San Benito,069,59416,928,815,0,815,2
2020-08-16,San Bernardino,071,2135413,46159,41724,246,41970,603
2020-08-16,San Diego,073,3302833,36575,34680,198,34878,626
2020-08-16,San Francisco,075,870044,8795,7602,8,7610,72
2020-08-16,San Joaquin,077,732212,17182,15288,27,15315,280
2020-08-16,San Luis Obispo,079,281455,2768,2494,11,2505,17
2020-08-16,San Mateo,081,765935,7799,6942,7,6949,118
2020-08-16,Santa Barbara,083,443738,7727,7368,67,7435,79
2020-08-16,Santa Clara,085,1922200,16495,14329,34,14363,183
2020-08-16,Santa Cruz,087,273765,1681,1449,12,1461,6
2020-08-16,Shasta,089,179085,576,465,3,468,9
2020-08-16,Sierra,091,2930,6,6,0,6,0
2020-08-16,Siskiyou,093,43540,118,102,0,102,0
2020-08-16,Solano,095,438530,5036,4479,30,4509,31
2020-08-16,Sonoma,097,501317,5063,4329,17,4346,46
2020-08-16,Stanislaus,099,539301,14064,12668,186,12854,148
2020-08-16,Sutter,101,95872,1178,1071,1,1072,8
2020-08-16,Tehama,103,63373,363,318,2,320,1
2020-08-16,Trinity,105,12862,38,8,6,14,0
2020-08-16,Tulare,107,460477,13481,12334,39,12373,211
2020-08-16,Tuolumne,109,53932,172,156,5,161,1
2020-08-16,Ventura,111,848112,10352,9408,51,9459,89
2020-08-16,Yolo,113,214977,2247,2057,4,2061,47
2020-08-16,Yuba,115,75493,735,647,2,649,1
2020-08-15,Alameda,001,1643700,16884,15165,114,15279,221
2020-08-15,Alpine,002,1148,2,2,0,2,0
2020-08-15,Amador,005,37829,259,210,0,210,9
2020-08-15,Butte,007,227075,1567,1409,43,1452,15
2020-08-15,Calaveras,009,45235,197,167,0,167,1
2020-08-15,Colusa,011,21464,428,401,0,401,5
2020-08-15,Contra Costa,013,1133247,12995,11106,41,11147,138
2020-08-15,Del Norte,015,27424,103,77,0,77,0
2020-08-15,El Dorado,017,186661,943,838,7,845,2
2020-08-15,Fresno,019,978130,25486,20603,245,20848,211
2020-08-15,Glenn,021,27897,422,398,0,398,2
2020-08-15,Humboldt,023,135768,346,301,1,302,4
2020-08-15,Imperial,025,180216,10921,8794,7,8801,188
2020-08-15,Inyo,027,18085,149,123,2,125,1
2020-08-15,Kern,029,883053,28324,26338,171,26509,249
2020-08-15,Kings,031,150075,5706,5039,25,5064,56
2020-08-15,Lake,033,64148,299,268,0,268,2
2020-08-15,Lassen,035,31185,711,666,2,668,0
2020-08-15,Los Angeles,037,10098052,227912,221043,856,221899,5252
2020-08-15,Madera,039,155013,3530,2950,20,2970,26
2020-08-15,Marin,041,260295,5883,5628,12,5640,46
2020-08-15,Mariposa,043,17540,71,61,0,61,2
2020-08-15,Mendocino,045,87422,521,444,0,444,8
2020-08-15,Merced,047,269075,7286,6656,4,6660,66
2020-08-15,Modoc,049,8938,7,5,0,5,0
2020-08-15,Mono,051,14174,162,126,3,129,1
2020-08-15,Monterey,053,433212,7108,6162,14,6176,44
2020-08-15,Napa,055,140530,1352,1232,3,1235,10
2020-08-15,Nevada,057,99092,408,376,13,389,2
2020-08-15,Orange,059,3164182,47941,42811,1032,43843,801
2020-08-15,Placer,061,380077,2794,2551,4,2555,27
2020-08-15,Plumas,063,18699,39,33,0,33,0
2020-08-15,Riverside,065,2383286,50577,46720,50,46770,910
2020-08-15,Sacramento,067,1510023,16202,14018,14,14032,219
2020-08-15,San Benito,069,59416,915,805,0,805,2
2020-08-15,San Bernardino,071,2135413,46007,41231,244,41475,602
2020-08-15,San Diego,073,3302833,36409,34346,184,34530,639
2020-08-15,San Francisco,075,870044,8733,7601,8,7609,69
2020-08-15,San Joaquin,077,732212,17108,15113,27,15140,280
2020-08-15,San Luis Obispo,079,281455,2751,2461,11,2472,17
2020-08-15,San Mateo,081,765935,7762,6860,7,6867,118
2020-08-15,Santa Barbara,083,443738,7699,7338,67,7405,79
2020-08-15,Santa Clara,085,1922200,16399,14105,34,14139,183
2020-08-15,Santa Cruz,087,273765,1660,1449,12,1461,6
2020-08-15,Shasta,089,179085,573,458,3,461,9
2020-08-15,Sierra,091,2930,6,6,0,6,0
2020-08-15,Siskiyou,093,43540,117,100,0,100,0
2020-08-15,Solano,095,438530,5014,4477,30,4507,31
2020-08-15,Sonoma,097,501317,5008,4134,17,4151,45
2020-08-15,Stanislaus,099,539301,14000,12541,185,12726,149
2020-08-15,Sutter,101,95872,1167,1046,1,1047,8
2020-08-15,Tehama,103,63373,362,312,2,314,1
2020-08-15,Trinity,105,12862,36,6,6,12,0
2020-08-15,Tulare,107,460477,13442,12262,39,12301,211
2020-08-15,Tuolumne,109,53932,172,155,5,160,1
2020-08-15,Ventura,111,848112,10293,9379,49,9428,89
2020-08-15,Yolo,113,214977,2235,2031,4,2035,46
2020-08-15,Yuba,115,75493,731,623,2,625,1
2020-08-14,Alameda,001,1643700,16744,14909,114,15023,221
2020-08-14,Alpine,002,1148,2,2,0,2,0
2020-08-14,Amador,005,37829,259,209,0,209,9
2020-08-14,Butte,007,227075,1559,1384,43,1427,15
2020-08-14,Calaveras,009,45235,193,165,0,165,1
2020-08-14,Colusa,011,21464,426,399,0,399,5
2020-08-14,Contra Costa,013,1133247,12883,10893,41,10934,137
2020-08-14,Del Norte,015,27424,103,76,0,76,0
2020-08-14,El Dorado,017,186661,935,827,7,834,2
2020-08-14,Fresno,019,978130,25350,19900,245,20145,208
2020-08-14,Glenn,021,27897,420,395,0,395,2
2020-08-14,Humboldt,023,135768,340,294,1,295,4
2020-08-14,Imperial,025,180216,10898,8756,7,8763,185
2020-08-14,Inyo,027,18085,148,115,2,117,1
2020-08-14,Kern,029,883053,28220,25893,170,26063,249
2020-08-14,Kings,031,150075,5692,4953,25,4978,56
2020-08-14,Lake,033,64148,290,267,0,267,2
2020-08-14,Lassen,035,31185,711,665,2,667,0
2020-08-14,Los Angeles,037,10098052,226738,219083,840,219923,5222
2020-08-14,Madera,039,155013,3500,2876,20,2896,26
2020-08-14,Marin,041,260295,5872,5601,12,5613,46
2020-08-14,Mariposa,043,17540,70,61,0,61,2
2020-08-14,Mendocino,045,87422,512,432,0,432,8
2020-08-14,Merced,047,269075,7256,6466,4,6470,67
2020-08-14,Modoc,049,8938,7,5,0,5,0
2020-08-14,Mono,051,14174,162,126,3,129,1
2020-08-14,Monterey,053,433212,7057,6121,14,6135,41
2020-08-14,Napa,055,140530,1342,1230,3,1233,10
2020-08-14,Nevada,057,99092,404,377,13,390,2
2020-08-14,Orange,059,3164182,47791,42399,1020,43419,798
2020-08-14,Placer,061,380077,2775,2546,4,2550,26
2020-08-14,Plumas,063,18699,38,33,0,33,0
2020-08-14,Riverside,065,2383286,50347,46456,50,46506,891
2020-08-14,Sacramento,067,1510023,16053,13645,14,13659,212
2020-08-14,San Benito,069,59416,898,783,0,783,2
2020-08-14,San Bernardino,071,2135413,45820,40442,241,40683,594
2020-08-14,San Diego,073,3302833,36215,34067,177,34244,622
2020-08-14,San Francisco,075,870044,8675,7467,8,7475,69
2020-08-14,San Joaquin,077,732212,17008,14925,27,14952,276
2020-08-14,San Luis Obispo,079,281455,2736,2422,11,2433,17
2020-08-14,San Mateo,081,765935,7703,6655,7,6662,118
2020-08-14,Santa Barbara,083,443738,7649,7302,67,7369,77
2020-08-14,Santa Clara,085,1922200,16229,13785,33,13818,183
2020-08-14,Santa Cruz,087,273765,1638,1418,11,1429,6
2020-08-14,Shasta,089,179085,568,446,3,449,9
2020-08-14,Sierra,091,2930,6,5,0,5,0
2020-08-14,Siskiyou,093,43540,117,98,0,98,0
2020-08-14,Solano,095,438530,4993,4421,30,4451,31
2020-08-14,Sonoma,097,501317,4949,4087,14,4101,45
2020-08-14,Stanislaus,099,539301,13922,12379,181,12560,140
2020-08-14,Sutter,101,95872,1159,1039,1,1040,8
2020-08-14,Tehama,103,63373,357,305,2,307,1
2020-08-14,Trinity,105,12862,36,6,6,12,0
2020-08-14,Tulare,107,460477,13365,12009,39,12048,211
2020-08-14,Tuolumne,109,53932,171,155,5,160,1
2020-08-14,Ventura,111,848112,10218,9313,49,9362,89
2020-08-14,Yolo,113,214977,2221,1991,4,1995,45
2020-08-14,Yuba,115,75493,715,606,2,608,1
2020-08-13,Alameda,001,1643700,16463,14385,114,14499,218
2020-08-13,Alpine,002,1148,2,2,0,2,0
2020-08-13,Amador,005,37829,259,198,0,198,8
2020-08-13,Butte,007,227075,1535,1345,43,1388,15
2020-08-13,Calaveras,009,45235,191,162,0,162,1
2020-08-13,Colusa,011,21464,426,395,0,395,5
2020-08-13,Contra Costa,013,1133247,12729,10545,40,10585,136
2020-08-13,Del Norte,015,27424,102,74,0,74,0
2020-08-13,El Dorado,017,186661,930,803,7,810,2
2020-08-13,Fresno,019,978130,25125,19157,239,19396,201
2020-08-13,Glenn,021,27897,416,392,0,392,1
2020-08-13,Humboldt,023,135768,332,281,1,282,4
2020-08-13,Imperial,025,180216,10866,8640,7,8647,170
2020-08-13,Inyo,027,18085,144,97,2,99,1
2020-08-13,Kern,029,883053,28053,25472,167,25639,242
2020-08-13,Kings,031,150075,5657,4824,25,4849,52
2020-08-13,Lake,033,64148,285,263,0,263,2
2020-08-13,Lassen,035,31185,711,652,2,654,0
2020-08-13,Los Angeles,037,10098052,225358,216497,818,217315,5179
2020-08-13,Madera,039,155013,3456,2675,19,2694,25
2020-08-13,Marin,041,260295,5856,5503,12,5515,44
2020-08-13,Mariposa,043,17540,69,61,0,61,2
2020-08-13,Mendocino,045,87422,507,401,0,401,8
2020-08-13,Merced,047,269075,7139,5945,4,5949,63
2020-08-13,Modoc,049,8938,7,5,0,5,0
2020-08-13,Mono,051,14174,162,124,3,127,1
2020-08-13,Monterey,053,433212,6974,5925,14,5939,38
2020-08-13,Napa,055,140530,1333,1179,3,1182,10
2020-08-13,Nevada,057,99092,400,362,13,375,1
2020-08-13,Orange,059,3164182,47552,42019,1008,43027,773
2020-08-13,Placer,061,380077,2752,2460,4,2464,26
2020-08-13,Plumas,063,18699,38,32,0,32,0
2020-08-13,Riverside,065,2383286,50051,45327,50,45377,885
2020-08-13,Sacramento,067,1510023,15849,13237,14,13251,197
2020-08-13,San Benito,069,59416,869,757,0,757,2
2020-08-13,San Bernardino,071,2135413,45423,39395,234,39629,591
2020-08-13,San Diego,073,3302833,35979,33661,159,33820,627
2020-08-13,San Francisco,075,870044,8581,7277,8,7285,69
2020-08-13,San Joaquin,077,732212,16852,14537,26,14563,261
2020-08-13,San Luis Obispo,079,281455,2714,2283,11,2294,16
2020-08-13,San Mateo,081,765935,7641,6503,7,6510,117
2020-08-13,Santa Barbara,083,443738,7604,7129,66,7195,74
2020-08-13,Santa Clara,085,1922200,16007,13257,33,13290,182
2020-08-13,Santa Cruz,087,273765,1613,1383,11,1394,6
2020-08-13,Shasta,089,179085,563,428,3,431,9
2020-08-13,Sierra,091,2930,6,5,0,5,0
2020-08-13,Siskiyou,093,43540,117,95,0,95,0
2020-08-13,Solano,095,438530,4956,4305,30,4335,31
2020-08-13,Sonoma,097,501317,4875,3902,14,3916,45
2020-08-13,Stanislaus,099,539301,13793,11953,165,12118,136
2020-08-13,Sutter,101,95872,1138,992,1,993,8
2020-08-13,Tehama,103,63373,348,302,2,304,1
2020-08-13,Trinity,105,12862,35,6,6,12,0
2020-08-13,Tulare,107,460477,13221,11692,36,11728,210
2020-08-13,Tuolumne,109,53932,170,152,5,157,1
2020-08-13,Ventura,111,848112,10129,9114,49,9163,90
2020-08-13,Yolo,113,214977,2194,1938,4,1942,44
2020-08-13,Yuba,115,75493,699,568,2,570,1
2020-08-12,Alameda,001,1643700,16250,14214,114,14328,215
2020-08-12,Alpine,002,1148,2,2,0,2,0
2020-08-12,Amador,005,37829,256,197,0,197,8
2020-08-12,Butte,007,227075,1506,1317,43,1360,15
2020-08-12,Calaveras,009,45235,188,157,0,157,1
2020-08-12,Colusa,011,21464,421,394,0,394,5
2020-08-12,Contra Costa,013,1133247,12584,10304,39,10343,134
2020-08-12,Del Norte,015,27424,101,74,0,74,0
2020-08-12,El Dorado,017,186661,912,794,7,801,2
2020-08-12,Fresno,019,978130,24894,18690,233,18923,194
2020-08-12,Glenn,021,27897,413,388,0,388,1
2020-08-12,Humboldt,023,135768,325,281,1,282,4
2020-08-12,Imperial,025,180216,10843,8566,7,8573,167
2020-08-12,Inyo,027,18085,127,97,2,99,1
2020-08-12,Kern,029,883053,27861,25191,165,25356,232
2020-08-12,Kings,031,150075,5618,4736,25,4761,50
2020-08-12,Lake,033,64148,283,253,0,253,2
2020-08-12,Lassen,035,31185,710,651,2,653,0
2020-08-12,Los Angeles,037,10098052,223959,214542,802,215344,5119
2020-08-12,Madera,039,155013,3422,2681,17,2698,23
2020-08-12,Marin,041,260295,5834,5423,12,5435,44
2020-08-12,Mariposa,043,17540,69,61,0,61,2
2020-08-12,Mendocino,045,87422,488,386,0,386,9
2020-08-12,Merced,047,269075,7077,5777,4,5781,66
2020-08-12,Modoc,049,8938,7,5,0,5,0
2020-08-12,Mono,051,14174,161,124,3,127,1
2020-08-12,Monterey,053,433212,6870,5919,14,5933,38
2020-08-12,Napa,055,140530,1323,1161,3,1164,10
2020-08-12,Nevada,057,99092,395,357,13,370,1
2020-08-12,Orange,059,3164182,47301,41576,984,42560,754
2020-08-12,Placer,061,380077,2720,2417,4,2421,25
2020-08-12,Plumas,063,18699,38,31,0,31,0
2020-08-12,Riverside,065,2383286,49703,44747,50,44797,867
2020-08-12,Sacramento,067,1510023,15637,12528,14,12542,189
2020-08-12,San Benito,069,59416,856,751,0,751,2
2020-08-12,San Bernardino,071,2135413,45080,38811,225,39036,589
2020-08-12,San Diego,073,3302833,35770,33395,139,33534,608
2020-08-12,San Francisco,075,870044,8498,7194,8,7202,66
2020-08-12,San Joaquin,077,732212,16704,14154,26,14180,253
2020-08-12,San Luis Obispo,079,281455,2689,2263,11,2274,15
2020-08-12,San Mateo,081,765935,7562,6427,7,6434,117
2020-08-12,Santa Barbara,083,443738,7544,7049,64,7113,74
2020-08-12,Santa Clara,085,1922200,15832,13002,33,13035,182
2020-08-12,Santa Cruz,087,273765,1584,1382,10,1392,6
2020-08-12,Shasta,089,179085,559,417,3,420,9
2020-08-12,Sierra,091,2930,5,4,0,4,0
2020-08-12,Siskiyou,093,43540,116,90,0,90,0
2020-08-12,Solano,095,438530,4911,4258,30,4288,31
2020-08-12,Sonoma,097,501317,4801,3847,14,3861,47
2020-08-12,Stanislaus,099,539301,13653,11682,158,11840,136
2020-08-12,Sutter,101,95872,1114,987,1,988,7
2020-08-12,Tehama,103,63373,338,289,2,291,1
2020-08-12,Trinity,105,12862,34,6,6,12,0
2020-08-12,Tulare,107,460477,13093,11460,36,11496,211
2020-08-12,Tuolumne,109,53932,169,150,5,155,1
2020-08-12,Ventura,111,848112,10042,9005,49,9054,87
2020-08-12,Yolo,113,214977,2170,1921,4,1925,44
2020-08-12,Yuba,115,75493,677,549,1,550,1
2020-08-11,Alameda,001,1643700,15989,13960,111,14071,204
2020-08-11,Alpine,002,1148,2,2,0,2,0
2020-08-11,Amador,005,37829,250,187,0,187,3
2020-08-11,Butte,007,227075,1478,1296,43,1339,15
2020-08-11,Calaveras,009,45235,186,161,0,161,1
2020-08-11,Colusa,011,21464,416,390,0,390,5
2020-08-11,Contra Costa,013,1133247,12396,10012,37,10049,131
2020-08-11,Del Norte,015,27424,100,73,0,73,0
2020-08-11,El Dorado,017,186661,905,786,6,792,2
2020-08-11,Fresno,019,978130,24573,18344,230,18574,187
2020-08-11,Glenn,021,27897,411,380,0,380,1
2020-08-11,Humboldt,023,135768,320,283,1,284,4
2020-08-11,Imperial,025,180216,10788,8518,7,8525,165
2020-08-11,Inyo,027,18085,122,97,2,99,1
2020-08-11,Kern,029,883053,27526,25042,163,25205,230
2020-08-11,Kings,031,150075,5427,4696,25,4721,50
2020-08-11,Lake,033,64148,280,243,0,243,2
2020-08-11,Lassen,035,31185,704,605,2,607,0
2020-08-11,Los Angeles,037,10098052,222458,212421,780,213201,5065
2020-08-11,Madera,039,155013,3368,2673,17,2690,22
2020-08-11,Marin,041,260295,5807,5287,11,5298,44
2020-08-11,Mariposa,043,17540,68,60,0,60,2
2020-08-11,Mendocino,045,87422,478,385,0,385,9
2020-08-11,Merced,047,269075,6984,5322,2,5324,65
2020-08-11,Modoc,049,8938,7,5,0,5,0
2020-08-11,Mono,051,14174,161,124,3,127,1
2020-08-11,Monterey,053,433212,6761,5624,14,5638,36
2020-08-11,Napa,055,140530,1312,1143,2,1145,11
2020-08-11,Nevada,057,99092,392,358,13,371,1
2020-08-11,Orange,059,3164182,47081,41205,963,42168,742
2020-08-11,Placer,061,380077,2688,2393,4,2397,24
2020-08-11,Plumas,063,18699,38,31,0,31,0
2020-08-11,Riverside,065,2383286,49346,44237,50,44287,836
2020-08-11,Sacramento,067,1510023,15346,12298,14,12312,182
2020-08-11,San Benito,069,59416,844,750,0,750,2
2020-08-11,San Bernardino,071,2135413,44740,38467,218,38685,584
2020-08-11,San Diego,073,3302833,35503,33159,120,33279,602
2020-08-11,San Francisco,075,870044,8402,6988,8,6996,66
2020-08-11,San Joaquin,077,732212,16526,13997,21,14018,251
2020-08-11,San Luis Obispo,079,281455,2632,2234,11,2245,15
2020-08-11,San Mateo,081,765935,7488,6339,7,6346,117
2020-08-11,Santa Barbara,083,443738,7495,6942,64,7006,70
2020-08-11,Santa Clara,085,1922200,15611,12920,33,12953,183
2020-08-11,Santa Cruz,087,273765,1561,1352,10,1362,4
2020-08-11,Shasta,089,179085,555,416,3,419,9
2020-08-11,Sierra,091,2930,5,4,0,4,0
2020-08-11,Siskiyou,093,43540,116,90,0,90,0
2020-08-11,Solano,095,438530,4863,4206,29,4235,31
2020-08-11,Sonoma,097,501317,4706,3752,14,3766,45
2020-08-11,Stanislaus,099,539301,13549,11592,146,11738,128
2020-08-11,Sutter,101,95872,1092,964,1,965,7
2020-08-11,Tehama,103,63373,334,289,2,291,1
2020-08-11,Trinity,105,12862,34,5,6,11,0
2020-08-11,Tulare,107,460477,12968,11392,35,11427,201
2020-08-11,Tuolumne,109,53932,165,146,5,151,1
2020-08-11,Ventura,111,848112,9974,8953,48,9001,88
2020-08-11,Yolo,113,214977,2148,1912,4,1916,44
2020-08-11,Yuba,115,75493,666,540,1,541,1
2020-08-10,Alameda,001,1643700,15749,13420,109,13529,203
2020-08-10,Alpine,002,1148,2,2,0,2,0
2020-08-10,Amador,005,37829,249,172,0,172,2
2020-08-10,Butte,007,227075,1454,1174,41,1215,15
2020-08-10,Calaveras,009,45235,175,121,0,121,1
2020-08-10,Colusa,011,21464,414,387,0,387,4
2020-08-10,Contra Costa,013,1133247,12242,9454,35,9489,130
2020-08-10,Del Norte,015,27424,98,69,0,69,0
2020-08-10,El Dorado,017,186661,893,771,6,777,2
2020-08-10,Fresno,019,978130,24292,17978,230,18208,183
2020-08-10,Glenn,021,27897,408,381,0,381,1
2020-08-10,Humboldt,023,135768,314,277,1,278,4
2020-08-10,Imperial,025,180216,10744,8465,7,8472,165
2020-08-10,Inyo,027,18085,122,97,2,99,1
2020-08-10,Kern,029,883053,27300,24499,162,24661,215
2020-08-10,Kings,031,150075,5321,4588,25,4613,50
2020-08-10,Lake,033,64148,273,239,0,239,2
2020-08-10,Lassen,035,31185,704,588,2,590,0
2020-08-10,Los Angeles,037,10098052,220880,211035,762,211797,5003
2020-08-10,Madera,039,155013,3335,2365,17,2382,22
2020-08-10,Marin,041,260295,5762,5242,10,5252,44
2020-08-10,Mariposa,043,17540,68,57,0,57,2
2020-08-10,Mendocino,045,87422,454,364,0,364,1
2020-08-10,Merced,047,269075,6906,4913,2,4915,51
2020-08-10,Modoc,049,8938,7,5,0,5,0
2020-08-10,Mono,051,14174,161,123,3,126,1
2020-08-10,Monterey,053,433212,6651,5358,14,5372,34
2020-08-10,Napa,055,140530,1294,1084,2,1086,8
2020-08-10,Nevada,057,99092,384,356,13,369,1
2020-08-10,Orange,059,3164182,46811,40445,945,41390,721
2020-08-10,Placer,061,380077,2649,2298,4,2302,21
2020-08-10,Plumas,063,18699,38,27,0,27,0
2020-08-10,Riverside,065,2383286,48961,43296,49,43345,830
2020-08-10,Sacramento,067,1510023,15035,12059,14,12073,168
2020-08-10,San Benito,069,59416,831,743,0,743,2
2020-08-10,San Bernardino,071,2135413,44364,37367,209,37576,579
2020-08-10,San Diego,073,3302833,35237,32977,104,33081,594
2020-08-10,San Francisco,075,870044,8312,6816,7,6823,66
2020-08-10,San Joaquin,077,732212,16342,13308,21,13329,240
2020-08-10,San Luis Obispo,079,281455,2533,2208,11,2219,15
2020-08-10,San Mateo,081,765935,7411,6222,7,6229,117
2020-08-10,Santa Barbara,083,443738,7440,6869,64,6933,66
2020-08-10,Santa Clara,085,1922200,15351,12615,32,12647,182
2020-08-10,Santa Cruz,087,273765,1541,1239,9,1248,4
2020-08-10,Shasta,089,179085,551,384,3,387,9
2020-08-10,Sierra,091,2930,5,3,0,3,0
2020-08-10,Siskiyou,093,43540,113,88,0,88,0
2020-08-10,Solano,095,438530,4803,4101,29,4130,31
2020-08-10,Sonoma,097,501317,4537,3640,10,3650,42
2020-08-10,Stanislaus,099,539301,13366,10855,130,10985,106
2020-08-10,Sutter,101,95872,1067,865,1,866,7
2020-08-10,Tehama,103,63373,327,282,2,284,1
2020-08-10,Trinity,105,12862,31,5,6,11,0
2020-08-10,Tulare,107,460477,12795,10750,33,10783,194
2020-08-10,Tuolumne,109,53932,165,143,4,147,1
2020-08-10,Ventura,111,848112,9890,8851,47,8898,85
2020-08-10,Yolo,113,214977,2125,1840,4,1844,45
2020-08-10,Yuba,115,75493,649,527,1,528,1
2020-08-09,Alameda,001,1643700,15468,13241,107,13348,203
2020-08-09,Alpine,002,1148,2,2,0,2,0
2020-08-09,Amador,005,37829,244,153,0,153,2
2020-08-09,Butte,007,227075,1411,1155,41,1196,15
2020-08-09,Calaveras,009,45235,170,122,0,122,1
2020-08-09,Colusa,011,21464,410,371,0,371,4
2020-08-09,Contra Costa,013,1133247,12014,9214,34,9248,130
2020-08-09,Del Norte,015,27424,98,69,0,69,0
2020-08-09,El Dorado,017,186661,885,748,6,754,2
2020-08-09,Fresno,019,978130,23982,17846,226,18072,183
2020-08-09,Glenn,021,27897,406,354,0,354,1
2020-08-09,Humboldt,023,135768,308,279,1,280,4
2020-08-09,Imperial,025,180216,10701,8310,6,8316,165
2020-08-09,Inyo,027,18085,117,86,1,87,1
2020-08-09,Kern,029,883053,27044,23680,162,23842,215
2020-08-09,Kings,031,150075,5278,4446,24,4470,50
2020-08-09,Lake,033,64148,266,225,0,225,2
2020-08-09,Lassen,035,31185,698,589,2,591,0
2020-08-09,Los Angeles,037,10098052,218818,208810,740,209550,4984
2020-08-09,Madera,039,155013,3277,2322,13,2335,22
2020-08-09,Marin,041,260295,5719,5204,10,5214,44
2020-08-09,Mariposa,043,17540,66,56,0,56,2
2020-08-09,Mendocino,045,87422,444,283,0,283,1
2020-08-09,Merced,047,269075,6814,4735,1,4736,51
2020-08-09,Modoc,049,8938,7,4,0,4,0
2020-08-09,Mono,051,14174,160,113,3,116,1
2020-08-09,Monterey,053,433212,6527,5199,14,5213,34
2020-08-09,Napa,055,140530,1275,1062,2,1064,8
2020-08-09,Nevada,057,99092,376,332,13,345,1
2020-08-09,Orange,059,3164182,46512,39244,930,40174,722
2020-08-09,Placer,061,380077,2620,2211,4,2215,20
2020-08-09,Plumas,063,18699,38,27,0,27,0
2020-08-09,Riverside,065,2383286,48614,41894,49,41943,828
2020-08-09,Sacramento,067,1510023,14756,11301,14,11315,167
2020-08-09,San Benito,069,59416,812,687,0,687,2
2020-08-09,San Bernardino,071,2135413,43887,36092,209,36301,579
2020-08-09,San Diego,073,3302833,34946,32749,93,32842,594
2020-08-09,San Francisco,075,870044,8197,6820,7,6827,66
2020-08-09,San Joaquin,077,732212,16137,12933,20,12953,240
2020-08-09,San Luis Obispo,079,281455,2497,2124,11,2135,15
2020-08-09,San Mateo,081,765935,7316,6094,7,6101,117
2020-08-09,Santa Barbara,083,443738,7352,6669,64,6733,66
2020-08-09,Santa Clara,085,1922200,15081,11878,32,11910,181
2020-08-09,Santa Cruz,087,273765,1517,1246,9,1255,4
2020-08-09,Shasta,089,179085,547,361,3,364,9
2020-08-09,Sierra,091,2930,5,3,0,3,0
2020-08-09,Siskiyou,093,43540,112,74,0,74,0
2020-08-09,Solano,095,438530,4750,3954,28,3982,31
2020-08-09,Sonoma,097,501317,4401,3531,8,3539,41
2020-08-09,Stanislaus,099,539301,13158,10264,117,10381,106
2020-08-09,Sutter,101,95872,1033,857,1,858,7
2020-08-09,Tehama,103,63373,319,265,2,267,1
2020-08-09,Trinity,105,12862,31,5,6,11,0
2020-08-09,Tulare,107,460477,12605,10630,30,10660,194
2020-08-09,Tuolumne,109,53932,161,143,4,147,1
2020-08-09,Ventura,111,848112,9742,8633,46,8679,85
2020-08-09,Yolo,113,214977,2094,1765,4,1769,44
2020-08-09,Yuba,115,75493,629,442,1,443,1
2020-08-08,Alameda,001,1643700,15358,13087,107,13194,204
2020-08-08,Alpine,002,1148,2,2,0,2,0
2020-08-08,Amador,005,37829,244,139,0,139,2
2020-08-08,Butte,007,227075,1393,1140,41,1181,15
2020-08-08,Calaveras,009,45235,169,122,0,122,1
2020-08-08,Colusa,011,21464,409,368,0,368,4
2020-08-08,Contra Costa,013,1133247,11905,9104,34,9138,129
2020-08-08,Del Norte,015,27424,97,69,0,69,0
2020-08-08,El Dorado,017,186661,878,734,6,740,2
2020-08-08,Fresno,019,978130,23844,17538,224,17762,183
2020-08-08,Glenn,021,27897,406,344,0,344,1
2020-08-08,Humboldt,023,135768,305,277,1,278,4
2020-08-08,Imperial,025,180216,10686,8213,6,8219,165
2020-08-08,Inyo,027,18085,113,86,1,87,1
2020-08-08,Kern,029,883053,26930,22803,162,22965,215
2020-08-08,Kings,031,150075,5264,4367,24,4391,49
2020-08-08,Lake,033,64148,264,221,0,221,2
2020-08-08,Lassen,035,31185,698,589,2,591,0
2020-08-08,Los Angeles,037,10098052,217934,206971,729,207700,4974
2020-08-08,Madera,039,155013,3246,2275,13,2288,22
2020-08-08,Marin,041,260295,5699,5118,10,5128,44
2020-08-08,Mariposa,043,17540,65,55,0,55,2
2020-08-08,Mendocino,045,87422,442,264,0,264,1
2020-08-08,Merced,047,269075,6774,4570,1,4571,51
2020-08-08,Modoc,049,8938,7,4,0,4,0
2020-08-08,Mono,051,14174,160,113,3,116,1
2020-08-08,Monterey,053,433212,6469,5101,14,5115,33
2020-08-08,Napa,055,140530,1267,1062,2,1064,8
2020-08-08,Nevada,057,99092,374,325,13,338,1
2020-08-08,Orange,059,3164182,46382,38688,921,39609,718
2020-08-08,Placer,061,380077,2604,2153,4,2157,20
2020-08-08,Plumas,063,18699,38,27,0,27,0
2020-08-08,Riverside,065,2383286,48409,41412,49,41461,823
2020-08-08,Sacramento,067,1510023,14626,11144,14,11158,166
2020-08-08,San Benito,069,59416,804,684,0,684,2
2020-08-08,San Bernardino,071,2135413,43693,35691,208,35899,531
2020-08-08,San Diego,073,3302833,34757,32332,84,32416,593
2020-08-08,San Francisco,075,870044,8131,6820,7,6827,66
2020-08-08,San Joaquin,077,732212,16057,12559,19,12578,240
2020-08-08,San Luis Obispo,079,281455,2474,2081,11,2092,15
2020-08-08,San Mateo,081,765935,7258,6021,7,6028,117
2020-08-08,Santa Barbara,083,443738,7314,6598,64,6662,66
2020-08-08,Santa Clara,085,1922200,14929,11615,32,11647,181
2020-08-08,Santa Cruz,087,273765,1503,1247,9,1256,4
2020-08-08,Shasta,089,179085,545,343,3,346,9
2020-08-08,Sierra,091,2930,5,3,0,3,0
2020-08-08,Siskiyou,093,43540,112,73,0,73,0
2020-08-08,Solano,095,438530,4729,3889,27,3916,31
2020-08-08,Sonoma,097,501317,4370,3399,8,3407,41
2020-08-08,Stanislaus,099,539301,13083,9963,112,10075,105
2020-08-08,Sutter,101,95872,1023,830,1,831,7
2020-08-08,Tehama,103,63373,318,251,2,253,1
2020-08-08,Trinity,105,12862,31,5,6,11,0
2020-08-08,Tulare,107,460477,12530,10505,30,10535,192
2020-08-08,Tuolumne,109,53932,161,143,4,147,1
2020-08-08,Ventura,111,848112,9687,8462,45,8507,85
2020-08-08,Yolo,113,214977,2081,1725,4,1729,44
2020-08-08,Yuba,115,75493,620,430,1,431,1
2020-08-07,Alameda,001,1643700,15248,12805,107,12912,204
2020-08-07,Alpine,002,1148,2,2,0,2,0
2020-08-07,Amador,005,37829,242,125,0,125,2
2020-08-07,Butte,007,227075,1375,1092,41,1133,13
2020-08-07,Calaveras,009,45235,169,119,0,119,1
2020-08-07,Colusa,011,21464,408,358,0,358,4
2020-08-07,Contra Costa,013,1133247,11757,8810,34,8844,126
2020-08-07,Del Norte,015,27424,97,69,0,69,0
2020-08-07,El Dorado,017,186661,873,724,6,730,2
2020-08-07,Fresno,019,978130,23684,17290,224,17514,171
2020-08-07,Glenn,021,27897,405,339,0,339,1
2020-08-07,Humboldt,023,135768,301,274,1,275,4
2020-08-07,Imperial,025,180216,10661,8085,6,8091,164
2020-08-07,Inyo,027,18085,112,81,1,82,1
2020-08-07,Kern,029,883053,26804,22143,160,22303,206
2020-08-07,Kings,031,150075,5247,4315,24,4339,48
2020-08-07,Lake,033,64148,262,215,0,215,1
2020-08-07,Lassen,035,31185,697,588,2,590,0
2020-08-07,Los Angeles,037,10098052,216467,204406,718,205124,4924
2020-08-07,Madera,039,155013,3214,2245,13,2258,20
2020-08-07,Marin,041,260295,5670,5094,10,5104,43
2020-08-07,Mariposa,043,17540,65,53,0,53,2
2020-08-07,Mendocino,045,87422,428,262,0,262,1
2020-08-07,Merced,047,269075,6731,4358,1,4359,30
2020-08-07,Modoc,049,8938,7,4,0,4,0
2020-08-07,Mono,051,14174,160,112,3,115,1
2020-08-07,Monterey,053,433212,6394,5041,14,5055,33
2020-08-07,Napa,055,140530,1262,1055,2,1057,8
2020-08-07,Nevada,057,99092,371,324,13,337,1
2020-08-07,Orange,059,3164182,46171,38459,904,39363,701
2020-08-07,Placer,061,380077,2586,2078,4,2082,20
2020-08-07,Plumas,063,18699,38,25,0,25,0
2020-08-07,Riverside,065,2383286,48145,40902,48,40950,810
2020-08-07,Sacramento,067,1510023,14481,10798,14,10812,160
2020-08-07,San Benito,069,59416,798,647,0,647,2
2020-08-07,San Bernardino,071,2135413,43446,35200,207,35407,524
2020-08-07,San Diego,073,3302833,34572,31781,81,31862,586
2020-08-07,San Francisco,075,870044,8053,6765,7,6772,66
2020-08-07,San Joaquin,077,732212,15970,12392,19,12411,223
2020-08-07,San Luis Obispo,079,281455,2443,2050,11,2061,14
2020-08-07,San Mateo,081,765935,7198,5948,7,5955,117
2020-08-07,Santa Barbara,083,443738,7263,6509,64,6573,66
2020-08-07,Santa Clara,085,1922200,14730,11409,32,11441,180
2020-08-07,Santa Cruz,087,273765,1485,1234,9,1243,5
2020-08-07,Shasta,089,179085,540,342,3,345,9
2020-08-07,Sierra,091,2930,5,3,0,3,0
2020-08-07,Siskiyou,093,43540,109,73,0,73,0
2020-08-07,Solano,095,438530,4697,3844,26,3870,31
2020-08-07,Sonoma,097,501317,4304,3329,8,3337,34
2020-08-07,Stanislaus,099,539301,12961,9665,102,9767,98
2020-08-07,Sutter,101,95872,1019,807,1,808,6
2020-08-07,Tehama,103,63373,314,246,2,248,1
2020-08-07,Trinity,105,12862,30,5,6,11,0
2020-08-07,Tulare,107,460477,12453,10292,30,10322,195
2020-08-07,Tuolumne,109,53932,160,136,4,140,1
2020-08-07,Ventura,111,848112,9627,8356,43,8399,84
2020-08-07,Yolo,113,214977,2054,1689,4,1693,37
2020-08-07,Yuba,115,75493,615,413,1,414,1
2020-08-06,Alameda,001,1643700,15026,12474,106,12580,200
2020-08-06,Alpine,002,1148,2,2,0,2,0
2020-08-06,Amador,005,37829,228,125,0,125,0
2020-08-06,Butte,007,227075,1356,1060,41,1101,13
2020-08-06,Calaveras,009,45235,167,117,0,117,1
2020-08-06,Colusa,011,21464,405,358,0,358,3
2020-08-06,Contra Costa,013,1133247,11563,8583,33,8616,124
2020-08-06,Del Norte,015,27424,97,69,0,69,0
2020-08-06,El Dorado,017,186661,862,703,6,709,1
2020-08-06,Fresno,019,978130,23388,17031,217,17248,161
2020-08-06,Glenn,021,27897,400,332,0,332,1
2020-08-06,Humboldt,023,135768,296,266,1,267,4
2020-08-06,Imperial,025,180216,10618,8064,6,8070,163
2020-08-06,Inyo,027,18085,104,83,1,84,1
2020-08-06,Kern,029,883053,26568,21843,159,22002,197
2020-08-06,Kings,031,150075,5185,4264,23,4287,47
2020-08-06,Lake,033,64148,259,209,0,209,1
2020-08-06,Lassen,035,31185,695,588,2,590,0
2020-08-06,Los Angeles,037,10098052,214394,201372,702,202074,4874
2020-08-06,Madera,039,155013,3166,2240,12,2252,19
2020-08-06,Marin,041,260295,5638,5058,10,5068,43
2020-08-06,Mariposa,043,17540,64,52,0,52,2
2020-08-06,Mendocino,045,87422,414,260,0,260,1
2020-08-06,Merced,047,269075,6629,4235,1,4236,30
2020-08-06,Modoc,049,8938,7,4,0,4,0
2020-08-06,Mono,051,14174,159,111,3,114,1
2020-08-06,Monterey,053,433212,6285,5001,13,5014,33
2020-08-06,Napa,055,140530,1248,1032,2,1034,8
2020-08-06,Nevada,057,99092,366,321,13,334,1
2020-08-06,Orange,059,3164182,45879,38399,899,39298,694
2020-08-06,Placer,061,380077,2560,2045,4,2049,20
2020-08-06,Plumas,063,18699,37,25,0,25,0
2020-08-06,Riverside,065,2383286,47751,40269,48,40317,781
2020-08-06,Sacramento,067,1510023,14253,10548,14,10562,153
2020-08-06,San Benito,069,59416,790,626,0,626,2
2020-08-06,San Bernardino,071,2135413,43041,34819,205,35024,516
2020-08-06,San Diego,073,3302833,34305,31129,74,31203,583
2020-08-06,San Francisco,075,870044,7960,6737,6,6743,60
2020-08-06,San Joaquin,077,732212,15811,12269,19,12288,203
2020-08-06,San Luis Obispo,079,281455,2419,2000,10,2010,13
2020-08-06,San Mateo,081,765935,7098,5885,7,5892,117
2020-08-06,Santa Barbara,083,443738,7203,6620,64,6684,65
2020-08-06,Santa Clara,085,1922200,14501,11280,32,11312,178
2020-08-06,Santa Cruz,087,273765,1464,1215,9,1224,4
2020-08-06,Shasta,089,179085,531,343,3,346,9
2020-08-06,Sierra,091,2930,5,3,0,3,0
2020-08-06,Siskiyou,093,43540,109,73,0,73,0
2020-08-06,Solano,095,438530,4653,3784,26,3810,29
2020-08-06,Sonoma,097,501317,4240,3259,8,3267,33
2020-08-06,Stanislaus,099,539301,12811,9566,86,9652,98
2020-08-06,Sutter,101,95872,988,797,1,798,6
2020-08-06,Tehama,103,63373,311,242,2,244,1
2020-08-06,Trinity,105,12862,27,5,6,11,0
2020-08-06,Tulare,107,460477,12293,10169,30,10199,195
2020-08-06,Tuolumne,109,53932,159,136,4,140,1
2020-08-06,Ventura,111,848112,9512,8245,40,8285,80
2020-08-06,Yolo,113,214977,2030,1662,4,1666,36
2020-08-06,Yuba,115,75493,606,407,0,407,1
2020-08-05,Alameda,001,1643700,14810,12140,106,12246,193
2020-08-05,Alpine,002,1148,2,2,0,2,0
2020-08-05,Amador,005,37829,218,123,0,123,0
2020-08-05,Butte,007,227075,1323,1038,39,1077,13
2020-08-05,Calaveras,009,45235,164,116,0,116,1
2020-08-05,Colusa,011,21464,401,354,0,354,3
2020-08-05,Contra Costa,013,1133247,11394,8362,33,8395,122
2020-08-05,Del Norte,015,27424,96,69,0,69,0
2020-08-05,El Dorado,017,186661,854,692,6,698,1
2020-08-05,Fresno,019,978130,23144,16625,212,16837,159
2020-08-05,Glenn,021,27897,397,330,0,330,1
2020-08-05,Humboldt,023,135768,294,249,1,250,4
2020-08-05,Imperial,025,180216,10583,8036,6,8042,163
2020-08-05,Inyo,027,18085,102,62,1,63,1
2020-08-05,Kern,029,883053,26380,21540,154,21694,194
2020-08-05,Kings,031,150075,5140,4192,22,4214,47
2020-08-05,Lake,033,64148,252,209,0,209,1
2020-08-05,Lassen,035,31185,648,557,2,559,0
2020-08-05,Los Angeles,037,10098052,212473,198355,682,199037,4832
2020-08-05,Madera,039,155013,3124,2172,12,2184,19
2020-08-05,Marin,041,260295,5606,5036,10,5046,43
2020-08-05,Mariposa,043,17540,64,52,0,52,2
2020-08-05,Mendocino,045,87422,402,248,0,248,1
2020-08-05,Merced,047,269075,6497,4119,1,4120,30
2020-08-05,Modoc,049,8938,7,3,0,3,0
2020-08-05,Mono,051,14174,159,104,3,107,1
2020-08-05,Monterey,053,433212,6170,4936,13,4949,32
2020-08-05,Napa,055,140530,1236,1020,2,1022,8
2020-08-05,Nevada,057,99092,357,327,13,340,2
2020-08-05,Orange,059,3164182,45570,37907,891,38798,663
2020-08-05,Placer,061,380077,2519,1989,4,1993,18
2020-08-05,Plumas,063,18699,36,25,0,25,0
2020-08-05,Riverside,065,2383286,47357,39454,46,39500,761
2020-08-05,Sacramento,067,1510023,14035,10261,13,10274,151
2020-08-05,San Benito,069,59416,781,613,0,613,2
2020-08-05,San Bernardino,071,2135413,42579,34442,200,34642,504
2020-08-05,San Diego,073,3302833,34081,30866,58,30924,578
2020-08-05,San Francisco,075,870044,7867,6701,6,6707,60
2020-08-05,San Joaquin,077,732212,15650,12148,19,12167,199
2020-08-05,San Luis Obispo,079,281455,2395,1928,10,1938,13
2020-08-05,San Mateo,081,765935,7003,5695,7,5702,116
2020-08-05,Santa Barbara,083,443738,7143,6597,64,6661,63
2020-08-05,Santa Clara,085,1922200,14267,11074,32,11106,176
2020-08-05,Santa Cruz,087,273765,1444,1192,7,1199,4
2020-08-05,Shasta,089,179085,525,338,3,341,9
2020-08-05,Sierra,091,2930,5,3,0,3,0
2020-08-05,Siskiyou,093,43540,105,72,0,72,0
2020-08-05,Solano,095,438530,4602,3750,25,3775,29
2020-08-05,Sonoma,097,501317,4157,3173,8,3181,33
2020-08-05,Stanislaus,099,539301,12652,9408,81,9489,97
2020-08-05,Sutter,101,95872,977,780,1,781,6
2020-08-05,Tehama,103,63373,308,231,2,233,1
2020-08-05,Trinity,105,12862,27,5,6,11,0
2020-08-05,Tulare,107,460477,12152,9924,30,9954,192
2020-08-05,Tuolumne,109,53932,159,137,4,141,0
2020-08-05,Ventura,111,848112,9396,8162,36,8198,75
2020-08-05,Yolo,113,214977,2002,1634,4,1638,36
2020-08-05,Yuba,115,75493,589,400,0,400,1
2020-08-04,Alameda,001,1643700,14593,11983,105,12088,192
2020-08-04,Alpine,002,1148,2,2,0,2,0
2020-08-04,Amador,005,37829,203,123,0,123,0
2020-08-04,Butte,007,227075,1299,1011,38,1049,10
2020-08-04,Calaveras,009,45235,160,116,0,116,1
2020-08-04,Colusa,011,21464,396,354,0,354,3
2020-08-04,Contra Costa,013,1133247,11227,8210,33,8243,122
2020-08-04,Del Norte,015,27424,94,69,0,69,0
2020-08-04,El Dorado,017,186661,844,668,6,674,1
2020-08-04,Fresno,019,978130,22859,16272,205,16477,154
2020-08-04,Glenn,021,27897,396,325,0,325,1
2020-08-04,Humboldt,023,135768,284,241,1,242,4
2020-08-04,Imperial,025,180216,10546,7974,6,7980,163
2020-08-04,Inyo,027,18085,88,59,1,60,1
2020-08-04,Kern,029,883053,26097,21403,154,21557,190
2020-08-04,Kings,031,150075,5075,4163,22,4185,47
2020-08-04,Lake,033,64148,252,206,0,206,1
2020-08-04,Lassen,035,31185,645,556,2,558,0
2020-08-04,Los Angeles,037,10098052,210532,196014,656,196670,4764
2020-08-04,Madera,039,155013,3081,2161,8,2169,19
2020-08-04,Marin,041,260295,5575,5020,9,5029,43
2020-08-04,Mariposa,043,17540,64,51,0,51,2
2020-08-04,Mendocino,045,87422,377,248,0,248,1
2020-08-04,Merced,047,269075,6387,4085,1,4086,30
2020-08-04,Modoc,049,8938,7,3,0,3,0
2020-08-04,Mono,051,14174,158,104,2,106,1
2020-08-04,Monterey,053,433212,6056,4892,13,4905,32
2020-08-04,Napa,055,140530,1223,994,0,994,8
2020-08-04,Nevada,057,99092,356,322,13,335,2
2020-08-04,Orange,059,3164182,45194,37844,885,38729,659
2020-08-04,Placer,061,380077,2482,1964,4,1968,17
2020-08-04,Plumas,063,18699,36,25,0,25,0
2020-08-04,Riverside,065,2383286,46970,38991,45,39036,743
2020-08-04,Sacramento,067,1510023,13816,10205,13,10218,146
2020-08-04,San Benito,069,59416,765,608,0,608,2
2020-08-04,San Bernardino,071,2135413,42029,34215,195,34410,495
2020-08-04,San Diego,073,3302833,33788,30518,46,30564,568
2020-08-04,San Francisco,075,870044,7779,6568,6,6574,60
2020-08-04,San Joaquin,077,732212,15522,12087,16,12103,189
2020-08-04,San Luis Obispo,079,281455,2365,1886,10,1896,13
2020-08-04,San Mateo,081,765935,6897,5690,7,5697,116
2020-08-04,Santa Barbara,083,443738,7083,6591,64,6655,61
2020-08-04,Santa Clara,085,1922200,13965,10986,31,11017,175
2020-08-04,Santa Cruz,087,273765,1425,1202,7,1209,4
2020-08-04,Shasta,089,179085,519,335,3,338,9
2020-08-04,Sierra,091,2930,5,1,0,1,0
2020-08-04,Siskiyou,093,43540,103,71,0,71,0
2020-08-04,Solano,095,438530,4531,3690,25,3715,29
2020-08-04,Sonoma,097,501317,4090,3108,8,3116,33
2020-08-04,Stanislaus,099,539301,12483,9359,74,9433,97
2020-08-04,Sutter,101,95872,963,761,1,762,6
2020-08-04,Tehama,103,63373,301,226,2,228,1
2020-08-04,Trinity,105,12862,27,5,6,11,0
2020-08-04,Tulare,107,460477,11972,9866,30,9896,192
2020-08-04,Tuolumne,109,53932,158,127,4,131,0
2020-08-04,Ventura,111,848112,9282,8134,34,8168,75
2020-08-04,Yolo,113,214977,1976,1626,4,1630,37
2020-08-04,Yuba,115,75493,574,398,0,398,1
2020-08-03,Alameda,001,1643700,14413,11817,102,11919,189
2020-08-03,Alpine,002,1148,2,2,0,2,0
2020-08-03,Amador,005,37829,199,119,0,119,0
2020-08-03,Butte,007,227075,1253,989,35,1024,9
2020-08-03,Calaveras,009,45235,157,117,0,117,1
2020-08-03,Colusa,011,21464,392,336,0,336,2
2020-08-03,Contra Costa,013,1133247,11030,8069,30,8099,120
2020-08-03,Del Norte,015,27424,90,68,0,68,0
2020-08-03,El Dorado,017,186661,833,645,6,651,1
2020-08-03,Fresno,019,978130,22565,15945,199,16144,151
2020-08-03,Glenn,021,27897,389,316,0,316,1
2020-08-03,Humboldt,023,135768,277,234,1,235,4
2020-08-03,Imperial,025,180216,10490,7953,6,7959,161
2020-08-03,Inyo,027,18085,85,57,1,58,1
2020-08-03,Kern,029,883053,25731,21285,147,21432,176
2020-08-03,Kings,031,150075,4963,4107,21,4128,47
2020-08-03,Lake,033,64148,245,201,0,201,1
2020-08-03,Lassen,035,31185,645,555,2,557,0
2020-08-03,Los Angeles,037,10098052,208495,194103,628,194731,4706
2020-08-03,Madera,039,155013,3032,2143,7,2150,18
2020-08-03,Marin,041,260295,5528,5001,9,5010,43
2020-08-03,Mariposa,043,17540,63,52,0,52,2
2020-08-03,Mendocino,045,87422,354,248,0,248,1
2020-08-03,Merced,047,269075,6271,4028,1,4029,29
2020-08-03,Modoc,049,8938,7,2,0,2,0
2020-08-03,Mono,051,14174,158,104,2,106,1
2020-08-03,Monterey,053,433212,5905,4806,10,4816,28
2020-08-03,Napa,055,140530,1209,973,0,973,8
2020-08-03,Nevada,057,99092,352,315,13,328,2
2020-08-03,Orange,059,3164182,44800,37705,875,38580,651
2020-08-03,Placer,061,380077,2426,1947,3,1950,16
2020-08-03,Plumas,063,18699,36,25,0,25,0
2020-08-03,Riverside,065,2383286,46502,38642,45,38687,740
2020-08-03,Sacramento,067,1510023,13621,10143,13,10156,142
2020-08-03,San Benito,069,59416,753,603,0,603,2
2020-08-03,San Bernardino,071,2135413,41504,33979,189,34168,444
2020-08-03,San Diego,073,3302833,33474,30228,36,30264,565
2020-08-03,San Francisco,075,870044,7685,6319,6,6325,60
2020-08-03,San Joaquin,077,732212,15325,12007,15,12022,189
2020-08-03,San Luis Obispo,079,281455,2323,1863,8,1871,14
2020-08-03,San Mateo,081,765935,6816,5661,7,5668,115
2020-08-03,Santa Barbara,083,443738,7039,6580,64,6644,59
2020-08-03,Santa Clara,085,1922200,13688,10747,31,10778,172
2020-08-03,Santa Cruz,087,273765,1405,1154,7,1161,4
2020-08-03,Shasta,089,179085,512,322,3,325,9
2020-08-03,Sierra,091,2930,5,1,0,1,0
2020-08-03,Siskiyou,093,43540,99,67,0,67,0
2020-08-03,Solano,095,438530,4462,3610,24,3634,29
2020-08-03,Sonoma,097,501317,3989,3079,7,3086,33
2020-08-03,Stanislaus,099,539301,12274,9308,66,9374,96
2020-08-03,Sutter,101,95872,939,713,1,714,6
2020-08-03,Tehama,103,63373,293,225,2,227,1
2020-08-03,Trinity,105,12862,27,5,6,11,0
2020-08-03,Tulare,107,460477,11788,9703,30,9733,188
2020-08-03,Tuolumne,109,53932,158,123,4,127,0
2020-08-03,Ventura,111,848112,9191,8084,31,8115,74
2020-08-03,Yolo,113,214977,1941,1598,3,1601,37
2020-08-03,Yuba,115,75493,550,393,0,393,1
2020-08-02,Alameda,001,1643700,14167,11696,90,11786,188
2020-08-02,Alpine,002,1148,2,2,0,2,0
2020-08-02,Amador,005,37829,194,117,0,117,0
2020-08-02,Butte,007,227075,1218,987,34,1021,9
2020-08-02,Calaveras,009,45235,154,116,0,116,1
2020-08-02,Colusa,011,21464,387,335,0,335,2
2020-08-02,Contra Costa,013,1133247,10791,7995,30,8025,118
2020-08-02,Del Norte,015,27424,89,68,0,68,0
2020-08-02,El Dorado,017,186661,823,643,6,649,1
2020-08-02,Fresno,019,978130,22291,15759,193,15952,151
2020-08-02,Glenn,021,27897,388,315,0,315,1
2020-08-02,Humboldt,023,135768,272,232,1,233,4
2020-08-02,Imperial,025,180216,10427,7919,6,7925,157
2020-08-02,Inyo,027,18085,84,45,1,46,1
2020-08-02,Kern,029,883053,25433,21162,145,21307,176
2020-08-02,Kings,031,150075,4901,3964,20,3984,47
2020-08-02,Lake,033,64148,240,201,0,201,1
2020-08-02,Lassen,035,31185,645,555,2,557,0
2020-08-02,Los Angeles,037,10098052,206403,192480,610,193090,4698
2020-08-02,Madera,039,155013,2966,2123,5,2128,18
2020-08-02,Marin,041,260295,5493,4985,9,4994,43
2020-08-02,Mariposa,043,17540,61,52,0,52,2
2020-08-02,Mendocino,045,87422,344,247,0,247,1
2020-08-02,Merced,047,269075,6129,4011,1,4012,29
2020-08-02,Modoc,049,8938,7,2,0,2,0
2020-08-02,Mono,051,14174,151,104,2,106,1
2020-08-02,Monterey,053,433212,5779,4698,10,4708,28
2020-08-02,Napa,055,140530,1195,956,0,956,8
2020-08-02,Nevada,057,99092,349,314,13,327,2
2020-08-02,Orange,059,3164182,44419,37266,864,38130,651
2020-08-02,Placer,061,380077,2387,1920,3,1923,15
2020-08-02,Plumas,063,18699,36,25,0,25,0
2020-08-02,Riverside,065,2383286,46069,38507,44,38551,735
2020-08-02,Sacramento,067,1510023,13342,10099,13,10112,142
2020-08-02,San Benito,069,59416,739,599,0,599,2
2020-08-02,San Bernardino,071,2135413,40902,33643,185,33828,443
2020-08-02,San Diego,073,3302833,33134,29885,27,29912,565
2020-08-02,San Francisco,075,870044,7567,6297,6,6303,60
2020-08-02,San Joaquin,077,732212,15044,11937,13,11950,189
2020-08-02,San Luis Obispo,079,281455,2260,1821,8,1829,14
2020-08-02,San Mateo,081,765935,6701,5618,7,5625,115
2020-08-02,Santa Barbara,083,443738,6949,6532,64,6596,59
2020-08-02,Santa Clara,085,1922200,13468,10577,31,10608,172
2020-08-02,Santa Cruz,087,273765,1385,1162,7,1169,4
2020-08-02,Shasta,089,179085,508,318,3,321,9
2020-08-02,Sierra,091,2930,4,1,0,1,0
2020-08-02,Siskiyou,093,43540,99,65,0,65,0
2020-08-02,Solano,095,438530,4403,3609,24,3633,29
2020-08-02,Sonoma,097,501317,3904,3005,7,3012,33
2020-08-02,Stanislaus,099,539301,12059,9277,61,9338,96
2020-08-02,Sutter,101,95872,904,714,1,715,6
2020-08-02,Tehama,103,63373,287,222,2,224,1
2020-08-02,Trinity,105,12862,27,5,6,11,0
2020-08-02,Tulare,107,460477,11579,9593,30,9623,188
2020-08-02,Tuolumne,109,53932,155,123,4,127,0
2020-08-02,Ventura,111,848112,9044,8014,31,8045,73
2020-08-02,Yolo,113,214977,1916,1588,3,1591,37
2020-08-02,Yuba,115,75493,530,393,0,393,1
2020-08-01,Alameda,001,1643700,14055,11590,90,11680,188
2020-08-01,Alpine,002,1148,2,2,0,2,0
2020-08-01,Amador,005,37829,190,109,0,109,0
2020-08-01,Butte,007,227075,1204,976,34,1010,9
2020-08-01,Calaveras,009,45235,150,116,0,116,1
2020-08-01,Colusa,011,21464,386,327,0,327,2
2020-08-01,Contra Costa,013,1133247,10658,7867,29,7896,116
2020-08-01,Del Norte,015,27424,89,68,0,68,0
2020-08-01,El Dorado,017,186661,820,637,6,643,1
2020-08-01,Fresno,019,978130,22154,15448,193,15641,149
2020-08-01,Glenn,021,27897,387,311,0,311,1
2020-08-01,Humboldt,023,135768,271,232,1,233,4
2020-08-01,Imperial,025,180216,10391,7919,6,7925,156
2020-08-01,Inyo,027,18085,82,45,1,46,1
2020-08-01,Kern,029,883053,25275,20796,141,20937,176
2020-08-01,Kings,031,150075,4875,3948,20,3968,47
2020-08-01,Lake,033,64148,238,194,0,194,1
2020-08-01,Lassen,035,31185,644,555,2,557,0
2020-08-01,Los Angeles,037,10098052,205511,191023,583,191606,4674
2020-08-01,Madera,039,155013,2927,2103,5,2108,18
2020-08-01,Marin,041,260295,5478,4945,9,4954,43
2020-08-01,Mariposa,043,17540,61,50,0,50,2
2020-08-01,Mendocino,045,87422,337,243,0,243,1
2020-08-01,Merced,047,269075,6081,3972,1,3973,29
2020-08-01,Modoc,049,8938,7,2,0,2,0
2020-08-01,Mono,051,14174,150,104,2,106,1
2020-08-01,Monterey,053,433212,5712,4611,9,4620,28
2020-08-01,Napa,055,140530,1186,923,0,923,8
2020-08-01,Nevada,057,99092,345,305,13,318,2
2020-08-01,Orange,059,3164182,44192,36703,858,37561,648
2020-08-01,Placer,061,380077,2353,1891,3,1894,14
2020-08-01,Plumas,063,18699,35,25,0,25,0
2020-08-01,Riverside,065,2383286,45857,38216,42,38258,704
2020-08-01,Sacramento,067,1510023,13191,10044,13,10057,141
2020-08-01,San Benito,069,59416,728,579,0,579,2
2020-08-01,San Bernardino,071,2135413,40666,32947,184,33131,440
2020-08-01,San Diego,073,3302833,32917,29579,19,29598,565
2020-08-01,San Francisco,075,870044,7506,6296,6,6302,60
2020-08-01,San Joaquin,077,732212,14969,11807,12,11819,189
2020-08-01,San Luis Obispo,079,281455,2231,1798,8,1806,13
2020-08-01,San Mateo,081,765935,6647,5520,7,5527,115
2020-08-01,Santa Barbara,083,443738,6909,6465,64,6529,59
2020-08-01,Santa Clara,085,1922200,13317,10281,30,10311,171
2020-08-01,Santa Cruz,087,273765,1369,1164,7,1171,4
2020-08-01,Shasta,089,179085,503,312,3,315,9
2020-08-01,Sierra,091,2930,3,1,0,1,0
2020-08-01,Siskiyou,093,43540,99,64,0,64,0
2020-08-01,Solano,095,438530,4369,3591,23,3614,29
2020-08-01,Sonoma,097,501317,3858,2890,7,2897,29
2020-08-01,Stanislaus,099,539301,11941,9221,54,9275,96
2020-08-01,Sutter,101,95872,900,714,1,715,6
2020-08-01,Tehama,103,63373,284,220,2,222,1
2020-08-01,Trinity,105,12862,27,5,6,11,0
2020-08-01,Tulare,107,460477,11511,9520,30,9550,188
2020-08-01,Tuolumne,109,53932,155,123,4,127,0
2020-08-01,Ventura,111,848112,8998,7819,31,7850,73
2020-08-01,Yolo,113,214977,1906,1557,3,1560,37
2020-08-01,Yuba,115,75493,525,387,0,387,1
2020-07-31,Alameda,001,1643700,13926,11441,90,11531,187
2020-07-31,Alpine,002,1148,2,2,0,2,0
2020-07-31,Amador,005,37829,189,98,0,98,0
2020-07-31,Butte,007,227075,1181,925,34,959,7
2020-07-31,Calaveras,009,45235,150,112,0,112,1
2020-07-31,Colusa,011,21464,376,319,0,319,2
2020-07-31,Contra Costa,013,1133247,10511,7697,28,7725,113
2020-07-31,Del Norte,015,27424,88,68,0,68,0
2020-07-31,El Dorado,017,186661,809,616,6,622,1
2020-07-31,Fresno,019,978130,21934,15083,193,15276,133
2020-07-31,Glenn,021,27897,380,304,0,304,1
2020-07-31,Humboldt,023,135768,264,229,1,230,4
2020-07-31,Imperial,025,180216,10359,7886,5,7891,155
2020-07-31,Inyo,027,18085,72,45,1,46,1
2020-07-31,Kern,029,883053,25034,20061,137,20198,173
2020-07-31,Kings,031,150075,4847,3807,20,3827,45
2020-07-31,Lake,033,64148,237,191,0,191,1
2020-07-31,Lassen,035,31185,639,544,2,546,0
2020-07-31,Los Angeles,037,10098052,203912,188688,570,189258,4628
2020-07-31,Madera,039,155013,2880,2036,5,2041,19
2020-07-31,Marin,041,260295,5434,4885,6,4891,43
2020-07-31,Mariposa,043,17540,61,49,0,49,2
2020-07-31,Mendocino,045,87422,322,232,0,232,1
2020-07-31,Merced,047,269075,5998,3789,1,3790,30
2020-07-31,Modoc,049,8938,6,0,0,0,0
2020-07-31,Mono,051,14174,149,104,2,106,1
2020-07-31,Monterey,053,433212,5620,4493,9,4502,24
2020-07-31,Napa,055,140530,1174,897,0,897,7
2020-07-31,Nevada,057,99092,343,302,13,315,2
2020-07-31,Orange,059,3164182,43893,36196,841,37037,620
2020-07-31,Placer,061,380077,2328,1853,3,1856,14
2020-07-31,Plumas,063,18699,34,25,0,25,0
2020-07-31,Riverside,065,2383286,45467,37612,41,37653,694
2020-07-31,Sacramento,067,1510023,13013,9872,13,9885,132
2020-07-31,San Benito,069,59416,720,567,0,567,2
2020-07-31,San Bernardino,071,2135413,40336,32332,182,32514,434
2020-07-31,San Diego,073,3302833,32683,29050,11,29061,561
2020-07-31,San Francisco,075,870044,7406,6126,6,6132,60
2020-07-31,San Joaquin,077,732212,14829,11561,12,11573,177
2020-07-31,San Luis Obispo,079,281455,2162,1746,8,1754,12
2020-07-31,San Mateo,081,765935,6575,5416,7,5423,115
2020-07-31,Santa Barbara,083,443738,6842,6375,64,6439,58
2020-07-31,Santa Clara,085,1922200,13096,9863,30,9893,171
2020-07-31,Santa Cruz,087,273765,1346,1118,7,1125,4
2020-07-31,Shasta,089,179085,493,305,3,308,9
2020-07-31,Sierra,091,2930,3,1,0,1,0
2020-07-31,Siskiyou,093,43540,97,61,0,61,0
2020-07-31,Solano,095,438530,4321,3510,22,3532,29
2020-07-31,Sonoma,097,501317,3800,2745,7,2752,27
2020-07-31,Stanislaus,099,539301,11835,9061,49,9110,94
2020-07-31,Sutter,101,95872,895,714,1,715,6
2020-07-31,Tehama,103,63373,281,213,2,215,1
2020-07-31,Trinity,105,12862,27,5,6,11,0
2020-07-31,Tulare,107,460477,11390,9365,30,9395,184
2020-07-31,Tuolumne,109,53932,155,120,4,124,0
2020-07-31,Ventura,111,848112,8923,7521,31,7552,71
2020-07-31,Yolo,113,214977,1880,1522,3,1525,38
2020-07-31,Yuba,115,75493,516,369,0,369,1
2020-07-30,Alameda,001,1643700,13721,11303,52,11355,185
2020-07-30,Alpine,002,1148,2,2,0,2,0
2020-07-30,Amador,005,37829,171,97,0,97,0
2020-07-30,Butte,007,227075,1165,915,34,949,7
2020-07-30,Calaveras,009,45235,146,111,0,111,1
2020-07-30,Colusa,011,21464,373,315,0,315,2
2020-07-30,Contra Costa,013,1133247,10327,7615,27,7642,112
2020-07-30,Del Norte,015,27424,88,68,0,68,0
2020-07-30,El Dorado,017,186661,802,608,6,614,1
2020-07-30,Fresno,019,978130,21601,14793,187,14980,133
2020-07-30,Glenn,021,27897,373,297,0,297,1
2020-07-30,Humboldt,023,135768,262,228,1,229,4
2020-07-30,Imperial,025,180216,10300,7849,5,7854,151
2020-07-30,Inyo,027,18085,68,44,1,45,1
2020-07-30,Kern,029,883053,24741,19552,133,19685,171
2020-07-30,Kings,031,150075,4743,3785,20,3805,43
2020-07-30,Lake,033,64148,231,181,0,181,1
2020-07-30,Lassen,035,31185,636,544,2,546,0
2020-07-30,Los Angeles,037,10098052,201884,186177,540,186717,4564
2020-07-30,Madera,039,155013,2810,2007,5,2012,18
2020-07-30,Marin,041,260295,5392,4835,5,4840,39
2020-07-30,Mariposa,043,17540,61,49,0,49,1
2020-07-30,Mendocino,045,87422,315,232,0,232,1
2020-07-30,Merced,047,269075,5835,3695,1,3696,30
2020-07-30,Modoc,049,8938,6,0,0,0,0
2020-07-30,Mono,051,14174,148,104,2,106,1
2020-07-30,Monterey,053,433212,5508,4352,9,4361,24
2020-07-30,Napa,055,140530,1157,874,0,874,7
2020-07-30,Nevada,057,99092,338,292,13,305,2
2020-07-30,Orange,059,3164182,43478,36105,817,36922,607
2020-07-30,Placer,061,380077,2277,1821,3,1824,14
2020-07-30,Plumas,063,18699,33,25,0,25,0
2020-07-30,Riverside,065,2383286,44926,37308,41,37349,685
2020-07-30,Sacramento,067,1510023,12794,9704,13,9717,126
2020-07-30,San Benito,069,59416,707,558,0,558,2
2020-07-30,San Bernardino,071,2135413,39812,32010,182,32192,427
2020-07-30,San Diego,073,3302833,32336,28670,9,28679,558
2020-07-30,San Francisco,075,870044,7305,6107,6,6113,59
2020-07-30,San Joaquin,077,732212,14633,11435,12,11447,161
2020-07-30,San Luis Obispo,079,281455,2126,1703,8,1711,12
2020-07-30,San Mateo,081,765935,6480,5369,7,5376,115
2020-07-30,Santa Barbara,083,443738,6762,6273,64,6337,52
2020-07-30,Santa Clara,085,1922200,12863,9708,29,9737,170
2020-07-30,Santa Cruz,087,273765,1318,1087,7,1094,4
2020-07-30,Shasta,089,179085,489,306,3,309,8
2020-07-30,Sierra,091,2930,3,1,0,1,0
2020-07-30,Siskiyou,093,43540,96,60,0,60,0
2020-07-30,Solano,095,438530,4270,3463,22,3485,29
2020-07-30,Sonoma,097,501317,3729,2684,7,2691,25
2020-07-30,Stanislaus,099,539301,11622,8890,41,8931,94
2020-07-30,Sutter,101,95872,876,698,1,699,6
2020-07-30,Tehama,103,63373,278,208,2,210,1
2020-07-30,Trinity,105,12862,26,4,6,10,0
2020-07-30,Tulare,107,460477,11261,9167,30,9197,177
2020-07-30,Tuolumne,109,53932,154,119,4,123,0
2020-07-30,Ventura,111,848112,8811,7304,29,7333,69
2020-07-30,Yolo,113,214977,1860,1511,3,1514,37
2020-07-30,Yuba,115,75493,503,362,0,362,1
2020-07-29,Alameda,001,1643700,13500,11177,47,11224,180
2020-07-29,Alpine,002,1148,2,2,0,2,0
2020-07-29,Amador,005,37829,163,80,0,80,0
2020-07-29,Butte,007,227075,1139,889,32,921,7
2020-07-29,Calaveras,009,45235,139,107,0,107,1
2020-07-29,Colusa,011,21464,369,302,0,302,2
2020-07-29,Contra Costa,013,1133247,10123,7520,27,7547,108
2020-07-29,Del Norte,015,27424,88,68,0,68,0
2020-07-29,El Dorado,017,186661,792,588,6,594,1
2020-07-29,Fresno,019,978130,21309,14312,187,14499,125
2020-07-29,Glenn,021,27897,366,294,0,294,1
2020-07-29,Humboldt,023,135768,259,221,1,222,4
2020-07-29,Imperial,025,180216,10252,7825,5,7830,147
2020-07-29,Inyo,027,18085,63,44,1,45,1
2020-07-29,Kern,029,883053,24402,19073,130,19203,162
2020-07-29,Kings,031,150075,4695,3755,20,3775,43
2020-07-29,Lake,033,64148,229,179,0,179,1
2020-07-29,Lassen,035,31185,621,513,2,515,0
2020-07-29,Los Angeles,037,10098052,199858,183600,523,184123,4523
2020-07-29,Madera,039,155013,2756,1941,5,1946,18
2020-07-29,Marin,041,260295,5354,4747,5,4752,34
2020-07-29,Mariposa,043,17540,60,47,0,47,1
2020-07-29,Mendocino,045,87422,307,228,0,228,0
2020-07-29,Merced,047,269075,5695,3605,1,3606,25
2020-07-29,Modoc,049,8938,5,0,0,0,0
2020-07-29,Mono,051,14174,145,102,2,104,1
2020-07-29,Monterey,053,433212,5408,4252,9,4261,24
2020-07-29,Napa,055,140530,1129,866,0,866,7
2020-07-29,Nevada,057,99092,334,288,13,301,1
2020-07-29,Orange,059,3164182,43044,35339,806,36145,589
2020-07-29,Placer,061,380077,2245,1798,3,1801,14
2020-07-29,Plumas,063,18699,33,25,0,25,0
2020-07-29,Riverside,065,2383286,44335,36968,41,37009,678
2020-07-29,Sacramento,067,1510023,12548,9538,13,9551,122
2020-07-29,San Benito,069,59416,692,537,0,537,2
2020-07-29,San Bernardino,071,2135413,39323,31168,171,31339,417
2020-07-29,San Diego,073,3302833,32011,28289,8,28297,552
2020-07-29,San Francisco,075,870044,7211,6041,6,6047,56
2020-07-29,San Joaquin,077,732212,14384,11249,9,11258,154
2020-07-29,San Luis Obispo,079,281455,2105,1673,8,1681,11
2020-07-29,San Mateo,081,765935,6392,5305,7,5312,114
2020-07-29,Santa Barbara,083,443738,6695,6215,64,6279,31
2020-07-29,Santa Clara,085,1922200,12657,9567,29,9596,165
2020-07-29,Santa Cruz,087,273765,1294,1051,7,1058,4
2020-07-29,Shasta,089,179085,477,297,3,300,8
2020-07-29,Sierra,091,2930,2,1,0,1,0
2020-07-29,Siskiyou,093,43540,94,58,0,58,0
2020-07-29,Solano,095,438530,4216,3380,22,3402,29
2020-07-29,Sonoma,097,501317,3651,2598,7,2605,26
2020-07-29,Stanislaus,099,539301,11401,8745,35,8780,94
2020-07-29,Sutter,101,95872,848,678,1,679,6
2020-07-29,Tehama,103,63373,274,206,2,208,1
2020-07-29,Trinity,105,12862,26,4,6,10,0
2020-07-29,Tulare,107,460477,11090,9028,30,9058,156
2020-07-29,Tuolumne,109,53932,154,118,4,122,0
2020-07-29,Ventura,111,848112,8706,7161,29,7190,68
2020-07-29,Yolo,113,214977,1834,1488,3,1491,36
2020-07-29,Yuba,115,75493,487,350,0,350,1
2020-07-28,Alameda,001,1643700,13270,10875,46,10921,180
2020-07-28,Alpine,002,1148,2,2,0,2,0
2020-07-28,Amador,005,37829,153,77,0,77,0
2020-07-28,Butte,007,227075,1104,857,32,889,7
2020-07-28,Calaveras,009,45235,138,105,0,105,1
2020-07-28,Colusa,011,21464,363,290,0,290,2
2020-07-28,Contra Costa,013,1133247,9901,7426,27,7453,107
2020-07-28,Del Norte,015,27424,87,68,0,68,0
2020-07-28,El Dorado,017,186661,777,558,6,564,1
2020-07-28,Fresno,019,978130,20975,13933,181,14114,125
2020-07-28,Glenn,021,27897,364,289,0,289,1
2020-07-28,Humboldt,023,135768,258,218,1,219,4
2020-07-28,Imperial,025,180216,10216,7804,5,7809,145
2020-07-28,Inyo,027,18085,61,43,1,44,1
2020-07-28,Kern,029,883053,24039,18834,124,18958,155
2020-07-28,Kings,031,150075,4649,3721,20,3741,41
2020-07-28,Lake,033,64148,225,179,0,179,1
2020-07-28,Lassen,035,31185,615,508,2,510,0
2020-07-28,Los Angeles,037,10098052,197626,179107,502,179609,4435
2020-07-28,Madera,039,155013,2690,1889,5,1894,18
2020-07-28,Marin,041,260295,5285,4698,5,4703,23
2020-07-28,Mariposa,043,17540,58,45,0,45,1
2020-07-28,Mendocino,045,87422,296,222,0,222,0
2020-07-28,Merced,047,269075,5550,3446,1,3447,23
2020-07-28,Modoc,049,8938,4,0,0,0,0
2020-07-28,Mono,051,14174,144,102,2,104,1
2020-07-28,Monterey,053,433212,5288,4047,9,4056,22
2020-07-28,Napa,055,140530,1107,824,0,824,6
2020-07-28,Nevada,057,99092,329,278,13,291,1
2020-07-28,Orange,059,3164182,42586,34832,792,35624,582
2020-07-28,Placer,061,380077,2209,1759,3,1762,14
2020-07-28,Plumas,063,18699,33,22,0,22,0
2020-07-28,Riverside,065,2383286,43734,36458,41,36499,668
2020-07-28,Sacramento,067,1510023,12289,9429,12,9441,117
2020-07-28,San Benito,069,59416,682,503,0,503,2
2020-07-28,San Bernardino,071,2135413,38800,30493,167,30660,412
2020-07-28,San Diego,073,3302833,31661,28007,6,28013,547
2020-07-28,San Francisco,075,870044,7098,5888,6,5894,56
2020-07-28,San Joaquin,077,732212,14102,10958,6,10964,141
2020-07-28,San Luis Obispo,079,281455,2072,1636,8,1644,9
2020-07-28,San Mateo,081,765935,6319,5171,7,5178,114
2020-07-28,Santa Barbara,083,443738,6631,6110,62,6172,31
2020-07-28,Santa Clara,085,1922200,12423,9307,29,9336,165
2020-07-28,Santa Cruz,087,273765,1267,1018,7,1025,4
2020-07-28,Shasta,089,179085,465,275,3,278,8
2020-07-28,Sierra,091,2930,2,1,0,1,0
2020-07-28,Siskiyou,093,43540,90,57,0,57,0
2020-07-28,Solano,095,438530,4169,3292,21,3313,29
2020-07-28,Sonoma,097,501317,3576,2553,7,2560,20
2020-07-28,Stanislaus,099,539301,11179,8492,27,8519,92
2020-07-28,Sutter,101,95872,811,653,0,653,2
2020-07-28,Tehama,103,63373,269,199,2,201,1
2020-07-28,Trinity,105,12862,26,3,6,9,0
2020-07-28,Tulare,107,460477,10903,8787,30,8817,96
2020-07-28,Tuolumne,109,53932,153,116,4,120,0
2020-07-28,Ventura,111,848112,8580,7045,28,7073,68
2020-07-28,Yolo,113,214977,1806,1459,3,1462,36
2020-07-28,Yuba,115,75493,470,333,0,333,1
2020-07-27,Alameda,001,1643700,13042,10645,43,10688,176
2020-07-27,Alpine,002,1148,2,2,0,2,0
2020-07-27,Amador,005,37829,148,72,0,72,0
2020-07-27,Butte,007,227075,1077,843,32,875,7
2020-07-27,Calaveras,009,45235,134,103,0,103,1
2020-07-27,Colusa,011,21464,356,271,0,271,2
2020-07-27,Contra Costa,013,1133247,9678,7256,27,7283,104
2020-07-27,Del Norte,015,27424,86,67,0,67,0
2020-07-27,El Dorado,017,186661,765,548,6,554,1
2020-07-27,Fresno,019,978130,20626,13485,175,13660,117
2020-07-27,Glenn,021,27897,362,277,0,277,1
2020-07-27,Humboldt,023,135768,253,218,1,219,4
2020-07-27,Imperial,025,180216,10166,7789,5,7794,144
2020-07-27,Inyo,027,18085,61,43,1,44,1
2020-07-27,Kern,029,883053,23537,17994,118,18112,148
2020-07-27,Kings,031,150075,4400,3685,20,3705,39
2020-07-27,Lake,033,64148,221,176,0,176,1
2020-07-27,Lassen,035,31185,615,503,2,505,0
2020-07-27,Los Angeles,037,10098052,195200,176351,484,176835,4379
2020-07-27,Madera,039,155013,2625,1793,5,1798,17
2020-07-27,Marin,041,260295,5197,4669,5,4674,22
2020-07-27,Mariposa,043,17540,58,43,0,43,1
2020-07-27,Mendocino,045,87422,282,209,0,209,0
2020-07-27,Merced,047,269075,5410,3292,1,3293,23
2020-07-27,Modoc,049,8938,3,0,0,0,0
2020-07-27,Mono,051,14174,140,99,2,101,1
2020-07-27,Monterey,053,433212,5099,3960,9,3969,21
2020-07-27,Napa,055,140530,1092,769,0,769,6
2020-07-27,Nevada,057,99092,325,268,13,281,1
2020-07-27,Orange,059,3164182,42146,34649,776,35425,566
2020-07-27,Placer,061,380077,2159,1679,3,1682,12
2020-07-27,Plumas,063,18699,33,22,0,22,0
2020-07-27,Riverside,065,2383286,43055,35822,41,35863,667
2020-07-27,Sacramento,067,1510023,11996,9091,12,9103,114
2020-07-27,San Benito,069,59416,667,498,0,498,2
2020-07-27,San Bernardino,071,2135413,38208,29928,157,30085,401
2020-07-27,San Diego,073,3302833,31287,27509,5,27514,533
2020-07-27,San Francisco,075,870044,7011,5825,6,5831,55
2020-07-27,San Joaquin,077,732212,13814,10728,6,10734,129
2020-07-27,San Luis Obispo,079,281455,2026,1612,8,1620,9
2020-07-27,San Mateo,081,765935,6210,5108,7,5115,113
2020-07-27,Santa Barbara,083,443738,6552,6026,60,6086,30
2020-07-27,Santa Clara,085,1922200,12154,9157,28,9185,166
2020-07-27,Santa Cruz,087,273765,1243,984,7,991,4
2020-07-27,Shasta,089,179085,458,275,3,278,8
2020-07-27,Sierra,091,2930,2,1,0,1,0
2020-07-27,Siskiyou,093,43540,88,54,0,54,0
2020-07-27,Solano,095,438530,4102,3198,20,3218,29
2020-07-27,Sonoma,097,501317,3485,2504,7,2511,20
2020-07-27,Stanislaus,099,539301,10954,8288,19,8307,84
2020-07-27,Sutter,101,95872,785,620,0,620,2
2020-07-27,Tehama,103,63373,261,192,2,194,1
2020-07-27,Trinity,105,12862,26,3,6,9,0
2020-07-27,Tulare,107,460477,10685,8462,30,8492,172
2020-07-27,Tuolumne,109,53932,150,115,4,119,0
2020-07-27,Ventura,111,848112,8452,6998,27,7025,68
2020-07-27,Yolo,113,214977,1761,1439,3,1442,33
2020-07-27,Yuba,115,75493,450,328,0,328,1
2020-07-26,Alameda,001,1643700,12803,10489,42,10531,176
2020-07-26,Alpine,002,1148,2,2,0,2,0
2020-07-26,Amador,005,37829,142,67,0,67,0
2020-07-26,Butte,007,227075,1040,822,31,853,5
2020-07-26,Calaveras,009,45235,131,103,0,103,1
2020-07-26,Colusa,011,21464,347,270,0,270,2
2020-07-26,Contra Costa,013,1133247,9440,7095,27,7122,104
2020-07-26,Del Norte,015,27424,84,67,0,67,0
2020-07-26,El Dorado,017,186661,747,539,6,545,1
2020-07-26,Fresno,019,978130,20235,13209,167,13376,117
2020-07-26,Glenn,021,27897,354,265,0,265,1
2020-07-26,Humboldt,023,135768,247,214,1,215,4
2020-07-26,Imperial,025,180216,10094,7781,5,7786,144
2020-07-26,Inyo,027,18085,56,43,1,44,1
2020-07-26,Kern,029,883053,23012,17394,115,17509,148
2020-07-26,Kings,031,150075,4341,3591,20,3611,39
2020-07-26,Lake,033,64148,213,174,0,174,1
2020-07-26,Lassen,035,31185,574,503,2,505,0
2020-07-26,Los Angeles,037,10098052,192631,174322,466,174788,4364
2020-07-26,Madera,039,155013,2538,1744,5,1749,17
2020-07-26,Marin,041,260295,5151,4595,5,4600,22
2020-07-26,Mariposa,043,17540,56,43,0,43,1
2020-07-26,Mendocino,045,87422,273,206,0,206,0
2020-07-26,Merced,047,269075,5229,3251,1,3252,23
2020-07-26,Modoc,049,8938,3,0,0,0,0
2020-07-26,Mono,051,14174,136,82,2,84,1
2020-07-26,Monterey,053,433212,4933,3901,9,3910,21
2020-07-26,Napa,055,140530,1073,769,0,769,6
2020-07-26,Nevada,057,99092,322,261,13,274,1
2020-07-26,Orange,059,3164182,41621,34352,745,35097,564
2020-07-26,Placer,061,380077,2095,1628,3,1631,12
2020-07-26,Plumas,063,18699,33,22,0,22,0
2020-07-26,Riverside,065,2383286,42495,35636,41,35677,665
2020-07-26,Sacramento,067,1510023,11690,8972,12,8984,114
2020-07-26,San Benito,069,59416,655,495,0,495,2
2020-07-26,San Bernardino,071,2135413,37567,29545,149,29694,400
2020-07-26,San Diego,073,3302833,30891,26986,4,26990,533
2020-07-26,San Francisco,075,870044,6905,5823,6,5829,55
2020-07-26,San Joaquin,077,732212,13522,10637,6,10643,129
2020-07-26,San Luis Obispo,079,281455,1984,1565,8,1573,8
2020-07-26,San Mateo,081,765935,6105,5078,7,5085,113
2020-07-26,Santa Barbara,083,443738,6451,5939,60,5999,30
2020-07-26,Santa Clara,085,1922200,11925,8986,28,9014,166
2020-07-26,Santa Cruz,087,273765,1216,970,7,977,4
2020-07-26,Shasta,089,179085,451,265,3,268,8
2020-07-26,Sierra,091,2930,2,1,0,1,0
2020-07-26,Siskiyou,093,43540,86,54,0,54,0
2020-07-26,Solano,095,438530,4023,3197,18,3215,29
2020-07-26,Sonoma,097,501317,3396,2503,6,2509,20
2020-07-26,Stanislaus,099,539301,10691,8228,18,8246,84
2020-07-26,Sutter,101,95872,771,612,0,612,2
2020-07-26,Tehama,103,63373,254,175,2,177,1
2020-07-26,Trinity,105,12862,26,3,6,9,0
2020-07-26,Tulare,107,460477,10479,8392,30,8422,172
2020-07-26,Tuolumne,109,53932,145,113,4,117,0
2020-07-26,Ventura,111,848112,8245,6844,27,6871,67
2020-07-26,Yolo,113,214977,1730,1408,3,1411,33
2020-07-26,Yuba,115,75493,431,313,0,313,1
2020-07-25,Alameda,001,1643700,12706,10361,40,10401,176
2020-07-25,Alpine,002,1148,2,2,0,2,0
2020-07-25,Amador,005,37829,139,67,0,67,0
2020-07-25,Butte,007,227075,1031,810,31,841,5
2020-07-25,Calaveras,009,45235,128,103,0,103,1
2020-07-25,Colusa,011,21464,340,265,0,265,2
2020-07-25,Contra Costa,013,1133247,9297,6920,27,6947,104
2020-07-25,Del Norte,015,27424,84,67,0,67,0
2020-07-25,El Dorado,017,186661,736,528,6,534,1
2020-07-25,Fresno,019,978130,20048,12866,167,13033,117
2020-07-25,Glenn,021,27897,352,260,0,260,1
2020-07-25,Humboldt,023,135768,244,212,1,213,4
2020-07-25,Imperial,025,180216,10068,7727,5,7732,144
2020-07-25,Inyo,027,18085,55,43,1,44,1
2020-07-25,Kern,029,883053,22794,16910,114,17024,148
2020-07-25,Kings,031,150075,4324,3516,20,3536,39
2020-07-25,Lake,033,64148,211,173,0,173,1
2020-07-25,Lassen,035,31185,574,503,2,505,0
2020-07-25,Los Angeles,037,10098052,191496,172611,460,173071,4357
2020-07-25,Madera,039,155013,2506,1724,5,1729,17
2020-07-25,Marin,041,260295,5135,4562,5,4567,22
2020-07-25,Mariposa,043,17540,55,43,0,43,1
2020-07-25,Mendocino,045,87422,267,190,0,190,0
2020-07-25,Merced,047,269075,5150,3176,1,3177,23
2020-07-25,Modoc,049,8938,3,0,0,0,0
2020-07-25,Mono,051,14174,136,82,2,84,1
2020-07-25,Monterey,053,433212,4856,3805,9,3814,21
2020-07-25,Napa,055,140530,1060,746,0,746,6
2020-07-25,Nevada,057,99092,320,257,13,270,1
2020-07-25,Orange,059,3164182,41402,33978,724,34702,561
2020-07-25,Placer,061,380077,2079,1596,3,1599,12
2020-07-25,Plumas,063,18699,33,22,0,22,0
2020-07-25,Riverside,065,2383286,42226,34921,41,34962,655
2020-07-25,Sacramento,067,1510023,11544,8674,11,8685,113
2020-07-25,San Benito,069,59416,639,492,0,492,2
2020-07-25,San Bernardino,071,2135413,37289,29265,146,29411,394
2020-07-25,San Diego,073,3302833,30630,26703,3,26706,533
2020-07-25,San Francisco,075,870044,6847,5644,6,5650,55
2020-07-25,San Joaquin,077,732212,13396,10347,5,10352,129
2020-07-25,San Luis Obispo,079,281455,1964,1530,7,1537,8
2020-07-25,San Mateo,081,765935,6042,5023,7,5030,113
2020-07-25,Santa Barbara,083,443738,6416,5880,60,5940,30
2020-07-25,Santa Clara,085,1922200,11791,8767,28,8795,166
2020-07-25,Santa Cruz,087,273765,1199,939,7,946,4
2020-07-25,Shasta,089,179085,446,263,1,264,8
2020-07-25,Sierra,091,2930,2,1,0,1,0
2020-07-25,Siskiyou,093,43540,84,54,0,54,0
2020-07-25,Solano,095,438530,3983,3107,16,3123,29
2020-07-25,Sonoma,097,501317,3357,2412,6,2418,20
2020-07-25,Stanislaus,099,539301,10588,7994,14,8008,84
2020-07-25,Sutter,101,95872,752,603,0,603,2
2020-07-25,Tehama,103,63373,253,169,2,171,1
2020-07-25,Trinity,105,12862,26,3,6,9,0
2020-07-25,Tulare,107,460477,10379,8310,30,8340,172
2020-07-25,Tuolumne,109,53932,144,99,4,103,0
2020-07-25,Ventura,111,848112,8172,6662,27,6689,62
2020-07-25,Yolo,113,214977,1714,1357,3,1360,35
2020-07-25,Yuba,115,75493,425,312,0,312,1
2020-07-24,Alameda,001,1643700,12565,10216,37,10253,176
2020-07-24,Alpine,002,1148,2,2,0,2,0
2020-07-24,Amador,005,37829,137,66,0,66,0
2020-07-24,Butte,007,227075,1019,751,31,782,5
2020-07-24,Calaveras,009,45235,124,102,0,102,0
2020-07-24,Colusa,011,21464,337,255,0,255,2
2020-07-24,Contra Costa,013,1133247,9152,6814,27,6841,100
2020-07-24,Del Norte,015,27424,84,66,0,66,0
2020-07-24,El Dorado,017,186661,714,516,6,522,1
2020-07-24,Fresno,019,978130,19823,12564,167,12731,115
2020-07-24,Glenn,021,27897,349,251,0,251,1
2020-07-24,Humboldt,023,135768,241,210,1,211,4
2020-07-24,Imperial,025,180216,10046,7686,5,7691,141
2020-07-24,Inyo,027,18085,55,41,1,42,1
2020-07-24,Kern,029,883053,22553,16124,114,16238,143
2020-07-24,Kings,031,150075,4294,3471,20,3491,39
2020-07-24,Lake,033,64148,209,167,0,167,1
2020-07-24,Lassen,035,31185,574,503,2,505,0
2020-07-24,Los Angeles,037,10098052,189471,169078,449,169527,4302
2020-07-24,Madera,039,155013,2473,1679,5,1684,16
2020-07-24,Marin,041,260295,5108,4517,5,4522,22
2020-07-24,Mariposa,043,17540,55,41,0,41,1
2020-07-24,Mendocino,045,87422,260,188,0,188,0
2020-07-24,Merced,047,269075,5064,3100,1,3101,23
2020-07-24,Modoc,049,8938,3,0,0,0,0
2020-07-24,Mono,051,14174,135,82,2,84,1
2020-07-24,Monterey,053,433212,4784,3748,9,3757,21
2020-07-24,Napa,055,140530,1047,741,0,741,6
2020-07-24,Nevada,057,99092,317,255,13,268,1
2020-07-24,Orange,059,3164182,41115,33530,708,34238,557
2020-07-24,Placer,061,380077,2048,1551,3,1554,12
2020-07-24,Plumas,063,18699,33,22,0,22,0
2020-07-24,Riverside,065,2383286,41802,34513,40,34553,631
2020-07-24,Sacramento,067,1510023,11356,8570,11,8581,110
2020-07-24,San Benito,069,59416,632,485,0,485,2
2020-07-24,San Bernardino,071,2135413,36918,28990,141,29131,386
2020-07-24,San Diego,073,3302833,30330,26100,3,26103,524
2020-07-24,San Francisco,075,870044,6753,5611,6,5617,55
2020-07-24,San Joaquin,077,732212,13247,10190,5,10195,118
2020-07-24,San Luis Obispo,079,281455,1940,1476,7,1483,8
2020-07-24,San Mateo,081,765935,5979,4954,7,4961,112
2020-07-24,Santa Barbara,083,443738,6363,5776,58,5834,30
2020-07-24,Santa Clara,085,1922200,11626,8658,28,8686,165
2020-07-24,Santa Cruz,087,273765,1179,930,7,937,4
2020-07-24,Shasta,089,179085,438,262,1,263,8
2020-07-24,Sierra,091,2930,2,1,0,1,0
2020-07-24,Siskiyou,093,43540,84,53,0,53,0
2020-07-24,Solano,095,438530,3947,3062,13,3075,29
2020-07-24,Sonoma,097,501317,3305,2345,6,2351,20
2020-07-24,Stanislaus,099,539301,10416,7861,12,7873,82
2020-07-24,Sutter,101,95872,741,593,0,593,2
2020-07-24,Tehama,103,63373,245,170,2,172,1
2020-07-24,Trinity,105,12862,25,3,6,9,0
2020-07-24,Tulare,107,460477,10285,8167,28,8195,167
2020-07-24,Tuolumne,109,53932,140,99,4,103,0
2020-07-24,Ventura,111,848112,8087,6553,27,6580,60
2020-07-24,Yolo,113,214977,1700,1329,3,1332,35
2020-07-24,Yuba,115,75493,410,307,0,307,1
2020-07-23,Alameda,001,1643700,12322,9924,37,9961,171
2020-07-23,Alpine,002,1148,2,2,0,2,0
2020-07-23,Amador,005,37829,120,61,0,61,0
2020-07-23,Butte,007,227075,1004,726,30,756,5
2020-07-23,Calaveras,009,45235,117,102,0,102,0
2020-07-23,Colusa,011,21464,329,242,0,242,2
2020-07-23,Contra Costa,013,1133247,8953,6619,25,6644,98
2020-07-23,Del Norte,015,27424,84,66,0,66,0
2020-07-23,El Dorado,017,186661,703,491,6,497,1
2020-07-23,Fresno,019,978130,19466,12164,164,12328,112
2020-07-23,Glenn,021,27897,344,246,0,246,1
2020-07-23,Humboldt,023,135768,240,208,1,209,4
2020-07-23,Imperial,025,180216,9995,7604,5,7609,138
2020-07-23,Inyo,027,18085,53,38,1,39,1
2020-07-23,Kern,029,883053,22146,14491,110,14601,128
2020-07-23,Kings,031,150075,4182,3371,20,3391,39
2020-07-23,Lake,033,64148,200,160,0,160,1
2020-07-23,Lassen,035,31185,571,503,2,505,0
2020-07-23,Los Angeles,037,10098052,186922,167198,423,167621,4265
2020-07-23,Madera,039,155013,2407,1659,4,1663,13
2020-07-23,Marin,041,260295,5056,4423,5,4428,22
2020-07-23,Mariposa,043,17540,55,40,0,40,1
2020-07-23,Mendocino,045,87422,250,178,0,178,0
2020-07-23,Merced,047,269075,4909,2972,1,2973,22
2020-07-23,Modoc,049,8938,3,0,0,0,0
2020-07-23,Mono,051,14174,131,82,2,84,1
2020-07-23,Monterey,053,433212,4667,3655,9,3664,21
2020-07-23,Napa,055,140530,1023,713,0,713,5
2020-07-23,Nevada,057,99092,314,247,13,260,1
2020-07-23,Orange,059,3164182,40619,32863,678,33541,544
2020-07-23,Placer,061,380077,2004,1519,3,1522,12
2020-07-23,Plumas,063,18699,32,21,0,21,0
2020-07-23,Riverside,065,2383286,41197,33833,40,33873,630
2020-07-23,Sacramento,067,1510023,11123,8222,11,8233,108
2020-07-23,San Benito,069,59416,618,478,0,478,2
2020-07-23,San Bernardino,071,2135413,36399,28121,135,28256,369
2020-07-23,San Diego,073,3302833,29956,25109,3,25112,505
2020-07-23,San Francisco,075,870044,6652,5543,6,5549,55
2020-07-23,San Joaquin,077,732212,13028,9861,5,9866,111
2020-07-23,San Luis Obispo,079,281455,1911,1438,7,1445,7
2020-07-23,San Mateo,081,765935,5874,4895,7,4902,113
2020-07-23,Santa Barbara,083,443738,6290,5628,58,5686,30
2020-07-23,Santa Clara,085,1922200,11407,8458,28,8486,165
2020-07-23,Santa Cruz,087,273765,1143,887,7,894,3
2020-07-23,Shasta,089,179085,427,254,1,255,9
2020-07-23,Sierra,091,2930,2,1,0,1,0
2020-07-23,Siskiyou,093,43540,82,53,0,53,0
2020-07-23,Solano,095,438530,3883,2962,11,2973,29
2020-07-23,Sonoma,097,501317,3229,2289,6,2295,18
2020-07-23,Stanislaus,099,539301,10174,7603,12,7615,71
2020-07-23,Sutter,101,95872,708,570,0,570,2
2020-07-23,Tehama,103,63373,239,158,2,160,1
2020-07-23,Trinity,105,12862,24,3,6,9,0
2020-07-23,Tulare,107,460477,10096,7898,28,7926,168
2020-07-23,Tuolumne,109,53932,140,93,4,97,0
2020-07-23,Ventura,111,848112,7963,6303,27,6330,56
2020-07-23,Yolo,113,214977,1682,1279,3,1282,35
2020-07-23,Yuba,115,75493,390,297,0,297,1
2020-07-22,Alameda,001,1643700,12105,9678,36,9714,169
2020-07-22,Alpine,002,1148,2,2,0,2,0
2020-07-22,Amador,005,37829,118,58,0,58,0
2020-07-22,Butte,007,227075,968,694,30,724,5
2020-07-22,Calaveras,009,45235,117,98,0,98,0
2020-07-22,Colusa,011,21464,322,236,0,236,0
2020-07-22,Contra Costa,013,1133247,8727,6401,25,6426,98
2020-07-22,Del Norte,015,27424,84,66,0,66,0
2020-07-22,El Dorado,017,186661,690,466,6,472,1
2020-07-22,Fresno,019,978130,19102,11756,158,11914,110
2020-07-22,Glenn,021,27897,338,236,0,236,1
2020-07-22,Humboldt,023,135768,238,201,1,202,4
2020-07-22,Imperial,025,180216,9936,7533,5,7538,134
2020-07-22,Inyo,027,18085,49,38,1,39,1
2020-07-22,Kern,029,883053,21714,13513,102,13615,127
2020-07-22,Kings,031,150075,4126,3271,20,3291,38
2020-07-22,Lake,033,64148,197,160,0,160,1
2020-07-22,Lassen,035,31185,568,500,2,502,0
2020-07-22,Los Angeles,037,10098052,184271,165242,402,165644,4218
2020-07-22,Madera,039,155013,2332,1578,4,1582,10
2020-07-22,Marin,041,260295,5000,4373,5,4378,23
2020-07-22,Mariposa,043,17540,55,38,0,38,1
2020-07-22,Mendocino,045,87422,243,166,0,166,0
2020-07-22,Merced,047,269075,4783,2828,1,2829,15
2020-07-22,Modoc,049,8938,3,0,0,0,0
2020-07-22,Mono,051,14174,128,82,2,84,1
2020-07-22,Monterey,053,433212,4566,3533,9,3542,20
2020-07-22,Napa,055,140530,1001,687,0,687,5
2020-07-22,Nevada,057,99092,308,239,12,251,1
2020-07-22,Orange,059,3164182,40120,32047,669,32716,522
2020-07-22,Placer,061,380077,1948,1469,3,1472,12
2020-07-22,Plumas,063,18699,31,20,0,20,0
2020-07-22,Riverside,065,2383286,40561,33093,40,33133,612
2020-07-22,Sacramento,067,1510023,10861,8028,11,8039,106
2020-07-22,San Benito,069,59416,604,465,0,465,2
2020-07-22,San Bernardino,071,2135413,35877,26820,124,26944,348
2020-07-22,San Diego,073,3302833,29568,25109,2,25111,505
2020-07-22,San Francisco,075,870044,6548,5473,5,5478,53
2020-07-22,San Joaquin,077,732212,12750,9628,5,9633,102
2020-07-22,San Luis Obispo,079,281455,1865,1373,7,1380,7
2020-07-22,San Mateo,081,765935,5785,4796,7,4803,112
2020-07-22,Santa Barbara,083,443738,6206,5508,56,5564,29
2020-07-22,Santa Clara,085,1922200,11164,8266,28,8294,166
2020-07-22,Santa Cruz,087,273765,1119,866,7,873,3
2020-07-22,Shasta,089,179085,417,246,1,247,9
2020-07-22,Sierra,091,2930,1,1,0,1,0
2020-07-22,Siskiyou,093,43540,81,52,0,52,0
2020-07-22,Solano,095,438530,3822,2839,10,2849,29
2020-07-22,Sonoma,097,501317,3152,2255,6,2261,17
2020-07-22,Stanislaus,099,539301,10003,7401,12,7413,71
2020-07-22,Sutter,101,95872,684,551,0,551,2
2020-07-22,Tehama,103,63373,231,155,2,157,1
2020-07-22,Trinity,105,12862,23,3,6,9,0
2020-07-22,Tulare,107,460477,9863,7640,28,7668,167
2020-07-22,Tuolumne,109,53932,136,91,4,95,0
2020-07-22,Ventura,111,848112,7835,6223,25,6248,56
2020-07-22,Yolo,113,214977,1640,1233,3,1236,34
2020-07-22,Yuba,115,75493,375,288,0,288,1
2020-07-21,Alameda,001,1643700,11891,9390,36,9426,166
2020-07-21,Alpine,002,1148,2,2,0,2,0
2020-07-21,Amador,005,37829,113,55,0,55,0
2020-07-21,Butte,007,227075,923,659,29,688,5
2020-07-21,Calaveras,009,45235,111,96,0,96,0
2020-07-21,Colusa,011,21464,298,227,0,227,0
2020-07-21,Contra Costa,013,1133247,8485,6210,25,6235,98
2020-07-21,Del Norte,015,27424,84,66,0,66,0
2020-07-21,El Dorado,017,186661,682,440,6,446,1
2020-07-21,Fresno,019,978130,18702,11412,152,11564,107
2020-07-21,Glenn,021,27897,331,229,0,229,1
2020-07-21,Humboldt,023,135768,236,198,1,199,4
2020-07-21,Imperial,025,180216,9886,7458,5,7463,128
2020-07-21,Inyo,027,18085,48,38,1,39,1
2020-07-21,Kern,029,883053,21292,11998,96,12094,119
2020-07-21,Kings,031,150075,4061,3187,19,3206,38
2020-07-21,Lake,033,64148,197,157,0,157,1
2020-07-21,Lassen,035,31185,566,474,2,476,0
2020-07-21,Los Angeles,037,10098052,181283,162205,378,162583,4159
2020-07-21,Madera,039,155013,2267,1508,3,1511,10
2020-07-21,Marin,041,260295,4928,4318,5,4323,21
2020-07-21,Mariposa,043,17540,54,37,0,37,1
2020-07-21,Mendocino,045,87422,232,160,0,160,0
2020-07-21,Merced,047,269075,4602,2725,1,2726,15
2020-07-21,Modoc,049,8938,3,0,0,0,0
2020-07-21,Mono,051,14174,124,79,2,81,1
2020-07-21,Monterey,053,433212,4434,3404,8,3412,20
2020-07-21,Napa,055,140530,974,660,0,660,5
2020-07-21,Nevada,057,99092,306,228,10,238,1
2020-07-21,Orange,059,3164182,39624,31356,637,31993,515
2020-07-21,Placer,061,380077,1907,1413,3,1416,11
2020-07-21,Plumas,063,18699,31,19,0,19,0
2020-07-21,Riverside,065,2383286,39859,32231,40,32271,583
2020-07-21,Sacramento,067,1510023,10589,7789,10,7799,102
2020-07-21,San Benito,069,59416,593,444,0,444,2
2020-07-21,San Bernardino,071,2135413,35230,25323,117,25440,343
2020-07-21,San Diego,073,3302833,29119,24522,2,24524,487
2020-07-21,San Francisco,075,870044,6439,5377,5,5382,53
2020-07-21,San Joaquin,077,732212,12422,9150,5,9155,99
2020-07-21,San Luis Obispo,079,281455,1816,1338,7,1345,7
2020-07-21,San Mateo,081,765935,5693,4733,7,4740,111
2020-07-21,Santa Barbara,083,443738,6126,5422,55,5477,29
2020-07-21,Santa Clara,085,1922200,10901,7989,28,8017,164
2020-07-21,Santa Cruz,087,273765,1086,835,7,842,3
2020-07-21,Shasta,089,179085,409,241,1,242,9
2020-07-21,Sierra,091,2930,1,1,0,1,0
2020-07-21,Siskiyou,093,43540,81,48,0,48,0
2020-07-21,Solano,095,438530,3750,2727,10,2737,27
2020-07-21,Sonoma,097,501317,3095,2200,6,2206,17
2020-07-21,Stanislaus,099,539301,9740,6984,12,6996,69
2020-07-21,Sutter,101,95872,668,533,0,533,2
2020-07-21,Tehama,103,63373,221,150,2,152,1
2020-07-21,Trinity,105,12862,23,2,6,8,0
2020-07-21,Tulare,107,460477,9661,7447,28,7475,167
2020-07-21,Tuolumne,109,53932,134,75,4,79,0
2020-07-21,Ventura,111,848112,7703,6131,25,6156,55
2020-07-21,Yolo,113,214977,1586,1204,3,1207,34
2020-07-21,Yuba,115,75493,369,269,0,269,1
2020-07-20,Alameda,001,1643700,11636,9244,35,9279,162
2020-07-20,Alpine,002,1148,2,2,0,2,0
2020-07-20,Amador,005,37829,110,53,0,53,0
2020-07-20,Butte,007,227075,886,586,29,615,4
2020-07-20,Calaveras,009,45235,108,90,0,90,0
2020-07-20,Colusa,011,21464,287,217,0,217,0
2020-07-20,Contra Costa,013,1133247,8277,5823,25,5848,97
2020-07-20,Del Norte,015,27424,84,61,0,61,0
2020-07-20,El Dorado,017,186661,659,407,6,413,0
2020-07-20,Fresno,019,978130,18259,10891,151,11042,106
2020-07-20,Glenn,021,27897,323,225,0,225,1
2020-07-20,Humboldt,023,135768,229,194,1,195,4
2020-07-20,Imperial,025,180216,9845,7337,5,7342,124
2020-07-20,Inyo,027,18085,46,38,1,39,1
2020-07-20,Kern,029,883053,20782,10908,92,11000,118
2020-07-20,Kings,031,150075,4011,3093,19,3112,37
2020-07-20,Lake,033,64148,194,147,0,147,1
2020-07-20,Lassen,035,31185,564,474,2,476,0
2020-07-20,Los Angeles,037,10098052,178320,159202,351,159553,4108
2020-07-20,Madera,039,155013,2192,1433,3,1436,10
2020-07-20,Marin,041,260295,4845,4255,5,4260,21
2020-07-20,Mariposa,043,17540,53,36,0,36,1
2020-07-20,Mendocino,045,87422,219,153,0,153,0
2020-07-20,Merced,047,269075,4430,2584,1,2585,15
2020-07-20,Modoc,049,8938,3,0,0,0,0
2020-07-20,Mono,051,14174,118,78,2,80,1
2020-07-20,Monterey,053,433212,4328,3205,8,3213,19
2020-07-20,Napa,055,140530,939,632,0,632,5
2020-07-20,Nevada,057,99092,298,218,10,228,1
2020-07-20,Orange,059,3164182,39014,30337,607,30944,507
2020-07-20,Placer,061,380077,1856,1364,3,1367,11
2020-07-20,Plumas,063,18699,30,17,0,17,0
2020-07-20,Riverside,065,2383286,39027,31163,40,31203,581
2020-07-20,Sacramento,067,1510023,10261,7369,10,7379,99
2020-07-20,San Benito,069,59416,575,433,0,433,2
2020-07-20,San Bernardino,071,2135413,34422,24226,113,24339,338
2020-07-20,San Diego,073,3302833,28677,24137,2,24139,478
2020-07-20,San Francisco,075,870044,6318,5090,5,5095,53
2020-07-20,San Joaquin,077,732212,12066,8583,5,8588,97
2020-07-20,San Luis Obispo,079,281455,1774,1282,7,1289,6
2020-07-20,San Mateo,081,765935,5593,4609,7,4616,111
2020-07-20,Santa Barbara,083,443738,6016,5266,53,5319,29
2020-07-20,Santa Clara,085,1922200,10673,7711,27,7738,164
2020-07-20,Santa Cruz,087,273765,1054,758,7,765,3
2020-07-20,Shasta,089,179085,394,233,1,234,9
2020-07-20,Sierra,091,2930,1,1,0,1,0
2020-07-20,Siskiyou,093,43540,77,42,0,42,0
2020-07-20,Solano,095,438530,3667,2537,10,2547,26
2020-07-20,Sonoma,097,501317,2989,2148,6,2154,17
2020-07-20,Stanislaus,099,539301,9456,6835,12,6847,58
2020-07-20,Sutter,101,95872,635,507,0,507,2
2020-07-20,Tehama,103,63373,211,146,2,148,1
2020-07-20,Trinity,105,12862,23,2,6,8,0
2020-07-20,Tulare,107,460477,9427,6974,28,7002,166
2020-07-20,Tuolumne,109,53932,133,75,4,79,0
2020-07-20,Ventura,111,848112,7569,5912,25,5937,52
2020-07-20,Yolo,113,214977,1545,1155,3,1158,30
2020-07-20,Yuba,115,75493,349,258,0,258,1
2020-07-19,Alameda,001,1643700,11395,9227,29,9256,162
2020-07-19,Alpine,002,1148,2,2,0,2,0
2020-07-19,Amador,005,37829,103,51,0,51,0
2020-07-19,Butte,007,227075,861,555,25,580,4
2020-07-19,Calaveras,009,45235,106,89,0,89,0
2020-07-19,Colusa,011,21464,279,187,0,187,0
2020-07-19,Contra Costa,013,1133247,7986,5691,23,5714,95
2020-07-19,Del Norte,015,27424,83,61,0,61,0
2020-07-19,El Dorado,017,186661,641,385,6,391,0
2020-07-19,Fresno,019,978130,17736,10639,139,10778,106
2020-07-19,Glenn,021,27897,309,215,0,215,0
2020-07-19,Humboldt,023,135768,221,195,1,196,4
2020-07-19,Imperial,025,180216,9754,7280,5,7285,124
2020-07-19,Inyo,027,18085,42,38,1,39,1
2020-07-19,Kern,029,883053,20165,10094,84,10178,115
2020-07-19,Kings,031,150075,3925,3035,19,3054,37
2020-07-19,Lake,033,64148,189,144,0,144,1
2020-07-19,Lassen,035,31185,545,474,2,476,0
2020-07-19,Los Angeles,037,10098052,174874,156039,328,156367,4100
2020-07-19,Madera,039,155013,2115,1301,3,1304,10
2020-07-19,Marin,041,260295,4790,4172,5,4177,21
2020-07-19,Mariposa,043,17540,49,35,0,35,1
2020-07-19,Mendocino,045,87422,214,137,0,137,0
2020-07-19,Merced,047,269075,4222,2460,1,2461,15
2020-07-19,Modoc,049,8938,3,0,0,0,0
2020-07-19,Mono,051,14174,107,63,2,65,1
2020-07-19,Monterey,053,433212,4209,3079,8,3087,18
2020-07-19,Napa,055,140530,910,612,0,612,5
2020-07-19,Nevada,057,99092,292,210,10,220,1
2020-07-19,Orange,059,3164182,38450,29941,594,30535,505
2020-07-19,Placer,061,380077,1809,1246,3,1249,11
2020-07-19,Plumas,063,18699,30,17,0,17,0
2020-07-19,Riverside,065,2383286,38322,30340,40,30380,581
2020-07-19,Sacramento,067,1510023,9868,6985,10,6995,97
2020-07-19,San Benito,069,59416,559,412,0,412,2
2020-07-19,San Bernardino,071,2135413,33649,23928,101,24029,337
2020-07-19,San Diego,073,3302833,28176,23684,2,23686,478
2020-07-19,San Francisco,075,870044,6172,5094,5,5099,52
2020-07-19,San Joaquin,077,732212,11659,8308,5,8313,93
2020-07-19,San Luis Obispo,079,281455,1730,1262,7,1269,6
2020-07-19,San Mateo,081,765935,5489,4522,7,4529,110
2020-07-19,Santa Barbara,083,443738,5914,5145,50,5195,29
2020-07-19,Santa Clara,085,1922200,10429,7403,27,7430,164
2020-07-19,Santa Cruz,087,273765,1010,753,7,760,3
2020-07-19,Shasta,089,179085,381,218,1,219,9
2020-07-19,Sierra,091,2930,1,1,0,1,0
2020-07-19,Siskiyou,093,43540,75,42,0,42,0
2020-07-19,Solano,095,438530,3562,2551,10,2561,26
2020-07-19,Sonoma,097,501317,2889,2074,6,2080,17
2020-07-19,Stanislaus,099,539301,9160,6508,12,6520,58
2020-07-19,Sutter,101,95872,604,480,0,480,2
2020-07-19,Tehama,103,63373,207,138,2,140,1
2020-07-19,Trinity,105,12862,23,2,6,8,0
2020-07-19,Tulare,107,460477,9179,6856,28,6884,166
2020-07-19,Tuolumne,109,53932,128,75,4,79,0
2020-07-19,Ventura,111,848112,7379,5706,25,5731,52
2020-07-19,Yolo,113,214977,1505,1127,3,1130,30
2020-07-19,Yuba,115,75493,329,240,0,240,1
2020-07-18,Alameda,001,1643700,11258,9089,28,9117,162
2020-07-18,Alpine,002,1148,2,2,0,2,0
2020-07-18,Amador,005,37829,99,49,0,49,0
2020-07-18,Butte,007,227075,852,551,24,575,4
2020-07-18,Calaveras,009,45235,102,89,0,89,0
2020-07-18,Colusa,011,21464,274,182,0,182,0
2020-07-18,Contra Costa,013,1133247,7852,5617,23,5640,95
2020-07-18,Del Norte,015,27424,83,61,0,61,0
2020-07-18,El Dorado,017,186661,638,385,6,391,0
2020-07-18,Fresno,019,978130,17487,10381,137,10518,106
2020-07-18,Glenn,021,27897,303,212,0,212,0
2020-07-18,Humboldt,023,135768,218,189,1,190,4
2020-07-18,Imperial,025,180216,9724,7268,5,7273,124
2020-07-18,Inyo,027,18085,42,38,1,39,1
2020-07-18,Kern,029,883053,19862,9250,81,9331,114
2020-07-18,Kings,031,150075,3885,2996,18,3014,37
2020-07-18,Lake,033,64148,186,142,0,142,1
2020-07-18,Lassen,035,31185,544,474,2,476,0
2020-07-18,Los Angeles,037,10098052,173428,153265,318,153583,4088
2020-07-18,Madera,039,155013,2069,1260,3,1263,9
2020-07-18,Marin,041,260295,4761,4089,5,4094,21
2020-07-18,Mariposa,043,17540,49,35,0,35,1
2020-07-18,Mendocino,045,87422,208,137,0,137,0
2020-07-18,Merced,047,269075,4105,2424,1,2425,15
2020-07-18,Modoc,049,8938,3,0,0,0,0
2020-07-18,Mono,051,14174,105,54,2,56,1
2020-07-18,Monterey,053,433212,4141,3020,8,3028,17
2020-07-18,Napa,055,140530,899,609,0,609,5
2020-07-18,Nevada,057,99092,288,204,9,213,1
2020-07-18,Orange,059,3164182,38131,29603,574,30177,493
2020-07-18,Placer,061,380077,1786,1233,3,1236,11
2020-07-18,Plumas,063,18699,30,17,0,17,0
2020-07-18,Riverside,065,2383286,37968,30245,39,30284,581
2020-07-18,Sacramento,067,1510023,9623,6739,10,6749,95
2020-07-18,San Benito,069,59416,544,407,0,407,2
2020-07-18,San Bernardino,071,2135413,33189,23680,94,23774,336
2020-07-18,San Diego,073,3302833,27873,23116,2,23118,478
2020-07-18,San Francisco,075,870044,6070,5051,5,5056,52
2020-07-18,San Joaquin,077,732212,11446,8118,5,8123,93
2020-07-18,San Luis Obispo,079,281455,1695,1234,7,1241,6
2020-07-18,San Mateo,081,765935,5429,4488,7,4495,110
2020-07-18,Santa Barbara,083,443738,5854,5110,48,5158,29
2020-07-18,Santa Clara,085,1922200,10280,7255,26,7281,164
2020-07-18,Santa Cruz,087,273765,993,751,7,758,3
2020-07-18,Shasta,089,179085,372,216,1,217,9
2020-07-18,Sierra,091,2930,1,1,0,1,0
2020-07-18,Siskiyou,093,43540,71,42,0,42,0
2020-07-18,Solano,095,438530,3521,2503,10,2513,26
2020-07-18,Sonoma,097,501317,2838,2019,6,2025,15
2020-07-18,Stanislaus,099,539301,9025,6344,12,6356,58
2020-07-18,Sutter,101,95872,598,473,0,473,2
2020-07-18,Tehama,103,63373,202,136,2,138,1
2020-07-18,Trinity,105,12862,23,2,6,8,0
2020-07-18,Tulare,107,460477,9088,6810,27,6837,167
2020-07-18,Tuolumne,109,53932,125,75,4,79,0
2020-07-18,Ventura,111,848112,7297,5630,25,5655,52
2020-07-18,Yolo,113,214977,1477,1077,3,1080,30
2020-07-18,Yuba,115,75493,318,237,0,237,1
2020-07-17,Alameda,001,1643700,11116,8893,27,8920,160
2020-07-17,Alpine,002,1148,2,1,0,1,0
2020-07-17,Amador,005,37829,97,48,0,48,0
2020-07-17,Butte,007,227075,838,497,24,521,4
2020-07-17,Calaveras,009,45235,99,86,0,86,0
2020-07-17,Colusa,011,21464,272,146,0,146,0
2020-07-17,Contra Costa,013,1133247,7704,5483,23,5506,93
2020-07-17,Del Norte,015,27424,82,60,0,60,0
2020-07-17,El Dorado,017,186661,622,368,6,374,0
2020-07-17,Fresno,019,978130,17191,9954,137,10091,104
2020-07-17,Glenn,021,27897,296,203,0,203,0
2020-07-17,Humboldt,023,135768,217,185,1,186,4
2020-07-17,Imperial,025,180216,9702,7193,5,7198,120
2020-07-17,Inyo,027,18085,42,38,1,39,1
2020-07-17,Kern,029,883053,19542,8291,80,8371,113
2020-07-17,Kings,031,150075,3846,2978,18,2996,37
2020-07-17,Lake,033,64148,184,139,0,139,1
2020-07-17,Lassen,035,31185,525,391,2,393,0
2020-07-17,Los Angeles,037,10098052,171055,150481,305,150786,4052
2020-07-17,Madera,039,155013,2025,1214,3,1217,9
2020-07-17,Marin,041,260295,4724,3839,5,3844,21
2020-07-17,Mariposa,043,17540,47,35,0,35,1
2020-07-17,Mendocino,045,87422,200,126,0,126,0
2020-07-17,Merced,047,269075,4031,2328,1,2329,12
2020-07-17,Modoc,049,8938,2,0,0,0,0
2020-07-17,Mono,051,14174,100,54,2,56,1
2020-07-17,Monterey,053,433212,4012,2922,8,2930,18
2020-07-17,Napa,055,140530,885,598,0,598,5
2020-07-17,Nevada,057,99092,281,200,9,209,1
2020-07-17,Orange,059,3164182,37668,28962,541,29503,485
2020-07-17,Placer,061,380077,1757,1207,3,1210,11
2020-07-17,Plumas,063,18699,27,16,0,16,0
2020-07-17,Riverside,065,2383286,37368,29639,39,29678,580
2020-07-17,Sacramento,067,1510023,9379,6563,10,6573,95
2020-07-17,San Benito,069,59416,529,399,0,399,2
2020-07-17,San Bernardino,071,2135413,32670,23057,91,23148,322
2020-07-17,San Diego,073,3302833,27485,22491,2,22493,472
2020-07-17,San Francisco,075,870044,5976,4967,5,4972,52
2020-07-17,San Joaquin,077,732212,11202,7925,5,7930,86
2020-07-17,San Luis Obispo,079,281455,1658,1190,7,1197,6
2020-07-17,San Mateo,081,765935,5332,4407,7,4414,110
2020-07-17,Santa Barbara,083,443738,5782,5001,47,5048,29
2020-07-17,Santa Clara,085,1922200,10062,7080,26,7106,164
2020-07-17,Santa Cruz,087,273765,971,716,7,723,3
2020-07-17,Shasta,089,179085,360,213,1,214,8
2020-07-17,Sierra,091,2930,1,1,0,1,0
2020-07-17,Siskiyou,093,43540,70,40,0,40,0
2020-07-17,Solano,095,438530,3472,2452,10,2462,26
2020-07-17,Sonoma,097,501317,2789,1982,6,1988,15
2020-07-17,Stanislaus,099,539301,8851,6220,12,6232,56
2020-07-17,Sutter,101,95872,585,458,0,458,2
2020-07-17,Tehama,103,63373,198,128,2,130,1
2020-07-17,Trinity,105,12862,23,2,6,8,0
2020-07-17,Tulare,107,460477,8952,6671,27,6698,166
2020-07-17,Tuolumne,109,53932,124,73,4,77,0
2020-07-17,Ventura,111,848112,7214,5451,25,5476,51
2020-07-17,Yolo,113,214977,1453,1055,3,1058,30
2020-07-17,Yuba,115,75493,308,231,0,231,1
2020-07-16,Alameda,001,1643700,10883,8719,22,8741,153
2020-07-16,Alpine,002,1148,2,1,0,1,0
2020-07-16,Amador,005,37829,94,46,0,46,0
2020-07-16,Butte,007,227075,801,465,23,488,4
2020-07-16,Calaveras,009,45235,97,82,0,82,0
2020-07-16,Colusa,011,21464,263,140,0,140,0
2020-07-16,Contra Costa,013,1133247,7492,5338,17,5355,91
2020-07-16,Del Norte,015,27424,82,60,0,60,0
2020-07-16,El Dorado,017,186661,605,357,6,363,0
2020-07-16,Fresno,019,978130,16680,9481,128,9609,101
2020-07-16,Glenn,021,27897,287,190,0,190,0
2020-07-16,Humboldt,023,135768,215,184,1,185,4
2020-07-16,Imperial,025,180216,9608,7148,5,7153,113
2020-07-16,Inyo,027,18085,42,38,1,39,1
2020-07-16,Kern,029,883053,19020,7435,78,7513,112
2020-07-16,Kings,031,150075,3680,2937,18,2955,37
2020-07-16,Lake,033,64148,179,128,0,128,1
2020-07-16,Lassen,035,31185,524,355,2,357,0
2020-07-16,Los Angeles,037,10098052,167833,147759,280,148039,3994
2020-07-16,Madera,039,155013,1961,1192,3,1195,8
2020-07-16,Marin,041,260295,4651,3546,5,3551,21
2020-07-16,Mariposa,043,17540,45,34,0,34,1
2020-07-16,Mendocino,045,87422,195,121,0,121,0
2020-07-16,Merced,047,269075,3870,2228,1,2229,12
2020-07-16,Modoc,049,8938,1,0,0,0,0
2020-07-16,Mono,051,14174,97,53,2,55,1
2020-07-16,Monterey,053,433212,3907,2857,7,2864,18
2020-07-16,Napa,055,140530,856,581,0,581,5
2020-07-16,Nevada,057,99092,278,191,9,200,1
2020-07-16,Orange,059,3164182,36965,28525,505,29030,471
2020-07-16,Placer,061,380077,1709,1168,3,1171,11
2020-07-16,Plumas,063,18699,25,16,0,16,0
2020-07-16,Riverside,065,2383286,36621,28904,37,28941,577
2020-07-16,Sacramento,067,1510023,9066,6440,9,6449,91
2020-07-16,San Benito,069,59416,512,389,0,389,2
2020-07-16,San Bernardino,071,2135413,31809,22355,73,22428,321
2020-07-16,San Diego,073,3302833,26998,21857,2,21859,465
2020-07-16,San Francisco,075,870044,5835,4838,5,4843,52
2020-07-16,San Joaquin,077,732212,10839,7713,5,7718,82
2020-07-16,San Luis Obispo,079,281455,1614,1146,7,1153,6
2020-07-16,San Mateo,081,765935,5228,4336,7,4343,110
2020-07-16,Santa Barbara,083,443738,5687,4872,46,4918,28
2020-07-16,Santa Clara,085,1922200,9782,6990,24,7014,164
2020-07-16,Santa Cruz,087,273765,930,698,7,705,3
2020-07-16,Shasta,089,179085,345,208,1,209,7
2020-07-16,Sierra,091,2930,1,1,0,1,0
2020-07-16,Siskiyou,093,43540,67,39,0,39,0
2020-07-16,Solano,095,438530,3378,2372,10,2382,25
2020-07-16,Sonoma,097,501317,2699,1954,6,1960,14
2020-07-16,Stanislaus,099,539301,8568,6077,11,6088,56
2020-07-16,Sutter,101,95872,569,444,0,444,2
2020-07-16,Tehama,103,63373,188,126,2,128,1
2020-07-16,Trinity,105,12862,23,2,5,7,0
2020-07-16,Tulare,107,460477,8738,6467,26,6493,163
2020-07-16,Tuolumne,109,53932,117,71,4,75,0
2020-07-16,Ventura,111,848112,7052,5231,25,5256,50
2020-07-16,Yolo,113,214977,1411,1034,3,1037,29
2020-07-16,Yuba,115,75493,290,221,0,221,1
2020-07-15,Alameda,001,1643700,10678,8615,17,8632,153
2020-07-15,Alpine,002,1148,2,1,0,1,0
2020-07-15,Amador,005,37829,73,44,0,44,0
2020-07-15,Butte,007,227075,759,420,23,443,4
2020-07-15,Calaveras,009,45235,97,75,0,75,0
2020-07-15,Colusa,011,21464,258,135,0,135,0
2020-07-15,Contra Costa,013,1133247,7261,5246,17,5263,90
2020-07-15,Del Norte,015,27424,81,60,0,60,0
2020-07-15,El Dorado,017,186661,581,339,6,345,0
2020-07-15,Fresno,019,978130,16208,9124,122,9246,101
2020-07-15,Glenn,021,27897,278,184,0,184,0
2020-07-15,Humboldt,023,135768,213,181,1,182,4
2020-07-15,Imperial,025,180216,9541,7110,5,7115,110
2020-07-15,Inyo,027,18085,42,36,1,37,1
2020-07-15,Kern,029,883053,18400,7155,74,7229,108
2020-07-15,Kings,031,150075,3618,2906,18,2924,37
2020-07-15,Lake,033,64148,177,122,0,122,1
2020-07-15,Lassen,035,31185,520,319,2,321,0
2020-07-15,Los Angeles,037,10098052,164366,143343,265,143608,3946
2020-07-15,Madera,039,155013,1892,1147,3,1150,4
2020-07-15,Marin,041,260295,4596,3458,5,3463,21
2020-07-15,Mariposa,043,17540,45,34,0,34,1
2020-07-15,Mendocino,045,87422,192,119,0,119,0
2020-07-15,Merced,047,269075,3723,2156,1,2157,12
2020-07-15,Modoc,049,8938,1,0,0,0,0
2020-07-15,Mono,051,14174,95,52,2,54,1
2020-07-15,Monterey,053,433212,3795,2780,7,2787,18
2020-07-15,Napa,055,140530,830,573,0,573,5
2020-07-15,Nevada,057,99092,274,185,7,192,1
2020-07-15,Orange,059,3164182,36166,27718,471,28189,454
2020-07-15,Placer,061,380077,1651,1145,3,1148,11
2020-07-15,Plumas,063,18699,25,16,0,16,0
2020-07-15,Riverside,065,2383286,35839,28492,35,28527,568
2020-07-15,Sacramento,067,1510023,8686,6217,9,6226,91
2020-07-15,San Benito,069,59416,503,388,0,388,2
2020-07-15,San Bernardino,071,2135413,31019,21508,57,21565,317
2020-07-15,San Diego,073,3302833,26531,21448,2,21450,448
2020-07-15,San Francisco,075,870044,5721,4757,5,4762,50
2020-07-15,San Joaquin,077,732212,10408,7381,4,7385,75
2020-07-15,San Luis Obispo,079,281455,1571,1097,7,1104,6
2020-07-15,San Mateo,081,765935,5115,4258,7,4265,109
2020-07-15,Santa Barbara,083,443738,5573,4733,46,4779,28
2020-07-15,Santa Clara,085,1922200,9479,6900,24,6924,164
2020-07-15,Santa Cruz,087,273765,894,660,6,666,3
2020-07-15,Shasta,089,179085,336,193,1,194,7
2020-07-15,Sierra,091,2930,1,1,0,1,0
2020-07-15,Siskiyou,093,43540,66,38,0,38,0
2020-07-15,Solano,095,438530,3283,2343,10,2353,25
2020-07-15,Sonoma,097,501317,2601,1920,6,1926,14
2020-07-15,Stanislaus,099,539301,8271,5777,11,5788,56
2020-07-15,Sutter,101,95872,543,433,0,433,2
2020-07-15,Tehama,103,63373,180,126,2,128,1
2020-07-15,Trinity,105,12862,22,2,5,7,0
2020-07-15,Tulare,107,460477,8526,6320,26,6346,156
2020-07-15,Tuolumne,109,53932,110,68,4,72,0
2020-07-15,Ventura,111,848112,6875,5087,25,5112,50
2020-07-15,Yolo,113,214977,1377,1002,3,1005,27
2020-07-15,Yuba,115,75493,278,221,0,221,1
2020-07-14,Alameda,001,1643700,10337,8388,11,8399,151
2020-07-14,Alpine,002,1148,2,1,0,1,0
2020-07-14,Amador,005,37829,69,44,0,44,0
2020-07-14,Butte,007,227075,713,382,23,405,4
2020-07-14,Calaveras,009,45235,95,74,0,74,0
2020-07-14,Colusa,011,21464,248,128,0,128,0
2020-07-14,Contra Costa,013,1133247,7024,5110,15,5125,90
2020-07-14,Del Norte,015,27424,80,60,0,60,0
2020-07-14,El Dorado,017,186661,566,324,6,330,0
2020-07-14,Fresno,019,978130,15785,8941,117,9058,98
2020-07-14,Glenn,021,27897,268,177,0,177,0
2020-07-14,Humboldt,023,135768,210,175,1,176,4
2020-07-14,Imperial,025,180216,9415,7095,5,7100,109
2020-07-14,Inyo,027,18085,42,35,1,36,1
2020-07-14,Kern,029,883053,17641,6979,61,7040,107
2020-07-14,Kings,031,150075,3551,2867,17,2884,37
2020-07-14,Lake,033,64148,171,120,0,120,1
2020-07-14,Lassen,035,31185,503,263,2,265,0
2020-07-14,Los Angeles,037,10098052,161233,140632,236,140868,3900
2020-07-14,Madera,039,155013,1818,1118,3,1121,4
2020-07-14,Marin,041,260295,4482,3451,5,3456,21
2020-07-14,Mariposa,043,17540,41,32,0,32,1
2020-07-14,Mendocino,045,87422,184,110,0,110,0
2020-07-14,Merced,047,269075,3540,2084,1,2085,12
2020-07-14,Modoc,049,8938,1,0,0,0,0
2020-07-14,Mono,051,14174,85,48,2,50,1
2020-07-14,Monterey,053,433212,3682,2724,7,2731,18
2020-07-14,Napa,055,140530,774,557,0,557,4
2020-07-14,Nevada,057,99092,257,180,6,186,1
2020-07-14,Orange,059,3164182,35284,26915,423,27338,432
2020-07-14,Placer,061,380077,1593,1122,3,1125,11
2020-07-14,Plumas,063,18699,24,14,0,14,0
2020-07-14,Riverside,065,2383286,35082,27850,34,27884,547
2020-07-14,Sacramento,067,1510023,8332,5978,9,5987,87
2020-07-14,San Benito,069,59416,484,360,0,360,2
2020-07-14,San Bernardino,071,2135413,30167,20489,47,20536,316
2020-07-14,San Diego,073,3302833,25911,20887,2,20889,436
2020-07-14,San Francisco,075,870044,5570,4659,4,4663,50
2020-07-14,San Joaquin,077,732212,9981,7143,4,7147,75
2020-07-14,San Luis Obispo,079,281455,1533,1060,7,1067,5
2020-07-14,San Mateo,081,765935,5022,4173,7,4180,108
2020-07-14,Santa Barbara,083,443738,5449,4641,44,4685,28
2020-07-14,Santa Clara,085,1922200,9151,6686,21,6707,164
2020-07-14,Santa Cruz,087,273765,855,639,6,645,3
2020-07-14,Shasta,089,179085,327,190,1,191,7
2020-07-14,Sierra,091,2930,1,1,0,1,0
2020-07-14,Siskiyou,093,43540,65,38,0,38,0
2020-07-14,Solano,095,438530,3184,2266,9,2275,25
2020-07-14,Sonoma,097,501317,2508,1866,6,1872,14
2020-07-14,Stanislaus,099,539301,7896,5631,10,5641,53
2020-07-14,Sutter,101,95872,524,405,0,405,2
2020-07-14,Tehama,103,63373,168,123,2,125,1
2020-07-14,Trinity,105,12862,21,2,5,7,0
2020-07-14,Tulare,107,460477,8280,6199,26,6225,156
2020-07-14,Tuolumne,109,53932,105,68,4,72,0
2020-07-14,Ventura,111,848112,6714,4950,25,4975,50
2020-07-14,Yolo,113,214977,1330,966,3,969,27
2020-07-14,Yuba,115,75493,261,210,0,210,1
2020-07-13,Alameda,001,1643700,10028,8115,11,8126,148
2020-07-13,Alpine,002,1148,2,1,0,1,0
2020-07-13,Amador,005,37829,65,42,0,42,0
2020-07-13,Butte,007,227075,677,354,23,377,4
2020-07-13,Calaveras,009,45235,87,63,0,63,0
2020-07-13,Colusa,011,21464,242,116,0,116,0
2020-07-13,Contra Costa,013,1133247,6754,4882,13,4895,88
2020-07-13,Del Norte,015,27424,74,59,0,59,0
2020-07-13,El Dorado,017,186661,535,298,6,304,0
2020-07-13,Fresno,019,978130,15355,8666,112,8778,95
2020-07-13,Glenn,021,27897,261,168,0,168,0
2020-07-13,Humboldt,023,135768,205,174,1,175,4
2020-07-13,Imperial,025,180216,9328,7052,5,7057,109
2020-07-13,Inyo,027,18085,41,35,1,36,1
2020-07-13,Kern,029,883053,16956,6808,55,6863,107
2020-07-13,Kings,031,150075,3500,2824,17,2841,37
2020-07-13,Lake,033,64148,166,118,0,118,1
2020-07-13,Lassen,035,31185,498,237,2,239,0
2020-07-13,Los Angeles,037,10098052,157997,136368,222,136590,3829
2020-07-13,Madera,039,155013,1749,1059,3,1062,4
2020-07-13,Marin,041,260295,4378,3402,5,3407,21
2020-07-13,Mariposa,043,17540,40,31,0,31,1
2020-07-13,Mendocino,045,87422,180,87,0,87,0
2020-07-13,Merced,047,269075,3391,2007,1,2008,12
2020-07-13,Modoc,049,8938,1,0,0,0,0
2020-07-13,Mono,051,14174,81,47,1,48,1
2020-07-13,Monterey,053,433212,3559,2613,5,2618,18
2020-07-13,Napa,055,140530,738,534,0,534,4
2020-07-13,Nevada,057,99092,243,172,6,178,1
2020-07-13,Orange,059,3164182,34418,25978,391,26369,423
2020-07-13,Placer,061,380077,1548,1096,3,1099,11
2020-07-13,Plumas,063,18699,22,14,0,14,0
2020-07-13,Riverside,065,2383286,34155,27136,32,27168,545
2020-07-13,Sacramento,067,1510023,8035,5747,9,5756,85
2020-07-13,San Benito,069,59416,471,343,0,343,2
2020-07-13,San Bernardino,071,2135413,29292,19610,40,19650,313
2020-07-13,San Diego,073,3302833,25344,20348,2,20350,422
2020-07-13,San Francisco,075,870044,5443,4534,3,4537,50
2020-07-13,San Joaquin,077,732212,9566,6927,4,6931,71
2020-07-13,San Luis Obispo,079,281455,1502,989,7,996,5
2020-07-13,San Mateo,081,765935,4891,4057,7,4064,108
2020-07-13,Santa Barbara,083,443738,5335,4441,43,4484,28
2020-07-13,Santa Clara,085,1922200,8828,6488,20,6508,164
2020-07-13,Santa Cruz,087,273765,817,574,6,580,3
2020-07-13,Shasta,089,179085,316,185,1,186,6
2020-07-13,Sierra,091,2930,1,1,0,1,0
2020-07-13,Siskiyou,093,43540,61,37,0,37,0
2020-07-13,Solano,095,438530,3072,2046,9,2055,23
2020-07-13,Sonoma,097,501317,2397,1818,6,1824,14
2020-07-13,Stanislaus,099,539301,7593,5324,9,5333,53
2020-07-13,Sutter,101,95872,486,379,0,379,2
2020-07-13,Tehama,103,63373,155,112,2,114,1
2020-07-13,Trinity,105,12862,21,2,5,7,0
2020-07-13,Tulare,107,460477,8019,5930,24,5954,147
2020-07-13,Tuolumne,109,53932,97,56,4,60,0
2020-07-13,Ventura,111,848112,6524,4800,22,4822,50
2020-07-13,Yolo,113,214977,1285,941,3,944,27
2020-07-13,Yuba,115,75493,246,194,0,194,1
2020-07-12,Alameda,001,1643700,9758,8056,11,8067,148
2020-07-12,Alpine,002,1148,2,1,0,1,0
2020-07-12,Amador,005,37829,55,40,0,40,0
2020-07-12,Butte,007,227075,627,341,22,363,4
2020-07-12,Calaveras,009,45235,87,62,0,62,0
2020-07-12,Colusa,011,21464,208,116,0,116,0
2020-07-12,Contra Costa,013,1133247,6486,4708,11,4719,88
2020-07-12,Del Norte,015,27424,63,59,0,59,0
2020-07-12,El Dorado,017,186661,513,290,6,296,0
2020-07-12,Fresno,019,978130,14932,8407,107,8514,95
2020-07-12,Glenn,021,27897,248,166,0,166,0
2020-07-12,Humboldt,023,135768,201,174,1,175,4
2020-07-12,Imperial,025,180216,9213,6999,5,7004,109
2020-07-12,Inyo,027,18085,39,35,1,36,1
2020-07-12,Kern,029,883053,16213,6662,51,6713,105
2020-07-12,Kings,031,150075,3438,2779,17,2796,34
2020-07-12,Lake,033,64148,157,114,0,114,1
2020-07-12,Lassen,035,31185,491,237,2,239,0
2020-07-12,Los Angeles,037,10098052,154573,133830,193,134023,3816
2020-07-12,Madera,039,155013,1693,1025,3,1028,4
2020-07-12,Marin,041,260295,4302,3358,5,3363,21
2020-07-12,Mariposa,043,17540,39,31,0,31,1
2020-07-12,Mendocino,045,87422,161,88,0,88,0
2020-07-12,Merced,047,269075,3255,1908,1,1909,12
2020-07-12,Modoc,049,8938,1,0,0,0,0
2020-07-12,Mono,051,14174,71,45,1,46,1
2020-07-12,Monterey,053,433212,3444,2521,5,2526,18
2020-07-12,Napa,055,140530,707,519,0,519,4
2020-07-12,Nevada,057,99092,233,166,6,172,1
2020-07-12,Orange,059,3164182,33539,25399,382,25781,422
2020-07-12,Placer,061,380077,1491,1058,3,1061,11
2020-07-12,Plumas,063,18699,21,14,0,14,0
2020-07-12,Riverside,065,2383286,33397,26404,31,26435,542
2020-07-12,Sacramento,067,1510023,7723,5515,7,5522,85
2020-07-12,San Benito,069,59416,456,324,0,324,2
2020-07-12,San Bernardino,071,2135413,28380,19042,36,19078,312
2020-07-12,San Diego,073,3302833,24714,19929,2,19931,422
2020-07-12,San Francisco,075,870044,5294,4535,3,4538,50
2020-07-12,San Joaquin,077,732212,9203,6703,4,6707,71
2020-07-12,San Luis Obispo,079,281455,1455,972,7,979,5
2020-07-12,San Mateo,081,765935,4773,3988,7,3995,108
2020-07-12,Santa Barbara,083,443738,5205,4353,42,4395,28
2020-07-12,Santa Clara,085,1922200,8589,6252,19,6271,164
2020-07-12,Santa Cruz,087,273765,775,573,5,578,3
2020-07-12,Shasta,089,179085,310,173,1,174,6
2020-07-12,Sierra,091,2930,1,1,0,1,0
2020-07-12,Siskiyou,093,43540,59,36,0,36,0
2020-07-12,Solano,095,438530,2947,2037,9,2046,23
2020-07-12,Sonoma,097,501317,2303,1743,6,1749,13
2020-07-12,Stanislaus,099,539301,7289,5177,9,5186,53
2020-07-12,Sutter,101,95872,468,362,0,362,2
2020-07-12,Tehama,103,63373,148,111,2,113,1
2020-07-12,Trinity,105,12862,21,2,5,7,0
2020-07-12,Tulare,107,460477,7763,5864,23,5887,146
2020-07-12,Tuolumne,109,53932,90,52,4,56,0
2020-07-12,Ventura,111,848112,6308,4724,21,4745,50
2020-07-12,Yolo,113,214977,1244,889,3,892,27
2020-07-12,Yuba,115,75493,235,188,0,188,1
2020-07-11,Alameda,001,1643700,9655,7845,11,7856,148
2020-07-11,Alpine,002,1148,2,1,0,1,0
2020-07-11,Amador,005,37829,51,37,0,37,0
2020-07-11,Butte,007,227075,611,325,22,347,4
2020-07-11,Calaveras,009,45235,84,62,0,62,0
2020-07-11,Colusa,011,21464,203,110,0,110,0
2020-07-11,Contra Costa,013,1133247,6371,4650,11,4661,87
2020-07-11,Del Norte,015,27424,63,59,0,59,0
2020-07-11,El Dorado,017,186661,502,283,6,289,0
2020-07-11,Fresno,019,978130,14671,8086,104,8190,95
2020-07-11,Glenn,021,27897,240,161,0,161,0
2020-07-11,Humboldt,023,135768,200,174,1,175,4
2020-07-11,Imperial,025,180216,9174,6884,5,6889,109
2020-07-11,Inyo,027,18085,39,35,1,36,1
2020-07-11,Kern,029,883053,15856,6509,50,6559,103
2020-07-11,Kings,031,150075,3411,2753,17,2770,33
2020-07-11,Lake,033,64148,156,110,0,110,1
2020-07-11,Lassen,035,31185,490,237,2,239,0
2020-07-11,Los Angeles,037,10098052,152855,130479,183,130662,3802
2020-07-11,Madera,039,155013,1652,988,3,991,4
2020-07-11,Marin,041,260295,4274,3191,5,3196,21
2020-07-11,Mariposa,043,17540,39,31,0,31,1
2020-07-11,Mendocino,045,87422,157,88,0,88,0
2020-07-11,Merced,047,269075,3175,1851,1,1852,12
2020-07-11,Modoc,049,8938,1,0,0,0,0
2020-07-11,Mono,051,14174,68,45,1,46,1
2020-07-11,Monterey,053,433212,3355,2376,5,2381,18
2020-07-11,Napa,055,140530,695,509,0,509,4
2020-07-11,Nevada,057,99092,224,163,5,168,1
2020-07-11,Orange,059,3164182,33162,24430,368,24798,422
2020-07-11,Placer,061,380077,1457,1029,3,1032,11
2020-07-11,Plumas,063,18699,21,12,0,12,0
2020-07-11,Riverside,065,2383286,33006,25994,31,26025,538
2020-07-11,Sacramento,067,1510023,7549,5367,7,5374,84
2020-07-11,San Benito,069,59416,441,314,0,314,2
2020-07-11,San Bernardino,071,2135413,27943,18907,34,18941,310
2020-07-11,San Diego,073,3302833,24322,19371,2,19373,422
2020-07-11,San Francisco,075,870044,5198,4430,2,4432,50
2020-07-11,San Joaquin,077,732212,9025,6518,4,6522,72
2020-07-11,San Luis Obispo,079,281455,1407,930,7,937,4
2020-07-11,San Mateo,081,765935,4705,3956,7,3963,108
2020-07-11,Santa Barbara,083,443738,5136,4283,41,4324,28
2020-07-11,Santa Clara,085,1922200,8429,5959,19,5978,164
2020-07-11,Santa Cruz,087,273765,744,571,5,576,3
2020-07-11,Shasta,089,179085,303,168,1,169,6
2020-07-11,Sierra,091,2930,1,1,0,1,0
2020-07-11,Siskiyou,093,43540,59,36,0,36,0
2020-07-11,Solano,095,438530,2906,2034,9,2043,23
2020-07-11,Sonoma,097,501317,2265,1690,6,1696,13
2020-07-11,Stanislaus,099,539301,7149,4911,9,4920,51
2020-07-11,Sutter,101,95872,452,352,0,352,2
2020-07-11,Tehama,103,63373,146,111,2,113,1
2020-07-11,Trinity,105,12862,21,2,5,7,0
2020-07-11,Tulare,107,460477,7657,5780,23,5803,149
2020-07-11,Tuolumne,109,53932,87,50,4,54,0
2020-07-11,Ventura,111,848112,6212,4545,20,4565,49
2020-07-11,Yolo,113,214977,1215,833,3,836,27
2020-07-11,Yuba,115,75493,225,175,0,175,1
2020-07-10,Alameda,001,1643700,9498,7551,11,7562,147
2020-07-10,Alpine,002,1148,2,1,0,1,0
2020-07-10,Amador,005,37829,47,37,0,37,0
2020-07-10,Butte,007,227075,600,318,22,340,4
2020-07-10,Calaveras,009,45235,84,61,0,61,0
2020-07-10,Colusa,011,21464,197,103,0,103,0
2020-07-10,Contra Costa,013,1133247,6232,4482,11,4493,86
2020-07-10,Del Norte,015,27424,63,57,0,57,0
2020-07-10,El Dorado,017,186661,484,266,6,272,0
2020-07-10,Fresno,019,978130,14339,7760,101,7861,93
2020-07-10,Glenn,021,27897,235,157,0,157,0
2020-07-10,Humboldt,023,135768,199,168,1,169,4
2020-07-10,Imperial,025,180216,9128,6878,4,6882,98
2020-07-10,Inyo,027,18085,39,35,1,36,1
2020-07-10,Kern,029,883053,15424,6344,49,6393,102
2020-07-10,Kings,031,150075,3375,2707,17,2724,33
2020-07-10,Lake,033,64148,149,104,0,104,1
2020-07-10,Lassen,035,31185,489,235,2,237,0
2020-07-10,Los Angeles,037,10098052,150432,127503,177,127680,3750
2020-07-10,Madera,039,155013,1606,914,3,917,4
2020-07-10,Marin,041,260295,4211,3101,5,3106,21
2020-07-10,Mariposa,043,17540,38,31,0,31,1
2020-07-10,Mendocino,045,87422,149,88,0,88,0
2020-07-10,Merced,047,269075,3092,1802,1,1803,12
2020-07-10,Modoc,049,8938,1,0,0,0,0
2020-07-10,Mono,051,14174,67,45,1,46,1
2020-07-10,Monterey,053,433212,3277,2285,5,2290,18
2020-07-10,Napa,055,140530,684,496,0,496,4
2020-07-10,Nevada,057,99092,219,161,5,166,1
2020-07-10,Orange,059,3164182,32576,23692,365,24057,416
2020-07-10,Placer,061,380077,1415,1002,3,1005,11
2020-07-10,Plumas,063,18699,19,12,0,12,0
2020-07-10,Riverside,065,2383286,32488,25481,31,25512,533
2020-07-10,Sacramento,067,1510023,7294,5181,7,5188,81
2020-07-10,San Benito,069,59416,432,302,0,302,2
2020-07-10,San Bernardino,071,2135413,27419,18242,31,18273,308
2020-07-10,San Diego,073,3302833,23938,18862,2,18864,420
2020-07-10,San Francisco,075,870044,5107,4305,2,4307,50
2020-07-10,San Joaquin,077,732212,8792,6225,4,6229,67
2020-07-10,San Luis Obispo,079,281455,1369,891,7,898,4
2020-07-10,San Mateo,081,765935,4640,3844,7,3851,107
2020-07-10,Santa Barbara,083,443738,5039,4177,40,4217,28
2020-07-10,Santa Clara,085,1922200,8205,5819,19,5838,164
2020-07-10,Santa Cruz,087,273765,716,540,5,545,3
2020-07-10,Shasta,089,179085,299,158,1,159,6
2020-07-10,Sierra,091,2930,1,1,0,1,0
2020-07-10,Siskiyou,093,43540,59,31,0,31,0
2020-07-10,Solano,095,438530,2859,1950,9,1959,23
2020-07-10,Sonoma,097,501317,2218,1606,5,1611,13
2020-07-10,Stanislaus,099,539301,6979,4781,9,4790,46
2020-07-10,Sutter,101,95872,445,338,0,338,2
2020-07-10,Tehama,103,63373,145,107,2,109,1
2020-07-10,Trinity,105,12862,21,2,5,7,0
2020-07-10,Tulare,107,460477,7520,5677,23,5700,150
2020-07-10,Tuolumne,109,53932,86,49,4,53,0
2020-07-10,Ventura,111,848112,6098,4416,20,4436,48
2020-07-10,Yolo,113,214977,1191,794,3,797,27
2020-07-10,Yuba,115,75493,211,164,0,164,1
2020-07-09,Alameda,001,1643700,9268,7433,11,7444,146
2020-07-09,Alpine,002,1148,2,1,0,1,0
2020-07-09,Amador,005,37829,44,36,0,36,0
2020-07-09,Butte,007,227075,568,295,21,316,4
2020-07-09,Calaveras,009,45235,83,59,0,59,0
2020-07-09,Colusa,011,21464,189,97,0,97,0
2020-07-09,Contra Costa,013,1133247,5991,4388,11,4399,86
2020-07-09,Del Norte,015,27424,63,57,0,57,0
2020-07-09,El Dorado,017,186661,459,255,5,260,0
2020-07-09,Fresno,019,978130,13885,7385,98,7483,90
2020-07-09,Glenn,021,27897,225,150,0,150,0
2020-07-09,Humboldt,023,135768,196,166,1,167,4
2020-07-09,Imperial,025,180216,9030,6778,4,6782,87
2020-07-09,Inyo,027,18085,37,35,1,36,1
2020-07-09,Kern,029,883053,14778,6100,47,6147,95
2020-07-09,Kings,031,150075,3312,2686,17,2703,33
2020-07-09,Lake,033,64148,146,99,0,99,1
2020-07-09,Lassen,035,31185,433,221,2,223,0
2020-07-09,Los Angeles,037,10098052,147173,125062,154,125216,3698
2020-07-09,Madera,039,155013,1529,850,3,853,4
2020-07-09,Marin,041,260295,4061,2975,4,2979,20
2020-07-09,Mariposa,043,17540,38,32,0,32,1
2020-07-09,Mendocino,045,87422,145,88,0,88,0
2020-07-09,Merced,047,269075,2955,1728,1,1729,11
2020-07-09,Modoc,049,8938,1,0,0,0,0
2020-07-09,Mono,051,14174,63,45,1,46,1
2020-07-09,Monterey,053,433212,3152,2223,5,2228,17
2020-07-09,Napa,055,140530,667,468,0,468,4
2020-07-09,Nevada,057,99092,213,156,5,161,1
2020-07-09,Orange,059,3164182,31601,22960,347,23307,407
2020-07-09,Placer,061,380077,1373,982,3,985,11
2020-07-09,Plumas,063,18699,19,12,0,12,0
2020-07-09,Riverside,065,2383286,31595,24980,30,25010,529
2020-07-09,Sacramento,067,1510023,6967,4950,7,4957,81
2020-07-09,San Benito,069,59416,416,295,0,295,2
2020-07-09,San Bernardino,071,2135413,26549,17339,25,17364,307
2020-07-09,San Diego,073,3302833,23346,18404,2,18406,415
2020-07-09,San Francisco,075,870044,4975,4143,2,4145,50
2020-07-09,San Joaquin,077,732212,8433,6004,4,6008,66
2020-07-09,San Luis Obispo,079,281455,1328,869,7,876,3
2020-07-09,San Mateo,081,765935,4514,3792,7,3799,106
2020-07-09,Santa Barbara,083,443738,4907,4068,40,4108,28
2020-07-09,Santa Clara,085,1922200,7944,5638,19,5657,164
2020-07-09,Santa Cruz,087,273765,689,526,5,531,3
2020-07-09,Shasta,089,179085,293,155,1,156,5
2020-07-09,Sierra,091,2930,1,1,0,1,0
2020-07-09,Siskiyou,093,43540,55,31,0,31,0
2020-07-09,Solano,095,438530,2761,1892,9,1901,23
2020-07-09,Sonoma,097,501317,2132,1584,5,1589,13
2020-07-09,Stanislaus,099,539301,6664,4633,8,4641,46
2020-07-09,Sutter,101,95872,428,321,0,321,2
2020-07-09,Tehama,103,63373,140,102,2,104,1
2020-07-09,Trinity,105,12862,21,2,5,7,0
2020-07-09,Tulare,107,460477,7301,5501,22,5523,146
2020-07-09,Tuolumne,109,53932,85,47,4,51,0
2020-07-09,Ventura,111,848112,5930,4278,20,4298,47
2020-07-09,Yolo,113,214977,1143,764,3,767,27
2020-07-09,Yuba,115,75493,194,152,0,152,1
2020-07-08,Alameda,001,1643700,8977,7335,11,7346,142
2020-07-08,Alpine,002,1148,2,1,0,1,0
2020-07-08,Amador,005,37829,41,35,0,35,0
2020-07-08,Butte,007,227075,531,281,21,302,3
2020-07-08,Calaveras,009,45235,78,58,0,58,0
2020-07-08,Colusa,011,21464,176,90,0,90,0
2020-07-08,Contra Costa,013,1133247,5745,4268,9,4277,84
2020-07-08,Del Norte,015,27424,61,57,0,57,0
2020-07-08,El Dorado,017,186661,437,248,5,253,0
2020-07-08,Fresno,019,978130,13470,7102,90,7192,86
2020-07-08,Glenn,021,27897,214,146,0,146,0
2020-07-08,Humboldt,023,135768,193,162,1,163,4
2020-07-08,Imperial,025,180216,8943,6727,4,6731,76
2020-07-08,Inyo,027,18085,37,35,1,36,1
2020-07-08,Kern,029,883053,14200,5873,45,5918,91
2020-07-08,Kings,031,150075,3253,2629,14,2643,33
2020-07-08,Lake,033,64148,139,97,0,97,1
2020-07-08,Lassen,035,31185,337,221,2,223,0
2020-07-08,Los Angeles,037,10098052,143967,123462,126,123588,3650
2020-07-08,Madera,039,155013,1459,828,3,831,4
2020-07-08,Marin,041,260295,3962,2756,4,2760,17
2020-07-08,Mariposa,043,17540,38,31,0,31,1
2020-07-08,Mendocino,045,87422,132,84,0,84,0
2020-07-08,Merced,047,269075,2833,1578,1,1579,11
2020-07-08,Modoc,049,8938,1,0,0,0,0
2020-07-08,Mono,051,14174,60,45,0,45,1
2020-07-08,Monterey,053,433212,3034,2182,4,2186,17
2020-07-08,Napa,055,140530,645,468,0,468,4
2020-07-08,Nevada,057,99092,204,156,5,161,1
2020-07-08,Orange,059,3164182,30645,22088,342,22430,378
2020-07-08,Placer,061,380077,1326,948,3,951,11
2020-07-08,Plumas,063,18699,19,12,0,12,0
2020-07-08,Riverside,065,2383286,30631,24042,29,24071,508
2020-07-08,Sacramento,067,1510023,6678,4799,7,4806,80
2020-07-08,San Benito,069,59416,399,282,0,282,2
2020-07-08,San Bernardino,071,2135413,25695,16510,21,16531,296
2020-07-08,San Diego,073,3302833,22776,17844,2,17846,406
2020-07-08,San Francisco,075,870044,4886,4093,2,4095,50
2020-07-08,San Joaquin,077,732212,8090,5759,4,5763,61
2020-07-08,San Luis Obispo,079,281455,1276,825,7,832,2
2020-07-08,San Mateo,081,765935,4394,3733,7,3740,106
2020-07-08,Santa Barbara,083,443738,4788,3985,40,4025,28
2020-07-08,Santa Clara,085,1922200,7711,5510,19,5529,164
2020-07-08,Santa Cruz,087,273765,656,509,4,513,3
2020-07-08,Shasta,089,179085,284,148,1,149,6
2020-07-08,Sierra,091,2930,1,1,0,1,0
2020-07-08,Siskiyou,093,43540,55,31,0,31,0
2020-07-08,Solano,095,438530,2645,1821,9,1830,23
2020-07-08,Sonoma,097,501317,2056,1495,5,1500,9
2020-07-08,Stanislaus,099,539301,6364,4344,8,4352,46
2020-07-08,Sutter,101,95872,403,298,0,298,2
2020-07-08,Tehama,103,63373,134,100,2,102,1
2020-07-08,Trinity,105,12862,20,2,5,7,0
2020-07-08,Tulare,107,460477,7109,5307,17,5324,138
2020-07-08,Tuolumne,109,53932,81,42,4,46,0
2020-07-08,Ventura,111,848112,5765,4139,20,4159,47
2020-07-08,Yolo,113,214977,1099,727,3,730,26
2020-07-08,Yuba,115,75493,181,145,0,145,1
2020-07-07,Alameda,001,1643700,8657,7097,10,7107,141
2020-07-07,Alpine,002,1148,2,1,0,1,0
2020-07-07,Amador,005,37829,41,33,0,33,0
2020-07-07,Butte,007,227075,488,269,21,290,3
2020-07-07,Calaveras,009,45235,76,58,0,58,0
2020-07-07,Colusa,011,21464,143,84,0,84,0
2020-07-07,Contra Costa,013,1133247,5507,4131,8,4139,84
2020-07-07,Del Norte,015,27424,61,57,0,57,0
2020-07-07,El Dorado,017,186661,417,244,5,249,0
2020-07-07,Fresno,019,978130,13016,6738,90,6828,84
2020-07-07,Glenn,021,27897,205,145,0,145,0
2020-07-07,Humboldt,023,135768,190,150,1,151,4
2020-07-07,Imperial,025,180216,8845,6678,4,6682,51
2020-07-07,Inyo,027,18085,36,32,1,33,1
2020-07-07,Kern,029,883053,13501,5645,41,5686,88
2020-07-07,Kings,031,150075,3190,2623,13,2636,33
2020-07-07,Lake,033,64148,129,94,0,94,1
2020-07-07,Lassen,035,31185,266,219,2,221,0
2020-07-07,Los Angeles,037,10098052,140387,121026,119,121145,3588
2020-07-07,Madera,039,155013,1415,794,3,797,4
2020-07-07,Marin,041,260295,3870,2627,4,2631,17
2020-07-07,Mariposa,043,17540,38,31,0,31,1
2020-07-07,Mendocino,045,87422,124,82,0,82,0
2020-07-07,Merced,047,269075,2662,1531,1,1532,10
2020-07-07,Modoc,049,8938,1,0,0,0,0
2020-07-07,Mono,051,14174,59,42,0,42,1
2020-07-07,Monterey,053,433212,2891,2166,4,2170,17
2020-07-07,Napa,055,140530,626,459,0,459,4
2020-07-07,Nevada,057,99092,198,150,5,155,1
2020-07-07,Orange,059,3164182,29625,21741,329,22070,373
2020-07-07,Placer,061,380077,1285,930,3,933,11
2020-07-07,Plumas,063,18699,17,12,0,12,0
2020-07-07,Riverside,065,2383286,29616,23279,29,23308,499
2020-07-07,Sacramento,067,1510023,6336,4592,7,4599,76
2020-07-07,San Benito,069,59416,381,274,0,274,2
2020-07-07,San Bernardino,071,2135413,24825,16004,19,16023,277
2020-07-07,San Diego,073,3302833,22057,17580,2,17582,399
2020-07-07,San Francisco,075,870044,4794,4045,1,4046,50
2020-07-07,San Joaquin,077,732212,7748,5547,4,5551,59
2020-07-07,San Luis Obispo,079,281455,1215,795,7,802,2
2020-07-07,San Mateo,081,765935,4279,3691,7,3698,106
2020-07-07,Santa Barbara,083,443738,4660,3866,39,3905,27
2020-07-07,Santa Clara,085,1922200,7442,5438,19,5457,164
2020-07-07,Santa Cruz,087,273765,622,502,3,505,2
2020-07-07,Shasta,089,179085,271,144,1,145,6
2020-07-07,Sierra,091,2930,1,1,0,1,0
2020-07-07,Siskiyou,093,43540,54,30,0,30,0
2020-07-07,Solano,095,438530,2534,1776,8,1784,22
2020-07-07,Sonoma,097,501317,1986,1473,5,1478,8
2020-07-07,Stanislaus,099,539301,6026,4101,8,4109,46
2020-07-07,Sutter,101,95872,377,273,0,273,2
2020-07-07,Tehama,103,63373,125,95,2,97,1
2020-07-07,Trinity,105,12862,20,2,5,7,0
2020-07-07,Tulare,107,460477,6929,5189,16,5205,137
2020-07-07,Tuolumne,109,53932,75,40,4,44,0
2020-07-07,Ventura,111,848112,5596,3992,18,4010,46
2020-07-07,Yolo,113,214977,1031,706,3,709,26
2020-07-07,Yuba,115,75493,161,138,0,138,1
2020-07-06,Alameda,001,1643700,8422,6970,10,6980,141
2020-07-06,Alpine,002,1148,1,1,0,1,0
2020-07-06,Amador,005,37829,39,33,0,33,0
2020-07-06,Butte,007,227075,432,257,18,275,2
2020-07-06,Calaveras,009,45235,73,45,0,45,0
2020-07-06,Colusa,011,21464,134,80,0,80,0
2020-07-06,Contra Costa,013,1133247,5279,3901,7,3908,83
2020-07-06,Del Norte,015,27424,60,57,0,57,0
2020-07-06,El Dorado,017,186661,402,232,4,236,0
2020-07-06,Fresno,019,978130,12547,6364,84,6448,82
2020-07-06,Glenn,021,27897,197,129,0,129,0
2020-07-06,Humboldt,023,135768,188,148,1,149,3
2020-07-06,Imperial,025,180216,8728,6443,4,6447,47
2020-07-06,Inyo,027,18085,36,32,1,33,1
2020-07-06,Kern,029,883053,12695,5491,40,5531,82
2020-07-06,Kings,031,150075,3139,2583,9,2592,33
2020-07-06,Lake,033,64148,122,93,0,93,1
2020-07-06,Lassen,035,31185,264,219,2,221,0
2020-07-06,Los Angeles,037,10098052,136787,116707,106,116813,3541
2020-07-06,Madera,039,155013,1345,734,3,737,4
2020-07-06,Marin,041,260295,3630,2136,4,2140,17
2020-07-06,Mariposa,043,17540,36,31,0,31,1
2020-07-06,Mendocino,045,87422,107,72,0,72,0
2020-07-06,Merced,047,269075,2507,1396,1,1397,10
2020-07-06,Modoc,049,8938,1,0,0,0,0
2020-07-06,Mono,051,14174,58,40,0,40,1
2020-07-06,Monterey,053,433212,2802,2078,4,2082,15
2020-07-06,Napa,055,140530,608,454,0,454,4
2020-07-06,Nevada,057,99092,192,146,5,151,1
2020-07-06,Orange,059,3164182,28560,20167,292,20459,372
2020-07-06,Placer,061,380077,1222,904,3,907,11
2020-07-06,Plumas,063,18699,17,11,0,11,0
2020-07-06,Riverside,065,2383286,28561,22485,28,22513,477
2020-07-06,Sacramento,067,1510023,5985,4420,7,4427,71
2020-07-06,San Benito,069,59416,366,264,0,264,2
2020-07-06,San Bernardino,071,2135413,23972,15346,16,15362,272
2020-07-06,San Diego,073,3302833,21325,17002,2,17004,387
2020-07-06,San Francisco,075,870044,4673,3861,1,3862,50
2020-07-06,San Joaquin,077,732212,7377,5104,4,5108,57
2020-07-06,San Luis Obispo,079,281455,1157,751,7,758,2
2020-07-06,San Mateo,081,765935,4187,3650,6,3656,106
2020-07-06,Santa Barbara,083,443738,4523,3763,38,3801,27
2020-07-06,Santa Clara,085,1922200,7170,5369,19,5388,165
2020-07-06,Santa Cruz,087,273765,600,466,2,468,2
2020-07-06,Shasta,089,179085,261,143,1,144,6
2020-07-06,Sierra,091,2930,1,1,0,1,0
2020-07-06,Siskiyou,093,43540,50,30,0,30,0
2020-07-06,Solano,095,438530,2398,1668,8,1676,22
2020-07-06,Sonoma,097,501317,1922,1369,5,1374,8
2020-07-06,Stanislaus,099,539301,5624,3983,8,3991,46
2020-07-06,Sutter,101,95872,350,250,0,250,2
2020-07-06,Tehama,103,63373,122,95,2,97,1
2020-07-06,Trinity,105,12862,19,2,5,7,0
2020-07-06,Tulare,107,460477,6724,5039,14,5053,136
2020-07-06,Tuolumne,109,53932,72,30,4,34,0
2020-07-06,Ventura,111,848112,5403,3912,18,3930,44
2020-07-06,Yolo,113,214977,975,685,3,688,26
2020-07-06,Yuba,115,75493,147,124,0,124,1
2020-07-05,Alameda,001,1643700,8172,6861,10,6871,141
2020-07-05,Alpine,002,1148,1,1,0,1,0
2020-07-05,Amador,005,37829,37,31,0,31,0
2020-07-05,Butte,007,227075,397,248,18,266,2
2020-07-05,Calaveras,009,45235,69,45,0,45,0
2020-07-05,Colusa,011,21464,124,79,0,79,0
2020-07-05,Contra Costa,013,1133247,5032,3665,6,3671,80
2020-07-05,Del Norte,015,27424,60,57,0,57,0
2020-07-05,El Dorado,017,186661,384,227,4,231,0
2020-07-05,Fresno,019,978130,11980,6186,83,6269,82
2020-07-05,Glenn,021,27897,194,129,0,129,0
2020-07-05,Humboldt,023,135768,184,147,1,148,3
2020-07-05,Imperial,025,180216,8591,6441,4,6445,47
2020-07-05,Inyo,027,18085,35,32,1,33,1
2020-07-05,Kern,029,883053,11987,5351,40,5391,82
2020-07-05,Kings,031,150075,3056,2546,8,2554,31
2020-07-05,Lake,033,64148,122,92,0,92,1
2020-07-05,Lassen,035,31185,258,219,2,221,0
2020-07-05,Los Angeles,037,10098052,133556,115133,100,115233,3495
2020-07-05,Madera,039,155013,1268,564,3,567,4
2020-07-05,Marin,041,260295,3448,2080,4,2084,17
2020-07-05,Mariposa,043,17540,36,31,0,31,1
2020-07-05,Mendocino,045,87422,104,72,0,72,0
2020-07-05,Merced,047,269075,2362,1340,1,1341,10
2020-07-05,Modoc,049,8938,1,0,0,0,0
2020-07-05,Mono,051,14174,54,39,0,39,1
2020-07-05,Monterey,053,433212,2699,1994,4,1998,15
2020-07-05,Napa,055,140530,578,450,0,450,4
2020-07-05,Nevada,057,99092,186,141,5,146,1
2020-07-05,Orange,059,3164182,27613,19430,279,19709,372
2020-07-05,Placer,061,380077,1165,855,3,858,11
2020-07-05,Plumas,063,18699,16,11,0,11,0
2020-07-05,Riverside,065,2383286,27703,21511,28,21539,474
2020-07-05,Sacramento,067,1510023,5670,4265,6,4271,71
2020-07-05,San Benito,069,59416,348,258,0,258,2
2020-07-05,San Bernardino,071,2135413,23094,15026,16,15042,270
2020-07-05,San Diego,073,3302833,20634,16728,2,16730,387
2020-07-05,San Francisco,075,870044,4556,3861,1,3862,50
2020-07-05,San Joaquin,077,732212,7058,5015,4,5019,57
2020-07-05,San Luis Obispo,079,281455,1078,730,7,737,2
2020-07-05,San Mateo,081,765935,4077,3575,6,3581,106
2020-07-05,Santa Barbara,083,443738,4376,3671,35,3706,27
2020-07-05,Santa Clara,085,1922200,6874,5237,19,5256,162
2020-07-05,Santa Cruz,087,273765,582,467,0,467,2
2020-07-05,Shasta,089,179085,255,138,1,139,6
2020-07-05,Sierra,091,2930,1,1,0,1,0
2020-07-05,Siskiyou,093,43540,46,30,0,30,0
2020-07-05,Solano,095,438530,2277,1547,8,1555,22
2020-07-05,Sonoma,097,501317,1841,1369,5,1374,8
2020-07-05,Stanislaus,099,539301,5294,3777,7,3784,45
2020-07-05,Sutter,101,95872,322,241,0,241,2
2020-07-05,Tehama,103,63373,120,95,2,97,1
2020-07-05,Trinity,105,12862,19,2,5,7,0
2020-07-05,Tulare,107,460477,6465,4981,12,4993,135
2020-07-05,Tuolumne,109,53932,67,30,3,33,0
2020-07-05,Ventura,111,848112,5200,3866,18,3884,44
2020-07-05,Yolo,113,214977,935,644,3,647,26
2020-07-05,Yuba,115,75493,137,115,0,115,1
2020-07-04,Alameda,001,1643700,8060,6737,10,6747,141
2020-07-04,Alpine,002,1148,1,1,0,1,0
2020-07-04,Amador,005,37829,36,31,0,31,0
2020-07-04,Butte,007,227075,379,224,18,242,2
2020-07-04,Calaveras,009,45235,69,45,0,45,0
2020-07-04,Colusa,011,21464,123,76,0,76,0
2020-07-04,Contra Costa,013,1133247,4886,3583,6,3589,80
2020-07-04,Del Norte,015,27424,60,50,0,50,0
2020-07-04,El Dorado,017,186661,365,211,4,215,0
2020-07-04,Fresno,019,978130,11663,5999,81,6080,82
2020-07-04,Glenn,021,27897,187,128,0,128,0
2020-07-04,Humboldt,023,135768,177,144,1,145,3
2020-07-04,Imperial,025,180216,8541,6441,4,6445,47
2020-07-04,Inyo,027,18085,35,32,1,33,1
2020-07-04,Kern,029,883053,11683,5231,40,5271,81
2020-07-04,Kings,031,150075,3013,2509,8,2517,31
2020-07-04,Lake,033,64148,115,86,0,86,1
2020-07-04,Lassen,035,31185,258,219,2,221,0
2020-07-04,Los Angeles,037,10098052,131740,107256,89,107345,3462
2020-07-04,Madera,039,155013,1222,568,3,571,4
2020-07-04,Marin,041,260295,3419,1962,4,1966,17
2020-07-04,Mariposa,043,17540,36,28,0,28,1
2020-07-04,Mendocino,045,87422,104,72,0,72,0
2020-07-04,Merced,047,269075,2263,1252,1,1253,10
2020-07-04,Modoc,049,8938,1,0,0,0,0
2020-07-04,Mono,051,14174,54,37,0,37,1
2020-07-04,Monterey,053,433212,2619,1878,4,1882,15
2020-07-04,Napa,055,140530,569,426,0,426,4
2020-07-04,Nevada,057,99092,183,125,5,130,1
2020-07-04,Orange,059,3164182,27176,19247,266,19513,372
2020-07-04,Placer,061,380077,1130,796,3,799,11
2020-07-04,Plumas,063,18699,16,11,0,11,0
2020-07-04,Riverside,065,2383286,27337,21508,28,21536,474
2020-07-04,Sacramento,067,1510023,5499,4039,6,4045,71
2020-07-04,San Benito,069,59416,335,255,0,255,2
2020-07-04,San Bernardino,071,2135413,22668,14636,14,14650,270
2020-07-04,San Diego,073,3302833,20174,16166,2,16168,387
2020-07-04,San Francisco,075,870044,4464,3861,1,3862,50
2020-07-04,San Joaquin,077,732212,6846,4807,4,4811,57
2020-07-04,San Luis Obispo,079,281455,1038,699,7,706,2
2020-07-04,San Mateo,081,765935,4014,3532,6,3538,106
2020-07-04,Santa Barbara,083,443738,4301,3520,33,3553,27
2020-07-04,Santa Clara,085,1922200,6683,5045,18,5063,161
2020-07-04,Santa Cruz,087,273765,572,466,0,466,2
2020-07-04,Shasta,089,179085,252,135,1,136,6
2020-07-04,Sierra,091,2930,1,1,0,1,0
2020-07-04,Siskiyou,093,43540,39,30,0,30,0
2020-07-04,Solano,095,438530,2241,1548,8,1556,22
2020-07-04,Sonoma,097,501317,1815,1370,5,1375,8
2020-07-04,Stanislaus,099,539301,5136,3572,7,3579,44
2020-07-04,Sutter,101,95872,303,225,0,225,2
2020-07-04,Tehama,103,63373,117,92,2,94,1
2020-07-04,Trinity,105,12862,19,2,5,7,0
2020-07-04,Tulare,107,460477,6353,4802,12,4814,135
2020-07-04,Tuolumne,109,53932,63,30,3,33,0
2020-07-04,Ventura,111,848112,5076,3687,18,3705,44
2020-07-04,Yolo,113,214977,910,615,3,618,26
2020-07-04,Yuba,115,75493,130,102,0,102,1
2020-07-03,Alameda,001,1643700,7939,6486,10,6496,141
2020-07-03,Alpine,002,1148,1,1,0,1,0
2020-07-03,Amador,005,37829,36,25,0,25,0
2020-07-03,Butte,007,227075,367,212,18,230,2
2020-07-03,Calaveras,009,45235,69,44,0,44,0
2020-07-03,Colusa,011,21464,117,70,0,70,0
2020-07-03,Contra Costa,013,1133247,4750,3447,6,3453,78
2020-07-03,Del Norte,015,27424,60,50,0,50,0
2020-07-03,El Dorado,017,186661,353,201,4,205,0
2020-07-03,Fresno,019,978130,11358,5783,79,5862,81
2020-07-03,Glenn,021,27897,182,122,0,122,0
2020-07-03,Humboldt,023,135768,173,143,1,144,3
2020-07-03,Imperial,025,180216,8493,6345,4,6349,47
2020-07-03,Inyo,027,18085,35,32,1,33,1
2020-07-03,Kern,029,883053,11421,5213,40,5253,81
2020-07-03,Kings,031,150075,2977,2492,8,2500,31
2020-07-03,Lake,033,64148,108,83,0,83,0
2020-07-03,Lassen,035,31185,258,219,2,221,0
2020-07-03,Los Angeles,037,10098052,130227,107236,85,107321,3461
2020-07-03,Madera,039,155013,1178,565,3,568,4
2020-07-03,Marin,041,260295,3390,1776,4,1780,17
2020-07-03,Mariposa,043,17540,36,28,0,28,1
2020-07-03,Mendocino,045,87422,103,72,0,72,0
2020-07-03,Merced,047,269075,2196,1188,1,1189,10
2020-07-03,Modoc,049,8938,1,0,0,0,0
2020-07-03,Mono,051,14174,54,37,0,37,1
2020-07-03,Monterey,053,433212,2549,1804,4,1808,15
2020-07-03,Napa,055,140530,551,388,0,388,4
2020-07-03,Nevada,057,99092,182,125,5,130,1
2020-07-03,Orange,059,3164182,26785,18819,258,19077,366
2020-07-03,Placer,061,380077,1103,745,3,748,11
2020-07-03,Plumas,063,18699,16,11,0,11,0
2020-07-03,Riverside,065,2383286,27031,21171,28,21199,472
2020-07-03,Sacramento,067,1510023,5365,3711,6,3717,71
2020-07-03,San Benito,069,59416,328,243,0,243,2
2020-07-03,San Bernardino,071,2135413,22280,14040,14,14054,269
2020-07-03,San Diego,073,3302833,19719,15698,2,15700,387
2020-07-03,San Francisco,075,870044,4418,3781,1,3782,50
2020-07-03,San Joaquin,077,732212,6708,4416,3,4419,56
2020-07-03,San Luis Obispo,079,281455,1003,676,7,683,2
2020-07-03,San Mateo,081,765935,3957,3439,6,3445,106
2020-07-03,Santa Barbara,083,443738,4214,3406,32,3438,27
2020-07-03,Santa Clara,085,1922200,6571,4820,18,4838,161
2020-07-03,Santa Cruz,087,273765,558,436,0,436,2
2020-07-03,Shasta,089,179085,244,113,1,114,6
2020-07-03,Sierra,091,2930,1,1,0,1,0
2020-07-03,Siskiyou,093,43540,36,30,0,30,0
2020-07-03,Solano,095,438530,2197,1496,7,1503,22
2020-07-03,Sonoma,097,501317,1767,1282,5,1287,8
2020-07-03,Stanislaus,099,539301,5012,3021,7,3028,43
2020-07-03,Sutter,101,95872,293,205,0,205,2
2020-07-03,Tehama,103,63373,115,89,2,91,1
2020-07-03,Trinity,105,12862,19,2,5,7,0
2020-07-03,Tulare,107,460477,6238,4656,12,4668,134
2020-07-03,Tuolumne,109,53932,61,27,3,30,0
2020-07-03,Ventura,111,848112,4980,3536,18,3554,44
2020-07-03,Yolo,113,214977,876,586,3,589,25
2020-07-03,Yuba,115,75493,125,96,0,96,1
2020-07-02,Alameda,001,1643700,7813,6386,10,6396,139
2020-07-02,Alpine,002,1148,1,1,0,1,0
2020-07-02,Amador,005,37829,35,23,0,23,0
2020-07-02,Butte,007,227075,350,199,18,217,2
2020-07-02,Calaveras,009,45235,65,42,0,42,0
2020-07-02,Colusa,011,21464,109,60,0,60,0
2020-07-02,Contra Costa,013,1133247,4568,3347,6,3353,77
2020-07-02,Del Norte,015,27424,59,50,0,50,0
2020-07-02,El Dorado,017,186661,342,193,4,197,0
2020-07-02,Fresno,019,978130,10897,5402,79,5481,78
2020-07-02,Glenn,021,27897,176,114,0,114,0
2020-07-02,Humboldt,023,135768,169,138,1,139,3
2020-07-02,Imperial,025,180216,8392,6236,4,6240,47
2020-07-02,Inyo,027,18085,35,29,1,30,1
2020-07-02,Kern,029,883053,10886,5036,38,5074,78
2020-07-02,Kings,031,150075,2926,2419,8,2427,31
2020-07-02,Lake,033,64148,104,81,0,81,0
2020-07-02,Lassen,035,31185,256,218,2,220,0
2020-07-02,Los Angeles,037,10098052,128210,107144,62,107206,3458
2020-07-02,Madera,039,155013,1110,548,3,551,4
2020-07-02,Marin,041,260295,3304,1706,4,1710,17
2020-07-02,Mariposa,043,17540,35,28,0,28,1
2020-07-02,Mendocino,045,87422,99,71,0,71,0
2020-07-02,Merced,047,269075,2094,1122,1,1123,10
2020-07-02,Modoc,049,8938,1,0,0,0,0
2020-07-02,Mono,051,14174,54,37,0,37,1
2020-07-02,Monterey,053,433212,2489,1796,4,1800,15
2020-07-02,Napa,055,140530,534,352,0,352,4
2020-07-02,Nevada,057,99092,176,118,4,122,1
2020-07-02,Orange,059,3164182,26017,17056,245,17301,360
2020-07-02,Placer,061,380077,1079,740,3,743,11
2020-07-02,Plumas,063,18699,15,8,0,8,0
2020-07-02,Riverside,065,2383286,26457,20253,28,20281,458
2020-07-02,Sacramento,067,1510023,5138,3587,6,3593,70
2020-07-02,San Benito,069,59416,320,236,0,236,2
2020-07-02,San Bernardino,071,2135413,21744,13185,14,13199,260
2020-07-02,San Diego,073,3302833,19254,15208,2,15210,377
2020-07-02,San Francisco,075,870044,4323,3676,1,3677,50
2020-07-02,San Joaquin,077,732212,6361,4243,3,4246,56
2020-07-02,San Luis Obispo,079,281455,958,659,7,666,2
2020-07-02,San Mateo,081,765935,3877,3390,6,3396,107
2020-07-02,Santa Barbara,083,443738,4114,3385,30,3415,27
2020-07-02,Santa Clara,085,1922200,6444,4722,18,4740,160
2020-07-02,Santa Cruz,087,273765,535,414,0,414,2
2020-07-02,Shasta,089,179085,241,110,1,111,5
2020-07-02,Sierra,091,2930,1,1,0,1,0
2020-07-02,Siskiyou,093,43540,36,30,0,30,0
2020-07-02,Solano,095,438530,2114,1429,7,1436,21
2020-07-02,Sonoma,097,501317,1709,1244,5,1249,6
2020-07-02,Stanislaus,099,539301,4840,2850,7,2857,41
2020-07-02,Sutter,101,95872,282,195,0,195,2
2020-07-02,Tehama,103,63373,113,86,2,88,1
2020-07-02,Trinity,105,12862,19,2,5,7,0
2020-07-02,Tulare,107,460477,6071,4559,11,4570,132
2020-07-02,Tuolumne,109,53932,58,23,2,25,0
2020-07-02,Ventura,111,848112,4824,3394,18,3412,42
2020-07-02,Yolo,113,214977,844,554,3,557,24
2020-07-02,Yuba,115,75493,115,93,0,93,1
2020-07-01,Alameda,001,1643700,7595,6125,10,6135,137
2020-07-01,Alpine,002,1148,1,1,0,1,0
2020-07-01,Amador,005,37829,34,22,0,22,0
2020-07-01,Butte,007,227075,325,185,18,203,2
2020-07-01,Calaveras,009,45235,63,37,0,37,0
2020-07-01,Colusa,011,21464,103,53,0,53,0
2020-07-01,Contra Costa,013,1133247,4355,3259,6,3265,76
2020-07-01,Del Norte,015,27424,59,50,0,50,0
2020-07-01,El Dorado,017,186661,315,183,4,187,0
2020-07-01,Fresno,019,978130,10462,5111,76,5187,76
2020-07-01,Glenn,021,27897,170,110,0,110,0
2020-07-01,Humboldt,023,135768,164,134,0,134,3
2020-07-01,Imperial,025,180216,8295,6150,4,6154,46
2020-07-01,Inyo,027,18085,34,30,1,31,1
2020-07-01,Kern,029,883053,10252,4853,37,4890,78
2020-07-01,Kings,031,150075,2858,2360,8,2368,30
2020-07-01,Lake,033,64148,103,75,0,75,0
2020-07-01,Lassen,035,31185,255,217,2,219,0
2020-07-01,Los Angeles,037,10098052,125012,105325,53,105378,3408
2020-07-01,Madera,039,155013,1069,519,3,522,4
2020-07-01,Marin,041,260295,3147,1636,4,1640,17
2020-07-01,Mariposa,043,17540,35,29,0,29,1
2020-07-01,Mendocino,045,87422,95,70,0,70,0
2020-07-01,Merced,047,269075,1996,1052,1,1053,10
2020-07-01,Modoc,049,8938,1,0,0,0,0
2020-07-01,Mono,051,14174,51,37,0,37,1
2020-07-01,Monterey,053,433212,2381,1703,3,1706,15
2020-07-01,Napa,055,140530,511,347,0,347,4
2020-07-01,Nevada,057,99092,166,115,4,119,1
2020-07-01,Orange,059,3164182,25124,15662,224,15886,343
2020-07-01,Placer,061,380077,1032,713,3,716,11
2020-07-01,Plumas,063,18699,13,8,0,8,0
2020-07-01,Riverside,065,2383286,25614,19537,27,19564,457
2020-07-01,Sacramento,067,1510023,4883,3425,6,3431,64
2020-07-01,San Benito,069,59416,311,219,0,219,2
2020-07-01,San Bernardino,071,2135413,20850,12712,11,12723,253
2020-07-01,San Diego,073,3302833,18686,14624,2,14626,372
2020-07-01,San Francisco,075,870044,4230,3626,1,3627,50
2020-07-01,San Joaquin,077,732212,6003,3990,3,3993,54
2020-07-01,San Luis Obispo,079,281455,931,613,7,620,1
2020-07-01,San Mateo,081,765935,3815,3326,6,3332,84
2020-07-01,Santa Barbara,083,443738,3994,3268,29,3297,27
2020-07-01,Santa Clara,085,1922200,6258,4547,17,4564,159
2020-07-01,Santa Cruz,087,273765,511,398,0,398,2
2020-07-01,Shasta,089,179085,236,104,1,105,5
2020-07-01,Sierra,091,2930,1,1,0,1,0
2020-07-01,Siskiyou,093,43540,36,28,0,28,0
2020-07-01,Solano,095,438530,2022,1350,7,1357,21
2020-07-01,Sonoma,097,501317,1614,1178,5,1183,6
2020-07-01,Stanislaus,099,539301,4562,2619,7,2626,41
2020-07-01,Sutter,101,95872,269,188,0,188,2
2020-07-01,Tehama,103,63373,106,80,2,82,1
2020-07-01,Trinity,105,12862,19,2,4,6,0
2020-07-01,Tulare,107,460477,5894,4359,11,4370,128
2020-07-01,Tuolumne,109,53932,55,17,2,19,0
2020-07-01,Ventura,111,848112,4682,3224,16,3240,41
2020-07-01,Yolo,113,214977,793,526,3,529,24
2020-07-01,Yuba,115,75493,110,57,0,57,1
2020-06-30,Alameda,001,1643700,7348,5959,8,5967,137
2020-06-30,Alpine,002,1148,1,1,0,1,0
2020-06-30,Amador,005,37829,34,21,0,21,0
2020-06-30,Butte,007,227075,308,163,17,180,2
2020-06-30,Calaveras,009,45235,59,31,0,31,0
2020-06-30,Colusa,011,21464,94,33,0,33,0
2020-06-30,Contra Costa,013,1133247,4144,3140,6,3146,75
2020-06-30,Del Norte,015,27424,59,48,0,48,0
2020-06-30,El Dorado,017,186661,302,175,4,179,0
2020-06-30,Fresno,019,978130,10017,4826,71,4897,75
2020-06-30,Glenn,021,27897,165,96,0,96,0
2020-06-30,Humboldt,023,135768,160,132,0,132,3
2020-06-30,Imperial,025,180216,8196,5968,4,5972,45
2020-06-30,Inyo,027,18085,34,30,1,31,1
2020-06-30,Kern,029,883053,9605,4721,34,4755,75
2020-06-30,Kings,031,150075,2809,2315,5,2320,30
2020-06-30,Lake,033,64148,95,56,0,56,0
2020-06-30,Lassen,035,31185,248,215,2,217,0
2020-06-30,Los Angeles,037,10098052,121429,103640,50,103690,3378
2020-06-30,Madera,039,155013,1012,475,3,478,4
2020-06-30,Marin,041,260295,3076,1614,4,1618,17
2020-06-30,Mariposa,043,17540,34,27,0,27,1
2020-06-30,Mendocino,045,87422,90,65,0,65,0
2020-06-30,Merced,047,269075,1860,970,1,971,10
2020-06-30,Modoc,049,8938,1,0,0,0,0
2020-06-30,Mono,051,14174,49,36,0,36,1
2020-06-30,Monterey,053,433212,2284,1657,3,1660,15
2020-06-30,Napa,055,140530,486,342,0,342,4
2020-06-30,Nevada,057,99092,158,113,4,117,1
2020-06-30,Orange,059,3164182,24186,14354,214,14568,335
2020-06-30,Placer,061,380077,1005,667,3,670,11
2020-06-30,Plumas,063,18699,12,8,0,8,0
2020-06-30,Riverside,065,2383286,24896,18656,26,18682,449
2020-06-30,Sacramento,067,1510023,4594,3246,6,3252,64
2020-06-30,San Benito,069,59416,300,200,0,200,2
2020-06-30,San Bernardino,071,2135413,19868,12375,10,12385,249
2020-06-30,San Diego,073,3302833,17981,14150,2,14152,365
2020-06-30,San Francisco,075,870044,4125,3555,1,3556,50
2020-06-30,San Joaquin,077,732212,5629,3744,3,3747,52
2020-06-30,San Luis Obispo,079,281455,891,583,7,590,1
2020-06-30,San Mateo,081,765935,3737,3268,6,3274,84
2020-06-30,Santa Barbara,083,443738,3878,3102,29,3131,25
2020-06-30,Santa Clara,085,1922200,6055,4346,17,4363,157
2020-06-30,Santa Cruz,087,273765,485,379,0,379,2
2020-06-30,Shasta,089,179085,220,100,1,101,5
2020-06-30,Sierra,091,2930,1,1,0,1,0
2020-06-30,Siskiyou,093,43540,35,26,0,26,0
2020-06-30,Solano,095,438530,1930,1256,7,1263,21
2020-06-30,Sonoma,097,501317,1551,1122,5,1127,6
2020-06-30,Stanislaus,099,539301,4265,2578,7,2585,41
2020-06-30,Sutter,101,95872,246,168,0,168,2
2020-06-30,Tehama,103,63373,104,75,2,77,1
2020-06-30,Trinity,105,12862,19,2,4,6,0
2020-06-30,Tulare,107,460477,5685,4207,11,4218,117
2020-06-30,Tuolumne,109,53932,51,16,2,18,0
2020-06-30,Ventura,111,848112,4548,3030,16,3046,40
2020-06-30,Yolo,113,214977,755,515,3,518,24
2020-06-30,Yuba,115,75493,106,55,0,55,1
2020-06-29,Alameda,001,1643700,7140,5766,8,5774,135
2020-06-29,Alpine,002,1148,1,1,0,1,0
2020-06-29,Amador,005,37829,31,20,0,20,0
2020-06-29,Butte,007,227075,287,157,17,174,2
2020-06-29,Calaveras,009,45235,56,30,0,30,0
2020-06-29,Colusa,011,21464,89,17,0,17,0
2020-06-29,Contra Costa,013,1133247,3980,2976,5,2981,75
2020-06-29,Del Norte,015,27424,59,47,0,47,0
2020-06-29,El Dorado,017,186661,288,163,2,165,0
2020-06-29,Fresno,019,978130,9670,4531,70,4601,74
2020-06-29,Glenn,021,27897,156,77,0,77,0
2020-06-29,Humboldt,023,135768,159,128,0,128,3
2020-06-29,Imperial,025,180216,8066,5512,4,5516,45
2020-06-29,Inyo,027,18085,33,29,0,29,1
2020-06-29,Kern,029,883053,8942,4613,32,4645,73
2020-06-29,Kings,031,150075,2744,2280,5,2285,20
2020-06-29,Lake,033,64148,88,53,0,53,0
2020-06-29,Lassen,035,31185,240,77,2,79,0
2020-06-29,Los Angeles,037,10098052,118391,100846,44,100890,3337
2020-06-29,Madera,039,155013,955,422,3,425,4
2020-06-29,Marin,041,260295,3000,1517,4,1521,17
2020-06-29,Mariposa,043,17540,32,25,0,25,1
2020-06-29,Mendocino,045,87422,87,63,0,63,0
2020-06-29,Merced,047,269075,1752,848,1,849,10
2020-06-29,Modoc,049,8938,1,0,0,0,0
2020-06-29,Mono,051,14174,47,35,0,35,1
2020-06-29,Monterey,053,433212,2212,1614,3,1617,14
2020-06-29,Napa,055,140530,464,317,0,317,4
2020-06-29,Nevada,057,99092,155,107,3,110,1
2020-06-29,Orange,059,3164182,23187,13682,199,13881,324
2020-06-29,Placer,061,380077,969,628,3,631,11
2020-06-29,Plumas,063,18699,12,6,0,6,0
2020-06-29,Riverside,065,2383286,23862,17683,26,17709,432
2020-06-29,Sacramento,067,1510023,4307,2985,6,2991,62
2020-06-29,San Benito,069,59416,285,193,0,193,2
2020-06-29,San Bernardino,071,2135413,18905,11643,10,11653,245
2020-06-29,San Diego,073,3302833,17403,13834,2,13836,361
2020-06-29,San Francisco,075,870044,4048,3389,1,3390,50
2020-06-29,San Joaquin,077,732212,5271,3202,3,3205,52
2020-06-29,San Luis Obispo,079,281455,857,544,7,551,1
2020-06-29,San Mateo,081,765935,3683,3170,6,3176,84
2020-06-29,Santa Barbara,083,443738,3769,2933,28,2961,25
2020-06-29,Santa Clara,085,1922200,5885,4231,17,4248,157
2020-06-29,Santa Cruz,087,273765,467,348,0,348,2
2020-06-29,Shasta,089,179085,212,94,1,95,5
2020-06-29,Sierra,091,2930,1,1,0,1,0
2020-06-29,Siskiyou,093,43540,35,25,0,25,0
2020-06-29,Solano,095,438530,1827,1077,7,1084,21
2020-06-29,Sonoma,097,501317,1479,1103,5,1108,5
2020-06-29,Stanislaus,099,539301,4060,2400,6,2406,36
2020-06-29,Sutter,101,95872,224,152,0,152,2
2020-06-29,Tehama,103,63373,100,63,2,65,1
2020-06-29,Trinity,105,12862,18,2,4,6,0
2020-06-29,Tulare,107,460477,5531,3906,10,3916,117
2020-06-29,Tuolumne,109,53932,47,16,2,18,0
2020-06-29,Ventura,111,848112,4401,2794,16,2810,40
2020-06-29,Yolo,113,214977,722,483,3,486,24
2020-06-29,Yuba,115,75493,93,55,0,55,1
2020-06-28,Alameda,001,1643700,6879,5698,8,5706,135
2020-06-28,Alpine,002,1148,1,1,0,1,0
2020-06-28,Amador,005,37829,29,20,0,20,0
2020-06-28,Butte,007,227075,268,150,16,166,2
2020-06-28,Calaveras,009,45235,51,30,0,30,0
2020-06-28,Colusa,011,21464,74,17,0,17,0
2020-06-28,Contra Costa,013,1133247,3790,2803,4,2807,73
2020-06-28,Del Norte,015,27424,58,47,0,47,0
2020-06-28,El Dorado,017,186661,276,162,2,164,0
2020-06-28,Fresno,019,978130,9306,4365,70,4435,74
2020-06-28,Glenn,021,27897,148,77,0,77,0
2020-06-28,Humboldt,023,135768,156,127,0,127,3
2020-06-28,Imperial,025,180216,7876,5513,4,5517,45
2020-06-28,Inyo,027,18085,33,29,0,29,1
2020-06-28,Kern,029,883053,8391,4541,29,4570,72
2020-06-28,Kings,031,150075,2684,2234,5,2239,18
2020-06-28,Lake,033,64148,84,53,0,53,0
2020-06-28,Lassen,035,31185,240,77,2,79,0
2020-06-28,Los Angeles,037,10098052,115187,98003,40,98043,3316
2020-06-28,Madera,039,155013,907,424,3,427,4
2020-06-28,Marin,041,260295,2654,1473,4,1477,17
2020-06-28,Mariposa,043,17540,32,24,0,24,1
2020-06-28,Mendocino,045,87422,85,63,0,63,0
2020-06-28,Merced,047,269075,1640,814,1,815,10
2020-06-28,Modoc,049,8938,1,0,0,0,0
2020-06-28,Mono,051,14174,47,35,0,35,1
2020-06-28,Monterey,053,433212,2130,1560,3,1563,13
2020-06-28,Napa,055,140530,430,307,0,307,4
2020-06-28,Nevada,057,99092,144,102,3,105,1
2020-06-28,Orange,059,3164182,22205,13213,181,13394,324
2020-06-28,Placer,061,380077,930,618,3,621,11
2020-06-28,Plumas,063,18699,11,6,0,6,0
2020-06-28,Riverside,065,2383286,23033,16848,25,16873,432
2020-06-28,Sacramento,067,1510023,4079,2803,6,2809,63
2020-06-28,San Benito,069,59416,274,190,0,190,2
2020-06-28,San Bernardino,071,2135413,18153,11344,9,11353,245
2020-06-28,San Diego,073,3302833,16857,13333,2,13335,361
2020-06-28,San Francisco,075,870044,3970,3388,1,3389,50
2020-06-28,San Joaquin,077,732212,4934,3201,3,3204,52
2020-06-28,San Luis Obispo,079,281455,818,531,6,537,1
2020-06-28,San Mateo,081,765935,3606,3124,5,3129,84
2020-06-28,Santa Barbara,083,443738,3624,2872,28,2900,25
2020-06-28,Santa Clara,085,1922200,5723,4131,17,4148,156
2020-06-28,Santa Cruz,087,273765,444,349,0,349,2
2020-06-28,Shasta,089,179085,199,89,0,89,5
2020-06-28,Sierra,091,2930,1,1,0,1,0
2020-06-28,Siskiyou,093,43540,35,25,0,25,0
2020-06-28,Solano,095,438530,1752,1077,7,1084,21
2020-06-28,Sonoma,097,501317,1425,1084,5,1089,5
2020-06-28,Stanislaus,099,539301,3854,2376,6,2382,36
2020-06-28,Sutter,101,95872,198,145,0,145,2
2020-06-28,Tehama,103,63373,93,63,2,65,1
2020-06-28,Trinity,105,12862,17,2,4,6,0
2020-06-28,Tulare,107,460477,5363,3812,10,3822,117
2020-06-28,Tuolumne,109,53932,42,14,2,16,0
2020-06-28,Ventura,111,848112,4243,2650,16,2666,40
2020-06-28,Yolo,113,214977,687,468,3,471,24
2020-06-28,Yuba,115,75493,89,39,0,39,1
2020-06-27,Alameda,001,1643700,6783,5581,8,5589,135
2020-06-27,Alpine,002,1148,1,1,0,1,0
2020-06-27,Amador,005,37829,27,20,0,20,0
2020-06-27,Butte,007,227075,260,137,15,152,2
2020-06-27,Calaveras,009,45235,49,30,0,30,0
2020-06-27,Colusa,011,21464,68,17,0,17,0
2020-06-27,Contra Costa,013,1133247,3696,2717,3,2720,72
2020-06-27,Del Norte,015,27424,58,47,0,47,0
2020-06-27,El Dorado,017,186661,270,159,2,161,0
2020-06-27,Fresno,019,978130,9059,4238,70,4308,74
2020-06-27,Glenn,021,27897,144,77,0,77,0
2020-06-27,Humboldt,023,135768,154,127,0,127,3
2020-06-27,Imperial,025,180216,7815,5513,4,5517,45
2020-06-27,Inyo,027,18085,33,29,0,29,1
2020-06-27,Kern,029,883053,8128,4411,28,4439,70
2020-06-27,Kings,031,150075,2658,2187,5,2192,18
2020-06-27,Lake,033,64148,81,42,0,42,0
2020-06-27,Lassen,035,31185,240,33,2,35,0
2020-06-27,Los Angeles,037,10098052,113445,95341,37,95378,3291
2020-06-27,Madera,039,155013,864,427,2,429,4
2020-06-27,Marin,041,260295,2609,1423,4,1427,17
2020-06-27,Mariposa,043,17540,31,22,0,22,1
2020-06-27,Mendocino,045,87422,85,63,0,63,0
2020-06-27,Merced,047,269075,1580,807,0,807,10
2020-06-27,Modoc,049,8938,1,0,0,0,0
2020-06-27,Mono,051,14174,46,35,0,35,1
2020-06-27,Monterey,053,433212,2066,1455,3,1458,12
2020-06-27,Napa,055,140530,420,282,0,282,3
2020-06-27,Nevada,057,99092,140,102,2,104,1
2020-06-27,Orange,059,3164182,21694,12951,176,13127,320
2020-06-27,Placer,061,380077,909,584,3,587,10
2020-06-27,Plumas,063,18699,11,6,0,6,0
2020-06-27,Riverside,065,2383286,22643,16209,25,16234,432
2020-06-27,Sacramento,067,1510023,3962,2685,6,2691,63
2020-06-27,San Benito,069,59416,267,182,0,182,2
2020-06-27,San Bernardino,071,2135413,17778,11238,9,11247,243
2020-06-27,San Diego,073,3302833,16492,12836,2,12838,360
2020-06-27,San Francisco,075,870044,3915,3332,1,3333,49
2020-06-27,San Joaquin,077,732212,4768,2995,3,2998,52
2020-06-27,San Luis Obispo,079,281455,795,505,6,511,1
2020-06-27,San Mateo,081,765935,3549,3083,5,3088,83
2020-06-27,Santa Barbara,083,443738,3552,2799,28,2827,25
2020-06-27,Santa Clara,085,1922200,5617,4006,17,4023,157
2020-06-27,Santa Cruz,087,273765,437,347,0,347,2
2020-06-27,Shasta,089,179085,193,87,0,87,5
2020-06-27,Sierra,091,2930,1,1,0,1,0
2020-06-27,Siskiyou,093,43540,35,25,0,25,0
2020-06-27,Solano,095,438530,1719,1076,7,1083,21
2020-06-27,Sonoma,097,501317,1392,1004,5,1009,5
2020-06-27,Stanislaus,099,539301,3754,2164,6,2170,36
2020-06-27,Sutter,101,95872,191,141,0,141,2
2020-06-27,Tehama,103,63373,90,63,2,65,1
2020-06-27,Trinity,105,12862,17,2,4,6,0
2020-06-27,Tulare,107,460477,5266,3810,10,3820,117
2020-06-27,Tuolumne,109,53932,41,13,2,15,0
2020-06-27,Ventura,111,848112,4144,2471,16,2487,40
2020-06-27,Yolo,113,214977,663,432,3,435,24
2020-06-27,Yuba,115,75493,81,39,0,39,1
2020-06-26,Alameda,001,1643700,6697,5502,7,5509,132
2020-06-26,Alpine,002,1148,1,1,0,1,0
2020-06-26,Amador,005,37829,26,20,0,20,0
2020-06-26,Butte,007,227075,245,135,15,150,2
2020-06-26,Calaveras,009,45235,47,30,0,30,0
2020-06-26,Colusa,011,21464,63,17,0,17,0
2020-06-26,Contra Costa,013,1133247,3583,2676,3,2679,72
2020-06-26,Del Norte,015,27424,57,47,0,47,0
2020-06-26,El Dorado,017,186661,262,159,2,161,0
2020-06-26,Fresno,019,978130,8835,4166,70,4236,74
2020-06-26,Glenn,021,27897,137,71,0,71,0
2020-06-26,Humboldt,023,135768,152,126,0,126,3
2020-06-26,Imperial,025,180216,7752,5400,4,5404,44
2020-06-26,Inyo,027,18085,32,29,0,29,1
2020-06-26,Kern,029,883053,7798,4366,28,4394,70
2020-06-26,Kings,031,150075,2626,2176,4,2180,18
2020-06-26,Lake,033,64148,80,42,0,42,0
2020-06-26,Lassen,035,31185,239,30,2,32,0
2020-06-26,Los Angeles,037,10098052,111281,93328,37,93365,3275
2020-06-26,Madera,039,155013,832,409,2,411,4
2020-06-26,Marin,041,260295,2572,1406,4,1410,17
2020-06-26,Mariposa,043,17540,30,21,0,21,1
2020-06-26,Mendocino,045,87422,82,63,0,63,0
2020-06-26,Merced,047,269075,1533,797,0,797,10
2020-06-26,Modoc,049,8938,1,0,0,0,0
2020-06-26,Mono,051,14174,45,35,0,35,1
2020-06-26,Monterey,053,433212,2014,1449,3,1452,12
2020-06-26,Napa,055,140530,410,277,0,277,3
2020-06-26,Nevada,057,99092,136,101,1,102,1
2020-06-26,Orange,059,3164182,21015,12659,173,12832,320
2020-06-26,Placer,061,380077,880,584,3,587,10
2020-06-26,Plumas,063,18699,11,6,0,6,0
2020-06-26,Riverside,065,2383286,22180,15858,25,15883,430
2020-06-26,Sacramento,067,1510023,3797,2687,6,2693,63
2020-06-26,San Benito,069,59416,263,176,0,176,2
2020-06-26,San Bernardino,071,2135413,17400,11111,9,11120,243
2020-06-26,San Diego,073,3302833,16127,12402,2,12404,358
2020-06-26,San Francisco,075,870044,3860,3330,1,3331,49
2020-06-26,San Joaquin,077,732212,4554,2943,3,2946,52
2020-06-26,San Luis Obispo,079,281455,780,498,6,504,1
2020-06-26,San Mateo,081,765935,3497,3055,5,3060,83
2020-06-26,Santa Barbara,083,443738,3462,2784,26,2810,25
2020-06-26,Santa Clara,085,1922200,5517,3968,17,3985,156
2020-06-26,Santa Cruz,087,273765,430,344,0,344,2
2020-06-26,Shasta,089,179085,186,86,0,86,5
2020-06-26,Sierra,091,2930,1,1,0,1,0
2020-06-26,Siskiyou,093,43540,34,24,0,24,0
2020-06-26,Solano,095,438530,1677,1068,7,1075,21
2020-06-26,Sonoma,097,501317,1361,977,5,982,5
2020-06-26,Stanislaus,099,539301,3641,2157,6,2163,36
2020-06-26,Sutter,101,95872,184,138,0,138,2
2020-06-26,Tehama,103,63373,87,63,2,65,1
2020-06-26,Trinity,105,12862,17,2,4,6,0
2020-06-26,Tulare,107,460477,5177,3720,10,3730,117
2020-06-26,Tuolumne,109,53932,39,10,2,12,0
2020-06-26,Ventura,111,848112,4058,2444,16,2460,40
2020-06-26,Yolo,113,214977,640,418,3,421,24
2020-06-26,Yuba,115,75493,75,38,0,38,1
2020-06-25,Alameda,001,1643700,6508,5398,7,5405,130
2020-06-25,Alpine,002,1148,1,1,0,1,0
2020-06-25,Amador,005,37829,25,18,0,18,0
2020-06-25,Butte,007,227075,240,127,15,142,1
2020-06-25,Calaveras,009,45235,42,26,0,26,0
2020-06-25,Colusa,011,21464,53,14,0,14,0
2020-06-25,Contra Costa,013,1133247,3398,2591,3,2594,71
2020-06-25,Del Norte,015,27424,55,47,0,47,0
2020-06-25,El Dorado,017,186661,254,150,2,152,0
2020-06-25,Fresno,019,978130,8522,3938,69,4007,71
2020-06-25,Glenn,021,27897,132,59,0,59,0
2020-06-25,Humboldt,023,135768,151,121,0,121,3
2020-06-25,Imperial,025,180216,7623,5192,4,5196,44
2020-06-25,Inyo,027,18085,29,27,0,27,1
2020-06-25,Kern,029,883053,7374,4236,25,4261,69
2020-06-25,Kings,031,150075,2574,2110,4,2114,17
2020-06-25,Lake,033,64148,79,42,0,42,0
2020-06-25,Lassen,035,31185,233,13,2,15,0
2020-06-25,Los Angeles,037,10098052,108513,91524,37,91561,3239
2020-06-25,Madera,039,155013,788,380,2,382,4
2020-06-25,Marin,041,260295,2470,1321,4,1325,17
2020-06-25,Mariposa,043,17540,29,20,0,20,1
2020-06-25,Mendocino,045,87422,79,61,0,61,0
2020-06-25,Merced,047,269075,1445,747,0,747,10
2020-06-25,Modoc,049,8938,1,0,0,0,0
2020-06-25,Mono,051,14174,44,35,0,35,1
2020-06-25,Monterey,053,433212,1926,1426,3,1429,12
2020-06-25,Napa,055,140530,392,260,0,260,3
2020-06-25,Nevada,057,99092,128,92,1,93,1
2020-06-25,Orange,059,3164182,20088,12221,171,12392,311
2020-06-25,Placer,061,380077,826,574,3,577,10
2020-06-25,Plumas,063,18699,10,6,0,6,0
2020-06-25,Riverside,065,2383286,21425,15224,25,15249,427
2020-06-25,Sacramento,067,1510023,3574,2519,6,2525,62
2020-06-25,San Benito,069,59416,255,174,0,174,2
2020-06-25,San Bernardino,071,2135413,16649,10590,9,10599,242
2020-06-25,San Diego,073,3302833,15588,11963,2,11965,352
2020-06-25,San Francisco,075,870044,3794,3252,1,3253,48
2020-06-25,San Joaquin,077,732212,4282,2803,3,2806,50
2020-06-25,San Luis Obispo,079,281455,748,473,6,479,1
2020-06-25,San Mateo,081,765935,3429,2996,4,3000,82
2020-06-25,Santa Barbara,083,443738,3357,2622,25,2647,25
2020-06-25,Santa Clara,085,1922200,5367,3871,17,3888,156
2020-06-25,Santa Cruz,087,273765,418,335,0,335,2
2020-06-25,Shasta,089,179085,176,84,0,84,5
2020-06-25,Sierra,091,2930,1,1,0,1,0
2020-06-25,Siskiyou,093,43540,33,24,0,24,0
2020-06-25,Solano,095,438530,1624,1034,7,1041,21
2020-06-25,Sonoma,097,501317,1312,953,4,957,5
2020-06-25,Stanislaus,099,539301,3429,2130,6,2136,36
2020-06-25,Sutter,101,95872,172,126,0,126,2
2020-06-25,Tehama,103,63373,83,59,2,61,1
2020-06-25,Trinity,105,12862,17,2,4,6,0
2020-06-25,Tulare,107,460477,5046,3656,10,3666,117
2020-06-25,Tuolumne,109,53932,38,10,1,11,0
2020-06-25,Ventura,111,848112,3876,2346,15,2361,40
2020-06-25,Yolo,113,214977,611,397,3,400,24
2020-06-25,Yuba,115,75493,64,38,0,38,1
2020-06-24,Alameda,001,1643700,6346,5242,7,5249,123
2020-06-24,Alpine,002,1148,1,1,0,1,0
2020-06-24,Amador,005,37829,23,16,0,16,0
2020-06-24,Butte,007,227075,224,119,14,133,1
2020-06-24,Calaveras,009,45235,40,26,0,26,0
2020-06-24,Colusa,011,21464,44,11,0,11,0
2020-06-24,Contra Costa,013,1133247,3243,2520,3,2523,66
2020-06-24,Del Norte,015,27424,49,47,0,47,0
2020-06-24,El Dorado,017,186661,238,149,2,151,0
2020-06-24,Fresno,019,978130,8191,3765,69,3834,71
2020-06-24,Glenn,021,27897,124,54,0,54,0
2020-06-24,Humboldt,023,135768,151,117,0,117,3
2020-06-24,Imperial,025,180216,7505,5138,4,5142,38
2020-06-24,Inyo,027,18085,29,28,0,28,1
2020-06-24,Kern,029,883053,6981,4155,23,4178,67
2020-06-24,Kings,031,150075,2510,2063,4,2067,16
2020-06-24,Lake,033,64148,66,40,0,40,0
2020-06-24,Lassen,035,31185,232,9,2,11,0
2020-06-24,Los Angeles,037,10098052,105752,89566,37,89603,3186
2020-06-24,Madera,039,155013,766,373,2,375,4
2020-06-24,Marin,041,260295,2242,1261,4,1265,17
2020-06-24,Mariposa,043,17540,28,19,0,19,1
2020-06-24,Mendocino,045,87422,79,60,0,60,0
2020-06-24,Merced,047,269075,1358,696,0,696,8
2020-06-24,Modoc,049,8938,1,0,0,0,0
2020-06-24,Mono,051,14174,42,35,0,35,1
2020-06-24,Monterey,053,433212,1850,1407,3,1410,12
2020-06-24,Napa,055,140530,375,258,0,258,3
2020-06-24,Nevada,057,99092,122,92,1,93,1
2020-06-24,Orange,059,3164182,19090,11804,153,11957,303
2020-06-24,Placer,061,380077,787,548,3,551,10
2020-06-24,Plumas,063,18699,10,6,0,6,0
2020-06-24,Riverside,065,2383286,20577,14946,25,14971,410
2020-06-24,Sacramento,067,1510023,3370,2446,5,2451,62
2020-06-24,San Benito,069,59416,251,171,0,171,2
2020-06-24,San Bernardino,071,2135413,15835,10211,9,10220,239
2020-06-24,San Diego,073,3302833,15085,11628,2,11630,347
2020-06-24,San Francisco,075,870044,3731,3216,1,3217,48
2020-06-24,San Joaquin,077,732212,4061,2680,3,2683,49
2020-06-24,San Luis Obispo,079,281455,717,461,5,466,1
2020-06-24,San Mateo,081,765935,3372,2964,4,2968,82
2020-06-24,Santa Barbara,083,443738,3238,2569,23,2592,22
2020-06-24,Santa Clara,085,1922200,5236,3812,17,3829,155
2020-06-24,Santa Cruz,087,273765,406,329,0,329,2
2020-06-24,Shasta,089,179085,168,83,0,83,5
2020-06-24,Sierra,091,2930,1,1,0,1,0
2020-06-24,Siskiyou,093,43540,32,24,0,24,0
2020-06-24,Solano,095,438530,1535,979,6,985,21
2020-06-24,Sonoma,097,501317,1263,933,4,937,4
2020-06-24,Stanislaus,099,539301,3250,2039,6,2045,36
2020-06-24,Sutter,101,95872,159,118,0,118,2
2020-06-24,Tehama,103,63373,81,55,2,57,1
2020-06-24,Trinity,105,12862,16,2,3,5,0
2020-06-24,Tulare,107,460477,4891,3541,10,3551,116
2020-06-24,Tuolumne,109,53932,33,9,1,10,0
2020-06-24,Ventura,111,848112,3535,2314,15,2329,42
2020-06-24,Yolo,113,214977,576,376,3,379,24
2020-06-24,Yuba,115,75493,58,37,0,37,1
2020-06-23,Alameda,001,1643700,6166,5159,7,5166,121
2020-06-23,Alpine,002,1148,1,1,0,1,0
2020-06-23,Amador,005,37829,22,13,0,13,0
2020-06-23,Butte,007,227075,206,111,14,125,1
2020-06-23,Calaveras,009,45235,40,26,0,26,0
2020-06-23,Colusa,011,21464,40,7,0,7,0
2020-06-23,Contra Costa,013,1133247,3116,2453,3,2456,60
2020-06-23,Del Norte,015,27424,48,46,0,46,0
2020-06-23,El Dorado,017,186661,229,142,2,144,0
2020-06-23,Fresno,019,978130,7542,3569,67,3636,67
2020-06-23,Glenn,021,27897,120,47,0,47,0
2020-06-23,Humboldt,023,135768,151,110,0,110,3
2020-06-23,Imperial,025,180216,7341,5025,4,5029,38
2020-06-23,Inyo,027,18085,29,26,0,26,1
2020-06-23,Kern,029,883053,6614,4087,20,4107,64
2020-06-23,Kings,031,150075,2445,1727,4,1731,16
2020-06-23,Lake,033,64148,60,40,0,40,0
2020-06-23,Lassen,035,31185,228,9,2,11,0
2020-06-23,Los Angeles,037,10098052,102808,88433,36,88469,3152
2020-06-23,Madera,039,155013,727,369,2,371,4
2020-06-23,Marin,041,260295,1974,1139,4,1143,17
2020-06-23,Mariposa,043,17540,26,18,0,18,1
2020-06-23,Mendocino,045,87422,78,61,0,61,0
2020-06-23,Merced,047,269075,1261,656,0,656,8
2020-06-23,Modoc,049,8938,1,0,0,0,0
2020-06-23,Mono,051,14174,42,35,0,35,1
2020-06-23,Monterey,053,433212,1780,1346,3,1349,12
2020-06-23,Napa,055,140530,360,230,0,230,3
2020-06-23,Nevada,057,99092,116,81,1,82,1
2020-06-23,Orange,059,3164182,18113,11071,150,11221,278
2020-06-23,Placer,061,380077,761,525,3,528,10
2020-06-23,Plumas,063,18699,9,6,0,6,0
2020-06-23,Riverside,065,2383286,19558,14469,25,14494,406
2020-06-23,Sacramento,067,1510023,3191,2374,5,2379,62
2020-06-23,San Benito,069,59416,237,167,0,167,2
2020-06-23,San Bernardino,071,2135413,15053,9771,9,9780,229
2020-06-23,San Diego,073,3302833,14565,11296,2,11298,341
2020-06-23,San Francisco,075,870044,3658,3177,1,3178,48
2020-06-23,San Joaquin,077,732212,3802,2502,3,2505,48
2020-06-23,San Luis Obispo,079,281455,686,445,5,450,1
2020-06-23,San Mateo,081,765935,3307,2907,4,2911,81
2020-06-23,Santa Barbara,083,443738,3143,2498,23,2521,22
2020-06-23,Santa Clara,085,1922200,5091,3700,17,3717,155
2020-06-23,Santa Cruz,087,273765,396,313,0,313,2
2020-06-23,Shasta,089,179085,159,81,0,81,5
2020-06-23,Sierra,091,2930,1,1,0,1,0
2020-06-23,Siskiyou,093,43540,30,24,0,24,0
2020-06-23,Solano,095,438530,1478,941,5,946,21
2020-06-23,Sonoma,097,501317,1210,912,4,916,4
2020-06-23,Stanislaus,099,539301,3073,1850,6,1856,35
2020-06-23,Sutter,101,95872,149,112,0,112,2
2020-06-23,Tehama,103,63373,79,50,2,52,1
2020-06-23,Trinity,105,12862,16,2,3,5,0
2020-06-23,Tulare,107,460477,4769,3456,10,3466,111
2020-06-23,Tuolumne,109,53932,28,9,0,9,0
2020-06-23,Ventura,111,848112,3375,2209,14,2223,40
2020-06-23,Yolo,113,214977,549,350,0,350,24
2020-06-23,Yuba,115,75493,55,35,0,35,1
2020-06-22,Alameda,001,1643700,6015,4944,7,4951,121
2020-06-22,Alpine,002,1148,1,1,0,1,0
2020-06-22,Amador,005,37829,19,12,0,12,0
2020-06-22,Butte,007,227075,187,104,14,118,1
2020-06-22,Calaveras,009,45235,38,20,0,20,0
2020-06-22,Colusa,011,21464,37,7,0,7,0
2020-06-22,Contra Costa,013,1133247,2975,2363,3,2366,60
2020-06-22,Del Norte,015,27424,48,46,0,46,0
2020-06-22,El Dorado,017,186661,220,137,2,139,0
2020-06-22,Fresno,019,978130,7011,3425,67,3492,67
2020-06-22,Glenn,021,27897,111,40,0,40,0
2020-06-22,Humboldt,023,135768,148,110,0,110,3
2020-06-22,Imperial,025,180216,7184,4700,4,4704,38
2020-06-22,Inyo,027,18085,29,26,0,26,1
2020-06-22,Kern,029,883053,6262,3982,18,4000,60
2020-06-22,Kings,031,150075,2396,1513,4,1517,13
2020-06-22,Lake,033,64148,54,37,0,37,0
2020-06-22,Lassen,035,31185,118,7,2,9,0
2020-06-22,Los Angeles,037,10098052,99907,85925,35,85960,3117
2020-06-22,Madera,039,155013,702,333,2,335,4
2020-06-22,Marin,041,260295,1717,1029,4,1033,17
2020-06-22,Mariposa,043,17540,25,18,0,18,1
2020-06-22,Mendocino,045,87422,73,48,0,48,0
2020-06-22,Merced,047,269075,1173,619,0,619,8
2020-06-22,Modoc,049,8938,1,0,0,0,0
2020-06-22,Mono,051,14174,42,34,0,34,1
2020-06-22,Monterey,053,433212,1719,1293,3,1296,12
2020-06-22,Napa,055,140530,336,222,0,222,3
2020-06-22,Nevada,057,99092,111,79,1,80,1
2020-06-22,Orange,059,3164182,17177,10711,147,10858,275
2020-06-22,Placer,061,380077,735,512,3,515,9
2020-06-22,Plumas,063,18699,7,6,0,6,0
2020-06-22,Riverside,065,2383286,18586,13948,25,13973,403
2020-06-22,Sacramento,067,1510023,2975,2243,4,2247,62
2020-06-22,San Benito,069,59416,228,164,0,164,2
2020-06-22,San Bernardino,071,2135413,14280,9133,9,9142,229
2020-06-22,San Diego,073,3302833,14073,11098,2,11100,338
2020-06-22,San Francisco,075,870044,3565,3000,1,3001,47
2020-06-22,San Joaquin,077,732212,3554,2332,3,2335,48
2020-06-22,San Luis Obispo,079,281455,653,422,5,427,1
2020-06-22,San Mateo,081,765935,3233,2813,3,2816,81
2020-06-22,Santa Barbara,083,443738,3051,2447,23,2470,21
2020-06-22,Santa Clara,085,1922200,4929,3580,17,3597,155
2020-06-22,Santa Cruz,087,273765,383,290,0,290,3
2020-06-22,Shasta,089,179085,156,77,0,77,5
2020-06-22,Sierra,091,2930,1,1,0,1,0
2020-06-22,Siskiyou,093,43540,30,23,0,23,0
2020-06-22,Solano,095,438530,1400,784,4,788,21
2020-06-22,Sonoma,097,501317,1166,860,2,862,4
2020-06-22,Stanislaus,099,539301,2888,1784,6,1790,35
2020-06-22,Sutter,101,95872,140,100,0,100,2
2020-06-22,Tehama,103,63373,75,38,2,40,1
2020-06-22,Trinity,105,12862,16,2,3,5,0
2020-06-22,Tulare,107,460477,4632,3185,10,3195,111
2020-06-22,Tuolumne,109,53932,19,8,0,8,0
2020-06-22,Ventura,111,848112,3227,2065,14,2079,39
2020-06-22,Yolo,113,214977,523,333,0,333,24
2020-06-22,Yuba,115,75493,50,36,0,36,1
2020-06-21,Alameda,001,1643700,5821,4835,7,4842,121
2020-06-21,Alpine,002,1148,1,1,0,1,0
2020-06-21,Amador,005,37829,14,12,0,12,0
2020-06-21,Butte,007,227075,173,97,14,111,1
2020-06-21,Calaveras,009,45235,38,20,0,20,0
2020-06-21,Colusa,011,21464,29,7,0,7,0
2020-06-21,Contra Costa,013,1133247,2848,2282,3,2285,60
2020-06-21,Del Norte,015,27424,47,46,0,46,0
2020-06-21,El Dorado,017,186661,211,132,2,134,0
2020-06-21,Fresno,019,978130,6440,3296,66,3362,67
2020-06-21,Glenn,021,27897,102,40,0,40,0
2020-06-21,Humboldt,023,135768,143,108,0,108,3
2020-06-21,Imperial,025,180216,7001,4701,4,4705,38
2020-06-21,Inyo,027,18085,27,26,0,26,1
2020-06-21,Kern,029,883053,5970,3918,16,3934,60
2020-06-21,Kings,031,150075,2332,1334,4,1338,11
2020-06-21,Lake,033,64148,49,36,0,36,0
2020-06-21,Lassen,035,31185,25,7,2,9,0
2020-06-21,Los Angeles,037,10098052,97016,83383,34,83417,3101
2020-06-21,Madera,039,155013,668,319,2,321,4
2020-06-21,Marin,041,260295,1560,907,4,911,17
2020-06-21,Mariposa,043,17540,22,18,0,18,1
2020-06-21,Mendocino,045,87422,70,48,0,48,0
2020-06-21,Merced,047,269075,1077,577,0,577,8
2020-06-21,Modoc,049,8938,1,0,0,0,0
2020-06-21,Mono,051,14174,42,34,0,34,1
2020-06-21,Monterey,053,433212,1646,1227,3,1230,12
2020-06-21,Napa,055,140530,321,218,0,218,3
2020-06-21,Nevada,057,99092,108,79,1,80,1
2020-06-21,Orange,059,3164182,16339,10563,144,10707,275
2020-06-21,Placer,061,380077,695,498,3,501,9
2020-06-21,Plumas,063,18699,7,6,0,6,0
2020-06-21,Riverside,065,2383286,17879,13528,24,13552,402
2020-06-21,Sacramento,067,1510023,2774,2156,3,2159,62
2020-06-21,San Benito,069,59416,214,151,0,151,2
2020-06-21,San Bernardino,071,2135413,13505,8925,8,8933,229
2020-06-21,San Diego,073,3302833,13527,10796,2,10798,338
2020-06-21,San Francisco,075,870044,3459,3000,1,3001,47
2020-06-21,San Joaquin,077,732212,3318,2188,3,2191,48
2020-06-21,San Luis Obispo,079,281455,627,418,5,423,1
2020-06-21,San Mateo,081,765935,3175,2781,3,2784,81
2020-06-21,Santa Barbara,083,443738,2944,2430,22,2452,21
2020-06-21,Santa Clara,085,1922200,4792,3514,17,3531,154
2020-06-21,Santa Cruz,087,273765,373,290,0,290,3
2020-06-21,Shasta,089,179085,146,75,0,75,5
2020-06-21,Sierra,091,2930,1,1,0,1,0
2020-06-21,Siskiyou,093,43540,30,23,0,23,0
2020-06-21,Solano,095,438530,1300,783,4,787,21
2020-06-21,Sonoma,097,501317,1116,836,2,838,4
2020-06-21,Stanislaus,099,539301,2702,1688,6,1694,35
2020-06-21,Sutter,101,95872,132,96,0,96,2
2020-06-21,Tehama,103,63373,64,35,2,37,1
2020-06-21,Trinity,105,12862,15,2,3,5,0
2020-06-21,Tulare,107,460477,4463,3173,10,3183,111
2020-06-21,Tuolumne,109,53932,17,8,0,8,0
2020-06-21,Ventura,111,848112,3049,2021,14,2035,39
2020-06-21,Yolo,113,214977,491,323,0,323,24
2020-06-21,Yuba,115,75493,46,35,0,35,1
2020-06-20,Alameda,001,1643700,5759,4758,7,4765,119
2020-06-20,Alpine,002,1148,1,1,0,1,0
2020-06-20,Amador,005,37829,14,12,0,12,0
2020-06-20,Butte,007,227075,166,94,14,108,1
2020-06-20,Calaveras,009,45235,38,20,0,20,0
2020-06-20,Colusa,011,21464,26,7,0,7,0
2020-06-20,Contra Costa,013,1133247,2789,2231,3,2234,54
2020-06-20,Del Norte,015,27424,47,46,0,46,0
2020-06-20,El Dorado,017,186661,206,130,2,132,0
2020-06-20,Fresno,019,978130,6314,3222,63,3285,67
2020-06-20,Glenn,021,27897,97,40,0,40,0
2020-06-20,Humboldt,023,135768,143,108,0,108,3
2020-06-20,Imperial,025,180216,6921,4616,4,4620,37
2020-06-20,Inyo,027,18085,27,26,0,26,1
2020-06-20,Kern,029,883053,5805,3836,16,3852,59
2020-06-20,Kings,031,150075,2308,1331,4,1335,9
2020-06-20,Lake,033,64148,49,37,0,37,0
2020-06-20,Lassen,035,31185,24,7,2,9,0
2020-06-20,Los Angeles,037,10098052,95442,81604,33,81637,3093
2020-06-20,Madera,039,155013,635,321,2,323,4
2020-06-20,Marin,041,260295,1540,879,4,883,17
2020-06-20,Mariposa,043,17540,22,18,0,18,1
2020-06-20,Mendocino,045,87422,69,48,0,48,0
2020-06-20,Merced,047,269075,1039,566,0,566,8
2020-06-20,Modoc,049,8938,1,0,0,0,0
2020-06-20,Mono,051,14174,42,34,0,34,1
2020-06-20,Monterey,053,433212,1610,1181,3,1184,12
2020-06-20,Napa,055,140530,312,212,0,212,3
2020-06-20,Nevada,057,99092,105,73,1,74,1
2020-06-20,Orange,059,3164182,15988,10284,140,10424,273
2020-06-20,Placer,061,380077,670,483,3,486,9
2020-06-20,Plumas,063,18699,6,6,0,6,0
2020-06-20,Riverside,065,2383286,17579,13021,24,13045,402
2020-06-20,Sacramento,067,1510023,2703,2069,3,2072,63
2020-06-20,San Benito,069,59416,210,139,0,139,2
2020-06-20,San Bernardino,071,2135413,13141,8718,8,8726,229
2020-06-20,San Diego,073,3302833,13204,10486,2,10488,338
2020-06-20,San Francisco,075,870044,3415,2999,1,3000,47
2020-06-20,San Joaquin,077,732212,3236,2046,3,2049,48
2020-06-20,San Luis Obispo,079,281455,613,405,5,410,1
2020-06-20,San Mateo,081,765935,3127,2755,3,2758,81
2020-06-20,Santa Barbara,083,443738,2887,2358,21,2379,21
2020-06-20,Santa Clara,085,1922200,4718,3435,17,3452,154
2020-06-20,Santa Cruz,087,273765,371,287,0,287,3
2020-06-20,Shasta,089,179085,140,66,0,66,5
2020-06-20,Sierra,091,2930,1,1,0,1,0
2020-06-20,Siskiyou,093,43540,29,22,0,22,0
2020-06-20,Solano,095,438530,1276,784,4,788,21
2020-06-20,Sonoma,097,501317,1080,806,2,808,4
2020-06-20,Stanislaus,099,539301,2594,1598,6,1604,35
2020-06-20,Sutter,101,95872,130,89,0,89,2
2020-06-20,Tehama,103,63373,62,35,2,37,1
2020-06-20,Trinity,105,12862,15,2,3,5,0
2020-06-20,Tulare,107,460477,4390,3172,10,3182,111
2020-06-20,Tuolumne,109,53932,14,8,0,8,0
2020-06-20,Ventura,111,848112,2983,1946,14,1960,37
2020-06-20,Yolo,113,214977,475,309,0,309,24
2020-06-20,Yuba,115,75493,44,34,0,34,1
2020-06-19,Alameda,001,1643700,5686,4646,7,4653,119
2020-06-19,Alpine,002,1148,1,1,0,1,0
2020-06-19,Amador,005,37829,14,12,0,12,0
2020-06-19,Butte,007,227075,161,91,14,105,1
2020-06-19,Calaveras,009,45235,37,20,0,20,0
2020-06-19,Colusa,011,21464,24,7,0,7,0
2020-06-19,Contra Costa,013,1133247,2709,2106,3,2109,54
2020-06-19,Del Norte,015,27424,47,46,0,46,0
2020-06-19,El Dorado,017,186661,198,124,2,126,0
2020-06-19,Fresno,019,978130,6151,3109,62,3171,61
2020-06-19,Glenn,021,27897,91,40,0,40,0
2020-06-19,Humboldt,023,135768,141,106,0,106,3
2020-06-19,Imperial,025,180216,6829,4504,4,4508,36
2020-06-19,Inyo,027,18085,27,26,0,26,1
2020-06-19,Kern,029,883053,5582,3742,15,3757,57
2020-06-19,Kings,031,150075,2287,1285,4,1289,9
2020-06-19,Lake,033,64148,46,36,0,36,0
2020-06-19,Lassen,035,31185,23,7,2,9,0
2020-06-19,Los Angeles,037,10098052,93453,79572,32,79604,3047
2020-06-19,Madera,039,155013,616,300,2,302,4
2020-06-19,Marin,041,260295,1511,829,4,833,17
2020-06-19,Mariposa,043,17540,21,18,0,18,1
2020-06-19,Mendocino,045,87422,68,48,0,48,0
2020-06-19,Merced,047,269075,994,529,0,529,8
2020-06-19,Modoc,049,8938,1,0,0,0,0
2020-06-19,Mono,051,14174,42,34,0,34,1
2020-06-19,Monterey,053,433212,1581,1159,3,1162,12
2020-06-19,Napa,055,140530,302,209,0,209,3
2020-06-19,Nevada,057,99092,102,71,1,72,1
2020-06-19,Orange,059,3164182,15454,9972,133,10105,260
2020-06-19,Placer,061,380077,652,464,3,467,9
2020-06-19,Plumas,063,18699,6,5,0,5,0
2020-06-19,Riverside,065,2383286,17174,12710,24,12734,398
2020-06-19,Sacramento,067,1510023,2620,1976,3,1979,64
2020-06-19,San Benito,069,59416,209,136,0,136,2
2020-06-19,San Bernardino,071,2135413,12736,8454,7,8461,226
2020-06-19,San Diego,073,3302833,12841,10352,2,10354,332
2020-06-19,San Francisco,075,870044,3360,2968,1,2969,47
2020-06-19,San Joaquin,077,732212,3113,1969,3,1972,48
2020-06-19,San Luis Obispo,079,281455,597,392,5,397,1
2020-06-19,San Mateo,081,765935,3088,2713,3,2716,81
2020-06-19,Santa Barbara,083,443738,2814,2284,19,2303,21
2020-06-19,Santa Clara,085,1922200,4645,3376,17,3393,154
2020-06-19,Santa Cruz,087,273765,361,283,0,283,3
2020-06-19,Shasta,089,179085,137,58,0,58,5
2020-06-19,Sierra,091,2930,1,1,0,1,0
2020-06-19,Siskiyou,093,43540,29,21,0,21,0
2020-06-19,Solano,095,438530,1238,755,4,759,21
2020-06-19,Sonoma,097,501317,1053,803,2,805,4
2020-06-19,Stanislaus,099,539301,2484,1549,6,1555,35
2020-06-19,Sutter,101,95872,129,89,0,89,2
2020-06-19,Tehama,103,63373,61,35,2,37,1
2020-06-19,Trinity,105,12862,15,2,3,5,0
2020-06-19,Tulare,107,460477,4320,3053,10,3063,107
2020-06-19,Tuolumne,109,53932,13,8,0,8,0
2020-06-19,Ventura,111,848112,2899,1865,14,1879,37
2020-06-19,Yolo,113,214977,456,303,0,303,24
2020-06-19,Yuba,115,75493,43,33,0,33,1
2020-06-18,Alameda,001,1643700,5557,4589,7,4596,118
2020-06-18,Alpine,002,1148,1,1,0,1,0
2020-06-18,Amador,005,37829,13,12,0,12,0
2020-06-18,Butte,007,227075,156,88,14,102,1
2020-06-18,Calaveras,009,45235,37,20,0,20,0
2020-06-18,Colusa,011,21464,20,7,0,7,0
2020-06-18,Contra Costa,013,1133247,2602,2072,3,2075,53
2020-06-18,Del Norte,015,27424,47,46,0,46,0
2020-06-18,El Dorado,017,186661,194,121,2,123,0
2020-06-18,Fresno,019,978130,5885,2947,61,3008,57
2020-06-18,Glenn,021,27897,82,35,0,35,0
2020-06-18,Humboldt,023,135768,140,106,0,106,3
2020-06-18,Imperial,025,180216,6679,4366,4,4370,36
2020-06-18,Inyo,027,18085,26,25,0,25,1
2020-06-18,Kern,029,883053,5364,3634,14,3648,57
2020-06-18,Kings,031,150075,2228,1141,4,1145,8
2020-06-18,Lake,033,64148,45,36,0,36,0
2020-06-18,Lassen,035,31185,22,5,2,7,0
2020-06-18,Los Angeles,037,10098052,91183,78244,32,78276,3009
2020-06-18,Madera,039,155013,581,288,2,290,4
2020-06-18,Marin,041,260295,1448,819,4,823,17
2020-06-18,Mariposa,043,17540,19,18,0,18,1
2020-06-18,Mendocino,045,87422,64,45,0,45,0
2020-06-18,Merced,047,269075,943,486,0,486,7
2020-06-18,Modoc,049,8938,1,0,0,0,0
2020-06-18,Mono,051,14174,42,34,0,34,1
2020-06-18,Monterey,053,433212,1513,1127,3,1130,12
2020-06-18,Napa,055,140530,287,205,0,205,3
2020-06-18,Nevada,057,99092,98,68,1,69,1
2020-06-18,Orange,059,3164182,14797,9597,114,9711,255
2020-06-18,Placer,061,380077,629,457,3,460,9
2020-06-18,Plumas,063,18699,6,5,0,5,0
2020-06-18,Riverside,065,2383286,16557,12410,24,12434,392
2020-06-18,Sacramento,067,1510023,2504,1938,3,1941,63
2020-06-18,San Benito,069,59416,203,134,0,134,2
2020-06-18,San Bernardino,071,2135413,12096,8141,7,8148,226
2020-06-18,San Diego,073,3302833,12419,10094,2,10096,331
2020-06-18,San Francisco,075,870044,3311,2951,1,2952,47
2020-06-18,San Joaquin,077,732212,2961,1908,3,1911,47
2020-06-18,San Luis Obispo,079,281455,576,378,5,383,1
2020-06-18,San Mateo,081,765935,3049,2674,3,2677,78
2020-06-18,Santa Barbara,083,443738,2740,2201,19,2220,19
2020-06-18,Santa Clara,085,1922200,4542,3338,17,3355,152
2020-06-18,Santa Cruz,087,273765,344,275,0,275,3
2020-06-18,Shasta,089,179085,126,51,0,51,4
2020-06-18,Sierra,091,2930,1,1,0,1,0
2020-06-18,Siskiyou,093,43540,29,18,0,18,0
2020-06-18,Solano,095,438530,1200,735,4,739,21
2020-06-18,Sonoma,097,501317,1011,789,2,791,4
2020-06-18,Stanislaus,099,539301,2351,1495,6,1501,35
2020-06-18,Sutter,101,95872,125,85,0,85,2
2020-06-18,Tehama,103,63373,56,31,2,33,1
2020-06-18,Trinity,105,12862,15,2,3,5,0
2020-06-18,Tulare,107,460477,4197,3005,10,3015,107
2020-06-18,Tuolumne,109,53932,12,8,0,8,0
2020-06-18,Ventura,111,848112,2773,1781,14,1795,37
2020-06-18,Yolo,113,214977,423,294,0,294,24
2020-06-18,Yuba,115,75493,42,32,0,32,1
2020-06-17,Alameda,001,1643700,5434,4485,7,4492,117
2020-06-17,Alpine,002,1148,1,1,0,1,0
2020-06-17,Amador,005,37829,12,10,0,10,0
2020-06-17,Butte,007,227075,147,81,14,95,1
2020-06-17,Calaveras,009,45235,37,20,0,20,0
2020-06-17,Colusa,011,21464,19,7,0,7,0
2020-06-17,Contra Costa,013,1133247,2505,2020,3,2023,45
2020-06-17,Del Norte,015,27424,47,45,0,45,0
2020-06-17,El Dorado,017,186661,187,116,2,118,0
2020-06-17,Fresno,019,978130,5659,2801,60,2861,56
2020-06-17,Glenn,021,27897,75,31,0,31,0
2020-06-17,Humboldt,023,135768,138,105,0,105,3
2020-06-17,Imperial,025,180216,6505,4108,4,4112,36
2020-06-17,Inyo,027,18085,25,25,0,25,1
2020-06-17,Kern,029,883053,5163,3547,14,3561,56
2020-06-17,Kings,031,150075,2198,1097,4,1101,7
2020-06-17,Lake,033,64148,44,32,0,32,0
2020-06-17,Lassen,035,31185,18,5,2,7,0
2020-06-17,Los Angeles,037,10098052,88875,77166,31,77197,2973
2020-06-17,Madera,039,155013,559,258,2,260,4
2020-06-17,Marin,041,260295,1256,771,3,774,17
2020-06-17,Mariposa,043,17540,18,18,0,18,1
2020-06-17,Mendocino,045,87422,62,42,0,42,0
2020-06-17,Merced,047,269075,870,460,0,460,7
2020-06-17,Modoc,049,8938,1,0,0,0,0
2020-06-17,Mono,051,14174,42,34,0,34,1
2020-06-17,Monterey,053,433212,1461,1077,3,1080,12
2020-06-17,Napa,055,140530,272,202,0,202,3
2020-06-17,Nevada,057,99092,94,57,1,58,1
2020-06-17,Orange,059,3164182,14186,9278,108,9386,230
2020-06-17,Placer,061,380077,609,427,3,430,9
2020-06-17,Plumas,063,18699,6,5,0,5,0
2020-06-17,Riverside,065,2383286,15921,11859,24,11883,370
2020-06-17,Sacramento,067,1510023,2397,1889,3,1892,63
2020-06-17,San Benito,069,59416,198,116,0,116,2
2020-06-17,San Bernardino,071,2135413,11547,7670,7,7677,225
2020-06-17,San Diego,073,3302833,12040,9856,2,9858,327
2020-06-17,San Francisco,075,870044,3272,2906,1,2907,46
2020-06-17,San Joaquin,077,732212,2788,1825,3,1828,46
2020-06-17,San Luis Obispo,079,281455,557,362,5,367,1
2020-06-17,San Mateo,081,765935,3002,2649,3,2652,78
2020-06-17,Santa Barbara,083,443738,2668,2147,17,2164,19
2020-06-17,Santa Clara,085,1922200,4449,3264,16,3280,148
2020-06-17,Santa Cruz,087,273765,338,265,0,265,2
2020-06-17,Shasta,089,179085,124,51,0,51,4
2020-06-17,Sierra,091,2930,1,1,0,1,0
2020-06-17,Siskiyou,093,43540,28,16,0,16,0
2020-06-17,Solano,095,438530,1150,722,4,726,21
2020-06-17,Sonoma,097,501317,986,748,2,750,4
2020-06-17,Stanislaus,099,539301,2227,1387,6,1393,35
2020-06-17,Sutter,101,95872,119,79,0,79,2
2020-06-17,Tehama,103,63373,41,24,2,26,1
2020-06-17,Trinity,105,12862,14,2,3,5,0
2020-06-17,Tulare,107,460477,4087,2882,10,2892,106
2020-06-17,Tuolumne,109,53932,12,7,0,7,0
2020-06-17,Ventura,111,848112,2673,1729,14,1743,37
2020-06-17,Yolo,113,214977,403,277,0,277,24
2020-06-17,Yuba,115,75493,41,30,0,30,1
2020-06-16,Alameda,001,1643700,5316,4428,7,4435,113
2020-06-16,Alpine,002,1148,1,1,0,1,0
2020-06-16,Amador,005,37829,12,10,0,10,0
2020-06-16,Butte,007,227075,143,79,14,93,1
2020-06-16,Calaveras,009,45235,34,19,0,19,0
2020-06-16,Colusa,011,21464,16,7,0,7,0
2020-06-16,Contra Costa,013,1133247,2413,1971,2,1973,45
2020-06-16,Del Norte,015,27424,47,45,0,45,0
2020-06-16,El Dorado,017,186661,181,115,2,117,0
2020-06-16,Fresno,019,978130,5420,2731,58,2789,50
2020-06-16,Glenn,021,27897,71,30,0,30,0
2020-06-16,Humboldt,023,135768,135,105,0,105,3
2020-06-16,Imperial,025,180216,6346,3939,4,3943,36
2020-06-16,Inyo,027,18085,25,24,0,24,1
2020-06-16,Kern,029,883053,4939,3496,14,3510,55
2020-06-16,Kings,031,150075,2152,1044,4,1048,6
2020-06-16,Lake,033,64148,44,31,0,31,0
2020-06-16,Lassen,035,31185,15,5,2,7,0
2020-06-16,Los Angeles,037,10098052,86553,75051,31,75082,2942
2020-06-16,Madera,039,155013,533,239,2,241,3
2020-06-16,Marin,041,260295,1203,725,3,728,17
2020-06-16,Mariposa,043,17540,18,17,0,17,1
2020-06-16,Mendocino,045,87422,61,35,0,35,0
2020-06-16,Merced,047,269075,823,436,0,436,7
2020-06-16,Modoc,049,8938,1,0,0,0,0
2020-06-16,Mono,051,14174,42,34,0,34,1
2020-06-16,Monterey,053,433212,1413,1019,3,1022,12
2020-06-16,Napa,055,140530,257,196,0,196,3
2020-06-16,Nevada,057,99092,91,53,1,54,1
2020-06-16,Orange,059,3164182,13601,9163,102,9265,223
2020-06-16,Placer,061,380077,577,392,3,395,9
2020-06-16,Plumas,063,18699,6,5,0,5,0
2020-06-16,Riverside,065,2383286,15246,11638,24,11662,364
2020-06-16,Sacramento,067,1510023,2287,1825,3,1828,60
2020-06-16,San Benito,069,59416,190,110,0,110,2
2020-06-16,San Bernardino,071,2135413,11003,7463,7,7470,225
2020-06-16,San Diego,073,3302833,11678,9732,1,9733,323
2020-06-16,San Francisco,075,870044,3221,2893,1,2894,46
2020-06-16,San Joaquin,077,732212,2635,1718,3,1721,47
2020-06-16,San Luis Obispo,079,281455,533,343,5,348,1
2020-06-16,San Mateo,081,765935,2948,2618,3,2621,77
2020-06-16,Santa Barbara,083,443738,2601,2090,17,2107,16
2020-06-16,Santa Clara,085,1922200,4338,3228,15,3243,148
2020-06-16,Santa Cruz,087,273765,322,257,0,257,2
2020-06-16,Shasta,089,179085,115,51,0,51,4
2020-06-16,Sierra,091,2930,1,1,0,1,0
2020-06-16,Siskiyou,093,43540,27,15,0,15,0
2020-06-16,Solano,095,438530,1060,694,4,698,19
2020-06-16,Sonoma,097,501317,954,739,2,741,4
2020-06-16,Stanislaus,099,539301,2073,1278,6,1284,36
2020-06-16,Sutter,101,95872,112,73,0,73,2
2020-06-16,Tehama,103,63373,37,24,2,26,1
2020-06-16,Trinity,105,12862,14,2,3,5,0
2020-06-16,Tulare,107,460477,3969,2802,10,2812,96
2020-06-16,Tuolumne,109,53932,12,7,0,7,0
2020-06-16,Ventura,111,848112,2573,1676,14,1690,37
2020-06-16,Yolo,113,214977,380,262,0,262,24
2020-06-16,Yuba,115,75493,39,29,0,29,1
2020-06-15,Alameda,001,1643700,5189,4323,7,4330,112
2020-06-15,Alpine,002,1148,1,1,0,1,0
2020-06-15,Amador,005,37829,12,10,0,10,0
2020-06-15,Butte,007,227075,135,78,13,91,1
2020-06-15,Calaveras,009,45235,34,18,0,18,0
2020-06-15,Colusa,011,21464,14,7,0,7,0
2020-06-15,Contra Costa,013,1133247,2337,1918,2,1920,43
2020-06-15,Del Norte,015,27424,47,45,0,45,0
2020-06-15,El Dorado,017,186661,171,114,2,116,0
2020-06-15,Fresno,019,978130,5206,2616,57,2673,48
2020-06-15,Glenn,021,27897,66,21,0,21,0
2020-06-15,Humboldt,023,135768,133,105,0,105,3
2020-06-15,Imperial,025,180216,6171,3726,4,3730,36
2020-06-15,Inyo,027,18085,25,23,0,23,1
2020-06-15,Kern,029,883053,4716,3417,14,3431,55
2020-06-15,Kings,031,150075,2076,1022,4,1026,6
2020-06-15,Lake,033,64148,44,31,0,31,0
2020-06-15,Lassen,035,31185,15,5,2,7,0
2020-06-15,Los Angeles,037,10098052,84366,73705,31,73736,2908
2020-06-15,Madera,039,155013,511,203,2,205,3
2020-06-15,Marin,041,260295,1036,708,3,711,17
2020-06-15,Mariposa,043,17540,18,17,0,17,1
2020-06-15,Mendocino,045,87422,52,33,0,33,0
2020-06-15,Merced,047,269075,776,414,0,414,7
2020-06-15,Modoc,049,8938,1,0,0,0,0
2020-06-15,Mono,051,14174,42,34,0,34,1
2020-06-15,Monterey,053,433212,1347,998,3,1001,12
2020-06-15,Napa,055,140530,249,187,0,187,3
2020-06-15,Nevada,057,99092,85,52,1,53,1
2020-06-15,Orange,059,3164182,13033,8944,94,9038,212
2020-06-15,Placer,061,380077,555,386,3,389,9
2020-06-15,Plumas,063,18699,6,4,0,4,0
2020-06-15,Riverside,065,2383286,14628,11376,23,11399,364
2020-06-15,Sacramento,067,1510023,2171,1791,3,1794,60
2020-06-15,San Benito,069,59416,184,108,0,108,2
2020-06-15,San Bernardino,071,2135413,10500,7189,7,7196,224
2020-06-15,San Diego,073,3302833,11338,9612,1,9613,320
2020-06-15,San Francisco,075,870044,3177,2833,1,2834,45
2020-06-15,San Joaquin,077,732212,2499,1667,3,1670,43
2020-06-15,San Luis Obispo,079,281455,518,332,5,337,1
2020-06-15,San Mateo,081,765935,2901,2591,3,2594,75
2020-06-15,Santa Barbara,083,443738,2533,2054,17,2071,16
2020-06-15,Santa Clara,085,1922200,4238,3204,15,3219,148
2020-06-15,Santa Cruz,087,273765,311,254,0,254,2
2020-06-15,Shasta,089,179085,109,50,0,50,4
2020-06-15,Sierra,091,2930,1,1,0,1,0
2020-06-15,Siskiyou,093,43540,26,14,0,14,0
2020-06-15,Solano,095,438530,1000,638,4,642,19
2020-06-15,Sonoma,097,501317,925,726,2,728,4
2020-06-15,Stanislaus,099,539301,1956,1253,6,1259,35
2020-06-15,Sutter,101,95872,102,71,0,71,2
2020-06-15,Tehama,103,63373,37,17,2,19,1
2020-06-15,Trinity,105,12862,13,2,3,5,0
2020-06-15,Tulare,107,460477,3855,2662,10,2672,96
2020-06-15,Tuolumne,109,53932,11,7,0,7,0
2020-06-15,Ventura,111,848112,2492,1656,14,1670,37
2020-06-15,Yolo,113,214977,360,255,0,255,24
2020-06-15,Yuba,115,75493,39,28,0,28,1
2020-06-14,Alameda,001,1643700,5042,4271,7,4278,112
2020-06-14,Alpine,002,1148,1,1,0,1,0
2020-06-14,Amador,005,37829,12,10,0,10,0
2020-06-14,Butte,007,227075,127,78,13,91,1
2020-06-14,Calaveras,009,45235,33,18,0,18,0
2020-06-14,Colusa,011,21464,13,7,0,7,0
2020-06-14,Contra Costa,013,1133247,2269,1893,2,1895,43
2020-06-14,Del Norte,015,27424,47,45,0,45,0
2020-06-14,El Dorado,017,186661,167,110,2,112,0
2020-06-14,Fresno,019,978130,5021,2585,56,2641,48
2020-06-14,Glenn,021,27897,51,21,0,21,0
2020-06-14,Humboldt,023,135768,129,105,0,105,3
2020-06-14,Imperial,025,180216,5940,3730,4,3734,36
2020-06-14,Inyo,027,18085,24,23,0,23,1
2020-06-14,Kern,029,883053,4505,3328,14,3342,55
2020-06-14,Kings,031,150075,2025,1022,3,1025,6
2020-06-14,Lake,033,64148,41,31,0,31,0
2020-06-14,Lassen,035,31185,15,5,2,7,0
2020-06-14,Los Angeles,037,10098052,82046,72932,28,72960,2887
2020-06-14,Madera,039,155013,492,203,2,205,3
2020-06-14,Marin,041,260295,871,689,2,691,17
2020-06-14,Mariposa,043,17540,18,16,0,16,1
2020-06-14,Mendocino,045,87422,49,33,0,33,0
2020-06-14,Merced,047,269075,724,403,0,403,7
2020-06-14,Modoc,049,8938,1,0,0,0,0
2020-06-14,Mono,051,14174,42,34,0,34,1
2020-06-14,Monterey,053,433212,1286,949,3,952,12
2020-06-14,Napa,055,140530,227,181,0,181,3
2020-06-14,Nevada,057,99092,81,52,1,53,1
2020-06-14,Orange,059,3164182,12602,8744,90,8834,211
2020-06-14,Placer,061,380077,529,369,3,372,9
2020-06-14,Plumas,063,18699,5,4,0,4,0
2020-06-14,Riverside,065,2383286,14185,11218,23,11241,364
2020-06-14,Sacramento,067,1510023,2084,1750,3,1753,60
2020-06-14,San Benito,069,59416,173,104,0,104,2
2020-06-14,San Bernardino,071,2135413,9961,7015,7,7022,224
2020-06-14,San Diego,073,3302833,10963,9442,1,9443,319
2020-06-14,San Francisco,075,870044,3137,2834,1,2835,45
2020-06-14,San Joaquin,077,732212,2348,1603,3,1606,43
2020-06-14,San Luis Obispo,079,281455,503,330,5,335,1
2020-06-14,San Mateo,081,765935,2843,2571,3,2574,75
2020-06-14,Santa Barbara,083,443738,2456,2049,17,2066,17
2020-06-14,Santa Clara,085,1922200,4143,3178,15,3193,148
2020-06-14,Santa Cruz,087,273765,297,254,0,254,2
2020-06-14,Shasta,089,179085,103,48,0,48,4
2020-06-14,Sierra,091,2930,1,1,0,1,0
2020-06-14,Siskiyou,093,43540,25,13,0,13,0
2020-06-14,Solano,095,438530,951,638,4,642,19
2020-06-14,Sonoma,097,501317,897,724,2,726,4
2020-06-14,Stanislaus,099,539301,1807,1159,6,1165,35
2020-06-14,Sutter,101,95872,97,63,0,63,2
2020-06-14,Tehama,103,63373,34,17,2,19,1
2020-06-14,Trinity,105,12862,13,2,3,5,0
2020-06-14,Tulare,107,460477,3721,2646,10,2656,96
2020-06-14,Tuolumne,109,53932,11,7,0,7,0
2020-06-14,Ventura,111,848112,2393,1610,13,1623,37
2020-06-14,Yolo,113,214977,344,254,0,254,24
2020-06-14,Yuba,115,75493,38,28,0,28,1
2020-06-13,Alameda,001,1643700,4978,4196,7,4203,112
2020-06-13,Alpine,002,1148,1,1,0,1,0
2020-06-13,Amador,005,37829,11,10,0,10,0
2020-06-13,Butte,007,227075,118,72,13,85,1
2020-06-13,Calaveras,009,45235,31,18,0,18,0
2020-06-13,Colusa,011,21464,12,7,0,7,0
2020-06-13,Contra Costa,013,1133247,2233,1868,2,1870,43
2020-06-13,Del Norte,015,27424,47,45,0,45,0
2020-06-13,El Dorado,017,186661,163,110,2,112,0
2020-06-13,Fresno,019,978130,4923,2499,56,2555,48
2020-06-13,Glenn,021,27897,49,21,0,21,0
2020-06-13,Humboldt,023,135768,128,104,0,104,3
2020-06-13,Imperial,025,180216,5867,3646,4,3650,36
2020-06-13,Inyo,027,18085,24,23,0,23,1
2020-06-13,Kern,029,883053,4396,3239,14,3253,55
2020-06-13,Kings,031,150075,2005,1023,3,1026,6
2020-06-13,Lake,033,64148,40,29,0,29,0
2020-06-13,Lassen,035,31185,15,5,2,7,0
2020-06-13,Los Angeles,037,10098052,81005,71938,28,71966,2874
2020-06-13,Madera,039,155013,488,203,2,205,3
2020-06-13,Marin,041,260295,840,677,2,679,17
2020-06-13,Mariposa,043,17540,18,16,0,16,1
2020-06-13,Mendocino,045,87422,49,33,0,33,0
2020-06-13,Merced,047,269075,705,376,0,376,7
2020-06-13,Modoc,049,8938,1,0,0,0,0
2020-06-13,Mono,051,14174,42,35,0,35,1
2020-06-13,Monterey,053,433212,1248,900,3,903,11
2020-06-13,Napa,055,140530,224,171,0,171,3
2020-06-13,Nevada,057,99092,79,52,1,53,1
2020-06-13,Orange,059,3164182,12357,8581,87,8668,211
2020-06-13,Placer,061,380077,512,346,3,349,9
2020-06-13,Plumas,063,18699,5,4,0,4,0
2020-06-13,Riverside,065,2383286,13906,10931,23,10954,364
2020-06-13,Sacramento,067,1510023,2029,1713,3,1716,60
2020-06-13,San Benito,069,59416,166,99,0,99,2
2020-06-13,San Bernardino,071,2135413,9738,6885,7,6892,224
2020-06-13,San Diego,073,3302833,10791,9316,1,9317,319
2020-06-13,San Francisco,075,870044,3117,2834,1,2835,44
2020-06-13,San Joaquin,077,732212,2267,1461,3,1464,43
2020-06-13,San Luis Obispo,079,281455,492,326,5,331,1
2020-06-13,San Mateo,081,765935,2820,2551,3,2554,75
2020-06-13,Santa Barbara,083,443738,2398,1999,17,2016,15
2020-06-13,Santa Clara,085,1922200,4100,3141,15,3156,148
2020-06-13,Santa Cruz,087,273765,291,254,0,254,2
2020-06-13,Shasta,089,179085,101,48,0,48,4
2020-06-13,Sierra,091,2930,1,1,0,1,0
2020-06-13,Siskiyou,093,43540,25,13,0,13,0
2020-06-13,Solano,095,438530,923,637,4,641,19
2020-06-13,Sonoma,097,501317,882,711,2,713,4
2020-06-13,Stanislaus,099,539301,1750,1122,6,1128,33
2020-06-13,Sutter,101,95872,96,62,0,62,2
2020-06-13,Tehama,103,63373,33,17,2,19,1
2020-06-13,Trinity,105,12862,13,2,3,5,0
2020-06-13,Tulare,107,460477,3689,2626,10,2636,96
2020-06-13,Tuolumne,109,53932,10,7,0,7,0
2020-06-13,Ventura,111,848112,2347,1567,13,1580,37
2020-06-13,Yolo,113,214977,324,251,0,251,24
2020-06-13,Yuba,115,75493,38,28,0,28,1
2020-06-12,Alameda,001,1643700,4905,4167,7,4174,109
2020-06-12,Alpine,002,1148,1,1,0,1,0
2020-06-12,Amador,005,37829,11,10,0,10,0
2020-06-12,Butte,007,227075,114,71,12,83,1
2020-06-12,Calaveras,009,45235,28,18,0,18,0
2020-06-12,Colusa,011,21464,12,7,0,7,0
2020-06-12,Contra Costa,013,1133247,2196,1827,2,1829,43
2020-06-12,Del Norte,015,27424,47,45,0,45,0
2020-06-12,El Dorado,017,186661,163,110,2,112,0
2020-06-12,Fresno,019,978130,4785,2428,56,2484,47
2020-06-12,Glenn,021,27897,46,21,0,21,0
2020-06-12,Humboldt,023,135768,126,105,0,105,3
2020-06-12,Imperial,025,180216,5783,3543,4,3547,36
2020-06-12,Inyo,027,18085,24,23,0,23,1
2020-06-12,Kern,029,883053,4279,3152,14,3166,54
2020-06-12,Kings,031,150075,1992,987,3,990,6
2020-06-12,Lake,033,64148,39,29,0,29,0
2020-06-12,Lassen,035,31185,15,5,2,7,0
2020-06-12,Los Angeles,037,10098052,79599,70385,28,70413,2814
2020-06-12,Madera,039,155013,463,187,2,189,3
2020-06-12,Marin,041,260295,837,649,2,651,17
2020-06-12,Mariposa,043,17540,18,16,0,16,1
2020-06-12,Mendocino,045,87422,49,33,0,33,0
2020-06-12,Merced,047,269075,672,372,0,372,7
2020-06-12,Modoc,049,8938,1,0,0,0,0
2020-06-12,Mono,051,14174,39,35,0,35,1
2020-06-12,Monterey,053,433212,1207,864,2,866,11
2020-06-12,Napa,055,140530,221,162,0,162,3
2020-06-12,Nevada,057,99092,73,52,1,53,1
2020-06-12,Orange,059,3164182,12051,8440,86,8526,203
2020-06-12,Placer,061,380077,495,333,3,336,9
2020-06-12,Plumas,063,18699,5,4,0,4,0
2020-06-12,Riverside,065,2383286,13569,10616,23,10639,364
2020-06-12,Sacramento,067,1510023,1974,1702,3,1705,60
2020-06-12,San Benito,069,59416,159,96,0,96,2
2020-06-12,San Bernardino,071,2135413,9469,6707,7,6714,223
2020-06-12,San Diego,073,3302833,10621,9132,1,9133,313
2020-06-12,San Francisco,075,870044,3083,2823,1,2824,44
2020-06-12,San Joaquin,077,732212,2187,1406,3,1409,43
2020-06-12,San Luis Obispo,079,281455,476,321,5,326,1
2020-06-12,San Mateo,081,765935,2785,2533,3,2536,75
2020-06-12,Santa Barbara,083,443738,2344,1969,17,1986,14
2020-06-12,Santa Clara,085,1922200,4056,3099,15,3114,149
2020-06-12,Santa Cruz,087,273765,283,251,0,251,2
2020-06-12,Shasta,089,179085,94,48,0,48,5
2020-06-12,Sierra,091,2930,1,1,0,1,0
2020-06-12,Siskiyou,093,43540,25,13,0,13,0
2020-06-12,Solano,095,438530,909,620,4,624,19
2020-06-12,Sonoma,097,501317,863,696,2,698,4
2020-06-12,Stanislaus,099,539301,1691,1092,6,1098,33
2020-06-12,Sutter,101,95872,95,56,0,56,2
2020-06-12,Tehama,103,63373,32,13,2,15,1
2020-06-12,Trinity,105,12862,13,2,3,5,0
2020-06-12,Tulare,107,460477,3635,2552,10,2562,95
2020-06-12,Tuolumne,109,53932,10,7,0,7,0
2020-06-12,Ventura,111,848112,2295,1534,13,1547,35
2020-06-12,Yolo,113,214977,312,243,0,243,24
2020-06-12,Yuba,115,75493,36,27,0,27,1
2020-06-11,Alameda,001,1643700,4776,4073,6,4079,108
2020-06-11,Alpine,002,1148,1,1,0,1,0
2020-06-11,Amador,005,37829,10,10,0,10,0
2020-06-11,Butte,007,227075,108,72,12,84,1
2020-06-11,Calaveras,009,45235,27,16,0,16,0
2020-06-11,Colusa,011,21464,12,7,0,7,0
2020-06-11,Contra Costa,013,1133247,2143,1797,2,1799,43
2020-06-11,Del Norte,015,27424,47,45,0,45,0
2020-06-11,El Dorado,017,186661,155,109,2,111,0
2020-06-11,Fresno,019,978130,4633,2338,56,2394,45
2020-06-11,Glenn,021,27897,42,21,0,21,0
2020-06-11,Humboldt,023,135768,122,113,0,113,3
2020-06-11,Imperial,025,180216,5625,3463,4,3467,36
2020-06-11,Inyo,027,18085,22,23,0,23,1
2020-06-11,Kern,029,883053,4127,3047,12,3059,54
2020-06-11,Kings,031,150075,1959,963,3,966,6
2020-06-11,Lake,033,64148,39,28,0,28,0
2020-06-11,Lassen,035,31185,15,5,2,7,0
2020-06-11,Los Angeles,037,10098052,77933,68807,27,68834,2800
2020-06-11,Madera,039,155013,445,178,2,180,3
2020-06-11,Marin,041,260295,789,637,2,639,17
2020-06-11,Mariposa,043,17540,18,16,0,16,1
2020-06-11,Mendocino,045,87422,40,35,0,35,0
2020-06-11,Merced,047,269075,632,370,0,370,7
2020-06-11,Modoc,049,8938,1,0,0,0,0
2020-06-11,Mono,051,14174,39,35,0,35,1
2020-06-11,Monterey,053,433212,1160,813,2,815,11
2020-06-11,Napa,055,140530,212,162,0,162,3
2020-06-11,Nevada,057,99092,67,50,1,51,1
2020-06-11,Orange,059,3164182,11742,8304,85,8389,188
2020-06-11,Placer,061,380077,476,321,3,324,9
2020-06-11,Plumas,063,18699,5,4,0,4,0
2020-06-11,Riverside,065,2383286,13216,10014,23,10037,361
2020-06-11,Sacramento,067,1510023,1926,1669,3,1672,60
2020-06-11,San Benito,069,59416,153,94,0,94,2
2020-06-11,San Bernardino,071,2135413,9172,6509,7,6516,221
2020-06-11,San Diego,073,3302833,10391,9000,0,9000,308
2020-06-11,San Francisco,075,870044,3054,2766,1,2767,44
2020-06-11,San Joaquin,077,732212,2075,1351,3,1354,43
2020-06-11,San Luis Obispo,079,281455,462,307,5,312,1
2020-06-11,San Mateo,081,765935,2747,2499,3,2502,74
2020-06-11,Santa Barbara,083,443738,2283,1895,17,1912,14
2020-06-11,Santa Clara,085,1922200,3989,3049,15,3064,149
2020-06-11,Santa Cruz,087,273765,279,247,0,247,2
2020-06-11,Shasta,089,179085,87,47,0,47,5
2020-06-11,Sierra,091,2930,1,1,0,1,0
2020-06-11,Siskiyou,093,43540,25,14,0,14,0
2020-06-11,Solano,095,438530,883,616,4,620,19
2020-06-11,Sonoma,097,501317,841,682,2,684,4
2020-06-11,Stanislaus,099,539301,1600,1062,6,1068,30
2020-06-11,Sutter,101,95872,92,56,0,56,2
2020-06-11,Tehama,103,63373,27,10,2,12,1
2020-06-11,Trinity,105,12862,11,2,3,5,0
2020-06-11,Tulare,107,460477,3536,2473,10,2483,95
2020-06-11,Tuolumne,109,53932,10,7,0,7,0
2020-06-11,Ventura,111,848112,2218,1491,12,1503,34
2020-06-11,Yolo,113,214977,304,230,0,230,24
2020-06-11,Yuba,115,75493,36,27,0,27,1
2020-06-10,Alameda,001,1643700,4676,4027,6,4033,107
2020-06-10,Alpine,002,1148,1,1,0,1,0
2020-06-10,Amador,005,37829,10,10,0,10,0
2020-06-10,Butte,007,227075,104,71,12,83,1
2020-06-10,Calaveras,009,45235,27,16,0,16,0
2020-06-10,Colusa,011,21464,11,7,0,7,0
2020-06-10,Contra Costa,013,1133247,2099,1778,2,1780,43
2020-06-10,Del Norte,015,27424,47,45,0,45,0
2020-06-10,El Dorado,017,186661,152,109,2,111,0
2020-06-10,Fresno,019,978130,4458,2324,56,2380,45
2020-06-10,Glenn,021,27897,39,21,0,21,0
2020-06-10,Humboldt,023,135768,118,112,0,112,3
2020-06-10,Imperial,025,180216,5478,3454,4,3458,36
2020-06-10,Inyo,027,18085,22,23,0,23,1
2020-06-10,Kern,029,883053,4002,3000,11,3011,54
2020-06-10,Kings,031,150075,1913,952,2,954,6
2020-06-10,Lake,033,64148,39,28,0,28,0
2020-06-10,Lassen,035,31185,15,5,2,7,0
2020-06-10,Los Angeles,037,10098052,76418,67018,27,67045,2752
2020-06-10,Madera,039,155013,431,176,1,177,3
2020-06-10,Marin,041,260295,757,633,2,635,17
2020-06-10,Mariposa,043,17540,17,16,0,16,1
2020-06-10,Mendocino,045,87422,39,35,0,35,0
2020-06-10,Merced,047,269075,607,370,0,370,7
2020-06-10,Modoc,049,8938,1,0,0,0,0
2020-06-10,Mono,051,14174,39,35,0,35,1
2020-06-10,Monterey,053,433212,1106,791,2,793,11
2020-06-10,Napa,055,140530,209,159,0,159,3
2020-06-10,Nevada,057,99092,65,50,1,51,1
2020-06-10,Orange,059,3164182,11465,8222,81,8303,184
2020-06-10,Placer,061,380077,451,309,3,312,9
2020-06-10,Plumas,063,18699,5,4,0,4,0
2020-06-10,Riverside,065,2383286,12893,9857,23,9880,361
2020-06-10,Sacramento,067,1510023,1887,1643,2,1645,59
2020-06-10,San Benito,069,59416,144,94,0,94,2
2020-06-10,San Bernardino,071,2135413,8879,6438,7,6445,219
2020-06-10,San Diego,073,3302833,10227,8839,0,8839,305
2020-06-10,San Francisco,075,870044,3029,2774,1,2775,44
2020-06-10,San Joaquin,077,732212,1946,1282,3,1285,41
2020-06-10,San Luis Obispo,079,281455,442,306,5,311,1
2020-06-10,San Mateo,081,765935,2707,2492,3,2495,74
2020-06-10,Santa Barbara,083,443738,2227,1878,17,1895,13
2020-06-10,Santa Clara,085,1922200,3938,3032,15,3047,149
2020-06-10,Santa Cruz,087,273765,275,242,0,242,2
2020-06-10,Shasta,089,179085,82,45,0,45,5
2020-06-10,Sierra,091,2930,1,1,0,1,0
2020-06-10,Siskiyou,093,43540,25,14,0,14,0
2020-06-10,Solano,095,438530,847,608,4,612,19
2020-06-10,Sonoma,097,501317,823,673,2,675,4
2020-06-10,Stanislaus,099,539301,1510,1030,6,1036,29
2020-06-10,Sutter,101,95872,91,56,0,56,2
2020-06-10,Tehama,103,63373,25,10,2,12,1
2020-06-10,Trinity,105,12862,11,2,3,5,0
2020-06-10,Tulare,107,460477,3444,2455,10,2465,95
2020-06-10,Tuolumne,109,53932,10,7,0,7,0
2020-06-10,Ventura,111,848112,2172,1446,11,1457,34
2020-06-10,Yolo,113,214977,296,226,0,226,24
2020-06-10,Yuba,115,75493,35,27,0,27,1
2020-06-09,Alameda,001,1643700,4565,3963,6,3969,103
2020-06-09,Alpine,002,1148,1,1,0,1,0
2020-06-09,Amador,005,37829,10,10,0,10,0
2020-06-09,Butte,007,227075,103,70,11,81,1
2020-06-09,Calaveras,009,45235,27,16,0,16,0
2020-06-09,Colusa,011,21464,10,7,0,7,0
2020-06-09,Contra Costa,013,1133247,2058,1744,2,1746,42
2020-06-09,Del Norte,015,27424,47,45,0,45,0
2020-06-09,El Dorado,017,186661,142,108,2,110,0
2020-06-09,Fresno,019,978130,4307,2278,56,2334,43
2020-06-09,Glenn,021,27897,38,19,0,19,0
2020-06-09,Humboldt,023,135768,116,113,0,113,2
2020-06-09,Imperial,025,180216,5328,3067,4,3071,36
2020-06-09,Inyo,027,18085,22,22,0,22,1
2020-06-09,Kern,029,883053,3874,2920,11,2931,51
2020-06-09,Kings,031,150075,1881,934,2,936,6
2020-06-09,Lake,033,64148,39,28,0,28,0
2020-06-09,Lassen,035,31185,15,5,2,7,0
2020-06-09,Los Angeles,037,10098052,74761,65827,27,65854,2692
2020-06-09,Madera,039,155013,416,172,1,173,3
2020-06-09,Marin,041,260295,721,616,2,618,17
2020-06-09,Mariposa,043,17540,17,16,0,16,1
2020-06-09,Mendocino,045,87422,35,35,0,35,0
2020-06-09,Merced,047,269075,575,349,0,349,7
2020-06-09,Modoc,049,8938,1,0,0,0,0
2020-06-09,Mono,051,14174,39,35,0,35,1
2020-06-09,Monterey,053,433212,1065,772,2,774,11
2020-06-09,Napa,055,140530,199,156,0,156,3
2020-06-09,Nevada,057,99092,57,50,1,51,1
2020-06-09,Orange,059,3164182,11221,7991,79,8070,174
2020-06-09,Placer,061,380077,438,301,3,304,9
2020-06-09,Plumas,063,18699,5,4,0,4,0
2020-06-09,Riverside,065,2383286,12515,9511,23,9534,354
2020-06-09,Sacramento,067,1510023,1832,1625,2,1627,59
2020-06-09,San Benito,069,59416,138,95,0,95,2
2020-06-09,San Bernardino,071,2135413,8556,6268,6,6274,217
2020-06-09,San Diego,073,3302833,10042,8731,0,8731,301
2020-06-09,San Francisco,075,870044,3004,2749,1,2750,44
2020-06-09,San Joaquin,077,732212,1840,1240,3,1243,41
2020-06-09,San Luis Obispo,079,281455,429,301,4,305,1
2020-06-09,San Mateo,081,765935,2676,2463,3,2466,74
2020-06-09,Santa Barbara,083,443738,2171,1854,17,1871,13
2020-06-09,Santa Clara,085,1922200,3870,3006,14,3020,147
2020-06-09,Santa Cruz,087,273765,269,237,0,237,2
2020-06-09,Shasta,089,179085,78,44,0,44,4
2020-06-09,Sierra,091,2930,1,1,0,1,0
2020-06-09,Siskiyou,093,43540,20,10,0,10,0
2020-06-09,Solano,095,438530,812,596,4,600,18
2020-06-09,Sonoma,097,501317,800,661,2,663,4
2020-06-09,Stanislaus,099,539301,1409,993,6,999,25
2020-06-09,Sutter,101,95872,88,56,0,56,2
2020-06-09,Tehama,103,63373,25,9,2,11,1
2020-06-09,Trinity,105,12862,10,2,3,5,0
2020-06-09,Tulare,107,460477,3378,2393,10,2403,91
2020-06-09,Tuolumne,109,53932,10,8,0,8,0
2020-06-09,Ventura,111,848112,2106,1407,11,1418,34
2020-06-09,Yolo,113,214977,285,226,0,226,24
2020-06-09,Yuba,115,75493,34,27,0,27,1
2020-06-08,Alameda,001,1643700,4484,3937,6,3943,103
2020-06-08,Alpine,002,1148,1,1,0,1,0
2020-06-08,Amador,005,37829,10,10,0,10,0
2020-06-08,Butte,007,227075,99,68,11,79,1
2020-06-08,Calaveras,009,45235,27,16,0,16,0
2020-06-08,Colusa,011,21464,9,7,0,7,0
2020-06-08,Contra Costa,013,1133247,2015,1714,2,1716,41
2020-06-08,Del Norte,015,27424,47,45,0,45,0
2020-06-08,El Dorado,017,186661,138,107,1,108,0
2020-06-08,Fresno,019,978130,4184,2194,55,2249,42
2020-06-08,Glenn,021,27897,36,17,0,17,0
2020-06-08,Humboldt,023,135768,116,112,0,112,2
2020-06-08,Imperial,025,180216,5176,3051,4,3055,21
2020-06-08,Inyo,027,18085,22,22,0,22,1
2020-06-08,Kern,029,883053,3743,2853,10,2863,49
2020-06-08,Kings,031,150075,1805,892,2,894,6
2020-06-08,Lake,033,64148,39,28,0,28,0
2020-06-08,Lassen,035,31185,15,4,2,6,0
2020-06-08,Los Angeles,037,10098052,73300,64634,27,64661,2640
2020-06-08,Madera,039,155013,386,154,1,155,3
2020-06-08,Marin,041,260295,680,596,2,598,17
2020-06-08,Mariposa,043,17540,16,16,0,16,1
2020-06-08,Mendocino,045,87422,33,32,0,32,0
2020-06-08,Merced,047,269075,541,331,0,331,7
2020-06-08,Modoc,049,8938,1,0,0,0,0
2020-06-08,Mono,051,14174,39,35,0,35,1
2020-06-08,Monterey,053,433212,1014,751,2,753,10
2020-06-08,Napa,055,140530,183,151,0,151,3
2020-06-08,Nevada,057,99092,56,50,1,51,1
2020-06-08,Orange,059,3164182,10969,7786,77,7863,160
2020-06-08,Placer,061,380077,421,290,3,293,9
2020-06-08,Plumas,063,18699,5,4,0,4,0
2020-06-08,Riverside,065,2383286,12145,9246,23,9269,347
2020-06-08,Sacramento,067,1510023,1782,1591,2,1593,59
2020-06-08,San Benito,069,59416,131,93,0,93,2
2020-06-08,San Bernardino,071,2135413,8237,6122,6,6128,214
2020-06-08,San Diego,073,3302833,9885,8621,0,8621,296
2020-06-08,San Francisco,075,870044,2977,2715,1,2716,43
2020-06-08,San Joaquin,077,732212,1733,1198,3,1201,40
2020-06-08,San Luis Obispo,079,281455,423,300,4,304,1
2020-06-08,San Mateo,081,765935,2645,2431,2,2433,74
2020-06-08,Santa Barbara,083,443738,2116,1824,15,1839,13
2020-06-08,Santa Clara,085,1922200,3824,2971,14,2985,146
2020-06-08,Santa Cruz,087,273765,268,234,0,234,2
2020-06-08,Shasta,089,179085,74,43,0,43,4
2020-06-08,Sierra,091,2930,1,1,0,1,0
2020-06-08,Siskiyou,093,43540,20,8,0,8,0
2020-06-08,Solano,095,438530,785,560,4,564,19
2020-06-08,Sonoma,097,501317,784,654,2,656,4
2020-06-08,Stanislaus,099,539301,1326,956,6,962,28
2020-06-08,Sutter,101,95872,81,55,0,55,2
2020-06-08,Tehama,103,63373,19,8,2,10,1
2020-06-08,Trinity,105,12862,10,2,3,5,0
2020-06-08,Tulare,107,460477,3295,2301,10,2311,91
2020-06-08,Tuolumne,109,53932,9,8,0,8,0
2020-06-08,Ventura,111,848112,2048,1382,11,1393,30
2020-06-08,Yolo,113,214977,274,228,0,228,24
2020-06-08,Yuba,115,75493,32,27,0,27,1
2020-06-07,Alameda,001,1643700,4371,3866,6,3872,102
2020-06-07,Alpine,002,1148,1,1,0,1,0
2020-06-07,Amador,005,37829,10,10,0,10,0
2020-06-07,Butte,007,227075,97,64,9,73,1
2020-06-07,Calaveras,009,45235,25,16,0,16,0
2020-06-07,Colusa,011,21464,9,7,0,7,0
2020-06-07,Contra Costa,013,1133247,1964,1653,1,1654,38
2020-06-07,Del Norte,015,27424,45,45,0,45,0
2020-06-07,El Dorado,017,186661,138,104,1,105,0
2020-06-07,Fresno,019,978130,4055,2144,55,2199,41
2020-06-07,Glenn,021,27897,29,16,0,16,0
2020-06-07,Humboldt,023,135768,116,112,0,112,2
2020-06-07,Imperial,025,180216,5026,3048,4,3052,19
2020-06-07,Inyo,027,18085,22,21,0,21,1
2020-06-07,Kern,029,883053,3612,2771,10,2781,46
2020-06-07,Kings,031,150075,1756,882,2,884,6
2020-06-07,Lake,033,64148,36,28,0,28,0
2020-06-07,Lassen,035,31185,14,4,2,6,0
2020-06-07,Los Angeles,037,10098052,71589,63750,27,63777,2629
2020-06-07,Madera,039,155013,369,149,1,150,3
2020-06-07,Marin,041,260295,666,584,2,586,17
2020-06-07,Mariposa,043,17540,16,16,0,16,1
2020-06-07,Mendocino,045,87422,33,32,0,32,0
2020-06-07,Merced,047,269075,511,318,0,318,7
2020-06-07,Modoc,049,8938,1,0,0,0,0
2020-06-07,Mono,051,14174,39,35,0,35,1
2020-06-07,Monterey,053,433212,968,732,2,734,10
2020-06-07,Napa,055,140530,175,142,0,142,3
2020-06-07,Nevada,057,99092,55,50,1,51,1
2020-06-07,Orange,059,3164182,10710,7643,75,7718,158
2020-06-07,Placer,061,380077,400,273,2,275,9
2020-06-07,Plumas,063,18699,5,4,0,4,0
2020-06-07,Riverside,065,2383286,11849,9105,23,9128,344
2020-06-07,Sacramento,067,1510023,1734,1568,2,1570,59
2020-06-07,San Benito,069,59416,128,92,0,92,2
2020-06-07,San Bernardino,071,2135413,7951,6033,6,6039,214
2020-06-07,San Diego,073,3302833,9706,8478,0,8478,296
2020-06-07,San Francisco,075,870044,2933,2674,0,2674,43
2020-06-07,San Joaquin,077,732212,1632,1126,3,1129,37
2020-06-07,San Luis Obispo,079,281455,413,296,4,300,1
2020-06-07,San Mateo,081,765935,2618,2399,2,2401,73
2020-06-07,Santa Barbara,083,443738,2061,1818,15,1833,13
2020-06-07,Santa Clara,085,1922200,3772,2947,14,2961,146
2020-06-07,Santa Cruz,087,273765,260,230,0,230,2
2020-06-07,Shasta,089,179085,73,41,0,41,4
2020-06-07,Sierra,091,2930,1,1,0,1,0
2020-06-07,Siskiyou,093,43540,20,8,0,8,0
2020-06-07,Solano,095,438530,762,560,4,564,19
2020-06-07,Sonoma,097,501317,753,639,2,641,4
2020-06-07,Stanislaus,099,539301,1246,905,5,910,28
2020-06-07,Sutter,101,95872,73,55,0,55,2
2020-06-07,Tehama,103,63373,16,8,2,10,1
2020-06-07,Trinity,105,12862,8,2,3,5,0
2020-06-07,Tulare,107,460477,3173,2219,10,2229,90
2020-06-07,Tuolumne,109,53932,9,4,0,4,0
2020-06-07,Ventura,111,848112,1982,1337,11,1348,30
2020-06-07,Yolo,113,214977,264,224,0,224,24
2020-06-07,Yuba,115,75493,32,27,0,27,1
2020-06-06,Alameda,001,1643700,4325,3801,6,3807,102
2020-06-06,Alpine,002,1148,1,1,0,1,0
2020-06-06,Amador,005,37829,10,10,0,10,0
2020-06-06,Butte,007,227075,96,63,9,72,1
2020-06-06,Calaveras,009,45235,23,16,0,16,0
2020-06-06,Colusa,011,21464,9,7,0,7,0
2020-06-06,Contra Costa,013,1133247,1944,1619,1,1620,37
2020-06-06,Del Norte,015,27424,45,45,0,45,0
2020-06-06,El Dorado,017,186661,133,104,1,105,0
2020-06-06,Fresno,019,978130,3999,2117,55,2172,41
2020-06-06,Glenn,021,27897,27,16,0,16,0
2020-06-06,Humboldt,023,135768,116,112,0,112,2
2020-06-06,Imperial,025,180216,4951,3047,4,3051,19
2020-06-06,Inyo,027,18085,22,21,0,21,1
2020-06-06,Kern,029,883053,3541,2695,10,2705,46
2020-06-06,Kings,031,150075,1737,882,2,884,6
2020-06-06,Lake,033,64148,36,28,0,28,0
2020-06-06,Lassen,035,31185,14,4,2,6,0
2020-06-06,Los Angeles,037,10098052,70834,62269,27,62296,2607
2020-06-06,Madera,039,155013,360,149,1,150,3
2020-06-06,Marin,041,260295,661,556,2,558,17
2020-06-06,Mariposa,043,17540,16,16,0,16,1
2020-06-06,Mendocino,045,87422,33,32,0,32,0
2020-06-06,Merced,047,269075,509,315,0,315,7
2020-06-06,Modoc,049,8938,1,0,0,0,0
2020-06-06,Mono,051,14174,39,35,0,35,1
2020-06-06,Monterey,053,433212,944,679,2,681,10
2020-06-06,Napa,055,140530,169,136,0,136,3
2020-06-06,Nevada,057,99092,54,50,1,51,1
2020-06-06,Orange,059,3164182,10550,7576,74,7650,157
2020-06-06,Placer,061,380077,388,270,2,272,9
2020-06-06,Plumas,063,18699,5,4,0,4,0
2020-06-06,Riverside,065,2383286,11671,8935,23,8958,345
2020-06-06,Sacramento,067,1510023,1711,1533,2,1535,59
2020-06-06,San Benito,069,59416,118,92,0,92,2
2020-06-06,San Bernardino,071,2135413,7802,5946,6,5952,214
2020-06-06,San Diego,073,3302833,9585,8347,0,8347,296
2020-06-06,San Francisco,075,870044,2918,2674,0,2674,43
2020-06-06,San Joaquin,077,732212,1592,1076,3,1079,37
2020-06-06,San Luis Obispo,079,281455,407,295,4,299,1
2020-06-06,San Mateo,081,765935,2603,2342,2,2344,72
2020-06-06,Santa Barbara,083,443738,2022,1815,15,1830,13
2020-06-06,Santa Clara,085,1922200,3731,2934,14,2948,144
2020-06-06,Santa Cruz,087,273765,258,226,0,226,2
2020-06-06,Shasta,089,179085,73,40,0,40,4
2020-06-06,Sierra,091,2930,1,1,0,1,0
2020-06-06,Siskiyou,093,43540,18,8,0,8,0
2020-06-06,Solano,095,438530,747,560,4,564,19
2020-06-06,Sonoma,097,501317,741,622,2,624,4
2020-06-06,Stanislaus,099,539301,1212,858,5,863,27
2020-06-06,Sutter,101,95872,73,51,0,51,2
2020-06-06,Tehama,103,63373,15,8,2,10,1
2020-06-06,Trinity,105,12862,8,2,2,4,0
2020-06-06,Tulare,107,460477,3140,2213,10,2223,90
2020-06-06,Tuolumne,109,53932,9,4,0,4,0
2020-06-06,Ventura,111,848112,1958,1303,11,1314,30
2020-06-06,Yolo,113,214977,262,223,0,223,24
2020-06-06,Yuba,115,75493,32,27,0,27,1
2020-06-05,Alameda,001,1643700,4274,3734,6,3740,102
2020-06-05,Alpine,002,1148,1,1,0,1,0
2020-06-05,Amador,005,37829,10,10,0,10,0
2020-06-05,Butte,007,227075,93,61,9,70,1
2020-06-05,Calaveras,009,45235,22,16,0,16,0
2020-06-05,Colusa,011,21464,9,7,0,7,0
2020-06-05,Contra Costa,013,1133247,1929,1575,1,1576,37
2020-06-05,Del Norte,015,27424,45,45,0,45,0
2020-06-05,El Dorado,017,186661,131,101,1,102,0
2020-06-05,Fresno,019,978130,3935,2051,54,2105,38
2020-06-05,Glenn,021,27897,25,16,0,16,0
2020-06-05,Humboldt,023,135768,115,111,0,111,2
2020-06-05,Imperial,025,180216,4843,2778,4,2782,19
2020-06-05,Inyo,027,18085,22,21,0,21,1
2020-06-05,Kern,029,883053,3452,2624,10,2634,46
2020-06-05,Kings,031,150075,1722,865,2,867,6
2020-06-05,Lake,033,64148,35,28,0,28,0
2020-06-05,Lassen,035,31185,13,4,2,6,0
2020-06-05,Los Angeles,037,10098052,69683,60955,25,60980,2553
2020-06-05,Madera,039,155013,338,144,1,145,3
2020-06-05,Marin,041,260295,652,546,2,548,17
2020-06-05,Mariposa,043,17540,16,16,0,16,1
2020-06-05,Mendocino,045,87422,33,32,0,32,0
2020-06-05,Merced,047,269075,506,309,0,309,7
2020-06-05,Modoc,049,8938,1,0,0,0,0
2020-06-05,Mono,051,14174,39,35,0,35,1
2020-06-05,Monterey,053,433212,912,649,2,651,10
2020-06-05,Napa,055,140530,166,123,0,123,3
2020-06-05,Nevada,057,99092,54,50,1,51,1
2020-06-05,Orange,059,3164182,10354,7391,73,7464,153
2020-06-05,Placer,061,380077,378,265,2,267,9
2020-06-05,Plumas,063,18699,5,4,0,4,0
2020-06-05,Riverside,065,2383286,11412,8700,23,8723,345
2020-06-05,Sacramento,067,1510023,1689,1514,2,1516,59
2020-06-05,San Benito,069,59416,116,92,0,92,2
2020-06-05,San Bernardino,071,2135413,7620,5869,5,5874,212
2020-06-05,San Diego,073,3302833,9470,8182,0,8182,294
2020-06-05,San Francisco,075,870044,2900,2675,0,2675,43
2020-06-05,San Joaquin,077,732212,1513,1046,3,1049,36
2020-06-05,San Luis Obispo,079,281455,400,293,4,297,1
2020-06-05,San Mateo,081,765935,2578,2331,2,2333,72
2020-06-05,Santa Barbara,083,443738,1991,1795,15,1810,13
2020-06-05,Santa Clara,085,1922200,3696,2902,14,2916,144
2020-06-05,Santa Cruz,087,273765,255,222,0,222,2
2020-06-05,Shasta,089,179085,72,40,0,40,4
2020-06-05,Sierra,091,2930,1,1,0,1,0
2020-06-05,Siskiyou,093,43540,16,8,0,8,0
2020-06-05,Solano,095,438530,740,558,4,562,19
2020-06-05,Sonoma,097,501317,720,618,2,620,4
2020-06-05,Stanislaus,099,539301,1179,842,5,847,27
2020-06-05,Sutter,101,95872,73,49,0,49,2
2020-06-05,Tehama,103,63373,15,7,2,9,1
2020-06-05,Trinity,105,12862,8,1,2,3,0
2020-06-05,Tulare,107,460477,3091,2180,10,2190,90
2020-06-05,Tuolumne,109,53932,9,4,0,4,0
2020-06-05,Ventura,111,848112,1925,1274,11,1285,30
2020-06-05,Yolo,113,214977,261,216,0,216,24
2020-06-05,Yuba,115,75493,32,27,0,27,1
2020-06-04,Alameda,001,1643700,4175,3643,6,3649,99
2020-06-04,Alpine,002,1148,1,1,0,1,0
2020-06-04,Amador,005,37829,10,10,0,10,0
2020-06-04,Butte,007,227075,89,57,8,65,1
2020-06-04,Calaveras,009,45235,22,15,0,15,0
2020-06-04,Colusa,011,21464,9,7,0,7,0
2020-06-04,Contra Costa,013,1133247,1872,1551,1,1552,37
2020-06-04,Del Norte,015,27424,45,45,0,45,0
2020-06-04,El Dorado,017,186661,129,101,1,102,0
2020-06-04,Fresno,019,978130,3831,2007,53,2060,35
2020-06-04,Glenn,021,27897,22,16,0,16,0
2020-06-04,Humboldt,023,135768,115,109,0,109,2
2020-06-04,Imperial,025,180216,4661,2631,4,2635,19
2020-06-04,Inyo,027,18085,22,20,0,20,1
2020-06-04,Kern,029,883053,3336,2530,10,2540,46
2020-06-04,Kings,031,150075,1653,842,2,844,6
2020-06-04,Lake,033,64148,34,27,0,27,0
2020-06-04,Lassen,035,31185,11,4,2,6,0
2020-06-04,Los Angeles,037,10098052,68218,59596,25,59621,2515
2020-06-04,Madera,039,155013,330,127,1,128,3
2020-06-04,Marin,041,260295,630,533,2,535,14
2020-06-04,Mariposa,043,17540,16,16,0,16,1
2020-06-04,Mendocino,045,87422,33,29,0,29,0
2020-06-04,Merced,047,269075,496,304,0,304,7
2020-06-04,Modoc,049,8938,1,0,0,0,0
2020-06-04,Mono,051,14174,39,35,0,35,1
2020-06-04,Monterey,053,433212,877,621,1,622,10
2020-06-04,Napa,055,140530,162,117,0,117,3
2020-06-04,Nevada,057,99092,53,49,1,50,1
2020-06-04,Orange,059,3164182,10099,7192,72,7264,148
2020-06-04,Placer,061,380077,362,256,2,258,9
2020-06-04,Plumas,063,18699,4,4,0,4,0
2020-06-04,Riverside,065,2383286,11135,8473,23,8496,341
2020-06-04,Sacramento,067,1510023,1660,1492,2,1494,58
2020-06-04,San Benito,069,59416,114,88,0,88,2
2020-06-04,San Bernardino,071,2135413,7351,5726,5,5731,207
2020-06-04,San Diego,073,3302833,9307,7942,0,7942,288
2020-06-04,San Francisco,075,870044,2867,2636,0,2636,43
2020-06-04,San Joaquin,077,732212,1451,1016,3,1019,36
2020-06-04,San Luis Obispo,079,281455,389,288,4,292,1
2020-06-04,San Mateo,081,765935,2551,2284,2,2286,72
2020-06-04,Santa Barbara,083,443738,1960,1750,14,1764,13
2020-06-04,Santa Clara,085,1922200,3661,2871,14,2885,144
2020-06-04,Santa Cruz,087,273765,249,218,0,218,2
2020-06-04,Shasta,089,179085,66,40,0,40,4
2020-06-04,Sierra,091,2930,1,1,0,1,0
2020-06-04,Siskiyou,093,43540,15,8,0,8,0
2020-06-04,Solano,095,438530,723,551,4,555,19
2020-06-04,Sonoma,097,501317,701,591,1,592,4
2020-06-04,Stanislaus,099,539301,1103,806,5,811,28
2020-06-04,Sutter,101,95872,68,46,0,46,2
2020-06-04,Tehama,103,63373,14,6,1,7,1
2020-06-04,Trinity,105,12862,8,1,2,3,0
2020-06-04,Tulare,107,460477,2974,2086,10,2096,90
2020-06-04,Tuolumne,109,53932,8,4,0,4,0
2020-06-04,Ventura,111,848112,1881,1236,10,1246,30
2020-06-04,Yolo,113,214977,256,216,0,216,24
2020-06-04,Yuba,115,75493,31,27,0,27,1
2020-06-03,Alameda,001,1643700,4116,3589,5,3594,99
2020-06-03,Alpine,002,1148,1,1,0,1,0
2020-06-03,Amador,005,37829,10,10,0,10,0
2020-06-03,Butte,007,227075,87,53,8,61,1
2020-06-03,Calaveras,009,45235,21,15,0,15,0
2020-06-03,Colusa,011,21464,9,7,0,7,0
2020-06-03,Contra Costa,013,1133247,1824,1511,1,1512,37
2020-06-03,Del Norte,015,27424,45,39,0,39,0
2020-06-03,El Dorado,017,186661,126,90,1,91,0
2020-06-03,Fresno,019,978130,3732,1943,53,1996,35
2020-06-03,Glenn,021,27897,22,16,0,16,0
2020-06-03,Humboldt,023,135768,115,103,0,103,2
2020-06-03,Imperial,025,180216,4488,2540,4,2544,19
2020-06-03,Inyo,027,18085,22,20,0,20,1
2020-06-03,Kern,029,883053,3240,2452,9,2461,44
2020-06-03,Kings,031,150075,1592,744,2,746,6
2020-06-03,Lake,033,64148,32,26,0,26,0
2020-06-03,Lassen,035,31185,11,4,2,6,0
2020-06-03,Los Angeles,037,10098052,66620,58166,25,58191,2472
2020-06-03,Madera,039,155013,322,117,1,118,3
2020-06-03,Marin,041,260295,612,527,2,529,14
2020-06-03,Mariposa,043,17540,16,16,0,16,1
2020-06-03,Mendocino,045,87422,32,29,0,29,0
2020-06-03,Merced,047,269075,484,299,0,299,7
2020-06-03,Modoc,049,8938,1,0,0,0,0
2020-06-03,Mono,051,14174,39,35,0,35,1
2020-06-03,Monterey,053,433212,849,592,1,593,10
2020-06-03,Napa,055,140530,161,116,0,116,3
2020-06-03,Nevada,057,99092,52,43,1,44,1
2020-06-03,Orange,059,3164182,9873,6939,71,7010,145
2020-06-03,Placer,061,380077,342,243,2,245,9
2020-06-03,Plumas,063,18699,4,4,0,4,0
2020-06-03,Riverside,065,2383286,10861,8208,23,8231,335
2020-06-03,Sacramento,067,1510023,1631,1457,2,1459,58
2020-06-03,San Benito,069,59416,108,88,0,88,2
2020-06-03,San Bernardino,071,2135413,7128,5565,5,5570,203
2020-06-03,San Diego,073,3302833,9159,7800,0,7800,283
2020-06-03,San Francisco,075,870044,2836,2608,0,2608,43
2020-06-03,San Joaquin,077,732212,1386,1004,3,1007,35
2020-06-03,San Luis Obispo,079,281455,384,279,4,283,1
2020-06-03,San Mateo,081,765935,2523,2243,2,2245,71
2020-06-03,Santa Barbara,083,443738,1926,1722,13,1735,12
2020-06-03,Santa Clara,085,1922200,3619,2836,14,2850,144
2020-06-03,Santa Cruz,087,273765,243,217,0,217,2
2020-06-03,Shasta,089,179085,63,40,0,40,4
2020-06-03,Sierra,091,2930,1,1,0,1,0
2020-06-03,Siskiyou,093,43540,14,8,0,8,0
2020-06-03,Solano,095,438530,698,543,2,545,18
2020-06-03,Sonoma,097,501317,689,578,1,579,4
2020-06-03,Stanislaus,099,539301,1063,780,5,785,27
2020-06-03,Sutter,101,95872,60,45,0,45,2
2020-06-03,Tehama,103,63373,14,6,1,7,1
2020-06-03,Trinity,105,12862,8,1,2,3,0
2020-06-03,Tulare,107,460477,2905,2041,10,2051,88
2020-06-03,Tuolumne,109,53932,6,4,0,4,0
2020-06-03,Ventura,111,848112,1814,1202,10,1212,30
2020-06-03,Yolo,113,214977,252,213,0,213,24
2020-06-03,Yuba,115,75493,31,27,0,27,1
2020-06-02,Alameda,001,1643700,4040,3517,5,3522,99
2020-06-02,Alpine,002,1148,1,1,0,1,0
2020-06-02,Amador,005,37829,10,10,0,10,0
2020-06-02,Butte,007,227075,83,51,7,58,1
2020-06-02,Calaveras,009,45235,21,15,0,15,0
2020-06-02,Colusa,011,21464,9,7,0,7,0
2020-06-02,Contra Costa,013,1133247,1792,1505,1,1506,37
2020-06-02,Del Norte,015,27424,45,39,0,39,0
2020-06-02,El Dorado,017,186661,125,88,1,89,0
2020-06-02,Fresno,019,978130,3618,1917,53,1970,34
2020-06-02,Glenn,021,27897,21,16,0,16,0
2020-06-02,Humboldt,023,135768,115,101,0,101,2
2020-06-02,Imperial,025,180216,4295,2459,4,2463,19
2020-06-02,Inyo,027,18085,20,20,0,20,1
2020-06-02,Kern,029,883053,3141,2406,7,2413,41
2020-06-02,Kings,031,150075,1564,720,2,722,5
2020-06-02,Lake,033,64148,32,25,0,25,0
2020-06-02,Lassen,035,31185,10,4,2,6,0
2020-06-02,Los Angeles,037,10098052,65217,57144,25,57169,2430
2020-06-02,Madera,039,155013,301,110,1,111,2
2020-06-02,Marin,041,260295,585,509,2,511,14
2020-06-02,Mariposa,043,17540,16,16,0,16,1
2020-06-02,Mendocino,045,87422,32,29,0,29,0
2020-06-02,Merced,047,269075,468,297,0,297,6
2020-06-02,Modoc,049,8938,1,0,0,0,0
2020-06-02,Mono,051,14174,39,35,0,35,1
2020-06-02,Monterey,053,433212,819,582,1,583,10
2020-06-02,Napa,055,140530,152,116,0,116,3
2020-06-02,Nevada,057,99092,51,41,1,42,1
2020-06-02,Orange,059,3164182,9671,6790,70,6860,142
2020-06-02,Placer,061,380077,328,226,2,228,9
2020-06-02,Plumas,063,18699,4,4,0,4,0
2020-06-02,Riverside,065,2383286,10565,8091,22,8113,330
2020-06-02,Sacramento,067,1510023,1602,1428,2,1430,58
2020-06-02,San Benito,069,59416,107,86,0,86,2
2020-06-02,San Bernardino,071,2135413,6921,5438,5,5443,202
2020-06-02,San Diego,073,3302833,9013,7676,0,7676,276
2020-06-02,San Francisco,075,870044,2801,2554,0,2554,43
2020-06-02,San Joaquin,077,732212,1320,985,3,988,35
2020-06-02,San Luis Obispo,079,281455,379,275,4,279,1
2020-06-02,San Mateo,081,765935,2488,2203,2,2205,71
2020-06-02,Santa Barbara,083,443738,1886,1703,13,1716,12
2020-06-02,Santa Clara,085,1922200,3569,2819,14,2833,144
2020-06-02,Santa Cruz,087,273765,238,215,0,215,2
2020-06-02,Shasta,089,179085,62,38,0,38,4
2020-06-02,Sierra,091,2930,1,1,0,1,0
2020-06-02,Siskiyou,093,43540,13,8,0,8,0
2020-06-02,Solano,095,438530,683,537,1,538,18
2020-06-02,Sonoma,097,501317,678,571,1,572,4
2020-06-02,Stanislaus,099,539301,1004,772,5,777,27
2020-06-02,Sutter,101,95872,57,43,0,43,2
2020-06-02,Tehama,103,63373,14,6,1,7,1
2020-06-02,Trinity,105,12862,8,1,2,3,0
2020-06-02,Tulare,107,460477,2825,2012,10,2022,86
2020-06-02,Tuolumne,109,53932,6,4,0,4,0
2020-06-02,Ventura,111,848112,1761,1178,10,1188,30
2020-06-02,Yolo,113,214977,250,213,0,213,24
2020-06-02,Yuba,115,75493,31,27,0,27,1
2020-06-01,Alameda,001,1643700,3974,3460,5,3465,98
2020-06-01,Alpine,002,1148,1,1,0,1,0
2020-06-01,Amador,005,37829,10,10,0,10,0
2020-06-01,Butte,007,227075,82,50,6,56,1
2020-06-01,Calaveras,009,45235,21,15,0,15,0
2020-06-01,Colusa,011,21464,9,7,0,7,0
2020-06-01,Contra Costa,013,1133247,1756,1486,1,1487,37
2020-06-01,Del Norte,015,27424,45,38,0,38,0
2020-06-01,El Dorado,017,186661,123,88,1,89,0
2020-06-01,Fresno,019,978130,3523,1854,51,1905,33
2020-06-01,Glenn,021,27897,21,16,0,16,0
2020-06-01,Humboldt,023,135768,115,98,0,98,2
2020-06-01,Imperial,025,180216,4073,2366,4,2370,14
2020-06-01,Inyo,027,18085,20,20,0,20,1
2020-06-01,Kern,029,883053,3058,2366,7,2373,38
2020-06-01,Kings,031,150075,1296,703,2,705,4
2020-06-01,Lake,033,64148,32,22,0,22,0
2020-06-01,Lassen,035,31185,10,4,2,6,0
2020-06-01,Los Angeles,037,10098052,63744,55899,24,55923,2367
2020-06-01,Madera,039,155013,289,103,1,104,2
2020-06-01,Marin,041,260295,544,495,2,497,14
2020-06-01,Mariposa,043,17540,16,16,0,16,1
2020-06-01,Mendocino,045,87422,32,28,0,28,0
2020-06-01,Merced,047,269075,451,289,0,289,6
2020-06-01,Modoc,049,8938,1,0,0,0,0
2020-06-01,Mono,051,14174,39,35,0,35,1
2020-06-01,Monterey,053,433212,795,554,1,555,10
2020-06-01,Napa,055,140530,149,114,0,114,3
2020-06-01,Nevada,057,99092,51,41,1,42,1
2020-06-01,Orange,059,3164182,9474,6640,69,6709,135
2020-06-01,Placer,061,380077,316,218,2,220,9
2020-06-01,Plumas,063,18699,4,4,0,4,0
2020-06-01,Riverside,065,2383286,10113,7921,21,7942,322
2020-06-01,Sacramento,067,1510023,1563,1415,2,1417,58
2020-06-01,San Benito,069,59416,104,86,0,86,2
2020-06-01,San Bernardino,071,2135413,6715,5310,5,5315,202
2020-06-01,San Diego,073,3302833,8833,7556,0,7556,269
2020-06-01,San Francisco,075,870044,2764,2546,0,2546,43
2020-06-01,San Joaquin,077,732212,1255,957,3,960,35
2020-06-01,San Luis Obispo,079,281455,375,275,4,279,1
2020-06-01,San Mateo,081,765935,2458,2190,2,2192,71
2020-06-01,Santa Barbara,083,443738,1852,1671,12,1683,10
2020-06-01,Santa Clara,085,1922200,3531,2797,13,2810,142
2020-06-01,Santa Cruz,087,273765,234,215,0,215,2
2020-06-01,Shasta,089,179085,62,38,0,38,4
2020-06-01,Sierra,091,2930,1,1,0,1,0
2020-06-01,Siskiyou,093,43540,13,7,0,7,0
2020-06-01,Solano,095,438530,659,529,1,530,17
2020-06-01,Sonoma,097,501317,662,565,1,566,4
2020-06-01,Stanislaus,099,539301,967,758,5,763,27
2020-06-01,Sutter,101,95872,52,43,0,43,2
2020-06-01,Tehama,103,63373,11,5,1,6,1
2020-06-01,Trinity,105,12862,7,1,2,3,0
2020-06-01,Tulare,107,460477,2710,1976,10,1986,84
2020-06-01,Tuolumne,109,53932,5,4,0,4,0
2020-06-01,Ventura,111,848112,1708,1163,10,1173,29
2020-06-01,Yolo,113,214977,247,212,0,212,24
2020-06-01,Yuba,115,75493,30,26,0,26,1
2020-05-31,Alameda,001,1643700,3869,3362,5,3367,98
2020-05-31,Alpine,002,1148,1,1,0,1,0
2020-05-31,Amador,005,37829,10,10,0,10,0
2020-05-31,Butte,007,227075,80,51,6,57,0
2020-05-31,Calaveras,009,45235,18,15,0,15,0
2020-05-31,Colusa,011,21464,9,5,0,5,0
2020-05-31,Contra Costa,013,1133247,1722,1458,1,1459,37
2020-05-31,Del Norte,015,27424,45,37,0,37,0
2020-05-31,El Dorado,017,186661,119,88,1,89,0
2020-05-31,Fresno,019,978130,3359,1780,46,1826,31
2020-05-31,Glenn,021,27897,20,16,0,16,0
2020-05-31,Humboldt,023,135768,113,98,0,98,2
2020-05-31,Imperial,025,180216,3806,2197,4,2201,14
2020-05-31,Inyo,027,18085,20,20,0,20,1
2020-05-31,Kern,029,883053,2923,2300,7,2307,38
2020-05-31,Kings,031,150075,1260,703,2,705,3
2020-05-31,Lake,033,64148,32,19,0,19,0
2020-05-31,Lassen,035,31185,10,4,2,6,0
2020-05-31,Los Angeles,037,10098052,62449,54925,24,54949,2344
2020-05-31,Madera,039,155013,271,101,1,102,2
2020-05-31,Marin,041,260295,534,486,2,488,14
2020-05-31,Mariposa,043,17540,16,16,0,16,1
2020-05-31,Mendocino,045,87422,32,24,0,24,0
2020-05-31,Merced,047,269075,418,288,0,288,6
2020-05-31,Modoc,049,8938,0,0,0,0,0
2020-05-31,Mono,051,14174,39,34,0,34,1
2020-05-31,Monterey,053,433212,721,545,1,546,10
2020-05-31,Napa,055,140530,147,114,0,114,3
2020-05-31,Nevada,057,99092,50,41,1,42,1
2020-05-31,Orange,059,3164182,9262,6532,68,6600,135
2020-05-31,Placer,061,380077,294,215,2,217,9
2020-05-31,Plumas,063,18699,4,4,0,4,0
2020-05-31,Riverside,065,2383286,9857,7704,21,7725,321
2020-05-31,Sacramento,067,1510023,1532,1398,2,1400,57
2020-05-31,San Benito,069,59416,98,85,0,85,2
2020-05-31,San Bernardino,071,2135413,6447,5185,5,5190,198
2020-05-31,San Diego,073,3302833,8639,7483,0,7483,269
2020-05-31,San Francisco,075,870044,2728,2501,0,2501,43
2020-05-31,San Joaquin,077,732212,1190,888,3,891,34
2020-05-31,San Luis Obispo,079,281455,365,271,4,275,1
2020-05-31,San Mateo,081,765935,2412,2169,2,2171,71
2020-05-31,Santa Barbara,083,443738,1801,1662,11,1673,9
2020-05-31,Santa Clara,085,1922200,3487,2785,13,2798,142
2020-05-31,Santa Cruz,087,273765,231,210,0,210,2
2020-05-31,Shasta,089,179085,60,38,0,38,4
2020-05-31,Sierra,091,2930,1,1,0,1,0
2020-05-31,Siskiyou,093,43540,12,7,0,7,0
2020-05-31,Solano,095,438530,633,512,1,513,6
2020-05-31,Sonoma,097,501317,642,555,1,556,4
2020-05-31,Stanislaus,099,539301,913,738,5,743,27
2020-05-31,Sutter,101,95872,50,42,0,42,2
2020-05-31,Tehama,103,63373,10,4,1,5,1
2020-05-31,Trinity,105,12862,7,1,2,3,0
2020-05-31,Tulare,107,460477,2637,1884,10,1894,82
2020-05-31,Tuolumne,109,53932,5,4,0,4,0
2020-05-31,Ventura,111,848112,1647,1151,10,1161,30
2020-05-31,Yolo,113,214977,241,211,0,211,24
2020-05-31,Yuba,115,75493,30,26,0,26,1
2020-05-30,Alameda,001,1643700,3843,3304,5,3309,96
2020-05-30,Alpine,002,1148,1,1,0,1,0
2020-05-30,Amador,005,37829,10,10,0,10,0
2020-05-30,Butte,007,227075,79,44,6,50,0
2020-05-30,Calaveras,009,45235,17,15,0,15,0
2020-05-30,Colusa,011,21464,8,5,0,5,0
2020-05-30,Contra Costa,013,1133247,1706,1429,1,1430,37
2020-05-30,Del Norte,015,27424,45,37,0,37,0
2020-05-30,El Dorado,017,186661,118,86,1,87,0
2020-05-30,Fresno,019,978130,3298,1744,45,1789,31
2020-05-30,Glenn,021,27897,19,16,0,16,0
2020-05-30,Humboldt,023,135768,112,98,0,98,2
2020-05-30,Imperial,025,180216,3716,2091,4,2095,14
2020-05-30,Inyo,027,18085,20,20,0,20,1
2020-05-30,Kern,029,883053,2854,2217,7,2224,38
2020-05-30,Kings,031,150075,1246,703,2,705,3
2020-05-30,Lake,033,64148,31,18,0,18,0
2020-05-30,Lassen,035,31185,10,4,2,6,0
2020-05-30,Los Angeles,037,10098052,61914,53627,24,53651,2319
2020-05-30,Madera,039,155013,266,101,1,102,2
2020-05-30,Marin,041,260295,534,462,2,464,14
2020-05-30,Mariposa,043,17540,16,16,0,16,1
2020-05-30,Mendocino,045,87422,32,24,0,24,0
2020-05-30,Merced,047,269075,414,285,0,285,6
2020-05-30,Modoc,049,8938,0,0,0,0,0
2020-05-30,Mono,051,14174,39,34,0,34,1
2020-05-30,Monterey,053,433212,705,520,1,521,10
2020-05-30,Napa,055,140530,145,113,0,113,3
2020-05-30,Nevada,057,99092,50,41,1,42,1
2020-05-30,Orange,059,3164182,9105,6354,67,6421,134
2020-05-30,Placer,061,380077,286,199,1,200,9
2020-05-30,Plumas,063,18699,4,4,0,4,0
2020-05-30,Riverside,065,2383286,9713,7492,21,7513,316
2020-05-30,Sacramento,067,1510023,1521,1384,2,1386,57
2020-05-30,San Benito,069,59416,97,85,0,85,2
2020-05-30,San Bernardino,071,2135413,6338,5122,5,5127,198
2020-05-30,San Diego,073,3302833,8546,7387,0,7387,269
2020-05-30,San Francisco,075,870044,2703,2496,0,2496,41
2020-05-30,San Joaquin,077,732212,1152,888,3,891,34
2020-05-30,San Luis Obispo,079,281455,360,270,4,274,1
2020-05-30,San Mateo,081,765935,2388,2129,2,2131,71
2020-05-30,Santa Barbara,083,443738,1782,1660,11,1671,9
2020-05-30,Santa Clara,085,1922200,3471,2741,13,2754,141
2020-05-30,Santa Cruz,087,273765,231,206,0,206,2
2020-05-30,Shasta,089,179085,60,36,0,36,4
2020-05-30,Sierra,091,2930,1,1,0,1,0
2020-05-30,Siskiyou,093,43540,11,7,0,7,0
2020-05-30,Solano,095,438530,626,512,1,513,6
2020-05-30,Sonoma,097,501317,632,551,1,552,4
2020-05-30,Stanislaus,099,539301,896,712,5,717,27
2020-05-30,Sutter,101,95872,49,40,0,40,2
2020-05-30,Tehama,103,63373,10,4,1,5,1
2020-05-30,Trinity,105,12862,7,1,2,3,0
2020-05-30,Tulare,107,460477,2600,1879,10,1889,81
2020-05-30,Tuolumne,109,53932,5,4,0,4,0
2020-05-30,Ventura,111,848112,1630,1116,10,1126,30
2020-05-30,Yolo,113,214977,237,210,0,210,24
2020-05-30,Yuba,115,75493,30,25,0,25,1
2020-05-29,Alameda,001,1643700,3808,3209,5,3214,96
2020-05-29,Alpine,002,1148,1,1,0,1,0
2020-05-29,Amador,005,37829,10,10,0,10,0
2020-05-29,Butte,007,227075,74,41,6,47,0
2020-05-29,Calaveras,009,45235,17,15,0,15,0
2020-05-29,Colusa,011,21464,8,5,0,5,0
2020-05-29,Contra Costa,013,1133247,1690,1411,1,1412,37
2020-05-29,Del Norte,015,27424,45,37,0,37,0
2020-05-29,El Dorado,017,186661,117,85,1,86,0
2020-05-29,Fresno,019,978130,3248,1687,45,1732,31
2020-05-29,Glenn,021,27897,19,14,0,14,0
2020-05-29,Humboldt,023,135768,111,98,0,98,2
2020-05-29,Imperial,025,180216,3598,1607,4,1611,14
2020-05-29,Inyo,027,18085,20,20,0,20,1
2020-05-29,Kern,029,883053,2796,2128,7,2135,36
2020-05-29,Kings,031,150075,1235,693,2,695,3
2020-05-29,Lake,033,64148,30,17,0,17,0
2020-05-29,Lassen,035,31185,10,0,2,2,0
2020-05-29,Los Angeles,037,10098052,60958,51578,24,51602,2273
2020-05-29,Madera,039,155013,251,98,1,99,2
2020-05-29,Marin,041,260295,526,448,2,450,14
2020-05-29,Mariposa,043,17540,16,16,0,16,1
2020-05-29,Mendocino,045,87422,30,25,0,25,0
2020-05-29,Merced,047,269075,404,285,0,285,7
2020-05-29,Modoc,049,8938,0,0,0,0,0
2020-05-29,Mono,051,14174,38,34,0,34,1
2020-05-29,Monterey,053,433212,675,479,1,480,10
2020-05-29,Napa,055,140530,142,113,0,113,3
2020-05-29,Nevada,057,99092,50,41,1,42,1
2020-05-29,Orange,059,3164182,8919,6176,64,6240,133
2020-05-29,Placer,061,380077,264,199,1,200,9
2020-05-29,Plumas,063,18699,4,4,0,4,0
2020-05-29,Riverside,065,2383286,9527,7376,21,7397,313
2020-05-29,Sacramento,067,1510023,1498,1360,2,1362,57
2020-05-29,San Benito,069,59416,97,84,0,84,2
2020-05-29,San Bernardino,071,2135413,6230,4983,5,4988,196
2020-05-29,San Diego,073,3302833,8423,7242,0,7242,266
2020-05-29,San Francisco,075,870044,2679,2453,0,2453,41
2020-05-29,San Joaquin,077,732212,1115,855,3,858,34
2020-05-29,San Luis Obispo,079,281455,356,270,4,274,1
2020-05-29,San Mateo,081,765935,2372,2103,2,2105,71
2020-05-29,Santa Barbara,083,443738,1754,1656,11,1667,9
2020-05-29,Santa Clara,085,1922200,3443,2707,13,2720,141
2020-05-29,Santa Cruz,087,273765,228,203,0,203,2
2020-05-29,Shasta,089,179085,60,36,0,36,4
2020-05-29,Sierra,091,2930,1,1,0,1,0
2020-05-29,Siskiyou,093,43540,11,7,0,7,0
2020-05-29,Solano,095,438530,618,498,1,499,6
2020-05-29,Sonoma,097,501317,621,537,1,538,4
2020-05-29,Stanislaus,099,539301,866,698,5,703,27
2020-05-29,Sutter,101,95872,47,40,0,40,2
2020-05-29,Tehama,103,63373,9,4,1,5,1
2020-05-29,Trinity,105,12862,7,1,2,3,0
2020-05-29,Tulare,107,460477,2562,1852,10,1862,80
2020-05-29,Tuolumne,109,53932,5,4,0,4,0
2020-05-29,Ventura,111,848112,1606,1093,10,1103,29
2020-05-29,Yolo,113,214977,233,211,0,211,24
2020-05-29,Yuba,115,75493,29,25,0,25,1
2020-05-28,Alameda,001,1643700,3709,3083,5,3088,94
2020-05-28,Alpine,002,1148,1,1,0,1,0
2020-05-28,Amador,005,37829,10,10,0,10,0
2020-05-28,Butte,007,227075,73,40,6,46,0
2020-05-28,Calaveras,009,45235,16,15,0,15,0
2020-05-28,Colusa,011,21464,8,5,0,5,0
2020-05-28,Contra Costa,013,1133247,1651,1392,1,1393,37
2020-05-28,Del Norte,015,27424,45,37,0,37,0
2020-05-28,El Dorado,017,186661,114,82,1,83,0
2020-05-28,Fresno,019,978130,3168,1653,44,1697,31
2020-05-28,Glenn,021,27897,18,14,0,14,0
2020-05-28,Humboldt,023,135768,110,97,0,97,2
2020-05-28,Imperial,025,180216,3403,1430,4,1434,14
2020-05-28,Inyo,027,18085,20,20,0,20,1
2020-05-28,Kern,029,883053,2718,2069,7,2076,36
2020-05-28,Kings,031,150075,898,626,2,628,3
2020-05-28,Lake,033,64148,29,17,0,17,0
2020-05-28,Lassen,035,31185,10,0,2,2,0
2020-05-28,Los Angeles,037,10098052,59382,49861,24,49885,2222
2020-05-28,Madera,039,155013,233,93,1,94,2
2020-05-28,Marin,041,260295,501,443,2,445,14
2020-05-28,Mariposa,043,17540,16,16,0,16,1
2020-05-28,Mendocino,045,87422,28,24,0,24,0
2020-05-28,Merced,047,269075,394,283,0,283,7
2020-05-28,Modoc,049,8938,0,0,0,0,0
2020-05-28,Mono,051,14174,38,34,0,34,1
2020-05-28,Monterey,053,433212,643,471,1,472,10
2020-05-28,Napa,055,140530,139,113,0,113,3
2020-05-28,Nevada,057,99092,45,41,1,42,1
2020-05-28,Orange,059,3164182,8724,6045,64,6109,130
2020-05-28,Placer,061,380077,257,196,1,197,9
2020-05-28,Plumas,063,18699,4,4,0,4,0
2020-05-28,Riverside,065,2383286,9123,7240,20,7260,304
2020-05-28,Sacramento,067,1510023,1478,1339,2,1341,57
2020-05-28,San Benito,069,59416,96,82,0,82,2
2020-05-28,San Bernardino,071,2135413,6065,4831,5,4836,191
2020-05-28,San Diego,073,3302833,8266,7102,0,7102,260
2020-05-28,San Francisco,075,870044,2645,2417,0,2417,40
2020-05-28,San Joaquin,077,732212,1080,840,3,843,34
2020-05-28,San Luis Obispo,079,281455,353,267,4,271,1
2020-05-28,San Mateo,081,765935,2345,2070,2,2072,71
2020-05-28,Santa Barbara,083,443738,1726,1642,10,1652,9
2020-05-28,Santa Clara,085,1922200,3403,2698,13,2711,140
2020-05-28,Santa Cruz,087,273765,227,201,0,201,2
2020-05-28,Shasta,089,179085,58,36,0,36,4
2020-05-28,Sierra,091,2930,1,1,0,1,0
2020-05-28,Siskiyou,093,43540,9,6,0,6,0
2020-05-28,Solano,095,438530,601,489,1,490,6
2020-05-28,Sonoma,097,501317,599,529,1,530,4
2020-05-28,Stanislaus,099,539301,825,684,5,689,27
2020-05-28,Sutter,101,95872,47,40,0,40,2
2020-05-28,Tehama,103,63373,9,4,1,5,1
2020-05-28,Trinity,105,12862,6,1,2,3,0
2020-05-28,Tulare,107,460477,2526,1832,10,1842,79
2020-05-28,Tuolumne,109,53932,5,4,0,4,0
2020-05-28,Ventura,111,848112,1573,1083,10,1093,29
2020-05-28,Yolo,113,214977,230,206,0,206,22
2020-05-28,Yuba,115,75493,28,24,0,24,1
2020-05-27,Alameda,001,1643700,3626,3037,5,3042,94
2020-05-27,Alpine,002,1148,1,1,0,1,0
2020-05-27,Amador,005,37829,10,10,0,10,0
2020-05-27,Butte,007,227075,70,40,5,45,0
2020-05-27,Calaveras,009,45235,15,15,0,15,0
2020-05-27,Colusa,011,21464,8,5,0,5,0
2020-05-27,Contra Costa,013,1133247,1611,1373,1,1374,37
2020-05-27,Del Norte,015,27424,45,34,0,34,0
2020-05-27,El Dorado,017,186661,113,82,1,83,0
2020-05-27,Fresno,019,978130,3078,1620,44,1664,27
2020-05-27,Glenn,021,27897,18,14,0,14,0
2020-05-27,Humboldt,023,135768,110,86,0,86,2
2020-05-27,Imperial,025,180216,3223,1369,4,1373,14
2020-05-27,Inyo,027,18085,20,20,0,20,1
2020-05-27,Kern,029,883053,2653,1999,7,2006,37
2020-05-27,Kings,031,150075,871,586,2,588,3
2020-05-27,Lake,033,64148,29,13,0,13,0
2020-05-27,Lassen,035,31185,10,0,2,2,0
2020-05-27,Los Angeles,037,10098052,58011,48711,24,48735,2177
2020-05-27,Madera,039,155013,224,91,1,92,2
2020-05-27,Marin,041,260295,472,439,2,441,14
2020-05-27,Mariposa,043,17540,16,16,0,16,1
2020-05-27,Mendocino,045,87422,27,21,0,21,0
2020-05-27,Merced,047,269075,388,278,0,278,7
2020-05-27,Modoc,049,8938,0,0,0,0,0
2020-05-27,Mono,051,14174,38,34,0,34,1
2020-05-27,Monterey,053,433212,603,443,1,444,8
2020-05-27,Napa,055,140530,134,112,0,112,3
2020-05-27,Nevada,057,99092,44,41,1,42,1
2020-05-27,Orange,059,3164182,8569,5849,64,5913,121
2020-05-27,Placer,061,380077,238,196,0,196,9
2020-05-27,Plumas,063,18699,4,4,0,4,0
2020-05-27,Riverside,065,2383286,8744,7156,20,7176,299
2020-05-27,Sacramento,067,1510023,1450,1318,2,1320,50
2020-05-27,San Benito,069,59416,93,74,0,74,2
2020-05-27,San Bernardino,071,2135413,5881,4708,5,4713,183
2020-05-27,San Diego,073,3302833,8115,6985,0,6985,255
2020-05-27,San Francisco,075,870044,2616,2394,0,2394,40
2020-05-27,San Joaquin,077,732212,1039,825,3,828,34
2020-05-27,San Luis Obispo,079,281455,348,266,4,270,1
2020-05-27,San Mateo,081,765935,2305,2045,2,2047,71
2020-05-27,Santa Barbara,083,443738,1711,1629,10,1639,9
2020-05-27,Santa Clara,085,1922200,3370,2680,13,2693,140
2020-05-27,Santa Cruz,087,273765,223,202,0,202,2
2020-05-27,Shasta,089,179085,55,36,0,36,4
2020-05-27,Sierra,091,2930,1,1,0,1,0
2020-05-27,Siskiyou,093,43540,9,6,0,6,0
2020-05-27,Solano,095,438530,581,477,1,478,5
2020-05-27,Sonoma,097,501317,585,521,1,522,4
2020-05-27,Stanislaus,099,539301,800,675,5,680,27
2020-05-27,Sutter,101,95872,46,40,0,40,2
2020-05-27,Tehama,103,63373,9,3,1,4,1
2020-05-27,Trinity,105,12862,6,1,2,3,0
2020-05-27,Tulare,107,460477,2474,1817,10,1827,77
2020-05-27,Tuolumne,109,53932,5,4,0,4,0
2020-05-27,Ventura,111,848112,1548,1065,10,1075,28
2020-05-27,Yolo,113,214977,229,204,0,204,22
2020-05-27,Yuba,115,75493,28,24,0,24,1
2020-05-26,Alameda,001,1643700,3531,2956,5,2961,92
2020-05-26,Alpine,002,1148,1,1,0,1,0
2020-05-26,Amador,005,37829,10,10,0,10,0
2020-05-26,Butte,007,227075,68,37,4,41,0
2020-05-26,Calaveras,009,45235,15,13,0,13,0
2020-05-26,Colusa,011,21464,8,4,0,4,0
2020-05-26,Contra Costa,013,1133247,1575,1352,1,1353,37
2020-05-26,Del Norte,015,27424,44,30,0,30,0
2020-05-26,El Dorado,017,186661,109,79,1,80,0
2020-05-26,Fresno,019,978130,2991,1496,44,1540,22
2020-05-26,Glenn,021,27897,16,12,0,12,0
2020-05-26,Humboldt,023,135768,108,81,0,81,2
2020-05-26,Imperial,025,180216,3010,1369,4,1373,14
2020-05-26,Inyo,027,18085,20,20,0,20,1
2020-05-26,Kern,029,883053,2575,1890,7,1897,31
2020-05-26,Kings,031,150075,803,449,1,450,2
2020-05-26,Lake,033,64148,27,12,0,12,0
2020-05-26,Lassen,035,31185,9,0,2,2,0
2020-05-26,Los Angeles,037,10098052,56545,47760,24,47784,2121
2020-05-26,Madera,039,155013,209,83,1,84,2
2020-05-26,Marin,041,260295,460,424,2,426,14
2020-05-26,Mariposa,043,17540,16,16,0,16,1
2020-05-26,Mendocino,045,87422,25,20,0,20,0
2020-05-26,Merced,047,269075,377,266,0,266,7
2020-05-26,Modoc,049,8938,0,1,0,1,0
2020-05-26,Mono,051,14174,37,34,0,34,1
2020-05-26,Monterey,053,433212,575,424,1,425,8
2020-05-26,Napa,055,140530,129,109,0,109,3
2020-05-26,Nevada,057,99092,43,41,1,42,1
2020-05-26,Orange,059,3164182,8299,5651,63,5714,115
2020-05-26,Placer,061,380077,233,188,0,188,9
2020-05-26,Plumas,063,18699,4,4,0,4,0
2020-05-26,Riverside,065,2383286,8297,6917,20,6937,284
2020-05-26,Sacramento,067,1510023,1424,1298,2,1300,50
2020-05-26,San Benito,069,59416,88,69,0,69,2
2020-05-26,San Bernardino,071,2135413,5713,4430,5,4435,175
2020-05-26,San Diego,073,3302833,7972,6884,0,6884,249
2020-05-26,San Francisco,075,870044,2583,2363,0,2363,40
2020-05-26,San Joaquin,077,732212,992,760,3,763,33
2020-05-26,San Luis Obispo,079,281455,346,260,4,264,1
2020-05-26,San Mateo,081,765935,2267,1967,2,1969,71
2020-05-26,Santa Barbara,083,443738,1694,1590,9,1599,9
2020-05-26,Santa Clara,085,1922200,3338,2659,13,2672,139
2020-05-26,Santa Cruz,087,273765,221,197,0,197,2
2020-05-26,Shasta,089,179085,55,36,0,36,4
2020-05-26,Sierra,091,2930,1,1,0,1,0
2020-05-26,Siskiyou,093,43540,8,6,0,6,0
2020-05-26,Solano,095,438530,563,470,1,471,5
2020-05-26,Sonoma,097,501317,577,509,0,509,4
2020-05-26,Stanislaus,099,539301,780,663,5,668,27
2020-05-26,Sutter,101,95872,45,39,0,39,2
2020-05-26,Tehama,103,63373,8,2,1,3,1
2020-05-26,Trinity,105,12862,6,1,2,3,0
2020-05-26,Tulare,107,460477,2418,1768,10,1778,76
2020-05-26,Tuolumne,109,53932,5,2,0,2,0
2020-05-26,Ventura,111,848112,1511,1033,8,1041,27
2020-05-26,Yolo,113,214977,223,198,0,198,22
2020-05-26,Yuba,115,75493,27,24,0,24,1
2020-05-25,Alameda,001,1643700,3437,2900,5,2905,92
2020-05-25,Alpine,002,1148,1,1,0,1,0
2020-05-25,Amador,005,37829,10,10,0,10,0
2020-05-25,Butte,007,227075,65,37,4,41,0
2020-05-25,Calaveras,009,45235,15,13,0,13,0
2020-05-25,Colusa,011,21464,7,4,0,4,0
2020-05-25,Contra Costa,013,1133247,1543,1348,1,1349,37
2020-05-25,Del Norte,015,27424,44,20,0,20,0
2020-05-25,El Dorado,017,186661,101,78,1,79,0
2020-05-25,Fresno,019,978130,2889,1496,42,1538,22
2020-05-25,Glenn,021,27897,16,12,0,12,0
2020-05-25,Humboldt,023,135768,107,81,0,81,2
2020-05-25,Imperial,025,180216,2803,1369,4,1373,14
2020-05-25,Inyo,027,18085,19,20,0,20,1
2020-05-25,Kern,029,883053,2504,1890,7,1897,31
2020-05-25,Kings,031,150075,773,447,1,448,2
2020-05-25,Lake,033,64148,25,13,0,13,0
2020-05-25,Lassen,035,31185,9,0,2,2,0
2020-05-25,Los Angeles,037,10098052,54732,45952,23,45975,2094
2020-05-25,Madera,039,155013,196,83,1,84,2
2020-05-25,Marin,041,260295,442,415,2,417,14
2020-05-25,Mariposa,043,17540,16,15,0,15,1
2020-05-25,Mendocino,045,87422,22,19,0,19,0
2020-05-25,Merced,047,269075,371,262,0,262,6
2020-05-25,Modoc,049,8938,0,1,0,1,0
2020-05-25,Mono,051,14174,37,34,0,34,1
2020-05-25,Monterey,053,433212,545,418,1,419,8
2020-05-25,Napa,055,140530,129,107,0,107,3
2020-05-25,Nevada,057,99092,43,41,1,42,1
2020-05-25,Orange,059,3164182,8076,5601,62,5663,115
2020-05-25,Placer,061,380077,229,186,0,186,9
2020-05-25,Plumas,063,18699,4,4,0,4,0
2020-05-25,Riverside,065,2383286,8066,6900,20,6920,284
2020-05-25,Sacramento,067,1510023,1404,1290,1,1291,50
2020-05-25,San Benito,069,59416,87,70,0,70,2
2020-05-25,San Bernardino,071,2135413,5523,4393,4,4397,175
2020-05-25,San Diego,073,3302833,7796,6799,0,6799,249
2020-05-25,San Francisco,075,870044,2546,2358,0,2358,40
2020-05-25,San Joaquin,077,732212,966,760,3,763,33
2020-05-25,San Luis Obispo,079,281455,343,260,4,264,1
2020-05-25,San Mateo,081,765935,2230,1938,2,1940,71
2020-05-25,Santa Barbara,083,443738,1684,1590,9,1599,9
2020-05-25,Santa Clara,085,1922200,3305,2647,13,2660,139
2020-05-25,Santa Cruz,087,273765,219,191,0,191,2
2020-05-25,Shasta,089,179085,54,36,0,36,4
2020-05-25,Sierra,091,2930,1,1,0,1,0
2020-05-25,Siskiyou,093,43540,8,6,0,6,0
2020-05-25,Solano,095,438530,549,437,1,438,5
2020-05-25,Sonoma,097,501317,565,496,0,496,4
2020-05-25,Stanislaus,099,539301,750,651,5,656,27
2020-05-25,Sutter,101,95872,45,38,0,38,2
2020-05-25,Tehama,103,63373,7,2,1,3,1
2020-05-25,Trinity,105,12862,6,1,2,3,0
2020-05-25,Tulare,107,460477,2354,1747,10,1757,76
2020-05-25,Tuolumne,109,53932,5,2,0,2,0
2020-05-25,Ventura,111,848112,1470,1020,8,1028,27
2020-05-25,Yolo,113,214977,221,197,0,197,22
2020-05-25,Yuba,115,75493,26,24,0,24,1
2020-05-24,Alameda,001,1643700,3364,2830,5,2835,92
2020-05-24,Alpine,002,1148,1,1,0,1,0
2020-05-24,Amador,005,37829,10,9,0,9,0
2020-05-24,Butte,007,227075,63,35,4,39,0
2020-05-24,Calaveras,009,45235,15,13,0,13,0
2020-05-24,Colusa,011,21464,7,4,0,4,0
2020-05-24,Contra Costa,013,1133247,1515,1325,1,1326,37
2020-05-24,Del Norte,015,27424,43,16,0,16,0
2020-05-24,El Dorado,017,186661,100,76,1,77,0
2020-05-24,Fresno,019,978130,2822,1455,41,1496,22
2020-05-24,Glenn,021,27897,15,12,0,12,0
2020-05-24,Humboldt,023,135768,107,81,0,81,2
2020-05-24,Imperial,025,180216,2677,1369,4,1373,14
2020-05-24,Inyo,027,18085,19,20,0,20,1
2020-05-24,Kern,029,883053,2431,1861,6,1867,31
2020-05-24,Kings,031,150075,762,446,1,447,2
2020-05-24,Lake,033,64148,24,12,0,12,0
2020-05-24,Lassen,035,31185,8,0,2,2,0
2020-05-24,Los Angeles,037,10098052,53716,44954,23,44977,2085
2020-05-24,Madera,039,155013,190,83,1,84,2
2020-05-24,Marin,041,260295,440,401,2,403,14
2020-05-24,Mariposa,043,17540,16,15,0,15,1
2020-05-24,Mendocino,045,87422,21,19,0,19,0
2020-05-24,Merced,047,269075,370,258,0,258,6
2020-05-24,Modoc,049,8938,0,0,0,0,0
2020-05-24,Mono,051,14174,37,34,0,34,1
2020-05-24,Monterey,053,433212,517,405,1,406,8
2020-05-24,Napa,055,140530,127,104,0,104,3
2020-05-24,Nevada,057,99092,43,41,1,42,1
2020-05-24,Orange,059,3164182,7922,5439,61,5500,113
2020-05-24,Placer,061,380077,221,184,0,184,9
2020-05-24,Plumas,063,18699,4,4,0,4,0
2020-05-24,Riverside,065,2383286,7925,6571,20,6591,284
2020-05-24,Sacramento,067,1510023,1388,1283,1,1284,50
2020-05-24,San Benito,069,59416,86,67,0,67,2
2020-05-24,San Bernardino,071,2135413,5415,4262,4,4266,175
2020-05-24,San Diego,073,3302833,7653,6703,0,6703,249
2020-05-24,San Francisco,075,870044,2523,2318,0,2318,40
2020-05-24,San Joaquin,077,732212,947,760,3,763,33
2020-05-24,San Luis Obispo,079,281455,341,257,4,261,1
2020-05-24,San Mateo,081,765935,2195,1925,2,1927,71
2020-05-24,Santa Barbara,083,443738,1672,1573,9,1582,9
2020-05-24,Santa Clara,085,1922200,3285,2623,13,2636,139
2020-05-24,Santa Cruz,087,273765,216,185,0,185,2
2020-05-24,Shasta,089,179085,53,36,0,36,4
2020-05-24,Sierra,091,2930,1,1,0,1,0
2020-05-24,Siskiyou,093,43540,7,6,0,6,0
2020-05-24,Solano,095,438530,541,436,0,436,5
2020-05-24,Sonoma,097,501317,554,485,0,485,4
2020-05-24,Stanislaus,099,539301,730,634,5,639,27
2020-05-24,Sutter,101,95872,45,38,0,38,2
2020-05-24,Tehama,103,63373,5,2,1,3,1
2020-05-24,Trinity,105,12862,6,1,2,3,0
2020-05-24,Tulare,107,460477,2308,1684,10,1694,74
2020-05-24,Tuolumne,109,53932,5,2,0,2,0
2020-05-24,Ventura,111,848112,1458,982,8,990,27
2020-05-24,Yolo,113,214977,219,192,0,192,22
2020-05-24,Yuba,115,75493,26,24,0,24,1
2020-05-23,Alameda,001,1643700,3323,2783,5,2788,91
2020-05-23,Alpine,002,1148,1,1,0,1,0
2020-05-23,Amador,005,37829,10,9,0,9,0
2020-05-23,Butte,007,227075,62,34,4,38,0
2020-05-23,Calaveras,009,45235,15,13,0,13,0
2020-05-23,Colusa,011,21464,7,4,0,4,0
2020-05-23,Contra Costa,013,1133247,1504,1302,1,1303,36
2020-05-23,Del Norte,015,27424,43,10,0,10,0
2020-05-23,El Dorado,017,186661,100,74,1,75,0
2020-05-23,Fresno,019,978130,2802,1447,41,1488,21
2020-05-23,Glenn,021,27897,15,12,0,12,0
2020-05-23,Humboldt,023,135768,105,80,0,80,2
2020-05-23,Imperial,025,180216,2589,1283,4,1287,14
2020-05-23,Inyo,027,18085,19,20,0,20,1
2020-05-23,Kern,029,883053,2388,1806,6,1812,31
2020-05-23,Kings,031,150075,758,444,1,445,2
2020-05-23,Lake,033,64148,23,10,0,10,0
2020-05-23,Lassen,035,31185,8,0,2,2,0
2020-05-23,Los Angeles,037,10098052,53171,44029,23,44052,2069
2020-05-23,Madera,039,155013,186,83,1,84,2
2020-05-23,Marin,041,260295,440,393,1,394,14
2020-05-23,Mariposa,043,17540,16,15,0,15,1
2020-05-23,Mendocino,045,87422,21,13,0,13,0
2020-05-23,Merced,047,269075,365,247,0,247,6
2020-05-23,Modoc,049,8938,0,0,0,0,0
2020-05-23,Mono,051,14174,36,34,0,34,1
2020-05-23,Monterey,053,433212,503,397,1,398,8
2020-05-23,Napa,055,140530,123,101,0,101,3
2020-05-23,Nevada,057,99092,43,41,1,42,1
2020-05-23,Orange,059,3164182,7763,5313,60,5373,113
2020-05-23,Placer,061,380077,215,184,0,184,9
2020-05-23,Plumas,063,18699,4,4,0,4,0
2020-05-23,Riverside,065,2383286,7834,6460,20,6480,284
2020-05-23,Sacramento,067,1510023,1372,1275,1,1276,50
2020-05-23,San Benito,069,59416,81,67,0,67,2
2020-05-23,San Bernardino,071,2135413,5321,4172,4,4176,175
2020-05-23,San Diego,073,3302833,7562,6561,0,6561,249
2020-05-23,San Francisco,075,870044,2504,2312,0,2312,40
2020-05-23,San Joaquin,077,732212,932,759,3,762,33
2020-05-23,San Luis Obispo,079,281455,337,256,4,260,1
2020-05-23,San Mateo,081,765935,2167,1862,2,1864,71
2020-05-23,Santa Barbara,083,443738,1664,1566,9,1575,9
2020-05-23,Santa Clara,085,1922200,3271,2593,12,2605,139
2020-05-23,Santa Cruz,087,273765,214,177,0,177,2
2020-05-23,Shasta,089,179085,53,35,0,35,4
2020-05-23,Sierra,091,2930,1,1,0,1,0
2020-05-23,Siskiyou,093,43540,7,6,0,6,0
2020-05-23,Solano,095,438530,536,435,0,435,5
2020-05-23,Sonoma,097,501317,540,462,0,462,4
2020-05-23,Stanislaus,099,539301,722,625,5,630,27
2020-05-23,Sutter,101,95872,44,38,0,38,2
2020-05-23,Tehama,103,63373,5,2,1,3,1
2020-05-23,Trinity,105,12862,6,1,2,3,0
2020-05-23,Tulare,107,460477,2287,1682,10,1692,73
2020-05-23,Tuolumne,109,53932,5,2,0,2,0
2020-05-23,Ventura,111,848112,1438,961,8,969,27
2020-05-23,Yolo,113,214977,218,188,0,188,22
2020-05-23,Yuba,115,75493,26,24,0,24,1
2020-05-22,Alameda,001,1643700,3269,2722,5,2727,91
2020-05-22,Alpine,002,1148,1,1,0,1,0
2020-05-22,Amador,005,37829,10,9,0,9,0
2020-05-22,Butte,007,227075,60,34,4,38,0
2020-05-22,Calaveras,009,45235,15,13,0,13,0
2020-05-22,Colusa,011,21464,7,4,0,4,0
2020-05-22,Contra Costa,013,1133247,1492,1272,1,1273,36
2020-05-22,Del Norte,015,27424,41,9,0,9,0
2020-05-22,El Dorado,017,186661,97,74,1,75,0
2020-05-22,Fresno,019,978130,2743,1399,40,1439,20
2020-05-22,Glenn,021,27897,15,12,0,12,0
2020-05-22,Humboldt,023,135768,105,80,0,80,2
2020-05-22,Imperial,025,180216,2487,1214,4,1218,14
2020-05-22,Inyo,027,18085,19,20,0,20,1
2020-05-22,Kern,029,883053,2339,1749,6,1755,28
2020-05-22,Kings,031,150075,755,428,1,429,2
2020-05-22,Lake,033,64148,22,10,0,10,0
2020-05-22,Lassen,035,31185,6,0,2,2,0
2020-05-22,Los Angeles,037,10098052,52374,43025,23,43048,2027
2020-05-22,Madera,039,155013,182,82,1,83,2
2020-05-22,Marin,041,260295,436,372,1,373,14
2020-05-22,Mariposa,043,17540,16,15,0,15,1
2020-05-22,Mendocino,045,87422,20,13,0,13,0
2020-05-22,Merced,047,269075,359,233,0,233,6
2020-05-22,Modoc,049,8938,0,0,0,0,0
2020-05-22,Mono,051,14174,36,34,0,34,1
2020-05-22,Monterey,053,433212,492,372,1,373,8
2020-05-22,Napa,055,140530,121,97,0,97,3
2020-05-22,Nevada,057,99092,42,41,1,42,1
2020-05-22,Orange,059,3164182,7566,5144,58,5202,113
2020-05-22,Placer,061,380077,215,181,0,181,9
2020-05-22,Plumas,063,18699,4,4,0,4,0
2020-05-22,Riverside,065,2383286,7719,6351,20,6371,283
2020-05-22,Sacramento,067,1510023,1356,1262,1,1263,50
2020-05-22,San Benito,069,59416,80,64,0,64,2
2020-05-22,San Bernardino,071,2135413,5246,4107,4,4111,173
2020-05-22,San Diego,073,3302833,7476,6436,0,6436,242
2020-05-22,San Francisco,075,870044,2486,2251,0,2251,40
2020-05-22,San Joaquin,077,732212,919,747,3,750,33
2020-05-22,San Luis Obispo,079,281455,336,254,4,258,1
2020-05-22,San Mateo,081,765935,2148,1847,2,1849,71
2020-05-22,Santa Barbara,083,443738,1654,1554,9,1563,9
2020-05-22,Santa Clara,085,1922200,3251,2537,12,2549,139
2020-05-22,Santa Cruz,087,273765,211,171,0,171,2
2020-05-22,Shasta,089,179085,53,34,0,34,4
2020-05-22,Sierra,091,2930,1,0,0,0,0
2020-05-22,Siskiyou,093,43540,7,6,0,6,0
2020-05-22,Solano,095,438530,533,431,0,431,4
2020-05-22,Sonoma,097,501317,536,444,0,444,4
2020-05-22,Stanislaus,099,539301,712,616,5,621,27
2020-05-22,Sutter,101,95872,44,38,0,38,2
2020-05-22,Tehama,103,63373,5,2,0,2,1
2020-05-22,Trinity,105,12862,6,1,2,3,0
2020-05-22,Tulare,107,460477,2257,1662,10,1672,73
2020-05-22,Tuolumne,109,53932,5,2,0,2,0
2020-05-22,Ventura,111,848112,1420,937,8,945,27
2020-05-22,Yolo,113,214977,216,187,0,187,22
2020-05-22,Yuba,115,75493,26,24,0,24,1
2020-05-21,Alameda,001,1643700,3203,2606,5,2611,89
2020-05-21,Alpine,002,1148,1,1,0,1,0
2020-05-21,Amador,005,37829,10,9,0,9,0
2020-05-21,Butte,007,227075,59,31,4,35,0
2020-05-21,Calaveras,009,45235,15,13,0,13,0
2020-05-21,Colusa,011,21464,7,4,0,4,0
2020-05-21,Contra Costa,013,1133247,1456,1243,1,1244,36
2020-05-21,Del Norte,015,27424,38,9,0,9,0
2020-05-21,El Dorado,017,186661,95,67,1,68,0
2020-05-21,Fresno,019,978130,2653,1362,39,1401,20
2020-05-21,Glenn,021,27897,14,12,0,12,0
2020-05-21,Humboldt,023,135768,104,79,0,79,0
2020-05-21,Imperial,025,180216,2326,1096,4,1100,14
2020-05-21,Inyo,027,18085,19,20,0,20,1
2020-05-21,Kern,029,883053,2263,1684,5,1689,27
2020-05-21,Kings,031,150075,734,417,1,418,2
2020-05-21,Lake,033,64148,17,10,0,10,0
2020-05-21,Lassen,035,31185,6,0,2,2,0
2020-05-21,Los Angeles,037,10098052,51334,42063,23,42086,1996
2020-05-21,Madera,039,155013,179,82,1,83,2
2020-05-21,Marin,041,260295,425,359,1,360,14
2020-05-21,Mariposa,043,17540,16,15,0,15,1
2020-05-21,Mendocino,045,87422,20,12,0,12,0
2020-05-21,Merced,047,269075,351,226,0,226,6
2020-05-21,Modoc,049,8938,0,0,0,0,0
2020-05-21,Mono,051,14174,36,33,0,33,1
2020-05-21,Monterey,053,433212,481,363,1,364,8
2020-05-21,Napa,055,140530,119,96,0,96,3
2020-05-21,Nevada,057,99092,42,41,1,42,1
2020-05-21,Orange,059,3164182,7363,4975,58,5033,106
2020-05-21,Placer,061,380077,208,176,0,176,8
2020-05-21,Plumas,063,18699,4,4,0,4,0
2020-05-21,Riverside,065,2383286,7532,6245,20,6265,279
2020-05-21,Sacramento,067,1510023,1343,1258,1,1259,56
2020-05-21,San Benito,069,59416,77,61,0,61,2
2020-05-21,San Bernardino,071,2135413,5099,3950,4,3954,167
2020-05-21,San Diego,073,3302833,7340,6317,0,6317,241
2020-05-21,San Francisco,075,870044,2462,2248,0,2248,37
2020-05-21,San Joaquin,077,732212,883,730,3,733,33
2020-05-21,San Luis Obispo,079,281455,336,251,3,254,1
2020-05-21,San Mateo,081,765935,2112,1791,2,1793,74
2020-05-21,Santa Barbara,083,443738,1639,1541,9,1550,10
2020-05-21,Santa Clara,085,1922200,3229,2520,12,2532,138
2020-05-21,Santa Cruz,087,273765,203,164,0,164,3
2020-05-21,Shasta,089,179085,51,34,0,34,4
2020-05-21,Sierra,091,2930,1,0,0,0,0
2020-05-21,Siskiyou,093,43540,7,6,0,6,0
2020-05-21,Solano,095,438530,524,424,0,424,4
2020-05-21,Sonoma,097,501317,518,427,0,427,4
2020-05-21,Stanislaus,099,539301,700,602,5,607,27
2020-05-21,Sutter,101,95872,43,38,0,38,2
2020-05-21,Tehama,103,63373,4,2,0,2,1
2020-05-21,Trinity,105,12862,5,1,2,3,0
2020-05-21,Tulare,107,460477,2207,1606,8,1614,73
2020-05-21,Tuolumne,109,53932,3,2,0,2,0
2020-05-21,Ventura,111,848112,1371,907,8,915,30
2020-05-21,Yolo,113,214977,213,185,0,185,22
2020-05-21,Yuba,115,75493,26,24,0,24,1
2020-05-20,Alameda,001,1643700,3130,2554,5,2559,89
2020-05-20,Alpine,002,1148,1,1,0,1,0
2020-05-20,Amador,005,37829,10,9,0,9,0
2020-05-20,Butte,007,227075,56,30,4,34,0
2020-05-20,Calaveras,009,45235,15,13,0,13,0
2020-05-20,Colusa,011,21464,7,3,0,3,0
2020-05-20,Contra Costa,013,1133247,1426,1223,1,1224,33
2020-05-20,Del Norte,015,27424,31,9,0,9,0
2020-05-20,El Dorado,017,186661,94,67,1,68,0
2020-05-20,Fresno,019,978130,2580,1329,38,1367,17
2020-05-20,Glenn,021,27897,13,12,0,12,0
2020-05-20,Humboldt,023,135768,101,73,0,73,0
2020-05-20,Imperial,025,180216,2212,1047,4,1051,14
2020-05-20,Inyo,027,18085,19,20,0,20,1
2020-05-20,Kern,029,883053,2200,1639,4,1643,27
2020-05-20,Kings,031,150075,590,403,1,404,2
2020-05-20,Lake,033,64148,17,9,0,9,0
2020-05-20,Lassen,035,31185,5,0,2,2,0
2020-05-20,Los Angeles,037,10098052,50344,40932,23,40955,1955
2020-05-20,Madera,039,155013,177,82,1,83,2
2020-05-20,Marin,041,260295,398,348,1,349,14
2020-05-20,Mariposa,043,17540,16,15,0,15,1
2020-05-20,Mendocino,045,87422,20,12,0,12,0
2020-05-20,Merced,047,269075,346,225,0,225,6
2020-05-20,Modoc,049,8938,0,0,0,0,0
2020-05-20,Mono,051,14174,36,33,0,33,1
2020-05-20,Monterey,053,433212,467,356,1,357,8
2020-05-20,Napa,055,140530,112,93,0,93,3
2020-05-20,Nevada,057,99092,42,41,1,42,1
2020-05-20,Orange,059,3164182,7155,4866,56,4922,96
2020-05-20,Placer,061,380077,206,176,0,176,8
2020-05-20,Plumas,063,18699,4,4,0,4,0
2020-05-20,Riverside,065,2383286,7389,6090,20,6110,265
2020-05-20,Sacramento,067,1510023,1333,1244,1,1245,56
2020-05-20,San Benito,069,59416,76,61,0,61,2
2020-05-20,San Bernardino,071,2135413,4971,3771,4,3775,161
2020-05-20,San Diego,073,3302833,7223,6142,0,6142,230
2020-05-20,San Francisco,075,870044,2439,2199,0,2199,37
2020-05-20,San Joaquin,077,732212,847,713,3,716,33
2020-05-20,San Luis Obispo,079,281455,329,249,3,252,1
2020-05-20,San Mateo,081,765935,2059,1739,2,1741,74
2020-05-20,Santa Barbara,083,443738,1620,1524,9,1533,10
2020-05-20,Santa Clara,085,1922200,3208,2508,11,2519,138
2020-05-20,Santa Cruz,087,273765,200,163,0,163,3
2020-05-20,Shasta,089,179085,51,34,0,34,4
2020-05-20,Sierra,091,2930,1,0,0,0,0
2020-05-20,Siskiyou,093,43540,7,6,0,6,0
2020-05-20,Solano,095,438530,519,418,0,418,4
2020-05-20,Sonoma,097,501317,509,411,0,411,4
2020-05-20,Stanislaus,099,539301,684,584,4,588,25
2020-05-20,Sutter,101,95872,43,38,0,38,2
2020-05-20,Tehama,103,63373,4,2,0,2,1
2020-05-20,Trinity,105,12862,4,1,1,2,0
2020-05-20,Tulare,107,460477,2166,1585,8,1593,71
2020-05-20,Tuolumne,109,53932,3,2,0,2,0
2020-05-20,Ventura,111,848112,1335,879,8,887,29
2020-05-20,Yolo,113,214977,210,184,0,184,22
2020-05-20,Yuba,115,75493,26,23,0,23,1
2020-05-19,Alameda,001,1643700,3054,2493,3,2496,88
2020-05-19,Alpine,002,1148,1,1,0,1,0
2020-05-19,Amador,005,37829,10,9,0,9,0
2020-05-19,Butte,007,227075,54,25,4,29,0
2020-05-19,Calaveras,009,45235,15,13,0,13,0
2020-05-19,Colusa,011,21464,5,3,0,3,0
2020-05-19,Contra Costa,013,1133247,1402,1205,1,1206,33
2020-05-19,Del Norte,015,27424,28,8,0,8,0
2020-05-19,El Dorado,017,186661,91,67,0,67,0
2020-05-19,Fresno,019,978130,2467,1288,37,1325,15
2020-05-19,Glenn,021,27897,13,12,0,12,0
2020-05-19,Humboldt,023,135768,101,72,0,72,0
2020-05-19,Imperial,025,180216,2051,1012,4,1016,14
2020-05-19,Inyo,027,18085,19,20,0,20,1
2020-05-19,Kern,029,883053,2102,1601,4,1605,26
2020-05-19,Kings,031,150075,579,393,1,394,2
2020-05-19,Lake,033,64148,14,11,0,11,0
2020-05-19,Lassen,035,31185,5,0,2,2,0
2020-05-19,Los Angeles,037,10098052,49139,39670,23,39693,1906
2020-05-19,Madera,039,155013,173,80,1,81,2
2020-05-19,Marin,041,260295,374,340,1,341,14
2020-05-19,Mariposa,043,17540,16,15,0,15,1
2020-05-19,Mendocino,045,87422,20,12,0,12,0
2020-05-19,Merced,047,269075,338,222,0,222,5
2020-05-19,Modoc,049,8938,0,0,0,0,0
2020-05-19,Mono,051,14174,36,33,0,33,1
2020-05-19,Monterey,053,433212,455,350,1,351,8
2020-05-19,Napa,055,140530,111,93,0,93,3
2020-05-19,Nevada,057,99092,42,41,1,42,1
2020-05-19,Orange,059,3164182,6961,4746,54,4800,90
2020-05-19,Placer,061,380077,204,177,0,177,8
2020-05-19,Plumas,063,18699,4,5,0,5,0
2020-05-19,Riverside,065,2383286,7229,5963,19,5982,265
2020-05-19,Sacramento,067,1510023,1319,1239,1,1240,57
2020-05-19,San Benito,069,59416,74,59,0,59,2
2020-05-19,San Bernardino,071,2135413,4821,3656,4,3660,158
2020-05-19,San Diego,073,3302833,7079,6028,0,6028,222
2020-05-19,San Francisco,075,870044,2405,2186,0,2186,37
2020-05-19,San Joaquin,077,732212,825,705,3,708,33
2020-05-19,San Luis Obispo,079,281455,329,245,3,248,1
2020-05-19,San Mateo,081,765935,2018,1704,2,1706,71
2020-05-19,Santa Barbara,083,443738,1606,1521,9,1530,10
2020-05-19,Santa Clara,085,1922200,3158,2480,11,2491,138
2020-05-19,Santa Cruz,087,273765,189,161,0,161,3
2020-05-19,Shasta,089,179085,51,34,0,34,4
2020-05-19,Sierra,091,2930,0,0,0,0,0
2020-05-19,Siskiyou,093,43540,7,6,0,6,0
2020-05-19,Solano,095,438530,505,415,0,415,4
2020-05-19,Sonoma,097,501317,498,389,0,389,4
2020-05-19,Stanislaus,099,539301,670,582,4,586,25
2020-05-19,Sutter,101,95872,43,38,0,38,2
2020-05-19,Tehama,103,63373,4,2,0,2,1
2020-05-19,Trinity,105,12862,3,1,0,1,0
2020-05-19,Tulare,107,460477,2118,1551,8,1559,68
2020-05-19,Tuolumne,109,53932,3,2,0,2,0
2020-05-19,Ventura,111,848112,1294,861,7,868,28
2020-05-19,Yolo,113,214977,208,183,0,183,22
2020-05-19,Yuba,115,75493,26,23,0,23,1
2020-05-18,Alameda,001,1643700,2981,2442,3,2445,84
2020-05-18,Alpine,002,1148,1,1,0,1,0
2020-05-18,Amador,005,37829,10,8,0,8,0
2020-05-18,Butte,007,227075,52,24,4,28,0
2020-05-18,Calaveras,009,45235,15,13,0,13,0
2020-05-18,Colusa,011,21464,5,3,0,3,0
2020-05-18,Contra Costa,013,1133247,1371,1173,1,1174,33
2020-05-18,Del Norte,015,27424,23,8,0,8,0
2020-05-18,El Dorado,017,186661,89,67,0,67,0
2020-05-18,Fresno,019,978130,2391,1244,36,1280,14
2020-05-18,Glenn,021,27897,13,11,0,11,0
2020-05-18,Humboldt,023,135768,101,70,0,70,0
2020-05-18,Imperial,025,180216,1899,767,4,771,14
2020-05-18,Inyo,027,18085,19,20,0,20,1
2020-05-18,Kern,029,883053,2053,1566,4,1570,26
2020-05-18,Kings,031,150075,548,381,1,382,2
2020-05-18,Lake,033,64148,13,9,0,9,0
2020-05-18,Lassen,035,31185,5,0,2,2,0
2020-05-18,Los Angeles,037,10098052,48113,38477,23,38500,1825
2020-05-18,Madera,039,155013,167,74,1,75,2
2020-05-18,Marin,041,260295,361,329,1,330,14
2020-05-18,Mariposa,043,17540,16,15,0,15,1
2020-05-18,Mendocino,045,87422,15,12,0,12,0
2020-05-18,Merced,047,269075,329,217,0,217,5
2020-05-18,Modoc,049,8938,0,0,0,0,0
2020-05-18,Mono,051,14174,36,33,0,33,1
2020-05-18,Monterey,053,433212,444,345,1,346,8
2020-05-18,Napa,055,140530,107,92,0,92,3
2020-05-18,Nevada,057,99092,42,41,1,42,1
2020-05-18,Orange,059,3164182,6771,4558,52,4610,88
2020-05-18,Placer,061,380077,202,176,0,176,8
2020-05-18,Plumas,063,18699,4,5,0,5,0
2020-05-18,Riverside,065,2383286,7029,5873,18,5891,253
2020-05-18,Sacramento,067,1510023,1313,1233,0,1233,57
2020-05-18,San Benito,069,59416,72,59,0,59,2
2020-05-18,San Bernardino,071,2135413,4674,3558,4,3562,156
2020-05-18,San Diego,073,3302833,6946,5948,0,5948,211
2020-05-18,San Francisco,075,870044,2382,2183,0,2183,36
2020-05-18,San Joaquin,077,732212,813,697,3,700,33
2020-05-18,San Luis Obispo,079,281455,325,243,3,246,1
2020-05-18,San Mateo,081,765935,1980,1701,2,1703,68
2020-05-18,Santa Barbara,083,443738,1595,1501,9,1510,10
2020-05-18,Santa Clara,085,1922200,3125,2468,11,2479,137
2020-05-18,Santa Cruz,087,273765,187,160,0,160,3
2020-05-18,Shasta,089,179085,50,34,0,34,4
2020-05-18,Sierra,091,2930,0,0,0,0,0
2020-05-18,Siskiyou,093,43540,7,6,0,6,0
2020-05-18,Solano,095,438530,495,398,0,398,4
2020-05-18,Sonoma,097,501317,480,387,0,387,4
2020-05-18,Stanislaus,099,539301,658,572,4,576,25
2020-05-18,Sutter,101,95872,43,38,0,38,2
2020-05-18,Tehama,103,63373,4,2,0,2,1
2020-05-18,Trinity,105,12862,3,1,0,1,0
2020-05-18,Tulare,107,460477,2074,1491,8,1499,63
2020-05-18,Tuolumne,109,53932,3,2,0,2,0
2020-05-18,Ventura,111,848112,1271,850,6,856,27
2020-05-18,Yolo,113,214977,203,183,0,183,22
2020-05-18,Yuba,115,75493,26,23,0,23,1
2020-05-17,Alameda,001,1643700,2886,2389,3,2392,83
2020-05-17,Alpine,002,1148,1,1,0,1,0
2020-05-17,Amador,005,37829,10,8,0,8,0
2020-05-17,Butte,007,227075,51,23,4,27,0
2020-05-17,Calaveras,009,45235,15,13,0,13,0
2020-05-17,Colusa,011,21464,3,3,0,3,0
2020-05-17,Contra Costa,013,1133247,1332,1155,1,1156,33
2020-05-17,Del Norte,015,27424,23,7,0,7,0
2020-05-17,El Dorado,017,186661,89,65,0,65,0
2020-05-17,Fresno,019,978130,2286,1213,33,1246,14
2020-05-17,Glenn,021,27897,13,9,0,9,0
2020-05-17,Humboldt,023,135768,94,70,0,70,0
2020-05-17,Imperial,025,180216,1751,715,4,719,14
2020-05-17,Inyo,027,18085,19,20,0,20,1
2020-05-17,Kern,029,883053,1975,1546,3,1549,26
2020-05-17,Kings,031,150075,501,356,1,357,2
2020-05-17,Lake,033,64148,13,7,0,7,0
2020-05-17,Lassen,035,31185,5,0,2,2,0
2020-05-17,Los Angeles,037,10098052,46872,37996,23,38019,1807
2020-05-17,Madera,039,155013,165,69,1,70,2
2020-05-17,Marin,041,260295,350,315,1,316,14
2020-05-17,Mariposa,043,17540,15,15,0,15,1
2020-05-17,Mendocino,045,87422,14,10,0,10,0
2020-05-17,Merced,047,269075,319,214,0,214,5
2020-05-17,Modoc,049,8938,0,0,0,0,0
2020-05-17,Mono,051,14174,36,32,0,32,1
2020-05-17,Monterey,053,433212,424,342,1,343,8
2020-05-17,Napa,055,140530,104,89,0,89,3
2020-05-17,Nevada,057,99092,42,41,1,42,1
2020-05-17,Orange,059,3164182,6591,4466,51,4517,88
2020-05-17,Placer,061,380077,197,175,0,175,8
2020-05-17,Plumas,063,18699,4,4,0,4,0
2020-05-17,Riverside,065,2383286,6856,5776,18,5794,245
2020-05-17,Sacramento,067,1510023,1302,1224,0,1224,56
2020-05-17,San Benito,069,59416,71,59,0,59,2
2020-05-17,San Bernardino,071,2135413,4524,3467,4,3471,155
2020-05-17,San Diego,073,3302833,6814,5838,0,5838,209
2020-05-17,San Francisco,075,870044,2355,2132,0,2132,36
2020-05-17,San Joaquin,077,732212,783,688,3,691,32
2020-05-17,San Luis Obispo,079,281455,323,242,3,245,1
2020-05-17,San Mateo,081,765935,1943,1680,2,1682,68
2020-05-17,Santa Barbara,083,443738,1576,1457,9,1466,10
2020-05-17,Santa Clara,085,1922200,3087,2453,11,2464,135
2020-05-17,Santa Cruz,087,273765,176,155,0,155,3
2020-05-17,Shasta,089,179085,49,34,0,34,4
2020-05-17,Sierra,091,2930,0,0,0,0,0
2020-05-17,Siskiyou,093,43540,7,6,0,6,0
2020-05-17,Solano,095,438530,483,392,0,392,4
2020-05-17,Sonoma,097,501317,459,376,0,376,4
2020-05-17,Stanislaus,099,539301,647,566,4,570,25
2020-05-17,Sutter,101,95872,42,38,0,38,2
2020-05-17,Tehama,103,63373,3,2,0,2,1
2020-05-17,Trinity,105,12862,2,1,0,1,0
2020-05-17,Tulare,107,460477,1998,1430,7,1437,63
2020-05-17,Tuolumne,109,53932,3,2,0,2,0
2020-05-17,Ventura,111,848112,1226,838,6,844,27
2020-05-17,Yolo,113,214977,201,182,0,182,22
2020-05-17,Yuba,115,75493,26,21,0,21,1
2020-05-16,Alameda,001,1643700,2836,2327,3,2330,83
2020-05-16,Alpine,002,1148,1,1,0,1,0
2020-05-16,Amador,005,37829,10,8,0,8,0
2020-05-16,Butte,007,227075,46,22,4,26,0
2020-05-16,Calaveras,009,45235,15,13,0,13,0
2020-05-16,Colusa,011,21464,3,3,0,3,0
2020-05-16,Contra Costa,013,1133247,1314,1136,1,1137,33
2020-05-16,Del Norte,015,27424,19,4,0,4,0
2020-05-16,El Dorado,017,186661,89,65,0,65,0
2020-05-16,Fresno,019,978130,2230,1177,33,1210,14
2020-05-16,Glenn,021,27897,13,9,0,9,0
2020-05-16,Humboldt,023,135768,92,69,0,69,0
2020-05-16,Imperial,025,180216,1686,712,4,716,14
2020-05-16,Inyo,027,18085,19,20,0,20,1
2020-05-16,Kern,029,883053,1939,1509,3,1512,26
2020-05-16,Kings,031,150075,491,356,1,357,2
2020-05-16,Lake,033,64148,13,7,0,7,0
2020-05-16,Lassen,035,31185,4,0,2,2,0
2020-05-16,Los Angeles,037,10098052,46297,37352,23,37375,1778
2020-05-16,Madera,039,155013,163,70,1,71,2
2020-05-16,Marin,041,260295,346,297,1,298,14
2020-05-16,Mariposa,043,17540,15,15,0,15,1
2020-05-16,Mendocino,045,87422,14,10,0,10,0
2020-05-16,Merced,047,269075,317,201,0,201,5
2020-05-16,Modoc,049,8938,0,0,0,0,0
2020-05-16,Mono,051,14174,36,32,0,32,1
2020-05-16,Monterey,053,433212,409,329,1,330,8
2020-05-16,Napa,055,140530,104,86,0,86,3
2020-05-16,Nevada,057,99092,42,41,1,42,1
2020-05-16,Orange,059,3164182,6515,4396,50,4446,87
2020-05-16,Placer,061,380077,195,174,0,174,8
2020-05-16,Plumas,063,18699,4,4,0,4,0
2020-05-16,Riverside,065,2383286,6771,5633,18,5651,243
2020-05-16,Sacramento,067,1510023,1295,1209,0,1209,55
2020-05-16,San Benito,069,59416,66,58,0,58,2
2020-05-16,San Bernardino,071,2135413,4452,3362,4,3366,155
2020-05-16,San Diego,073,3302833,6728,5664,0,5664,209
2020-05-16,San Francisco,075,870044,2332,2094,0,2094,36
2020-05-16,San Joaquin,077,732212,775,668,3,671,32
2020-05-16,San Luis Obispo,079,281455,322,240,3,243,1
2020-05-16,San Mateo,081,765935,1928,1652,2,1654,68
2020-05-16,Santa Barbara,083,443738,1565,1422,9,1431,10
2020-05-16,Santa Clara,085,1922200,3069,2420,11,2431,135
2020-05-16,Santa Cruz,087,273765,173,154,0,154,3
2020-05-16,Shasta,089,179085,49,33,0,33,4
2020-05-16,Sierra,091,2930,0,0,0,0,0
2020-05-16,Siskiyou,093,43540,7,6,0,6,0
2020-05-16,Solano,095,438530,478,392,0,392,4
2020-05-16,Sonoma,097,501317,446,356,0,356,4
2020-05-16,Stanislaus,099,539301,638,546,4,550,24
2020-05-16,Sutter,101,95872,42,35,0,35,2
2020-05-16,Tehama,103,63373,3,2,0,2,1
2020-05-16,Trinity,105,12862,2,1,0,1,0
2020-05-16,Tulare,107,460477,1980,1426,7,1433,63
2020-05-16,Tuolumne,109,53932,3,2,0,2,0
2020-05-16,Ventura,111,848112,1200,813,6,819,25
2020-05-16,Yolo,113,214977,200,181,0,181,22
2020-05-16,Yuba,115,75493,26,21,0,21,1
2020-05-15,Alameda,001,1643700,2802,2289,3,2292,83
2020-05-15,Alpine,002,1148,1,1,0,1,0
2020-05-15,Amador,005,37829,10,8,0,8,0
2020-05-15,Butte,007,227075,44,22,4,26,0
2020-05-15,Calaveras,009,45235,14,13,0,13,0
2020-05-15,Colusa,011,21464,3,3,0,3,0
2020-05-15,Contra Costa,013,1133247,1296,1106,1,1107,33
2020-05-15,Del Norte,015,27424,14,4,0,4,0
2020-05-15,El Dorado,017,186661,89,64,0,64,0
2020-05-15,Fresno,019,978130,2164,1126,33,1159,14
2020-05-15,Glenn,021,27897,13,9,0,9,0
2020-05-15,Humboldt,023,135768,91,60,0,60,0
2020-05-15,Imperial,025,180216,1602,680,0,680,14
2020-05-15,Inyo,027,18085,19,20,0,20,1
2020-05-15,Kern,029,883053,1883,1472,3,1475,25
2020-05-15,Kings,031,150075,488,347,1,348,2
2020-05-15,Lake,033,64148,13,7,0,7,0
2020-05-15,Lassen,035,31185,4,0,2,2,0
2020-05-15,Los Angeles,037,10098052,45509,36317,23,36340,1734
2020-05-15,Madera,039,155013,162,71,1,72,2
2020-05-15,Marin,041,260295,338,295,1,296,14
2020-05-15,Mariposa,043,17540,15,15,0,15,1
2020-05-15,Mendocino,045,87422,14,10,0,10,0
2020-05-15,Merced,047,269075,313,191,0,191,5
2020-05-15,Modoc,049,8938,0,0,0,0,0
2020-05-15,Mono,051,14174,36,31,0,31,1
2020-05-15,Monterey,053,433212,403,321,1,322,8
2020-05-15,Napa,055,140530,104,83,0,83,3
2020-05-15,Nevada,057,99092,42,41,1,42,1
2020-05-15,Orange,059,3164182,6343,4281,50,4331,87
2020-05-15,Placer,061,380077,193,174,0,174,8
2020-05-15,Plumas,063,18699,4,4,0,4,0
2020-05-15,Riverside,065,2383286,6657,5496,18,5514,233
2020-05-15,Sacramento,067,1510023,1285,1203,0,1203,55
2020-05-15,San Benito,069,59416,63,57,0,57,2
2020-05-15,San Bernardino,071,2135413,4374,3225,4,3229,153
2020-05-15,San Diego,073,3302833,6621,5525,0,5525,208
2020-05-15,San Francisco,075,870044,2316,2062,0,2062,36
2020-05-15,San Joaquin,077,732212,769,656,3,659,32
2020-05-15,San Luis Obispo,079,281455,320,237,3,240,1
2020-05-15,San Mateo,081,765935,1906,1612,2,1614,68
2020-05-15,Santa Barbara,083,443738,1556,1409,8,1417,10
2020-05-15,Santa Clara,085,1922200,3026,2395,10,2405,135
2020-05-15,Santa Cruz,087,273765,172,146,0,146,3
2020-05-15,Shasta,089,179085,48,33,0,33,4
2020-05-15,Sierra,091,2930,0,0,0,0,0
2020-05-15,Siskiyou,093,43540,6,5,0,5,0
2020-05-15,Solano,095,438530,474,388,0,388,4
2020-05-15,Sonoma,097,501317,438,349,0,349,4
2020-05-15,Stanislaus,099,539301,631,540,4,544,23
2020-05-15,Sutter,101,95872,41,35,0,35,2
2020-05-15,Tehama,103,63373,3,1,0,1,1
2020-05-15,Trinity,105,12862,2,1,0,1,0
2020-05-15,Tulare,107,460477,1952,1356,7,1363,61
2020-05-15,Tuolumne,109,53932,3,2,0,2,0
2020-05-15,Ventura,111,848112,1182,789,5,794,25
2020-05-15,Yolo,113,214977,199,182,0,182,22
2020-05-15,Yuba,115,75493,26,21,0,21,1
2020-05-14,Alameda,001,1643700,2710,2255,3,2258,80
2020-05-14,Alpine,002,1148,1,1,0,1,0
2020-05-14,Amador,005,37829,10,8,0,8,0
2020-05-14,Butte,007,227075,42,22,4,26,0
2020-05-14,Calaveras,009,45235,14,13,0,13,0
2020-05-14,Colusa,011,21464,3,3,0,3,0
2020-05-14,Contra Costa,013,1133247,1269,1090,1,1091,32
2020-05-14,Del Norte,015,27424,14,4,0,4,0
2020-05-14,El Dorado,017,186661,80,59,0,59,0
2020-05-14,Fresno,019,978130,2104,1038,29,1067,12
2020-05-14,Glenn,021,27897,12,8,0,8,0
2020-05-14,Humboldt,023,135768,89,59,0,59,0
2020-05-14,Imperial,025,180216,1486,652,0,652,13
2020-05-14,Inyo,027,18085,19,20,0,20,1
2020-05-14,Kern,029,883053,1841,1430,3,1433,21
2020-05-14,Kings,031,150075,472,342,1,343,1
2020-05-14,Lake,033,64148,13,7,0,7,0
2020-05-14,Lassen,035,31185,4,0,2,2,0
2020-05-14,Los Angeles,037,10098052,44337,35427,23,35450,1693
2020-05-14,Madera,039,155013,153,69,1,70,2
2020-05-14,Marin,041,260295,320,283,1,284,14
2020-05-14,Mariposa,043,17540,15,15,0,15,0
2020-05-14,Mendocino,045,87422,13,10,0,10,0
2020-05-14,Merced,047,269075,303,182,0,182,3
2020-05-14,Modoc,049,8938,0,0,0,0,0
2020-05-14,Mono,051,14174,36,31,0,31,1
2020-05-14,Monterey,053,433212,393,317,1,318,7
2020-05-14,Napa,055,140530,102,83,0,83,3
2020-05-14,Nevada,057,99092,41,41,1,42,1
2020-05-14,Orange,059,3164182,6168,4163,48,4211,83
2020-05-14,Placer,061,380077,193,172,0,172,8
2020-05-14,Plumas,063,18699,4,4,0,4,0
2020-05-14,Riverside,065,2383286,6473,5339,18,5357,224
2020-05-14,Sacramento,067,1510023,1273,1181,0,1181,55
2020-05-14,San Benito,069,59416,61,56,0,56,2
2020-05-14,San Bernardino,071,2135413,4195,3149,4,3153,149
2020-05-14,San Diego,073,3302833,6486,5393,0,5393,200
2020-05-14,San Francisco,075,870044,2283,2029,0,2029,36
2020-05-14,San Joaquin,077,732212,754,643,3,646,31
2020-05-14,San Luis Obispo,079,281455,317,236,3,239,1
2020-05-14,San Mateo,081,765935,1874,1588,2,1590,67
2020-05-14,Santa Barbara,083,443738,1544,1395,8,1403,11
2020-05-14,Santa Clara,085,1922200,3003,2380,10,2390,134
2020-05-14,Santa Cruz,087,273765,170,145,0,145,3
2020-05-14,Shasta,089,179085,48,33,0,33,4
2020-05-14,Sierra,091,2930,0,0,0,0,0
2020-05-14,Siskiyou,093,43540,6,5,0,5,0
2020-05-14,Solano,095,438530,465,372,0,372,4
2020-05-14,Sonoma,097,501317,421,333,0,333,4
2020-05-14,Stanislaus,099,539301,612,533,4,537,23
2020-05-14,Sutter,101,95872,41,34,0,34,2
2020-05-14,Tehama,103,63373,3,1,0,1,1
2020-05-14,Trinity,105,12862,2,1,0,1,0
2020-05-14,Tulare,107,460477,1913,1317,7,1324,55
2020-05-14,Tuolumne,109,53932,3,2,0,2,0
2020-05-14,Ventura,111,848112,1151,760,5,765,25
2020-05-14,Yolo,113,214977,199,180,0,180,22
2020-05-14,Yuba,115,75493,26,21,0,21,1
2020-05-13,Alameda,001,1643700,2652,2181,3,2184,78
2020-05-13,Alpine,002,1148,1,1,0,1,0
2020-05-13,Amador,005,37829,10,8,0,8,0
2020-05-13,Butte,007,227075,42,21,4,25,0
2020-05-13,Calaveras,009,45235,14,13,0,13,0
2020-05-13,Colusa,011,21464,3,3,0,3,0
2020-05-13,Contra Costa,013,1133247,1247,1082,1,1083,32
2020-05-13,Del Norte,015,27424,13,4,0,4,0
2020-05-13,El Dorado,017,186661,79,58,0,58,0
2020-05-13,Fresno,019,978130,2004,993,29,1022,10
2020-05-13,Glenn,021,27897,11,6,0,6,0
2020-05-13,Humboldt,023,135768,83,58,0,58,0
2020-05-13,Imperial,025,180216,1415,610,0,610,11
2020-05-13,Inyo,027,18085,19,20,0,20,1
2020-05-13,Kern,029,883053,1795,1390,3,1393,19
2020-05-13,Kings,031,150075,458,314,1,315,1
2020-05-13,Lake,033,64148,13,7,0,7,0
2020-05-13,Lassen,035,31185,4,0,2,2,0
2020-05-13,Los Angeles,037,10098052,43025,34574,23,34597,1643
2020-05-13,Madera,039,155013,144,69,1,70,2
2020-05-13,Marin,041,260295,307,278,1,279,14
2020-05-13,Mariposa,043,17540,15,15,0,15,0
2020-05-13,Mendocino,045,87422,13,10,0,10,0
2020-05-13,Merced,047,269075,299,176,0,176,3
2020-05-13,Modoc,049,8938,0,0,0,0,0
2020-05-13,Mono,051,14174,35,31,0,31,1
2020-05-13,Monterey,053,433212,383,309,1,310,6
2020-05-13,Napa,055,140530,102,81,0,81,3
2020-05-13,Nevada,057,99092,41,41,1,42,1
2020-05-13,Orange,059,3164182,5922,4025,46,4071,79
2020-05-13,Placer,061,380077,192,170,0,170,8
2020-05-13,Plumas,063,18699,4,4,0,4,0
2020-05-13,Riverside,065,2383286,6350,5204,18,5222,216
2020-05-13,Sacramento,067,1510023,1258,1173,0,1173,53
2020-05-13,San Benito,069,59416,61,55,0,55,2
2020-05-13,San Bernardino,071,2135413,3939,3064,3,3067,140
2020-05-13,San Diego,073,3302833,6350,5280,0,5280,194
2020-05-13,San Francisco,075,870044,2255,2004,0,2004,35
2020-05-13,San Joaquin,077,732212,733,639,3,642,31
2020-05-13,San Luis Obispo,079,281455,315,231,3,234,1
2020-05-13,San Mateo,081,765935,1842,1550,2,1552,66
2020-05-13,Santa Barbara,083,443738,1533,1382,8,1390,10
2020-05-13,Santa Clara,085,1922200,2983,2370,10,2380,132
2020-05-13,Santa Cruz,087,273765,166,142,0,142,2
2020-05-13,Shasta,089,179085,48,32,0,32,4
2020-05-13,Sierra,091,2930,0,0,0,0,0
2020-05-13,Siskiyou,093,43540,6,5,0,5,0
2020-05-13,Solano,095,438530,452,368,0,368,4
2020-05-13,Sonoma,097,501317,411,330,0,330,4
2020-05-13,Stanislaus,099,539301,603,521,4,525,15
2020-05-13,Sutter,101,95872,41,33,0,33,2
2020-05-13,Tehama,103,63373,3,1,0,1,1
2020-05-13,Trinity,105,12862,2,2,0,2,0
2020-05-13,Tulare,107,460477,1880,1283,7,1290,54
2020-05-13,Tuolumne,109,53932,3,2,0,2,0
2020-05-13,Ventura,111,848112,1120,742,5,747,25
2020-05-13,Yolo,113,214977,197,178,0,178,22
2020-05-13,Yuba,115,75493,24,19,0,19,1
2020-05-12,Alameda,001,1643700,2588,2146,3,2149,74
2020-05-12,Alpine,002,1148,1,1,0,1,0
2020-05-12,Amador,005,37829,10,8,0,8,0
2020-05-12,Butte,007,227075,40,20,4,24,0
2020-05-12,Calaveras,009,45235,13,13,0,13,0
2020-05-12,Colusa,011,21464,3,3,0,3,0
2020-05-12,Contra Costa,013,1133247,1216,1067,1,1068,32
2020-05-12,Del Norte,015,27424,10,3,0,3,0
2020-05-12,El Dorado,017,186661,76,56,0,56,0
2020-05-12,Fresno,019,978130,1921,978,27,1005,9
2020-05-12,Glenn,021,27897,10,6,0,6,0
2020-05-12,Humboldt,023,135768,80,58,0,58,0
2020-05-12,Imperial,025,180216,1286,602,0,602,9
2020-05-12,Inyo,027,18085,19,20,0,20,1
2020-05-12,Kern,029,883053,1754,1363,3,1366,18
2020-05-12,Kings,031,150075,437,302,1,303,1
2020-05-12,Lake,033,64148,13,7,0,7,0
2020-05-12,Lassen,035,31185,4,0,2,2,0
2020-05-12,Los Angeles,037,10098052,42032,33281,22,33303,1601
2020-05-12,Madera,039,155013,138,69,1,70,2
2020-05-12,Marin,041,260295,302,274,1,275,14
2020-05-12,Mariposa,043,17540,15,15,0,15,0
2020-05-12,Mendocino,045,87422,13,10,0,10,0
2020-05-12,Merced,047,269075,286,175,0,175,3
2020-05-12,Modoc,049,8938,0,0,0,0,0
2020-05-12,Mono,051,14174,35,31,0,31,1
2020-05-12,Monterey,053,433212,376,298,1,299,6
2020-05-12,Napa,055,140530,100,80,0,80,3
2020-05-12,Nevada,057,99092,41,41,1,42,1
2020-05-12,Orange,059,3164182,5739,3843,44,3887,78
2020-05-12,Placer,061,380077,191,170,0,170,8
2020-05-12,Plumas,063,18699,4,4,0,4,0
2020-05-12,Riverside,065,2383286,6227,5134,18,5152,210
2020-05-12,Sacramento,067,1510023,1238,1166,0,1166,52
2020-05-12,San Benito,069,59416,61,55,0,55,2
2020-05-12,San Bernardino,071,2135413,3787,2997,3,3000,131
2020-05-12,San Diego,073,3302833,6206,3,0,3,0
2020-05-12,San Francisco,075,870044,2220,1981,0,1981,35
2020-05-12,San Joaquin,077,732212,718,625,3,628,30
2020-05-12,San Luis Obispo,079,281455,312,226,3,229,1
2020-05-12,San Mateo,081,765935,1816,1533,2,1535,66
2020-05-12,Santa Barbara,083,443738,1502,1377,8,1385,10
2020-05-12,Santa Clara,085,1922200,2952,2362,10,2372,131
2020-05-12,Santa Cruz,087,273765,164,141,0,141,2
2020-05-12,Shasta,089,179085,47,33,0,33,4
2020-05-12,Sierra,091,2930,0,0,0,0,0
2020-05-12,Siskiyou,093,43540,6,5,0,5,0
2020-05-12,Solano,095,438530,444,361,0,361,4
2020-05-12,Sonoma,097,501317,388,308,0,308,4
2020-05-12,Stanislaus,099,539301,596,515,4,519,15
2020-05-12,Sutter,101,95872,41,33,0,33,2
2020-05-12,Tehama,103,63373,3,1,0,1,1
2020-05-12,Trinity,105,12862,2,1,0,1,0
2020-05-12,Tulare,107,460477,1848,1261,7,1268,52
2020-05-12,Tuolumne,109,53932,3,2,0,2,0
2020-05-12,Ventura,111,848112,1064,718,5,723,20
2020-05-12,Yolo,113,214977,196,176,0,176,22
2020-05-12,Yuba,115,75493,24,19,0,19,1
2020-05-11,Alameda,001,1643700,2538,2103,3,2106,71
2020-05-11,Alpine,002,1148,1,1,0,1,0
2020-05-11,Amador,005,37829,10,8,0,8,0
2020-05-11,Butte,007,227075,39,19,4,23,0
2020-05-11,Calaveras,009,45235,13,13,0,13,0
2020-05-11,Colusa,011,21464,3,3,0,3,0
2020-05-11,Contra Costa,013,1133247,1202,1052,1,1053,32
2020-05-11,Del Norte,015,27424,8,3,0,3,0
2020-05-11,El Dorado,017,186661,76,55,0,55,0
2020-05-11,Fresno,019,978130,1830,937,26,963,8
2020-05-11,Glenn,021,27897,10,6,0,6,0
2020-05-11,Humboldt,023,135768,77,56,0,56,0
2020-05-11,Imperial,025,180216,1180,562,0,562,9
2020-05-11,Inyo,027,18085,19,20,0,20,1
2020-05-11,Kern,029,883053,1702,1331,3,1334,17
2020-05-11,Kings,031,150075,414,289,0,289,1
2020-05-11,Lake,033,64148,12,7,0,7,0
2020-05-11,Lassen,035,31185,4,0,2,2,0
2020-05-11,Los Angeles,037,10098052,40849,32279,22,32301,1553
2020-05-11,Madera,039,155013,129,68,1,69,2
2020-05-11,Marin,041,260295,293,271,1,272,14
2020-05-11,Mariposa,043,17540,15,15,0,15,0
2020-05-11,Mendocino,045,87422,13,10,0,10,0
2020-05-11,Merced,047,269075,269,158,0,158,3
2020-05-11,Modoc,049,8938,0,0,0,0,0
2020-05-11,Mono,051,14174,35,30,0,30,1
2020-05-11,Monterey,053,433212,373,286,1,287,6
2020-05-11,Napa,055,140530,94,79,0,79,2
2020-05-11,Nevada,057,99092,41,41,1,42,1
2020-05-11,Orange,059,3164182,5524,3699,38,3737,77
2020-05-11,Placer,061,380077,191,170,0,170,8
2020-05-11,Plumas,063,18699,4,4,0,4,0
2020-05-11,Riverside,065,2383286,6069,5082,17,5099,203
2020-05-11,Sacramento,067,1510023,1223,1160,0,1160,52
2020-05-11,San Benito,069,59416,59,52,0,52,2
2020-05-11,San Bernardino,071,2135413,3676,2945,3,2948,124
2020-05-11,San Diego,073,3302833,6053,5067,0,5067,175
2020-05-11,San Francisco,075,870044,2174,1974,0,1974,35
2020-05-11,San Joaquin,077,732212,708,620,3,623,30
2020-05-11,San Luis Obispo,079,281455,310,224,3,227,1
2020-05-11,San Mateo,081,765935,1790,1499,2,1501,66
2020-05-11,Santa Barbara,083,443738,1491,1372,7,1379,10
2020-05-11,Santa Clara,085,1922200,2935,2340,10,2350,129
2020-05-11,Santa Cruz,087,273765,161,140,0,140,2
2020-05-11,Shasta,089,179085,47,31,0,31,4
2020-05-11,Sierra,091,2930,0,0,0,0,0
2020-05-11,Siskiyou,093,43540,6,5,0,5,0
2020-05-11,Solano,095,438530,439,354,0,354,4
2020-05-11,Sonoma,097,501317,378,303,0,303,3
2020-05-11,Stanislaus,099,539301,586,507,4,511,14
2020-05-11,Sutter,101,95872,40,32,0,32,2
2020-05-11,Tehama,103,63373,3,1,0,1,1
2020-05-11,Trinity,105,12862,2,1,0,1,0
2020-05-11,Tulare,107,460477,1799,1203,7,1210,49
2020-05-11,Tuolumne,109,53932,3,2,0,2,0
2020-05-11,Ventura,111,848112,1003,698,4,702,19
2020-05-11,Yolo,113,214977,196,174,0,174,20
2020-05-11,Yuba,115,75493,24,18,0,18,1
2020-05-10,Alameda,001,1643700,2461,2047,3,2050,71
2020-05-10,Alpine,002,1148,1,1,0,1,0
2020-05-10,Amador,005,37829,10,8,0,8,0
2020-05-10,Butte,007,227075,34,18,4,22,0
2020-05-10,Calaveras,009,45235,13,13,0,13,0
2020-05-10,Colusa,011,21464,3,3,0,3,0
2020-05-10,Contra Costa,013,1133247,1188,1046,0,1046,31
2020-05-10,Del Norte,015,27424,7,3,0,3,0
2020-05-10,El Dorado,017,186661,76,55,0,55,0
2020-05-10,Fresno,019,978130,1745,894,26,920,8
2020-05-10,Glenn,021,27897,10,6,0,6,0
2020-05-10,Humboldt,023,135768,73,56,0,56,0
2020-05-10,Imperial,025,180216,1086,509,0,509,7
2020-05-10,Inyo,027,18085,19,20,0,20,1
2020-05-10,Kern,029,883053,1651,1300,2,1302,16
2020-05-10,Kings,031,150075,401,266,0,266,1
2020-05-10,Lake,033,64148,12,7,0,7,0
2020-05-10,Lassen,035,31185,4,0,2,2,0
2020-05-10,Los Angeles,037,10098052,39590,31711,22,31733,1514
2020-05-10,Madera,039,155013,127,65,1,66,2
2020-05-10,Marin,041,260295,285,267,1,268,14
2020-05-10,Mariposa,043,17540,15,15,0,15,0
2020-05-10,Mendocino,045,87422,12,10,0,10,0
2020-05-10,Merced,047,269075,253,154,0,154,3
2020-05-10,Modoc,049,8938,0,0,0,0,0
2020-05-10,Mono,051,14174,35,27,0,27,1
2020-05-10,Monterey,053,433212,359,282,1,283,6
2020-05-10,Napa,055,140530,88,79,0,79,2
2020-05-10,Nevada,057,99092,41,41,1,42,1
2020-05-10,Orange,059,3164182,5381,3627,38,3665,76
2020-05-10,Placer,061,380077,190,168,0,168,8
2020-05-10,Plumas,063,18699,4,4,0,4,0
2020-05-10,Riverside,065,2383286,5947,4951,17,4968,193
2020-05-10,Sacramento,067,1510023,1207,1152,0,1152,52
2020-05-10,San Benito,069,59416,59,52,0,52,2
2020-05-10,San Bernardino,071,2135413,3578,2910,3,2913,121
2020-05-10,San Diego,073,3302833,5901,4928,0,4928,175
2020-05-10,San Francisco,075,870044,2156,1953,0,1953,35
2020-05-10,San Joaquin,077,732212,693,611,3,614,29
2020-05-10,San Luis Obispo,079,281455,307,218,3,221,1
2020-05-10,San Mateo,081,765935,1768,1463,2,1465,65
2020-05-10,Santa Barbara,083,443738,1480,1323,7,1330,10
2020-05-10,Santa Clara,085,1922200,2908,2331,10,2341,129
2020-05-10,Santa Cruz,087,273765,160,139,0,139,2
2020-05-10,Shasta,089,179085,47,31,0,31,4
2020-05-10,Sierra,091,2930,0,0,0,0,0
2020-05-10,Siskiyou,093,43540,5,5,0,5,0
2020-05-10,Solano,095,438530,429,322,0,322,4
2020-05-10,Sonoma,097,501317,368,290,0,290,3
2020-05-10,Stanislaus,099,539301,579,498,4,502,14
2020-05-10,Sutter,101,95872,37,31,0,31,2
2020-05-10,Tehama,103,63373,3,1,0,1,1
2020-05-10,Trinity,105,12862,2,1,0,1,0
2020-05-10,Tulare,107,460477,1728,1143,7,1150,47
2020-05-10,Tuolumne,109,53932,3,2,0,2,0
2020-05-10,Ventura,111,848112,945,690,2,692,19
2020-05-10,Yolo,113,214977,196,173,0,173,20
2020-05-10,Yuba,115,75493,23,17,0,17,1
2020-05-09,Alameda,001,1643700,2418,2011,3,2014,71
2020-05-09,Alpine,002,1148,1,1,0,1,0
2020-05-09,Amador,005,37829,9,8,0,8,0
2020-05-09,Butte,007,227075,33,18,4,22,0
2020-05-09,Calaveras,009,45235,13,13,0,13,0
2020-05-09,Colusa,011,21464,3,3,0,3,0
2020-05-09,Contra Costa,013,1133247,1174,1039,0,1039,31
2020-05-09,Del Norte,015,27424,7,3,0,3,0
2020-05-09,El Dorado,017,186661,73,54,0,54,0
2020-05-09,Fresno,019,978130,1707,861,25,886,8
2020-05-09,Glenn,021,27897,9,6,0,6,0
2020-05-09,Humboldt,023,135768,71,55,0,55,0
2020-05-09,Imperial,025,180216,1029,474,0,474,7
2020-05-09,Inyo,027,18085,19,20,0,20,1
2020-05-09,Kern,029,883053,1615,1262,1,1263,15
2020-05-09,Kings,031,150075,396,264,0,264,1
2020-05-09,Lake,033,64148,12,7,0,7,0
2020-05-09,Lassen,035,31185,4,0,2,2,0
2020-05-09,Los Angeles,037,10098052,38968,31268,22,31290,1499
2020-05-09,Madera,039,155013,126,61,1,62,2
2020-05-09,Marin,041,260295,284,261,1,262,14
2020-05-09,Mariposa,043,17540,15,15,0,15,0
2020-05-09,Mendocino,045,87422,12,10,0,10,0
2020-05-09,Merced,047,269075,249,153,0,153,3
2020-05-09,Modoc,049,8938,0,0,0,0,0
2020-05-09,Mono,051,14174,35,27,0,27,1
2020-05-09,Monterey,053,433212,352,273,0,273,6
2020-05-09,Napa,055,140530,87,78,0,78,2
2020-05-09,Nevada,057,99092,41,41,1,42,1
2020-05-09,Orange,059,3164182,5298,3506,38,3544,75
2020-05-09,Placer,061,380077,189,168,0,168,8
2020-05-09,Plumas,063,18699,4,4,0,4,0
2020-05-09,Riverside,065,2383286,5852,4871,17,4888,183
2020-05-09,Sacramento,067,1510023,1203,1150,0,1150,52
2020-05-09,San Benito,069,59416,58,52,0,52,2
2020-05-09,San Bernardino,071,2135413,3522,2825,3,2828,121
2020-05-09,San Diego,073,3302833,5789,4778,0,4778,175
2020-05-09,San Francisco,075,870044,2141,1944,0,1944,34
2020-05-09,San Joaquin,077,732212,684,605,3,608,28
2020-05-09,San Luis Obispo,079,281455,303,213,3,216,1
2020-05-09,San Mateo,081,765935,1749,1453,2,1455,65
2020-05-09,Santa Barbara,083,443738,1472,1245,7,1252,10
2020-05-09,Santa Clara,085,1922200,2894,2317,10,2327,128
2020-05-09,Santa Cruz,087,273765,159,138,0,138,2
2020-05-09,Shasta,089,179085,47,31,0,31,4
2020-05-09,Sierra,091,2930,0,0,0,0,0
2020-05-09,Siskiyou,093,43540,5,5,0,5,0
2020-05-09,Solano,095,438530,423,321,0,321,4
2020-05-09,Sonoma,097,501317,364,288,0,288,3
2020-05-09,Stanislaus,099,539301,571,491,4,495,12
2020-05-09,Sutter,101,95872,37,31,0,31,2
2020-05-09,Tehama,103,63373,2,1,0,1,1
2020-05-09,Trinity,105,12862,2,1,0,1,0
2020-05-09,Tulare,107,460477,1700,1083,7,1090,47
2020-05-09,Tuolumne,109,53932,3,2,0,2,0
2020-05-09,Ventura,111,848112,924,679,2,681,19
2020-05-09,Yolo,113,214977,196,172,0,172,18
2020-05-09,Yuba,115,75493,23,17,0,17,1
2020-05-08,Alameda,001,1643700,2375,1955,3,1958,70
2020-05-08,Alpine,002,1148,1,1,0,1,0
2020-05-08,Amador,005,37829,9,8,0,8,0
2020-05-08,Butte,007,227075,33,18,4,22,0
2020-05-08,Calaveras,009,45235,13,13,0,13,0
2020-05-08,Colusa,011,21464,3,3,0,3,0
2020-05-08,Contra Costa,013,1133247,1162,1024,0,1024,29
2020-05-08,Del Norte,015,27424,7,3,0,3,0
2020-05-08,El Dorado,017,186661,72,54,0,54,0
2020-05-08,Fresno,019,978130,1666,838,23,861,8
2020-05-08,Glenn,021,27897,8,6,0,6,0
2020-05-08,Humboldt,023,135768,68,54,0,54,0
2020-05-08,Imperial,025,180216,983,467,0,467,7
2020-05-08,Inyo,027,18085,19,20,0,20,1
2020-05-08,Kern,029,883053,1584,1214,1,1215,13
2020-05-08,Kings,031,150075,387,236,0,236,1
2020-05-08,Lake,033,64148,12,7,0,7,0
2020-05-08,Lassen,035,31185,4,0,2,2,0
2020-05-08,Los Angeles,037,10098052,38234,30357,22,30379,1447
2020-05-08,Madera,039,155013,123,57,1,58,2
2020-05-08,Marin,041,260295,284,257,1,258,14
2020-05-08,Mariposa,043,17540,15,15,0,15,0
2020-05-08,Mendocino,045,87422,12,10,0,10,0
2020-05-08,Merced,047,269075,248,151,0,151,3
2020-05-08,Modoc,049,8938,0,0,0,0,0
2020-05-08,Mono,051,14174,32,27,0,27,1
2020-05-08,Monterey,053,433212,344,265,0,265,6
2020-05-08,Napa,055,140530,86,78,0,78,2
2020-05-08,Nevada,057,99092,41,41,1,42,1
2020-05-08,Orange,059,3164182,5151,3395,38,3433,72
2020-05-08,Placer,061,380077,187,166,0,166,8
2020-05-08,Plumas,063,18699,4,4,0,4,0
2020-05-08,Riverside,065,2383286,5752,4672,16,4688,181
2020-05-08,Sacramento,067,1510023,1198,1145,0,1145,51
2020-05-08,San Benito,069,59416,58,51,0,51,2
2020-05-08,San Bernardino,071,2135413,3474,2631,3,2634,119
2020-05-08,San Diego,073,3302833,5682,4664,0,4664,169
2020-05-08,San Francisco,075,870044,2123,1890,0,1890,33
2020-05-08,San Joaquin,077,732212,677,595,3,598,28
2020-05-08,San Luis Obispo,079,281455,300,210,3,213,1
2020-05-08,San Mateo,081,765935,1664,1423,2,1425,62
2020-05-08,Santa Barbara,083,443738,1463,1054,5,1059,8
2020-05-08,Santa Clara,085,1922200,2871,2285,10,2295,128
2020-05-08,Santa Cruz,087,273765,155,137,0,137,2
2020-05-08,Shasta,089,179085,47,31,0,31,4
2020-05-08,Sierra,091,2930,0,0,0,0,0
2020-05-08,Siskiyou,093,43540,5,5,0,5,0
2020-05-08,Solano,095,438530,418,314,0,314,4
2020-05-08,Sonoma,097,501317,359,285,0,285,3
2020-05-08,Stanislaus,099,539301,557,487,4,491,12
2020-05-08,Sutter,101,95872,37,30,0,30,2
2020-05-08,Tehama,103,63373,2,1,0,1,1
2020-05-08,Trinity,105,12862,2,0,0,0,0
2020-05-08,Tulare,107,460477,1655,1050,6,1056,43
2020-05-08,Tuolumne,109,53932,3,2,0,2,0
2020-05-08,Ventura,111,848112,906,665,2,667,19
2020-05-08,Yolo,113,214977,195,172,0,172,18
2020-05-08,Yuba,115,75493,22,16,0,16,1
2020-05-07,Alameda,001,1643700,2315,1914,3,1917,68
2020-05-07,Alpine,002,1148,1,1,0,1,0
2020-05-07,Amador,005,37829,9,8,0,8,0
2020-05-07,Butte,007,227075,33,19,3,22,0
2020-05-07,Calaveras,009,45235,13,13,0,13,0
2020-05-07,Colusa,011,21464,3,3,0,3,0
2020-05-07,Contra Costa,013,1133247,1148,1005,0,1005,29
2020-05-07,Del Norte,015,27424,6,3,0,3,0
2020-05-07,El Dorado,017,186661,71,54,0,54,0
2020-05-07,Fresno,019,978130,1581,812,22,834,8
2020-05-07,Glenn,021,27897,8,5,0,5,0
2020-05-07,Humboldt,023,135768,67,54,0,54,0
2020-05-07,Imperial,025,180216,919,442,0,442,6
2020-05-07,Inyo,027,18085,19,20,0,20,1
2020-05-07,Kern,029,883053,1540,1176,1,1177,13
2020-05-07,Kings,031,150075,364,219,0,219,1
2020-05-07,Lake,033,64148,11,7,0,7,0
2020-05-07,Lassen,035,31185,4,0,2,2,0
2020-05-07,Los Angeles,037,10098052,37112,29544,21,29565,1399
2020-05-07,Madera,039,155013,119,54,1,55,2
2020-05-07,Marin,041,260295,277,252,1,253,14
2020-05-07,Mariposa,043,17540,15,15,0,15,0
2020-05-07,Mendocino,045,87422,12,10,0,10,0
2020-05-07,Merced,047,269075,236,146,0,146,3
2020-05-07,Modoc,049,8938,0,0,0,0,0
2020-05-07,Mono,051,14174,32,26,0,26,1
2020-05-07,Monterey,053,433212,336,249,0,249,6
2020-05-07,Napa,055,140530,86,78,0,78,2
2020-05-07,Nevada,057,99092,41,41,1,42,1
2020-05-07,Orange,059,3164182,4966,3283,37,3320,69
2020-05-07,Placer,061,380077,187,165,0,165,8
2020-05-07,Plumas,063,18699,4,4,0,4,0
2020-05-07,Riverside,065,2383286,5636,4608,16,4624,170
2020-05-07,Sacramento,067,1510023,1192,1139,0,1139,50
2020-05-07,San Benito,069,59416,58,50,0,50,2
2020-05-07,San Bernardino,071,2135413,3382,2522,3,2525,115
2020-05-07,San Diego,073,3302833,5525,4431,0,4431,165
2020-05-07,San Francisco,075,870044,2092,1852,0,1852,33
2020-05-07,San Joaquin,077,732212,664,583,3,586,28
2020-05-07,San Luis Obispo,079,281455,289,209,3,212,1
2020-05-07,San Mateo,081,765935,1642,1398,2,1400,58
2020-05-07,Santa Barbara,083,443738,1436,720,4,724,8
2020-05-07,Santa Clara,085,1922200,2833,2281,10,2291,127
2020-05-07,Santa Cruz,087,273765,152,136,0,136,2
2020-05-07,Shasta,089,179085,46,31,0,31,4
2020-05-07,Sierra,091,2930,0,0,0,0,0
2020-05-07,Siskiyou,093,43540,5,5,0,5,0
2020-05-07,Solano,095,438530,412,307,0,307,4
2020-05-07,Sonoma,097,501317,347,282,0,282,3
2020-05-07,Stanislaus,099,539301,548,466,4,470,10
2020-05-07,Sutter,101,95872,37,29,0,29,2
2020-05-07,Tehama,103,63373,2,1,0,1,1
2020-05-07,Trinity,105,12862,2,0,0,0,0
2020-05-07,Tulare,107,460477,1587,1001,6,1007,41
2020-05-07,Tuolumne,109,53932,3,2,0,2,0
2020-05-07,Ventura,111,848112,882,647,1,648,19
2020-05-07,Yolo,113,214977,194,172,0,172,18
2020-05-07,Yuba,115,75493,22,16,0,16,1
2020-05-06,Alameda,001,1643700,2277,1864,3,1867,67
2020-05-06,Alpine,002,1148,1,1,0,1,0
2020-05-06,Amador,005,37829,9,8,0,8,0
2020-05-06,Butte,007,227075,32,19,3,22,0
2020-05-06,Calaveras,009,45235,13,13,0,13,0
2020-05-06,Colusa,011,21464,3,3,0,3,0
2020-05-06,Contra Costa,013,1133247,1127,990,0,990,29
2020-05-06,Del Norte,015,27424,6,3,0,3,0
2020-05-06,El Dorado,017,186661,69,53,0,53,0
2020-05-06,Fresno,019,978130,1518,773,20,793,8
2020-05-06,Glenn,021,27897,8,3,0,3,0
2020-05-06,Humboldt,023,135768,66,54,0,54,0
2020-05-06,Imperial,025,180216,851,399,0,399,6
2020-05-06,Inyo,027,18085,19,20,0,20,1
2020-05-06,Kern,029,883053,1484,1112,1,1113,12
2020-05-06,Kings,031,150075,346,208,0,208,1
2020-05-06,Lake,033,64148,11,7,0,7,0
2020-05-06,Lassen,035,31185,4,0,2,2,0
2020-05-06,Los Angeles,037,10098052,36110,28687,21,28708,1347
2020-05-06,Madera,039,155013,117,55,1,56,2
2020-05-06,Marin,041,260295,270,244,1,245,14
2020-05-06,Mariposa,043,17540,15,14,0,14,0
2020-05-06,Mendocino,045,87422,12,10,0,10,0
2020-05-06,Merced,047,269075,229,140,0,140,3
2020-05-06,Modoc,049,8938,0,0,0,0,0
2020-05-06,Mono,051,14174,32,26,0,26,1
2020-05-06,Monterey,053,433212,328,246,0,246,6
2020-05-06,Napa,055,140530,85,78,0,78,2
2020-05-06,Nevada,057,99092,41,41,1,42,1
2020-05-06,Orange,059,3164182,4782,3156,36,3192,66
2020-05-06,Placer,061,380077,184,164,0,164,8
2020-05-06,Plumas,063,18699,4,4,0,4,0
2020-05-06,Riverside,065,2383286,5492,4535,16,4551,163
2020-05-06,Sacramento,067,1510023,1186,1135,0,1135,49
2020-05-06,San Benito,069,59416,57,50,0,50,2
2020-05-06,San Bernardino,071,2135413,3260,2426,2,2428,110
2020-05-06,San Diego,073,3302833,5392,4321,0,4321,158
2020-05-06,San Francisco,075,870044,2067,1804,0,1804,32
2020-05-06,San Joaquin,077,732212,651,581,3,584,28
2020-05-06,San Luis Obispo,079,281455,285,207,3,210,1
2020-05-06,San Mateo,081,765935,1611,1348,2,1350,57
2020-05-06,Santa Barbara,083,443738,1395,565,3,568,8
2020-05-06,Santa Clara,085,1922200,2816,2270,9,2279,127
2020-05-06,Santa Cruz,087,273765,149,135,0,135,2
2020-05-06,Shasta,089,179085,45,31,0,31,4
2020-05-06,Sierra,091,2930,0,0,0,0,0
2020-05-06,Siskiyou,093,43540,5,5,0,5,0
2020-05-06,Solano,095,438530,402,300,0,300,4
2020-05-06,Sonoma,097,501317,331,269,0,269,3
2020-05-06,Stanislaus,099,539301,532,434,4,438,9
2020-05-06,Sutter,101,95872,37,29,0,29,2
2020-05-06,Tehama,103,63373,2,1,0,1,1
2020-05-06,Trinity,105,12862,2,0,0,0,0
2020-05-06,Tulare,107,460477,1539,963,6,969,40
2020-05-06,Tuolumne,109,53932,3,2,0,2,0
2020-05-06,Ventura,111,848112,855,619,1,620,19
2020-05-06,Yolo,113,214977,193,172,0,172,18
2020-05-06,Yuba,115,75493,22,15,0,15,1
2020-05-05,Alameda,001,1643700,2234,1819,3,1822,67
2020-05-05,Alpine,002,1148,1,1,0,1,0
2020-05-05,Amador,005,37829,9,8,0,8,0
2020-05-05,Butte,007,227075,31,19,3,22,0
2020-05-05,Calaveras,009,45235,13,13,0,13,0
2020-05-05,Colusa,011,21464,3,3,0,3,0
2020-05-05,Contra Costa,013,1133247,1109,976,0,976,29
2020-05-05,Del Norte,015,27424,6,3,0,3,0
2020-05-05,El Dorado,017,186661,67,54,0,54,0
2020-05-05,Fresno,019,978130,1445,726,18,744,8
2020-05-05,Glenn,021,27897,8,3,0,3,0
2020-05-05,Humboldt,023,135768,63,54,0,54,0
2020-05-05,Imperial,025,180216,795,389,0,389,6
2020-05-05,Inyo,027,18085,19,20,0,20,1
2020-05-05,Kern,029,883053,1432,1084,1,1085,11
2020-05-05,Kings,031,150075,328,187,0,187,1
2020-05-05,Lake,033,64148,10,7,0,7,0
2020-05-05,Lassen,035,31185,4,0,2,2,0
2020-05-05,Los Angeles,037,10098052,35043,27867,21,27888,1289
2020-05-05,Madera,039,155013,113,53,1,54,2
2020-05-05,Marin,041,260295,264,244,1,245,14
2020-05-05,Mariposa,043,17540,15,14,0,14,0
2020-05-05,Mendocino,045,87422,12,10,0,10,0
2020-05-05,Merced,047,269075,224,141,0,141,3
2020-05-05,Modoc,049,8938,0,0,0,0,0
2020-05-05,Mono,051,14174,32,25,0,25,1
2020-05-05,Monterey,053,433212,314,240,0,240,6
2020-05-05,Napa,055,140530,85,74,0,74,2
2020-05-05,Nevada,057,99092,41,41,1,42,1
2020-05-05,Orange,059,3164182,4658,3041,36,3077,63
2020-05-05,Placer,061,380077,184,162,0,162,8
2020-05-05,Plumas,063,18699,4,4,0,4,0
2020-05-05,Riverside,065,2383286,5382,4309,16,4325,161
2020-05-05,Sacramento,067,1510023,1179,1125,0,1125,48
2020-05-05,San Benito,069,59416,56,50,0,50,2
2020-05-05,San Bernardino,071,2135413,3167,2345,2,2347,104
2020-05-05,San Diego,073,3302833,5249,4162,0,4162,150
2020-05-05,San Francisco,075,870044,2032,1779,0,1779,31
2020-05-05,San Joaquin,077,732212,642,577,3,580,26
2020-05-05,San Luis Obispo,079,281455,283,203,3,206,1
2020-05-05,San Mateo,081,765935,1579,1335,2,1337,56
2020-05-05,Santa Barbara,083,443738,1174,541,3,544,7
2020-05-05,Santa Clara,085,1922200,2770,2249,8,2257,124
2020-05-05,Santa Cruz,087,273765,146,134,0,134,2
2020-05-05,Shasta,089,179085,44,31,0,31,4
2020-05-05,Sierra,091,2930,0,0,0,0,0
2020-05-05,Siskiyou,093,43540,5,5,0,5,0
2020-05-05,Solano,095,438530,386,299,0,299,4
2020-05-05,Sonoma,097,501317,328,263,0,263,3
2020-05-05,Stanislaus,099,539301,520,430,4,434,9
2020-05-05,Sutter,101,95872,36,29,0,29,2
2020-05-05,Tehama,103,63373,2,1,0,1,1
2020-05-05,Trinity,105,12862,2,0,0,0,0
2020-05-05,Tulare,107,460477,1441,869,6,875,40
2020-05-05,Tuolumne,109,53932,3,2,0,2,0
2020-05-05,Ventura,111,848112,831,607,1,608,19
2020-05-05,Yolo,113,214977,191,171,0,171,18
2020-05-05,Yuba,115,75493,22,15,0,15,1
2020-05-04,Alameda,001,1643700,2176,1762,2,1764,65
2020-05-04,Alpine,002,1148,1,1,0,1,0
2020-05-04,Amador,005,37829,8,8,0,8,0
2020-05-04,Butte,007,227075,30,16,2,18,0
2020-05-04,Calaveras,009,45235,13,13,0,13,0
2020-05-04,Colusa,011,21464,3,3,0,3,0
2020-05-04,Contra Costa,013,1133247,1091,949,0,949,28
2020-05-04,Del Norte,015,27424,5,3,0,3,0
2020-05-04,El Dorado,017,186661,66,51,0,51,0
2020-05-04,Fresno,019,978130,1375,680,17,697,8
2020-05-04,Glenn,021,27897,8,4,0,4,0
2020-05-04,Humboldt,023,135768,61,54,0,54,0
2020-05-04,Imperial,025,180216,744,351,0,351,6
2020-05-04,Inyo,027,18085,19,20,0,20,1
2020-05-04,Kern,029,883053,1390,1047,1,1048,8
2020-05-04,Kings,031,150075,311,153,0,153,1
2020-05-04,Lake,033,64148,9,7,0,7,0
2020-05-04,Lassen,035,31185,3,0,2,2,0
2020-05-04,Los Angeles,037,10098052,33760,26243,19,26262,1235
2020-05-04,Madera,039,155013,110,52,1,53,2
2020-05-04,Marin,041,260295,259,244,1,245,13
2020-05-04,Mariposa,043,17540,15,13,0,13,0
2020-05-04,Mendocino,045,87422,12,10,0,10,0
2020-05-04,Merced,047,269075,224,138,0,138,3
2020-05-04,Modoc,049,8938,0,0,0,0,0
2020-05-04,Mono,051,14174,32,25,0,25,1
2020-05-04,Monterey,053,433212,303,237,0,237,6
2020-05-04,Napa,055,140530,85,72,0,72,2
2020-05-04,Nevada,057,99092,41,41,1,42,1
2020-05-04,Orange,059,3164182,4520,2931,33,2964,57
2020-05-04,Placer,061,380077,182,162,0,162,8
2020-05-04,Plumas,063,18699,4,4,0,4,0
2020-05-04,Riverside,065,2383286,5288,4221,16,4237,147
2020-05-04,Sacramento,067,1510023,1169,1119,0,1119,44
2020-05-04,San Benito,069,59416,54,49,0,49,2
2020-05-04,San Bernardino,071,2135413,3027,2184,2,2186,99
2020-05-04,San Diego,073,3302833,5108,4022,0,4022,144
2020-05-04,San Francisco,075,870044,1994,1760,0,1760,31
2020-05-04,San Joaquin,077,732212,628,574,3,577,26
2020-05-04,San Luis Obispo,079,281455,280,202,3,205,1
2020-05-04,San Mateo,081,765935,1554,1313,2,1315,53
2020-05-04,Santa Barbara,083,443738,927,524,3,527,7
2020-05-04,Santa Clara,085,1922200,2755,2238,8,2246,119
2020-05-04,Santa Cruz,087,273765,145,133,0,133,2
2020-05-04,Shasta,089,179085,42,31,0,31,4
2020-05-04,Sierra,091,2930,0,0,0,0,0
2020-05-04,Siskiyou,093,43540,5,5,0,5,0
2020-05-04,Solano,095,438530,372,293,0,293,4
2020-05-04,Sonoma,097,501317,314,256,0,256,4
2020-05-04,Stanislaus,099,539301,514,422,4,426,8
2020-05-04,Sutter,101,95872,33,28,0,28,2
2020-05-04,Tehama,103,63373,2,1,0,1,1
2020-05-04,Trinity,105,12862,1,0,0,0,0
2020-05-04,Tulare,107,460477,1362,760,6,766,40
2020-05-04,Tuolumne,109,53932,3,3,0,3,0
2020-05-04,Ventura,111,848112,810,590,1,591,19
2020-05-04,Yolo,113,214977,190,171,0,171,18
2020-05-04,Yuba,115,75493,19,16,0,16,1
2020-05-03,Alameda,001,1643700,2118,1731,2,1733,64
2020-05-03,Alpine,002,1148,1,1,0,1,0
2020-05-03,Amador,005,37829,8,8,0,8,0
2020-05-03,Butte,007,227075,30,17,2,19,0
2020-05-03,Calaveras,009,45235,13,13,0,13,0
2020-05-03,Colusa,011,21464,3,3,0,3,0
2020-05-03,Contra Costa,013,1133247,1075,945,0,945,28
2020-05-03,Del Norte,015,27424,5,3,0,3,0
2020-05-03,El Dorado,017,186661,64,49,0,49,0
2020-05-03,Fresno,019,978130,1282,646,14,660,8
2020-05-03,Glenn,021,27897,7,5,0,5,0
2020-05-03,Humboldt,023,135768,60,54,0,54,0
2020-05-03,Imperial,025,180216,688,351,0,351,6
2020-05-03,Inyo,027,18085,19,20,0,20,1
2020-05-03,Kern,029,883053,1335,1025,1,1026,8
2020-05-03,Kings,031,150075,291,137,0,137,1
2020-05-03,Lake,033,64148,9,7,0,7,0
2020-05-03,Lassen,035,31185,3,0,2,2,0
2020-05-03,Los Angeles,037,10098052,32804,25708,18,25726,1210
2020-05-03,Madera,039,155013,103,46,1,47,2
2020-05-03,Marin,041,260295,254,243,1,244,13
2020-05-03,Mariposa,043,17540,15,13,0,13,0
2020-05-03,Mendocino,045,87422,12,10,0,10,0
2020-05-03,Merced,047,269075,217,134,0,134,3
2020-05-03,Modoc,049,8938,0,0,0,0,0
2020-05-03,Mono,051,14174,32,25,0,25,1
2020-05-03,Monterey,053,433212,294,235,0,235,6
2020-05-03,Napa,055,140530,85,72,0,72,2
2020-05-03,Nevada,057,99092,41,41,1,42,1
2020-05-03,Orange,059,3164182,4346,2859,32,2891,55
2020-05-03,Placer,061,380077,182,161,0,161,8
2020-05-03,Plumas,063,18699,4,4,0,4,0
2020-05-03,Riverside,065,2383286,5183,4034,16,4050,139
2020-05-03,Sacramento,067,1510023,1160,1109,0,1109,43
2020-05-03,San Benito,069,59416,54,49,0,49,2
2020-05-03,San Bernardino,071,2135413,2967,2123,2,2125,99
2020-05-03,San Diego,073,3302833,4971,3929,0,3929,142
2020-05-03,San Francisco,075,870044,1965,1692,0,1692,30
2020-05-03,San Joaquin,077,732212,621,570,3,573,26
2020-05-03,San Luis Obispo,079,281455,277,200,3,203,1
2020-05-03,San Mateo,081,765935,1526,1277,2,1279,53
2020-05-03,Santa Barbara,083,443738,568,512,3,515,7
2020-05-03,Santa Clara,085,1922200,2718,2235,8,2243,116
2020-05-03,Santa Cruz,087,273765,145,133,0,133,2
2020-05-03,Shasta,089,179085,40,31,0,31,4
2020-05-03,Sierra,091,2930,0,0,0,0,0
2020-05-03,Siskiyou,093,43540,5,5,0,5,0
2020-05-03,Solano,095,438530,362,266,0,266,4
2020-05-03,Sonoma,097,501317,305,254,0,254,4
2020-05-03,Stanislaus,099,539301,486,411,4,415,8
2020-05-03,Sutter,101,95872,31,28,0,28,2
2020-05-03,Tehama,103,63373,2,1,0,1,1
2020-05-03,Trinity,105,12862,1,0,0,0,0
2020-05-03,Tulare,107,460477,1283,736,6,742,40
2020-05-03,Tuolumne,109,53932,3,3,0,3,0
2020-05-03,Ventura,111,848112,776,583,1,584,19
2020-05-03,Yolo,113,214977,189,171,0,171,18
2020-05-03,Yuba,115,75493,19,16,0,16,1
2020-05-02,Alameda,001,1643700,2081,1678,2,1680,63
2020-05-02,Alpine,002,1148,1,1,0,1,0
2020-05-02,Amador,005,37829,8,8,0,8,0
2020-05-02,Butte,007,227075,30,17,2,19,0
2020-05-02,Calaveras,009,45235,13,13,0,13,0
2020-05-02,Colusa,011,21464,3,3,0,3,0
2020-05-02,Contra Costa,013,1133247,1057,929,0,929,28
2020-05-02,Del Norte,015,27424,5,3,0,3,0
2020-05-02,El Dorado,017,186661,64,47,0,47,0
2020-05-02,Fresno,019,978130,1257,629,13,642,8
2020-05-02,Glenn,021,27897,7,5,0,5,0
2020-05-02,Humboldt,023,135768,60,54,0,54,0
2020-05-02,Imperial,025,180216,661,345,0,345,6
2020-05-02,Inyo,027,18085,19,20,0,20,1
2020-05-02,Kern,029,883053,1309,1007,1,1008,8
2020-05-02,Kings,031,150075,288,120,0,120,1
2020-05-02,Lake,033,64148,9,7,0,7,0
2020-05-02,Lassen,035,31185,3,0,2,2,0
2020-05-02,Los Angeles,037,10098052,32274,24955,18,24973,1192
2020-05-02,Madera,039,155013,103,46,1,47,2
2020-05-02,Marin,041,260295,253,243,1,244,13
2020-05-02,Mariposa,043,17540,15,13,0,13,0
2020-05-02,Mendocino,045,87422,12,10,0,10,0
2020-05-02,Merced,047,269075,212,131,0,131,3
2020-05-02,Modoc,049,8938,0,0,0,0,0
2020-05-02,Mono,051,14174,32,25,0,25,1
2020-05-02,Monterey,053,433212,288,225,0,225,5
2020-05-02,Napa,055,140530,85,71,0,71,2
2020-05-02,Nevada,057,99092,41,41,1,42,1
2020-05-02,Orange,059,3164182,4232,2774,32,2806,52
2020-05-02,Placer,061,380077,180,150,0,150,8
2020-05-02,Plumas,063,18699,4,4,0,4,0
2020-05-02,Riverside,065,2383286,5117,3997,16,4013,137
2020-05-02,Sacramento,067,1510023,1157,1097,0,1097,43
2020-05-02,San Benito,069,59416,54,49,0,49,2
2020-05-02,San Bernardino,071,2135413,2928,2124,2,2126,99
2020-05-02,San Diego,073,3302833,4869,3844,0,3844,138
2020-05-02,San Francisco,075,870044,1942,1632,0,1632,29
2020-05-02,San Joaquin,077,732212,613,559,3,562,25
2020-05-02,San Luis Obispo,079,281455,271,193,3,196,1
2020-05-02,San Mateo,081,765935,1510,1272,2,1274,52
2020-05-02,Santa Barbara,083,443738,560,506,3,509,7
2020-05-02,Santa Clara,085,1922200,2708,2203,8,2211,115
2020-05-02,Santa Cruz,087,273765,144,131,0,131,2
2020-05-02,Shasta,089,179085,40,31,0,31,4
2020-05-02,Sierra,091,2930,0,0,0,0,0
2020-05-02,Siskiyou,093,43540,5,5,0,5,0
2020-05-02,Solano,095,438530,355,267,0,267,4
2020-05-02,Sonoma,097,501317,302,250,0,250,3
2020-05-02,Stanislaus,099,539301,478,388,4,392,8
2020-05-02,Sutter,101,95872,31,28,0,28,2
2020-05-02,Tehama,103,63373,2,1,0,1,1
2020-05-02,Trinity,105,12862,1,0,0,0,0
2020-05-02,Tulare,107,460477,1240,711,6,717,35
2020-05-02,Tuolumne,109,53932,3,3,0,3,0
2020-05-02,Ventura,111,848112,762,564,1,565,19
2020-05-02,Yolo,113,214977,189,169,0,169,17
2020-05-02,Yuba,115,75493,19,16,0,16,1
2020-05-01,Alameda,001,1643700,2043,1630,2,1632,63
2020-05-01,Alpine,002,1148,1,1,0,1,0
2020-05-01,Amador,005,37829,8,8,0,8,0
2020-05-01,Butte,007,227075,30,17,2,19,0
2020-05-01,Calaveras,009,45235,13,13,0,13,0
2020-05-01,Colusa,011,21464,3,3,0,3,0
2020-05-01,Contra Costa,013,1133247,1043,915,0,915,28
2020-05-01,Del Norte,015,27424,5,3,0,3,0
2020-05-01,El Dorado,017,186661,64,47,0,47,0
2020-05-01,Fresno,019,978130,1226,617,13,630,7
2020-05-01,Glenn,021,27897,7,4,0,4,0
2020-05-01,Humboldt,023,135768,60,54,0,54,0
2020-05-01,Imperial,025,180216,624,337,0,337,6
2020-05-01,Inyo,027,18085,19,20,0,20,1
2020-05-01,Kern,029,883053,1282,972,1,973,8
2020-05-01,Kings,031,150075,271,112,0,112,1
2020-05-01,Lake,033,64148,9,6,0,6,0
2020-05-01,Lassen,035,31185,3,0,2,2,0
2020-05-01,Los Angeles,037,10098052,31518,24306,18,24324,1155
2020-05-01,Madera,039,155013,99,46,1,47,2
2020-05-01,Marin,041,260295,253,242,1,243,13
2020-05-01,Mariposa,043,17540,15,10,0,10,0
2020-05-01,Mendocino,045,87422,12,11,0,11,0
2020-05-01,Merced,047,269075,209,131,0,131,3
2020-05-01,Modoc,049,8938,0,0,0,0,0
2020-05-01,Mono,051,14174,32,25,0,25,1
2020-05-01,Monterey,053,433212,284,222,0,222,5
2020-05-01,Napa,055,140530,85,69,0,69,2
2020-05-01,Nevada,057,99092,41,41,1,42,1
2020-05-01,Orange,059,3164182,4155,2660,30,2690,51
2020-05-01,Placer,061,380077,179,149,0,149,8
2020-05-01,Plumas,063,18699,4,4,0,4,0
2020-05-01,Riverside,065,2383286,5053,3893,16,3909,132
2020-05-01,Sacramento,067,1510023,1152,1081,0,1081,43
2020-05-01,San Benito,069,59416,54,49,0,49,2
2020-05-01,San Bernardino,071,2135413,2873,2084,2,2086,98
2020-05-01,San Diego,073,3302833,4778,3713,0,3713,134
2020-05-01,San Francisco,075,870044,1898,1552,0,1552,29
2020-05-01,San Joaquin,077,732212,609,554,3,557,25
2020-05-01,San Luis Obispo,079,281455,268,186,3,189,1
2020-05-01,San Mateo,081,765935,1488,1222,2,1224,52
2020-05-01,Santa Barbara,083,443738,554,499,2,501,7
2020-05-01,Santa Clara,085,1922200,2696,2176,8,2184,112
2020-05-01,Santa Cruz,087,273765,144,127,0,127,2
2020-05-01,Shasta,089,179085,40,31,0,31,4
2020-05-01,Sierra,091,2930,0,0,0,0,0
2020-05-01,Siskiyou,093,43540,5,5,0,5,0
2020-05-01,Solano,095,438530,347,266,0,266,4
2020-05-01,Sonoma,097,501317,299,242,0,242,3
2020-05-01,Stanislaus,099,539301,473,384,4,388,8
2020-05-01,Sutter,101,95872,31,28,0,28,2
2020-05-01,Tehama,103,63373,2,1,0,1,1
2020-05-01,Trinity,105,12862,1,0,0,0,0
2020-05-01,Tulare,107,460477,1196,685,6,691,32
2020-05-01,Tuolumne,109,53932,3,3,0,3,0
2020-05-01,Ventura,111,848112,749,556,1,557,18
2020-05-01,Yolo,113,214977,189,165,0,165,18
2020-05-01,Yuba,115,75493,19,16,0,16,1
2020-04-30,Alameda,001,1643700,1983,1599,2,1601,60
2020-04-30,Alpine,002,1148,1,1,0,1,0
2020-04-30,Amador,005,37829,8,8,0,8,0
2020-04-30,Butte,007,227075,30,16,2,18,0
2020-04-30,Calaveras,009,45235,13,13,0,13,0
2020-04-30,Colusa,011,21464,3,3,0,3,0
2020-04-30,Contra Costa,013,1133247,1021,900,0,900,25
2020-04-30,Del Norte,015,27424,4,3,0,3,0
2020-04-30,El Dorado,017,186661,64,44,0,44,0
2020-04-30,Fresno,019,978130,1161,562,10,572,7
2020-04-30,Glenn,021,27897,7,4,0,4,0
2020-04-30,Humboldt,023,135768,60,54,0,54,0
2020-04-30,Imperial,025,180216,578,322,0,322,6
2020-04-30,Inyo,027,18085,19,20,0,20,1
2020-04-30,Kern,029,883053,1250,941,1,942,8
2020-04-30,Kings,031,150075,259,87,0,87,1
2020-04-30,Lake,033,64148,9,6,0,6,0
2020-04-30,Lassen,035,31185,3,0,2,2,0
2020-04-30,Los Angeles,037,10098052,30509,23284,18,23302,1099
2020-04-30,Madera,039,155013,88,46,1,47,2
2020-04-30,Marin,041,260295,253,240,1,241,13
2020-04-30,Mariposa,043,17540,15,3,0,3,0
2020-04-30,Mendocino,045,87422,12,11,0,11,0
2020-04-30,Merced,047,269075,202,122,0,122,3
2020-04-30,Modoc,049,8938,0,0,0,0,0
2020-04-30,Mono,051,14174,31,25,0,25,1
2020-04-30,Monterey,053,433212,274,213,0,213,5
2020-04-30,Napa,055,140530,83,69,0,69,2
2020-04-30,Nevada,057,99092,41,41,1,42,1
2020-04-30,Orange,059,3164182,3933,2591,27,2618,46
2020-04-30,Placer,061,380077,178,148,0,148,8
2020-04-30,Plumas,063,18699,4,4,0,4,0
2020-04-30,Riverside,065,2383286,4953,3820,15,3835,124
2020-04-30,Sacramento,067,1510023,1146,1071,0,1071,43
2020-04-30,San Benito,069,59416,54,48,0,48,2
2020-04-30,San Bernardino,071,2135413,2671,2020,2,2022,96
2020-04-30,San Diego,073,3302833,4607,3566,0,3566,124
2020-04-30,San Francisco,075,870044,1864,1518,0,1518,26
2020-04-30,San Joaquin,077,732212,601,548,3,551,25
2020-04-30,San Luis Obispo,079,281455,265,182,3,185,1
2020-04-30,San Mateo,081,765935,1458,1194,2,1196,52
2020-04-30,Santa Barbara,083,443738,542,490,2,492,7
2020-04-30,Santa Clara,085,1922200,2656,2172,8,2180,111
2020-04-30,Santa Cruz,087,273765,143,126,0,126,2
2020-04-30,Shasta,089,179085,39,31,0,31,4
2020-04-30,Sierra,091,2930,0,0,0,0,0
2020-04-30,Siskiyou,093,43540,5,5,0,5,0
2020-04-30,Solano,095,438530,337,262,0,262,4
2020-04-30,Sonoma,097,501317,290,233,0,233,3
2020-04-30,Stanislaus,099,539301,466,378,4,382,7
2020-04-30,Sutter,101,95872,31,28,0,28,2
2020-04-30,Tehama,103,63373,1,1,0,1,1
2020-04-30,Trinity,105,12862,1,0,0,0,0
2020-04-30,Tulare,107,460477,1130,637,6,643,31
2020-04-30,Tuolumne,109,53932,3,3,0,3,0
2020-04-30,Ventura,111,848112,721,547,1,548,18
2020-04-30,Yolo,113,214977,188,164,0,164,16
2020-04-30,Yuba,115,75493,19,15,0,15,1
2020-04-29,Alameda,001,1643700,1925,1564,2,1566,60
2020-04-29,Alpine,002,1148,1,1,0,1,0
2020-04-29,Amador,005,37829,8,8,0,8,0
2020-04-29,Butte,007,227075,30,16,2,18,0
2020-04-29,Calaveras,009,45235,13,13,0,13,0
2020-04-29,Colusa,011,21464,3,3,0,3,0
2020-04-29,Contra Costa,013,1133247,1002,885,0,885,25
2020-04-29,Del Norte,015,27424,4,3,0,3,0
2020-04-29,El Dorado,017,186661,62,44,0,44,0
2020-04-29,Fresno,019,978130,1109,544,10,554,7
2020-04-29,Glenn,021,27897,7,4,0,4,0
2020-04-29,Humboldt,023,135768,60,53,0,53,0
2020-04-29,Imperial,025,180216,548,300,0,300,6
2020-04-29,Inyo,027,18085,19,20,0,20,1
2020-04-29,Kern,029,883053,1207,910,1,911,6
2020-04-29,Kings,031,150075,240,80,0,80,1
2020-04-29,Lake,033,64148,9,6,0,6,0
2020-04-29,Lassen,035,31185,3,0,2,2,0
2020-04-29,Los Angeles,037,10098052,29532,22560,17,22577,1043
2020-04-29,Madera,039,155013,86,45,1,46,2
2020-04-29,Marin,041,260295,250,234,1,235,13
2020-04-29,Mariposa,043,17540,15,1,0,1,0
2020-04-29,Mendocino,045,87422,12,11,0,11,0
2020-04-29,Merced,047,269075,195,116,0,116,3
2020-04-29,Modoc,049,8938,0,0,0,0,0
2020-04-29,Mono,051,14174,31,25,0,25,1
2020-04-29,Monterey,053,433212,266,204,0,204,5
2020-04-29,Napa,055,140530,81,68,0,68,2
2020-04-29,Nevada,057,99092,41,41,1,42,1
2020-04-29,Orange,059,3164182,3799,2421,26,2447,43
2020-04-29,Placer,061,380077,176,145,0,145,8
2020-04-29,Plumas,063,18699,4,4,0,4,0
2020-04-29,Riverside,065,2383286,4876,3700,15,3715,116
2020-04-29,Sacramento,067,1510023,1124,1055,0,1055,41
2020-04-29,San Benito,069,59416,54,48,0,48,2
2020-04-29,San Bernardino,071,2135413,2584,1975,1,1976,91
2020-04-29,San Diego,073,3302833,4465,3434,0,3434,120
2020-04-29,San Francisco,075,870044,1836,1489,0,1489,23
2020-04-29,San Joaquin,077,732212,593,540,3,543,25
2020-04-29,San Luis Obispo,079,281455,263,181,3,184,1
2020-04-29,San Mateo,081,765935,1432,1170,2,1172,50
2020-04-29,Santa Barbara,083,443738,529,477,2,479,7
2020-04-29,Santa Clara,085,1922200,2629,2147,8,2155,108
2020-04-29,Santa Cruz,087,273765,142,124,0,124,2
2020-04-29,Shasta,089,179085,38,31,0,31,4
2020-04-29,Sierra,091,2930,0,0,0,0,0
2020-04-29,Siskiyou,093,43540,5,5,0,5,0
2020-04-29,Solano,095,438530,313,252,0,252,3
2020-04-29,Sonoma,097,501317,282,230,0,230,2
2020-04-29,Stanislaus,099,539301,453,374,4,378,5
2020-04-29,Sutter,101,95872,31,28,0,28,2
2020-04-29,Tehama,103,63373,1,1,0,1,1
2020-04-29,Trinity,105,12862,1,0,0,0,0
2020-04-29,Tulare,107,460477,1057,615,5,620,30
2020-04-29,Tuolumne,109,53932,3,4,0,4,0
2020-04-29,Ventura,111,848112,697,530,1,531,18
2020-04-29,Yolo,113,214977,185,161,0,161,11
2020-04-29,Yuba,115,75493,19,15,0,15,1
2020-04-28,Alameda,001,1643700,1868,1525,2,1527,55
2020-04-28,Alpine,002,1148,1,1,0,1,0
2020-04-28,Amador,005,37829,8,8,0,8,0
2020-04-28,Butte,007,227075,30,16,2,18,0
2020-04-28,Calaveras,009,45235,13,13,0,13,0
2020-04-28,Colusa,011,21464,3,3,0,3,0
2020-04-28,Contra Costa,013,1133247,995,866,0,866,25
2020-04-28,Del Norte,015,27424,4,3,0,3,0
2020-04-28,El Dorado,017,186661,61,43,0,43,0
2020-04-28,Fresno,019,978130,1058,525,9,534,7
2020-04-28,Glenn,021,27897,5,4,0,4,0
2020-04-28,Humboldt,023,135768,59,53,0,53,0
2020-04-28,Imperial,025,180216,515,295,0,295,6
2020-04-28,Inyo,027,18085,19,20,0,20,1
2020-04-28,Kern,029,883053,1164,882,1,883,5
2020-04-28,Kings,031,150075,227,57,0,57,1
2020-04-28,Lake,033,64148,9,6,0,6,0
2020-04-28,Lassen,035,31185,3,0,2,2,0
2020-04-28,Los Angeles,037,10098052,28468,21029,17,21046,984
2020-04-28,Madera,039,155013,86,44,1,45,2
2020-04-28,Marin,041,260295,249,228,1,229,12
2020-04-28,Mariposa,043,17540,15,0,0,0,0
2020-04-28,Mendocino,045,87422,12,10,0,10,0
2020-04-28,Merced,047,269075,188,108,0,108,3
2020-04-28,Modoc,049,8938,0,0,0,0,0
2020-04-28,Mono,051,14174,31,25,0,25,1
2020-04-28,Monterey,053,433212,260,191,0,191,5
2020-04-28,Napa,055,140530,80,67,0,67,2
2020-04-28,Nevada,057,99092,41,41,1,42,1
2020-04-28,Orange,059,3164182,3636,2324,25,2349,42
2020-04-28,Placer,061,380077,166,143,0,143,8
2020-04-28,Plumas,063,18699,4,4,0,4,0
2020-04-28,Riverside,065,2383286,4781,3504,15,3519,113
2020-04-28,Sacramento,067,1510023,1109,1044,0,1044,41
2020-04-28,San Benito,069,59416,52,46,0,46,2
2020-04-28,San Bernardino,071,2135413,2507,1891,1,1892,89
2020-04-28,San Diego,073,3302833,4335,3316,0,3316,118
2020-04-28,San Francisco,075,870044,1801,1471,0,1471,23
2020-04-28,San Joaquin,077,732212,587,532,3,535,25
2020-04-28,San Luis Obispo,079,281455,255,172,3,175,1
2020-04-28,San Mateo,081,765935,1419,1129,2,1131,48
2020-04-28,Santa Barbara,083,443738,524,469,2,471,7
2020-04-28,Santa Clara,085,1922200,2595,2130,8,2138,106
2020-04-28,Santa Cruz,087,273765,142,123,0,123,2
2020-04-28,Shasta,089,179085,38,29,0,29,4
2020-04-28,Sierra,091,2930,0,0,0,0,0
2020-04-28,Siskiyou,093,43540,5,5,0,5,0
2020-04-28,Solano,095,438530,294,246,0,246,3
2020-04-28,Sonoma,097,501317,279,226,0,226,1
2020-04-28,Stanislaus,099,539301,437,330,4,334,5
2020-04-28,Sutter,101,95872,31,25,0,25,2
2020-04-28,Tehama,103,63373,1,1,0,1,1
2020-04-28,Trinity,105,12862,1,0,0,0,0
2020-04-28,Tulare,107,460477,960,579,5,584,30
2020-04-28,Tuolumne,109,53932,3,4,0,4,0
2020-04-28,Ventura,111,848112,677,517,1,518,17
2020-04-28,Yolo,113,214977,185,160,0,160,10
2020-04-28,Yuba,115,75493,19,15,0,15,1
2020-04-27,Alameda,001,1643700,1808,1494,2,1496,53
2020-04-27,Alpine,002,1148,1,1,0,1,0
2020-04-27,Amador,005,37829,8,8,0,8,0
2020-04-27,Butte,007,227075,29,16,2,18,0
2020-04-27,Calaveras,009,45235,13,13,0,13,0
2020-04-27,Colusa,011,21464,3,3,0,3,0
2020-04-27,Contra Costa,013,1133247,983,843,0,843,25
2020-04-27,Del Norte,015,27424,4,3,0,3,0
2020-04-27,El Dorado,017,186661,60,43,0,43,0
2020-04-27,Fresno,019,978130,956,504,8,512,7
2020-04-27,Glenn,021,27897,5,4,0,4,0
2020-04-27,Humboldt,023,135768,59,52,0,52,0
2020-04-27,Imperial,025,180216,485,290,0,290,6
2020-04-27,Inyo,027,18085,19,20,0,20,1
2020-04-27,Kern,029,883053,1125,865,1,866,4
2020-04-27,Kings,031,150075,204,48,0,48,1
2020-04-27,Lake,033,64148,8,6,0,6,0
2020-04-27,Lassen,035,31185,3,0,2,2,0
2020-04-27,Los Angeles,037,10098052,27448,20456,17,20473,931
2020-04-27,Madera,039,155013,84,42,1,43,2
2020-04-27,Marin,041,260295,244,227,1,228,12
2020-04-27,Mariposa,043,17540,14,0,0,0,0
2020-04-27,Mendocino,045,87422,12,10,0,10,0
2020-04-27,Merced,047,269075,185,108,0,108,3
2020-04-27,Modoc,049,8938,0,0,0,0,0
2020-04-27,Mono,051,14174,31,23,0,23,1
2020-04-27,Monterey,053,433212,253,185,0,185,4
2020-04-27,Napa,055,140530,77,64,0,64,2
2020-04-27,Nevada,057,99092,41,39,1,40,1
2020-04-27,Orange,059,3164182,3467,2198,25,2223,42
2020-04-27,Placer,061,380077,166,142,0,142,8
2020-04-27,Plumas,063,18699,4,4,0,4,0
2020-04-27,Riverside,065,2383286,4658,3381,15,3396,100
2020-04-27,Sacramento,067,1510023,1094,1035,0,1035,41
2020-04-27,San Benito,069,59416,50,45,0,45,2
2020-04-27,San Bernardino,071,2135413,2393,1742,1,1743,82
2020-04-27,San Diego,073,3302833,4209,3143,0,3143,113
2020-04-27,San Francisco,075,870044,1747,1453,0,1453,23
2020-04-27,San Joaquin,077,732212,581,522,3,525,25
2020-04-27,San Luis Obispo,079,281455,247,166,3,169,1
2020-04-27,San Mateo,081,765935,1397,1092,2,1094,46
2020-04-27,Santa Barbara,083,443738,516,466,2,468,7
2020-04-27,Santa Clara,085,1922200,2570,2104,7,2111,105
2020-04-27,Santa Cruz,087,273765,142,123,0,123,2
2020-04-27,Shasta,089,179085,38,29,0,29,4
2020-04-27,Sierra,091,2930,0,0,0,0,0
2020-04-27,Siskiyou,093,43540,5,5,0,5,0
2020-04-27,Solano,095,438530,294,222,0,222,3
2020-04-27,Sonoma,097,501317,270,220,0,220,1
2020-04-27,Stanislaus,099,539301,421,316,4,320,5
2020-04-27,Sutter,101,95872,29,26,0,26,2
2020-04-27,Tehama,103,63373,1,1,0,1,1
2020-04-27,Trinity,105,12862,1,0,0,0,0
2020-04-27,Tulare,107,460477,889,535,5,540,28
2020-04-27,Tuolumne,109,53932,3,3,0,3,0
2020-04-27,Ventura,111,848112,658,513,1,514,17
2020-04-27,Yolo,113,214977,182,160,0,160,9
2020-04-27,Yuba,115,75493,19,15,0,15,1
2020-04-26,Alameda,001,1643700,1747,1449,2,1451,52
2020-04-26,Alpine,002,1148,1,1,0,1,0
2020-04-26,Amador,005,37829,8,8,0,8,0
2020-04-26,Butte,007,227075,29,16,2,18,0
2020-04-26,Calaveras,009,45235,13,13,0,13,0
2020-04-26,Colusa,011,21464,3,3,0,3,0
2020-04-26,Contra Costa,013,1133247,967,830,0,830,25
2020-04-26,Del Norte,015,27424,3,3,0,3,0
2020-04-26,El Dorado,017,186661,58,41,0,41,0
2020-04-26,Fresno,019,978130,862,476,7,483,7
2020-04-26,Glenn,021,27897,5,4,0,4,0
2020-04-26,Humboldt,023,135768,59,53,0,53,0
2020-04-26,Imperial,025,180216,450,272,0,272,6
2020-04-26,Inyo,027,18085,19,20,0,20,1
2020-04-26,Kern,029,883053,1075,831,1,832,4
2020-04-26,Kings,031,150075,179,33,0,33,1
2020-04-26,Lake,033,64148,8,6,0,6,0
2020-04-26,Lassen,035,31185,3,0,2,2,0
2020-04-26,Los Angeles,037,10098052,26293,19570,17,19587,901
2020-04-26,Madera,039,155013,82,39,1,40,2
2020-04-26,Marin,041,260295,238,225,1,226,12
2020-04-26,Mariposa,043,17540,14,0,0,0,0
2020-04-26,Mendocino,045,87422,12,5,0,5,0
2020-04-26,Merced,047,269075,169,104,0,104,3
2020-04-26,Modoc,049,8938,0,0,0,0,0
2020-04-26,Mono,051,14174,31,23,0,23,1
2020-04-26,Monterey,053,433212,246,182,0,182,4
2020-04-26,Napa,055,140530,76,62,0,62,2
2020-04-26,Nevada,057,99092,41,37,1,38,1
2020-04-26,Orange,059,3164182,3302,2124,25,2149,40
2020-04-26,Placer,061,380077,165,141,0,141,8
2020-04-26,Plumas,063,18699,4,4,0,4,0
2020-04-26,Riverside,065,2383286,4515,3301,15,3316,95
2020-04-26,Sacramento,067,1510023,1085,1027,0,1027,41
2020-04-26,San Benito,069,59416,50,45,0,45,2
2020-04-26,San Bernardino,071,2135413,2297,1681,1,1682,82
2020-04-26,San Diego,073,3302833,4067,3045,0,3045,111
2020-04-26,San Francisco,075,870044,1708,1403,0,1403,23
2020-04-26,San Joaquin,077,732212,573,514,3,517,25
2020-04-26,San Luis Obispo,079,281455,244,165,3,168,1
2020-04-26,San Mateo,081,765935,1371,1070,2,1072,46
2020-04-26,Santa Barbara,083,443738,509,464,2,466,7
2020-04-26,Santa Clara,085,1922200,2547,2097,6,2103,102
2020-04-26,Santa Cruz,087,273765,142,116,0,116,2
2020-04-26,Shasta,089,179085,35,29,0,29,4
2020-04-26,Sierra,091,2930,0,0,0,0,0
2020-04-26,Siskiyou,093,43540,5,5,0,5,0
2020-04-26,Solano,095,438530,285,205,0,205,3
2020-04-26,Sonoma,097,501317,259,216,0,216,1
2020-04-26,Stanislaus,099,539301,406,294,4,298,4
2020-04-26,Sutter,101,95872,29,26,0,26,2
2020-04-26,Tehama,103,63373,1,1,0,1,1
2020-04-26,Trinity,105,12862,1,0,0,0,0
2020-04-26,Tulare,107,460477,830,497,5,502,28
2020-04-26,Tuolumne,109,53932,3,3,0,3,0
2020-04-26,Ventura,111,848112,640,509,1,510,17
2020-04-26,Yolo,113,214977,181,158,0,158,8
2020-04-26,Yuba,115,75493,18,15,0,15,1
2020-04-25,Alameda,001,1643700,1722,1396,2,1398,52
2020-04-25,Alpine,002,1148,1,1,0,1,0
2020-04-25,Amador,005,37829,8,8,0,8,0
2020-04-25,Butte,007,227075,28,16,2,18,0
2020-04-25,Calaveras,009,45235,13,12,0,12,0
2020-04-25,Colusa,011,21464,3,3,0,3,0
2020-04-25,Contra Costa,013,1133247,953,821,0,821,24
2020-04-25,Del Norte,015,27424,2,2,0,2,0
2020-04-25,El Dorado,017,186661,57,41,0,41,0
2020-04-25,Fresno,019,978130,830,459,6,465,7
2020-04-25,Glenn,021,27897,5,4,0,4,0
2020-04-25,Humboldt,023,135768,59,53,0,53,0
2020-04-25,Imperial,025,180216,433,232,0,232,6
2020-04-25,Inyo,027,18085,19,20,0,20,1
2020-04-25,Kern,029,883053,1044,802,1,803,4
2020-04-25,Kings,031,150075,167,33,0,33,1
2020-04-25,Lake,033,64148,6,6,0,6,0
2020-04-25,Lassen,035,31185,3,0,2,2,0
2020-04-25,Los Angeles,037,10098052,25660,19144,17,19161,881
2020-04-25,Madera,039,155013,79,39,1,40,2
2020-04-25,Marin,041,260295,238,215,1,216,12
2020-04-25,Mariposa,043,17540,14,0,0,0,0
2020-04-25,Mendocino,045,87422,11,5,0,5,0
2020-04-25,Merced,047,269075,167,103,0,103,3
2020-04-25,Modoc,049,8938,0,0,0,0,0
2020-04-25,Mono,051,14174,31,23,0,23,1
2020-04-25,Monterey,053,433212,244,173,0,173,4
2020-04-25,Napa,055,140530,76,60,0,60,2
2020-04-25,Nevada,057,99092,41,37,1,38,1
2020-04-25,Orange,059,3164182,3194,2047,25,2072,40
2020-04-25,Placer,061,380077,165,137,0,137,8
2020-04-25,Plumas,063,18699,4,4,0,4,0
2020-04-25,Riverside,065,2383286,4425,3037,15,3052,93
2020-04-25,Sacramento,067,1510023,1083,1015,0,1015,41
2020-04-25,San Benito,069,59416,50,45,0,45,2
2020-04-25,San Bernardino,071,2135413,2251,1675,1,1676,82
2020-04-25,San Diego,073,3302833,3966,2945,0,2945,111
2020-04-25,San Francisco,075,870044,1683,1341,0,1341,22
2020-04-25,San Joaquin,077,732212,566,497,3,500,24
2020-04-25,San Luis Obispo,079,281455,243,159,3,162,1
2020-04-25,San Mateo,081,765935,1353,1054,2,1056,46
2020-04-25,Santa Barbara,083,443738,502,457,2,459,7
2020-04-25,Santa Clara,085,1922200,2525,2045,5,2050,99
2020-04-25,Santa Cruz,087,273765,142,112,0,112,2
2020-04-25,Shasta,089,179085,35,29,0,29,4
2020-04-25,Sierra,091,2930,0,0,0,0,0
2020-04-25,Siskiyou,093,43540,5,5,0,5,0
2020-04-25,Solano,095,438530,281,203,0,203,3
2020-04-25,Sonoma,097,501317,254,199,0,199,1
2020-04-25,Stanislaus,099,539301,398,276,4,280,4
2020-04-25,Sutter,101,95872,29,24,0,24,2
2020-04-25,Tehama,103,63373,1,1,0,1,1
2020-04-25,Trinity,105,12862,0,0,0,0,0
2020-04-25,Tulare,107,460477,797,478,5,483,28
2020-04-25,Tuolumne,109,53932,3,2,0,2,0
2020-04-25,Ventura,111,848112,626,494,1,495,16
2020-04-25,Yolo,113,214977,181,157,0,157,8
2020-04-25,Yuba,115,75493,17,15,0,15,1
2020-04-24,Alameda,001,1643700,1691,1385,2,1387,50
2020-04-24,Alpine,002,1148,1,1,0,1,0
2020-04-24,Amador,005,37829,8,8,0,8,0
2020-04-24,Butte,007,227075,27,15,2,17,0
2020-04-24,Calaveras,009,45235,13,12,0,12,0
2020-04-24,Colusa,011,21464,3,3,0,3,0
2020-04-24,Contra Costa,013,1133247,944,806,0,806,23
2020-04-24,Del Norte,015,27424,2,2,0,2,0
2020-04-24,El Dorado,017,186661,56,41,0,41,0
2020-04-24,Fresno,019,978130,807,449,6,455,7
2020-04-24,Glenn,021,27897,5,4,0,4,0
2020-04-24,Humboldt,023,135768,59,53,0,53,0
2020-04-24,Imperial,025,180216,416,232,0,232,6
2020-04-24,Inyo,027,18085,19,20,0,20,0
2020-04-24,Kern,029,883053,1020,770,1,771,4
2020-04-24,Kings,031,150075,138,30,0,30,1
2020-04-24,Lake,033,64148,6,6,0,6,0
2020-04-24,Lassen,035,31185,3,0,2,2,0
2020-04-24,Los Angeles,037,10098052,24730,18553,17,18570,836
2020-04-24,Madera,039,155013,79,39,1,40,2
2020-04-24,Marin,041,260295,238,211,1,212,11
2020-04-24,Mariposa,043,17540,8,0,0,0,0
2020-04-24,Mendocino,045,87422,11,5,0,5,0
2020-04-24,Merced,047,269075,164,102,0,102,3
2020-04-24,Modoc,049,8938,0,0,0,0,0
2020-04-24,Mono,051,14174,30,23,0,23,1
2020-04-24,Monterey,053,433212,237,167,0,167,4
2020-04-24,Napa,055,140530,75,59,0,59,2
2020-04-24,Nevada,057,99092,41,36,1,37,1
2020-04-24,Orange,059,3164182,3087,1945,25,1970,39
2020-04-24,Placer,061,380077,163,137,0,137,8
2020-04-24,Plumas,063,18699,4,4,0,4,0
2020-04-24,Riverside,065,2383286,4344,3044,15,3059,87
2020-04-24,Sacramento,067,1510023,1077,1009,0,1009,41
2020-04-24,San Benito,069,59416,50,45,0,45,2
2020-04-24,San Bernardino,071,2135413,2216,1667,1,1668,80
2020-04-24,San Diego,073,3302833,3855,2828,0,2828,102
2020-04-24,San Francisco,075,870044,1625,1345,0,1345,22
2020-04-24,San Joaquin,077,732212,559,484,3,487,24
2020-04-24,San Luis Obispo,079,281455,240,151,3,154,1
2020-04-24,San Mateo,081,765935,1330,1004,2,1006,43
2020-04-24,Santa Barbara,083,443738,496,450,2,452,6
2020-04-24,Santa Clara,085,1922200,2483,2026,5,2031,98
2020-04-24,Santa Cruz,087,273765,138,111,0,111,2
2020-04-24,Shasta,089,179085,35,28,0,28,4
2020-04-24,Sierra,091,2930,0,0,0,0,0
2020-04-24,Siskiyou,093,43540,5,5,0,5,0
2020-04-24,Solano,095,438530,279,203,0,203,3
2020-04-24,Sonoma,097,501317,250,199,0,199,1
2020-04-24,Stanislaus,099,539301,395,273,4,277,4
2020-04-24,Sutter,101,95872,28,24,0,24,2
2020-04-24,Tehama,103,63373,1,1,0,1,1
2020-04-24,Trinity,105,12862,0,0,0,0,0
2020-04-24,Tulare,107,460477,769,459,5,464,27
2020-04-24,Tuolumne,109,53932,3,2,0,2,0
2020-04-24,Ventura,111,848112,616,489,1,490,16
2020-04-24,Yolo,113,214977,180,155,0,155,8
2020-04-24,Yuba,115,75493,16,15,0,15,1
2020-04-23,Alameda,001,1643700,1653,1336,2,1338,46
2020-04-23,Alpine,002,1148,1,1,0,1,0
2020-04-23,Amador,005,37829,8,8,0,8,0
2020-04-23,Butte,007,227075,27,15,2,17,0
2020-04-23,Calaveras,009,45235,13,12,0,12,0
2020-04-23,Colusa,011,21464,3,3,0,3,0
2020-04-23,Contra Costa,013,1133247,923,786,0,786,23
2020-04-23,Del Norte,015,27424,2,2,0,2,0
2020-04-23,El Dorado,017,186661,55,39,0,39,0
2020-04-23,Fresno,019,978130,769,426,6,432,7
2020-04-23,Glenn,021,27897,5,3,0,3,0
2020-04-23,Humboldt,023,135768,59,53,0,53,0
2020-04-23,Imperial,025,180216,397,181,0,181,4
2020-04-23,Inyo,027,18085,19,19,0,19,0
2020-04-23,Kern,029,883053,972,732,1,733,4
2020-04-23,Kings,031,150075,123,28,0,28,1
2020-04-23,Lake,033,64148,6,6,0,6,0
2020-04-23,Lassen,035,31185,3,0,2,2,0
2020-04-23,Los Angeles,037,10098052,23668,17548,16,17564,784
2020-04-23,Madera,039,155013,77,37,1,38,2
2020-04-23,Marin,041,260295,225,209,1,210,11
2020-04-23,Mariposa,043,17540,7,0,0,0,0
2020-04-23,Mendocino,045,87422,9,5,0,5,0
2020-04-23,Merced,047,269075,160,98,0,98,3
2020-04-23,Modoc,049,8938,0,0,0,0,0
2020-04-23,Mono,051,14174,30,23,0,23,1
2020-04-23,Monterey,053,433212,233,161,0,161,4
2020-04-23,Napa,055,140530,68,59,0,59,2
2020-04-23,Nevada,057,99092,41,36,1,37,1
2020-04-23,Orange,059,3164182,2908,1841,24,1865,37
2020-04-23,Placer,061,380077,160,136,0,136,8
2020-04-23,Plumas,063,18699,4,4,0,4,0
2020-04-23,Riverside,065,2383286,4230,2935,14,2949,78
2020-04-23,Sacramento,067,1510023,1065,978,0,978,41
2020-04-23,San Benito,069,59416,47,43,0,43,2
2020-04-23,San Bernardino,071,2135413,2151,1604,1,1605,79
2020-04-23,San Diego,073,3302833,3694,2645,0,2645,100
2020-04-23,San Francisco,075,870044,1600,1312,0,1312,21
2020-04-23,San Joaquin,077,732212,549,479,3,482,20
2020-04-23,San Luis Obispo,079,281455,236,146,3,149,1
2020-04-23,San Mateo,081,765935,1291,970,2,972,42
2020-04-23,Santa Barbara,083,443738,490,445,2,447,6
2020-04-23,Santa Clara,085,1922200,2448,1996,5,2001,95
2020-04-23,Santa Cruz,087,273765,137,110,0,110,2
2020-04-23,Shasta,089,179085,35,27,0,27,3
2020-04-23,Sierra,091,2930,0,0,0,0,0
2020-04-23,Siskiyou,093,43540,5,5,0,5,0
2020-04-23,Solano,095,438530,265,196,0,196,3
2020-04-23,Sonoma,097,501317,238,187,0,187,1
2020-04-23,Stanislaus,099,539301,391,254,4,258,4
2020-04-23,Sutter,101,95872,28,24,0,24,2
2020-04-23,Tehama,103,63373,1,1,0,1,1
2020-04-23,Trinity,105,12862,0,0,0,0,0
2020-04-23,Tulare,107,460477,740,440,5,445,25
2020-04-23,Tuolumne,109,53932,3,2,0,2,0
2020-04-23,Ventura,111,848112,602,479,1,480,16
2020-04-23,Yolo,113,214977,177,151,0,151,8
2020-04-23,Yuba,115,75493,16,15,0,15,1
2020-04-22,Alameda,001,1643700,1604,1275,2,1277,46
2020-04-22,Alpine,002,1148,1,1,0,1,0
2020-04-22,Amador,005,37829,8,7,0,7,0
2020-04-22,Butte,007,227075,26,15,2,17,0
2020-04-22,Calaveras,009,45235,13,12,0,12,0
2020-04-22,Colusa,011,21464,3,3,0,3,0
2020-04-22,Contra Costa,013,1133247,908,772,0,772,22
2020-04-22,Del Norte,015,27424,2,2,0,2,0
2020-04-22,El Dorado,017,186661,55,39,0,39,0
2020-04-22,Fresno,019,978130,729,388,6,394,7
2020-04-22,Glenn,021,27897,5,3,0,3,0
2020-04-22,Humboldt,023,135768,59,53,0,53,0
2020-04-22,Imperial,025,180216,386,170,0,170,3
2020-04-22,Inyo,027,18085,19,18,0,18,0
2020-04-22,Kern,029,883053,950,713,1,714,4
2020-04-22,Kings,031,150075,102,28,0,28,1
2020-04-22,Lake,033,64148,6,6,0,6,0
2020-04-22,Lassen,035,31185,3,0,2,2,0
2020-04-22,Los Angeles,037,10098052,22642,16400,16,16416,715
2020-04-22,Madera,039,155013,75,37,1,38,2
2020-04-22,Marin,041,260295,223,202,1,203,11
2020-04-22,Mariposa,043,17540,6,0,0,0,0
2020-04-22,Mendocino,045,87422,6,5,0,5,0
2020-04-22,Merced,047,269075,146,92,0,92,3
2020-04-22,Modoc,049,8938,0,0,0,0,0
2020-04-22,Mono,051,14174,29,23,0,23,1
2020-04-22,Monterey,053,433212,226,154,0,154,4
2020-04-22,Napa,055,140530,67,58,0,58,2
2020-04-22,Nevada,057,99092,41,36,1,37,1
2020-04-22,Orange,059,3164182,2814,1785,23,1808,36
2020-04-22,Placer,061,380077,158,133,0,133,8
2020-04-22,Plumas,063,18699,4,4,0,4,0
2020-04-22,Riverside,065,2383286,4126,2822,14,2836,76
2020-04-22,Sacramento,067,1510023,1060,959,0,959,36
2020-04-22,San Benito,069,59416,46,43,0,43,2
2020-04-22,San Bernardino,071,2135413,2088,1564,1,1565,74
2020-04-22,San Diego,073,3302833,3566,2493,0,2493,96
2020-04-22,San Francisco,075,870044,1563,1255,0,1255,21
2020-04-22,San Joaquin,077,732212,538,462,3,465,20
2020-04-22,San Luis Obispo,079,281455,227,142,3,145,1
2020-04-22,San Mateo,081,765935,1268,945,2,947,40
2020-04-22,Santa Barbara,083,443738,485,437,2,439,6
2020-04-22,Santa Clara,085,1922200,2432,1969,5,1974,95
2020-04-22,Santa Cruz,087,273765,133,106,0,106,2
2020-04-22,Shasta,089,179085,34,26,0,26,3
2020-04-22,Sierra,091,2930,0,0,0,0,0
2020-04-22,Siskiyou,093,43540,5,5,0,5,0
2020-04-22,Solano,095,438530,247,195,0,195,3
2020-04-22,Sonoma,097,501317,235,185,0,185,1
2020-04-22,Stanislaus,099,539301,334,247,4,251,4
2020-04-22,Sutter,101,95872,28,22,0,22,2
2020-04-22,Tehama,103,63373,1,1,0,1,1
2020-04-22,Trinity,105,12862,0,0,0,0,0
2020-04-22,Tulare,107,460477,706,425,5,430,23
2020-04-22,Tuolumne,109,53932,3,2,0,2,0
2020-04-22,Ventura,111,848112,591,465,1,466,15
2020-04-22,Yolo,113,214977,176,147,0,147,8
2020-04-22,Yuba,115,75493,16,15,0,15,1
2020-04-21,Alameda,001,1643700,1574,1234,2,1236,46
2020-04-21,Alpine,002,1148,1,1,0,1,0
2020-04-21,Amador,005,37829,8,7,0,7,0
2020-04-21,Butte,007,227075,25,15,2,17,0
2020-04-21,Calaveras,009,45235,12,12,0,12,0
2020-04-21,Colusa,011,21464,3,3,0,3,0
2020-04-21,Contra Costa,013,1133247,894,766,0,766,22
2020-04-21,Del Norte,015,27424,2,2,0,2,0
2020-04-21,El Dorado,017,186661,54,36,0,36,0
2020-04-21,Fresno,019,978130,695,372,6,378,7
2020-04-21,Glenn,021,27897,5,3,0,3,0
2020-04-21,Humboldt,023,135768,58,53,0,53,0
2020-04-21,Imperial,025,180216,366,165,0,165,2
2020-04-21,Inyo,027,18085,19,18,0,18,0
2020-04-21,Kern,029,883053,908,676,1,677,4
2020-04-21,Kings,031,150075,88,28,0,28,1
2020-04-21,Lake,033,64148,6,6,0,6,0
2020-04-21,Lassen,035,31185,3,0,2,2,0
2020-04-21,Los Angeles,037,10098052,21779,15096,16,15112,650
2020-04-21,Madera,039,155013,75,37,1,38,2
2020-04-21,Marin,041,260295,217,202,1,203,10
2020-04-21,Mariposa,043,17540,5,0,0,0,0
2020-04-21,Mendocino,045,87422,6,5,0,5,0
2020-04-21,Merced,047,269075,142,89,0,89,3
2020-04-21,Modoc,049,8938,0,0,0,0,0
2020-04-21,Mono,051,14174,29,23,0,23,1
2020-04-21,Monterey,053,433212,223,151,0,151,4
2020-04-21,Napa,055,140530,66,58,0,58,2
2020-04-21,Nevada,057,99092,41,36,1,37,1
2020-04-21,Orange,059,3164182,2691,1717,22,1739,36
2020-04-21,Placer,061,380077,156,133,0,133,8
2020-04-21,Plumas,063,18699,4,4,0,4,0
2020-04-21,Riverside,065,2383286,3994,2631,14,2645,68
2020-04-21,Sacramento,067,1510023,1050,941,0,941,33
2020-04-21,San Benito,069,59416,44,43,0,43,2
2020-04-21,San Bernardino,071,2135413,2028,1499,1,1500,71
2020-04-21,San Diego,073,3302833,3410,2436,0,2436,87
2020-04-21,San Francisco,075,870044,1533,1232,0,1232,20
2020-04-21,San Joaquin,077,732212,528,447,3,450,20
2020-04-21,San Luis Obispo,079,281455,219,134,3,137,1
2020-04-21,San Mateo,081,765935,1222,933,2,935,34
2020-04-21,Santa Barbara,083,443738,476,414,2,416,5
2020-04-21,Santa Clara,085,1922200,2382,1943,5,1948,91
2020-04-21,Santa Cruz,087,273765,131,104,0,104,2
2020-04-21,Shasta,089,179085,33,26,0,26,3
2020-04-21,Sierra,091,2930,0,0,0,0,0
2020-04-21,Siskiyou,093,43540,5,5,0,5,0
2020-04-21,Solano,095,438530,239,193,0,193,3
2020-04-21,Sonoma,097,501317,225,182,0,182,1
2020-04-21,Stanislaus,099,539301,315,235,4,239,4
2020-04-21,Sutter,101,95872,28,22,0,22,2
2020-04-21,Tehama,103,63373,1,1,0,1,1
2020-04-21,Trinity,105,12862,0,0,0,0,0
2020-04-21,Tulare,107,460477,669,410,5,415,23
2020-04-21,Tuolumne,109,53932,3,2,0,2,0
2020-04-21,Ventura,111,848112,579,455,1,456,14
2020-04-21,Yolo,113,214977,174,143,0,143,8
2020-04-21,Yuba,115,75493,16,15,0,15,1
2020-04-20,Alameda,001,1643700,1541,1181,2,1183,42
2020-04-20,Alpine,002,1148,1,1,0,1,0
2020-04-20,Amador,005,37829,8,7,0,7,0
2020-04-20,Butte,007,227075,24,15,2,17,0
2020-04-20,Calaveras,009,45235,12,12,0,12,0
2020-04-20,Colusa,011,21464,3,3,0,3,0
2020-04-20,Contra Costa,013,1133247,884,753,0,753,22
2020-04-20,Del Norte,015,27424,2,2,0,2,0
2020-04-20,El Dorado,017,186661,54,36,0,36,0
2020-04-20,Fresno,019,978130,678,356,6,362,7
2020-04-20,Glenn,021,27897,4,3,0,3,0
2020-04-20,Humboldt,023,135768,58,53,0,53,0
2020-04-20,Imperial,025,180216,347,149,0,149,2
2020-04-20,Inyo,027,18085,19,17,0,17,0
2020-04-20,Kern,029,883053,876,651,1,652,3
2020-04-20,Kings,031,150075,77,19,0,19,1
2020-04-20,Lake,033,64148,6,6,0,6,0
2020-04-20,Lassen,035,31185,3,0,2,2,0
2020-04-20,Los Angeles,037,10098052,20868,13787,15,13802,608
2020-04-20,Madera,039,155013,74,35,1,36,2
2020-04-20,Marin,041,260295,213,200,1,201,10
2020-04-20,Mariposa,043,17540,5,0,0,0,0
2020-04-20,Mendocino,045,87422,6,5,0,5,0
2020-04-20,Merced,047,269075,135,88,0,88,3
2020-04-20,Modoc,049,8938,0,0,0,0,0
2020-04-20,Mono,051,14174,29,23,0,23,1
2020-04-20,Monterey,053,433212,214,147,0,147,4
2020-04-20,Napa,055,140530,66,55,0,55,2
2020-04-20,Nevada,057,99092,41,34,1,35,1
2020-04-20,Orange,059,3164182,2607,1679,22,1701,33
2020-04-20,Placer,061,380077,155,132,0,132,8
2020-04-20,Plumas,063,18699,4,4,0,4,0
2020-04-20,Riverside,065,2383286,3869,2477,14,2491,61
2020-04-20,Sacramento,067,1510023,1040,924,0,924,32
2020-04-20,San Benito,069,59416,44,43,0,43,2
2020-04-20,San Bernardino,071,2135413,1941,1344,1,1345,63
2020-04-20,San Diego,073,3302833,3268,2327,0,2327,72
2020-04-20,San Francisco,075,870044,1501,1223,0,1223,19
2020-04-20,San Joaquin,077,732212,524,422,3,425,17
2020-04-20,San Luis Obispo,079,281455,205,132,3,135,1
2020-04-20,San Mateo,081,765935,1199,890,2,892,31
2020-04-20,Santa Barbara,083,443738,469,388,2,390,4
2020-04-20,Santa Clara,085,1922200,2351,1920,5,1925,84
2020-04-20,Santa Cruz,087,273765,129,102,0,102,2
2020-04-20,Shasta,089,179085,33,26,0,26,3
2020-04-20,Sierra,091,2930,0,0,0,0,0
2020-04-20,Siskiyou,093,43540,5,5,0,5,0
2020-04-20,Solano,095,438530,236,185,0,185,2
2020-04-20,Sonoma,097,501317,217,178,0,178,1
2020-04-20,Stanislaus,099,539301,301,228,4,232,3
2020-04-20,Sutter,101,95872,27,22,0,22,2
2020-04-20,Tehama,103,63373,1,1,0,1,1
2020-04-20,Trinity,105,12862,0,0,0,0,0
2020-04-20,Tulare,107,460477,659,401,5,406,20
2020-04-20,Tuolumne,109,53932,3,2,0,2,0
2020-04-20,Ventura,111,848112,565,426,1,427,13
2020-04-20,Yolo,113,214977,173,125,0,125,5
2020-04-20,Yuba,115,75493,16,15,0,15,1
2020-04-19,Alameda,001,1643700,1491,1134,2,1136,41
2020-04-19,Alpine,002,1148,1,1,0,1,0
2020-04-19,Amador,005,37829,7,7,0,7,0
2020-04-19,Butte,007,227075,23,15,2,17,0
2020-04-19,Calaveras,009,45235,12,12,0,12,0
2020-04-19,Colusa,011,21464,3,3,0,3,0
2020-04-19,Contra Costa,013,1133247,868,731,0,731,20
2020-04-19,Del Norte,015,27424,2,2,0,2,0
2020-04-19,El Dorado,017,186661,54,36,0,36,0
2020-04-19,Fresno,019,978130,642,326,6,332,7
2020-04-19,Glenn,021,27897,4,3,0,3,0
2020-04-19,Humboldt,023,135768,58,53,0,53,0
2020-04-19,Imperial,025,180216,319,144,0,144,2
2020-04-19,Inyo,027,18085,19,17,0,17,0
2020-04-19,Kern,029,883053,851,629,1,630,3
2020-04-19,Kings,031,150075,67,17,0,17,1
2020-04-19,Lake,033,64148,6,6,0,6,0
2020-04-19,Lassen,035,31185,3,0,2,2,0
2020-04-19,Los Angeles,037,10098052,19861,12299,15,12314,589
2020-04-19,Madera,039,155013,72,34,1,35,2
2020-04-19,Marin,041,260295,212,194,1,195,10
2020-04-19,Mariposa,043,17540,2,0,0,0,0
2020-04-19,Mendocino,045,87422,6,4,0,4,0
2020-04-19,Merced,047,269075,130,85,0,85,3
2020-04-19,Modoc,049,8938,0,0,0,0,0
2020-04-19,Mono,051,14174,29,23,0,23,1
2020-04-19,Monterey,053,433212,205,140,0,140,4
2020-04-19,Napa,055,140530,64,49,0,49,2
2020-04-19,Nevada,057,99092,40,34,1,35,1
2020-04-19,Orange,059,3164182,2510,1591,21,1612,32
2020-04-19,Placer,061,380077,154,131,0,131,8
2020-04-19,Plumas,063,18699,4,4,0,4,0
2020-04-19,Riverside,065,2383286,3726,2316,14,2330,56
2020-04-19,Sacramento,067,1510023,1013,912,0,912,32
2020-04-19,San Benito,069,59416,42,40,0,40,2
2020-04-19,San Bernardino,071,2135413,1878,1262,1,1263,58
2020-04-19,San Diego,073,3302833,3101,2270,0,2270,71
2020-04-19,San Francisco,075,870044,1468,1153,0,1153,19
2020-04-19,San Joaquin,077,732212,506,404,3,407,17
2020-04-19,San Luis Obispo,079,281455,200,132,3,135,1
2020-04-19,San Mateo,081,765935,1163,845,2,847,31
2020-04-19,Santa Barbara,083,443738,462,377,2,379,3
2020-04-19,Santa Clara,085,1922200,2306,1878,5,1883,81
2020-04-19,Santa Cruz,087,273765,126,98,0,98,2
2020-04-19,Shasta,089,179085,31,26,0,26,3
2020-04-19,Sierra,091,2930,0,0,0,0,0
2020-04-19,Siskiyou,093,43540,5,5,0,5,0
2020-04-19,Solano,095,438530,228,174,0,174,2
2020-04-19,Sonoma,097,501317,211,172,0,172,1
2020-04-19,Stanislaus,099,539301,293,221,4,225,3
2020-04-19,Sutter,101,95872,26,21,0,21,2
2020-04-19,Tehama,103,63373,1,1,0,1,1
2020-04-19,Trinity,105,12862,0,0,0,0,0
2020-04-19,Tulare,107,460477,613,391,5,396,17
2020-04-19,Tuolumne,109,53932,3,2,0,2,0
2020-04-19,Ventura,111,848112,557,418,1,419,13
2020-04-19,Yolo,113,214977,173,120,0,120,5
2020-04-19,Yuba,115,75493,16,15,0,15,1
2020-04-18,Alameda,001,1643700,1466,1085,2,1087,40
2020-04-18,Alpine,002,1148,1,1,0,1,0
2020-04-18,Amador,005,37829,7,7,0,7,0
2020-04-18,Butte,007,227075,22,15,2,17,0
2020-04-18,Calaveras,009,45235,12,12,0,12,0
2020-04-18,Colusa,011,21464,3,3,0,3,0
2020-04-18,Contra Costa,013,1133247,856,721,0,721,17
2020-04-18,Del Norte,015,27424,2,2,0,2,0
2020-04-18,El Dorado,017,186661,54,36,0,36,0
2020-04-18,Fresno,019,978130,621,319,6,325,7
2020-04-18,Glenn,021,27897,4,3,0,3,0
2020-04-18,Humboldt,023,135768,58,52,0,52,0
2020-04-18,Imperial,025,180216,309,137,0,137,2
2020-04-18,Inyo,027,18085,19,17,0,17,0
2020-04-18,Kern,029,883053,829,626,1,627,3
2020-04-18,Kings,031,150075,66,17,0,17,1
2020-04-18,Lake,033,64148,6,6,0,6,0
2020-04-18,Lassen,035,31185,3,0,2,2,0
2020-04-18,Los Angeles,037,10098052,19332,11984,15,11999,566
2020-04-18,Madera,039,155013,71,34,1,35,2
2020-04-18,Marin,041,260295,210,193,1,194,10
2020-04-18,Mariposa,043,17540,2,0,0,0,0
2020-04-18,Mendocino,045,87422,6,4,0,4,0
2020-04-18,Merced,047,269075,128,82,0,82,3
2020-04-18,Modoc,049,8938,0,0,0,0,0
2020-04-18,Mono,051,14174,29,22,0,22,1
2020-04-18,Monterey,053,433212,201,135,0,135,3
2020-04-18,Napa,055,140530,64,49,0,49,2
2020-04-18,Nevada,057,99092,39,34,1,35,1
2020-04-18,Orange,059,3164182,2445,1569,20,1589,32
2020-04-18,Placer,061,380077,152,130,0,130,8
2020-04-18,Plumas,063,18699,4,4,0,4,0
2020-04-18,Riverside,065,2383286,3651,2257,14,2271,56
2020-04-18,Sacramento,067,1510023,1001,901,0,901,32
2020-04-18,San Benito,069,59416,42,40,0,40,2
2020-04-18,San Bernardino,071,2135413,1833,1255,1,1256,58
2020-04-18,San Diego,073,3302833,2999,2215,0,2215,71
2020-04-18,San Francisco,075,870044,1429,1144,0,1144,19
2020-04-18,San Joaquin,077,732212,497,392,3,395,17
2020-04-18,San Luis Obispo,079,281455,196,129,3,132,1
2020-04-18,San Mateo,081,765935,1141,821,2,823,31
2020-04-18,Santa Barbara,083,443738,456,372,2,374,3
2020-04-18,Santa Clara,085,1922200,2273,1862,5,1867,79
2020-04-18,Santa Cruz,087,273765,124,96,0,96,2
2020-04-18,Shasta,089,179085,31,26,0,26,3
2020-04-18,Sierra,091,2930,0,0,0,0,0
2020-04-18,Siskiyou,093,43540,5,5,0,5,0
2020-04-18,Solano,095,438530,225,175,0,175,2
2020-04-18,Sonoma,097,501317,207,168,0,168,1
2020-04-18,Stanislaus,099,539301,285,216,4,220,3
2020-04-18,Sutter,101,95872,26,21,0,21,2
2020-04-18,Tehama,103,63373,1,1,0,1,1
2020-04-18,Trinity,105,12862,0,0,0,0,0
2020-04-18,Tulare,107,460477,602,385,5,390,17
2020-04-18,Tuolumne,109,53932,3,2,0,2,0
2020-04-18,Ventura,111,848112,549,416,1,417,13
2020-04-18,Yolo,113,214977,171,118,0,118,5
2020-04-18,Yuba,115,75493,16,14,0,14,1
2020-04-17,Alameda,001,1643700,1411,1043,1,1044,40
2020-04-17,Alpine,002,1148,1,1,0,1,0
2020-04-17,Amador,005,37829,7,7,0,7,0
2020-04-17,Butte,007,227075,22,15,2,17,0
2020-04-17,Calaveras,009,45235,12,11,0,11,0
2020-04-17,Colusa,011,21464,3,3,0,3,0
2020-04-17,Contra Costa,013,1133247,845,687,0,687,15
2020-04-17,Del Norte,015,27424,2,2,0,2,0
2020-04-17,El Dorado,017,186661,54,35,0,35,0
2020-04-17,Fresno,019,978130,599,315,6,321,7
2020-04-17,Glenn,021,27897,4,3,0,3,0
2020-04-17,Humboldt,023,135768,57,52,0,52,0
2020-04-17,Imperial,025,180216,300,135,0,135,2
2020-04-17,Inyo,027,18085,19,17,0,17,0
2020-04-17,Kern,029,883053,809,612,1,613,3
2020-04-17,Kings,031,150075,64,15,0,15,1
2020-04-17,Lake,033,64148,6,6,0,6,0
2020-04-17,Lassen,035,31185,3,0,2,2,0
2020-04-17,Los Angeles,037,10098052,18692,11354,15,11369,489
2020-04-17,Madera,039,155013,71,34,1,35,2
2020-04-17,Marin,041,260295,207,189,1,190,10
2020-04-17,Mariposa,043,17540,1,0,0,0,0
2020-04-17,Mendocino,045,87422,6,4,0,4,0
2020-04-17,Merced,047,269075,127,80,0,80,3
2020-04-17,Modoc,049,8938,0,0,0,0,0
2020-04-17,Mono,051,14174,29,22,0,22,1
2020-04-17,Monterey,053,433212,196,119,0,119,3
2020-04-17,Napa,055,140530,62,46,0,46,2
2020-04-17,Nevada,057,99092,38,34,1,35,1
2020-04-17,Orange,059,3164182,2394,1496,20,1516,31
2020-04-17,Placer,061,380077,152,130,0,130,8
2020-04-17,Plumas,063,18699,4,4,0,4,0
2020-04-17,Riverside,065,2383286,3524,2080,14,2094,50
2020-04-17,Sacramento,067,1510023,994,882,0,882,32
2020-04-17,San Benito,069,59416,42,38,0,38,2
2020-04-17,San Bernardino,071,2135413,1794,1229,1,1230,57
2020-04-17,San Diego,073,3302833,2909,2160,0,2160,70
2020-04-17,San Francisco,075,870044,1404,1090,0,1090,19
2020-04-17,San Joaquin,077,732212,486,356,3,359,17
2020-04-17,San Luis Obispo,079,281455,189,116,3,119,1
2020-04-17,San Mateo,081,765935,1125,768,2,770,31
2020-04-17,Santa Barbara,083,443738,451,349,2,351,3
2020-04-17,Santa Clara,085,1922200,2237,1834,5,1839,74
2020-04-17,Santa Cruz,087,273765,123,94,0,94,2
2020-04-17,Shasta,089,179085,31,26,0,26,3
2020-04-17,Sierra,091,2930,0,0,0,0,0
2020-04-17,Siskiyou,093,43540,5,5,0,5,0
2020-04-17,Solano,095,438530,224,173,0,173,2
2020-04-17,Sonoma,097,501317,204,167,0,167,1
2020-04-17,Stanislaus,099,539301,283,201,4,205,3
2020-04-17,Sutter,101,95872,26,20,0,20,2
2020-04-17,Tehama,103,63373,1,1,0,1,1
2020-04-17,Trinity,105,12862,0,0,0,0,0
2020-04-17,Tulare,107,460477,595,370,5,375,17
2020-04-17,Tuolumne,109,53932,3,2,0,2,0
2020-04-17,Ventura,111,848112,544,398,1,399,13
2020-04-17,Yolo,113,214977,170,117,0,117,5
2020-04-17,Yuba,115,75493,16,14,0,14,1
2020-04-16,Alameda,001,1643700,1378,981,1,982,39
2020-04-16,Alpine,002,1148,1,1,0,1,0
2020-04-16,Amador,005,37829,7,7,0,7,0
2020-04-16,Butte,007,227075,21,15,2,17,0
2020-04-16,Calaveras,009,45235,12,10,0,10,0
2020-04-16,Colusa,011,21464,3,3,0,3,0
2020-04-16,Contra Costa,013,1133247,831,675,0,675,14
2020-04-16,Del Norte,015,27424,2,2,0,2,0
2020-04-16,El Dorado,017,186661,53,34,0,34,0
2020-04-16,Fresno,019,978130,569,289,6,295,7
2020-04-16,Glenn,021,27897,4,3,0,3,0
2020-04-16,Humboldt,023,135768,57,47,0,47,0
2020-04-16,Imperial,025,180216,285,132,0,132,2
2020-04-16,Inyo,027,18085,17,17,0,17,0
2020-04-16,Kern,029,883053,782,587,1,588,3
2020-04-16,Kings,031,150075,60,12,0,12,1
2020-04-16,Lake,033,64148,6,6,0,6,0
2020-04-16,Lassen,035,31185,3,0,2,2,0
2020-04-16,Los Angeles,037,10098052,17801,10786,15,10801,447
2020-04-16,Madera,039,155013,69,34,1,35,2
2020-04-16,Marin,041,260295,203,170,1,171,10
2020-04-16,Mariposa,043,17540,1,1,0,1,0
2020-04-16,Mendocino,045,87422,6,4,0,4,0
2020-04-16,Merced,047,269075,121,76,0,76,3
2020-04-16,Modoc,049,8938,0,0,0,0,0
2020-04-16,Mono,051,14174,29,22,0,22,1
2020-04-16,Monterey,053,433212,193,116,0,116,3
2020-04-16,Napa,055,140530,59,44,0,44,2
2020-04-16,Nevada,057,99092,38,34,1,35,1
2020-04-16,Orange,059,3164182,2329,1439,19,1458,28
2020-04-16,Placer,061,380077,150,129,0,129,7
2020-04-16,Plumas,063,18699,4,4,0,4,0
2020-04-16,Riverside,065,2383286,3404,1913,14,1927,45
2020-04-16,Sacramento,067,1510023,986,865,0,865,32
2020-04-16,San Benito,069,59416,42,36,0,36,2
2020-04-16,San Bernardino,071,2135413,1713,1143,0,1143,54
2020-04-16,San Diego,073,3302833,2801,2089,0,2089,63
2020-04-16,San Francisco,075,870044,1360,1039,0,1039,16
2020-04-16,San Joaquin,077,732212,471,345,3,348,17
2020-04-16,San Luis Obispo,079,281455,185,113,3,116,1
2020-04-16,San Mateo,081,765935,1096,745,2,747,29
2020-04-16,Santa Barbara,083,443738,440,331,2,333,3
2020-04-16,Santa Clara,085,1922200,2200,1789,5,1794,70
2020-04-16,Santa Cruz,087,273765,121,90,0,90,2
2020-04-16,Shasta,089,179085,31,25,0,25,3
2020-04-16,Sierra,091,2930,0,0,0,0,0
2020-04-16,Siskiyou,093,43540,5,5,0,5,0
2020-04-16,Solano,095,438530,221,162,0,162,2
2020-04-16,Sonoma,097,501317,199,145,0,145,1
2020-04-16,Stanislaus,099,539301,280,185,4,189,3
2020-04-16,Sutter,101,95872,25,21,0,21,2
2020-04-16,Tehama,103,63373,1,1,0,1,1
2020-04-16,Trinity,105,12862,0,0,0,0,0
2020-04-16,Tulare,107,460477,578,305,5,310,16
2020-04-16,Tuolumne,109,53932,3,1,0,1,0
2020-04-16,Ventura,111,848112,532,384,1,385,13
2020-04-16,Yolo,113,214977,168,98,0,98,4
2020-04-16,Yuba,115,75493,15,14,0,14,1
2020-04-15,Alameda,001,1643700,1328,915,1,916,38
2020-04-15,Alpine,002,1148,1,1,0,1,0
2020-04-15,Amador,005,37829,7,7,0,7,0
2020-04-15,Butte,007,227075,21,14,2,16,0
2020-04-15,Calaveras,009,45235,11,9,0,9,0
2020-04-15,Colusa,011,21464,3,3,0,3,0
2020-04-15,Contra Costa,013,1133247,809,645,0,645,14
2020-04-15,Del Norte,015,27424,2,2,0,2,0
2020-04-15,El Dorado,017,186661,51,33,0,33,0
2020-04-15,Fresno,019,978130,543,264,6,270,7
2020-04-15,Glenn,021,27897,4,3,0,3,0
2020-04-15,Humboldt,023,135768,57,47,0,47,0
2020-04-15,Imperial,025,180216,259,115,0,115,2
2020-04-15,Inyo,027,18085,17,12,0,12,0
2020-04-15,Kern,029,883053,760,500,1,501,3
2020-04-15,Kings,031,150075,56,12,0,12,1
2020-04-15,Lake,033,64148,6,4,0,4,0
2020-04-15,Lassen,035,31185,3,0,2,2,0
2020-04-15,Los Angeles,037,10098052,16978,10416,15,10431,394
2020-04-15,Madera,039,155013,69,30,1,31,2
2020-04-15,Marin,041,260295,200,162,1,163,10
2020-04-15,Mariposa,043,17540,0,0,0,0,0
2020-04-15,Mendocino,045,87422,5,4,0,4,0
2020-04-15,Merced,047,269075,119,74,0,74,3
2020-04-15,Modoc,049,8938,0,0,0,0,0
2020-04-15,Mono,051,14174,29,22,0,22,1
2020-04-15,Monterey,053,433212,185,106,0,106,3
2020-04-15,Napa,055,140530,56,34,0,34,2
2020-04-15,Nevada,057,99092,37,34,1,35,1
2020-04-15,Orange,059,3164182,2226,1377,19,1396,24
2020-04-15,Placer,061,380077,149,123,0,123,6
2020-04-15,Plumas,063,18699,4,4,0,4,0
2020-04-15,Riverside,065,2383286,3209,1723,14,1737,42
2020-04-15,Sacramento,067,1510023,977,839,0,839,32
2020-04-15,San Benito,069,59416,42,34,0,34,2
2020-04-15,San Bernardino,071,2135413,1643,1063,0,1063,45
2020-04-15,San Diego,073,3302833,2713,2014,0,2014,60
2020-04-15,San Francisco,075,870044,1324,1006,0,1006,16
2020-04-15,San Joaquin,077,732212,463,329,3,332,17
2020-04-15,San Luis Obispo,079,281455,177,112,3,115,1
2020-04-15,San Mateo,081,765935,1047,707,2,709,28
2020-04-15,Santa Barbara,083,443738,424,317,2,319,2
2020-04-15,Santa Clara,085,1922200,2161,1692,5,1697,69
2020-04-15,Santa Cruz,087,273765,117,92,0,92,2
2020-04-15,Shasta,089,179085,31,25,0,25,3
2020-04-15,Sierra,091,2930,0,0,0,0,0
2020-04-15,Siskiyou,093,43540,5,5,0,5,0
2020-04-15,Solano,095,438530,216,153,0,153,2
2020-04-15,Sonoma,097,501317,197,140,0,140,1
2020-04-15,Stanislaus,099,539301,273,174,4,178,3
2020-04-15,Sutter,101,95872,25,19,0,19,2
2020-04-15,Tehama,103,63373,1,1,0,1,1
2020-04-15,Trinity,105,12862,0,0,0,0,0
2020-04-15,Tulare,107,460477,560,289,5,294,14
2020-04-15,Tuolumne,109,53932,3,1,0,1,0
2020-04-15,Ventura,111,848112,517,365,1,366,13
2020-04-15,Yolo,113,214977,161,93,0,93,3
2020-04-15,Yuba,115,75493,15,15,0,15,1
2020-04-14,Alameda,001,1643700,1283,843,1,844,30
2020-04-14,Alpine,002,1148,1,1,0,1,0
2020-04-14,Amador,005,37829,7,6,0,6,0
2020-04-14,Butte,007,227075,21,13,2,15,0
2020-04-14,Calaveras,009,45235,11,5,0,5,0
2020-04-14,Colusa,011,21464,3,3,0,3,0
2020-04-14,Contra Costa,013,1133247,797,617,0,617,12
2020-04-14,Del Norte,015,27424,2,2,0,2,0
2020-04-14,El Dorado,017,186661,51,30,0,30,0
2020-04-14,Fresno,019,978130,520,244,6,250,6
2020-04-14,Glenn,021,27897,4,3,0,3,0
2020-04-14,Humboldt,023,135768,57,44,0,44,0
2020-04-14,Imperial,025,180216,239,86,0,86,2
2020-04-14,Inyo,027,18085,17,12,0,12,0
2020-04-14,Kern,029,883053,736,453,1,454,3
2020-04-14,Kings,031,150075,55,12,0,12,1
2020-04-14,Lake,033,64148,6,3,0,3,0
2020-04-14,Lassen,035,31185,3,0,2,2,0
2020-04-14,Los Angeles,037,10098052,16085,9948,14,9962,357
2020-04-14,Madera,039,155013,68,29,1,30,2
2020-04-14,Marin,041,260295,196,147,1,148,9
2020-04-14,Mariposa,043,17540,0,0,0,0,0
2020-04-14,Mendocino,045,87422,5,4,0,4,0
2020-04-14,Merced,047,269075,112,61,0,61,3
2020-04-14,Modoc,049,8938,0,0,0,0,0
2020-04-14,Mono,051,14174,29,22,0,22,1
2020-04-14,Monterey,053,433212,180,98,0,98,3
2020-04-14,Napa,055,140530,56,33,0,33,2
2020-04-14,Nevada,057,99092,37,34,1,35,1
2020-04-14,Orange,059,3164182,2126,1362,19,1381,24
2020-04-14,Placer,061,380077,148,117,0,117,5
2020-04-14,Plumas,063,18699,4,3,0,3,0
2020-04-14,Riverside,065,2383286,3074,1467,14,1481,40
2020-04-14,Sacramento,067,1510023,968,737,0,737,29
2020-04-14,San Benito,069,59416,39,34,0,34,2
2020-04-14,San Bernardino,071,2135413,1588,933,0,933,37
2020-04-14,San Diego,073,3302833,2618,1932,0,1932,53
2020-04-14,San Francisco,075,870044,1270,968,0,968,14
2020-04-14,San Joaquin,077,732212,453,280,3,283,17
2020-04-14,San Luis Obispo,079,281455,174,109,3,112,1
2020-04-14,San Mateo,081,765935,1013,681,2,683,28
2020-04-14,Santa Barbara,083,443738,400,292,2,294,2
2020-04-14,Santa Clara,085,1922200,2128,1561,5,1566,63
2020-04-14,Santa Cruz,087,273765,109,84,0,84,2
2020-04-14,Shasta,089,179085,31,24,0,24,3
2020-04-14,Sierra,091,2930,0,0,0,0,0
2020-04-14,Siskiyou,093,43540,5,5,0,5,0
2020-04-14,Solano,095,438530,213,140,0,140,2
2020-04-14,Sonoma,097,501317,193,133,0,133,1
2020-04-14,Stanislaus,099,539301,260,136,4,140,3
2020-04-14,Sutter,101,95872,24,19,0,19,2
2020-04-14,Tehama,103,63373,1,1,0,1,1
2020-04-14,Trinity,105,12862,0,0,0,0,0
2020-04-14,Tulare,107,460477,536,228,5,233,12
2020-04-14,Tuolumne,109,53932,3,0,0,0,0
2020-04-14,Ventura,111,848112,504,328,1,329,11
2020-04-14,Yolo,113,214977,158,81,0,81,3
2020-04-14,Yuba,115,75493,14,14,0,14,1
2020-04-13,Alameda,001,1643700,1245,821,1,822,23
2020-04-13,Alpine,002,1148,1,1,0,1,0
2020-04-13,Amador,005,37829,7,6,0,6,0
2020-04-13,Butte,007,227075,20,13,2,15,0
2020-04-13,Calaveras,009,45235,10,5,0,5,0
2020-04-13,Colusa,011,21464,3,3,0,3,0
2020-04-13,Contra Costa,013,1133247,781,569,0,569,12
2020-04-13,Del Norte,015,27424,2,2,0,2,0
2020-04-13,El Dorado,017,186661,49,29,0,29,0
2020-04-13,Fresno,019,978130,498,205,5,210,4
2020-04-13,Glenn,021,27897,4,3,0,3,0
2020-04-13,Humboldt,023,135768,57,44,0,44,0
2020-04-13,Imperial,025,180216,221,82,0,82,2
2020-04-13,Inyo,027,18085,17,12,0,12,0
2020-04-13,Kern,029,883053,711,346,1,347,3
2020-04-13,Kings,031,150075,51,9,0,9,0
2020-04-13,Lake,033,64148,6,3,0,3,0
2020-04-13,Lassen,035,31185,3,0,2,2,0
2020-04-13,Los Angeles,037,10098052,15364,9367,14,9381,317
2020-04-13,Madera,039,155013,66,29,1,30,2
2020-04-13,Marin,041,260295,192,144,1,145,6
2020-04-13,Mariposa,043,17540,0,0,0,0,0
2020-04-13,Mendocino,045,87422,5,4,0,4,0
2020-04-13,Merced,047,269075,111,60,0,60,3
2020-04-13,Modoc,049,8938,0,0,0,0,0
2020-04-13,Mono,051,14174,29,21,0,21,1
2020-04-13,Monterey,053,433212,173,86,0,86,3
2020-04-13,Napa,055,140530,55,30,0,30,2
2020-04-13,Nevada,057,99092,37,24,1,25,1
2020-04-13,Orange,059,3164182,2054,1313,19,1332,21
2020-04-13,Placer,061,380077,147,116,0,116,5
2020-04-13,Plumas,063,18699,4,3,0,3,0
2020-04-13,Riverside,065,2383286,2933,1460,13,1473,35
2020-04-13,Sacramento,067,1510023,956,723,0,723,25
2020-04-13,San Benito,069,59416,38,33,0,33,2
2020-04-13,San Bernardino,071,2135413,1513,920,0,920,30
2020-04-13,San Diego,073,3302833,2535,1849,0,1849,47
2020-04-13,San Francisco,075,870044,1232,948,0,948,12
2020-04-13,San Joaquin,077,732212,438,255,3,258,16
2020-04-13,San Luis Obispo,079,281455,169,106,3,109,1
2020-04-13,San Mateo,081,765935,973,679,2,681,25
2020-04-13,Santa Barbara,083,443738,381,271,1,272,2
2020-04-13,Santa Clara,085,1922200,2082,1540,5,1545,58
2020-04-13,Santa Cruz,087,273765,103,82,0,82,1
2020-04-13,Shasta,089,179085,30,24,0,24,3
2020-04-13,Sierra,091,2930,0,0,0,0,0
2020-04-13,Siskiyou,093,43540,5,5,0,5,0
2020-04-13,Solano,095,438530,210,136,0,136,2
2020-04-13,Sonoma,097,501317,186,133,0,133,1
2020-04-13,Stanislaus,099,539301,254,130,4,134,1
2020-04-13,Sutter,101,95872,24,18,0,18,2
2020-04-13,Tehama,103,63373,1,1,0,1,0
2020-04-13,Trinity,105,12862,0,0,0,0,0
2020-04-13,Tulare,107,460477,500,185,5,190,11
2020-04-13,Tuolumne,109,53932,3,0,0,0,0
2020-04-13,Ventura,111,848112,483,309,0,309,9
2020-04-13,Yolo,113,214977,152,81,0,81,3
2020-04-13,Yuba,115,75493,14,13,0,13,1
2020-04-12,Alameda,001,1643700,1202,774,1,775,23
2020-04-12,Alpine,002,1148,1,1,0,1,0
2020-04-12,Amador,005,37829,7,6,0,6,0
2020-04-12,Butte,007,227075,20,13,2,15,0
2020-04-12,Calaveras,009,45235,10,5,0,5,0
2020-04-12,Colusa,011,21464,3,3,0,3,0
2020-04-12,Contra Costa,013,1133247,768,553,0,553,12
2020-04-12,Del Norte,015,27424,2,2,0,2,0
2020-04-12,El Dorado,017,186661,49,28,0,28,0
2020-04-12,Fresno,019,978130,469,205,5,210,4
2020-04-12,Glenn,021,27897,4,3,0,3,0
2020-04-12,Humboldt,023,135768,57,43,0,43,0
2020-04-12,Imperial,025,180216,198,78,0,78,2
2020-04-12,Inyo,027,18085,15,12,0,12,0
2020-04-12,Kern,029,883053,679,319,0,319,3
2020-04-12,Kings,031,150075,49,9,0,9,0
2020-04-12,Lake,033,64148,6,3,0,3,0
2020-04-12,Lassen,035,31185,3,0,2,2,0
2020-04-12,Los Angeles,037,10098052,14643,9133,14,9147,294
2020-04-12,Madera,039,155013,65,29,1,30,2
2020-04-12,Marin,041,260295,181,138,1,139,6
2020-04-12,Mariposa,043,17540,0,0,0,0,0
2020-04-12,Mendocino,045,87422,5,4,0,4,0
2020-04-12,Merced,047,269075,107,58,0,58,3
2020-04-12,Modoc,049,8938,0,0,0,0,0
2020-04-12,Mono,051,14174,29,20,0,20,1
2020-04-12,Monterey,053,433212,159,85,0,85,3
2020-04-12,Napa,055,140530,53,29,0,29,2
2020-04-12,Nevada,057,99092,37,24,1,25,1
2020-04-12,Orange,059,3164182,1994,1283,18,1301,21
2020-04-12,Placer,061,380077,146,114,0,114,4
2020-04-12,Plumas,063,18699,4,3,0,3,0
2020-04-12,Riverside,065,2383286,2751,1330,13,1343,34
2020-04-12,Sacramento,067,1510023,919,689,0,689,25
2020-04-12,San Benito,069,59416,36,33,0,33,2
2020-04-12,San Bernardino,071,2135413,1437,827,0,827,30
2020-04-12,San Diego,073,3302833,2445,1806,0,1806,45
2020-04-12,San Francisco,075,870044,1205,886,0,886,11
2020-04-12,San Joaquin,077,732212,420,246,3,249,15
2020-04-12,San Luis Obispo,079,281455,166,102,2,104,1
2020-04-12,San Mateo,081,765935,947,664,2,666,25
2020-04-12,Santa Barbara,083,443738,362,261,1,262,2
2020-04-12,Santa Clara,085,1922200,2054,1461,5,1466,53
2020-04-12,Santa Cruz,087,273765,102,80,0,80,1
2020-04-12,Shasta,089,179085,30,24,0,24,3
2020-04-12,Sierra,091,2930,0,0,0,0,0
2020-04-12,Siskiyou,093,43540,5,5,0,5,0
2020-04-12,Solano,095,438530,204,136,0,136,2
2020-04-12,Sonoma,097,501317,183,131,0,131,1
2020-04-12,Stanislaus,099,539301,246,117,4,121,1
2020-04-12,Sutter,101,95872,23,18,0,18,2
2020-04-12,Tehama,103,63373,1,1,0,1,0
2020-04-12,Trinity,105,12862,0,0,0,0,0
2020-04-12,Tulare,107,460477,488,166,5,171,11
2020-04-12,Tuolumne,109,53932,3,0,0,0,0
2020-04-12,Ventura,111,848112,473,306,0,306,9
2020-04-12,Yolo,113,214977,138,67,0,67,3
2020-04-12,Yuba,115,75493,14,13,0,13,1
2020-04-11,Alameda,001,1643700,1160,751,1,752,23
2020-04-11,Alpine,002,1148,1,1,0,1,0
2020-04-11,Amador,005,37829,7,6,0,6,0
2020-04-11,Butte,007,227075,20,13,2,15,0
2020-04-11,Calaveras,009,45235,10,5,0,5,0
2020-04-11,Colusa,011,21464,3,3,0,3,0
2020-04-11,Contra Costa,013,1133247,759,550,0,550,12
2020-04-11,Del Norte,015,27424,2,2,0,2,0
2020-04-11,El Dorado,017,186661,48,29,0,29,0
2020-04-11,Fresno,019,978130,459,201,5,206,4
2020-04-11,Glenn,021,27897,4,3,0,3,0
2020-04-11,Humboldt,023,135768,57,38,0,38,0
2020-04-11,Imperial,025,180216,188,78,0,78,2
2020-04-11,Inyo,027,18085,15,12,0,12,0
2020-04-11,Kern,029,883053,651,304,0,304,3
2020-04-11,Kings,031,150075,46,9,0,9,0
2020-04-11,Lake,033,64148,6,3,0,3,0
2020-04-11,Lassen,035,31185,3,0,2,2,0
2020-04-11,Los Angeles,037,10098052,14167,8823,14,8837,262
2020-04-11,Madera,039,155013,64,29,1,30,2
2020-04-11,Marin,041,260295,178,136,1,137,6
2020-04-11,Mariposa,043,17540,0,0,0,0,0
2020-04-11,Mendocino,045,87422,5,4,0,4,0
2020-04-11,Merced,047,269075,104,59,0,59,3
2020-04-11,Modoc,049,8938,0,0,0,0,0
2020-04-11,Mono,051,14174,29,20,0,20,1
2020-04-11,Monterey,053,433212,153,78,0,78,3
2020-04-11,Napa,055,140530,53,29,0,29,2
2020-04-11,Nevada,057,99092,37,24,1,25,1
2020-04-11,Orange,059,3164182,1932,1267,18,1285,21
2020-04-11,Placer,061,380077,146,113,0,113,4
2020-04-11,Plumas,063,18699,4,3,0,3,0
2020-04-11,Riverside,065,2383286,2672,1260,13,1273,33
2020-04-11,Sacramento,067,1510023,908,685,0,685,25
2020-04-11,San Benito,069,59416,36,33,0,33,2
2020-04-11,San Bernardino,071,2135413,1401,826,0,826,28
2020-04-11,San Diego,073,3302833,2379,1763,0,1763,45
2020-04-11,San Francisco,075,870044,1183,860,0,860,11
2020-04-11,San Joaquin,077,732212,415,244,3,247,15
2020-04-11,San Luis Obispo,079,281455,166,100,1,101,1
2020-04-11,San Mateo,081,765935,935,662,2,664,25
2020-04-11,Santa Barbara,083,443738,354,258,1,259,2
2020-04-11,Santa Clara,085,1922200,1995,1441,5,1446,51
2020-04-11,Santa Cruz,087,273765,102,79,0,79,1
2020-04-11,Shasta,089,179085,30,24,0,24,3
2020-04-11,Sierra,091,2930,0,0,0,0,0
2020-04-11,Siskiyou,093,43540,5,5,0,5,0
2020-04-11,Solano,095,438530,200,138,0,138,2
2020-04-11,Sonoma,097,501317,181,131,0,131,1
2020-04-11,Stanislaus,099,539301,238,119,3,122,1
2020-04-11,Sutter,101,95872,23,18,0,18,2
2020-04-11,Tehama,103,63373,1,1,0,1,0
2020-04-11,Trinity,105,12862,0,0,0,0,0
2020-04-11,Tulare,107,460477,466,168,5,173,10
2020-04-11,Tuolumne,109,53932,3,0,0,0,0
2020-04-11,Ventura,111,848112,463,304,0,304,9
2020-04-11,Yolo,113,214977,135,67,0,67,3
2020-04-11,Yuba,115,75493,14,13,0,13,1
2020-04-10,Alameda,001,1643700,1119,706,1,707,21
2020-04-10,Alpine,002,1148,1,1,0,1,0
2020-04-10,Amador,005,37829,7,5,0,5,0
2020-04-10,Butte,007,227075,20,13,2,15,0
2020-04-10,Calaveras,009,45235,10,5,0,5,0
2020-04-10,Colusa,011,21464,3,3,0,3,0
2020-04-10,Contra Costa,013,1133247,746,537,0,537,10
2020-04-10,Del Norte,015,27424,2,2,0,2,0
2020-04-10,El Dorado,017,186661,48,26,0,26,0
2020-04-10,Fresno,019,978130,452,186,4,190,3
2020-04-10,Glenn,021,27897,4,3,0,3,0
2020-04-10,Humboldt,023,135768,57,36,0,36,0
2020-04-10,Imperial,025,180216,181,70,0,70,2
2020-04-10,Inyo,027,18085,13,11,0,11,0
2020-04-10,Kern,029,883053,627,272,0,272,3
2020-04-10,Kings,031,150075,43,7,0,7,0
2020-04-10,Lake,033,64148,6,3,0,3,0
2020-04-10,Lassen,035,31185,3,0,2,2,0
2020-04-10,Los Angeles,037,10098052,13650,8384,13,8397,239
2020-04-10,Madera,039,155013,63,29,1,30,2
2020-04-10,Marin,041,260295,173,128,1,129,6
2020-04-10,Mariposa,043,17540,0,0,0,0,0
2020-04-10,Mendocino,045,87422,5,4,0,4,0
2020-04-10,Merced,047,269075,102,56,0,56,3
2020-04-10,Modoc,049,8938,0,0,0,0,0
2020-04-10,Mono,051,14174,29,20,0,20,1
2020-04-10,Monterey,053,433212,142,78,0,78,3
2020-04-10,Napa,055,140530,50,28,0,28,2
2020-04-10,Nevada,057,99092,37,23,1,24,1
2020-04-10,Orange,059,3164182,1885,1167,18,1185,21
2020-04-10,Placer,061,380077,145,112,0,112,4
2020-04-10,Plumas,063,18699,4,3,0,3,0
2020-04-10,Riverside,065,2383286,2606,1162,13,1175,30
2020-04-10,Sacramento,067,1510023,899,642,0,642,24
2020-04-10,San Benito,069,59416,36,32,0,32,2
2020-04-10,San Bernardino,071,2135413,1353,779,0,779,27
2020-04-10,San Diego,073,3302833,2319,1695,0,1695,44
2020-04-10,San Francisco,075,870044,1152,797,0,797,10
2020-04-10,San Joaquin,077,732212,403,234,3,237,14
2020-04-10,San Luis Obispo,079,281455,166,97,1,98,1
2020-04-10,San Mateo,081,765935,919,642,2,644,24
2020-04-10,Santa Barbara,083,443738,346,254,1,255,2
2020-04-10,Santa Clara,085,1922200,1943,1351,5,1356,50
2020-04-10,Santa Cruz,087,273765,101,75,0,75,1
2020-04-10,Shasta,089,179085,30,24,0,24,3
2020-04-10,Sierra,091,2930,0,0,0,0,0
2020-04-10,Siskiyou,093,43540,5,5,0,5,0
2020-04-10,Solano,095,438530,197,129,0,129,2
2020-04-10,Sonoma,097,501317,180,129,0,129,1
2020-04-10,Stanislaus,099,539301,231,101,3,104,0
2020-04-10,Sutter,101,95872,23,18,0,18,2
2020-04-10,Tehama,103,63373,1,1,0,1,0
2020-04-10,Trinity,105,12862,0,0,0,0,0
2020-04-10,Tulare,107,460477,424,163,5,168,10
2020-04-10,Tuolumne,109,53932,3,0,0,0,0
2020-04-10,Ventura,111,848112,454,290,0,290,9
2020-04-10,Yolo,113,214977,133,62,0,62,3
2020-04-10,Yuba,115,75493,14,13,0,13,1
2020-04-09,Alameda,001,1643700,1069,641,1,642,17
2020-04-09,Alpine,002,1148,1,1,0,1,0
2020-04-09,Amador,005,37829,7,2,0,2,0
2020-04-09,Butte,007,227075,20,12,2,14,0
2020-04-09,Calaveras,009,45235,10,5,0,5,0
2020-04-09,Colusa,011,21464,3,3,0,3,0
2020-04-09,Contra Costa,013,1133247,703,505,0,505,7
2020-04-09,Del Norte,015,27424,2,2,0,2,0
2020-04-09,El Dorado,017,186661,47,25,0,25,0
2020-04-09,Fresno,019,978130,427,165,4,169,3
2020-04-09,Glenn,021,27897,4,2,0,2,0
2020-04-09,Humboldt,023,135768,57,36,0,36,0
2020-04-09,Imperial,025,180216,160,67,0,67,2
2020-04-09,Inyo,027,18085,12,11,0,11,0
2020-04-09,Kern,029,883053,591,241,0,241,2
2020-04-09,Kings,031,150075,40,5,0,5,0
2020-04-09,Lake,033,64148,5,1,0,1,0
2020-04-09,Lassen,035,31185,3,0,2,2,0
2020-04-09,Los Angeles,037,10098052,13021,7919,13,7932,220
2020-04-09,Madera,039,155013,63,28,1,29,2
2020-04-09,Marin,041,260295,171,126,1,127,7
2020-04-09,Mariposa,043,17540,0,0,0,0,0
2020-04-09,Mendocino,045,87422,5,4,0,4,0
2020-04-09,Merced,047,269075,98,41,0,41,3
2020-04-09,Modoc,049,8938,0,0,0,0,0
2020-04-09,Mono,051,14174,29,19,0,19,1
2020-04-09,Monterey,053,433212,124,70,0,70,3
2020-04-09,Napa,055,140530,46,27,0,27,2
2020-04-09,Nevada,057,99092,36,23,1,24,1
2020-04-09,Orange,059,3164182,1811,1105,18,1123,19
2020-04-09,Placer,061,380077,144,107,0,107,4
2020-04-09,Plumas,063,18699,4,3,0,3,0
2020-04-09,Riverside,065,2383286,2463,1083,13,1096,29
2020-04-09,Sacramento,067,1510023,876,601,0,601,21
2020-04-09,San Benito,069,59416,36,32,0,32,2
2020-04-09,San Bernardino,071,2135413,1284,717,0,717,27
2020-04-09,San Diego,073,3302833,2223,1630,0,1630,40
2020-04-09,San Francisco,075,870044,1132,748,0,748,8
2020-04-09,San Joaquin,077,732212,382,223,3,226,14
2020-04-09,San Luis Obispo,079,281455,158,93,1,94,1
2020-04-09,San Mateo,081,765935,903,630,2,632,23
2020-04-09,Santa Barbara,083,443738,336,232,1,233,2
2020-04-09,Santa Clara,085,1922200,1873,1301,5,1306,49
2020-04-09,Santa Cruz,087,273765,101,73,0,73,1
2020-04-09,Shasta,089,179085,30,22,0,22,3
2020-04-09,Sierra,091,2930,0,0,0,0,0
2020-04-09,Siskiyou,093,43540,5,4,0,4,0
2020-04-09,Solano,095,438530,188,118,0,118,2
2020-04-09,Sonoma,097,501317,176,113,0,113,1
2020-04-09,Stanislaus,099,539301,219,93,3,96,0
2020-04-09,Sutter,101,95872,23,17,0,17,2
2020-04-09,Tehama,103,63373,1,1,0,1,0
2020-04-09,Trinity,105,12862,0,0,0,0,0
2020-04-09,Tulare,107,460477,395,147,5,152,9
2020-04-09,Tuolumne,109,53932,3,0,0,0,0
2020-04-09,Ventura,111,848112,435,273,0,273,9
2020-04-09,Yolo,113,214977,124,59,0,59,3
2020-04-09,Yuba,115,75493,14,13,0,13,0
2020-04-08,Alameda,001,1643700,1027,594,1,595,15
2020-04-08,Alpine,002,1148,1,1,0,1,0
2020-04-08,Amador,005,37829,7,2,0,2,0
2020-04-08,Butte,007,227075,19,11,2,13,0
2020-04-08,Calaveras,009,45235,10,5,0,5,0
2020-04-08,Colusa,011,21464,3,3,0,3,0
2020-04-08,Contra Costa,013,1133247,690,481,0,481,7
2020-04-08,Del Norte,015,27424,2,2,0,2,0
2020-04-08,El Dorado,017,186661,47,25,0,25,0
2020-04-08,Fresno,019,978130,407,151,4,155,3
2020-04-08,Glenn,021,27897,4,2,0,2,0
2020-04-08,Humboldt,023,135768,57,40,0,40,0
2020-04-08,Imperial,025,180216,149,59,0,59,2
2020-04-08,Inyo,027,18085,12,11,0,11,0
2020-04-08,Kern,029,883053,550,198,0,198,2
2020-04-08,Kings,031,150075,40,5,0,5,0
2020-04-08,Lake,033,64148,5,1,0,1,0
2020-04-08,Lassen,035,31185,3,0,2,2,0
2020-04-08,Los Angeles,037,10098052,12423,7505,13,7518,196
2020-04-08,Madera,039,155013,62,28,1,29,2
2020-04-08,Marin,041,260295,165,125,1,126,7
2020-04-08,Mariposa,043,17540,0,0,0,0,0
2020-04-08,Mendocino,045,87422,5,4,0,4,0
2020-04-08,Merced,047,269075,87,35,0,35,1
2020-04-08,Modoc,049,8938,0,0,0,0,0
2020-04-08,Mono,051,14174,29,19,0,19,1
2020-04-08,Monterey,053,433212,115,68,0,68,3
2020-04-08,Napa,055,140530,44,21,0,21,2
2020-04-08,Nevada,057,99092,36,21,1,22,1
2020-04-08,Orange,059,3164182,1748,1034,18,1052,19
2020-04-08,Placer,061,380077,144,102,0,102,4
2020-04-08,Plumas,063,18699,4,3,0,3,0
2020-04-08,Riverside,065,2383286,2306,974,13,987,28
2020-04-08,Sacramento,067,1510023,842,565,0,565,21
2020-04-08,San Benito,069,59416,36,31,0,31,2
2020-04-08,San Bernardino,071,2135413,1227,635,0,635,22
2020-04-08,San Diego,073,3302833,2149,1532,0,1532,36
2020-04-08,San Francisco,075,870044,1065,687,0,687,7
2020-04-08,San Joaquin,077,732212,365,211,3,214,12
2020-04-08,San Luis Obispo,079,281455,156,90,1,91,1
2020-04-08,San Mateo,081,765935,888,608,2,610,22
2020-04-08,Santa Barbara,083,443738,319,221,1,222,2
2020-04-08,Santa Clara,085,1922200,1828,1257,5,1262,47
2020-04-08,Santa Cruz,087,273765,100,69,0,69,1
2020-04-08,Shasta,089,179085,30,18,0,18,3
2020-04-08,Sierra,091,2930,0,0,0,0,0
2020-04-08,Siskiyou,093,43540,5,4,0,4,0
2020-04-08,Solano,095,438530,175,111,0,111,2
2020-04-08,Sonoma,097,501317,170,107,0,107,1
2020-04-08,Stanislaus,099,539301,203,86,3,89,0
2020-04-08,Sutter,101,95872,22,17,0,17,2
2020-04-08,Tehama,103,63373,1,1,0,1,0
2020-04-08,Trinity,105,12862,0,0,0,0,0
2020-04-08,Tulare,107,460477,364,145,5,150,6
2020-04-08,Tuolumne,109,53932,3,0,0,0,0
2020-04-08,Ventura,111,848112,426,263,0,263,7
2020-04-08,Yolo,113,214977,107,56,0,56,3
2020-04-08,Yuba,115,75493,14,10,0,10,0
2020-04-07,Alameda,001,1643700,992,560,1,561,14
2020-04-07,Alpine,002,1148,1,1,0,1,0
2020-04-07,Amador,005,37829,7,2,0,2,0
2020-04-07,Butte,007,227075,18,11,2,13,0
2020-04-07,Calaveras,009,45235,9,5,0,5,0
2020-04-07,Colusa,011,21464,3,2,0,2,0
2020-04-07,Contra Costa,013,1133247,670,471,0,471,7
2020-04-07,Del Norte,015,27424,2,2,0,2,0
2020-04-07,El Dorado,017,186661,46,22,0,22,0
2020-04-07,Fresno,019,978130,393,138,4,142,3
2020-04-07,Glenn,021,27897,4,2,0,2,0
2020-04-07,Humboldt,023,135768,56,40,0,40,0
2020-04-07,Imperial,025,180216,130,53,0,53,2
2020-04-07,Inyo,027,18085,12,11,0,11,0
2020-04-07,Kern,029,883053,507,134,0,134,2
2020-04-07,Kings,031,150075,37,5,0,5,0
2020-04-07,Lake,033,64148,4,1,0,1,0
2020-04-07,Lassen,035,31185,3,0,2,2,0
2020-04-07,Los Angeles,037,10098052,11772,6885,13,6898,170
2020-04-07,Madera,039,155013,60,28,0,28,2
2020-04-07,Marin,041,260295,163,122,1,123,7
2020-04-07,Mariposa,043,17540,0,0,0,0,0
2020-04-07,Mendocino,045,87422,5,4,0,4,0
2020-04-07,Merced,047,269075,79,27,0,27,1
2020-04-07,Modoc,049,8938,0,0,0,0,0
2020-04-07,Mono,051,14174,28,18,0,18,1
2020-04-07,Monterey,053,433212,106,63,0,63,2
2020-04-07,Napa,055,140530,42,18,0,18,2
2020-04-07,Nevada,057,99092,36,20,1,21,1
2020-04-07,Orange,059,3164182,1701,971,16,987,19
2020-04-07,Placer,061,380077,139,94,0,94,3
2020-04-07,Plumas,063,18699,4,3,0,3,0
2020-04-07,Riverside,065,2383286,2149,905,13,918,25
2020-04-07,Sacramento,067,1510023,812,513,0,513,18
2020-04-07,San Benito,069,59416,36,26,0,26,2
2020-04-07,San Bernardino,071,2135413,1160,554,0,554,19
2020-04-07,San Diego,073,3302833,2072,1456,0,1456,31
2020-04-07,San Francisco,075,870044,1005,636,0,636,6
2020-04-07,San Joaquin,077,732212,347,198,3,201,12
2020-04-07,San Luis Obispo,079,281455,149,87,1,88,1
2020-04-07,San Mateo,081,765935,867,573,2,575,22
2020-04-07,Santa Barbara,083,443738,305,209,1,210,2
2020-04-07,Santa Clara,085,1922200,1759,1193,4,1197,46
2020-04-07,Santa Cruz,087,273765,100,67,0,67,1
2020-04-07,Shasta,089,179085,29,16,0,16,3
2020-04-07,Sierra,091,2930,0,0,0,0,0
2020-04-07,Siskiyou,093,43540,5,4,0,4,0
2020-04-07,Solano,095,438530,170,99,0,99,1
2020-04-07,Sonoma,097,501317,167,102,0,102,1
2020-04-07,Stanislaus,099,539301,186,83,3,86,0
2020-04-07,Sutter,101,95872,22,16,0,16,2
2020-04-07,Tehama,103,63373,1,1,0,1,0
2020-04-07,Trinity,105,12862,0,0,0,0,0
2020-04-07,Tulare,107,460477,335,144,5,149,5
2020-04-07,Tuolumne,109,53932,3,1,0,1,0
2020-04-07,Ventura,111,848112,409,247,0,247,6
2020-04-07,Yolo,113,214977,100,51,0,51,2
2020-04-07,Yuba,115,75493,14,10,0,10,0
2020-04-06,Alameda,001,1643700,961,527,1,528,13
2020-04-06,Alpine,002,1148,1,1,0,1,0
2020-04-06,Amador,005,37829,6,2,0,2,0
2020-04-06,Butte,007,227075,17,11,2,13,0
2020-04-06,Calaveras,009,45235,9,4,0,4,0
2020-04-06,Colusa,011,21464,3,1,0,1,0
2020-04-06,Contra Costa,013,1133247,645,447,0,447,7
2020-04-06,Del Norte,015,27424,2,2,0,2,0
2020-04-06,El Dorado,017,186661,44,23,0,23,0
2020-04-06,Fresno,019,978130,371,122,4,126,1
2020-04-06,Glenn,021,27897,4,2,0,2,0
2020-04-06,Humboldt,023,135768,55,37,0,37,0
2020-04-06,Imperial,025,180216,123,47,0,47,1
2020-04-06,Inyo,027,18085,11,11,0,11,0
2020-04-06,Kern,029,883053,470,117,0,117,2
2020-04-06,Kings,031,150075,37,3,0,3,0
2020-04-06,Lake,033,64148,4,1,0,1,0
2020-04-06,Lassen,035,31185,3,0,2,2,0
2020-04-06,Los Angeles,037,10098052,11042,6346,13,6359,145
2020-04-06,Madera,039,155013,58,29,0,29,2
2020-04-06,Marin,041,260295,160,119,1,120,7
2020-04-06,Mariposa,043,17540,0,0,0,0,0
2020-04-06,Mendocino,045,87422,5,4,0,4,0
2020-04-06,Merced,047,269075,74,25,0,25,1
2020-04-06,Modoc,049,8938,0,0,0,0,0
2020-04-06,Mono,051,14174,28,18,0,18,1
2020-04-06,Monterey,053,433212,101,62,0,62,2
2020-04-06,Napa,055,140530,42,18,0,18,2
2020-04-06,Nevada,057,99092,36,19,1,20,1
2020-04-06,Orange,059,3164182,1657,910,15,925,17
2020-04-06,Placer,061,380077,139,90,0,90,3
2020-04-06,Plumas,063,18699,4,2,0,2,0
2020-04-06,Riverside,065,2383286,2023,854,13,867,17
2020-04-06,Sacramento,067,1510023,782,448,0,448,15
2020-04-06,San Benito,069,59416,34,25,0,25,1
2020-04-06,San Bernardino,071,2135413,1101,550,0,550,13
2020-04-06,San Diego,073,3302833,1990,1406,0,1406,19
2020-04-06,San Francisco,075,870044,965,586,0,586,6
2020-04-06,San Joaquin,077,732212,332,191,3,194,10
2020-04-06,San Luis Obispo,079,281455,147,85,1,86,1
2020-04-06,San Mateo,081,765935,849,569,2,571,20
2020-04-06,Santa Barbara,083,443738,296,189,1,190,2
2020-04-06,Santa Clara,085,1922200,1706,1128,4,1132,43
2020-04-06,Santa Cruz,087,273765,98,65,0,65,1
2020-04-06,Shasta,089,179085,29,16,0,16,3
2020-04-06,Sierra,091,2930,0,0,0,0,0
2020-04-06,Siskiyou,093,43540,4,4,0,4,0
2020-04-06,Solano,095,438530,163,95,0,95,1
2020-04-06,Sonoma,097,501317,166,102,0,102,1
2020-04-06,Stanislaus,099,539301,170,72,3,75,0
2020-04-06,Sutter,101,95872,22,14,0,14,2
2020-04-06,Tehama,103,63373,1,1,0,1,0
2020-04-06,Trinity,105,12862,0,0,0,0,0
2020-04-06,Tulare,107,460477,319,126,5,131,5
2020-04-06,Tuolumne,109,53932,3,1,0,1,0
2020-04-06,Ventura,111,848112,391,234,0,234,6
2020-04-06,Yolo,113,214977,96,43,0,43,1
2020-04-06,Yuba,115,75493,14,8,0,8,0
2020-04-05,Alameda,001,1643700,919,475,1,476,12
2020-04-05,Alpine,002,1148,1,1,0,1,0
2020-04-05,Amador,005,37829,6,2,0,2,0
2020-04-05,Butte,007,227075,17,10,2,12,0
2020-04-05,Calaveras,009,45235,9,3,0,3,0
2020-04-05,Colusa,011,21464,3,1,0,1,0
2020-04-05,Contra Costa,013,1133247,628,415,0,415,6
2020-04-05,Del Norte,015,27424,2,1,0,1,0
2020-04-05,El Dorado,017,186661,42,19,0,19,0
2020-04-05,Fresno,019,978130,337,102,4,106,1
2020-04-05,Glenn,021,27897,4,2,0,2,0
2020-04-05,Humboldt,023,135768,55,29,0,29,0
2020-04-05,Imperial,025,180216,115,42,0,42,1
2020-04-05,Inyo,027,18085,11,10,0,10,0
2020-04-05,Kern,029,883053,415,109,0,109,2
2020-04-05,Kings,031,150075,36,4,0,4,0
2020-04-05,Lake,033,64148,4,0,0,0,0
2020-04-05,Lassen,035,31185,3,0,2,2,0
2020-04-05,Los Angeles,037,10098052,10475,5892,13,5905,130
2020-04-05,Madera,039,155013,57,27,0,27,2
2020-04-05,Marin,041,260295,160,113,1,114,6
2020-04-05,Mariposa,043,17540,0,0,0,0,0
2020-04-05,Mendocino,045,87422,5,4,0,4,0
2020-04-05,Merced,047,269075,67,16,0,16,0
2020-04-05,Modoc,049,8938,0,0,0,0,0
2020-04-05,Mono,051,14174,28,18,0,18,1
2020-04-05,Monterey,053,433212,94,61,0,61,2
2020-04-05,Napa,055,140530,40,15,0,15,2
2020-04-05,Nevada,057,99092,36,19,1,20,1
2020-04-05,Orange,059,3164182,1601,820,15,835,15
2020-04-05,Placer,061,380077,136,86,0,86,3
2020-04-05,Plumas,063,18699,3,2,0,2,0
2020-04-05,Riverside,065,2383286,1894,669,13,682,17
2020-04-05,Sacramento,067,1510023,751,393,0,393,11
2020-04-05,San Benito,069,59416,34,22,0,22,1
2020-04-05,San Bernardino,071,2135413,1028,375,0,375,13
2020-04-05,San Diego,073,3302833,1908,1328,0,1328,19
2020-04-05,San Francisco,075,870044,918,559,0,559,6
2020-04-05,San Joaquin,077,732212,317,179,3,182,10
2020-04-05,San Luis Obispo,079,281455,145,83,1,84,1
2020-04-05,San Mateo,081,765935,829,528,2,530,19
2020-04-05,Santa Barbara,083,443738,280,171,1,172,1
2020-04-05,Santa Clara,085,1922200,1659,1052,4,1056,42
2020-04-05,Santa Cruz,087,273765,98,59,0,59,1
2020-04-05,Shasta,089,179085,28,11,0,11,2
2020-04-05,Sierra,091,2930,0,0,0,0,0
2020-04-05,Siskiyou,093,43540,4,3,0,3,0
2020-04-05,Solano,095,438530,159,78,0,78,1
2020-04-05,Sonoma,097,501317,164,88,0,88,1
2020-04-05,Stanislaus,099,539301,156,51,3,54,0
2020-04-05,Sutter,101,95872,22,14,0,14,1
2020-04-05,Tehama,103,63373,1,1,0,1,0
2020-04-05,Trinity,105,12862,0,0,0,0,0
2020-04-05,Tulare,107,460477,282,81,5,86,4
2020-04-05,Tuolumne,109,53932,3,1,0,1,0
2020-04-05,Ventura,111,848112,377,196,0,196,6
2020-04-05,Yolo,113,214977,77,37,0,37,2
2020-04-05,Yuba,115,75493,14,7,0,7,0
2020-04-04,Alameda,001,1643700,896,468,1,469,12
2020-04-04,Alpine,002,1148,1,1,0,1,0
2020-04-04,Amador,005,37829,5,2,0,2,0
2020-04-04,Butte,007,227075,17,10,2,12,0
2020-04-04,Calaveras,009,45235,9,3,0,3,0
2020-04-04,Colusa,011,21464,3,1,0,1,0
2020-04-04,Contra Costa,013,1133247,620,382,0,382,5
2020-04-04,Del Norte,015,27424,2,1,0,1,0
2020-04-04,El Dorado,017,186661,42,19,0,19,0
2020-04-04,Fresno,019,978130,327,102,4,106,1
2020-04-04,Glenn,021,27897,4,2,0,2,0
2020-04-04,Humboldt,023,135768,55,29,0,29,0
2020-04-04,Imperial,025,180216,114,42,0,42,1
2020-04-04,Inyo,027,18085,11,10,0,10,0
2020-04-04,Kern,029,883053,385,103,0,103,2
2020-04-04,Kings,031,150075,36,3,0,3,0
2020-04-04,Lake,033,64148,4,0,0,0,0
2020-04-04,Lassen,035,31185,3,0,2,2,0
2020-04-04,Los Angeles,037,10098052,9860,5275,13,5288,117
2020-04-04,Madera,039,155013,55,27,0,27,2
2020-04-04,Marin,041,260295,158,111,0,111,6
2020-04-04,Mariposa,043,17540,0,0,0,0,0
2020-04-04,Mendocino,045,87422,5,4,0,4,0
2020-04-04,Merced,047,269075,64,11,0,11,0
2020-04-04,Modoc,049,8938,0,0,0,0,0
2020-04-04,Mono,051,14174,28,18,0,18,1
2020-04-04,Monterey,053,433212,91,61,0,61,2
2020-04-04,Napa,055,140530,40,15,0,15,2
2020-04-04,Nevada,057,99092,36,19,1,20,1
2020-04-04,Orange,059,3164182,1559,781,14,795,15
2020-04-04,Placer,061,380077,135,87,0,87,2
2020-04-04,Plumas,063,18699,3,2,0,2,0
2020-04-04,Riverside,065,2383286,1793,652,13,665,15
2020-04-04,Sacramento,067,1510023,733,393,0,393,11
2020-04-04,San Benito,069,59416,34,22,0,22,1
2020-04-04,San Bernardino,071,2135413,980,373,0,373,13
2020-04-04,San Diego,073,3302833,1860,1211,0,1211,18
2020-04-04,San Francisco,075,870044,880,537,0,537,6
2020-04-04,San Joaquin,077,732212,294,171,3,174,10
2020-04-04,San Luis Obispo,079,281455,145,82,1,83,0
2020-04-04,San Mateo,081,765935,817,520,2,522,17
2020-04-04,Santa Barbara,083,443738,271,167,1,168,1
2020-04-04,Santa Clara,085,1922200,1607,1045,4,1049,39
2020-04-04,Santa Cruz,087,273765,98,56,0,56,1
2020-04-04,Shasta,089,179085,27,11,0,11,2
2020-04-04,Sierra,091,2930,0,0,0,0,0
2020-04-04,Siskiyou,093,43540,4,3,0,3,0
2020-04-04,Solano,095,438530,154,79,0,79,1
2020-04-04,Sonoma,097,501317,161,88,0,88,1
2020-04-04,Stanislaus,099,539301,145,51,3,54,0
2020-04-04,Sutter,101,95872,22,14,0,14,1
2020-04-04,Tehama,103,63373,1,1,0,1,0
2020-04-04,Trinity,105,12862,0,0,0,0,0
2020-04-04,Tulare,107,460477,268,79,5,84,4
2020-04-04,Tuolumne,109,53932,3,1,0,1,0
2020-04-04,Ventura,111,848112,364,194,0,194,6
2020-04-04,Yolo,113,214977,75,40,0,40,2
2020-04-04,Yuba,115,75493,13,7,0,7,0
2020-04-03,Alameda,001,1643700,860,395,1,396,11
2020-04-03,Alpine,002,1148,1,1,0,1,0
2020-04-03,Amador,005,37829,5,2,0,2,0
2020-04-03,Butte,007,227075,17,8,2,10,0
2020-04-03,Calaveras,009,45235,9,3,0,3,0
2020-04-03,Colusa,011,21464,3,1,0,1,0
2020-04-03,Contra Costa,013,1133247,597,327,0,327,5
2020-04-03,Del Norte,015,27424,2,1,0,1,0
2020-04-03,El Dorado,017,186661,40,16,0,16,0
2020-04-03,Fresno,019,978130,315,98,4,102,1
2020-04-03,Glenn,021,27897,4,2,0,2,0
2020-04-03,Humboldt,023,135768,55,34,0,34,0
2020-04-03,Imperial,025,180216,105,35,0,35,0
2020-04-03,Inyo,027,18085,11,10,0,10,0
2020-04-03,Kern,029,883053,359,87,0,87,1
2020-04-03,Kings,031,150075,34,3,0,3,0
2020-04-03,Lake,033,64148,3,0,0,0,0
2020-04-03,Lassen,035,31185,3,0,2,2,0
2020-04-03,Los Angeles,037,10098052,9246,4566,13,4579,91
2020-04-03,Madera,039,155013,54,28,0,28,2
2020-04-03,Marin,041,260295,156,106,0,106,6
2020-04-03,Mariposa,043,17540,0,0,0,0,0
2020-04-03,Mendocino,045,87422,5,4,0,4,0
2020-04-03,Merced,047,269075,60,9,0,9,0
2020-04-03,Modoc,049,8938,0,0,0,0,0
2020-04-03,Mono,051,14174,28,18,0,18,1
2020-04-03,Monterey,053,433212,88,58,0,58,2
2020-04-03,Napa,055,140530,39,13,0,13,1
2020-04-03,Nevada,057,99092,36,19,1,20,1
2020-04-03,Orange,059,3164182,1520,713,14,727,13
2020-04-03,Placer,061,380077,131,76,0,76,2
2020-04-03,Plumas,063,18699,3,2,0,2,0
2020-04-03,Riverside,065,2383286,1713,540,13,553,14
2020-04-03,Sacramento,067,1510023,712,363,0,363,11
2020-04-03,San Benito,069,59416,34,22,0,22,1
2020-04-03,San Bernardino,071,2135413,935,356,0,356,11
2020-04-03,San Diego,073,3302833,1799,1114,0,1114,17
2020-04-03,San Francisco,075,870044,856,506,0,506,6
2020-04-03,San Joaquin,077,732212,282,162,3,165,10
2020-04-03,San Luis Obispo,079,281455,144,82,1,83,0
2020-04-03,San Mateo,081,765935,800,474,2,476,13
2020-04-03,Santa Barbara,083,443738,260,154,1,155,1
2020-04-03,Santa Clara,085,1922200,1571,983,4,987,39
2020-04-03,Santa Cruz,087,273765,98,52,0,52,1
2020-04-03,Shasta,089,179085,27,10,0,10,1
2020-04-03,Sierra,091,2930,0,0,0,0,0
2020-04-03,Siskiyou,093,43540,4,3,0,3,0
2020-04-03,Solano,095,438530,146,72,0,72,1
2020-04-03,Sonoma,097,501317,161,84,0,84,1
2020-04-03,Stanislaus,099,539301,139,48,3,51,0
2020-04-03,Sutter,101,95872,22,12,0,12,1
2020-04-03,Tehama,103,63373,1,1,0,1,0
2020-04-03,Trinity,105,12862,0,0,0,0,0
2020-04-03,Tulare,107,460477,254,73,5,78,3
2020-04-03,Tuolumne,109,53932,3,1,0,1,0
2020-04-03,Ventura,111,848112,354,186,0,186,6
2020-04-03,Yolo,113,214977,74,33,0,33,1
2020-04-03,Yuba,115,75493,13,6,0,6,0
2020-04-02,Alameda,001,1643700,809,345,1,346,10
2020-04-02,Alpine,002,1148,1,1,0,1,0
2020-04-02,Amador,005,37829,5,2,0,2,0
2020-04-02,Butte,007,227075,17,7,1,8,0
2020-04-02,Calaveras,009,45235,7,3,0,3,0
2020-04-02,Colusa,011,21464,3,1,0,1,0
2020-04-02,Contra Costa,013,1133247,567,297,0,297,3
2020-04-02,Del Norte,015,27424,2,0,0,0,0
2020-04-02,El Dorado,017,186661,38,16,0,16,0
2020-04-02,Fresno,019,978130,299,92,4,96,0
2020-04-02,Glenn,021,27897,3,2,0,2,0
2020-04-02,Humboldt,023,135768,51,23,0,23,0
2020-04-02,Imperial,025,180216,101,24,0,24,0
2020-04-02,Inyo,027,18085,10,8,0,8,0
2020-04-02,Kern,029,883053,332,74,0,74,0
2020-04-02,Kings,031,150075,34,3,0,3,0
2020-04-02,Lake,033,64148,3,0,0,0,0
2020-04-02,Lassen,035,31185,3,0,2,2,0
2020-04-02,Los Angeles,037,10098052,8419,4040,13,4053,79
2020-04-02,Madera,039,155013,52,25,0,25,1
2020-04-02,Marin,041,260295,150,102,0,102,1
2020-04-02,Mariposa,043,17540,0,0,0,0,0
2020-04-02,Mendocino,045,87422,5,4,0,4,0
2020-04-02,Merced,047,269075,55,9,0,9,0
2020-04-02,Modoc,049,8938,0,0,0,0,0
2020-04-02,Mono,051,14174,28,16,0,16,1
2020-04-02,Monterey,053,433212,86,50,0,50,2
2020-04-02,Napa,055,140530,39,13,0,13,0
2020-04-02,Nevada,057,99092,35,17,1,18,0
2020-04-02,Orange,059,3164182,1468,640,13,653,12
2020-04-02,Placer,061,380077,130,72,0,72,2
2020-04-02,Plumas,063,18699,3,1,0,1,0
2020-04-02,Riverside,065,2383286,1596,438,13,451,13
2020-04-02,Sacramento,067,1510023,694,322,0,322,9
2020-04-02,San Benito,069,59416,32,18,0,18,1
2020-04-02,San Bernardino,071,2135413,880,335,0,335,8
2020-04-02,San Diego,073,3302833,1732,968,0,968,16
2020-04-02,San Francisco,075,870044,830,473,0,473,6
2020-04-02,San Joaquin,077,732212,263,148,3,151,9
2020-04-02,San Luis Obispo,079,281455,139,79,1,80,0
2020-04-02,San Mateo,081,765935,779,423,2,425,13
2020-04-02,Santa Barbara,083,443738,249,125,1,126,1
2020-04-02,Santa Clara,085,1922200,1520,908,4,912,38
2020-04-02,Santa Cruz,087,273765,96,49,0,49,1
2020-04-02,Shasta,089,179085,26,7,0,7,1
2020-04-02,Sierra,091,2930,0,0,0,0,0
2020-04-02,Siskiyou,093,43540,4,3,0,3,0
2020-04-02,Solano,095,438530,136,65,0,65,0
2020-04-02,Sonoma,097,501317,157,76,0,76,1
2020-04-02,Stanislaus,099,539301,128,40,3,43,0
2020-04-02,Sutter,101,95872,21,10,0,10,1
2020-04-02,Tehama,103,63373,1,1,0,1,0
2020-04-02,Trinity,105,12862,0,0,0,0,0
2020-04-02,Tulare,107,460477,220,64,5,69,1
2020-04-02,Tuolumne,109,53932,3,1,0,1,0
2020-04-02,Ventura,111,848112,336,178,0,178,5
2020-04-02,Yolo,113,214977,72,29,0,29,1
2020-04-02,Yuba,115,75493,10,5,0,5,0
2020-04-01,Alameda,001,1643700,782,287,1,288,8
2020-04-01,Alpine,002,1148,1,1,0,1,0
2020-04-01,Amador,005,37829,5,1,0,1,0
2020-04-01,Butte,007,227075,17,6,1,7,0
2020-04-01,Calaveras,009,45235,6,3,0,3,0
2020-04-01,Colusa,011,21464,3,1,0,1,0
2020-04-01,Contra Costa,013,1133247,524,267,0,267,3
2020-04-01,Del Norte,015,27424,2,0,0,0,0
2020-04-01,El Dorado,017,186661,37,14,0,14,0
2020-04-01,Fresno,019,978130,277,75,3,78,0
2020-04-01,Glenn,021,27897,3,2,0,2,0
2020-04-01,Humboldt,023,135768,51,19,0,19,0
2020-04-01,Imperial,025,180216,95,25,0,25,0
2020-04-01,Inyo,027,18085,10,8,0,8,0
2020-04-01,Kern,029,883053,305,53,0,53,0
2020-04-01,Kings,031,150075,32,3,0,3,0
2020-04-01,Lake,033,64148,3,0,0,0,0
2020-04-01,Lassen,035,31185,3,0,2,2,0
2020-04-01,Los Angeles,037,10098052,7771,3502,13,3515,66
2020-04-01,Madera,039,155013,50,17,0,17,1
2020-04-01,Marin,041,260295,146,87,0,87,1
2020-04-01,Mariposa,043,17540,0,0,0,0,0
2020-04-01,Mendocino,045,87422,5,4,0,4,0
2020-04-01,Merced,047,269075,54,7,0,7,0
2020-04-01,Modoc,049,8938,0,0,0,0,0
2020-04-01,Mono,051,14174,28,12,0,12,1
2020-04-01,Monterey,053,433212,85,47,0,47,2
2020-04-01,Napa,055,140530,36,11,0,11,0
2020-04-01,Nevada,057,99092,35,15,1,16,0
2020-04-01,Orange,059,3164182,1416,579,13,592,11
2020-04-01,Placer,061,380077,128,52,0,52,2
2020-04-01,Plumas,063,18699,3,1,0,1,0
2020-04-01,Riverside,065,2383286,1428,306,12,318,11
2020-04-01,Sacramento,067,1510023,661,299,0,299,8
2020-04-01,San Benito,069,59416,29,14,0,14,1
2020-04-01,San Bernardino,071,2135413,831,245,0,245,5
2020-04-01,San Diego,073,3302833,1662,851,0,851,11
2020-04-01,San Francisco,075,870044,802,432,0,432,6
2020-04-01,San Joaquin,077,732212,251,132,3,135,8
2020-04-01,San Luis Obispo,079,281455,133,69,1,70,0
2020-04-01,San Mateo,081,765935,761,354,2,356,13
2020-04-01,Santa Barbara,083,443738,236,103,1,104,0
2020-04-01,Santa Clara,085,1922200,1478,805,4,809,33
2020-04-01,Santa Cruz,087,273765,91,44,0,44,1
2020-04-01,Shasta,089,179085,25,5,0,5,1
2020-04-01,Sierra,091,2930,0,0,0,0,0
2020-04-01,Siskiyou,093,43540,4,3,0,3,0
2020-04-01,Solano,095,438530,131,57,0,57,0
2020-04-01,Sonoma,097,501317,153,60,0,60,1
2020-04-01,Stanislaus,099,539301,117,29,3,32,0
2020-04-01,Sutter,101,95872,21,9,0,9,1
2020-04-01,Tehama,103,63373,1,0,0,0,0
2020-04-01,Trinity,105,12862,0,0,0,0,0
2020-04-01,Tulare,107,460477,182,43,5,48,1
2020-04-01,Tuolumne,109,53932,3,1,0,1,0
2020-04-01,Ventura,111,848112,323,154,0,154,5
2020-04-01,Yolo,113,214977,67,22,0,22,1
2020-04-01,Yuba,115,75493,9,5,0,5,0
2020-03-31,Alameda,001,1643700,716,269,1,270,7
2020-03-31,Alpine,002,1148,1,1,0,1,0
2020-03-31,Amador,005,37829,5,1,0,1,0
2020-03-31,Butte,007,227075,17,6,1,7,0
2020-03-31,Calaveras,009,45235,6,3,0,3,0
2020-03-31,Colusa,011,21464,3,1,0,1,0
2020-03-31,Contra Costa,013,1133247,499,246,0,246,3
2020-03-31,Del Norte,015,27424,1,0,0,0,0
2020-03-31,El Dorado,017,186661,33,14,0,14,0
2020-03-31,Fresno,019,978130,252,59,3,62,0
2020-03-31,Glenn,021,27897,3,2,0,2,0
2020-03-31,Humboldt,023,135768,51,18,0,18,0
2020-03-31,Imperial,025,180216,89,17,0,17,0
2020-03-31,Inyo,027,18085,10,8,0,8,0
2020-03-31,Kern,029,883053,281,47,0,47,0
2020-03-31,Kings,031,150075,30,2,0,2,0
2020-03-31,Lake,033,64148,1,0,0,0,0
2020-03-31,Lassen,035,31185,3,0,2,2,0
2020-03-31,Los Angeles,037,10098052,7108,3001,13,3014,53
2020-03-31,Madera,039,155013,49,17,0,17,1
2020-03-31,Marin,041,260295,137,85,0,85,1
2020-03-31,Mariposa,043,17540,0,0,0,0,0
2020-03-31,Mendocino,045,87422,5,4,0,4,0
2020-03-31,Merced,047,269075,45,6,0,6,0
2020-03-31,Modoc,049,8938,0,0,0,0,0
2020-03-31,Mono,051,14174,26,12,0,12,0
2020-03-31,Monterey,053,433212,83,43,0,43,2
2020-03-31,Napa,055,140530,35,9,0,9,0
2020-03-31,Nevada,057,99092,35,15,1,16,0
2020-03-31,Orange,059,3164182,1346,506,13,519,7
2020-03-31,Placer,061,380077,121,49,0,49,2
2020-03-31,Plumas,063,18699,1,0,0,0,0
2020-03-31,Riverside,065,2383286,1284,284,12,296,8
2020-03-31,Sacramento,067,1510023,609,271,0,271,8
2020-03-31,San Benito,069,59416,29,14,0,14,1
2020-03-31,San Bernardino,071,2135413,746,193,0,193,5
2020-03-31,San Diego,073,3302833,1580,736,0,736,9
2020-03-31,San Francisco,075,870044,767,404,0,404,5
2020-03-31,San Joaquin,077,732212,235,122,3,125,7
2020-03-31,San Luis Obispo,079,281455,129,67,1,68,0
2020-03-31,San Mateo,081,765935,742,297,2,299,12
2020-03-31,Santa Barbara,083,443738,221,89,1,90,0
2020-03-31,Santa Clara,085,1922200,1428,777,4,781,30
2020-03-31,Santa Cruz,087,273765,84,40,0,40,1
2020-03-31,Shasta,089,179085,22,5,0,5,1
2020-03-31,Sierra,091,2930,0,0,0,0,0
2020-03-31,Siskiyou,093,43540,4,3,0,3,0
2020-03-31,Solano,095,438530,117,56,0,56,0
2020-03-31,Sonoma,097,501317,148,58,0,58,1
2020-03-31,Stanislaus,099,539301,102,28,3,31,0
2020-03-31,Sutter,101,95872,21,8,0,8,0
2020-03-31,Tehama,103,63373,1,0,0,0,0
2020-03-31,Trinity,105,12862,0,0,0,0,0
2020-03-31,Tulare,107,460477,159,42,4,46,1
2020-03-31,Tuolumne,109,53932,3,1,0,1,0
2020-03-31,Ventura,111,848112,312,143,0,143,4
2020-03-31,Yolo,113,214977,60,21,0,21,1
2020-03-31,Yuba,115,75493,9,5,0,5,0
2020-03-30,Alameda,001,1643700,677,250,1,251,7
2020-03-30,Alpine,002,1148,1,1,0,1,0
2020-03-30,Amador,005,37829,5,1,0,1,0
2020-03-30,Butte,007,227075,15,5,1,6,0
2020-03-30,Calaveras,009,45235,6,3,0,3,0
2020-03-30,Colusa,011,21464,3,1,0,1,0
2020-03-30,Contra Costa,013,1133247,473,212,0,212,3
2020-03-30,Del Norte,015,27424,0,0,0,0,0
2020-03-30,El Dorado,017,186661,33,11,0,11,0
2020-03-30,Fresno,019,978130,227,46,3,49,0
2020-03-30,Glenn,021,27897,3,2,0,2,0
2020-03-30,Humboldt,023,135768,49,11,0,11,0
2020-03-30,Imperial,025,180216,86,9,0,9,0
2020-03-30,Inyo,027,18085,10,5,0,5,0
2020-03-30,Kern,029,883053,248,30,0,30,0
2020-03-30,Kings,031,150075,30,1,0,1,0
2020-03-30,Lake,033,64148,1,0,0,0,0
2020-03-30,Lassen,035,31185,3,0,1,1,0
2020-03-30,Los Angeles,037,10098052,6446,2467,13,2480,44
2020-03-30,Madera,039,155013,48,14,0,14,1
2020-03-30,Marin,041,260295,130,78,0,78,0
2020-03-30,Mariposa,043,17540,0,0,0,0,0
2020-03-30,Mendocino,045,87422,5,2,0,2,0
2020-03-30,Merced,047,269075,41,6,0,6,0
2020-03-30,Modoc,049,8938,0,0,0,0,0
2020-03-30,Mono,051,14174,26,11,0,11,0
2020-03-30,Monterey,053,433212,78,41,0,41,1
2020-03-30,Napa,055,140530,34,9,0,9,0
2020-03-30,Nevada,057,99092,34,14,1,15,0
2020-03-30,Orange,059,3164182,1281,418,13,431,5
2020-03-30,Placer,061,380077,118,44,0,44,2
2020-03-30,Plumas,063,18699,1,0,0,0,0
2020-03-30,Riverside,065,2383286,1203,204,12,216,7
2020-03-30,Sacramento,067,1510023,585,238,0,238,8
2020-03-30,San Benito,069,59416,29,11,0,11,1
2020-03-30,San Bernardino,071,2135413,702,145,0,145,4
2020-03-30,San Diego,073,3302833,1510,605,0,605,7
2020-03-30,San Francisco,075,870044,727,368,0,368,5
2020-03-30,San Joaquin,077,732212,228,112,3,115,5
2020-03-30,San Luis Obispo,079,281455,126,62,1,63,0
2020-03-30,San Mateo,081,765935,717,257,2,259,11
2020-03-30,Santa Barbara,083,443738,212,79,1,80,0
2020-03-30,Santa Clara,085,1922200,1397,745,3,748,31
2020-03-30,Santa Cruz,087,273765,81,36,0,36,1
2020-03-30,Shasta,089,179085,21,4,0,4,1
2020-03-30,Sierra,091,2930,0,0,0,0,0
2020-03-30,Siskiyou,093,43540,4,2,0,2,0
2020-03-30,Solano,095,438530,111,50,0,50,0
2020-03-30,Sonoma,097,501317,145,57,0,57,1
2020-03-30,Stanislaus,099,539301,95,28,3,31,0
2020-03-30,Sutter,101,95872,20,6,0,6,0
2020-03-30,Tehama,103,63373,1,0,0,0,0
2020-03-30,Trinity,105,12862,0,0,0,0,0
2020-03-30,Tulare,107,460477,147,40,3,43,1
2020-03-30,Tuolumne,109,53932,3,1,0,1,0
2020-03-30,Ventura,111,848112,301,118,0,118,2
2020-03-30,Yolo,113,214977,57,17,0,17,1
2020-03-30,Yuba,115,75493,8,5,0,5,0
2020-03-29,Alameda,001,1643700,643,207,1,208,6
2020-03-29,Alpine,002,1148,1,0,0,0,0
2020-03-29,Amador,005,37829,5,1,0,1,0
2020-03-29,Butte,007,227075,15,4,1,5,0
2020-03-29,Calaveras,009,45235,6,2,0,2,0
2020-03-29,Colusa,011,21464,3,1,0,1,0
2020-03-29,Contra Costa,013,1133247,443,187,0,187,3
2020-03-29,Del Norte,015,27424,0,0,0,0,0
2020-03-29,El Dorado,017,186661,32,9,0,9,0
2020-03-29,Fresno,019,978130,203,31,3,34,0
2020-03-29,Glenn,021,27897,2,1,0,1,0
2020-03-29,Humboldt,023,135768,46,9,0,9,0
2020-03-29,Imperial,025,180216,79,9,0,9,0
2020-03-29,Inyo,027,18085,9,0,0,0,0
2020-03-29,Kern,029,883053,230,20,0,20,0
2020-03-29,Kings,031,150075,27,1,0,1,0
2020-03-29,Lake,033,64148,0,0,0,0,0
2020-03-29,Lassen,035,31185,3,0,1,1,0
2020-03-29,Los Angeles,037,10098052,5796,2119,12,2131,37
2020-03-29,Madera,039,155013,43,11,0,11,1
2020-03-29,Marin,041,260295,125,60,0,60,0
2020-03-29,Mariposa,043,17540,0,0,0,0,0
2020-03-29,Mendocino,045,87422,5,2,0,2,0
2020-03-29,Merced,047,269075,38,4,0,4,0
2020-03-29,Modoc,049,8938,0,0,0,0,0
2020-03-29,Mono,051,14174,26,8,0,8,0
2020-03-29,Monterey,053,433212,73,36,0,36,1
2020-03-29,Napa,055,140530,32,5,0,5,0
2020-03-29,Nevada,057,99092,32,13,1,14,0
2020-03-29,Orange,059,3164182,1208,343,13,356,2
2020-03-29,Placer,061,380077,117,35,0,35,2
2020-03-29,Plumas,063,18699,1,0,0,0,0
2020-03-29,Riverside,065,2383286,1079,122,12,134,7
2020-03-29,Sacramento,067,1510023,545,217,0,217,7
2020-03-29,San Benito,069,59416,28,10,0,10,1
2020-03-29,San Bernardino,071,2135413,650,94,0,94,2
2020-03-29,San Diego,073,3302833,1438,521,0,521,7
2020-03-29,San Francisco,075,870044,683,333,0,333,5
2020-03-29,San Joaquin,077,732212,219,86,3,89,4
2020-03-29,San Luis Obispo,079,281455,119,55,0,55,0
2020-03-29,San Mateo,081,765935,692,234,2,236,12
2020-03-29,Santa Barbara,083,443738,204,52,1,53,0
2020-03-29,Santa Clara,085,1922200,1340,591,3,594,30
2020-03-29,Santa Cruz,087,273765,81,33,0,33,1
2020-03-29,Shasta,089,179085,20,4,0,4,1
2020-03-29,Sierra,091,2930,0,0,0,0,0
2020-03-29,Siskiyou,093,43540,4,2,0,2,0
2020-03-29,Solano,095,438530,103,48,0,48,0
2020-03-29,Sonoma,097,501317,143,35,0,35,1
2020-03-29,Stanislaus,099,539301,90,19,3,22,0
2020-03-29,Sutter,101,95872,17,6,0,6,0
2020-03-29,Tehama,103,63373,1,0,0,0,0
2020-03-29,Trinity,105,12862,0,0,0,0,0
2020-03-29,Tulare,107,460477,122,24,3,27,1
2020-03-29,Tuolumne,109,53932,2,1,0,1,0
2020-03-29,Ventura,111,848112,274,92,0,92,2
2020-03-29,Yolo,113,214977,52,13,0,13,1
2020-03-29,Yuba,115,75493,8,3,0,3,0
2020-03-28,Alameda,001,1643700,616,410,1,411,12
2020-03-28,Alpine,002,1148,1,0,0,0,0
2020-03-28,Amador,005,37829,5,2,0,2,0
2020-03-28,Butte,007,227075,15,8,1,9,0
2020-03-28,Calaveras,009,45235,6,4,0,4,0
2020-03-28,Colusa,011,21464,3,2,0,2,0
2020-03-28,Contra Costa,013,1133247,420,350,0,350,4
2020-03-28,Del Norte,015,27424,0,0,0,0,0
2020-03-28,El Dorado,017,186661,31,18,0,18,0
2020-03-28,Fresno,019,978130,193,62,3,65,0
2020-03-28,Glenn,021,27897,2,2,0,2,0
2020-03-28,Humboldt,023,135768,46,18,0,18,0
2020-03-28,Imperial,025,180216,74,18,0,18,0
2020-03-28,Inyo,027,18085,9,0,0,0,0
2020-03-28,Kern,029,883053,213,40,0,40,0
2020-03-28,Kings,031,150075,26,2,0,2,0
2020-03-28,Lake,033,64148,0,0,0,0,0
2020-03-28,Lassen,035,31185,3,0,1,1,0
2020-03-28,Los Angeles,037,10098052,5411,3600,11,3611,64
2020-03-28,Madera,039,155013,43,22,0,22,2
2020-03-28,Marin,041,260295,120,116,0,116,0
2020-03-28,Mariposa,043,17540,0,0,0,0,0
2020-03-28,Mendocino,045,87422,5,4,0,4,0
2020-03-28,Merced,047,269075,37,8,0,8,0
2020-03-28,Modoc,049,8938,0,0,0,0,0
2020-03-28,Mono,051,14174,24,12,0,12,0
2020-03-28,Monterey,053,433212,72,64,0,64,2
2020-03-28,Napa,055,140530,27,10,0,10,0
2020-03-28,Nevada,057,99092,32,22,1,23,0
2020-03-28,Orange,059,3164182,1172,656,13,669,4
2020-03-28,Placer,061,380077,112,70,0,70,2
2020-03-28,Plumas,063,18699,1,0,0,0,0
2020-03-28,Riverside,065,2383286,1011,242,12,254,14
2020-03-28,Sacramento,067,1510023,527,406,0,406,14
2020-03-28,San Benito,069,59416,28,20,0,20,2
2020-03-28,San Bernardino,071,2135413,603,162,0,162,4
2020-03-28,San Diego,073,3302833,1379,980,0,980,14
2020-03-28,San Francisco,075,870044,659,600,0,600,6
2020-03-28,San Joaquin,077,732212,212,166,3,169,8
2020-03-28,San Luis Obispo,079,281455,117,104,0,104,0
2020-03-28,San Mateo,081,765935,672,462,2,464,17
2020-03-28,Santa Barbara,083,443738,194,98,1,99,0
2020-03-28,Santa Clara,085,1922200,1321,1174,3,1177,54
2020-03-28,Santa Cruz,087,273765,80,62,0,62,0
2020-03-28,Shasta,089,179085,20,8,0,8,2
2020-03-28,Sierra,091,2930,0,0,0,0,0
2020-03-28,Siskiyou,093,43540,4,4,0,4,0
2020-03-28,Solano,095,438530,99,96,0,96,0
2020-03-28,Sonoma,097,501317,141,70,0,70,2
2020-03-28,Stanislaus,099,539301,85,34,3,37,0
2020-03-28,Sutter,101,95872,17,6,0,6,0
2020-03-28,Tehama,103,63373,1,0,0,0,0
2020-03-28,Trinity,105,12862,0,0,0,0,0
2020-03-28,Tulare,107,460477,114,46,3,49,0
2020-03-28,Tuolumne,109,53932,2,2,0,2,0
2020-03-28,Ventura,111,848112,270,178,0,178,4
2020-03-28,Yolo,113,214977,51,26,0,26,2
2020-03-28,Yuba,115,75493,8,6,0,6,0
2020-03-27,Alameda,001,1643700,597,185,1,186,4
2020-03-27,Alpine,002,1148,1,0,0,0,0
2020-03-27,Amador,005,37829,4,1,0,1,0
2020-03-27,Butte,007,227075,13,4,1,5,0
2020-03-27,Calaveras,009,45235,6,2,0,2,0
2020-03-27,Colusa,011,21464,3,0,0,0,0
2020-03-27,Contra Costa,013,1133247,399,161,0,161,2
2020-03-27,Del Norte,015,27424,0,0,0,0,0
2020-03-27,El Dorado,017,186661,29,9,0,9,0
2020-03-27,Fresno,019,978130,181,29,2,31,0
2020-03-27,Glenn,021,27897,2,0,0,0,0
2020-03-27,Humboldt,023,135768,42,9,0,9,0
2020-03-27,Imperial,025,180216,69,9,0,9,0
2020-03-27,Inyo,027,18085,9,0,0,0,0
2020-03-27,Kern,029,883053,200,20,0,20,0
2020-03-27,Kings,031,150075,25,0,0,0,0
2020-03-27,Lake,033,64148,0,0,0,0,0
2020-03-27,Lassen,035,31185,3,0,1,1,0
2020-03-27,Los Angeles,037,10098052,5003,1474,11,1485,26
2020-03-27,Madera,039,155013,41,10,0,10,1
2020-03-27,Marin,041,260295,115,58,0,58,0
2020-03-27,Mariposa,043,17540,0,0,0,0,0
2020-03-27,Mendocino,045,87422,5,2,0,2,0
2020-03-27,Merced,047,269075,35,3,0,3,0
2020-03-27,Modoc,049,8938,0,0,0,0,0
2020-03-27,Mono,051,14174,24,6,0,6,0
2020-03-27,Monterey,053,433212,69,26,0,26,1
2020-03-27,Napa,055,140530,27,5,0,5,0
2020-03-27,Nevada,057,99092,32,6,1,7,0
2020-03-27,Orange,059,3164182,1122,299,13,312,2
2020-03-27,Placer,061,380077,109,33,0,33,1
2020-03-27,Plumas,063,18699,0,0,0,0,0
2020-03-27,Riverside,065,2383286,955,121,12,133,7
2020-03-27,Sacramento,067,1510023,504,163,0,163,6
2020-03-27,San Benito,069,59416,27,9,0,9,1
2020-03-27,San Bernardino,071,2135413,513,77,0,77,2
2020-03-27,San Diego,073,3302833,1322,419,0,419,5
2020-03-27,San Francisco,075,870044,634,285,0,285,2
2020-03-27,San Joaquin,077,732212,201,73,3,76,3
2020-03-27,San Luis Obispo,079,281455,115,46,0,46,0
2020-03-27,San Mateo,081,765935,646,213,2,215,7
2020-03-27,Santa Barbara,083,443738,180,37,1,38,0
2020-03-27,Santa Clara,085,1922200,1283,557,3,560,25
2020-03-27,Santa Cruz,087,273765,79,31,0,31,0
2020-03-27,Shasta,089,179085,17,3,0,3,1
2020-03-27,Sierra,091,2930,0,0,0,0,0
2020-03-27,Siskiyou,093,43540,4,2,0,2,0
2020-03-27,Solano,095,438530,93,48,0,48,0
2020-03-27,Sonoma,097,501317,133,35,0,35,1
2020-03-27,Stanislaus,099,539301,83,16,3,19,0
2020-03-27,Sutter,101,95872,16,2,0,2,0
2020-03-27,Tehama,103,63373,1,0,0,0,0
2020-03-27,Trinity,105,12862,0,0,0,0,0
2020-03-27,Tulare,107,460477,106,15,3,18,0
2020-03-27,Tuolumne,109,53932,2,1,0,1,0
2020-03-27,Ventura,111,848112,261,80,0,80,2
2020-03-27,Yolo,113,214977,50,13,0,13,1
2020-03-27,Yuba,115,75493,7,3,0,3,0
2020-03-26,Alameda,001,1643700,557,172,1,173,4
2020-03-26,Alpine,002,1148,1,0,0,0,0
2020-03-26,Amador,005,37829,4,1,0,1,0
2020-03-26,Butte,007,227075,13,4,1,5,0
2020-03-26,Calaveras,009,45235,6,2,0,2,0
2020-03-26,Colusa,011,21464,3,0,0,0,0
2020-03-26,Contra Costa,013,1133247,388,147,0,147,2
2020-03-26,Del Norte,015,27424,0,0,0,0,0
2020-03-26,El Dorado,017,186661,27,7,0,7,0
2020-03-26,Fresno,019,978130,172,25,2,27,0
2020-03-26,Glenn,021,27897,2,0,0,0,0
2020-03-26,Humboldt,023,135768,38,8,0,8,0
2020-03-26,Imperial,025,180216,65,8,0,8,0
2020-03-26,Inyo,027,18085,8,0,0,0,0
2020-03-26,Kern,029,883053,184,20,0,20,0
2020-03-26,Kings,031,150075,25,0,0,0,0
2020-03-26,Lake,033,64148,0,0,0,0,0
2020-03-26,Lassen,035,31185,3,0,1,1,0
2020-03-26,Los Angeles,037,10098052,4596,1075,11,1086,19
2020-03-26,Madera,039,155013,39,8,0,8,0
2020-03-26,Marin,041,260295,106,56,0,56,0
2020-03-26,Mariposa,043,17540,0,0,0,0,0
2020-03-26,Mendocino,045,87422,4,1,0,1,0
2020-03-26,Merced,047,269075,32,1,0,1,0
2020-03-26,Modoc,049,8938,0,0,0,0,0
2020-03-26,Mono,051,14174,23,5,0,5,0
2020-03-26,Monterey,053,433212,66,25,0,25,1
2020-03-26,Napa,055,140530,26,5,0,5,0
2020-03-26,Nevada,057,99092,32,7,1,8,0
2020-03-26,Orange,059,3164182,1060,279,11,290,1
2020-03-26,Placer,061,380077,106,34,0,34,1
2020-03-26,Plumas,063,18699,0,0,0,0,0
2020-03-26,Riverside,065,2383286,884,118,12,130,7
2020-03-26,Sacramento,067,1510023,471,147,0,147,5
2020-03-26,San Benito,069,59416,27,8,0,8,1
2020-03-26,San Bernardino,071,2135413,447,57,0,57,1
2020-03-26,San Diego,073,3302833,1255,299,0,299,2
2020-03-26,San Francisco,075,870044,607,261,0,261,1
2020-03-26,San Joaquin,077,732212,190,69,3,72,3
2020-03-26,San Luis Obispo,079,281455,110,38,0,38,0
2020-03-26,San Mateo,081,765935,612,122,2,124,5
2020-03-26,Santa Barbara,083,443738,167,33,1,34,0
2020-03-26,Santa Clara,085,1922200,1238,487,2,489,20
2020-03-26,Santa Cruz,087,273765,75,30,0,30,0
2020-03-26,Shasta,089,179085,17,3,0,3,1
2020-03-26,Sierra,091,2930,0,0,0,0,0
2020-03-26,Siskiyou,093,43540,4,2,0,2,0
2020-03-26,Solano,095,438530,85,41,0,41,0
2020-03-26,Sonoma,097,501317,128,33,0,33,1
2020-03-26,Stanislaus,099,539301,81,15,3,18,0
2020-03-26,Sutter,101,95872,12,2,0,2,0
2020-03-26,Tehama,103,63373,1,0,0,0,0
2020-03-26,Trinity,105,12862,0,0,0,0,0
2020-03-26,Tulare,107,460477,97,15,3,18,0
2020-03-26,Tuolumne,109,53932,2,0,0,0,0
2020-03-26,Ventura,111,848112,245,70,0,70,1
2020-03-26,Yolo,113,214977,46,13,0,13,1
2020-03-26,Yuba,115,75493,7,3,0,3,0
2020-03-25,Alameda,001,1643700,536,134,1,135,3
2020-03-25,Alpine,002,1148,1,0,0,0,0
2020-03-25,Amador,005,37829,4,1,0,1,0
2020-03-25,Butte,007,227075,13,4,1,5,0
2020-03-25,Calaveras,009,45235,6,2,0,2,0
2020-03-25,Colusa,011,21464,2,0,0,0,0
2020-03-25,Contra Costa,013,1133247,374,131,0,131,1
2020-03-25,Del Norte,015,27424,0,0,0,0,0
2020-03-25,El Dorado,017,186661,27,5,0,5,0
2020-03-25,Fresno,019,978130,152,21,2,23,0
2020-03-25,Glenn,021,27897,2,0,0,0,0
2020-03-25,Humboldt,023,135768,35,3,0,3,0
2020-03-25,Imperial,025,180216,57,8,0,8,0
2020-03-25,Inyo,027,18085,5,0,0,0,0
2020-03-25,Kern,029,883053,164,13,0,13,0
2020-03-25,Kings,031,150075,23,0,0,0,0
2020-03-25,Lake,033,64148,0,0,0,0,0
2020-03-25,Lassen,035,31185,3,0,1,1,0
2020-03-25,Los Angeles,037,10098052,4196,725,11,736,10
2020-03-25,Madera,039,155013,37,6,0,6,0
2020-03-25,Marin,041,260295,100,47,0,47,0
2020-03-25,Mariposa,043,17540,0,0,0,0,0
2020-03-25,Mendocino,045,87422,3,1,0,1,0
2020-03-25,Merced,047,269075,29,0,0,0,0
2020-03-25,Modoc,049,8938,0,0,0,0,0
2020-03-25,Mono,051,14174,22,4,0,4,0
2020-03-25,Monterey,053,433212,63,23,0,23,1
2020-03-25,Napa,055,140530,26,5,0,5,0
2020-03-25,Nevada,057,99092,31,5,1,6,0
2020-03-25,Orange,059,3164182,1002,214,9,223,1
2020-03-25,Placer,061,380077,100,30,0,30,1
2020-03-25,Plumas,063,18699,0,1,0,1,0
2020-03-25,Riverside,065,2383286,813,87,12,99,5
2020-03-25,Sacramento,067,1510023,445,114,0,114,5
2020-03-25,San Benito,069,59416,26,4,0,4,1
2020-03-25,San Bernardino,071,2135413,408,46,0,46,1
2020-03-25,San Diego,073,3302833,1193,238,0,238,2
2020-03-25,San Francisco,075,870044,566,212,0,212,1
2020-03-25,San Joaquin,077,732212,177,64,3,67,2
2020-03-25,San Luis Obispo,079,281455,105,35,0,35,0
2020-03-25,San Mateo,081,765935,577,111,2,113,5
2020-03-25,Santa Barbara,083,443738,157,25,1,26,0
2020-03-25,Santa Clara,085,1922200,1194,452,2,454,20
2020-03-25,Santa Cruz,087,273765,72,26,0,26,0
2020-03-25,Shasta,089,179085,16,3,0,3,1
2020-03-25,Sierra,091,2930,0,0,0,0,0
2020-03-25,Siskiyou,093,43540,4,2,0,2,0
2020-03-25,Solano,095,438530,80,39,0,39,0
2020-03-25,Sonoma,097,501317,123,31,0,31,1
2020-03-25,Stanislaus,099,539301,74,14,3,17,0
2020-03-25,Sutter,101,95872,9,1,0,1,0
2020-03-25,Tehama,103,63373,1,0,0,0,0
2020-03-25,Trinity,105,12862,0,0,0,0,0
2020-03-25,Tulare,107,460477,87,11,3,14,0
2020-03-25,Tuolumne,109,53932,2,0,0,0,0
2020-03-25,Ventura,111,848112,229,53,0,53,1
2020-03-25,Yolo,113,214977,44,9,0,9,1
2020-03-25,Yuba,115,75493,7,2,0,2,0
2020-03-24,Alameda,001,1643700,504,96,1,97,2
2020-03-24,Alpine,002,1148,1,0,0,0,0
2020-03-24,Amador,005,37829,2,1,0,1,0
2020-03-24,Butte,007,227075,12,3,1,4,0
2020-03-24,Calaveras,009,45235,5,2,0,2,0
2020-03-24,Colusa,011,21464,2,0,0,0,0
2020-03-24,Contra Costa,013,1133247,361,108,0,108,1
2020-03-24,Del Norte,015,27424,0,0,0,0,0
2020-03-24,El Dorado,017,186661,27,3,0,3,0
2020-03-24,Fresno,019,978130,133,18,2,20,0
2020-03-24,Glenn,021,27897,2,0,0,0,0
2020-03-24,Humboldt,023,135768,33,2,0,2,0
2020-03-24,Imperial,025,180216,54,3,0,3,0
2020-03-24,Inyo,027,18085,5,0,0,0,0
2020-03-24,Kern,029,883053,144,5,0,5,0
2020-03-24,Kings,031,150075,22,0,0,0,0
2020-03-24,Lake,033,64148,0,0,0,0,0
2020-03-24,Lassen,035,31185,3,0,1,1,0
2020-03-24,Los Angeles,037,10098052,3752,633,11,644,7
2020-03-24,Madera,039,155013,36,6,0,6,0
2020-03-24,Marin,041,260295,89,44,0,44,0
2020-03-24,Mariposa,043,17540,0,0,0,0,0
2020-03-24,Mendocino,045,87422,3,1,0,1,0
2020-03-24,Merced,047,269075,26,0,0,0,0
2020-03-24,Modoc,049,8938,0,0,0,0,0
2020-03-24,Mono,051,14174,21,1,0,1,0
2020-03-24,Monterey,053,433212,59,23,0,23,1
2020-03-24,Napa,055,140530,23,2,0,2,0
2020-03-24,Nevada,057,99092,30,4,1,5,0
2020-03-24,Orange,059,3164182,940,166,9,175,0
2020-03-24,Placer,061,380077,93,22,0,22,1
2020-03-24,Plumas,063,18699,0,1,0,1,0
2020-03-24,Riverside,065,2383286,746,56,12,68,5
2020-03-24,Sacramento,067,1510023,426,93,0,93,4
2020-03-24,San Benito,069,59416,25,4,0,4,1
2020-03-24,San Bernardino,071,2135413,364,27,0,27,0
2020-03-24,San Diego,073,3302833,1126,231,0,231,2
2020-03-24,San Francisco,075,870044,534,181,0,181,1
2020-03-24,San Joaquin,077,732212,166,52,3,55,2
2020-03-24,San Luis Obispo,079,281455,102,32,0,32,0
2020-03-24,San Mateo,081,765935,536,100,2,102,2
2020-03-24,Santa Barbara,083,443738,151,20,1,21,0
2020-03-24,Santa Clara,085,1922200,1125,389,2,391,17
2020-03-24,Santa Cruz,087,273765,67,22,0,22,0
2020-03-24,Shasta,089,179085,15,3,0,3,0
2020-03-24,Sierra,091,2930,0,0,0,0,0
2020-03-24,Siskiyou,093,43540,4,2,0,2,0
2020-03-24,Solano,095,438530,78,34,0,34,0
2020-03-24,Sonoma,097,501317,116,27,0,27,1
2020-03-24,Stanislaus,099,539301,65,13,3,16,0
2020-03-24,Sutter,101,95872,9,0,0,0,0
2020-03-24,Tehama,103,63373,1,0,0,0,0
2020-03-24,Trinity,105,12862,0,0,0,0,0
2020-03-24,Tulare,107,460477,77,10,3,13,0
2020-03-24,Tuolumne,109,53932,2,0,0,0,0
2020-03-24,Ventura,111,848112,213,44,0,44,1
2020-03-24,Yolo,113,214977,40,8,0,8,0
2020-03-24,Yuba,115,75493,7,2,0,2,0
2020-03-23,Alameda,001,1643700,472,88,1,89,1
2020-03-23,Alpine,002,1148,1,0,0,0,0
2020-03-23,Amador,005,37829,2,1,0,1,0
2020-03-23,Butte,007,227075,12,2,0,2,0
2020-03-23,Calaveras,009,45235,5,2,0,2,0
2020-03-23,Colusa,011,21464,1,0,0,0,0
2020-03-23,Contra Costa,013,1133247,341,91,0,91,2
2020-03-23,Del Norte,015,27424,0,0,0,0,0
2020-03-23,El Dorado,017,186661,26,3,0,3,0
2020-03-23,Fresno,019,978130,123,10,2,12,0
2020-03-23,Glenn,021,27897,2,0,0,0,0
2020-03-23,Humboldt,023,135768,31,2,0,2,0
2020-03-23,Imperial,025,180216,50,2,0,2,0
2020-03-23,Inyo,027,18085,3,0,0,0,0
2020-03-23,Kern,029,883053,130,5,0,5,0
2020-03-23,Kings,031,150075,22,0,0,0,0
2020-03-23,Lake,033,64148,0,0,0,0,0
2020-03-23,Lassen,035,31185,3,0,1,1,0
2020-03-23,Los Angeles,037,10098052,3444,389,10,399,4
2020-03-23,Madera,039,155013,36,4,0,4,0
2020-03-23,Marin,041,260295,84,30,0,30,0
2020-03-23,Mariposa,043,17540,0,0,0,0,0
2020-03-23,Mendocino,045,87422,3,1,0,1,0
2020-03-23,Merced,047,269075,19,0,0,0,0
2020-03-23,Modoc,049,8938,0,0,0,0,0
2020-03-23,Mono,051,14174,19,1,0,1,0
2020-03-23,Monterey,053,433212,54,14,0,14,1
2020-03-23,Napa,055,140530,21,1,0,1,0
2020-03-23,Nevada,057,99092,27,2,1,3,0
2020-03-23,Orange,059,3164182,885,138,7,145,0
2020-03-23,Placer,061,380077,90,19,0,19,1
2020-03-23,Plumas,063,18699,0,0,0,0,0
2020-03-23,Riverside,065,2383286,703,39,12,51,5
2020-03-23,Sacramento,067,1510023,393,87,0,87,4
2020-03-23,San Benito,069,59416,24,4,0,4,1
2020-03-23,San Bernardino,071,2135413,334,17,0,17,0
2020-03-23,San Diego,073,3302833,1067,178,0,178,1
2020-03-23,San Francisco,075,870044,505,152,0,152,0
2020-03-23,San Joaquin,077,732212,154,37,3,40,2
2020-03-23,San Luis Obispo,079,281455,96,23,0,23,0
2020-03-23,San Mateo,081,765935,497,88,2,90,1
2020-03-23,Santa Barbara,083,443738,133,18,1,19,0
2020-03-23,Santa Clara,085,1922200,1076,336,2,338,13
2020-03-23,Santa Cruz,087,273765,65,21,0,21,0
2020-03-23,Shasta,089,179085,13,2,0,2,0
2020-03-23,Sierra,091,2930,0,0,0,0,0
2020-03-23,Siskiyou,093,43540,4,2,0,2,0
2020-03-23,Solano,095,438530,74,33,0,33,0
2020-03-23,Sonoma,097,501317,104,19,0,19,1
2020-03-23,Stanislaus,099,539301,57,10,3,13,0
2020-03-23,Sutter,101,95872,9,0,0,0,0
2020-03-23,Tehama,103,63373,1,0,0,0,0
2020-03-23,Trinity,105,12862,0,0,0,0,0
2020-03-23,Tulare,107,460477,68,9,3,12,0
2020-03-23,Tuolumne,109,53932,2,0,0,0,0
2020-03-23,Ventura,111,848112,196,30,0,30,0
2020-03-23,Yolo,113,214977,39,8,0,8,0
2020-03-23,Yuba,115,75493,7,2,0,2,0
2020-03-22,Alameda,001,1643700,433,72,1,73,1
2020-03-22,Alpine,002,1148,1,0,0,0,0
2020-03-22,Amador,005,37829,2,1,0,1,0
2020-03-22,Butte,007,227075,8,1,0,1,0
2020-03-22,Calaveras,009,45235,4,2,0,2,0
2020-03-22,Colusa,011,21464,1,0,0,0,0
2020-03-22,Contra Costa,013,1133247,314,79,0,79,1
2020-03-22,Del Norte,015,27424,0,0,0,0,0
2020-03-22,El Dorado,017,186661,24,1,0,1,0
2020-03-22,Fresno,019,978130,103,8,2,10,0
2020-03-22,Glenn,021,27897,2,0,0,0,0
2020-03-22,Humboldt,023,135768,28,1,0,1,0
2020-03-22,Imperial,025,180216,48,2,0,2,0
2020-03-22,Inyo,027,18085,1,0,0,0,0
2020-03-22,Kern,029,883053,114,3,0,3,0
2020-03-22,Kings,031,150075,19,0,0,0,0
2020-03-22,Lake,033,64148,0,0,0,0,0
2020-03-22,Lassen,035,31185,3,0,1,1,0
2020-03-22,Los Angeles,037,10098052,3114,384,10,394,3
2020-03-22,Madera,039,155013,33,4,0,4,0
2020-03-22,Marin,041,260295,74,30,0,30,0
2020-03-22,Mariposa,043,17540,0,0,0,0,0
2020-03-22,Mendocino,045,87422,3,1,0,1,0
2020-03-22,Merced,047,269075,16,0,0,0,0
2020-03-22,Modoc,049,8938,0,0,0,0,0
2020-03-22,Mono,051,14174,14,1,0,1,0
2020-03-22,Monterey,053,433212,51,14,0,14,1
2020-03-22,Napa,055,140530,17,1,0,1,0
2020-03-22,Nevada,057,99092,23,2,1,3,0
2020-03-22,Orange,059,3164182,812,102,4,106,0
2020-03-22,Placer,061,380077,88,18,0,18,1
2020-03-22,Plumas,063,18699,0,0,0,0,0
2020-03-22,Riverside,065,2383286,613,26,8,34,5
2020-03-22,Sacramento,067,1510023,361,82,0,82,4
2020-03-22,San Benito,069,59416,19,4,0,4,1
2020-03-22,San Bernardino,071,2135413,290,16,0,16,0
2020-03-22,San Diego,073,3302833,979,161,0,161,0
2020-03-22,San Francisco,075,870044,468,134,0,134,0
2020-03-22,San Joaquin,077,732212,140,30,3,33,2
2020-03-22,San Luis Obispo,079,281455,89,19,0,19,0
2020-03-22,San Mateo,081,765935,464,82,2,84,1
2020-03-22,Santa Barbara,083,443738,119,16,1,17,0
2020-03-22,Santa Clara,085,1922200,1012,284,2,286,13
2020-03-22,Santa Cruz,087,273765,64,19,0,19,0
2020-03-22,Shasta,089,179085,13,1,0,1,0
2020-03-22,Sierra,091,2930,0,0,0,0,0
2020-03-22,Siskiyou,093,43540,4,2,0,2,0
2020-03-22,Solano,095,438530,65,30,0,30,0
2020-03-22,Sonoma,097,501317,99,18,0,18,1
2020-03-22,Stanislaus,099,539301,51,8,3,11,0
2020-03-22,Sutter,101,95872,8,0,0,0,0
2020-03-22,Tehama,103,63373,0,0,0,0,0
2020-03-22,Trinity,105,12862,0,0,0,0,0
2020-03-22,Tulare,107,460477,62,5,3,8,0
2020-03-22,Tuolumne,109,53932,2,0,0,0,0
2020-03-22,Ventura,111,848112,174,26,0,26,0
2020-03-22,Yolo,113,214977,33,6,0,6,0
2020-03-22,Yuba,115,75493,7,2,0,2,0
2020-03-21,Alameda,001,1643700,409,62,1,63,0
2020-03-21,Alpine,002,1148,1,0,0,0,0
2020-03-21,Amador,005,37829,2,1,0,1,0
2020-03-21,Butte,007,227075,7,1,0,1,0
2020-03-21,Calaveras,009,45235,4,2,0,2,0
2020-03-21,Colusa,011,21464,1,0,0,0,0
2020-03-21,Contra Costa,013,1133247,303,62,0,62,1
2020-03-21,Del Norte,015,27424,0,0,0,0,0
2020-03-21,El Dorado,017,186661,21,1,0,1,0
2020-03-21,Fresno,019,978130,99,8,2,10,0
2020-03-21,Glenn,021,27897,2,0,0,0,0
2020-03-21,Humboldt,023,135768,25,1,0,1,0
2020-03-21,Imperial,025,180216,44,2,0,2,0
2020-03-21,Inyo,027,18085,1,0,0,0,0
2020-03-21,Kern,029,883053,108,3,0,3,0
2020-03-21,Kings,031,150075,19,0,0,0,0
2020-03-21,Lake,033,64148,0,0,0,0,0
2020-03-21,Lassen,035,31185,3,0,1,1,0
2020-03-21,Los Angeles,037,10098052,2838,322,10,332,2
2020-03-21,Madera,039,155013,33,4,0,4,0
2020-03-21,Marin,041,260295,69,30,0,30,0
2020-03-21,Mariposa,043,17540,0,0,0,0,0
2020-03-21,Mendocino,045,87422,3,1,0,1,0
2020-03-21,Merced,047,269075,12,0,0,0,0
2020-03-21,Modoc,049,8938,0,0,0,0,0
2020-03-21,Mono,051,14174,14,1,0,1,0
2020-03-21,Monterey,053,433212,48,8,0,8,1
2020-03-21,Napa,055,140530,17,0,0,0,0
2020-03-21,Nevada,057,99092,23,2,1,3,0
2020-03-21,Orange,059,3164182,763,85,4,89,0
2020-03-21,Placer,061,380077,78,11,0,11,1
2020-03-21,Plumas,063,18699,0,0,0,0,0
2020-03-21,Riverside,065,2383286,566,20,8,28,3
2020-03-21,Sacramento,067,1510023,334,66,0,66,3
2020-03-21,San Benito,069,59416,17,4,0,4,1
2020-03-21,San Bernardino,071,2135413,270,13,0,13,0
2020-03-21,San Diego,073,3302833,901,121,0,121,0
2020-03-21,San Francisco,075,870044,432,106,0,106,0
2020-03-21,San Joaquin,077,732212,131,26,3,29,2
2020-03-21,San Luis Obispo,079,281455,84,16,0,16,0
2020-03-21,San Mateo,081,765935,426,78,2,80,1
2020-03-21,Santa Barbara,083,443738,109,8,1,9,0
2020-03-21,Santa Clara,085,1922200,950,269,2,271,10
2020-03-21,Santa Cruz,087,273765,62,17,0,17,0
2020-03-21,Shasta,089,179085,12,1,0,1,0
2020-03-21,Sierra,091,2930,0,0,0,0,0
2020-03-21,Siskiyou,093,43540,4,0,0,0,0
2020-03-21,Solano,095,438530,63,30,0,30,0
2020-03-21,Sonoma,097,501317,98,15,0,15,1
2020-03-21,Stanislaus,099,539301,45,7,3,10,0
2020-03-21,Sutter,101,95872,7,0,0,0,0
2020-03-21,Tehama,103,63373,0,0,0,0,0
2020-03-21,Trinity,105,12862,0,0,0,0,0
2020-03-21,Tulare,107,460477,54,5,3,8,0
2020-03-21,Tuolumne,109,53932,2,0,0,0,0
2020-03-21,Ventura,111,848112,166,22,0,22,0
2020-03-21,Yolo,113,214977,33,6,0,6,0
2020-03-21,Yuba,115,75493,7,1,0,1,0
2020-03-20,Alameda,001,1643700,388,42,1,43,0
2020-03-20,Alpine,002,1148,1,0,0,0,0
2020-03-20,Amador,005,37829,1,0,0,0,0
2020-03-20,Butte,007,227075,7,0,0,0,0
2020-03-20,Calaveras,009,45235,4,2,0,2,0
2020-03-20,Colusa,011,21464,1,0,0,0,0
2020-03-20,Contra Costa,013,1133247,273,52,0,52,1
2020-03-20,Del Norte,015,27424,0,0,0,0,0
2020-03-20,El Dorado,017,186661,20,1,0,1,0
2020-03-20,Fresno,019,978130,96,7,2,9,0
2020-03-20,Glenn,021,27897,1,0,0,0,0
2020-03-20,Humboldt,023,135768,25,1,0,1,0
2020-03-20,Imperial,025,180216,43,2,0,2,0
2020-03-20,Inyo,027,18085,0,0,0,0,0
2020-03-20,Kern,029,883053,93,3,0,3,0
2020-03-20,Kings,031,150075,18,0,0,0,0
2020-03-20,Lake,033,64148,0,0,0,0,0
2020-03-20,Lassen,035,31185,3,0,1,1,0
2020-03-20,Los Angeles,037,10098052,2610,267,9,276,1
2020-03-20,Madera,039,155013,32,4,0,4,0
2020-03-20,Marin,041,260295,66,30,0,30,0
2020-03-20,Mariposa,043,17540,0,0,0,0,0
2020-03-20,Mendocino,045,87422,3,1,0,1,0
2020-03-20,Merced,047,269075,10,0,0,0,0
2020-03-20,Modoc,049,8938,0,0,0,0,0
2020-03-20,Mono,051,14174,14,0,0,0,0
2020-03-20,Monterey,053,433212,47,4,0,4,0
2020-03-20,Napa,055,140530,16,0,0,0,0
2020-03-20,Nevada,057,99092,20,2,1,3,0
2020-03-20,Orange,059,3164182,716,71,4,75,2
2020-03-20,Placer,061,380077,72,9,0,9,1
2020-03-20,Plumas,063,18699,0,0,0,0,0
2020-03-20,Riverside,065,2383286,507,19,8,27,3
2020-03-20,Sacramento,067,1510023,313,56,0,56,4
2020-03-20,San Benito,069,59416,17,4,0,4,1
2020-03-20,San Bernardino,071,2135413,243,9,0,9,0
2020-03-20,San Diego,073,3302833,849,98,0,98,0
2020-03-20,San Francisco,075,870044,399,87,0,87,0
2020-03-20,San Joaquin,077,732212,116,18,3,21,2
2020-03-20,San Luis Obispo,079,281455,80,11,0,11,0
2020-03-20,San Mateo,081,765935,396,71,2,73,1
2020-03-20,Santa Barbara,083,443738,97,7,1,8,0
2020-03-20,Santa Clara,085,1922200,914,246,2,248,8
2020-03-20,Santa Cruz,087,273765,60,13,0,13,0
2020-03-20,Shasta,089,179085,11,1,0,1,0
2020-03-20,Sierra,091,2930,0,0,0,0,0
2020-03-20,Siskiyou,093,43540,4,0,0,0,0
2020-03-20,Solano,095,438530,59,29,0,29,0
2020-03-20,Sonoma,097,501317,90,7,0,7,0
2020-03-20,Stanislaus,099,539301,39,7,3,10,0
2020-03-20,Sutter,101,95872,7,0,0,0,0
2020-03-20,Tehama,103,63373,0,0,0,0,0
2020-03-20,Trinity,105,12862,0,0,0,0,0
2020-03-20,Tulare,107,460477,50,4,3,7,0
2020-03-20,Tuolumne,109,53932,2,0,0,0,0
2020-03-20,Ventura,111,848112,156,18,0,18,0
2020-03-20,Yolo,113,214977,31,5,0,5,0
2020-03-20,Yuba,115,75493,6,0,0,0,0
2020-03-19,Alameda,001,1643700,352,36,1,37,0
2020-03-19,Alpine,002,1148,1,0,0,0,0
2020-03-19,Amador,005,37829,1,0,0,0,0
2020-03-19,Butte,007,227075,5,0,0,0,0
2020-03-19,Calaveras,009,45235,4,2,0,2,0
2020-03-19,Colusa,011,21464,0,0,0,0,0
2020-03-19,Contra Costa,013,1133247,257,46,0,46,0
2020-03-19,Del Norte,015,27424,0,0,0,0,0
2020-03-19,El Dorado,017,186661,18,0,0,0,0
2020-03-19,Fresno,019,978130,87,6,2,8,0
2020-03-19,Glenn,021,27897,1,0,0,0,0
2020-03-19,Humboldt,023,135768,23,1,0,1,0
2020-03-19,Imperial,025,180216,36,2,0,2,0
2020-03-19,Inyo,027,18085,0,0,0,0,0
2020-03-19,Kern,029,883053,81,3,0,3,0
2020-03-19,Kings,031,150075,14,0,0,0,0
2020-03-19,Lake,033,64148,0,0,0,0,0
2020-03-19,Lassen,035,31185,2,0,1,1,0
2020-03-19,Los Angeles,037,10098052,2320,233,9,242,0
2020-03-19,Madera,039,155013,31,3,0,3,0
2020-03-19,Marin,041,260295,63,19,0,19,0
2020-03-19,Mariposa,043,17540,0,0,0,0,0
2020-03-19,Mendocino,045,87422,2,1,0,1,0
2020-03-19,Merced,047,269075,9,0,0,0,0
2020-03-19,Modoc,049,8938,0,0,0,0,0
2020-03-19,Mono,051,14174,12,0,0,0,0
2020-03-19,Monterey,053,433212,39,3,0,3,0
2020-03-19,Napa,055,140530,14,0,0,0,0
2020-03-19,Nevada,057,99092,18,2,1,3,0
2020-03-19,Orange,059,3164182,635,59,4,63,0
2020-03-19,Placer,061,380077,64,8,0,8,1
2020-03-19,Plumas,063,18699,0,0,0,0,0
2020-03-19,Riverside,065,2383286,396,14,6,20,3
2020-03-19,Sacramento,067,1510023,280,52,0,52,3
2020-03-19,San Benito,069,59416,14,3,0,3,0
2020-03-19,San Bernardino,071,2135413,213,7,0,7,0
2020-03-19,San Diego,073,3302833,766,68,0,68,0
2020-03-19,San Francisco,075,870044,363,80,0,80,0
2020-03-19,San Joaquin,077,732212,102,15,3,18,2
2020-03-19,San Luis Obispo,079,281455,77,6,0,6,0
2020-03-19,San Mateo,081,765935,361,58,2,60,1
2020-03-19,Santa Barbara,083,443738,85,5,0,5,0
2020-03-19,Santa Clara,085,1922200,847,183,2,185,8
2020-03-19,Santa Cruz,087,273765,57,13,0,13,0
2020-03-19,Shasta,089,179085,10,1,0,1,0
2020-03-19,Sierra,091,2930,0,0,0,0,0
2020-03-19,Siskiyou,093,43540,3,0,0,0,0
2020-03-19,Solano,095,438530,55,26,0,26,0
2020-03-19,Sonoma,097,501317,87,8,0,8,0
2020-03-19,Stanislaus,099,539301,38,7,3,10,0
2020-03-19,Sutter,101,95872,7,0,0,0,0
2020-03-19,Tehama,103,63373,0,0,0,0,0
2020-03-19,Trinity,105,12862,0,0,0,0,0
2020-03-19,Tulare,107,460477,44,3,3,6,0
2020-03-19,Tuolumne,109,53932,2,0,0,0,0
2020-03-19,Ventura,111,848112,134,15,0,15,0
2020-03-19,Yolo,113,214977,27,5,0,5,0
2020-03-19,Yuba,115,75493,5,0,0,0,0
2020-03-18,Alameda,001,1643700,323,29,1,30,0
2020-03-18,Alpine,002,1148,1,0,0,0,0
2020-03-18,Amador,005,37829,1,0,0,0,0
2020-03-18,Butte,007,227075,4,0,0,0,0
2020-03-18,Calaveras,009,45235,4,2,0,2,0
2020-03-18,Colusa,011,21464,0,0,0,0,0
2020-03-18,Contra Costa,013,1133247,235,44,0,44,0
2020-03-18,Del Norte,015,27424,0,0,0,0,0
2020-03-18,El Dorado,017,186661,17,0,0,0,0
2020-03-18,Fresno,019,978130,78,3,1,4,0
2020-03-18,Glenn,021,27897,1,0,0,0,0
2020-03-18,Humboldt,023,135768,19,1,0,1,0
2020-03-18,Imperial,025,180216,30,2,0,2,0
2020-03-18,Inyo,027,18085,0,0,0,0,0
2020-03-18,Kern,029,883053,66,1,0,1,0
2020-03-18,Kings,031,150075,12,0,0,0,0
2020-03-18,Lake,033,64148,0,0,0,0,0
2020-03-18,Lassen,035,31185,1,0,1,1,0
2020-03-18,Los Angeles,037,10098052,2075,47,9,56,0
2020-03-18,Madera,039,155013,30,2,0,2,0
2020-03-18,Marin,041,260295,58,10,0,10,0
2020-03-18,Mariposa,043,17540,0,0,0,0,0
2020-03-18,Mendocino,045,87422,2,0,0,0,0
2020-03-18,Merced,047,269075,9,0,0,0,0
2020-03-18,Modoc,049,8938,0,0,0,0,0
2020-03-18,Mono,051,14174,11,0,0,0,0
2020-03-18,Monterey,053,433212,31,1,0,1,0
2020-03-18,Napa,055,140530,11,0,0,0,0
2020-03-18,Nevada,057,99092,16,2,1,3,0
2020-03-18,Orange,059,3164182,577,38,4,42,0
2020-03-18,Placer,061,380077,57,8,0,8,1
2020-03-18,Plumas,063,18699,0,0,0,0,0
2020-03-18,Riverside,065,2383286,333,11,5,16,2
2020-03-18,Sacramento,067,1510023,257,46,0,46,3
2020-03-18,San Benito,069,59416,13,3,0,3,0
2020-03-18,San Bernardino,071,2135413,191,3,0,3,0
2020-03-18,San Diego,073,3302833,681,40,0,40,0
2020-03-18,San Francisco,075,870044,344,65,0,65,0
2020-03-18,San Joaquin,077,732212,90,14,3,17,2
2020-03-18,San Luis Obispo,079,281455,70,5,0,5,0
2020-03-18,San Mateo,081,765935,340,57,2,59,1
2020-03-18,Santa Barbara,083,443738,77,2,0,2,0
2020-03-18,Santa Clara,085,1922200,796,151,2,153,6
2020-03-18,Santa Cruz,087,273765,55,11,0,11,0
2020-03-18,Shasta,089,179085,9,1,0,1,0
2020-03-18,Sierra,091,2930,0,0,0,0,0
2020-03-18,Siskiyou,093,43540,3,0,0,0,0
2020-03-18,Solano,095,438530,51,26,0,26,0
2020-03-18,Sonoma,097,501317,78,6,0,6,0
2020-03-18,Stanislaus,099,539301,34,5,2,7,0
2020-03-18,Sutter,101,95872,5,0,0,0,0
2020-03-18,Tehama,103,63373,0,0,0,0,0
2020-03-18,Trinity,105,12862,0,0,0,0,0
2020-03-18,Tulare,107,460477,34,3,3,6,0
2020-03-18,Tuolumne,109,53932,2,0,0,0,0
2020-03-18,Ventura,111,848112,115,11,0,11,0
2020-03-18,Yolo,113,214977,24,4,0,4,0
2020-03-18,Yuba,115,75493,4,0,0,0,0
2020-03-17,Alameda,001,1643700,291,19,0,19,0
2020-03-17,Alpine,002,1148,0,0,0,0,0
2020-03-17,Amador,005,37829,1,0,0,0,0
2020-03-17,Butte,007,227075,4,0,0,0,0
2020-03-17,Calaveras,009,45235,4,2,0,2,0
2020-03-17,Colusa,011,21464,0,0,0,0,0
2020-03-17,Contra Costa,013,1133247,213,37,0,37,0
2020-03-17,Del Norte,015,27424,0,0,0,0,0
2020-03-17,El Dorado,017,186661,16,0,0,0,0
2020-03-17,Fresno,019,978130,68,2,1,3,0
2020-03-17,Glenn,021,27897,1,0,0,0,0
2020-03-17,Humboldt,023,135768,17,1,0,1,0
2020-03-17,Imperial,025,180216,24,2,0,2,0
2020-03-17,Inyo,027,18085,0,0,0,0,0
2020-03-17,Kern,029,883053,52,0,0,0,0
2020-03-17,Kings,031,150075,9,0,0,0,0
2020-03-17,Lake,033,64148,0,0,0,0,0
2020-03-17,Lassen,035,31185,1,0,1,1,0
2020-03-17,Los Angeles,037,10098052,1866,41,9,50,0
2020-03-17,Madera,039,155013,22,2,0,2,0
2020-03-17,Marin,041,260295,51,4,0,4,0
2020-03-17,Mariposa,043,17540,0,0,0,0,0
2020-03-17,Mendocino,045,87422,2,0,0,0,0
2020-03-17,Merced,047,269075,9,0,0,0,0
2020-03-17,Modoc,049,8938,0,0,0,0,0
2020-03-17,Mono,051,14174,9,0,0,0,0
2020-03-17,Monterey,053,433212,29,0,0,0,0
2020-03-17,Napa,055,140530,8,0,0,0,0
2020-03-17,Nevada,057,99092,15,1,1,2,0
2020-03-17,Orange,059,3164182,499,24,3,27,0
2020-03-17,Placer,061,380077,47,7,0,7,1
2020-03-17,Plumas,063,18699,0,0,0,0,0
2020-03-17,Riverside,065,2383286,271,11,5,16,0
2020-03-17,Sacramento,067,1510023,237,36,0,36,1
2020-03-17,San Benito,069,59416,12,2,0,2,0
2020-03-17,San Bernardino,071,2135413,163,2,0,2,0
2020-03-17,San Diego,073,3302833,614,17,0,17,0
2020-03-17,San Francisco,075,870044,317,46,0,46,0
2020-03-17,San Joaquin,077,732212,84,11,3,14,0
2020-03-17,San Luis Obispo,079,281455,62,1,0,1,0
2020-03-17,San Mateo,081,765935,308,46,2,48,1
2020-03-17,Santa Barbara,083,443738,65,0,0,0,0
2020-03-17,Santa Clara,085,1922200,738,121,2,123,4
2020-03-17,Santa Cruz,087,273765,52,10,0,10,0
2020-03-17,Shasta,089,179085,5,1,0,1,0
2020-03-17,Sierra,091,2930,0,0,0,0,0
2020-03-17,Siskiyou,093,43540,3,0,0,0,0
2020-03-17,Solano,095,438530,48,27,0,27,0
2020-03-17,Sonoma,097,501317,70,4,0,4,0
2020-03-17,Stanislaus,099,539301,31,4,2,6,0
2020-03-17,Sutter,101,95872,5,0,0,0,0
2020-03-17,Tehama,103,63373,0,0,0,0,0
2020-03-17,Trinity,105,12862,0,0,0,0,0
2020-03-17,Tulare,107,460477,29,2,3,5,0
2020-03-17,Tuolumne,109,53932,2,0,0,0,0
2020-03-17,Ventura,111,848112,98,7,0,7,0
2020-03-17,Yolo,113,214977,20,2,0,2,0
2020-03-17,Yuba,115,75493,4,0,0,0,0
2020-03-16,Alameda,001,1643700,262,17,0,17,0
2020-03-16,Alpine,002,1148,0,0,0,0,0
2020-03-16,Amador,005,37829,1,0,0,0,0
2020-03-16,Butte,007,227075,3,0,0,0,0
2020-03-16,Calaveras,009,45235,4,2,0,2,0
2020-03-16,Colusa,011,21464,0,0,0,0,0
2020-03-16,Contra Costa,013,1133247,189,36,0,36,0
2020-03-16,Del Norte,015,27424,0,0,0,0,0
2020-03-16,El Dorado,017,186661,15,0,0,0,0
2020-03-16,Fresno,019,978130,53,2,1,3,0
2020-03-16,Glenn,021,27897,0,0,0,0,0
2020-03-16,Humboldt,023,135768,13,1,0,1,0
2020-03-16,Imperial,025,180216,19,2,0,2,0
2020-03-16,Inyo,027,18085,0,0,0,0,0
2020-03-16,Kern,029,883053,43,0,0,0,0
2020-03-16,Kings,031,150075,8,0,0,0,0
2020-03-16,Lake,033,64148,0,0,0,0,0
2020-03-16,Lassen,035,31185,1,0,0,0,0
2020-03-16,Los Angeles,037,10098052,1628,43,9,52,0
2020-03-16,Madera,039,155013,21,2,0,2,0
2020-03-16,Marin,041,260295,48,4,0,4,0
2020-03-16,Mariposa,043,17540,0,0,0,0,0
2020-03-16,Mendocino,045,87422,2,0,0,0,0
2020-03-16,Merced,047,269075,7,0,0,0,0
2020-03-16,Modoc,049,8938,0,0,0,0,0
2020-03-16,Mono,051,14174,7,0,0,0,0
2020-03-16,Monterey,053,433212,28,0,0,0,0
2020-03-16,Napa,055,140530,7,0,0,0,0
2020-03-16,Nevada,057,99092,11,1,1,2,0
2020-03-16,Orange,059,3164182,416,18,3,21,0
2020-03-16,Placer,061,380077,39,7,0,7,1
2020-03-16,Plumas,063,18699,0,0,0,0,0
2020-03-16,Riverside,065,2383286,235,10,5,15,0
2020-03-16,Sacramento,067,1510023,210,34,0,34,1
2020-03-16,San Benito,069,59416,8,2,0,2,0
2020-03-16,San Bernardino,071,2135413,143,1,0,1,0
2020-03-16,San Diego,073,3302833,523,17,0,17,0
2020-03-16,San Francisco,075,870044,279,40,0,40,0
2020-03-16,San Joaquin,077,732212,74,9,3,12,0
2020-03-16,San Luis Obispo,079,281455,55,1,0,1,0
2020-03-16,San Mateo,081,765935,269,42,2,44,1
2020-03-16,Santa Barbara,083,443738,55,0,0,0,0
2020-03-16,Santa Clara,085,1922200,658,115,1,116,2
2020-03-16,Santa Cruz,087,273765,45,9,0,9,0
2020-03-16,Shasta,089,179085,5,1,0,1,0
2020-03-16,Sierra,091,2930,0,0,0,0,0
2020-03-16,Siskiyou,093,43540,2,0,0,0,0
2020-03-16,Solano,095,438530,43,27,0,27,0
2020-03-16,Sonoma,097,501317,62,4,0,4,0
2020-03-16,Stanislaus,099,539301,27,2,2,4,0
2020-03-16,Sutter,101,95872,3,0,0,0,0
2020-03-16,Tehama,103,63373,0,0,0,0,0
2020-03-16,Trinity,105,12862,0,0,0,0,0
2020-03-16,Tulare,107,460477,25,2,3,5,0
2020-03-16,Tuolumne,109,53932,2,0,0,0,0
2020-03-16,Ventura,111,848112,88,7,0,7,0
2020-03-16,Yolo,113,214977,18,2,0,2,0
2020-03-16,Yuba,115,75493,3,0,0,0,0
2020-03-15,Alameda,001,1643700,215,17,0,17,0
2020-03-15,Alpine,002,1148,0,0,0,0,0
2020-03-15,Amador,005,37829,1,0,0,0,0
2020-03-15,Butte,007,227075,3,0,0,0,0
2020-03-15,Calaveras,009,45235,2,2,0,2,0
2020-03-15,Colusa,011,21464,0,0,0,0,0
2020-03-15,Contra Costa,013,1133247,164,34,0,34,0
2020-03-15,Del Norte,015,27424,0,0,0,0,0
2020-03-15,El Dorado,017,186661,14,0,0,0,0
2020-03-15,Fresno,019,978130,33,1,1,2,0
2020-03-15,Glenn,021,27897,0,0,0,0,0
2020-03-15,Humboldt,023,135768,11,1,0,1,0
2020-03-15,Imperial,025,180216,14,2,0,2,0
2020-03-15,Inyo,027,18085,0,0,0,0,0
2020-03-15,Kern,029,883053,37,0,0,0,0
2020-03-15,Kings,031,150075,8,0,0,0,0
2020-03-15,Lake,033,64148,0,0,0,0,0
2020-03-15,Lassen,035,31185,1,0,0,0,0
2020-03-15,Los Angeles,037,10098052,1380,41,9,50,0
2020-03-15,Madera,039,155013,20,2,0,2,0
2020-03-15,Marin,041,260295,41,3,0,3,0
2020-03-15,Mariposa,043,17540,0,0,0,0,0
2020-03-15,Mendocino,045,87422,2,0,0,0,0
2020-03-15,Merced,047,269075,4,0,0,0,0
2020-03-15,Modoc,049,8938,0,0,0,0,0
2020-03-15,Mono,051,14174,6,0,0,0,0
2020-03-15,Monterey,053,433212,21,0,0,0,0
2020-03-15,Napa,055,140530,7,0,0,0,0
2020-03-15,Nevada,057,99092,11,0,1,1,0
2020-03-15,Orange,059,3164182,348,16,1,17,0
2020-03-15,Placer,061,380077,33,7,0,7,1
2020-03-15,Plumas,063,18699,0,0,0,0,0
2020-03-15,Riverside,065,2383286,183,10,5,15,0
2020-03-15,Sacramento,067,1510023,174,30,0,30,1
2020-03-15,San Benito,069,59416,8,2,0,2,0
2020-03-15,San Bernardino,071,2135413,121,0,0,0,0
2020-03-15,San Diego,073,3302833,436,16,0,16,0
2020-03-15,San Francisco,075,870044,221,31,0,31,0
2020-03-15,San Joaquin,077,732212,63,6,3,9,0
2020-03-15,San Luis Obispo,079,281455,45,1,0,1,0
2020-03-15,San Mateo,081,765935,235,29,1,30,1
2020-03-15,Santa Barbara,083,443738,46,0,0,0,0
2020-03-15,Santa Clara,085,1922200,586,79,1,80,2
2020-03-15,Santa Cruz,087,273765,38,8,0,8,0
2020-03-15,Shasta,089,179085,5,1,0,1,0
2020-03-15,Sierra,091,2930,0,0,0,0,0
2020-03-15,Siskiyou,093,43540,2,0,0,0,0
2020-03-15,Solano,095,438530,42,26,0,26,0
2020-03-15,Sonoma,097,501317,53,4,0,4,0
2020-03-15,Stanislaus,099,539301,26,2,2,4,0
2020-03-15,Sutter,101,95872,2,0,0,0,0
2020-03-15,Tehama,103,63373,0,0,0,0,0
2020-03-15,Trinity,105,12862,0,0,0,0,0
2020-03-15,Tulare,107,460477,19,2,3,5,0
2020-03-15,Tuolumne,109,53932,1,0,0,0,0
2020-03-15,Ventura,111,848112,77,5,0,5,0
2020-03-15,Yolo,113,214977,15,2,0,2,0
2020-03-15,Yuba,115,75493,2,0,0,0,0
2020-03-14,Alameda,001,1643700,196,11,0,11,0
2020-03-14,Alpine,002,1148,0,0,0,0,0
2020-03-14,Amador,005,37829,1,0,0,0,0
2020-03-14,Butte,007,227075,2,0,0,0,0
2020-03-14,Calaveras,009,45235,2,2,0,2,0
2020-03-14,Colusa,011,21464,0,0,0,0,0
2020-03-14,Contra Costa,013,1133247,142,30,0,30,0
2020-03-14,Del Norte,015,27424,0,0,0,0,0
2020-03-14,El Dorado,017,186661,12,0,0,0,0
2020-03-14,Fresno,019,978130,25,1,1,2,0
2020-03-14,Glenn,021,27897,0,0,0,0,0
2020-03-14,Humboldt,023,135768,7,1,0,1,0
2020-03-14,Imperial,025,180216,10,2,0,2,0
2020-03-14,Inyo,027,18085,0,0,0,0,0
2020-03-14,Kern,029,883053,32,0,0,0,0
2020-03-14,Kings,031,150075,8,0,0,0,0
2020-03-14,Lake,033,64148,0,0,0,0,0
2020-03-14,Lassen,035,31185,1,0,0,0,0
2020-03-14,Los Angeles,037,10098052,1198,35,9,44,0
2020-03-14,Madera,039,155013,19,2,0,2,0
2020-03-14,Marin,041,260295,37,3,0,3,0
2020-03-14,Mariposa,043,17540,0,0,0,0,0
2020-03-14,Mendocino,045,87422,2,0,0,0,0
2020-03-14,Merced,047,269075,4,0,0,0,0
2020-03-14,Modoc,049,8938,0,0,0,0,0
2020-03-14,Mono,051,14174,5,0,0,0,0
2020-03-14,Monterey,053,433212,15,0,0,0,0
2020-03-14,Napa,055,140530,5,0,0,0,0
2020-03-14,Nevada,057,99092,8,0,1,1,0
2020-03-14,Orange,059,3164182,309,14,0,14,0
2020-03-14,Placer,061,380077,29,6,0,6,1
2020-03-14,Plumas,063,18699,0,0,0,0,0
2020-03-14,Riverside,065,2383286,163,10,5,15,0
2020-03-14,Sacramento,067,1510023,152,31,0,31,1
2020-03-14,San Benito,069,59416,8,2,0,2,0
2020-03-14,San Bernardino,071,2135413,102,0,0,0,0
2020-03-14,San Diego,073,3302833,361,10,0,10,0
2020-03-14,San Francisco,075,870044,200,29,0,29,0
2020-03-14,San Joaquin,077,732212,54,6,3,9,0
2020-03-14,San Luis Obispo,079,281455,40,0,0,0,0
2020-03-14,San Mateo,081,765935,212,27,1,28,0
2020-03-14,Santa Barbara,083,443738,37,0,0,0,0
2020-03-14,Santa Clara,085,1922200,531,62,1,63,2
2020-03-14,Santa Cruz,087,273765,33,8,0,8,0
2020-03-14,Shasta,089,179085,5,1,0,1,0
2020-03-14,Sierra,091,2930,0,0,0,0,0
2020-03-14,Siskiyou,093,43540,1,0,0,0,0
2020-03-14,Solano,095,438530,40,26,0,26,0
2020-03-14,Sonoma,097,501317,40,2,0,2,0
2020-03-14,Stanislaus,099,539301,22,2,2,4,0
2020-03-14,Sutter,101,95872,2,0,0,0,0
2020-03-14,Tehama,103,63373,0,0,0,0,0
2020-03-14,Trinity,105,12862,0,0,0,0,0
2020-03-14,Tulare,107,460477,17,2,2,4,0
2020-03-14,Tuolumne,109,53932,1,0,0,0,0
2020-03-14,Ventura,111,848112,68,5,0,5,0
2020-03-14,Yolo,113,214977,15,2,0,2,0
2020-03-14,Yuba,115,75493,1,0,0,0,0
2020-03-13,Alameda,001,1643700,177,12,0,12,0
2020-03-13,Alpine,002,1148,0,0,0,0,0
2020-03-13,Amador,005,37829,1,0,0,0,0
2020-03-13,Butte,007,227075,0,0,0,0,0
2020-03-13,Calaveras,009,45235,2,2,0,2,0
2020-03-13,Colusa,011,21464,0,0,0,0,0
2020-03-13,Contra Costa,013,1133247,128,22,0,22,0
2020-03-13,Del Norte,015,27424,0,0,0,0,0
2020-03-13,El Dorado,017,186661,11,0,0,0,0
2020-03-13,Fresno,019,978130,20,1,1,2,0
2020-03-13,Glenn,021,27897,0,0,0,0,0
2020-03-13,Humboldt,023,135768,7,1,0,1,0
2020-03-13,Imperial,025,180216,9,2,0,2,0
2020-03-13,Inyo,027,18085,0,0,0,0,0
2020-03-13,Kern,029,883053,27,0,0,0,0
2020-03-13,Kings,031,150075,7,0,0,0,0
2020-03-13,Lake,033,64148,0,0,0,0,0
2020-03-13,Lassen,035,31185,1,0,0,0,0
2020-03-13,Los Angeles,037,10098052,1041,30,7,37,0
2020-03-13,Madera,039,155013,18,1,0,1,0
2020-03-13,Marin,041,260295,34,3,0,3,0
2020-03-13,Mariposa,043,17540,0,0,0,0,0
2020-03-13,Mendocino,045,87422,2,0,0,0,0
2020-03-13,Merced,047,269075,2,0,0,0,0
2020-03-13,Modoc,049,8938,0,0,0,0,0
2020-03-13,Mono,051,14174,3,0,0,0,0
2020-03-13,Monterey,053,433212,10,0,0,0,0
2020-03-13,Napa,055,140530,3,0,0,0,0
2020-03-13,Nevada,057,99092,7,0,1,1,0
2020-03-13,Orange,059,3164182,269,10,0,10,0
2020-03-13,Placer,061,380077,27,6,0,6,1
2020-03-13,Plumas,063,18699,0,0,0,0,0
2020-03-13,Riverside,065,2383286,133,5,4,9,0
2020-03-13,Sacramento,067,1510023,130,18,0,18,1
2020-03-13,San Benito,069,59416,6,2,0,2,0
2020-03-13,San Bernardino,071,2135413,96,0,0,0,0
2020-03-13,San Diego,073,3302833,311,8,0,8,0
2020-03-13,San Francisco,075,870044,185,28,0,28,0
2020-03-13,San Joaquin,077,732212,50,6,3,9,0
2020-03-13,San Luis Obispo,079,281455,33,0,0,0,0
2020-03-13,San Mateo,081,765935,191,24,1,25,0
2020-03-13,Santa Barbara,083,443738,33,0,0,0,0
2020-03-13,Santa Clara,085,1922200,469,59,1,60,1
2020-03-13,Santa Cruz,087,273765,32,7,0,7,0
2020-03-13,Shasta,089,179085,3,1,0,1,0
2020-03-13,Sierra,091,2930,0,0,0,0,0
2020-03-13,Siskiyou,093,43540,0,0,0,0,0
2020-03-13,Solano,095,438530,39,26,0,26,0
2020-03-13,Sonoma,097,501317,39,2,0,2,0
2020-03-13,Stanislaus,099,539301,17,2,2,4,0
2020-03-13,Sutter,101,95872,2,0,0,0,0
2020-03-13,Tehama,103,63373,0,0,0,0,0
2020-03-13,Trinity,105,12862,0,0,0,0,0
2020-03-13,Tulare,107,460477,14,2,2,4,0
2020-03-13,Tuolumne,109,53932,1,0,0,0,0
2020-03-13,Ventura,111,848112,54,5,0,5,0
2020-03-13,Yolo,113,214977,14,1,0,1,0
2020-03-13,Yuba,115,75493,1,0,0,0,0
2020-03-12,Alameda,001,1643700,152,9,0,9,0
2020-03-12,Alpine,002,1148,0,0,0,0,0
2020-03-12,Amador,005,37829,1,0,0,0,0
2020-03-12,Butte,007,227075,0,0,0,0,0
2020-03-12,Calaveras,009,45235,2,2,0,2,0
2020-03-12,Colusa,011,21464,0,0,0,0,0
2020-03-12,Contra Costa,013,1133247,110,18,0,18,0
2020-03-12,Del Norte,015,27424,0,0,0,0,0
2020-03-12,El Dorado,017,186661,9,0,0,0,0
2020-03-12,Fresno,019,978130,12,1,1,2,0
2020-03-12,Glenn,021,27897,0,0,0,0,0
2020-03-12,Humboldt,023,135768,6,1,0,1,0
2020-03-12,Imperial,025,180216,8,2,0,2,0
2020-03-12,Inyo,027,18085,0,0,0,0,0
2020-03-12,Kern,029,883053,18,0,0,0,0
2020-03-12,Kings,031,150075,4,0,0,0,0
2020-03-12,Lake,033,64148,0,0,0,0,0
2020-03-12,Lassen,035,31185,1,0,0,0,0
2020-03-12,Los Angeles,037,10098052,877,30,7,37,0
2020-03-12,Madera,039,155013,15,1,0,1,0
2020-03-12,Marin,041,260295,24,1,0,1,0
2020-03-12,Mariposa,043,17540,0,0,0,0,0
2020-03-12,Mendocino,045,87422,2,0,0,0,0
2020-03-12,Merced,047,269075,2,0,0,0,0
2020-03-12,Modoc,049,8938,0,0,0,0,0
2020-03-12,Mono,051,14174,3,0,0,0,0
2020-03-12,Monterey,053,433212,8,0,0,0,0
2020-03-12,Napa,055,140530,3,0,0,0,0
2020-03-12,Nevada,057,99092,4,0,1,1,0
2020-03-12,Orange,059,3164182,232,7,0,7,0
2020-03-12,Placer,061,380077,23,6,0,6,1
2020-03-12,Plumas,063,18699,0,0,0,0,0
2020-03-12,Riverside,065,2383286,107,5,2,7,0
2020-03-12,Sacramento,067,1510023,106,17,0,17,1
2020-03-12,San Benito,069,59416,5,2,0,2,0
2020-03-12,San Bernardino,071,2135413,80,0,0,0,0
2020-03-12,San Diego,073,3302833,256,9,0,9,0
2020-03-12,San Francisco,075,870044,159,20,0,20,0
2020-03-12,San Joaquin,077,732212,44,3,3,6,1
2020-03-12,San Luis Obispo,079,281455,26,0,0,0,0
2020-03-12,San Mateo,081,765935,157,21,1,22,0
2020-03-12,Santa Barbara,083,443738,22,0,0,0,0
2020-03-12,Santa Clara,085,1922200,411,51,1,52,1
2020-03-12,Santa Cruz,087,273765,29,5,0,5,0
2020-03-12,Shasta,089,179085,2,1,0,1,0
2020-03-12,Sierra,091,2930,0,0,0,0,0
2020-03-12,Siskiyou,093,43540,0,0,0,0,0
2020-03-12,Solano,095,438530,34,26,0,26,0
2020-03-12,Sonoma,097,501317,34,2,0,2,0
2020-03-12,Stanislaus,099,539301,15,2,2,4,0
2020-03-12,Sutter,101,95872,0,0,0,0,0
2020-03-12,Tehama,103,63373,0,0,0,0,0
2020-03-12,Trinity,105,12862,0,0,0,0,0
2020-03-12,Tulare,107,460477,12,1,1,2,0
2020-03-12,Tuolumne,109,53932,1,0,0,0,0
2020-03-12,Ventura,111,848112,45,3,0,3,0
2020-03-12,Yolo,113,214977,13,1,0,1,0
2020-03-12,Yuba,115,75493,1,0,0,0,0
2020-03-11,Alameda,001,1643700,122,5,0,5,0
2020-03-11,Alpine,002,1148,0,0,0,0,0
2020-03-11,Amador,005,37829,1,0,0,0,0
2020-03-11,Butte,007,227075,0,0,0,0,0
2020-03-11,Calaveras,009,45235,2,2,0,2,0
2020-03-11,Colusa,011,21464,0,0,0,0,0
2020-03-11,Contra Costa,013,1133247,94,16,0,16,0
2020-03-11,Del Norte,015,27424,0,0,0,0,0
2020-03-11,El Dorado,017,186661,8,0,0,0,0
2020-03-11,Fresno,019,978130,9,1,1,2,0
2020-03-11,Glenn,021,27897,0,0,0,0,0
2020-03-11,Humboldt,023,135768,6,1,0,1,0
2020-03-11,Imperial,025,180216,6,0,0,0,0
2020-03-11,Inyo,027,18085,0,0,0,0,0
2020-03-11,Kern,029,883053,16,0,0,0,0
2020-03-11,Kings,031,150075,2,0,0,0,0
2020-03-11,Lake,033,64148,0,0,0,0,0
2020-03-11,Lassen,035,31185,1,0,0,0,0
2020-03-11,Los Angeles,037,10098052,704,21,7,28,0
2020-03-11,Madera,039,155013,12,1,0,1,0
2020-03-11,Marin,041,260295,17,1,0,1,0
2020-03-11,Mariposa,043,17540,0,0,0,0,0
2020-03-11,Mendocino,045,87422,1,0,0,0,0
2020-03-11,Merced,047,269075,2,0,0,0,0
2020-03-11,Modoc,049,8938,0,0,0,0,0
2020-03-11,Mono,051,14174,3,0,0,0,0
2020-03-11,Monterey,053,433212,7,0,0,0,0
2020-03-11,Napa,055,140530,2,0,0,0,0
2020-03-11,Nevada,057,99092,4,0,1,1,0
2020-03-11,Orange,059,3164182,203,6,0,6,0
2020-03-11,Placer,061,380077,18,6,0,6,1
2020-03-11,Plumas,063,18699,0,0,0,0,0
2020-03-11,Riverside,065,2383286,81,4,1,5,0
2020-03-11,Sacramento,067,1510023,88,9,0,9,1
2020-03-11,San Benito,069,59416,5,2,0,2,0
2020-03-11,San Bernardino,071,2135413,73,0,0,0,0
2020-03-11,San Diego,073,3302833,206,4,0,4,0
2020-03-11,San Francisco,075,870044,127,17,0,17,0
2020-03-11,San Joaquin,077,732212,33,1,3,4,0
2020-03-11,San Luis Obispo,079,281455,23,0,0,0,0
2020-03-11,San Mateo,081,765935,139,16,0,16,0
2020-03-11,Santa Barbara,083,443738,13,0,0,0,0
2020-03-11,Santa Clara,085,1922200,370,48,1,49,1
2020-03-11,Santa Cruz,087,273765,26,2,0,2,0
2020-03-11,Shasta,089,179085,2,1,0,1,0
2020-03-11,Sierra,091,2930,0,0,0,0,0
2020-03-11,Siskiyou,093,43540,0,0,0,0,0
2020-03-11,Solano,095,438530,29,26,0,26,0
2020-03-11,Sonoma,097,501317,30,2,0,2,0
2020-03-11,Stanislaus,099,539301,15,2,2,4,0
2020-03-11,Sutter,101,95872,0,0,0,0,0
2020-03-11,Tehama,103,63373,0,0,0,0,0
2020-03-11,Trinity,105,12862,0,0,0,0,0
2020-03-11,Tulare,107,460477,10,0,1,1,0
2020-03-11,Tuolumne,109,53932,1,0,0,0,0
2020-03-11,Ventura,111,848112,37,3,0,3,0
2020-03-11,Yolo,113,214977,9,1,0,1,0
2020-03-11,Yuba,115,75493,1,0,0,0,0
2020-03-10,Alameda,001,1643700,101,4,0,4,0
2020-03-10,Alpine,002,1148,0,0,0,0,0
2020-03-10,Amador,005,37829,1,0,0,0,0
2020-03-10,Butte,007,227075,0,0,0,0,0
2020-03-10,Calaveras,009,45235,2,2,0,2,0
2020-03-10,Colusa,011,21464,0,0,0,0,0
2020-03-10,Contra Costa,013,1133247,84,11,0,11,0
2020-03-10,Del Norte,015,27424,0,0,0,0,0
2020-03-10,El Dorado,017,186661,7,0,0,0,0
2020-03-10,Fresno,019,978130,7,1,1,2,0
2020-03-10,Glenn,021,27897,0,0,0,0,0
2020-03-10,Humboldt,023,135768,6,1,0,1,0
2020-03-10,Imperial,025,180216,5,0,0,0,0
2020-03-10,Inyo,027,18085,0,0,0,0,0
2020-03-10,Kern,029,883053,11,0,0,0,0
2020-03-10,Kings,031,150075,2,0,0,0,0
2020-03-10,Lake,033,64148,0,0,0,0,0
2020-03-10,Lassen,035,31185,1,0,0,0,0
2020-03-10,Los Angeles,037,10098052,568,20,7,27,0
2020-03-10,Madera,039,155013,7,1,0,1,0
2020-03-10,Marin,041,260295,16,1,0,1,0
2020-03-10,Mariposa,043,17540,0,0,0,0,0
2020-03-10,Mendocino,045,87422,0,0,0,0,0
2020-03-10,Merced,047,269075,2,0,0,0,0
2020-03-10,Modoc,049,8938,0,0,0,0,0
2020-03-10,Mono,051,14174,3,0,0,0,0
2020-03-10,Monterey,053,433212,5,0,0,0,0
2020-03-10,Napa,055,140530,2,0,0,0,0
2020-03-10,Nevada,057,99092,3,0,1,1,0
2020-03-10,Orange,059,3164182,183,5,0,5,1
2020-03-10,Placer,061,380077,14,7,0,7,1
2020-03-10,Plumas,063,18699,0,0,0,0,0
2020-03-10,Riverside,065,2383286,59,4,1,5,0
2020-03-10,Sacramento,067,1510023,79,8,0,8,0
2020-03-10,San Benito,069,59416,5,2,0,2,0
2020-03-10,San Bernardino,071,2135413,65,0,0,0,0
2020-03-10,San Diego,073,3302833,163,3,0,3,0
2020-03-10,San Francisco,075,870044,94,16,0,16,0
2020-03-10,San Joaquin,077,732212,30,1,3,4,0
2020-03-10,San Luis Obispo,079,281455,15,0,0,0,0
2020-03-10,San Mateo,081,765935,123,11,0,11,0
2020-03-10,Santa Barbara,083,443738,10,0,0,0,0
2020-03-10,Santa Clara,085,1922200,322,45,1,46,1
2020-03-10,Santa Cruz,087,273765,22,2,0,2,0
2020-03-10,Shasta,089,179085,2,1,0,1,0
2020-03-10,Sierra,091,2930,0,0,0,0,0
2020-03-10,Siskiyou,093,43540,0,0,0,0,0
2020-03-10,Solano,095,438530,27,26,0,26,0
2020-03-10,Sonoma,097,501317,27,2,0,2,0
2020-03-10,Stanislaus,099,539301,11,0,2,2,0
2020-03-10,Sutter,101,95872,0,0,0,0,0
2020-03-10,Tehama,103,63373,0,0,0,0,0
2020-03-10,Trinity,105,12862,0,0,0,0,0
2020-03-10,Tulare,107,460477,9,0,1,1,0
2020-03-10,Tuolumne,109,53932,1,0,0,0,0
2020-03-10,Ventura,111,848112,29,1,0,1,0
2020-03-10,Yolo,113,214977,6,2,0,2,0
2020-03-10,Yuba,115,75493,1,0,0,0,0
2020-03-09,Alameda,001,1643700,73,4,0,4,0
2020-03-09,Alpine,002,1148,0,0,0,0,0
2020-03-09,Amador,005,37829,0,0,0,0,0
2020-03-09,Butte,007,227075,0,0,0,0,0
2020-03-09,Calaveras,009,45235,2,0,0,0,0
2020-03-09,Colusa,011,21464,0,0,0,0,0
2020-03-09,Contra Costa,013,1133247,72,9,0,9,0
2020-03-09,Del Norte,015,27424,0,0,0,0,0
2020-03-09,El Dorado,017,186661,5,0,0,0,0
2020-03-09,Fresno,019,978130,7,1,1,2,0
2020-03-09,Glenn,021,27897,0,0,0,0,0
2020-03-09,Humboldt,023,135768,5,1,0,1,0
2020-03-09,Imperial,025,180216,5,0,0,0,0
2020-03-09,Inyo,027,18085,0,0,0,0,0
2020-03-09,Kern,029,883053,8,0,0,0,0
2020-03-09,Kings,031,150075,1,0,0,0,0
2020-03-09,Lake,033,64148,0,0,0,0,0
2020-03-09,Lassen,035,31185,1,0,0,0,0
2020-03-09,Los Angeles,037,10098052,464,17,6,23,0
2020-03-09,Madera,039,155013,7,1,0,1,0
2020-03-09,Marin,041,260295,15,1,0,1,0
2020-03-09,Mariposa,043,17540,0,0,0,0,0
2020-03-09,Mendocino,045,87422,0,0,0,0,0
2020-03-09,Merced,047,269075,2,0,0,0,0
2020-03-09,Modoc,049,8938,0,0,0,0,0
2020-03-09,Mono,051,14174,3,0,0,0,0
2020-03-09,Monterey,053,433212,3,0,0,0,0
2020-03-09,Napa,055,140530,2,0,0,0,0
2020-03-09,Nevada,057,99092,2,0,1,1,0
2020-03-09,Orange,059,3164182,155,4,0,4,0
2020-03-09,Placer,061,380077,12,7,0,7,1
2020-03-09,Plumas,063,18699,0,0,0,0,0
2020-03-09,Riverside,065,2383286,49,4,1,5,0
2020-03-09,Sacramento,067,1510023,75,8,0,8,0
2020-03-09,San Benito,069,59416,3,2,0,2,0
2020-03-09,San Bernardino,071,2135413,54,0,0,0,0
2020-03-09,San Diego,073,3302833,124,2,0,2,0
2020-03-09,San Francisco,075,870044,72,14,0,14,0
2020-03-09,San Joaquin,077,732212,21,0,3,3,0
2020-03-09,San Luis Obispo,079,281455,15,0,0,0,0
2020-03-09,San Mateo,081,765935,109,6,0,6,0
2020-03-09,Santa Barbara,083,443738,8,0,0,0,0
2020-03-09,Santa Clara,085,1922200,278,42,1,43,1
2020-03-09,Santa Cruz,087,273765,19,2,0,2,0
2020-03-09,Shasta,089,179085,2,1,0,1,0
2020-03-09,Sierra,091,2930,0,0,0,0,0
2020-03-09,Siskiyou,093,43540,0,0,0,0,0
2020-03-09,Solano,095,438530,25,26,0,26,0
2020-03-09,Sonoma,097,501317,22,2,0,2,0
2020-03-09,Stanislaus,099,539301,11,0,2,2,0
2020-03-09,Sutter,101,95872,0,0,0,0,0
2020-03-09,Tehama,103,63373,0,0,0,0,0
2020-03-09,Trinity,105,12862,0,0,0,0,0
2020-03-09,Tulare,107,460477,9,0,1,1,0
2020-03-09,Tuolumne,109,53932,1,0,0,0,0
2020-03-09,Ventura,111,848112,25,1,0,1,0
2020-03-09,Yolo,113,214977,5,2,0,2,0
2020-03-09,Yuba,115,75493,0,0,0,0,0
2020-03-08,Alameda,001,1643700,48,4,0,4,0
2020-03-08,Alpine,002,1148,0,0,0,0,0
2020-03-08,Amador,005,37829,0,0,0,0,0
2020-03-08,Butte,007,227075,0,0,0,0,0
2020-03-08,Calaveras,009,45235,2,0,0,0,0
2020-03-08,Colusa,011,21464,0,0,0,0,0
2020-03-08,Contra Costa,013,1133247,58,9,0,9,0
2020-03-08,Del Norte,015,27424,0,0,0,0,0
2020-03-08,El Dorado,017,186661,5,0,0,0,0
2020-03-08,Fresno,019,978130,5,1,1,2,0
2020-03-08,Glenn,021,27897,0,0,0,0,0
2020-03-08,Humboldt,023,135768,5,1,0,1,0
2020-03-08,Imperial,025,180216,5,0,0,0,0
2020-03-08,Inyo,027,18085,0,0,0,0,0
2020-03-08,Kern,029,883053,8,0,0,0,0
2020-03-08,Kings,031,150075,0,0,0,0,0
2020-03-08,Lake,033,64148,0,0,0,0,0
2020-03-08,Lassen,035,31185,0,0,0,0,0
2020-03-08,Los Angeles,037,10098052,369,14,6,20,0
2020-03-08,Madera,039,155013,7,1,0,1,0
2020-03-08,Marin,041,260295,13,1,0,1,0
2020-03-08,Mariposa,043,17540,0,0,0,0,0
2020-03-08,Mendocino,045,87422,0,0,0,0,0
2020-03-08,Merced,047,269075,2,0,0,0,0
2020-03-08,Modoc,049,8938,0,0,0,0,0
2020-03-08,Mono,051,14174,3,0,0,0,0
2020-03-08,Monterey,053,433212,3,0,0,0,0
2020-03-08,Napa,055,140530,2,0,0,0,0
2020-03-08,Nevada,057,99092,1,0,1,1,0
2020-03-08,Orange,059,3164182,130,4,0,4,0
2020-03-08,Placer,061,380077,11,7,0,7,1
2020-03-08,Plumas,063,18699,0,0,0,0,0
2020-03-08,Riverside,065,2383286,41,1,1,2,0
2020-03-08,Sacramento,067,1510023,65,5,0,5,0
2020-03-08,San Benito,069,59416,3,2,0,2,0
2020-03-08,San Bernardino,071,2135413,43,0,0,0,0
2020-03-08,San Diego,073,3302833,90,2,0,2,0
2020-03-08,San Francisco,075,870044,53,9,0,9,0
2020-03-08,San Joaquin,077,732212,18,0,3,3,0
2020-03-08,San Luis Obispo,079,281455,9,0,0,0,0
2020-03-08,San Mateo,081,765935,96,4,0,4,0
2020-03-08,Santa Barbara,083,443738,5,0,0,0,0
2020-03-08,Santa Clara,085,1922200,236,36,1,37,0
2020-03-08,Santa Cruz,087,273765,17,1,0,1,0
2020-03-08,Shasta,089,179085,2,0,0,0,0
2020-03-08,Sierra,091,2930,0,0,0,0,0
2020-03-08,Siskiyou,093,43540,0,0,0,0,0
2020-03-08,Solano,095,438530,24,26,0,26,0
2020-03-08,Sonoma,097,501317,17,2,0,2,0
2020-03-08,Stanislaus,099,539301,10,0,2,2,0
2020-03-08,Sutter,101,95872,0,0,0,0,0
2020-03-08,Tehama,103,63373,0,0,0,0,0
2020-03-08,Trinity,105,12862,0,0,0,0,0
2020-03-08,Tulare,107,460477,9,0,0,0,0
2020-03-08,Tuolumne,109,53932,1,0,0,0,0
2020-03-08,Ventura,111,848112,21,1,0,1,0
2020-03-08,Yolo,113,214977,2,2,0,2,0
2020-03-08,Yuba,115,75493,0,0,0,0,0
2020-03-07,Alameda,001,1643700,43,3,0,3,0
2020-03-07,Alpine,002,1148,0,0,0,0,0
2020-03-07,Amador,005,37829,0,0,0,0,0
2020-03-07,Butte,007,227075,0,0,0,0,0
2020-03-07,Calaveras,009,45235,2,0,0,0,0
2020-03-07,Colusa,011,21464,0,0,0,0,0
2020-03-07,Contra Costa,013,1133247,55,4,0,4,0
2020-03-07,Del Norte,015,27424,0,0,0,0,0
2020-03-07,El Dorado,017,186661,4,0,0,0,0
2020-03-07,Fresno,019,978130,4,1,1,2,0
2020-03-07,Glenn,021,27897,0,0,0,0,0
2020-03-07,Humboldt,023,135768,5,1,0,1,0
2020-03-07,Imperial,025,180216,4,0,0,0,0
2020-03-07,Inyo,027,18085,0,0,0,0,0
2020-03-07,Kern,029,883053,7,0,0,0,0
2020-03-07,Kings,031,150075,0,0,0,0,0
2020-03-07,Lake,033,64148,0,0,0,0,0
2020-03-07,Lassen,035,31185,0,0,0,0,0
2020-03-07,Los Angeles,037,10098052,318,14,6,20,0
2020-03-07,Madera,039,155013,6,1,0,1,0
2020-03-07,Marin,041,260295,11,0,0,0,0
2020-03-07,Mariposa,043,17540,0,0,0,0,0
2020-03-07,Mendocino,045,87422,0,0,0,0,0
2020-03-07,Merced,047,269075,2,0,0,0,0
2020-03-07,Modoc,049,8938,0,0,0,0,0
2020-03-07,Mono,051,14174,3,0,0,0,0
2020-03-07,Monterey,053,433212,3,0,0,0,0
2020-03-07,Napa,055,140530,1,0,0,0,0
2020-03-07,Nevada,057,99092,1,0,1,1,0
2020-03-07,Orange,059,3164182,122,4,0,4,0
2020-03-07,Placer,061,380077,11,6,0,6,1
2020-03-07,Plumas,063,18699,0,0,0,0,0
2020-03-07,Riverside,065,2383286,31,0,1,1,0
2020-03-07,Sacramento,067,1510023,52,4,0,4,0
2020-03-07,San Benito,069,59416,3,2,0,2,0
2020-03-07,San Bernardino,071,2135413,41,0,0,0,0
2020-03-07,San Diego,073,3302833,72,2,0,2,0
2020-03-07,San Francisco,075,870044,47,9,0,9,0
2020-03-07,San Joaquin,077,732212,16,0,3,3,0
2020-03-07,San Luis Obispo,079,281455,6,0,0,0,0
2020-03-07,San Mateo,081,765935,86,1,0,1,0
2020-03-07,Santa Barbara,083,443738,5,0,0,0,0
2020-03-07,Santa Clara,085,1922200,206,31,1,32,0
2020-03-07,Santa Cruz,087,273765,17,1,0,1,0
2020-03-07,Shasta,089,179085,2,0,0,0,0
2020-03-07,Sierra,091,2930,0,0,0,0,0
2020-03-07,Siskiyou,093,43540,0,0,0,0,0
2020-03-07,Solano,095,438530,23,25,0,25,0
2020-03-07,Sonoma,097,501317,13,2,0,2,0
2020-03-07,Stanislaus,099,539301,9,0,2,2,0
2020-03-07,Sutter,101,95872,0,0,0,0,0
2020-03-07,Tehama,103,63373,0,0,0,0,0
2020-03-07,Trinity,105,12862,0,0,0,0,0
2020-03-07,Tulare,107,460477,6,0,0,0,0
2020-03-07,Tuolumne,109,53932,1,0,0,0,0
2020-03-07,Ventura,111,848112,18,1,0,1,0
2020-03-07,Yolo,113,214977,2,2,0,2,0
2020-03-07,Yuba,115,75493,0,0,0,0,0
2020-03-06,Alameda,001,1643700,41,3,0,3,0
2020-03-06,Alpine,002,1148,0,0,0,0,0
2020-03-06,Amador,005,37829,0,0,0,0,0
2020-03-06,Butte,007,227075,0,0,0,0,0
2020-03-06,Calaveras,009,45235,2,0,0,0,0
2020-03-06,Colusa,011,21464,0,0,0,0,0
2020-03-06,Contra Costa,013,1133247,46,4,0,4,0
2020-03-06,Del Norte,015,27424,0,0,0,0,0
2020-03-06,El Dorado,017,186661,3,0,0,0,0
2020-03-06,Fresno,019,978130,3,0,1,1,0
2020-03-06,Glenn,021,27897,0,0,0,0,0
2020-03-06,Humboldt,023,135768,4,1,0,1,0
2020-03-06,Imperial,025,180216,3,0,0,0,0
2020-03-06,Inyo,027,18085,0,0,0,0,0
2020-03-06,Kern,029,883053,6,0,0,0,0
2020-03-06,Kings,031,150075,0,0,0,0,0
2020-03-06,Lake,033,64148,0,0,0,0,0
2020-03-06,Lassen,035,31185,0,0,0,0,0
2020-03-06,Los Angeles,037,10098052,275,13,6,19,0
2020-03-06,Madera,039,155013,5,0,0,0,0
2020-03-06,Marin,041,260295,10,0,0,0,0
2020-03-06,Mariposa,043,17540,0,0,0,0,0
2020-03-06,Mendocino,045,87422,0,0,0,0,0
2020-03-06,Merced,047,269075,2,0,0,0,0
2020-03-06,Modoc,049,8938,0,0,0,0,0
2020-03-06,Mono,051,14174,1,0,0,0,0
2020-03-06,Monterey,053,433212,3,0,0,0,0
2020-03-06,Napa,055,140530,1,0,0,0,0
2020-03-06,Nevada,057,99092,1,0,1,1,0
2020-03-06,Orange,059,3164182,96,4,0,4,0
2020-03-06,Placer,061,380077,10,5,0,5,1
2020-03-06,Plumas,063,18699,0,0,0,0,0
2020-03-06,Riverside,065,2383286,30,0,1,1,0
2020-03-06,Sacramento,067,1510023,43,2,0,2,0
2020-03-06,San Benito,069,59416,3,2,0,2,0
2020-03-06,San Bernardino,071,2135413,39,0,0,0,0
2020-03-06,San Diego,073,3302833,59,2,0,2,0
2020-03-06,San Francisco,075,870044,41,2,0,2,0
2020-03-06,San Joaquin,077,732212,13,0,3,3,0
2020-03-06,San Luis Obispo,079,281455,4,0,0,0,0
2020-03-06,San Mateo,081,765935,78,1,0,1,0
2020-03-06,Santa Barbara,083,443738,3,0,0,0,0
2020-03-06,Santa Clara,085,1922200,188,20,1,21,0
2020-03-06,Santa Cruz,087,273765,15,0,0,0,0
2020-03-06,Shasta,089,179085,2,0,0,0,0
2020-03-06,Sierra,091,2930,0,0,0,0,0
2020-03-06,Siskiyou,093,43540,0,0,0,0,0
2020-03-06,Solano,095,438530,22,25,0,25,0
2020-03-06,Sonoma,097,501317,13,2,0,2,0
2020-03-06,Stanislaus,099,539301,5,0,2,2,0
2020-03-06,Sutter,101,95872,0,0,0,0,0
2020-03-06,Tehama,103,63373,0,0,0,0,0
2020-03-06,Trinity,105,12862,0,0,0,0,0
2020-03-06,Tulare,107,460477,6,0,0,0,0
2020-03-06,Tuolumne,109,53932,1,0,0,0,0
2020-03-06,Ventura,111,848112,15,1,0,1,0
2020-03-06,Yolo,113,214977,2,1,0,1,0
2020-03-06,Yuba,115,75493,0,0,0,0,0
2020-03-05,Alameda,001,1643700,35,2,0,2,0
2020-03-05,Alpine,002,1148,0,0,0,0,0
2020-03-05,Amador,005,37829,0,0,0,0,0
2020-03-05,Butte,007,227075,0,0,0,0,0
2020-03-05,Calaveras,009,45235,2,0,0,0,0
2020-03-05,Colusa,011,21464,0,0,0,0,0
2020-03-05,Contra Costa,013,1133247,39,1,0,1,0
2020-03-05,Del Norte,015,27424,0,0,0,0,0
2020-03-05,El Dorado,017,186661,1,0,0,0,0
2020-03-05,Fresno,019,978130,3,0,1,1,0
2020-03-05,Glenn,021,27897,0,0,0,0,0
2020-03-05,Humboldt,023,135768,4,1,0,1,0
2020-03-05,Imperial,025,180216,2,0,0,0,0
2020-03-05,Inyo,027,18085,0,0,0,0,0
2020-03-05,Kern,029,883053,6,0,0,0,0
2020-03-05,Kings,031,150075,0,0,0,0,0
2020-03-05,Lake,033,64148,0,0,0,0,0
2020-03-05,Lassen,035,31185,0,0,0,0,0
2020-03-05,Los Angeles,037,10098052,228,11,6,17,0
2020-03-05,Madera,039,155013,5,0,0,0,0
2020-03-05,Marin,041,260295,10,0,0,0,0
2020-03-05,Mariposa,043,17540,0,0,0,0,0
2020-03-05,Mendocino,045,87422,0,0,0,0,0
2020-03-05,Merced,047,269075,2,0,0,0,0
2020-03-05,Modoc,049,8938,0,0,0,0,0
2020-03-05,Mono,051,14174,1,0,0,0,0
2020-03-05,Monterey,053,433212,3,0,0,0,0
2020-03-05,Napa,055,140530,1,0,0,0,0
2020-03-05,Nevada,057,99092,0,0,1,1,0
2020-03-05,Orange,059,3164182,81,3,0,3,0
2020-03-05,Placer,061,380077,10,2,0,2,1
2020-03-05,Plumas,063,18699,0,0,0,0,0
2020-03-05,Riverside,065,2383286,27,0,1,1,0
2020-03-05,Sacramento,067,1510023,37,2,0,2,0
2020-03-05,San Benito,069,59416,1,2,0,2,0
2020-03-05,San Bernardino,071,2135413,34,0,0,0,0
2020-03-05,San Diego,073,3302833,52,2,0,2,0
2020-03-05,San Francisco,075,870044,31,2,0,2,0
2020-03-05,San Joaquin,077,732212,10,0,3,3,0
2020-03-05,San Luis Obispo,079,281455,4,0,0,0,0
2020-03-05,San Mateo,081,765935,65,1,0,1,0
2020-03-05,Santa Barbara,083,443738,2,0,0,0,0
2020-03-05,Santa Clara,085,1922200,164,14,1,15,0
2020-03-05,Santa Cruz,087,273765,13,0,0,0,0
2020-03-05,Shasta,089,179085,2,0,0,0,0
2020-03-05,Sierra,091,2930,0,0,0,0,0
2020-03-05,Siskiyou,093,43540,0,0,0,0,0
2020-03-05,Solano,095,438530,22,24,0,24,0
2020-03-05,Sonoma,097,501317,12,2,0,2,0
2020-03-05,Stanislaus,099,539301,4,0,2,2,0
2020-03-05,Sutter,101,95872,0,0,0,0,0
2020-03-05,Tehama,103,63373,0,0,0,0,0
2020-03-05,Trinity,105,12862,0,0,0,0,0
2020-03-05,Tulare,107,460477,6,0,0,0,0
2020-03-05,Tuolumne,109,53932,1,0,0,0,0
2020-03-05,Ventura,111,848112,13,0,0,0,0
2020-03-05,Yolo,113,214977,2,0,0,0,0
2020-03-05,Yuba,115,75493,0,0,0,0,0
2020-03-04,Alameda,001,1643700,31,2,0,2,0
2020-03-04,Alpine,002,1148,0,0,0,0,0
2020-03-04,Amador,005,37829,0,0,0,0,0
2020-03-04,Butte,007,227075,0,0,0,0,0
2020-03-04,Calaveras,009,45235,0,0,0,0,0
2020-03-04,Colusa,011,21464,0,0,0,0,0
2020-03-04,Contra Costa,013,1133247,34,1,0,1,0
2020-03-04,Del Norte,015,27424,0,0,0,0,0
2020-03-04,El Dorado,017,186661,1,0,0,0,0
2020-03-04,Fresno,019,978130,3,0,1,1,0
2020-03-04,Glenn,021,27897,0,0,0,0,0
2020-03-04,Humboldt,023,135768,1,1,0,1,0
2020-03-04,Imperial,025,180216,2,0,0,0,0
2020-03-04,Inyo,027,18085,0,0,0,0,0
2020-03-04,Kern,029,883053,6,0,0,0,0
2020-03-04,Kings,031,150075,0,0,0,0,0
2020-03-04,Lake,033,64148,0,0,0,0,0
2020-03-04,Lassen,035,31185,0,0,0,0,0
2020-03-04,Los Angeles,037,10098052,192,7,6,13,0
2020-03-04,Madera,039,155013,5,0,0,0,0
2020-03-04,Marin,041,260295,10,0,0,0,0
2020-03-04,Mariposa,043,17540,0,0,0,0,0
2020-03-04,Mendocino,045,87422,0,0,0,0,0
2020-03-04,Merced,047,269075,2,0,0,0,0
2020-03-04,Modoc,049,8938,0,0,0,0,0
2020-03-04,Mono,051,14174,1,0,0,0,0
2020-03-04,Monterey,053,433212,3,0,0,0,0
2020-03-04,Napa,055,140530,1,0,0,0,0
2020-03-04,Nevada,057,99092,0,0,1,1,0
2020-03-04,Orange,059,3164182,78,3,0,3,0
2020-03-04,Placer,061,380077,9,2,0,2,1
2020-03-04,Plumas,063,18699,0,0,0,0,0
2020-03-04,Riverside,065,2383286,23,0,1,1,0
2020-03-04,Sacramento,067,1510023,32,1,0,1,0
2020-03-04,San Benito,069,59416,1,2,0,2,0
2020-03-04,San Bernardino,071,2135413,31,0,0,0,0
2020-03-04,San Diego,073,3302833,39,2,0,2,0
2020-03-04,San Francisco,075,870044,26,0,0,0,0
2020-03-04,San Joaquin,077,732212,9,0,3,3,0
2020-03-04,San Luis Obispo,079,281455,4,0,0,0,0
2020-03-04,San Mateo,081,765935,60,1,0,1,0
2020-03-04,Santa Barbara,083,443738,2,0,0,0,0
2020-03-04,Santa Clara,085,1922200,147,12,1,13,0
2020-03-04,Santa Cruz,087,273765,13,0,0,0,0
2020-03-04,Shasta,089,179085,2,0,0,0,0
2020-03-04,Sierra,091,2930,0,0,0,0,0
2020-03-04,Siskiyou,093,43540,0,0,0,0,0
2020-03-04,Solano,095,438530,21,24,0,24,0
2020-03-04,Sonoma,097,501317,11,2,0,2,0
2020-03-04,Stanislaus,099,539301,4,0,2,2,0
2020-03-04,Sutter,101,95872,0,0,0,0,0
2020-03-04,Tehama,103,63373,0,0,0,0,0
2020-03-04,Trinity,105,12862,0,0,0,0,0
2020-03-04,Tulare,107,460477,6,0,0,0,0
2020-03-04,Tuolumne,109,53932,0,0,0,0,0
2020-03-04,Ventura,111,848112,12,0,0,0,0
2020-03-04,Yolo,113,214977,2,0,0,0,0
2020-03-04,Yuba,115,75493,0,0,0,0,0
2020-03-03,Alameda,001,1643700,25,2,0,2,0
2020-03-03,Alpine,002,1148,0,0,0,0,0
2020-03-03,Amador,005,37829,0,0,0,0,0
2020-03-03,Butte,007,227075,0,0,0,0,0
2020-03-03,Calaveras,009,45235,0,0,0,0,0
2020-03-03,Colusa,011,21464,0,0,0,0,0
2020-03-03,Contra Costa,013,1133247,30,0,0,0,0
2020-03-03,Del Norte,015,27424,0,0,0,0,0
2020-03-03,El Dorado,017,186661,1,0,0,0,0
2020-03-03,Fresno,019,978130,2,0,1,1,0
2020-03-03,Glenn,021,27897,0,0,0,0,0
2020-03-03,Humboldt,023,135768,1,1,0,1,0
2020-03-03,Imperial,025,180216,2,0,0,0,0
2020-03-03,Inyo,027,18085,0,0,0,0,0
2020-03-03,Kern,029,883053,4,0,0,0,0
2020-03-03,Kings,031,150075,0,0,0,0,0
2020-03-03,Lake,033,64148,0,0,0,0,0
2020-03-03,Lassen,035,31185,0,0,0,0,0
2020-03-03,Los Angeles,037,10098052,173,5,6,11,0
2020-03-03,Madera,039,155013,4,0,0,0,0
2020-03-03,Marin,041,260295,6,0,0,0,0
2020-03-03,Mariposa,043,17540,0,0,0,0,0
2020-03-03,Mendocino,045,87422,0,0,0,0,0
2020-03-03,Merced,047,269075,2,0,0,0,0
2020-03-03,Modoc,049,8938,0,0,0,0,0
2020-03-03,Mono,051,14174,1,0,0,0,0
2020-03-03,Monterey,053,433212,2,0,0,0,0
2020-03-03,Napa,055,140530,1,0,0,0,0
2020-03-03,Nevada,057,99092,0,0,1,1,0
2020-03-03,Orange,059,3164182,70,1,0,1,0
2020-03-03,Placer,061,380077,8,2,0,2,0
2020-03-03,Plumas,063,18699,0,0,0,0,0
2020-03-03,Riverside,065,2383286,20,0,1,1,0
2020-03-03,Sacramento,067,1510023,31,1,0,1,0
2020-03-03,San Benito,069,59416,1,2,0,2,0
2020-03-03,San Bernardino,071,2135413,28,0,0,0,0
2020-03-03,San Diego,073,3302833,32,2,0,2,0
2020-03-03,San Francisco,075,870044,24,0,0,0,0
2020-03-03,San Joaquin,077,732212,8,0,3,3,0
2020-03-03,San Luis Obispo,079,281455,2,0,0,0,0
2020-03-03,San Mateo,081,765935,53,1,0,1,0
2020-03-03,Santa Barbara,083,443738,1,0,0,0,0
2020-03-03,Santa Clara,085,1922200,132,11,1,12,0
2020-03-03,Santa Cruz,087,273765,10,0,0,0,0
2020-03-03,Shasta,089,179085,2,0,0,0,0
2020-03-03,Sierra,091,2930,0,0,0,0,0
2020-03-03,Siskiyou,093,43540,0,0,0,0,0
2020-03-03,Solano,095,438530,20,24,0,24,0
2020-03-03,Sonoma,097,501317,11,1,0,1,0
2020-03-03,Stanislaus,099,539301,4,0,2,2,0
2020-03-03,Sutter,101,95872,0,0,0,0,0
2020-03-03,Tehama,103,63373,0,0,0,0,0
2020-03-03,Trinity,105,12862,0,0,0,0,0
2020-03-03,Tulare,107,460477,6,0,0,0,0
2020-03-03,Tuolumne,109,53932,0,0,0,0,0
2020-03-03,Ventura,111,848112,11,0,0,0,0
2020-03-03,Yolo,113,214977,1,0,0,0,0
2020-03-03,Yuba,115,75493,0,0,0,0,0
2020-03-02,Alameda,001,1643700,22,1,0,1,0
2020-03-02,Alpine,002,1148,0,0,0,0,0
2020-03-02,Amador,005,37829,0,0,0,0,0
2020-03-02,Butte,007,227075,0,0,0,0,0
2020-03-02,Calaveras,009,45235,0,0,0,0,0
2020-03-02,Colusa,011,21464,0,0,0,0,0
2020-03-02,Contra Costa,013,1133247,27,0,0,0,0
2020-03-02,Del Norte,015,27424,0,0,0,0,0
2020-03-02,El Dorado,017,186661,1,0,0,0,0
2020-03-02,Fresno,019,978130,2,0,1,1,0
2020-03-02,Glenn,021,27897,0,0,0,0,0
2020-03-02,Humboldt,023,135768,1,1,0,1,0
2020-03-02,Imperial,025,180216,2,0,0,0,0
2020-03-02,Inyo,027,18085,0,0,0,0,0
2020-03-02,Kern,029,883053,4,0,0,0,0
2020-03-02,Kings,031,150075,0,0,0,0,0
2020-03-02,Lake,033,64148,0,0,0,0,0
2020-03-02,Lassen,035,31185,0,0,0,0,0
2020-03-02,Los Angeles,037,10098052,158,1,6,7,0
2020-03-02,Madera,039,155013,4,0,0,0,0
2020-03-02,Marin,041,260295,6,0,0,0,0
2020-03-02,Mariposa,043,17540,0,0,0,0,0
2020-03-02,Mendocino,045,87422,0,0,0,0,0
2020-03-02,Merced,047,269075,1,0,0,0,0
2020-03-02,Modoc,049,8938,0,0,0,0,0
2020-03-02,Mono,051,14174,1,0,0,0,0
2020-03-02,Monterey,053,433212,2,0,0,0,0
2020-03-02,Napa,055,140530,1,0,0,0,0
2020-03-02,Nevada,057,99092,0,0,1,1,0
2020-03-02,Orange,059,3164182,65,1,0,1,0
2020-03-02,Placer,061,380077,8,1,0,1,0
2020-03-02,Plumas,063,18699,0,0,0,0,0
2020-03-02,Riverside,065,2383286,19,0,1,1,0
2020-03-02,Sacramento,067,1510023,25,1,0,1,0
2020-03-02,San Benito,069,59416,1,2,0,2,0
2020-03-02,San Bernardino,071,2135413,28,0,0,0,0
2020-03-02,San Diego,073,3302833,26,2,0,2,0
2020-03-02,San Francisco,075,870044,17,0,0,0,0
2020-03-02,San Joaquin,077,732212,7,0,3,3,0
2020-03-02,San Luis Obispo,079,281455,2,0,0,0,0
2020-03-02,San Mateo,081,765935,44,1,0,1,0
2020-03-02,Santa Barbara,083,443738,1,0,0,0,0
2020-03-02,Santa Clara,085,1922200,110,7,1,8,0
2020-03-02,Santa Cruz,087,273765,9,0,0,0,0
2020-03-02,Shasta,089,179085,2,0,0,0,0
2020-03-02,Sierra,091,2930,0,0,0,0,0
2020-03-02,Siskiyou,093,43540,0,0,0,0,0
2020-03-02,Solano,095,438530,19,24,0,24,0
2020-03-02,Sonoma,097,501317,10,1,0,1,0
2020-03-02,Stanislaus,099,539301,2,0,2,2,0
2020-03-02,Sutter,101,95872,0,0,0,0,0
2020-03-02,Tehama,103,63373,0,0,0,0,0
2020-03-02,Trinity,105,12862,0,0,0,0,0
2020-03-02,Tulare,107,460477,6,0,0,0,0
2020-03-02,Tuolumne,109,53932,0,0,0,0,0
2020-03-02,Ventura,111,848112,10,0,0,0,0
2020-03-02,Yolo,113,214977,1,0,0,0,0
2020-03-02,Yuba,115,75493,0,0,0,0,0
2020-03-01,Alameda,001,1643700,21,1,0,1,0
2020-03-01,Alpine,002,1148,0,0,0,0,0
2020-03-01,Amador,005,37829,0,0,0,0,0
2020-03-01,Butte,007,227075,0,0,0,0,0
2020-03-01,Calaveras,009,45235,0,0,0,0,0
2020-03-01,Colusa,011,21464,0,0,0,0,0
2020-03-01,Contra Costa,013,1133247,24,0,0,0,0
2020-03-01,Del Norte,015,27424,0,0,0,0,0
2020-03-01,El Dorado,017,186661,1,0,0,0,0
2020-03-01,Fresno,019,978130,1,0,1,1,0
2020-03-01,Glenn,021,27897,0,0,0,0,0
2020-03-01,Humboldt,023,135768,1,1,0,1,0
2020-03-01,Imperial,025,180216,2,0,0,0,0
2020-03-01,Inyo,027,18085,0,0,0,0,0
2020-03-01,Kern,029,883053,2,0,0,0,0
2020-03-01,Kings,031,150075,0,0,0,0,0
2020-03-01,Lake,033,64148,0,0,0,0,0
2020-03-01,Lassen,035,31185,0,0,0,0,0
2020-03-01,Los Angeles,037,10098052,139,1,6,7,0
2020-03-01,Madera,039,155013,2,0,0,0,0
2020-03-01,Marin,041,260295,5,0,0,0,0
2020-03-01,Mariposa,043,17540,0,0,0,0,0
2020-03-01,Mendocino,045,87422,0,0,0,0,0
2020-03-01,Merced,047,269075,1,0,0,0,0
2020-03-01,Modoc,049,8938,0,0,0,0,0
2020-03-01,Mono,051,14174,1,0,0,0,0
2020-03-01,Monterey,053,433212,1,0,0,0,0
2020-03-01,Napa,055,140530,1,0,0,0,0
2020-03-01,Nevada,057,99092,0,0,1,1,0
2020-03-01,Orange,059,3164182,62,1,0,1,0
2020-03-01,Placer,061,380077,8,0,0,0,0
2020-03-01,Plumas,063,18699,0,0,0,0,0
2020-03-01,Riverside,065,2383286,18,0,1,1,0
2020-03-01,Sacramento,067,1510023,21,1,0,1,0
2020-03-01,San Benito,069,59416,0,2,0,2,0
2020-03-01,San Bernardino,071,2135413,27,0,0,0,0
2020-03-01,San Diego,073,3302833,19,2,0,2,0
2020-03-01,San Francisco,075,870044,13,0,0,0,0
2020-03-01,San Joaquin,077,732212,7,0,3,3,0
2020-03-01,San Luis Obispo,079,281455,2,0,0,0,0
2020-03-01,San Mateo,081,765935,36,0,0,0,0
2020-03-01,Santa Barbara,083,443738,1,0,0,0,0
2020-03-01,Santa Clara,085,1922200,97,6,1,7,0
2020-03-01,Santa Cruz,087,273765,8,0,0,0,0
2020-03-01,Shasta,089,179085,2,0,0,0,0
2020-03-01,Sierra,091,2930,0,0,0,0,0
2020-03-01,Siskiyou,093,43540,0,0,0,0,0
2020-03-01,Solano,095,438530,19,24,0,24,0
2020-03-01,Sonoma,097,501317,9,0,0,0,0
2020-03-01,Stanislaus,099,539301,2,0,2,2,0
2020-03-01,Sutter,101,95872,0,0,0,0,0
2020-03-01,Tehama,103,63373,0,0,0,0,0
2020-03-01,Trinity,105,12862,0,0,0,0,0
2020-03-01,Tulare,107,460477,6,0,0,0,0
2020-03-01,Tuolumne,109,53932,0,0,0,0,0
2020-03-01,Ventura,111,848112,8,0,0,0,0
2020-03-01,Yolo,113,214977,1,0,0,0,0
2020-03-01,Yuba,115,75493,0,0,0,0,0
2020-02-29,Alameda,001,1643700,17,0,0,0,0
2020-02-29,Alpine,002,1148,0,0,0,0,0
2020-02-29,Amador,005,37829,0,0,0,0,0
2020-02-29,Butte,007,227075,0,0,0,0,0
2020-02-29,Calaveras,009,45235,0,0,0,0,0
2020-02-29,Colusa,011,21464,0,0,0,0,0
2020-02-29,Contra Costa,013,1133247,20,0,0,0,0
2020-02-29,Del Norte,015,27424,0,0,0,0,0
2020-02-29,El Dorado,017,186661,1,0,0,0,0
2020-02-29,Fresno,019,978130,1,0,0,0,0
2020-02-29,Glenn,021,27897,0,0,0,0,0
2020-02-29,Humboldt,023,135768,1,1,0,1,0
2020-02-29,Imperial,025,180216,1,0,0,0,0
2020-02-29,Inyo,027,18085,0,0,0,0,0
2020-02-29,Kern,029,883053,2,0,0,0,0
2020-02-29,Kings,031,150075,0,0,0,0,0
2020-02-29,Lake,033,64148,0,0,0,0,0
2020-02-29,Lassen,035,31185,0,0,0,0,0
2020-02-29,Los Angeles,037,10098052,111,1,6,7,0
2020-02-29,Madera,039,155013,2,0,0,0,0
2020-02-29,Marin,041,260295,4,0,0,0,0
2020-02-29,Mariposa,043,17540,0,0,0,0,0
2020-02-29,Mendocino,045,87422,0,0,0,0,0
2020-02-29,Merced,047,269075,1,0,0,0,0
2020-02-29,Modoc,049,8938,0,0,0,0,0
2020-02-29,Mono,051,14174,1,0,0,0,0
2020-02-29,Monterey,053,433212,1,0,0,0,0
2020-02-29,Napa,055,140530,1,0,0,0,0
2020-02-29,Nevada,057,99092,0,0,1,1,0
2020-02-29,Orange,059,3164182,57,1,0,1,0
2020-02-29,Placer,061,380077,7,0,0,0,0
2020-02-29,Plumas,063,18699,0,0,0,0,0
2020-02-29,Riverside,065,2383286,15,0,1,1,0
2020-02-29,Sacramento,067,1510023,16,1,0,1,0
2020-02-29,San Benito,069,59416,0,2,0,2,0
2020-02-29,San Bernardino,071,2135413,25,0,0,0,0
2020-02-29,San Diego,073,3302833,14,2,0,2,0
2020-02-29,San Francisco,075,870044,12,0,0,0,0
2020-02-29,San Joaquin,077,732212,6,0,3,3,0
2020-02-29,San Luis Obispo,079,281455,2,0,0,0,0
2020-02-29,San Mateo,081,765935,29,0,0,0,0
2020-02-29,Santa Barbara,083,443738,0,0,0,0,0
2020-02-29,Santa Clara,085,1922200,75,3,1,4,0
2020-02-29,Santa Cruz,087,273765,8,0,0,0,0
2020-02-29,Shasta,089,179085,2,0,0,0,0
2020-02-29,Sierra,091,2930,0,0,0,0,0
2020-02-29,Siskiyou,093,43540,0,0,0,0,0
2020-02-29,Solano,095,438530,18,23,0,23,0
2020-02-29,Sonoma,097,501317,6,0,0,0,0
2020-02-29,Stanislaus,099,539301,2,0,2,2,0
2020-02-29,Sutter,101,95872,0,0,0,0,0
2020-02-29,Tehama,103,63373,0,0,0,0,0
2020-02-29,Trinity,105,12862,0,0,0,0,0
2020-02-29,Tulare,107,460477,4,0,0,0,0
2020-02-29,Tuolumne,109,53932,0,0,0,0,0
2020-02-29,Ventura,111,848112,6,0,0,0,0
2020-02-29,Yolo,113,214977,1,0,0,0,0
2020-02-29,Yuba,115,75493,0,0,0,0,0
2020-02-28,Alameda,001,1643700,15,0,0,0,0
2020-02-28,Alpine,002,1148,0,0,0,0,0
2020-02-28,Amador,005,37829,0,0,0,0,0
2020-02-28,Butte,007,227075,0,0,0,0,0
2020-02-28,Calaveras,009,45235,0,0,0,0,0
2020-02-28,Colusa,011,21464,0,0,0,0,0
2020-02-28,Contra Costa,013,1133247,20,0,0,0,0
2020-02-28,Del Norte,015,27424,0,0,0,0,0
2020-02-28,El Dorado,017,186661,0,0,0,0,0
2020-02-28,Fresno,019,978130,1,0,0,0,0
2020-02-28,Glenn,021,27897,0,0,0,0,0
2020-02-28,Humboldt,023,135768,1,1,0,1,0
2020-02-28,Imperial,025,180216,1,0,0,0,0
2020-02-28,Inyo,027,18085,0,0,0,0,0
2020-02-28,Kern,029,883053,2,0,0,0,0
2020-02-28,Kings,031,150075,0,0,0,0,0
2020-02-28,Lake,033,64148,0,0,0,0,0
2020-02-28,Lassen,035,31185,0,0,0,0,0
2020-02-28,Los Angeles,037,10098052,103,1,6,7,0
2020-02-28,Madera,039,155013,2,0,0,0,0
2020-02-28,Marin,041,260295,2,0,0,0,0
2020-02-28,Mariposa,043,17540,0,0,0,0,0
2020-02-28,Mendocino,045,87422,0,0,0,0,0
2020-02-28,Merced,047,269075,1,0,0,0,0
2020-02-28,Modoc,049,8938,0,0,0,0,0
2020-02-28,Mono,051,14174,0,0,0,0,0
2020-02-28,Monterey,053,433212,1,0,0,0,0
2020-02-28,Napa,055,140530,1,0,0,0,0
2020-02-28,Nevada,057,99092,0,0,1,1,0
2020-02-28,Orange,059,3164182,55,1,0,1,0
2020-02-28,Placer,061,380077,7,0,0,0,0
2020-02-28,Plumas,063,18699,0,0,0,0,0
2020-02-28,Riverside,065,2383286,13,0,1,1,0
2020-02-28,Sacramento,067,1510023,10,1,0,1,0
2020-02-28,San Benito,069,59416,0,2,0,2,0
2020-02-28,San Bernardino,071,2135413,25,0,0,0,0
2020-02-28,San Diego,073,3302833,11,2,0,2,0
2020-02-28,San Francisco,075,870044,10,0,0,0,0
2020-02-28,San Joaquin,077,732212,6,0,3,3,0
2020-02-28,San Luis Obispo,079,281455,2,0,0,0,0
2020-02-28,San Mateo,081,765935,24,0,0,0,0
2020-02-28,Santa Barbara,083,443738,0,0,0,0,0
2020-02-28,Santa Clara,085,1922200,70,3,1,4,0
2020-02-28,Santa Cruz,087,273765,8,0,0,0,0
2020-02-28,Shasta,089,179085,2,0,0,0,0
2020-02-28,Sierra,091,2930,0,0,0,0,0
2020-02-28,Siskiyou,093,43540,0,0,0,0,0
2020-02-28,Solano,095,438530,17,23,0,23,0
2020-02-28,Sonoma,097,501317,6,0,0,0,0
2020-02-28,Stanislaus,099,539301,2,0,2,2,0
2020-02-28,Sutter,101,95872,0,0,0,0,0
2020-02-28,Tehama,103,63373,0,0,0,0,0
2020-02-28,Trinity,105,12862,0,0,0,0,0
2020-02-28,Tulare,107,460477,3,0,0,0,0
2020-02-28,Tuolumne,109,53932,0,0,0,0,0
2020-02-28,Ventura,111,848112,6,0,0,0,0
2020-02-28,Yolo,113,214977,1,0,0,0,0
2020-02-28,Yuba,115,75493,0,0,0,0,0
2020-02-27,Alameda,001,1643700,14,0,0,0,0
2020-02-27,Alpine,002,1148,0,0,0,0,0
2020-02-27,Amador,005,37829,0,0,0,0,0
2020-02-27,Butte,007,227075,0,0,0,0,0
2020-02-27,Calaveras,009,45235,0,0,0,0,0
2020-02-27,Colusa,011,21464,0,0,0,0,0
2020-02-27,Contra Costa,013,1133247,14,0,0,0,0
2020-02-27,Del Norte,015,27424,0,0,0,0,0
2020-02-27,El Dorado,017,186661,0,0,0,0,0
2020-02-27,Fresno,019,978130,1,0,0,0,0
2020-02-27,Glenn,021,27897,0,0,0,0,0
2020-02-27,Humboldt,023,135768,1,1,0,1,0
2020-02-27,Imperial,025,180216,1,0,0,0,0
2020-02-27,Inyo,027,18085,0,0,0,0,0
2020-02-27,Kern,029,883053,2,0,0,0,0
2020-02-27,Kings,031,150075,0,0,0,0,0
2020-02-27,Lake,033,64148,0,0,0,0,0
2020-02-27,Lassen,035,31185,0,0,0,0,0
2020-02-27,Los Angeles,037,10098052,95,1,6,7,0
2020-02-27,Madera,039,155013,2,0,0,0,0
2020-02-27,Marin,041,260295,1,0,0,0,0
2020-02-27,Mariposa,043,17540,0,0,0,0,0
2020-02-27,Mendocino,045,87422,0,0,0,0,0
2020-02-27,Merced,047,269075,1,0,0,0,0
2020-02-27,Modoc,049,8938,0,0,0,0,0
2020-02-27,Mono,051,14174,0,0,0,0,0
2020-02-27,Monterey,053,433212,1,0,0,0,0
2020-02-27,Napa,055,140530,1,0,0,0,0
2020-02-27,Nevada,057,99092,0,0,1,1,0
2020-02-27,Orange,059,3164182,49,1,0,1,0
2020-02-27,Placer,061,380077,6,0,0,0,0
2020-02-27,Plumas,063,18699,0,0,0,0,0
2020-02-27,Riverside,065,2383286,12,0,1,1,0
2020-02-27,Sacramento,067,1510023,10,1,0,1,0
2020-02-27,San Benito,069,59416,0,2,0,2,0
2020-02-27,San Bernardino,071,2135413,25,0,0,0,0
2020-02-27,San Diego,073,3302833,10,2,0,2,0
2020-02-27,San Francisco,075,870044,9,0,0,0,0
2020-02-27,San Joaquin,077,732212,5,0,3,3,0
2020-02-27,San Luis Obispo,079,281455,2,0,0,0,0
2020-02-27,San Mateo,081,765935,20,0,0,0,0
2020-02-27,Santa Barbara,083,443738,0,0,0,0,0
2020-02-27,Santa Clara,085,1922200,59,2,1,3,0
2020-02-27,Santa Cruz,087,273765,6,0,0,0,0
2020-02-27,Shasta,089,179085,0,0,0,0,0
2020-02-27,Sierra,091,2930,0,0,0,0,0
2020-02-27,Siskiyou,093,43540,0,0,0,0,0
2020-02-27,Solano,095,438530,17,23,0,23,0
2020-02-27,Sonoma,097,501317,5,0,0,0,0
2020-02-27,Stanislaus,099,539301,2,0,2,2,0
2020-02-27,Sutter,101,95872,0,0,0,0,0
2020-02-27,Tehama,103,63373,0,0,0,0,0
2020-02-27,Trinity,105,12862,0,0,0,0,0
2020-02-27,Tulare,107,460477,3,0,0,0,0
2020-02-27,Tuolumne,109,53932,0,0,0,0,0
2020-02-27,Ventura,111,848112,4,0,0,0,0
2020-02-27,Yolo,113,214977,1,0,0,0,0
2020-02-27,Yuba,115,75493,0,0,0,0,0
2020-02-26,Alameda,001,1643700,14,0,0,0,0
2020-02-26,Alpine,002,1148,0,0,0,0,0
2020-02-26,Amador,005,37829,0,0,0,0,0
2020-02-26,Butte,007,227075,0,0,0,0,0
2020-02-26,Calaveras,009,45235,0,0,0,0,0
2020-02-26,Colusa,011,21464,0,0,0,0,0
2020-02-26,Contra Costa,013,1133247,13,0,0,0,0
2020-02-26,Del Norte,015,27424,0,0,0,0,0
2020-02-26,El Dorado,017,186661,0,0,0,0,0
2020-02-26,Fresno,019,978130,1,0,0,0,0
2020-02-26,Glenn,021,27897,0,0,0,0,0
2020-02-26,Humboldt,023,135768,1,1,0,1,0
2020-02-26,Imperial,025,180216,1,0,0,0,0
2020-02-26,Inyo,027,18085,0,0,0,0,0
2020-02-26,Kern,029,883053,2,0,0,0,0
2020-02-26,Kings,031,150075,0,0,0,0,0
2020-02-26,Lake,033,64148,0,0,0,0,0
2020-02-26,Lassen,035,31185,0,0,0,0,0
2020-02-26,Los Angeles,037,10098052,89,1,6,7,0
2020-02-26,Madera,039,155013,2,0,0,0,0
2020-02-26,Marin,041,260295,1,0,0,0,0
2020-02-26,Mariposa,043,17540,0,0,0,0,0
2020-02-26,Mendocino,045,87422,0,0,0,0,0
2020-02-26,Merced,047,269075,1,0,0,0,0
2020-02-26,Modoc,049,8938,0,0,0,0,0
2020-02-26,Mono,051,14174,0,0,0,0,0
2020-02-26,Monterey,053,433212,1,0,0,0,0
2020-02-26,Napa,055,140530,0,0,0,0,0
2020-02-26,Nevada,057,99092,0,0,1,1,0
2020-02-26,Orange,059,3164182,48,1,0,1,0
2020-02-26,Placer,061,380077,5,0,0,0,0
2020-02-26,Plumas,063,18699,0,0,0,0,0
2020-02-26,Riverside,065,2383286,10,0,1,1,0
2020-02-26,Sacramento,067,1510023,10,1,0,1,0
2020-02-26,San Benito,069,59416,0,2,0,2,0
2020-02-26,San Bernardino,071,2135413,23,0,0,0,0
2020-02-26,San Diego,073,3302833,9,2,0,2,0
2020-02-26,San Francisco,075,870044,9,0,0,0,0
2020-02-26,San Joaquin,077,732212,5,0,3,3,0
2020-02-26,San Luis Obispo,079,281455,2,0,0,0,0
2020-02-26,San Mateo,081,765935,18,0,0,0,0
2020-02-26,Santa Barbara,083,443738,0,0,0,0,0
2020-02-26,Santa Clara,085,1922200,50,2,1,3,0
2020-02-26,Santa Cruz,087,273765,6,0,0,0,0
2020-02-26,Shasta,089,179085,0,0,0,0,0
2020-02-26,Sierra,091,2930,0,0,0,0,0
2020-02-26,Siskiyou,093,43540,0,0,0,0,0
2020-02-26,Solano,095,438530,17,23,0,23,0
2020-02-26,Sonoma,097,501317,5,0,0,0,0
2020-02-26,Stanislaus,099,539301,2,0,2,2,0
2020-02-26,Sutter,101,95872,0,0,0,0,0
2020-02-26,Tehama,103,63373,0,0,0,0,0
2020-02-26,Trinity,105,12862,0,0,0,0,0
2020-02-26,Tulare,107,460477,3,0,0,0,0
2020-02-26,Tuolumne,109,53932,0,0,0,0,0
2020-02-26,Ventura,111,848112,4,0,0,0,0
2020-02-26,Yolo,113,214977,1,0,0,0,0
2020-02-26,Yuba,115,75493,0,0,0,0,0
2020-02-25,Alameda,001,1643700,14,0,0,0,0
2020-02-25,Alpine,002,1148,0,0,0,0,0
2020-02-25,Amador,005,37829,0,0,0,0,0
2020-02-25,Butte,007,227075,0,0,0,0,0
2020-02-25,Calaveras,009,45235,0,0,0,0,0
2020-02-25,Colusa,011,21464,0,0,0,0,0
2020-02-25,Contra Costa,013,1133247,11,0,0,0,0
2020-02-25,Del Norte,015,27424,0,0,0,0,0
2020-02-25,El Dorado,017,186661,0,0,0,0,0
2020-02-25,Fresno,019,978130,1,0,0,0,0
2020-02-25,Glenn,021,27897,0,0,0,0,0
2020-02-25,Humboldt,023,135768,1,1,0,1,0
2020-02-25,Imperial,025,180216,1,0,0,0,0
2020-02-25,Inyo,027,18085,0,0,0,0,0
2020-02-25,Kern,029,883053,2,0,0,0,0
2020-02-25,Kings,031,150075,0,0,0,0,0
2020-02-25,Lake,033,64148,0,0,0,0,0
2020-02-25,Lassen,035,31185,0,0,0,0,0
2020-02-25,Los Angeles,037,10098052,77,1,6,7,0
2020-02-25,Madera,039,155013,2,0,0,0,0
2020-02-25,Marin,041,260295,1,0,0,0,0
2020-02-25,Mariposa,043,17540,0,0,0,0,0
2020-02-25,Mendocino,045,87422,0,0,0,0,0
2020-02-25,Merced,047,269075,0,0,0,0,0
2020-02-25,Modoc,049,8938,0,0,0,0,0
2020-02-25,Mono,051,14174,0,0,0,0,0
2020-02-25,Monterey,053,433212,1,0,0,0,0
2020-02-25,Napa,055,140530,0,0,0,0,0
2020-02-25,Nevada,057,99092,0,0,1,1,0
2020-02-25,Orange,059,3164182,47,1,0,1,0
2020-02-25,Placer,061,380077,5,0,0,0,0
2020-02-25,Plumas,063,18699,0,0,0,0,0
2020-02-25,Riverside,065,2383286,10,0,1,1,0
2020-02-25,Sacramento,067,1510023,8,1,0,1,0
2020-02-25,San Benito,069,59416,0,2,0,2,0
2020-02-25,San Bernardino,071,2135413,21,0,0,0,0
2020-02-25,San Diego,073,3302833,5,2,0,2,0
2020-02-25,San Francisco,075,870044,7,0,0,0,0
2020-02-25,San Joaquin,077,732212,5,0,2,2,0
2020-02-25,San Luis Obispo,079,281455,2,0,0,0,0
2020-02-25,San Mateo,081,765935,17,0,0,0,0
2020-02-25,Santa Barbara,083,443738,0,0,0,0,0
2020-02-25,Santa Clara,085,1922200,40,2,1,3,0
2020-02-25,Santa Cruz,087,273765,5,0,0,0,0
2020-02-25,Shasta,089,179085,0,0,0,0,0
2020-02-25,Sierra,091,2930,0,0,0,0,0
2020-02-25,Siskiyou,093,43540,0,0,0,0,0
2020-02-25,Solano,095,438530,16,21,0,21,0
2020-02-25,Sonoma,097,501317,5,0,0,0,0
2020-02-25,Stanislaus,099,539301,2,0,2,2,0
2020-02-25,Sutter,101,95872,0,0,0,0,0
2020-02-25,Tehama,103,63373,0,0,0,0,0
2020-02-25,Trinity,105,12862,0,0,0,0,0
2020-02-25,Tulare,107,460477,3,0,0,0,0
2020-02-25,Tuolumne,109,53932,0,0,0,0,0
2020-02-25,Ventura,111,848112,4,0,0,0,0
2020-02-25,Yolo,113,214977,1,0,0,0,0
2020-02-25,Yuba,115,75493,0,0,0,0,0
2020-02-24,Alameda,001,1643700,14,0,0,0,0
2020-02-24,Alpine,002,1148,0,0,0,0,0
2020-02-24,Amador,005,37829,0,0,0,0,0
2020-02-24,Butte,007,227075,0,0,0,0,0
2020-02-24,Calaveras,009,45235,0,0,0,0,0
2020-02-24,Colusa,011,21464,0,0,0,0,0
2020-02-24,Contra Costa,013,1133247,9,0,0,0,0
2020-02-24,Del Norte,015,27424,0,0,0,0,0
2020-02-24,El Dorado,017,186661,0,0,0,0,0
2020-02-24,Fresno,019,978130,1,0,0,0,0
2020-02-24,Glenn,021,27897,0,0,0,0,0
2020-02-24,Humboldt,023,135768,1,1,0,1,0
2020-02-24,Imperial,025,180216,1,0,0,0,0
2020-02-24,Inyo,027,18085,0,0,0,0,0
2020-02-24,Kern,029,883053,2,0,0,0,0
2020-02-24,Kings,031,150075,0,0,0,0,0
2020-02-24,Lake,033,64148,0,0,0,0,0
2020-02-24,Lassen,035,31185,0,0,0,0,0
2020-02-24,Los Angeles,037,10098052,71,1,6,7,0
2020-02-24,Madera,039,155013,1,0,0,0,0
2020-02-24,Marin,041,260295,1,0,0,0,0
2020-02-24,Mariposa,043,17540,0,0,0,0,0
2020-02-24,Mendocino,045,87422,0,0,0,0,0
2020-02-24,Merced,047,269075,0,0,0,0,0
2020-02-24,Modoc,049,8938,0,0,0,0,0
2020-02-24,Mono,051,14174,0,0,0,0,0
2020-02-24,Monterey,053,433212,1,0,0,0,0
2020-02-24,Napa,055,140530,0,0,0,0,0
2020-02-24,Nevada,057,99092,0,0,1,1,0
2020-02-24,Orange,059,3164182,45,1,0,1,0
2020-02-24,Placer,061,380077,3,0,0,0,0
2020-02-24,Plumas,063,18699,0,0,0,0,0
2020-02-24,Riverside,065,2383286,9,0,1,1,0
2020-02-24,Sacramento,067,1510023,7,1,0,1,0
2020-02-24,San Benito,069,59416,0,2,0,2,0
2020-02-24,San Bernardino,071,2135413,21,0,0,0,0
2020-02-24,San Diego,073,3302833,5,2,0,2,0
2020-02-24,San Francisco,075,870044,6,0,0,0,0
2020-02-24,San Joaquin,077,732212,5,0,1,1,0
2020-02-24,San Luis Obispo,079,281455,2,0,0,0,0
2020-02-24,San Mateo,081,765935,13,0,0,0,0
2020-02-24,Santa Barbara,083,443738,0,0,0,0,0
2020-02-24,Santa Clara,085,1922200,38,2,1,3,0
2020-02-24,Santa Cruz,087,273765,5,0,0,0,0
2020-02-24,Shasta,089,179085,0,0,0,0,0
2020-02-24,Sierra,091,2930,0,0,0,0,0
2020-02-24,Siskiyou,093,43540,0,0,0,0,0
2020-02-24,Solano,095,438530,13,15,0,15,0
2020-02-24,Sonoma,097,501317,5,0,0,0,0
2020-02-24,Stanislaus,099,539301,2,0,2,2,0
2020-02-24,Sutter,101,95872,0,0,0,0,0
2020-02-24,Tehama,103,63373,0,0,0,0,0
2020-02-24,Trinity,105,12862,0,0,0,0,0
2020-02-24,Tulare,107,460477,3,0,0,0,0
2020-02-24,Tuolumne,109,53932,0,0,0,0,0
2020-02-24,Ventura,111,848112,4,0,0,0,0
2020-02-24,Yolo,113,214977,1,0,0,0,0
2020-02-24,Yuba,115,75493,0,0,0,0,0
2020-02-23,Alameda,001,1643700,12,0,0,0,0
2020-02-23,Alpine,002,1148,0,0,0,0,0
2020-02-23,Amador,005,37829,0,0,0,0,0
2020-02-23,Butte,007,227075,0,0,0,0,0
2020-02-23,Calaveras,009,45235,0,0,0,0,0
2020-02-23,Colusa,011,21464,0,0,0,0,0
2020-02-23,Contra Costa,013,1133247,6,0,0,0,0
2020-02-23,Del Norte,015,27424,0,0,0,0,0
2020-02-23,El Dorado,017,186661,0,0,0,0,0
2020-02-23,Fresno,019,978130,1,0,0,0,0
2020-02-23,Glenn,021,27897,0,0,0,0,0
2020-02-23,Humboldt,023,135768,1,1,0,1,0
2020-02-23,Imperial,025,180216,1,0,0,0,0
2020-02-23,Inyo,027,18085,0,0,0,0,0
2020-02-23,Kern,029,883053,2,0,0,0,0
2020-02-23,Kings,031,150075,0,0,0,0,0
2020-02-23,Lake,033,64148,0,0,0,0,0
2020-02-23,Lassen,035,31185,0,0,0,0,0
2020-02-23,Los Angeles,037,10098052,63,1,6,7,0
2020-02-23,Madera,039,155013,1,0,0,0,0
2020-02-23,Marin,041,260295,1,0,0,0,0
2020-02-23,Mariposa,043,17540,0,0,0,0,0
2020-02-23,Mendocino,045,87422,0,0,0,0,0
2020-02-23,Merced,047,269075,0,0,0,0,0
2020-02-23,Modoc,049,8938,0,0,0,0,0
2020-02-23,Mono,051,14174,0,0,0,0,0
2020-02-23,Monterey,053,433212,1,0,0,0,0
2020-02-23,Napa,055,140530,0,0,0,0,0
2020-02-23,Nevada,057,99092,0,0,1,1,0
2020-02-23,Orange,059,3164182,45,1,0,1,0
2020-02-23,Placer,061,380077,3,0,0,0,0
2020-02-23,Plumas,063,18699,0,0,0,0,0
2020-02-23,Riverside,065,2383286,9,0,0,0,0
2020-02-23,Sacramento,067,1510023,6,1,0,1,0
2020-02-23,San Benito,069,59416,0,2,0,2,0
2020-02-23,San Bernardino,071,2135413,20,0,0,0,0
2020-02-23,San Diego,073,3302833,4,2,0,2,0
2020-02-23,San Francisco,075,870044,5,0,0,0,0
2020-02-23,San Joaquin,077,732212,4,0,1,1,0
2020-02-23,San Luis Obispo,079,281455,2,0,0,0,0
2020-02-23,San Mateo,081,765935,10,0,0,0,0
2020-02-23,Santa Barbara,083,443738,0,0,0,0,0
2020-02-23,Santa Clara,085,1922200,26,2,1,3,0
2020-02-23,Santa Cruz,087,273765,2,0,0,0,0
2020-02-23,Shasta,089,179085,0,0,0,0,0
2020-02-23,Sierra,091,2930,0,0,0,0,0
2020-02-23,Siskiyou,093,43540,0,0,0,0,0
2020-02-23,Solano,095,438530,11,15,0,15,0
2020-02-23,Sonoma,097,501317,5,0,0,0,0
2020-02-23,Stanislaus,099,539301,2,0,2,2,0
2020-02-23,Sutter,101,95872,0,0,0,0,0
2020-02-23,Tehama,103,63373,0,0,0,0,0
2020-02-23,Trinity,105,12862,0,0,0,0,0
2020-02-23,Tulare,107,460477,2,0,0,0,0
2020-02-23,Tuolumne,109,53932,0,0,0,0,0
2020-02-23,Ventura,111,848112,4,0,0,0,0
2020-02-23,Yolo,113,214977,1,0,0,0,0
2020-02-23,Yuba,115,75493,0,0,0,0,0
2020-02-22,Alameda,001,1643700,11,0,0,0,0
2020-02-22,Alpine,002,1148,0,0,0,0,0
2020-02-22,Amador,005,37829,0,0,0,0,0
2020-02-22,Butte,007,227075,0,0,0,0,0
2020-02-22,Calaveras,009,45235,0,0,0,0,0
2020-02-22,Colusa,011,21464,0,0,0,0,0
2020-02-22,Contra Costa,013,1133247,5,0,0,0,0
2020-02-22,Del Norte,015,27424,0,0,0,0,0
2020-02-22,El Dorado,017,186661,0,0,0,0,0
2020-02-22,Fresno,019,978130,1,0,0,0,0
2020-02-22,Glenn,021,27897,0,0,0,0,0
2020-02-22,Humboldt,023,135768,1,1,0,1,0
2020-02-22,Imperial,025,180216,0,0,0,0,0
2020-02-22,Inyo,027,18085,0,0,0,0,0
2020-02-22,Kern,029,883053,2,0,0,0,0
2020-02-22,Kings,031,150075,0,0,0,0,0
2020-02-22,Lake,033,64148,0,0,0,0,0
2020-02-22,Lassen,035,31185,0,0,0,0,0
2020-02-22,Los Angeles,037,10098052,61,1,6,7,0
2020-02-22,Madera,039,155013,0,0,0,0,0
2020-02-22,Marin,041,260295,1,0,0,0,0
2020-02-22,Mariposa,043,17540,0,0,0,0,0
2020-02-22,Mendocino,045,87422,0,0,0,0,0
2020-02-22,Merced,047,269075,0,0,0,0,0
2020-02-22,Modoc,049,8938,0,0,0,0,0
2020-02-22,Mono,051,14174,0,0,0,0,0
2020-02-22,Monterey,053,433212,1,0,0,0,0
2020-02-22,Napa,055,140530,0,0,0,0,0
2020-02-22,Nevada,057,99092,0,0,1,1,0
2020-02-22,Orange,059,3164182,44,1,0,1,0
2020-02-22,Placer,061,380077,3,0,0,0,0
2020-02-22,Plumas,063,18699,0,0,0,0,0
2020-02-22,Riverside,065,2383286,9,0,0,0,0
2020-02-22,Sacramento,067,1510023,6,1,0,1,0
2020-02-22,San Benito,069,59416,0,2,0,2,0
2020-02-22,San Bernardino,071,2135413,18,0,0,0,0
2020-02-22,San Diego,073,3302833,3,2,0,2,0
2020-02-22,San Francisco,075,870044,3,0,0,0,0
2020-02-22,San Joaquin,077,732212,4,0,1,1,0
2020-02-22,San Luis Obispo,079,281455,2,0,0,0,0
2020-02-22,San Mateo,081,765935,8,0,0,0,0
2020-02-22,Santa Barbara,083,443738,0,0,0,0,0
2020-02-22,Santa Clara,085,1922200,23,2,1,3,0
2020-02-22,Santa Cruz,087,273765,2,0,0,0,0
2020-02-22,Shasta,089,179085,0,0,0,0,0
2020-02-22,Sierra,091,2930,0,0,0,0,0
2020-02-22,Siskiyou,093,43540,0,0,0,0,0
2020-02-22,Solano,095,438530,11,11,0,11,0
2020-02-22,Sonoma,097,501317,4,0,0,0,0
2020-02-22,Stanislaus,099,539301,2,0,2,2,0
2020-02-22,Sutter,101,95872,0,0,0,0,0
2020-02-22,Tehama,103,63373,0,0,0,0,0
2020-02-22,Trinity,105,12862,0,0,0,0,0
2020-02-22,Tulare,107,460477,2,0,0,0,0
2020-02-22,Tuolumne,109,53932,0,0,0,0,0
2020-02-22,Ventura,111,848112,4,0,0,0,0
2020-02-22,Yolo,113,214977,0,0,0,0,0
2020-02-22,Yuba,115,75493,0,0,0,0,0
2020-02-21,Alameda,001,1643700,10,0,0,0,0
2020-02-21,Alpine,002,1148,0,0,0,0,0
2020-02-21,Amador,005,37829,0,0,0,0,0
2020-02-21,Butte,007,227075,0,0,0,0,0
2020-02-21,Calaveras,009,45235,0,0,0,0,0
2020-02-21,Colusa,011,21464,0,0,0,0,0
2020-02-21,Contra Costa,013,1133247,4,0,0,0,0
2020-02-21,Del Norte,015,27424,0,0,0,0,0
2020-02-21,El Dorado,017,186661,0,0,0,0,0
2020-02-21,Fresno,019,978130,1,0,0,0,0
2020-02-21,Glenn,021,27897,0,0,0,0,0
2020-02-21,Humboldt,023,135768,1,1,0,1,0
2020-02-21,Imperial,025,180216,0,0,0,0,0
2020-02-21,Inyo,027,18085,0,0,0,0,0
2020-02-21,Kern,029,883053,2,0,0,0,0
2020-02-21,Kings,031,150075,0,0,0,0,0
2020-02-21,Lake,033,64148,0,0,0,0,0
2020-02-21,Lassen,035,31185,0,0,0,0,0
2020-02-21,Los Angeles,037,10098052,57,1,6,7,0
2020-02-21,Madera,039,155013,0,0,0,0,0
2020-02-21,Marin,041,260295,1,0,0,0,0
2020-02-21,Mariposa,043,17540,0,0,0,0,0
2020-02-21,Mendocino,045,87422,0,0,0,0,0
2020-02-21,Merced,047,269075,0,0,0,0,0
2020-02-21,Modoc,049,8938,0,0,0,0,0
2020-02-21,Mono,051,14174,0,0,0,0,0
2020-02-21,Monterey,053,433212,1,0,0,0,0
2020-02-21,Napa,055,140530,0,0,0,0,0
2020-02-21,Nevada,057,99092,0,0,1,1,0
2020-02-21,Orange,059,3164182,42,1,0,1,0
2020-02-21,Placer,061,380077,2,0,0,0,0
2020-02-21,Plumas,063,18699,0,0,0,0,0
2020-02-21,Riverside,065,2383286,9,0,0,0,0
2020-02-21,Sacramento,067,1510023,5,1,0,1,0
2020-02-21,San Benito,069,59416,0,2,0,2,0
2020-02-21,San Bernardino,071,2135413,17,0,0,0,0
2020-02-21,San Diego,073,3302833,3,2,0,2,0
2020-02-21,San Francisco,075,870044,3,0,0,0,0
2020-02-21,San Joaquin,077,732212,2,0,1,1,0
2020-02-21,San Luis Obispo,079,281455,2,0,0,0,0
2020-02-21,San Mateo,081,765935,8,0,0,0,0
2020-02-21,Santa Barbara,083,443738,0,0,0,0,0
2020-02-21,Santa Clara,085,1922200,21,2,1,3,0
2020-02-21,Santa Cruz,087,273765,2,0,0,0,0
2020-02-21,Shasta,089,179085,0,0,0,0,0
2020-02-21,Sierra,091,2930,0,0,0,0,0
2020-02-21,Siskiyou,093,43540,0,0,0,0,0
2020-02-21,Solano,095,438530,10,11,0,11,0
2020-02-21,Sonoma,097,501317,3,0,0,0,0
2020-02-21,Stanislaus,099,539301,2,0,2,2,0
2020-02-21,Sutter,101,95872,0,0,0,0,0
2020-02-21,Tehama,103,63373,0,0,0,0,0
2020-02-21,Trinity,105,12862,0,0,0,0,0
2020-02-21,Tulare,107,460477,2,0,0,0,0
2020-02-21,Tuolumne,109,53932,0,0,0,0,0
2020-02-21,Ventura,111,848112,4,0,0,0,0
2020-02-21,Yolo,113,214977,0,0,0,0,0
2020-02-21,Yuba,115,75493,0,0,0,0,0
2020-02-20,Alameda,001,1643700,8,0,0,0,0
2020-02-20,Alpine,002,1148,0,0,0,0,0
2020-02-20,Amador,005,37829,0,0,0,0,0
2020-02-20,Butte,007,227075,0,0,0,0,0
2020-02-20,Calaveras,009,45235,0,0,0,0,0
2020-02-20,Colusa,011,21464,0,0,0,0,0
2020-02-20,Contra Costa,013,1133247,3,0,0,0,0
2020-02-20,Del Norte,015,27424,0,0,0,0,0
2020-02-20,El Dorado,017,186661,0,0,0,0,0
2020-02-20,Fresno,019,978130,1,0,0,0,0
2020-02-20,Glenn,021,27897,0,0,0,0,0
2020-02-20,Humboldt,023,135768,1,1,0,1,0
2020-02-20,Imperial,025,180216,0,0,0,0,0
2020-02-20,Inyo,027,18085,0,0,0,0,0
2020-02-20,Kern,029,883053,2,0,0,0,0
2020-02-20,Kings,031,150075,0,0,0,0,0
2020-02-20,Lake,033,64148,0,0,0,0,0
2020-02-20,Lassen,035,31185,0,0,0,0,0
2020-02-20,Los Angeles,037,10098052,56,1,5,6,0
2020-02-20,Madera,039,155013,0,0,0,0,0
2020-02-20,Marin,041,260295,0,0,0,0,0
2020-02-20,Mariposa,043,17540,0,0,0,0,0
2020-02-20,Mendocino,045,87422,0,0,0,0,0
2020-02-20,Merced,047,269075,0,0,0,0,0
2020-02-20,Modoc,049,8938,0,0,0,0,0
2020-02-20,Mono,051,14174,0,0,0,0,0
2020-02-20,Monterey,053,433212,1,0,0,0,0
2020-02-20,Napa,055,140530,0,0,0,0,0
2020-02-20,Nevada,057,99092,0,0,1,1,0
2020-02-20,Orange,059,3164182,42,1,0,1,0
2020-02-20,Placer,061,380077,2,0,0,0,0
2020-02-20,Plumas,063,18699,0,0,0,0,0
2020-02-20,Riverside,065,2383286,7,0,0,0,0
2020-02-20,Sacramento,067,1510023,2,1,0,1,0
2020-02-20,San Benito,069,59416,0,2,0,2,0
2020-02-20,San Bernardino,071,2135413,15,0,0,0,0
2020-02-20,San Diego,073,3302833,3,2,0,2,0
2020-02-20,San Francisco,075,870044,3,0,0,0,0
2020-02-20,San Joaquin,077,732212,2,0,1,1,0
2020-02-20,San Luis Obispo,079,281455,2,0,0,0,0
2020-02-20,San Mateo,081,765935,7,0,0,0,0
2020-02-20,Santa Barbara,083,443738,0,0,0,0,0
2020-02-20,Santa Clara,085,1922200,17,2,1,3,0
2020-02-20,Santa Cruz,087,273765,2,0,0,0,0
2020-02-20,Shasta,089,179085,0,0,0,0,0
2020-02-20,Sierra,091,2930,0,0,0,0,0
2020-02-20,Siskiyou,093,43540,0,0,0,0,0
2020-02-20,Solano,095,438530,8,7,0,7,0
2020-02-20,Sonoma,097,501317,2,0,0,0,0
2020-02-20,Stanislaus,099,539301,2,0,2,2,0
2020-02-20,Sutter,101,95872,0,0,0,0,0
2020-02-20,Tehama,103,63373,0,0,0,0,0
2020-02-20,Trinity,105,12862,0,0,0,0,0
2020-02-20,Tulare,107,460477,2,0,0,0,0
2020-02-20,Tuolumne,109,53932,0,0,0,0,0
2020-02-20,Ventura,111,848112,4,0,0,0,0
2020-02-20,Yolo,113,214977,0,0,0,0,0
2020-02-20,Yuba,115,75493,0,0,0,0,0
2020-02-19,Alameda,001,1643700,7,0,0,0,0
2020-02-19,Alpine,002,1148,0,0,0,0,0
2020-02-19,Amador,005,37829,0,0,0,0,0
2020-02-19,Butte,007,227075,0,0,0,0,0
2020-02-19,Calaveras,009,45235,0,0,0,0,0
2020-02-19,Colusa,011,21464,0,0,0,0,0
2020-02-19,Contra Costa,013,1133247,3,0,0,0,0
2020-02-19,Del Norte,015,27424,0,0,0,0,0
2020-02-19,El Dorado,017,186661,0,0,0,0,0
2020-02-19,Fresno,019,978130,1,0,0,0,0
2020-02-19,Glenn,021,27897,0,0,0,0,0
2020-02-19,Humboldt,023,135768,1,0,0,0,0
2020-02-19,Imperial,025,180216,0,0,0,0,0
2020-02-19,Inyo,027,18085,0,0,0,0,0
2020-02-19,Kern,029,883053,2,0,0,0,0
2020-02-19,Kings,031,150075,0,0,0,0,0
2020-02-19,Lake,033,64148,0,0,0,0,0
2020-02-19,Lassen,035,31185,0,0,0,0,0
2020-02-19,Los Angeles,037,10098052,54,1,5,6,0
2020-02-19,Madera,039,155013,0,0,0,0,0
2020-02-19,Marin,041,260295,0,0,0,0,0
2020-02-19,Mariposa,043,17540,0,0,0,0,0
2020-02-19,Mendocino,045,87422,0,0,0,0,0
2020-02-19,Merced,047,269075,0,0,0,0,0
2020-02-19,Modoc,049,8938,0,0,0,0,0
2020-02-19,Mono,051,14174,0,0,0,0,0
2020-02-19,Monterey,053,433212,1,0,0,0,0
2020-02-19,Napa,055,140530,0,0,0,0,0
2020-02-19,Nevada,057,99092,0,0,1,1,0
2020-02-19,Orange,059,3164182,41,1,0,1,0
2020-02-19,Placer,061,380077,2,0,0,0,0
2020-02-19,Plumas,063,18699,0,0,0,0,0
2020-02-19,Riverside,065,2383286,5,0,0,0,0
2020-02-19,Sacramento,067,1510023,2,0,0,0,0
2020-02-19,San Benito,069,59416,0,2,0,2,0
2020-02-19,San Bernardino,071,2135413,14,0,0,0,0
2020-02-19,San Diego,073,3302833,2,2,0,2,0
2020-02-19,San Francisco,075,870044,2,0,0,0,0
2020-02-19,San Joaquin,077,732212,2,0,1,1,0
2020-02-19,San Luis Obispo,079,281455,2,0,0,0,0
2020-02-19,San Mateo,081,765935,6,0,0,0,0
2020-02-19,Santa Barbara,083,443738,0,0,0,0,0
2020-02-19,Santa Clara,085,1922200,15,2,1,3,0
2020-02-19,Santa Cruz,087,273765,0,0,0,0,0
2020-02-19,Shasta,089,179085,0,0,0,0,0
2020-02-19,Sierra,091,2930,0,0,0,0,0
2020-02-19,Siskiyou,093,43540,0,0,0,0,0
2020-02-19,Solano,095,438530,5,7,0,7,0
2020-02-19,Sonoma,097,501317,2,0,0,0,0
2020-02-19,Stanislaus,099,539301,1,0,2,2,0
2020-02-19,Sutter,101,95872,0,0,0,0,0
2020-02-19,Tehama,103,63373,0,0,0,0,0
2020-02-19,Trinity,105,12862,0,0,0,0,0
2020-02-19,Tulare,107,460477,2,0,0,0,0
2020-02-19,Tuolumne,109,53932,0,0,0,0,0
2020-02-19,Ventura,111,848112,2,0,0,0,0
2020-02-19,Yolo,113,214977,0,0,0,0,0
2020-02-19,Yuba,115,75493,0,0,0,0,0
2020-02-18,Alameda,001,1643700,7,0,0,0,0
2020-02-18,Alpine,002,1148,0,0,0,0,0
2020-02-18,Amador,005,37829,0,0,0,0,0
2020-02-18,Butte,007,227075,0,0,0,0,0
2020-02-18,Calaveras,009,45235,0,0,0,0,0
2020-02-18,Colusa,011,21464,0,0,0,0,0
2020-02-18,Contra Costa,013,1133247,3,0,0,0,0
2020-02-18,Del Norte,015,27424,0,0,0,0,0
2020-02-18,El Dorado,017,186661,0,0,0,0,0
2020-02-18,Fresno,019,978130,0,0,0,0,0
2020-02-18,Glenn,021,27897,0,0,0,0,0
2020-02-18,Humboldt,023,135768,1,0,0,0,0
2020-02-18,Imperial,025,180216,0,0,0,0,0
2020-02-18,Inyo,027,18085,0,0,0,0,0
2020-02-18,Kern,029,883053,2,0,0,0,0
2020-02-18,Kings,031,150075,0,0,0,0,0
2020-02-18,Lake,033,64148,0,0,0,0,0
2020-02-18,Lassen,035,31185,0,0,0,0,0
2020-02-18,Los Angeles,037,10098052,51,1,4,5,0
2020-02-18,Madera,039,155013,0,0,0,0,0
2020-02-18,Marin,041,260295,0,0,0,0,0
2020-02-18,Mariposa,043,17540,0,0,0,0,0
2020-02-18,Mendocino,045,87422,0,0,0,0,0
2020-02-18,Merced,047,269075,0,0,0,0,0
2020-02-18,Modoc,049,8938,0,0,0,0,0
2020-02-18,Mono,051,14174,0,0,0,0,0
2020-02-18,Monterey,053,433212,1,0,0,0,0
2020-02-18,Napa,055,140530,0,0,0,0,0
2020-02-18,Nevada,057,99092,0,0,1,1,0
2020-02-18,Orange,059,3164182,40,1,0,1,0
2020-02-18,Placer,061,380077,0,0,0,0,0
2020-02-18,Plumas,063,18699,0,0,0,0,0
2020-02-18,Riverside,065,2383286,5,0,0,0,0
2020-02-18,Sacramento,067,1510023,2,0,0,0,0
2020-02-18,San Benito,069,59416,0,2,0,2,0
2020-02-18,San Bernardino,071,2135413,13,0,0,0,0
2020-02-18,San Diego,073,3302833,2,2,0,2,0
2020-02-18,San Francisco,075,870044,2,0,0,0,0
2020-02-18,San Joaquin,077,732212,1,0,1,1,0
2020-02-18,San Luis Obispo,079,281455,2,0,0,0,0
2020-02-18,San Mateo,081,765935,5,0,0,0,0
2020-02-18,Santa Barbara,083,443738,0,0,0,0,0
2020-02-18,Santa Clara,085,1922200,14,2,1,3,0
2020-02-18,Santa Cruz,087,273765,0,0,0,0,0
2020-02-18,Shasta,089,179085,0,0,0,0,0
2020-02-18,Sierra,091,2930,0,0,0,0,0
2020-02-18,Siskiyou,093,43540,0,0,0,0,0
2020-02-18,Solano,095,438530,5,7,0,7,0
2020-02-18,Sonoma,097,501317,1,0,0,0,0
2020-02-18,Stanislaus,099,539301,1,0,2,2,0
2020-02-18,Sutter,101,95872,0,0,0,0,0
2020-02-18,Tehama,103,63373,0,0,0,0,0
2020-02-18,Trinity,105,12862,0,0,0,0,0
2020-02-18,Tulare,107,460477,2,0,0,0,0
2020-02-18,Tuolumne,109,53932,0,0,0,0,0
2020-02-18,Ventura,111,848112,2,0,0,0,0
2020-02-18,Yolo,113,214977,0,0,0,0,0
2020-02-18,Yuba,115,75493,0,0,0,0,0
2020-02-17,Alameda,001,1643700,7,0,0,0,0
2020-02-17,Alpine,002,1148,0,0,0,0,0
2020-02-17,Amador,005,37829,0,0,0,0,0
2020-02-17,Butte,007,227075,0,0,0,0,0
2020-02-17,Calaveras,009,45235,0,0,0,0,0
2020-02-17,Colusa,011,21464,0,0,0,0,0
2020-02-17,Contra Costa,013,1133247,3,0,0,0,0
2020-02-17,Del Norte,015,27424,0,0,0,0,0
2020-02-17,El Dorado,017,186661,0,0,0,0,0
2020-02-17,Fresno,019,978130,0,0,0,0,0
2020-02-17,Glenn,021,27897,0,0,0,0,0
2020-02-17,Humboldt,023,135768,1,0,0,0,0
2020-02-17,Imperial,025,180216,0,0,0,0,0
2020-02-17,Inyo,027,18085,0,0,0,0,0
2020-02-17,Kern,029,883053,2,0,0,0,0
2020-02-17,Kings,031,150075,0,0,0,0,0
2020-02-17,Lake,033,64148,0,0,0,0,0
2020-02-17,Lassen,035,31185,0,0,0,0,0
2020-02-17,Los Angeles,037,10098052,48,1,4,5,0
2020-02-17,Madera,039,155013,0,0,0,0,0
2020-02-17,Marin,041,260295,0,0,0,0,0
2020-02-17,Mariposa,043,17540,0,0,0,0,0
2020-02-17,Mendocino,045,87422,0,0,0,0,0
2020-02-17,Merced,047,269075,0,0,0,0,0
2020-02-17,Modoc,049,8938,0,0,0,0,0
2020-02-17,Mono,051,14174,0,0,0,0,0
2020-02-17,Monterey,053,433212,1,0,0,0,0
2020-02-17,Napa,055,140530,0,0,0,0,0
2020-02-17,Nevada,057,99092,0,0,1,1,0
2020-02-17,Orange,059,3164182,40,1,0,1,0
2020-02-17,Placer,061,380077,0,0,0,0,0
2020-02-17,Plumas,063,18699,0,0,0,0,0
2020-02-17,Riverside,065,2383286,5,0,0,0,0
2020-02-17,Sacramento,067,1510023,2,0,0,0,0
2020-02-17,San Benito,069,59416,0,2,0,2,0
2020-02-17,San Bernardino,071,2135413,11,0,0,0,0
2020-02-17,San Diego,073,3302833,2,2,0,2,0
2020-02-17,San Francisco,075,870044,2,0,0,0,0
2020-02-17,San Joaquin,077,732212,1,0,1,1,0
2020-02-17,San Luis Obispo,079,281455,1,0,0,0,0
2020-02-17,San Mateo,081,765935,5,0,0,0,0
2020-02-17,Santa Barbara,083,443738,0,0,0,0,0
2020-02-17,Santa Clara,085,1922200,12,2,1,3,0
2020-02-17,Santa Cruz,087,273765,0,0,0,0,0
2020-02-17,Shasta,089,179085,0,0,0,0,0
2020-02-17,Sierra,091,2930,0,0,0,0,0
2020-02-17,Siskiyou,093,43540,0,0,0,0,0
2020-02-17,Solano,095,438530,3,5,0,5,0
2020-02-17,Sonoma,097,501317,1,0,0,0,0
2020-02-17,Stanislaus,099,539301,1,0,2,2,0
2020-02-17,Sutter,101,95872,0,0,0,0,0
2020-02-17,Tehama,103,63373,0,0,0,0,0
2020-02-17,Trinity,105,12862,0,0,0,0,0
2020-02-17,Tulare,107,460477,2,0,0,0,0
2020-02-17,Tuolumne,109,53932,0,0,0,0,0
2020-02-17,Ventura,111,848112,2,0,0,0,0
2020-02-17,Yolo,113,214977,0,0,0,0,0
2020-02-17,Yuba,115,75493,0,0,0,0,0
2020-02-16,Alameda,001,1643700,6,0,0,0,0
2020-02-16,Alpine,002,1148,0,0,0,0,0
2020-02-16,Amador,005,37829,0,0,0,0,0
2020-02-16,Butte,007,227075,0,0,0,0,0
2020-02-16,Calaveras,009,45235,0,0,0,0,0
2020-02-16,Colusa,011,21464,0,0,0,0,0
2020-02-16,Contra Costa,013,1133247,3,0,0,0,0
2020-02-16,Del Norte,015,27424,0,0,0,0,0
2020-02-16,El Dorado,017,186661,0,0,0,0,0
2020-02-16,Fresno,019,978130,0,0,0,0,0
2020-02-16,Glenn,021,27897,0,0,0,0,0
2020-02-16,Humboldt,023,135768,1,0,0,0,0
2020-02-16,Imperial,025,180216,0,0,0,0,0
2020-02-16,Inyo,027,18085,0,0,0,0,0
2020-02-16,Kern,029,883053,2,0,0,0,0
2020-02-16,Kings,031,150075,0,0,0,0,0
2020-02-16,Lake,033,64148,0,0,0,0,0
2020-02-16,Lassen,035,31185,0,0,0,0,0
2020-02-16,Los Angeles,037,10098052,43,1,4,5,0
2020-02-16,Madera,039,155013,0,0,0,0,0
2020-02-16,Marin,041,260295,0,0,0,0,0
2020-02-16,Mariposa,043,17540,0,0,0,0,0
2020-02-16,Mendocino,045,87422,0,0,0,0,0
2020-02-16,Merced,047,269075,0,0,0,0,0
2020-02-16,Modoc,049,8938,0,0,0,0,0
2020-02-16,Mono,051,14174,0,0,0,0,0
2020-02-16,Monterey,053,433212,1,0,0,0,0
2020-02-16,Napa,055,140530,0,0,0,0,0
2020-02-16,Nevada,057,99092,0,0,0,0,0
2020-02-16,Orange,059,3164182,39,1,0,1,0
2020-02-16,Placer,061,380077,0,0,0,0,0
2020-02-16,Plumas,063,18699,0,0,0,0,0
2020-02-16,Riverside,065,2383286,5,0,0,0,0
2020-02-16,Sacramento,067,1510023,2,0,0,0,0
2020-02-16,San Benito,069,59416,0,2,0,2,0
2020-02-16,San Bernardino,071,2135413,10,0,0,0,0
2020-02-16,San Diego,073,3302833,2,2,0,2,0
2020-02-16,San Francisco,075,870044,2,0,0,0,0
2020-02-16,San Joaquin,077,732212,1,0,1,1,0
2020-02-16,San Luis Obispo,079,281455,1,0,0,0,0
2020-02-16,San Mateo,081,765935,4,0,0,0,0
2020-02-16,Santa Barbara,083,443738,0,0,0,0,0
2020-02-16,Santa Clara,085,1922200,10,2,1,3,0
2020-02-16,Santa Cruz,087,273765,0,0,0,0,0
2020-02-16,Shasta,089,179085,0,0,0,0,0
2020-02-16,Sierra,091,2930,0,0,0,0,0
2020-02-16,Siskiyou,093,43540,0,0,0,0,0
2020-02-16,Solano,095,438530,1,0,0,0,0
2020-02-16,Sonoma,097,501317,1,0,0,0,0
2020-02-16,Stanislaus,099,539301,1,0,2,2,0
2020-02-16,Sutter,101,95872,0,0,0,0,0
2020-02-16,Tehama,103,63373,0,0,0,0,0
2020-02-16,Trinity,105,12862,0,0,0,0,0
2020-02-16,Tulare,107,460477,2,0,0,0,0
2020-02-16,Tuolumne,109,53932,0,0,0,0,0
2020-02-16,Ventura,111,848112,2,0,0,0,0
2020-02-16,Yolo,113,214977,0,0,0,0,0
2020-02-16,Yuba,115,75493,0,0,0,0,0
2020-02-15,Alameda,001,1643700,6,0,0,0,0
2020-02-15,Alpine,002,1148,0,0,0,0,0
2020-02-15,Amador,005,37829,0,0,0,0,0
2020-02-15,Butte,007,227075,0,0,0,0,0
2020-02-15,Calaveras,009,45235,0,0,0,0,0
2020-02-15,Colusa,011,21464,0,0,0,0,0
2020-02-15,Contra Costa,013,1133247,3,0,0,0,0
2020-02-15,Del Norte,015,27424,0,0,0,0,0
2020-02-15,El Dorado,017,186661,0,0,0,0,0
2020-02-15,Fresno,019,978130,0,0,0,0,0
2020-02-15,Glenn,021,27897,0,0,0,0,0
2020-02-15,Humboldt,023,135768,1,0,0,0,0
2020-02-15,Imperial,025,180216,0,0,0,0,0
2020-02-15,Inyo,027,18085,0,0,0,0,0
2020-02-15,Kern,029,883053,2,0,0,0,0
2020-02-15,Kings,031,150075,0,0,0,0,0
2020-02-15,Lake,033,64148,0,0,0,0,0
2020-02-15,Lassen,035,31185,0,0,0,0,0
2020-02-15,Los Angeles,037,10098052,40,1,4,5,0
2020-02-15,Madera,039,155013,0,0,0,0,0
2020-02-15,Marin,041,260295,0,0,0,0,0
2020-02-15,Mariposa,043,17540,0,0,0,0,0
2020-02-15,Mendocino,045,87422,0,0,0,0,0
2020-02-15,Merced,047,269075,0,0,0,0,0
2020-02-15,Modoc,049,8938,0,0,0,0,0
2020-02-15,Mono,051,14174,0,0,0,0,0
2020-02-15,Monterey,053,433212,1,0,0,0,0
2020-02-15,Napa,055,140530,0,0,0,0,0
2020-02-15,Nevada,057,99092,0,0,0,0,0
2020-02-15,Orange,059,3164182,38,1,0,1,0
2020-02-15,Placer,061,380077,0,0,0,0,0
2020-02-15,Plumas,063,18699,0,0,0,0,0
2020-02-15,Riverside,065,2383286,4,0,0,0,0
2020-02-15,Sacramento,067,1510023,2,0,0,0,0
2020-02-15,San Benito,069,59416,0,2,0,2,0
2020-02-15,San Bernardino,071,2135413,9,0,0,0,0
2020-02-15,San Diego,073,3302833,2,2,0,2,0
2020-02-15,San Francisco,075,870044,2,0,0,0,0
2020-02-15,San Joaquin,077,732212,1,0,1,1,0
2020-02-15,San Luis Obispo,079,281455,1,0,0,0,0
2020-02-15,San Mateo,081,765935,4,0,0,0,0
2020-02-15,Santa Barbara,083,443738,0,0,0,0,0
2020-02-15,Santa Clara,085,1922200,10,2,1,3,0
2020-02-15,Santa Cruz,087,273765,0,0,0,0,0
2020-02-15,Shasta,089,179085,0,0,0,0,0
2020-02-15,Sierra,091,2930,0,0,0,0,0
2020-02-15,Siskiyou,093,43540,0,0,0,0,0
2020-02-15,Solano,095,438530,1,0,0,0,0
2020-02-15,Sonoma,097,501317,0,0,0,0,0
2020-02-15,Stanislaus,099,539301,1,0,2,2,0
2020-02-15,Sutter,101,95872,0,0,0,0,0
2020-02-15,Tehama,103,63373,0,0,0,0,0
2020-02-15,Trinity,105,12862,0,0,0,0,0
2020-02-15,Tulare,107,460477,2,0,0,0,0
2020-02-15,Tuolumne,109,53932,0,0,0,0,0
2020-02-15,Ventura,111,848112,2,0,0,0,0
2020-02-15,Yolo,113,214977,0,0,0,0,0
2020-02-15,Yuba,115,75493,0,0,0,0,0
2020-02-14,Alameda,001,1643700,5,0,0,0,0
2020-02-14,Alpine,002,1148,0,0,0,0,0
2020-02-14,Amador,005,37829,0,0,0,0,0
2020-02-14,Butte,007,227075,0,0,0,0,0
2020-02-14,Calaveras,009,45235,0,0,0,0,0
2020-02-14,Colusa,011,21464,0,0,0,0,0
2020-02-14,Contra Costa,013,1133247,3,0,0,0,0
2020-02-14,Del Norte,015,27424,0,0,0,0,0
2020-02-14,El Dorado,017,186661,0,0,0,0,0
2020-02-14,Fresno,019,978130,0,0,0,0,0
2020-02-14,Glenn,021,27897,0,0,0,0,0
2020-02-14,Humboldt,023,135768,1,0,0,0,0
2020-02-14,Imperial,025,180216,0,0,0,0,0
2020-02-14,Inyo,027,18085,0,0,0,0,0
2020-02-14,Kern,029,883053,2,0,0,0,0
2020-02-14,Kings,031,150075,0,0,0,0,0
2020-02-14,Lake,033,64148,0,0,0,0,0
2020-02-14,Lassen,035,31185,0,0,0,0,0
2020-02-14,Los Angeles,037,10098052,35,1,4,5,0
2020-02-14,Madera,039,155013,0,0,0,0,0
2020-02-14,Marin,041,260295,0,0,0,0,0
2020-02-14,Mariposa,043,17540,0,0,0,0,0
2020-02-14,Mendocino,045,87422,0,0,0,0,0
2020-02-14,Merced,047,269075,0,0,0,0,0
2020-02-14,Modoc,049,8938,0,0,0,0,0
2020-02-14,Mono,051,14174,0,0,0,0,0
2020-02-14,Monterey,053,433212,1,0,0,0,0
2020-02-14,Napa,055,140530,0,0,0,0,0
2020-02-14,Nevada,057,99092,0,0,0,0,0
2020-02-14,Orange,059,3164182,38,1,0,1,0
2020-02-14,Placer,061,380077,0,0,0,0,0
2020-02-14,Plumas,063,18699,0,0,0,0,0
2020-02-14,Riverside,065,2383286,4,0,0,0,0
2020-02-14,Sacramento,067,1510023,1,0,0,0,0
2020-02-14,San Benito,069,59416,0,2,0,2,0
2020-02-14,San Bernardino,071,2135413,9,0,0,0,0
2020-02-14,San Diego,073,3302833,1,2,0,2,0
2020-02-14,San Francisco,075,870044,2,0,0,0,0
2020-02-14,San Joaquin,077,732212,1,0,1,1,0
2020-02-14,San Luis Obispo,079,281455,0,0,0,0,0
2020-02-14,San Mateo,081,765935,3,0,0,0,0
2020-02-14,Santa Barbara,083,443738,0,0,0,0,0
2020-02-14,Santa Clara,085,1922200,8,2,1,3,0
2020-02-14,Santa Cruz,087,273765,0,0,0,0,0
2020-02-14,Shasta,089,179085,0,0,0,0,0
2020-02-14,Sierra,091,2930,0,0,0,0,0
2020-02-14,Siskiyou,093,43540,0,0,0,0,0
2020-02-14,Solano,095,438530,1,0,0,0,0
2020-02-14,Sonoma,097,501317,0,0,0,0,0
2020-02-14,Stanislaus,099,539301,1,0,2,2,0
2020-02-14,Sutter,101,95872,0,0,0,0,0
2020-02-14,Tehama,103,63373,0,0,0,0,0
2020-02-14,Trinity,105,12862,0,0,0,0,0
2020-02-14,Tulare,107,460477,2,0,0,0,0
2020-02-14,Tuolumne,109,53932,0,0,0,0,0
2020-02-14,Ventura,111,848112,2,0,0,0,0
2020-02-14,Yolo,113,214977,0,0,0,0,0
2020-02-14,Yuba,115,75493,0,0,0,0,0
2020-02-13,Alameda,001,1643700,5,0,0,0,0
2020-02-13,Alpine,002,1148,0,0,0,0,0
2020-02-13,Amador,005,37829,0,0,0,0,0
2020-02-13,Butte,007,227075,0,0,0,0,0
2020-02-13,Calaveras,009,45235,0,0,0,0,0
2020-02-13,Colusa,011,21464,0,0,0,0,0
2020-02-13,Contra Costa,013,1133247,3,0,0,0,0
2020-02-13,Del Norte,015,27424,0,0,0,0,0
2020-02-13,El Dorado,017,186661,0,0,0,0,0
2020-02-13,Fresno,019,978130,0,0,0,0,0
2020-02-13,Glenn,021,27897,0,0,0,0,0
2020-02-13,Humboldt,023,135768,1,0,0,0,0
2020-02-13,Imperial,025,180216,0,0,0,0,0
2020-02-13,Inyo,027,18085,0,0,0,0,0
2020-02-13,Kern,029,883053,2,0,0,0,0
2020-02-13,Kings,031,150075,0,0,0,0,0
2020-02-13,Lake,033,64148,0,0,0,0,0
2020-02-13,Lassen,035,31185,0,0,0,0,0
2020-02-13,Los Angeles,037,10098052,32,1,3,4,0
2020-02-13,Madera,039,155013,0,0,0,0,0
2020-02-13,Marin,041,260295,0,0,0,0,0
2020-02-13,Mariposa,043,17540,0,0,0,0,0
2020-02-13,Mendocino,045,87422,0,0,0,0,0
2020-02-13,Merced,047,269075,0,0,0,0,0
2020-02-13,Modoc,049,8938,0,0,0,0,0
2020-02-13,Mono,051,14174,0,0,0,0,0
2020-02-13,Monterey,053,433212,1,0,0,0,0
2020-02-13,Napa,055,140530,0,0,0,0,0
2020-02-13,Nevada,057,99092,0,0,0,0,0
2020-02-13,Orange,059,3164182,37,1,0,1,0
2020-02-13,Placer,061,380077,0,0,0,0,0
2020-02-13,Plumas,063,18699,0,0,0,0,0
2020-02-13,Riverside,065,2383286,4,0,0,0,0
2020-02-13,Sacramento,067,1510023,1,0,0,0,0
2020-02-13,San Benito,069,59416,0,2,0,2,0
2020-02-13,San Bernardino,071,2135413,8,0,0,0,0
2020-02-13,San Diego,073,3302833,0,2,0,2,0
2020-02-13,San Francisco,075,870044,2,0,0,0,0
2020-02-13,San Joaquin,077,732212,1,0,1,1,0
2020-02-13,San Luis Obispo,079,281455,0,0,0,0,0
2020-02-13,San Mateo,081,765935,2,0,0,0,0
2020-02-13,Santa Barbara,083,443738,0,0,0,0,0
2020-02-13,Santa Clara,085,1922200,7,2,0,2,0
2020-02-13,Santa Cruz,087,273765,0,0,0,0,0
2020-02-13,Shasta,089,179085,0,0,0,0,0
2020-02-13,Sierra,091,2930,0,0,0,0,0
2020-02-13,Siskiyou,093,43540,0,0,0,0,0
2020-02-13,Solano,095,438530,0,0,0,0,0
2020-02-13,Sonoma,097,501317,0,0,0,0,0
2020-02-13,Stanislaus,099,539301,1,0,1,1,0
2020-02-13,Sutter,101,95872,0,0,0,0,0
2020-02-13,Tehama,103,63373,0,0,0,0,0
2020-02-13,Trinity,105,12862,0,0,0,0,0
2020-02-13,Tulare,107,460477,2,0,0,0,0
2020-02-13,Tuolumne,109,53932,0,0,0,0,0
2020-02-13,Ventura,111,848112,2,0,0,0,0
2020-02-13,Yolo,113,214977,0,0,0,0,0
2020-02-13,Yuba,115,75493,0,0,0,0,0
2020-02-12,Alameda,001,1643700,5,0,0,0,0
2020-02-12,Alpine,002,1148,0,0,0,0,0
2020-02-12,Amador,005,37829,0,0,0,0,0
2020-02-12,Butte,007,227075,0,0,0,0,0
2020-02-12,Calaveras,009,45235,0,0,0,0,0
2020-02-12,Colusa,011,21464,0,0,0,0,0
2020-02-12,Contra Costa,013,1133247,3,0,0,0,0
2020-02-12,Del Norte,015,27424,0,0,0,0,0
2020-02-12,El Dorado,017,186661,0,0,0,0,0
2020-02-12,Fresno,019,978130,0,0,0,0,0
2020-02-12,Glenn,021,27897,0,0,0,0,0
2020-02-12,Humboldt,023,135768,1,0,0,0,0
2020-02-12,Imperial,025,180216,0,0,0,0,0
2020-02-12,Inyo,027,18085,0,0,0,0,0
2020-02-12,Kern,029,883053,2,0,0,0,0
2020-02-12,Kings,031,150075,0,0,0,0,0
2020-02-12,Lake,033,64148,0,0,0,0,0
2020-02-12,Lassen,035,31185,0,0,0,0,0
2020-02-12,Los Angeles,037,10098052,31,1,3,4,0
2020-02-12,Madera,039,155013,0,0,0,0,0
2020-02-12,Marin,041,260295,0,0,0,0,0
2020-02-12,Mariposa,043,17540,0,0,0,0,0
2020-02-12,Mendocino,045,87422,0,0,0,0,0
2020-02-12,Merced,047,269075,0,0,0,0,0
2020-02-12,Modoc,049,8938,0,0,0,0,0
2020-02-12,Mono,051,14174,0,0,0,0,0
2020-02-12,Monterey,053,433212,1,0,0,0,0
2020-02-12,Napa,055,140530,0,0,0,0,0
2020-02-12,Nevada,057,99092,0,0,0,0,0
2020-02-12,Orange,059,3164182,37,1,0,1,0
2020-02-12,Placer,061,380077,0,0,0,0,0
2020-02-12,Plumas,063,18699,0,0,0,0,0
2020-02-12,Riverside,065,2383286,4,0,0,0,0
2020-02-12,Sacramento,067,1510023,1,0,0,0,0
2020-02-12,San Benito,069,59416,0,2,0,2,0
2020-02-12,San Bernardino,071,2135413,8,0,0,0,0
2020-02-12,San Diego,073,3302833,0,2,0,2,0
2020-02-12,San Francisco,075,870044,2,0,0,0,0
2020-02-12,San Joaquin,077,732212,1,0,1,1,0
2020-02-12,San Luis Obispo,079,281455,0,0,0,0,0
2020-02-12,San Mateo,081,765935,2,0,0,0,0
2020-02-12,Santa Barbara,083,443738,0,0,0,0,0
2020-02-12,Santa Clara,085,1922200,6,2,0,2,0
2020-02-12,Santa Cruz,087,273765,0,0,0,0,0
2020-02-12,Shasta,089,179085,0,0,0,0,0
2020-02-12,Sierra,091,2930,0,0,0,0,0
2020-02-12,Siskiyou,093,43540,0,0,0,0,0
2020-02-12,Solano,095,438530,0,0,0,0,0
2020-02-12,Sonoma,097,501317,0,0,0,0,0
2020-02-12,Stanislaus,099,539301,1,0,1,1,0
2020-02-12,Sutter,101,95872,0,0,0,0,0
2020-02-12,Tehama,103,63373,0,0,0,0,0
2020-02-12,Trinity,105,12862,0,0,0,0,0
2020-02-12,Tulare,107,460477,2,0,0,0,0
2020-02-12,Tuolumne,109,53932,0,0,0,0,0
2020-02-12,Ventura,111,848112,2,0,0,0,0
2020-02-12,Yolo,113,214977,0,0,0,0,0
2020-02-12,Yuba,115,75493,0,0,0,0,0
2020-02-11,Alameda,001,1643700,5,0,0,0,0
2020-02-11,Alpine,002,1148,0,0,0,0,0
2020-02-11,Amador,005,37829,0,0,0,0,0
2020-02-11,Butte,007,227075,0,0,0,0,0
2020-02-11,Calaveras,009,45235,0,0,0,0,0
2020-02-11,Colusa,011,21464,0,0,0,0,0
2020-02-11,Contra Costa,013,1133247,3,0,0,0,0
2020-02-11,Del Norte,015,27424,0,0,0,0,0
2020-02-11,El Dorado,017,186661,0,0,0,0,0
2020-02-11,Fresno,019,978130,0,0,0,0,0
2020-02-11,Glenn,021,27897,0,0,0,0,0
2020-02-11,Humboldt,023,135768,1,0,0,0,0
2020-02-11,Imperial,025,180216,0,0,0,0,0
2020-02-11,Inyo,027,18085,0,0,0,0,0
2020-02-11,Kern,029,883053,2,0,0,0,0
2020-02-11,Kings,031,150075,0,0,0,0,0
2020-02-11,Lake,033,64148,0,0,0,0,0
2020-02-11,Lassen,035,31185,0,0,0,0,0
2020-02-11,Los Angeles,037,10098052,31,1,3,4,0
2020-02-11,Madera,039,155013,0,0,0,0,0
2020-02-11,Marin,041,260295,0,0,0,0,0
2020-02-11,Mariposa,043,17540,0,0,0,0,0
2020-02-11,Mendocino,045,87422,0,0,0,0,0
2020-02-11,Merced,047,269075,0,0,0,0,0
2020-02-11,Modoc,049,8938,0,0,0,0,0
2020-02-11,Mono,051,14174,0,0,0,0,0
2020-02-11,Monterey,053,433212,1,0,0,0,0
2020-02-11,Napa,055,140530,0,0,0,0,0
2020-02-11,Nevada,057,99092,0,0,0,0,0
2020-02-11,Orange,059,3164182,36,1,0,1,0
2020-02-11,Placer,061,380077,0,0,0,0,0
2020-02-11,Plumas,063,18699,0,0,0,0,0
2020-02-11,Riverside,065,2383286,4,0,0,0,0
2020-02-11,Sacramento,067,1510023,1,0,0,0,0
2020-02-11,San Benito,069,59416,0,2,0,2,0
2020-02-11,San Bernardino,071,2135413,8,0,0,0,0
2020-02-11,San Diego,073,3302833,0,1,0,1,0
2020-02-11,San Francisco,075,870044,2,0,0,0,0
2020-02-11,San Joaquin,077,732212,0,0,1,1,0
2020-02-11,San Luis Obispo,079,281455,0,0,0,0,0
2020-02-11,San Mateo,081,765935,2,0,0,0,0
2020-02-11,Santa Barbara,083,443738,0,0,0,0,0
2020-02-11,Santa Clara,085,1922200,5,2,0,2,0
2020-02-11,Santa Cruz,087,273765,0,0,0,0,0
2020-02-11,Shasta,089,179085,0,0,0,0,0
2020-02-11,Sierra,091,2930,0,0,0,0,0
2020-02-11,Siskiyou,093,43540,0,0,0,0,0
2020-02-11,Solano,095,438530,0,0,0,0,0
2020-02-11,Sonoma,097,501317,0,0,0,0,0
2020-02-11,Stanislaus,099,539301,1,0,1,1,0
2020-02-11,Sutter,101,95872,0,0,0,0,0
2020-02-11,Tehama,103,63373,0,0,0,0,0
2020-02-11,Trinity,105,12862,0,0,0,0,0
2020-02-11,Tulare,107,460477,2,0,0,0,0
2020-02-11,Tuolumne,109,53932,0,0,0,0,0
2020-02-11,Ventura,111,848112,2,0,0,0,0
2020-02-11,Yolo,113,214977,0,0,0,0,0
2020-02-11,Yuba,115,75493,0,0,0,0,0
2020-02-10,Alameda,001,1643700,5,0,0,0,0
2020-02-10,Alpine,002,1148,0,0,0,0,0
2020-02-10,Amador,005,37829,0,0,0,0,0
2020-02-10,Butte,007,227075,0,0,0,0,0
2020-02-10,Calaveras,009,45235,0,0,0,0,0
2020-02-10,Colusa,011,21464,0,0,0,0,0
2020-02-10,Contra Costa,013,1133247,3,0,0,0,0
2020-02-10,Del Norte,015,27424,0,0,0,0,0
2020-02-10,El Dorado,017,186661,0,0,0,0,0
2020-02-10,Fresno,019,978130,0,0,0,0,0
2020-02-10,Glenn,021,27897,0,0,0,0,0
2020-02-10,Humboldt,023,135768,0,0,0,0,0
2020-02-10,Imperial,025,180216,0,0,0,0,0
2020-02-10,Inyo,027,18085,0,0,0,0,0
2020-02-10,Kern,029,883053,2,0,0,0,0
2020-02-10,Kings,031,150075,0,0,0,0,0
2020-02-10,Lake,033,64148,0,0,0,0,0
2020-02-10,Lassen,035,31185,0,0,0,0,0
2020-02-10,Los Angeles,037,10098052,29,1,3,4,0
2020-02-10,Madera,039,155013,0,0,0,0,0
2020-02-10,Marin,041,260295,0,0,0,0,0
2020-02-10,Mariposa,043,17540,0,0,0,0,0
2020-02-10,Mendocino,045,87422,0,0,0,0,0
2020-02-10,Merced,047,269075,0,0,0,0,0
2020-02-10,Modoc,049,8938,0,0,0,0,0
2020-02-10,Mono,051,14174,0,0,0,0,0
2020-02-10,Monterey,053,433212,1,0,0,0,0
2020-02-10,Napa,055,140530,0,0,0,0,0
2020-02-10,Nevada,057,99092,0,0,0,0,0
2020-02-10,Orange,059,3164182,36,1,0,1,0
2020-02-10,Placer,061,380077,0,0,0,0,0
2020-02-10,Plumas,063,18699,0,0,0,0,0
2020-02-10,Riverside,065,2383286,4,0,0,0,0
2020-02-10,Sacramento,067,1510023,1,0,0,0,0
2020-02-10,San Benito,069,59416,0,2,0,2,0
2020-02-10,San Bernardino,071,2135413,7,0,0,0,0
2020-02-10,San Diego,073,3302833,0,0,0,0,0
2020-02-10,San Francisco,075,870044,2,0,0,0,0
2020-02-10,San Joaquin,077,732212,0,0,1,1,0
2020-02-10,San Luis Obispo,079,281455,0,0,0,0,0
2020-02-10,San Mateo,081,765935,2,0,0,0,0
2020-02-10,Santa Barbara,083,443738,0,0,0,0,0
2020-02-10,Santa Clara,085,1922200,5,2,0,2,0
2020-02-10,Santa Cruz,087,273765,0,0,0,0,0
2020-02-10,Shasta,089,179085,0,0,0,0,0
2020-02-10,Sierra,091,2930,0,0,0,0,0
2020-02-10,Siskiyou,093,43540,0,0,0,0,0
2020-02-10,Solano,095,438530,0,0,0,0,0
2020-02-10,Sonoma,097,501317,0,0,0,0,0
2020-02-10,Stanislaus,099,539301,1,0,0,0,0
2020-02-10,Sutter,101,95872,0,0,0,0,0
2020-02-10,Tehama,103,63373,0,0,0,0,0
2020-02-10,Trinity,105,12862,0,0,0,0,0
2020-02-10,Tulare,107,460477,2,0,0,0,0
2020-02-10,Tuolumne,109,53932,0,0,0,0,0
2020-02-10,Ventura,111,848112,2,0,0,0,0
2020-02-10,Yolo,113,214977,0,0,0,0,0
2020-02-10,Yuba,115,75493,0,0,0,0,0
2020-02-09,Alameda,001,1643700,5,0,0,0,0
2020-02-09,Alpine,002,1148,0,0,0,0,0
2020-02-09,Amador,005,37829,0,0,0,0,0
2020-02-09,Butte,007,227075,0,0,0,0,0
2020-02-09,Calaveras,009,45235,0,0,0,0,0
2020-02-09,Colusa,011,21464,0,0,0,0,0
2020-02-09,Contra Costa,013,1133247,3,0,0,0,0
2020-02-09,Del Norte,015,27424,0,0,0,0,0
2020-02-09,El Dorado,017,186661,0,0,0,0,0
2020-02-09,Fresno,019,978130,0,0,0,0,0
2020-02-09,Glenn,021,27897,0,0,0,0,0
2020-02-09,Humboldt,023,135768,0,0,0,0,0
2020-02-09,Imperial,025,180216,0,0,0,0,0
2020-02-09,Inyo,027,18085,0,0,0,0,0
2020-02-09,Kern,029,883053,2,0,0,0,0
2020-02-09,Kings,031,150075,0,0,0,0,0
2020-02-09,Lake,033,64148,0,0,0,0,0
2020-02-09,Lassen,035,31185,0,0,0,0,0
2020-02-09,Los Angeles,037,10098052,28,1,3,4,0
2020-02-09,Madera,039,155013,0,0,0,0,0
2020-02-09,Marin,041,260295,0,0,0,0,0
2020-02-09,Mariposa,043,17540,0,0,0,0,0
2020-02-09,Mendocino,045,87422,0,0,0,0,0
2020-02-09,Merced,047,269075,0,0,0,0,0
2020-02-09,Modoc,049,8938,0,0,0,0,0
2020-02-09,Mono,051,14174,0,0,0,0,0
2020-02-09,Monterey,053,433212,1,0,0,0,0
2020-02-09,Napa,055,140530,0,0,0,0,0
2020-02-09,Nevada,057,99092,0,0,0,0,0
2020-02-09,Orange,059,3164182,36,1,0,1,0
2020-02-09,Placer,061,380077,0,0,0,0,0
2020-02-09,Plumas,063,18699,0,0,0,0,0
2020-02-09,Riverside,065,2383286,4,0,0,0,0
2020-02-09,Sacramento,067,1510023,0,0,0,0,0
2020-02-09,San Benito,069,59416,0,2,0,2,0
2020-02-09,San Bernardino,071,2135413,7,0,0,0,0
2020-02-09,San Diego,073,3302833,0,0,0,0,0
2020-02-09,San Francisco,075,870044,1,0,0,0,0
2020-02-09,San Joaquin,077,732212,0,0,1,1,0
2020-02-09,San Luis Obispo,079,281455,0,0,0,0,0
2020-02-09,San Mateo,081,765935,2,0,0,0,0
2020-02-09,Santa Barbara,083,443738,0,0,0,0,0
2020-02-09,Santa Clara,085,1922200,4,2,0,2,0
2020-02-09,Santa Cruz,087,273765,0,0,0,0,0
2020-02-09,Shasta,089,179085,0,0,0,0,0
2020-02-09,Sierra,091,2930,0,0,0,0,0
2020-02-09,Siskiyou,093,43540,0,0,0,0,0
2020-02-09,Solano,095,438530,0,0,0,0,0
2020-02-09,Sonoma,097,501317,0,0,0,0,0
2020-02-09,Stanislaus,099,539301,0,0,0,0,0
2020-02-09,Sutter,101,95872,0,0,0,0,0
2020-02-09,Tehama,103,63373,0,0,0,0,0
2020-02-09,Trinity,105,12862,0,0,0,0,0
2020-02-09,Tulare,107,460477,2,0,0,0,0
2020-02-09,Tuolumne,109,53932,0,0,0,0,0
2020-02-09,Ventura,111,848112,1,0,0,0,0
2020-02-09,Yolo,113,214977,0,0,0,0,0
2020-02-09,Yuba,115,75493,0,0,0,0,0
2020-02-08,Alameda,001,1643700,4,0,0,0,0
2020-02-08,Alpine,002,1148,0,0,0,0,0
2020-02-08,Amador,005,37829,0,0,0,0,0
2020-02-08,Butte,007,227075,0,0,0,0,0
2020-02-08,Calaveras,009,45235,0,0,0,0,0
2020-02-08,Colusa,011,21464,0,0,0,0,0
2020-02-08,Contra Costa,013,1133247,2,0,0,0,0
2020-02-08,Del Norte,015,27424,0,0,0,0,0
2020-02-08,El Dorado,017,186661,0,0,0,0,0
2020-02-08,Fresno,019,978130,0,0,0,0,0
2020-02-08,Glenn,021,27897,0,0,0,0,0
2020-02-08,Humboldt,023,135768,0,0,0,0,0
2020-02-08,Imperial,025,180216,0,0,0,0,0
2020-02-08,Inyo,027,18085,0,0,0,0,0
2020-02-08,Kern,029,883053,2,0,0,0,0
2020-02-08,Kings,031,150075,0,0,0,0,0
2020-02-08,Lake,033,64148,0,0,0,0,0
2020-02-08,Lassen,035,31185,0,0,0,0,0
2020-02-08,Los Angeles,037,10098052,25,1,1,2,0
2020-02-08,Madera,039,155013,0,0,0,0,0
2020-02-08,Marin,041,260295,0,0,0,0,0
2020-02-08,Mariposa,043,17540,0,0,0,0,0
2020-02-08,Mendocino,045,87422,0,0,0,0,0
2020-02-08,Merced,047,269075,0,0,0,0,0
2020-02-08,Modoc,049,8938,0,0,0,0,0
2020-02-08,Mono,051,14174,0,0,0,0,0
2020-02-08,Monterey,053,433212,1,0,0,0,0
2020-02-08,Napa,055,140530,0,0,0,0,0
2020-02-08,Nevada,057,99092,0,0,0,0,0
2020-02-08,Orange,059,3164182,36,1,0,1,0
2020-02-08,Placer,061,380077,0,0,0,0,0
2020-02-08,Plumas,063,18699,0,0,0,0,0
2020-02-08,Riverside,065,2383286,4,0,0,0,0
2020-02-08,Sacramento,067,1510023,0,0,0,0,0
2020-02-08,San Benito,069,59416,0,2,0,2,0
2020-02-08,San Bernardino,071,2135413,7,0,0,0,0
2020-02-08,San Diego,073,3302833,0,0,0,0,0
2020-02-08,San Francisco,075,870044,1,0,0,0,0
2020-02-08,San Joaquin,077,732212,0,0,1,1,0
2020-02-08,San Luis Obispo,079,281455,0,0,0,0,0
2020-02-08,San Mateo,081,765935,2,0,0,0,0
2020-02-08,Santa Barbara,083,443738,0,0,0,0,0
2020-02-08,Santa Clara,085,1922200,4,2,0,2,0
2020-02-08,Santa Cruz,087,273765,0,0,0,0,0
2020-02-08,Shasta,089,179085,0,0,0,0,0
2020-02-08,Sierra,091,2930,0,0,0,0,0
2020-02-08,Siskiyou,093,43540,0,0,0,0,0
2020-02-08,Solano,095,438530,0,0,0,0,0
2020-02-08,Sonoma,097,501317,0,0,0,0,0
2020-02-08,Stanislaus,099,539301,0,0,0,0,0
2020-02-08,Sutter,101,95872,0,0,0,0,0
2020-02-08,Tehama,103,63373,0,0,0,0,0
2020-02-08,Trinity,105,12862,0,0,0,0,0
2020-02-08,Tulare,107,460477,2,0,0,0,0
2020-02-08,Tuolumne,109,53932,0,0,0,0,0
2020-02-08,Ventura,111,848112,1,0,0,0,0
2020-02-08,Yolo,113,214977,0,0,0,0,0
2020-02-08,Yuba,115,75493,0,0,0,0,0
2020-02-07,Alameda,001,1643700,4,0,0,0,0
2020-02-07,Alpine,002,1148,0,0,0,0,0
2020-02-07,Amador,005,37829,0,0,0,0,0
2020-02-07,Butte,007,227075,0,0,0,0,0
2020-02-07,Calaveras,009,45235,0,0,0,0,0
2020-02-07,Colusa,011,21464,0,0,0,0,0
2020-02-07,Contra Costa,013,1133247,2,0,0,0,0
2020-02-07,Del Norte,015,27424,0,0,0,0,0
2020-02-07,El Dorado,017,186661,0,0,0,0,0
2020-02-07,Fresno,019,978130,0,0,0,0,0
2020-02-07,Glenn,021,27897,0,0,0,0,0
2020-02-07,Humboldt,023,135768,0,0,0,0,0
2020-02-07,Imperial,025,180216,0,0,0,0,0
2020-02-07,Inyo,027,18085,0,0,0,0,0
2020-02-07,Kern,029,883053,2,0,0,0,0
2020-02-07,Kings,031,150075,0,0,0,0,0
2020-02-07,Lake,033,64148,0,0,0,0,0
2020-02-07,Lassen,035,31185,0,0,0,0,0
2020-02-07,Los Angeles,037,10098052,24,1,0,1,0
2020-02-07,Madera,039,155013,0,0,0,0,0
2020-02-07,Marin,041,260295,0,0,0,0,0
2020-02-07,Mariposa,043,17540,0,0,0,0,0
2020-02-07,Mendocino,045,87422,0,0,0,0,0
2020-02-07,Merced,047,269075,0,0,0,0,0
2020-02-07,Modoc,049,8938,0,0,0,0,0
2020-02-07,Mono,051,14174,0,0,0,0,0
2020-02-07,Monterey,053,433212,1,0,0,0,0
2020-02-07,Napa,055,140530,0,0,0,0,0
2020-02-07,Nevada,057,99092,0,0,0,0,0
2020-02-07,Orange,059,3164182,34,1,0,1,0
2020-02-07,Placer,061,380077,0,0,0,0,0
2020-02-07,Plumas,063,18699,0,0,0,0,0
2020-02-07,Riverside,065,2383286,4,0,0,0,0
2020-02-07,Sacramento,067,1510023,0,0,0,0,0
2020-02-07,San Benito,069,59416,0,2,0,2,0
2020-02-07,San Bernardino,071,2135413,4,0,0,0,0
2020-02-07,San Diego,073,3302833,0,0,0,0,0
2020-02-07,San Francisco,075,870044,1,0,0,0,0
2020-02-07,San Joaquin,077,732212,0,0,1,1,0
2020-02-07,San Luis Obispo,079,281455,0,0,0,0,0
2020-02-07,San Mateo,081,765935,1,0,0,0,0
2020-02-07,Santa Barbara,083,443738,0,0,0,0,0
2020-02-07,Santa Clara,085,1922200,4,2,0,2,0
2020-02-07,Santa Cruz,087,273765,0,0,0,0,0
2020-02-07,Shasta,089,179085,0,0,0,0,0
2020-02-07,Sierra,091,2930,0,0,0,0,0
2020-02-07,Siskiyou,093,43540,0,0,0,0,0
2020-02-07,Solano,095,438530,0,0,0,0,0
2020-02-07,Sonoma,097,501317,0,0,0,0,0
2020-02-07,Stanislaus,099,539301,0,0,0,0,0
2020-02-07,Sutter,101,95872,0,0,0,0,0
2020-02-07,Tehama,103,63373,0,0,0,0,0
2020-02-07,Trinity,105,12862,0,0,0,0,0
2020-02-07,Tulare,107,460477,2,0,0,0,0
2020-02-07,Tuolumne,109,53932,0,0,0,0,0
2020-02-07,Ventura,111,848112,1,0,0,0,0
2020-02-07,Yolo,113,214977,0,0,0,0,0
2020-02-07,Yuba,115,75493,0,0,0,0,0
2020-02-06,Alameda,001,1643700,4,0,0,0,0
2020-02-06,Alpine,002,1148,0,0,0,0,0
2020-02-06,Amador,005,37829,0,0,0,0,0
2020-02-06,Butte,007,227075,0,0,0,0,0
2020-02-06,Calaveras,009,45235,0,0,0,0,0
2020-02-06,Colusa,011,21464,0,0,0,0,0
2020-02-06,Contra Costa,013,1133247,2,0,0,0,0
2020-02-06,Del Norte,015,27424,0,0,0,0,0
2020-02-06,El Dorado,017,186661,0,0,0,0,0
2020-02-06,Fresno,019,978130,0,0,0,0,0
2020-02-06,Glenn,021,27897,0,0,0,0,0
2020-02-06,Humboldt,023,135768,0,0,0,0,0
2020-02-06,Imperial,025,180216,0,0,0,0,0
2020-02-06,Inyo,027,18085,0,0,0,0,0
2020-02-06,Kern,029,883053,2,0,0,0,0
2020-02-06,Kings,031,150075,0,0,0,0,0
2020-02-06,Lake,033,64148,0,0,0,0,0
2020-02-06,Lassen,035,31185,0,0,0,0,0
2020-02-06,Los Angeles,037,10098052,23,1,0,1,0
2020-02-06,Madera,039,155013,0,0,0,0,0
2020-02-06,Marin,041,260295,0,0,0,0,0
2020-02-06,Mariposa,043,17540,0,0,0,0,0
2020-02-06,Mendocino,045,87422,0,0,0,0,0
2020-02-06,Merced,047,269075,0,0,0,0,0
2020-02-06,Modoc,049,8938,0,0,0,0,0
2020-02-06,Mono,051,14174,0,0,0,0,0
2020-02-06,Monterey,053,433212,1,0,0,0,0
2020-02-06,Napa,055,140530,0,0,0,0,0
2020-02-06,Nevada,057,99092,0,0,0,0,0
2020-02-06,Orange,059,3164182,4,1,0,1,0
2020-02-06,Placer,061,380077,0,0,0,0,0
2020-02-06,Plumas,063,18699,0,0,0,0,0
2020-02-06,Riverside,065,2383286,4,0,0,0,0
2020-02-06,Sacramento,067,1510023,0,0,0,0,0
2020-02-06,San Benito,069,59416,0,2,0,2,0
2020-02-06,San Bernardino,071,2135413,4,0,0,0,0
2020-02-06,San Diego,073,3302833,0,0,0,0,0
2020-02-06,San Francisco,075,870044,1,0,0,0,0
2020-02-06,San Joaquin,077,732212,0,0,1,1,0
2020-02-06,San Luis Obispo,079,281455,0,0,0,0,0
2020-02-06,San Mateo,081,765935,1,0,0,0,0
2020-02-06,Santa Barbara,083,443738,0,0,0,0,0
2020-02-06,Santa Clara,085,1922200,4,2,0,2,0
2020-02-06,Santa Cruz,087,273765,0,0,0,0,0
2020-02-06,Shasta,089,179085,0,0,0,0,0
2020-02-06,Sierra,091,2930,0,0,0,0,0
2020-02-06,Siskiyou,093,43540,0,0,0,0,0
2020-02-06,Solano,095,438530,0,0,0,0,0
2020-02-06,Sonoma,097,501317,0,0,0,0,0
2020-02-06,Stanislaus,099,539301,0,0,0,0,0
2020-02-06,Sutter,101,95872,0,0,0,0,0
2020-02-06,Tehama,103,63373,0,0,0,0,0
2020-02-06,Trinity,105,12862,0,0,0,0,0
2020-02-06,Tulare,107,460477,2,0,0,0,0
2020-02-06,Tuolumne,109,53932,0,0,0,0,0
2020-02-06,Ventura,111,848112,1,0,0,0,0
2020-02-06,Yolo,113,214977,0,0,0,0,0
2020-02-06,Yuba,115,75493,0,0,0,0,0
2020-02-05,Alameda,001,1643700,3,0,0,0,0
2020-02-05,Alpine,002,1148,0,0,0,0,0
2020-02-05,Amador,005,37829,0,0,0,0,0
2020-02-05,Butte,007,227075,0,0,0,0,0
2020-02-05,Calaveras,009,45235,0,0,0,0,0
2020-02-05,Colusa,011,21464,0,0,0,0,0
2020-02-05,Contra Costa,013,1133247,2,0,0,0,0
2020-02-05,Del Norte,015,27424,0,0,0,0,0
2020-02-05,El Dorado,017,186661,0,0,0,0,0
2020-02-05,Fresno,019,978130,0,0,0,0,0
2020-02-05,Glenn,021,27897,0,0,0,0,0
2020-02-05,Humboldt,023,135768,0,0,0,0,0
2020-02-05,Imperial,025,180216,0,0,0,0,0
2020-02-05,Inyo,027,18085,0,0,0,0,0
2020-02-05,Kern,029,883053,1,0,0,0,0
2020-02-05,Kings,031,150075,0,0,0,0,0
2020-02-05,Lake,033,64148,0,0,0,0,0
2020-02-05,Lassen,035,31185,0,0,0,0,0
2020-02-05,Los Angeles,037,10098052,23,1,0,1,0
2020-02-05,Madera,039,155013,0,0,0,0,0
2020-02-05,Marin,041,260295,0,0,0,0,0
2020-02-05,Mariposa,043,17540,0,0,0,0,0
2020-02-05,Mendocino,045,87422,0,0,0,0,0
2020-02-05,Merced,047,269075,0,0,0,0,0
2020-02-05,Modoc,049,8938,0,0,0,0,0
2020-02-05,Mono,051,14174,0,0,0,0,0
2020-02-05,Monterey,053,433212,1,0,0,0,0
2020-02-05,Napa,055,140530,0,0,0,0,0
2020-02-05,Nevada,057,99092,0,0,0,0,0
2020-02-05,Orange,059,3164182,3,1,0,1,0
2020-02-05,Placer,061,380077,0,0,0,0,0
2020-02-05,Plumas,063,18699,0,0,0,0,0
2020-02-05,Riverside,065,2383286,4,0,0,0,0
2020-02-05,Sacramento,067,1510023,0,0,0,0,0
2020-02-05,San Benito,069,59416,0,2,0,2,0
2020-02-05,San Bernardino,071,2135413,4,0,0,0,0
2020-02-05,San Diego,073,3302833,0,0,0,0,0
2020-02-05,San Francisco,075,870044,1,0,0,0,0
2020-02-05,San Joaquin,077,732212,0,0,1,1,0
2020-02-05,San Luis Obispo,079,281455,0,0,0,0,0
2020-02-05,San Mateo,081,765935,1,0,0,0,0
2020-02-05,Santa Barbara,083,443738,0,0,0,0,0
2020-02-05,Santa Clara,085,1922200,2,2,0,2,0
2020-02-05,Santa Cruz,087,273765,0,0,0,0,0
2020-02-05,Shasta,089,179085,0,0,0,0,0
2020-02-05,Sierra,091,2930,0,0,0,0,0
2020-02-05,Siskiyou,093,43540,0,0,0,0,0
2020-02-05,Solano,095,438530,0,0,0,0,0
2020-02-05,Sonoma,097,501317,0,0,0,0,0
2020-02-05,Stanislaus,099,539301,0,0,0,0,0
2020-02-05,Sutter,101,95872,0,0,0,0,0
2020-02-05,Tehama,103,63373,0,0,0,0,0
2020-02-05,Trinity,105,12862,0,0,0,0,0
2020-02-05,Tulare,107,460477,2,0,0,0,0
2020-02-05,Tuolumne,109,53932,0,0,0,0,0
2020-02-05,Ventura,111,848112,0,0,0,0,0
2020-02-05,Yolo,113,214977,0,0,0,0,0
2020-02-05,Yuba,115,75493,0,0,0,0,0
2020-02-04,Alameda,001,1643700,3,0,0,0,0
2020-02-04,Alpine,002,1148,0,0,0,0,0
2020-02-04,Amador,005,37829,0,0,0,0,0
2020-02-04,Butte,007,227075,0,0,0,0,0
2020-02-04,Calaveras,009,45235,0,0,0,0,0
2020-02-04,Colusa,011,21464,0,0,0,0,0
2020-02-04,Contra Costa,013,1133247,2,0,0,0,0
2020-02-04,Del Norte,015,27424,0,0,0,0,0
2020-02-04,El Dorado,017,186661,0,0,0,0,0
2020-02-04,Fresno,019,978130,0,0,0,0,0
2020-02-04,Glenn,021,27897,0,0,0,0,0
2020-02-04,Humboldt,023,135768,0,0,0,0,0
2020-02-04,Imperial,025,180216,0,0,0,0,0
2020-02-04,Inyo,027,18085,0,0,0,0,0
2020-02-04,Kern,029,883053,0,0,0,0,0
2020-02-04,Kings,031,150075,0,0,0,0,0
2020-02-04,Lake,033,64148,0,0,0,0,0
2020-02-04,Lassen,035,31185,0,0,0,0,0
2020-02-04,Los Angeles,037,10098052,23,1,0,1,0
2020-02-04,Madera,039,155013,0,0,0,0,0
2020-02-04,Marin,041,260295,0,0,0,0,0
2020-02-04,Mariposa,043,17540,0,0,0,0,0
2020-02-04,Mendocino,045,87422,0,0,0,0,0
2020-02-04,Merced,047,269075,0,0,0,0,0
2020-02-04,Modoc,049,8938,0,0,0,0,0
2020-02-04,Mono,051,14174,0,0,0,0,0
2020-02-04,Monterey,053,433212,1,0,0,0,0
2020-02-04,Napa,055,140530,0,0,0,0,0
2020-02-04,Nevada,057,99092,0,0,0,0,0
2020-02-04,Orange,059,3164182,3,1,0,1,0
2020-02-04,Placer,061,380077,0,0,0,0,0
2020-02-04,Plumas,063,18699,0,0,0,0,0
2020-02-04,Riverside,065,2383286,4,0,0,0,0
2020-02-04,Sacramento,067,1510023,0,0,0,0,0
2020-02-04,San Benito,069,59416,0,2,0,2,0
2020-02-04,San Bernardino,071,2135413,3,0,0,0,0
2020-02-04,San Diego,073,3302833,0,0,0,0,0
2020-02-04,San Francisco,075,870044,1,0,0,0,0
2020-02-04,San Joaquin,077,732212,0,0,1,1,0
2020-02-04,San Luis Obispo,079,281455,0,0,0,0,0
2020-02-04,San Mateo,081,765935,0,0,0,0,0
2020-02-04,Santa Barbara,083,443738,0,0,0,0,0
2020-02-04,Santa Clara,085,1922200,2,2,0,2,0
2020-02-04,Santa Cruz,087,273765,0,0,0,0,0
2020-02-04,Shasta,089,179085,0,0,0,0,0
2020-02-04,Sierra,091,2930,0,0,0,0,0
2020-02-04,Siskiyou,093,43540,0,0,0,0,0
2020-02-04,Solano,095,438530,0,0,0,0,0
2020-02-04,Sonoma,097,501317,0,0,0,0,0
2020-02-04,Stanislaus,099,539301,0,0,0,0,0
2020-02-04,Sutter,101,95872,0,0,0,0,0
2020-02-04,Tehama,103,63373,0,0,0,0,0
2020-02-04,Trinity,105,12862,0,0,0,0,0
2020-02-04,Tulare,107,460477,2,0,0,0,0
2020-02-04,Tuolumne,109,53932,0,0,0,0,0
2020-02-04,Ventura,111,848112,0,0,0,0,0
2020-02-04,Yolo,113,214977,0,0,0,0,0
2020-02-04,Yuba,115,75493,0,0,0,0,0
2020-02-03,Alameda,001,1643700,3,0,0,0,0
2020-02-03,Alpine,002,1148,0,0,0,0,0
2020-02-03,Amador,005,37829,0,0,0,0,0
2020-02-03,Butte,007,227075,0,0,0,0,0
2020-02-03,Calaveras,009,45235,0,0,0,0,0
2020-02-03,Colusa,011,21464,0,0,0,0,0
2020-02-03,Contra Costa,013,1133247,2,0,0,0,0
2020-02-03,Del Norte,015,27424,0,0,0,0,0
2020-02-03,El Dorado,017,186661,0,0,0,0,0
2020-02-03,Fresno,019,978130,0,0,0,0,0
2020-02-03,Glenn,021,27897,0,0,0,0,0
2020-02-03,Humboldt,023,135768,0,0,0,0,0
2020-02-03,Imperial,025,180216,0,0,0,0,0
2020-02-03,Inyo,027,18085,0,0,0,0,0
2020-02-03,Kern,029,883053,0,0,0,0,0
2020-02-03,Kings,031,150075,0,0,0,0,0
2020-02-03,Lake,033,64148,0,0,0,0,0
2020-02-03,Lassen,035,31185,0,0,0,0,0
2020-02-03,Los Angeles,037,10098052,22,1,0,1,0
2020-02-03,Madera,039,155013,0,0,0,0,0
2020-02-03,Marin,041,260295,0,0,0,0,0
2020-02-03,Mariposa,043,17540,0,0,0,0,0
2020-02-03,Mendocino,045,87422,0,0,0,0,0
2020-02-03,Merced,047,269075,0,0,0,0,0
2020-02-03,Modoc,049,8938,0,0,0,0,0
2020-02-03,Mono,051,14174,0,0,0,0,0
2020-02-03,Monterey,053,433212,1,0,0,0,0
2020-02-03,Napa,055,140530,0,0,0,0,0
2020-02-03,Nevada,057,99092,0,0,0,0,0
2020-02-03,Orange,059,3164182,1,1,0,1,0
2020-02-03,Placer,061,380077,0,0,0,0,0
2020-02-03,Plumas,063,18699,0,0,0,0,0
2020-02-03,Riverside,065,2383286,4,0,0,0,0
2020-02-03,Sacramento,067,1510023,0,0,0,0,0
2020-02-03,San Benito,069,59416,0,2,0,2,0
2020-02-03,San Bernardino,071,2135413,3,0,0,0,0
2020-02-03,San Diego,073,3302833,0,0,0,0,0
2020-02-03,San Francisco,075,870044,1,0,0,0,0
2020-02-03,San Joaquin,077,732212,0,0,1,1,0
2020-02-03,San Luis Obispo,079,281455,0,0,0,0,0
2020-02-03,San Mateo,081,765935,0,0,0,0,0
2020-02-03,Santa Barbara,083,443738,0,0,0,0,0
2020-02-03,Santa Clara,085,1922200,2,2,0,2,0
2020-02-03,Santa Cruz,087,273765,0,0,0,0,0
2020-02-03,Shasta,089,179085,0,0,0,0,0
2020-02-03,Sierra,091,2930,0,0,0,0,0
2020-02-03,Siskiyou,093,43540,0,0,0,0,0
2020-02-03,Solano,095,438530,0,0,0,0,0
2020-02-03,Sonoma,097,501317,0,0,0,0,0
2020-02-03,Stanislaus,099,539301,0,0,0,0,0
2020-02-03,Sutter,101,95872,0,0,0,0,0
2020-02-03,Tehama,103,63373,0,0,0,0,0
2020-02-03,Trinity,105,12862,0,0,0,0,0
2020-02-03,Tulare,107,460477,2,0,0,0,0
2020-02-03,Tuolumne,109,53932,0,0,0,0,0
2020-02-03,Ventura,111,848112,0,0,0,0,0
2020-02-03,Yolo,113,214977,0,0,0,0,0
2020-02-03,Yuba,115,75493,0,0,0,0,0
2020-02-02,Alameda,001,1643700,3,0,0,0,0
2020-02-02,Alpine,002,1148,0,0,0,0,0
2020-02-02,Amador,005,37829,0,0,0,0,0
2020-02-02,Butte,007,227075,0,0,0,0,0
2020-02-02,Calaveras,009,45235,0,0,0,0,0
2020-02-02,Colusa,011,21464,0,0,0,0,0
2020-02-02,Contra Costa,013,1133247,1,0,0,0,0
2020-02-02,Del Norte,015,27424,0,0,0,0,0
2020-02-02,El Dorado,017,186661,0,0,0,0,0
2020-02-02,Fresno,019,978130,0,0,0,0,0
2020-02-02,Glenn,021,27897,0,0,0,0,0
2020-02-02,Humboldt,023,135768,0,0,0,0,0
2020-02-02,Imperial,025,180216,0,0,0,0,0
2020-02-02,Inyo,027,18085,0,0,0,0,0
2020-02-02,Kern,029,883053,0,0,0,0,0
2020-02-02,Kings,031,150075,0,0,0,0,0
2020-02-02,Lake,033,64148,0,0,0,0,0
2020-02-02,Lassen,035,31185,0,0,0,0,0
2020-02-02,Los Angeles,037,10098052,18,1,0,1,0
2020-02-02,Madera,039,155013,0,0,0,0,0
2020-02-02,Marin,041,260295,0,0,0,0,0
2020-02-02,Mariposa,043,17540,0,0,0,0,0
2020-02-02,Mendocino,045,87422,0,0,0,0,0
2020-02-02,Merced,047,269075,0,0,0,0,0
2020-02-02,Modoc,049,8938,0,0,0,0,0
2020-02-02,Mono,051,14174,0,0,0,0,0
2020-02-02,Monterey,053,433212,1,0,0,0,0
2020-02-02,Napa,055,140530,0,0,0,0,0
2020-02-02,Nevada,057,99092,0,0,0,0,0
2020-02-02,Orange,059,3164182,1,1,0,1,0
2020-02-02,Placer,061,380077,0,0,0,0,0
2020-02-02,Plumas,063,18699,0,0,0,0,0
2020-02-02,Riverside,065,2383286,3,0,0,0,0
2020-02-02,Sacramento,067,1510023,0,0,0,0,0
2020-02-02,San Benito,069,59416,0,2,0,2,0
2020-02-02,San Bernardino,071,2135413,2,0,0,0,0
2020-02-02,San Diego,073,3302833,0,0,0,0,0
2020-02-02,San Francisco,075,870044,1,0,0,0,0
2020-02-02,San Joaquin,077,732212,0,0,1,1,0
2020-02-02,San Luis Obispo,079,281455,0,0,0,0,0
2020-02-02,San Mateo,081,765935,0,0,0,0,0
2020-02-02,Santa Barbara,083,443738,0,0,0,0,0
2020-02-02,Santa Clara,085,1922200,2,2,0,2,0
2020-02-02,Santa Cruz,087,273765,0,0,0,0,0
2020-02-02,Shasta,089,179085,0,0,0,0,0
2020-02-02,Sierra,091,2930,0,0,0,0,0
2020-02-02,Siskiyou,093,43540,0,0,0,0,0
2020-02-02,Solano,095,438530,0,0,0,0,0
2020-02-02,Sonoma,097,501317,0,0,0,0,0
2020-02-02,Stanislaus,099,539301,0,0,0,0,0
2020-02-02,Sutter,101,95872,0,0,0,0,0
2020-02-02,Tehama,103,63373,0,0,0,0,0
2020-02-02,Trinity,105,12862,0,0,0,0,0
2020-02-02,Tulare,107,460477,2,0,0,0,0
2020-02-02,Tuolumne,109,53932,0,0,0,0,0
2020-02-02,Ventura,111,848112,0,0,0,0,0
2020-02-02,Yolo,113,214977,0,0,0,0,0
2020-02-02,Yuba,115,75493,0,0,0,0,0
2020-02-01,Alameda,001,1643700,3,0,0,0,0
2020-02-01,Alpine,002,1148,0,0,0,0,0
2020-02-01,Amador,005,37829,0,0,0,0,0
2020-02-01,Butte,007,227075,0,0,0,0,0
2020-02-01,Calaveras,009,45235,0,0,0,0,0
2020-02-01,Colusa,011,21464,0,0,0,0,0
2020-02-01,Contra Costa,013,1133247,0,0,0,0,0
2020-02-01,Del Norte,015,27424,0,0,0,0,0
2020-02-01,El Dorado,017,186661,0,0,0,0,0
2020-02-01,Fresno,019,978130,0,0,0,0,0
2020-02-01,Glenn,021,27897,0,0,0,0,0
2020-02-01,Humboldt,023,135768,0,0,0,0,0
2020-02-01,Imperial,025,180216,0,0,0,0,0
2020-02-01,Inyo,027,18085,0,0,0,0,0
2020-02-01,Kern,029,883053,0,0,0,0,0
2020-02-01,Kings,031,150075,0,0,0,0,0
2020-02-01,Lake,033,64148,0,0,0,0,0
2020-02-01,Lassen,035,31185,0,0,0,0,0
2020-02-01,Los Angeles,037,10098052,14,1,0,1,0
2020-02-01,Madera,039,155013,0,0,0,0,0
2020-02-01,Marin,041,260295,0,0,0,0,0
2020-02-01,Mariposa,043,17540,0,0,0,0,0
2020-02-01,Mendocino,045,87422,0,0,0,0,0
2020-02-01,Merced,047,269075,0,0,0,0,0
2020-02-01,Modoc,049,8938,0,0,0,0,0
2020-02-01,Mono,051,14174,0,0,0,0,0
2020-02-01,Monterey,053,433212,0,0,0,0,0
2020-02-01,Napa,055,140530,0,0,0,0,0
2020-02-01,Nevada,057,99092,0,0,0,0,0
2020-02-01,Orange,059,3164182,1,1,0,1,0
2020-02-01,Placer,061,380077,0,0,0,0,0
2020-02-01,Plumas,063,18699,0,0,0,0,0
2020-02-01,Riverside,065,2383286,2,0,0,0,0
2020-02-01,Sacramento,067,1510023,0,0,0,0,0
2020-02-01,San Benito,069,59416,0,0,0,0,0
2020-02-01,San Bernardino,071,2135413,1,0,0,0,0
2020-02-01,San Diego,073,3302833,0,0,0,0,0
2020-02-01,San Francisco,075,870044,1,0,0,0,0
2020-02-01,San Joaquin,077,732212,0,0,1,1,0
2020-02-01,San Luis Obispo,079,281455,0,0,0,0,0
2020-02-01,San Mateo,081,765935,0,0,0,0,0
2020-02-01,Santa Barbara,083,443738,0,0,0,0,0
2020-02-01,Santa Clara,085,1922200,2,1,0,1,0
2020-02-01,Santa Cruz,087,273765,0,0,0,0,0
2020-02-01,Shasta,089,179085,0,0,0,0,0
2020-02-01,Sierra,091,2930,0,0,0,0,0
2020-02-01,Siskiyou,093,43540,0,0,0,0,0
2020-02-01,Solano,095,438530,0,0,0,0,0
2020-02-01,Sonoma,097,501317,0,0,0,0,0
2020-02-01,Stanislaus,099,539301,0,0,0,0,0
2020-02-01,Sutter,101,95872,0,0,0,0,0
2020-02-01,Tehama,103,63373,0,0,0,0,0
2020-02-01,Trinity,105,12862,0,0,0,0,0
2020-02-01,Tulare,107,460477,1,0,0,0,0
2020-02-01,Tuolumne,109,53932,0,0,0,0,0
2020-02-01,Ventura,111,848112,0,0,0,0,0
2020-02-01,Yolo,113,214977,0,0,0,0,0
2020-02-01,Yuba,115,75493,0,0,0,0,0
