date,county,fips,population,confirmed_cases,reported_cases,probable_cases,reported_and_probable_cases,reported_deaths
2022-01-10,Alameda,001,1643700,165652,165657,4776,170433,1559
2022-01-10,Alpine,003,1148,116,116,0,116,0
2022-01-10,Amador,005,37829,6277,6279,92,6371,71
2022-01-10,Butte,007,227075,24221,24217,4354,28571,347
2022-01-10,Calaveras,009,45235,5027,5025,92,5117,93
2022-01-10,Colusa,011,21464,2757,2758,743,3501,21
2022-01-10,Contra Costa,013,1133247,129956,129951,3234,133185,1077
2022-01-10,Del Norte,015,27424,3971,3970,68,4038,43
2022-01-10,El Dorado,017,186661,19605,19606,2048,21654,172
2022-01-10,Fresno,019,978130,161592,161593,13470,175063,2404
2022-01-10,Glenn,021,27897,3807,3807,1122,4929,39
2022-01-10,Humboldt,023,135768,11777,11778,963,12741,121
2022-01-10,Imperial,025,180216,41077,41080,4671,45751,811
2022-01-10,Inyo,027,18085,3227,3227,54,3281,49
2022-01-10,Kern,029,883053,145750,145744,26137,171881,1929
2022-01-10,Kings,031,150075,36285,36286,2278,38564,389
2022-01-10,Lake,033,64148,7417,7416,197,7613,117
2022-01-10,Lassen,035,31185,7192,7192,458,7650,55
2022-01-10,Los Angeles,037,10098052,1932298,1932475,73736,2006211,27546
2022-01-10,Madera,039,155013,26499,26501,2448,28949,328
2022-01-10,Marin,041,260295,24018,24023,1001,25024,251
2022-01-10,Mariposa,043,17540,1684,1684,59,1743,6
2022-01-10,Mendocino,045,87422,9163,9163,760,9923,101
2022-01-10,Merced,047,269075,47632,47632,2260,49892,707
2022-01-10,Modoc,049,8938,622,622,214,836,6
2022-01-10,Mono,051,14174,2415,2415,33,2448,4
2022-01-10,Monterey,053,433212,53485,53485,5885,59370,645
2022-01-10,Napa,055,140530,16772,16775,214,16989,109
2022-01-10,Nevada,057,99092,11295,11300,409,11709,110
2022-01-10,Orange,059,3164182,406170,406170,22062,428232,5906
2022-01-10,Placer,061,380077,45638,45642,4452,50094,498
2022-01-10,Plumas,063,18699,2086,2086,69,2155,12
2022-01-10,Riverside,065,2383286,445518,445536,18494,464030,5546
2022-01-10,Sacramento,067,1510023,198025,198023,7229,205252,2474
2022-01-10,San Benito,069,59416,9465,9467,249,9716,83
2022-01-10,San Bernardino,071,2135413,437172,437207,13382,450589,6184
2022-01-10,San Diego,073,3302833,530506,530506,26111,556617,4500
2022-01-10,San Francisco,075,870044,82202,82209,4489,86698,690
2022-01-10,San Joaquin,077,732212,119580,119587,6459,126046,1927
2022-01-10,San Luis Obispo,079,281455,36605,36618,1698,38316,371
2022-01-10,San Mateo,081,765935,75205,75210,4545,79755,582
2022-01-10,Santa Barbara,083,443738,58953,58957,1957,60914,578
2022-01-10,Santa Clara,085,1922200,203527,203540,2679,206219,1971
2022-01-10,Santa Cruz,087,273765,26904,26906,1295,28201,232
2022-01-10,Shasta,089,179085,23981,23983,3950,27933,446
2022-01-10,Sierra,091,2930,223,223,23,246,0
2022-01-10,Siskiyou,093,43540,3592,3592,1515,5107,62
2022-01-10,Solano,095,438530,55653,55663,1711,57374,385
2022-01-10,Sonoma,097,501317,54475,54478,748,55226,412
2022-01-10,Stanislaus,099,539301,89980,89997,10000,99997,1372
2022-01-10,Sutter,101,95872,15818,15823,467,16290,196
2022-01-10,Tehama,103,63373,9361,9360,1665,11025,140
2022-01-10,Trinity,105,12862,849,849,213,1062,19
2022-01-10,Tulare,107,460477,75500,75498,18375,93873,1186
2022-01-10,Tuolumne,109,53932,8684,8685,126,8811,91
2022-01-10,Ventura,111,848112,126243,126240,5217,131457,1217
2022-01-10,Yolo,113,214977,26065,26065,1646,27711,270
2022-01-10,Yuba,115,75493,11774,11776,474,12250,101
2022-01-09,Alameda,001,1643700,165652,162701,4776,167477,1561
2022-01-09,Alpine,003,1148,116,116,0,116,0
2022-01-09,Amador,005,37829,6277,6215,92,6307,71
2022-01-09,Butte,007,227075,24221,24018,4354,28372,347
2022-01-09,Calaveras,009,45235,5027,4976,92,5068,93
2022-01-09,Colusa,011,21464,2757,2750,743,3493,21
2022-01-09,Contra Costa,013,1133247,129956,128050,3234,131284,1077
2022-01-09,Del Norte,015,27424,3971,3950,68,4018,43
2022-01-09,El Dorado,017,186661,19605,19430,2048,21478,172
2022-01-09,Fresno,019,978130,161592,159989,13470,173459,2405
2022-01-09,Glenn,021,27897,3807,3797,1122,4919,39
2022-01-09,Humboldt,023,135768,11777,11582,963,12545,121
2022-01-09,Imperial,025,180216,41077,40608,4671,45279,811
2022-01-09,Inyo,027,18085,3227,3149,54,3203,49
2022-01-09,Kern,029,883053,145750,144819,26137,170956,1927
2022-01-09,Kings,031,150075,36285,36041,2278,38319,389
2022-01-09,Lake,033,64148,7417,7393,197,7590,117
2022-01-09,Lassen,035,31185,7192,7172,458,7630,55
2022-01-09,Los Angeles,037,10098052,1932298,1887830,73736,1961566,27532
2022-01-09,Madera,039,155013,26499,26325,2448,28773,328
2022-01-09,Marin,041,260295,24018,23708,1001,24709,251
2022-01-09,Mariposa,043,17540,1684,1660,59,1719,6
2022-01-09,Mendocino,045,87422,9163,9097,760,9857,101
2022-01-09,Merced,047,269075,47632,47294,2260,49554,706
2022-01-09,Modoc,049,8938,622,619,214,833,6
2022-01-09,Mono,051,14174,2415,2390,33,2423,4
2022-01-09,Monterey,053,433212,53485,53251,5885,59136,645
2022-01-09,Napa,055,140530,16772,16614,214,16828,109
2022-01-09,Nevada,057,99092,11295,11152,409,11561,110
2022-01-09,Orange,059,3164182,406170,400563,22062,422625,5905
2022-01-09,Placer,061,380077,45638,45081,4452,49533,498
2022-01-09,Plumas,063,18699,2086,2081,69,2150,12
2022-01-09,Riverside,065,2383286,445518,440413,18494,458907,5546
2022-01-09,Sacramento,067,1510023,198025,195444,7229,202673,2475
2022-01-09,San Benito,069,59416,9465,9363,249,9612,83
2022-01-09,San Bernardino,071,2135413,437172,430257,13382,443639,6180
2022-01-09,San Diego,073,3302833,530506,478206,26111,504317,4500
2022-01-09,San Francisco,075,870044,82202,80463,4489,84952,690
2022-01-09,San Joaquin,077,732212,119580,118422,6459,124881,1927
2022-01-09,San Luis Obispo,079,281455,36605,36291,1698,37989,371
2022-01-09,San Mateo,081,765935,75205,73867,4545,78412,582
2022-01-09,Santa Barbara,083,443738,58953,58280,1957,60237,578
2022-01-09,Santa Clara,085,1922200,203527,199889,2679,202568,1976
2022-01-09,Santa Cruz,087,273765,26904,26513,1295,27808,232
2022-01-09,Shasta,089,179085,23981,23926,3950,27876,446
2022-01-09,Sierra,091,2930,223,223,23,246,0
2022-01-09,Siskiyou,093,43540,3592,3580,1515,5095,62
2022-01-09,Solano,095,438530,55653,54985,1711,56696,384
2022-01-09,Sonoma,097,501317,54475,53543,748,54291,412
2022-01-09,Stanislaus,099,539301,89980,89248,10000,99248,1372
2022-01-09,Sutter,101,95872,15818,15695,467,16162,196
2022-01-09,Tehama,103,63373,9361,9306,1665,10971,140
2022-01-09,Trinity,105,12862,849,848,213,1061,19
2022-01-09,Tulare,107,460477,75500,75085,18375,93460,1186
2022-01-09,Tuolumne,109,53932,8684,8595,126,8721,91
2022-01-09,Ventura,111,848112,126243,124269,5217,129486,1217
2022-01-09,Yolo,113,214977,26065,25632,1646,27278,270
2022-01-09,Yuba,115,75493,11774,11666,474,12140,101
2022-01-08,Alameda,001,1643700,165505,148560,4776,153336,1558
2022-01-08,Alpine,003,1148,116,114,0,114,0
2022-01-08,Amador,005,37829,6267,6091,92,6183,71
2022-01-08,Butte,007,227075,24202,23429,4354,27783,347
2022-01-08,Calaveras,009,45235,5025,4823,92,4915,93
2022-01-08,Colusa,011,21464,2753,2713,743,3456,21
2022-01-08,Contra Costa,013,1133247,129854,119907,3234,123141,1077
2022-01-08,Del Norte,015,27424,3971,3902,68,3970,43
2022-01-08,El Dorado,017,186661,19597,18599,2048,20647,172
2022-01-08,Fresno,019,978130,161464,155394,13470,168864,2393
2022-01-08,Glenn,021,27897,3806,3732,1122,4854,39
2022-01-08,Humboldt,023,135768,11774,11149,963,12112,121
2022-01-08,Imperial,025,180216,41055,39429,4671,44100,800
2022-01-08,Inyo,027,18085,3225,3020,54,3074,49
2022-01-08,Kern,029,883053,145687,140410,26137,166547,1921
2022-01-08,Kings,031,150075,36237,35275,2278,37553,390
2022-01-08,Lake,033,64148,7406,7209,197,7406,117
2022-01-08,Lassen,035,31185,7192,7127,458,7585,55
2022-01-08,Los Angeles,037,10098052,1931879,1765787,73736,1839523,27476
2022-01-08,Madera,039,155013,26492,25767,2448,28215,328
2022-01-08,Marin,041,260295,23989,22377,1001,23378,251
2022-01-08,Mariposa,043,17540,1684,1588,59,1647,6
2022-01-08,Mendocino,045,87422,9161,8792,760,9552,101
2022-01-08,Merced,047,269075,47611,46094,2260,48354,703
2022-01-08,Modoc,049,8938,622,610,214,824,6
2022-01-08,Mono,051,14174,2414,2240,33,2273,4
2022-01-08,Monterey,053,433212,53455,51721,5885,57606,644
2022-01-08,Napa,055,140530,16766,15819,214,16033,109
2022-01-08,Nevada,057,99092,11293,10765,409,11174,110
2022-01-08,Orange,059,3164182,405782,375124,22062,397186,5903
2022-01-08,Placer,061,380077,45590,43172,4452,47624,495
2022-01-08,Plumas,063,18699,2084,2053,69,2122,12
2022-01-08,Riverside,065,2383286,445367,422591,18494,441085,5535
2022-01-08,Sacramento,067,1510023,197864,185118,7229,192347,2470
2022-01-08,San Benito,069,59416,9455,9016,249,9265,83
2022-01-08,San Bernardino,071,2135413,436976,411724,13382,425106,6122
2022-01-08,San Diego,073,3302833,530131,472273,26111,498384,4495
2022-01-08,San Francisco,075,870044,82085,73660,4489,78149,690
2022-01-08,San Joaquin,077,732212,119437,112514,6459,118973,1916
2022-01-08,San Luis Obispo,079,281455,36587,34489,1698,36187,369
2022-01-08,San Mateo,081,765935,75128,67918,4545,72463,582
2022-01-08,Santa Barbara,083,443738,58887,54617,1957,56574,575
2022-01-08,Santa Clara,085,1922200,203284,183842,2679,186521,1966
2022-01-08,Santa Cruz,087,273765,26893,24678,1295,25973,230
2022-01-08,Shasta,089,179085,23980,23585,3950,27535,445
2022-01-08,Sierra,091,2930,223,215,23,238,0
2022-01-08,Siskiyou,093,43540,3588,3545,1515,5060,62
2022-01-08,Solano,095,438530,55612,52452,1711,54163,383
2022-01-08,Sonoma,097,501317,54427,50130,748,50878,411
2022-01-08,Stanislaus,099,539301,89885,87049,10000,97049,1372
2022-01-08,Sutter,101,95872,15745,15261,467,15728,195
2022-01-08,Tehama,103,63373,9359,9109,1665,10774,140
2022-01-08,Trinity,105,12862,849,836,213,1049,19
2022-01-08,Tulare,107,460477,75444,73600,18375,91975,1185
2022-01-08,Tuolumne,109,53932,8671,8360,126,8486,91
2022-01-08,Ventura,111,848112,126124,117229,5217,122446,1216
2022-01-08,Yolo,113,214977,26052,24006,1646,25652,270
2022-01-08,Yuba,115,75493,11725,11277,474,11751,101
2022-01-07,Alameda,001,1643700,165052,148560,4776,153336,1558
2022-01-07,Alpine,003,1148,116,114,0,114,0
2022-01-07,Amador,005,37829,6257,6091,92,6183,71
2022-01-07,Butte,007,227075,24189,23429,4354,27783,347
2022-01-07,Calaveras,009,45235,5014,4823,92,4915,93
2022-01-07,Colusa,011,21464,2748,2713,743,3456,21
2022-01-07,Contra Costa,013,1133247,129527,119907,3234,123141,1077
2022-01-07,Del Norte,015,27424,3969,3902,68,3970,43
2022-01-07,El Dorado,017,186661,19561,18599,2048,20647,172
2022-01-07,Fresno,019,978130,161212,155394,13470,168864,2393
2022-01-07,Glenn,021,27897,3804,3732,1122,4854,39
2022-01-07,Humboldt,023,135768,11761,11149,963,12112,121
2022-01-07,Imperial,025,180216,41004,39429,4671,44100,800
2022-01-07,Inyo,027,18085,3210,3020,54,3074,49
2022-01-07,Kern,029,883053,145547,140410,26137,166547,1921
2022-01-07,Kings,031,150075,36187,35275,2278,37553,390
2022-01-07,Lake,033,64148,7399,7209,197,7406,117
2022-01-07,Lassen,035,31185,7191,7127,458,7585,55
2022-01-07,Los Angeles,037,10098052,1923942,1765787,73736,1839523,27476
2022-01-07,Madera,039,155013,26461,25767,2448,28215,328
2022-01-07,Marin,041,260295,23926,22377,1001,23378,251
2022-01-07,Mariposa,043,17540,1684,1588,59,1647,6
2022-01-07,Mendocino,045,87422,9151,8792,760,9552,101
2022-01-07,Merced,047,269075,47583,46094,2260,48354,703
2022-01-07,Modoc,049,8938,621,610,214,824,6
2022-01-07,Mono,051,14174,2410,2240,33,2273,4
2022-01-07,Monterey,053,433212,53345,51721,5885,57606,644
2022-01-07,Napa,055,140530,16737,15819,214,16033,109
2022-01-07,Nevada,057,99092,11283,10765,409,11174,110
2022-01-07,Orange,059,3164182,404366,375124,22062,397186,5903
2022-01-07,Placer,061,380077,45467,43172,4452,47624,495
2022-01-07,Plumas,063,18699,2081,2053,69,2122,12
2022-01-07,Riverside,065,2383286,444782,422591,18494,441085,5535
2022-01-07,Sacramento,067,1510023,197376,185118,7229,192347,2470
2022-01-07,San Benito,069,59416,9443,9016,249,9265,83
2022-01-07,San Bernardino,071,2135413,436266,411724,13382,425106,6122
2022-01-07,San Diego,073,3302833,528014,472273,26111,498384,4495
2022-01-07,San Francisco,075,870044,81473,73660,4489,78149,690
2022-01-07,San Joaquin,077,732212,119188,112514,6459,118973,1916
2022-01-07,San Luis Obispo,079,281455,36540,34489,1698,36187,369
2022-01-07,San Mateo,081,765935,74726,67918,4545,72463,582
2022-01-07,Santa Barbara,083,443738,58633,54617,1957,56574,575
2022-01-07,Santa Clara,085,1922200,202242,183842,2679,186521,1966
2022-01-07,Santa Cruz,087,273765,26870,24678,1295,25973,230
2022-01-07,Shasta,089,179085,23980,23585,3950,27535,445
2022-01-07,Sierra,091,2930,223,215,23,238,0
2022-01-07,Siskiyou,093,43540,3586,3545,1515,5060,62
2022-01-07,Solano,095,438530,55489,52452,1711,54163,383
2022-01-07,Sonoma,097,501317,54355,50130,748,50878,411
2022-01-07,Stanislaus,099,539301,89745,87049,10000,97049,1372
2022-01-07,Sutter,101,95872,15668,15261,467,15728,195
2022-01-07,Tehama,103,63373,9356,9109,1665,10774,140
2022-01-07,Trinity,105,12862,849,836,213,1049,19
2022-01-07,Tulare,107,460477,75346,73600,18375,91975,1185
2022-01-07,Tuolumne,109,53932,8648,8360,126,8486,91
2022-01-07,Ventura,111,848112,125841,117229,5217,122446,1216
2022-01-07,Yolo,113,214977,25870,24006,1646,25652,270
2022-01-07,Yuba,115,75493,11688,11277,474,11751,101
2022-01-06,Alameda,001,1643700,163703,148560,4776,153336,1558
2022-01-06,Alpine,003,1148,116,114,0,114,0
2022-01-06,Amador,005,37829,6239,6091,92,6183,71
2022-01-06,Butte,007,227075,24153,23429,4354,27783,347
2022-01-06,Calaveras,009,45235,4978,4823,92,4915,93
2022-01-06,Colusa,011,21464,2736,2713,743,3456,21
2022-01-06,Contra Costa,013,1133247,128299,119907,3234,123141,1077
2022-01-06,Del Norte,015,27424,3960,3902,68,3970,43
2022-01-06,El Dorado,017,186661,19440,18599,2048,20647,172
2022-01-06,Fresno,019,978130,160595,155394,13470,168864,2393
2022-01-06,Glenn,021,27897,3797,3732,1122,4854,39
2022-01-06,Humboldt,023,135768,11732,11149,963,12112,121
2022-01-06,Imperial,025,180216,40826,39429,4671,44100,800
2022-01-06,Inyo,027,18085,3194,3020,54,3074,49
2022-01-06,Kern,029,883053,145043,140410,26137,166547,1921
2022-01-06,Kings,031,150075,36091,35275,2278,37553,390
2022-01-06,Lake,033,64148,7387,7209,197,7406,117
2022-01-06,Lassen,035,31185,7184,7127,458,7585,55
2022-01-06,Los Angeles,037,10098052,1903316,1765787,73736,1839523,27476
2022-01-06,Madera,039,155013,26393,25767,2448,28215,328
2022-01-06,Marin,041,260295,23820,22377,1001,23378,251
2022-01-06,Mariposa,043,17540,1684,1588,59,1647,6
2022-01-06,Mendocino,045,87422,9122,8792,760,9552,101
2022-01-06,Merced,047,269075,47505,46094,2260,48354,703
2022-01-06,Modoc,049,8938,620,610,214,824,6
2022-01-06,Mono,051,14174,2408,2240,33,2273,4
2022-01-06,Monterey,053,433212,53126,51721,5885,57606,644
2022-01-06,Napa,055,140530,16679,15819,214,16033,109
2022-01-06,Nevada,057,99092,11238,10765,409,11174,110
2022-01-06,Orange,059,3164182,400923,375124,22062,397186,5903
2022-01-06,Placer,061,380077,45203,43172,4452,47624,495
2022-01-06,Plumas,063,18699,2075,2053,69,2122,12
2022-01-06,Riverside,065,2383286,443305,422591,18494,441085,5535
2022-01-06,Sacramento,067,1510023,196107,185118,7229,192347,2470
2022-01-06,San Benito,069,59416,9388,9016,249,9265,83
2022-01-06,San Bernardino,071,2135413,434109,411724,13382,425106,6122
2022-01-06,San Diego,073,3302833,522725,472273,26111,498384,4495
2022-01-06,San Francisco,075,870044,80703,73660,4489,78149,690
2022-01-06,San Joaquin,077,732212,118795,112514,6459,118973,1916
2022-01-06,San Luis Obispo,079,281455,36405,34489,1698,36187,369
2022-01-06,San Mateo,081,765935,73920,67918,4545,72463,582
2022-01-06,Santa Barbara,083,443738,58024,54617,1957,56574,575
2022-01-06,Santa Clara,085,1922200,200051,183842,2679,186521,1966
2022-01-06,Santa Cruz,087,273765,26806,24678,1295,25973,230
2022-01-06,Shasta,089,179085,23947,23585,3950,27535,445
2022-01-06,Sierra,091,2930,223,215,23,238,0
2022-01-06,Siskiyou,093,43540,3578,3545,1515,5060,62
2022-01-06,Solano,095,438530,55173,52452,1711,54163,383
2022-01-06,Sonoma,097,501317,54130,50130,748,50878,411
2022-01-06,Stanislaus,099,539301,89446,87049,10000,97049,1372
2022-01-06,Sutter,101,95872,15596,15261,467,15728,195
2022-01-06,Tehama,103,63373,9328,9109,1665,10774,140
2022-01-06,Trinity,105,12862,849,836,213,1049,19
2022-01-06,Tulare,107,460477,75163,73600,18375,91975,1185
2022-01-06,Tuolumne,109,53932,8616,8360,126,8486,91
2022-01-06,Ventura,111,848112,125114,117229,5217,122446,1216
2022-01-06,Yolo,113,214977,25469,24006,1646,25652,270
2022-01-06,Yuba,115,75493,11606,11277,474,11751,101
2022-01-05,Alameda,001,1643700,160597,144824,4776,149600,1548
2022-01-05,Alpine,003,1148,116,112,0,112,0
2022-01-05,Amador,005,37829,6216,6012,92,6104,70
2022-01-05,Butte,007,227075,24082,23134,4354,27488,343
2022-01-05,Calaveras,009,45235,4956,4758,92,4850,90
2022-01-05,Colusa,011,21464,2729,2704,743,3447,21
2022-01-05,Contra Costa,013,1133247,126339,117188,3234,120422,1071
2022-01-05,Del Norte,015,27424,3945,3862,68,3930,43
2022-01-05,El Dorado,017,186661,19275,18367,2048,20415,171
2022-01-05,Fresno,019,978130,159381,153033,13470,166503,2377
2022-01-05,Glenn,021,27897,3786,3700,1122,4822,39
2022-01-05,Humboldt,023,135768,11681,10938,963,11901,120
2022-01-05,Imperial,025,180216,40502,38789,4671,43460,800
2022-01-05,Inyo,027,18085,3112,2939,54,2993,49
2022-01-05,Kern,029,883053,144209,138186,26137,164323,1913
2022-01-05,Kings,031,150075,35941,34893,2278,37171,387
2022-01-05,Lake,033,64148,7362,7129,197,7326,117
2022-01-05,Lassen,035,31185,7174,7077,458,7535,55
2022-01-05,Los Angeles,037,10098052,1877425,1729640,73736,1803376,27443
2022-01-05,Madera,039,155013,26267,25392,2448,27840,327
2022-01-05,Marin,041,260295,23634,21829,1001,22830,251
2022-01-05,Mariposa,043,17540,1677,1564,59,1623,6
2022-01-05,Mendocino,045,87422,9098,8625,760,9385,101
2022-01-05,Merced,047,269075,47363,45721,2260,47981,700
2022-01-05,Modoc,049,8938,619,603,214,817,6
2022-01-05,Mono,051,14174,2398,2201,33,2234,4
2022-01-05,Monterey,053,433212,52791,51241,5885,57126,639
2022-01-05,Napa,055,140530,16551,15494,214,15708,108
2022-01-05,Nevada,057,99092,11188,10624,409,11033,110
2022-01-05,Orange,059,3164182,395495,366139,22062,388201,5869
2022-01-05,Placer,061,380077,44740,42456,4452,46908,492
2022-01-05,Plumas,063,18699,2063,2020,69,2089,12
2022-01-05,Riverside,065,2383286,439416,415253,18494,433747,5502
2022-01-05,Sacramento,067,1510023,193643,181488,7229,188717,2455
2022-01-05,San Benito,069,59416,9326,8829,249,9078,83
2022-01-05,San Bernardino,071,2135413,429176,405323,13382,418705,6085
2022-01-05,San Diego,073,3302833,514204,466602,26111,492713,4495
2022-01-05,San Francisco,075,870044,79553,71405,4489,75894,686
2022-01-05,San Joaquin,077,732212,116981,110497,6459,116956,1903
2022-01-05,San Luis Obispo,079,281455,36043,34066,1698,35764,369
2022-01-05,San Mateo,081,765935,72673,66018,4545,70563,578
2022-01-05,Santa Barbara,083,443738,57077,53082,1957,55039,570
2022-01-05,Santa Clara,085,1922200,196248,178629,2679,181308,1961
2022-01-05,Santa Cruz,087,273765,26534,24394,1295,25689,229
2022-01-05,Shasta,089,179085,23877,23361,3950,27311,441
2022-01-05,Sierra,091,2930,221,210,23,233,0
2022-01-05,Siskiyou,093,43540,3572,3513,1515,5028,60
2022-01-05,Solano,095,438530,54609,51505,1711,53216,380
2022-01-05,Sonoma,097,501317,53572,49120,748,49868,412
2022-01-05,Stanislaus,099,539301,89064,86248,10000,96248,1360
2022-01-05,Sutter,101,95872,15507,15117,467,15584,193
2022-01-05,Tehama,103,63373,9294,9011,1665,10676,140
2022-01-05,Trinity,105,12862,849,822,213,1035,19
2022-01-05,Tulare,107,460477,74850,72718,18375,91093,1173
2022-01-05,Tuolumne,109,53932,8587,8223,126,8349,90
2022-01-05,Ventura,111,848112,123450,114752,5217,119969,1211
2022-01-05,Yolo,113,214977,24991,23401,1646,25047,269
2022-01-05,Yuba,115,75493,11522,11138,474,11612,100
2022-01-04,Alameda,001,1643700,155483,143360,4776,148136,1532
2022-01-04,Alpine,003,1148,116,113,0,113,0
2022-01-04,Amador,005,37829,6156,6025,92,6117,71
2022-01-04,Butte,007,227075,23846,23094,4354,27448,346
2022-01-04,Calaveras,009,45235,4899,4767,92,4859,93
2022-01-04,Colusa,011,21464,2719,2689,743,3432,21
2022-01-04,Contra Costa,013,1133247,123622,116005,3234,119239,1075
2022-01-04,Del Norte,015,27424,3926,3882,68,3950,43
2022-01-04,El Dorado,017,186661,19020,18339,2048,20387,172
2022-01-04,Fresno,019,978130,157475,153244,13470,166714,2380
2022-01-04,Glenn,021,27897,3761,3705,1122,4827,39
2022-01-04,Humboldt,023,135768,11464,10865,963,11828,120
2022-01-04,Imperial,025,180216,40019,38596,4671,43267,800
2022-01-04,Inyo,027,18085,3027,2870,54,2924,49
2022-01-04,Kern,029,883053,142854,138245,26137,164382,1916
2022-01-04,Kings,031,150075,35678,34931,2278,37209,388
2022-01-04,Lake,033,64148,7336,7152,197,7349,117
2022-01-04,Lassen,035,31185,7158,7111,458,7569,55
2022-01-04,Los Angeles,037,10098052,1835511,1705253,73736,1778989,27419
2022-01-04,Madera,039,155013,26035,25425,2448,27873,328
2022-01-04,Marin,041,260295,23160,21675,1001,22676,251
2022-01-04,Mariposa,043,17540,1644,1564,59,1623,6
2022-01-04,Mendocino,045,87422,9007,8636,760,9396,101
2022-01-04,Merced,047,269075,46852,45583,2260,47843,700
2022-01-04,Modoc,049,8938,615,611,214,825,6
2022-01-04,Mono,051,14174,2342,2190,33,2223,4
2022-01-04,Monterey,053,433212,52329,51176,5885,57061,643
2022-01-04,Napa,055,140530,16206,15370,214,15584,107
2022-01-04,Nevada,057,99092,11046,10608,409,11017,110
2022-01-04,Orange,059,3164182,388150,362051,22062,384113,5897
2022-01-04,Placer,061,380077,44081,42285,4452,46737,494
2022-01-04,Plumas,063,18699,2057,2014,69,2083,12
2022-01-04,Riverside,065,2383286,433525,413366,18494,431860,5504
2022-01-04,Sacramento,067,1510023,190035,181271,7229,188500,2453
2022-01-04,San Benito,069,59416,9161,8763,249,9012,79
2022-01-04,San Bernardino,071,2135413,422615,404409,13382,417791,6060
2022-01-04,San Diego,073,3302833,502003,458499,26111,484610,4487
2022-01-04,San Francisco,075,870044,77031,70666,4489,75155,688
2022-01-04,San Joaquin,077,732212,114819,110374,6459,116833,1911
2022-01-04,San Luis Obispo,079,281455,35362,33788,1698,35486,371
2022-01-04,San Mateo,081,765935,70661,65157,4545,69702,582
2022-01-04,Santa Barbara,083,443738,55754,52449,1957,54406,574
2022-01-04,Santa Clara,085,1922200,190657,176854,2679,179533,1964
2022-01-04,Santa Cruz,087,273765,25815,23904,1295,25199,228
2022-01-04,Shasta,089,179085,23781,23366,3950,27316,442
2022-01-04,Sierra,091,2930,221,214,23,237,0
2022-01-04,Siskiyou,093,43540,3563,3509,1515,5024,61
2022-01-04,Solano,095,438530,53539,51300,1711,53011,383
2022-01-04,Sonoma,097,501317,52099,48653,748,49401,410
2022-01-04,Stanislaus,099,539301,88153,86107,10000,96107,1361
2022-01-04,Sutter,101,95872,15378,15032,467,15499,193
2022-01-04,Tehama,103,63373,9225,9020,1665,10685,140
2022-01-04,Trinity,105,12862,847,833,213,1046,18
2022-01-04,Tulare,107,460477,74345,72893,18375,91268,1172
2022-01-04,Tuolumne,109,53932,8514,8235,126,8361,91
2022-01-04,Ventura,111,848112,121025,114079,5217,119296,1213
2022-01-04,Yolo,113,214977,24450,22938,1646,24584,270
2022-01-04,Yuba,115,75493,11365,11104,474,11578,101
2022-01-03,Alameda,001,1643700,149811,142090,4775,146865,1529
2022-01-03,Alpine,003,1148,115,113,0,113,0
2022-01-03,Amador,005,37829,6115,6004,92,6096,71
2022-01-03,Butte,007,227075,23545,22924,4353,27277,345
2022-01-03,Calaveras,009,45235,4846,4742,92,4834,93
2022-01-03,Colusa,011,21464,2713,2683,739,3422,21
2022-01-03,Contra Costa,013,1133247,120532,114966,3234,118200,1073
2022-01-03,Del Norte,015,27424,3914,3873,68,3941,43
2022-01-03,El Dorado,017,186661,18747,18183,2042,20225,172
2022-01-03,Fresno,019,978130,155584,152674,13470,166144,2379
2022-01-03,Glenn,021,27897,3735,3703,1082,4785,39
2022-01-03,Humboldt,023,135768,11262,10784,963,11747,119
2022-01-03,Imperial,025,180216,39435,38411,4671,43082,800
2022-01-03,Inyo,027,18085,2975,2845,54,2899,49
2022-01-03,Kern,029,883053,141311,137773,26136,163909,1916
2022-01-03,Kings,031,150075,35427,34817,2269,37086,387
2022-01-03,Lake,033,64148,7235,7134,197,7331,117
2022-01-03,Lassen,035,31185,7144,7103,458,7561,55
2022-01-03,Los Angeles,037,10098052,1787213,1686203,73339,1759542,27394
2022-01-03,Madera,039,155013,25808,25323,2448,27771,320
2022-01-03,Marin,041,260295,22624,21532,979,22511,251
2022-01-03,Mariposa,043,17540,1602,1559,59,1618,6
2022-01-03,Mendocino,045,87422,8835,8573,760,9333,101
2022-01-03,Merced,047,269075,46304,45459,2228,47687,696
2022-01-03,Modoc,049,8938,611,602,214,816,6
2022-01-03,Mono,051,14174,2228,2172,31,2203,4
2022-01-03,Monterey,053,433212,51799,51047,5885,56932,644
2022-01-03,Napa,055,140530,15870,15260,213,15473,107
2022-01-03,Nevada,057,99092,10898,10572,408,10980,110
2022-01-03,Orange,059,3164182,378710,358052,22062,380114,5894
2022-01-03,Placer,061,380077,43373,42054,4452,46506,489
2022-01-03,Plumas,063,18699,2045,2005,69,2074,12
2022-01-03,Riverside,065,2383286,425909,410155,18494,428649,5504
2022-01-03,Sacramento,067,1510023,185804,179992,7228,187220,2452
2022-01-03,San Benito,069,59416,9005,8688,249,8937,79
2022-01-03,San Bernardino,071,2135413,415288,401938,13374,415312,6056
2022-01-03,San Diego,073,3302833,486700,451154,26096,477250,4476
2022-01-03,San Francisco,075,870044,74536,69315,4489,73804,686
2022-01-03,San Joaquin,077,732212,112833,109757,6459,116216,1903
2022-01-03,San Luis Obispo,079,281455,34640,33667,1694,35361,367
2022-01-03,San Mateo,081,765935,68551,64470,4545,69015,582
2022-01-03,Santa Barbara,083,443738,54452,51912,1957,53869,571
2022-01-03,Santa Clara,085,1922200,185459,174215,2679,176894,1963
2022-01-03,Santa Cruz,087,273765,25064,23765,1295,25060,228
2022-01-03,Shasta,089,179085,23654,23301,3949,27250,440
2022-01-03,Sierra,091,2930,216,213,23,236,0
2022-01-03,Siskiyou,093,43540,3545,3500,1492,4992,61
2022-01-03,Solano,095,438530,52421,51030,1711,52741,380
2022-01-03,Sonoma,097,501317,50496,48391,745,49136,410
2022-01-03,Stanislaus,099,539301,87280,85793,9979,95772,1332
2022-01-03,Sutter,101,95872,15249,14973,446,15419,193
2022-01-03,Tehama,103,63373,9156,9005,1663,10668,140
2022-01-03,Trinity,105,12862,845,833,213,1046,18
2022-01-03,Tulare,107,460477,73819,72664,18368,91032,1167
2022-01-03,Tuolumne,109,53932,8421,8179,126,8305,91
2022-01-03,Ventura,111,848112,118649,112762,5217,117979,1211
2022-01-03,Yolo,113,214977,23893,22563,1644,24207,270
2022-01-03,Yuba,115,75493,11255,11037,455,11492,99
2022-01-02,Alameda,001,1643700,145889,133486,4423,137909,1528
2022-01-02,Alpine,003,1148,114,113,0,113,0
2022-01-02,Amador,005,37829,6066,5913,89,6002,70
2022-01-02,Butte,007,227075,23286,22469,4294,26763,341
2022-01-02,Calaveras,009,45235,4798,4668,76,4744,93
2022-01-02,Colusa,011,21464,2708,2659,730,3389,21
2022-01-02,Contra Costa,013,1133247,117783,109593,3124,112717,1073
2022-01-02,Del Norte,015,27424,3893,3841,60,3901,43
2022-01-02,El Dorado,017,186661,18503,17621,2009,19630,172
2022-01-02,Fresno,019,978130,153972,149927,13390,163317,2379
2022-01-02,Glenn,021,27897,3709,3663,1073,4736,39
2022-01-02,Humboldt,023,135768,11086,10381,898,11279,119
2022-01-02,Imperial,025,180216,38776,37672,4575,42247,800
2022-01-02,Inyo,027,18085,2920,2726,39,2765,49
2022-01-02,Kern,029,883053,139775,136123,26080,162203,1917
2022-01-02,Kings,031,150075,35193,34318,2254,36572,386
2022-01-02,Lake,033,64148,7177,7060,196,7256,117
2022-01-02,Lassen,035,31185,7136,7089,456,7545,55
2022-01-02,Los Angeles,037,10098052,1742500,1596123,72079,1668202,27371
2022-01-02,Madera,039,155013,25607,25002,2412,27414,320
2022-01-02,Marin,041,260295,22205,20475,905,21380,249
2022-01-02,Mariposa,043,17540,1579,1509,57,1566,6
2022-01-02,Mendocino,045,87422,8732,8422,738,9160,101
2022-01-02,Merced,047,269075,45812,44769,2188,46957,694
2022-01-02,Modoc,049,8938,610,601,212,813,6
2022-01-02,Mono,051,14174,2205,2101,29,2130,4
2022-01-02,Monterey,053,433212,51431,50251,5723,55974,643
2022-01-02,Napa,055,140530,15580,14439,205,14644,107
2022-01-02,Nevada,057,99092,10751,10299,395,10694,110
2022-01-02,Orange,059,3164182,369385,339526,21496,361022,5890
2022-01-02,Placer,061,380077,42799,40857,4415,45272,489
2022-01-02,Plumas,063,18699,2035,1994,64,2058,12
2022-01-02,Riverside,065,2383286,418755,397124,18205,415329,5501
2022-01-02,Sacramento,067,1510023,182582,173562,6618,180180,2448
2022-01-02,San Benito,069,59416,8830,8320,236,8556,79
2022-01-02,San Bernardino,071,2135413,409262,386278,13085,399363,6051
2022-01-02,San Diego,073,3302833,472539,427087,25508,452595,4469
2022-01-02,San Francisco,075,870044,72316,64498,4301,68799,682
2022-01-02,San Joaquin,077,732212,111333,106640,6332,112972,1902
2022-01-02,San Luis Obispo,079,281455,33972,32342,1600,33942,365
2022-01-02,San Mateo,081,765935,66884,60504,4311,64815,581
2022-01-02,Santa Barbara,083,443738,53286,49555,1916,51471,568
2022-01-02,Santa Clara,085,1922200,180435,164547,2500,167047,1969
2022-01-02,Santa Cruz,087,273765,24537,22980,1278,24258,228
2022-01-02,Shasta,089,179085,23529,23161,3920,27081,435
2022-01-02,Sierra,091,2930,215,206,23,229,0
2022-01-02,Siskiyou,093,43540,3527,3474,1480,4954,61
2022-01-02,Solano,095,438530,51593,48957,1635,50592,379
2022-01-02,Sonoma,097,501317,49213,46040,737,46777,410
2022-01-02,Stanislaus,099,539301,86659,84367,9970,94337,1332
2022-01-02,Sutter,101,95872,15116,14741,436,15177,193
2022-01-02,Tehama,103,63373,9098,8944,1641,10585,139
2022-01-02,Trinity,105,12862,843,832,213,1045,17
2022-01-02,Tulare,107,460477,73354,71941,18238,90179,1160
2022-01-02,Tuolumne,109,53932,8348,8044,119,8163,91
2022-01-02,Ventura,111,848112,116519,107992,5124,113116,1211
2022-01-02,Yolo,113,214977,23345,21747,1585,23332,270
2022-01-02,Yuba,115,75493,11159,10844,437,11281,99
2022-01-01,Alameda,001,1643700,144327,133486,4194,137680,1528
2022-01-01,Alpine,003,1148,114,113,0,113,0
2022-01-01,Amador,005,37829,6044,5913,89,6002,70
2022-01-01,Butte,007,227075,23182,22469,4280,26749,341
2022-01-01,Calaveras,009,45235,4781,4668,75,4743,93
2022-01-01,Colusa,011,21464,2704,2659,730,3389,21
2022-01-01,Contra Costa,013,1133247,116768,109593,3045,112638,1073
2022-01-01,Del Norte,015,27424,3891,3841,60,3901,43
2022-01-01,El Dorado,017,186661,18404,17621,2000,19621,172
2022-01-01,Fresno,019,978130,153464,149927,13374,163301,2379
2022-01-01,Glenn,021,27897,3705,3663,1072,4735,39
2022-01-01,Humboldt,023,135768,10991,10381,897,11278,119
2022-01-01,Imperial,025,180216,38649,37672,4572,42244,800
2022-01-01,Inyo,027,18085,2900,2726,39,2765,49
2022-01-01,Kern,029,883053,139309,136123,26071,162194,1917
2022-01-01,Kings,031,150075,35095,34318,2253,36571,386
2022-01-01,Lake,033,64148,7155,7060,192,7252,117
2022-01-01,Lassen,035,31185,7127,7089,454,7543,55
2022-01-01,Los Angeles,037,10098052,1726002,1596123,71186,1667309,27371
2022-01-01,Madera,039,155013,25550,25002,2405,27407,320
2022-01-01,Marin,041,260295,21987,20475,880,21355,249
2022-01-01,Mariposa,043,17540,1575,1509,57,1566,6
2022-01-01,Mendocino,045,87422,8673,8422,732,9154,101
2022-01-01,Merced,047,269075,45705,44769,2188,46957,694
2022-01-01,Modoc,049,8938,608,601,212,813,6
2022-01-01,Mono,051,14174,2201,2101,25,2126,4
2022-01-01,Monterey,053,433212,51294,50251,5679,55930,643
2022-01-01,Napa,055,140530,15492,14439,205,14644,107
2022-01-01,Nevada,057,99092,10714,10299,393,10692,110
2022-01-01,Orange,059,3164182,366085,339526,21130,360656,5890
2022-01-01,Placer,061,380077,42603,40857,4384,45241,489
2022-01-01,Plumas,063,18699,2026,1994,64,2058,12
2022-01-01,Riverside,065,2383286,415813,397124,18152,415276,5501
2022-01-01,Sacramento,067,1510023,181643,173562,6414,179976,2448
2022-01-01,San Benito,069,59416,8738,8320,235,8555,79
2022-01-01,San Bernardino,071,2135413,407291,386278,13023,399301,6051
2022-01-01,San Diego,073,3302833,467059,427087,25311,452398,4469
2022-01-01,San Francisco,075,870044,71303,64498,4088,68586,682
2022-01-01,San Joaquin,077,732212,110858,106640,6304,112944,1902
2022-01-01,San Luis Obispo,079,281455,33834,32342,1596,33938,365
2022-01-01,San Mateo,081,765935,65983,60504,4165,64669,581
2022-01-01,Santa Barbara,083,443738,52646,49555,1902,51457,568
2022-01-01,Santa Clara,085,1922200,178064,164547,2459,167006,1969
2022-01-01,Santa Cruz,087,273765,24308,22980,1277,24257,228
2022-01-01,Shasta,089,179085,23482,23161,3912,27073,435
2022-01-01,Sierra,091,2930,214,206,23,229,0
2022-01-01,Siskiyou,093,43540,3527,3474,1480,4954,61
2022-01-01,Solano,095,438530,51362,48957,1609,50566,379
2022-01-01,Sonoma,097,501317,48906,46040,723,46763,410
2022-01-01,Stanislaus,099,539301,86377,84367,9969,94336,1332
2022-01-01,Sutter,101,95872,15051,14741,435,15176,193
2022-01-01,Tehama,103,63373,9072,8944,1640,10584,139
2022-01-01,Trinity,105,12862,841,832,213,1045,17
2022-01-01,Tulare,107,460477,73182,71941,18175,90116,1160
2022-01-01,Tuolumne,109,53932,8299,8044,119,8163,91
2022-01-01,Ventura,111,848112,115580,107992,5087,113079,1211
2022-01-01,Yolo,113,214977,22973,21747,1574,23321,270
2022-01-01,Yuba,115,75493,11115,10844,436,11280,99
2021-12-31,Alameda,001,1643700,143770,133486,4173,137659,1528
2021-12-31,Alpine,003,1148,114,113,0,113,0
2021-12-31,Amador,005,37829,6033,5913,89,6002,70
2021-12-31,Butte,007,227075,23137,22469,4269,26738,341
2021-12-31,Calaveras,009,45235,4767,4668,75,4743,93
2021-12-31,Colusa,011,21464,2701,2659,730,3389,21
2021-12-31,Contra Costa,013,1133247,116202,109593,3039,112632,1073
2021-12-31,Del Norte,015,27424,3883,3841,60,3901,43
2021-12-31,El Dorado,017,186661,18359,17621,1995,19616,172
2021-12-31,Fresno,019,978130,153335,149927,13373,163300,2379
2021-12-31,Glenn,021,27897,3704,3663,1072,4735,39
2021-12-31,Humboldt,023,135768,10943,10381,896,11277,119
2021-12-31,Imperial,025,180216,38557,37672,4570,42242,800
2021-12-31,Inyo,027,18085,2880,2726,39,2765,49
2021-12-31,Kern,029,883053,138990,136123,26064,162187,1917
2021-12-31,Kings,031,150075,35027,34318,2253,36571,386
2021-12-31,Lake,033,64148,7147,7060,191,7251,117
2021-12-31,Lassen,035,31185,7119,7089,454,7543,55
2021-12-31,Los Angeles,037,10098052,1717849,1596123,70816,1666939,27371
2021-12-31,Madera,039,155013,25515,25002,2399,27401,320
2021-12-31,Marin,041,260295,21875,20475,865,21340,249
2021-12-31,Mariposa,043,17540,1574,1509,57,1566,6
2021-12-31,Mendocino,045,87422,8654,8422,729,9151,101
2021-12-31,Merced,047,269075,45653,44769,2187,46956,694
2021-12-31,Modoc,049,8938,607,601,212,813,6
2021-12-31,Mono,051,14174,2196,2101,25,2126,4
2021-12-31,Monterey,053,433212,51222,50251,5666,55917,643
2021-12-31,Napa,055,140530,15435,14439,205,14644,107
2021-12-31,Nevada,057,99092,10681,10299,393,10692,110
2021-12-31,Orange,059,3164182,364394,339526,20888,360414,5890
2021-12-31,Placer,061,380077,42464,40857,4364,45221,489
2021-12-31,Plumas,063,18699,2023,1994,64,2058,12
2021-12-31,Riverside,065,2383286,414803,397124,18139,415263,5501
2021-12-31,Sacramento,067,1510023,181003,173562,6389,179951,2448
2021-12-31,San Benito,069,59416,8724,8320,235,8555,79
2021-12-31,San Bernardino,071,2135413,406141,386278,12986,399264,6051
2021-12-31,San Diego,073,3302833,464357,427087,25270,452357,4469
2021-12-31,San Francisco,075,870044,70668,64498,4075,68573,682
2021-12-31,San Joaquin,077,732212,110461,106640,6280,112920,1902
2021-12-31,San Luis Obispo,079,281455,33779,32342,1585,33927,365
2021-12-31,San Mateo,081,765935,65455,60504,4150,64654,581
2021-12-31,Santa Barbara,083,443738,52376,49555,1900,51455,568
2021-12-31,Santa Clara,085,1922200,176730,164547,2429,166976,1969
2021-12-31,Santa Cruz,087,273765,24169,22980,1266,24246,228
2021-12-31,Shasta,089,179085,23439,23161,3911,27072,435
2021-12-31,Sierra,091,2930,214,206,23,229,0
2021-12-31,Siskiyou,093,43540,3525,3474,1480,4954,61
2021-12-31,Solano,095,438530,51232,48957,1594,50551,379
2021-12-31,Sonoma,097,501317,48753,46040,722,46762,410
2021-12-31,Stanislaus,099,539301,86177,84367,9951,94318,1332
2021-12-31,Sutter,101,95872,14999,14741,434,15175,193
2021-12-31,Tehama,103,63373,9055,8944,1639,10583,139
2021-12-31,Trinity,105,12862,841,832,213,1045,17
2021-12-31,Tulare,107,460477,73073,71941,18141,90082,1160
2021-12-31,Tuolumne,109,53932,8265,8044,119,8163,91
2021-12-31,Ventura,111,848112,115043,107992,5081,113073,1211
2021-12-31,Yolo,113,214977,22799,21747,1574,23321,270
2021-12-31,Yuba,115,75493,11076,10844,436,11280,99
2021-12-30,Alameda,001,1643700,142675,133486,4073,137559,1528
2021-12-30,Alpine,003,1148,113,113,0,113,0
2021-12-30,Amador,005,37829,6018,5913,89,6002,70
2021-12-30,Butte,007,227075,23051,22469,4247,26716,341
2021-12-30,Calaveras,009,45235,4751,4668,75,4743,93
2021-12-30,Colusa,011,21464,2700,2659,730,3389,21
2021-12-30,Contra Costa,013,1133247,115255,109593,2975,112568,1073
2021-12-30,Del Norte,015,27424,3874,3841,60,3901,43
2021-12-30,El Dorado,017,186661,18271,17621,1978,19599,172
2021-12-30,Fresno,019,978130,152897,149927,13348,163275,2379
2021-12-30,Glenn,021,27897,3699,3663,1070,4733,39
2021-12-30,Humboldt,023,135768,10891,10381,891,11272,119
2021-12-30,Imperial,025,180216,38417,37672,4568,42240,800
2021-12-30,Inyo,027,18085,2862,2726,39,2765,49
2021-12-30,Kern,029,883053,138562,136123,26055,162178,1917
2021-12-30,Kings,031,150075,34921,34318,2250,36568,386
2021-12-30,Lake,033,64148,7140,7060,191,7251,117
2021-12-30,Lassen,035,31185,7114,7089,454,7543,55
2021-12-30,Los Angeles,037,10098052,1697451,1596123,70095,1666218,27371
2021-12-30,Madera,039,155013,25442,25002,2384,27386,320
2021-12-30,Marin,041,260295,21732,20475,849,21324,249
2021-12-30,Mariposa,043,17540,1571,1509,57,1566,6
2021-12-30,Mendocino,045,87422,8641,8422,719,9141,101
2021-12-30,Merced,047,269075,45565,44769,2186,46955,694
2021-12-30,Modoc,049,8938,607,601,212,813,6
2021-12-30,Mono,051,14174,2195,2101,24,2125,4
2021-12-30,Monterey,053,433212,51101,50251,5607,55858,643
2021-12-30,Napa,055,140530,15330,14439,194,14633,107
2021-12-30,Nevada,057,99092,10632,10299,389,10688,110
2021-12-30,Orange,059,3164182,360444,339526,20527,360053,5890
2021-12-30,Placer,061,380077,42248,40857,4357,45214,489
2021-12-30,Plumas,063,18699,2021,1994,63,2057,12
2021-12-30,Riverside,065,2383286,412209,397124,18097,415221,5501
2021-12-30,Sacramento,067,1510023,179943,173562,6297,179859,2448
2021-12-30,San Benito,069,59416,8685,8320,232,8552,79
2021-12-30,San Bernardino,071,2135413,404445,386278,12952,399230,6051
2021-12-30,San Diego,073,3302833,460151,427087,25066,452153,4469
2021-12-30,San Francisco,075,870044,69772,64498,4025,68523,682
2021-12-30,San Joaquin,077,732212,109964,106640,6264,112904,1902
2021-12-30,San Luis Obispo,079,281455,33686,32342,1563,33905,365
2021-12-30,San Mateo,081,765935,64782,60504,3991,64495,581
2021-12-30,Santa Barbara,083,443738,51940,49555,1885,51440,568
2021-12-30,Santa Clara,085,1922200,174824,164547,2405,166952,1969
2021-12-30,Santa Cruz,087,273765,23992,22980,1244,24224,228
2021-12-30,Shasta,089,179085,23411,23161,3909,27070,435
2021-12-30,Sierra,091,2930,214,206,23,229,0
2021-12-30,Siskiyou,093,43540,3518,3474,1479,4953,61
2021-12-30,Solano,095,438530,50902,48957,1558,50515,379
2021-12-30,Sonoma,097,501317,48467,46040,719,46759,410
2021-12-30,Stanislaus,099,539301,85941,84367,9913,94280,1332
2021-12-30,Sutter,101,95872,14946,14741,434,15175,193
2021-12-30,Tehama,103,63373,9036,8944,1634,10578,139
2021-12-30,Trinity,105,12862,838,832,213,1045,17
2021-12-30,Tulare,107,460477,72931,71941,18102,90043,1160
2021-12-30,Tuolumne,109,53932,8230,8044,119,8163,91
2021-12-30,Ventura,111,848112,114198,107992,5052,113044,1211
2021-12-30,Yolo,113,214977,22685,21747,1563,23310,270
2021-12-30,Yuba,115,75493,11039,10844,436,11280,99
2021-12-29,Alameda,001,1643700,139756,131586,3952,135538,1529
2021-12-29,Alpine,003,1148,113,113,0,113,0
2021-12-29,Amador,005,37829,5997,5905,85,5990,70
2021-12-29,Butte,007,227075,22922,22353,4217,26570,338
2021-12-29,Calaveras,009,45235,4730,4646,73,4719,93
2021-12-29,Colusa,011,21464,2691,2657,729,3386,21
2021-12-29,Contra Costa,013,1133247,113314,108165,2888,111053,1072
2021-12-29,Del Norte,015,27424,3863,3826,59,3885,43
2021-12-29,El Dorado,017,186661,18077,17489,1964,19453,172
2021-12-29,Fresno,019,978130,151898,149318,13281,162599,2364
2021-12-29,Glenn,021,27897,3688,3653,1067,4720,39
2021-12-29,Humboldt,023,135768,10798,10249,873,11122,119
2021-12-29,Imperial,025,180216,38221,37460,4551,42011,800
2021-12-29,Inyo,027,18085,2830,2703,39,2742,49
2021-12-29,Kern,029,883053,137926,135648,26023,161671,1913
2021-12-29,Kings,031,150075,34809,34216,2248,36464,386
2021-12-29,Lake,033,64148,7119,7048,187,7235,117
2021-12-29,Lassen,035,31185,7111,7085,454,7539,55
2021-12-29,Los Angeles,037,10098052,1670238,1576414,68903,1645317,27349
2021-12-29,Madera,039,155013,25351,24923,2374,27297,320
2021-12-29,Marin,041,260295,21416,20025,838,20863,249
2021-12-29,Mariposa,043,17540,1550,1507,57,1564,6
2021-12-29,Mendocino,045,87422,8590,8386,714,9100,99
2021-12-29,Merced,047,269075,45355,44548,2181,46729,693
2021-12-29,Modoc,049,8938,604,600,212,812,6
2021-12-29,Mono,051,14174,2166,2056,24,2080,4
2021-12-29,Monterey,053,433212,50823,50097,5425,55522,641
2021-12-29,Napa,055,140530,15133,14247,172,14419,107
2021-12-29,Nevada,057,99092,10552,10274,387,10661,110
2021-12-29,Orange,059,3164182,354249,334557,20108,354665,5887
2021-12-29,Placer,061,380077,41827,40545,4320,44865,489
2021-12-29,Plumas,063,18699,2009,1990,63,2053,12
2021-12-29,Riverside,065,2383286,407386,392989,18003,410992,5486
2021-12-29,Sacramento,067,1510023,177907,172145,6183,178328,2437
2021-12-29,San Benito,069,59416,8544,8239,229,8468,79
2021-12-29,San Bernardino,071,2135413,399980,382872,12886,395758,6049
2021-12-29,San Diego,073,3302833,450746,421045,24569,445614,4461
2021-12-29,San Francisco,075,870044,68228,63117,3901,67018,684
2021-12-29,San Joaquin,077,732212,108894,106063,6222,112285,1891
2021-12-29,San Luis Obispo,079,281455,33293,31936,1519,33455,365
2021-12-29,San Mateo,081,765935,63570,59478,3654,63132,581
2021-12-29,Santa Barbara,083,443738,51148,49003,1871,50874,568
2021-12-29,Santa Clara,085,1922200,171986,162008,2329,164337,1962
2021-12-29,Santa Cruz,087,273765,23751,22669,1228,23897,228
2021-12-29,Shasta,089,179085,23350,23083,3905,26988,435
2021-12-29,Sierra,091,2930,214,206,23,229,0
2021-12-29,Siskiyou,093,43540,3509,3472,1471,4943,61
2021-12-29,Solano,095,438530,50281,48562,1527,50089,379
2021-12-29,Sonoma,097,501317,47706,45479,701,46180,410
2021-12-29,Stanislaus,099,539301,85528,84083,9890,93973,1332
2021-12-29,Sutter,101,95872,14883,14688,434,15122,193
2021-12-29,Tehama,103,63373,9017,8914,1629,10543,138
2021-12-29,Trinity,105,12862,838,832,213,1045,17
2021-12-29,Tulare,107,460477,72686,71752,18014,89766,1160
2021-12-29,Tuolumne,109,53932,8180,8012,119,8131,91
2021-12-29,Ventura,111,848112,112689,106974,5014,111988,1207
2021-12-29,Yolo,113,214977,22466,21564,1545,23109,270
2021-12-29,Yuba,115,75493,10981,10808,435,11243,99
2021-12-28,Alameda,001,1643700,136904,130427,3799,134226,1522
2021-12-28,Alpine,003,1148,113,113,0,113,0
2021-12-28,Amador,005,37829,5978,5900,82,5982,70
2021-12-28,Butte,007,227075,22792,22285,4201,26486,338
2021-12-28,Calaveras,009,45235,4718,4641,72,4713,91
2021-12-28,Colusa,011,21464,2686,2653,728,3381,21
2021-12-28,Contra Costa,013,1133247,111172,107160,2823,109983,1072
2021-12-28,Del Norte,015,27424,3857,3815,59,3874,43
2021-12-28,El Dorado,017,186661,17879,17419,1953,19372,172
2021-12-28,Fresno,019,978130,151006,148987,13221,162208,2365
2021-12-28,Glenn,021,27897,3664,3639,1065,4704,39
2021-12-28,Humboldt,023,135768,10684,10198,847,11045,119
2021-12-28,Imperial,025,180216,37960,37223,4466,41689,800
2021-12-28,Inyo,027,18085,2776,2676,39,2715,48
2021-12-28,Kern,029,883053,137320,135346,25971,161317,1909
2021-12-28,Kings,031,150075,34675,34165,2241,36406,386
2021-12-28,Lake,033,64148,7105,7044,186,7230,116
2021-12-28,Lassen,035,31185,7104,7083,454,7537,55
2021-12-28,Los Angeles,037,10098052,1639615,1561791,67848,1629639,27323
2021-12-28,Madera,039,155013,25235,24865,2358,27223,320
2021-12-28,Marin,041,260295,21053,19739,819,20558,249
2021-12-28,Mariposa,043,17540,1539,1499,56,1555,6
2021-12-28,Mendocino,045,87422,8532,8366,706,9072,98
2021-12-28,Merced,047,269075,45123,44434,2170,46604,691
2021-12-28,Modoc,049,8938,603,599,209,808,6
2021-12-28,Mono,051,14174,2148,2045,23,2068,4
2021-12-28,Monterey,053,433212,50590,49973,5265,55238,639
2021-12-28,Napa,055,140530,14840,14131,159,14290,107
2021-12-28,Nevada,057,99092,10470,10250,386,10636,110
2021-12-28,Orange,059,3164182,347717,331279,19657,350936,5882
2021-12-28,Placer,061,380077,41437,40410,4285,44695,489
2021-12-28,Plumas,063,18699,2006,1989,63,2052,12
2021-12-28,Riverside,065,2383286,402739,390343,17911,408254,5470
2021-12-28,Sacramento,067,1510023,175986,171290,6083,177373,2426
2021-12-28,San Benito,069,59416,8404,8170,228,8398,79
2021-12-28,San Bernardino,071,2135413,395173,381316,12816,394132,6047
2021-12-28,San Diego,073,3302833,440991,417383,24318,441701,4450
2021-12-28,San Francisco,075,870044,66788,61745,3767,65512,682
2021-12-28,San Joaquin,077,732212,107940,105572,6181,111753,1884
2021-12-28,San Luis Obispo,079,281455,32818,31759,1510,33269,365
2021-12-28,San Mateo,081,765935,62436,58712,3403,62115,582
2021-12-28,Santa Barbara,083,443738,50561,48493,1858,50351,568
2021-12-28,Santa Clara,085,1922200,169084,160811,2264,163075,1962
2021-12-28,Santa Cruz,087,273765,23424,22513,1211,23724,228
2021-12-28,Shasta,089,179085,23290,23035,3904,26939,434
2021-12-28,Sierra,091,2930,211,206,23,229,0
2021-12-28,Siskiyou,093,43540,3501,3468,1467,4935,60
2021-12-28,Solano,095,438530,49525,48318,1488,49806,378
2021-12-28,Sonoma,097,501317,46891,45086,681,45767,410
2021-12-28,Stanislaus,099,539301,85104,83946,9871,93817,1331
2021-12-28,Sutter,101,95872,14836,14662,434,15096,193
2021-12-28,Tehama,103,63373,9003,8893,1627,10520,138
2021-12-28,Trinity,105,12862,836,831,213,1044,17
2021-12-28,Tulare,107,460477,72439,71630,17914,89544,1156
2021-12-28,Tuolumne,109,53932,8137,8006,119,8125,91
2021-12-28,Ventura,111,848112,111060,105883,4980,110863,1207
2021-12-28,Yolo,113,214977,22153,21320,1513,22833,270
2021-12-28,Yuba,115,75493,10929,10778,434,11212,99
2021-12-27,Alameda,001,1643700,134551,129910,3644,133554,1530
2021-12-27,Alpine,003,1148,113,113,0,113,0
2021-12-27,Amador,005,37829,5956,5891,82,5973,70
2021-12-27,Butte,007,227075,22671,22234,4192,26426,335
2021-12-27,Calaveras,009,45235,4698,4630,71,4701,91
2021-12-27,Colusa,011,21464,2677,2652,724,3376,21
2021-12-27,Contra Costa,013,1133247,109246,106692,2758,109450,1071
2021-12-27,Del Norte,015,27424,3849,3802,59,3861,43
2021-12-27,El Dorado,017,186661,17733,17361,1938,19299,172
2021-12-27,Fresno,019,978130,150234,148826,13173,161999,2364
2021-12-27,Glenn,021,27897,3654,3634,1058,4692,39
2021-12-27,Humboldt,023,135768,10572,10164,833,10997,119
2021-12-27,Imperial,025,180216,37763,37180,4420,41600,800
2021-12-27,Inyo,027,18085,2750,2662,38,2700,48
2021-12-27,Kern,029,883053,136769,135119,25905,161024,1907
2021-12-27,Kings,031,150075,34530,34126,2235,36361,382
2021-12-27,Lake,033,64148,7088,7037,182,7219,116
2021-12-27,Lassen,035,31185,7099,7080,454,7534,55
2021-12-27,Los Angeles,037,10098052,1606341,1554074,66707,1620781,27300
2021-12-27,Madera,039,155013,25120,24840,2350,27190,320
2021-12-27,Marin,041,260295,20700,19601,793,20394,249
2021-12-27,Mariposa,043,17540,1524,1495,55,1550,6
2021-12-27,Mendocino,045,87422,8471,8351,701,9052,98
2021-12-27,Merced,047,269075,44896,44383,2157,46540,690
2021-12-27,Modoc,049,8938,602,599,209,808,6
2021-12-27,Mono,051,14174,2056,2026,22,2048,4
2021-12-27,Monterey,053,433212,50382,49918,5159,55077,639
2021-12-27,Napa,055,140530,14610,14083,156,14239,107
2021-12-27,Nevada,057,99092,10414,10239,385,10624,110
2021-12-27,Orange,059,3164182,341048,329222,19147,348369,5875
2021-12-27,Placer,061,380077,41108,40263,4271,44534,489
2021-12-27,Plumas,063,18699,2005,1988,62,2050,12
2021-12-27,Riverside,065,2383286,398648,389096,17840,406936,5470
2021-12-27,Sacramento,067,1510023,174154,170858,5956,176814,2422
2021-12-27,San Benito,069,59416,8291,8133,218,8351,79
2021-12-27,San Bernardino,071,2135413,390077,380526,12723,393249,6047
2021-12-27,San Diego,073,3302833,432228,414968,24089,439057,4445
2021-12-27,San Francisco,075,870044,65203,60920,3614,64534,682
2021-12-27,San Joaquin,077,732212,107094,105413,6128,111541,1876
2021-12-27,San Luis Obispo,079,281455,32374,31671,1490,33161,365
2021-12-27,San Mateo,081,765935,61281,58397,3148,61545,581
2021-12-27,Santa Barbara,083,443738,49823,48209,1844,50053,568
2021-12-27,Santa Clara,085,1922200,166336,159904,2177,162081,1961
2021-12-27,Santa Cruz,087,273765,23175,22456,1204,23660,228
2021-12-27,Shasta,089,179085,23235,23015,3895,26910,432
2021-12-27,Sierra,091,2930,211,206,23,229,0
2021-12-27,Siskiyou,093,43540,3493,3466,1463,4929,60
2021-12-27,Solano,095,438530,48865,48172,1450,49622,378
2021-12-27,Sonoma,097,501317,46368,44990,647,45637,410
2021-12-27,Stanislaus,099,539301,84703,83833,9850,93683,1331
2021-12-27,Sutter,101,95872,14784,14642,433,15075,191
2021-12-27,Tehama,103,63373,8987,8887,1623,10510,136
2021-12-27,Trinity,105,12862,836,827,213,1040,17
2021-12-27,Tulare,107,460477,72204,71562,17836,89398,1146
2021-12-27,Tuolumne,109,53932,8103,7978,118,8096,91
2021-12-27,Ventura,111,848112,109348,105212,4933,110145,1206
2021-12-27,Yolo,113,214977,21885,21300,1493,22793,270
2021-12-27,Yuba,115,75493,10876,10759,434,11193,98
2021-12-26,Alameda,001,1643700,132630,127221,3590,130811,1525
2021-12-26,Alpine,003,1148,113,113,0,113,0
2021-12-26,Amador,005,37829,5942,5861,82,5943,70
2021-12-26,Butte,007,227075,22532,22087,4174,26261,330
2021-12-26,Calaveras,009,45235,4675,4591,71,4662,91
2021-12-26,Colusa,011,21464,2667,2647,718,3365,21
2021-12-26,Contra Costa,013,1133247,107838,105022,2687,107709,1071
2021-12-26,Del Norte,015,27424,3844,3795,59,3854,43
2021-12-26,El Dorado,017,186661,17598,17188,1931,19119,172
2021-12-26,Fresno,019,978130,149647,148027,13122,161149,2358
2021-12-26,Glenn,021,27897,3648,3611,1054,4665,39
2021-12-26,Humboldt,023,135768,10439,10052,812,10864,119
2021-12-26,Imperial,025,180216,37494,36878,4380,41258,800
2021-12-26,Inyo,027,18085,2726,2636,36,2672,47
2021-12-26,Kern,029,883053,136114,134591,25769,160360,1908
2021-12-26,Kings,031,150075,34385,34009,2231,36240,379
2021-12-26,Lake,033,64148,7067,7019,180,7199,116
2021-12-26,Lassen,035,31185,7093,7072,454,7526,55
2021-12-26,Los Angeles,037,10098052,1579338,1515469,65499,1580968,27257
2021-12-26,Madera,039,155013,25002,24741,2345,27086,320
2021-12-26,Marin,041,260295,20344,19085,749,19834,249
2021-12-26,Mariposa,043,17540,1520,1480,55,1535,6
2021-12-26,Mendocino,045,87422,8427,8314,699,9013,98
2021-12-26,Merced,047,269075,44657,44208,2151,46359,690
2021-12-26,Modoc,049,8938,600,597,208,805,6
2021-12-26,Mono,051,14174,2036,2000,22,2022,4
2021-12-26,Monterey,053,433212,50205,49709,5053,54762,638
2021-12-26,Napa,055,140530,14394,13809,153,13962,107
2021-12-26,Nevada,057,99092,10360,10153,378,10531,110
2021-12-26,Orange,059,3164182,334971,322991,18660,341651,5863
2021-12-26,Placer,061,380077,40784,39852,4236,44088,489
2021-12-26,Plumas,063,18699,1998,1987,61,2048,12
2021-12-26,Riverside,065,2383286,394702,384567,17792,402359,5470
2021-12-26,Sacramento,067,1510023,172627,169144,5842,174986,2418
2021-12-26,San Benito,069,59416,8207,7991,212,8203,79
2021-12-26,San Bernardino,071,2135413,385894,376052,12651,388703,6043
2021-12-26,San Diego,073,3302833,424241,406616,23853,430469,4442
2021-12-26,San Francisco,075,870044,63739,58229,3512,61741,682
2021-12-26,San Joaquin,077,732212,106320,104590,6079,110669,1872
2021-12-26,San Luis Obispo,079,281455,31935,31290,1472,32762,365
2021-12-26,San Mateo,081,765935,60218,56973,2913,59886,581
2021-12-26,Santa Barbara,083,443738,49179,47553,1826,49379,567
2021-12-26,Santa Clara,085,1922200,163794,156872,2095,158967,1967
2021-12-26,Santa Cruz,087,273765,22919,22176,1190,23366,228
2021-12-26,Shasta,089,179085,23157,22959,3883,26842,432
2021-12-26,Sierra,091,2930,211,202,23,225,0
2021-12-26,Siskiyou,093,43540,3486,3460,1456,4916,60
2021-12-26,Solano,095,438530,48384,47646,1421,49067,377
2021-12-26,Sonoma,097,501317,45910,44358,639,44997,408
2021-12-26,Stanislaus,099,539301,84365,83368,9824,93192,1331
2021-12-26,Sutter,101,95872,14724,14533,431,14964,191
2021-12-26,Tehama,103,63373,8958,8861,1620,10481,136
2021-12-26,Trinity,105,12862,836,826,213,1039,17
2021-12-26,Tulare,107,460477,71990,71292,17744,89036,1137
2021-12-26,Tuolumne,109,53932,8068,7919,118,8037,91
2021-12-26,Ventura,111,848112,107631,103498,4875,108373,1206
2021-12-26,Yolo,113,214977,21617,21084,1468,22552,270
2021-12-26,Yuba,115,75493,10831,10694,431,11125,98
2021-12-25,Alameda,001,1643700,131647,127221,3534,130755,1525
2021-12-25,Alpine,003,1148,113,113,0,113,0
2021-12-25,Amador,005,37829,5926,5861,82,5943,70
2021-12-25,Butte,007,227075,22444,22087,4159,26246,330
2021-12-25,Calaveras,009,45235,4647,4591,71,4662,91
2021-12-25,Colusa,011,21464,2663,2647,717,3364,21
2021-12-25,Contra Costa,013,1133247,107219,105022,2654,107676,1071
2021-12-25,Del Norte,015,27424,3837,3795,59,3854,43
2021-12-25,El Dorado,017,186661,17548,17188,1923,19111,172
2021-12-25,Fresno,019,978130,149396,148027,13099,161126,2358
2021-12-25,Glenn,021,27897,3640,3611,1052,4663,39
2021-12-25,Humboldt,023,135768,10368,10052,806,10858,119
2021-12-25,Imperial,025,180216,37391,36878,4375,41253,800
2021-12-25,Inyo,027,18085,2709,2636,36,2672,47
2021-12-25,Kern,029,883053,135795,134591,25671,160262,1908
2021-12-25,Kings,031,150075,34306,34009,2223,36232,379
2021-12-25,Lake,033,64148,7058,7019,180,7199,116
2021-12-25,Lassen,035,31185,7091,7072,454,7526,55
2021-12-25,Los Angeles,037,10098052,1568109,1515469,64671,1580140,27257
2021-12-25,Madera,039,155013,24957,24741,2341,27082,320
2021-12-25,Marin,041,260295,20018,19085,714,19799,249
2021-12-25,Mariposa,043,17540,1515,1480,55,1535,6
2021-12-25,Mendocino,045,87422,8392,8314,699,9013,98
2021-12-25,Merced,047,269075,44563,44208,2150,46358,690
2021-12-25,Modoc,049,8938,600,597,208,805,6
2021-12-25,Mono,051,14174,2034,2000,22,2022,4
2021-12-25,Monterey,053,433212,50110,49709,4982,54691,638
2021-12-25,Napa,055,140530,14288,13809,153,13962,107
2021-12-25,Nevada,057,99092,10335,10153,378,10531,110
2021-12-25,Orange,059,3164182,332221,322991,18352,341343,5863
2021-12-25,Placer,061,380077,40628,39852,4219,44071,489
2021-12-25,Plumas,063,18699,1996,1987,61,2048,12
2021-12-25,Riverside,065,2383286,392531,384567,17754,402321,5470
2021-12-25,Sacramento,067,1510023,171871,169144,5749,174893,2418
2021-12-25,San Benito,069,59416,8144,7991,210,8201,79
2021-12-25,San Bernardino,071,2135413,383934,376052,12611,388663,6043
2021-12-25,San Diego,073,3302833,420588,406616,23782,430398,4442
2021-12-25,San Francisco,075,870044,62774,58229,3453,61682,682
2021-12-25,San Joaquin,077,732212,106013,104590,6054,110644,1872
2021-12-25,San Luis Obispo,079,281455,31815,31290,1465,32755,365
2021-12-25,San Mateo,081,765935,59466,56973,2698,59671,581
2021-12-25,Santa Barbara,083,443738,48832,47553,1820,49373,567
2021-12-25,Santa Clara,085,1922200,162391,156872,2054,158926,1967
2021-12-25,Santa Cruz,087,273765,22772,22176,1185,23361,228
2021-12-25,Shasta,089,179085,23129,22959,3877,26836,432
2021-12-25,Sierra,091,2930,211,202,23,225,0
2021-12-25,Siskiyou,093,43540,3483,3460,1451,4911,60
2021-12-25,Solano,095,438530,48271,47646,1404,49050,377
2021-12-25,Sonoma,097,501317,45542,44358,632,44990,408
2021-12-25,Stanislaus,099,539301,84168,83368,9812,93180,1331
2021-12-25,Sutter,101,95872,14686,14533,430,14963,191
2021-12-25,Tehama,103,63373,8940,8861,1613,10474,136
2021-12-25,Trinity,105,12862,835,826,213,1039,17
2021-12-25,Tulare,107,460477,71874,71292,17677,88969,1137
2021-12-25,Tuolumne,109,53932,8039,7919,117,8036,91
2021-12-25,Ventura,111,848112,106526,103498,4837,108335,1206
2021-12-25,Yolo,113,214977,21507,21084,1452,22536,270
2021-12-25,Yuba,115,75493,10805,10694,431,11125,98
2021-12-24,Alameda,001,1643700,131084,127221,3525,130746,1525
2021-12-24,Alpine,003,1148,113,113,0,113,0
2021-12-24,Amador,005,37829,5919,5861,81,5942,70
2021-12-24,Butte,007,227075,22397,22087,4147,26234,330
2021-12-24,Calaveras,009,45235,4642,4591,71,4662,91
2021-12-24,Colusa,011,21464,2661,2647,717,3364,21
2021-12-24,Contra Costa,013,1133247,107020,105022,2650,107672,1071
2021-12-24,Del Norte,015,27424,3830,3795,59,3854,43
2021-12-24,El Dorado,017,186661,17502,17188,1917,19105,172
2021-12-24,Fresno,019,978130,149248,148027,13093,161120,2358
2021-12-24,Glenn,021,27897,3639,3611,1051,4662,39
2021-12-24,Humboldt,023,135768,10313,10052,802,10854,119
2021-12-24,Imperial,025,180216,37310,36878,4374,41252,800
2021-12-24,Inyo,027,18085,2689,2636,36,2672,47
2021-12-24,Kern,029,883053,135678,134591,25643,160234,1908
2021-12-24,Kings,031,150075,34257,34009,2223,36232,379
2021-12-24,Lake,033,64148,7055,7019,179,7198,116
2021-12-24,Lassen,035,31185,7089,7072,454,7526,55
2021-12-24,Los Angeles,037,10098052,1564250,1515469,64375,1579844,27257
2021-12-24,Madera,039,155013,24926,24741,2337,27078,320
2021-12-24,Marin,041,260295,19877,19085,695,19780,249
2021-12-24,Mariposa,043,17540,1513,1480,55,1535,6
2021-12-24,Mendocino,045,87422,8377,8314,699,9013,98
2021-12-24,Merced,047,269075,44519,44208,2148,46356,690
2021-12-24,Modoc,049,8938,600,597,208,805,6
2021-12-24,Mono,051,14174,2032,2000,22,2022,4
2021-12-24,Monterey,053,433212,50050,49709,4933,54642,638
2021-12-24,Napa,055,140530,14228,13809,151,13960,107
2021-12-24,Nevada,057,99092,10308,10153,376,10529,110
2021-12-24,Orange,059,3164182,331262,322991,18281,341272,5863
2021-12-24,Placer,061,380077,40526,39852,4208,44060,489
2021-12-24,Plumas,063,18699,1995,1987,61,2048,12
2021-12-24,Riverside,065,2383286,391604,384567,17746,402313,5470
2021-12-24,Sacramento,067,1510023,171583,169144,5726,174870,2418
2021-12-24,San Benito,069,59416,8136,7991,209,8200,79
2021-12-24,San Bernardino,071,2135413,382932,376052,12578,388630,6043
2021-12-24,San Diego,073,3302833,419600,406616,23751,430367,4442
2021-12-24,San Francisco,075,870044,62299,58229,3432,61661,682
2021-12-24,San Joaquin,077,732212,105835,104590,6047,110637,1872
2021-12-24,San Luis Obispo,079,281455,31775,31290,1461,32751,365
2021-12-24,San Mateo,081,765935,59128,56973,2622,59595,581
2021-12-24,Santa Barbara,083,443738,48641,47553,1816,49369,567
2021-12-24,Santa Clara,085,1922200,161622,156872,2025,158897,1967
2021-12-24,Santa Cruz,087,273765,22692,22176,1182,23358,228
2021-12-24,Shasta,089,179085,23099,22959,3872,26831,432
2021-12-24,Sierra,091,2930,210,202,23,225,0
2021-12-24,Siskiyou,093,43540,3478,3460,1447,4907,60
2021-12-24,Solano,095,438530,48222,47646,1403,49049,377
2021-12-24,Sonoma,097,501317,45393,44358,628,44986,408
2021-12-24,Stanislaus,099,539301,84058,83368,9799,93167,1331
2021-12-24,Sutter,101,95872,14666,14533,429,14962,191
2021-12-24,Tehama,103,63373,8933,8861,1611,10472,136
2021-12-24,Trinity,105,12862,833,826,213,1039,17
2021-12-24,Tulare,107,460477,71810,71292,17638,88930,1137
2021-12-24,Tuolumne,109,53932,8015,7919,117,8036,91
2021-12-24,Ventura,111,848112,106112,103498,4822,108320,1206
2021-12-24,Yolo,113,214977,21439,21084,1435,22519,270
2021-12-24,Yuba,115,75493,10783,10694,430,11124,98
2021-12-23,Alameda,001,1643700,130440,127221,3503,130724,1525
2021-12-23,Alpine,003,1148,113,113,0,113,0
2021-12-23,Amador,005,37829,5908,5861,79,5940,70
2021-12-23,Butte,007,227075,22349,22087,4132,26219,330
2021-12-23,Calaveras,009,45235,4632,4591,71,4662,91
2021-12-23,Colusa,011,21464,2655,2647,715,3362,21
2021-12-23,Contra Costa,013,1133247,106697,105022,2616,107638,1071
2021-12-23,Del Norte,015,27424,3827,3795,59,3854,43
2021-12-23,El Dorado,017,186661,17451,17188,1913,19101,172
2021-12-23,Fresno,019,978130,149073,148027,13083,161110,2358
2021-12-23,Glenn,021,27897,3637,3611,1051,4662,39
2021-12-23,Humboldt,023,135768,10261,10052,799,10851,119
2021-12-23,Imperial,025,180216,37246,36878,4345,41223,800
2021-12-23,Inyo,027,18085,2677,2636,36,2672,47
2021-12-23,Kern,029,883053,135540,134591,25570,160161,1908
2021-12-23,Kings,031,150075,34220,34009,2222,36231,379
2021-12-23,Lake,033,64148,7046,7019,178,7197,116
2021-12-23,Lassen,035,31185,7088,7072,454,7526,55
2021-12-23,Los Angeles,037,10098052,1555574,1515469,63551,1579020,27257
2021-12-23,Madera,039,155013,24895,24741,2333,27074,320
2021-12-23,Marin,041,260295,19746,19085,682,19767,249
2021-12-23,Mariposa,043,17540,1509,1480,55,1535,6
2021-12-23,Mendocino,045,87422,8370,8314,699,9013,98
2021-12-23,Merced,047,269075,44474,44208,2148,46356,690
2021-12-23,Modoc,049,8938,600,597,208,805,6
2021-12-23,Mono,051,14174,2029,2000,21,2021,4
2021-12-23,Monterey,053,433212,49994,49709,4870,54579,638
2021-12-23,Napa,055,140530,14151,13809,149,13958,107
2021-12-23,Nevada,057,99092,10290,10153,376,10529,110
2021-12-23,Orange,059,3164182,329671,322991,18069,341060,5863
2021-12-23,Placer,061,380077,40414,39852,4194,44046,489
2021-12-23,Plumas,063,18699,1995,1987,61,2048,12
2021-12-23,Riverside,065,2383286,390442,384567,17730,402297,5470
2021-12-23,Sacramento,067,1510023,171161,169144,5692,174836,2418
2021-12-23,San Benito,069,59416,8118,7991,206,8197,79
2021-12-23,San Bernardino,071,2135413,381872,376052,12540,388592,6043
2021-12-23,San Diego,073,3302833,417939,406616,23681,430297,4442
2021-12-23,San Francisco,075,870044,61632,58229,3366,61595,682
2021-12-23,San Joaquin,077,732212,105630,104590,6034,110624,1872
2021-12-23,San Luis Obispo,079,281455,31719,31290,1456,32746,365
2021-12-23,San Mateo,081,765935,58695,56973,2537,59510,581
2021-12-23,Santa Barbara,083,443738,48448,47553,1813,49366,567
2021-12-23,Santa Clara,085,1922200,160752,156872,1988,158860,1967
2021-12-23,Santa Cruz,087,273765,22585,22176,1172,23348,228
2021-12-23,Shasta,089,179085,23077,22959,3870,26829,432
2021-12-23,Sierra,091,2930,207,202,23,225,0
2021-12-23,Siskiyou,093,43540,3478,3460,1446,4906,60
2021-12-23,Solano,095,438530,48122,47646,1390,49036,377
2021-12-23,Sonoma,097,501317,45222,44358,628,44986,408
2021-12-23,Stanislaus,099,539301,83932,83368,9788,93156,1331
2021-12-23,Sutter,101,95872,14648,14533,428,14961,191
2021-12-23,Tehama,103,63373,8922,8861,1607,10468,136
2021-12-23,Trinity,105,12862,833,826,213,1039,17
2021-12-23,Tulare,107,460477,71739,71292,17597,88889,1137
2021-12-23,Tuolumne,109,53932,7997,7919,116,8035,91
2021-12-23,Ventura,111,848112,105601,103498,4792,108290,1206
2021-12-23,Yolo,113,214977,21372,21084,1422,22506,270
2021-12-23,Yuba,115,75493,10771,10694,430,11124,98
2021-12-22,Alameda,001,1643700,129595,126533,3441,129974,1522
2021-12-22,Alpine,003,1148,113,112,0,112,0
2021-12-22,Amador,005,37829,5895,5850,79,5929,70
2021-12-22,Butte,007,227075,22303,22070,4123,26193,330
2021-12-22,Calaveras,009,45235,4624,4580,71,4651,91
2021-12-22,Colusa,011,21464,2655,2645,712,3357,21
2021-12-22,Contra Costa,013,1133247,106178,104559,2591,107150,1070
2021-12-22,Del Norte,015,27424,3827,3794,59,3853,43
2021-12-22,El Dorado,017,186661,17394,17140,1903,19043,172
2021-12-22,Fresno,019,978130,148825,147838,13066,160904,2349
2021-12-22,Glenn,021,27897,3631,3604,1051,4655,39
2021-12-22,Humboldt,023,135768,10201,10022,794,10816,119
2021-12-22,Imperial,025,180216,37171,36755,4308,41063,798
2021-12-22,Inyo,027,18085,2659,2632,36,2668,47
2021-12-22,Kern,029,883053,135313,134433,25510,159943,1900
2021-12-22,Kings,031,150075,34173,33953,2216,36169,376
2021-12-22,Lake,033,64148,7040,7008,178,7186,116
2021-12-22,Lassen,035,31185,7083,7069,454,7523,55
2021-12-22,Los Angeles,037,10098052,1542694,1507110,62719,1569829,27234
2021-12-22,Madera,039,155013,24856,24702,2328,27030,320
2021-12-22,Marin,041,260295,19532,18927,665,19592,249
2021-12-22,Mariposa,043,17540,1502,1480,55,1535,6
2021-12-22,Mendocino,045,87422,8361,8299,699,8998,99
2021-12-22,Merced,047,269075,44402,44137,2147,46284,689
2021-12-22,Modoc,049,8938,600,595,208,803,6
2021-12-22,Mono,051,14174,2024,1979,20,1999,4
2021-12-22,Monterey,053,433212,49901,49650,4799,54449,639
2021-12-22,Napa,055,140530,14028,13746,146,13892,107
2021-12-22,Nevada,057,99092,10264,10101,372,10473,110
2021-12-22,Orange,059,3164182,327493,321765,17842,339607,5858
2021-12-22,Placer,061,380077,40241,39758,4172,43930,489
2021-12-22,Plumas,063,18699,1992,1986,61,2047,12
2021-12-22,Riverside,065,2383286,388690,383319,17694,401013,5472
2021-12-22,Sacramento,067,1510023,170539,168695,5648,174343,2422
2021-12-22,San Benito,069,59416,8065,7971,204,8175,79
2021-12-22,San Bernardino,071,2135413,380303,375044,12510,387554,6039
2021-12-22,San Diego,073,3302833,414011,404269,23536,427805,4434
2021-12-22,San Francisco,075,870044,60663,57520,3319,60839,682
2021-12-22,San Joaquin,077,732212,105365,104385,6020,110405,1870
2021-12-22,San Luis Obispo,079,281455,31573,31175,1440,32615,365
2021-12-22,San Mateo,081,765935,58157,56604,2402,59006,581
2021-12-22,Santa Barbara,083,443738,48198,47372,1807,49179,566
2021-12-22,Santa Clara,085,1922200,159671,156258,1962,158220,1954
2021-12-22,Santa Cruz,087,273765,22482,22075,1166,23241,228
2021-12-22,Shasta,089,179085,23049,22937,3867,26804,432
2021-12-22,Sierra,091,2930,207,202,23,225,0
2021-12-22,Siskiyou,093,43540,3475,3458,1442,4900,59
2021-12-22,Solano,095,438530,47949,47531,1380,48911,375
2021-12-22,Sonoma,097,501317,44947,44201,626,44827,408
2021-12-22,Stanislaus,099,539301,83794,83245,9777,93022,1331
2021-12-22,Sutter,101,95872,14613,14513,428,14941,191
2021-12-22,Tehama,103,63373,8909,8853,1605,10458,136
2021-12-22,Trinity,105,12862,833,826,213,1039,17
2021-12-22,Tulare,107,460477,71645,71226,17546,88772,1137
2021-12-22,Tuolumne,109,53932,7978,7903,116,8019,91
2021-12-22,Ventura,111,848112,105013,103089,4749,107838,1206
2021-12-22,Yolo,113,214977,21300,21012,1411,22423,270
2021-12-22,Yuba,115,75493,10753,10681,430,11111,98
2021-12-21,Alameda,001,1643700,128657,126007,3408,129415,1518
2021-12-21,Alpine,003,1148,113,112,0,112,0
2021-12-21,Amador,005,37829,5886,5845,79,5924,70
2021-12-21,Butte,007,227075,22242,22041,4113,26154,330
2021-12-21,Calaveras,009,45235,4612,4575,71,4646,91
2021-12-21,Colusa,011,21464,2653,2643,711,3354,21
2021-12-21,Contra Costa,013,1133247,105649,104255,2568,106823,1068
2021-12-21,Del Norte,015,27424,3826,3793,59,3852,43
2021-12-21,El Dorado,017,186661,17334,17098,1893,18991,172
2021-12-21,Fresno,019,978130,148566,147707,13049,160756,2341
2021-12-21,Glenn,021,27897,3616,3602,1051,4653,39
2021-12-21,Humboldt,023,135768,10136,9989,790,10779,118
2021-12-21,Imperial,025,180216,37081,36580,4269,40849,792
2021-12-21,Inyo,027,18085,2647,2627,36,2663,47
2021-12-21,Kern,029,883053,135109,134321,25412,159733,1892
2021-12-21,Kings,031,150075,34119,33914,2215,36129,376
2021-12-21,Lake,033,64148,7036,7004,177,7181,116
2021-12-21,Lassen,035,31185,7081,7069,454,7523,55
2021-12-21,Los Angeles,037,10098052,1529306,1501169,61926,1563095,27220
2021-12-21,Madera,039,155013,24820,24688,2323,27011,320
2021-12-21,Marin,041,260295,19372,18828,637,19465,249
2021-12-21,Mariposa,043,17540,1501,1480,55,1535,6
2021-12-21,Mendocino,045,87422,8345,8282,699,8981,97
2021-12-21,Merced,047,269075,44331,44096,2144,46240,688
2021-12-21,Modoc,049,8938,598,595,207,802,6
2021-12-21,Mono,051,14174,2002,1979,20,1999,4
2021-12-21,Monterey,053,433212,49844,49586,4753,54339,638
2021-12-21,Napa,055,140530,13932,13703,141,13844,107
2021-12-21,Nevada,057,99092,10236,10095,372,10467,110
2021-12-21,Orange,059,3164182,325433,320705,17604,338309,5855
2021-12-21,Placer,061,380077,40116,39649,4149,43798,487
2021-12-21,Plumas,063,18699,1992,1975,61,2036,12
2021-12-21,Riverside,065,2383286,387028,382415,17657,400072,5465
2021-12-21,Sacramento,067,1510023,169947,168422,5599,174021,2419
2021-12-21,San Benito,069,59416,8025,7950,202,8152,79
2021-12-21,San Bernardino,071,2135413,378782,374219,12482,386701,6026
2021-12-21,San Diego,073,3302833,410410,402386,23419,425805,4424
2021-12-21,San Francisco,075,870044,59782,56950,3261,60211,681
2021-12-21,San Joaquin,077,732212,105087,104238,6002,110240,1870
2021-12-21,San Luis Obispo,079,281455,31399,31103,1435,32538,365
2021-12-21,San Mateo,081,765935,57671,56381,2299,58680,581
2021-12-21,Santa Barbara,083,443738,47977,47194,1802,48996,564
2021-12-21,Santa Clara,085,1922200,158683,155769,1941,157710,1951
2021-12-21,Santa Cruz,087,273765,22371,22028,1158,23186,228
2021-12-21,Shasta,089,179085,23020,22920,3865,26785,429
2021-12-21,Sierra,091,2930,205,201,23,224,0
2021-12-21,Siskiyou,093,43540,3474,3455,1442,4897,59
2021-12-21,Solano,095,438530,47804,47474,1376,48850,372
2021-12-21,Sonoma,097,501317,44724,44051,624,44675,408
2021-12-21,Stanislaus,099,539301,83645,83167,9759,92926,1331
2021-12-21,Sutter,101,95872,14592,14492,428,14920,190
2021-12-21,Tehama,103,63373,8902,8849,1602,10451,136
2021-12-21,Trinity,105,12862,833,826,213,1039,17
2021-12-21,Tulare,107,460477,71558,71166,17503,88669,1137
2021-12-21,Tuolumne,109,53932,7954,7893,116,8009,91
2021-12-21,Ventura,111,848112,104404,102631,4721,107352,1205
2021-12-21,Yolo,113,214977,21192,20944,1409,22353,267
2021-12-21,Yuba,115,75493,10737,10668,430,11098,98
2021-12-20,Alameda,001,1643700,127765,125762,3362,129124,1515
2021-12-20,Alpine,003,1148,113,112,0,112,0
2021-12-20,Amador,005,37829,5873,5838,79,5917,70
2021-12-20,Butte,007,227075,22181,22030,4104,26134,329
2021-12-20,Calaveras,009,45235,4603,4569,71,4640,91
2021-12-20,Colusa,011,21464,2651,2644,710,3354,21
2021-12-20,Contra Costa,013,1133247,105179,104051,2553,106604,1068
2021-12-20,Del Norte,015,27424,3824,3792,59,3851,43
2021-12-20,El Dorado,017,186661,17273,17083,1884,18967,172
2021-12-20,Fresno,019,978130,148334,147605,13032,160637,2341
2021-12-20,Glenn,021,27897,3608,3597,1051,4648,39
2021-12-20,Humboldt,023,135768,10095,9973,786,10759,118
2021-12-20,Imperial,025,180216,36970,36532,4242,40774,792
2021-12-20,Inyo,027,18085,2644,2615,36,2651,47
2021-12-20,Kern,029,883053,134919,134203,25362,159565,1883
2021-12-20,Kings,031,150075,34077,33898,2214,36112,376
2021-12-20,Lake,033,64148,7031,6999,176,7175,116
2021-12-20,Lassen,035,31185,7079,7065,453,7518,55
2021-12-20,Los Angeles,037,10098052,1518196,1495251,61341,1556592,27188
2021-12-20,Madera,039,155013,24791,24668,2317,26985,313
2021-12-20,Marin,041,260295,19166,18747,625,19372,249
2021-12-20,Mariposa,043,17540,1492,1479,55,1534,6
2021-12-20,Mendocino,045,87422,8333,8264,697,8961,96
2021-12-20,Merced,047,269075,44275,44071,2139,46210,687
2021-12-20,Modoc,049,8938,598,595,204,799,6
2021-12-20,Mono,051,14174,1982,1973,20,1993,4
2021-12-20,Monterey,053,433212,49776,49556,4709,54265,636
2021-12-20,Napa,055,140530,13852,13672,139,13811,107
2021-12-20,Nevada,057,99092,10198,10079,371,10450,109
2021-12-20,Orange,059,3164182,323883,320235,17420,337655,5852
2021-12-20,Placer,061,380077,39995,39579,4126,43705,485
2021-12-20,Plumas,063,18699,1990,1971,60,2031,12
2021-12-20,Riverside,065,2383286,385601,381841,17629,399470,5452
2021-12-20,Sacramento,067,1510023,169403,168153,5565,173718,2414
2021-12-20,San Benito,069,59416,7980,7934,200,8134,79
2021-12-20,San Bernardino,071,2135413,377383,373881,12441,386322,6023
2021-12-20,San Diego,073,3302833,407239,401483,23320,424803,4412
2021-12-20,San Francisco,075,870044,58748,56661,3194,59855,681
2021-12-20,San Joaquin,077,732212,104848,104188,5996,110184,1865
2021-12-20,San Luis Obispo,079,281455,31291,31075,1429,32504,365
2021-12-20,San Mateo,081,765935,57223,56247,2210,58457,581
2021-12-20,Santa Barbara,083,443738,47774,47131,1801,48932,562
2021-12-20,Santa Clara,085,1922200,157737,155427,1904,157331,1950
2021-12-20,Santa Cruz,087,273765,22293,21989,1151,23140,227
2021-12-20,Shasta,089,179085,23001,22888,3861,26749,429
2021-12-20,Sierra,091,2930,204,201,23,224,0
2021-12-20,Siskiyou,093,43540,3473,3453,1440,4893,59
2021-12-20,Solano,095,438530,47695,47394,1368,48762,370
2021-12-20,Sonoma,097,501317,44539,43982,620,44602,408
2021-12-20,Stanislaus,099,539301,83525,83110,9745,92855,1331
2021-12-20,Sutter,101,95872,14570,14480,428,14908,190
2021-12-20,Tehama,103,63373,8894,8840,1601,10441,136
2021-12-20,Trinity,105,12862,833,826,213,1039,17
2021-12-20,Tulare,107,460477,71472,71124,17434,88558,1129
2021-12-20,Tuolumne,109,53932,7941,7867,113,7980,91
2021-12-20,Ventura,111,848112,103905,102452,4704,107156,1203
2021-12-20,Yolo,113,214977,21113,20903,1400,22303,267
2021-12-20,Yuba,115,75493,10720,10656,428,11084,97
2021-12-19,Alameda,001,1643700,126940,125464,3322,128786,1519
2021-12-19,Alpine,003,1148,113,112,0,112,0
2021-12-19,Amador,005,37829,5861,5832,78,5910,70
2021-12-19,Butte,007,227075,22128,22022,4098,26120,329
2021-12-19,Calaveras,009,45235,4587,4563,70,4633,91
2021-12-19,Colusa,011,21464,2651,2643,707,3350,21
2021-12-19,Contra Costa,013,1133247,104719,103906,2532,106438,1068
2021-12-19,Del Norte,015,27424,3820,3797,59,3856,43
2021-12-19,El Dorado,017,186661,17220,17067,1882,18949,172
2021-12-19,Fresno,019,978130,148106,147505,13014,160519,2341
2021-12-19,Glenn,021,27897,3604,3596,1051,4647,39
2021-12-19,Humboldt,023,135768,10056,9957,781,10738,118
2021-12-19,Imperial,025,180216,36845,36501,4200,40701,792
2021-12-19,Inyo,027,18085,2635,2613,36,2649,47
2021-12-19,Kern,029,883053,134728,134136,25298,159434,1883
2021-12-19,Kings,031,150075,34018,33874,2211,36085,378
2021-12-19,Lake,033,64148,7022,6999,173,7172,116
2021-12-19,Lassen,035,31185,7075,7065,453,7518,55
2021-12-19,Los Angeles,037,10098052,1509607,1495082,60831,1555913,27189
2021-12-19,Madera,039,155013,24766,24642,2313,26955,313
2021-12-19,Marin,041,260295,18997,18707,614,19321,249
2021-12-19,Mariposa,043,17540,1486,1475,55,1530,6
2021-12-19,Mendocino,045,87422,8317,8257,694,8951,96
2021-12-19,Merced,047,269075,44179,44045,2131,46176,687
2021-12-19,Modoc,049,8938,597,595,204,799,6
2021-12-19,Mono,051,14174,1977,1968,20,1988,4
2021-12-19,Monterey,053,433212,49701,49516,4662,54178,636
2021-12-19,Napa,055,140530,13779,13659,137,13796,107
2021-12-19,Nevada,057,99092,10163,10057,369,10426,109
2021-12-19,Orange,059,3164182,322550,319615,17259,336874,5852
2021-12-19,Placer,061,380077,39877,39525,4114,43639,485
2021-12-19,Plumas,063,18699,1987,1971,60,2031,12
2021-12-19,Riverside,065,2383286,384185,381305,17603,398908,5452
2021-12-19,Sacramento,067,1510023,168935,167933,5536,173469,2415
2021-12-19,San Benito,069,59416,7955,7929,199,8128,79
2021-12-19,San Bernardino,071,2135413,376147,373480,12419,385899,6023
2021-12-19,San Diego,073,3302833,404776,398197,23232,421429,4406
2021-12-19,San Francisco,075,870044,57899,56358,3124,59482,681
2021-12-19,San Joaquin,077,732212,104593,104125,5984,110109,1865
2021-12-19,San Luis Obispo,079,281455,31180,31035,1421,32456,366
2021-12-19,San Mateo,081,765935,56846,56132,2134,58266,581
2021-12-19,Santa Barbara,083,443738,47556,47070,1799,48869,562
2021-12-19,Santa Clara,085,1922200,156858,155049,1879,156928,1950
2021-12-19,Santa Cruz,087,273765,22192,21960,1145,23105,227
2021-12-19,Shasta,089,179085,22965,22875,3857,26732,429
2021-12-19,Sierra,091,2930,203,201,23,224,0
2021-12-19,Siskiyou,093,43540,3470,3452,1440,4892,59
2021-12-19,Solano,095,438530,47588,47341,1363,48704,370
2021-12-19,Sonoma,097,501317,44360,43944,619,44563,408
2021-12-19,Stanislaus,099,539301,83391,83040,9722,92762,1331
2021-12-19,Sutter,101,95872,14531,14475,427,14902,190
2021-12-19,Tehama,103,63373,8887,8840,1601,10441,136
2021-12-19,Trinity,105,12862,833,826,213,1039,17
2021-12-19,Tulare,107,460477,71378,71085,17392,88477,1129
2021-12-19,Tuolumne,109,53932,7925,7865,111,7976,91
2021-12-19,Ventura,111,848112,103336,102170,4679,106849,1203
2021-12-19,Yolo,113,214977,21040,20887,1384,22271,267
2021-12-19,Yuba,115,75493,10703,10646,426,11072,97
2021-12-18,Alameda,001,1643700,126556,124583,3304,127887,1512
2021-12-18,Alpine,003,1148,113,110,0,110,0
2021-12-18,Amador,005,37829,5855,5821,78,5899,69
2021-12-18,Butte,007,227075,22111,21956,4093,26049,328
2021-12-18,Calaveras,009,45235,4581,4534,70,4604,91
2021-12-18,Colusa,011,21464,2649,2635,705,3340,21
2021-12-18,Contra Costa,013,1133247,104525,103380,2522,105902,1065
2021-12-18,Del Norte,015,27424,3817,3791,59,3850,43
2021-12-18,El Dorado,017,186661,17193,16968,1879,18847,171
2021-12-18,Fresno,019,978130,148003,147038,13010,160048,2335
2021-12-18,Glenn,021,27897,3601,3590,1051,4641,39
2021-12-18,Humboldt,023,135768,10040,9889,781,10670,118
2021-12-18,Imperial,025,180216,36779,36280,4189,40469,790
2021-12-18,Inyo,027,18085,2629,2607,36,2643,47
2021-12-18,Kern,029,883053,134638,133754,25256,159010,1873
2021-12-18,Kings,031,150075,33989,33783,2207,35990,374
2021-12-18,Lake,033,64148,7021,6976,173,7149,115
2021-12-18,Lassen,035,31185,7073,7061,452,7513,55
2021-12-18,Los Angeles,037,10098052,1505804,1484840,60557,1545397,27135
2021-12-18,Madera,039,155013,24752,24575,2311,26886,313
2021-12-18,Marin,041,260295,18902,18537,606,19143,249
2021-12-18,Mariposa,043,17540,1485,1468,55,1523,6
2021-12-18,Mendocino,045,87422,8311,8219,694,8913,95
2021-12-18,Merced,047,269075,44146,43929,2130,46059,686
2021-12-18,Modoc,049,8938,596,595,204,799,6
2021-12-18,Mono,051,14174,1977,1956,20,1976,4
2021-12-18,Monterey,053,433212,49670,49343,4633,53976,635
2021-12-18,Napa,055,140530,13753,13581,136,13717,107
2021-12-18,Nevada,057,99092,10142,9991,366,10357,108
2021-12-18,Orange,059,3164182,321905,318149,17154,335303,5844
2021-12-18,Placer,061,380077,39778,39336,4106,43442,485
2021-12-18,Plumas,063,18699,1987,1964,60,2024,13
2021-12-18,Riverside,065,2383286,383500,379354,17590,396944,5439
2021-12-18,Sacramento,067,1510023,168700,167046,5523,172569,2404
2021-12-18,San Benito,069,59416,7941,7894,199,8093,79
2021-12-18,San Bernardino,071,2135413,375521,371658,12400,384058,6017
2021-12-18,San Diego,073,3302833,403886,397130,23203,420333,4399
2021-12-18,San Francisco,075,870044,57421,55562,3076,58638,679
2021-12-18,San Joaquin,077,732212,104508,103698,5975,109673,1858
2021-12-18,San Luis Obispo,079,281455,31149,30873,1416,32289,365
2021-12-18,San Mateo,081,765935,56637,55730,2107,57837,580
2021-12-18,Santa Barbara,083,443738,47459,46776,1798,48574,562
2021-12-18,Santa Clara,085,1922200,156408,154243,1869,156112,1946
2021-12-18,Santa Cruz,087,273765,22141,21805,1143,22948,225
2021-12-18,Shasta,089,179085,22944,22811,3857,26668,429
2021-12-18,Sierra,091,2930,203,199,23,222,0
2021-12-18,Siskiyou,093,43540,3468,3441,1439,4880,58
2021-12-18,Solano,095,438530,47543,47174,1361,48535,369
2021-12-18,Sonoma,097,501317,44251,43658,617,44275,407
2021-12-18,Stanislaus,099,539301,83312,82736,9712,92448,1330
2021-12-18,Sutter,101,95872,14513,14435,427,14862,190
2021-12-18,Tehama,103,63373,8881,8814,1600,10414,136
2021-12-18,Trinity,105,12862,833,823,213,1036,17
2021-12-18,Tulare,107,460477,71343,70922,17367,88289,1120
2021-12-18,Tuolumne,109,53932,7912,7834,111,7945,91
2021-12-18,Ventura,111,848112,103058,101612,4670,106282,1201
2021-12-18,Yolo,113,214977,21002,20793,1378,22171,267
2021-12-18,Yuba,115,75493,10692,10599,426,11025,96
2021-12-17,Alameda,001,1643700,126248,124583,3284,127867,1512
2021-12-17,Alpine,003,1148,113,110,0,110,0
2021-12-17,Amador,005,37829,5848,5821,78,5899,69
2021-12-17,Butte,007,227075,22091,21956,4087,26043,328
2021-12-17,Calaveras,009,45235,4577,4534,70,4604,91
2021-12-17,Colusa,011,21464,2648,2635,704,3339,21
2021-12-17,Contra Costa,013,1133247,104329,103380,2517,105897,1065
2021-12-17,Del Norte,015,27424,3816,3791,59,3850,43
2021-12-17,El Dorado,017,186661,17165,16968,1877,18845,171
2021-12-17,Fresno,019,978130,147900,147038,13007,160045,2335
2021-12-17,Glenn,021,27897,3597,3590,1051,4641,39
2021-12-17,Humboldt,023,135768,10022,9889,779,10668,118
2021-12-17,Imperial,025,180216,36722,36280,4170,40450,790
2021-12-17,Inyo,027,18085,2625,2607,36,2643,47
2021-12-17,Kern,029,883053,134550,133754,25218,158972,1873
2021-12-17,Kings,031,150075,33971,33783,2207,35990,374
2021-12-17,Lake,033,64148,7017,6976,173,7149,115
2021-12-17,Lassen,035,31185,7073,7061,451,7512,55
2021-12-17,Los Angeles,037,10098052,1501976,1484840,60316,1545156,27135
2021-12-17,Madera,039,155013,24737,24575,2306,26881,313
2021-12-17,Marin,041,260295,18826,18537,601,19138,249
2021-12-17,Mariposa,043,17540,1481,1468,55,1523,6
2021-12-17,Mendocino,045,87422,8300,8219,694,8913,95
2021-12-17,Merced,047,269075,44119,43929,2129,46058,686
2021-12-17,Modoc,049,8938,596,595,204,799,6
2021-12-17,Mono,051,14174,1974,1956,20,1976,4
2021-12-17,Monterey,053,433212,49626,49343,4615,53958,635
2021-12-17,Napa,055,140530,13726,13581,135,13716,107
2021-12-17,Nevada,057,99092,10131,9991,366,10357,108
2021-12-17,Orange,059,3164182,321360,318149,17085,335234,5844
2021-12-17,Placer,061,380077,39725,39336,4100,43436,485
2021-12-17,Plumas,063,18699,1986,1964,60,2024,13
2021-12-17,Riverside,065,2383286,382861,379354,17581,396935,5439
2021-12-17,Sacramento,067,1510023,168476,167046,5512,172558,2404
2021-12-17,San Benito,069,59416,7939,7894,199,8093,79
2021-12-17,San Bernardino,071,2135413,374994,371658,12382,384040,6017
2021-12-17,San Diego,073,3302833,402960,397130,23157,420287,4399
2021-12-17,San Francisco,075,870044,57102,55562,3040,58602,679
2021-12-17,San Joaquin,077,732212,104435,103698,5965,109663,1858
2021-12-17,San Luis Obispo,079,281455,31129,30873,1412,32285,365
2021-12-17,San Mateo,081,765935,56474,55730,2081,57811,580
2021-12-17,Santa Barbara,083,443738,47382,46776,1792,48568,562
2021-12-17,Santa Clara,085,1922200,156041,154243,1853,156096,1946
2021-12-17,Santa Cruz,087,273765,22095,21805,1141,22946,225
2021-12-17,Shasta,089,179085,22931,22811,3854,26665,429
2021-12-17,Sierra,091,2930,202,199,23,222,0
2021-12-17,Siskiyou,093,43540,3464,3441,1437,4878,58
2021-12-17,Solano,095,438530,47475,47174,1357,48531,369
2021-12-17,Sonoma,097,501317,44157,43658,614,44272,407
2021-12-17,Stanislaus,099,539301,83261,82736,9706,92442,1330
2021-12-17,Sutter,101,95872,14502,14435,425,14860,190
2021-12-17,Tehama,103,63373,8874,8814,1599,10413,136
2021-12-17,Trinity,105,12862,833,823,213,1036,17
2021-12-17,Tulare,107,460477,71301,70922,17336,88258,1120
2021-12-17,Tuolumne,109,53932,7900,7834,111,7945,91
2021-12-17,Ventura,111,848112,102810,101612,4660,106272,1201
2021-12-17,Yolo,113,214977,20970,20793,1373,22166,267
2021-12-17,Yuba,115,75493,10681,10599,424,11023,96
2021-12-16,Alameda,001,1643700,125889,124583,3271,127854,1512
2021-12-16,Alpine,003,1148,111,110,0,110,0
2021-12-16,Amador,005,37829,5840,5821,78,5899,69
2021-12-16,Butte,007,227075,22073,21956,4084,26040,328
2021-12-16,Calaveras,009,45235,4569,4534,70,4604,91
2021-12-16,Colusa,011,21464,2648,2635,704,3339,21
2021-12-16,Contra Costa,013,1133247,104113,103380,2505,105885,1065
2021-12-16,Del Norte,015,27424,3813,3791,59,3850,43
2021-12-16,El Dorado,017,186661,17131,16968,1872,18840,171
2021-12-16,Fresno,019,978130,147744,147038,12999,160037,2335
2021-12-16,Glenn,021,27897,3596,3590,1051,4641,39
2021-12-16,Humboldt,023,135768,9998,9889,770,10659,118
2021-12-16,Imperial,025,180216,36640,36280,4141,40421,790
2021-12-16,Inyo,027,18085,2621,2607,35,2642,47
2021-12-16,Kern,029,883053,134409,133754,25171,158925,1873
2021-12-16,Kings,031,150075,33949,33783,2206,35989,374
2021-12-16,Lake,033,64148,7013,6976,173,7149,115
2021-12-16,Lassen,035,31185,7070,7061,450,7511,55
2021-12-16,Los Angeles,037,10098052,1497850,1484840,60064,1544904,27135
2021-12-16,Madera,039,155013,24709,24575,2302,26877,313
2021-12-16,Marin,041,260295,18779,18537,594,19131,249
2021-12-16,Mariposa,043,17540,1478,1468,55,1523,6
2021-12-16,Mendocino,045,87422,8289,8219,691,8910,95
2021-12-16,Merced,047,269075,44081,43929,2129,46058,686
2021-12-16,Modoc,049,8938,596,595,204,799,6
2021-12-16,Mono,051,14174,1965,1956,20,1976,4
2021-12-16,Monterey,053,433212,49564,49343,4587,53930,635
2021-12-16,Napa,055,140530,13696,13581,135,13716,107
2021-12-16,Nevada,057,99092,10106,9991,365,10356,108
2021-12-16,Orange,059,3164182,320766,318149,17008,335157,5844
2021-12-16,Placer,061,380077,39649,39336,4096,43432,485
2021-12-16,Plumas,063,18699,1986,1964,60,2024,13
2021-12-16,Riverside,065,2383286,382068,379354,17567,396921,5439
2021-12-16,Sacramento,067,1510023,168200,167046,5487,172533,2404
2021-12-16,San Benito,069,59416,7932,7894,199,8093,79
2021-12-16,San Bernardino,071,2135413,374371,371658,12366,384024,6017
2021-12-16,San Diego,073,3302833,401783,397130,23095,420225,4399
2021-12-16,San Francisco,075,870044,56746,55562,3009,58571,679
2021-12-16,San Joaquin,077,732212,104322,103698,5957,109655,1858
2021-12-16,San Luis Obispo,079,281455,31065,30873,1406,32279,365
2021-12-16,San Mateo,081,765935,56290,55730,2063,57793,580
2021-12-16,Santa Barbara,083,443738,47263,46776,1789,48565,562
2021-12-16,Santa Clara,085,1922200,155713,154243,1844,156087,1946
2021-12-16,Santa Cruz,087,273765,22048,21805,1140,22945,225
2021-12-16,Shasta,089,179085,22901,22811,3852,26663,429
2021-12-16,Sierra,091,2930,202,199,23,222,0
2021-12-16,Siskiyou,093,43540,3463,3441,1433,4874,58
2021-12-16,Solano,095,438530,47413,47174,1349,48523,369
2021-12-16,Sonoma,097,501317,44058,43658,612,44270,407
2021-12-16,Stanislaus,099,539301,83177,82736,9693,92429,1330
2021-12-16,Sutter,101,95872,14489,14435,424,14859,190
2021-12-16,Tehama,103,63373,8867,8814,1598,10412,136
2021-12-16,Trinity,105,12862,833,823,213,1036,17
2021-12-16,Tulare,107,460477,71253,70922,17309,88231,1120
2021-12-16,Tuolumne,109,53932,7882,7834,111,7945,91
2021-12-16,Ventura,111,848112,102542,101612,4653,106265,1201
2021-12-16,Yolo,113,214977,20922,20793,1367,22160,267
2021-12-16,Yuba,115,75493,10666,10599,423,11022,96
2021-12-15,Alameda,001,1643700,125580,124342,3257,127599,1509
2021-12-15,Alpine,003,1148,111,109,0,109,0
2021-12-15,Amador,005,37829,5834,5810,78,5888,69
2021-12-15,Butte,007,227075,22055,21922,4083,26005,327
2021-12-15,Calaveras,009,45235,4563,4523,70,4593,89
2021-12-15,Colusa,011,21464,2647,2632,703,3335,21
2021-12-15,Contra Costa,013,1133247,103901,103236,2502,105738,1064
2021-12-15,Del Norte,015,27424,3812,3789,58,3847,43
2021-12-15,El Dorado,017,186661,17099,16936,1866,18802,171
2021-12-15,Fresno,019,978130,147618,146859,12989,159848,2319
2021-12-15,Glenn,021,27897,3596,3589,1051,4640,39
2021-12-15,Humboldt,023,135768,9977,9854,769,10623,118
2021-12-15,Imperial,025,180216,36566,36187,4096,40283,789
2021-12-15,Inyo,027,18085,2616,2606,35,2641,47
2021-12-15,Kern,029,883053,134272,133590,25129,158719,1866
2021-12-15,Kings,031,150075,33920,33716,2202,35918,374
2021-12-15,Lake,033,64148,7004,6968,173,7141,115
2021-12-15,Lassen,035,31185,7070,7062,450,7512,55
2021-12-15,Los Angeles,037,10098052,1494022,1482735,59869,1542604,27116
2021-12-15,Madera,039,155013,24691,24549,2298,26847,313
2021-12-15,Marin,041,260295,18721,18514,590,19104,249
2021-12-15,Mariposa,043,17540,1475,1463,55,1518,6
2021-12-15,Mendocino,045,87422,8286,8209,688,8897,95
2021-12-15,Merced,047,269075,44040,43890,2116,46006,685
2021-12-15,Modoc,049,8938,596,595,204,799,6
2021-12-15,Mono,051,14174,1962,1955,20,1975,4
2021-12-15,Monterey,053,433212,49518,49279,4560,53839,635
2021-12-15,Napa,055,140530,13667,13557,133,13690,107
2021-12-15,Nevada,057,99092,10084,9958,365,10323,107
2021-12-15,Orange,059,3164182,320204,317808,16966,334774,5838
2021-12-15,Placer,061,380077,39596,39264,4090,43354,485
2021-12-15,Plumas,063,18699,1982,1957,60,2017,12
2021-12-15,Riverside,065,2383286,381356,378769,17556,396325,5438
2021-12-15,Sacramento,067,1510023,167899,166793,5465,172258,2401
2021-12-15,San Benito,069,59416,7919,7877,199,8076,79
2021-12-15,San Bernardino,071,2135413,373844,371122,12334,383456,6013
2021-12-15,San Diego,073,3302833,400594,396546,23022,419568,4395
2021-12-15,San Francisco,075,870044,56436,55414,2982,58396,679
2021-12-15,San Joaquin,077,732212,104177,103579,5947,109526,1853
2021-12-15,San Luis Obispo,079,281455,31016,30784,1398,32182,365
2021-12-15,San Mateo,081,765935,56169,55657,2040,57697,580
2021-12-15,Santa Barbara,083,443738,47183,46681,1787,48468,562
2021-12-15,Santa Clara,085,1922200,155405,153928,1822,155750,1944
2021-12-15,Santa Cruz,087,273765,22008,21753,1133,22886,225
2021-12-15,Shasta,089,179085,22887,22778,3849,26627,427
2021-12-15,Sierra,091,2930,202,199,23,222,0
2021-12-15,Siskiyou,093,43540,3462,3434,1432,4866,58
2021-12-15,Solano,095,438530,47346,47098,1343,48441,367
2021-12-15,Sonoma,097,501317,43975,43580,607,44187,407
2021-12-15,Stanislaus,099,539301,83070,82628,9685,92313,1298
2021-12-15,Sutter,101,95872,14470,14428,423,14851,189
2021-12-15,Tehama,103,63373,8860,8806,1597,10403,136
2021-12-15,Trinity,105,12862,832,822,213,1035,17
2021-12-15,Tulare,107,460477,71201,70846,17277,88123,1120
2021-12-15,Tuolumne,109,53932,7873,7818,110,7928,91
2021-12-15,Ventura,111,848112,102327,101447,4648,106095,1199
2021-12-15,Yolo,113,214977,20894,20749,1362,22111,267
2021-12-15,Yuba,115,75493,10656,10587,422,11009,96
2021-12-14,Alameda,001,1643700,125280,124272,3246,127518,1506
2021-12-14,Alpine,003,1148,110,109,0,109,0
2021-12-14,Amador,005,37829,5828,5808,77,5885,69
2021-12-14,Butte,007,227075,22023,21901,4082,25983,326
2021-12-14,Calaveras,009,45235,4551,4517,70,4587,89
2021-12-14,Colusa,011,21464,2645,2628,703,3331,21
2021-12-14,Contra Costa,013,1133247,103725,103135,2497,105632,1064
2021-12-14,Del Norte,015,27424,3810,3788,58,3846,43
2021-12-14,El Dorado,017,186661,17067,16915,1864,18779,170
2021-12-14,Fresno,019,978130,147452,146756,12986,159742,2316
2021-12-14,Glenn,021,27897,3594,3589,1051,4640,39
2021-12-14,Humboldt,023,135768,9963,9836,760,10596,118
2021-12-14,Imperial,025,180216,36501,36049,4054,40103,789
2021-12-14,Inyo,027,18085,2616,2601,35,2636,46
2021-12-14,Kern,029,883053,134139,133498,25079,158577,1863
2021-12-14,Kings,031,150075,33883,33693,2199,35892,373
2021-12-14,Lake,033,64148,6995,6961,173,7134,115
2021-12-14,Lassen,035,31185,7070,7061,450,7511,55
2021-12-14,Los Angeles,037,10098052,1490456,1481131,59689,1540820,27099
2021-12-14,Madera,039,155013,24666,24535,2290,26825,313
2021-12-14,Marin,041,260295,18674,18491,588,19079,249
2021-12-14,Mariposa,043,17540,1472,1463,54,1517,6
2021-12-14,Mendocino,045,87422,8258,8206,686,8892,95
2021-12-14,Merced,047,269075,43994,43870,2114,45984,684
2021-12-14,Modoc,049,8938,596,595,204,799,6
2021-12-14,Mono,051,14174,1957,1955,20,1975,4
2021-12-14,Monterey,053,433212,49448,49237,4537,53774,635
2021-12-14,Napa,055,140530,13638,13528,133,13661,107
2021-12-14,Nevada,057,99092,10058,9956,364,10320,106
2021-12-14,Orange,059,3164182,319661,317465,16918,334383,5827
2021-12-14,Placer,061,380077,39520,39221,4085,43306,482
2021-12-14,Plumas,063,18699,1978,1950,58,2008,12
2021-12-14,Riverside,065,2383286,380687,378227,17538,395765,5427
2021-12-14,Sacramento,067,1510023,167599,166605,5440,172045,2394
2021-12-14,San Benito,069,59416,7901,7871,199,8070,79
2021-12-14,San Bernardino,071,2135413,373236,370604,12305,382909,6013
2021-12-14,San Diego,073,3302833,399380,395876,22973,418849,4393
2021-12-14,San Francisco,075,870044,56140,55278,2960,58238,679
2021-12-14,San Joaquin,077,732212,104037,103488,5928,109416,1848
2021-12-14,San Luis Obispo,079,281455,30959,30753,1395,32148,363
2021-12-14,San Mateo,081,765935,56024,55601,2018,57619,580
2021-12-14,Santa Barbara,083,443738,47085,46648,1782,48430,560
2021-12-14,Santa Clara,085,1922200,155094,153814,1809,155623,1945
2021-12-14,Santa Cruz,087,273765,21943,21737,1129,22866,225
2021-12-14,Shasta,089,179085,22860,22756,3848,26604,427
2021-12-14,Sierra,091,2930,200,199,23,222,0
2021-12-14,Siskiyou,093,43540,3458,3430,1431,4861,58
2021-12-14,Solano,095,438530,47299,47065,1337,48402,367
2021-12-14,Sonoma,097,501317,43894,43538,606,44144,407
2021-12-14,Stanislaus,099,539301,82985,82581,9672,92253,1293
2021-12-14,Sutter,101,95872,14458,14421,422,14843,189
2021-12-14,Tehama,103,63373,8856,8805,1597,10402,134
2021-12-14,Trinity,105,12862,832,821,213,1034,17
2021-12-14,Tulare,107,460477,71130,70803,17246,88049,1120
2021-12-14,Tuolumne,109,53932,7860,7815,110,7925,91
2021-12-14,Ventura,111,848112,102108,101343,4641,105984,1199
2021-12-14,Yolo,113,214977,20862,20734,1349,22083,267
2021-12-14,Yuba,115,75493,10639,10574,422,10996,92
2021-12-13,Alameda,001,1643700,125010,124174,3228,127402,1501
2021-12-13,Alpine,003,1148,110,109,0,109,0
2021-12-13,Amador,005,37829,5824,5797,77,5874,69
2021-12-13,Butte,007,227075,22001,21889,4078,25967,326
2021-12-13,Calaveras,009,45235,4544,4507,69,4576,89
2021-12-13,Colusa,011,21464,2643,2627,703,3330,21
2021-12-13,Contra Costa,013,1133247,103578,103041,2485,105526,1064
2021-12-13,Del Norte,015,27424,3806,3787,58,3845,42
2021-12-13,El Dorado,017,186661,17044,16896,1862,18758,170
2021-12-13,Fresno,019,978130,147307,146641,12977,159618,2312
2021-12-13,Glenn,021,27897,3590,3589,1049,4638,37
2021-12-13,Humboldt,023,135768,9934,9821,756,10577,118
2021-12-13,Imperial,025,180216,36422,35974,4035,40009,787
2021-12-13,Inyo,027,18085,2615,2592,35,2627,46
2021-12-13,Kern,029,883053,134015,133381,25027,158408,1863
2021-12-13,Kings,031,150075,33840,33680,2194,35874,372
2021-12-13,Lake,033,64148,6993,6958,171,7129,115
2021-12-13,Lassen,035,31185,7069,7057,450,7507,55
2021-12-13,Los Angeles,037,10098052,1487746,1480195,59526,1539721,27085
2021-12-13,Madera,039,155013,24638,24527,2286,26813,311
2021-12-13,Marin,041,260295,18614,18471,585,19056,249
2021-12-13,Mariposa,043,17540,1469,1462,54,1516,6
2021-12-13,Mendocino,045,87422,8245,8196,684,8880,95
2021-12-13,Merced,047,269075,43958,43848,2109,45957,682
2021-12-13,Modoc,049,8938,595,595,204,799,6
2021-12-13,Mono,051,14174,1955,1952,20,1972,4
2021-12-13,Monterey,053,433212,49403,49222,4511,53733,631
2021-12-13,Napa,055,140530,13625,13518,133,13651,107
2021-12-13,Nevada,057,99092,10039,9946,363,10309,106
2021-12-13,Orange,059,3164182,319201,317112,16867,333979,5824
2021-12-13,Placer,061,380077,39461,39168,4074,43242,481
2021-12-13,Plumas,063,18699,1974,1943,58,2001,12
2021-12-13,Riverside,065,2383286,380110,377728,17522,395250,5414
2021-12-13,Sacramento,067,1510023,167323,166439,5407,171846,2392
2021-12-13,San Benito,069,59416,7892,7856,199,8055,79
2021-12-13,San Bernardino,071,2135413,372677,370274,12299,382573,6011
2021-12-13,San Diego,073,3302833,398487,395266,22923,418189,4389
2021-12-13,San Francisco,075,870044,55874,55245,2943,58188,678
2021-12-13,San Joaquin,077,732212,103923,103449,5919,109368,1846
2021-12-13,San Luis Obispo,079,281455,30915,30746,1392,32138,363
2021-12-13,San Mateo,081,765935,55884,55569,1999,57568,580
2021-12-13,Santa Barbara,083,443738,47001,46608,1777,48385,560
2021-12-13,Santa Clara,085,1922200,154825,153672,1798,155470,1944
2021-12-13,Santa Cruz,087,273765,21889,21698,1126,22824,225
2021-12-13,Shasta,089,179085,22840,22731,3846,26577,426
2021-12-13,Sierra,091,2930,200,199,23,222,0
2021-12-13,Siskiyou,093,43540,3454,3426,1427,4853,57
2021-12-13,Solano,095,438530,47240,47045,1332,48377,365
2021-12-13,Sonoma,097,501317,43799,43492,604,44096,407
2021-12-13,Stanislaus,099,539301,82872,82507,9652,92159,1282
2021-12-13,Sutter,101,95872,14451,14408,422,14830,188
2021-12-13,Tehama,103,63373,8844,8800,1597,10397,134
2021-12-13,Trinity,105,12862,832,820,213,1033,17
2021-12-13,Tulare,107,460477,71075,70758,17221,87979,1114
2021-12-13,Tuolumne,109,53932,7850,7804,110,7914,91
2021-12-13,Ventura,111,848112,101885,101180,4631,105811,1197
2021-12-13,Yolo,113,214977,20817,20706,1342,22048,267
2021-12-13,Yuba,115,75493,10622,10570,422,10992,92
2021-12-12,Alameda,001,1643700,124730,124075,3215,127290,1503
2021-12-12,Alpine,003,1148,110,109,0,109,0
2021-12-12,Amador,005,37829,5817,5797,76,5873,69
2021-12-12,Butte,007,227075,21976,21874,4075,25949,326
2021-12-12,Calaveras,009,45235,4534,4501,69,4570,89
2021-12-12,Colusa,011,21464,2638,2627,700,3327,21
2021-12-12,Contra Costa,013,1133247,103393,102976,2483,105459,1065
2021-12-12,Del Norte,015,27424,3803,3793,58,3851,42
2021-12-12,El Dorado,017,186661,17008,16890,1854,18744,170
2021-12-12,Fresno,019,978130,147147,146518,12967,159485,2310
2021-12-12,Glenn,021,27897,3590,3589,1048,4637,37
2021-12-12,Humboldt,023,135768,9910,9804,749,10553,118
2021-12-12,Imperial,025,180216,36284,35926,4003,39929,787
2021-12-12,Inyo,027,18085,2610,2592,35,2627,46
2021-12-12,Kern,029,883053,133854,133314,24986,158300,1861
2021-12-12,Kings,031,150075,33787,33661,2192,35853,372
2021-12-12,Lake,033,64148,6986,6955,169,7124,115
2021-12-12,Lassen,035,31185,7068,7057,450,7507,55
2021-12-12,Los Angeles,037,10098052,1484953,1479054,59343,1538397,27074
2021-12-12,Madera,039,155013,24608,24493,2281,26774,311
2021-12-12,Marin,041,260295,18561,18451,580,19031,249
2021-12-12,Mariposa,043,17540,1468,1461,54,1515,6
2021-12-12,Mendocino,045,87422,8232,8190,682,8872,95
2021-12-12,Merced,047,269075,43926,43821,2102,45923,682
2021-12-12,Modoc,049,8938,595,595,203,798,6
2021-12-12,Mono,051,14174,1954,1947,20,1967,4
2021-12-12,Monterey,053,433212,49356,49192,4478,53670,631
2021-12-12,Napa,055,140530,13582,13508,131,13639,107
2021-12-12,Nevada,057,99092,10013,9938,362,10300,106
2021-12-12,Orange,059,3164182,318707,316918,16807,333725,5825
2021-12-12,Placer,061,380077,39397,39139,4069,43208,481
2021-12-12,Plumas,063,18699,1970,1942,56,1998,12
2021-12-12,Riverside,065,2383286,379437,377467,17495,394962,5414
2021-12-12,Sacramento,067,1510023,167055,166291,5385,171676,2392
2021-12-12,San Benito,069,59416,7872,7853,199,8052,79
2021-12-12,San Bernardino,071,2135413,372063,369977,12276,382253,6011
2021-12-12,San Diego,073,3302833,397540,393307,22885,416192,4378
2021-12-12,San Francisco,075,870044,55626,55180,2926,58106,678
2021-12-12,San Joaquin,077,732212,103786,103405,5909,109314,1846
2021-12-12,San Luis Obispo,079,281455,30864,30719,1390,32109,363
2021-12-12,San Mateo,081,765935,55781,55505,1985,57490,580
2021-12-12,Santa Barbara,083,443738,46928,46586,1775,48361,560
2021-12-12,Santa Clara,085,1922200,154546,153452,1781,155233,1945
2021-12-12,Santa Cruz,087,273765,21841,21671,1124,22795,225
2021-12-12,Shasta,089,179085,22812,22732,3845,26577,426
2021-12-12,Sierra,091,2930,200,199,23,222,0
2021-12-12,Siskiyou,093,43540,3454,3424,1427,4851,57
2021-12-12,Solano,095,438530,47178,47021,1329,48350,365
2021-12-12,Sonoma,097,501317,43707,43424,601,44025,407
2021-12-12,Stanislaus,099,539301,82773,82460,9642,92102,1282
2021-12-12,Sutter,101,95872,14440,14396,422,14818,189
2021-12-12,Tehama,103,63373,8834,8796,1595,10391,134
2021-12-12,Trinity,105,12862,830,820,213,1033,17
2021-12-12,Tulare,107,460477,71000,70733,17179,87912,1115
2021-12-12,Tuolumne,109,53932,7833,7794,110,7904,91
2021-12-12,Ventura,111,848112,101690,101105,4618,105723,1197
2021-12-12,Yolo,113,214977,20770,20685,1332,22017,267
2021-12-12,Yuba,115,75493,10608,10565,419,10984,92
2021-12-11,Alameda,001,1643700,124607,123572,3212,126784,1496
2021-12-11,Alpine,003,1148,110,109,0,109,0
2021-12-11,Amador,005,37829,5812,5787,76,5863,69
2021-12-11,Butte,007,227075,21962,21819,4074,25893,326
2021-12-11,Calaveras,009,45235,4526,4469,68,4537,89
2021-12-11,Colusa,011,21464,2634,2619,699,3318,21
2021-12-11,Contra Costa,013,1133247,103310,102618,2481,105099,1061
2021-12-11,Del Norte,015,27424,3803,3778,58,3836,42
2021-12-11,El Dorado,017,186661,16987,16796,1853,18649,170
2021-12-11,Fresno,019,978130,147062,145988,12961,158949,2294
2021-12-11,Glenn,021,27897,3590,3585,1047,4632,37
2021-12-11,Humboldt,023,135768,9893,9721,746,10467,118
2021-12-11,Imperial,025,180216,36225,35635,3992,39627,782
2021-12-11,Inyo,027,18085,2605,2576,35,2611,46
2021-12-11,Kern,029,883053,133785,132852,24951,157803,1854
2021-12-11,Kings,031,150075,33773,33530,2190,35720,371
2021-12-11,Lake,033,64148,6985,6932,167,7099,114
2021-12-11,Lassen,035,31185,7067,7049,450,7499,55
2021-12-11,Los Angeles,037,10098052,1483774,1474030,59252,1533282,27031
2021-12-11,Madera,039,155013,24602,24417,2280,26697,311
2021-12-11,Marin,041,260295,18527,18339,577,18916,249
2021-12-11,Mariposa,043,17540,1467,1450,54,1504,6
2021-12-11,Mendocino,045,87422,8225,8130,682,8812,95
2021-12-11,Merced,047,269075,43907,43690,2101,45791,681
2021-12-11,Modoc,049,8938,595,594,203,797,6
2021-12-11,Mono,051,14174,1952,1926,20,1946,4
2021-12-11,Monterey,053,433212,49335,49008,4468,53476,631
2021-12-11,Napa,055,140530,13565,13459,131,13590,107
2021-12-11,Nevada,057,99092,9999,9880,362,10242,106
2021-12-11,Orange,059,3164182,318454,315759,16782,332541,5805
2021-12-11,Placer,061,380077,39340,38959,4062,43021,481
2021-12-11,Plumas,063,18699,1964,1934,56,1990,12
2021-12-11,Riverside,065,2383286,379023,375649,17479,393128,5408
2021-12-11,Sacramento,067,1510023,166929,165530,5375,170905,2386
2021-12-11,San Benito,069,59416,7858,7808,199,8007,79
2021-12-11,San Bernardino,071,2135413,371708,368145,12267,380412,6007
2021-12-11,San Diego,073,3302833,397096,392274,22845,415119,4374
2021-12-11,San Francisco,075,870044,55476,54869,2919,57788,678
2021-12-11,San Joaquin,077,732212,103728,103013,5905,108918,1842
2021-12-11,San Luis Obispo,079,281455,30842,30567,1386,31953,362
2021-12-11,San Mateo,081,765935,55708,55284,1982,57266,580
2021-12-11,Santa Barbara,083,443738,46894,46309,1775,48084,559
2021-12-11,Santa Clara,085,1922200,154349,152846,1769,154615,1941
2021-12-11,Santa Cruz,087,273765,21817,21557,1124,22681,225
2021-12-11,Shasta,089,179085,22797,22660,3841,26501,419
2021-12-11,Sierra,091,2930,200,199,23,222,0
2021-12-11,Siskiyou,093,43540,3449,3418,1424,4842,57
2021-12-11,Solano,095,438530,47149,46891,1324,48215,365
2021-12-11,Sonoma,097,501317,43659,43227,601,43828,407
2021-12-11,Stanislaus,099,539301,82723,82133,9634,91767,1264
2021-12-11,Sutter,101,95872,14431,14354,422,14776,187
2021-12-11,Tehama,103,63373,8831,8776,1593,10369,134
2021-12-11,Trinity,105,12862,830,819,213,1032,17
2021-12-11,Tulare,107,460477,70958,70523,17168,87691,1103
2021-12-11,Tuolumne,109,53932,7824,7760,110,7870,91
2021-12-11,Ventura,111,848112,101614,100711,4612,105323,1195
2021-12-11,Yolo,113,214977,20750,20608,1328,21936,267
2021-12-11,Yuba,115,75493,10596,10519,418,10937,92
2021-12-10,Alameda,001,1643700,124489,123572,3205,126777,1496
2021-12-10,Alpine,003,1148,109,109,0,109,0
2021-12-10,Amador,005,37829,5805,5787,76,5863,69
2021-12-10,Butte,007,227075,21949,21819,4072,25891,326
2021-12-10,Calaveras,009,45235,4523,4469,68,4537,89
2021-12-10,Colusa,011,21464,2633,2619,699,3318,21
2021-12-10,Contra Costa,013,1133247,103214,102618,2480,105098,1061
2021-12-10,Del Norte,015,27424,3803,3778,58,3836,42
2021-12-10,El Dorado,017,186661,16974,16796,1853,18649,170
2021-12-10,Fresno,019,978130,146973,145988,12957,158945,2294
2021-12-10,Glenn,021,27897,3590,3585,1047,4632,37
2021-12-10,Humboldt,023,135768,9876,9721,744,10465,118
2021-12-10,Imperial,025,180216,36168,35635,3976,39611,782
2021-12-10,Inyo,027,18085,2602,2576,35,2611,46
2021-12-10,Kern,029,883053,133697,132852,24927,157779,1854
2021-12-10,Kings,031,150075,33760,33530,2188,35718,371
2021-12-10,Lake,033,64148,6978,6932,167,7099,114
2021-12-10,Lassen,035,31185,7066,7049,450,7499,55
2021-12-10,Los Angeles,037,10098052,1482721,1474030,59163,1533193,27031
2021-12-10,Madera,039,155013,24584,24417,2278,26695,311
2021-12-10,Marin,041,260295,18505,18339,577,18916,249
2021-12-10,Mariposa,043,17540,1464,1450,54,1504,6
2021-12-10,Mendocino,045,87422,8218,8130,681,8811,95
2021-12-10,Merced,047,269075,43891,43690,2099,45789,681
2021-12-10,Modoc,049,8938,595,594,203,797,6
2021-12-10,Mono,051,14174,1949,1926,20,1946,4
2021-12-10,Monterey,053,433212,49305,49008,4457,53465,631
2021-12-10,Napa,055,140530,13553,13459,130,13589,107
2021-12-10,Nevada,057,99092,9990,9880,362,10242,106
2021-12-10,Orange,059,3164182,318186,315759,16748,332507,5805
2021-12-10,Placer,061,380077,39296,38959,4059,43018,481
2021-12-10,Plumas,063,18699,1962,1934,56,1990,12
2021-12-10,Riverside,065,2383286,378617,375649,17468,393117,5408
2021-12-10,Sacramento,067,1510023,166777,165530,5372,170902,2386
2021-12-10,San Benito,069,59416,7854,7808,199,8007,79
2021-12-10,San Bernardino,071,2135413,371342,368145,12248,380393,6007
2021-12-10,San Diego,073,3302833,396557,392274,22831,415105,4374
2021-12-10,San Francisco,075,870044,55392,54869,2913,57782,678
2021-12-10,San Joaquin,077,732212,103676,103013,5901,108914,1842
2021-12-10,San Luis Obispo,079,281455,30832,30567,1382,31949,362
2021-12-10,San Mateo,081,765935,55658,55284,1972,57256,580
2021-12-10,Santa Barbara,083,443738,46858,46309,1774,48083,559
2021-12-10,Santa Clara,085,1922200,154179,152846,1756,154602,1941
2021-12-10,Santa Cruz,087,273765,21798,21557,1123,22680,225
2021-12-10,Shasta,089,179085,22787,22660,3838,26498,419
2021-12-10,Sierra,091,2930,200,199,23,222,0
2021-12-10,Siskiyou,093,43540,3442,3418,1424,4842,57
2021-12-10,Solano,095,438530,47106,46891,1321,48212,365
2021-12-10,Sonoma,097,501317,43625,43227,600,43827,407
2021-12-10,Stanislaus,099,539301,82658,82133,9629,91762,1264
2021-12-10,Sutter,101,95872,14423,14354,421,14775,187
2021-12-10,Tehama,103,63373,8829,8776,1591,10367,134
2021-12-10,Trinity,105,12862,830,819,213,1032,17
2021-12-10,Tulare,107,460477,70930,70523,17141,87664,1103
2021-12-10,Tuolumne,109,53932,7819,7760,110,7870,91
2021-12-10,Ventura,111,848112,101511,100711,4609,105320,1195
2021-12-10,Yolo,113,214977,20735,20608,1326,21934,267
2021-12-10,Yuba,115,75493,10585,10519,417,10936,92
2021-12-09,Alameda,001,1643700,124352,123572,3200,126772,1496
2021-12-09,Alpine,003,1148,109,109,0,109,0
2021-12-09,Amador,005,37829,5802,5787,75,5862,69
2021-12-09,Butte,007,227075,21929,21819,4069,25888,326
2021-12-09,Calaveras,009,45235,4514,4469,68,4537,89
2021-12-09,Colusa,011,21464,2631,2619,699,3318,21
2021-12-09,Contra Costa,013,1133247,103096,102618,2474,105092,1061
2021-12-09,Del Norte,015,27424,3802,3778,58,3836,42
2021-12-09,El Dorado,017,186661,16947,16796,1848,18644,170
2021-12-09,Fresno,019,978130,146828,145988,12948,158936,2294
2021-12-09,Glenn,021,27897,3590,3585,1047,4632,37
2021-12-09,Humboldt,023,135768,9854,9721,743,10464,118
2021-12-09,Imperial,025,180216,36096,35635,3948,39583,782
2021-12-09,Inyo,027,18085,2600,2576,35,2611,46
2021-12-09,Kern,029,883053,133574,132852,24893,157745,1854
2021-12-09,Kings,031,150075,33734,33530,2185,35715,371
2021-12-09,Lake,033,64148,6972,6932,166,7098,114
2021-12-09,Lassen,035,31185,7064,7049,450,7499,55
2021-12-09,Los Angeles,037,10098052,1481234,1474030,59081,1533111,27031
2021-12-09,Madera,039,155013,24559,24417,2275,26692,311
2021-12-09,Marin,041,260295,18492,18339,575,18914,249
2021-12-09,Mariposa,043,17540,1463,1450,54,1504,6
2021-12-09,Mendocino,045,87422,8203,8130,681,8811,95
2021-12-09,Merced,047,269075,43852,43690,2088,45778,681
2021-12-09,Modoc,049,8938,595,594,203,797,6
2021-12-09,Mono,051,14174,1938,1926,20,1946,4
2021-12-09,Monterey,053,433212,49266,49008,4439,53447,631
2021-12-09,Napa,055,140530,13533,13459,126,13585,107
2021-12-09,Nevada,057,99092,9971,9880,362,10242,106
2021-12-09,Orange,059,3164182,317859,315759,16709,332468,5805
2021-12-09,Placer,061,380077,39253,38959,4046,43005,481
2021-12-09,Plumas,063,18699,1955,1934,56,1990,12
2021-12-09,Riverside,065,2383286,378072,375649,17453,393102,5408
2021-12-09,Sacramento,067,1510023,166560,165530,5355,170885,2386
2021-12-09,San Benito,069,59416,7842,7808,198,8006,79
2021-12-09,San Bernardino,071,2135413,370862,368145,12231,380376,6007
2021-12-09,San Diego,073,3302833,395891,392274,22799,415073,4374
2021-12-09,San Francisco,075,870044,55307,54869,2906,57775,678
2021-12-09,San Joaquin,077,732212,103584,103013,5895,108908,1842
2021-12-09,San Luis Obispo,079,281455,30805,30567,1381,31948,362
2021-12-09,San Mateo,081,765935,55577,55284,1964,57248,580
2021-12-09,Santa Barbara,083,443738,46781,46309,1767,48076,559
2021-12-09,Santa Clara,085,1922200,153967,152846,1745,154591,1941
2021-12-09,Santa Cruz,087,273765,21774,21557,1121,22678,225
2021-12-09,Shasta,089,179085,22771,22660,3837,26497,419
2021-12-09,Sierra,091,2930,200,199,23,222,0
2021-12-09,Siskiyou,093,43540,3438,3418,1423,4841,57
2021-12-09,Solano,095,438530,47071,46891,1319,48210,365
2021-12-09,Sonoma,097,501317,43568,43227,599,43826,407
2021-12-09,Stanislaus,099,539301,82588,82133,9615,91748,1264
2021-12-09,Sutter,101,95872,14408,14354,421,14775,187
2021-12-09,Tehama,103,63373,8822,8776,1590,10366,134
2021-12-09,Trinity,105,12862,830,819,213,1032,17
2021-12-09,Tulare,107,460477,70875,70523,17113,87636,1103
2021-12-09,Tuolumne,109,53932,7809,7760,110,7870,91
2021-12-09,Ventura,111,848112,101365,100711,4598,105309,1195
2021-12-09,Yolo,113,214977,20713,20608,1318,21926,267
2021-12-09,Yuba,115,75493,10577,10519,413,10932,92
2021-12-08,Alameda,001,1643700,124214,123438,3190,126628,1496
2021-12-08,Alpine,003,1148,109,108,0,108,0
2021-12-08,Amador,005,37829,5797,5781,75,5856,69
2021-12-08,Butte,007,227075,21913,21780,4066,25846,326
2021-12-08,Calaveras,009,45235,4505,4455,68,4523,89
2021-12-08,Colusa,011,21464,2628,2619,698,3317,21
2021-12-08,Contra Costa,013,1133247,102968,102506,2469,104975,1058
2021-12-08,Del Norte,015,27424,3801,3767,58,3825,42
2021-12-08,El Dorado,017,186661,16913,16757,1848,18605,170
2021-12-08,Fresno,019,978130,146672,145830,12938,158768,2293
2021-12-08,Glenn,021,27897,3589,3584,1045,4629,37
2021-12-08,Humboldt,023,135768,9831,9704,741,10445,117
2021-12-08,Imperial,025,180216,36023,35537,3917,39454,782
2021-12-08,Inyo,027,18085,2597,2570,35,2605,46
2021-12-08,Kern,029,883053,133453,132709,24849,157558,1846
2021-12-08,Kings,031,150075,33699,33468,2184,35652,371
2021-12-08,Lake,033,64148,6967,6927,165,7092,114
2021-12-08,Lassen,035,31185,7062,7041,448,7489,55
2021-12-08,Los Angeles,037,10098052,1479725,1472410,58975,1531385,27018
2021-12-08,Madera,039,155013,24538,24396,2268,26664,311
2021-12-08,Marin,041,260295,18471,18305,572,18877,249
2021-12-08,Mariposa,043,17540,1461,1447,54,1501,6
2021-12-08,Mendocino,045,87422,8191,8118,680,8798,95
2021-12-08,Merced,047,269075,43822,43631,2080,45711,680
2021-12-08,Modoc,049,8938,595,594,203,797,6
2021-12-08,Mono,051,14174,1937,1924,20,1944,4
2021-12-08,Monterey,053,433212,49211,48957,4413,53370,631
2021-12-08,Napa,055,140530,13519,13421,126,13547,107
2021-12-08,Nevada,057,99092,9955,9862,362,10224,106
2021-12-08,Orange,059,3164182,317517,315421,16672,332093,5795
2021-12-08,Placer,061,380077,39200,38934,4041,42975,478
2021-12-08,Plumas,063,18699,1953,1924,56,1980,12
2021-12-08,Riverside,065,2383286,377566,375099,17430,392529,5404
2021-12-08,Sacramento,067,1510023,166311,165278,5323,170601,2373
2021-12-08,San Benito,069,59416,7833,7793,198,7991,79
2021-12-08,San Bernardino,071,2135413,370405,367516,12212,379728,6006
2021-12-08,San Diego,073,3302833,395248,391676,22765,414441,4369
2021-12-08,San Francisco,075,870044,55219,54792,2898,57690,677
2021-12-08,San Joaquin,077,732212,103483,102877,5885,108762,1841
2021-12-08,San Luis Obispo,079,281455,30757,30519,1376,31895,361
2021-12-08,San Mateo,081,765935,55513,55220,1953,57173,580
2021-12-08,Santa Barbara,083,443738,46727,46250,1764,48014,558
2021-12-08,Santa Clara,085,1922200,153805,152674,1733,154407,1937
2021-12-08,Santa Cruz,087,273765,21728,21505,1119,22624,224
2021-12-08,Shasta,089,179085,22750,22616,3831,26447,419
2021-12-08,Sierra,091,2930,200,199,23,222,0
2021-12-08,Siskiyou,093,43540,3437,3415,1421,4836,57
2021-12-08,Solano,095,438530,47041,46837,1318,48155,365
2021-12-08,Sonoma,097,501317,43505,43179,598,43777,405
2021-12-08,Stanislaus,099,539301,82506,82038,9605,91643,1264
2021-12-08,Sutter,101,95872,14392,14336,419,14755,187
2021-12-08,Tehama,103,63373,8814,8768,1590,10358,133
2021-12-08,Trinity,105,12862,830,818,213,1031,17
2021-12-08,Tulare,107,460477,70813,70472,17088,87560,1102
2021-12-08,Tuolumne,109,53932,7796,7749,110,7859,91
2021-12-08,Ventura,111,848112,101236,100647,4595,105242,1194
2021-12-08,Yolo,113,214977,20686,20575,1311,21886,267
2021-12-08,Yuba,115,75493,10563,10499,410,10909,92
2021-12-07,Alameda,001,1643700,124053,123325,3181,126506,1497
2021-12-07,Alpine,003,1148,109,108,0,108,0
2021-12-07,Amador,005,37829,5794,5778,74,5852,69
2021-12-07,Butte,007,227075,21889,21761,4061,25822,324
2021-12-07,Calaveras,009,45235,4489,4445,68,4513,88
2021-12-07,Colusa,011,21464,2627,2619,698,3317,21
2021-12-07,Contra Costa,013,1133247,102845,102421,2460,104881,1058
2021-12-07,Del Norte,015,27424,3800,3766,58,3824,42
2021-12-07,El Dorado,017,186661,16890,16742,1845,18587,170
2021-12-07,Fresno,019,978130,146525,145715,12923,158638,2289
2021-12-07,Glenn,021,27897,3588,3579,1044,4623,36
2021-12-07,Humboldt,023,135768,9807,9693,736,10429,117
2021-12-07,Imperial,025,180216,35945,35502,3899,39401,778
2021-12-07,Inyo,027,18085,2593,2567,35,2602,46
2021-12-07,Kern,029,883053,133297,132564,24794,157358,1838
2021-12-07,Kings,031,150075,33667,33441,2181,35622,372
2021-12-07,Lake,033,64148,6962,6925,165,7090,113
2021-12-07,Lassen,035,31185,7061,7040,447,7487,55
2021-12-07,Los Angeles,037,10098052,1477964,1470904,58875,1529779,27007
2021-12-07,Madera,039,155013,24516,24367,2261,26628,311
2021-12-07,Marin,041,260295,18437,18284,566,18850,249
2021-12-07,Mariposa,043,17540,1459,1446,54,1500,6
2021-12-07,Mendocino,045,87422,8172,8107,680,8787,95
2021-12-07,Merced,047,269075,43780,43600,2074,45674,675
2021-12-07,Modoc,049,8938,595,594,202,796,6
2021-12-07,Mono,051,14174,1932,1921,20,1941,4
2021-12-07,Monterey,053,433212,49142,48880,4381,53261,631
2021-12-07,Napa,055,140530,13501,13409,126,13535,107
2021-12-07,Nevada,057,99092,9941,9858,361,10219,105
2021-12-07,Orange,059,3164182,317187,315138,16623,331761,5784
2021-12-07,Placer,061,380077,39125,38860,4037,42897,474
2021-12-07,Plumas,063,18699,1949,1915,56,1971,12
2021-12-07,Riverside,065,2383286,377040,374552,17414,391966,5397
2021-12-07,Sacramento,067,1510023,166080,165148,5300,170448,2375
2021-12-07,San Benito,069,59416,7817,7776,198,7974,78
2021-12-07,San Bernardino,071,2135413,369861,366981,12197,379178,6007
2021-12-07,San Diego,073,3302833,394391,391110,22725,413835,4357
2021-12-07,San Francisco,075,870044,55112,54729,2890,57619,676
2021-12-07,San Joaquin,077,732212,103365,102797,5873,108670,1839
2021-12-07,San Luis Obispo,079,281455,30718,30495,1374,31869,361
2021-12-07,San Mateo,081,765935,55432,55163,1940,57103,580
2021-12-07,Santa Barbara,083,443738,46657,46205,1762,47967,556
2021-12-07,Santa Clara,085,1922200,153618,152465,1724,154189,1941
2021-12-07,Santa Cruz,087,273765,21681,21493,1119,22612,224
2021-12-07,Shasta,089,179085,22729,22594,3828,26422,418
2021-12-07,Sierra,091,2930,200,199,23,222,0
2021-12-07,Siskiyou,093,43540,3434,3412,1421,4833,57
2021-12-07,Solano,095,438530,47001,46812,1318,48130,365
2021-12-07,Sonoma,097,501317,43432,43154,597,43751,405
2021-12-07,Stanislaus,099,539301,82429,81980,9592,91572,1258
2021-12-07,Sutter,101,95872,14384,14322,418,14740,186
2021-12-07,Tehama,103,63373,8806,8765,1589,10354,133
2021-12-07,Trinity,105,12862,830,818,213,1031,17
2021-12-07,Tulare,107,460477,70755,70411,17059,87470,1103
2021-12-07,Tuolumne,109,53932,7788,7743,110,7853,91
2021-12-07,Ventura,111,848112,101140,100569,4585,105154,1194
2021-12-07,Yolo,113,214977,20660,20560,1309,21869,263
2021-12-07,Yuba,115,75493,10546,10491,409,10900,91
2021-12-06,Alameda,001,1643700,123900,123227,3177,126404,1496
2021-12-06,Alpine,003,1148,109,108,0,108,0
2021-12-06,Amador,005,37829,5788,5769,73,5842,67
2021-12-06,Butte,007,227075,21872,21732,4058,25790,321
2021-12-06,Calaveras,009,45235,4482,4443,68,4511,88
2021-12-06,Colusa,011,21464,2626,2615,694,3309,21
2021-12-06,Contra Costa,013,1133247,102726,102327,2457,104784,1058
2021-12-06,Del Norte,015,27424,3798,3744,58,3802,42
2021-12-06,El Dorado,017,186661,16866,16726,1843,18569,168
2021-12-06,Fresno,019,978130,146333,145539,12914,158453,2285
2021-12-06,Glenn,021,27897,3586,3577,1042,4619,36
2021-12-06,Humboldt,023,135768,9787,9671,729,10400,117
2021-12-06,Imperial,025,180216,35868,35453,3880,39333,778
2021-12-06,Inyo,027,18085,2588,2562,34,2596,46
2021-12-06,Kern,029,883053,133112,132366,24738,157104,1835
2021-12-06,Kings,031,150075,33633,33399,2176,35575,368
2021-12-06,Lake,033,64148,6958,6922,165,7087,113
2021-12-06,Lassen,035,31185,7056,7032,445,7477,51
2021-12-06,Los Angeles,037,10098052,1476338,1470059,58782,1528841,26993
2021-12-06,Madera,039,155013,24489,24334,2258,26592,307
2021-12-06,Marin,041,260295,18408,18252,564,18816,249
2021-12-06,Mariposa,043,17540,1456,1443,54,1497,6
2021-12-06,Mendocino,045,87422,8158,8079,677,8756,95
2021-12-06,Merced,047,269075,43738,43549,2064,45613,672
2021-12-06,Modoc,049,8938,595,593,202,795,6
2021-12-06,Mono,051,14174,1924,1913,20,1933,4
2021-12-06,Monterey,053,433212,49075,48831,4349,53180,626
2021-12-06,Napa,055,140530,13478,13387,124,13511,107
2021-12-06,Nevada,057,99092,9915,9847,360,10207,105
2021-12-06,Orange,059,3164182,316820,314859,16582,331441,5771
2021-12-06,Placer,061,380077,39069,38785,4031,42816,473
2021-12-06,Plumas,063,18699,1941,1913,56,1969,10
2021-12-06,Riverside,065,2383286,376521,374116,17398,391514,5388
2021-12-06,Sacramento,067,1510023,165802,164926,5278,170204,2367
2021-12-06,San Benito,069,59416,7801,7755,198,7953,78
2021-12-06,San Bernardino,071,2135413,369323,366606,12172,378778,5998
2021-12-06,San Diego,073,3302833,393531,390389,22680,413069,4352
2021-12-06,San Francisco,075,870044,55006,54659,2885,57544,674
2021-12-06,San Joaquin,077,732212,103242,102728,5866,108594,1837
2021-12-06,San Luis Obispo,079,281455,30683,30464,1371,31835,361
2021-12-06,San Mateo,081,765935,55367,55112,1927,57039,580
2021-12-06,Santa Barbara,083,443738,46567,46146,1761,47907,556
2021-12-06,Santa Clara,085,1922200,153413,152310,1709,154019,1937
2021-12-06,Santa Cruz,087,273765,21647,21450,1115,22565,224
2021-12-06,Shasta,089,179085,22706,22556,3821,26377,416
2021-12-06,Sierra,091,2930,199,198,23,221,0
2021-12-06,Siskiyou,093,43540,3432,3409,1416,4825,57
2021-12-06,Solano,095,438530,46967,46748,1317,48065,360
2021-12-06,Sonoma,097,501317,43365,43114,589,43703,405
2021-12-06,Stanislaus,099,539301,82332,81889,9570,91459,1241
2021-12-06,Sutter,101,95872,14372,14319,418,14737,186
2021-12-06,Tehama,103,63373,8798,8760,1589,10349,133
2021-12-06,Trinity,105,12862,830,815,212,1027,17
2021-12-06,Tulare,107,460477,70682,70285,17021,87306,1101
2021-12-06,Tuolumne,109,53932,7775,7726,110,7836,91
2021-12-06,Ventura,111,848112,101037,100426,4577,105003,1194
2021-12-06,Yolo,113,214977,20638,20548,1308,21856,263
2021-12-06,Yuba,115,75493,10531,10480,403,10883,91
2021-12-05,Alameda,001,1643700,123717,123104,3169,126273,1496
2021-12-05,Alpine,003,1148,108,108,0,108,0
2021-12-05,Amador,005,37829,5785,5761,73,5834,67
2021-12-05,Butte,007,227075,21838,21720,4051,25771,320
2021-12-05,Calaveras,009,45235,4466,4434,68,4502,88
2021-12-05,Colusa,011,21464,2625,2615,693,3308,21
2021-12-05,Contra Costa,013,1133247,102600,102251,2446,104697,1058
2021-12-05,Del Norte,015,27424,3796,3751,58,3809,42
2021-12-05,El Dorado,017,186661,16827,16717,1837,18554,168
2021-12-05,Fresno,019,978130,146159,145452,12896,158348,2284
2021-12-05,Glenn,021,27897,3584,3577,1040,4617,36
2021-12-05,Humboldt,023,135768,9757,9662,726,10388,117
2021-12-05,Imperial,025,180216,35777,35422,3851,39273,778
2021-12-05,Inyo,027,18085,2581,2559,34,2593,46
2021-12-05,Kern,029,883053,132951,132286,24684,156970,1833
2021-12-05,Kings,031,150075,33568,33360,2176,35536,369
2021-12-05,Lake,033,64148,6954,6919,164,7083,113
2021-12-05,Lassen,035,31185,7054,7031,445,7476,51
2021-12-05,Los Angeles,037,10098052,1474520,1468937,58647,1527584,26991
2021-12-05,Madera,039,155013,24448,24311,2255,26566,307
2021-12-05,Marin,041,260295,18361,18216,556,18772,249
2021-12-05,Mariposa,043,17540,1453,1440,53,1493,6
2021-12-05,Mendocino,045,87422,8140,8069,671,8740,95
2021-12-05,Merced,047,269075,43696,43534,2055,45589,672
2021-12-05,Modoc,049,8938,595,593,202,795,6
2021-12-05,Mono,051,14174,1919,1907,20,1927,4
2021-12-05,Monterey,053,433212,49016,48813,4307,53120,626
2021-12-05,Napa,055,140530,13453,13382,121,13503,107
2021-12-05,Nevada,057,99092,9894,9827,360,10187,105
2021-12-05,Orange,059,3164182,316391,314560,16539,331099,5771
2021-12-05,Placer,061,380077,39012,38738,4022,42760,473
2021-12-05,Plumas,063,18699,1937,1913,55,1968,9
2021-12-05,Riverside,065,2383286,375869,373827,17368,391195,5388
2021-12-05,Sacramento,067,1510023,165511,164721,5260,169981,2367
2021-12-05,San Benito,069,59416,7784,7748,197,7945,78
2021-12-05,San Bernardino,071,2135413,368630,366282,12134,378416,5998
2021-12-05,San Diego,073,3302833,392734,387979,22631,410610,4351
2021-12-05,San Francisco,075,870044,54909,54603,2882,57485,674
2021-12-05,San Joaquin,077,732212,103102,102698,5861,108559,1837
2021-12-05,San Luis Obispo,079,281455,30614,30454,1368,31822,360
2021-12-05,San Mateo,081,765935,55287,55050,1910,56960,580
2021-12-05,Santa Barbara,083,443738,46484,46097,1752,47849,555
2021-12-05,Santa Clara,085,1922200,153156,152114,1689,153803,1933
2021-12-05,Santa Cruz,087,273765,21598,21424,1115,22539,224
2021-12-05,Shasta,089,179085,22648,22550,3820,26370,416
2021-12-05,Sierra,091,2930,199,198,23,221,0
2021-12-05,Siskiyou,093,43540,3430,3409,1413,4822,57
2021-12-05,Solano,095,438530,46908,46715,1315,48030,360
2021-12-05,Sonoma,097,501317,43290,43038,584,43622,405
2021-12-05,Stanislaus,099,539301,82187,81847,9562,91409,1241
2021-12-05,Sutter,101,95872,14348,14303,413,14716,186
2021-12-05,Tehama,103,63373,8791,8755,1588,10343,133
2021-12-05,Trinity,105,12862,829,815,212,1027,17
2021-12-05,Tulare,107,460477,70607,70254,16971,87225,1102
2021-12-05,Tuolumne,109,53932,7763,7718,110,7828,91
2021-12-05,Ventura,111,848112,100901,100367,4564,104931,1194
2021-12-05,Yolo,113,214977,20599,20512,1305,21817,263
2021-12-05,Yuba,115,75493,10518,10467,395,10862,91
2021-12-04,Alameda,001,1643700,123613,122508,3165,125673,1494
2021-12-04,Alpine,003,1148,108,108,0,108,0
2021-12-04,Amador,005,37829,5782,5729,73,5802,67
2021-12-04,Butte,007,227075,21819,21638,4047,25685,318
2021-12-04,Calaveras,009,45235,4458,4392,67,4459,88
2021-12-04,Colusa,011,21464,2625,2600,691,3291,21
2021-12-04,Contra Costa,013,1133247,102529,101824,2440,104264,1056
2021-12-04,Del Norte,015,27424,3793,3726,58,3784,42
2021-12-04,El Dorado,017,186661,16818,16621,1836,18457,168
2021-12-04,Fresno,019,978130,146071,144734,12891,157625,2270
2021-12-04,Glenn,021,27897,3584,3559,1040,4599,36
2021-12-04,Humboldt,023,135768,9742,9596,722,10318,117
2021-12-04,Imperial,025,180216,35722,35206,3838,39044,776
2021-12-04,Inyo,027,18085,2576,2538,34,2572,46
2021-12-04,Kern,029,883053,132874,131771,24661,156432,1817
2021-12-04,Kings,031,150075,33544,33183,2175,35358,367
2021-12-04,Lake,033,64148,6946,6903,163,7066,113
2021-12-04,Lassen,035,31185,7053,7014,443,7457,51
2021-12-04,Los Angeles,037,10098052,1473676,1463270,58571,1521841,26952
2021-12-04,Madera,039,155013,24434,24188,2251,26439,307
2021-12-04,Marin,041,260295,18339,18075,555,18630,249
2021-12-04,Mariposa,043,17540,1449,1421,53,1474,6
2021-12-04,Mendocino,045,87422,8135,7981,671,8652,91
2021-12-04,Merced,047,269075,43669,43337,2053,45390,671
2021-12-04,Modoc,049,8938,595,591,202,793,6
2021-12-04,Mono,051,14174,1919,1883,20,1903,4
2021-12-04,Monterey,053,433212,48988,48682,4295,52977,626
2021-12-04,Napa,055,140530,13443,13327,120,13447,106
2021-12-04,Nevada,057,99092,9887,9752,360,10112,105
2021-12-04,Orange,059,3164182,316166,313112,16512,329624,5748
2021-12-04,Placer,061,380077,38971,38460,4016,42476,473
2021-12-04,Plumas,063,18699,1934,1903,55,1958,7
2021-12-04,Riverside,065,2383286,375511,371768,17362,389130,5381
2021-12-04,Sacramento,067,1510023,165372,163900,5252,169152,2365
2021-12-04,San Benito,069,59416,7759,7688,197,7885,78
2021-12-04,San Bernardino,071,2135413,368249,364154,12120,376274,5983
2021-12-04,San Diego,073,3302833,392256,386710,22602,409312,4350
2021-12-04,San Francisco,075,870044,54843,54286,2878,57164,674
2021-12-04,San Joaquin,077,732212,103050,102286,5859,108145,1835
2021-12-04,San Luis Obispo,079,281455,30593,30318,1364,31682,360
2021-12-04,San Mateo,081,765935,55246,54774,1900,56674,579
2021-12-04,Santa Barbara,083,443738,46439,45774,1752,47526,555
2021-12-04,Santa Clara,085,1922200,153000,151275,1675,152950,1928
2021-12-04,Santa Cruz,087,273765,21572,21286,1114,22400,224
2021-12-04,Shasta,089,179085,22631,22418,3817,26235,414
2021-12-04,Sierra,091,2930,199,196,23,219,0
2021-12-04,Siskiyou,093,43540,3428,3398,1413,4811,57
2021-12-04,Solano,095,438530,46888,46529,1314,47843,360
2021-12-04,Sonoma,097,501317,43244,42778,581,43359,405
2021-12-04,Stanislaus,099,539301,82114,81462,9555,91017,1231
2021-12-04,Sutter,101,95872,14340,14258,412,14670,186
2021-12-04,Tehama,103,63373,8789,8742,1588,10330,131
2021-12-04,Trinity,105,12862,828,801,212,1013,17
2021-12-04,Tulare,107,460477,70570,70014,16942,86956,1100
2021-12-04,Tuolumne,109,53932,7758,7676,110,7786,91
2021-12-04,Ventura,111,848112,100810,99751,4560,104311,1192
2021-12-04,Yolo,113,214977,20579,20442,1304,21746,261
2021-12-04,Yuba,115,75493,10507,10418,394,10812,91
2021-12-03,Alameda,001,1643700,123523,122508,3155,125663,1494
2021-12-03,Alpine,003,1148,108,108,0,108,0
2021-12-03,Amador,005,37829,5777,5729,72,5801,67
2021-12-03,Butte,007,227075,21806,21638,4042,25680,318
2021-12-03,Calaveras,009,45235,4449,4392,67,4459,88
2021-12-03,Colusa,011,21464,2623,2600,691,3291,21
2021-12-03,Contra Costa,013,1133247,102456,101824,2435,104259,1056
2021-12-03,Del Norte,015,27424,3791,3726,58,3784,42
2021-12-03,El Dorado,017,186661,16799,16621,1833,18454,168
2021-12-03,Fresno,019,978130,145956,144734,12889,157623,2270
2021-12-03,Glenn,021,27897,3582,3559,1039,4598,36
2021-12-03,Humboldt,023,135768,9725,9596,720,10316,117
2021-12-03,Imperial,025,180216,35678,35206,3829,39035,776
2021-12-03,Inyo,027,18085,2569,2538,34,2572,46
2021-12-03,Kern,029,883053,132804,131771,24624,156395,1817
2021-12-03,Kings,031,150075,33515,33183,2175,35358,367
2021-12-03,Lake,033,64148,6946,6903,163,7066,113
2021-12-03,Lassen,035,31185,7051,7014,442,7456,51
2021-12-03,Los Angeles,037,10098052,1472767,1463270,58491,1521761,26952
2021-12-03,Madera,039,155013,24408,24188,2247,26435,307
2021-12-03,Marin,041,260295,18307,18075,551,18626,249
2021-12-03,Mariposa,043,17540,1447,1421,53,1474,6
2021-12-03,Mendocino,045,87422,8128,7981,671,8652,91
2021-12-03,Merced,047,269075,43646,43337,2050,45387,671
2021-12-03,Modoc,049,8938,595,591,202,793,6
2021-12-03,Mono,051,14174,1913,1883,20,1903,4
2021-12-03,Monterey,053,433212,48958,48682,4276,52958,626
2021-12-03,Napa,055,140530,13431,13327,120,13447,106
2021-12-03,Nevada,057,99092,9876,9752,360,10112,105
2021-12-03,Orange,059,3164182,315899,313112,16486,329598,5748
2021-12-03,Placer,061,380077,38934,38460,4009,42469,473
2021-12-03,Plumas,063,18699,1931,1903,55,1958,7
2021-12-03,Riverside,065,2383286,375123,371768,17357,389125,5381
2021-12-03,Sacramento,067,1510023,165195,163900,5236,169136,2365
2021-12-03,San Benito,069,59416,7752,7688,197,7885,78
2021-12-03,San Bernardino,071,2135413,367813,364154,12110,376264,5983
2021-12-03,San Diego,073,3302833,391777,386710,22577,409287,4350
2021-12-03,San Francisco,075,870044,54773,54286,2876,57162,674
2021-12-03,San Joaquin,077,732212,102994,102286,5858,108144,1835
2021-12-03,San Luis Obispo,079,281455,30567,30318,1361,31679,360
2021-12-03,San Mateo,081,765935,55187,54774,1894,56668,579
2021-12-03,Santa Barbara,083,443738,46404,45774,1752,47526,555
2021-12-03,Santa Clara,085,1922200,152820,151275,1659,152934,1928
2021-12-03,Santa Cruz,087,273765,21545,21286,1114,22400,224
2021-12-03,Shasta,089,179085,22616,22418,3817,26235,414
2021-12-03,Sierra,091,2930,199,196,23,219,0
2021-12-03,Siskiyou,093,43540,3425,3398,1411,4809,57
2021-12-03,Solano,095,438530,46846,46529,1313,47842,360
2021-12-03,Sonoma,097,501317,43208,42778,579,43357,405
2021-12-03,Stanislaus,099,539301,82057,81462,9546,91008,1231
2021-12-03,Sutter,101,95872,14327,14258,410,14668,186
2021-12-03,Tehama,103,63373,8788,8742,1587,10329,131
2021-12-03,Trinity,105,12862,828,801,212,1013,17
2021-12-03,Tulare,107,460477,70530,70014,16910,86924,1100
2021-12-03,Tuolumne,109,53932,7749,7676,110,7786,91
2021-12-03,Ventura,111,848112,100723,99751,4554,104305,1192
2021-12-03,Yolo,113,214977,20562,20442,1303,21745,261
2021-12-03,Yuba,115,75493,10499,10418,394,10812,91
2021-12-02,Alameda,001,1643700,123376,122508,3147,125655,1494
2021-12-02,Alpine,003,1148,108,108,0,108,0
2021-12-02,Amador,005,37829,5772,5729,71,5800,67
2021-12-02,Butte,007,227075,21781,21638,4039,25677,318
2021-12-02,Calaveras,009,45235,4439,4392,66,4458,88
2021-12-02,Colusa,011,21464,2622,2600,691,3291,21
2021-12-02,Contra Costa,013,1133247,102345,101824,2429,104253,1056
2021-12-02,Del Norte,015,27424,3783,3726,58,3784,42
2021-12-02,El Dorado,017,186661,16779,16621,1831,18452,168
2021-12-02,Fresno,019,978130,145790,144734,12880,157614,2270
2021-12-02,Glenn,021,27897,3582,3559,1038,4597,36
2021-12-02,Humboldt,023,135768,9706,9596,718,10314,117
2021-12-02,Imperial,025,180216,35613,35206,3806,39012,776
2021-12-02,Inyo,027,18085,2564,2538,34,2572,46
2021-12-02,Kern,029,883053,132633,131771,24574,156345,1817
2021-12-02,Kings,031,150075,33461,33183,2173,35356,367
2021-12-02,Lake,033,64148,6942,6903,163,7066,113
2021-12-02,Lassen,035,31185,7047,7014,442,7456,51
2021-12-02,Los Angeles,037,10098052,1471274,1463270,58404,1521674,26952
2021-12-02,Madera,039,155013,24372,24188,2235,26423,307
2021-12-02,Marin,041,260295,18278,18075,546,18621,249
2021-12-02,Mariposa,043,17540,1445,1421,53,1474,6
2021-12-02,Mendocino,045,87422,8112,7981,670,8651,91
2021-12-02,Merced,047,269075,43599,43337,2044,45381,671
2021-12-02,Modoc,049,8938,594,591,202,793,6
2021-12-02,Mono,051,14174,1899,1883,20,1903,4
2021-12-02,Monterey,053,433212,48899,48682,4242,52924,626
2021-12-02,Napa,055,140530,13418,13327,120,13447,106
2021-12-02,Nevada,057,99092,9858,9752,359,10111,105
2021-12-02,Orange,059,3164182,315562,313112,16450,329562,5748
2021-12-02,Placer,061,380077,38870,38460,4003,42463,473
2021-12-02,Plumas,063,18699,1929,1903,55,1958,7
2021-12-02,Riverside,065,2383286,374598,371768,17347,389115,5381
2021-12-02,Sacramento,067,1510023,164969,163900,5226,169126,2365
2021-12-02,San Benito,069,59416,7732,7688,197,7885,78
2021-12-02,San Bernardino,071,2135413,367275,364154,12091,376245,5983
2021-12-02,San Diego,073,3302833,391128,386710,22524,409234,4350
2021-12-02,San Francisco,075,870044,54680,54286,2869,57155,674
2021-12-02,San Joaquin,077,732212,102880,102286,5853,108139,1835
2021-12-02,San Luis Obispo,079,281455,30534,30318,1354,31672,360
2021-12-02,San Mateo,081,765935,55120,54774,1874,56648,579
2021-12-02,Santa Barbara,083,443738,46324,45774,1749,47523,555
2021-12-02,Santa Clara,085,1922200,152576,151275,1643,152918,1928
2021-12-02,Santa Cruz,087,273765,21494,21286,1113,22399,224
2021-12-02,Shasta,089,179085,22584,22418,3816,26234,414
2021-12-02,Sierra,091,2930,199,196,23,219,0
2021-12-02,Siskiyou,093,43540,3424,3398,1404,4802,57
2021-12-02,Solano,095,438530,46795,46529,1311,47840,360
2021-12-02,Sonoma,097,501317,43136,42778,579,43357,405
2021-12-02,Stanislaus,099,539301,81960,81462,9537,90999,1231
2021-12-02,Sutter,101,95872,14314,14258,407,14665,186
2021-12-02,Tehama,103,63373,8781,8742,1585,10327,131
2021-12-02,Trinity,105,12862,828,801,212,1013,17
2021-12-02,Tulare,107,460477,70447,70014,16858,86872,1100
2021-12-02,Tuolumne,109,53932,7734,7676,109,7785,91
2021-12-02,Ventura,111,848112,100599,99751,4552,104303,1192
2021-12-02,Yolo,113,214977,20537,20442,1299,21741,261
2021-12-02,Yuba,115,75493,10483,10418,391,10809,91
2021-12-01,Alameda,001,1643700,123230,122298,3136,125434,1492
2021-12-01,Alpine,003,1148,108,108,0,108,0
2021-12-01,Amador,005,37829,5765,5723,71,5794,67
2021-12-01,Butte,007,227075,21761,21600,4033,25633,318
2021-12-01,Calaveras,009,45235,4434,4371,66,4437,88
2021-12-01,Colusa,011,21464,2615,2595,688,3283,20
2021-12-01,Contra Costa,013,1133247,102239,101651,2418,104069,1048
2021-12-01,Del Norte,015,27424,3781,3722,58,3780,42
2021-12-01,El Dorado,017,186661,16759,16575,1829,18404,166
2021-12-01,Fresno,019,978130,145585,144507,12871,157378,2264
2021-12-01,Glenn,021,27897,3572,3556,1037,4593,36
2021-12-01,Humboldt,023,135768,9682,9573,713,10286,117
2021-12-01,Imperial,025,180216,35533,35085,3779,38864,776
2021-12-01,Inyo,027,18085,2561,2533,34,2567,46
2021-12-01,Kern,029,883053,132489,131580,24521,156101,1804
2021-12-01,Kings,031,150075,33411,33112,2172,35284,364
2021-12-01,Lake,033,64148,6934,6896,162,7058,112
2021-12-01,Lassen,035,31185,7041,7008,440,7448,51
2021-12-01,Los Angeles,037,10098052,1469724,1461394,58307,1519701,26928
2021-12-01,Madera,039,155013,24340,24134,2226,26360,307
2021-12-01,Marin,041,260295,18240,18038,540,18578,249
2021-12-01,Mariposa,043,17540,1441,1415,53,1468,6
2021-12-01,Mendocino,045,87422,8098,7966,665,8631,90
2021-12-01,Merced,047,269075,43545,43259,2023,45282,670
2021-12-01,Modoc,049,8938,594,576,202,778,5
2021-12-01,Mono,051,14174,1898,1876,20,1896,4
2021-12-01,Monterey,053,433212,48853,48611,4230,52841,626
2021-12-01,Napa,055,140530,13401,13319,118,13437,107
2021-12-01,Nevada,057,99092,9845,9706,359,10065,105
2021-12-01,Orange,059,3164182,315202,312772,16413,329185,5735
2021-12-01,Placer,061,380077,38813,38373,3997,42370,472
2021-12-01,Plumas,063,18699,1925,1893,55,1948,7
2021-12-01,Riverside,065,2383286,374079,371189,17330,388519,5369
2021-12-01,Sacramento,067,1510023,164758,163616,5207,168823,2360
2021-12-01,San Benito,069,59416,7718,7669,197,7866,78
2021-12-01,San Bernardino,071,2135413,366706,363368,12069,375437,5973
2021-12-01,San Diego,073,3302833,390314,386056,22473,408529,4346
2021-12-01,San Francisco,075,870044,54601,54199,2862,57061,672
2021-12-01,San Joaquin,077,732212,102774,102109,5852,107961,1834
2021-12-01,San Luis Obispo,079,281455,30494,30238,1350,31588,360
2021-12-01,San Mateo,081,765935,55043,54711,1864,56575,579
2021-12-01,Santa Barbara,083,443738,46254,45681,1747,47428,554
2021-12-01,Santa Clara,085,1922200,152356,150961,1624,152585,1925
2021-12-01,Santa Cruz,087,273765,21464,21191,1112,22303,224
2021-12-01,Shasta,089,179085,22552,22375,3810,26185,410
2021-12-01,Sierra,091,2930,199,195,23,218,0
2021-12-01,Siskiyou,093,43540,3422,3391,1404,4795,55
2021-12-01,Solano,095,438530,46752,46485,1311,47796,360
2021-12-01,Sonoma,097,501317,43062,42713,578,43291,405
2021-12-01,Stanislaus,099,539301,81865,81330,9526,90856,1231
2021-12-01,Sutter,101,95872,14299,14229,406,14635,186
2021-12-01,Tehama,103,63373,8772,8728,1585,10313,130
2021-12-01,Trinity,105,12862,823,801,212,1013,17
2021-12-01,Tulare,107,460477,70371,69953,16816,86769,1098
2021-12-01,Tuolumne,109,53932,7726,7655,109,7764,91
2021-12-01,Ventura,111,848112,100493,99680,4542,104222,1191
2021-12-01,Yolo,113,214977,20509,20393,1298,21691,260
2021-12-01,Yuba,115,75493,10471,10401,390,10791,89
2021-11-30,Alameda,001,1643700,123068,122196,3124,125320,1489
2021-11-30,Alpine,003,1148,108,108,0,108,0
2021-11-30,Amador,005,37829,5757,5716,71,5787,66
2021-11-30,Butte,007,227075,21732,21565,4025,25590,318
2021-11-30,Calaveras,009,45235,4416,4360,66,4426,88
2021-11-30,Colusa,011,21464,2614,2592,688,3280,21
2021-11-30,Contra Costa,013,1133247,102105,101538,2408,103946,1046
2021-11-30,Del Norte,015,27424,3775,3718,58,3776,42
2021-11-30,El Dorado,017,186661,16733,16558,1822,18380,166
2021-11-30,Fresno,019,978130,145390,144384,12865,157249,2259
2021-11-30,Glenn,021,27897,3566,3555,1036,4591,36
2021-11-30,Humboldt,023,135768,9651,9539,707,10246,116
2021-11-30,Imperial,025,180216,35423,34999,3751,38750,773
2021-11-30,Inyo,027,18085,2552,2530,34,2564,46
2021-11-30,Kern,029,883053,132317,131451,24465,155916,1799
2021-11-30,Kings,031,150075,33363,33074,2166,35240,362
2021-11-30,Lake,033,64148,6929,6892,160,7052,110
2021-11-30,Lassen,035,31185,7037,7003,439,7442,51
2021-11-30,Los Angeles,037,10098052,1467954,1460177,58202,1518379,26913
2021-11-30,Madera,039,155013,24306,24108,2221,26329,307
2021-11-30,Marin,041,260295,18196,18010,539,18549,249
2021-11-30,Mariposa,043,17540,1435,1412,53,1465,6
2021-11-30,Mendocino,045,87422,8067,7960,659,8619,89
2021-11-30,Merced,047,269075,43476,43200,2016,45216,668
2021-11-30,Modoc,049,8938,593,576,202,778,5
2021-11-30,Mono,051,14174,1893,1873,20,1893,4
2021-11-30,Monterey,053,433212,48796,48581,4213,52794,626
2021-11-30,Napa,055,140530,13381,13308,118,13426,105
2021-11-30,Nevada,057,99092,9829,9699,358,10057,105
2021-11-30,Orange,059,3164182,314784,312451,16374,328825,5724
2021-11-30,Placer,061,380077,38714,38324,3990,42314,470
2021-11-30,Plumas,063,18699,1920,1887,54,1941,7
2021-11-30,Riverside,065,2383286,373395,370739,17305,388044,5358
2021-11-30,Sacramento,067,1510023,164489,163420,5179,168599,2353
2021-11-30,San Benito,069,59416,7696,7645,196,7841,78
2021-11-30,San Bernardino,071,2135413,366052,363006,12048,375054,5967
2021-11-30,San Diego,073,3302833,389385,385405,22430,407835,4340
2021-11-30,San Francisco,075,870044,54506,54147,2851,56998,672
2021-11-30,San Joaquin,077,732212,102648,101972,5844,107816,1834
2021-11-30,San Luis Obispo,079,281455,30469,30200,1347,31547,360
2021-11-30,San Mateo,081,765935,54962,54656,1838,56494,579
2021-11-30,Santa Barbara,083,443738,46158,45628,1741,47369,553
2021-11-30,Santa Clara,085,1922200,152097,150799,1605,152404,1929
2021-11-30,Santa Cruz,087,273765,21406,21169,1108,22277,224
2021-11-30,Shasta,089,179085,22522,22347,3807,26154,401
2021-11-30,Sierra,091,2930,196,195,23,218,0
2021-11-30,Siskiyou,093,43540,3418,3385,1401,4786,55
2021-11-30,Solano,095,438530,46690,46434,1305,47739,358
2021-11-30,Sonoma,097,501317,42985,42663,577,43240,405
2021-11-30,Stanislaus,099,539301,81762,81276,9499,90775,1227
2021-11-30,Sutter,101,95872,14289,14210,403,14613,186
2021-11-30,Tehama,103,63373,8765,8727,1584,10311,130
2021-11-30,Trinity,105,12862,822,799,212,1011,17
2021-11-30,Tulare,107,460477,70284,69900,16769,86669,1099
2021-11-30,Tuolumne,109,53932,7711,7643,109,7752,91
2021-11-30,Ventura,111,848112,100338,99601,4530,104131,1191
2021-11-30,Yolo,113,214977,20470,20376,1292,21668,260
2021-11-30,Yuba,115,75493,10455,10398,384,10782,89
2021-11-29,Alameda,001,1643700,122914,122136,3114,125250,1489
2021-11-29,Alpine,003,1148,108,108,0,108,0
2021-11-29,Amador,005,37829,5750,5706,71,5777,66
2021-11-29,Butte,007,227075,21705,21544,4019,25563,314
2021-11-29,Calaveras,009,45235,4400,4353,66,4419,88
2021-11-29,Colusa,011,21464,2612,2585,685,3270,20
2021-11-29,Contra Costa,013,1133247,101961,101441,2400,103841,1046
2021-11-29,Del Norte,015,27424,3771,3704,58,3762,42
2021-11-29,El Dorado,017,186661,16715,16534,1817,18351,166
2021-11-29,Fresno,019,978130,145187,144282,12850,157132,2254
2021-11-29,Glenn,021,27897,3563,3555,1035,4590,36
2021-11-29,Humboldt,023,135768,9634,9514,700,10214,115
2021-11-29,Imperial,025,180216,35359,34960,3732,38692,773
2021-11-29,Inyo,027,18085,2547,2529,34,2563,46
2021-11-29,Kern,029,883053,132134,131362,24422,155784,1789
2021-11-29,Kings,031,150075,33310,33059,2162,35221,363
2021-11-29,Lake,033,64148,6918,6889,159,7048,110
2021-11-29,Lassen,035,31185,7035,7003,437,7440,51
2021-11-29,Los Angeles,037,10098052,1466132,1459446,58115,1517561,26889
2021-11-29,Madera,039,155013,24268,24069,2213,26282,307
2021-11-29,Marin,041,260295,18149,17980,534,18514,249
2021-11-29,Mariposa,043,17540,1427,1409,53,1462,6
2021-11-29,Mendocino,045,87422,8050,7954,655,8609,89
2021-11-29,Merced,047,269075,43402,43167,2009,45176,667
2021-11-29,Modoc,049,8938,592,569,202,771,5
2021-11-29,Mono,051,14174,1872,1859,20,1879,4
2021-11-29,Monterey,053,433212,48746,48548,4186,52734,626
2021-11-29,Napa,055,140530,13371,13304,118,13422,104
2021-11-29,Nevada,057,99092,9815,9689,358,10047,105
2021-11-29,Orange,059,3164182,314388,312203,16332,328535,5709
2021-11-29,Placer,061,380077,38649,38261,3985,42246,470
2021-11-29,Plumas,063,18699,1917,1884,54,1938,7
2021-11-29,Riverside,065,2383286,372863,370334,17294,387628,5358
2021-11-29,Sacramento,067,1510023,164238,163282,5145,168427,2342
2021-11-29,San Benito,069,59416,7676,7631,195,7826,77
2021-11-29,San Bernardino,071,2135413,365464,362694,12016,374710,5962
2021-11-29,San Diego,073,3302833,388493,384853,22399,407252,4335
2021-11-29,San Francisco,075,870044,54414,54125,2847,56972,669
2021-11-29,San Joaquin,077,732212,102512,101927,5837,107764,1834
2021-11-29,San Luis Obispo,079,281455,30434,30165,1344,31509,359
2021-11-29,San Mateo,081,765935,54870,54622,1825,56447,579
2021-11-29,Santa Barbara,083,443738,46061,45576,1737,47313,549
2021-11-29,Santa Clara,085,1922200,151828,150620,1599,152219,1925
2021-11-29,Santa Cruz,087,273765,21367,21149,1106,22255,224
2021-11-29,Shasta,089,179085,22488,22315,3803,26118,399
2021-11-29,Sierra,091,2930,196,195,23,218,0
2021-11-29,Siskiyou,093,43540,3415,3374,1394,4768,55
2021-11-29,Solano,095,438530,46644,46412,1303,47715,357
2021-11-29,Sonoma,097,501317,42913,42624,574,43198,405
2021-11-29,Stanislaus,099,539301,81684,81227,9482,90709,1223
2021-11-29,Sutter,101,95872,14273,14204,400,14604,186
2021-11-29,Tehama,103,63373,8760,8720,1579,10299,130
2021-11-29,Trinity,105,12862,817,798,212,1010,17
2021-11-29,Tulare,107,460477,70209,69850,16733,86583,1096
2021-11-29,Tuolumne,109,53932,7698,7627,108,7735,90
2021-11-29,Ventura,111,848112,100217,99520,4520,104040,1190
2021-11-29,Yolo,113,214977,20427,20344,1289,21633,257
2021-11-29,Yuba,115,75493,10438,10395,383,10778,89
2021-11-28,Alameda,001,1643700,122701,122082,3105,125187,1491
2021-11-28,Alpine,003,1148,108,108,0,108,0
2021-11-28,Amador,005,37829,5740,5703,71,5774,66
2021-11-28,Butte,007,227075,21667,21530,4017,25547,313
2021-11-28,Calaveras,009,45235,4378,4350,66,4416,88
2021-11-28,Colusa,011,21464,2608,2586,684,3270,19
2021-11-28,Contra Costa,013,1133247,101793,101355,2388,103743,1046
2021-11-28,Del Norte,015,27424,3766,3703,58,3761,42
2021-11-28,El Dorado,017,186661,16675,16527,1816,18343,166
2021-11-28,Fresno,019,978130,144943,144164,12829,156993,2252
2021-11-28,Glenn,021,27897,3560,3547,1033,4580,36
2021-11-28,Humboldt,023,135768,9602,9499,696,10195,115
2021-11-28,Imperial,025,180216,35252,34929,3709,38638,773
2021-11-28,Inyo,027,18085,2540,2531,34,2565,46
2021-11-28,Kern,029,883053,131927,131279,24366,155645,1789
2021-11-28,Kings,031,150075,33235,33057,2155,35212,364
2021-11-28,Lake,033,64148,6909,6885,157,7042,110
2021-11-28,Lassen,035,31185,7028,7002,433,7435,51
2021-11-28,Los Angeles,037,10098052,1464031,1458646,58026,1516672,26878
2021-11-28,Madera,039,155013,24220,24055,2206,26261,307
2021-11-28,Marin,041,260295,18101,17962,530,18492,249
2021-11-28,Mariposa,043,17540,1423,1406,53,1459,6
2021-11-28,Mendocino,045,87422,8020,7943,650,8593,89
2021-11-28,Merced,047,269075,43338,43166,1992,45158,667
2021-11-28,Modoc,049,8938,591,569,202,771,5
2021-11-28,Mono,051,14174,1867,1841,20,1861,4
2021-11-28,Monterey,053,433212,48690,48537,4157,52694,626
2021-11-28,Napa,055,140530,13359,13303,118,13421,104
2021-11-28,Nevada,057,99092,9786,9684,357,10041,105
2021-11-28,Orange,059,3164182,314011,312028,16293,328321,5693
2021-11-28,Placer,061,380077,38568,38240,3965,42205,470
2021-11-28,Plumas,063,18699,1911,1884,53,1937,7
2021-11-28,Riverside,065,2383286,372208,370051,17273,387324,5358
2021-11-28,Sacramento,067,1510023,163889,163170,5119,168289,2335
2021-11-28,San Benito,069,59416,7658,7623,194,7817,77
2021-11-28,San Bernardino,071,2135413,364753,362407,11992,374399,5958
2021-11-28,San Diego,073,3302833,387604,383025,22335,405360,4325
2021-11-28,San Francisco,075,870044,54342,54082,2841,56923,669
2021-11-28,San Joaquin,077,732212,102329,101895,5820,107715,1834
2021-11-28,San Luis Obispo,079,281455,30371,30152,1340,31492,358
2021-11-28,San Mateo,081,765935,54784,54567,1814,56381,579
2021-11-28,Santa Barbara,083,443738,45983,45551,1726,47277,549
2021-11-28,Santa Clara,085,1922200,151525,150436,1583,152019,1920
2021-11-28,Santa Cruz,087,273765,21296,21110,1105,22215,224
2021-11-28,Shasta,089,179085,22448,22316,3801,26117,400
2021-11-28,Sierra,091,2930,196,195,23,218,0
2021-11-28,Siskiyou,093,43540,3409,3372,1390,4762,55
2021-11-28,Solano,095,438530,46585,46385,1302,47687,356
2021-11-28,Sonoma,097,501317,42829,42583,571,43154,405
2021-11-28,Stanislaus,099,539301,81559,81181,9465,90646,1223
2021-11-28,Sutter,101,95872,14252,14192,394,14586,186
2021-11-28,Tehama,103,63373,8752,8720,1575,10295,130
2021-11-28,Trinity,105,12862,816,797,212,1009,17
2021-11-28,Tulare,107,460477,70114,69833,16678,86511,1095
2021-11-28,Tuolumne,109,53932,7678,7620,108,7728,90
2021-11-28,Ventura,111,848112,100061,99486,4511,103997,1190
2021-11-28,Yolo,113,214977,20386,20333,1288,21621,257
2021-11-28,Yuba,115,75493,10420,10391,381,10772,89
2021-11-27,Alameda,001,1643700,122610,121618,3100,124718,1477
2021-11-27,Alpine,003,1148,108,106,0,106,0
2021-11-27,Amador,005,37829,5739,5670,71,5741,66
2021-11-27,Butte,007,227075,21644,21384,4012,25396,309
2021-11-27,Calaveras,009,45235,4372,4294,66,4360,85
2021-11-27,Colusa,011,21464,2607,2568,682,3250,19
2021-11-27,Contra Costa,013,1133247,101711,100961,2386,103347,1045
2021-11-27,Del Norte,015,27424,3759,3661,58,3719,42
2021-11-27,El Dorado,017,186661,16640,16399,1815,18214,161
2021-11-27,Fresno,019,978130,144835,143386,12825,156211,2246
2021-11-27,Glenn,021,27897,3558,3532,1033,4565,36
2021-11-27,Humboldt,023,135768,9575,9399,693,10092,115
2021-11-27,Imperial,025,180216,35169,34611,3693,38304,769
2021-11-27,Inyo,027,18085,2537,2506,34,2540,45
2021-11-27,Kern,029,883053,131843,130245,24336,154581,1773
2021-11-27,Kings,031,150075,33213,32891,2153,35044,358
2021-11-27,Lake,033,64148,6907,6836,155,6991,110
2021-11-27,Lassen,035,31185,7026,6959,432,7391,47
2021-11-27,Los Angeles,037,10098052,1463053,1454495,57952,1512447,26817
2021-11-27,Madera,039,155013,24200,23880,2202,26082,296
2021-11-27,Marin,041,260295,18063,17857,525,18382,248
2021-11-27,Mariposa,043,17540,1421,1374,53,1427,6
2021-11-27,Mendocino,045,87422,8001,7871,650,8521,89
2021-11-27,Merced,047,269075,43303,42921,1989,44910,664
2021-11-27,Modoc,049,8938,589,551,202,753,5
2021-11-27,Mono,051,14174,1866,1810,20,1830,4
2021-11-27,Monterey,053,433212,48661,48400,4139,52539,625
2021-11-27,Napa,055,140530,13345,13256,118,13374,104
2021-11-27,Nevada,057,99092,9764,9584,356,9940,103
2021-11-27,Orange,059,3164182,313760,310809,16260,327069,5665
2021-11-27,Placer,061,380077,38507,38001,3959,41960,468
2021-11-27,Plumas,063,18699,1907,1860,53,1913,7
2021-11-27,Riverside,065,2383286,371848,367601,17266,384867,5306
2021-11-27,Sacramento,067,1510023,163735,162328,5114,167442,2335
2021-11-27,San Benito,069,59416,7641,7575,194,7769,77
2021-11-27,San Bernardino,071,2135413,364322,360033,11985,372018,5932
2021-11-27,San Diego,073,3302833,387106,382634,22309,404943,4319
2021-11-27,San Francisco,075,870044,54295,53830,2836,56666,669
2021-11-27,San Joaquin,077,732212,102262,101368,5818,107186,1833
2021-11-27,San Luis Obispo,079,281455,30336,29983,1339,31322,358
2021-11-27,San Mateo,081,765935,54735,54360,1805,56165,577
2021-11-27,Santa Barbara,083,443738,45929,45318,1724,47042,548
2021-11-27,Santa Clara,085,1922200,151320,149700,1577,151277,1922
2021-11-27,Santa Cruz,087,273765,21257,20929,1102,22031,222
2021-11-27,Shasta,089,179085,22425,22151,3800,25951,396
2021-11-27,Sierra,091,2930,195,194,23,217,0
2021-11-27,Siskiyou,093,43540,3406,3336,1387,4723,54
2021-11-27,Solano,095,438530,46549,46163,1299,47462,356
2021-11-27,Sonoma,097,501317,42766,42368,571,42939,405
2021-11-27,Stanislaus,099,539301,81486,80782,9447,90229,1220
2021-11-27,Sutter,101,95872,14244,14127,393,14520,181
2021-11-27,Tehama,103,63373,8750,8675,1574,10249,129
2021-11-27,Trinity,105,12862,816,789,212,1001,17
2021-11-27,Tulare,107,460477,70064,69377,16660,86037,1082
2021-11-27,Tuolumne,109,53932,7665,7574,108,7682,90
2021-11-27,Ventura,111,848112,99987,99163,4503,103666,1188
2021-11-27,Yolo,113,214977,20365,20237,1279,21516,257
2021-11-27,Yuba,115,75493,10410,10335,381,10716,88
2021-11-26,Alameda,001,1643700,122507,121618,3098,124716,1477
2021-11-26,Alpine,003,1148,108,106,0,106,0
2021-11-26,Amador,005,37829,5735,5670,71,5741,66
2021-11-26,Butte,007,227075,21621,21384,4007,25391,309
2021-11-26,Calaveras,009,45235,4363,4294,66,4360,85
2021-11-26,Colusa,011,21464,2605,2568,681,3249,19
2021-11-26,Contra Costa,013,1133247,101625,100961,2382,103343,1045
2021-11-26,Del Norte,015,27424,3756,3661,58,3719,42
2021-11-26,El Dorado,017,186661,16623,16399,1812,18211,161
2021-11-26,Fresno,019,978130,144703,143386,12816,156202,2246
2021-11-26,Glenn,021,27897,3551,3532,1033,4565,36
2021-11-26,Humboldt,023,135768,9556,9399,689,10088,115
2021-11-26,Imperial,025,180216,35112,34611,3680,38291,769
2021-11-26,Inyo,027,18085,2537,2506,34,2540,45
2021-11-26,Kern,029,883053,131760,130245,24292,154537,1773
2021-11-26,Kings,031,150075,33189,32891,2151,35042,358
2021-11-26,Lake,033,64148,6905,6836,155,6991,110
2021-11-26,Lassen,035,31185,7020,6959,432,7391,47
2021-11-26,Los Angeles,037,10098052,1462222,1454495,57893,1512388,26817
2021-11-26,Madera,039,155013,24173,23880,2200,26080,296
2021-11-26,Marin,041,260295,18034,17857,525,18382,248
2021-11-26,Mariposa,043,17540,1415,1374,52,1426,6
2021-11-26,Mendocino,045,87422,7991,7871,650,8521,89
2021-11-26,Merced,047,269075,43272,42921,1984,44905,664
2021-11-26,Modoc,049,8938,587,551,202,753,5
2021-11-26,Mono,051,14174,1854,1810,20,1830,4
2021-11-26,Monterey,053,433212,48630,48400,4121,52521,625
2021-11-26,Napa,055,140530,13329,13256,118,13374,104
2021-11-26,Nevada,057,99092,9753,9584,356,9940,103
2021-11-26,Orange,059,3164182,313492,310809,16229,327038,5665
2021-11-26,Placer,061,380077,38463,38001,3951,41952,468
2021-11-26,Plumas,063,18699,1902,1860,53,1913,7
2021-11-26,Riverside,065,2383286,371448,367601,17258,384859,5306
2021-11-26,Sacramento,067,1510023,163624,162328,5109,167437,2335
2021-11-26,San Benito,069,59416,7633,7575,194,7769,77
2021-11-26,San Bernardino,071,2135413,363894,360033,11979,372012,5932
2021-11-26,San Diego,073,3302833,386549,382634,22297,404931,4319
2021-11-26,San Francisco,075,870044,54250,53830,2831,56661,669
2021-11-26,San Joaquin,077,732212,102206,101368,5816,107184,1833
2021-11-26,San Luis Obispo,079,281455,30294,29983,1336,31319,358
2021-11-26,San Mateo,081,765935,54681,54360,1797,56157,577
2021-11-26,Santa Barbara,083,443738,45882,45318,1723,47041,548
2021-11-26,Santa Clara,085,1922200,151153,149700,1568,151268,1922
2021-11-26,Santa Cruz,087,273765,21217,20929,1101,22030,222
2021-11-26,Shasta,089,179085,22406,22151,3798,25949,396
2021-11-26,Sierra,091,2930,195,194,23,217,0
2021-11-26,Siskiyou,093,43540,3403,3336,1386,4722,54
2021-11-26,Solano,095,438530,46513,46163,1298,47461,356
2021-11-26,Sonoma,097,501317,42717,42368,569,42937,405
2021-11-26,Stanislaus,099,539301,81411,80782,9436,90218,1220
2021-11-26,Sutter,101,95872,14231,14127,392,14519,181
2021-11-26,Tehama,103,63373,8748,8675,1573,10248,129
2021-11-26,Trinity,105,12862,815,789,212,1001,17
2021-11-26,Tulare,107,460477,70023,69377,16625,86002,1082
2021-11-26,Tuolumne,109,53932,7656,7574,108,7682,90
2021-11-26,Ventura,111,848112,99907,99163,4500,103663,1188
2021-11-26,Yolo,113,214977,20345,20237,1273,21510,257
2021-11-26,Yuba,115,75493,10404,10335,381,10716,88
2021-11-25,Alameda,001,1643700,122401,121618,3093,124711,1477
2021-11-25,Alpine,003,1148,108,106,0,106,0
2021-11-25,Amador,005,37829,5727,5670,71,5741,66
2021-11-25,Butte,007,227075,21603,21384,4006,25390,309
2021-11-25,Calaveras,009,45235,4358,4294,66,4360,85
2021-11-25,Colusa,011,21464,2602,2568,679,3247,19
2021-11-25,Contra Costa,013,1133247,101521,100961,2378,103339,1045
2021-11-25,Del Norte,015,27424,3751,3661,58,3719,42
2021-11-25,El Dorado,017,186661,16605,16399,1811,18210,161
2021-11-25,Fresno,019,978130,144570,143386,12809,156195,2246
2021-11-25,Glenn,021,27897,3551,3532,1033,4565,36
2021-11-25,Humboldt,023,135768,9537,9399,686,10085,115
2021-11-25,Imperial,025,180216,35068,34611,3668,38279,769
2021-11-25,Inyo,027,18085,2535,2506,34,2540,45
2021-11-25,Kern,029,883053,131661,130245,24246,154491,1773
2021-11-25,Kings,031,150075,33161,32891,2150,35041,358
2021-11-25,Lake,033,64148,6898,6836,155,6991,110
2021-11-25,Lassen,035,31185,7018,6959,431,7390,47
2021-11-25,Los Angeles,037,10098052,1461269,1454495,57832,1512327,26817
2021-11-25,Madera,039,155013,24138,23880,2199,26079,296
2021-11-25,Marin,041,260295,18008,17857,519,18376,248
2021-11-25,Mariposa,043,17540,1412,1374,52,1426,6
2021-11-25,Mendocino,045,87422,7973,7871,650,8521,89
2021-11-25,Merced,047,269075,43233,42921,1979,44900,664
2021-11-25,Modoc,049,8938,586,551,202,753,5
2021-11-25,Mono,051,14174,1842,1810,20,1830,4
2021-11-25,Monterey,053,433212,48591,48400,4107,52507,625
2021-11-25,Napa,055,140530,13321,13256,118,13374,104
2021-11-25,Nevada,057,99092,9735,9584,353,9937,103
2021-11-25,Orange,059,3164182,313228,310809,16201,327010,5665
2021-11-25,Placer,061,380077,38417,38001,3944,41945,468
2021-11-25,Plumas,063,18699,1900,1860,53,1913,7
2021-11-25,Riverside,065,2383286,371035,367601,17251,384852,5306
2021-11-25,Sacramento,067,1510023,163443,162328,5103,167431,2335
2021-11-25,San Benito,069,59416,7626,7575,194,7769,77
2021-11-25,San Bernardino,071,2135413,363501,360033,11964,371997,5932
2021-11-25,San Diego,073,3302833,386102,382634,22277,404911,4319
2021-11-25,San Francisco,075,870044,54201,53830,2828,56658,669
2021-11-25,San Joaquin,077,732212,102123,101368,5812,107180,1833
2021-11-25,San Luis Obispo,079,281455,30266,29983,1333,31316,358
2021-11-25,San Mateo,081,765935,54634,54360,1792,56152,577
2021-11-25,Santa Barbara,083,443738,45845,45318,1721,47039,548
2021-11-25,Santa Clara,085,1922200,150997,149700,1563,151263,1922
2021-11-25,Santa Cruz,087,273765,21185,20929,1101,22030,222
2021-11-25,Shasta,089,179085,22380,22151,3798,25949,396
2021-11-25,Sierra,091,2930,195,194,23,217,0
2021-11-25,Siskiyou,093,43540,3400,3336,1386,4722,54
2021-11-25,Solano,095,438530,46476,46163,1297,47460,356
2021-11-25,Sonoma,097,501317,42662,42368,565,42933,405
2021-11-25,Stanislaus,099,539301,81341,80782,9421,90203,1220
2021-11-25,Sutter,101,95872,14215,14127,391,14518,181
2021-11-25,Tehama,103,63373,8740,8675,1573,10248,129
2021-11-25,Trinity,105,12862,815,789,212,1001,17
2021-11-25,Tulare,107,460477,69959,69377,16597,85974,1082
2021-11-25,Tuolumne,109,53932,7645,7574,108,7682,90
2021-11-25,Ventura,111,848112,99839,99163,4497,103660,1188
2021-11-25,Yolo,113,214977,20316,20237,1269,21506,257
2021-11-25,Yuba,115,75493,10395,10335,380,10715,88
2021-11-24,Alameda,001,1643700,122337,121618,3089,124707,1477
2021-11-24,Alpine,003,1148,108,106,0,106,0
2021-11-24,Amador,005,37829,5717,5670,71,5741,66
2021-11-24,Butte,007,227075,21588,21384,4005,25389,309
2021-11-24,Calaveras,009,45235,4351,4294,66,4360,85
2021-11-24,Colusa,011,21464,2602,2568,678,3246,19
2021-11-24,Contra Costa,013,1133247,101484,100961,2375,103336,1045
2021-11-24,Del Norte,015,27424,3748,3661,58,3719,42
2021-11-24,El Dorado,017,186661,16593,16399,1810,18209,161
2021-11-24,Fresno,019,978130,144515,143386,12809,156195,2246
2021-11-24,Glenn,021,27897,3550,3532,1032,4564,36
2021-11-24,Humboldt,023,135768,9523,9399,686,10085,115
2021-11-24,Imperial,025,180216,35040,34611,3662,38273,769
2021-11-24,Inyo,027,18085,2532,2506,34,2540,45
2021-11-24,Kern,029,883053,131597,130245,24234,154479,1773
2021-11-24,Kings,031,150075,33148,32891,2148,35039,358
2021-11-24,Lake,033,64148,6894,6836,155,6991,110
2021-11-24,Lassen,035,31185,7018,6959,431,7390,47
2021-11-24,Los Angeles,037,10098052,1460789,1454495,57788,1512283,26817
2021-11-24,Madera,039,155013,24115,23880,2193,26073,296
2021-11-24,Marin,041,260295,17996,17857,517,18374,248
2021-11-24,Mariposa,043,17540,1412,1374,52,1426,6
2021-11-24,Mendocino,045,87422,7961,7871,650,8521,89
2021-11-24,Merced,047,269075,43201,42921,1976,44897,664
2021-11-24,Modoc,049,8938,586,551,202,753,5
2021-11-24,Mono,051,14174,1841,1810,20,1830,4
2021-11-24,Monterey,053,433212,48583,48400,4100,52500,625
2021-11-24,Napa,055,140530,13317,13256,118,13374,104
2021-11-24,Nevada,057,99092,9720,9584,353,9937,103
2021-11-24,Orange,059,3164182,313072,310809,16188,326997,5665
2021-11-24,Placer,061,380077,38385,38001,3942,41943,468
2021-11-24,Plumas,063,18699,1898,1860,53,1913,7
2021-11-24,Riverside,065,2383286,370856,367601,17245,384846,5306
2021-11-24,Sacramento,067,1510023,163371,162328,5103,167431,2335
2021-11-24,San Benito,069,59416,7624,7575,194,7769,77
2021-11-24,San Bernardino,071,2135413,363296,360033,11953,371986,5932
2021-11-24,San Diego,073,3302833,385850,382634,22264,404898,4319
2021-11-24,San Francisco,075,870044,54170,53830,2826,56656,669
2021-11-24,San Joaquin,077,732212,102083,101368,5809,107177,1833
2021-11-24,San Luis Obispo,079,281455,30248,29983,1333,31316,358
2021-11-24,San Mateo,081,765935,54604,54360,1791,56151,577
2021-11-24,Santa Barbara,083,443738,45819,45318,1721,47039,548
2021-11-24,Santa Clara,085,1922200,150901,149700,1563,151263,1922
2021-11-24,Santa Cruz,087,273765,21161,20929,1100,22029,222
2021-11-24,Shasta,089,179085,22369,22151,3795,25946,396
2021-11-24,Sierra,091,2930,195,194,23,217,0
2021-11-24,Siskiyou,093,43540,3398,3336,1386,4722,54
2021-11-24,Solano,095,438530,46448,46163,1295,47458,356
2021-11-24,Sonoma,097,501317,42632,42368,563,42931,405
2021-11-24,Stanislaus,099,539301,81303,80782,9416,90198,1220
2021-11-24,Sutter,101,95872,14202,14127,389,14516,181
2021-11-24,Tehama,103,63373,8737,8675,1572,10247,129
2021-11-24,Trinity,105,12862,815,789,212,1001,17
2021-11-24,Tulare,107,460477,69938,69377,16577,85954,1082
2021-11-24,Tuolumne,109,53932,7641,7574,108,7682,90
2021-11-24,Ventura,111,848112,99804,99163,4493,103656,1188
2021-11-24,Yolo,113,214977,20308,20237,1268,21505,257
2021-11-24,Yuba,115,75493,10391,10335,378,10713,88
2021-11-23,Alameda,001,1643700,122224,121618,3080,124698,1477
2021-11-23,Alpine,003,1148,108,106,0,106,0
2021-11-23,Amador,005,37829,5710,5670,71,5741,66
2021-11-23,Butte,007,227075,21559,21384,4001,25385,309
2021-11-23,Calaveras,009,45235,4345,4294,65,4359,85
2021-11-23,Colusa,011,21464,2598,2568,677,3245,19
2021-11-23,Contra Costa,013,1133247,101379,100961,2372,103333,1045
2021-11-23,Del Norte,015,27424,3745,3661,58,3719,42
2021-11-23,El Dorado,017,186661,16562,16399,1807,18206,161
2021-11-23,Fresno,019,978130,144379,143386,12799,156185,2246
2021-11-23,Glenn,021,27897,3544,3532,1032,4564,36
2021-11-23,Humboldt,023,135768,9499,9399,683,10082,115
2021-11-23,Imperial,025,180216,34971,34611,3641,38252,769
2021-11-23,Inyo,027,18085,2528,2506,34,2540,45
2021-11-23,Kern,029,883053,131495,130245,24186,154431,1773
2021-11-23,Kings,031,150075,33108,32891,2147,35038,358
2021-11-23,Lake,033,64148,6889,6836,155,6991,110
2021-11-23,Lassen,035,31185,7014,6959,428,7387,47
2021-11-23,Los Angeles,037,10098052,1459781,1454495,57726,1512221,26817
2021-11-23,Madera,039,155013,24089,23880,2191,26071,296
2021-11-23,Marin,041,260295,17964,17857,513,18370,248
2021-11-23,Mariposa,043,17540,1409,1374,52,1426,6
2021-11-23,Mendocino,045,87422,7940,7871,647,8518,89
2021-11-23,Merced,047,269075,43163,42921,1975,44896,664
2021-11-23,Modoc,049,8938,584,551,202,753,5
2021-11-23,Mono,051,14174,1831,1810,19,1829,4
2021-11-23,Monterey,053,433212,48557,48400,4086,52486,625
2021-11-23,Napa,055,140530,13308,13256,118,13374,104
2021-11-23,Nevada,057,99092,9691,9584,352,9936,103
2021-11-23,Orange,059,3164182,312822,310809,16154,326963,5665
2021-11-23,Placer,061,380077,38327,38001,3925,41926,468
2021-11-23,Plumas,063,18699,1894,1860,53,1913,7
2021-11-23,Riverside,065,2383286,370474,367601,17232,384833,5306
2021-11-23,Sacramento,067,1510023,163190,162328,5090,167418,2335
2021-11-23,San Benito,069,59416,7615,7575,192,7767,77
2021-11-23,San Bernardino,071,2135413,362881,360033,11939,371972,5932
2021-11-23,San Diego,073,3302833,385363,382634,22240,404874,4319
2021-11-23,San Francisco,075,870044,54112,53830,2821,56651,669
2021-11-23,San Joaquin,077,732212,101976,101368,5799,107167,1833
2021-11-23,San Luis Obispo,079,281455,30214,29983,1330,31313,358
2021-11-23,San Mateo,081,765935,54560,54360,1783,56143,577
2021-11-23,Santa Barbara,083,443738,45768,45318,1721,47039,548
2021-11-23,Santa Clara,085,1922200,150689,149700,1551,151251,1922
2021-11-23,Santa Cruz,087,273765,21123,20929,1100,22029,222
2021-11-23,Shasta,089,179085,22333,22151,3794,25945,396
2021-11-23,Sierra,091,2930,195,194,23,217,0
2021-11-23,Siskiyou,093,43540,3393,3336,1385,4721,54
2021-11-23,Solano,095,438530,46394,46163,1291,47454,356
2021-11-23,Sonoma,097,501317,42581,42368,560,42928,405
2021-11-23,Stanislaus,099,539301,81234,80782,9403,90185,1220
2021-11-23,Sutter,101,95872,14186,14127,388,14515,181
2021-11-23,Tehama,103,63373,8724,8675,1571,10246,129
2021-11-23,Trinity,105,12862,814,789,212,1001,17
2021-11-23,Tulare,107,460477,69891,69377,16547,85924,1082
2021-11-23,Tuolumne,109,53932,7630,7574,108,7682,90
2021-11-23,Ventura,111,848112,99721,99163,4488,103651,1188
2021-11-23,Yolo,113,214977,20287,20237,1260,21497,257
2021-11-23,Yuba,115,75493,10379,10335,378,10713,88
2021-11-22,Alameda,001,1643700,122113,121566,3077,124643,1475
2021-11-22,Alpine,003,1148,108,106,0,106,0
2021-11-22,Amador,005,37829,5697,5670,71,5741,66
2021-11-22,Butte,007,227075,21520,21363,3995,25358,305
2021-11-22,Calaveras,009,45235,4333,4294,65,4359,84
2021-11-22,Colusa,011,21464,2595,2565,677,3242,19
2021-11-22,Contra Costa,013,1133247,101293,100877,2367,103244,1045
2021-11-22,Del Norte,015,27424,3742,3659,58,3717,42
2021-11-22,El Dorado,017,186661,16540,16378,1804,18182,161
2021-11-22,Fresno,019,978130,144248,143290,12793,156083,2243
2021-11-22,Glenn,021,27897,3539,3530,1031,4561,36
2021-11-22,Humboldt,023,135768,9472,9389,678,10067,115
2021-11-22,Imperial,025,180216,34909,34562,3627,38189,766
2021-11-22,Inyo,027,18085,2522,2501,34,2535,44
2021-11-22,Kern,029,883053,131333,130091,24136,154227,1762
2021-11-22,Kings,031,150075,33072,32867,2142,35009,358
2021-11-22,Lake,033,64148,6884,6837,155,6992,110
2021-11-22,Lassen,035,31185,7013,6954,427,7381,47
2021-11-22,Los Angeles,037,10098052,1458727,1453945,57646,1511591,26800
2021-11-22,Madera,039,155013,24055,23872,2185,26057,296
2021-11-22,Marin,041,260295,17934,17842,511,18353,248
2021-11-22,Mariposa,043,17540,1405,1372,52,1424,6
2021-11-22,Mendocino,045,87422,7924,7859,646,8505,89
2021-11-22,Merced,047,269075,43112,42898,1964,44862,660
2021-11-22,Modoc,049,8938,583,551,202,753,5
2021-11-22,Mono,051,14174,1817,1809,19,1828,4
2021-11-22,Monterey,053,433212,48536,48374,4075,52449,611
2021-11-22,Napa,055,140530,13300,13255,117,13372,104
2021-11-22,Nevada,057,99092,9672,9575,350,9925,96
2021-11-22,Orange,059,3164182,312579,310654,16128,326782,5663
2021-11-22,Placer,061,380077,38282,37956,3917,41873,465
2021-11-22,Plumas,063,18699,1891,1858,53,1911,7
2021-11-22,Riverside,065,2383286,370039,367301,17221,384522,5283
2021-11-22,Sacramento,067,1510023,162998,162222,5081,167303,2328
2021-11-22,San Benito,069,59416,7595,7567,191,7758,77
2021-11-22,San Bernardino,071,2135413,362472,359851,11929,371780,5916
2021-11-22,San Diego,073,3302833,384872,382132,22215,404347,4317
2021-11-22,San Francisco,075,870044,54022,53778,2813,56591,669
2021-11-22,San Joaquin,077,732212,101851,101299,5794,107093,1833
2021-11-22,San Luis Obispo,079,281455,30188,29963,1329,31292,358
2021-11-22,San Mateo,081,765935,54506,54330,1778,56108,577
2021-11-22,Santa Barbara,083,443738,45697,45279,1721,47000,546
2021-11-22,Santa Clara,085,1922200,150504,149541,1541,151082,1919
2021-11-22,Santa Cruz,087,273765,21082,20891,1100,21991,222
2021-11-22,Shasta,089,179085,22320,22116,3790,25906,393
2021-11-22,Sierra,091,2930,195,193,23,216,0
2021-11-22,Siskiyou,093,43540,3387,3336,1383,4719,54
2021-11-22,Solano,095,438530,46346,46153,1289,47442,356
2021-11-22,Sonoma,097,501317,42525,42344,559,42903,404
2021-11-22,Stanislaus,099,539301,81145,80718,9394,90112,1209
2021-11-22,Sutter,101,95872,14170,14125,386,14511,181
2021-11-22,Tehama,103,63373,8718,8669,1566,10235,127
2021-11-22,Trinity,105,12862,813,785,211,996,17
2021-11-22,Tulare,107,460477,69828,69314,16512,85826,1075
2021-11-22,Tuolumne,109,53932,7615,7567,108,7675,90
2021-11-22,Ventura,111,848112,99654,99114,4485,103599,1186
2021-11-22,Yolo,113,214977,20264,20227,1258,21485,257
2021-11-22,Yuba,115,75493,10370,10332,377,10709,88
2021-11-21,Alameda,001,1643700,121993,121443,3073,124516,1475
2021-11-21,Alpine,003,1148,106,106,0,106,0
2021-11-21,Amador,005,37829,5692,5662,70,5732,66
2021-11-21,Butte,007,227075,21479,21342,3990,25332,306
2021-11-21,Calaveras,009,45235,4324,4287,65,4352,84
2021-11-21,Colusa,011,21464,2591,2562,676,3238,19
2021-11-21,Contra Costa,013,1133247,101191,100807,2361,103168,1045
2021-11-21,Del Norte,015,27424,3738,3659,58,3717,42
2021-11-21,El Dorado,017,186661,16513,16370,1798,18168,161
2021-11-21,Fresno,019,978130,144083,143203,12778,155981,2242
2021-11-21,Glenn,021,27897,3536,3529,1031,4560,36
2021-11-21,Humboldt,023,135768,9449,9378,676,10054,115
2021-11-21,Imperial,025,180216,34820,34527,3616,38143,766
2021-11-21,Inyo,027,18085,2515,2501,34,2535,44
2021-11-21,Kern,029,883053,131170,130020,24090,154110,1762
2021-11-21,Kings,031,150075,33035,32843,2138,34981,356
2021-11-21,Lake,033,64148,6877,6834,155,6989,110
2021-11-21,Lassen,035,31185,7004,6953,427,7380,47
2021-11-21,Los Angeles,037,10098052,1457661,1453181,57597,1510778,26793
2021-11-21,Madera,039,155013,24029,23856,2183,26039,296
2021-11-21,Marin,041,260295,17905,17829,508,18337,248
2021-11-21,Mariposa,043,17540,1404,1371,51,1422,6
2021-11-21,Mendocino,045,87422,7918,7846,643,8489,89
2021-11-21,Merced,047,269075,43057,42881,1960,44841,660
2021-11-21,Modoc,049,8938,579,551,202,753,5
2021-11-21,Mono,051,14174,1809,1799,19,1818,4
2021-11-21,Monterey,053,433212,48495,48358,4060,52418,611
2021-11-21,Napa,055,140530,13288,13250,117,13367,104
2021-11-21,Nevada,057,99092,9647,9556,349,9905,96
2021-11-21,Orange,059,3164182,312326,310477,16096,326573,5663
2021-11-21,Placer,061,380077,38200,37929,3916,41845,465
2021-11-21,Plumas,063,18699,1890,1858,53,1911,7
2021-11-21,Riverside,065,2383286,369551,367093,17213,384306,5283
2021-11-21,Sacramento,067,1510023,162781,162087,5069,167156,2327
2021-11-21,San Benito,069,59416,7581,7563,190,7753,77
2021-11-21,San Bernardino,071,2135413,361995,359621,11894,371515,5912
2021-11-21,San Diego,073,3302833,384335,380747,22190,402937,4317
2021-11-21,San Francisco,075,870044,53957,53741,2805,56546,669
2021-11-21,San Joaquin,077,732212,101747,101264,5781,107045,1833
2021-11-21,San Luis Obispo,079,281455,30151,29948,1329,31277,358
2021-11-21,San Mateo,081,765935,54461,54290,1772,56062,577
2021-11-21,Santa Barbara,083,443738,45637,45237,1718,46955,546
2021-11-21,Santa Clara,085,1922200,150300,149387,1521,150908,1918
2021-11-21,Santa Cruz,087,273765,21038,20866,1098,21964,222
2021-11-21,Shasta,089,179085,22290,22112,3788,25900,393
2021-11-21,Sierra,091,2930,195,193,23,216,0
2021-11-21,Siskiyou,093,43540,3384,3333,1380,4713,54
2021-11-21,Solano,095,438530,46292,46122,1282,47404,356
2021-11-21,Sonoma,097,501317,42466,42298,558,42856,404
2021-11-21,Stanislaus,099,539301,81047,80687,9381,90068,1209
2021-11-21,Sutter,101,95872,14156,14111,386,14497,181
2021-11-21,Tehama,103,63373,8712,8669,1565,10234,127
2021-11-21,Trinity,105,12862,811,784,209,993,17
2021-11-21,Tulare,107,460477,69747,69285,16473,85758,1075
2021-11-21,Tuolumne,109,53932,7607,7560,107,7667,90
2021-11-21,Ventura,111,848112,99563,99081,4481,103562,1186
2021-11-21,Yolo,113,214977,20237,20209,1255,21464,257
2021-11-21,Yuba,115,75493,10361,10326,377,10703,88
2021-11-20,Alameda,001,1643700,121904,121059,3066,124125,1473
2021-11-20,Alpine,003,1148,106,105,0,105,0
2021-11-20,Amador,005,37829,5686,5652,69,5721,66
2021-11-20,Butte,007,227075,21464,21265,3985,25250,300
2021-11-20,Calaveras,009,45235,4315,4268,65,4333,84
2021-11-20,Colusa,011,21464,2591,2549,674,3223,19
2021-11-20,Contra Costa,013,1133247,101113,100491,2357,102848,1043
2021-11-20,Del Norte,015,27424,3735,3637,58,3695,42
2021-11-20,El Dorado,017,186661,16492,16308,1796,18104,161
2021-11-20,Fresno,019,978130,144012,142579,12771,155350,2233
2021-11-20,Glenn,021,27897,3536,3526,1030,4556,35
2021-11-20,Humboldt,023,135768,9436,9302,674,9976,115
2021-11-20,Imperial,025,180216,34767,34312,3610,37922,766
2021-11-20,Inyo,027,18085,2514,2467,34,2501,44
2021-11-20,Kern,029,883053,131069,129488,24053,153541,1750
2021-11-20,Kings,031,150075,33025,32720,2138,34858,354
2021-11-20,Lake,033,64148,6874,6808,155,6963,110
2021-11-20,Lassen,035,31185,7003,6931,427,7358,47
2021-11-20,Los Angeles,037,10098052,1457049,1448963,57551,1506514,26741
2021-11-20,Madera,039,155013,24017,23720,2180,25900,296
2021-11-20,Marin,041,260295,17890,17774,508,18282,248
2021-11-20,Mariposa,043,17540,1403,1354,51,1405,6
2021-11-20,Mendocino,045,87422,7910,7773,643,8416,89
2021-11-20,Merced,047,269075,43032,42692,1960,44652,656
2021-11-20,Modoc,049,8938,578,550,202,752,5
2021-11-20,Mono,051,14174,1808,1767,19,1786,4
2021-11-20,Monterey,053,433212,48482,48260,4051,52311,609
2021-11-20,Napa,055,140530,13285,13184,117,13301,103
2021-11-20,Nevada,057,99092,9631,9480,349,9829,92
2021-11-20,Orange,059,3164182,312127,309672,16080,325752,5658
2021-11-20,Placer,061,380077,38159,37800,3911,41711,462
2021-11-20,Plumas,063,18699,1887,1841,52,1893,7
2021-11-20,Riverside,065,2383286,369279,365809,17200,383009,5265
2021-11-20,Sacramento,067,1510023,162678,161533,5065,166598,2316
2021-11-20,San Benito,069,59416,7577,7533,190,7723,77
2021-11-20,San Bernardino,071,2135413,361729,358322,11884,370206,5897
2021-11-20,San Diego,073,3302833,384005,380147,22162,402309,4311
2021-11-20,San Francisco,075,870044,53919,53525,2804,56329,669
2021-11-20,San Joaquin,077,732212,101700,100922,5775,106697,1832
2021-11-20,San Luis Obispo,079,281455,30136,29815,1328,31143,355
2021-11-20,San Mateo,081,765935,54430,54132,1768,55900,577
2021-11-20,Santa Barbara,083,443738,45605,45074,1718,46792,544
2021-11-20,Santa Clara,085,1922200,150195,148829,1520,150349,1917
2021-11-20,Santa Cruz,087,273765,21019,20756,1098,21854,222
2021-11-20,Shasta,089,179085,22266,21968,3787,25755,383
2021-11-20,Sierra,091,2930,195,191,23,214,0
2021-11-20,Siskiyou,093,43540,3381,3313,1380,4693,54
2021-11-20,Solano,095,438530,46271,46006,1282,47288,356
2021-11-20,Sonoma,097,501317,42436,42151,558,42709,403
2021-11-20,Stanislaus,099,539301,81001,80412,9376,89788,1205
2021-11-20,Sutter,101,95872,14148,14074,386,14460,181
2021-11-20,Tehama,103,63373,8707,8648,1565,10213,125
2021-11-20,Trinity,105,12862,807,771,209,980,17
2021-11-20,Tulare,107,460477,69710,69074,16452,85526,1054
2021-11-20,Tuolumne,109,53932,7598,7511,107,7618,90
2021-11-20,Ventura,111,848112,99514,98893,4474,103367,1186
2021-11-20,Yolo,113,214977,20230,20139,1251,21390,257
2021-11-20,Yuba,115,75493,10355,10290,376,10666,88
2021-11-19,Alameda,001,1643700,121833,121059,3063,124122,1473
2021-11-19,Alpine,003,1148,106,105,0,105,0
2021-11-19,Amador,005,37829,5676,5652,69,5721,66
2021-11-19,Butte,007,227075,21441,21265,3978,25243,300
2021-11-19,Calaveras,009,45235,4308,4268,65,4333,84
2021-11-19,Colusa,011,21464,2589,2549,673,3222,19
2021-11-19,Contra Costa,013,1133247,101056,100491,2352,102843,1043
2021-11-19,Del Norte,015,27424,3730,3637,58,3695,42
2021-11-19,El Dorado,017,186661,16471,16308,1794,18102,161
2021-11-19,Fresno,019,978130,143897,142579,12767,155346,2233
2021-11-19,Glenn,021,27897,3535,3526,1029,4555,35
2021-11-19,Humboldt,023,135768,9423,9302,671,9973,115
2021-11-19,Imperial,025,180216,34728,34312,3602,37914,766
2021-11-19,Inyo,027,18085,2510,2467,34,2501,44
2021-11-19,Kern,029,883053,130965,129488,24011,153499,1750
2021-11-19,Kings,031,150075,32999,32720,2136,34856,354
2021-11-19,Lake,033,64148,6871,6808,155,6963,110
2021-11-19,Lassen,035,31185,6999,6931,426,7357,47
2021-11-19,Los Angeles,037,10098052,1456374,1448963,57495,1506458,26741
2021-11-19,Madera,039,155013,23996,23720,2178,25898,296
2021-11-19,Marin,041,260295,17871,17774,506,18280,248
2021-11-19,Mariposa,043,17540,1401,1354,51,1405,6
2021-11-19,Mendocino,045,87422,7890,7773,643,8416,89
2021-11-19,Merced,047,269075,43006,42692,1959,44651,656
2021-11-19,Modoc,049,8938,577,550,202,752,5
2021-11-19,Mono,051,14174,1801,1767,19,1786,4
2021-11-19,Monterey,053,433212,48468,48260,4042,52302,609
2021-11-19,Napa,055,140530,13275,13184,116,13300,103
2021-11-19,Nevada,057,99092,9618,9480,349,9829,92
2021-11-19,Orange,059,3164182,311972,309672,16055,325727,5658
2021-11-19,Placer,061,380077,38121,37800,3907,41707,462
2021-11-19,Plumas,063,18699,1883,1841,52,1893,7
2021-11-19,Riverside,065,2383286,369007,365809,17194,383003,5265
2021-11-19,Sacramento,067,1510023,162556,161533,5061,166594,2316
2021-11-19,San Benito,069,59416,7571,7533,188,7721,77
2021-11-19,San Bernardino,071,2135413,361415,358322,11878,370200,5897
2021-11-19,San Diego,073,3302833,383603,380147,22135,402282,4311
2021-11-19,San Francisco,075,870044,53882,53525,2803,56328,669
2021-11-19,San Joaquin,077,732212,101646,100922,5771,106693,1832
2021-11-19,San Luis Obispo,079,281455,30118,29815,1326,31141,355
2021-11-19,San Mateo,081,765935,54390,54132,1757,55889,577
2021-11-19,Santa Barbara,083,443738,45569,45074,1718,46792,544
2021-11-19,Santa Clara,085,1922200,150050,148829,1516,150345,1917
2021-11-19,Santa Cruz,087,273765,20992,20756,1095,21851,222
2021-11-19,Shasta,089,179085,22254,21968,3786,25754,383
2021-11-19,Sierra,091,2930,195,191,23,214,0
2021-11-19,Siskiyou,093,43540,3378,3313,1380,4693,54
2021-11-19,Solano,095,438530,46241,46006,1280,47286,356
2021-11-19,Sonoma,097,501317,42405,42151,555,42706,403
2021-11-19,Stanislaus,099,539301,80942,80412,9366,89778,1205
2021-11-19,Sutter,101,95872,14146,14074,386,14460,181
2021-11-19,Tehama,103,63373,8704,8648,1565,10213,125
2021-11-19,Trinity,105,12862,805,771,209,980,17
2021-11-19,Tulare,107,460477,69671,69074,16423,85497,1054
2021-11-19,Tuolumne,109,53932,7587,7511,107,7618,90
2021-11-19,Ventura,111,848112,99448,98893,4470,103363,1186
2021-11-19,Yolo,113,214977,20221,20139,1248,21387,257
2021-11-19,Yuba,115,75493,10352,10290,376,10666,88
2021-11-18,Alameda,001,1643700,121714,121059,3054,124113,1473
2021-11-18,Alpine,003,1148,106,105,0,105,0
2021-11-18,Amador,005,37829,5674,5652,69,5721,66
2021-11-18,Butte,007,227075,21424,21265,3971,25236,300
2021-11-18,Calaveras,009,45235,4301,4268,64,4332,84
2021-11-18,Colusa,011,21464,2581,2549,673,3222,19
2021-11-18,Contra Costa,013,1133247,100955,100491,2343,102834,1043
2021-11-18,Del Norte,015,27424,3727,3637,58,3695,42
2021-11-18,El Dorado,017,186661,16455,16308,1791,18099,161
2021-11-18,Fresno,019,978130,143759,142579,12758,155337,2233
2021-11-18,Glenn,021,27897,3534,3526,1028,4554,35
2021-11-18,Humboldt,023,135768,9406,9302,666,9968,115
2021-11-18,Imperial,025,180216,34673,34312,3586,37898,766
2021-11-18,Inyo,027,18085,2502,2467,34,2501,44
2021-11-18,Kern,029,883053,130822,129488,23962,153450,1750
2021-11-18,Kings,031,150075,32962,32720,2133,34853,354
2021-11-18,Lake,033,64148,6866,6808,155,6963,110
2021-11-18,Lassen,035,31185,6996,6931,421,7352,47
2021-11-18,Los Angeles,037,10098052,1455394,1448963,57431,1506394,26741
2021-11-18,Madera,039,155013,23971,23720,2175,25895,296
2021-11-18,Marin,041,260295,17853,17774,502,18276,248
2021-11-18,Mariposa,043,17540,1398,1354,51,1405,6
2021-11-18,Mendocino,045,87422,7869,7773,633,8406,89
2021-11-18,Merced,047,269075,42949,42692,1957,44649,656
2021-11-18,Modoc,049,8938,566,550,202,752,5
2021-11-18,Mono,051,14174,1788,1767,19,1786,4
2021-11-18,Monterey,053,433212,48447,48260,4033,52293,609
2021-11-18,Napa,055,140530,13263,13184,115,13299,103
2021-11-18,Nevada,057,99092,9594,9480,349,9829,92
2021-11-18,Orange,059,3164182,311737,309672,16038,325710,5658
2021-11-18,Placer,061,380077,38079,37800,3896,41696,462
2021-11-18,Plumas,063,18699,1882,1841,52,1893,7
2021-11-18,Riverside,065,2383286,368635,365809,17181,382990,5265
2021-11-18,Sacramento,067,1510023,162329,161533,5044,166577,2316
2021-11-18,San Benito,069,59416,7561,7533,188,7721,77
2021-11-18,San Bernardino,071,2135413,360990,358322,11859,370181,5897
2021-11-18,San Diego,073,3302833,383097,380147,22119,402266,4311
2021-11-18,San Francisco,075,870044,53832,53525,2797,56322,669
2021-11-18,San Joaquin,077,732212,101554,100922,5762,106684,1832
2021-11-18,San Luis Obispo,079,281455,30089,29815,1324,31139,355
2021-11-18,San Mateo,081,765935,54338,54132,1748,55880,577
2021-11-18,Santa Barbara,083,443738,45525,45074,1711,46785,544
2021-11-18,Santa Clara,085,1922200,149865,148829,1508,150337,1917
2021-11-18,Santa Cruz,087,273765,20941,20756,1094,21850,222
2021-11-18,Shasta,089,179085,22218,21968,3781,25749,383
2021-11-18,Sierra,091,2930,194,191,23,214,0
2021-11-18,Siskiyou,093,43540,3378,3313,1375,4688,54
2021-11-18,Solano,095,438530,46200,46006,1278,47284,356
2021-11-18,Sonoma,097,501317,42358,42151,552,42703,403
2021-11-18,Stanislaus,099,539301,80876,80412,9359,89771,1205
2021-11-18,Sutter,101,95872,14135,14074,386,14460,181
2021-11-18,Tehama,103,63373,8699,8648,1565,10213,125
2021-11-18,Trinity,105,12862,804,771,209,980,17
2021-11-18,Tulare,107,460477,69601,69074,16375,85449,1054
2021-11-18,Tuolumne,109,53932,7579,7511,107,7618,90
2021-11-18,Ventura,111,848112,99370,98893,4466,103359,1186
2021-11-18,Yolo,113,214977,20204,20139,1243,21382,257
2021-11-18,Yuba,115,75493,10346,10290,376,10666,88
2021-11-17,Alameda,001,1643700,121597,120913,3052,123965,1472
2021-11-17,Alpine,003,1148,106,105,0,105,0
2021-11-17,Amador,005,37829,5667,5646,69,5715,66
2021-11-17,Butte,007,227075,21398,21230,3968,25198,300
2021-11-17,Calaveras,009,45235,4294,4259,64,4323,84
2021-11-17,Colusa,011,21464,2578,2546,672,3218,19
2021-11-17,Contra Costa,013,1133247,100865,100387,2337,102724,1039
2021-11-17,Del Norte,015,27424,3724,3630,58,3688,42
2021-11-17,El Dorado,017,186661,16436,16269,1790,18059,161
2021-11-17,Fresno,019,978130,143579,142366,12744,155110,2230
2021-11-17,Glenn,021,27897,3533,3527,1027,4554,34
2021-11-17,Humboldt,023,135768,9395,9270,663,9933,115
2021-11-17,Imperial,025,180216,34615,34256,3564,37820,766
2021-11-17,Inyo,027,18085,2496,2457,34,2491,44
2021-11-17,Kern,029,883053,130650,129307,23920,153227,1743
2021-11-17,Kings,031,150075,32934,32669,2129,34798,352
2021-11-17,Lake,033,64148,6862,6795,154,6949,110
2021-11-17,Lassen,035,31185,6994,6918,421,7339,47
2021-11-17,Los Angeles,037,10098052,1454298,1447947,57364,1505311,26721
2021-11-17,Madera,039,155013,23937,23673,2174,25847,287
2021-11-17,Marin,041,260295,17834,17757,500,18257,248
2021-11-17,Mariposa,043,17540,1394,1353,51,1404,6
2021-11-17,Mendocino,045,87422,7861,7735,632,8367,89
2021-11-17,Merced,047,269075,42888,42612,1954,44566,654
2021-11-17,Modoc,049,8938,562,540,202,742,5
2021-11-17,Mono,051,14174,1786,1765,19,1784,5
2021-11-17,Monterey,053,433212,48405,48221,4016,52237,609
2021-11-17,Napa,055,140530,13239,13167,115,13282,103
2021-11-17,Nevada,057,99092,9580,9447,349,9796,92
2021-11-17,Orange,059,3164182,311496,309396,16011,325407,5651
2021-11-17,Placer,061,380077,38030,37725,3887,41612,460
2021-11-17,Plumas,063,18699,1878,1833,52,1885,7
2021-11-17,Riverside,065,2383286,368225,365406,17166,382572,5229
2021-11-17,Sacramento,067,1510023,162158,161269,5036,166305,2302
2021-11-17,San Benito,069,59416,7554,7524,188,7712,77
2021-11-17,San Bernardino,071,2135413,360633,357947,11843,369790,5893
2021-11-17,San Diego,073,3302833,382600,379769,22090,401859,4301
2021-11-17,San Francisco,075,870044,53778,53469,2792,56261,667
2021-11-17,San Joaquin,077,732212,101453,100764,5757,106521,1828
2021-11-17,San Luis Obispo,079,281455,30063,29731,1321,31052,354
2021-11-17,San Mateo,081,765935,54283,54092,1733,55825,577
2021-11-17,Santa Barbara,083,443738,45488,45000,1711,46711,542
2021-11-17,Santa Clara,085,1922200,149703,148626,1500,150126,1915
2021-11-17,Santa Cruz,087,273765,20906,20700,1094,21794,222
2021-11-17,Shasta,089,179085,22185,21883,3779,25662,382
2021-11-17,Sierra,091,2930,193,189,23,212,0
2021-11-17,Siskiyou,093,43540,3374,3307,1372,4679,54
2021-11-17,Solano,095,438530,46167,45948,1277,47225,353
2021-11-17,Sonoma,097,501317,42312,42093,549,42642,403
2021-11-17,Stanislaus,099,539301,80786,80276,9349,89625,1199
2021-11-17,Sutter,101,95872,14122,14064,384,14448,181
2021-11-17,Tehama,103,63373,8690,8633,1562,10195,125
2021-11-17,Trinity,105,12862,803,765,209,974,17
2021-11-17,Tulare,107,460477,69530,68977,16348,85325,1047
2021-11-17,Tuolumne,109,53932,7563,7485,107,7592,90
2021-11-17,Ventura,111,848112,99309,98812,4460,103272,1183
2021-11-17,Yolo,113,214977,20186,20100,1240,21340,257
2021-11-17,Yuba,115,75493,10334,10275,372,10647,88
2021-11-16,Alameda,001,1643700,121491,120809,3047,123856,1467
2021-11-16,Alpine,003,1148,106,105,0,105,0
2021-11-16,Amador,005,37829,5661,5644,69,5713,66
2021-11-16,Butte,007,227075,21373,21208,3963,25171,297
2021-11-16,Calaveras,009,45235,4285,4249,64,4313,83
2021-11-16,Colusa,011,21464,2572,2538,672,3210,19
2021-11-16,Contra Costa,013,1133247,100744,100320,2334,102654,1038
2021-11-16,Del Norte,015,27424,3718,3630,58,3688,42
2021-11-16,El Dorado,017,186661,16412,16248,1788,18036,159
2021-11-16,Fresno,019,978130,143392,142200,12728,154928,2218
2021-11-16,Glenn,021,27897,3532,3527,1024,4551,34
2021-11-16,Humboldt,023,135768,9375,9252,658,9910,115
2021-11-16,Imperial,025,180216,34530,34177,3552,37729,766
2021-11-16,Inyo,027,18085,2489,2449,34,2483,42
2021-11-16,Kern,029,883053,130493,129136,23859,152995,1735
2021-11-16,Kings,031,150075,32883,32614,2123,34737,350
2021-11-16,Lake,033,64148,6857,6789,154,6943,110
2021-11-16,Lassen,035,31185,6984,6915,421,7336,47
2021-11-16,Los Angeles,037,10098052,1453136,1446815,57291,1504106,26703
2021-11-16,Madera,039,155013,23901,23642,2169,25811,287
2021-11-16,Marin,041,260295,17815,17736,499,18235,248
2021-11-16,Mariposa,043,17540,1386,1349,50,1399,6
2021-11-16,Mendocino,045,87422,7819,7723,628,8351,89
2021-11-16,Merced,047,269075,42851,42578,1947,44525,653
2021-11-16,Modoc,049,8938,561,539,201,740,5
2021-11-16,Mono,051,14174,1778,1767,19,1786,4
2021-11-16,Monterey,053,433212,48376,48195,4001,52196,609
2021-11-16,Napa,055,140530,13228,13151,115,13266,103
2021-11-16,Nevada,057,99092,9563,9435,347,9782,92
2021-11-16,Orange,059,3164182,311230,309170,15977,325147,5651
2021-11-16,Placer,061,380077,37987,37676,3881,41557,459
2021-11-16,Plumas,063,18699,1871,1832,52,1884,7
2021-11-16,Riverside,065,2383286,367804,365078,17143,382221,5208
2021-11-16,Sacramento,067,1510023,161985,161102,5022,166124,2299
2021-11-16,San Benito,069,59416,7540,7513,188,7701,77
2021-11-16,San Bernardino,071,2135413,360223,357528,11792,369320,5901
2021-11-16,San Diego,073,3302833,382044,379435,22060,401495,4287
2021-11-16,San Francisco,075,870044,53707,53415,2785,56200,667
2021-11-16,San Joaquin,077,732212,101314,100637,5741,106378,1807
2021-11-16,San Luis Obispo,079,281455,30032,29703,1318,31021,356
2021-11-16,San Mateo,081,765935,54226,54034,1725,55759,577
2021-11-16,Santa Barbara,083,443738,45420,44932,1708,46640,539
2021-11-16,Santa Clara,085,1922200,149524,148452,1488,149940,1916
2021-11-16,Santa Cruz,087,273765,20862,20684,1091,21775,222
2021-11-16,Shasta,089,179085,22146,21853,3775,25628,379
2021-11-16,Sierra,091,2930,193,189,23,212,0
2021-11-16,Siskiyou,093,43540,3371,3304,1370,4674,54
2021-11-16,Solano,095,438530,46127,45908,1276,47184,351
2021-11-16,Sonoma,097,501317,42263,42056,548,42604,401
2021-11-16,Stanislaus,099,539301,80687,80214,9327,89541,1196
2021-11-16,Sutter,101,95872,14110,14058,382,14440,181
2021-11-16,Tehama,103,63373,8683,8621,1555,10176,125
2021-11-16,Trinity,105,12862,803,762,208,970,17
2021-11-16,Tulare,107,460477,69452,68881,16313,85194,1039
2021-11-16,Tuolumne,109,53932,7554,7478,107,7585,90
2021-11-16,Ventura,111,848112,99233,98731,4457,103188,1183
2021-11-16,Yolo,113,214977,20149,20077,1237,21314,257
2021-11-16,Yuba,115,75493,10325,10262,370,10632,85
2021-11-15,Alameda,001,1643700,121339,120731,3042,123773,1464
2021-11-15,Alpine,003,1148,106,105,0,105,0
2021-11-15,Amador,005,37829,5657,5637,69,5706,66
2021-11-15,Butte,007,227075,21349,21182,3959,25141,296
2021-11-15,Calaveras,009,45235,4271,4237,64,4301,83
2021-11-15,Colusa,011,21464,2565,2535,669,3204,19
2021-11-15,Contra Costa,013,1133247,100641,100251,2330,102581,1038
2021-11-15,Del Norte,015,27424,3713,3630,57,3687,42
2021-11-15,El Dorado,017,186661,16388,16236,1784,18020,159
2021-11-15,Fresno,019,978130,143168,142015,12711,154726,2210
2021-11-15,Glenn,021,27897,3530,3526,1024,4550,34
2021-11-15,Humboldt,023,135768,9350,9230,650,9880,115
2021-11-15,Imperial,025,180216,34456,34130,3535,37665,766
2021-11-15,Inyo,027,18085,2484,2442,34,2476,42
2021-11-15,Kern,029,883053,130284,128928,23788,152716,1730
2021-11-15,Kings,031,150075,32849,32584,2119,34703,348
2021-11-15,Lake,033,64148,6853,6784,154,6938,109
2021-11-15,Lassen,035,31185,6974,6915,419,7334,47
2021-11-15,Los Angeles,037,10098052,1451950,1446114,57223,1503337,26677
2021-11-15,Madera,039,155013,23862,23605,2159,25764,287
2021-11-15,Marin,041,260295,17798,17723,498,18221,248
2021-11-15,Mariposa,043,17540,1385,1347,48,1395,6
2021-11-15,Mendocino,045,87422,7799,7694,622,8316,89
2021-11-15,Merced,047,269075,42792,42552,1937,44489,648
2021-11-15,Modoc,049,8938,560,538,201,739,5
2021-11-15,Mono,051,14174,1767,1763,19,1782,4
2021-11-15,Monterey,053,433212,48352,48154,3987,52141,609
2021-11-15,Napa,055,140530,13220,13143,115,13258,103
2021-11-15,Nevada,057,99092,9534,9420,347,9767,92
2021-11-15,Orange,059,3164182,310957,308859,15955,324814,5646
2021-11-15,Placer,061,380077,37923,37610,3877,41487,452
2021-11-15,Plumas,063,18699,1865,1829,52,1881,7
2021-11-15,Riverside,065,2383286,367358,364750,17124,381874,5199
2021-11-15,Sacramento,067,1510023,161763,160937,5008,165945,2293
2021-11-15,San Benito,069,59416,7535,7511,187,7698,77
2021-11-15,San Bernardino,071,2135413,359808,357306,11772,369078,5898
2021-11-15,San Diego,073,3302833,381494,378845,22034,400879,4284
2021-11-15,San Francisco,075,870044,53641,53374,2780,56154,667
2021-11-15,San Joaquin,077,732212,101161,100587,5730,106317,1799
2021-11-15,San Luis Obispo,079,281455,29989,29669,1306,30975,351
2021-11-15,San Mateo,081,765935,54182,54010,1713,55723,576
2021-11-15,Santa Barbara,083,443738,45365,44879,1702,46581,539
2021-11-15,Santa Clara,085,1922200,149306,148313,1481,149794,1914
2021-11-15,Santa Cruz,087,273765,20819,20630,1090,21720,223
2021-11-15,Shasta,089,179085,22100,21779,3770,25549,374
2021-11-15,Sierra,091,2930,193,189,23,212,0
2021-11-15,Siskiyou,093,43540,3364,3302,1368,4670,54
2021-11-15,Solano,095,438530,46090,45885,1273,47158,351
2021-11-15,Sonoma,097,501317,42215,42021,547,42568,401
2021-11-15,Stanislaus,099,539301,80601,80129,9313,89442,1174
2021-11-15,Sutter,101,95872,14097,14043,381,14424,181
2021-11-15,Tehama,103,63373,8677,8615,1554,10169,125
2021-11-15,Trinity,105,12862,802,757,206,963,17
2021-11-15,Tulare,107,460477,69365,68826,16268,85094,1039
2021-11-15,Tuolumne,109,53932,7544,7461,107,7568,90
2021-11-15,Ventura,111,848112,99148,98605,4453,103058,1183
2021-11-15,Yolo,113,214977,20119,20065,1232,21297,255
2021-11-15,Yuba,115,75493,10306,10254,366,10620,85
2021-11-14,Alameda,001,1643700,121171,120629,3038,123667,1461
2021-11-14,Alpine,003,1148,105,105,0,105,0
2021-11-14,Amador,005,37829,5650,5632,68,5700,66
2021-11-14,Butte,007,227075,21319,21146,3950,25096,296
2021-11-14,Calaveras,009,45235,4260,4222,64,4286,83
2021-11-14,Colusa,011,21464,2563,2532,666,3198,19
2021-11-14,Contra Costa,013,1133247,100535,100188,2328,102516,1038
2021-11-14,Del Norte,015,27424,3710,3629,57,3686,42
2021-11-14,El Dorado,017,186661,16347,16212,1779,17991,159
2021-11-14,Fresno,019,978130,142886,141869,12679,154548,2209
2021-11-14,Glenn,021,27897,3529,3521,1024,4545,34
2021-11-14,Humboldt,023,135768,9322,9215,640,9855,115
2021-11-14,Imperial,025,180216,34355,34078,3519,37597,766
2021-11-14,Inyo,027,18085,2472,2441,34,2475,42
2021-11-14,Kern,029,883053,130045,128842,23721,152563,1730
2021-11-14,Kings,031,150075,32792,32545,2112,34657,349
2021-11-14,Lake,033,64148,6845,6777,154,6931,109
2021-11-14,Lassen,035,31185,6964,6911,418,7329,47
2021-11-14,Los Angeles,037,10098052,1450595,1445284,57147,1502431,26667
2021-11-14,Madera,039,155013,23814,23566,2150,25716,287
2021-11-14,Marin,041,260295,17783,17712,498,18210,247
2021-11-14,Mariposa,043,17540,1375,1337,44,1381,6
2021-11-14,Mendocino,045,87422,7766,7684,618,8302,89
2021-11-14,Merced,047,269075,42702,42513,1931,44444,648
2021-11-14,Modoc,049,8938,558,538,201,739,5
2021-11-14,Mono,051,14174,1759,1760,19,1779,4
2021-11-14,Monterey,053,433212,48303,48135,3965,52100,609
2021-11-14,Napa,055,140530,13202,13132,115,13247,103
2021-11-14,Nevada,057,99092,9507,9408,347,9755,92
2021-11-14,Orange,059,3164182,310651,308699,15935,324634,5646
2021-11-14,Placer,061,380077,37842,37569,3867,41436,452
2021-11-14,Plumas,063,18699,1862,1829,51,1880,7
2021-11-14,Riverside,065,2383286,366862,364490,17107,381597,5199
2021-11-14,Sacramento,067,1510023,161528,160761,4991,165752,2295
2021-11-14,San Benito,069,59416,7524,7507,186,7693,77
2021-11-14,San Bernardino,071,2135413,359230,357014,11759,368773,5897
2021-11-14,San Diego,073,3302833,380894,377633,21996,399629,4280
2021-11-14,San Francisco,075,870044,53568,53338,2772,56110,667
2021-11-14,San Joaquin,077,732212,101035,100518,5725,106243,1799
2021-11-14,San Luis Obispo,079,281455,29907,29645,1302,30947,352
2021-11-14,San Mateo,081,765935,54135,53978,1705,55683,576
2021-11-14,Santa Barbara,083,443738,45287,44842,1699,46541,539
2021-11-14,Santa Clara,085,1922200,149109,148152,1471,149623,1913
2021-11-14,Santa Cruz,087,273765,20766,20609,1087,21696,223
2021-11-14,Shasta,089,179085,22048,21771,3757,25528,373
2021-11-14,Sierra,091,2930,193,189,23,212,0
2021-11-14,Siskiyou,093,43540,3355,3302,1367,4669,54
2021-11-14,Solano,095,438530,46034,45860,1266,47126,351
2021-11-14,Sonoma,097,501317,42149,41974,545,42519,401
2021-11-14,Stanislaus,099,539301,80470,80076,9300,89376,1174
2021-11-14,Sutter,101,95872,14080,14031,376,14407,181
2021-11-14,Tehama,103,63373,8667,8607,1552,10159,125
2021-11-14,Trinity,105,12862,799,754,204,958,17
2021-11-14,Tulare,107,460477,69244,68772,16210,84982,1037
2021-11-14,Tuolumne,109,53932,7526,7439,106,7545,90
2021-11-14,Ventura,111,848112,99029,98550,4450,103000,1183
2021-11-14,Yolo,113,214977,20092,20040,1226,21266,255
2021-11-14,Yuba,115,75493,10299,10238,364,10602,85
2021-11-13,Alameda,001,1643700,121102,120407,3036,123443,1454
2021-11-13,Alpine,003,1148,105,105,0,105,0
2021-11-13,Amador,005,37829,5649,5614,68,5682,66
2021-11-13,Butte,007,227075,21299,21104,3947,25051,296
2021-11-13,Calaveras,009,45235,4249,4203,64,4267,83
2021-11-13,Colusa,011,21464,2561,2522,666,3188,19
2021-11-13,Contra Costa,013,1133247,100463,100004,2323,102327,1028
2021-11-13,Del Norte,015,27424,3710,3629,57,3686,42
2021-11-13,El Dorado,017,186661,16335,16163,1776,17939,159
2021-11-13,Fresno,019,978130,142779,141452,12668,154120,2205
2021-11-13,Glenn,021,27897,3529,3514,1023,4537,34
2021-11-13,Humboldt,023,135768,9308,9177,634,9811,115
2021-11-13,Imperial,025,180216,34305,33990,3502,37492,766
2021-11-13,Inyo,027,18085,2466,2436,34,2470,42
2021-11-13,Kern,029,883053,129946,128472,23676,152148,1719
2021-11-13,Kings,031,150075,32775,32452,2111,34563,347
2021-11-13,Lake,033,64148,6840,6769,154,6923,109
2021-11-13,Lassen,035,31185,6959,6897,418,7315,47
2021-11-13,Los Angeles,037,10098052,1449944,1443088,57104,1500192,26649
2021-11-13,Madera,039,155013,23784,23462,2145,25607,287
2021-11-13,Marin,041,260295,17770,17684,496,18180,247
2021-11-13,Mariposa,043,17540,1372,1323,44,1367,6
2021-11-13,Mendocino,045,87422,7747,7652,616,8268,89
2021-11-13,Merced,047,269075,42664,42411,1928,44339,644
2021-11-13,Modoc,049,8938,557,536,201,737,5
2021-11-13,Mono,051,14174,1759,1750,19,1769,4
2021-11-13,Monterey,053,433212,48283,48087,3958,52045,609
2021-11-13,Napa,055,140530,13194,13110,115,13225,103
2021-11-13,Nevada,057,99092,9487,9369,345,9714,92
2021-11-13,Orange,059,3164182,310484,308211,15910,324121,5641
2021-11-13,Placer,061,380077,37792,37453,3864,41317,445
2021-11-13,Plumas,063,18699,1859,1828,51,1879,8
2021-11-13,Riverside,065,2383286,366558,363801,17100,380901,5187
2021-11-13,Sacramento,067,1510023,161395,160397,4978,165375,2291
2021-11-13,San Benito,069,59416,7511,7491,185,7676,77
2021-11-13,San Bernardino,071,2135413,358981,356325,11753,368078,5873
2021-11-13,San Diego,073,3302833,380556,377633,21966,399599,4280
2021-11-13,San Francisco,075,870044,53536,53195,2770,55965,667
2021-11-13,San Joaquin,077,732212,100979,100263,5715,105978,1799
2021-11-13,San Luis Obispo,079,281455,29877,29589,1300,30889,351
2021-11-13,San Mateo,081,765935,54101,53853,1701,55554,574
2021-11-13,Santa Barbara,083,443738,45254,44734,1699,46433,537
2021-11-13,Santa Clara,085,1922200,148992,147821,1465,149286,1905
2021-11-13,Santa Cruz,087,273765,20751,20565,1086,21651,223
2021-11-13,Shasta,089,179085,22017,21713,3753,25466,366
2021-11-13,Sierra,091,2930,192,188,23,211,0
2021-11-13,Siskiyou,093,43540,3346,3299,1366,4665,54
2021-11-13,Solano,095,438530,46006,45774,1262,47036,350
2021-11-13,Sonoma,097,501317,42115,41882,544,42426,399
2021-11-13,Stanislaus,099,539301,80393,79872,9286,89158,1174
2021-11-13,Sutter,101,95872,14070,14017,375,14392,181
2021-11-13,Tehama,103,63373,8661,8592,1548,10140,125
2021-11-13,Trinity,105,12862,798,749,204,953,17
2021-11-13,Tulare,107,460477,69177,68619,16187,84806,1033
2021-11-13,Tuolumne,109,53932,7510,7392,106,7498,90
2021-11-13,Ventura,111,848112,98966,98452,4448,102900,1183
2021-11-13,Yolo,113,214977,20076,20009,1221,21230,255
2021-11-13,Yuba,115,75493,10289,10218,362,10580,85
2021-11-12,Alameda,001,1643700,121021,120407,3033,123440,1454
2021-11-12,Alpine,003,1148,105,105,0,105,0
2021-11-12,Amador,005,37829,5643,5614,67,5681,66
2021-11-12,Butte,007,227075,21282,21104,3943,25047,296
2021-11-12,Calaveras,009,45235,4238,4203,64,4267,83
2021-11-12,Colusa,011,21464,2557,2522,665,3187,19
2021-11-12,Contra Costa,013,1133247,100409,100004,2322,102326,1028
2021-11-12,Del Norte,015,27424,3710,3629,57,3686,42
2021-11-12,El Dorado,017,186661,16316,16163,1775,17938,159
2021-11-12,Fresno,019,978130,142638,141452,12658,154110,2205
2021-11-12,Glenn,021,27897,3526,3514,1022,4536,34
2021-11-12,Humboldt,023,135768,9301,9177,632,9809,115
2021-11-12,Imperial,025,180216,34276,33990,3492,37482,766
2021-11-12,Inyo,027,18085,2462,2436,34,2470,42
2021-11-12,Kern,029,883053,129808,128472,23645,152117,1719
2021-11-12,Kings,031,150075,32749,32452,2110,34562,347
2021-11-12,Lake,033,64148,6836,6769,154,6923,109
2021-11-12,Lassen,035,31185,6955,6897,417,7314,47
2021-11-12,Los Angeles,037,10098052,1449224,1443088,57056,1500144,26649
2021-11-12,Madera,039,155013,23754,23462,2140,25602,287
2021-11-12,Marin,041,260295,17754,17684,495,18179,247
2021-11-12,Mariposa,043,17540,1365,1323,44,1367,6
2021-11-12,Mendocino,045,87422,7736,7652,613,8265,89
2021-11-12,Merced,047,269075,42637,42411,1926,44337,644
2021-11-12,Modoc,049,8938,556,536,201,737,5
2021-11-12,Mono,051,14174,1758,1750,19,1769,4
2021-11-12,Monterey,053,433212,48264,48087,3939,52026,609
2021-11-12,Napa,055,140530,13185,13110,115,13225,103
2021-11-12,Nevada,057,99092,9473,9369,344,9713,92
2021-11-12,Orange,059,3164182,310296,308211,15892,324103,5641
2021-11-12,Placer,061,380077,37752,37453,3861,41314,445
2021-11-12,Plumas,063,18699,1854,1828,51,1879,8
2021-11-12,Riverside,065,2383286,366292,363801,17096,380897,5187
2021-11-12,Sacramento,067,1510023,161238,160397,4973,165370,2291
2021-11-12,San Benito,069,59416,7511,7491,185,7676,77
2021-11-12,San Bernardino,071,2135413,358683,356325,11747,368072,5873
2021-11-12,San Diego,073,3302833,380183,377633,21940,399573,4280
2021-11-12,San Francisco,075,870044,53501,53195,2766,55961,667
2021-11-12,San Joaquin,077,732212,100935,100263,5709,105972,1799
2021-11-12,San Luis Obispo,079,281455,29848,29589,1299,30888,351
2021-11-12,San Mateo,081,765935,54054,53853,1696,55549,574
2021-11-12,Santa Barbara,083,443738,45200,44734,1698,46432,537
2021-11-12,Santa Clara,085,1922200,148848,147821,1460,149281,1905
2021-11-12,Santa Cruz,087,273765,20724,20565,1084,21649,223
2021-11-12,Shasta,089,179085,21985,21713,3749,25462,366
2021-11-12,Sierra,091,2930,191,188,23,211,0
2021-11-12,Siskiyou,093,43540,3345,3299,1364,4663,54
2021-11-12,Solano,095,438530,45979,45774,1259,47033,350
2021-11-12,Sonoma,097,501317,42074,41882,544,42426,399
2021-11-12,Stanislaus,099,539301,80340,79872,9278,89150,1174
2021-11-12,Sutter,101,95872,14062,14017,375,14392,181
2021-11-12,Tehama,103,63373,8657,8592,1547,10139,125
2021-11-12,Trinity,105,12862,791,749,204,953,17
2021-11-12,Tulare,107,460477,69134,68619,16152,84771,1033
2021-11-12,Tuolumne,109,53932,7498,7392,105,7497,90
2021-11-12,Ventura,111,848112,98901,98452,4447,102899,1183
2021-11-12,Yolo,113,214977,20062,20009,1215,21224,255
2021-11-12,Yuba,115,75493,10280,10218,361,10579,85
2021-11-11,Alameda,001,1643700,120905,120147,3025,123172,1453
2021-11-11,Alpine,003,1148,105,105,0,105,0
2021-11-11,Amador,005,37829,5639,5603,66,5669,66
2021-11-11,Butte,007,227075,21240,21047,3938,24985,293
2021-11-11,Calaveras,009,45235,4220,4179,64,4243,83
2021-11-11,Colusa,011,21464,2549,2518,663,3181,19
2021-11-11,Contra Costa,013,1133247,100305,99808,2316,102124,1028
2021-11-11,Del Norte,015,27424,3708,3622,57,3679,42
2021-11-11,El Dorado,017,186661,16283,16085,1772,17857,159
2021-11-11,Fresno,019,978130,142436,140833,12631,153464,2202
2021-11-11,Glenn,021,27897,3524,3503,1022,4525,34
2021-11-11,Humboldt,023,135768,9278,9125,629,9754,115
2021-11-11,Imperial,025,180216,34207,33844,3470,37314,766
2021-11-11,Inyo,027,18085,2457,2428,34,2462,42
2021-11-11,Kern,029,883053,129625,128023,23581,151604,1709
2021-11-11,Kings,031,150075,32698,32318,2108,34426,345
2021-11-11,Lake,033,64148,6830,6745,154,6899,107
2021-11-11,Lassen,035,31185,6949,6875,417,7292,47
2021-11-11,Los Angeles,037,10098052,1448139,1440436,56995,1497431,26614
2021-11-11,Madera,039,155013,23707,23316,2131,25447,287
2021-11-11,Marin,041,260295,17744,17639,495,18134,247
2021-11-11,Mariposa,043,17540,1355,1317,44,1361,6
2021-11-11,Mendocino,045,87422,7722,7612,603,8215,89
2021-11-11,Merced,047,269075,42582,42292,1924,44216,643
2021-11-11,Modoc,049,8938,554,536,201,737,5
2021-11-11,Mono,051,14174,1749,1743,19,1762,4
2021-11-11,Monterey,053,433212,48235,48008,3921,51929,609
2021-11-11,Napa,055,140530,13176,13075,115,13190,103
2021-11-11,Nevada,057,99092,9451,9308,344,9652,92
2021-11-11,Orange,059,3164182,310028,307674,15855,323529,5633
2021-11-11,Placer,061,380077,37700,37333,3853,41186,440
2021-11-11,Plumas,063,18699,1850,1814,51,1865,7
2021-11-11,Riverside,065,2383286,365861,362930,17078,380008,5175
2021-11-11,Sacramento,067,1510023,161027,159962,4953,164915,2289
2021-11-11,San Benito,069,59416,7503,7473,185,7658,76
2021-11-11,San Bernardino,071,2135413,358263,355413,11736,367149,5849
2021-11-11,San Diego,073,3302833,379668,376428,21915,398343,4272
2021-11-11,San Francisco,075,870044,53443,53063,2762,55825,666
2021-11-11,San Joaquin,077,732212,100840,99937,5693,105630,1799
2021-11-11,San Luis Obispo,079,281455,29797,29532,1297,30829,351
2021-11-11,San Mateo,081,765935,54015,53722,1680,55402,574
2021-11-11,Santa Barbara,083,443738,45143,44603,1695,46298,534
2021-11-11,Santa Clara,085,1922200,148667,147458,1454,148912,1901
2021-11-11,Santa Cruz,087,273765,20679,20479,1084,21563,222
2021-11-11,Shasta,089,179085,21938,21600,3748,25348,364
2021-11-11,Sierra,091,2930,190,186,23,209,0
2021-11-11,Siskiyou,093,43540,3339,3297,1363,4660,53
2021-11-11,Solano,095,438530,45941,45679,1258,46937,350
2021-11-11,Sonoma,097,501317,42039,41774,544,42318,395
2021-11-11,Stanislaus,099,539301,80255,79570,9264,88834,1166
2021-11-11,Sutter,101,95872,14049,13993,374,14367,181
2021-11-11,Tehama,103,63373,8645,8565,1545,10110,125
2021-11-11,Trinity,105,12862,790,748,204,952,17
2021-11-11,Tulare,107,460477,69043,68367,16114,84481,1028
2021-11-11,Tuolumne,109,53932,7485,7354,105,7459,90
2021-11-11,Ventura,111,848112,98814,98297,4441,102738,1182
2021-11-11,Yolo,113,214977,20035,19946,1213,21159,255
2021-11-11,Yuba,115,75493,10264,10191,361,10552,85
2021-11-10,Alameda,001,1643700,120797,120147,3016,123163,1453
2021-11-10,Alpine,003,1148,105,105,0,105,0
2021-11-10,Amador,005,37829,5633,5603,66,5669,66
2021-11-10,Butte,007,227075,21214,21047,3934,24981,293
2021-11-10,Calaveras,009,45235,4209,4179,64,4243,83
2021-11-10,Colusa,011,21464,2543,2518,663,3181,19
2021-11-10,Contra Costa,013,1133247,100223,99808,2312,102120,1028
2021-11-10,Del Norte,015,27424,3707,3622,57,3679,42
2021-11-10,El Dorado,017,186661,16267,16085,1771,17856,159
2021-11-10,Fresno,019,978130,142258,140833,12621,153454,2202
2021-11-10,Glenn,021,27897,3524,3503,1021,4524,34
2021-11-10,Humboldt,023,135768,9260,9125,629,9754,115
2021-11-10,Imperial,025,180216,34154,33844,3451,37295,766
2021-11-10,Inyo,027,18085,2450,2428,34,2462,42
2021-11-10,Kern,029,883053,129476,128023,23525,151548,1709
2021-11-10,Kings,031,150075,32666,32318,2106,34424,345
2021-11-10,Lake,033,64148,6820,6745,154,6899,107
2021-11-10,Lassen,035,31185,6944,6875,417,7292,47
2021-11-10,Los Angeles,037,10098052,1447195,1440436,56939,1497375,26614
2021-11-10,Madera,039,155013,23658,23316,2127,25443,287
2021-11-10,Marin,041,260295,17731,17639,493,18132,247
2021-11-10,Mariposa,043,17540,1349,1317,44,1361,6
2021-11-10,Mendocino,045,87422,7710,7612,602,8214,89
2021-11-10,Merced,047,269075,42547,42292,1922,44214,643
2021-11-10,Modoc,049,8938,553,536,200,736,5
2021-11-10,Mono,051,14174,1747,1743,19,1762,4
2021-11-10,Monterey,053,433212,48209,48008,3902,51910,609
2021-11-10,Napa,055,140530,13162,13075,114,13189,103
2021-11-10,Nevada,057,99092,9444,9308,342,9650,92
2021-11-10,Orange,059,3164182,309771,307674,15825,323499,5633
2021-11-10,Placer,061,380077,37654,37333,3846,41179,440
2021-11-10,Plumas,063,18699,1847,1814,50,1864,7
2021-11-10,Riverside,065,2383286,365481,362930,17072,380002,5175
2021-11-10,Sacramento,067,1510023,160874,159962,4943,164905,2289
2021-11-10,San Benito,069,59416,7495,7473,185,7658,76
2021-11-10,San Bernardino,071,2135413,357927,355413,11730,367143,5849
2021-11-10,San Diego,073,3302833,379255,376428,21890,398318,4272
2021-11-10,San Francisco,075,870044,53382,53063,2758,55821,666
2021-11-10,San Joaquin,077,732212,100733,99937,5687,105624,1799
2021-11-10,San Luis Obispo,079,281455,29767,29532,1296,30828,351
2021-11-10,San Mateo,081,765935,53968,53722,1675,55397,574
2021-11-10,Santa Barbara,083,443738,45105,44603,1694,46297,534
2021-11-10,Santa Clara,085,1922200,148522,147458,1447,148905,1901
2021-11-10,Santa Cruz,087,273765,20652,20479,1083,21562,222
2021-11-10,Shasta,089,179085,21902,21600,3746,25346,364
2021-11-10,Sierra,091,2930,189,186,23,209,0
2021-11-10,Siskiyou,093,43540,3337,3297,1363,4660,53
2021-11-10,Solano,095,438530,45912,45679,1256,46935,350
2021-11-10,Sonoma,097,501317,41989,41774,544,42318,395
2021-11-10,Stanislaus,099,539301,80154,79570,9247,88817,1166
2021-11-10,Sutter,101,95872,14041,13993,374,14367,181
2021-11-10,Tehama,103,63373,8634,8565,1539,10104,125
2021-11-10,Trinity,105,12862,786,748,203,951,17
2021-11-10,Tulare,107,460477,68984,68367,16073,84440,1028
2021-11-10,Tuolumne,109,53932,7461,7354,105,7459,90
2021-11-10,Ventura,111,848112,98739,98297,4441,102738,1182
2021-11-10,Yolo,113,214977,20017,19946,1213,21159,255
2021-11-10,Yuba,115,75493,10255,10191,361,10552,85
2021-11-09,Alameda,001,1643700,120661,120051,3007,123058,1450
2021-11-09,Alpine,003,1148,105,105,0,105,0
2021-11-09,Amador,005,37829,5629,5596,66,5662,66
2021-11-09,Butte,007,227075,21193,21022,3931,24953,291
2021-11-09,Calaveras,009,45235,4205,4174,64,4238,84
2021-11-09,Colusa,011,21464,2538,2517,662,3179,19
2021-11-09,Contra Costa,013,1133247,100132,99732,2305,102037,1028
2021-11-09,Del Norte,015,27424,3706,3620,57,3677,42
2021-11-09,El Dorado,017,186661,16229,16073,1766,17839,160
2021-11-09,Fresno,019,978130,142017,140666,12608,153274,2188
2021-11-09,Glenn,021,27897,3519,3499,1020,4519,34
2021-11-09,Humboldt,023,135768,9238,9112,624,9736,115
2021-11-09,Imperial,025,180216,34102,33751,3437,37188,766
2021-11-09,Inyo,027,18085,2446,2404,34,2438,42
2021-11-09,Kern,029,883053,129232,127901,23464,151365,1694
2021-11-09,Kings,031,150075,32599,32279,2102,34381,344
2021-11-09,Lake,033,64148,6811,6743,154,6897,106
2021-11-09,Lassen,035,31185,6932,6846,417,7263,47
2021-11-09,Los Angeles,037,10098052,1445958,1439125,56878,1496003,26581
2021-11-09,Madera,039,155013,23607,23285,2119,25404,287
2021-11-09,Marin,041,260295,17712,17630,491,18121,247
2021-11-09,Mariposa,043,17540,1341,1317,43,1360,5
2021-11-09,Mendocino,045,87422,7687,7598,596,8194,85
2021-11-09,Merced,047,269075,42505,42251,1917,44168,613
2021-11-09,Modoc,049,8938,552,536,198,734,5
2021-11-09,Mono,051,14174,1742,1738,19,1757,4
2021-11-09,Monterey,053,433212,48177,47975,3871,51846,609
2021-11-09,Napa,055,140530,13144,13051,114,13165,103
2021-11-09,Nevada,057,99092,9425,9288,342,9630,92
2021-11-09,Orange,059,3164182,309489,307412,15799,323211,5621
2021-11-09,Placer,061,380077,37600,37291,3829,41120,440
2021-11-09,Plumas,063,18699,1845,1802,50,1852,7
2021-11-09,Riverside,065,2383286,365016,362557,17056,379613,5160
2021-11-09,Sacramento,067,1510023,160638,159856,4930,164786,2286
2021-11-09,San Benito,069,59416,7484,7471,184,7655,76
2021-11-09,San Bernardino,071,2135413,357479,354972,11713,366685,5839
2021-11-09,San Diego,073,3302833,378754,375997,21858,397855,4272
2021-11-09,San Francisco,075,870044,53311,52996,2751,55747,666
2021-11-09,San Joaquin,077,732212,100556,99848,5674,105522,1794
2021-11-09,San Luis Obispo,079,281455,29726,29488,1295,30783,350
2021-11-09,San Mateo,081,765935,53924,53697,1661,55358,574
2021-11-09,Santa Barbara,083,443738,45038,44579,1687,46266,533
2021-11-09,Santa Clara,085,1922200,148317,147281,1440,148721,1901
2021-11-09,Santa Cruz,087,273765,20617,20463,1082,21545,222
2021-11-09,Shasta,089,179085,21848,21558,3741,25299,364
2021-11-09,Sierra,091,2930,189,186,23,209,0
2021-11-09,Siskiyou,093,43540,3335,3295,1361,4656,52
2021-11-09,Solano,095,438530,45858,45639,1255,46894,350
2021-11-09,Sonoma,097,501317,41935,41727,543,42270,395
2021-11-09,Stanislaus,099,539301,80050,79505,9231,88736,1165
2021-11-09,Sutter,101,95872,14026,13988,372,14360,180
2021-11-09,Tehama,103,63373,8616,8555,1537,10092,125
2021-11-09,Trinity,105,12862,785,746,203,949,17
2021-11-09,Tulare,107,460477,68882,68298,16032,84330,1024
2021-11-09,Tuolumne,109,53932,7442,7347,105,7452,90
2021-11-09,Ventura,111,848112,98660,98202,4436,102638,1182
2021-11-09,Yolo,113,214977,19993,19931,1209,21140,255
2021-11-09,Yuba,115,75493,10238,10175,355,10530,85
2021-11-08,Alameda,001,1643700,120522,119983,3000,122983,1447
2021-11-08,Alpine,003,1148,105,105,0,105,0
2021-11-08,Amador,005,37829,5623,5590,66,5656,66
2021-11-08,Butte,007,227075,21165,21000,3923,24923,288
2021-11-08,Calaveras,009,45235,4197,4166,64,4230,82
2021-11-08,Colusa,011,21464,2537,2514,661,3175,19
2021-11-08,Contra Costa,013,1133247,100032,99669,2300,101969,1028
2021-11-08,Del Norte,015,27424,3702,3619,57,3676,42
2021-11-08,El Dorado,017,186661,16211,16055,1761,17816,156
2021-11-08,Fresno,019,978130,141718,140466,12590,153056,2179
2021-11-08,Glenn,021,27897,3516,3496,1016,4512,34
2021-11-08,Humboldt,023,135768,9211,9095,614,9709,109
2021-11-08,Imperial,025,180216,34023,33690,3419,37109,766
2021-11-08,Inyo,027,18085,2439,2398,34,2432,41
2021-11-08,Kern,029,883053,128997,127722,23382,151104,1692
2021-11-08,Kings,031,150075,32553,32248,2101,34349,344
2021-11-08,Lake,033,64148,6805,6737,154,6891,106
2021-11-08,Lassen,035,31185,6925,6830,415,7245,46
2021-11-08,Los Angeles,037,10098052,1444619,1438322,56818,1495140,26575
2021-11-08,Madera,039,155013,23558,23253,2109,25362,287
2021-11-08,Marin,041,260295,17695,17617,488,18105,247
2021-11-08,Mariposa,043,17540,1333,1316,42,1358,5
2021-11-08,Mendocino,045,87422,7673,7581,590,8171,85
2021-11-08,Merced,047,269075,42435,42224,1908,44132,607
2021-11-08,Modoc,049,8938,551,529,198,727,5
2021-11-08,Mono,051,14174,1736,1739,19,1758,4
2021-11-08,Monterey,053,433212,48150,47942,3836,51778,602
2021-11-08,Napa,055,140530,13130,13045,114,13159,103
2021-11-08,Nevada,057,99092,9407,9278,340,9618,92
2021-11-08,Orange,059,3164182,309217,307156,15766,322922,5616
2021-11-08,Placer,061,380077,37547,37250,3826,41076,439
2021-11-08,Plumas,063,18699,1844,1788,49,1837,7
2021-11-08,Riverside,065,2383286,364562,362201,17041,379242,5152
2021-11-08,Sacramento,067,1510023,160424,159735,4909,164644,2275
2021-11-08,San Benito,069,59416,7482,7461,184,7645,75
2021-11-08,San Bernardino,071,2135413,356977,354741,11691,366432,5836
2021-11-08,San Diego,073,3302833,378171,375557,21808,397365,4259
2021-11-08,San Francisco,075,870044,53257,52942,2745,55687,666
2021-11-08,San Joaquin,077,732212,100442,99736,5672,105408,1794
2021-11-08,San Luis Obispo,079,281455,29677,29464,1291,30755,350
2021-11-08,San Mateo,081,765935,53852,53658,1653,55311,574
2021-11-08,Santa Barbara,083,443738,44984,44548,1686,46234,532
2021-11-08,Santa Clara,085,1922200,148089,147183,1434,148617,1899
2021-11-08,Santa Cruz,087,273765,20589,20435,1082,21517,222
2021-11-08,Shasta,089,179085,21801,21504,3735,25239,354
2021-11-08,Sierra,091,2930,189,183,23,206,0
2021-11-08,Siskiyou,093,43540,3331,3290,1350,4640,50
2021-11-08,Solano,095,438530,45817,45613,1253,46866,350
2021-11-08,Sonoma,097,501317,41867,41669,541,42210,395
2021-11-08,Stanislaus,099,539301,79898,79417,9217,88634,1150
2021-11-08,Sutter,101,95872,14018,13976,368,14344,180
2021-11-08,Tehama,103,63373,8606,8534,1537,10071,123
2021-11-08,Trinity,105,12862,785,743,202,945,13
2021-11-08,Tulare,107,460477,68763,68199,15994,84193,1020
2021-11-08,Tuolumne,109,53932,7423,7328,104,7432,90
2021-11-08,Ventura,111,848112,98567,98144,4433,102577,1182
2021-11-08,Yolo,113,214977,19955,19916,1204,21120,255
2021-11-08,Yuba,115,75493,10227,10172,352,10524,83
2021-11-07,Alameda,001,1643700,120369,119902,2995,122897,1444
2021-11-07,Alpine,003,1148,105,105,0,105,0
2021-11-07,Amador,005,37829,5616,5580,64,5644,66
2021-11-07,Butte,007,227075,21125,20969,3914,24883,288
2021-11-07,Calaveras,009,45235,4170,4158,63,4221,82
2021-11-07,Colusa,011,21464,2531,2511,659,3170,19
2021-11-07,Contra Costa,013,1133247,99922,99596,2293,101889,1028
2021-11-07,Del Norte,015,27424,3700,3617,57,3674,42
2021-11-07,El Dorado,017,186661,16174,16040,1758,17798,156
2021-11-07,Fresno,019,978130,141377,140263,12567,152830,2179
2021-11-07,Glenn,021,27897,3509,3493,1015,4508,34
2021-11-07,Humboldt,023,135768,9186,9074,610,9684,109
2021-11-07,Imperial,025,180216,33949,33674,3399,37073,766
2021-11-07,Inyo,027,18085,2426,2394,34,2428,41
2021-11-07,Kern,029,883053,128726,127583,23290,150873,1692
2021-11-07,Kings,031,150075,32463,32221,2096,34317,343
2021-11-07,Lake,033,64148,6789,6734,153,6887,106
2021-11-07,Lassen,035,31185,6916,6819,411,7230,46
2021-11-07,Los Angeles,037,10098052,1443139,1437314,56739,1494053,26573
2021-11-07,Madera,039,155013,23512,23225,2103,25328,287
2021-11-07,Marin,041,260295,17675,17594,487,18081,247
2021-11-07,Mariposa,043,17540,1332,1306,42,1348,5
2021-11-07,Mendocino,045,87422,7644,7567,586,8153,85
2021-11-07,Merced,047,269075,42354,42186,1878,44064,607
2021-11-07,Modoc,049,8938,548,528,197,725,5
2021-11-07,Mono,051,14174,1732,1739,19,1758,4
2021-11-07,Monterey,053,433212,48112,47924,3818,51742,602
2021-11-07,Napa,055,140530,13109,13041,114,13155,103
2021-11-07,Nevada,057,99092,9358,9254,340,9594,92
2021-11-07,Orange,059,3164182,308900,306954,15732,322686,5616
2021-11-07,Placer,061,380077,37470,37202,3811,41013,439
2021-11-07,Plumas,063,18699,1837,1787,48,1835,7
2021-11-07,Riverside,065,2383286,364028,361960,17021,378981,5152
2021-11-07,Sacramento,067,1510023,160193,159549,4890,164439,2277
2021-11-07,San Benito,069,59416,7469,7460,184,7644,75
2021-11-07,San Bernardino,071,2135413,356477,354488,11668,366156,5832
2021-11-07,San Diego,073,3302833,377585,375165,21773,396938,4250
2021-11-07,San Francisco,075,870044,53176,52868,2736,55604,666
2021-11-07,San Joaquin,077,732212,100258,99696,5666,105362,1794
2021-11-07,San Luis Obispo,079,281455,29628,29454,1287,30741,350
2021-11-07,San Mateo,081,765935,53793,53600,1651,55251,574
2021-11-07,Santa Barbara,083,443738,44921,44501,1685,46186,532
2021-11-07,Santa Clara,085,1922200,147888,147054,1421,148475,1898
2021-11-07,Santa Cruz,087,273765,20531,20397,1081,21478,222
2021-11-07,Shasta,089,179085,21754,21479,3729,25208,354
2021-11-07,Sierra,091,2930,187,183,23,206,0
2021-11-07,Siskiyou,093,43540,3326,3289,1347,4636,51
2021-11-07,Solano,095,438530,45765,45582,1248,46830,350
2021-11-07,Sonoma,097,501317,41818,41630,541,42171,395
2021-11-07,Stanislaus,099,539301,79745,79351,9196,88547,1150
2021-11-07,Sutter,101,95872,14005,13964,365,14329,180
2021-11-07,Tehama,103,63373,8583,8528,1535,10063,121
2021-11-07,Trinity,105,12862,784,742,201,943,13
2021-11-07,Tulare,107,460477,68610,68145,15950,84095,1020
2021-11-07,Tuolumne,109,53932,7405,7300,102,7402,90
2021-11-07,Ventura,111,848112,98463,98085,4431,102516,1182
2021-11-07,Yolo,113,214977,19935,19899,1199,21098,255
2021-11-07,Yuba,115,75493,10210,10162,347,10509,83
2021-11-06,Alameda,001,1643700,120310,119499,2993,122492,1436
2021-11-06,Alpine,003,1148,105,105,0,105,0
2021-11-06,Amador,005,37829,5610,5557,64,5621,66
2021-11-06,Butte,007,227075,21105,20796,3910,24706,288
2021-11-06,Calaveras,009,45235,4162,4105,63,4168,82
2021-11-06,Colusa,011,21464,2530,2501,658,3159,19
2021-11-06,Contra Costa,013,1133247,99868,99282,2291,101573,1025
2021-11-06,Del Norte,015,27424,3697,3607,57,3664,42
2021-11-06,El Dorado,017,186661,16157,15958,1758,17716,156
2021-11-06,Fresno,019,978130,141260,139249,12565,151814,2170
2021-11-06,Glenn,021,27897,3506,3479,1015,4494,33
2021-11-06,Humboldt,023,135768,9174,8972,606,9578,109
2021-11-06,Imperial,025,180216,33903,33471,3393,36864,766
2021-11-06,Inyo,027,18085,2420,2353,34,2387,41
2021-11-06,Kern,029,883053,128593,126848,23237,150085,1684
2021-11-06,Kings,031,150075,32431,32018,2091,34109,342
2021-11-06,Lake,033,64148,6787,6695,153,6848,106
2021-11-06,Lassen,035,31185,6911,6796,410,7206,46
2021-11-06,Los Angeles,037,10098052,1442365,1433081,56694,1489775,26533
2021-11-06,Madera,039,155013,23476,22994,2094,25088,287
2021-11-06,Marin,041,260295,17656,17520,484,18004,247
2021-11-06,Mariposa,043,17540,1330,1282,42,1324,5
2021-11-06,Mendocino,045,87422,7622,7486,586,8072,85
2021-11-06,Merced,047,269075,42331,41958,1870,43828,604
2021-11-06,Modoc,049,8938,547,523,197,720,5
2021-11-06,Mono,051,14174,1731,1725,19,1744,4
2021-11-06,Monterey,053,433212,48087,47830,3801,51631,602
2021-11-06,Napa,055,140530,13098,12950,114,13064,103
2021-11-06,Nevada,057,99092,9336,9169,339,9508,91
2021-11-06,Orange,059,3164182,308692,306049,15706,321755,5611
2021-11-06,Placer,061,380077,37429,36967,3808,40775,438
2021-11-06,Plumas,063,18699,1833,1755,47,1802,7
2021-11-06,Riverside,065,2383286,363710,360584,17011,377595,5138
2021-11-06,Sacramento,067,1510023,160101,158766,4885,163651,2263
2021-11-06,San Benito,069,59416,7462,7429,184,7613,75
2021-11-06,San Bernardino,071,2135413,356210,353142,11664,364806,5813
2021-11-06,San Diego,073,3302833,377239,373423,21754,395177,4246
2021-11-06,San Francisco,075,870044,53122,52556,2733,55289,666
2021-11-06,San Joaquin,077,732212,100202,99372,5665,105037,1782
2021-11-06,San Luis Obispo,079,281455,29600,29335,1283,30618,350
2021-11-06,San Mateo,081,765935,53763,53442,1646,55088,574
2021-11-06,Santa Barbara,083,443738,44885,44301,1684,45985,532
2021-11-06,Santa Clara,085,1922200,147743,146519,1416,147935,1894
2021-11-06,Santa Cruz,087,273765,20512,20311,1079,21390,222
2021-11-06,Shasta,089,179085,21735,21281,3724,25005,349
2021-11-06,Sierra,091,2930,187,181,23,204,0
2021-11-06,Siskiyou,093,43540,3326,3279,1345,4624,48
2021-11-06,Solano,095,438530,45735,45465,1247,46712,350
2021-11-06,Sonoma,097,501317,41769,41398,540,41938,395
2021-11-06,Stanislaus,099,539301,79677,78902,9188,88090,1193
2021-11-06,Sutter,101,95872,14001,13908,364,14272,180
2021-11-06,Tehama,103,63373,8572,8474,1533,10007,120
2021-11-06,Trinity,105,12862,781,732,201,933,11
2021-11-06,Tulare,107,460477,68562,67767,15921,83688,1010
2021-11-06,Tuolumne,109,53932,7392,7245,102,7347,90
2021-11-06,Ventura,111,848112,98397,97770,4427,102197,1180
2021-11-06,Yolo,113,214977,19918,19827,1195,21022,255
2021-11-06,Yuba,115,75493,10196,10107,347,10454,83
2021-11-05,Alameda,001,1643700,120231,119499,2991,122490,1436
2021-11-05,Alpine,003,1148,105,105,0,105,0
2021-11-05,Amador,005,37829,5605,5557,64,5621,66
2021-11-05,Butte,007,227075,21091,20796,3909,24705,288
2021-11-05,Calaveras,009,45235,4157,4105,63,4168,82
2021-11-05,Colusa,011,21464,2530,2501,657,3158,19
2021-11-05,Contra Costa,013,1133247,99803,99282,2289,101571,1025
2021-11-05,Del Norte,015,27424,3695,3607,57,3664,42
2021-11-05,El Dorado,017,186661,16139,15958,1752,17710,156
2021-11-05,Fresno,019,978130,141082,139249,12556,151805,2170
2021-11-05,Glenn,021,27897,3506,3479,1015,4494,33
2021-11-05,Humboldt,023,135768,9160,8972,606,9578,109
2021-11-05,Imperial,025,180216,33868,33471,3390,36861,766
2021-11-05,Inyo,027,18085,2412,2353,34,2387,41
2021-11-05,Kern,029,883053,128466,126848,23181,150029,1684
2021-11-05,Kings,031,150075,32408,32018,2090,34108,342
2021-11-05,Lake,033,64148,6781,6695,153,6848,106
2021-11-05,Lassen,035,31185,6907,6796,409,7205,46
2021-11-05,Los Angeles,037,10098052,1441547,1433081,56656,1489737,26533
2021-11-05,Madera,039,155013,23438,22994,2093,25087,287
2021-11-05,Marin,041,260295,17634,17520,483,18003,247
2021-11-05,Mariposa,043,17540,1327,1282,41,1323,5
2021-11-05,Mendocino,045,87422,7611,7486,585,8071,85
2021-11-05,Merced,047,269075,42305,41958,1866,43824,604
2021-11-05,Modoc,049,8938,547,523,197,720,5
2021-11-05,Mono,051,14174,1731,1725,19,1744,4
2021-11-05,Monterey,053,433212,48064,47830,3794,51624,602
2021-11-05,Napa,055,140530,13076,12950,114,13064,103
2021-11-05,Nevada,057,99092,9323,9169,339,9508,91
2021-11-05,Orange,059,3164182,308503,306049,15685,321734,5611
2021-11-05,Placer,061,380077,37403,36967,3798,40765,438
2021-11-05,Plumas,063,18699,1826,1755,47,1802,7
2021-11-05,Riverside,065,2383286,363370,360584,17000,377584,5138
2021-11-05,Sacramento,067,1510023,159977,158766,4879,163645,2263
2021-11-05,San Benito,069,59416,7460,7429,183,7612,75
2021-11-05,San Bernardino,071,2135413,355882,353142,11653,364795,5813
2021-11-05,San Diego,073,3302833,376874,373423,21741,395164,4246
2021-11-05,San Francisco,075,870044,53072,52556,2729,55285,666
2021-11-05,San Joaquin,077,732212,100149,99372,5656,105028,1782
2021-11-05,San Luis Obispo,079,281455,29578,29335,1283,30618,350
2021-11-05,San Mateo,081,765935,53724,53442,1644,55086,574
2021-11-05,Santa Barbara,083,443738,44841,44301,1684,45985,532
2021-11-05,Santa Clara,085,1922200,147605,146519,1415,147934,1894
2021-11-05,Santa Cruz,087,273765,20487,20311,1078,21389,222
2021-11-05,Shasta,089,179085,21703,21281,3719,25000,349
2021-11-05,Sierra,091,2930,187,181,23,204,0
2021-11-05,Siskiyou,093,43540,3322,3279,1343,4622,48
2021-11-05,Solano,095,438530,45696,45465,1244,46709,350
2021-11-05,Sonoma,097,501317,41729,41398,540,41938,395
2021-11-05,Stanislaus,099,539301,79619,78902,9176,88078,1193
2021-11-05,Sutter,101,95872,13993,13908,363,14271,180
2021-11-05,Tehama,103,63373,8565,8474,1532,10006,120
2021-11-05,Trinity,105,12862,781,732,201,933,11
2021-11-05,Tulare,107,460477,68492,67767,15883,83650,1010
2021-11-05,Tuolumne,109,53932,7375,7245,101,7346,90
2021-11-05,Ventura,111,848112,98351,97770,4424,102194,1180
2021-11-05,Yolo,113,214977,19908,19827,1194,21021,255
2021-11-05,Yuba,115,75493,10183,10107,345,10452,83
2021-11-04,Alameda,001,1643700,120118,119499,2985,122484,1436
2021-11-04,Alpine,003,1148,105,105,0,105,0
2021-11-04,Amador,005,37829,5597,5557,64,5621,66
2021-11-04,Butte,007,227075,21049,20796,3899,24695,288
2021-11-04,Calaveras,009,45235,4143,4105,61,4166,82
2021-11-04,Colusa,011,21464,2524,2501,656,3157,19
2021-11-04,Contra Costa,013,1133247,99710,99282,2284,101566,1025
2021-11-04,Del Norte,015,27424,3692,3607,57,3664,42
2021-11-04,El Dorado,017,186661,16113,15958,1748,17706,156
2021-11-04,Fresno,019,978130,140803,139249,12550,151799,2170
2021-11-04,Glenn,021,27897,3501,3479,1014,4493,33
2021-11-04,Humboldt,023,135768,9135,8972,603,9575,109
2021-11-04,Imperial,025,180216,33809,33471,3381,36852,766
2021-11-04,Inyo,027,18085,2404,2353,34,2387,41
2021-11-04,Kern,029,883053,128233,126848,23116,149964,1684
2021-11-04,Kings,031,150075,32327,32018,2082,34100,342
2021-11-04,Lake,033,64148,6771,6695,151,6846,106
2021-11-04,Lassen,035,31185,6897,6796,404,7200,46
2021-11-04,Los Angeles,037,10098052,1440251,1433081,56570,1489651,26533
2021-11-04,Madera,039,155013,23383,22994,2083,25077,287
2021-11-04,Marin,041,260295,17622,17520,481,18001,247
2021-11-04,Mariposa,043,17540,1320,1282,41,1323,5
2021-11-04,Mendocino,045,87422,7598,7486,579,8065,85
2021-11-04,Merced,047,269075,42250,41958,1862,43820,604
2021-11-04,Modoc,049,8938,546,523,197,720,5
2021-11-04,Mono,051,14174,1728,1725,19,1744,4
2021-11-04,Monterey,053,433212,48029,47830,3770,51600,602
2021-11-04,Napa,055,140530,13055,12950,114,13064,103
2021-11-04,Nevada,057,99092,9292,9169,338,9507,91
2021-11-04,Orange,059,3164182,308255,306049,15666,321715,5611
2021-11-04,Placer,061,380077,37332,36967,3789,40756,438
2021-11-04,Plumas,063,18699,1818,1755,43,1798,7
2021-11-04,Riverside,065,2383286,362974,360584,16991,377575,5138
2021-11-04,Sacramento,067,1510023,159742,158766,4858,163624,2263
2021-11-04,San Benito,069,59416,7454,7429,183,7612,75
2021-11-04,San Bernardino,071,2135413,355451,353142,11646,364788,5813
2021-11-04,San Diego,073,3302833,376396,373423,21719,395142,4246
2021-11-04,San Francisco,075,870044,52995,52556,2725,55281,666
2021-11-04,San Joaquin,077,732212,100042,99372,5644,105016,1782
2021-11-04,San Luis Obispo,079,281455,29554,29335,1276,30611,350
2021-11-04,San Mateo,081,765935,53672,53442,1630,55072,574
2021-11-04,Santa Barbara,083,443738,44785,44301,1684,45985,532
2021-11-04,Santa Clara,085,1922200,147451,146519,1412,147931,1894
2021-11-04,Santa Cruz,087,273765,20452,20311,1078,21389,222
2021-11-04,Shasta,089,179085,21644,21281,3714,24995,349
2021-11-04,Sierra,091,2930,185,181,23,204,0
2021-11-04,Siskiyou,093,43540,3319,3279,1336,4615,48
2021-11-04,Solano,095,438530,45654,45465,1243,46708,350
2021-11-04,Sonoma,097,501317,41670,41398,540,41938,395
2021-11-04,Stanislaus,099,539301,79481,78902,9170,88072,1193
2021-11-04,Sutter,101,95872,13982,13908,361,14269,180
2021-11-04,Tehama,103,63373,8556,8474,1528,10002,120
2021-11-04,Trinity,105,12862,780,732,201,933,11
2021-11-04,Tulare,107,460477,68377,67767,15836,83603,1010
2021-11-04,Tuolumne,109,53932,7353,7245,99,7344,90
2021-11-04,Ventura,111,848112,98261,97770,4419,102189,1180
2021-11-04,Yolo,113,214977,19883,19827,1188,21015,255
2021-11-04,Yuba,115,75493,10169,10107,343,10450,83
2021-11-03,Alameda,001,1643700,119982,119356,2982,122338,1428
2021-11-03,Alpine,003,1148,105,105,0,105,0
2021-11-03,Amador,005,37829,5591,5545,63,5608,66
2021-11-03,Butte,007,227075,21004,20769,3890,24659,284
2021-11-03,Calaveras,009,45235,4125,4087,60,4147,82
2021-11-03,Colusa,011,21464,2518,2499,656,3155,20
2021-11-03,Contra Costa,013,1133247,99612,99168,2278,101446,1025
2021-11-03,Del Norte,015,27424,3690,3600,56,3656,42
2021-11-03,El Dorado,017,186661,16086,15915,1745,17660,156
2021-11-03,Fresno,019,978130,140440,138873,12532,151405,2166
2021-11-03,Glenn,021,27897,3497,3470,1014,4484,33
2021-11-03,Humboldt,023,135768,9117,8949,598,9547,109
2021-11-03,Imperial,025,180216,33739,33402,3371,36773,766
2021-11-03,Inyo,027,18085,2384,2344,34,2378,41
2021-11-03,Kern,029,883053,127971,126523,23022,149545,1681
2021-11-03,Kings,031,150075,32272,31923,2073,33996,341
2021-11-03,Lake,033,64148,6756,6685,151,6836,106
2021-11-03,Lassen,035,31185,6881,6782,398,7180,46
2021-11-03,Los Angeles,037,10098052,1438906,1431209,56483,1487692,26517
2021-11-03,Madera,039,155013,23316,22893,2075,24968,287
2021-11-03,Marin,041,260295,17601,17491,477,17968,247
2021-11-03,Mariposa,043,17540,1310,1276,41,1317,5
2021-11-03,Mendocino,045,87422,7582,7457,571,8028,84
2021-11-03,Merced,047,269075,42188,41849,1852,43701,597
2021-11-03,Modoc,049,8938,546,521,195,716,5
2021-11-03,Mono,051,14174,1725,1719,19,1738,4
2021-11-03,Monterey,053,433212,47988,47794,3748,51542,601
2021-11-03,Napa,055,140530,13043,12937,113,13050,103
2021-11-03,Nevada,057,99092,9265,9131,337,9468,91
2021-11-03,Orange,059,3164182,307949,305661,15632,321293,5607
2021-11-03,Placer,061,380077,37264,36868,3784,40652,438
2021-11-03,Plumas,063,18699,1807,1739,42,1781,7
2021-11-03,Riverside,065,2383286,362515,360060,16987,377047,5131
2021-11-03,Sacramento,067,1510023,159518,158311,4847,163158,2259
2021-11-03,San Benito,069,59416,7446,7419,183,7602,75
2021-11-03,San Bernardino,071,2135413,354981,352225,11625,363850,5813
2021-11-03,San Diego,073,3302833,375886,372951,21693,394644,4241
2021-11-03,San Francisco,075,870044,52902,52493,2719,55212,663
2021-11-03,San Joaquin,077,732212,99930,99188,5633,104821,1776
2021-11-03,San Luis Obispo,079,281455,29512,29276,1270,30546,348
2021-11-03,San Mateo,081,765935,53612,53396,1619,55015,571
2021-11-03,Santa Barbara,083,443738,44729,44220,1681,45901,531
2021-11-03,Santa Clara,085,1922200,147284,146259,1407,147666,1897
2021-11-03,Santa Cruz,087,273765,20418,20275,1078,21353,222
2021-11-03,Shasta,089,179085,21586,21215,3707,24922,346
2021-11-03,Sierra,091,2930,183,180,23,203,0
2021-11-03,Siskiyou,093,43540,3315,3276,1334,4610,46
2021-11-03,Solano,095,438530,45628,45411,1241,46652,351
2021-11-03,Sonoma,097,501317,41594,41326,538,41864,395
2021-11-03,Stanislaus,099,539301,79351,78736,9155,87891,1193
2021-11-03,Sutter,101,95872,13969,13876,359,14235,179
2021-11-03,Tehama,103,63373,8545,8438,1528,9966,118
2021-11-03,Trinity,105,12862,779,730,201,931,11
2021-11-03,Tulare,107,460477,68252,67588,15793,83381,1007
2021-11-03,Tuolumne,109,53932,7336,7218,97,7315,90
2021-11-03,Ventura,111,848112,98143,97682,4415,102097,1178
2021-11-03,Yolo,113,214977,19866,19758,1180,20938,250
2021-11-03,Yuba,115,75493,10157,10092,343,10435,83
2021-11-02,Alameda,001,1643700,119845,119241,2976,122217,1425
2021-11-02,Alpine,003,1148,105,105,0,105,0
2021-11-02,Amador,005,37829,5586,5535,63,5598,66
2021-11-02,Butte,007,227075,20960,20744,3879,24623,282
2021-11-02,Calaveras,009,45235,4103,4075,59,4134,82
2021-11-02,Colusa,011,21464,2513,2497,655,3152,19
2021-11-02,Contra Costa,013,1133247,99510,99080,2265,101345,1025
2021-11-02,Del Norte,015,27424,3688,3596,56,3652,42
2021-11-02,El Dorado,017,186661,16061,15883,1745,17628,154
2021-11-02,Fresno,019,978130,140118,138644,12504,151148,2158
2021-11-02,Glenn,021,27897,3489,3469,1011,4480,33
2021-11-02,Humboldt,023,135768,9079,8937,594,9531,109
2021-11-02,Imperial,025,180216,33666,33371,3359,36730,766
2021-11-02,Inyo,027,18085,2377,2324,34,2358,41
2021-11-02,Kern,029,883053,127716,126311,22903,149214,1665
2021-11-02,Kings,031,150075,32213,31896,2068,33964,339
2021-11-02,Lake,033,64148,6751,6681,150,6831,106
2021-11-02,Lassen,035,31185,6869,6777,395,7172,45
2021-11-02,Los Angeles,037,10098052,1437459,1429601,56406,1486007,26496
2021-11-02,Madera,039,155013,23234,22837,2064,24901,287
2021-11-02,Marin,041,260295,17573,17482,477,17959,247
2021-11-02,Mariposa,043,17540,1299,1270,40,1310,5
2021-11-02,Mendocino,045,87422,7558,7447,559,8006,84
2021-11-02,Merced,047,269075,42121,41785,1844,43629,596
2021-11-02,Modoc,049,8938,543,520,194,714,5
2021-11-02,Mono,051,14174,1722,1718,19,1737,4
2021-11-02,Monterey,053,433212,47944,47775,3722,51497,599
2021-11-02,Napa,055,140530,13025,12930,113,13043,104
2021-11-02,Nevada,057,99092,9235,9122,336,9458,91
2021-11-02,Orange,059,3164182,307639,305369,15586,320955,5600
2021-11-02,Placer,061,380077,37192,36817,3769,40586,438
2021-11-02,Plumas,063,18699,1796,1721,42,1763,7
2021-11-02,Riverside,065,2383286,362064,359586,16966,376552,5116
2021-11-02,Sacramento,067,1510023,159267,158112,4821,162933,2250
2021-11-02,San Benito,069,59416,7429,7407,183,7590,75
2021-11-02,San Bernardino,071,2135413,354509,351832,11567,363399,5813
2021-11-02,San Diego,073,3302833,375296,372440,21660,394100,4232
2021-11-02,San Francisco,075,870044,52784,52450,2714,55164,663
2021-11-02,San Joaquin,077,732212,99795,99076,5621,104697,1772
2021-11-02,San Luis Obispo,079,281455,29479,29224,1267,30491,348
2021-11-02,San Mateo,081,765935,53550,53351,1606,54957,571
2021-11-02,Santa Barbara,083,443738,44673,44177,1677,45854,531
2021-11-02,Santa Clara,085,1922200,147093,146115,1402,147517,1896
2021-11-02,Santa Cruz,087,273765,20385,20266,1077,21343,222
2021-11-02,Shasta,089,179085,21512,21127,3696,24823,344
2021-11-02,Sierra,091,2930,183,180,22,202,0
2021-11-02,Siskiyou,093,43540,3313,3272,1331,4603,46
2021-11-02,Solano,095,438530,45591,45378,1236,46614,350
2021-11-02,Sonoma,097,501317,41517,41288,537,41825,395
2021-11-02,Stanislaus,099,539301,79197,78629,9135,87764,1193
2021-11-02,Sutter,101,95872,13948,13868,359,14227,179
2021-11-02,Tehama,103,63373,8532,8422,1526,9948,116
2021-11-02,Trinity,105,12862,779,729,201,930,11
2021-11-02,Tulare,107,460477,68129,67502,15742,83244,1002
2021-11-02,Tuolumne,109,53932,7315,7204,95,7299,90
2021-11-02,Ventura,111,848112,98028,97574,4411,101985,1178
2021-11-02,Yolo,113,214977,19835,19736,1178,20914,250
2021-11-02,Yuba,115,75493,10134,10080,341,10421,83
2021-11-01,Alameda,001,1643700,119712,119159,2973,122132,1421
2021-11-01,Alpine,003,1148,105,105,0,105,0
2021-11-01,Amador,005,37829,5584,5532,63,5595,64
2021-11-01,Butte,007,227075,20910,20710,3874,24584,281
2021-11-01,Calaveras,009,45235,4093,4059,57,4116,82
2021-11-01,Colusa,011,21464,2511,2494,652,3146,19
2021-11-01,Contra Costa,013,1133247,99388,99011,2253,101264,1025
2021-11-01,Del Norte,015,27424,3686,3594,56,3650,42
2021-11-01,El Dorado,017,186661,16037,15858,1739,17597,154
2021-11-01,Fresno,019,978130,139743,138421,12475,150896,2149
2021-11-01,Glenn,021,27897,3482,3461,1009,4470,33
2021-11-01,Humboldt,023,135768,9051,8929,589,9518,108
2021-11-01,Imperial,025,180216,33615,33342,3350,36692,766
2021-11-01,Inyo,027,18085,2365,2307,34,2341,41
2021-11-01,Kern,029,883053,127417,126092,22792,148884,1660
2021-11-01,Kings,031,150075,32161,31866,2066,33932,337
2021-11-01,Lake,033,64148,6740,6676,149,6825,106
2021-11-01,Lassen,035,31185,6854,6775,392,7167,42
2021-11-01,Los Angeles,037,10098052,1436090,1428891,56312,1485203,26483
2021-11-01,Madera,039,155013,23156,22801,2059,24860,283
2021-11-01,Marin,041,260295,17553,17460,476,17936,247
2021-11-01,Mariposa,043,17540,1291,1266,39,1305,5
2021-11-01,Mendocino,045,87422,7524,7422,541,7963,84
2021-11-01,Merced,047,269075,42034,41740,1841,43581,594
2021-11-01,Modoc,049,8938,538,520,192,712,5
2021-11-01,Mono,051,14174,1717,1714,19,1733,3
2021-11-01,Monterey,053,433212,47909,47756,3703,51459,597
2021-11-01,Napa,055,140530,12998,12916,112,13028,101
2021-11-01,Nevada,057,99092,9212,9108,335,9443,91
2021-11-01,Orange,059,3164182,307317,305192,15543,320735,5596
2021-11-01,Placer,061,380077,37109,36747,3757,40504,435
2021-11-01,Plumas,063,18699,1779,1719,40,1759,7
2021-11-01,Riverside,065,2383286,361563,359263,16944,376207,5115
2021-11-01,Sacramento,067,1510023,158997,157893,4794,162687,2239
2021-11-01,San Benito,069,59416,7419,7406,182,7588,73
2021-11-01,San Bernardino,071,2135413,354022,351620,11547,363167,5815
2021-11-01,San Diego,073,3302833,374714,372043,21638,393681,4232
2021-11-01,San Francisco,075,870044,52702,52418,2702,55120,661
2021-11-01,San Joaquin,077,732212,99634,98969,5614,104583,1772
2021-11-01,San Luis Obispo,079,281455,29435,29199,1263,30462,343
2021-11-01,San Mateo,081,765935,53488,53314,1600,54914,571
2021-11-01,Santa Barbara,083,443738,44605,44146,1673,45819,529
2021-11-01,Santa Clara,085,1922200,146896,145978,1399,147377,1907
2021-11-01,Santa Cruz,087,273765,20350,20238,1077,21315,221
2021-11-01,Shasta,089,179085,21459,21104,3689,24793,338
2021-11-01,Sierra,091,2930,183,180,22,202,0
2021-11-01,Siskiyou,093,43540,3306,3272,1326,4598,46
2021-11-01,Solano,095,438530,45543,45358,1236,46594,350
2021-11-01,Sonoma,097,501317,41445,41234,537,41771,395
2021-11-01,Stanislaus,099,539301,79069,78534,9120,87654,1193
2021-11-01,Sutter,101,95872,13924,13852,357,14209,179
2021-11-01,Tehama,103,63373,8504,8412,1525,9937,116
2021-11-01,Trinity,105,12862,777,727,201,928,11
2021-11-01,Tulare,107,460477,67987,67388,15689,83077,1002
2021-11-01,Tuolumne,109,53932,7299,7175,94,7269,90
2021-11-01,Ventura,111,848112,97948,97507,4406,101913,1178
2021-11-01,Yolo,113,214977,19815,19708,1171,20879,250
2021-11-01,Yuba,115,75493,10116,10066,338,10404,83
2021-10-31,Alameda,001,1643700,119574,119071,2970,122041,1419
2021-10-31,Alpine,003,1148,105,105,0,105,0
2021-10-31,Amador,005,37829,5573,5518,63,5581,64
2021-10-31,Butte,007,227075,20849,20689,3865,24554,281
2021-10-31,Calaveras,009,45235,4075,4052,56,4108,82
2021-10-31,Colusa,011,21464,2509,2493,649,3142,18
2021-10-31,Contra Costa,013,1133247,99263,98936,2250,101186,1025
2021-10-31,Del Norte,015,27424,3680,3591,56,3647,42
2021-10-31,El Dorado,017,186661,15994,15841,1736,17577,154
2021-10-31,Fresno,019,978130,139337,138165,12443,150608,2147
2021-10-31,Glenn,021,27897,3477,3459,1008,4467,33
2021-10-31,Humboldt,023,135768,9005,8919,582,9501,108
2021-10-31,Imperial,025,180216,33539,33334,3337,36671,766
2021-10-31,Inyo,027,18085,2346,2309,34,2343,41
2021-10-31,Kern,029,883053,127052,125917,22669,148586,1666
2021-10-31,Kings,031,150075,32074,31814,2053,33867,338
2021-10-31,Lake,033,64148,6729,6665,149,6814,106
2021-10-31,Lassen,035,31185,6839,6768,387,7155,42
2021-10-31,Los Angeles,037,10098052,1434563,1427933,56224,1484157,26474
2021-10-31,Madera,039,155013,23061,22744,2048,24792,283
2021-10-31,Marin,041,260295,17525,17443,475,17918,247
2021-10-31,Mariposa,043,17540,1285,1257,38,1295,5
2021-10-31,Mendocino,045,87422,7482,7403,524,7927,84
2021-10-31,Merced,047,269075,41940,41699,1821,43520,589
2021-10-31,Modoc,049,8938,532,517,189,706,5
2021-10-31,Mono,051,14174,1714,1711,19,1730,3
2021-10-31,Monterey,053,433212,47875,47744,3678,51422,596
2021-10-31,Napa,055,140530,12981,12906,110,13016,101
2021-10-31,Nevada,057,99092,9175,9084,330,9414,91
2021-10-31,Orange,059,3164182,306974,305032,15462,320494,5596
2021-10-31,Placer,061,380077,37012,36698,3743,40441,435
2021-10-31,Plumas,063,18699,1762,1716,39,1755,7
2021-10-31,Riverside,065,2383286,360985,359005,16929,375934,5104
2021-10-31,Sacramento,067,1510023,158651,157667,4778,162445,2243
2021-10-31,San Benito,069,59416,7410,7397,178,7575,73
2021-10-31,San Bernardino,071,2135413,353495,351411,11533,362944,5810
2021-10-31,San Diego,073,3302833,374141,371603,21605,393208,4218
2021-10-31,San Francisco,075,870044,52596,52370,2694,55064,661
2021-10-31,San Joaquin,077,732212,99470,98893,5600,104493,1772
2021-10-31,San Luis Obispo,079,281455,29384,29176,1262,30438,343
2021-10-31,San Mateo,081,765935,53437,53284,1592,54876,571
2021-10-31,Santa Barbara,083,443738,44537,44113,1668,45781,529
2021-10-31,Santa Clara,085,1922200,146684,145829,1386,147215,1908
2021-10-31,Santa Cruz,087,273765,20315,20218,1076,21294,221
2021-10-31,Shasta,089,179085,21376,21086,3677,24763,338
2021-10-31,Sierra,091,2930,183,180,22,202,0
2021-10-31,Siskiyou,093,43540,3300,3271,1325,4596,46
2021-10-31,Solano,095,438530,45495,45310,1230,46540,350
2021-10-31,Sonoma,097,501317,41376,41183,534,41717,395
2021-10-31,Stanislaus,099,539301,78879,78426,9105,87531,1193
2021-10-31,Sutter,101,95872,13905,13838,354,14192,179
2021-10-31,Tehama,103,63373,8473,8391,1521,9912,116
2021-10-31,Trinity,105,12862,777,724,201,925,11
2021-10-31,Tulare,107,460477,67791,67310,15598,82908,1002
2021-10-31,Tuolumne,109,53932,7270,7141,93,7234,90
2021-10-31,Ventura,111,848112,97831,97460,4401,101861,1178
2021-10-31,Yolo,113,214977,19775,19662,1165,20827,250
2021-10-31,Yuba,115,75493,10098,10051,328,10379,83
2021-10-30,Alameda,001,1643700,119517,118632,2967,121599,1419
2021-10-30,Alpine,003,1148,105,105,0,105,0
2021-10-30,Amador,005,37829,5564,5480,63,5543,64
2021-10-30,Butte,007,227075,20834,20516,3859,24375,277
2021-10-30,Calaveras,009,45235,4068,3992,56,4048,82
2021-10-30,Colusa,011,21464,2509,2484,648,3132,19
2021-10-30,Contra Costa,013,1133247,99202,98562,2249,100811,1024
2021-10-30,Del Norte,015,27424,3677,3574,56,3630,42
2021-10-30,El Dorado,017,186661,15978,15752,1731,17483,154
2021-10-30,Fresno,019,978130,139195,136901,12438,149339,2131
2021-10-30,Glenn,021,27897,3473,3442,1008,4450,33
2021-10-30,Humboldt,023,135768,8990,8871,580,9451,105
2021-10-30,Imperial,025,180216,33495,33156,3333,36489,766
2021-10-30,Inyo,027,18085,2343,2249,34,2283,41
2021-10-30,Kern,029,883053,126901,124892,22597,147489,1653
2021-10-30,Kings,031,150075,32037,31578,2049,33627,337
2021-10-30,Lake,033,64148,6724,6610,149,6759,106
2021-10-30,Lassen,035,31185,6833,6719,385,7104,42
2021-10-30,Los Angeles,037,10098052,1433843,1424257,56169,1480426,26625
2021-10-30,Madera,039,155013,23018,22524,2042,24566,283
2021-10-30,Marin,041,260295,17510,17380,473,17853,247
2021-10-30,Mariposa,043,17540,1282,1228,38,1266,5
2021-10-30,Mendocino,045,87422,7460,7338,522,7860,84
2021-10-30,Merced,047,269075,41900,41428,1819,43247,586
2021-10-30,Modoc,049,8938,531,513,187,700,5
2021-10-30,Mono,051,14174,1714,1684,19,1703,3
2021-10-30,Monterey,053,433212,47863,47649,3667,51316,588
2021-10-30,Napa,055,140530,12968,12863,109,12972,101
2021-10-30,Nevada,057,99092,9156,9015,330,9345,91
2021-10-30,Orange,059,3164182,306798,304120,15444,319564,5588
2021-10-30,Placer,061,380077,36967,36400,3737,40137,434
2021-10-30,Plumas,063,18699,1757,1695,39,1734,7
2021-10-30,Riverside,065,2383286,360685,357645,16919,374564,5088
2021-10-30,Sacramento,067,1510023,158494,157125,4768,161893,2233
2021-10-30,San Benito,069,59416,7403,7362,178,7540,71
2021-10-30,San Bernardino,071,2135413,353218,350076,11519,361595,5777
2021-10-30,San Diego,073,3302833,373771,370006,21581,391587,4213
2021-10-30,San Francisco,075,870044,52567,52161,2692,54853,661
2021-10-30,San Joaquin,077,732212,99415,98314,5599,103913,1768
2021-10-30,San Luis Obispo,079,281455,29352,29053,1259,30312,341
2021-10-30,San Mateo,081,765935,53404,53083,1587,54670,571
2021-10-30,Santa Barbara,083,443738,44502,43972,1667,45639,528
2021-10-30,Santa Clara,085,1922200,146579,145262,1382,146644,1903
2021-10-30,Santa Cruz,087,273765,20297,20134,1074,21208,221
2021-10-30,Shasta,089,179085,21331,20878,3671,24549,332
2021-10-30,Sierra,091,2930,183,175,22,197,0
2021-10-30,Siskiyou,093,43540,3299,3257,1322,4579,46
2021-10-30,Solano,095,438530,45474,45146,1229,46375,346
2021-10-30,Sonoma,097,501317,41336,40924,534,41458,393
2021-10-30,Stanislaus,099,539301,78810,77871,9098,86969,1191
2021-10-30,Sutter,101,95872,13892,13773,354,14127,178
2021-10-30,Tehama,103,63373,8462,8307,1516,9823,114
2021-10-30,Trinity,105,12862,775,708,200,908,11
2021-10-30,Tulare,107,460477,67723,66745,15549,82294,995
2021-10-30,Tuolumne,109,53932,7246,7050,92,7142,90
2021-10-30,Ventura,111,848112,97787,97182,4400,101582,1174
2021-10-30,Yolo,113,214977,19756,19568,1162,20730,250
2021-10-30,Yuba,115,75493,10088,9969,328,10297,82
2021-10-29,Alameda,001,1643700,119441,118632,2963,121595,1419
2021-10-29,Alpine,003,1148,105,105,0,105,0
2021-10-29,Amador,005,37829,5553,5480,63,5543,64
2021-10-29,Butte,007,227075,20810,20516,3849,24365,277
2021-10-29,Calaveras,009,45235,4061,3992,56,4048,82
2021-10-29,Colusa,011,21464,2509,2484,646,3130,19
2021-10-29,Contra Costa,013,1133247,99136,98562,2248,100810,1024
2021-10-29,Del Norte,015,27424,3670,3574,56,3630,42
2021-10-29,El Dorado,017,186661,15964,15752,1731,17483,154
2021-10-29,Fresno,019,978130,138981,136901,12427,149328,2131
2021-10-29,Glenn,021,27897,3471,3442,1008,4450,33
2021-10-29,Humboldt,023,135768,8985,8871,579,9450,105
2021-10-29,Imperial,025,180216,33468,33156,3330,36486,766
2021-10-29,Inyo,027,18085,2340,2249,34,2283,41
2021-10-29,Kern,029,883053,126725,124892,22508,147400,1653
2021-10-29,Kings,031,150075,32002,31578,2047,33625,337
2021-10-29,Lake,033,64148,6715,6610,147,6757,106
2021-10-29,Lassen,035,31185,6824,6719,382,7101,42
2021-10-29,Los Angeles,037,10098052,1433002,1424257,56123,1480380,26625
2021-10-29,Madera,039,155013,22966,22524,2038,24562,283
2021-10-29,Marin,041,260295,17493,17380,472,17852,247
2021-10-29,Mariposa,043,17540,1278,1228,38,1266,5
2021-10-29,Mendocino,045,87422,7452,7338,522,7860,84
2021-10-29,Merced,047,269075,41850,41428,1813,43241,586
2021-10-29,Modoc,049,8938,529,513,186,699,5
2021-10-29,Mono,051,14174,1711,1684,19,1703,3
2021-10-29,Monterey,053,433212,47847,47649,3659,51308,588
2021-10-29,Napa,055,140530,12947,12863,109,12972,101
2021-10-29,Nevada,057,99092,9144,9015,330,9345,91
2021-10-29,Orange,059,3164182,306572,304120,15427,319547,5588
2021-10-29,Placer,061,380077,36931,36400,3726,40126,434
2021-10-29,Plumas,063,18699,1751,1695,39,1734,7
2021-10-29,Riverside,065,2383286,360350,357645,16914,374559,5088
2021-10-29,Sacramento,067,1510023,158305,157125,4759,161884,2233
2021-10-29,San Benito,069,59416,7400,7362,178,7540,71
2021-10-29,San Bernardino,071,2135413,352924,350076,11510,361586,5777
2021-10-29,San Diego,073,3302833,373396,370006,21550,391556,4213
2021-10-29,San Francisco,075,870044,52509,52161,2685,54846,661
2021-10-29,San Joaquin,077,732212,99358,98314,5594,103908,1768
2021-10-29,San Luis Obispo,079,281455,29326,29053,1257,30310,341
2021-10-29,San Mateo,081,765935,53366,53083,1581,54664,571
2021-10-29,Santa Barbara,083,443738,44462,43972,1664,45636,528
2021-10-29,Santa Clara,085,1922200,146465,145262,1374,146636,1903
2021-10-29,Santa Cruz,087,273765,20290,20134,1073,21207,221
2021-10-29,Shasta,089,179085,21292,20878,3665,24543,332
2021-10-29,Sierra,091,2930,181,175,22,197,0
2021-10-29,Siskiyou,093,43540,3299,3257,1321,4578,46
2021-10-29,Solano,095,438530,45439,45146,1228,46374,346
2021-10-29,Sonoma,097,501317,41316,40924,534,41458,393
2021-10-29,Stanislaus,099,539301,78725,77871,9087,86958,1191
2021-10-29,Sutter,101,95872,13873,13773,354,14127,178
2021-10-29,Tehama,103,63373,8449,8307,1515,9822,114
2021-10-29,Trinity,105,12862,774,708,200,908,11
2021-10-29,Tulare,107,460477,67623,66745,15503,82248,995
2021-10-29,Tuolumne,109,53932,7233,7050,92,7142,90
2021-10-29,Ventura,111,848112,97733,97182,4398,101580,1174
2021-10-29,Yolo,113,214977,19738,19568,1158,20726,250
2021-10-29,Yuba,115,75493,10080,9969,324,10293,82
2021-10-28,Alameda,001,1643700,119318,118632,2956,121588,1419
2021-10-28,Alpine,003,1148,105,105,0,105,0
2021-10-28,Amador,005,37829,5540,5480,63,5543,64
2021-10-28,Butte,007,227075,20770,20516,3840,24356,277
2021-10-28,Calaveras,009,45235,4048,3992,56,4048,82
2021-10-28,Colusa,011,21464,2506,2484,645,3129,19
2021-10-28,Contra Costa,013,1133247,99007,98562,2241,100803,1024
2021-10-28,Del Norte,015,27424,3669,3574,56,3630,42
2021-10-28,El Dorado,017,186661,15939,15752,1727,17479,154
2021-10-28,Fresno,019,978130,138653,136901,12399,149300,2131
2021-10-28,Glenn,021,27897,3467,3442,1005,4447,33
2021-10-28,Humboldt,023,135768,8969,8871,574,9445,105
2021-10-28,Imperial,025,180216,33403,33156,3324,36480,766
2021-10-28,Inyo,027,18085,2323,2249,34,2283,41
2021-10-28,Kern,029,883053,126483,124892,22392,147284,1653
2021-10-28,Kings,031,150075,31934,31578,2042,33620,337
2021-10-28,Lake,033,64148,6705,6610,147,6757,106
2021-10-28,Lassen,035,31185,6814,6719,378,7097,42
2021-10-28,Los Angeles,037,10098052,1431877,1424257,56047,1480304,26625
2021-10-28,Madera,039,155013,22912,22524,2027,24551,283
2021-10-28,Marin,041,260295,17475,17380,471,17851,247
2021-10-28,Mariposa,043,17540,1274,1228,38,1266,5
2021-10-28,Mendocino,045,87422,7439,7338,511,7849,84
2021-10-28,Merced,047,269075,41766,41428,1801,43229,586
2021-10-28,Modoc,049,8938,528,513,186,699,5
2021-10-28,Mono,051,14174,1706,1684,19,1703,3
2021-10-28,Monterey,053,433212,47825,47649,3634,51283,588
2021-10-28,Napa,055,140530,12938,12863,108,12971,101
2021-10-28,Nevada,057,99092,9126,9015,330,9345,91
2021-10-28,Orange,059,3164182,306286,304120,15364,319484,5588
2021-10-28,Placer,061,380077,36853,36400,3716,40116,434
2021-10-28,Plumas,063,18699,1743,1695,39,1734,7
2021-10-28,Riverside,065,2383286,359911,357645,16890,374535,5088
2021-10-28,Sacramento,067,1510023,158041,157125,4746,161871,2233
2021-10-28,San Benito,069,59416,7392,7362,178,7540,71
2021-10-28,San Bernardino,071,2135413,352510,350076,11489,361565,5777
2021-10-28,San Diego,073,3302833,372923,370006,21527,391533,4213
2021-10-28,San Francisco,075,870044,52464,52161,2678,54839,661
2021-10-28,San Joaquin,077,732212,99231,98314,5593,103907,1768
2021-10-28,San Luis Obispo,079,281455,29297,29053,1254,30307,341
2021-10-28,San Mateo,081,765935,53326,53083,1575,54658,571
2021-10-28,Santa Barbara,083,443738,44423,43972,1662,45634,528
2021-10-28,Santa Clara,085,1922200,146309,145262,1368,146630,1903
2021-10-28,Santa Cruz,087,273765,20266,20134,1073,21207,221
2021-10-28,Shasta,089,179085,21216,20878,3658,24536,332
2021-10-28,Sierra,091,2930,180,175,22,197,0
2021-10-28,Siskiyou,093,43540,3298,3257,1321,4578,46
2021-10-28,Solano,095,438530,45399,45146,1227,46373,346
2021-10-28,Sonoma,097,501317,41247,40924,533,41457,393
2021-10-28,Stanislaus,099,539301,78573,77871,9071,86942,1191
2021-10-28,Sutter,101,95872,13860,13773,350,14123,178
2021-10-28,Tehama,103,63373,8411,8307,1512,9819,114
2021-10-28,Trinity,105,12862,771,708,200,908,11
2021-10-28,Tulare,107,460477,67485,66745,15446,82191,995
2021-10-28,Tuolumne,109,53932,7202,7050,92,7142,90
2021-10-28,Ventura,111,848112,97641,97182,4396,101578,1174
2021-10-28,Yolo,113,214977,19700,19568,1153,20721,250
2021-10-28,Yuba,115,75493,10051,9969,321,10290,82
2021-10-27,Alameda,001,1643700,119199,118487,2951,121438,1414
2021-10-27,Alpine,003,1148,105,105,0,105,0
2021-10-27,Amador,005,37829,5528,5470,62,5532,64
2021-10-27,Butte,007,227075,20726,20446,3826,24272,274
2021-10-27,Calaveras,009,45235,4031,3970,55,4025,82
2021-10-27,Colusa,011,21464,2505,2480,644,3124,18
2021-10-27,Contra Costa,013,1133247,98901,98442,2229,100671,1018
2021-10-27,Del Norte,015,27424,3662,3571,55,3626,42
2021-10-27,El Dorado,017,186661,15908,15723,1722,17445,154
2021-10-27,Fresno,019,978130,138273,136447,12370,148817,2128
2021-10-27,Glenn,021,27897,3461,3435,1004,4439,33
2021-10-27,Humboldt,023,135768,8950,8851,571,9422,105
2021-10-27,Imperial,025,180216,33364,33068,3319,36387,766
2021-10-27,Inyo,027,18085,2303,2236,34,2270,41
2021-10-27,Kern,029,883053,126216,124557,22290,146847,1647
2021-10-27,Kings,031,150075,31867,31437,2037,33474,335
2021-10-27,Lake,033,64148,6678,6589,147,6736,105
2021-10-27,Lassen,035,31185,6800,6706,376,7082,42
2021-10-27,Los Angeles,037,10098052,1430644,1422615,55987,1478602,26604
2021-10-27,Madera,039,155013,22826,22413,2004,24417,283
2021-10-27,Marin,041,260295,17460,17362,471,17833,247
2021-10-27,Mariposa,043,17540,1261,1228,38,1266,5
2021-10-27,Mendocino,045,87422,7426,7321,504,7825,84
2021-10-27,Merced,047,269075,41669,41310,1787,43097,583
2021-10-27,Modoc,049,8938,524,513,186,699,5
2021-10-27,Mono,051,14174,1703,1682,19,1701,3
2021-10-27,Monterey,053,433212,47792,47610,3607,51217,588
2021-10-27,Napa,055,140530,12923,12856,107,12963,101
2021-10-27,Nevada,057,99092,9109,8987,329,9316,90
2021-10-27,Orange,059,3164182,305976,303825,15314,319139,5584
2021-10-27,Placer,061,380077,36787,36296,3709,40005,434
2021-10-27,Plumas,063,18699,1735,1686,39,1725,7
2021-10-27,Riverside,065,2383286,359484,357152,16881,374033,5081
2021-10-27,Sacramento,067,1510023,157772,156830,4724,161554,2230
2021-10-27,San Benito,069,59416,7386,7337,178,7515,71
2021-10-27,San Bernardino,071,2135413,352090,349624,11467,361091,5770
2021-10-27,San Diego,073,3302833,372350,369579,21501,391080,4207
2021-10-27,San Francisco,075,870044,52413,52108,2673,54781,655
2021-10-27,San Joaquin,077,732212,99072,98168,5577,103745,1753
2021-10-27,San Luis Obispo,079,281455,29257,29002,1252,30254,341
2021-10-27,San Mateo,081,765935,53274,53032,1563,54595,571
2021-10-27,Santa Barbara,083,443738,44370,43901,1659,45560,527
2021-10-27,Santa Clara,085,1922200,146133,145081,1362,146443,1902
2021-10-27,Santa Cruz,087,273765,20239,20091,1072,21163,221
2021-10-27,Shasta,089,179085,21142,20813,3650,24463,331
2021-10-27,Sierra,091,2930,179,176,22,198,0
2021-10-27,Siskiyou,093,43540,3295,3256,1317,4573,46
2021-10-27,Solano,095,438530,45356,45089,1219,46308,346
2021-10-27,Sonoma,097,501317,41173,40829,531,41360,393
2021-10-27,Stanislaus,099,539301,78415,77687,9056,86743,1191
2021-10-27,Sutter,101,95872,13846,13754,350,14104,177
2021-10-27,Tehama,103,63373,8389,8265,1511,9776,113
2021-10-27,Trinity,105,12862,771,706,199,905,11
2021-10-27,Tulare,107,460477,67331,66568,15388,81956,991
2021-10-27,Tuolumne,109,53932,7175,7009,91,7100,90
2021-10-27,Ventura,111,848112,97551,97108,4392,101500,1172
2021-10-27,Yolo,113,214977,19671,19517,1146,20663,250
2021-10-27,Yuba,115,75493,10030,9945,319,10264,82
2021-10-26,Alameda,001,1643700,119066,118360,2946,121306,1407
2021-10-26,Alpine,003,1148,105,105,0,105,0
2021-10-26,Amador,005,37829,5520,5465,61,5526,64
2021-10-26,Butte,007,227075,20668,20387,3809,24196,274
2021-10-26,Calaveras,009,45235,4020,3966,55,4021,81
2021-10-26,Colusa,011,21464,2503,2478,643,3121,18
2021-10-26,Contra Costa,013,1133247,98782,98352,2217,100569,1017
2021-10-26,Del Norte,015,27424,3657,3563,55,3618,42
2021-10-26,El Dorado,017,186661,15883,15690,1713,17403,153
2021-10-26,Fresno,019,978130,137831,136211,12335,148546,2122
2021-10-26,Glenn,021,27897,3446,3431,1001,4432,33
2021-10-26,Humboldt,023,135768,8932,8830,565,9395,105
2021-10-26,Imperial,025,180216,33298,33012,3314,36326,766
2021-10-26,Inyo,027,18085,2288,2200,34,2234,41
2021-10-26,Kern,029,883053,125875,124351,22167,146518,1645
2021-10-26,Kings,031,150075,31804,31382,2030,33412,336
2021-10-26,Lake,033,64148,6668,6584,145,6729,105
2021-10-26,Lassen,035,31185,6780,6689,374,7063,42
2021-10-26,Los Angeles,037,10098052,1429308,1421795,55913,1477708,26599
2021-10-26,Madera,039,155013,22736,22363,1994,24357,283
2021-10-26,Marin,041,260295,17443,17354,470,17824,244
2021-10-26,Mariposa,043,17540,1256,1225,37,1262,5
2021-10-26,Mendocino,045,87422,7397,7308,487,7795,83
2021-10-26,Merced,047,269075,41592,41267,1779,43046,583
2021-10-26,Modoc,049,8938,524,513,186,699,5
2021-10-26,Mono,051,14174,1694,1680,19,1699,3
2021-10-26,Monterey,053,433212,47759,47572,3592,51164,588
2021-10-26,Napa,055,140530,12911,12849,107,12956,101
2021-10-26,Nevada,057,99092,9077,8971,328,9299,90
2021-10-26,Orange,059,3164182,305708,303533,15276,318809,5580
2021-10-26,Placer,061,380077,36690,36245,3703,39948,434
2021-10-26,Plumas,063,18699,1726,1645,39,1684,7
2021-10-26,Riverside,065,2383286,358998,356775,16871,373646,5068
2021-10-26,Sacramento,067,1510023,157473,156643,4703,161346,2228
2021-10-26,San Benito,069,59416,7363,7325,178,7503,71
2021-10-26,San Bernardino,071,2135413,351670,349346,11451,360797,5764
2021-10-26,San Diego,073,3302833,371831,369043,21471,390514,4198
2021-10-26,San Francisco,075,870044,52337,52063,2670,54733,655
2021-10-26,San Joaquin,077,732212,98896,98036,5562,103598,1748
2021-10-26,San Luis Obispo,079,281455,29219,28928,1246,30174,337
2021-10-26,San Mateo,081,765935,53210,52974,1553,54527,571
2021-10-26,Santa Barbara,083,443738,44325,43835,1658,45493,525
2021-10-26,Santa Clara,085,1922200,145936,144932,1356,146288,1903
2021-10-26,Santa Cruz,087,273765,20208,20067,1071,21138,221
2021-10-26,Shasta,089,179085,21082,20725,3633,24358,330
2021-10-26,Sierra,091,2930,179,169,22,191,0
2021-10-26,Siskiyou,093,43540,3289,3254,1315,4569,46
2021-10-26,Solano,095,438530,45299,45044,1219,46263,344
2021-10-26,Sonoma,097,501317,41092,40794,529,41323,393
2021-10-26,Stanislaus,099,539301,78240,77552,9032,86584,1157
2021-10-26,Sutter,101,95872,13816,13739,349,14088,176
2021-10-26,Tehama,103,63373,8361,8247,1505,9752,112
2021-10-26,Trinity,105,12862,767,705,199,904,11
2021-10-26,Tulare,107,460477,67179,66476,15328,81804,991
2021-10-26,Tuolumne,109,53932,7150,6995,89,7084,90
2021-10-26,Ventura,111,848112,97444,97014,4387,101401,1170
2021-10-26,Yolo,113,214977,19644,19490,1144,20634,248
2021-10-26,Yuba,115,75493,10012,9927,314,10241,82
2021-10-25,Alameda,001,1643700,118922,118319,2943,121262,1404
2021-10-25,Alpine,003,1148,105,105,0,105,0
2021-10-25,Amador,005,37829,5506,5455,61,5516,64
2021-10-25,Butte,007,227075,20594,20331,3801,24132,273
2021-10-25,Calaveras,009,45235,3990,3942,54,3996,82
2021-10-25,Colusa,011,21464,2501,2471,641,3112,18
2021-10-25,Contra Costa,013,1133247,98668,98267,2212,100479,1017
2021-10-25,Del Norte,015,27424,3650,3562,55,3617,42
2021-10-25,El Dorado,017,186661,15848,15663,1711,17374,149
2021-10-25,Fresno,019,978130,137397,135974,12295,148269,2112
2021-10-25,Glenn,021,27897,3444,3421,1000,4421,33
2021-10-25,Humboldt,023,135768,8908,8825,560,9385,105
2021-10-25,Imperial,025,180216,33236,32968,3303,36271,766
2021-10-25,Inyo,027,18085,2270,2183,34,2217,41
2021-10-25,Kern,029,883053,125526,124078,22026,146104,1649
2021-10-25,Kings,031,150075,31716,31329,2021,33350,335
2021-10-25,Lake,033,64148,6654,6571,145,6716,105
2021-10-25,Lassen,035,31185,6769,6688,372,7060,42
2021-10-25,Los Angeles,037,10098052,1427951,1421061,55846,1476907,26579
2021-10-25,Madera,039,155013,22682,22325,1986,24311,281
2021-10-25,Marin,041,260295,17421,17334,468,17802,244
2021-10-25,Mariposa,043,17540,1242,1220,37,1257,5
2021-10-25,Mendocino,045,87422,7367,7296,483,7779,82
2021-10-25,Merced,047,269075,41525,41207,1752,42959,583
2021-10-25,Modoc,049,8938,522,512,184,696,5
2021-10-25,Mono,051,14174,1678,1677,19,1696,3
2021-10-25,Monterey,053,433212,47732,47547,3588,51135,587
2021-10-25,Napa,055,140530,12898,12841,107,12948,100
2021-10-25,Nevada,057,99092,9051,8958,328,9286,90
2021-10-25,Orange,059,3164182,305412,303279,15236,318515,5574
2021-10-25,Placer,061,380077,36584,36153,3692,39845,431
2021-10-25,Plumas,063,18699,1714,1641,39,1680,7
2021-10-25,Riverside,065,2383286,358573,356381,16857,373238,5056
2021-10-25,Sacramento,067,1510023,157173,156516,4675,161191,2235
2021-10-25,San Benito,069,59416,7349,7314,177,7491,71
2021-10-25,San Bernardino,071,2135413,351174,349075,11437,360512,5748
2021-10-25,San Diego,073,3302833,371250,368386,21441,389827,4196
2021-10-25,San Francisco,075,870044,52266,52041,2661,54702,649
2021-10-25,San Joaquin,077,732212,98694,97980,5553,103533,1740
2021-10-25,San Luis Obispo,079,281455,29171,28907,1241,30148,336
2021-10-25,San Mateo,081,765935,53158,52927,1541,54468,571
2021-10-25,Santa Barbara,083,443738,44267,43775,1658,45433,525
2021-10-25,Santa Clara,085,1922200,145747,144895,1352,146247,1901
2021-10-25,Santa Cruz,087,273765,20178,20053,1070,21123,221
2021-10-25,Shasta,089,179085,21010,20666,3626,24292,326
2021-10-25,Sierra,091,2930,179,168,22,190,0
2021-10-25,Siskiyou,093,43540,3286,3248,1309,4557,46
2021-10-25,Solano,095,438530,45247,45022,1217,46239,344
2021-10-25,Sonoma,097,501317,41020,40746,527,41273,393
2021-10-25,Stanislaus,099,539301,78051,77452,9002,86454,1145
2021-10-25,Sutter,101,95872,13803,13721,346,14067,176
2021-10-25,Tehama,103,63373,8334,8224,1500,9724,111
2021-10-25,Trinity,105,12862,762,699,198,897,11
2021-10-25,Tulare,107,460477,66989,66357,15265,81622,986
2021-10-25,Tuolumne,109,53932,7116,6952,88,7040,90
2021-10-25,Ventura,111,848112,97348,96932,4383,101315,1167
2021-10-25,Yolo,113,214977,19595,19457,1141,20598,248
2021-10-25,Yuba,115,75493,9996,9924,310,10234,82
2021-10-24,Alameda,001,1643700,118792,117816,2938,120754,1397
2021-10-24,Alpine,003,1148,105,105,0,105,0
2021-10-24,Amador,005,37829,5501,5412,61,5473,64
2021-10-24,Butte,007,227075,20525,20101,3789,23890,273
2021-10-24,Calaveras,009,45235,3971,3865,53,3918,81
2021-10-24,Colusa,011,21464,2497,2458,638,3096,18
2021-10-24,Contra Costa,013,1133247,98553,97855,2203,100058,1008
2021-10-24,Del Norte,015,27424,3646,3540,55,3595,42
2021-10-24,El Dorado,017,186661,15813,15540,1707,17247,149
2021-10-24,Fresno,019,978130,136969,134466,12258,146724,2094
2021-10-24,Glenn,021,27897,3433,3399,998,4397,33
2021-10-24,Humboldt,023,135768,8893,8753,554,9307,105
2021-10-24,Imperial,025,180216,33158,32777,3296,36073,766
2021-10-24,Inyo,027,18085,2238,2108,34,2142,41
2021-10-24,Kern,029,883053,125197,122939,21905,144844,1636
2021-10-24,Kings,031,150075,31588,30942,2004,32946,325
2021-10-24,Lake,033,64148,6631,6501,145,6646,105
2021-10-24,Lassen,035,31185,6752,6632,370,7002,27
2021-10-24,Los Angeles,037,10098052,1426515,1415919,55777,1471696,26527
2021-10-24,Madera,039,155013,22605,22062,1974,24036,281
2021-10-24,Marin,041,260295,17405,17264,467,17731,244
2021-10-24,Mariposa,043,17540,1239,1184,37,1221,5
2021-10-24,Mendocino,045,87422,7343,7220,472,7692,82
2021-10-24,Merced,047,269075,41403,40808,1747,42555,581
2021-10-24,Modoc,049,8938,521,507,184,691,5
2021-10-24,Mono,051,14174,1675,1655,19,1674,3
2021-10-24,Monterey,053,433212,47691,47456,3570,51026,586
2021-10-24,Napa,055,140530,12887,12789,107,12896,100
2021-10-24,Nevada,057,99092,9028,8861,325,9186,90
2021-10-24,Orange,059,3164182,305066,302237,15199,317436,5546
2021-10-24,Placer,061,380077,36480,35822,3678,39500,426
2021-10-24,Plumas,063,18699,1704,1623,38,1661,7
2021-10-24,Riverside,065,2383286,358099,354688,16837,371525,5041
2021-10-24,Sacramento,067,1510023,156829,155125,4650,159775,2232
2021-10-24,San Benito,069,59416,7329,7280,177,7457,71
2021-10-24,San Bernardino,071,2135413,350629,347681,11425,359106,5688
2021-10-24,San Diego,073,3302833,370648,366085,21407,387492,4183
2021-10-24,San Francisco,075,870044,52204,51820,2654,54474,649
2021-10-24,San Joaquin,077,732212,98521,97440,5547,102987,1721
2021-10-24,San Luis Obispo,079,281455,29111,28755,1234,29989,333
2021-10-24,San Mateo,081,765935,53092,52719,1535,54254,571
2021-10-24,Santa Barbara,083,443738,44203,43552,1656,45208,523
2021-10-24,Santa Clara,085,1922200,145557,144276,1342,145618,1897
2021-10-24,Santa Cruz,087,273765,20140,19967,1069,21036,221
2021-10-24,Shasta,089,179085,20910,20386,3620,24006,321
2021-10-24,Sierra,091,2930,179,168,22,190,0
2021-10-24,Siskiyou,093,43540,3280,3231,1304,4535,46
2021-10-24,Solano,095,438530,45198,44861,1215,46076,341
2021-10-24,Sonoma,097,501317,40939,40476,527,41003,393
2021-10-24,Stanislaus,099,539301,77860,76812,8990,85802,1145
2021-10-24,Sutter,101,95872,13776,13616,338,13954,175
2021-10-24,Tehama,103,63373,8286,8105,1489,9594,110
2021-10-24,Trinity,105,12862,758,696,195,891,11
2021-10-24,Tulare,107,460477,66820,65585,15191,80776,978
2021-10-24,Tuolumne,109,53932,7075,6840,86,6926,90
2021-10-24,Ventura,111,848112,97246,96664,4381,101045,1167
2021-10-24,Yolo,113,214977,19544,19280,1138,20418,248
2021-10-24,Yuba,115,75493,9971,9838,308,10146,82
2021-10-23,Alameda,001,1643700,118704,117816,2934,120750,1397
2021-10-23,Alpine,003,1148,105,105,0,105,0
2021-10-23,Amador,005,37829,5494,5412,61,5473,64
2021-10-23,Butte,007,227075,20491,20101,3780,23881,273
2021-10-23,Calaveras,009,45235,3964,3865,52,3917,81
2021-10-23,Colusa,011,21464,2495,2458,637,3095,18
2021-10-23,Contra Costa,013,1133247,98501,97855,2200,100055,1008
2021-10-23,Del Norte,015,27424,3644,3540,55,3595,42
2021-10-23,El Dorado,017,186661,15787,15540,1705,17245,149
2021-10-23,Fresno,019,978130,136794,134466,12249,146715,2094
2021-10-23,Glenn,021,27897,3430,3399,996,4395,33
2021-10-23,Humboldt,023,135768,8878,8753,549,9302,105
2021-10-23,Imperial,025,180216,33111,32777,3292,36069,766
2021-10-23,Inyo,027,18085,2227,2108,34,2142,41
2021-10-23,Kern,029,883053,125039,122939,21816,144755,1636
2021-10-23,Kings,031,150075,31542,30942,2002,32944,325
2021-10-23,Lake,033,64148,6626,6501,145,6646,105
2021-10-23,Lassen,035,31185,6749,6632,368,7000,27
2021-10-23,Los Angeles,037,10098052,1425846,1415919,55719,1471638,26527
2021-10-23,Madera,039,155013,22556,22062,1965,24027,281
2021-10-23,Marin,041,260295,17388,17264,466,17730,244
2021-10-23,Mariposa,043,17540,1236,1184,36,1220,5
2021-10-23,Mendocino,045,87422,7338,7220,471,7691,82
2021-10-23,Merced,047,269075,41362,40808,1745,42553,581
2021-10-23,Modoc,049,8938,519,507,184,691,5
2021-10-23,Mono,051,14174,1674,1655,19,1674,3
2021-10-23,Monterey,053,433212,47675,47456,3564,51020,586
2021-10-23,Napa,055,140530,12882,12789,107,12896,100
2021-10-23,Nevada,057,99092,9017,8861,323,9184,90
2021-10-23,Orange,059,3164182,304879,302237,15182,317419,5546
2021-10-23,Placer,061,380077,36418,35822,3672,39494,426
2021-10-23,Plumas,063,18699,1703,1623,38,1661,7
2021-10-23,Riverside,065,2383286,357778,354688,16830,371518,5041
2021-10-23,Sacramento,067,1510023,156700,155125,4642,159767,2232
2021-10-23,San Benito,069,59416,7319,7280,177,7457,71
2021-10-23,San Bernardino,071,2135413,350364,347681,11418,359099,5688
2021-10-23,San Diego,073,3302833,370290,366085,21377,387462,4183
2021-10-23,San Francisco,075,870044,52171,51820,2651,54471,649
2021-10-23,San Joaquin,077,732212,98454,97440,5538,102978,1721
2021-10-23,San Luis Obispo,079,281455,29074,28755,1232,29987,333
2021-10-23,San Mateo,081,765935,53062,52719,1525,54244,571
2021-10-23,Santa Barbara,083,443738,44172,43552,1654,45206,523
2021-10-23,Santa Clara,085,1922200,145448,144276,1338,145614,1897
2021-10-23,Santa Cruz,087,273765,20128,19967,1069,21036,221
2021-10-23,Shasta,089,179085,20874,20386,3608,23994,321
2021-10-23,Sierra,091,2930,178,168,22,190,0
2021-10-23,Siskiyou,093,43540,3278,3231,1304,4535,46
2021-10-23,Solano,095,438530,45173,44861,1212,46073,341
2021-10-23,Sonoma,097,501317,40899,40476,527,41003,393
2021-10-23,Stanislaus,099,539301,77771,76812,8971,85783,1145
2021-10-23,Sutter,101,95872,13771,13616,337,13953,175
2021-10-23,Tehama,103,63373,8274,8105,1488,9593,110
2021-10-23,Trinity,105,12862,757,696,195,891,11
2021-10-23,Tulare,107,460477,66733,65585,15130,80715,978
2021-10-23,Tuolumne,109,53932,7055,6840,86,6926,90
2021-10-23,Ventura,111,848112,97188,96664,4380,101044,1167
2021-10-23,Yolo,113,214977,19526,19280,1135,20415,248
2021-10-23,Yuba,115,75493,9963,9838,308,10146,82
2021-10-22,Alameda,001,1643700,118619,117816,2930,120746,1397
2021-10-22,Alpine,003,1148,105,105,0,105,0
2021-10-22,Amador,005,37829,5483,5412,61,5473,64
2021-10-22,Butte,007,227075,20459,20101,3776,23877,273
2021-10-22,Calaveras,009,45235,3956,3865,52,3917,81
2021-10-22,Colusa,011,21464,2492,2458,637,3095,18
2021-10-22,Contra Costa,013,1133247,98410,97855,2198,100053,1008
2021-10-22,Del Norte,015,27424,3640,3540,55,3595,42
2021-10-22,El Dorado,017,186661,15774,15540,1703,17243,149
2021-10-22,Fresno,019,978130,136581,134466,12244,146710,2094
2021-10-22,Glenn,021,27897,3419,3399,996,4395,33
2021-10-22,Humboldt,023,135768,8865,8753,548,9301,105
2021-10-22,Imperial,025,180216,33068,32777,3292,36069,766
2021-10-22,Inyo,027,18085,2214,2108,34,2142,41
2021-10-22,Kern,029,883053,124852,122939,21744,144683,1636
2021-10-22,Kings,031,150075,31507,30942,2001,32943,325
2021-10-22,Lake,033,64148,6616,6501,145,6646,105
2021-10-22,Lassen,035,31185,6742,6632,365,6997,27
2021-10-22,Los Angeles,037,10098052,1425099,1415919,55659,1471578,26527
2021-10-22,Madera,039,155013,22507,22062,1953,24015,281
2021-10-22,Marin,041,260295,17376,17264,466,17730,244
2021-10-22,Mariposa,043,17540,1233,1184,36,1220,5
2021-10-22,Mendocino,045,87422,7324,7220,470,7690,82
2021-10-22,Merced,047,269075,41323,40808,1740,42548,581
2021-10-22,Modoc,049,8938,519,507,184,691,5
2021-10-22,Mono,051,14174,1674,1655,19,1674,3
2021-10-22,Monterey,053,433212,47653,47456,3550,51006,586
2021-10-22,Napa,055,140530,12876,12789,107,12896,100
2021-10-22,Nevada,057,99092,9000,8861,322,9183,90
2021-10-22,Orange,059,3164182,304662,302237,15156,317393,5546
2021-10-22,Placer,061,380077,36390,35822,3663,39485,426
2021-10-22,Plumas,063,18699,1697,1623,38,1661,7
2021-10-22,Riverside,065,2383286,357468,354688,16825,371513,5041
2021-10-22,Sacramento,067,1510023,156513,155125,4632,159757,2232
2021-10-22,San Benito,069,59416,7314,7280,177,7457,71
2021-10-22,San Bernardino,071,2135413,350041,347681,11404,359085,5688
2021-10-22,San Diego,073,3302833,369878,366085,21358,387443,4183
2021-10-22,San Francisco,075,870044,52139,51820,2644,54464,649
2021-10-22,San Joaquin,077,732212,98395,97440,5535,102975,1721
2021-10-22,San Luis Obispo,079,281455,29044,28755,1232,29987,333
2021-10-22,San Mateo,081,765935,53017,52719,1513,54232,571
2021-10-22,Santa Barbara,083,443738,44132,43552,1654,45206,523
2021-10-22,Santa Clara,085,1922200,145293,144276,1330,145606,1897
2021-10-22,Santa Cruz,087,273765,20106,19967,1069,21036,221
2021-10-22,Shasta,089,179085,20842,20386,3605,23991,321
2021-10-22,Sierra,091,2930,177,168,21,189,0
2021-10-22,Siskiyou,093,43540,3276,3231,1301,4532,46
2021-10-22,Solano,095,438530,45138,44861,1208,46069,341
2021-10-22,Sonoma,097,501317,40843,40476,527,41003,393
2021-10-22,Stanislaus,099,539301,77669,76812,8951,85763,1145
2021-10-22,Sutter,101,95872,13756,13616,337,13953,175
2021-10-22,Tehama,103,63373,8253,8105,1483,9588,110
2021-10-22,Trinity,105,12862,756,696,195,891,11
2021-10-22,Tulare,107,460477,66650,65585,15075,80660,978
2021-10-22,Tuolumne,109,53932,7020,6840,86,6926,90
2021-10-22,Ventura,111,848112,97136,96664,4374,101038,1167
2021-10-22,Yolo,113,214977,19499,19280,1133,20413,248
2021-10-22,Yuba,115,75493,9949,9838,306,10144,82
2021-10-21,Alameda,001,1643700,118505,117816,2926,120742,1397
2021-10-21,Alpine,003,1148,105,105,0,105,0
2021-10-21,Amador,005,37829,5475,5412,61,5473,64
2021-10-21,Butte,007,227075,20376,20101,3763,23864,273
2021-10-21,Calaveras,009,45235,3937,3865,52,3917,81
2021-10-21,Colusa,011,21464,2488,2458,630,3088,18
2021-10-21,Contra Costa,013,1133247,98296,97855,2192,100047,1008
2021-10-21,Del Norte,015,27424,3634,3540,54,3594,42
2021-10-21,El Dorado,017,186661,15746,15540,1696,17236,149
2021-10-21,Fresno,019,978130,136233,134466,12207,146673,2094
2021-10-21,Glenn,021,27897,3415,3399,992,4391,33
2021-10-21,Humboldt,023,135768,8850,8753,544,9297,105
2021-10-21,Imperial,025,180216,33014,32777,3287,36064,766
2021-10-21,Inyo,027,18085,2192,2108,34,2142,41
2021-10-21,Kern,029,883053,124605,122939,21631,144570,1636
2021-10-21,Kings,031,150075,31408,30942,1995,32937,325
2021-10-21,Lake,033,64148,6603,6501,145,6646,105
2021-10-21,Lassen,035,31185,6729,6632,361,6993,27
2021-10-21,Los Angeles,037,10098052,1423990,1415919,55607,1471526,26527
2021-10-21,Madera,039,155013,22449,22062,1944,24006,281
2021-10-21,Marin,041,260295,17358,17264,466,17730,244
2021-10-21,Mariposa,043,17540,1227,1184,35,1219,5
2021-10-21,Mendocino,045,87422,7306,7220,462,7682,82
2021-10-21,Merced,047,269075,41221,40808,1733,42541,581
2021-10-21,Modoc,049,8938,519,507,184,691,5
2021-10-21,Mono,051,14174,1666,1655,19,1674,3
2021-10-21,Monterey,053,433212,47626,47456,3531,50987,586
2021-10-21,Napa,055,140530,12864,12789,107,12896,100
2021-10-21,Nevada,057,99092,8975,8861,322,9183,90
2021-10-21,Orange,059,3164182,304387,302237,15123,317360,5546
2021-10-21,Placer,061,380077,36302,35822,3650,39472,426
2021-10-21,Plumas,063,18699,1683,1623,38,1661,7
2021-10-21,Riverside,065,2383286,357023,354688,16813,371501,5041
2021-10-21,Sacramento,067,1510023,156196,155125,4606,159731,2232
2021-10-21,San Benito,069,59416,7307,7280,175,7455,71
2021-10-21,San Bernardino,071,2135413,349663,347681,11369,359050,5688
2021-10-21,San Diego,073,3302833,369356,366085,21325,387410,4183
2021-10-21,San Francisco,075,870044,52084,51820,2643,54463,649
2021-10-21,San Joaquin,077,732212,98256,97440,5528,102968,1721
2021-10-21,San Luis Obispo,079,281455,29002,28755,1230,29985,333
2021-10-21,San Mateo,081,765935,52974,52719,1510,54229,571
2021-10-21,Santa Barbara,083,443738,44067,43552,1652,45204,523
2021-10-21,Santa Clara,085,1922200,145120,144276,1328,145604,1897
2021-10-21,Santa Cruz,087,273765,20082,19967,1067,21034,221
2021-10-21,Shasta,089,179085,20780,20386,3590,23976,321
2021-10-21,Sierra,091,2930,176,168,20,188,0
2021-10-21,Siskiyou,093,43540,3271,3231,1299,4530,46
2021-10-21,Solano,095,438530,45088,44861,1206,46067,341
2021-10-21,Sonoma,097,501317,40776,40476,525,41001,393
2021-10-21,Stanislaus,099,539301,77500,76812,8940,85752,1145
2021-10-21,Sutter,101,95872,13728,13616,333,13949,175
2021-10-21,Tehama,103,63373,8225,8105,1476,9581,110
2021-10-21,Trinity,105,12862,754,696,195,891,11
2021-10-21,Tulare,107,460477,66463,65585,15002,80587,978
2021-10-21,Tuolumne,109,53932,6983,6840,85,6925,90
2021-10-21,Ventura,111,848112,97044,96664,4373,101037,1167
2021-10-21,Yolo,113,214977,19454,19280,1131,20411,248
2021-10-21,Yuba,115,75493,9925,9838,305,10143,82
2021-10-20,Alameda,001,1643700,118386,117654,2924,120578,1390
2021-10-20,Alpine,003,1148,105,103,0,103,0
2021-10-20,Amador,005,37829,5467,5379,61,5440,64
2021-10-20,Butte,007,227075,20322,20021,3748,23769,270
2021-10-20,Calaveras,009,45235,3916,3844,51,3895,81
2021-10-20,Colusa,011,21464,2484,2454,628,3082,18
2021-10-20,Contra Costa,013,1133247,98186,97721,2186,99907,1008
2021-10-20,Del Norte,015,27424,3630,3536,54,3590,42
2021-10-20,El Dorado,017,186661,15716,15502,1692,17194,149
2021-10-20,Fresno,019,978130,135837,134025,12182,146207,2084
2021-10-20,Glenn,021,27897,3408,3382,990,4372,33
2021-10-20,Humboldt,023,135768,8828,8727,542,9269,105
2021-10-20,Imperial,025,180216,32941,32705,3279,35984,766
2021-10-20,Inyo,027,18085,2172,2077,33,2110,40
2021-10-20,Kern,029,883053,124311,122630,21510,144140,1623
2021-10-20,Kings,031,150075,31333,30805,1985,32790,322
2021-10-20,Lake,033,64148,6581,6475,145,6620,104
2021-10-20,Lassen,035,31185,6714,6622,361,6983,27
2021-10-20,Los Angeles,037,10098052,1422883,1414931,55527,1470458,26506
2021-10-20,Madera,039,155013,22379,21983,1936,23919,281
2021-10-20,Marin,041,260295,17337,17250,464,17714,244
2021-10-20,Mariposa,043,17540,1220,1174,35,1209,5
2021-10-20,Mendocino,045,87422,7279,7189,459,7648,82
2021-10-20,Merced,047,269075,41134,40685,1722,42407,581
2021-10-20,Modoc,049,8938,519,504,184,688,5
2021-10-20,Mono,051,14174,1665,1653,19,1672,3
2021-10-20,Monterey,053,433212,47603,47430,3517,50947,587
2021-10-20,Napa,055,140530,12851,12773,105,12878,100
2021-10-20,Nevada,057,99092,8948,8836,322,9158,90
2021-10-20,Orange,059,3164182,304107,301957,15102,317059,5534
2021-10-20,Placer,061,380077,36213,35729,3641,39370,425
2021-10-20,Plumas,063,18699,1676,1604,38,1642,7
2021-10-20,Riverside,065,2383286,356580,354311,16795,371106,5030
2021-10-20,Sacramento,067,1510023,155897,154822,4582,159404,2222
2021-10-20,San Benito,069,59416,7304,7275,173,7448,71
2021-10-20,San Bernardino,071,2135413,349268,347217,11339,358556,5663
2021-10-20,San Diego,073,3302833,368844,365698,21301,386999,4178
2021-10-20,San Francisco,075,870044,52038,51755,2638,54393,646
2021-10-20,San Joaquin,077,732212,98109,97246,5520,102766,1721
2021-10-20,San Luis Obispo,079,281455,28958,28727,1226,29953,332
2021-10-20,San Mateo,081,765935,52912,52663,1492,54155,571
2021-10-20,Santa Barbara,083,443738,44007,43489,1651,45140,523
2021-10-20,Santa Clara,085,1922200,144984,144124,1324,145448,1896
2021-10-20,Santa Cruz,087,273765,20069,19951,1067,21018,219
2021-10-20,Shasta,089,179085,20720,20313,3562,23875,320
2021-10-20,Sierra,091,2930,176,168,20,188,0
2021-10-20,Siskiyou,093,43540,3271,3224,1293,4517,46
2021-10-20,Solano,095,438530,45056,44819,1204,46023,341
2021-10-20,Sonoma,097,501317,40732,40404,525,40929,393
2021-10-20,Stanislaus,099,539301,77350,76631,8921,85552,1145
2021-10-20,Sutter,101,95872,13704,13592,327,13919,175
2021-10-20,Tehama,103,63373,8194,8081,1465,9546,110
2021-10-20,Trinity,105,12862,754,693,194,887,11
2021-10-20,Tulare,107,460477,66290,65413,14956,80369,967
2021-10-20,Tuolumne,109,53932,6962,6803,85,6888,89
2021-10-20,Ventura,111,848112,96954,96610,4370,100980,1166
2021-10-20,Yolo,113,214977,19410,19236,1129,20365,248
2021-10-20,Yuba,115,75493,9908,9808,302,10110,82
2021-10-19,Alameda,001,1643700,118275,117542,2918,120460,1383
2021-10-19,Alpine,003,1148,105,103,0,103,0
2021-10-19,Amador,005,37829,5451,5367,61,5428,64
2021-10-19,Butte,007,227075,20268,19974,3740,23714,268
2021-10-19,Calaveras,009,45235,3899,3826,50,3876,80
2021-10-19,Colusa,011,21464,2481,2447,626,3073,18
2021-10-19,Contra Costa,013,1133247,98096,97613,2180,99793,1004
2021-10-19,Del Norte,015,27424,3623,3531,54,3585,42
2021-10-19,El Dorado,017,186661,15691,15478,1687,17165,149
2021-10-19,Fresno,019,978130,135480,133813,12149,145962,2073
2021-10-19,Glenn,021,27897,3407,3380,986,4366,33
2021-10-19,Humboldt,023,135768,8804,8714,536,9250,105
2021-10-19,Imperial,025,180216,32873,32632,3275,35907,764
2021-10-19,Inyo,027,18085,2141,2045,33,2078,40
2021-10-19,Kern,029,883053,123993,122391,21385,143776,1613
2021-10-19,Kings,031,150075,31238,30757,1978,32735,322
2021-10-19,Lake,033,64148,6577,6465,145,6610,104
2021-10-19,Lassen,035,31185,6708,6612,356,6968,27
2021-10-19,Los Angeles,037,10098052,1421648,1413882,55448,1469330,26473
2021-10-19,Madera,039,155013,22316,21950,1928,23878,281
2021-10-19,Marin,041,260295,17323,17241,461,17702,244
2021-10-19,Mariposa,043,17540,1214,1171,33,1204,5
2021-10-19,Mendocino,045,87422,7264,7172,456,7628,82
2021-10-19,Merced,047,269075,41018,40628,1702,42330,580
2021-10-19,Modoc,049,8938,517,502,184,686,5
2021-10-19,Mono,051,14174,1659,1651,19,1670,3
2021-10-19,Monterey,053,433212,47574,47412,3497,50909,583
2021-10-19,Napa,055,140530,12844,12769,105,12874,100
2021-10-19,Nevada,057,99092,8927,8829,321,9150,90
2021-10-19,Orange,059,3164182,303854,301700,15072,316772,5527
2021-10-19,Placer,061,380077,36092,35663,3626,39289,422
2021-10-19,Plumas,063,18699,1658,1586,38,1624,8
2021-10-19,Riverside,065,2383286,356158,353891,16787,370678,5020
2021-10-19,Sacramento,067,1510023,155595,154570,4552,159122,2227
2021-10-19,San Benito,069,59416,7288,7264,173,7437,71
2021-10-19,San Bernardino,071,2135413,348873,346814,11309,358123,5627
2021-10-19,San Diego,073,3302833,368253,365285,21268,386553,4170
2021-10-19,San Francisco,075,870044,51978,51704,2634,54338,645
2021-10-19,San Joaquin,077,732212,97943,97105,5508,102613,1721
2021-10-19,San Luis Obispo,079,281455,28911,28670,1223,29893,332
2021-10-19,San Mateo,081,765935,52860,52617,1484,54101,571
2021-10-19,Santa Barbara,083,443738,43940,43413,1649,45062,522
2021-10-19,Santa Clara,085,1922200,144812,143989,1316,145305,1898
2021-10-19,Santa Cruz,087,273765,20045,19895,1065,20960,218
2021-10-19,Shasta,089,179085,20643,20209,3554,23763,319
2021-10-19,Sierra,091,2930,173,168,20,188,0
2021-10-19,Siskiyou,093,43540,3267,3216,1288,4504,46
2021-10-19,Solano,095,438530,45015,44782,1200,45982,341
2021-10-19,Sonoma,097,501317,40658,40379,524,40903,392
2021-10-19,Stanislaus,099,539301,77211,76526,8907,85433,1145
2021-10-19,Sutter,101,95872,13680,13569,326,13895,174
2021-10-19,Tehama,103,63373,8164,8057,1449,9506,108
2021-10-19,Trinity,105,12862,747,691,194,885,11
2021-10-19,Tulare,107,460477,66107,65253,14888,80141,958
2021-10-19,Tuolumne,109,53932,6934,6782,84,6866,89
2021-10-19,Ventura,111,848112,96874,96539,4366,100905,1166
2021-10-19,Yolo,113,214977,19367,19206,1124,20330,248
2021-10-19,Yuba,115,75493,9891,9796,300,10096,82
2021-10-18,Alameda,001,1643700,118141,117506,2909,120415,1381
2021-10-18,Alpine,003,1148,105,103,0,103,0
2021-10-18,Amador,005,37829,5440,5345,61,5406,64
2021-10-18,Butte,007,227075,20218,19921,3732,23653,265
2021-10-18,Calaveras,009,45235,3874,3819,49,3868,80
2021-10-18,Colusa,011,21464,2480,2444,624,3068,18
2021-10-18,Contra Costa,013,1133247,97987,97585,2177,99762,995
2021-10-18,Del Norte,015,27424,3616,3529,54,3583,41
2021-10-18,El Dorado,017,186661,15660,15452,1684,17136,149
2021-10-18,Fresno,019,978130,135085,133688,12113,145801,2063
2021-10-18,Glenn,021,27897,3401,3370,980,4350,32
2021-10-18,Humboldt,023,135768,8786,8699,527,9226,104
2021-10-18,Imperial,025,180216,32782,32558,3275,35833,764
2021-10-18,Inyo,027,18085,2123,2020,33,2053,40
2021-10-18,Kern,029,883053,123694,122231,21286,143517,1605
2021-10-18,Kings,031,150075,31122,30698,1965,32663,320
2021-10-18,Lake,033,64148,6558,6455,143,6598,104
2021-10-18,Lassen,035,31185,6688,6607,353,6960,26
2021-10-18,Los Angeles,037,10098052,1420409,1413291,55369,1468660,26446
2021-10-18,Madera,039,155013,22262,21909,1916,23825,277
2021-10-18,Marin,041,260295,17303,17232,458,17690,244
2021-10-18,Mariposa,043,17540,1206,1160,33,1193,5
2021-10-18,Mendocino,045,87422,7245,7156,447,7603,82
2021-10-18,Merced,047,269075,40894,40573,1692,42265,579
2021-10-18,Modoc,049,8938,517,498,184,682,5
2021-10-18,Mono,051,14174,1648,1648,18,1666,3
2021-10-18,Monterey,053,433212,47557,47389,3487,50876,583
2021-10-18,Napa,055,140530,12829,12762,105,12867,100
2021-10-18,Nevada,057,99092,8908,8816,321,9137,90
2021-10-18,Orange,059,3164182,303518,301573,15037,316610,5524
2021-10-18,Placer,061,380077,36015,35598,3622,39220,420
2021-10-18,Plumas,063,18699,1650,1579,38,1617,6
2021-10-18,Riverside,065,2383286,355744,353699,16772,370471,5008
2021-10-18,Sacramento,067,1510023,155290,154428,4520,158948,2203
2021-10-18,San Benito,069,59416,7276,7253,172,7425,71
2021-10-18,San Bernardino,071,2135413,348454,346742,11294,358036,5606
2021-10-18,San Diego,073,3302833,367690,364948,21226,386174,4169
2021-10-18,San Francisco,075,870044,51916,51671,2627,54298,644
2021-10-18,San Joaquin,077,732212,97778,97041,5497,102538,1721
2021-10-18,San Luis Obispo,079,281455,28872,28644,1220,29864,331
2021-10-18,San Mateo,081,765935,52799,52594,1482,54076,571
2021-10-18,Santa Barbara,083,443738,43883,43386,1647,45033,522
2021-10-18,Santa Clara,085,1922200,144658,143891,1307,145198,1895
2021-10-18,Santa Cruz,087,273765,20031,19876,1063,20939,218
2021-10-18,Shasta,089,179085,20562,20146,3542,23688,313
2021-10-18,Sierra,091,2930,173,166,20,186,0
2021-10-18,Siskiyou,093,43540,3264,3210,1280,4490,42
2021-10-18,Solano,095,438530,44971,44758,1198,45956,339
2021-10-18,Sonoma,097,501317,40596,40349,520,40869,392
2021-10-18,Stanislaus,099,539301,77047,76466,8893,85359,1145
2021-10-18,Sutter,101,95872,13646,13557,324,13881,172
2021-10-18,Tehama,103,63373,8130,8042,1437,9479,107
2021-10-18,Trinity,105,12862,746,688,194,882,11
2021-10-18,Tulare,107,460477,65932,65171,14824,79995,958
2021-10-18,Tuolumne,109,53932,6905,6755,84,6839,89
2021-10-18,Ventura,111,848112,96782,96506,4363,100869,1165
2021-10-18,Yolo,113,214977,19330,19197,1120,20317,248
2021-10-18,Yuba,115,75493,9865,9782,297,10079,82
2021-10-17,Alameda,001,1643700,117993,117423,2904,120327,1376
2021-10-17,Alpine,003,1148,105,103,0,103,0
2021-10-17,Amador,005,37829,5417,5341,61,5402,64
2021-10-17,Butte,007,227075,20132,19897,3723,23620,265
2021-10-17,Calaveras,009,45235,3858,3805,49,3854,80
2021-10-17,Colusa,011,21464,2475,2442,617,3059,18
2021-10-17,Contra Costa,013,1133247,97863,97485,2166,99651,995
2021-10-17,Del Norte,015,27424,3611,3526,54,3580,41
2021-10-17,El Dorado,017,186661,15602,15438,1677,17115,149
2021-10-17,Fresno,019,978130,134616,133429,12081,145510,2063
2021-10-17,Glenn,021,27897,3385,3364,978,4342,32
2021-10-17,Humboldt,023,135768,8766,8690,524,9214,104
2021-10-17,Imperial,025,180216,32700,32520,3269,35789,764
2021-10-17,Inyo,027,18085,2095,2000,33,2033,40
2021-10-17,Kern,029,883053,123346,122085,21188,143273,1603
2021-10-17,Kings,031,150075,31009,30636,1955,32591,315
2021-10-17,Lake,033,64148,6542,6437,142,6579,104
2021-10-17,Lassen,035,31185,6676,6605,348,6953,26
2021-10-17,Los Angeles,037,10098052,1419078,1412371,55290,1467661,26443
2021-10-17,Madera,039,155013,22200,21869,1907,23776,277
2021-10-17,Marin,041,260295,17281,17211,458,17669,243
2021-10-17,Mariposa,043,17540,1199,1150,33,1183,5
2021-10-17,Mendocino,045,87422,7218,7148,440,7588,82
2021-10-17,Merced,047,269075,40767,40531,1678,42209,579
2021-10-17,Modoc,049,8938,514,498,182,680,5
2021-10-17,Mono,051,14174,1647,1640,17,1657,3
2021-10-17,Monterey,053,433212,47525,47369,3467,50836,583
2021-10-17,Napa,055,140530,12814,12753,102,12855,100
2021-10-17,Nevada,057,99092,8891,8794,320,9114,90
2021-10-17,Orange,059,3164182,303206,301414,15006,316420,5524
2021-10-17,Placer,061,380077,35914,35559,3607,39166,420
2021-10-17,Plumas,063,18699,1627,1571,35,1606,6
2021-10-17,Riverside,065,2383286,355263,353500,16757,370257,5008
2021-10-17,Sacramento,067,1510023,154890,154080,4499,158579,2213
2021-10-17,San Benito,069,59416,7267,7250,171,7421,71
2021-10-17,San Bernardino,071,2135413,348026,346524,11275,357799,5597
2021-10-17,San Diego,073,3302833,367083,364675,21196,385871,4163
2021-10-17,San Francisco,075,870044,51843,51625,2618,54243,644
2021-10-17,San Joaquin,077,732212,97604,96950,5488,102438,1721
2021-10-17,San Luis Obispo,079,281455,28821,28604,1212,29816,331
2021-10-17,San Mateo,081,765935,52756,52541,1470,54011,571
2021-10-17,Santa Barbara,083,443738,43821,43344,1646,44990,522
2021-10-17,Santa Clara,085,1922200,144484,143768,1297,145065,1895
2021-10-17,Santa Cruz,087,273765,20003,19861,1061,20922,218
2021-10-17,Shasta,089,179085,20473,20116,3531,23647,312
2021-10-17,Sierra,091,2930,171,165,20,185,0
2021-10-17,Siskiyou,093,43540,3256,3204,1277,4481,42
2021-10-17,Solano,095,438530,44915,44722,1197,45919,340
2021-10-17,Sonoma,097,501317,40521,40306,520,40826,392
2021-10-17,Stanislaus,099,539301,76850,76354,8879,85233,1145
2021-10-17,Sutter,101,95872,13629,13543,322,13865,172
2021-10-17,Tehama,103,63373,8098,8015,1420,9435,107
2021-10-17,Trinity,105,12862,743,686,193,879,11
2021-10-17,Tulare,107,460477,65750,65057,14749,79806,958
2021-10-17,Tuolumne,109,53932,6871,6735,83,6818,89
2021-10-17,Ventura,111,848112,96687,96458,4360,100818,1165
2021-10-17,Yolo,113,214977,19291,19171,1110,20281,248
2021-10-17,Yuba,115,75493,9839,9771,295,10066,82
2021-10-16,Alameda,001,1643700,117906,117027,2903,119930,1365
2021-10-16,Alpine,003,1148,104,102,0,102,0
2021-10-16,Amador,005,37829,5410,5310,61,5371,64
2021-10-16,Butte,007,227075,20101,19612,3716,23328,260
2021-10-16,Calaveras,009,45235,3851,3771,48,3819,80
2021-10-16,Colusa,011,21464,2471,2431,614,3045,18
2021-10-16,Contra Costa,013,1133247,97772,97107,2163,99270,982
2021-10-16,Del Norte,015,27424,3608,3516,54,3570,41
2021-10-16,El Dorado,017,186661,15580,15315,1675,16990,149
2021-10-16,Fresno,019,978130,134467,132433,12074,144507,2051
2021-10-16,Glenn,021,27897,3382,3331,978,4309,26
2021-10-16,Humboldt,023,135768,8753,8621,519,9140,104
2021-10-16,Imperial,025,180216,32685,32368,3267,35635,764
2021-10-16,Inyo,027,18085,2081,1932,33,1965,39
2021-10-16,Kern,029,883053,123193,121354,21102,142456,1590
2021-10-16,Kings,031,150075,30961,30418,1952,32370,314
2021-10-16,Lake,033,64148,6531,6378,142,6520,104
2021-10-16,Lassen,035,31185,6668,6559,343,6902,26
2021-10-16,Los Angeles,037,10098052,1418432,1409418,55234,1464652,26398
2021-10-16,Madera,039,155013,22156,21707,1904,23611,277
2021-10-16,Marin,041,260295,17272,17148,458,17606,243
2021-10-16,Mariposa,043,17540,1196,1096,33,1129,5
2021-10-16,Mendocino,045,87422,7208,7099,440,7539,82
2021-10-16,Merced,047,269075,40734,40265,1677,41942,577
2021-10-16,Modoc,049,8938,511,492,182,674,5
2021-10-16,Mono,051,14174,1646,1628,17,1645,3
2021-10-16,Monterey,053,433212,47511,47293,3456,50749,582
2021-10-16,Napa,055,140530,12803,12706,102,12808,100
2021-10-16,Nevada,057,99092,8871,8739,320,9059,90
2021-10-16,Orange,059,3164182,303032,300722,14983,315705,5509
2021-10-16,Placer,061,380077,35829,35343,3601,38944,412
2021-10-16,Plumas,063,18699,1622,1542,34,1576,6
2021-10-16,Riverside,065,2383286,354995,352435,16745,369180,4990
2021-10-16,Sacramento,067,1510023,154690,153264,4495,157759,2192
2021-10-16,San Benito,069,59416,7254,7210,170,7380,71
2021-10-16,San Bernardino,071,2135413,347821,345418,11268,356686,5566
2021-10-16,San Diego,073,3302833,366760,363109,21180,384289,4151
2021-10-16,San Francisco,075,870044,51795,51436,2613,54049,645
2021-10-16,San Joaquin,077,732212,97534,96507,5485,101992,1708
2021-10-16,San Luis Obispo,079,281455,28795,28460,1211,29671,329
2021-10-16,San Mateo,081,765935,52713,52399,1464,53863,569
2021-10-16,Santa Barbara,083,443738,43785,43175,1645,44820,521
2021-10-16,Santa Clara,085,1922200,144383,143282,1289,144571,1890
2021-10-16,Santa Cruz,087,273765,19988,19794,1060,20854,218
2021-10-16,Shasta,089,179085,20424,19932,3519,23451,309
2021-10-16,Sierra,091,2930,169,160,20,180,0
2021-10-16,Siskiyou,093,43540,3254,3173,1270,4443,42
2021-10-16,Solano,095,438530,44889,44585,1193,45778,334
2021-10-16,Sonoma,097,501317,40481,40195,520,40715,390
2021-10-16,Stanislaus,099,539301,76764,75868,8870,84738,1142
2021-10-16,Sutter,101,95872,13610,13471,321,13792,169
2021-10-16,Tehama,103,63373,8084,7907,1415,9322,104
2021-10-16,Trinity,105,12862,743,679,193,872,11
2021-10-16,Tulare,107,460477,65617,64489,14715,79204,951
2021-10-16,Tuolumne,109,53932,6839,6666,83,6749,89
2021-10-16,Ventura,111,848112,96659,96181,4355,100536,1164
2021-10-16,Yolo,113,214977,19265,19078,1104,20182,247
2021-10-16,Yuba,115,75493,9816,9705,291,9996,82
2021-10-15,Alameda,001,1643700,117835,117027,2899,119926,1365
2021-10-15,Alpine,003,1148,104,102,0,102,0
2021-10-15,Amador,005,37829,5386,5310,61,5371,64
2021-10-15,Butte,007,227075,20065,19612,3709,23321,260
2021-10-15,Calaveras,009,45235,3845,3771,48,3819,80
2021-10-15,Colusa,011,21464,2469,2431,611,3042,18
2021-10-15,Contra Costa,013,1133247,97691,97107,2160,99267,982
2021-10-15,Del Norte,015,27424,3606,3516,54,3570,41
2021-10-15,El Dorado,017,186661,15560,15315,1670,16985,149
2021-10-15,Fresno,019,978130,134216,132433,12068,144501,2051
2021-10-15,Glenn,021,27897,3378,3331,977,4308,26
2021-10-15,Humboldt,023,135768,8744,8621,517,9138,104
2021-10-15,Imperial,025,180216,32638,32368,3263,35631,764
2021-10-15,Inyo,027,18085,2063,1932,33,1965,39
2021-10-15,Kern,029,883053,123058,121354,21028,142382,1590
2021-10-15,Kings,031,150075,30905,30418,1948,32366,314
2021-10-15,Lake,033,64148,6522,6378,142,6520,104
2021-10-15,Lassen,035,31185,6656,6559,342,6901,26
2021-10-15,Los Angeles,037,10098052,1417743,1409418,55185,1464603,26398
2021-10-15,Madera,039,155013,22112,21707,1898,23605,277
2021-10-15,Marin,041,260295,17261,17148,458,17606,243
2021-10-15,Mariposa,043,17540,1188,1096,33,1129,5
2021-10-15,Mendocino,045,87422,7193,7099,440,7539,82
2021-10-15,Merced,047,269075,40704,40265,1674,41939,577
2021-10-15,Modoc,049,8938,510,492,182,674,5
2021-10-15,Mono,051,14174,1645,1628,17,1645,3
2021-10-15,Monterey,053,433212,47491,47293,3452,50745,582
2021-10-15,Napa,055,140530,12799,12706,102,12808,100
2021-10-15,Nevada,057,99092,8856,8739,320,9059,90
2021-10-15,Orange,059,3164182,302863,300722,14966,315688,5509
2021-10-15,Placer,061,380077,35775,35343,3595,38938,412
2021-10-15,Plumas,063,18699,1614,1542,34,1576,6
2021-10-15,Riverside,065,2383286,354753,352435,16740,369175,4990
2021-10-15,Sacramento,067,1510023,154505,153264,4485,157749,2192
2021-10-15,San Benito,069,59416,7251,7210,170,7380,71
2021-10-15,San Bernardino,071,2135413,347587,345418,11266,356684,5566
2021-10-15,San Diego,073,3302833,366396,363109,21155,384264,4151
2021-10-15,San Francisco,075,870044,51757,51436,2606,54042,645
2021-10-15,San Joaquin,077,732212,97457,96507,5478,101985,1708
2021-10-15,San Luis Obispo,079,281455,28774,28460,1209,29669,329
2021-10-15,San Mateo,081,765935,52676,52399,1457,53856,569
2021-10-15,Santa Barbara,083,443738,43749,43175,1645,44820,521
2021-10-15,Santa Clara,085,1922200,144262,143282,1280,144562,1890
2021-10-15,Santa Cruz,087,273765,19977,19794,1060,20854,218
2021-10-15,Shasta,089,179085,20368,19932,3511,23443,309
2021-10-15,Sierra,091,2930,168,160,20,180,0
2021-10-15,Siskiyou,093,43540,3253,3173,1267,4440,42
2021-10-15,Solano,095,438530,44863,44585,1193,45778,334
2021-10-15,Sonoma,097,501317,40447,40195,519,40714,390
2021-10-15,Stanislaus,099,539301,76684,75868,8854,84722,1142
2021-10-15,Sutter,101,95872,13593,13471,319,13790,169
2021-10-15,Tehama,103,63373,8062,7907,1409,9316,104
2021-10-15,Trinity,105,12862,743,679,193,872,11
2021-10-15,Tulare,107,460477,65540,64489,14676,79165,951
2021-10-15,Tuolumne,109,53932,6816,6666,81,6747,89
2021-10-15,Ventura,111,848112,96618,96181,4351,100532,1164
2021-10-15,Yolo,113,214977,19251,19078,1100,20178,247
2021-10-15,Yuba,115,75493,9806,9705,290,9995,82
2021-10-14,Alameda,001,1643700,117729,117027,2893,119920,1365
2021-10-14,Alpine,003,1148,104,102,0,102,0
2021-10-14,Amador,005,37829,5376,5310,61,5371,64
2021-10-14,Butte,007,227075,20013,19612,3704,23316,260
2021-10-14,Calaveras,009,45235,3832,3771,47,3818,80
2021-10-14,Colusa,011,21464,2467,2431,609,3040,18
2021-10-14,Contra Costa,013,1133247,97557,97107,2154,99261,982
2021-10-14,Del Norte,015,27424,3600,3516,54,3570,41
2021-10-14,El Dorado,017,186661,15521,15315,1667,16982,149
2021-10-14,Fresno,019,978130,133925,132433,12047,144480,2051
2021-10-14,Glenn,021,27897,3375,3331,976,4307,26
2021-10-14,Humboldt,023,135768,8726,8621,514,9135,104
2021-10-14,Imperial,025,180216,32574,32368,3256,35624,764
2021-10-14,Inyo,027,18085,2044,1932,33,1965,39
2021-10-14,Kern,029,883053,122788,121354,20928,142282,1590
2021-10-14,Kings,031,150075,30840,30418,1940,32358,314
2021-10-14,Lake,033,64148,6501,6378,141,6519,104
2021-10-14,Lassen,035,31185,6650,6559,341,6900,26
2021-10-14,Los Angeles,037,10098052,1416774,1409418,55132,1464550,26398
2021-10-14,Madera,039,155013,22047,21707,1894,23601,277
2021-10-14,Marin,041,260295,17256,17148,456,17604,243
2021-10-14,Mariposa,043,17540,1175,1096,32,1128,5
2021-10-14,Mendocino,045,87422,7179,7099,439,7538,82
2021-10-14,Merced,047,269075,40615,40265,1661,41926,577
2021-10-14,Modoc,049,8938,510,492,182,674,5
2021-10-14,Mono,051,14174,1639,1628,17,1645,3
2021-10-14,Monterey,053,433212,47467,47293,3445,50738,582
2021-10-14,Napa,055,140530,12784,12706,102,12808,100
2021-10-14,Nevada,057,99092,8828,8739,318,9057,90
2021-10-14,Orange,059,3164182,302661,300722,14950,315672,5509
2021-10-14,Placer,061,380077,35708,35343,3581,38924,412
2021-10-14,Plumas,063,18699,1599,1542,34,1576,6
2021-10-14,Riverside,065,2383286,354356,352435,16730,369165,4990
2021-10-14,Sacramento,067,1510023,154253,153264,4463,157727,2192
2021-10-14,San Benito,069,59416,7240,7210,170,7380,71
2021-10-14,San Bernardino,071,2135413,347230,345418,11259,356677,5566
2021-10-14,San Diego,073,3302833,365948,363109,21127,384236,4151
2021-10-14,San Francisco,075,870044,51704,51436,2600,54036,645
2021-10-14,San Joaquin,077,732212,97327,96507,5469,101976,1708
2021-10-14,San Luis Obispo,079,281455,28731,28460,1205,29665,329
2021-10-14,San Mateo,081,765935,52631,52399,1453,53852,569
2021-10-14,Santa Barbara,083,443738,43693,43175,1640,44815,521
2021-10-14,Santa Clara,085,1922200,144121,143282,1275,144557,1890
2021-10-14,Santa Cruz,087,273765,19954,19794,1060,20854,218
2021-10-14,Shasta,089,179085,20312,19932,3499,23431,309
2021-10-14,Sierra,091,2930,168,160,20,180,0
2021-10-14,Siskiyou,093,43540,3250,3173,1259,4432,42
2021-10-14,Solano,095,438530,44813,44585,1187,45772,334
2021-10-14,Sonoma,097,501317,40397,40195,516,40711,390
2021-10-14,Stanislaus,099,539301,76538,75868,8841,84709,1142
2021-10-14,Sutter,101,95872,13573,13471,318,13789,169
2021-10-14,Tehama,103,63373,8031,7907,1402,9309,104
2021-10-14,Trinity,105,12862,742,679,192,871,11
2021-10-14,Tulare,107,460477,65360,64489,14629,79118,951
2021-10-14,Tuolumne,109,53932,6786,6666,80,6746,89
2021-10-14,Ventura,111,848112,96552,96181,4344,100525,1164
2021-10-14,Yolo,113,214977,19220,19078,1092,20170,247
2021-10-14,Yuba,115,75493,9792,9705,281,9986,82
2021-10-13,Alameda,001,1643700,117629,116914,2887,119801,1360
2021-10-13,Alpine,003,1148,104,102,0,102,0
2021-10-13,Amador,005,37829,5362,5305,61,5366,63
2021-10-13,Butte,007,227075,19939,19546,3700,23246,257
2021-10-13,Calaveras,009,45235,3811,3756,45,3801,79
2021-10-13,Colusa,011,21464,2460,2430,605,3035,18
2021-10-13,Contra Costa,013,1133247,97443,96975,2153,99128,969
2021-10-13,Del Norte,015,27424,3595,3512,54,3566,39
2021-10-13,El Dorado,017,186661,15498,15302,1662,16964,149
2021-10-13,Fresno,019,978130,133594,132055,12027,144082,2048
2021-10-13,Glenn,021,27897,3364,3327,973,4300,26
2021-10-13,Humboldt,023,135768,8715,8604,508,9112,102
2021-10-13,Imperial,025,180216,32514,32317,3253,35570,762
2021-10-13,Inyo,027,18085,2007,1907,33,1940,39
2021-10-13,Kern,029,883053,122546,120956,20836,141792,1586
2021-10-13,Kings,031,150075,30759,30246,1933,32179,312
2021-10-13,Lake,033,64148,6481,6371,141,6512,103
2021-10-13,Lassen,035,31185,6640,6535,335,6870,25
2021-10-13,Los Angeles,037,10098052,1415735,1408384,55074,1463458,26379
2021-10-13,Madera,039,155013,21992,21609,1879,23488,277
2021-10-13,Marin,041,260295,17232,17137,455,17592,243
2021-10-13,Mariposa,043,17540,1161,1090,32,1122,5
2021-10-13,Mendocino,045,87422,7164,7088,431,7519,82
2021-10-13,Merced,047,269075,40531,40164,1650,41814,577
2021-10-13,Modoc,049,8938,508,490,180,670,5
2021-10-13,Mono,051,14174,1639,1612,17,1629,3
2021-10-13,Monterey,053,433212,47450,47273,3436,50709,582
2021-10-13,Napa,055,140530,12774,12695,100,12795,100
2021-10-13,Nevada,057,99092,8806,8725,318,9043,90
2021-10-13,Orange,059,3164182,302462,300468,14934,315402,5503
2021-10-13,Placer,061,380077,35642,35254,3570,38824,412
2021-10-13,Plumas,063,18699,1585,1514,34,1548,6
2021-10-13,Riverside,065,2383286,354026,352044,16716,368760,4978
2021-10-13,Sacramento,067,1510023,154005,153141,4438,157579,2182
2021-10-13,San Benito,069,59416,7234,7196,169,7365,71
2021-10-13,San Bernardino,071,2135413,346908,344951,11243,356194,5562
2021-10-13,San Diego,073,3302833,365511,362564,21105,383669,4141
2021-10-13,San Francisco,075,870044,51663,51379,2595,53974,644
2021-10-13,San Joaquin,077,732212,97184,96343,5464,101807,1696
2021-10-13,San Luis Obispo,079,281455,28693,28397,1202,29599,330
2021-10-13,San Mateo,081,765935,52581,52352,1448,53800,569
2021-10-13,Santa Barbara,083,443738,43642,43109,1640,44749,518
2021-10-13,Santa Clara,085,1922200,143982,143064,1274,144338,1886
2021-10-13,Santa Cruz,087,273765,19928,19763,1059,20822,217
2021-10-13,Shasta,089,179085,20243,19802,3477,23279,307
2021-10-13,Sierra,091,2930,168,155,20,175,0
2021-10-13,Siskiyou,093,43540,3242,3173,1258,4431,42
2021-10-13,Solano,095,438530,44774,44558,1185,45743,334
2021-10-13,Sonoma,097,501317,40345,40122,516,40638,390
2021-10-13,Stanislaus,099,539301,76397,75698,8832,84530,1136
2021-10-13,Sutter,101,95872,13543,13458,316,13774,169
2021-10-13,Tehama,103,63373,7993,7849,1396,9245,103
2021-10-13,Trinity,105,12862,739,677,192,869,11
2021-10-13,Tulare,107,460477,65181,64297,14574,78871,945
2021-10-13,Tuolumne,109,53932,6772,6644,79,6723,89
2021-10-13,Ventura,111,848112,96478,96099,4339,100438,1162
2021-10-13,Yolo,113,214977,19190,19023,1089,20112,247
2021-10-13,Yuba,115,75493,9768,9690,265,9955,80
2021-10-12,Alameda,001,1643700,117528,116813,2882,119695,1357
2021-10-12,Alpine,003,1148,104,102,0,102,0
2021-10-12,Amador,005,37829,5351,5301,61,5362,63
2021-10-12,Butte,007,227075,19870,19506,3688,23194,256
2021-10-12,Calaveras,009,45235,3796,3750,45,3795,75
2021-10-12,Colusa,011,21464,2457,2428,603,3031,18
2021-10-12,Contra Costa,013,1133247,97330,96894,2144,99038,960
2021-10-12,Del Norte,015,27424,3590,3511,53,3564,39
2021-10-12,El Dorado,017,186661,15465,15287,1660,16947,148
2021-10-12,Fresno,019,978130,133235,131848,11999,143847,2042
2021-10-12,Glenn,021,27897,3354,3321,970,4291,26
2021-10-12,Humboldt,023,135768,8689,8587,501,9088,102
2021-10-12,Imperial,025,180216,32462,32267,3251,35518,762
2021-10-12,Inyo,027,18085,1975,1889,33,1922,39
2021-10-12,Kern,029,883053,122261,120826,20726,141552,1580
2021-10-12,Kings,031,150075,30687,30200,1922,32122,312
2021-10-12,Lake,033,64148,6466,6372,141,6513,97
2021-10-12,Lassen,035,31185,6631,6526,333,6859,25
2021-10-12,Los Angeles,037,10098052,1414679,1407462,55022,1462484,26362
2021-10-12,Madera,039,155013,21921,21574,1867,23441,277
2021-10-12,Marin,041,260295,17209,17126,455,17581,242
2021-10-12,Mariposa,043,17540,1147,1088,32,1120,5
2021-10-12,Mendocino,045,87422,7135,7077,429,7506,82
2021-10-12,Merced,047,269075,40452,40113,1644,41757,567
2021-10-12,Modoc,049,8938,503,485,179,664,5
2021-10-12,Mono,051,14174,1635,1608,17,1625,3
2021-10-12,Monterey,053,433212,47422,47254,3425,50679,582
2021-10-12,Napa,055,140530,12760,12671,100,12771,97
2021-10-12,Nevada,057,99092,8794,8720,317,9037,89
2021-10-12,Orange,059,3164182,302206,300256,14909,315165,5499
2021-10-12,Placer,061,380077,35579,35214,3562,38776,404
2021-10-12,Plumas,063,18699,1571,1488,33,1521,6
2021-10-12,Riverside,065,2383286,353700,351771,16702,368473,4973
2021-10-12,Sacramento,067,1510023,153711,152935,4408,157343,2170
2021-10-12,San Benito,069,59416,7220,7193,169,7362,71
2021-10-12,San Bernardino,071,2135413,346596,344788,11234,356022,5563
2021-10-12,San Diego,073,3302833,364987,362256,21075,383331,4137
2021-10-12,San Francisco,075,870044,51604,51301,2592,53893,643
2021-10-12,San Joaquin,077,732212,97047,96237,5459,101696,1690
2021-10-12,San Luis Obispo,079,281455,28646,28379,1201,29580,327
2021-10-12,San Mateo,081,765935,52534,52328,1444,53772,569
2021-10-12,Santa Barbara,083,443738,43582,43076,1640,44716,515
2021-10-12,Santa Clara,085,1922200,143828,142954,1272,144226,1882
2021-10-12,Santa Cruz,087,273765,19903,19757,1059,20816,218
2021-10-12,Shasta,089,179085,20169,19731,3454,23185,304
2021-10-12,Sierra,091,2930,168,153,20,173,0
2021-10-12,Siskiyou,093,43540,3232,3166,1251,4417,42
2021-10-12,Solano,095,438530,44731,44516,1181,45697,329
2021-10-12,Sonoma,097,501317,40303,40105,516,40621,390
2021-10-12,Stanislaus,099,539301,76247,75589,8817,84406,1126
2021-10-12,Sutter,101,95872,13520,13436,312,13748,168
2021-10-12,Tehama,103,63373,7960,7820,1392,9212,103
2021-10-12,Trinity,105,12862,736,676,192,868,11
2021-10-12,Tulare,107,460477,65005,64216,14515,78731,944
2021-10-12,Tuolumne,109,53932,6755,6637,78,6715,89
2021-10-12,Ventura,111,848112,96370,96022,4336,100358,1160
2021-10-12,Yolo,113,214977,19164,18987,1081,20068,247
2021-10-12,Yuba,115,75493,9753,9676,261,9937,70
2021-10-11,Alameda,001,1643700,117391,116759,2881,119640,1358
2021-10-11,Alpine,003,1148,103,102,0,102,0
2021-10-11,Amador,005,37829,5339,5286,61,5347,62
2021-10-11,Butte,007,227075,19811,19452,3683,23135,253
2021-10-11,Calaveras,009,45235,3776,3750,45,3795,75
2021-10-11,Colusa,011,21464,2453,2427,596,3023,18
2021-10-11,Contra Costa,013,1133247,97193,96832,2139,98971,960
2021-10-11,Del Norte,015,27424,3587,3510,49,3559,39
2021-10-11,El Dorado,017,186661,15437,15273,1656,16929,146
2021-10-11,Fresno,019,978130,132907,131703,11970,143673,2036
2021-10-11,Glenn,021,27897,3336,3308,969,4277,26
2021-10-11,Humboldt,023,135768,8664,8571,493,9064,101
2021-10-11,Imperial,025,180216,32412,32207,3245,35452,762
2021-10-11,Inyo,027,18085,1952,1862,32,1894,39
2021-10-11,Kern,029,883053,122027,120684,20629,141313,1575
2021-10-11,Kings,031,150075,30599,30180,1912,32092,309
2021-10-11,Lake,033,64148,6450,6361,137,6498,97
2021-10-11,Lassen,035,31185,6611,6499,330,6829,25
2021-10-11,Los Angeles,037,10098052,1413638,1406826,54967,1461793,26346
2021-10-11,Madera,039,155013,21863,21555,1853,23408,272
2021-10-11,Marin,041,260295,17191,17121,451,17572,242
2021-10-11,Mariposa,043,17540,1118,1083,32,1115,5
2021-10-11,Mendocino,045,87422,7119,7064,425,7489,82
2021-10-11,Merced,047,269075,40335,40064,1620,41684,566
2021-10-11,Modoc,049,8938,500,482,176,658,5
2021-10-11,Mono,051,14174,1625,1604,17,1621,3
2021-10-11,Monterey,053,433212,47393,47241,3418,50659,580
2021-10-11,Napa,055,140530,12737,12654,98,12752,96
2021-10-11,Nevada,057,99092,8774,8716,316,9032,90
2021-10-11,Orange,059,3164182,301979,299941,14881,314822,5499
2021-10-11,Placer,061,380077,35511,35173,3544,38717,404
2021-10-11,Plumas,063,18699,1553,1469,31,1500,6
2021-10-11,Riverside,065,2383286,353359,351444,16697,368141,4973
2021-10-11,Sacramento,067,1510023,153423,152681,4377,157058,2169
2021-10-11,San Benito,069,59416,7198,7184,167,7351,71
2021-10-11,San Bernardino,071,2135413,346211,344594,11226,355820,5549
2021-10-11,San Diego,073,3302833,364468,361712,21042,382754,4124
2021-10-11,San Francisco,075,870044,51534,51275,2586,53861,643
2021-10-11,San Joaquin,077,732212,96894,96152,5448,101600,1681
2021-10-11,San Luis Obispo,079,281455,28600,28355,1196,29551,327
2021-10-11,San Mateo,081,765935,52486,52298,1443,53741,569
2021-10-11,Santa Barbara,083,443738,43535,43018,1639,44657,515
2021-10-11,Santa Clara,085,1922200,143666,142836,1269,144105,1882
2021-10-11,Santa Cruz,087,273765,19879,19745,1058,20803,217
2021-10-11,Shasta,089,179085,20090,19662,3437,23099,295
2021-10-11,Sierra,091,2930,163,147,19,166,0
2021-10-11,Siskiyou,093,43540,3224,3159,1247,4406,42
2021-10-11,Solano,095,438530,44684,44474,1178,45652,329
2021-10-11,Sonoma,097,501317,40258,40067,516,40583,390
2021-10-11,Stanislaus,099,539301,76074,75478,8796,84274,1118
2021-10-11,Sutter,101,95872,13501,13427,310,13737,165
2021-10-11,Tehama,103,63373,7919,7795,1382,9177,102
2021-10-11,Trinity,105,12862,731,675,190,865,11
2021-10-11,Tulare,107,460477,64826,64094,14448,78542,942
2021-10-11,Tuolumne,109,53932,6719,6602,77,6679,89
2021-10-11,Ventura,111,848112,96269,95876,4328,100204,1160
2021-10-11,Yolo,113,214977,19118,18977,1078,20055,247
2021-10-11,Yuba,115,75493,9737,9657,248,9905,69
2021-10-10,Alameda,001,1643700,117271,116679,2876,119555,1358
2021-10-10,Alpine,003,1148,103,102,0,102,0
2021-10-10,Amador,005,37829,5324,5278,61,5339,62
2021-10-10,Butte,007,227075,19748,19430,3669,23099,253
2021-10-10,Calaveras,009,45235,3764,3747,45,3792,75
2021-10-10,Colusa,011,21464,2452,2425,595,3020,18
2021-10-10,Contra Costa,013,1133247,97094,96760,2133,98893,960
2021-10-10,Del Norte,015,27424,3583,3507,49,3556,39
2021-10-10,El Dorado,017,186661,15406,15250,1650,16900,146
2021-10-10,Fresno,019,978130,132579,131434,11942,143376,2035
2021-10-10,Glenn,021,27897,3334,3297,967,4264,26
2021-10-10,Humboldt,023,135768,8642,8554,489,9043,101
2021-10-10,Imperial,025,180216,32338,32167,3243,35410,762
2021-10-10,Inyo,027,18085,1931,1857,32,1889,39
2021-10-10,Kern,029,883053,121704,120552,20522,141074,1573
2021-10-10,Kings,031,150075,30511,30122,1902,32024,308
2021-10-10,Lake,033,64148,6434,6349,136,6485,97
2021-10-10,Lassen,035,31185,6591,6495,329,6824,26
2021-10-10,Los Angeles,037,10098052,1412469,1406034,54889,1460923,26338
2021-10-10,Madera,039,155013,21817,21486,1844,23330,272
2021-10-10,Marin,041,260295,17174,17112,451,17563,242
2021-10-10,Mariposa,043,17540,1115,1074,32,1106,5
2021-10-10,Mendocino,045,87422,7104,7060,417,7477,81
2021-10-10,Merced,047,269075,40252,40036,1602,41638,566
2021-10-10,Modoc,049,8938,500,482,176,658,5
2021-10-10,Mono,051,14174,1624,1596,17,1613,3
2021-10-10,Monterey,053,433212,47368,47228,3412,50640,580
2021-10-10,Napa,055,140530,12714,12641,98,12739,96
2021-10-10,Nevada,057,99092,8762,8689,316,9005,90
2021-10-10,Orange,059,3164182,301717,299787,14855,314642,5499
2021-10-10,Placer,061,380077,35418,35128,3532,38660,404
2021-10-10,Plumas,063,18699,1537,1468,29,1497,6
2021-10-10,Riverside,065,2383286,352987,351248,16678,367926,4973
2021-10-10,Sacramento,067,1510023,153159,152405,4360,156765,2178
2021-10-10,San Benito,069,59416,7194,7180,165,7345,71
2021-10-10,San Bernardino,071,2135413,345907,344423,11217,355640,5551
2021-10-10,San Diego,073,3302833,363947,361038,20989,382027,4113
2021-10-10,San Francisco,075,870044,51489,51216,2580,53796,643
2021-10-10,San Joaquin,077,732212,96723,96084,5431,101515,1681
2021-10-10,San Luis Obispo,079,281455,28559,28343,1196,29539,326
2021-10-10,San Mateo,081,765935,52445,52273,1442,53715,569
2021-10-10,Santa Barbara,083,443738,43491,42987,1637,44624,515
2021-10-10,Santa Clara,085,1922200,143500,142768,1262,144030,1881
2021-10-10,Santa Cruz,087,273765,19859,19727,1058,20785,217
2021-10-10,Shasta,089,179085,20002,19635,3426,23061,296
2021-10-10,Sierra,091,2930,161,147,19,166,0
2021-10-10,Siskiyou,093,43540,3211,3155,1239,4394,42
2021-10-10,Solano,095,438530,44628,44431,1178,45609,329
2021-10-10,Sonoma,097,501317,40206,40027,516,40543,390
2021-10-10,Stanislaus,099,539301,75895,75403,8781,84184,1118
2021-10-10,Sutter,101,95872,13477,13412,305,13717,165
2021-10-10,Tehama,103,63373,7881,7764,1373,9137,102
2021-10-10,Trinity,105,12862,730,669,189,858,11
2021-10-10,Tulare,107,460477,64657,63930,14398,78328,940
2021-10-10,Tuolumne,109,53932,6696,6580,76,6656,89
2021-10-10,Ventura,111,848112,96182,95829,4326,100155,1160
2021-10-10,Yolo,113,214977,19086,18952,1073,20025,247
2021-10-10,Yuba,115,75493,9720,9641,244,9885,69
2021-10-09,Alameda,001,1643700,117177,116253,2874,119127,1356
2021-10-09,Alpine,003,1148,102,102,0,102,0
2021-10-09,Amador,005,37829,5322,5237,60,5297,62
2021-10-09,Butte,007,227075,19718,19277,3666,22943,250
2021-10-09,Calaveras,009,45235,3760,3716,45,3761,75
2021-10-09,Colusa,011,21464,2448,2419,594,3013,18
2021-10-09,Contra Costa,013,1133247,97030,96378,2126,98504,958
2021-10-09,Del Norte,015,27424,3582,3495,49,3544,39
2021-10-09,El Dorado,017,186661,15388,15153,1647,16800,144
2021-10-09,Fresno,019,978130,132448,130508,11925,142433,2018
2021-10-09,Glenn,021,27897,3330,3277,966,4243,26
2021-10-09,Humboldt,023,135768,8629,8448,485,8933,97
2021-10-09,Imperial,025,180216,32304,31989,3241,35230,760
2021-10-09,Inyo,027,18085,1922,1808,32,1840,39
2021-10-09,Kern,029,883053,121566,119795,20494,140289,1559
2021-10-09,Kings,031,150075,30462,29894,1899,31793,308
2021-10-09,Lake,033,64148,6416,6283,134,6417,97
2021-10-09,Lassen,035,31185,6586,6442,328,6770,25
2021-10-09,Los Angeles,037,10098052,1411885,1402810,54847,1457657,26280
2021-10-09,Madera,039,155013,21784,21313,1831,23144,271
2021-10-09,Marin,041,260295,17168,17049,449,17498,242
2021-10-09,Mariposa,043,17540,1108,1042,31,1073,5
2021-10-09,Mendocino,045,87422,7097,7011,417,7428,82
2021-10-09,Merced,047,269075,40211,39784,1602,41386,565
2021-10-09,Modoc,049,8938,498,477,175,652,5
2021-10-09,Mono,051,14174,1622,1577,17,1594,3
2021-10-09,Monterey,053,433212,47357,47168,3408,50576,577
2021-10-09,Napa,055,140530,12710,12586,98,12684,96
2021-10-09,Nevada,057,99092,8751,8613,315,8928,90
2021-10-09,Orange,059,3164182,301538,299089,14836,313925,5457
2021-10-09,Placer,061,380077,35380,34877,3525,38402,393
2021-10-09,Plumas,063,18699,1526,1418,29,1447,6
2021-10-09,Riverside,065,2383286,352736,350082,16661,366743,4965
2021-10-09,Sacramento,067,1510023,152951,151566,4347,155913,2160
2021-10-09,San Benito,069,59416,7186,7123,165,7288,71
2021-10-09,San Bernardino,071,2135413,345725,343452,11213,354665,5556
2021-10-09,San Diego,073,3302833,363633,359909,20982,380891,4111
2021-10-09,San Francisco,075,870044,51443,50960,2573,53533,643
2021-10-09,San Joaquin,077,732212,96656,95606,5426,101032,1669
2021-10-09,San Luis Obispo,079,281455,28542,28197,1194,29391,324
2021-10-09,San Mateo,081,765935,52414,52121,1440,53561,569
2021-10-09,Santa Barbara,083,443738,43464,42735,1637,44372,514
2021-10-09,Santa Clara,085,1922200,143377,142298,1256,143554,1873
2021-10-09,Santa Cruz,087,273765,19850,19635,1057,20692,217
2021-10-09,Shasta,089,179085,19952,19437,3421,22858,290
2021-10-09,Sierra,091,2930,158,141,19,160,0
2021-10-09,Siskiyou,093,43540,3210,3124,1238,4362,42
2021-10-09,Solano,095,438530,44611,44265,1177,45442,329
2021-10-09,Sonoma,097,501317,40162,39848,516,40364,387
2021-10-09,Stanislaus,099,539301,75805,74899,8770,83669,1114
2021-10-09,Sutter,101,95872,13468,13314,303,13617,165
2021-10-09,Tehama,103,63373,7870,7670,1368,9038,99
2021-10-09,Trinity,105,12862,729,660,189,849,11
2021-10-09,Tulare,107,460477,64550,63398,14377,77775,932
2021-10-09,Tuolumne,109,53932,6677,6521,76,6597,89
2021-10-09,Ventura,111,848112,96126,95542,4323,99865,1158
2021-10-09,Yolo,113,214977,19065,18850,1070,19920,247
2021-10-09,Yuba,115,75493,9708,9551,242,9793,69
2021-10-08,Alameda,001,1643700,117095,116253,2871,119124,1356
2021-10-08,Alpine,003,1148,102,102,0,102,0
2021-10-08,Amador,005,37829,5309,5237,60,5297,62
2021-10-08,Butte,007,227075,19689,19277,3662,22939,250
2021-10-08,Calaveras,009,45235,3755,3716,45,3761,75
2021-10-08,Colusa,011,21464,2446,2419,594,3013,18
2021-10-08,Contra Costa,013,1133247,96986,96378,2121,98499,958
2021-10-08,Del Norte,015,27424,3581,3495,49,3544,39
2021-10-08,El Dorado,017,186661,15369,15153,1643,16796,144
2021-10-08,Fresno,019,978130,132253,130508,11903,142411,2018
2021-10-08,Glenn,021,27897,3319,3277,965,4242,26
2021-10-08,Humboldt,023,135768,8618,8448,482,8930,97
2021-10-08,Imperial,025,180216,32274,31989,3237,35226,760
2021-10-08,Inyo,027,18085,1904,1808,32,1840,39
2021-10-08,Kern,029,883053,121429,119795,20451,140246,1559
2021-10-08,Kings,031,150075,30370,29894,1898,31792,308
2021-10-08,Lake,033,64148,6408,6283,134,6417,97
2021-10-08,Lassen,035,31185,6573,6442,324,6766,25
2021-10-08,Los Angeles,037,10098052,1411225,1402810,54807,1457617,26280
2021-10-08,Madera,039,155013,21726,21313,1824,23137,271
2021-10-08,Marin,041,260295,17157,17049,448,17497,242
2021-10-08,Mariposa,043,17540,1101,1042,29,1071,5
2021-10-08,Mendocino,045,87422,7084,7011,417,7428,82
2021-10-08,Merced,047,269075,40179,39784,1599,41383,565
2021-10-08,Modoc,049,8938,496,477,175,652,5
2021-10-08,Mono,051,14174,1620,1577,17,1594,3
2021-10-08,Monterey,053,433212,47333,47168,3403,50571,577
2021-10-08,Napa,055,140530,12694,12586,98,12684,96
2021-10-08,Nevada,057,99092,8738,8613,315,8928,90
2021-10-08,Orange,059,3164182,301391,299089,14819,313908,5457
2021-10-08,Placer,061,380077,35342,34877,3517,38394,393
2021-10-08,Plumas,063,18699,1514,1418,29,1447,6
2021-10-08,Riverside,065,2383286,352467,350082,16650,366732,4965
2021-10-08,Sacramento,067,1510023,152784,151566,4335,155901,2160
2021-10-08,San Benito,069,59416,7182,7123,163,7286,71
2021-10-08,San Bernardino,071,2135413,345523,343452,11205,354657,5556
2021-10-08,San Diego,073,3302833,363298,359909,20960,380869,4111
2021-10-08,San Francisco,075,870044,51396,50960,2564,53524,643
2021-10-08,San Joaquin,077,732212,96588,95606,5420,101026,1669
2021-10-08,San Luis Obispo,079,281455,28515,28197,1193,29390,324
2021-10-08,San Mateo,081,765935,52389,52121,1439,53560,569
2021-10-08,Santa Barbara,083,443738,43429,42735,1636,44371,514
2021-10-08,Santa Clara,085,1922200,143264,142298,1251,143549,1873
2021-10-08,Santa Cruz,087,273765,19835,19635,1057,20692,217
2021-10-08,Shasta,089,179085,19910,19437,3415,22852,290
2021-10-08,Sierra,091,2930,156,141,17,158,0
2021-10-08,Siskiyou,093,43540,3202,3124,1237,4361,42
2021-10-08,Solano,095,438530,44573,44265,1176,45441,329
2021-10-08,Sonoma,097,501317,40128,39848,516,40364,387
2021-10-08,Stanislaus,099,539301,75736,74899,8762,83661,1114
2021-10-08,Sutter,101,95872,13455,13314,300,13614,165
2021-10-08,Tehama,103,63373,7854,7670,1365,9035,99
2021-10-08,Trinity,105,12862,728,660,189,849,11
2021-10-08,Tulare,107,460477,64433,63398,14344,77742,932
2021-10-08,Tuolumne,109,53932,6654,6521,76,6597,89
2021-10-08,Ventura,111,848112,96081,95542,4318,99860,1158
2021-10-08,Yolo,113,214977,19052,18850,1066,19916,247
2021-10-08,Yuba,115,75493,9687,9551,241,9792,69
2021-10-07,Alameda,001,1643700,116979,116253,2869,119122,1356
2021-10-07,Alpine,003,1148,102,102,0,102,0
2021-10-07,Amador,005,37829,5302,5237,60,5297,62
2021-10-07,Butte,007,227075,19639,19277,3651,22928,250
2021-10-07,Calaveras,009,45235,3743,3716,45,3761,75
2021-10-07,Colusa,011,21464,2443,2419,588,3007,18
2021-10-07,Contra Costa,013,1133247,96866,96378,2115,98493,958
2021-10-07,Del Norte,015,27424,3578,3495,49,3544,39
2021-10-07,El Dorado,017,186661,15333,15153,1639,16792,144
2021-10-07,Fresno,019,978130,131980,130508,11879,142387,2018
2021-10-07,Glenn,021,27897,3312,3277,962,4239,26
2021-10-07,Humboldt,023,135768,8593,8448,478,8926,97
2021-10-07,Imperial,025,180216,32202,31989,3224,35213,760
2021-10-07,Inyo,027,18085,1885,1808,32,1840,39
2021-10-07,Kern,029,883053,121200,119795,20383,140178,1559
2021-10-07,Kings,031,150075,30305,29894,1892,31786,308
2021-10-07,Lake,033,64148,6397,6283,134,6417,97
2021-10-07,Lassen,035,31185,6555,6442,322,6764,25
2021-10-07,Los Angeles,037,10098052,1410270,1402810,54760,1457570,26280
2021-10-07,Madera,039,155013,21653,21313,1810,23123,271
2021-10-07,Marin,041,260295,17139,17049,448,17497,242
2021-10-07,Mariposa,043,17540,1093,1042,29,1071,5
2021-10-07,Mendocino,045,87422,7074,7011,413,7424,82
2021-10-07,Merced,047,269075,40112,39784,1583,41367,565
2021-10-07,Modoc,049,8938,493,477,174,651,5
2021-10-07,Mono,051,14174,1609,1577,17,1594,3
2021-10-07,Monterey,053,433212,47312,47168,3390,50558,577
2021-10-07,Napa,055,140530,12679,12586,98,12684,96
2021-10-07,Nevada,057,99092,8710,8613,315,8928,90
2021-10-07,Orange,059,3164182,301168,299089,14806,313895,5457
2021-10-07,Placer,061,380077,35280,34877,3510,38387,393
2021-10-07,Plumas,063,18699,1497,1418,29,1447,6
2021-10-07,Riverside,065,2383286,352134,350082,16638,366720,4965
2021-10-07,Sacramento,067,1510023,152505,151566,4306,155872,2160
2021-10-07,San Benito,069,59416,7166,7123,161,7284,71
2021-10-07,San Bernardino,071,2135413,345250,343452,11199,354651,5556
2021-10-07,San Diego,073,3302833,362887,359909,20939,380848,4111
2021-10-07,San Francisco,075,870044,51326,50960,2561,53521,643
2021-10-07,San Joaquin,077,732212,96436,95606,5412,101018,1669
2021-10-07,San Luis Obispo,079,281455,28464,28197,1191,29388,324
2021-10-07,San Mateo,081,765935,52351,52121,1435,53556,569
2021-10-07,Santa Barbara,083,443738,43362,42735,1630,44365,514
2021-10-07,Santa Clara,085,1922200,143113,142298,1245,143543,1873
2021-10-07,Santa Cruz,087,273765,19815,19635,1056,20691,217
2021-10-07,Shasta,089,179085,19821,19437,3399,22836,290
2021-10-07,Sierra,091,2930,156,141,17,158,0
2021-10-07,Siskiyou,093,43540,3199,3124,1232,4356,42
2021-10-07,Solano,095,438530,44532,44265,1172,45437,329
2021-10-07,Sonoma,097,501317,40091,39848,514,40362,387
2021-10-07,Stanislaus,099,539301,75575,74899,8735,83634,1114
2021-10-07,Sutter,101,95872,13433,13314,297,13611,165
2021-10-07,Tehama,103,63373,7822,7670,1359,9029,99
2021-10-07,Trinity,105,12862,726,660,189,849,11
2021-10-07,Tulare,107,460477,64272,63398,14305,77703,932
2021-10-07,Tuolumne,109,53932,6632,6521,76,6597,89
2021-10-07,Ventura,111,848112,95998,95542,4315,99857,1158
2021-10-07,Yolo,113,214977,19019,18850,1061,19911,247
2021-10-07,Yuba,115,75493,9661,9551,234,9785,69
2021-10-06,Alameda,001,1643700,116845,116058,2863,118921,1353
2021-10-06,Alpine,003,1148,102,102,0,102,0
2021-10-06,Amador,005,37829,5299,5205,60,5265,62
2021-10-06,Butte,007,227075,19576,19208,3644,22852,247
2021-10-06,Calaveras,009,45235,3734,3669,45,3714,75
2021-10-06,Colusa,011,21464,2441,2414,581,2995,18
2021-10-06,Contra Costa,013,1133247,96739,96184,2110,98294,953
2021-10-06,Del Norte,015,27424,3575,3490,46,3536,39
2021-10-06,El Dorado,017,186661,15308,15078,1637,16715,140
2021-10-06,Fresno,019,978130,131692,130074,11853,141927,2008
2021-10-06,Glenn,021,27897,3302,3270,959,4229,26
2021-10-06,Humboldt,023,135768,8578,8416,471,8887,94
2021-10-06,Imperial,025,180216,32149,31930,3213,35143,760
2021-10-06,Inyo,027,18085,1870,1806,32,1838,39
2021-10-06,Kern,029,883053,120946,119491,20288,139779,1552
2021-10-06,Kings,031,150075,30240,29785,1883,31668,308
2021-10-06,Lake,033,64148,6383,6271,134,6405,97
2021-10-06,Lassen,035,31185,6539,6429,321,6750,25
2021-10-06,Los Angeles,037,10098052,1409315,1401675,54713,1456388,26252
2021-10-06,Madera,039,155013,21598,21230,1800,23030,269
2021-10-06,Marin,041,260295,17130,17042,445,17487,242
2021-10-06,Mariposa,043,17540,1086,1036,29,1065,5
2021-10-06,Mendocino,045,87422,7065,6986,412,7398,81
2021-10-06,Merced,047,269075,40034,39666,1574,41240,563
2021-10-06,Modoc,049,8938,493,477,172,649,5
2021-10-06,Mono,051,14174,1598,1568,17,1585,3
2021-10-06,Monterey,053,433212,47281,47136,3384,50520,577
2021-10-06,Napa,055,140530,12655,12552,97,12649,96
2021-10-06,Nevada,057,99092,8694,8582,314,8896,90
2021-10-06,Orange,059,3164182,300935,298785,14793,313578,5448
2021-10-06,Placer,061,380077,35230,34764,3503,38267,390
2021-10-06,Plumas,063,18699,1474,1383,29,1412,6
2021-10-06,Riverside,065,2383286,351778,349645,16617,366262,4953
2021-10-06,Sacramento,067,1510023,152254,151164,4274,155438,2141
2021-10-06,San Benito,069,59416,7151,7108,161,7269,69
2021-10-06,San Bernardino,071,2135413,344960,343022,11191,354213,5551
2021-10-06,San Diego,073,3302833,362388,359564,20911,380475,4104
2021-10-06,San Francisco,075,870044,51263,50894,2557,53451,641
2021-10-06,San Joaquin,077,732212,96301,95418,5400,100818,1658
2021-10-06,San Luis Obispo,079,281455,28415,28170,1185,29355,323
2021-10-06,San Mateo,081,765935,52306,52056,1425,53481,569
2021-10-06,Santa Barbara,083,443738,43280,42687,1628,44315,513
2021-10-06,Santa Clara,085,1922200,142962,142124,1240,143364,1872
2021-10-06,Santa Cruz,087,273765,19786,19604,1054,20658,217
2021-10-06,Shasta,089,179085,19746,19325,3386,22711,287
2021-10-06,Sierra,091,2930,154,138,17,155,0
2021-10-06,Siskiyou,093,43540,3190,3116,1224,4340,42
2021-10-06,Solano,095,438530,44500,44185,1171,45356,328
2021-10-06,Sonoma,097,501317,40041,39787,514,40301,383
2021-10-06,Stanislaus,099,539301,75433,74699,8722,83421,1114
2021-10-06,Sutter,101,95872,13413,13284,294,13578,164
2021-10-06,Tehama,103,63373,7786,7629,1352,8981,99
2021-10-06,Trinity,105,12862,723,656,189,845,11
2021-10-06,Tulare,107,460477,64098,63198,14248,77446,926
2021-10-06,Tuolumne,109,53932,6607,6486,76,6562,89
2021-10-06,Ventura,111,848112,95909,95449,4308,99757,1158
2021-10-06,Yolo,113,214977,18987,18815,1056,19871,247
2021-10-06,Yuba,115,75493,9637,9520,233,9753,69
2021-10-05,Alameda,001,1643700,116705,115968,2856,118824,1350
2021-10-05,Alpine,003,1148,102,102,0,102,0
2021-10-05,Amador,005,37829,5278,5194,59,5253,61
2021-10-05,Butte,007,227075,19528,19137,3634,22771,246
2021-10-05,Calaveras,009,45235,3718,3657,45,3702,73
2021-10-05,Colusa,011,21464,2434,2414,580,2994,18
2021-10-05,Contra Costa,013,1133247,96624,96108,2102,98210,941
2021-10-05,Del Norte,015,27424,3573,3485,45,3530,39
2021-10-05,El Dorado,017,186661,15269,15052,1634,16686,140
2021-10-05,Fresno,019,978130,131353,129957,11823,141780,1987
2021-10-05,Glenn,021,27897,3293,3270,955,4225,26
2021-10-05,Humboldt,023,135768,8546,8398,467,8865,94
2021-10-05,Imperial,025,180216,32101,31909,3208,35117,759
2021-10-05,Inyo,027,18085,1853,1800,32,1832,39
2021-10-05,Kern,029,883053,120680,119260,20187,139447,1540
2021-10-05,Kings,031,150075,30166,29749,1876,31625,301
2021-10-05,Lake,033,64148,6362,6264,133,6397,97
2021-10-05,Lassen,035,31185,6520,6417,319,6736,25
2021-10-05,Los Angeles,037,10098052,1408176,1400300,54661,1454961,26223
2021-10-05,Madera,039,155013,21540,21183,1787,22970,269
2021-10-05,Marin,041,260295,17118,17024,445,17469,242
2021-10-05,Mariposa,043,17540,1067,1033,26,1059,5
2021-10-05,Mendocino,045,87422,7049,6972,405,7377,79
2021-10-05,Merced,047,269075,39968,39608,1565,41173,562
2021-10-05,Modoc,049,8938,489,475,171,646,5
2021-10-05,Mono,051,14174,1592,1565,17,1582,3
2021-10-05,Monterey,053,433212,47268,47087,3370,50457,573
2021-10-05,Napa,055,140530,12631,12533,97,12630,96
2021-10-05,Nevada,057,99092,8664,8576,314,8890,90
2021-10-05,Orange,059,3164182,300661,298589,14761,313350,5441
2021-10-05,Placer,061,380077,35150,34728,3496,38224,382
2021-10-05,Plumas,063,18699,1449,1357,29,1386,6
2021-10-05,Riverside,065,2383286,351418,349365,16602,365967,4942
2021-10-05,Sacramento,067,1510023,151991,151111,4239,155350,2126
2021-10-05,San Benito,069,59416,7132,7103,159,7262,69
2021-10-05,San Bernardino,071,2135413,344632,342711,11184,353895,5557
2021-10-05,San Diego,073,3302833,361806,359194,20882,380076,4092
2021-10-05,San Francisco,075,870044,51172,50826,2551,53377,641
2021-10-05,San Joaquin,077,732212,96150,95276,5373,100649,1651
2021-10-05,San Luis Obispo,079,281455,28371,28113,1183,29296,324
2021-10-05,San Mateo,081,765935,52263,52008,1424,53432,569
2021-10-05,Santa Barbara,083,443738,43202,42595,1624,44219,511
2021-10-05,Santa Clara,085,1922200,142804,141971,1233,143204,1873
2021-10-05,Santa Cruz,087,273765,19745,19582,1053,20635,216
2021-10-05,Shasta,089,179085,19674,19285,3372,22657,286
2021-10-05,Sierra,091,2930,150,136,17,153,0
2021-10-05,Siskiyou,093,43540,3176,3107,1224,4331,42
2021-10-05,Solano,095,438530,44431,44149,1169,45318,325
2021-10-05,Sonoma,097,501317,39987,39756,509,40265,383
2021-10-05,Stanislaus,099,539301,75271,74599,8705,83304,1114
2021-10-05,Sutter,101,95872,13385,13270,293,13563,164
2021-10-05,Tehama,103,63373,7758,7607,1343,8950,98
2021-10-05,Trinity,105,12862,720,655,189,844,11
2021-10-05,Tulare,107,460477,63895,63093,14194,77287,920
2021-10-05,Tuolumne,109,53932,6592,6473,75,6548,89
2021-10-05,Ventura,111,848112,95804,95351,4307,99658,1155
2021-10-05,Yolo,113,214977,18953,18782,1050,19832,245
2021-10-05,Yuba,115,75493,9605,9504,230,9734,69
2021-10-04,Alameda,001,1643700,116548,115845,2852,118697,1347
2021-10-04,Alpine,003,1148,102,102,0,102,0
2021-10-04,Amador,005,37829,5268,5163,58,5221,61
2021-10-04,Butte,007,227075,19451,19081,3622,22703,245
2021-10-04,Calaveras,009,45235,3708,3641,45,3686,73
2021-10-04,Colusa,011,21464,2433,2414,579,2993,18
2021-10-04,Contra Costa,013,1133247,96483,95958,2097,98055,937
2021-10-04,Del Norte,015,27424,3571,3485,41,3526,39
2021-10-04,El Dorado,017,186661,15221,15031,1627,16658,138
2021-10-04,Fresno,019,978130,131045,129665,11802,141467,1978
2021-10-04,Glenn,021,27897,3287,3270,949,4219,26
2021-10-04,Humboldt,023,135768,8512,8355,459,8814,94
2021-10-04,Imperial,025,180216,32052,31866,3201,35067,757
2021-10-04,Inyo,027,18085,1841,1792,29,1821,39
2021-10-04,Kern,029,883053,120398,118984,20058,139042,1531
2021-10-04,Kings,031,150075,30074,29702,1872,31574,303
2021-10-04,Lake,033,64148,6350,6248,133,6381,97
2021-10-04,Lassen,035,31185,6504,6405,319,6724,25
2021-10-04,Los Angeles,037,10098052,1407068,1399604,54602,1454206,26186
2021-10-04,Madera,039,155013,21476,21126,1777,22903,266
2021-10-04,Marin,041,260295,17102,17008,444,17452,242
2021-10-04,Mariposa,043,17540,1055,1024,26,1050,5
2021-10-04,Mendocino,045,87422,7032,6947,401,7348,79
2021-10-04,Merced,047,269075,39853,39565,1548,41113,558
2021-10-04,Modoc,049,8938,486,473,171,644,5
2021-10-04,Mono,051,14174,1582,1561,17,1578,3
2021-10-04,Monterey,053,433212,47248,47058,3362,50420,571
2021-10-04,Napa,055,140530,12607,12506,97,12603,96
2021-10-04,Nevada,057,99092,8644,8563,314,8877,90
2021-10-04,Orange,059,3164182,300369,298165,14726,312891,5438
2021-10-04,Placer,061,380077,35066,34630,3468,38098,379
2021-10-04,Plumas,063,18699,1427,1329,29,1358,6
2021-10-04,Riverside,065,2383286,351037,348828,16592,365420,4923
2021-10-04,Sacramento,067,1510023,151666,150887,4212,155099,2115
2021-10-04,San Benito,069,59416,7119,7099,159,7258,69
2021-10-04,San Bernardino,071,2135413,344278,342418,11172,353590,5551
2021-10-04,San Diego,073,3302833,361227,358525,20850,379375,4090
2021-10-04,San Francisco,075,870044,51078,50798,2546,53344,638
2021-10-04,San Joaquin,077,732212,95953,95198,5352,100550,1649
2021-10-04,San Luis Obispo,079,281455,28326,28090,1177,29267,323
2021-10-04,San Mateo,081,765935,52211,51958,1416,53374,569
2021-10-04,Santa Barbara,083,443738,43120,42585,1623,44208,511
2021-10-04,Santa Clara,085,1922200,142660,141840,1227,143067,1869
2021-10-04,Santa Cruz,087,273765,19716,19559,1052,20611,216
2021-10-04,Shasta,089,179085,19568,19170,3357,22527,279
2021-10-04,Sierra,091,2930,143,136,16,152,0
2021-10-04,Siskiyou,093,43540,3167,3103,1209,4312,42
2021-10-04,Solano,095,438530,44375,44092,1167,45259,322
2021-10-04,Sonoma,097,501317,39925,39720,508,40228,381
2021-10-04,Stanislaus,099,539301,75118,74444,8686,83130,1106
2021-10-04,Sutter,101,95872,13357,13261,292,13553,164
2021-10-04,Tehama,103,63373,7717,7585,1337,8922,95
2021-10-04,Trinity,105,12862,719,649,188,837,11
2021-10-04,Tulare,107,460477,63709,62957,14125,77082,920
2021-10-04,Tuolumne,109,53932,6566,6442,75,6517,89
2021-10-04,Ventura,111,848112,95717,95170,4301,99471,1153
2021-10-04,Yolo,113,214977,18909,18761,1045,19806,242
2021-10-04,Yuba,115,75493,9566,9481,228,9709,68
2021-10-03,Alameda,001,1643700,116409,115751,2843,118594,1349
2021-10-03,Alpine,003,1148,102,102,0,102,0
2021-10-03,Amador,005,37829,5250,5160,56,5216,61
2021-10-03,Butte,007,227075,19377,19066,3606,22672,245
2021-10-03,Calaveras,009,45235,3691,3632,45,3677,73
2021-10-03,Colusa,011,21464,2432,2413,576,2989,18
2021-10-03,Contra Costa,013,1133247,96353,95890,2090,97980,937
2021-10-03,Del Norte,015,27424,3565,3483,40,3523,39
2021-10-03,El Dorado,017,186661,15163,15014,1620,16634,139
2021-10-03,Fresno,019,978130,130665,129365,11768,141133,1978
2021-10-03,Glenn,021,27897,3275,3266,941,4207,26
2021-10-03,Humboldt,023,135768,8467,8352,455,8807,94
2021-10-03,Imperial,025,180216,31985,31844,3193,35037,757
2021-10-03,Inyo,027,18085,1821,1788,28,1816,39
2021-10-03,Kern,029,883053,120094,118851,19936,138787,1535
2021-10-03,Kings,031,150075,29975,29623,1864,31487,300
2021-10-03,Lake,033,64148,6324,6239,133,6372,97
2021-10-03,Lassen,035,31185,6482,6400,317,6717,25
2021-10-03,Los Angeles,037,10098052,1405798,1398790,54546,1453336,26179
2021-10-03,Madera,039,155013,21404,21066,1768,22834,266
2021-10-03,Marin,041,260295,17079,16995,439,17434,242
2021-10-03,Mariposa,043,17540,1048,1011,26,1037,5
2021-10-03,Mendocino,045,87422,7012,6939,392,7331,79
2021-10-03,Merced,047,269075,39745,39516,1531,41047,558
2021-10-03,Modoc,049,8938,485,472,170,642,5
2021-10-03,Mono,051,14174,1571,1554,17,1571,3
2021-10-03,Monterey,053,433212,47228,47049,3346,50395,571
2021-10-03,Napa,055,140530,12579,12489,95,12584,96
2021-10-03,Nevada,057,99092,8609,8545,314,8859,90
2021-10-03,Orange,059,3164182,300088,298027,14707,312734,5447
2021-10-03,Placer,061,380077,34927,34596,3451,38047,379
2021-10-03,Plumas,063,18699,1399,1328,29,1357,6
2021-10-03,Riverside,065,2383286,350606,348593,16572,365165,4924
2021-10-03,Sacramento,067,1510023,151376,150664,4182,154846,2120
2021-10-03,San Benito,069,59416,7110,7095,159,7254,69
2021-10-03,San Bernardino,071,2135413,343872,342302,11163,353465,5555
2021-10-03,San Diego,073,3302833,360634,358153,20814,378967,4081
2021-10-03,San Francisco,075,870044,50993,50733,2540,53273,638
2021-10-03,San Joaquin,077,732212,95764,95133,5344,100477,1649
2021-10-03,San Luis Obispo,079,281455,28259,28065,1172,29237,325
2021-10-03,San Mateo,081,765935,52154,51923,1406,53329,569
2021-10-03,Santa Barbara,083,443738,43025,42550,1615,44165,511
2021-10-03,Santa Clara,085,1922200,142489,141737,1219,142956,1869
2021-10-03,Santa Cruz,087,273765,19677,19548,1049,20597,216
2021-10-03,Shasta,089,179085,19463,19132,3327,22459,279
2021-10-03,Sierra,091,2930,140,136,16,152,0
2021-10-03,Siskiyou,093,43540,3154,3096,1198,4294,42
2021-10-03,Solano,095,438530,44316,44051,1164,45215,322
2021-10-03,Sonoma,097,501317,39860,39679,508,40187,381
2021-10-03,Stanislaus,099,539301,74930,74366,8668,83034,1106
2021-10-03,Sutter,101,95872,13342,13248,288,13536,164
2021-10-03,Tehama,103,63373,7675,7564,1331,8895,94
2021-10-03,Trinity,105,12862,715,647,186,833,11
2021-10-03,Tulare,107,460477,63518,62860,14049,76909,924
2021-10-03,Tuolumne,109,53932,6537,6430,73,6503,89
2021-10-03,Ventura,111,848112,95607,95108,4298,99406,1153
2021-10-03,Yolo,113,214977,18879,18720,1038,19758,242
2021-10-03,Yuba,115,75493,9548,9462,227,9689,68
2021-10-02,Alameda,001,1643700,116306,115185,2839,118024,1343
2021-10-02,Alpine,003,1148,102,102,0,102,0
2021-10-02,Amador,005,37829,5241,5105,56,5161,61
2021-10-02,Butte,007,227075,19347,18911,3599,22510,243
2021-10-02,Calaveras,009,45235,3684,3585,45,3630,72
2021-10-02,Colusa,011,21464,2431,2403,574,2977,18
2021-10-02,Contra Costa,013,1133247,96282,95369,2086,97455,933
2021-10-02,Del Norte,015,27424,3560,3468,40,3508,39
2021-10-02,El Dorado,017,186661,15137,14887,1619,16506,136
2021-10-02,Fresno,019,978130,130494,128450,11757,140207,1964
2021-10-02,Glenn,021,27897,3275,3234,941,4175,26
2021-10-02,Humboldt,023,135768,8449,8244,454,8698,94
2021-10-02,Imperial,025,180216,31951,31674,3189,34863,757
2021-10-02,Inyo,027,18085,1812,1746,28,1774,39
2021-10-02,Kern,029,883053,119961,117962,19853,137815,1524
2021-10-02,Kings,031,150075,29925,29339,1861,31200,301
2021-10-02,Lake,033,64148,6315,6191,133,6324,97
2021-10-02,Lassen,035,31185,6477,6360,317,6677,25
2021-10-02,Los Angeles,037,10098052,1405194,1395070,54509,1449579,26126
2021-10-02,Madera,039,155013,21379,20931,1759,22690,266
2021-10-02,Marin,041,260295,17074,16936,436,17372,242
2021-10-02,Mariposa,043,17540,1046,967,26,993,5
2021-10-02,Mendocino,045,87422,7002,6869,392,7261,78
2021-10-02,Merced,047,269075,39718,39196,1528,40724,552
2021-10-02,Modoc,049,8938,483,468,170,638,5
2021-10-02,Mono,051,14174,1569,1540,17,1557,3
2021-10-02,Monterey,053,433212,47183,46964,3337,50301,571
2021-10-02,Napa,055,140530,12569,12433,95,12528,96
2021-10-02,Nevada,057,99092,8598,8474,313,8787,87
2021-10-02,Orange,059,3164182,299923,297307,14686,311993,5435
2021-10-02,Placer,061,380077,34861,34377,3442,37819,381
2021-10-02,Plumas,063,18699,1388,1298,29,1327,6
2021-10-02,Riverside,065,2383286,350365,347227,16561,363788,4895
2021-10-02,Sacramento,067,1510023,151204,149897,4173,154070,2099
2021-10-02,San Benito,069,59416,7103,7055,159,7214,69
2021-10-02,San Bernardino,071,2135413,343688,341212,11113,352325,5540
2021-10-02,San Diego,073,3302833,360314,356454,20790,377244,4078
2021-10-02,San Francisco,075,870044,50947,50393,2532,52925,634
2021-10-02,San Joaquin,077,732212,95700,94599,5338,99937,1646
2021-10-02,San Luis Obispo,079,281455,28236,27915,1172,29087,323
2021-10-02,San Mateo,081,765935,52115,51767,1400,53167,573
2021-10-02,Santa Barbara,083,443738,42985,42423,1615,44038,508
2021-10-02,Santa Clara,085,1922200,142376,141231,1215,142446,1862
2021-10-02,Santa Cruz,087,273765,19660,19461,1048,20509,214
2021-10-02,Shasta,089,179085,19417,18912,3321,22233,270
2021-10-02,Sierra,091,2930,139,131,16,147,0
2021-10-02,Siskiyou,093,43540,3153,3053,1195,4248,42
2021-10-02,Solano,095,438530,44271,43800,1163,44963,321
2021-10-02,Sonoma,097,501317,39826,39497,507,40004,382
2021-10-02,Stanislaus,099,539301,74844,73859,8654,82513,1099
2021-10-02,Sutter,101,95872,13333,13160,287,13447,160
2021-10-02,Tehama,103,63373,7660,7453,1331,8784,93
2021-10-02,Trinity,105,12862,712,625,186,811,10
2021-10-02,Tulare,107,460477,63444,62247,14022,76269,908
2021-10-02,Tuolumne,109,53932,6523,6369,73,6442,89
2021-10-02,Ventura,111,848112,95545,94854,4294,99148,1148
2021-10-02,Yolo,113,214977,18854,18640,1034,19674,242
2021-10-02,Yuba,115,75493,9529,9370,226,9596,66
2021-10-01,Alameda,001,1643700,116234,115185,2833,118018,1343
2021-10-01,Alpine,003,1148,102,102,0,102,0
2021-10-01,Amador,005,37829,5221,5105,56,5161,61
2021-10-01,Butte,007,227075,19306,18911,3593,22504,243
2021-10-01,Calaveras,009,45235,3674,3585,45,3630,72
2021-10-01,Colusa,011,21464,2429,2403,574,2977,18
2021-10-01,Contra Costa,013,1133247,96185,95369,2082,97451,933
2021-10-01,Del Norte,015,27424,3557,3468,39,3507,39
2021-10-01,El Dorado,017,186661,15119,14887,1615,16502,136
2021-10-01,Fresno,019,978130,130307,128450,11746,140196,1964
2021-10-01,Glenn,021,27897,3275,3234,939,4173,26
2021-10-01,Humboldt,023,135768,8433,8244,453,8697,94
2021-10-01,Imperial,025,180216,31932,31674,3180,34854,757
2021-10-01,Inyo,027,18085,1803,1746,28,1774,39
2021-10-01,Kern,029,883053,119811,117962,19792,137754,1524
2021-10-01,Kings,031,150075,29891,29339,1855,31194,301
2021-10-01,Lake,033,64148,6305,6191,133,6324,97
2021-10-01,Lassen,035,31185,6466,6360,315,6675,25
2021-10-01,Los Angeles,037,10098052,1404435,1395070,54463,1449533,26126
2021-10-01,Madera,039,155013,21330,20931,1749,22680,266
2021-10-01,Marin,041,260295,17059,16936,435,17371,242
2021-10-01,Mariposa,043,17540,1039,967,26,993,5
2021-10-01,Mendocino,045,87422,6990,6869,392,7261,78
2021-10-01,Merced,047,269075,39674,39196,1518,40714,552
2021-10-01,Modoc,049,8938,482,468,170,638,5
2021-10-01,Mono,051,14174,1567,1540,17,1557,3
2021-10-01,Monterey,053,433212,47164,46964,3332,50296,571
2021-10-01,Napa,055,140530,12559,12433,94,12527,96
2021-10-01,Nevada,057,99092,8584,8474,312,8786,87
2021-10-01,Orange,059,3164182,299739,297307,14669,311976,5435
2021-10-01,Placer,061,380077,34827,34377,3438,37815,381
2021-10-01,Plumas,063,18699,1379,1298,29,1327,6
2021-10-01,Riverside,065,2383286,350072,347227,16554,363781,4895
2021-10-01,Sacramento,067,1510023,151051,149897,4162,154059,2099
2021-10-01,San Benito,069,59416,7101,7055,157,7212,69
2021-10-01,San Bernardino,071,2135413,343490,341212,11110,352322,5540
2021-10-01,San Diego,073,3302833,359946,356454,20768,377222,4078
2021-10-01,San Francisco,075,870044,50904,50393,2530,52923,634
2021-10-01,San Joaquin,077,732212,95630,94599,5334,99933,1646
2021-10-01,San Luis Obispo,079,281455,28213,27915,1169,29084,323
2021-10-01,San Mateo,081,765935,52081,51767,1391,53158,573
2021-10-01,Santa Barbara,083,443738,42950,42423,1615,44038,508
2021-10-01,Santa Clara,085,1922200,142284,141231,1209,142440,1862
2021-10-01,Santa Cruz,087,273765,19640,19461,1047,20508,214
2021-10-01,Shasta,089,179085,19363,18912,3313,22225,270
2021-10-01,Sierra,091,2930,139,131,16,147,0
2021-10-01,Siskiyou,093,43540,3152,3053,1192,4245,42
2021-10-01,Solano,095,438530,44219,43800,1157,44957,321
2021-10-01,Sonoma,097,501317,39794,39497,506,40003,382
2021-10-01,Stanislaus,099,539301,74762,73859,8642,82501,1099
2021-10-01,Sutter,101,95872,13317,13160,285,13445,160
2021-10-01,Tehama,103,63373,7648,7453,1329,8782,93
2021-10-01,Trinity,105,12862,710,625,186,811,10
2021-10-01,Tulare,107,460477,63341,62247,13987,76234,908
2021-10-01,Tuolumne,109,53932,6506,6369,73,6442,89
2021-10-01,Ventura,111,848112,95486,94854,4287,99141,1148
2021-10-01,Yolo,113,214977,18830,18640,1031,19671,242
2021-10-01,Yuba,115,75493,9507,9370,226,9596,66
2021-09-30,Alameda,001,1643700,116092,115185,2829,118014,1343
2021-09-30,Alpine,003,1148,102,102,0,102,0
2021-09-30,Amador,005,37829,5209,5105,56,5161,61
2021-09-30,Butte,007,227075,19257,18911,3585,22496,243
2021-09-30,Calaveras,009,45235,3660,3585,45,3630,72
2021-09-30,Colusa,011,21464,2426,2403,573,2976,18
2021-09-30,Contra Costa,013,1133247,96080,95369,2077,97446,933
2021-09-30,Del Norte,015,27424,3553,3468,36,3504,39
2021-09-30,El Dorado,017,186661,15094,14887,1607,16494,136
2021-09-30,Fresno,019,978130,130031,128450,11716,140166,1964
2021-09-30,Glenn,021,27897,3264,3234,939,4173,26
2021-09-30,Humboldt,023,135768,8401,8244,447,8691,94
2021-09-30,Imperial,025,180216,31881,31674,3178,34852,757
2021-09-30,Inyo,027,18085,1793,1746,28,1774,39
2021-09-30,Kern,029,883053,119569,117962,19709,137671,1524
2021-09-30,Kings,031,150075,29803,29339,1851,31190,301
2021-09-30,Lake,033,64148,6287,6191,133,6324,97
2021-09-30,Lassen,035,31185,6452,6360,315,6675,25
2021-09-30,Los Angeles,037,10098052,1403232,1395070,54401,1449471,26126
2021-09-30,Madera,039,155013,21247,20931,1734,22665,266
2021-09-30,Marin,041,260295,17039,16936,434,17370,242
2021-09-30,Mariposa,043,17540,1017,967,26,993,5
2021-09-30,Mendocino,045,87422,6981,6869,383,7252,78
2021-09-30,Merced,047,269075,39577,39196,1515,40711,552
2021-09-30,Modoc,049,8938,482,468,169,637,5
2021-09-30,Mono,051,14174,1558,1540,17,1557,3
2021-09-30,Monterey,053,433212,47145,46964,3309,50273,571
2021-09-30,Napa,055,140530,12539,12433,94,12527,96
2021-09-30,Nevada,057,99092,8567,8474,311,8785,87
2021-09-30,Orange,059,3164182,299469,297307,14631,311938,5435
2021-09-30,Placer,061,380077,34775,34377,3417,37794,381
2021-09-30,Plumas,063,18699,1361,1298,29,1327,6
2021-09-30,Riverside,065,2383286,349642,347227,16532,363759,4895
2021-09-30,Sacramento,067,1510023,150793,149897,4136,154033,2099
2021-09-30,San Benito,069,59416,7095,7055,157,7212,69
2021-09-30,San Bernardino,071,2135413,343179,341212,11096,352308,5540
2021-09-30,San Diego,073,3302833,359454,356454,20740,377194,4078
2021-09-30,San Francisco,075,870044,50829,50393,2525,52918,634
2021-09-30,San Joaquin,077,732212,95501,94599,5326,99925,1646
2021-09-30,San Luis Obispo,079,281455,28166,27915,1165,29080,323
2021-09-30,San Mateo,081,765935,52037,51767,1386,53153,573
2021-09-30,Santa Barbara,083,443738,42895,42423,1614,44037,508
2021-09-30,Santa Clara,085,1922200,142135,141231,1205,142436,1862
2021-09-30,Santa Cruz,087,273765,19601,19461,1045,20506,214
2021-09-30,Shasta,089,179085,19301,18912,3298,22210,270
2021-09-30,Sierra,091,2930,138,131,16,147,0
2021-09-30,Siskiyou,093,43540,3144,3053,1187,4240,42
2021-09-30,Solano,095,438530,44168,43800,1154,44954,321
2021-09-30,Sonoma,097,501317,39745,39497,506,40003,382
2021-09-30,Stanislaus,099,539301,74603,73859,8621,82480,1099
2021-09-30,Sutter,101,95872,13296,13160,285,13445,160
2021-09-30,Tehama,103,63373,7611,7453,1318,8771,93
2021-09-30,Trinity,105,12862,706,625,186,811,10
2021-09-30,Tulare,107,460477,63172,62247,13925,76172,908
2021-09-30,Tuolumne,109,53932,6483,6369,73,6442,89
2021-09-30,Ventura,111,848112,95391,94854,4281,99135,1148
2021-09-30,Yolo,113,214977,18792,18640,1027,19667,242
2021-09-30,Yuba,115,75493,9484,9370,225,9595,66
2021-09-29,Alameda,001,1643700,115948,114998,2825,117823,1339
2021-09-29,Alpine,003,1148,102,101,0,101,0
2021-09-29,Amador,005,37829,5187,5058,56,5114,61
2021-09-29,Butte,007,227075,19203,18835,3578,22413,242
2021-09-29,Calaveras,009,45235,3643,3553,44,3597,72
2021-09-29,Colusa,011,21464,2424,2401,573,2974,18
2021-09-29,Contra Costa,013,1133247,95966,95213,2070,97283,929
2021-09-29,Del Norte,015,27424,3547,3467,36,3503,39
2021-09-29,El Dorado,017,186661,15063,14834,1600,16434,136
2021-09-29,Fresno,019,978130,129732,128068,11697,139765,1957
2021-09-29,Glenn,021,27897,3257,3213,937,4150,26
2021-09-29,Humboldt,023,135768,8378,8203,446,8649,94
2021-09-29,Imperial,025,180216,31814,31600,3173,34773,757
2021-09-29,Inyo,027,18085,1783,1740,27,1767,39
2021-09-29,Kern,029,883053,119335,117605,19631,137236,1513
2021-09-29,Kings,031,150075,29719,29195,1836,31031,299
2021-09-29,Lake,033,64148,6267,6164,133,6297,97
2021-09-29,Lassen,035,31185,6438,6347,315,6662,25
2021-09-29,Los Angeles,037,10098052,1402029,1393617,54329,1447946,26098
2021-09-29,Madera,039,155013,21202,20818,1719,22537,266
2021-09-29,Marin,041,260295,17021,16921,432,17353,242
2021-09-29,Mariposa,043,17540,1003,963,26,989,5
2021-09-29,Mendocino,045,87422,6969,6821,375,7196,78
2021-09-29,Merced,047,269075,39484,39026,1503,40529,552
2021-09-29,Modoc,049,8938,480,468,169,637,5
2021-09-29,Mono,051,14174,1557,1527,17,1544,3
2021-09-29,Monterey,053,433212,47116,46917,3289,50206,571
2021-09-29,Napa,055,140530,12519,12416,90,12506,96
2021-09-29,Nevada,057,99092,8554,8434,311,8745,87
2021-09-29,Orange,059,3164182,299202,296936,14596,311532,5429
2021-09-29,Placer,061,380077,34711,34271,3394,37665,379
2021-09-29,Plumas,063,18699,1342,1289,29,1318,6
2021-09-29,Riverside,065,2383286,349206,346558,16521,363079,4886
2021-09-29,Sacramento,067,1510023,150543,149686,4126,153812,2099
2021-09-29,San Benito,069,59416,7084,7039,157,7196,69
2021-09-29,San Bernardino,071,2135413,342859,340672,11083,351755,5539
2021-09-29,San Diego,073,3302833,358952,355899,20708,376607,4066
2021-09-29,San Francisco,075,870044,50744,50286,2522,52808,629
2021-09-29,San Joaquin,077,732212,95343,94356,5303,99659,1645
2021-09-29,San Luis Obispo,079,281455,28120,27800,1159,28959,323
2021-09-29,San Mateo,081,765935,51983,51673,1379,53052,573
2021-09-29,Santa Barbara,083,443738,42823,42328,1611,43939,507
2021-09-29,Santa Clara,085,1922200,142002,141036,1199,142235,1861
2021-09-29,Santa Cruz,087,273765,19584,19425,1043,20468,214
2021-09-29,Shasta,089,179085,19235,18805,3286,22091,271
2021-09-29,Sierra,091,2930,134,130,16,146,0
2021-09-29,Siskiyou,093,43540,3131,3043,1180,4223,42
2021-09-29,Solano,095,438530,44112,43724,1147,44871,321
2021-09-29,Sonoma,097,501317,39685,39426,504,39930,370
2021-09-29,Stanislaus,099,539301,74474,73634,8608,82242,1096
2021-09-29,Sutter,101,95872,13269,13135,282,13417,155
2021-09-29,Tehama,103,63373,7581,7409,1303,8712,88
2021-09-29,Trinity,105,12862,702,616,186,802,10
2021-09-29,Tulare,107,460477,63003,62046,13865,75911,908
2021-09-29,Tuolumne,109,53932,6466,6336,73,6409,89
2021-09-29,Ventura,111,848112,95303,94753,4277,99030,1144
2021-09-29,Yolo,113,214977,18759,18587,1022,19609,239
2021-09-29,Yuba,115,75493,9453,9351,221,9572,66
2021-09-28,Alameda,001,1643700,115790,114869,2818,117687,1333
2021-09-28,Alpine,003,1148,102,101,0,101,0
2021-09-28,Amador,005,37829,5165,5049,56,5105,61
2021-09-28,Butte,007,227075,19151,18764,3565,22329,241
2021-09-28,Calaveras,009,45235,3623,3530,44,3574,72
2021-09-28,Colusa,011,21464,2421,2399,571,2970,18
2021-09-28,Contra Costa,013,1133247,95824,95115,2065,97180,929
2021-09-28,Del Norte,015,27424,3544,3462,36,3498,39
2021-09-28,El Dorado,017,186661,15016,14793,1596,16389,133
2021-09-28,Fresno,019,978130,129387,127877,11669,139546,1948
2021-09-28,Glenn,021,27897,3251,3205,936,4141,26
2021-09-28,Humboldt,023,135768,8336,8159,443,8602,91
2021-09-28,Imperial,025,180216,31770,31543,3169,34712,757
2021-09-28,Inyo,027,18085,1769,1708,26,1734,39
2021-09-28,Kern,029,883053,119068,117420,19534,136954,1506
2021-09-28,Kings,031,150075,29621,29141,1826,30967,295
2021-09-28,Lake,033,64148,6252,6155,133,6288,95
2021-09-28,Lassen,035,31185,6432,6340,311,6651,25
2021-09-28,Los Angeles,037,10098052,1400741,1392445,54258,1446703,26068
2021-09-28,Madera,039,155013,21149,20764,1705,22469,266
2021-09-28,Marin,041,260295,17002,16887,430,17317,242
2021-09-28,Mariposa,043,17540,998,952,26,978,5
2021-09-28,Mendocino,045,87422,6947,6804,373,7177,78
2021-09-28,Merced,047,269075,39398,38953,1489,40442,551
2021-09-28,Modoc,049,8938,479,467,169,636,5
2021-09-28,Mono,051,14174,1547,1527,17,1544,3
2021-09-28,Monterey,053,433212,47084,46859,3274,50133,571
2021-09-28,Napa,055,140530,12502,12388,89,12477,96
2021-09-28,Nevada,057,99092,8531,8409,310,8719,84
2021-09-28,Orange,059,3164182,298953,296596,14569,311165,5421
2021-09-28,Placer,061,380077,34646,34187,3376,37563,370
2021-09-28,Plumas,063,18699,1332,1276,29,1305,6
2021-09-28,Riverside,065,2383286,348745,346096,16499,362595,4874
2021-09-28,Sacramento,067,1510023,150267,149310,4094,153404,2086
2021-09-28,San Benito,069,59416,7067,7028,156,7184,69
2021-09-28,San Bernardino,071,2135413,342509,340342,11064,351406,5540
2021-09-28,San Diego,073,3302833,358390,355373,20677,376050,4054
2021-09-28,San Francisco,075,870044,50647,50234,2516,52750,627
2021-09-28,San Joaquin,077,732212,95189,94194,5290,99484,1639
2021-09-28,San Luis Obispo,079,281455,28085,27755,1154,28909,321
2021-09-28,San Mateo,081,765935,51943,51620,1374,52994,571
2021-09-28,Santa Barbara,083,443738,42751,42226,1607,43833,506
2021-09-28,Santa Clara,085,1922200,141839,140886,1188,142074,1858
2021-09-28,Santa Cruz,087,273765,19543,19324,1042,20366,214
2021-09-28,Shasta,089,179085,19173,18701,3271,21972,267
2021-09-28,Sierra,091,2930,133,130,15,145,0
2021-09-28,Siskiyou,093,43540,3119,3032,1176,4208,42
2021-09-28,Solano,095,438530,44039,43652,1144,44796,316
2021-09-28,Sonoma,097,501317,39641,39395,503,39898,370
2021-09-28,Stanislaus,099,539301,74305,73528,8594,82122,1094
2021-09-28,Sutter,101,95872,13250,13102,278,13380,155
2021-09-28,Tehama,103,63373,7563,7382,1288,8670,88
2021-09-28,Trinity,105,12862,699,613,186,799,10
2021-09-28,Tulare,107,460477,62844,61916,13805,75721,905
2021-09-28,Tuolumne,109,53932,6440,6308,73,6381,89
2021-09-28,Ventura,111,848112,95184,94632,4274,98906,1143
2021-09-28,Yolo,113,214977,18733,18564,1019,19583,239
2021-09-28,Yuba,115,75493,9434,9323,220,9543,66
2021-09-27,Alameda,001,1643700,115604,114731,2809,117540,1327
2021-09-27,Alpine,003,1148,102,101,0,101,0
2021-09-27,Amador,005,37829,5151,5017,56,5073,59
2021-09-27,Butte,007,227075,19094,18687,3549,22236,239
2021-09-27,Calaveras,009,45235,3603,3514,43,3557,70
2021-09-27,Colusa,011,21464,2420,2393,570,2963,18
2021-09-27,Contra Costa,013,1133247,95693,94979,2056,97035,924
2021-09-27,Del Norte,015,27424,3542,3468,34,3502,37
2021-09-27,El Dorado,017,186661,14977,14764,1589,16353,132
2021-09-27,Fresno,019,978130,129068,127475,11637,139112,1942
2021-09-27,Glenn,021,27897,3237,3189,932,4121,26
2021-09-27,Humboldt,023,135768,8296,8118,443,8561,91
2021-09-27,Imperial,025,180216,31707,31491,3162,34653,756
2021-09-27,Inyo,027,18085,1757,1698,26,1724,39
2021-09-27,Kern,029,883053,118793,117064,19435,136499,1503
2021-09-27,Kings,031,150075,29523,28998,1813,30811,297
2021-09-27,Lake,033,64148,6232,6126,133,6259,95
2021-09-27,Lassen,035,31185,6417,6327,307,6634,25
2021-09-27,Los Angeles,037,10098052,1399411,1391538,54187,1445725,26040
2021-09-27,Madera,039,155013,21084,20691,1697,22388,262
2021-09-27,Marin,041,260295,16980,16861,429,17290,242
2021-09-27,Mariposa,043,17540,988,931,26,957,5
2021-09-27,Mendocino,045,87422,6921,6761,366,7127,74
2021-09-27,Merced,047,269075,39300,38840,1483,40323,548
2021-09-27,Modoc,049,8938,478,465,167,632,5
2021-09-27,Mono,051,14174,1532,1525,17,1542,3
2021-09-27,Monterey,053,433212,47045,46811,3261,50072,571
2021-09-27,Napa,055,140530,12478,12354,88,12442,95
2021-09-27,Nevada,057,99092,8508,8379,307,8686,84
2021-09-27,Orange,059,3164182,298648,296334,14538,310872,5409
2021-09-27,Placer,061,380077,34559,34087,3371,37458,370
2021-09-27,Plumas,063,18699,1323,1269,29,1298,6
2021-09-27,Riverside,065,2383286,348304,345529,16489,362018,4864
2021-09-27,Sacramento,067,1510023,149951,149096,4071,153167,2076
2021-09-27,San Benito,069,59416,7050,7017,156,7173,67
2021-09-27,San Bernardino,071,2135413,342098,339952,11040,350992,5544
2021-09-27,San Diego,073,3302833,357732,354755,20652,375407,4054
2021-09-27,San Francisco,075,870044,50563,50157,2513,52670,622
2021-09-27,San Joaquin,077,732212,95006,94085,5287,99372,1633
2021-09-27,San Luis Obispo,079,281455,28030,27674,1151,28825,320
2021-09-27,San Mateo,081,765935,51877,51552,1365,52917,571
2021-09-27,Santa Barbara,083,443738,42685,42012,1603,43615,505
2021-09-27,Santa Clara,085,1922200,141658,140802,1177,141979,1853
2021-09-27,Santa Cruz,087,273765,19520,19292,1041,20333,214
2021-09-27,Shasta,089,179085,19092,18599,3243,21842,267
2021-09-27,Sierra,091,2930,133,128,15,143,0
2021-09-27,Siskiyou,093,43540,3107,3015,1171,4186,42
2021-09-27,Solano,095,438530,43968,43582,1139,44721,314
2021-09-27,Sonoma,097,501317,39589,39347,503,39850,370
2021-09-27,Stanislaus,099,539301,74150,73370,8575,81945,1091
2021-09-27,Sutter,101,95872,13220,13082,274,13356,155
2021-09-27,Tehama,103,63373,7522,7345,1278,8623,88
2021-09-27,Trinity,105,12862,688,605,185,790,9
2021-09-27,Tulare,107,460477,62646,61708,13733,75441,904
2021-09-27,Tuolumne,109,53932,6422,6264,73,6337,89
2021-09-27,Ventura,111,848112,95061,94477,4270,98747,1138
2021-09-27,Yolo,113,214977,18701,18524,1018,19542,239
2021-09-27,Yuba,115,75493,9397,9292,216,9508,64
2021-09-26,Alameda,001,1643700,115407,114601,2802,117403,1326
2021-09-26,Alpine,003,1148,101,101,0,101,0
2021-09-26,Amador,005,37829,5119,5001,55,5056,59
2021-09-26,Butte,007,227075,19018,18634,3532,22166,238
2021-09-26,Calaveras,009,45235,3581,3505,43,3548,70
2021-09-26,Colusa,011,21464,2414,2392,567,2959,18
2021-09-26,Contra Costa,013,1133247,95520,94877,2043,96920,924
2021-09-26,Del Norte,015,27424,3536,3466,33,3499,37
2021-09-26,El Dorado,017,186661,14936,14738,1581,16319,132
2021-09-26,Fresno,019,978130,128714,127235,11598,138833,1939
2021-09-26,Glenn,021,27897,3225,3182,932,4114,26
2021-09-26,Humboldt,023,135768,8261,8098,442,8540,91
2021-09-26,Imperial,025,180216,31646,31462,3161,34623,756
2021-09-26,Inyo,027,18085,1742,1685,26,1711,39
2021-09-26,Kern,029,883053,118458,116927,19322,136249,1502
2021-09-26,Kings,031,150075,29422,28930,1801,30731,293
2021-09-26,Lake,033,64148,6215,6113,133,6246,95
2021-09-26,Lassen,035,31185,6407,6319,302,6621,25
2021-09-26,Los Angeles,037,10098052,1397926,1390577,54114,1444691,26035
2021-09-26,Madera,039,155013,21010,20629,1678,22307,262
2021-09-26,Marin,041,260295,16957,16860,429,17289,242
2021-09-26,Mariposa,043,17540,982,929,26,955,5
2021-09-26,Mendocino,045,87422,6888,6744,351,7095,74
2021-09-26,Merced,047,269075,39139,38717,1478,40195,548
2021-09-26,Modoc,049,8938,478,465,166,631,5
2021-09-26,Mono,051,14174,1530,1516,17,1533,3
2021-09-26,Monterey,053,433212,47000,46792,3246,50038,571
2021-09-26,Napa,055,140530,12454,12340,87,12427,95
2021-09-26,Nevada,057,99092,8478,8356,301,8657,84
2021-09-26,Orange,059,3164182,298316,296085,14505,310590,5409
2021-09-26,Placer,061,380077,34465,34043,3361,37404,370
2021-09-26,Plumas,063,18699,1304,1268,29,1297,6
2021-09-26,Riverside,065,2383286,347772,345257,16475,361732,4864
2021-09-26,Sacramento,067,1510023,149549,148745,4051,152796,2071
2021-09-26,San Benito,069,59416,7033,7012,155,7167,67
2021-09-26,San Bernardino,071,2135413,341646,339771,11024,350795,5545
2021-09-26,San Diego,073,3302833,357093,354414,20609,375023,4051
2021-09-26,San Francisco,075,870044,50439,50092,2502,52594,622
2021-09-26,San Joaquin,077,732212,94801,93935,5272,99207,1633
2021-09-26,San Luis Obispo,079,281455,27957,27624,1146,28770,319
2021-09-26,San Mateo,081,765935,51823,51496,1351,52847,571
2021-09-26,Santa Barbara,083,443738,42599,41946,1600,43546,505
2021-09-26,Santa Clara,085,1922200,141457,140667,1173,141840,1852
2021-09-26,Santa Cruz,087,273765,19495,19279,1041,20320,214
2021-09-26,Shasta,089,179085,18983,18566,3219,21785,266
2021-09-26,Sierra,091,2930,133,128,15,143,0
2021-09-26,Siskiyou,093,43540,3093,2998,1161,4159,42
2021-09-26,Solano,095,438530,43903,43537,1138,44675,314
2021-09-26,Sonoma,097,501317,39531,39302,503,39805,370
2021-09-26,Stanislaus,099,539301,73948,73243,8548,81791,1091
2021-09-26,Sutter,101,95872,13183,13045,273,13318,155
2021-09-26,Tehama,103,63373,7464,7323,1268,8591,88
2021-09-26,Trinity,105,12862,685,591,185,776,9
2021-09-26,Tulare,107,460477,62425,61560,13653,75213,904
2021-09-26,Tuolumne,109,53932,6394,6236,71,6307,89
2021-09-26,Ventura,111,848112,94949,94391,4264,98655,1138
2021-09-26,Yolo,113,214977,18666,18496,1010,19506,239
2021-09-26,Yuba,115,75493,9370,9275,216,9491,64
2021-09-25,Alameda,001,1643700,115332,114014,2798,116812,1324
2021-09-25,Alpine,003,1148,101,101,0,101,0
2021-09-25,Amador,005,37829,5106,4934,54,4988,59
2021-09-25,Butte,007,227075,18989,18396,3523,21919,236
2021-09-25,Calaveras,009,45235,3578,3461,43,3504,70
2021-09-25,Colusa,011,21464,2412,2387,565,2952,16
2021-09-25,Contra Costa,013,1133247,95449,94337,2039,96376,924
2021-09-25,Del Norte,015,27424,3535,3404,33,3437,35
2021-09-25,El Dorado,017,186661,14913,14641,1577,16218,130
2021-09-25,Fresno,019,978130,128570,126299,11585,137884,1927
2021-09-25,Glenn,021,27897,3223,3144,931,4075,25
2021-09-25,Humboldt,023,135768,8242,8014,440,8454,88
2021-09-25,Imperial,025,180216,31619,31280,3161,34441,755
2021-09-25,Inyo,027,18085,1734,1657,26,1683,39
2021-09-25,Kern,029,883053,118305,116021,19252,135273,1485
2021-09-25,Kings,031,150075,29371,28636,1798,30434,293
2021-09-25,Lake,033,64148,6210,6046,131,6177,92
2021-09-25,Lassen,035,31185,6395,6248,301,6549,25
2021-09-25,Los Angeles,037,10098052,1397215,1386417,54071,1440488,25964
2021-09-25,Madera,039,155013,20985,20432,1672,22104,262
2021-09-25,Marin,041,260295,16948,16802,427,17229,242
2021-09-25,Mariposa,043,17540,977,906,26,932,5
2021-09-25,Mendocino,045,87422,6869,6657,350,7007,74
2021-09-25,Merced,047,269075,39093,38393,1476,39869,546
2021-09-25,Modoc,049,8938,478,460,166,626,5
2021-09-25,Mono,051,14174,1529,1501,17,1518,3
2021-09-25,Monterey,053,433212,46975,46653,3239,49892,567
2021-09-25,Napa,055,140530,12434,12266,87,12353,95
2021-09-25,Nevada,057,99092,8461,8285,301,8586,84
2021-09-25,Orange,059,3164182,298143,294514,14487,309001,5374
2021-09-25,Placer,061,380077,34401,33764,3358,37122,367
2021-09-25,Plumas,063,18699,1300,1238,29,1267,6
2021-09-25,Riverside,065,2383286,347449,343463,16467,359930,4843
2021-09-25,Sacramento,067,1510023,149373,147728,4041,151769,2049
2021-09-25,San Benito,069,59416,7028,6965,155,7120,67
2021-09-25,San Bernardino,071,2135413,341412,338413,11010,349423,5540
2021-09-25,San Diego,073,3302833,356743,352017,20583,372600,4039
2021-09-25,San Francisco,075,870044,50395,49840,2501,52341,615
2021-09-25,San Joaquin,077,732212,94715,93273,5270,98543,1628
2021-09-25,San Luis Obispo,079,281455,27919,27447,1142,28589,318
2021-09-25,San Mateo,081,765935,51770,51266,1340,52606,568
2021-09-25,Santa Barbara,083,443738,42541,41728,1600,43328,505
2021-09-25,Santa Clara,085,1922200,141351,140023,1170,141193,1844
2021-09-25,Santa Cruz,087,273765,19479,19200,1039,20239,214
2021-09-25,Shasta,089,179085,18932,18256,3210,21466,262
2021-09-25,Sierra,091,2930,132,127,15,142,0
2021-09-25,Siskiyou,093,43540,3087,2956,1150,4106,41
2021-09-25,Solano,095,438530,43862,43331,1135,44466,312
2021-09-25,Sonoma,097,501317,39493,39112,503,39615,369
2021-09-25,Stanislaus,099,539301,73839,72628,8533,81161,1091
2021-09-25,Sutter,101,95872,13165,12976,270,13246,154
2021-09-25,Tehama,103,63373,7449,7200,1266,8466,86
2021-09-25,Trinity,105,12862,685,576,185,761,9
2021-09-25,Tulare,107,460477,62342,60909,13606,74515,898
2021-09-25,Tuolumne,109,53932,6383,6168,71,6239,89
2021-09-25,Ventura,111,848112,94883,94059,4260,98319,1129
2021-09-25,Yolo,113,214977,18644,18393,1009,19402,239
2021-09-25,Yuba,115,75493,9350,9191,216,9407,61
2021-09-24,Alameda,001,1643700,115229,114014,2793,116807,1324
2021-09-24,Alpine,003,1148,101,101,0,101,0
2021-09-24,Amador,005,37829,5076,4934,54,4988,59
2021-09-24,Butte,007,227075,18938,18396,3514,21910,236
2021-09-24,Calaveras,009,45235,3571,3461,42,3503,70
2021-09-24,Colusa,011,21464,2409,2387,564,2951,16
2021-09-24,Contra Costa,013,1133247,95341,94337,2035,96372,924
2021-09-24,Del Norte,015,27424,3532,3404,33,3437,35
2021-09-24,El Dorado,017,186661,14895,14641,1573,16214,130
2021-09-24,Fresno,019,978130,128371,126299,11573,137872,1927
2021-09-24,Glenn,021,27897,3218,3144,931,4075,25
2021-09-24,Humboldt,023,135768,8223,8014,437,8451,88
2021-09-24,Imperial,025,180216,31580,31280,3159,34439,755
2021-09-24,Inyo,027,18085,1725,1657,26,1683,39
2021-09-24,Kern,029,883053,118168,116021,19186,135207,1485
2021-09-24,Kings,031,150075,29330,28636,1793,30429,293
2021-09-24,Lake,033,64148,6202,6046,131,6177,92
2021-09-24,Lassen,035,31185,6387,6248,300,6548,25
2021-09-24,Los Angeles,037,10098052,1396337,1386417,54028,1440445,25964
2021-09-24,Madera,039,155013,20954,20432,1663,22095,262
2021-09-24,Marin,041,260295,16934,16802,426,17228,242
2021-09-24,Mariposa,043,17540,965,906,26,932,5
2021-09-24,Mendocino,045,87422,6856,6657,350,7007,74
2021-09-24,Merced,047,269075,39049,38393,1476,39869,546
2021-09-24,Modoc,049,8938,478,460,165,625,5
2021-09-24,Mono,051,14174,1526,1501,17,1518,3
2021-09-24,Monterey,053,433212,46959,46653,3227,49880,567
2021-09-24,Napa,055,140530,12415,12266,87,12353,95
2021-09-24,Nevada,057,99092,8447,8285,298,8583,84
2021-09-24,Orange,059,3164182,297940,294514,14469,308983,5374
2021-09-24,Placer,061,380077,34346,33764,3345,37109,367
2021-09-24,Plumas,063,18699,1295,1238,29,1267,6
2021-09-24,Riverside,065,2383286,347115,343463,16457,359920,4843
2021-09-24,Sacramento,067,1510023,149190,147728,4037,151765,2049
2021-09-24,San Benito,069,59416,7022,6965,155,7120,67
2021-09-24,San Bernardino,071,2135413,341147,338413,11000,349413,5540
2021-09-24,San Diego,073,3302833,356388,352017,20569,372586,4039
2021-09-24,San Francisco,075,870044,50333,49840,2491,52331,615
2021-09-24,San Joaquin,077,732212,94602,93273,5268,98541,1628
2021-09-24,San Luis Obispo,079,281455,27888,27447,1137,28584,318
2021-09-24,San Mateo,081,765935,51717,51266,1333,52599,568
2021-09-24,Santa Barbara,083,443738,42502,41728,1599,43327,505
2021-09-24,Santa Clara,085,1922200,141239,140023,1169,141192,1844
2021-09-24,Santa Cruz,087,273765,19456,19200,1038,20238,214
2021-09-24,Shasta,089,179085,18877,18256,3196,21452,262
2021-09-24,Sierra,091,2930,131,127,15,142,0
2021-09-24,Siskiyou,093,43540,3078,2956,1144,4100,41
2021-09-24,Solano,095,438530,43825,43331,1133,44464,312
2021-09-24,Sonoma,097,501317,39461,39112,503,39615,369
2021-09-24,Stanislaus,099,539301,73724,72628,8518,81146,1091
2021-09-24,Sutter,101,95872,13146,12976,269,13245,154
2021-09-24,Tehama,103,63373,7437,7200,1261,8461,86
2021-09-24,Trinity,105,12862,682,576,185,761,9
2021-09-24,Tulare,107,460477,62252,60909,13560,74469,898
2021-09-24,Tuolumne,109,53932,6354,6168,71,6239,89
2021-09-24,Ventura,111,848112,94805,94059,4254,98313,1129
2021-09-24,Yolo,113,214977,18612,18393,1006,19399,239
2021-09-24,Yuba,115,75493,9331,9191,216,9407,61
2021-09-23,Alameda,001,1643700,115075,114014,2788,116802,1324
2021-09-23,Alpine,003,1148,101,101,0,101,0
2021-09-23,Amador,005,37829,5063,4934,54,4988,59
2021-09-23,Butte,007,227075,18876,18396,3490,21886,236
2021-09-23,Calaveras,009,45235,3550,3461,42,3503,70
2021-09-23,Colusa,011,21464,2407,2387,562,2949,16
2021-09-23,Contra Costa,013,1133247,95201,94337,2027,96364,924
2021-09-23,Del Norte,015,27424,3523,3404,32,3436,35
2021-09-23,El Dorado,017,186661,14869,14641,1567,16208,130
2021-09-23,Fresno,019,978130,128076,126299,11555,137854,1927
2021-09-23,Glenn,021,27897,3203,3144,928,4072,25
2021-09-23,Humboldt,023,135768,8197,8014,435,8449,88
2021-09-23,Imperial,025,180216,31544,31280,3159,34439,755
2021-09-23,Inyo,027,18085,1711,1657,26,1683,39
2021-09-23,Kern,029,883053,117911,116021,19104,135125,1485
2021-09-23,Kings,031,150075,29227,28636,1784,30420,293
2021-09-23,Lake,033,64148,6192,6046,131,6177,92
2021-09-23,Lassen,035,31185,6378,6248,295,6543,25
2021-09-23,Los Angeles,037,10098052,1395149,1386417,53963,1440380,25964
2021-09-23,Madera,039,155013,20872,20432,1659,22091,262
2021-09-23,Marin,041,260295,16919,16802,425,17227,242
2021-09-23,Mariposa,043,17540,952,906,26,932,5
2021-09-23,Mendocino,045,87422,6835,6657,348,7005,74
2021-09-23,Merced,047,269075,38946,38393,1469,39862,546
2021-09-23,Modoc,049,8938,477,460,165,625,5
2021-09-23,Mono,051,14174,1524,1501,17,1518,3
2021-09-23,Monterey,053,433212,46920,46653,3207,49860,567
2021-09-23,Napa,055,140530,12398,12266,87,12353,95
2021-09-23,Nevada,057,99092,8420,8285,298,8583,84
2021-09-23,Orange,059,3164182,297642,294514,14447,308961,5374
2021-09-23,Placer,061,380077,34270,33764,3338,37102,367
2021-09-23,Plumas,063,18699,1277,1238,28,1266,6
2021-09-23,Riverside,065,2383286,346664,343463,16449,359912,4843
2021-09-23,Sacramento,067,1510023,148860,147728,4015,151743,2049
2021-09-23,San Benito,069,59416,7011,6965,155,7120,67
2021-09-23,San Bernardino,071,2135413,340787,338413,10985,349398,5540
2021-09-23,San Diego,073,3302833,355926,352017,20530,372547,4039
2021-09-23,San Francisco,075,870044,50262,49840,2487,52327,615
2021-09-23,San Joaquin,077,732212,94429,93273,5253,98526,1628
2021-09-23,San Luis Obispo,079,281455,27845,27447,1135,28582,318
2021-09-23,San Mateo,081,765935,51651,51266,1324,52590,568
2021-09-23,Santa Barbara,083,443738,42424,41728,1596,43324,505
2021-09-23,Santa Clara,085,1922200,141090,140023,1161,141184,1844
2021-09-23,Santa Cruz,087,273765,19425,19200,1038,20238,214
2021-09-23,Shasta,089,179085,18799,18256,3178,21434,262
2021-09-23,Sierra,091,2930,131,127,15,142,0
2021-09-23,Siskiyou,093,43540,3074,2956,1133,4089,41
2021-09-23,Solano,095,438530,43758,43331,1130,44461,312
2021-09-23,Sonoma,097,501317,39403,39112,500,39612,369
2021-09-23,Stanislaus,099,539301,73568,72628,8485,81113,1091
2021-09-23,Sutter,101,95872,13117,12976,269,13245,154
2021-09-23,Tehama,103,63373,7396,7200,1256,8456,86
2021-09-23,Trinity,105,12862,668,576,184,760,9
2021-09-23,Tulare,107,460477,62076,60909,13503,74412,898
2021-09-23,Tuolumne,109,53932,6329,6168,70,6238,89
2021-09-23,Ventura,111,848112,94702,94059,4247,98306,1129
2021-09-23,Yolo,113,214977,18583,18393,1001,19394,239
2021-09-23,Yuba,115,75493,9303,9191,214,9405,61
2021-09-22,Alameda,001,1643700,114921,113862,2784,116646,1322
2021-09-22,Alpine,003,1148,101,100,0,100,0
2021-09-22,Amador,005,37829,5047,4915,54,4969,59
2021-09-22,Butte,007,227075,18817,18337,3475,21812,235
2021-09-22,Calaveras,009,45235,3534,3448,42,3490,70
2021-09-22,Colusa,011,21464,2402,2384,561,2945,16
2021-09-22,Contra Costa,013,1133247,95019,94209,2017,96226,924
2021-09-22,Del Norte,015,27424,3512,3386,31,3417,35
2021-09-22,El Dorado,017,186661,14833,14605,1560,16165,127
2021-09-22,Fresno,019,978130,127820,126006,11543,137549,1908
2021-09-22,Glenn,021,27897,3197,3138,927,4065,25
2021-09-22,Humboldt,023,135768,8174,7998,427,8425,80
2021-09-22,Imperial,025,180216,31492,31243,3152,34395,755
2021-09-22,Inyo,027,18085,1701,1651,26,1677,39
2021-09-22,Kern,029,883053,117668,115757,18982,134739,1477
2021-09-22,Kings,031,150075,29143,28589,1778,30367,292
2021-09-22,Lake,033,64148,6179,6035,131,6166,93
2021-09-22,Lassen,035,31185,6358,6209,291,6500,25
2021-09-22,Los Angeles,037,10098052,1393831,1384719,53904,1438623,25930
2021-09-22,Madera,039,155013,20815,20382,1651,22033,262
2021-09-22,Marin,041,260295,16910,16782,422,17204,242
2021-09-22,Mariposa,043,17540,946,901,26,927,5
2021-09-22,Mendocino,045,87422,6808,6624,342,6966,70
2021-09-22,Merced,047,269075,38815,38305,1465,39770,541
2021-09-22,Modoc,049,8938,474,458,165,623,5
2021-09-22,Mono,051,14174,1515,1496,16,1512,3
2021-09-22,Monterey,053,433212,46876,46615,3194,49809,566
2021-09-22,Napa,055,140530,12375,12248,86,12334,95
2021-09-22,Nevada,057,99092,8398,8273,295,8568,84
2021-09-22,Orange,059,3164182,297369,294214,14430,308644,5366
2021-09-22,Placer,061,380077,34183,33661,3325,36986,367
2021-09-22,Plumas,063,18699,1264,1230,28,1258,6
2021-09-22,Riverside,065,2383286,346129,342946,16425,359371,4830
2021-09-22,Sacramento,067,1510023,148546,147533,3982,151515,2043
2021-09-22,San Benito,069,59416,7000,6961,153,7114,67
2021-09-22,San Bernardino,071,2135413,340393,337938,10977,348915,5528
2021-09-22,San Diego,073,3302833,355465,351132,20508,371640,4027
2021-09-22,San Francisco,075,870044,50178,49734,2482,52216,610
2021-09-22,San Joaquin,077,732212,94199,93010,5226,98236,1626
2021-09-22,San Luis Obispo,079,281455,27797,27398,1132,28530,315
2021-09-22,San Mateo,081,765935,51584,51197,1314,52511,568
2021-09-22,Santa Barbara,083,443738,42361,41678,1595,43273,504
2021-09-22,Santa Clara,085,1922200,140926,139803,1154,140957,1844
2021-09-22,Santa Cruz,087,273765,19386,19177,1038,20215,214
2021-09-22,Shasta,089,179085,18709,18153,3166,21319,260
2021-09-22,Sierra,091,2930,131,127,15,142,0
2021-09-22,Siskiyou,093,43540,3057,2947,1123,4070,41
2021-09-22,Solano,095,438530,43697,43269,1129,44398,312
2021-09-22,Sonoma,097,501317,39351,39063,499,39562,369
2021-09-22,Stanislaus,099,539301,73402,72355,8466,80821,1091
2021-09-22,Sutter,101,95872,13097,12960,266,13226,153
2021-09-22,Tehama,103,63373,7369,7173,1252,8425,86
2021-09-22,Trinity,105,12862,667,572,184,756,9
2021-09-22,Tulare,107,460477,61868,60776,13430,74206,896
2021-09-22,Tuolumne,109,53932,6308,6155,69,6224,89
2021-09-22,Ventura,111,848112,94599,93978,4240,98218,1122
2021-09-22,Yolo,113,214977,18545,18342,993,19335,239
2021-09-22,Yuba,115,75493,9274,9169,209,9378,61
2021-09-21,Alameda,001,1643700,114771,113765,2784,116549,1321
2021-09-21,Alpine,003,1148,101,100,0,100,0
2021-09-21,Amador,005,37829,5025,4897,54,4951,59
2021-09-21,Butte,007,227075,18721,18229,3436,21665,232
2021-09-21,Calaveras,009,45235,3516,3437,42,3479,70
2021-09-21,Colusa,011,21464,2399,2378,560,2938,16
2021-09-21,Contra Costa,013,1133247,94827,94101,2001,96102,924
2021-09-21,Del Norte,015,27424,3499,3378,31,3409,34
2021-09-21,El Dorado,017,186661,14803,14578,1553,16131,127
2021-09-21,Fresno,019,978130,127470,125789,11525,137314,1892
2021-09-21,Glenn,021,27897,3190,3134,920,4054,25
2021-09-21,Humboldt,023,135768,8142,7955,422,8377,80
2021-09-21,Imperial,025,180216,31434,31185,3150,34335,755
2021-09-21,Inyo,027,18085,1691,1646,26,1672,39
2021-09-21,Kern,029,883053,117376,115534,18867,134401,1467
2021-09-21,Kings,031,150075,29055,28545,1770,30315,291
2021-09-21,Lake,033,64148,6157,6013,131,6144,90
2021-09-21,Lassen,035,31185,6340,6159,287,6446,25
2021-09-21,Los Angeles,037,10098052,1392389,1383277,53847,1437124,25893
2021-09-21,Madera,039,155013,20754,20317,1640,21957,262
2021-09-21,Marin,041,260295,16895,16748,421,17169,242
2021-09-21,Mariposa,043,17540,941,894,25,919,5
2021-09-21,Mendocino,045,87422,6769,6580,331,6911,68
2021-09-21,Merced,047,269075,38694,38225,1461,39686,539
2021-09-21,Modoc,049,8938,471,458,165,623,5
2021-09-21,Mono,051,14174,1512,1495,14,1509,3
2021-09-21,Monterey,053,433212,46817,46583,3176,49759,565
2021-09-21,Napa,055,140530,12354,12238,86,12324,95
2021-09-21,Nevada,057,99092,8372,8259,285,8544,84
2021-09-21,Orange,059,3164182,297044,293898,14399,308297,5357
2021-09-21,Placer,061,380077,34082,33609,3314,36923,365
2021-09-21,Plumas,063,18699,1258,1225,28,1253,5
2021-09-21,Riverside,065,2383286,345568,342460,16400,358860,4817
2021-09-21,Sacramento,067,1510023,148174,147378,3949,151327,2027
2021-09-21,San Benito,069,59416,6989,6950,152,7102,67
2021-09-21,San Bernardino,071,2135413,339954,337387,10959,348346,5520
2021-09-21,San Diego,073,3302833,354845,350265,20485,370750,4021
2021-09-21,San Francisco,075,870044,50085,49653,2477,52130,609
2021-09-21,San Joaquin,077,732212,93965,92762,5214,97976,1621
2021-09-21,San Luis Obispo,079,281455,27739,27318,1128,28446,314
2021-09-21,San Mateo,081,765935,51522,51136,1307,52443,568
2021-09-21,Santa Barbara,083,443738,42294,41644,1590,43234,503
2021-09-21,Santa Clara,085,1922200,140709,139657,1151,140808,1843
2021-09-21,Santa Cruz,087,273765,19356,19140,1037,20177,212
2021-09-21,Shasta,089,179085,18582,18027,3143,21170,258
2021-09-21,Sierra,091,2930,131,127,15,142,0
2021-09-21,Siskiyou,093,43540,3044,2927,1108,4035,36
2021-09-21,Solano,095,438530,43626,43220,1129,44349,311
2021-09-21,Sonoma,097,501317,39299,39042,499,39541,369
2021-09-21,Stanislaus,099,539301,73215,72211,8444,80655,1091
2021-09-21,Sutter,101,95872,13074,12930,263,13193,153
2021-09-21,Tehama,103,63373,7323,7151,1247,8398,85
2021-09-21,Trinity,105,12862,656,572,182,754,9
2021-09-21,Tulare,107,460477,61654,60607,13368,73975,896
2021-09-21,Tuolumne,109,53932,6277,6139,69,6208,89
2021-09-21,Ventura,111,848112,94495,93818,4234,98052,1120
2021-09-21,Yolo,113,214977,18510,18313,989,19302,239
2021-09-21,Yuba,115,75493,9246,9135,209,9344,61
2021-09-20,Alameda,001,1643700,114592,113637,2780,116417,1320
2021-09-20,Alpine,003,1148,101,100,0,100,0
2021-09-20,Amador,005,37829,5007,4883,53,4936,59
2021-09-20,Butte,007,227075,18639,18135,3420,21555,231
2021-09-20,Calaveras,009,45235,3494,3395,41,3436,66
2021-09-20,Colusa,011,21464,2397,2376,557,2933,16
2021-09-20,Contra Costa,013,1133247,94678,93919,1995,95914,924
2021-09-20,Del Norte,015,27424,3491,3374,30,3404,34
2021-09-20,El Dorado,017,186661,14770,14545,1542,16087,127
2021-09-20,Fresno,019,978130,127058,125287,11503,136790,1889
2021-09-20,Glenn,021,27897,3179,3112,917,4029,25
2021-09-20,Humboldt,023,135768,8106,7938,417,8355,80
2021-09-20,Imperial,025,180216,31352,31146,3149,34295,755
2021-09-20,Inyo,027,18085,1683,1641,25,1666,39
2021-09-20,Kern,029,883053,117037,115271,18733,134004,1459
2021-09-20,Kings,031,150075,28968,28471,1764,30235,285
2021-09-20,Lake,033,64148,6142,5984,130,6114,87
2021-09-20,Lassen,035,31185,6310,6132,287,6419,25
2021-09-20,Los Angeles,037,10098052,1390872,1382206,53765,1435971,25858
2021-09-20,Madera,039,155013,20703,20203,1631,21834,257
2021-09-20,Marin,041,260295,16870,16732,419,17151,242
2021-09-20,Mariposa,043,17540,930,887,25,912,5
2021-09-20,Mendocino,045,87422,6735,6568,326,6894,67
2021-09-20,Merced,047,269075,38586,38144,1451,39595,536
2021-09-20,Modoc,049,8938,470,457,163,620,5
2021-09-20,Mono,051,14174,1507,1480,14,1494,3
2021-09-20,Monterey,053,433212,46783,46506,3150,49656,565
2021-09-20,Napa,055,140530,12329,12209,85,12294,95
2021-09-20,Nevada,057,99092,8352,8228,283,8511,84
2021-09-20,Orange,059,3164182,296703,293642,14373,308015,5354
2021-09-20,Placer,061,380077,33992,33531,3299,36830,364
2021-09-20,Plumas,063,18699,1255,1211,28,1239,5
2021-09-20,Riverside,065,2383286,345068,341961,16385,358346,4802
2021-09-20,Sacramento,067,1510023,147802,147016,3915,150931,2016
2021-09-20,San Benito,069,59416,6980,6947,151,7098,67
2021-09-20,San Bernardino,071,2135413,339561,337059,10943,348002,5507
2021-09-20,San Diego,073,3302833,354170,349579,20448,370027,4009
2021-09-20,San Francisco,075,870044,49983,49559,2471,52030,605
2021-09-20,San Joaquin,077,732212,93722,92614,5201,97815,1615
2021-09-20,San Luis Obispo,079,281455,27664,27259,1119,28378,313
2021-09-20,San Mateo,081,765935,51446,51100,1297,52397,567
2021-09-20,Santa Barbara,083,443738,42198,41589,1586,43175,500
2021-09-20,Santa Clara,085,1922200,140505,139578,1149,140727,1841
2021-09-20,Santa Cruz,087,273765,19324,19121,1037,20158,211
2021-09-20,Shasta,089,179085,18483,17893,3114,21007,258
2021-09-20,Sierra,091,2930,129,126,15,141,0
2021-09-20,Siskiyou,093,43540,3023,2902,1093,3995,35
2021-09-20,Solano,095,438530,43559,43152,1122,44274,312
2021-09-20,Sonoma,097,501317,39255,38991,499,39490,369
2021-09-20,Stanislaus,099,539301,73014,72031,8425,80456,1091
2021-09-20,Sutter,101,95872,13039,12896,258,13154,153
2021-09-20,Tehama,103,63373,7291,7121,1235,8356,84
2021-09-20,Trinity,105,12862,650,568,180,748,7
2021-09-20,Tulare,107,460477,61452,60302,13311,73613,896
2021-09-20,Tuolumne,109,53932,6251,6113,68,6181,89
2021-09-20,Ventura,111,848112,94383,93700,4228,97928,1120
2021-09-20,Yolo,113,214977,18466,18287,987,19274,239
2021-09-20,Yuba,115,75493,9210,9107,207,9314,61
2021-09-19,Alameda,001,1643700,114385,113446,2775,116221,1320
2021-09-19,Alpine,003,1148,100,100,0,100,0
2021-09-19,Amador,005,37829,4967,4875,52,4927,59
2021-09-19,Butte,007,227075,18546,18063,3392,21455,230
2021-09-19,Calaveras,009,45235,3469,3390,38,3428,66
2021-09-19,Colusa,011,21464,2395,2375,555,2930,16
2021-09-19,Contra Costa,013,1133247,94494,93788,1985,95773,924
2021-09-19,Del Norte,015,27424,3464,3344,29,3373,34
2021-09-19,El Dorado,017,186661,14718,14512,1536,16048,127
2021-09-19,Fresno,019,978130,126655,124985,11470,136455,1888
2021-09-19,Glenn,021,27897,3168,3102,912,4014,25
2021-09-19,Humboldt,023,135768,8060,7914,415,8329,80
2021-09-19,Imperial,025,180216,31283,31122,3146,34268,755
2021-09-19,Inyo,027,18085,1674,1639,25,1664,39
2021-09-19,Kern,029,883053,116724,115074,18626,133700,1459
2021-09-19,Kings,031,150075,28840,28416,1755,30171,284
2021-09-19,Lake,033,64148,6111,5962,130,6092,87
2021-09-19,Lassen,035,31185,6290,6129,281,6410,25
2021-09-19,Los Angeles,037,10098052,1388906,1381200,53664,1434864,25852
2021-09-19,Madera,039,155013,20625,20161,1619,21780,257
2021-09-19,Marin,041,260295,16841,16711,417,17128,242
2021-09-19,Mariposa,043,17540,922,881,25,906,5
2021-09-19,Mendocino,045,87422,6690,6538,320,6858,67
2021-09-19,Merced,047,269075,38429,38068,1442,39510,535
2021-09-19,Modoc,049,8938,467,457,161,618,5
2021-09-19,Mono,051,14174,1502,1480,14,1494,3
2021-09-19,Monterey,053,433212,46741,46486,3137,49623,565
2021-09-19,Napa,055,140530,12308,12190,83,12273,95
2021-09-19,Nevada,057,99092,8324,8203,281,8484,84
2021-09-19,Orange,059,3164182,296335,293258,14353,307611,5354
2021-09-19,Placer,061,380077,33879,33406,3281,36687,364
2021-09-19,Plumas,063,18699,1245,1211,28,1239,5
2021-09-19,Riverside,065,2383286,344475,341566,16376,357942,4804
2021-09-19,Sacramento,067,1510023,147444,146603,3869,150472,2012
2021-09-19,San Benito,069,59416,6961,6942,151,7093,67
2021-09-19,San Bernardino,071,2135413,339073,336688,10931,347619,5506
2021-09-19,San Diego,073,3302833,353455,349225,20412,369637,4006
2021-09-19,San Francisco,075,870044,49875,49458,2462,51920,605
2021-09-19,San Joaquin,077,732212,93424,92467,5190,97657,1615
2021-09-19,San Luis Obispo,079,281455,27563,27208,1110,28318,313
2021-09-19,San Mateo,081,765935,51362,51028,1282,52310,567
2021-09-19,Santa Barbara,083,443738,42094,41512,1586,43098,500
2021-09-19,Santa Clara,085,1922200,140318,139410,1144,140554,1841
2021-09-19,Santa Cruz,087,273765,19286,19096,1037,20133,211
2021-09-19,Shasta,089,179085,18369,17813,3079,20892,258
2021-09-19,Sierra,091,2930,128,126,15,141,0
2021-09-19,Siskiyou,093,43540,2997,2882,1084,3966,35
2021-09-19,Solano,095,438530,43474,43056,1117,44173,312
2021-09-19,Sonoma,097,501317,39184,38956,495,39451,369
2021-09-19,Stanislaus,099,539301,72769,71830,8402,80232,1091
2021-09-19,Sutter,101,95872,13012,12868,251,13119,153
2021-09-19,Tehama,103,63373,7238,7081,1224,8305,84
2021-09-19,Trinity,105,12862,639,562,177,739,7
2021-09-19,Tulare,107,460477,61193,60160,13214,73374,896
2021-09-19,Tuolumne,109,53932,6209,6097,68,6165,89
2021-09-19,Ventura,111,848112,94222,93491,4221,97712,1120
2021-09-19,Yolo,113,214977,18416,18238,981,19219,239
2021-09-19,Yuba,115,75493,9184,9087,206,9293,61
2021-09-18,Alameda,001,1643700,114281,113300,2774,116074,1320
2021-09-18,Alpine,003,1148,100,100,0,100,0
2021-09-18,Amador,005,37829,4957,4850,52,4902,59
2021-09-18,Butte,007,227075,18509,17961,3378,21339,230
2021-09-18,Calaveras,009,45235,3463,3361,37,3398,66
2021-09-18,Colusa,011,21464,2395,2373,554,2927,16
2021-09-18,Contra Costa,013,1133247,94404,93656,1981,95637,924
2021-09-18,Del Norte,015,27424,3456,3326,27,3353,34
2021-09-18,El Dorado,017,186661,14695,14472,1532,16004,127
2021-09-18,Fresno,019,978130,126513,124771,11457,136228,1889
2021-09-18,Glenn,021,27897,3162,3086,911,3997,25
2021-09-18,Humboldt,023,135768,8047,7881,413,8294,80
2021-09-18,Imperial,025,180216,31259,31096,3145,34241,755
2021-09-18,Inyo,027,18085,1668,1636,25,1661,39
2021-09-18,Kern,029,883053,116570,114781,18561,133342,1459
2021-09-18,Kings,031,150075,28792,28330,1750,30080,285
2021-09-18,Lake,033,64148,6094,5936,130,6066,87
2021-09-18,Lassen,035,31185,6280,6121,278,6399,25
2021-09-18,Los Angeles,037,10098052,1388149,1379880,53612,1433492,25849
2021-09-18,Madera,039,155013,20581,20126,1610,21736,257
2021-09-18,Marin,041,260295,16824,16685,416,17101,242
2021-09-18,Mariposa,043,17540,919,871,25,896,5
2021-09-18,Mendocino,045,87422,6669,6523,320,6843,67
2021-09-18,Merced,047,269075,38392,37977,1436,39413,535
2021-09-18,Modoc,049,8938,467,457,160,617,5
2021-09-18,Mono,051,14174,1500,1480,14,1494,3
2021-09-18,Monterey,053,433212,46709,46466,3128,49594,565
2021-09-18,Napa,055,140530,12296,12168,83,12251,95
2021-09-18,Nevada,057,99092,8307,8183,281,8464,84
2021-09-18,Orange,059,3164182,296139,293005,14338,307343,5354
2021-09-18,Placer,061,380077,33808,33309,3278,36587,364
2021-09-18,Plumas,063,18699,1245,1204,28,1232,5
2021-09-18,Riverside,065,2383286,344088,341136,16362,357498,4802
2021-09-18,Sacramento,067,1510023,147260,146162,3860,150022,2016
2021-09-18,San Benito,069,59416,6956,6937,151,7088,67
2021-09-18,San Bernardino,071,2135413,338802,336380,10918,347298,5501
2021-09-18,San Diego,073,3302833,353054,348848,20402,369250,4006
2021-09-18,San Francisco,075,870044,49813,49359,2456,51815,605
2021-09-18,San Joaquin,077,732212,93315,92242,5179,97421,1615
2021-09-18,San Luis Obispo,079,281455,27526,27181,1107,28288,313
2021-09-18,San Mateo,081,765935,51313,50961,1278,52239,567
2021-09-18,Santa Barbara,083,443738,42031,41465,1586,43051,500
2021-09-18,Santa Clara,085,1922200,140197,139233,1141,140374,1841
2021-09-18,Santa Cruz,087,273765,19266,19079,1037,20116,211
2021-09-18,Shasta,089,179085,18306,17777,3061,20838,258
2021-09-18,Sierra,091,2930,127,125,15,140,0
2021-09-18,Siskiyou,093,43540,2994,2875,1078,3953,35
2021-09-18,Solano,095,438530,43434,42966,1114,44080,312
2021-09-18,Sonoma,097,501317,39151,38891,493,39384,369
2021-09-18,Stanislaus,099,539301,72623,71587,8377,79964,1091
2021-09-18,Sutter,101,95872,12998,12829,251,13080,153
2021-09-18,Tehama,103,63373,7223,7055,1216,8271,84
2021-09-18,Trinity,105,12862,637,561,177,738,7
2021-09-18,Tulare,107,460477,61118,60003,13161,73164,896
2021-09-18,Tuolumne,109,53932,6194,6069,68,6137,89
2021-09-18,Ventura,111,848112,94154,93424,4216,97640,1120
2021-09-18,Yolo,113,214977,18390,18213,975,19188,239
2021-09-18,Yuba,115,75493,9170,9061,205,9266,61
2021-09-17,Alameda,001,1643700,114159,113070,2772,115842,1320
2021-09-17,Alpine,003,1148,100,99,0,99,0
2021-09-17,Amador,005,37829,4941,4835,51,4886,58
2021-09-17,Butte,007,227075,18458,17870,3369,21239,230
2021-09-17,Calaveras,009,45235,3451,3338,36,3374,66
2021-09-17,Colusa,011,21464,2394,2369,549,2918,16
2021-09-17,Contra Costa,013,1133247,94304,93485,1978,95463,924
2021-09-17,Del Norte,015,27424,3451,3311,25,3336,34
2021-09-17,El Dorado,017,186661,14676,14421,1530,15951,127
2021-09-17,Fresno,019,978130,126294,124296,11448,135744,1882
2021-09-17,Glenn,021,27897,3148,3072,909,3981,25
2021-09-17,Humboldt,023,135768,8026,7850,413,8263,80
2021-09-17,Imperial,025,180216,31233,31031,3144,34175,755
2021-09-17,Inyo,027,18085,1660,1634,25,1659,39
2021-09-17,Kern,029,883053,116379,114303,18465,132768,1456
2021-09-17,Kings,031,150075,28727,28240,1748,29988,281
2021-09-17,Lake,033,64148,6081,5915,130,6045,87
2021-09-17,Lassen,035,31185,6265,6080,276,6356,25
2021-09-17,Los Angeles,037,10098052,1387182,1377905,53541,1431446,25820
2021-09-17,Madera,039,155013,20529,20040,1600,21640,257
2021-09-17,Marin,041,260295,16811,16658,414,17072,242
2021-09-17,Mariposa,043,17540,917,869,25,894,5
2021-09-17,Mendocino,045,87422,6650,6498,320,6818,67
2021-09-17,Merced,047,269075,38345,37803,1434,39237,533
2021-09-17,Modoc,049,8938,467,456,160,616,5
2021-09-17,Mono,051,14174,1496,1457,14,1471,3
2021-09-17,Monterey,053,433212,46689,46421,3124,49545,564
2021-09-17,Napa,055,140530,12275,12153,83,12236,95
2021-09-17,Nevada,057,99092,8292,8157,281,8438,84
2021-09-17,Orange,059,3164182,295923,292685,14320,307005,5346
2021-09-17,Placer,061,380077,33747,33188,3267,36455,362
2021-09-17,Plumas,063,18699,1236,1192,27,1219,5
2021-09-17,Riverside,065,2383286,343686,340445,16352,356797,4792
2021-09-17,Sacramento,067,1510023,147061,145985,3849,149834,1999
2021-09-17,San Benito,069,59416,6953,6929,151,7080,67
2021-09-17,San Bernardino,071,2135413,338449,335810,10910,346720,5488
2021-09-17,San Diego,073,3302833,352620,348098,20385,368483,4002
2021-09-17,San Francisco,075,870044,49763,49249,2449,51698,605
2021-09-17,San Joaquin,077,732212,93177,91977,5167,97144,1610
2021-09-17,San Luis Obispo,079,281455,27492,27102,1096,28198,311
2021-09-17,San Mateo,081,765935,51264,50854,1272,52126,564
2021-09-17,Santa Barbara,083,443738,41969,41354,1586,42940,498
2021-09-17,Santa Clara,085,1922200,140046,138939,1140,140079,1838
2021-09-17,Santa Cruz,087,273765,19241,19039,1037,20076,211
2021-09-17,Shasta,089,179085,18235,17617,3048,20665,254
2021-09-17,Sierra,091,2930,127,124,15,139,0
2021-09-17,Siskiyou,093,43540,2979,2852,1077,3929,35
2021-09-17,Solano,095,438530,43372,42898,1110,44008,312
2021-09-17,Sonoma,097,501317,39113,38808,492,39300,369
2021-09-17,Stanislaus,099,539301,72517,71408,8359,79767,1091
2021-09-17,Sutter,101,95872,12982,12799,249,13048,153
2021-09-17,Tehama,103,63373,7199,7020,1204,8224,84
2021-09-17,Trinity,105,12862,632,556,176,732,7
2021-09-17,Tulare,107,460477,61002,59689,13127,72816,895
2021-09-17,Tuolumne,109,53932,6176,6047,67,6114,89
2021-09-17,Ventura,111,848112,94042,93273,4213,97486,1116
2021-09-17,Yolo,113,214977,18359,18177,971,19148,239
2021-09-17,Yuba,115,75493,9143,9019,204,9223,61
2021-09-16,Alameda,001,1643700,113981,112770,2768,115538,1318
2021-09-16,Alpine,003,1148,100,99,0,99,0
2021-09-16,Amador,005,37829,4921,4819,51,4870,58
2021-09-16,Butte,007,227075,18384,17750,3352,21102,230
2021-09-16,Calaveras,009,45235,3417,3313,36,3349,66
2021-09-16,Colusa,011,21464,2392,2363,547,2910,16
2021-09-16,Contra Costa,013,1133247,94135,93213,1968,95181,917
2021-09-16,Del Norte,015,27424,3433,3285,25,3310,34
2021-09-16,El Dorado,017,186661,14636,14372,1522,15894,127
2021-09-16,Fresno,019,978130,125937,123853,11406,135259,1868
2021-09-16,Glenn,021,27897,3136,3068,907,3975,24
2021-09-16,Humboldt,023,135768,7992,7809,403,8212,80
2021-09-16,Imperial,025,180216,31191,30966,3135,34101,753
2021-09-16,Inyo,027,18085,1658,1623,25,1648,39
2021-09-16,Kern,029,883053,116108,113828,18397,132225,1448
2021-09-16,Kings,031,150075,28641,28114,1739,29853,280
2021-09-16,Lake,033,64148,6057,5890,127,6017,87
2021-09-16,Lassen,035,31185,6231,6028,269,6297,25
2021-09-16,Los Angeles,037,10098052,1385798,1376277,53475,1429752,25796
2021-09-16,Madera,039,155013,20453,19974,1594,21568,257
2021-09-16,Marin,041,260295,16784,16625,413,17038,242
2021-09-16,Mariposa,043,17540,911,849,25,874,6
2021-09-16,Mendocino,045,87422,6618,6445,311,6756,67
2021-09-16,Merced,047,269075,38238,37675,1431,39106,532
2021-09-16,Modoc,049,8938,465,455,160,615,5
2021-09-16,Mono,051,14174,1487,1449,14,1463,3
2021-09-16,Monterey,053,433212,46643,46342,3110,49452,562
2021-09-16,Napa,055,140530,12250,12115,79,12194,95
2021-09-16,Nevada,057,99092,8264,8121,280,8401,84
2021-09-16,Orange,059,3164182,295581,292183,14299,306482,5340
2021-09-16,Placer,061,380077,33653,33037,3246,36283,354
2021-09-16,Plumas,063,18699,1226,1178,27,1205,5
2021-09-16,Riverside,065,2383286,343155,339770,16338,356108,4786
2021-09-16,Sacramento,067,1510023,146704,145754,3816,149570,1996
2021-09-16,San Benito,069,59416,6940,6913,150,7063,67
2021-09-16,San Bernardino,071,2135413,338025,335129,10904,346033,5474
2021-09-16,San Diego,073,3302833,351994,347472,20350,367822,3994
2021-09-16,San Francisco,075,870044,49679,49133,2439,51572,605
2021-09-16,San Joaquin,077,732212,92935,91650,5121,96771,1608
2021-09-16,San Luis Obispo,079,281455,27420,27044,1092,28136,310
2021-09-16,San Mateo,081,765935,51203,50773,1255,52028,564
2021-09-16,Santa Barbara,083,443738,41903,41272,1583,42855,497
2021-09-16,Santa Clara,085,1922200,139889,138685,1136,139821,1835
2021-09-16,Santa Cruz,087,273765,19213,19011,1037,20048,211
2021-09-16,Shasta,089,179085,18111,17438,3013,20451,251
2021-09-16,Sierra,091,2930,127,123,15,138,0
2021-09-16,Siskiyou,093,43540,2960,2819,1069,3888,35
2021-09-16,Solano,095,438530,43302,42792,1104,43896,312
2021-09-16,Sonoma,097,501317,39050,38707,491,39198,369
2021-09-16,Stanislaus,099,539301,72283,71105,8343,79448,1091
2021-09-16,Sutter,101,95872,12938,12729,243,12972,152
2021-09-16,Tehama,103,63373,7160,6953,1193,8146,83
2021-09-16,Trinity,105,12862,629,547,175,722,7
2021-09-16,Tulare,107,460477,60783,59459,13052,72511,894
2021-09-16,Tuolumne,109,53932,6156,5999,66,6065,89
2021-09-16,Ventura,111,848112,93903,93087,4211,97298,1110
2021-09-16,Yolo,113,214977,18328,18135,969,19104,239
2021-09-16,Yuba,115,75493,9109,8981,201,9182,61
2021-09-15,Alameda,001,1643700,113807,112498,2760,115258,1317
2021-09-15,Alpine,003,1148,100,99,0,99,0
2021-09-15,Amador,005,37829,4913,4792,51,4843,58
2021-09-15,Butte,007,227075,18286,17664,3332,20996,228
2021-09-15,Calaveras,009,45235,3385,3293,34,3327,66
2021-09-15,Colusa,011,21464,2390,2352,544,2896,16
2021-09-15,Contra Costa,013,1133247,93955,92989,1956,94945,913
2021-09-15,Del Norte,015,27424,3420,3271,23,3294,34
2021-09-15,El Dorado,017,186661,14610,14309,1514,15823,127
2021-09-15,Fresno,019,978130,125559,123370,11365,134735,1867
2021-09-15,Glenn,021,27897,3123,3051,902,3953,20
2021-09-15,Humboldt,023,135768,7957,7754,398,8152,52
2021-09-15,Imperial,025,180216,31137,30891,3131,34022,753
2021-09-15,Inyo,027,18085,1654,1614,25,1639,39
2021-09-15,Kern,029,883053,115760,113546,18296,131842,1434
2021-09-15,Kings,031,150075,28562,27991,1729,29720,279
2021-09-15,Lake,033,64148,6025,5852,126,5978,85
2021-09-15,Lassen,035,31185,6171,6018,264,6282,25
2021-09-15,Los Angeles,037,10098052,1384307,1374307,53402,1427709,25767
2021-09-15,Madera,039,155013,20379,19880,1588,21468,257
2021-09-15,Marin,041,260295,16749,16592,408,17000,242
2021-09-15,Mariposa,043,17540,900,843,25,868,5
2021-09-15,Mendocino,045,87422,6588,6399,306,6705,66
2021-09-15,Merced,047,269075,38130,37508,1429,38937,529
2021-09-15,Modoc,049,8938,465,454,160,614,5
2021-09-15,Mono,051,14174,1483,1445,14,1459,3
2021-09-15,Monterey,053,433212,46578,46317,3093,49410,562
2021-09-15,Napa,055,140530,12229,12082,79,12161,95
2021-09-15,Nevada,057,99092,8242,8081,277,8358,84
2021-09-15,Orange,059,3164182,295259,291834,14279,306113,5328
2021-09-15,Placer,061,380077,33542,32860,3224,36084,352
2021-09-15,Plumas,063,18699,1221,1164,26,1190,5
2021-09-15,Riverside,065,2383286,342572,339077,16314,355391,4769
2021-09-15,Sacramento,067,1510023,146281,145202,3782,148984,1981
2021-09-15,San Benito,069,59416,6937,6902,150,7052,67
2021-09-15,San Bernardino,071,2135413,337565,334556,10890,345446,5470
2021-09-15,San Diego,073,3302833,351365,346933,20324,367257,3983
2021-09-15,San Francisco,075,870044,49569,48999,2434,51433,605
2021-09-15,San Joaquin,077,732212,92659,91322,5077,96399,1607
2021-09-15,San Luis Obispo,079,281455,27337,26943,1086,28029,306
2021-09-15,San Mateo,081,765935,51125,50691,1249,51940,564
2021-09-15,Santa Barbara,083,443738,41803,41077,1579,42656,497
2021-09-15,Santa Clara,085,1922200,139717,138410,1131,139541,1833
2021-09-15,Santa Cruz,087,273765,19175,18984,1035,20019,210
2021-09-15,Shasta,089,179085,18001,17317,2990,20307,250
2021-09-15,Sierra,091,2930,127,123,15,138,0
2021-09-15,Siskiyou,093,43540,2941,2804,1037,3841,35
2021-09-15,Solano,095,438530,43230,42682,1099,43781,312
2021-09-15,Sonoma,097,501317,38991,38629,491,39120,369
2021-09-15,Stanislaus,099,539301,72061,70852,8322,79174,1091
2021-09-15,Sutter,101,95872,12905,12699,238,12937,151
2021-09-15,Tehama,103,63373,7119,6894,1184,8078,79
2021-09-15,Trinity,105,12862,627,541,173,714,7
2021-09-15,Tulare,107,460477,60526,59149,12990,72139,890
2021-09-15,Tuolumne,109,53932,6130,5969,66,6035,89
2021-09-15,Ventura,111,848112,93763,92960,4206,97166,1109
2021-09-15,Yolo,113,214977,18294,18064,961,19025,239
2021-09-15,Yuba,115,75493,9074,8953,201,9154,61
2021-09-14,Alameda,001,1643700,113596,112329,2754,115083,1316
2021-09-14,Alpine,003,1148,100,98,0,98,0
2021-09-14,Amador,005,37829,4893,4790,51,4841,57
2021-09-14,Butte,007,227075,18154,17516,3308,20824,226
2021-09-14,Calaveras,009,45235,3362,3280,31,3311,66
2021-09-14,Colusa,011,21464,2386,2344,540,2884,16
2021-09-14,Contra Costa,013,1133247,93757,92822,1947,94769,908
2021-09-14,Del Norte,015,27424,3404,3252,22,3274,32
2021-09-14,El Dorado,017,186661,14558,14247,1506,15753,123
2021-09-14,Fresno,019,978130,125085,123151,11321,134472,1856
2021-09-14,Glenn,021,27897,3103,3045,897,3942,20
2021-09-14,Humboldt,023,135768,7923,7717,393,8110,52
2021-09-14,Imperial,025,180216,31086,30845,3128,33973,752
2021-09-14,Inyo,027,18085,1645,1605,25,1630,39
2021-09-14,Kern,029,883053,115381,113250,18170,131420,1428
2021-09-14,Kings,031,150075,28486,27955,1720,29675,278
2021-09-14,Lake,033,64148,5993,5845,126,5971,83
2021-09-14,Lassen,035,31185,6157,5977,259,6236,25
2021-09-14,Los Angeles,037,10098052,1382474,1372831,53316,1426147,25729
2021-09-14,Madera,039,155013,20297,19800,1581,21381,254
2021-09-14,Marin,041,260295,16722,16584,406,16990,242
2021-09-14,Mariposa,043,17540,889,834,24,858,5
2021-09-14,Mendocino,045,87422,6553,6372,294,6666,65
2021-09-14,Merced,047,269075,37980,37430,1426,38856,526
2021-09-14,Modoc,049,8938,464,453,160,613,5
2021-09-14,Mono,051,14174,1471,1440,14,1454,4
2021-09-14,Monterey,053,433212,46548,46224,3069,49293,558
2021-09-14,Napa,055,140530,12196,12070,78,12148,91
2021-09-14,Nevada,057,99092,8208,8056,277,8333,83
2021-09-14,Orange,059,3164182,294870,291423,14256,305679,5319
2021-09-14,Placer,061,380077,33413,32735,3203,35938,350
2021-09-14,Plumas,063,18699,1211,1148,26,1174,5
2021-09-14,Riverside,065,2383286,341931,338534,16283,354817,4748
2021-09-14,Sacramento,067,1510023,145916,145051,3729,148780,1977
2021-09-14,San Benito,069,59416,6928,6887,149,7036,64
2021-09-14,San Bernardino,071,2135413,337072,333968,10865,344833,5465
2021-09-14,San Diego,073,3302833,350694,346204,20279,366483,3966
2021-09-14,San Francisco,075,870044,49447,48998,2419,51417,603
2021-09-14,San Joaquin,077,732212,92419,91128,5067,96195,1596
2021-09-14,San Luis Obispo,079,281455,27264,26845,1081,27926,304
2021-09-14,San Mateo,081,765935,51035,50602,1238,51840,564
2021-09-14,Santa Barbara,083,443738,41709,40783,1570,42353,495
2021-09-14,Santa Clara,085,1922200,139483,138321,1127,139448,1828
2021-09-14,Santa Cruz,087,273765,19135,18965,1033,19998,210
2021-09-14,Shasta,089,179085,17870,17152,2970,20122,246
2021-09-14,Sierra,091,2930,127,123,15,138,0
2021-09-14,Siskiyou,093,43540,2916,2756,1020,3776,35
2021-09-14,Solano,095,438530,43148,42599,1096,43695,307
2021-09-14,Sonoma,097,501317,38922,38595,487,39082,369
2021-09-14,Stanislaus,099,539301,71804,70697,8294,78991,1091
2021-09-14,Sutter,101,95872,12863,12670,231,12901,149
2021-09-14,Tehama,103,63373,7065,6859,1176,8035,80
2021-09-14,Trinity,105,12862,621,538,172,710,7
2021-09-14,Tulare,107,460477,60274,58961,12918,71879,888
2021-09-14,Tuolumne,109,53932,6109,5951,65,6016,89
2021-09-14,Ventura,111,848112,93583,92841,4190,97031,1107
2021-09-14,Yolo,113,214977,18250,18039,956,18995,239
2021-09-14,Yuba,115,75493,9038,8928,201,9129,61
2021-09-13,Alameda,001,1643700,113379,112159,2749,114908,1309
2021-09-13,Alpine,003,1148,99,98,0,98,0
2021-09-13,Amador,005,37829,4875,4761,51,4812,56
2021-09-13,Butte,007,227075,18030,17393,3281,20674,225
2021-09-13,Calaveras,009,45235,3332,3253,29,3282,65
2021-09-13,Colusa,011,21464,2376,2346,535,2881,16
2021-09-13,Contra Costa,013,1133247,93511,92658,1942,94600,908
2021-09-13,Del Norte,015,27424,3368,3232,22,3254,28
2021-09-13,El Dorado,017,186661,14498,14194,1497,15691,119
2021-09-13,Fresno,019,978130,124618,122650,11264,133914,1853
2021-09-13,Glenn,021,27897,3096,3026,888,3914,20
2021-09-13,Humboldt,023,135768,7891,7659,390,8049,52
2021-09-13,Imperial,025,180216,31034,30802,3125,33927,751
2021-09-13,Inyo,027,18085,1638,1602,25,1627,39
2021-09-13,Kern,029,883053,115000,112930,18044,130974,1424
2021-09-13,Kings,031,150075,28376,27858,1708,29566,275
2021-09-13,Lake,033,64148,5971,5809,126,5935,82
2021-09-13,Lassen,035,31185,6122,5953,258,6211,25
2021-09-13,Los Angeles,037,10098052,1380618,1371423,53247,1424670,25703
2021-09-13,Madera,039,155013,20226,19735,1574,21309,252
2021-09-13,Marin,041,260295,16686,16557,405,16962,242
2021-09-13,Mariposa,043,17540,875,825,24,849,5
2021-09-13,Mendocino,045,87422,6520,6323,284,6607,61
2021-09-13,Merced,047,269075,37829,37291,1421,38712,521
2021-09-13,Modoc,049,8938,463,451,160,611,5
2021-09-13,Mono,051,14174,1465,1435,14,1449,3
2021-09-13,Monterey,053,433212,46466,46188,3047,49235,558
2021-09-13,Napa,055,140530,12178,12039,78,12117,91
2021-09-13,Nevada,057,99092,8182,8021,275,8296,83
2021-09-13,Orange,059,3164182,294435,291128,14235,305363,5312
2021-09-13,Placer,061,380077,33248,32617,3186,35803,343
2021-09-13,Plumas,063,18699,1199,1142,26,1168,5
2021-09-13,Riverside,065,2383286,341286,337876,16264,354140,4731
2021-09-13,Sacramento,067,1510023,145428,144537,3696,148233,1956
2021-09-13,San Benito,069,59416,6913,6867,148,7015,64
2021-09-13,San Bernardino,071,2135413,336584,333613,10841,344454,5441
2021-09-13,San Diego,073,3302833,349904,345647,20229,365876,3961
2021-09-13,San Francisco,075,870044,49319,48914,2412,51326,603
2021-09-13,San Joaquin,077,732212,92136,90966,5049,96015,1581
2021-09-13,San Luis Obispo,079,281455,27167,26805,1078,27883,300
2021-09-13,San Mateo,081,765935,50955,50525,1224,51749,564
2021-09-13,Santa Barbara,083,443738,41592,40661,1563,42224,494
2021-09-13,Santa Clara,085,1922200,139236,138152,1121,139273,1820
2021-09-13,Santa Cruz,087,273765,19095,18917,1032,19949,210
2021-09-13,Shasta,089,179085,17743,17033,2929,19962,243
2021-09-13,Sierra,091,2930,127,123,15,138,0
2021-09-13,Siskiyou,093,43540,2901,2745,1008,3753,35
2021-09-13,Solano,095,438530,43048,42501,1092,43593,306
2021-09-13,Sonoma,097,501317,38854,38513,484,38997,368
2021-09-13,Stanislaus,099,539301,71554,70477,8255,78732,1091
2021-09-13,Sutter,101,95872,12805,12624,227,12851,145
2021-09-13,Tehama,103,63373,7002,6803,1164,7967,79
2021-09-13,Trinity,105,12862,619,533,170,703,7
2021-09-13,Tulare,107,460477,59991,58768,12852,71620,887
2021-09-13,Tuolumne,109,53932,6078,5909,65,5974,89
2021-09-13,Ventura,111,848112,93432,92679,4182,96861,1107
2021-09-13,Yolo,113,214977,18208,17974,951,18925,239
2021-09-13,Yuba,115,75493,8993,8884,200,9084,61
2021-09-12,Alameda,001,1643700,113109,111961,2745,114706,1309
2021-09-12,Alpine,003,1148,99,98,0,98,0
2021-09-12,Amador,005,37829,4854,4752,51,4803,56
2021-09-12,Butte,007,227075,17886,17257,3236,20493,221
2021-09-12,Calaveras,009,45235,3300,3236,25,3261,65
2021-09-12,Colusa,011,21464,2373,2344,534,2878,16
2021-09-12,Contra Costa,013,1133247,93244,92498,1930,94428,908
2021-09-12,Del Norte,015,27424,3333,3200,22,3222,28
2021-09-12,El Dorado,017,186661,14426,14167,1480,15647,119
2021-09-12,Fresno,019,978130,124103,122407,11215,133622,1853
2021-09-12,Glenn,021,27897,3076,3016,881,3897,20
2021-09-12,Humboldt,023,135768,7820,7636,379,8015,52
2021-09-12,Imperial,025,180216,30971,30790,3119,33909,751
2021-09-12,Inyo,027,18085,1628,1596,25,1621,39
2021-09-12,Kern,029,883053,114590,112602,17883,130485,1424
2021-09-12,Kings,031,150075,28266,27764,1691,29455,274
2021-09-12,Lake,033,64148,5932,5781,124,5905,82
2021-09-12,Lassen,035,31185,6085,5943,248,6191,25
2021-09-12,Los Angeles,037,10098052,1378568,1365968,53167,1419135,25630
2021-09-12,Madera,039,155013,20139,19691,1563,21254,252
2021-09-12,Marin,041,260295,16663,16526,405,16931,242
2021-09-12,Mariposa,043,17540,864,811,24,835,5
2021-09-12,Mendocino,045,87422,6479,6283,276,6559,61
2021-09-12,Merced,047,269075,37656,37172,1410,38582,521
2021-09-12,Modoc,049,8938,463,451,159,610,5
2021-09-12,Mono,051,14174,1455,1431,14,1445,3
2021-09-12,Monterey,053,433212,46387,46167,3019,49186,558
2021-09-12,Napa,055,140530,12148,12011,78,12089,91
2021-09-12,Nevada,057,99092,8143,7987,272,8259,83
2021-09-12,Orange,059,3164182,293970,290718,14210,304928,5312
2021-09-12,Placer,061,380077,33100,32520,3160,35680,343
2021-09-12,Plumas,063,18699,1184,1138,26,1164,5
2021-09-12,Riverside,065,2383286,340602,337332,16232,353564,4731
2021-09-12,Sacramento,067,1510023,144924,144030,3654,147684,1959
2021-09-12,San Benito,069,59416,6894,6852,147,6999,64
2021-09-12,San Bernardino,071,2135413,335975,333049,10827,343876,5439
2021-09-12,San Diego,073,3302833,349080,345058,20157,365215,3942
2021-09-12,San Francisco,075,870044,49208,48819,2404,51223,603
2021-09-12,San Joaquin,077,732212,91807,90730,5041,95771,1581
2021-09-12,San Luis Obispo,079,281455,27049,26729,1065,27794,299
2021-09-12,San Mateo,081,765935,50859,50432,1210,51642,564
2021-09-12,Santa Barbara,083,443738,41486,40600,1555,42155,494
2021-09-12,Santa Clara,085,1922200,138984,137899,1117,139016,1820
2021-09-12,Santa Cruz,087,273765,19063,18892,1031,19923,210
2021-09-12,Shasta,089,179085,17580,16957,2869,19826,243
2021-09-12,Sierra,091,2930,127,123,15,138,0
2021-09-12,Siskiyou,093,43540,2874,2730,993,3723,35
2021-09-12,Solano,095,438530,42944,42409,1087,43496,306
2021-09-12,Sonoma,097,501317,38778,38456,482,38938,368
2021-09-12,Stanislaus,099,539301,71257,70184,8217,78401,1091
2021-09-12,Sutter,101,95872,12763,12589,221,12810,145
2021-09-12,Tehama,103,63373,6938,6732,1152,7884,79
2021-09-12,Trinity,105,12862,615,529,168,697,7
2021-09-12,Tulare,107,460477,59636,58582,12788,71370,887
2021-09-12,Tuolumne,109,53932,6045,5888,65,5953,89
2021-09-12,Ventura,111,848112,93315,92496,4176,96672,1107
2021-09-12,Yolo,113,214977,18143,17943,943,18886,239
2021-09-12,Yuba,115,75493,8956,8842,200,9042,61
2021-09-11,Alameda,001,1643700,112983,111715,2743,114458,1309
2021-09-11,Alpine,003,1148,99,98,0,98,0
2021-09-11,Amador,005,37829,4841,4728,50,4778,56
2021-09-11,Butte,007,227075,17806,17218,3207,20425,221
2021-09-11,Calaveras,009,45235,3297,3208,24,3232,65
2021-09-11,Colusa,011,21464,2372,2338,531,2869,16
2021-09-11,Contra Costa,013,1133247,93126,92269,1925,94194,908
2021-09-11,Del Norte,015,27424,3317,3184,22,3206,28
2021-09-11,El Dorado,017,186661,14407,14117,1473,15590,119
2021-09-11,Fresno,019,978130,123924,122224,11193,133417,1853
2021-09-11,Glenn,021,27897,3072,3007,879,3886,20
2021-09-11,Humboldt,023,135768,7798,7615,376,7991,52
2021-09-11,Imperial,025,180216,30946,30760,3115,33875,751
2021-09-11,Inyo,027,18085,1625,1590,25,1615,39
2021-09-11,Kern,029,883053,114343,112205,17763,129968,1424
2021-09-11,Kings,031,150075,28217,27631,1685,29316,275
2021-09-11,Lake,033,64148,5912,5761,124,5885,82
2021-09-11,Lassen,035,31185,6070,5930,244,6174,25
2021-09-11,Los Angeles,037,10098052,1377607,1365831,53099,1418930,25630
2021-09-11,Madera,039,155013,20086,19648,1557,21205,252
2021-09-11,Marin,041,260295,16635,16496,404,16900,242
2021-09-11,Mariposa,043,17540,859,799,24,823,5
2021-09-11,Mendocino,045,87422,6455,6257,276,6533,61
2021-09-11,Merced,047,269075,37602,37042,1407,38449,521
2021-09-11,Modoc,049,8938,463,449,159,608,5
2021-09-11,Mono,051,14174,1451,1431,14,1445,3
2021-09-11,Monterey,053,433212,46356,46140,3011,49151,558
2021-09-11,Napa,055,140530,12125,11991,78,12069,91
2021-09-11,Nevada,057,99092,8128,7967,272,8239,83
2021-09-11,Orange,059,3164182,293671,290429,14193,304622,5306
2021-09-11,Placer,061,380077,33016,32414,3149,35563,344
2021-09-11,Plumas,063,18699,1180,1112,26,1138,5
2021-09-11,Riverside,065,2383286,340164,336585,16218,352803,4731
2021-09-11,Sacramento,067,1510023,144625,143557,3640,147197,1955
2021-09-11,San Benito,069,59416,6881,6844,147,6991,64
2021-09-11,San Bernardino,071,2135413,335632,332512,10815,343327,5430
2021-09-11,San Diego,073,3302833,348590,344355,20133,364488,3942
2021-09-11,San Francisco,075,870044,49153,48660,2398,51058,603
2021-09-11,San Joaquin,077,732212,91662,90482,5034,95516,1581
2021-09-11,San Luis Obispo,079,281455,27003,26651,1064,27715,299
2021-09-11,San Mateo,081,765935,50794,50341,1208,51549,564
2021-09-11,Santa Barbara,083,443738,41413,40451,1555,42006,494
2021-09-11,Santa Clara,085,1922200,138835,137659,1114,138773,1820
2021-09-11,Santa Cruz,087,273765,19034,18865,1031,19896,210
2021-09-11,Shasta,089,179085,17488,16877,2847,19724,243
2021-09-11,Sierra,091,2930,127,123,15,138,0
2021-09-11,Siskiyou,093,43540,2857,2717,990,3707,35
2021-09-11,Solano,095,438530,42893,42344,1084,43428,306
2021-09-11,Sonoma,097,501317,38732,38399,480,38879,368
2021-09-11,Stanislaus,099,539301,71132,69974,8202,78176,1091
2021-09-11,Sutter,101,95872,12737,12538,218,12756,145
2021-09-11,Tehama,103,63373,6917,6703,1144,7847,79
2021-09-11,Trinity,105,12862,608,526,168,694,7
2021-09-11,Tulare,107,460477,59525,58321,12741,71062,889
2021-09-11,Tuolumne,109,53932,6026,5879,62,5941,89
2021-09-11,Ventura,111,848112,93236,92328,4171,96499,1107
2021-09-11,Yolo,113,214977,18119,17906,938,18844,239
2021-09-11,Yuba,115,75493,8931,8813,200,9013,61
2021-09-10,Alameda,001,1643700,112791,111386,2742,114128,1306
2021-09-10,Alpine,003,1148,98,97,0,97,0
2021-09-10,Amador,005,37829,4829,4706,50,4756,56
2021-09-10,Butte,007,227075,17731,17051,3191,20242,222
2021-09-10,Calaveras,009,45235,3291,3183,24,3207,65
2021-09-10,Colusa,011,21464,2368,2327,528,2855,16
2021-09-10,Contra Costa,013,1133247,93005,92024,1923,93947,908
2021-09-10,Del Norte,015,27424,3302,3128,21,3149,28
2021-09-10,El Dorado,017,186661,14376,14051,1468,15519,119
2021-09-10,Fresno,019,978130,123603,121659,11172,132831,1846
2021-09-10,Glenn,021,27897,3067,2977,879,3856,20
2021-09-10,Humboldt,023,135768,7765,7543,372,7915,52
2021-09-10,Imperial,025,180216,30922,30716,3113,33829,751
2021-09-10,Inyo,027,18085,1621,1590,25,1615,39
2021-09-10,Kern,029,883053,114089,111832,17644,129476,1419
2021-09-10,Kings,031,150075,28143,27473,1677,29150,274
2021-09-10,Lake,033,64148,5896,5713,122,5835,79
2021-09-10,Lassen,035,31185,6062,5914,241,6155,25
2021-09-10,Los Angeles,037,10098052,1376401,1365709,53031,1418740,25630
2021-09-10,Madera,039,155013,20040,19520,1552,21072,252
2021-09-10,Marin,041,260295,16616,16458,400,16858,242
2021-09-10,Mariposa,043,17540,854,795,24,819,5
2021-09-10,Mendocino,045,87422,6424,6184,275,6459,61
2021-09-10,Merced,047,269075,37550,36884,1406,38290,521
2021-09-10,Modoc,049,8938,463,448,159,607,5
2021-09-10,Mono,051,14174,1448,1422,14,1436,3
2021-09-10,Monterey,053,433212,46329,46084,2992,49076,557
2021-09-10,Napa,055,140530,12101,11948,78,12026,90
2021-09-10,Nevada,057,99092,8110,7932,271,8203,83
2021-09-10,Orange,059,3164182,293369,290022,14184,304206,5302
2021-09-10,Placer,061,380077,32916,32264,3136,35400,343
2021-09-10,Plumas,063,18699,1173,1111,26,1137,5
2021-09-10,Riverside,065,2383286,339690,335988,16211,352199,4720
2021-09-10,Sacramento,067,1510023,144283,143244,3631,146875,1950
2021-09-10,San Benito,069,59416,6877,6824,147,6971,64
2021-09-10,San Bernardino,071,2135413,335212,331894,10805,342699,5422
2021-09-10,San Diego,073,3302833,348027,343173,20092,363265,3941
2021-09-10,San Francisco,075,870044,49076,48518,2389,50907,602
2021-09-10,San Joaquin,077,732212,91483,90208,5027,95235,1573
2021-09-10,San Luis Obispo,079,281455,26970,26526,1062,27588,299
2021-09-10,San Mateo,081,765935,50736,50251,1202,51453,564
2021-09-10,Santa Barbara,083,443738,41360,40321,1552,41873,492
2021-09-10,Santa Clara,085,1922200,138651,137337,1113,138450,1817
2021-09-10,Santa Cruz,087,273765,19015,18785,1030,19815,210
2021-09-10,Shasta,089,179085,17394,16667,2819,19486,242
2021-09-10,Sierra,091,2930,127,117,15,132,0
2021-09-10,Siskiyou,093,43540,2845,2702,986,3688,35
2021-09-10,Solano,095,438530,42819,42230,1076,43306,305
2021-09-10,Sonoma,097,501317,38675,38271,479,38750,368
2021-09-10,Stanislaus,099,539301,70974,69617,8179,77796,1091
2021-09-10,Sutter,101,95872,12703,12468,218,12686,145
2021-09-10,Tehama,103,63373,6884,6652,1138,7790,77
2021-09-10,Trinity,105,12862,604,524,168,692,7
2021-09-10,Tulare,107,460477,59378,57930,12696,70626,883
2021-09-10,Tuolumne,109,53932,6008,5842,61,5903,89
2021-09-10,Ventura,111,848112,93148,92145,4166,96311,1104
2021-09-10,Yolo,113,214977,18095,17825,933,18758,239
2021-09-10,Yuba,115,75493,8913,8760,199,8959,62
2021-09-09,Alameda,001,1643700,112575,111014,2733,113747,1306
2021-09-09,Alpine,003,1148,98,94,0,94,0
2021-09-09,Amador,005,37829,4808,4698,49,4747,56
2021-09-09,Butte,007,227075,17586,16874,3165,20039,221
2021-09-09,Calaveras,009,45235,3257,3165,24,3189,65
2021-09-09,Colusa,011,21464,2361,2321,526,2847,16
2021-09-09,Contra Costa,013,1133247,92796,91687,1918,93605,904
2021-09-09,Del Norte,015,27424,3279,3102,21,3123,28
2021-09-09,El Dorado,017,186661,14319,13970,1458,15428,119
2021-09-09,Fresno,019,978130,123131,121040,11139,132179,1838
2021-09-09,Glenn,021,27897,3054,2947,872,3819,20
2021-09-09,Humboldt,023,135768,7716,7471,365,7836,52
2021-09-09,Imperial,025,180216,30884,30661,3110,33771,751
2021-09-09,Inyo,027,18085,1614,1586,25,1611,39
2021-09-09,Kern,029,883053,113741,111390,17484,128874,1414
2021-09-09,Kings,031,150075,28042,27282,1666,28948,273
2021-09-09,Lake,033,64148,5872,5638,120,5758,79
2021-09-09,Lassen,035,31185,6012,5860,235,6095,25
2021-09-09,Los Angeles,037,10098052,1374544,1363735,52954,1416689,25583
2021-09-09,Madera,039,155013,19967,19401,1540,20941,252
2021-09-09,Marin,041,260295,16592,16416,397,16813,242
2021-09-09,Mariposa,043,17540,841,779,23,802,5
2021-09-09,Mendocino,045,87422,6392,6089,266,6355,61
2021-09-09,Merced,047,269075,37396,36634,1393,38027,516
2021-09-09,Modoc,049,8938,463,448,159,607,5
2021-09-09,Mono,051,14174,1442,1420,14,1434,3
2021-09-09,Monterey,053,433212,46287,45991,2969,48960,556
2021-09-09,Napa,055,140530,12070,11878,78,11956,90
2021-09-09,Nevada,057,99092,8072,7855,271,8126,82
2021-09-09,Orange,059,3164182,292962,289109,14152,303261,5299
2021-09-09,Placer,061,380077,32799,32048,3121,35169,342
2021-09-09,Plumas,063,18699,1163,1098,25,1123,5
2021-09-09,Riverside,065,2383286,339051,334774,16193,350967,4701
2021-09-09,Sacramento,067,1510023,143805,142728,3584,146312,1929
2021-09-09,San Benito,069,59416,6867,6820,146,6966,64
2021-09-09,San Bernardino,071,2135413,334650,331040,10793,341833,5417
2021-09-09,San Diego,073,3302833,347301,342149,20035,362184,3929
2021-09-09,San Francisco,075,870044,48966,48404,2376,50780,597
2021-09-09,San Joaquin,077,732212,91210,89874,5009,94883,1570
2021-09-09,San Luis Obispo,079,281455,26888,26472,1059,27531,296
2021-09-09,San Mateo,081,765935,50624,50143,1190,51333,561
2021-09-09,Santa Barbara,083,443738,41255,40180,1547,41727,490
2021-09-09,Santa Clara,085,1922200,138427,137017,1108,138125,1816
2021-09-09,Santa Cruz,087,273765,18969,18728,1030,19758,210
2021-09-09,Shasta,089,179085,17248,16401,2776,19177,238
2021-09-09,Sierra,091,2930,127,115,15,130,0
2021-09-09,Siskiyou,093,43540,2822,2683,972,3655,35
2021-09-09,Solano,095,438530,42711,42081,1072,43153,303
2021-09-09,Sonoma,097,501317,38608,38171,478,38649,360
2021-09-09,Stanislaus,099,539301,70689,69178,8145,77323,1074
2021-09-09,Sutter,101,95872,12648,12396,216,12612,144
2021-09-09,Tehama,103,63373,6830,6554,1133,7687,75
2021-09-09,Trinity,105,12862,598,523,166,689,6
2021-09-09,Tulare,107,460477,59135,57564,12636,70200,879
2021-09-09,Tuolumne,109,53932,5980,5802,60,5862,89
2021-09-09,Ventura,111,848112,93005,91610,4157,95767,1098
2021-09-09,Yolo,113,214977,18039,17724,930,18654,239
2021-09-09,Yuba,115,75493,8868,8707,196,8903,55
2021-09-08,Alameda,001,1643700,112321,110781,2729,113510,1305
2021-09-08,Alpine,003,1148,98,94,0,94,0
2021-09-08,Amador,005,37829,4796,4693,49,4742,56
2021-09-08,Butte,007,227075,17453,16775,3148,19923,220
2021-09-08,Calaveras,009,45235,3238,3157,24,3181,63
2021-09-08,Colusa,011,21464,2359,2308,524,2832,16
2021-09-08,Contra Costa,013,1133247,92525,91471,1913,93384,900
2021-09-08,Del Norte,015,27424,3255,3085,21,3106,25
2021-09-08,El Dorado,017,186661,14239,13928,1436,15364,119
2021-09-08,Fresno,019,978130,122640,120644,11088,131732,1831
2021-09-08,Glenn,021,27897,3035,2942,860,3802,20
2021-09-08,Humboldt,023,135768,7673,7438,356,7794,52
2021-09-08,Imperial,025,180216,30851,30609,3097,33706,751
2021-09-08,Inyo,027,18085,1603,1580,25,1605,39
2021-09-08,Kern,029,883053,113346,110933,17343,128276,1409
2021-09-08,Kings,031,150075,27913,27235,1651,28886,267
2021-09-08,Lake,033,64148,5842,5618,118,5736,79
2021-09-08,Lassen,035,31185,5995,5848,227,6075,25
2021-09-08,Los Angeles,037,10098052,1372481,1362029,52864,1414893,25533
2021-09-08,Madera,039,155013,19907,19352,1527,20879,252
2021-09-08,Marin,041,260295,16564,16386,396,16782,242
2021-09-08,Mariposa,043,17540,829,777,22,799,5
2021-09-08,Mendocino,045,87422,6347,6069,257,6326,61
2021-09-08,Merced,047,269075,37235,36500,1381,37881,516
2021-09-08,Modoc,049,8938,463,448,159,607,5
2021-09-08,Mono,051,14174,1439,1418,14,1432,3
2021-09-08,Monterey,053,433212,46249,45959,2951,48910,554
2021-09-08,Napa,055,140530,12035,11842,76,11918,90
2021-09-08,Nevada,057,99092,8036,7843,270,8113,82
2021-09-08,Orange,059,3164182,292557,288511,14128,302639,5290
2021-09-08,Placer,061,380077,32662,31852,3104,34956,337
2021-09-08,Plumas,063,18699,1156,1072,24,1096,5
2021-09-08,Riverside,065,2383286,338291,334037,16166,350203,4683
2021-09-08,Sacramento,067,1510023,143329,142448,3531,145979,1921
2021-09-08,San Benito,069,59416,6850,6800,145,6945,64
2021-09-08,San Bernardino,071,2135413,334048,330279,10777,341056,5411
2021-09-08,San Diego,073,3302833,346365,341437,19989,361426,3926
2021-09-08,San Francisco,075,870044,48827,48263,2373,50636,589
2021-09-08,San Joaquin,077,732212,90933,89631,4985,94616,1561
2021-09-08,San Luis Obispo,079,281455,26795,26303,1054,27357,294
2021-09-08,San Mateo,081,765935,50527,50051,1187,51238,561
2021-09-08,Santa Barbara,083,443738,41144,40000,1543,41543,490
2021-09-08,Santa Clara,085,1922200,138197,136836,1102,137938,1810
2021-09-08,Santa Cruz,087,273765,18932,18699,1030,19729,210
2021-09-08,Shasta,089,179085,17094,16227,2732,18959,234
2021-09-08,Sierra,091,2930,127,113,15,128,0
2021-09-08,Siskiyou,093,43540,2789,2643,961,3604,35
2021-09-08,Solano,095,438530,42622,41971,1069,43040,302
2021-09-08,Sonoma,097,501317,38525,38075,477,38552,360
2021-09-08,Stanislaus,099,539301,70443,68945,8107,77052,1074
2021-09-08,Sutter,101,95872,12583,12349,213,12562,144
2021-09-08,Tehama,103,63373,6763,6520,1116,7636,75
2021-09-08,Trinity,105,12862,595,520,162,682,6
2021-09-08,Tulare,107,460477,58811,57425,12579,70004,876
2021-09-08,Tuolumne,109,53932,5947,5783,58,5841,89
2021-09-08,Ventura,111,848112,92855,91345,4139,95484,1096
2021-09-08,Yolo,113,214977,17958,17680,925,18605,239
2021-09-08,Yuba,115,75493,8826,8675,194,8869,55
2021-09-07,Alameda,001,1643700,112016,110550,2722,113272,1301
2021-09-07,Alpine,003,1148,97,94,0,94,0
2021-09-07,Amador,005,37829,4769,4679,49,4728,53
2021-09-07,Butte,007,227075,17297,16723,3112,19835,220
2021-09-07,Calaveras,009,45235,3197,3140,22,3162,63
2021-09-07,Colusa,011,21464,2348,2306,523,2829,16
2021-09-07,Contra Costa,013,1133247,92265,91167,1907,93074,891
2021-09-07,Del Norte,015,27424,3241,3081,21,3102,24
2021-09-07,El Dorado,017,186661,14168,13892,1420,15312,119
2021-09-07,Fresno,019,978130,122091,120268,11035,131303,1828
2021-09-07,Glenn,021,27897,3015,2937,852,3789,20
2021-09-07,Humboldt,023,135768,7613,7397,339,7736,52
2021-09-07,Imperial,025,180216,30811,30584,3089,33673,751
2021-09-07,Inyo,027,18085,1597,1579,24,1603,39
2021-09-07,Kern,029,883053,112914,110674,17178,127852,1408
2021-09-07,Kings,031,150075,27789,27169,1633,28802,267
2021-09-07,Lake,033,64148,5800,5597,110,5707,78
2021-09-07,Lassen,035,31185,5977,5842,221,6063,21
2021-09-07,Los Angeles,037,10098052,1370255,1360407,52768,1413175,25486
2021-09-07,Madera,039,155013,19820,19316,1521,20837,249
2021-09-07,Marin,041,260295,16526,16363,396,16759,242
2021-09-07,Mariposa,043,17540,814,771,22,793,5
2021-09-07,Mendocino,045,87422,6290,6036,246,6282,61
2021-09-07,Merced,047,269075,37061,36400,1376,37776,513
2021-09-07,Modoc,049,8938,461,449,159,608,5
2021-09-07,Mono,051,14174,1430,1416,14,1430,3
2021-09-07,Monterey,053,433212,46183,45911,2920,48831,543
2021-09-07,Napa,055,140530,11994,11814,76,11890,90
2021-09-07,Nevada,057,99092,8008,7829,270,8099,82
2021-09-07,Orange,059,3164182,292130,288225,14097,302322,5274
2021-09-07,Placer,061,380077,32509,31710,3075,34785,337
2021-09-07,Plumas,063,18699,1141,1071,24,1095,5
2021-09-07,Riverside,065,2383286,337505,333390,16147,349537,4666
2021-09-07,Sacramento,067,1510023,142790,142364,3484,145848,1905
2021-09-07,San Benito,069,59416,6832,6786,145,6931,64
2021-09-07,San Bernardino,071,2135413,333308,329962,10750,340712,5407
2021-09-07,San Diego,073,3302833,345353,340709,19925,360634,3922
2021-09-07,San Francisco,075,870044,48689,48175,2365,50540,589
2021-09-07,San Joaquin,077,732212,90600,89468,4970,94438,1548
2021-09-07,San Luis Obispo,079,281455,26677,26253,1045,27298,287
2021-09-07,San Mateo,081,765935,50439,49913,1181,51094,561
2021-09-07,Santa Barbara,083,443738,41019,39957,1538,41495,489
2021-09-07,Santa Clara,085,1922200,137911,136631,1095,137726,1807
2021-09-07,Santa Cruz,087,273765,18883,18669,1027,19696,210
2021-09-07,Shasta,089,179085,16939,16096,2678,18774,226
2021-09-07,Sierra,091,2930,127,111,15,126,0
2021-09-07,Siskiyou,093,43540,2764,2607,943,3550,34
2021-09-07,Solano,095,438530,42502,41862,1065,42927,300
2021-09-07,Sonoma,097,501317,38440,38013,474,38487,358
2021-09-07,Stanislaus,099,539301,70157,68831,8084,76915,1074
2021-09-07,Sutter,101,95872,12509,12310,207,12517,138
2021-09-07,Tehama,103,63373,6711,6482,1095,7577,74
2021-09-07,Trinity,105,12862,589,517,162,679,6
2021-09-07,Tulare,107,460477,58462,57228,12497,69725,874
2021-09-07,Tuolumne,109,53932,5910,5759,58,5817,88
2021-09-07,Ventura,111,848112,92645,91246,4128,95374,1093
2021-09-07,Yolo,113,214977,17889,17653,920,18573,235
2021-09-07,Yuba,115,75493,8783,8642,189,8831,55
2021-09-06,Alameda,001,1643700,111706,110357,2713,113070,1301
2021-09-06,Alpine,003,1148,95,94,0,94,0
2021-09-06,Amador,005,37829,4753,4648,48,4696,53
2021-09-06,Butte,007,227075,17105,16588,3068,19656,218
2021-09-06,Calaveras,009,45235,3179,3122,22,3144,63
2021-09-06,Colusa,011,21464,2341,2306,518,2824,16
2021-09-06,Contra Costa,013,1133247,91972,90971,1896,92867,891
2021-09-06,Del Norte,015,27424,3200,3037,20,3057,24
2021-09-06,El Dorado,017,186661,14099,13848,1404,15252,119
2021-09-06,Fresno,019,978130,121524,119738,10976,130714,1828
2021-09-06,Glenn,021,27897,2982,2912,837,3749,20
2021-09-06,Humboldt,023,135768,7536,7320,321,7641,52
2021-09-06,Imperial,025,180216,30748,30576,3083,33659,751
2021-09-06,Inyo,027,18085,1591,1578,9,1587,39
2021-09-06,Kern,029,883053,112407,110347,16985,127332,1408
2021-09-06,Kings,031,150075,27649,27094,1615,28709,264
2021-09-06,Lake,033,64148,5736,5548,103,5651,78
2021-09-06,Lassen,035,31185,5951,5822,210,6032,21
2021-09-06,Los Angeles,037,10098052,1367884,1359348,52649,1411997,25477
2021-09-06,Madera,039,155013,19718,19191,1502,20693,249
2021-09-06,Marin,041,260295,16486,16356,396,16752,242
2021-09-06,Mariposa,043,17540,802,764,22,786,5
2021-09-06,Mendocino,045,87422,6223,5984,232,6216,61
2021-09-06,Merced,047,269075,36844,36300,1367,37667,513
2021-09-06,Modoc,049,8938,458,449,159,608,5
2021-09-06,Mono,051,14174,1427,1416,14,1430,3
2021-09-06,Monterey,053,433212,46119,45833,2875,48708,541
2021-09-06,Napa,055,140530,11951,11792,75,11867,90
2021-09-06,Nevada,057,99092,7960,7748,268,8016,82
2021-09-06,Orange,059,3164182,291633,287948,14042,301990,5274
2021-09-06,Placer,061,380077,32334,31595,3034,34629,337
2021-09-06,Plumas,063,18699,1120,1068,21,1089,5
2021-09-06,Riverside,065,2383286,336686,333052,16126,349178,4666
2021-09-06,Sacramento,067,1510023,142152,141730,3412,145142,1905
2021-09-06,San Benito,069,59416,6809,6777,142,6919,64
2021-09-06,San Bernardino,071,2135413,332426,329693,10719,340412,5398
2021-09-06,San Diego,073,3302833,344336,340222,19829,360051,3922
2021-09-06,San Francisco,075,870044,48555,48120,2359,50479,589
2021-09-06,San Joaquin,077,732212,90256,89293,4945,94238,1548
2021-09-06,San Luis Obispo,079,281455,26549,26183,1042,27225,286
2021-09-06,San Mateo,081,765935,50328,49859,1164,51023,561
2021-09-06,Santa Barbara,083,443738,40891,39876,1529,41405,489
2021-09-06,Santa Clara,085,1922200,137623,136458,1092,137550,1807
2021-09-06,Santa Cruz,087,273765,18831,18615,1024,19639,210
2021-09-06,Shasta,089,179085,16760,15985,2623,18608,226
2021-09-06,Sierra,091,2930,127,109,15,124,0
2021-09-06,Siskiyou,093,43540,2720,2595,909,3504,34
2021-09-06,Solano,095,438530,42363,41774,1059,42833,300
2021-09-06,Sonoma,097,501317,38320,37929,473,38402,358
2021-09-06,Stanislaus,099,539301,69783,68596,8036,76632,1074
2021-09-06,Sutter,101,95872,12447,12238,198,12436,138
2021-09-06,Tehama,103,63373,6649,6413,1068,7481,74
2021-09-06,Trinity,105,12862,586,515,160,675,6
2021-09-06,Tulare,107,460477,58108,57068,12416,69484,874
2021-09-06,Tuolumne,109,53932,5875,5697,58,5755,88
2021-09-06,Ventura,111,848112,92470,91132,4117,95249,1093
2021-09-06,Yolo,113,214977,17807,17576,914,18490,235
2021-09-06,Yuba,115,75493,8733,8584,185,8769,55
2021-09-05,Alameda,001,1643700,111516,110173,2710,112883,1301
2021-09-05,Alpine,003,1148,95,94,0,94,0
2021-09-05,Amador,005,37829,4741,4642,48,4690,53
2021-09-05,Butte,007,227075,17015,16504,3040,19544,218
2021-09-05,Calaveras,009,45235,3172,3106,22,3128,63
2021-09-05,Colusa,011,21464,2333,2305,516,2821,16
2021-09-05,Contra Costa,013,1133247,91788,90862,1890,92752,891
2021-09-05,Del Norte,015,27424,3179,3023,20,3043,24
2021-09-05,El Dorado,017,186661,14070,13827,1390,15217,119
2021-09-05,Fresno,019,978130,121227,119384,10942,130326,1828
2021-09-05,Glenn,021,27897,2974,2899,834,3733,20
2021-09-05,Humboldt,023,135768,7503,7312,318,7630,52
2021-09-05,Imperial,025,180216,30719,30548,3081,33629,751
2021-09-05,Inyo,027,18085,1588,1572,9,1581,39
2021-09-05,Kern,029,883053,112110,110073,16820,126893,1408
2021-09-05,Kings,031,150075,27572,26989,1611,28600,264
2021-09-05,Lake,033,64148,5716,5525,103,5628,78
2021-09-05,Lassen,035,31185,5929,5820,206,6026,21
2021-09-05,Los Angeles,037,10098052,1366601,1357748,52574,1410322,25465
2021-09-05,Madera,039,155013,19675,19155,1493,20648,249
2021-09-05,Marin,041,260295,16467,16342,395,16737,242
2021-09-05,Mariposa,043,17540,798,761,22,783,5
2021-09-05,Mendocino,045,87422,6189,5965,232,6197,61
2021-09-05,Merced,047,269075,36768,36243,1366,37609,513
2021-09-05,Modoc,049,8938,458,447,159,606,5
2021-09-05,Mono,051,14174,1427,1416,14,1430,3
2021-09-05,Monterey,053,433212,46095,45795,2862,48657,540
2021-09-05,Napa,055,140530,11926,11770,75,11845,90
2021-09-05,Nevada,057,99092,7938,7722,267,7989,82
2021-09-05,Orange,059,3164182,291348,287614,14025,301639,5274
2021-09-05,Placer,061,380077,32207,31487,3020,34507,337
2021-09-05,Plumas,063,18699,1114,1067,21,1088,5
2021-09-05,Riverside,065,2383286,336233,332604,16115,348719,4654
2021-09-05,Sacramento,067,1510023,141720,141276,3390,144666,1905
2021-09-05,San Benito,069,59416,6808,6764,142,6906,64
2021-09-05,San Bernardino,071,2135413,332045,329062,10704,339766,5392
2021-09-05,San Diego,073,3302833,343778,339427,19793,359220,3914
2021-09-05,San Francisco,075,870044,48477,48035,2354,50389,589
2021-09-05,San Joaquin,077,732212,90092,89121,4928,94049,1548
2021-09-05,San Luis Obispo,079,281455,26501,26098,1041,27139,285
2021-09-05,San Mateo,081,765935,50264,49809,1158,50967,561
2021-09-05,Santa Barbara,083,443738,40824,39762,1527,41289,489
2021-09-05,Santa Clara,085,1922200,137413,136146,1090,137236,1807
2021-09-05,Santa Cruz,087,273765,18811,18588,1022,19610,210
2021-09-05,Shasta,089,179085,16677,15960,2597,18557,226
2021-09-05,Sierra,091,2930,126,109,15,124,0
2021-09-05,Siskiyou,093,43540,2703,2585,895,3480,34
2021-09-05,Solano,095,438530,42268,41687,1054,42741,300
2021-09-05,Sonoma,097,501317,38238,37881,472,38353,358
2021-09-05,Stanislaus,099,539301,69634,68434,8012,76446,1074
2021-09-05,Sutter,101,95872,12417,12179,192,12371,138
2021-09-05,Tehama,103,63373,6624,6400,1062,7462,74
2021-09-05,Trinity,105,12862,579,505,159,664,6
2021-09-05,Tulare,107,460477,57941,56915,12371,69286,874
2021-09-05,Tuolumne,109,53932,5863,5688,58,5746,88
2021-09-05,Ventura,111,848112,92335,91004,4113,95117,1093
2021-09-05,Yolo,113,214977,17772,17557,908,18465,235
2021-09-05,Yuba,115,75493,8707,8521,183,8704,55
2021-09-04,Alameda,001,1643700,111389,109944,2703,112647,1301
2021-09-04,Alpine,003,1148,95,94,0,94,0
2021-09-04,Amador,005,37829,4723,4637,47,4684,53
2021-09-04,Butte,007,227075,16958,16403,3024,19427,218
2021-09-04,Calaveras,009,45235,3161,3087,21,3108,63
2021-09-04,Colusa,011,21464,2331,2301,516,2817,16
2021-09-04,Contra Costa,013,1133247,91675,90623,1887,92510,891
2021-09-04,Del Norte,015,27424,3168,2984,20,3004,24
2021-09-04,El Dorado,017,186661,14044,13782,1382,15164,119
2021-09-04,Fresno,019,978130,121034,119033,10925,129958,1828
2021-09-04,Glenn,021,27897,2969,2878,830,3708,20
2021-09-04,Humboldt,023,135768,7472,7298,312,7610,52
2021-09-04,Imperial,025,180216,30696,30526,3079,33605,751
2021-09-04,Inyo,027,18085,1586,1571,9,1580,39
2021-09-04,Kern,029,883053,111865,109751,16689,126440,1408
2021-09-04,Kings,031,150075,27484,26896,1605,28501,263
2021-09-04,Lake,033,64148,5698,5507,103,5610,78
2021-09-04,Lassen,035,31185,5914,5814,198,6012,21
2021-09-04,Los Angeles,037,10098052,1365662,1355634,52512,1408146,25454
2021-09-04,Madera,039,155013,19642,19112,1486,20598,249
2021-09-04,Marin,041,260295,16451,16319,394,16713,242
2021-09-04,Mariposa,043,17540,793,759,22,781,5
2021-09-04,Mendocino,045,87422,6153,5933,232,6165,61
2021-09-04,Merced,047,269075,36723,36083,1363,37446,513
2021-09-04,Modoc,049,8938,458,447,159,606,5
2021-09-04,Mono,051,14174,1427,1417,14,1431,3
2021-09-04,Monterey,053,433212,46073,45756,2849,48605,540
2021-09-04,Napa,055,140530,11901,11760,73,11833,90
2021-09-04,Nevada,057,99092,7923,7691,266,7957,82
2021-09-04,Orange,059,3164182,291085,287244,14004,301248,5274
2021-09-04,Placer,061,380077,32102,31374,3003,34377,337
2021-09-04,Plumas,063,18699,1106,1067,21,1088,5
2021-09-04,Riverside,065,2383286,335763,331958,16103,348061,4654
2021-09-04,Sacramento,067,1510023,141429,140735,3381,144116,1896
2021-09-04,San Benito,069,59416,6799,6758,142,6900,64
2021-09-04,San Bernardino,071,2135413,331713,328425,10691,339116,5393
2021-09-04,San Diego,073,3302833,343344,338748,19771,358519,3914
2021-09-04,San Francisco,075,870044,48406,47937,2341,50278,589
2021-09-04,San Joaquin,077,732212,89977,88846,4918,93764,1548
2021-09-04,San Luis Obispo,079,281455,26470,26020,1041,27061,285
2021-09-04,San Mateo,081,765935,50217,49721,1149,50870,560
2021-09-04,Santa Barbara,083,443738,40758,39667,1525,41192,489
2021-09-04,Santa Clara,085,1922200,137227,135845,1087,136932,1806
2021-09-04,Santa Cruz,087,273765,18793,18579,1018,19597,210
2021-09-04,Shasta,089,179085,16600,15924,2571,18495,226
2021-09-04,Sierra,091,2930,124,108,15,123,0
2021-09-04,Siskiyou,093,43540,2677,2563,883,3446,34
2021-09-04,Solano,095,438530,42195,41614,1052,42666,300
2021-09-04,Sonoma,097,501317,38205,37809,472,38281,358
2021-09-04,Stanislaus,099,539301,69476,68210,7988,76198,1074
2021-09-04,Sutter,101,95872,12376,12137,191,12328,138
2021-09-04,Tehama,103,63373,6599,6367,1044,7411,74
2021-09-04,Trinity,105,12862,577,497,159,656,6
2021-09-04,Tulare,107,460477,57834,56719,12328,69047,874
2021-09-04,Tuolumne,109,53932,5845,5667,56,5723,88
2021-09-04,Ventura,111,848112,92200,90904,4110,95014,1090
2021-09-04,Yolo,113,214977,17738,17522,904,18426,235
2021-09-04,Yuba,115,75493,8679,8475,182,8657,55
2021-09-03,Alameda,001,1643700,111240,109636,2700,112336,1301
2021-09-03,Alpine,003,1148,95,94,0,94,0
2021-09-03,Amador,005,37829,4701,4614,47,4661,53
2021-09-03,Butte,007,227075,16868,16259,2998,19257,215
2021-09-03,Calaveras,009,45235,3151,3069,21,3090,63
2021-09-03,Colusa,011,21464,2326,2295,515,2810,16
2021-09-03,Contra Costa,013,1133247,91524,90299,1884,92183,886
2021-09-03,Del Norte,015,27424,3140,2943,19,2962,24
2021-09-03,El Dorado,017,186661,14011,13710,1378,15088,119
2021-09-03,Fresno,019,978130,120702,118508,10910,129418,1822
2021-09-03,Glenn,021,27897,2963,2867,823,3690,20
2021-09-03,Humboldt,023,135768,7448,7194,307,7501,52
2021-09-03,Imperial,025,180216,30673,30475,3074,33549,751
2021-09-03,Inyo,027,18085,1581,1567,9,1576,39
2021-09-03,Kern,029,883053,111649,109296,16575,125871,1407
2021-09-03,Kings,031,150075,27402,26753,1600,28353,263
2021-09-03,Lake,033,64148,5678,5479,101,5580,78
2021-09-03,Lassen,035,31185,5897,5789,193,5982,21
2021-09-03,Los Angeles,037,10098052,1364334,1351185,52445,1403630,25384
2021-09-03,Madera,039,155013,19558,19021,1479,20500,247
2021-09-03,Marin,041,260295,16429,16293,393,16686,242
2021-09-03,Mariposa,043,17540,785,753,22,775,5
2021-09-03,Mendocino,045,87422,6118,5891,231,6122,61
2021-09-03,Merced,047,269075,36669,35941,1354,37295,512
2021-09-03,Modoc,049,8938,458,445,159,604,5
2021-09-03,Mono,051,14174,1426,1410,14,1424,3
2021-09-03,Monterey,053,433212,46046,45707,2834,48541,540
2021-09-03,Napa,055,140530,11880,11733,73,11806,89
2021-09-03,Nevada,057,99092,7890,7632,266,7898,82
2021-09-03,Orange,059,3164182,290765,286818,13975,300793,5253
2021-09-03,Placer,061,380077,31995,31238,2978,34216,335
2021-09-03,Plumas,063,18699,1095,1057,21,1078,5
2021-09-03,Riverside,065,2383286,335231,331011,16087,347098,4653
2021-09-03,Sacramento,067,1510023,141060,139982,3362,143344,1886
2021-09-03,San Benito,069,59416,6793,6746,142,6888,64
2021-09-03,San Bernardino,071,2135413,331304,327599,10681,338280,5381
2021-09-03,San Diego,073,3302833,342722,337627,19740,357367,3911
2021-09-03,San Francisco,075,870044,48332,47822,2332,50154,589
2021-09-03,San Joaquin,077,732212,89825,88366,4910,93276,1540
2021-09-03,San Luis Obispo,079,281455,26395,25917,1039,26956,283
2021-09-03,San Mateo,081,765935,50136,49617,1134,50751,560
2021-09-03,Santa Barbara,083,443738,40692,39507,1522,41029,489
2021-09-03,Santa Clara,085,1922200,137022,135522,1083,136605,1801
2021-09-03,Santa Cruz,087,273765,18768,18532,1018,19550,210
2021-09-03,Shasta,089,179085,16525,15778,2547,18325,226
2021-09-03,Sierra,091,2930,122,105,15,120,0
2021-09-03,Siskiyou,093,43540,2665,2529,870,3399,34
2021-09-03,Solano,095,438530,42120,41457,1049,42506,300
2021-09-03,Sonoma,097,501317,38143,37699,472,38171,358
2021-09-03,Stanislaus,099,539301,69300,67887,7961,75848,1074
2021-09-03,Sutter,101,95872,12337,12073,190,12263,139
2021-09-03,Tehama,103,63373,6560,6334,1036,7370,72
2021-09-03,Trinity,105,12862,576,490,154,644,6
2021-09-03,Tulare,107,460477,57707,56401,12275,68676,872
2021-09-03,Tuolumne,109,53932,5803,5630,56,5686,88
2021-09-03,Ventura,111,848112,92066,90742,4106,94848,1088
2021-09-03,Yolo,113,214977,17715,17446,898,18344,235
2021-09-03,Yuba,115,75493,8647,8412,182,8594,55
2021-09-02,Alameda,001,1643700,110982,109377,2696,112073,1301
2021-09-02,Alpine,003,1148,94,92,0,92,0
2021-09-02,Amador,005,37829,4685,4606,47,4653,53
2021-09-02,Butte,007,227075,16744,16154,2978,19132,215
2021-09-02,Calaveras,009,45235,3140,3042,21,3063,62
2021-09-02,Colusa,011,21464,2323,2290,513,2803,16
2021-09-02,Contra Costa,013,1133247,91344,90038,1876,91914,886
2021-09-02,Del Norte,015,27424,3109,2891,19,2910,24
2021-09-02,El Dorado,017,186661,13952,13641,1350,14991,119
2021-09-02,Fresno,019,978130,120216,117974,10873,128847,1804
2021-09-02,Glenn,021,27897,2940,2855,818,3673,20
2021-09-02,Humboldt,023,135768,7401,7141,295,7436,52
2021-09-02,Imperial,025,180216,30629,30449,3070,33519,751
2021-09-02,Inyo,027,18085,1576,1564,8,1572,39
2021-09-02,Kern,029,883053,111238,108930,16428,125358,1404
2021-09-02,Kings,031,150075,27310,26638,1590,28228,263
2021-09-02,Lake,033,64148,5649,5432,96,5528,78
2021-09-02,Lassen,035,31185,5883,5747,186,5933,21
2021-09-02,Los Angeles,037,10098052,1362479,1351105,52351,1403456,25382
2021-09-02,Madera,039,155013,19467,18937,1463,20400,247
2021-09-02,Marin,041,260295,16416,16244,391,16635,242
2021-09-02,Mariposa,043,17540,779,745,19,764,5
2021-09-02,Mendocino,045,87422,6077,5848,228,6076,61
2021-09-02,Merced,047,269075,36506,35820,1346,37166,508
2021-09-02,Modoc,049,8938,458,437,159,596,5
2021-09-02,Mono,051,14174,1426,1409,14,1423,3
2021-09-02,Monterey,053,433212,45994,45648,2807,48455,539
2021-09-02,Napa,055,140530,11851,11684,73,11757,88
2021-09-02,Nevada,057,99092,7838,7575,265,7840,82
2021-09-02,Orange,059,3164182,290308,286326,13938,300264,5240
2021-09-02,Placer,061,380077,31858,31067,2948,34015,330
2021-09-02,Plumas,063,18699,1084,1045,20,1065,5
2021-09-02,Riverside,065,2383286,334518,330190,16061,346251,4644
2021-09-02,Sacramento,067,1510023,140478,139274,3322,142596,1882
2021-09-02,San Benito,069,59416,6788,6734,141,6875,64
2021-09-02,San Bernardino,071,2135413,330699,326940,10606,337546,5369
2021-09-02,San Diego,073,3302833,341754,336382,19688,356070,3909
2021-09-02,San Francisco,075,870044,48225,47674,2326,50000,587
2021-09-02,San Joaquin,077,732212,89540,88056,4885,92941,1540
2021-09-02,San Luis Obispo,079,281455,26311,25851,1034,26885,283
2021-09-02,San Mateo,081,765935,50047,49490,1120,50610,558
2021-09-02,Santa Barbara,083,443738,40602,39386,1508,40894,486
2021-09-02,Santa Clara,085,1922200,136721,135216,1078,136294,1799
2021-09-02,Santa Cruz,087,273765,18734,18473,1016,19489,210
2021-09-02,Shasta,089,179085,16388,15670,2516,18186,224
2021-09-02,Sierra,091,2930,122,105,15,120,0
2021-09-02,Siskiyou,093,43540,2646,2513,840,3353,34
2021-09-02,Solano,095,438530,42014,41293,1046,42339,294
2021-09-02,Sonoma,097,501317,38064,37558,472,38030,352
2021-09-02,Stanislaus,099,539301,69043,67576,7939,75515,1074
2021-09-02,Sutter,101,95872,12267,11995,186,12181,138
2021-09-02,Tehama,103,63373,6501,6265,1017,7282,72
2021-09-02,Trinity,105,12862,572,484,152,636,6
2021-09-02,Tulare,107,460477,57479,56105,12220,68325,872
2021-09-02,Tuolumne,109,53932,5748,5578,56,5634,88
2021-09-02,Ventura,111,848112,91884,90610,4101,94711,1084
2021-09-02,Yolo,113,214977,17646,17357,887,18244,235
2021-09-02,Yuba,115,75493,8588,8363,182,8545,55
2021-09-01,Alameda,001,1643700,110710,109075,2690,111765,1299
2021-09-01,Alpine,003,1148,94,92,0,92,0
2021-09-01,Amador,005,37829,4669,4599,46,4645,53
2021-09-01,Butte,007,227075,16629,16046,2952,18998,215
2021-09-01,Calaveras,009,45235,3126,3023,21,3044,59
2021-09-01,Colusa,011,21464,2318,2281,513,2794,16
2021-09-01,Contra Costa,013,1133247,91117,89834,1865,91699,877
2021-09-01,Del Norte,015,27424,3076,2860,19,2879,24
2021-09-01,El Dorado,017,186661,13896,13577,1322,14899,119
2021-09-01,Fresno,019,978130,119731,117492,10822,128314,1800
2021-09-01,Glenn,021,27897,2913,2846,808,3654,20
2021-09-01,Humboldt,023,135768,7353,7090,288,7378,52
2021-09-01,Imperial,025,180216,30592,30393,3065,33458,750
2021-09-01,Inyo,027,18085,1573,1561,6,1567,39
2021-09-01,Kern,029,883053,110815,108449,16284,124733,1400
2021-09-01,Kings,031,150075,27197,26443,1579,28022,263
2021-09-01,Lake,033,64148,5607,5396,91,5487,77
2021-09-01,Lassen,035,31185,5861,5731,182,5913,21
2021-09-01,Los Angeles,037,10098052,1360254,1348589,52240,1400829,25341
2021-09-01,Madera,039,155013,19389,18852,1449,20301,247
2021-09-01,Marin,041,260295,16394,16224,386,16610,240
2021-09-01,Mariposa,043,17540,771,735,19,754,5
2021-09-01,Mendocino,045,87422,6037,5821,223,6044,59
2021-09-01,Merced,047,269075,36329,35686,1337,37023,500
2021-09-01,Modoc,049,8938,452,436,157,593,5
2021-09-01,Mono,051,14174,1426,1400,14,1414,3
2021-09-01,Monterey,053,433212,45925,45590,2780,48370,539
2021-09-01,Napa,055,140530,11820,11653,73,11726,88
2021-09-01,Nevada,057,99092,7785,7508,264,7772,82
2021-09-01,Orange,059,3164182,289837,285840,13897,299737,5233
2021-09-01,Placer,061,380077,31704,30902,2934,33836,330
2021-09-01,Plumas,063,18699,1076,1033,20,1053,5
2021-09-01,Riverside,065,2383286,333705,329388,16028,345416,4634
2021-09-01,Sacramento,067,1510023,139866,138499,3276,141775,1875
2021-09-01,San Benito,069,59416,6771,6716,141,6857,64
2021-09-01,San Bernardino,071,2135413,330053,326250,10576,336826,5364
2021-09-01,San Diego,073,3302833,340713,335302,19639,354941,3908
2021-09-01,San Francisco,075,870044,48119,47538,2316,49854,584
2021-09-01,San Joaquin,077,732212,89219,87640,4861,92501,1540
2021-09-01,San Luis Obispo,079,281455,26215,25691,1029,26720,283
2021-09-01,San Mateo,081,765935,49940,49394,1106,50500,558
2021-09-01,Santa Barbara,083,443738,40485,39263,1492,40755,483
2021-09-01,Santa Clara,085,1922200,136453,134855,1073,135928,1796
2021-09-01,Santa Cruz,087,273765,18687,18453,1014,19467,210
2021-09-01,Shasta,089,179085,16256,15552,2473,18025,221
2021-09-01,Sierra,091,2930,121,98,15,113,0
2021-09-01,Siskiyou,093,43540,2617,2482,819,3301,34
2021-09-01,Solano,095,438530,41869,41194,1041,42235,293
2021-09-01,Sonoma,097,501317,37969,37454,471,37925,352
2021-09-01,Stanislaus,099,539301,68752,67287,7908,75195,1075
2021-09-01,Sutter,101,95872,12203,11945,179,12124,136
2021-09-01,Tehama,103,63373,6467,6228,1000,7228,72
2021-09-01,Trinity,105,12862,571,482,149,631,5
2021-09-01,Tulare,107,460477,57197,55768,12183,67951,870
2021-09-01,Tuolumne,109,53932,5708,5553,56,5609,88
2021-09-01,Ventura,111,848112,91669,90471,4085,94556,1089
2021-09-01,Yolo,113,214977,17592,17264,880,18144,235
2021-09-01,Yuba,115,75493,8527,8308,182,8490,55
2021-08-31,Alameda,001,1643700,110403,108837,2683,111520,1297
2021-08-31,Alpine,003,1148,92,92,0,92,0
2021-08-31,Amador,005,37829,4648,4555,46,4601,53
2021-08-31,Butte,007,227075,16491,15896,2909,18805,216
2021-08-31,Calaveras,009,45235,3088,3008,21,3029,59
2021-08-31,Colusa,011,21464,2316,2275,511,2786,16
2021-08-31,Contra Costa,013,1133247,90824,89546,1854,91400,871
2021-08-31,Del Norte,015,27424,3040,2830,19,2849,19
2021-08-31,El Dorado,017,186661,13827,13539,1304,14843,119
2021-08-31,Fresno,019,978130,119159,117155,10756,127911,1801
2021-08-31,Glenn,021,27897,2897,2829,794,3623,20
2021-08-31,Humboldt,023,135768,7277,7030,274,7304,52
2021-08-31,Imperial,025,180216,30555,30348,3057,33405,750
2021-08-31,Inyo,027,18085,1569,1550,6,1556,39
2021-08-31,Kern,029,883053,110313,108151,16103,124254,1393
2021-08-31,Kings,031,150075,27057,26405,1564,27969,260
2021-08-31,Lake,033,64148,5563,5359,88,5447,74
2021-08-31,Lassen,035,31185,5835,5702,179,5881,21
2021-08-31,Los Angeles,037,10098052,1357750,1346686,52159,1398845,25303
2021-08-31,Madera,039,155013,19299,18811,1433,20244,247
2021-08-31,Marin,041,260295,16365,16215,383,16598,240
2021-08-31,Mariposa,043,17540,763,732,19,751,5
2021-08-31,Mendocino,045,87422,5997,5777,221,5998,59
2021-08-31,Merced,047,269075,36159,35512,1332,36844,498
2021-08-31,Modoc,049,8938,451,436,157,593,5
2021-08-31,Mono,051,14174,1410,1398,14,1412,3
2021-08-31,Monterey,053,433212,45861,45550,2747,48297,539
2021-08-31,Napa,055,140530,11773,11618,73,11691,88
2021-08-31,Nevada,057,99092,7718,7460,264,7724,82
2021-08-31,Orange,059,3164182,289236,285310,13859,299169,5229
2021-08-31,Placer,061,380077,31518,30745,2895,33640,325
2021-08-31,Plumas,063,18699,1072,1018,19,1037,5
2021-08-31,Riverside,065,2383286,332732,328556,15995,344551,4627
2021-08-31,Sacramento,067,1510023,139195,137879,3237,141116,1863
2021-08-31,San Benito,069,59416,6759,6694,139,6833,64
2021-08-31,San Bernardino,071,2135413,329314,325446,10556,336002,5350
2021-08-31,San Diego,073,3302833,339444,334377,19591,353968,3888
2021-08-31,San Francisco,075,870044,47980,47440,2292,49732,581
2021-08-31,San Joaquin,077,732212,88775,87365,4846,92211,1540
2021-08-31,San Luis Obispo,079,281455,26091,25518,1025,26543,282
2021-08-31,San Mateo,081,765935,49835,49299,1099,50398,556
2021-08-31,Santa Barbara,083,443738,40339,39091,1484,40575,481
2021-08-31,Santa Clara,085,1922200,136102,134637,1069,135706,1793
2021-08-31,Santa Cruz,087,273765,18646,18419,1011,19430,210
2021-08-31,Shasta,089,179085,16103,15368,2445,17813,220
2021-08-31,Sierra,091,2930,118,95,15,110,0
2021-08-31,Siskiyou,093,43540,2597,2435,804,3239,33
2021-08-31,Solano,095,438530,41737,41067,1034,42101,289
2021-08-31,Sonoma,097,501317,37873,37379,470,37849,352
2021-08-31,Stanislaus,099,539301,68388,67004,7874,74878,1075
2021-08-31,Sutter,101,95872,12137,11901,175,12076,136
2021-08-31,Tehama,103,63373,6407,6169,969,7138,72
2021-08-31,Trinity,105,12862,565,480,149,629,3
2021-08-31,Tulare,107,460477,56864,55567,12110,67677,870
2021-08-31,Tuolumne,109,53932,5672,5516,56,5572,88
2021-08-31,Ventura,111,848112,91452,90292,4071,94363,1081
2021-08-31,Yolo,113,214977,17513,17205,871,18076,234
2021-08-31,Yuba,115,75493,8473,8253,182,8435,54
2021-08-30,Alameda,001,1643700,110078,107734,2672,110406,1296
2021-08-30,Alpine,003,1148,92,92,0,92,0
2021-08-30,Amador,005,37829,4637,4507,46,4553,53
2021-08-30,Butte,007,227075,16340,15719,2876,18595,214
2021-08-30,Calaveras,009,45235,3069,2975,21,2996,59
2021-08-30,Colusa,011,21464,2307,2271,507,2778,16
2021-08-30,Contra Costa,013,1133247,90568,87679,1843,89522,872
2021-08-30,Del Norte,015,27424,2998,2796,18,2814,11
2021-08-30,El Dorado,017,186661,13758,13217,1287,14504,119
2021-08-30,Fresno,019,978130,118597,115867,10695,126562,1790
2021-08-30,Glenn,021,27897,2886,2804,791,3595,20
2021-08-30,Humboldt,023,135768,7224,6930,267,7197,52
2021-08-30,Imperial,025,180216,30517,30311,3052,33363,750
2021-08-30,Inyo,027,18085,1564,1544,6,1550,39
2021-08-30,Kern,029,883053,109838,107615,15934,123549,1389
2021-08-30,Kings,031,150075,26942,26236,1548,27784,259
2021-08-30,Lake,033,64148,5529,5323,84,5407,74
2021-08-30,Lassen,035,31185,5813,5667,173,5840,21
2021-08-30,Los Angeles,037,10098052,1355308,1344949,52068,1397017,25269
2021-08-30,Madera,039,155013,19218,18622,1416,20038,247
2021-08-30,Marin,041,260295,16334,16160,383,16543,240
2021-08-30,Mariposa,043,17540,757,715,18,733,5
2021-08-30,Mendocino,045,87422,5964,5721,217,5938,55
2021-08-30,Merced,047,269075,36029,35335,1330,36665,497
2021-08-30,Modoc,049,8938,449,436,156,592,5
2021-08-30,Mono,051,14174,1410,1390,14,1404,3
2021-08-30,Monterey,053,433212,45807,45463,2721,48184,539
2021-08-30,Napa,055,140530,11723,11579,71,11650,87
2021-08-30,Nevada,057,99092,7659,7356,261,7617,82
2021-08-30,Orange,059,3164182,288662,284750,13805,298555,5223
2021-08-30,Placer,061,380077,31356,29825,2870,32695,319
2021-08-30,Plumas,063,18699,1055,998,19,1017,5
2021-08-30,Riverside,065,2383286,331835,327593,15964,343557,4623
2021-08-30,Sacramento,067,1510023,138547,134571,3186,137757,1847
2021-08-30,San Benito,069,59416,6750,6663,139,6802,64
2021-08-30,San Bernardino,071,2135413,328637,324870,10526,335396,5348
2021-08-30,San Diego,073,3302833,338164,333011,19520,352531,3885
2021-08-30,San Francisco,075,870044,47845,46966,2274,49240,581
2021-08-30,San Joaquin,077,732212,88444,86203,4826,91029,1528
2021-08-30,San Luis Obispo,079,281455,25965,25422,1018,26440,280
2021-08-30,San Mateo,081,765935,49721,48839,1082,49921,554
2021-08-30,Santa Barbara,083,443738,40191,38998,1479,40477,481
2021-08-30,Santa Clara,085,1922200,135781,133281,1061,134342,1789
2021-08-30,Santa Cruz,087,273765,18591,18326,1007,19333,210
2021-08-30,Shasta,089,179085,15974,15238,2401,17639,217
2021-08-30,Sierra,091,2930,116,91,15,106,0
2021-08-30,Siskiyou,093,43540,2584,2411,793,3204,33
2021-08-30,Solano,095,438530,41597,39986,1030,41016,290
2021-08-30,Sonoma,097,501317,37770,36764,470,37234,352
2021-08-30,Stanislaus,099,539301,68045,66173,7844,74017,1074
2021-08-30,Sutter,101,95872,12066,11791,168,11959,136
2021-08-30,Tehama,103,63373,6328,6085,943,7028,71
2021-08-30,Trinity,105,12862,554,468,146,614,3
2021-08-30,Tulare,107,460477,56552,55140,12031,67171,870
2021-08-30,Tuolumne,109,53932,5626,5492,56,5548,74
2021-08-30,Ventura,111,848112,91236,90149,4059,94208,1082
2021-08-30,Yolo,113,214977,17450,17071,867,17938,231
2021-08-30,Yuba,115,75493,8399,8129,181,8310,54
2021-08-29,Alameda,001,1643700,109737,107494,2657,110151,1296
2021-08-29,Alpine,003,1148,92,92,0,92,0
2021-08-29,Amador,005,37829,4623,4501,46,4547,53
2021-08-29,Butte,007,227075,16171,15602,2839,18441,214
2021-08-29,Calaveras,009,45235,3035,2970,21,2991,59
2021-08-29,Colusa,011,21464,2297,2260,501,2761,16
2021-08-29,Contra Costa,013,1133247,90271,87439,1839,89278,872
2021-08-29,Del Norte,015,27424,2956,2752,17,2769,11
2021-08-29,El Dorado,017,186661,13703,13166,1276,14442,119
2021-08-29,Fresno,019,978130,118008,115502,10639,126141,1790
2021-08-29,Glenn,021,27897,2870,2778,785,3563,20
2021-08-29,Humboldt,023,135768,7180,6922,252,7174,52
2021-08-29,Imperial,025,180216,30456,30293,3042,33335,750
2021-08-29,Inyo,027,18085,1554,1543,5,1548,39
2021-08-29,Kern,029,883053,109393,107324,15758,123082,1389
2021-08-29,Kings,031,150075,26790,26143,1532,27675,259
2021-08-29,Lake,033,64148,5489,5293,74,5367,74
2021-08-29,Lassen,035,31185,5790,5666,169,5835,21
2021-08-29,Los Angeles,037,10098052,1352562,1342541,51951,1394492,25263
2021-08-29,Madera,039,155013,19131,18594,1401,19995,247
2021-08-29,Marin,041,260295,16303,16134,380,16514,240
2021-08-29,Mariposa,043,17540,751,709,17,726,5
2021-08-29,Mendocino,045,87422,5908,5689,204,5893,55
2021-08-29,Merced,047,269075,35791,35250,1318,36568,497
2021-08-29,Modoc,049,8938,446,436,156,592,5
2021-08-29,Mono,051,14174,1404,1387,14,1401,3
2021-08-29,Monterey,053,433212,45724,45424,2676,48100,539
2021-08-29,Napa,055,140530,11692,11552,71,11623,87
2021-08-29,Nevada,057,99092,7602,7294,260,7554,82
2021-08-29,Orange,059,3164182,288049,284432,13762,298194,5223
2021-08-29,Placer,061,380077,31183,29674,2829,32503,319
2021-08-29,Plumas,063,18699,1044,996,19,1015,5
2021-08-29,Riverside,065,2383286,330977,326987,15941,342928,4623
2021-08-29,Sacramento,067,1510023,137804,133981,3133,137114,1843
2021-08-29,San Benito,069,59416,6724,6646,139,6785,64
2021-08-29,San Bernardino,071,2135413,327851,324266,10492,334758,5347
2021-08-29,San Diego,073,3302833,337053,332014,19428,351442,3880
2021-08-29,San Francisco,075,870044,47715,46885,2257,49142,581
2021-08-29,San Joaquin,077,732212,87996,85922,4805,90727,1528
2021-08-29,San Luis Obispo,079,281455,25769,25288,1013,26301,280
2021-08-29,San Mateo,081,765935,49613,48737,1072,49809,554
2021-08-29,Santa Barbara,083,443738,40026,38900,1475,40375,481
2021-08-29,Santa Clara,085,1922200,135430,132979,1056,134035,1789
2021-08-29,Santa Cruz,087,273765,18544,18285,1005,19290,210
2021-08-29,Shasta,089,179085,15821,15198,2374,17572,217
2021-08-29,Sierra,091,2930,114,91,15,106,0
2021-08-29,Siskiyou,093,43540,2537,2407,773,3180,33
2021-08-29,Solano,095,438530,41451,39887,1025,40912,290
2021-08-29,Sonoma,097,501317,37634,36650,466,37116,352
2021-08-29,Stanislaus,099,539301,67700,65956,7810,73766,1074
2021-08-29,Sutter,101,95872,12008,11719,161,11880,136
2021-08-29,Tehama,103,63373,6258,6040,919,6959,71
2021-08-29,Trinity,105,12862,551,468,142,610,3
2021-08-29,Tulare,107,460477,56216,54974,11945,66919,870
2021-08-29,Tuolumne,109,53932,5601,5478,55,5533,74
2021-08-29,Ventura,111,848112,90980,90114,4050,94164,1082
2021-08-29,Yolo,113,214977,17351,17015,855,17870,231
2021-08-29,Yuba,115,75493,8335,8042,181,8223,54
2021-08-28,Alameda,001,1643700,109574,107007,2648,109655,1296
2021-08-28,Alpine,003,1148,92,92,0,92,0
2021-08-28,Amador,005,37829,4604,4484,46,4530,53
2021-08-28,Butte,007,227075,16113,15487,2810,18297,214
2021-08-28,Calaveras,009,45235,3027,2926,21,2947,59
2021-08-28,Colusa,011,21464,2293,2252,499,2751,16
2021-08-28,Contra Costa,013,1133247,90059,86938,1837,88775,872
2021-08-28,Del Norte,015,27424,2929,2734,16,2750,11
2021-08-28,El Dorado,017,186661,13663,13089,1270,14359,119
2021-08-28,Fresno,019,978130,117767,115079,10615,125694,1792
2021-08-28,Glenn,021,27897,2863,2773,778,3551,20
2021-08-28,Humboldt,023,135768,7145,6887,247,7134,52
2021-08-28,Imperial,025,180216,30430,30260,3038,33298,750
2021-08-28,Inyo,027,18085,1552,1539,5,1544,39
2021-08-28,Kern,029,883053,109157,107012,15612,122624,1389
2021-08-28,Kings,031,150075,26723,26059,1529,27588,257
2021-08-28,Lake,033,64148,5466,5267,70,5337,74
2021-08-28,Lassen,035,31185,5775,5665,168,5833,21
2021-08-28,Los Angeles,037,10098052,1351361,1337097,51874,1388971,25234
2021-08-28,Madera,039,155013,19081,18553,1386,19939,247
2021-08-28,Marin,041,260295,16288,16106,380,16486,240
2021-08-28,Mariposa,043,17540,749,704,17,721,5
2021-08-28,Mendocino,045,87422,5883,5658,204,5862,55
2021-08-28,Merced,047,269075,35740,35108,1314,36422,497
2021-08-28,Modoc,049,8938,446,436,155,591,5
2021-08-28,Mono,051,14174,1401,1385,14,1399,3
2021-08-28,Monterey,053,433212,45688,45394,2665,48059,539
2021-08-28,Napa,055,140530,11669,11512,70,11582,88
2021-08-28,Nevada,057,99092,7578,7238,258,7496,82
2021-08-28,Orange,059,3164182,287693,283953,13713,297666,5222
2021-08-28,Placer,061,380077,31073,29428,2816,32244,319
2021-08-28,Plumas,063,18699,1037,991,19,1010,5
2021-08-28,Riverside,065,2383286,330389,326222,15930,342152,4623
2021-08-28,Sacramento,067,1510023,137412,132985,3117,136102,1844
2021-08-28,San Benito,069,59416,6717,6636,139,6775,64
2021-08-28,San Bernardino,071,2135413,327407,323672,10483,334155,5348
2021-08-28,San Diego,073,3302833,336469,331330,19394,350724,3880
2021-08-28,San Francisco,075,870044,47642,46654,2250,48904,581
2021-08-28,San Joaquin,077,732212,87828,85481,4796,90277,1527
2021-08-28,San Luis Obispo,079,281455,25703,25138,1008,26146,280
2021-08-28,San Mateo,081,765935,49543,48575,1064,49639,554
2021-08-28,Santa Barbara,083,443738,39954,38780,1474,40254,481
2021-08-28,Santa Clara,085,1922200,135222,132488,1053,133541,1789
2021-08-28,Santa Cruz,087,273765,18527,18240,1002,19242,210
2021-08-28,Shasta,089,179085,15718,15147,2355,17502,217
2021-08-28,Sierra,091,2930,110,91,15,106,0
2021-08-28,Siskiyou,093,43540,2530,2402,761,3163,33
2021-08-28,Solano,095,438530,41402,39610,1024,40634,290
2021-08-28,Sonoma,097,501317,37561,36466,464,36930,352
2021-08-28,Stanislaus,099,539301,67539,65670,7792,73462,1074
2021-08-28,Sutter,101,95872,11987,11669,160,11829,136
2021-08-28,Tehama,103,63373,6233,6004,907,6911,71
2021-08-28,Trinity,105,12862,547,463,141,604,3
2021-08-28,Tulare,107,460477,56088,54746,11900,66646,870
2021-08-28,Tuolumne,109,53932,5585,5469,55,5524,74
2021-08-28,Ventura,111,848112,90862,89934,4048,93982,1081
2021-08-28,Yolo,113,214977,17316,16907,847,17754,231
2021-08-28,Yuba,115,75493,8303,7985,180,8165,55
2021-08-27,Alameda,001,1643700,109362,106622,2645,109267,1296
2021-08-27,Alpine,003,1148,92,92,0,92,0
2021-08-27,Amador,005,37829,4588,4458,45,4503,53
2021-08-27,Butte,007,227075,16034,15277,2790,18067,214
2021-08-27,Calaveras,009,45235,3013,2903,21,2924,59
2021-08-27,Colusa,011,21464,2287,2240,497,2737,16
2021-08-27,Contra Costa,013,1133247,89862,86386,1835,88221,872
2021-08-27,Del Norte,015,27424,2897,2695,16,2711,11
2021-08-27,El Dorado,017,186661,13624,12968,1266,14234,119
2021-08-27,Fresno,019,978130,117333,114481,10598,125079,1774
2021-08-27,Glenn,021,27897,2848,2754,769,3523,20
2021-08-27,Humboldt,023,135768,7113,6782,243,7025,52
2021-08-27,Imperial,025,180216,30410,30201,3035,33236,750
2021-08-27,Inyo,027,18085,1551,1529,5,1534,39
2021-08-27,Kern,029,883053,108864,106570,15501,122071,1385
2021-08-27,Kings,031,150075,26644,25957,1527,27484,257
2021-08-27,Lake,033,64148,5442,5228,68,5296,74
2021-08-27,Lassen,035,31185,5759,5646,163,5809,21
2021-08-27,Los Angeles,037,10098052,1349849,1337006,51806,1388812,25230
2021-08-27,Madera,039,155013,19025,18476,1373,19849,247
2021-08-27,Marin,041,260295,16272,16055,378,16433,240
2021-08-27,Mariposa,043,17540,743,690,17,707,5
2021-08-27,Mendocino,045,87422,5852,5602,203,5805,55
2021-08-27,Merced,047,269075,35686,34906,1305,36211,495
2021-08-27,Modoc,049,8938,446,434,155,589,5
2021-08-27,Mono,051,14174,1392,1385,14,1399,3
2021-08-27,Monterey,053,433212,45649,45337,2648,47985,539
2021-08-27,Napa,055,140530,11635,11460,70,11530,87
2021-08-27,Nevada,057,99092,7538,7169,256,7425,82
2021-08-27,Orange,059,3164182,287336,283407,13674,297081,5206
2021-08-27,Placer,061,380077,30943,29157,2796,31953,320
2021-08-27,Plumas,063,18699,1031,984,19,1003,5
2021-08-27,Riverside,065,2383286,329872,325379,15915,341294,4622
2021-08-27,Sacramento,067,1510023,136976,131921,3103,135024,1838
2021-08-27,San Benito,069,59416,6711,6622,139,6761,64
2021-08-27,San Bernardino,071,2135413,326885,322893,10465,333358,5342
2021-08-27,San Diego,073,3302833,335684,330162,19340,349502,3877
2021-08-27,San Francisco,075,870044,47569,46456,2228,48684,581
2021-08-27,San Joaquin,077,732212,87645,84949,4777,89726,1524
2021-08-27,San Luis Obispo,079,281455,25655,24952,1005,25957,280
2021-08-27,San Mateo,081,765935,49473,48424,1056,49480,553
2021-08-27,Santa Barbara,083,443738,39863,38675,1471,40146,480
2021-08-27,Santa Clara,085,1922200,134992,132011,1049,133060,1783
2021-08-27,Santa Cruz,087,273765,18488,18163,998,19161,210
2021-08-27,Shasta,089,179085,15637,14996,2339,17335,217
2021-08-27,Sierra,091,2930,109,91,15,106,0
2021-08-27,Siskiyou,093,43540,2515,2358,747,3105,33
2021-08-27,Solano,095,438530,41313,39347,1020,40367,287
2021-08-27,Sonoma,097,501317,37489,36326,463,36789,342
2021-08-27,Stanislaus,099,539301,67329,65167,7753,72920,1061
2021-08-27,Sutter,101,95872,11941,11590,158,11748,135
2021-08-27,Tehama,103,63373,6200,5964,892,6856,71
2021-08-27,Trinity,105,12862,547,458,140,598,3
2021-08-27,Tulare,107,460477,55952,54443,11854,66297,870
2021-08-27,Tuolumne,109,53932,5553,5438,55,5493,74
2021-08-27,Ventura,111,848112,90734,89774,4043,93817,1076
2021-08-27,Yolo,113,214977,17277,16805,842,17647,231
2021-08-27,Yuba,115,75493,8246,7926,180,8106,54
2021-08-26,Alameda,001,1643700,109084,106146,2634,108780,1296
2021-08-26,Alpine,003,1148,92,92,0,92,0
2021-08-26,Amador,005,37829,4573,4442,44,4486,53
2021-08-26,Butte,007,227075,15901,15159,2754,17913,214
2021-08-26,Calaveras,009,45235,3004,2873,21,2894,59
2021-08-26,Colusa,011,21464,2281,2234,493,2727,16
2021-08-26,Contra Costa,013,1133247,89504,85808,1828,87636,866
2021-08-26,Del Norte,015,27424,2861,2625,16,2641,8
2021-08-26,El Dorado,017,186661,13555,12863,1251,14114,118
2021-08-26,Fresno,019,978130,116832,113854,10550,124404,1770
2021-08-26,Glenn,021,27897,2830,2740,761,3501,20
2021-08-26,Humboldt,023,135768,7055,6695,233,6928,53
2021-08-26,Imperial,025,180216,30361,30121,3027,33148,748
2021-08-26,Inyo,027,18085,1541,1521,4,1525,39
2021-08-26,Kern,029,883053,108439,106051,15353,121404,1380
2021-08-26,Kings,031,150075,26521,25838,1519,27357,260
2021-08-26,Lake,033,64148,5396,5196,65,5261,74
2021-08-26,Lassen,035,31185,5747,5626,161,5787,21
2021-08-26,Los Angeles,037,10098052,1347599,1334372,51706,1386078,25199
2021-08-26,Madera,039,155013,18955,18393,1361,19754,247
2021-08-26,Marin,041,260295,16243,15983,375,16358,240
2021-08-26,Mariposa,043,17540,733,677,17,694,5
2021-08-26,Mendocino,045,87422,5816,5533,198,5731,55
2021-08-26,Merced,047,269075,35519,34755,1284,36039,495
2021-08-26,Modoc,049,8938,446,433,155,588,5
2021-08-26,Mono,051,14174,1390,1385,14,1399,3
2021-08-26,Monterey,053,433212,45594,45265,2620,47885,539
2021-08-26,Napa,055,140530,11613,11394,69,11463,87
2021-08-26,Nevada,057,99092,7480,7086,254,7340,80
2021-08-26,Orange,059,3164182,286846,282814,13651,296465,5200
2021-08-26,Placer,061,380077,30775,28898,2770,31668,319
2021-08-26,Plumas,063,18699,1024,971,18,989,5
2021-08-26,Riverside,065,2383286,329080,324486,15894,340380,4615
2021-08-26,Sacramento,067,1510023,136446,130977,3060,134037,1827
2021-08-26,San Benito,069,59416,6701,6604,139,6743,64
2021-08-26,San Bernardino,071,2135413,326229,322100,10441,332541,5339
2021-08-26,San Diego,073,3302833,334655,328276,19274,347550,3869
2021-08-26,San Francisco,075,870044,47446,46288,2218,48506,581
2021-08-26,San Joaquin,077,732212,87267,84429,4754,89183,1513
2021-08-26,San Luis Obispo,079,281455,25505,24831,999,25830,278
2021-08-26,San Mateo,081,765935,49353,48263,1047,49310,553
2021-08-26,Santa Barbara,083,443738,39780,38566,1470,40036,479
2021-08-26,Santa Clara,085,1922200,134667,131443,1044,132487,1782
2021-08-26,Santa Cruz,087,273765,18428,18072,996,19068,210
2021-08-26,Shasta,089,179085,15514,14891,2311,17202,217
2021-08-26,Sierra,091,2930,107,90,15,105,0
2021-08-26,Siskiyou,093,43540,2493,2342,733,3075,33
2021-08-26,Solano,095,438530,41167,39027,1012,40039,286
2021-08-26,Sonoma,097,501317,37400,36102,463,36565,337
2021-08-26,Stanislaus,099,539301,67013,64785,7712,72497,1061
2021-08-26,Sutter,101,95872,11881,11499,155,11654,135
2021-08-26,Tehama,103,63373,6142,5913,879,6792,68
2021-08-26,Trinity,105,12862,542,450,138,588,3
2021-08-26,Tulare,107,460477,55696,54157,11801,65958,870
2021-08-26,Tuolumne,109,53932,5533,5387,55,5442,74
2021-08-26,Ventura,111,848112,90549,89595,4034,93629,1080
2021-08-26,Yolo,113,214977,17210,16727,831,17558,231
2021-08-26,Yuba,115,75493,8173,7834,178,8012,54
2021-08-25,Alameda,001,1643700,108756,105636,2625,108261,1296
2021-08-25,Alpine,003,1148,92,92,0,92,0
2021-08-25,Amador,005,37829,4558,4415,44,4459,53
2021-08-25,Butte,007,227075,15796,15039,2711,17750,214
2021-08-25,Calaveras,009,45235,2984,2851,21,2872,59
2021-08-25,Colusa,011,21464,2274,2227,484,2711,16
2021-08-25,Contra Costa,013,1133247,89123,85322,1822,87144,863
2021-08-25,Del Norte,015,27424,2816,2573,16,2589,8
2021-08-25,El Dorado,017,186661,13496,12787,1235,14022,118
2021-08-25,Fresno,019,978130,116296,113384,10507,123891,1761
2021-08-25,Glenn,021,27897,2809,2728,749,3477,20
2021-08-25,Humboldt,023,135768,6986,6653,223,6876,52
2021-08-25,Imperial,025,180216,30324,30085,3021,33106,748
2021-08-25,Inyo,027,18085,1537,1518,4,1522,39
2021-08-25,Kern,029,883053,108010,105687,15195,120882,1379
2021-08-25,Kings,031,150075,26414,25676,1512,27188,258
2021-08-25,Lake,033,64148,5366,5163,62,5225,74
2021-08-25,Lassen,035,31185,5730,5583,160,5743,21
2021-08-25,Los Angeles,037,10098052,1345007,1331400,51618,1383018,25170
2021-08-25,Madera,039,155013,18891,18311,1344,19655,247
2021-08-25,Marin,041,260295,16221,15938,369,16307,240
2021-08-25,Mariposa,043,17540,727,676,17,693,5
2021-08-25,Mendocino,045,87422,5780,5486,193,5679,53
2021-08-25,Merced,047,269075,35381,34600,1279,35879,492
2021-08-25,Modoc,049,8938,446,433,155,588,5
2021-08-25,Mono,051,14174,1386,1382,14,1396,3
2021-08-25,Monterey,053,433212,45532,45196,2593,47789,539
2021-08-25,Napa,055,140530,11579,11348,68,11416,87
2021-08-25,Nevada,057,99092,7414,7000,253,7253,77
2021-08-25,Orange,059,3164182,286327,282061,13617,295678,5193
2021-08-25,Placer,061,380077,30599,28740,2737,31477,319
2021-08-25,Plumas,063,18699,1008,962,18,980,5
2021-08-25,Riverside,065,2383286,328237,323548,15872,339420,4610
2021-08-25,Sacramento,067,1510023,135766,130046,3020,133066,1827
2021-08-25,San Benito,069,59416,6680,6587,138,6725,64
2021-08-25,San Bernardino,071,2135413,325535,321228,10420,331648,5337
2021-08-25,San Diego,073,3302833,333375,327166,19200,346366,3859
2021-08-25,San Francisco,075,870044,47302,46107,2208,48315,578
2021-08-25,San Joaquin,077,732212,86883,84002,4738,88740,1510
2021-08-25,San Luis Obispo,079,281455,25313,24607,996,25603,276
2021-08-25,San Mateo,081,765935,49244,48153,1029,49182,553
2021-08-25,Santa Barbara,083,443738,39651,38450,1470,39920,479
2021-08-25,Santa Clara,085,1922200,134298,130995,1041,132036,1783
2021-08-25,Santa Cruz,087,273765,18367,17987,993,18980,210
2021-08-25,Shasta,089,179085,15386,14752,2277,17029,217
2021-08-25,Sierra,091,2930,104,90,15,105,0
2021-08-25,Siskiyou,093,43540,2448,2322,714,3036,33
2021-08-25,Solano,095,438530,41003,38848,1001,39849,286
2021-08-25,Sonoma,097,501317,37276,35986,460,36446,336
2021-08-25,Stanislaus,099,539301,66723,64441,7678,72119,1061
2021-08-25,Sutter,101,95872,11813,11451,151,11602,134
2021-08-25,Tehama,103,63373,6083,5861,862,6723,68
2021-08-25,Trinity,105,12862,536,450,137,587,3
2021-08-25,Tulare,107,460477,55412,53877,11732,65609,866
2021-08-25,Tuolumne,109,53932,5507,5354,55,5409,74
2021-08-25,Ventura,111,848112,90366,89379,4020,93399,1068
2021-08-25,Yolo,113,214977,17146,16667,821,17488,231
2021-08-25,Yuba,115,75493,8107,7771,177,7948,54
2021-08-24,Alameda,001,1643700,108426,105319,2614,107933,1296
2021-08-24,Alpine,003,1148,92,92,0,92,0
2021-08-24,Amador,005,37829,4539,4380,44,4424,50
2021-08-24,Butte,007,227075,15643,14964,2676,17640,214
2021-08-24,Calaveras,009,45235,2944,2811,21,2832,59
2021-08-24,Colusa,011,21464,2266,2221,480,2701,16
2021-08-24,Contra Costa,013,1133247,88763,84963,1816,86779,857
2021-08-24,Del Norte,015,27424,2789,2543,16,2559,8
2021-08-24,El Dorado,017,186661,13420,12732,1219,13951,118
2021-08-24,Fresno,019,978130,115693,113024,10454,123478,1761
2021-08-24,Glenn,021,27897,2795,2717,741,3458,20
2021-08-24,Humboldt,023,135768,6923,6585,210,6795,52
2021-08-24,Imperial,025,180216,30263,30045,3015,33060,748
2021-08-24,Inyo,027,18085,1532,1512,4,1516,39
2021-08-24,Kern,029,883053,107549,105399,15025,120424,1375
2021-08-24,Kings,031,150075,26293,25629,1497,27126,258
2021-08-24,Lake,033,64148,5331,5135,62,5197,72
2021-08-24,Lassen,035,31185,5714,5576,158,5734,21
2021-08-24,Los Angeles,037,10098052,1342153,1328777,51515,1380292,25135
2021-08-24,Madera,039,155013,18815,18251,1327,19578,247
2021-08-24,Marin,041,260295,16185,15900,365,16265,240
2021-08-24,Mariposa,043,17540,720,670,17,687,5
2021-08-24,Mendocino,045,87422,5736,5416,186,5602,52
2021-08-24,Merced,047,269075,35213,34490,1268,35758,491
2021-08-24,Modoc,049,8938,446,432,155,587,5
2021-08-24,Mono,051,14174,1384,1382,14,1396,3
2021-08-24,Monterey,053,433212,45480,45126,2562,47688,539
2021-08-24,Napa,055,140530,11547,11299,66,11365,85
2021-08-24,Nevada,057,99092,7346,6981,249,7230,77
2021-08-24,Orange,059,3164182,285724,281461,13592,295053,5187
2021-08-24,Placer,061,380077,30397,28618,2696,31314,318
2021-08-24,Plumas,063,18699,998,953,18,971,5
2021-08-24,Riverside,065,2383286,327363,322620,15840,338460,4605
2021-08-24,Sacramento,067,1510023,135084,129542,2967,132509,1812
2021-08-24,San Benito,069,59416,6667,6576,138,6714,64
2021-08-24,San Bernardino,071,2135413,324782,320300,10389,330689,5328
2021-08-24,San Diego,073,3302833,331912,325823,19104,344927,3851
2021-08-24,San Francisco,075,870044,47134,46010,2189,48199,574
2021-08-24,San Joaquin,077,732212,86443,83684,4700,88384,1508
2021-08-24,San Luis Obispo,079,281455,25136,24443,986,25429,274
2021-08-24,San Mateo,081,765935,49107,48050,1016,49066,553
2021-08-24,Santa Barbara,083,443738,39522,38307,1469,39776,478
2021-08-24,Santa Clara,085,1922200,133873,130763,1036,131799,1779
2021-08-24,Santa Cruz,087,273765,18294,17928,986,18914,209
2021-08-24,Shasta,089,179085,15278,14664,2246,16910,217
2021-08-24,Sierra,091,2930,101,90,15,105,0
2021-08-24,Siskiyou,093,43540,2426,2294,699,2993,33
2021-08-24,Solano,095,438530,40796,38724,989,39713,283
2021-08-24,Sonoma,097,501317,37148,35849,458,36307,336
2021-08-24,Stanislaus,099,539301,66366,64195,7626,71821,1058
2021-08-24,Sutter,101,95872,11746,11384,148,11532,134
2021-08-24,Tehama,103,63373,6037,5826,847,6673,67
2021-08-24,Trinity,105,12862,525,446,129,575,3
2021-08-24,Tulare,107,460477,55060,53702,11641,65343,856
2021-08-24,Tuolumne,109,53932,5476,5287,55,5342,74
2021-08-24,Ventura,111,848112,90181,89167,4009,93176,1068
2021-08-24,Yolo,113,214977,17071,16492,808,17300,231
2021-08-24,Yuba,115,75493,8024,7723,175,7898,54
2021-08-23,Alameda,001,1643700,108023,104922,2602,107524,1294
2021-08-23,Alpine,003,1148,92,91,0,91,0
2021-08-23,Amador,005,37829,4525,4369,44,4413,50
2021-08-23,Butte,007,227075,15497,14847,2641,17488,211
2021-08-23,Calaveras,009,45235,2909,2803,21,2824,59
2021-08-23,Colusa,011,21464,2262,2206,477,2683,16
2021-08-23,Contra Costa,013,1133247,88385,84651,1810,86461,857
2021-08-23,Del Norte,015,27424,2743,2499,16,2515,8
2021-08-23,El Dorado,017,186661,13317,12684,1197,13881,118
2021-08-23,Fresno,019,978130,115136,112445,10407,122852,1759
2021-08-23,Glenn,021,27897,2777,2696,734,3430,20
2021-08-23,Humboldt,023,135768,6849,6498,194,6692,52
2021-08-23,Imperial,025,180216,30212,30011,3012,33023,748
2021-08-23,Inyo,027,18085,1525,1509,4,1513,39
2021-08-23,Kern,029,883053,107095,104995,14868,119863,1375
2021-08-23,Kings,031,150075,26162,25465,1490,26955,257
2021-08-23,Lake,033,64148,5291,5099,60,5159,69
2021-08-23,Lassen,035,31185,5702,5562,158,5720,21
2021-08-23,Los Angeles,037,10098052,1339210,1326412,51387,1377799,25096
2021-08-23,Madera,039,155013,18729,18155,1314,19469,246
2021-08-23,Marin,041,260295,16137,15856,361,16217,240
2021-08-23,Mariposa,043,17540,709,645,17,662,5
2021-08-23,Mendocino,045,87422,5669,5374,179,5553,51
2021-08-23,Merced,047,269075,35030,34322,1263,35585,488
2021-08-23,Modoc,049,8938,443,431,154,585,6
2021-08-23,Mono,051,14174,1382,1384,14,1398,3
2021-08-23,Monterey,053,433212,45403,45047,2529,47576,538
2021-08-23,Napa,055,140530,11509,11257,66,11323,85
2021-08-23,Nevada,057,99092,7266,6930,247,7177,77
2021-08-23,Orange,059,3164182,285088,280891,13557,294448,5181
2021-08-23,Placer,061,380077,30198,28540,2657,31197,314
2021-08-23,Plumas,063,18699,988,934,18,952,5
2021-08-23,Riverside,065,2383286,326450,321650,15814,337464,4598
2021-08-23,Sacramento,067,1510023,134296,128969,2896,131865,1807
2021-08-23,San Benito,069,59416,6649,6562,136,6698,64
2021-08-23,San Bernardino,071,2135413,323983,319577,10348,329925,5324
2021-08-23,San Diego,073,3302833,330452,324536,19001,343537,3848
2021-08-23,San Francisco,075,870044,46988,45945,2173,48118,573
2021-08-23,San Joaquin,077,732212,86013,83466,4666,88132,1499
2021-08-23,San Luis Obispo,079,281455,24954,24317,984,25301,274
2021-08-23,San Mateo,081,765935,48975,47935,1006,48941,553
2021-08-23,Santa Barbara,083,443738,39345,38181,1467,39648,478
2021-08-23,Santa Clara,085,1922200,133476,130489,1031,131520,1778
2021-08-23,Santa Cruz,087,273765,18237,17871,983,18854,209
2021-08-23,Shasta,089,179085,15153,14537,2206,16743,216
2021-08-23,Sierra,091,2930,101,90,15,105,0
2021-08-23,Siskiyou,093,43540,2405,2274,678,2952,33
2021-08-23,Solano,095,438530,40649,38612,981,39593,283
2021-08-23,Sonoma,097,501317,37029,35769,456,36225,336
2021-08-23,Stanislaus,099,539301,66014,63922,7587,71509,1058
2021-08-23,Sutter,101,95872,11657,11314,140,11454,133
2021-08-23,Tehama,103,63373,5983,5805,829,6634,67
2021-08-23,Trinity,105,12862,522,435,126,561,3
2021-08-23,Tulare,107,460477,54756,53370,11566,64936,856
2021-08-23,Tuolumne,109,53932,5434,5240,55,5295,73
2021-08-23,Ventura,111,848112,89962,88960,3997,92957,1063
2021-08-23,Yolo,113,214977,16985,16445,792,17237,226
2021-08-23,Yuba,115,75493,7953,7653,173,7826,54
2021-08-22,Alameda,001,1643700,107577,104539,2565,107104,1294
2021-08-22,Alpine,003,1148,92,91,0,91,0
2021-08-22,Amador,005,37829,4496,4349,44,4393,50
2021-08-22,Butte,007,227075,15358,14791,2605,17396,211
2021-08-22,Calaveras,009,45235,2869,2771,21,2792,59
2021-08-22,Colusa,011,21464,2254,2201,471,2672,16
2021-08-22,Contra Costa,013,1133247,87847,84371,1795,86166,857
2021-08-22,Del Norte,015,27424,2683,2455,16,2471,8
2021-08-22,El Dorado,017,186661,13213,12629,1177,13806,118
2021-08-22,Fresno,019,978130,114539,112057,10336,122393,1759
2021-08-22,Glenn,021,27897,2756,2678,719,3397,20
2021-08-22,Humboldt,023,135768,6772,6483,175,6658,52
2021-08-22,Imperial,025,180216,30154,29993,3007,33000,748
2021-08-22,Inyo,027,18085,1519,1505,4,1509,39
2021-08-22,Kern,029,883053,106571,104691,14711,119402,1375
2021-08-22,Kings,031,150075,26006,25391,1471,26862,257
2021-08-22,Lake,033,64148,5245,5069,57,5126,69
2021-08-22,Lassen,035,31185,5670,5556,153,5709,21
2021-08-22,Los Angeles,037,10098052,1335918,1324151,51255,1375406,25089
2021-08-22,Madera,039,155013,18610,18120,1303,19423,246
2021-08-22,Marin,041,260295,16085,15822,353,16175,240
2021-08-22,Mariposa,043,17540,699,638,15,653,5
2021-08-22,Mendocino,045,87422,5611,5336,179,5515,51
2021-08-22,Merced,047,269075,34827,34234,1250,35484,488
2021-08-22,Modoc,049,8938,442,431,154,585,6
2021-08-22,Mono,051,14174,1381,1378,14,1392,3
2021-08-22,Monterey,053,433212,45316,45017,2503,47520,538
2021-08-22,Napa,055,140530,11464,11231,66,11297,85
2021-08-22,Nevada,057,99092,7192,6864,245,7109,77
2021-08-22,Orange,059,3164182,284400,280390,13510,293900,5181
2021-08-22,Placer,061,380077,29990,28395,2619,31014,314
2021-08-22,Plumas,063,18699,967,923,17,940,5
2021-08-22,Riverside,065,2383286,325429,320836,15764,336600,4594
2021-08-22,Sacramento,067,1510023,133525,128231,2849,131080,1802
2021-08-22,San Benito,069,59416,6632,6550,136,6686,64
2021-08-22,San Bernardino,071,2135413,323015,318839,10313,329152,5324
2021-08-22,San Diego,073,3302833,329124,323591,18896,342487,3848
2021-08-22,San Francisco,075,870044,46829,45831,2155,47986,573
2021-08-22,San Joaquin,077,732212,85558,83121,4630,87751,1498
2021-08-22,San Luis Obispo,079,281455,24749,24250,977,25227,274
2021-08-22,San Mateo,081,765935,48832,47821,971,48792,553
2021-08-22,Santa Barbara,083,443738,39165,38099,1458,39557,478
2021-08-22,Santa Clara,085,1922200,133059,130189,1024,131213,1778
2021-08-22,Santa Cruz,087,273765,18176,17823,978,18801,209
2021-08-22,Shasta,089,179085,15014,14478,2170,16648,216
2021-08-22,Sierra,091,2930,101,87,15,102,0
2021-08-22,Siskiyou,093,43540,2376,2261,660,2921,33
2021-08-22,Solano,095,438530,40456,38489,968,39457,283
2021-08-22,Sonoma,097,501317,36873,35676,453,36129,336
2021-08-22,Stanislaus,099,539301,65653,63683,7491,71174,1058
2021-08-22,Sutter,101,95872,11575,11251,136,11387,133
2021-08-22,Tehama,103,63373,5938,5791,809,6600,67
2021-08-22,Trinity,105,12862,515,433,124,557,3
2021-08-22,Tulare,107,460477,54437,53220,11478,64698,856
2021-08-22,Tuolumne,109,53932,5392,5214,55,5269,73
2021-08-22,Ventura,111,848112,89753,88791,3980,92771,1063
2021-08-22,Yolo,113,214977,16884,16374,782,17156,226
2021-08-22,Yuba,115,75493,7879,7626,172,7798,54
2021-08-21,Alameda,001,1643700,107375,104281,2556,106837,1294
2021-08-21,Alpine,003,1148,92,91,0,91,0
2021-08-21,Amador,005,37829,4486,4338,42,4380,50
2021-08-21,Butte,007,227075,15290,14714,2583,17297,211
2021-08-21,Calaveras,009,45235,2856,2744,21,2765,59
2021-08-21,Colusa,011,21464,2249,2192,466,2658,16
2021-08-21,Contra Costa,013,1133247,87591,84136,1789,85925,857
2021-08-21,Del Norte,015,27424,2660,2409,16,2425,8
2021-08-21,El Dorado,017,186661,13169,12590,1173,13763,118
2021-08-21,Fresno,019,978130,114344,111765,10322,122087,1759
2021-08-21,Glenn,021,27897,2746,2654,712,3366,20
2021-08-21,Humboldt,023,135768,6735,6446,168,6614,52
2021-08-21,Imperial,025,180216,30111,29976,3004,32980,748
2021-08-21,Inyo,027,18085,1516,1500,4,1504,39
2021-08-21,Kern,029,883053,106316,104443,14585,119028,1375
2021-08-21,Kings,031,150075,25935,25313,1466,26779,257
2021-08-21,Lake,033,64148,5225,5055,55,5110,69
2021-08-21,Lassen,035,31185,5656,5553,153,5706,21
2021-08-21,Los Angeles,037,10098052,1334637,1321308,51164,1372472,25080
2021-08-21,Madera,039,155013,18572,18067,1297,19364,246
2021-08-21,Marin,041,260295,16051,15775,351,16126,240
2021-08-21,Mariposa,043,17540,689,634,15,649,5
2021-08-21,Mendocino,045,87422,5566,5307,178,5485,51
2021-08-21,Merced,047,269075,34722,34148,1245,35393,488
2021-08-21,Modoc,049,8938,442,430,154,584,6
2021-08-21,Mono,051,14174,1381,1378,14,1392,3
2021-08-21,Monterey,053,433212,45278,44969,2488,47457,538
2021-08-21,Napa,055,140530,11429,11211,66,11277,85
2021-08-21,Nevada,057,99092,7148,6810,244,7054,77
2021-08-21,Orange,059,3164182,283954,279855,13476,293331,5181
2021-08-21,Placer,061,380077,29853,28289,2594,30883,314
2021-08-21,Plumas,063,18699,963,916,16,932,5
2021-08-21,Riverside,065,2383286,324848,320086,15751,335837,4594
2021-08-21,Sacramento,067,1510023,133027,127751,2837,130588,1809
2021-08-21,San Benito,069,59416,6622,6542,135,6677,64
2021-08-21,San Bernardino,071,2135413,322564,318293,10293,328586,5324
2021-08-21,San Diego,073,3302833,328459,322620,18856,341476,3848
2021-08-21,San Francisco,075,870044,46734,45637,2140,47777,573
2021-08-21,San Joaquin,077,732212,85341,82825,4615,87440,1498
2021-08-21,San Luis Obispo,079,281455,24694,24169,977,25146,273
2021-08-21,San Mateo,081,765935,48741,47685,964,48649,553
2021-08-21,Santa Barbara,083,443738,39085,37951,1454,39405,478
2021-08-21,Santa Clara,085,1922200,132794,129911,1020,130931,1778
2021-08-21,Santa Cruz,087,273765,18139,17763,973,18736,209
2021-08-21,Shasta,089,179085,14940,14417,2156,16573,217
2021-08-21,Sierra,091,2930,96,85,15,100,0
2021-08-21,Siskiyou,093,43540,2363,2246,648,2894,33
2021-08-21,Solano,095,438530,40348,38423,958,39381,281
2021-08-21,Sonoma,097,501317,36786,35582,452,36034,336
2021-08-21,Stanislaus,099,539301,65460,63512,7473,70985,1058
2021-08-21,Sutter,101,95872,11530,11204,134,11338,133
2021-08-21,Tehama,103,63373,5913,5757,802,6559,67
2021-08-21,Trinity,105,12862,510,431,122,553,3
2021-08-21,Tulare,107,460477,54294,53045,11433,64478,857
2021-08-21,Tuolumne,109,53932,5361,5193,55,5248,73
2021-08-21,Ventura,111,848112,89609,88558,3965,92523,1063
2021-08-21,Yolo,113,214977,16837,16322,776,17098,226
2021-08-21,Yuba,115,75493,7833,7580,171,7751,54
2021-08-20,Alameda,001,1643700,107131,103812,2547,106359,1294
2021-08-20,Alpine,003,1148,92,91,0,91,0
2021-08-20,Amador,005,37829,4460,4323,42,4365,50
2021-08-20,Butte,007,227075,15218,14617,2561,17178,211
2021-08-20,Calaveras,009,45235,2841,2717,21,2738,59
2021-08-20,Colusa,011,21464,2244,2178,464,2642,16
2021-08-20,Contra Costa,013,1133247,87318,83721,1782,85503,857
2021-08-20,Del Norte,015,27424,2628,2316,16,2332,8
2021-08-20,El Dorado,017,186661,13131,12495,1165,13660,118
2021-08-20,Fresno,019,978130,113993,111315,10288,121603,1759
2021-08-20,Glenn,021,27897,2739,2642,707,3349,20
2021-08-20,Humboldt,023,135768,6684,6349,163,6512,52
2021-08-20,Imperial,025,180216,30088,29934,3004,32938,747
2021-08-20,Inyo,027,18085,1510,1495,4,1499,39
2021-08-20,Kern,029,883053,106033,104048,14454,118502,1373
2021-08-20,Kings,031,150075,25869,25241,1464,26705,256
2021-08-20,Lake,033,64148,5210,5024,52,5076,69
2021-08-20,Lassen,035,31185,5636,5539,153,5692,21
2021-08-20,Los Angeles,037,10098052,1332771,1317541,51063,1368604,25049
2021-08-20,Madera,039,155013,18524,18018,1282,19300,246
2021-08-20,Marin,041,260295,16033,15727,347,16074,240
2021-08-20,Mariposa,043,17540,684,630,15,645,5
2021-08-20,Mendocino,045,87422,5521,5241,176,5417,51
2021-08-20,Merced,047,269075,34657,34035,1237,35272,486
2021-08-20,Modoc,049,8938,442,429,154,583,6
2021-08-20,Mono,051,14174,1380,1368,14,1382,3
2021-08-20,Monterey,053,433212,45248,44890,2474,47364,538
2021-08-20,Napa,055,140530,11397,11152,66,11218,83
2021-08-20,Nevada,057,99092,7107,6753,237,6990,77
2021-08-20,Orange,059,3164182,283510,279193,13455,292648,5179
2021-08-20,Placer,061,380077,29758,28156,2565,30721,313
2021-08-20,Plumas,063,18699,955,908,16,924,5
2021-08-20,Riverside,065,2383286,324153,319072,15720,334792,4594
2021-08-20,Sacramento,067,1510023,132552,127226,2820,130046,1797
2021-08-20,San Benito,069,59416,6608,6508,135,6643,64
2021-08-20,San Bernardino,071,2135413,321953,317372,10264,327636,5322
2021-08-20,San Diego,073,3302833,327552,321102,18788,339890,3846
2021-08-20,San Francisco,075,870044,46642,45432,2120,47552,573
2021-08-20,San Joaquin,077,732212,85112,82419,4597,87016,1496
2021-08-20,San Luis Obispo,079,281455,24617,23986,973,24959,273
2021-08-20,San Mateo,081,765935,48634,47561,954,48515,551
2021-08-20,Santa Barbara,083,443738,39001,37794,1449,39243,477
2021-08-20,Santa Clara,085,1922200,132512,129510,1015,130525,1774
2021-08-20,Santa Cruz,087,273765,18099,17701,970,18671,209
2021-08-20,Shasta,089,179085,14861,14277,2137,16414,215
2021-08-20,Sierra,091,2930,94,83,15,98,0
2021-08-20,Siskiyou,093,43540,2347,2226,643,2869,33
2021-08-20,Solano,095,438530,40208,38214,947,39161,277
2021-08-20,Sonoma,097,501317,36717,35416,451,35867,336
2021-08-20,Stanislaus,099,539301,65258,63219,7450,70669,1047
2021-08-20,Sutter,101,95872,11474,11136,133,11269,133
2021-08-20,Tehama,103,63373,5897,5730,790,6520,66
2021-08-20,Trinity,105,12862,510,422,121,543,3
2021-08-20,Tulare,107,460477,54161,52855,11390,64245,856
2021-08-20,Tuolumne,109,53932,5337,5153,54,5207,73
2021-08-20,Ventura,111,848112,89443,88285,3962,92247,1061
2021-08-20,Yolo,113,214977,16783,16236,770,17006,225
2021-08-20,Yuba,115,75493,7793,7523,171,7694,54
2021-08-19,Alameda,001,1643700,106680,103276,2522,105798,1294
2021-08-19,Alpine,003,1148,92,91,0,91,0
2021-08-19,Amador,005,37829,4453,4317,41,4358,50
2021-08-19,Butte,007,227075,15084,14518,2531,17049,211
2021-08-19,Calaveras,009,45235,2822,2673,21,2694,59
2021-08-19,Colusa,011,21464,2235,2167,460,2627,16
2021-08-19,Contra Costa,013,1133247,86883,83296,1768,85064,852
2021-08-19,Del Norte,015,27424,2578,2257,16,2273,8
2021-08-19,El Dorado,017,186661,13046,12410,1144,13554,118
2021-08-19,Fresno,019,978130,113555,110947,10240,121187,1759
2021-08-19,Glenn,021,27897,2720,2629,700,3329,20
2021-08-19,Humboldt,023,135768,6623,6246,157,6403,52
2021-08-19,Imperial,025,180216,30042,29865,2999,32864,747
2021-08-19,Inyo,027,18085,1503,1494,4,1498,39
2021-08-19,Kern,029,883053,105638,103731,14311,118042,1371
2021-08-19,Kings,031,150075,25738,25128,1451,26579,256
2021-08-19,Lake,033,64148,5180,4991,48,5039,69
2021-08-19,Lassen,035,31185,5618,5520,152,5672,21
2021-08-19,Los Angeles,037,10098052,1329806,1314453,50919,1365372,25020
2021-08-19,Madera,039,155013,18462,17947,1267,19214,246
2021-08-19,Marin,041,260295,16000,15672,344,16016,240
2021-08-19,Mariposa,043,17540,669,618,15,633,5
2021-08-19,Mendocino,045,87422,5488,5167,174,5341,51
2021-08-19,Merced,047,269075,34522,33851,1223,35074,486
2021-08-19,Modoc,049,8938,442,427,154,581,6
2021-08-19,Mono,051,14174,1376,1349,14,1363,3
2021-08-19,Monterey,053,433212,45185,44821,2454,47275,538
2021-08-19,Napa,055,140530,11345,11104,66,11170,83
2021-08-19,Nevada,057,99092,7043,6695,235,6930,77
2021-08-19,Orange,059,3164182,282879,278562,13403,291965,5172
2021-08-19,Placer,061,380077,29578,27953,2547,30500,313
2021-08-19,Plumas,063,18699,945,896,16,912,5
2021-08-19,Riverside,065,2383286,323128,318056,15688,333744,4589
2021-08-19,Sacramento,067,1510023,131852,126720,2782,129502,1801
2021-08-19,San Benito,069,59416,6590,6493,133,6626,64
2021-08-19,San Bernardino,071,2135413,321133,316398,10241,326639,5318
2021-08-19,San Diego,073,3302833,326289,319582,18698,338280,3839
2021-08-19,San Francisco,075,870044,46485,45220,2102,47322,571
2021-08-19,San Joaquin,077,732212,84668,82047,4548,86595,1491
2021-08-19,San Luis Obispo,079,281455,24477,23878,966,24844,271
2021-08-19,San Mateo,081,765935,48508,47431,944,48375,551
2021-08-19,Santa Barbara,083,443738,38856,37693,1446,39139,477
2021-08-19,Santa Clara,085,1922200,132122,129133,1008,130141,1774
2021-08-19,Santa Cruz,087,273765,18037,17644,963,18607,209
2021-08-19,Shasta,089,179085,14737,14200,2114,16314,214
2021-08-19,Sierra,091,2930,90,83,15,98,0
2021-08-19,Siskiyou,093,43540,2333,2218,630,2848,33
2021-08-19,Solano,095,438530,40056,38025,936,38961,273
2021-08-19,Sonoma,097,501317,36628,35233,450,35683,336
2021-08-19,Stanislaus,099,539301,64901,62928,7403,70331,1047
2021-08-19,Sutter,101,95872,11390,11057,131,11188,133
2021-08-19,Tehama,103,63373,5861,5683,762,6445,66
2021-08-19,Trinity,105,12862,506,414,119,533,3
2021-08-19,Tulare,107,460477,53930,52685,11326,64011,856
2021-08-19,Tuolumne,109,53932,5301,5112,53,5165,64
2021-08-19,Ventura,111,848112,89241,88073,3947,92020,1060
2021-08-19,Yolo,113,214977,16698,16153,762,16915,225
2021-08-19,Yuba,115,75493,7741,7458,170,7628,51
2021-08-18,Alameda,001,1643700,106270,102696,2493,105189,1294
2021-08-18,Alpine,003,1148,91,91,0,91,0
2021-08-18,Amador,005,37829,4436,4279,40,4319,50
2021-08-18,Butte,007,227075,14974,14426,2505,16931,208
2021-08-18,Calaveras,009,45235,2781,2643,20,2663,59
2021-08-18,Colusa,011,21464,2228,2160,456,2616,16
2021-08-18,Contra Costa,013,1133247,86389,82767,1761,84528,851
2021-08-18,Del Norte,015,27424,2521,2219,16,2235,8
2021-08-18,El Dorado,017,186661,12957,12306,1129,13435,118
2021-08-18,Fresno,019,978130,113102,110523,10185,120708,1759
2021-08-18,Glenn,021,27897,2693,2623,693,3316,20
2021-08-18,Humboldt,023,135768,6552,6195,151,6346,52
2021-08-18,Imperial,025,180216,30010,29821,2996,32817,746
2021-08-18,Inyo,027,18085,1500,1494,4,1498,39
2021-08-18,Kern,029,883053,105291,103440,14214,117654,1370
2021-08-18,Kings,031,150075,25629,24984,1444,26428,256
2021-08-18,Lake,033,64148,5139,4957,47,5004,69
2021-08-18,Lassen,035,31185,5599,5506,151,5657,21
2021-08-18,Los Angeles,037,10098052,1326669,1311477,50786,1362263,24984
2021-08-18,Madera,039,155013,18402,17871,1259,19130,246
2021-08-18,Marin,041,260295,15962,15610,341,15951,240
2021-08-18,Mariposa,043,17540,656,615,15,630,5
2021-08-18,Mendocino,045,87422,5437,5129,171,5300,51
2021-08-18,Merced,047,269075,34357,33708,1212,34920,484
2021-08-18,Modoc,049,8938,442,427,153,580,6
2021-08-18,Mono,051,14174,1373,1344,14,1358,3
2021-08-18,Monterey,053,433212,45115,44735,2424,47159,532
2021-08-18,Napa,055,140530,11307,11060,65,11125,83
2021-08-18,Nevada,057,99092,6977,6633,235,6868,76
2021-08-18,Orange,059,3164182,282239,277795,13348,291143,5168
2021-08-18,Placer,061,380077,29353,27741,2518,30259,312
2021-08-18,Plumas,063,18699,937,874,16,890,5
2021-08-18,Riverside,065,2383286,322129,317107,15653,332760,4585
2021-08-18,Sacramento,067,1510023,131092,125599,2748,128347,1781
2021-08-18,San Benito,069,59416,6579,6481,132,6613,64
2021-08-18,San Bernardino,071,2135413,320332,315477,10222,325699,5304
2021-08-18,San Diego,073,3302833,324945,318152,18633,336785,3834
2021-08-18,San Francisco,075,870044,46288,44957,2086,47043,568
2021-08-18,San Joaquin,077,732212,84217,81601,4518,86119,1491
2021-08-18,San Luis Obispo,079,281455,24328,23726,954,24680,270
2021-08-18,San Mateo,081,765935,48349,47255,934,48189,551
2021-08-18,Santa Barbara,083,443738,38725,37599,1439,39038,475
2021-08-18,Santa Clara,085,1922200,131759,128563,1004,129567,1773
2021-08-18,Santa Cruz,087,273765,17983,17566,958,18524,209
2021-08-18,Shasta,089,179085,14638,14087,2095,16182,213
2021-08-18,Sierra,091,2930,89,83,15,98,0
2021-08-18,Siskiyou,093,43540,2304,2204,618,2822,33
2021-08-18,Solano,095,438530,39853,37812,924,38736,271
2021-08-18,Sonoma,097,501317,36484,35063,449,35512,333
2021-08-18,Stanislaus,099,539301,64552,62613,7360,69973,1047
2021-08-18,Sutter,101,95872,11318,11004,126,11130,130
2021-08-18,Tehama,103,63373,5826,5653,752,6405,66
2021-08-18,Trinity,105,12862,499,409,116,525,3
2021-08-18,Tulare,107,460477,53689,52486,11257,63743,856
2021-08-18,Tuolumne,109,53932,5265,5081,51,5132,64
2021-08-18,Ventura,111,848112,89009,87835,3936,91771,1055
2021-08-18,Yolo,113,214977,16616,16047,742,16789,225
2021-08-18,Yuba,115,75493,7676,7391,170,7561,51
2021-08-17,Alameda,001,1643700,105854,102379,2477,104856,1290
2021-08-17,Alpine,003,1148,91,91,0,91,0
2021-08-17,Amador,005,37829,4407,4266,40,4306,50
2021-08-17,Butte,007,227075,14869,14357,2469,16826,206
2021-08-17,Calaveras,009,45235,2740,2624,20,2644,59
2021-08-17,Colusa,011,21464,2219,2156,452,2608,16
2021-08-17,Contra Costa,013,1133247,85941,82482,1751,84233,848
2021-08-17,Del Norte,015,27424,2467,2188,16,2204,8
2021-08-17,El Dorado,017,186661,12869,12242,1114,13356,118
2021-08-17,Fresno,019,978130,112623,110263,10123,120386,1755
2021-08-17,Glenn,021,27897,2679,2608,685,3293,20
2021-08-17,Humboldt,023,135768,6474,6155,148,6303,52
2021-08-17,Imperial,025,180216,29959,29768,2992,32760,746
2021-08-17,Inyo,027,18085,1497,1492,4,1496,39
2021-08-17,Kern,029,883053,104897,103048,14088,117136,1367
2021-08-17,Kings,031,150075,25522,24930,1433,26363,254
2021-08-17,Lake,033,64148,5096,4930,41,4971,68
2021-08-17,Lassen,035,31185,5582,5499,149,5648,21
2021-08-17,Los Angeles,037,10098052,1323139,1307999,50650,1358649,24952
2021-08-17,Madera,039,155013,18328,17838,1238,19076,246
2021-08-17,Marin,041,260295,15907,15570,341,15911,240
2021-08-17,Mariposa,043,17540,648,609,14,623,5
2021-08-17,Mendocino,045,87422,5382,5097,171,5268,51
2021-08-17,Merced,047,269075,34209,33508,1198,34706,482
2021-08-17,Modoc,049,8938,439,424,151,575,6
2021-08-17,Mono,051,14174,1367,1341,14,1355,3
2021-08-17,Monterey,053,433212,45038,44672,2408,47080,528
2021-08-17,Napa,055,140530,11266,11007,64,11071,83
2021-08-17,Nevada,057,99092,6903,6605,233,6838,75
2021-08-17,Orange,059,3164182,281598,277121,13312,290433,5164
2021-08-17,Placer,061,380077,29139,27634,2488,30122,312
2021-08-17,Plumas,063,18699,926,860,16,876,5
2021-08-17,Riverside,065,2383286,321114,316051,15613,331664,4582
2021-08-17,Sacramento,067,1510023,130301,125151,2705,127856,1774
2021-08-17,San Benito,069,59416,6560,6470,132,6602,64
2021-08-17,San Bernardino,071,2135413,319398,314402,10177,324579,5302
2021-08-17,San Diego,073,3302833,323329,317058,18537,335595,3824
2021-08-17,San Francisco,075,870044,46093,44820,2075,46895,567
2021-08-17,San Joaquin,077,732212,83750,81300,4485,85785,1489
2021-08-17,San Luis Obispo,079,281455,24171,23556,951,24507,268
2021-08-17,San Mateo,081,765935,48207,47127,915,48042,551
2021-08-17,Santa Barbara,083,443738,38570,37478,1431,38909,475
2021-08-17,Santa Clara,085,1922200,131357,128354,999,129353,1773
2021-08-17,Santa Cruz,087,273765,17897,17528,956,18484,209
2021-08-17,Shasta,089,179085,14507,14012,2077,16089,214
2021-08-17,Sierra,091,2930,88,82,15,97,0
2021-08-17,Siskiyou,093,43540,2289,2183,604,2787,33
2021-08-17,Solano,095,438530,39640,37662,914,38576,269
2021-08-17,Sonoma,097,501317,36336,34943,445,35388,333
2021-08-17,Stanislaus,099,539301,64201,62385,7298,69683,1047
2021-08-17,Sutter,101,95872,11246,10973,126,11099,130
2021-08-17,Tehama,103,63373,5792,5612,730,6342,66
2021-08-17,Trinity,105,12862,494,406,113,519,3
2021-08-17,Tulare,107,460477,53422,52362,11189,63551,856
2021-08-17,Tuolumne,109,53932,5222,5042,50,5092,64
2021-08-17,Ventura,111,848112,88771,87601,3914,91515,1053
2021-08-17,Yolo,113,214977,16527,15975,727,16702,225
2021-08-17,Yuba,115,75493,7606,7355,170,7525,51
2021-08-16,Alameda,001,1643700,105353,102052,2465,104517,1287
2021-08-16,Alpine,003,1148,91,91,0,91,0
2021-08-16,Amador,005,37829,4397,4235,40,4275,50
2021-08-16,Butte,007,227075,14751,14283,2436,16719,206
2021-08-16,Calaveras,009,45235,2681,2609,19,2628,57
2021-08-16,Colusa,011,21464,2208,2147,448,2595,16
2021-08-16,Contra Costa,013,1133247,85402,82070,1741,83811,848
2021-08-16,Del Norte,015,27424,2390,2125,16,2141,8
2021-08-16,El Dorado,017,186661,12767,12139,1101,13240,118
2021-08-16,Fresno,019,978130,112123,109623,10076,119699,1753
2021-08-16,Glenn,021,27897,2660,2593,679,3272,20
2021-08-16,Humboldt,023,135768,6404,6064,125,6189,52
2021-08-16,Imperial,025,180216,29921,29737,2977,32714,746
2021-08-16,Inyo,027,18085,1494,1490,4,1494,39
2021-08-16,Kern,029,883053,104525,102690,13967,116657,1367
2021-08-16,Kings,031,150075,25420,24817,1423,26240,254
2021-08-16,Lake,033,64148,5069,4898,40,4938,68
2021-08-16,Lassen,035,31185,5566,5481,141,5622,21
2021-08-16,Los Angeles,037,10098052,1319763,1305330,50498,1355828,24923
2021-08-16,Madera,039,155013,18253,17756,1220,18976,246
2021-08-16,Marin,041,260295,15848,15497,340,15837,239
2021-08-16,Mariposa,043,17540,631,597,14,611,5
2021-08-16,Mendocino,045,87422,5326,5037,169,5206,49
2021-08-16,Merced,047,269075,34008,33364,1186,34550,481
2021-08-16,Modoc,049,8938,437,421,150,571,5
2021-08-16,Mono,051,14174,1358,1339,14,1353,3
2021-08-16,Monterey,053,433212,44976,44595,2380,46975,527
2021-08-16,Napa,055,140530,11237,10946,64,11010,83
2021-08-16,Nevada,057,99092,6847,6535,232,6767,74
2021-08-16,Orange,059,3164182,280809,275985,13265,289250,5161
2021-08-16,Placer,061,380077,28957,27384,2454,29838,306
2021-08-16,Plumas,063,18699,915,851,16,867,5
2021-08-16,Riverside,065,2383286,320024,314774,15574,330348,4582
2021-08-16,Sacramento,067,1510023,129493,124554,2662,127216,1762
2021-08-16,San Benito,069,59416,6536,6452,132,6584,64
2021-08-16,San Bernardino,071,2135413,318438,313617,10148,323765,5301
2021-08-16,San Diego,073,3302833,321722,315348,18402,333750,3824
2021-08-16,San Francisco,075,870044,45897,44681,2058,46739,567
2021-08-16,San Joaquin,077,732212,83249,81087,4456,85543,1488
2021-08-16,San Luis Obispo,079,281455,24022,23452,942,24394,265
2021-08-16,San Mateo,081,765935,48042,47024,892,47916,548
2021-08-16,Santa Barbara,083,443738,38403,37358,1426,38784,475
2021-08-16,Santa Clara,085,1922200,130893,127978,993,128971,1773
2021-08-16,Santa Cruz,087,273765,17836,17491,949,18440,209
2021-08-16,Shasta,089,179085,14417,13862,2059,15921,211
2021-08-16,Sierra,091,2930,85,82,15,97,0
2021-08-16,Siskiyou,093,43540,2272,2169,584,2753,33
2021-08-16,Solano,095,438530,39368,37436,900,38336,263
2021-08-16,Sonoma,097,501317,36166,34844,443,35287,333
2021-08-16,Stanislaus,099,539301,63839,62033,7246,69279,1039
2021-08-16,Sutter,101,95872,11177,10902,125,11027,130
2021-08-16,Tehama,103,63373,5728,5565,725,6290,66
2021-08-16,Trinity,105,12862,488,400,112,512,3
2021-08-16,Tulare,107,460477,53181,52162,11115,63277,856
2021-08-16,Tuolumne,109,53932,5183,4984,49,5033,64
2021-08-16,Ventura,111,848112,88526,86954,3896,90850,1052
2021-08-16,Yolo,113,214977,16427,15922,719,16641,225
2021-08-16,Yuba,115,75493,7522,7314,169,7483,51
2021-08-15,Alameda,001,1643700,104860,101660,2448,104108,1287
2021-08-15,Alpine,003,1148,91,91,0,91,0
2021-08-15,Amador,005,37829,4370,4231,40,4271,49
2021-08-15,Butte,007,227075,14626,14263,2412,16675,206
2021-08-15,Calaveras,009,45235,2634,2599,19,2618,57
2021-08-15,Colusa,011,21464,2196,2140,438,2578,16
2021-08-15,Contra Costa,013,1133247,84922,81781,1724,83505,848
2021-08-15,Del Norte,015,27424,2323,2060,16,2076,8
2021-08-15,El Dorado,017,186661,12632,12057,1084,13141,118
2021-08-15,Fresno,019,978130,111650,109382,10013,119395,1753
2021-08-15,Glenn,021,27897,2636,2592,667,3259,20
2021-08-15,Humboldt,023,135768,6331,6024,118,6142,52
2021-08-15,Imperial,025,180216,29855,29711,2971,32682,746
2021-08-15,Inyo,027,18085,1493,1489,4,1493,39
2021-08-15,Kern,029,883053,104083,102524,13852,116376,1367
2021-08-15,Kings,031,150075,25270,24736,1413,26149,254
2021-08-15,Lake,033,64148,5010,4886,39,4925,68
2021-08-15,Lassen,035,31185,5550,5482,139,5621,21
2021-08-15,Los Angeles,037,10098052,1316244,1302882,50322,1353204,24918
2021-08-15,Madera,039,155013,18165,17714,1208,18922,246
2021-08-15,Marin,041,260295,15789,15461,338,15799,239
2021-08-15,Mariposa,043,17540,624,591,14,605,5
2021-08-15,Mendocino,045,87422,5270,5022,163,5185,49
2021-08-15,Merced,047,269075,33764,33305,1175,34480,481
2021-08-15,Modoc,049,8938,435,421,150,571,5
2021-08-15,Mono,051,14174,1350,1334,14,1348,3
2021-08-15,Monterey,053,433212,44864,44567,2348,46915,527
2021-08-15,Napa,055,140530,11182,10919,64,10983,83
2021-08-15,Nevada,057,99092,6763,6486,232,6718,74
2021-08-15,Orange,059,3164182,280033,275447,13224,288671,5161
2021-08-15,Placer,061,380077,28735,27220,2406,29626,306
2021-08-15,Plumas,063,18699,903,850,16,866,5
2021-08-15,Riverside,065,2383286,318888,314133,15542,329675,4582
2021-08-15,Sacramento,067,1510023,128681,123924,2628,126552,1761
2021-08-15,San Benito,069,59416,6518,6446,131,6577,64
2021-08-15,San Bernardino,071,2135413,317363,313120,10116,323236,5301
2021-08-15,San Diego,073,3302833,320238,314247,18287,332534,3824
2021-08-15,San Francisco,075,870044,45675,44531,2035,46566,567
2021-08-15,San Joaquin,077,732212,82762,80832,4414,85246,1488
2021-08-15,San Luis Obispo,079,281455,23826,23404,932,24336,265
2021-08-15,San Mateo,081,765935,47877,46897,868,47765,548
2021-08-15,Santa Barbara,083,443738,38234,37276,1419,38695,475
2021-08-15,Santa Clara,085,1922200,130460,127715,987,128702,1773
2021-08-15,Santa Cruz,087,273765,17767,17440,941,18381,209
2021-08-15,Shasta,089,179085,14314,13835,2033,15868,211
2021-08-15,Sierra,091,2930,84,82,14,96,0
2021-08-15,Siskiyou,093,43540,2251,2169,570,2739,33
2021-08-15,Solano,095,438530,39129,37320,889,38209,263
2021-08-15,Sonoma,097,501317,35970,34706,435,35141,333
2021-08-15,Stanislaus,099,539301,63449,61795,7167,68962,1039
2021-08-15,Sutter,101,95872,11086,10863,125,10988,130
2021-08-15,Tehama,103,63373,5679,5550,719,6269,66
2021-08-15,Trinity,105,12862,485,400,110,510,3
2021-08-15,Tulare,107,460477,52925,52046,11054,63100,856
2021-08-15,Tuolumne,109,53932,5145,4934,47,4981,64
2021-08-15,Ventura,111,848112,88221,86797,3881,90678,1052
2021-08-15,Yolo,113,214977,16333,15873,708,16581,225
2021-08-15,Yuba,115,75493,7445,7265,168,7433,51
2021-08-14,Alameda,001,1643700,104641,101305,2444,103749,1287
2021-08-14,Alpine,003,1148,91,91,0,91,0
2021-08-14,Amador,005,37829,4352,4206,40,4246,49
2021-08-14,Butte,007,227075,14589,14192,2396,16588,206
2021-08-14,Calaveras,009,45235,2629,2579,19,2598,57
2021-08-14,Colusa,011,21464,2186,2134,434,2568,16
2021-08-14,Contra Costa,013,1133247,84674,81458,1716,83174,848
2021-08-14,Del Norte,015,27424,2296,2015,16,2031,8
2021-08-14,El Dorado,017,186661,12596,12019,1075,13094,118
2021-08-14,Fresno,019,978130,111492,109056,9983,119039,1753
2021-08-14,Glenn,021,27897,2625,2583,665,3248,20
2021-08-14,Humboldt,023,135768,6277,5998,114,6112,52
2021-08-14,Imperial,025,180216,29828,29671,2971,32642,746
2021-08-14,Inyo,027,18085,1491,1487,4,1491,39
2021-08-14,Kern,029,883053,103888,102306,13755,116061,1367
2021-08-14,Kings,031,150075,25176,24647,1404,26051,254
2021-08-14,Lake,033,64148,4993,4850,38,4888,68
2021-08-14,Lassen,035,31185,5543,5475,138,5613,21
2021-08-14,Los Angeles,037,10098052,1314482,1299346,50182,1349528,24911
2021-08-14,Madera,039,155013,18118,17691,1204,18895,246
2021-08-14,Marin,041,260295,15755,15441,337,15778,239
2021-08-14,Mariposa,043,17540,620,584,14,598,5
2021-08-14,Mendocino,045,87422,5234,4977,160,5137,49
2021-08-14,Merced,047,269075,33700,33234,1169,34403,481
2021-08-14,Modoc,049,8938,435,421,150,571,5
2021-08-14,Mono,051,14174,1348,1332,14,1346,3
2021-08-14,Monterey,053,433212,44825,44514,2340,46854,527
2021-08-14,Napa,055,140530,11152,10878,63,10941,83
2021-08-14,Nevada,057,99092,6728,6419,231,6650,74
2021-08-14,Orange,059,3164182,279601,274732,13195,287927,5161
2021-08-14,Placer,061,380077,28590,27115,2381,29496,306
2021-08-14,Plumas,063,18699,894,849,16,865,5
2021-08-14,Riverside,065,2383286,318175,313264,15519,328783,4582
2021-08-14,Sacramento,067,1510023,128189,123438,2610,126048,1758
2021-08-14,San Benito,069,59416,6505,6428,131,6559,64
2021-08-14,San Bernardino,071,2135413,316813,312142,10095,322237,5301
2021-08-14,San Diego,073,3302833,319567,313589,18219,331808,3824
2021-08-14,San Francisco,075,870044,45549,44353,2014,46367,567
2021-08-14,San Joaquin,077,732212,82546,80585,4398,84983,1488
2021-08-14,San Luis Obispo,079,281455,23767,23328,929,24257,265
2021-08-14,San Mateo,081,765935,47767,46792,856,47648,548
2021-08-14,Santa Barbara,083,443738,38141,37118,1415,38533,475
2021-08-14,Santa Clara,085,1922200,130181,127432,984,128416,1772
2021-08-14,Santa Cruz,087,273765,17728,17384,940,18324,209
2021-08-14,Shasta,089,179085,14239,13813,2012,15825,211
2021-08-14,Sierra,091,2930,84,81,14,95,0
2021-08-14,Siskiyou,093,43540,2241,2160,560,2720,33
2021-08-14,Solano,095,438530,39042,37237,877,38114,263
2021-08-14,Sonoma,097,501317,35847,34606,433,35039,333
2021-08-14,Stanislaus,099,539301,63259,61564,7122,68686,1039
2021-08-14,Sutter,101,95872,11041,10808,124,10932,130
2021-08-14,Tehama,103,63373,5655,5530,715,6245,66
2021-08-14,Trinity,105,12862,479,399,110,509,3
2021-08-14,Tulare,107,460477,52790,51951,11008,62959,856
2021-08-14,Tuolumne,109,53932,5110,4924,47,4971,64
2021-08-14,Ventura,111,848112,88064,86569,3861,90430,1052
2021-08-14,Yolo,113,214977,16288,15815,698,16513,225
2021-08-14,Yuba,115,75493,7396,7223,168,7391,51
2021-08-13,Alameda,001,1643700,104342,100930,2435,103365,1284
2021-08-13,Alpine,003,1148,91,91,0,91,0
2021-08-13,Amador,005,37829,4324,4169,40,4209,49
2021-08-13,Butte,007,227075,14518,14100,2380,16480,206
2021-08-13,Calaveras,009,45235,2620,2564,19,2583,57
2021-08-13,Colusa,011,21464,2179,2123,429,2552,16
2021-08-13,Contra Costa,013,1133247,84362,81046,1708,82754,848
2021-08-13,Del Norte,015,27424,2255,1973,16,1989,8
2021-08-13,El Dorado,017,186661,12557,11951,1062,13013,118
2021-08-13,Fresno,019,978130,111204,108638,9962,118600,1753
2021-08-13,Glenn,021,27897,2614,2574,663,3237,20
2021-08-13,Humboldt,023,135768,6230,5882,111,5993,52
2021-08-13,Imperial,025,180216,29801,29654,2970,32624,745
2021-08-13,Inyo,027,18085,1490,1484,4,1488,39
2021-08-13,Kern,029,883053,103680,102029,13646,115675,1364
2021-08-13,Kings,031,150075,25093,24531,1396,25927,253
2021-08-13,Lake,033,64148,4970,4811,37,4848,68
2021-08-13,Lassen,035,31185,5535,5455,137,5592,21
2021-08-13,Los Angeles,037,10098052,1312172,1295406,50047,1345453,24891
2021-08-13,Madera,039,155013,18069,17614,1197,18811,246
2021-08-13,Marin,041,260295,15725,15380,337,15717,239
2021-08-13,Mariposa,043,17540,614,577,14,591,5
2021-08-13,Mendocino,045,87422,5187,4924,158,5082,49
2021-08-13,Merced,047,269075,33652,33111,1164,34275,480
2021-08-13,Modoc,049,8938,434,421,149,570,5
2021-08-13,Mono,051,14174,1346,1331,14,1345,3
2021-08-13,Monterey,053,433212,44772,44450,2332,46782,527
2021-08-13,Napa,055,140530,11116,10830,63,10893,83
2021-08-13,Nevada,057,99092,6687,6356,230,6586,74
2021-08-13,Orange,059,3164182,279108,274004,13146,287150,5159
2021-08-13,Placer,061,380077,28490,26987,2352,29339,306
2021-08-13,Plumas,063,18699,880,842,16,858,5
2021-08-13,Riverside,065,2383286,317438,312408,15494,327902,4581
2021-08-13,Sacramento,067,1510023,127722,122868,2582,125450,1758
2021-08-13,San Benito,069,59416,6499,6422,129,6551,64
2021-08-13,San Bernardino,071,2135413,316145,311378,10076,321454,5301
2021-08-13,San Diego,073,3302833,318521,312293,18139,330432,3821
2021-08-13,San Francisco,075,870044,45413,44196,1989,46185,567
2021-08-13,San Joaquin,077,732212,82331,80232,4381,84613,1481
2021-08-13,San Luis Obispo,079,281455,23706,23226,926,24152,265
2021-08-13,San Mateo,081,765935,47657,46660,847,47507,548
2021-08-13,Santa Barbara,083,443738,38058,37023,1411,38434,474
2021-08-13,Santa Clara,085,1922200,129894,126958,979,127937,1769
2021-08-13,Santa Cruz,087,273765,17689,17332,933,18265,209
2021-08-13,Shasta,089,179085,14176,13698,1998,15696,211
2021-08-13,Sierra,091,2930,83,81,14,95,0
2021-08-13,Siskiyou,093,43540,2232,2147,555,2702,33
2021-08-13,Solano,095,438530,38910,37104,869,37973,264
2021-08-13,Sonoma,097,501317,35742,34464,433,34897,333
2021-08-13,Stanislaus,099,539301,63076,61294,7080,68374,1039
2021-08-13,Sutter,101,95872,10997,10751,123,10874,130
2021-08-13,Tehama,103,63373,5631,5496,713,6209,66
2021-08-13,Trinity,105,12862,475,392,110,502,3
2021-08-13,Tulare,107,460477,52686,51770,10933,62703,856
2021-08-13,Tuolumne,109,53932,5077,4899,46,4945,64
2021-08-13,Ventura,111,848112,87906,86368,3848,90216,1052
2021-08-13,Yolo,113,214977,16235,15761,688,16449,225
2021-08-13,Yuba,115,75493,7359,7184,168,7352,51
2021-08-12,Alameda,001,1643700,103841,100472,2421,102893,1284
2021-08-12,Alpine,003,1148,91,91,0,91,0
2021-08-12,Amador,005,37829,4294,4161,39,4200,49
2021-08-12,Butte,007,227075,14441,14006,2361,16367,206
2021-08-12,Calaveras,009,45235,2600,2531,19,2550,57
2021-08-12,Colusa,011,21464,2174,2111,428,2539,17
2021-08-12,Contra Costa,013,1133247,83880,80738,1698,82436,846
2021-08-12,Del Norte,015,27424,2183,1923,16,1939,8
2021-08-12,El Dorado,017,186661,12443,11880,1054,12934,118
2021-08-12,Fresno,019,978130,110788,108193,9901,118094,1753
2021-08-12,Glenn,021,27897,2606,2559,656,3215,20
2021-08-12,Humboldt,023,135768,6160,5845,107,5952,52
2021-08-12,Imperial,025,180216,29745,29585,2964,32549,745
2021-08-12,Inyo,027,18085,1488,1483,4,1487,39
2021-08-12,Kern,029,883053,103394,101698,13564,115262,1364
2021-08-12,Kings,031,150075,24994,24423,1386,25809,252
2021-08-12,Lake,033,64148,4945,4774,36,4810,68
2021-08-12,Lassen,035,31185,5513,5428,136,5564,21
2021-08-12,Los Angeles,037,10098052,1308994,1291875,49909,1341784,24874
2021-08-12,Madera,039,155013,18005,17564,1187,18751,246
2021-08-12,Marin,041,260295,15676,15277,333,15610,239
2021-08-12,Mariposa,043,17540,605,568,13,581,5
2021-08-12,Mendocino,045,87422,5157,4873,152,5025,49
2021-08-12,Merced,047,269075,33528,32960,1157,34117,480
2021-08-12,Modoc,049,8938,433,423,149,572,5
2021-08-12,Mono,051,14174,1343,1325,14,1339,3
2021-08-12,Monterey,053,433212,44707,44383,2304,46687,527
2021-08-12,Napa,055,140530,11067,10780,62,10842,83
2021-08-12,Nevada,057,99092,6626,6283,230,6513,74
2021-08-12,Orange,059,3164182,278432,273167,13088,286255,5158
2021-08-12,Placer,061,380077,28290,26856,2328,29184,306
2021-08-12,Plumas,063,18699,872,829,16,845,5
2021-08-12,Riverside,065,2383286,316430,311304,15460,326764,4575
2021-08-12,Sacramento,067,1510023,126953,122222,2550,124772,1758
2021-08-12,San Benito,069,59416,6483,6398,126,6524,64
2021-08-12,San Bernardino,071,2135413,315269,310420,10047,320467,5297
2021-08-12,San Diego,073,3302833,317142,310596,18055,328651,3821
2021-08-12,San Francisco,075,870044,45208,43774,1972,45746,564
2021-08-12,San Joaquin,077,732212,81938,79945,4357,84302,1479
2021-08-12,San Luis Obispo,079,281455,23607,23101,912,24013,264
2021-08-12,San Mateo,081,765935,47524,46435,833,47268,548
2021-08-12,Santa Barbara,083,443738,37922,36881,1401,38282,473
2021-08-12,Santa Clara,085,1922200,129445,126614,973,127587,1769
2021-08-12,Santa Cruz,087,273765,17626,17261,931,18192,209
2021-08-12,Shasta,089,179085,14090,13621,1972,15593,211
2021-08-12,Sierra,091,2930,83,81,14,95,0
2021-08-12,Siskiyou,093,43540,2225,2134,545,2679,33
2021-08-12,Solano,095,438530,38685,36980,861,37841,262
2021-08-12,Sonoma,097,501317,35594,34299,430,34729,333
2021-08-12,Stanislaus,099,539301,62802,61026,7020,68046,1039
2021-08-12,Sutter,101,95872,10936,10695,121,10816,130
2021-08-12,Tehama,103,63373,5602,5462,703,6165,66
2021-08-12,Trinity,105,12862,471,386,109,495,3
2021-08-12,Tulare,107,460477,52542,51632,10881,62513,856
2021-08-12,Tuolumne,109,53932,5030,4845,44,4889,64
2021-08-12,Ventura,111,848112,87670,86106,3824,89930,1052
2021-08-12,Yolo,113,214977,16164,15686,675,16361,224
2021-08-12,Yuba,115,75493,7311,7128,167,7295,51
2021-08-11,Alameda,001,1643700,103311,100040,2416,102456,1281
2021-08-11,Alpine,003,1148,91,91,0,91,0
2021-08-11,Amador,005,37829,4270,4127,39,4166,49
2021-08-11,Butte,007,227075,14337,13905,2336,16241,206
2021-08-11,Calaveras,009,45235,2578,2505,19,2524,57
2021-08-11,Colusa,011,21464,2164,2101,426,2527,16
2021-08-11,Contra Costa,013,1133247,83382,80275,1684,81959,843
2021-08-11,Del Norte,015,27424,2124,1893,16,1909,8
2021-08-11,El Dorado,017,186661,12330,11799,1042,12841,119
2021-08-11,Fresno,019,978130,110330,107773,9858,117631,1751
2021-08-11,Glenn,021,27897,2598,2547,649,3196,20
2021-08-11,Humboldt,023,135768,6113,5765,106,5871,52
2021-08-11,Imperial,025,180216,29702,29565,2960,32525,745
2021-08-11,Inyo,027,18085,1488,1483,4,1487,39
2021-08-11,Kern,029,883053,103082,101448,13451,114899,1363
2021-08-11,Kings,031,150075,24880,24304,1377,25681,250
2021-08-11,Lake,033,64148,4908,4713,35,4748,68
2021-08-11,Lassen,035,31185,5504,5408,134,5542,21
2021-08-11,Los Angeles,037,10098052,1305689,1288238,49716,1337954,24851
2021-08-11,Madera,039,155013,17955,17511,1176,18687,245
2021-08-11,Marin,041,260295,15627,15235,333,15568,239
2021-08-11,Mariposa,043,17540,595,554,12,566,5
2021-08-11,Mendocino,045,87422,5088,4796,144,4940,49
2021-08-11,Merced,047,269075,33395,32802,1152,33954,479
2021-08-11,Modoc,049,8938,433,421,149,570,5
2021-08-11,Mono,051,14174,1338,1320,14,1334,3
2021-08-11,Monterey,053,433212,44617,44314,2277,46591,527
2021-08-11,Napa,055,140530,11026,10732,62,10794,83
2021-08-11,Nevada,057,99092,6572,6172,227,6399,74
2021-08-11,Orange,059,3164182,277579,272212,13046,285258,5155
2021-08-11,Placer,061,380077,28078,26687,2302,28989,305
2021-08-11,Plumas,063,18699,863,824,16,840,5
2021-08-11,Riverside,065,2383286,315446,310265,15416,325681,4570
2021-08-11,Sacramento,067,1510023,126160,121603,2507,124110,1757
2021-08-11,San Benito,069,59416,6470,6381,126,6507,64
2021-08-11,San Bernardino,071,2135413,314379,309498,10025,319523,5296
2021-08-11,San Diego,073,3302833,315656,309406,17956,327362,3818
2021-08-11,San Francisco,075,870044,44987,43555,1962,45517,564
2021-08-11,San Joaquin,077,732212,81533,79641,4330,83971,1478
2021-08-11,San Luis Obispo,079,281455,23503,22920,905,23825,264
2021-08-11,San Mateo,081,765935,47368,46300,819,47119,548
2021-08-11,Santa Barbara,083,443738,37760,36699,1391,38090,472
2021-08-11,Santa Clara,085,1922200,128966,126301,964,127265,1769
2021-08-11,Santa Cruz,087,273765,17560,17191,928,18119,209
2021-08-11,Shasta,089,179085,14016,13546,1956,15502,211
2021-08-11,Sierra,091,2930,82,81,14,95,0
2021-08-11,Siskiyou,093,43540,2211,2124,538,2662,33
2021-08-11,Solano,095,438530,38458,36862,847,37709,262
2021-08-11,Sonoma,097,501317,35417,34188,425,34613,333
2021-08-11,Stanislaus,099,539301,62459,60767,6989,67756,1037
2021-08-11,Sutter,101,95872,10864,10628,121,10749,130
2021-08-11,Tehama,103,63373,5572,5410,686,6096,66
2021-08-11,Trinity,105,12862,469,385,109,494,3
2021-08-11,Tulare,107,460477,52376,51464,10833,62297,854
2021-08-11,Tuolumne,109,53932,4998,4794,44,4838,64
2021-08-11,Ventura,111,848112,87419,85863,3802,89665,1051
2021-08-11,Yolo,113,214977,16089,15593,661,16254,218
2021-08-11,Yuba,115,75493,7252,7063,166,7229,53
2021-08-10,Alameda,001,1643700,102824,99771,2406,102177,1281
2021-08-10,Alpine,003,1148,91,91,0,91,0
2021-08-10,Amador,005,37829,4254,4093,39,4132,49
2021-08-10,Butte,007,227075,14253,13853,2314,16167,205
2021-08-10,Calaveras,009,45235,2555,2491,17,2508,57
2021-08-10,Colusa,011,21464,2151,2088,417,2505,16
2021-08-10,Contra Costa,013,1133247,82844,80018,1674,81692,840
2021-08-10,Del Norte,015,27424,2080,1870,16,1886,8
2021-08-10,El Dorado,017,186661,12231,11734,1032,12766,117
2021-08-10,Fresno,019,978130,109880,107616,9805,117421,1747
2021-08-10,Glenn,021,27897,2585,2538,642,3180,20
2021-08-10,Humboldt,023,135768,6059,5718,103,5821,52
2021-08-10,Imperial,025,180216,29667,29522,2954,32476,745
2021-08-10,Inyo,027,18085,1488,1482,4,1486,39
2021-08-10,Kern,029,883053,102757,101254,13350,114604,1359
2021-08-10,Kings,031,150075,24752,24252,1361,25613,251
2021-08-10,Lake,033,64148,4868,4700,34,4734,67
2021-08-10,Lassen,035,31185,5486,5401,134,5535,21
2021-08-10,Los Angeles,037,10098052,1301956,1285140,49545,1334685,24821
2021-08-10,Madera,039,155013,17883,17481,1165,18646,245
2021-08-10,Marin,041,260295,15580,15194,333,15527,239
2021-08-10,Mariposa,043,17540,582,550,12,562,5
2021-08-10,Mendocino,045,87422,5043,4775,141,4916,49
2021-08-10,Merced,047,269075,33247,32721,1144,33865,477
2021-08-10,Modoc,049,8938,432,421,149,570,5
2021-08-10,Mono,051,14174,1333,1320,14,1334,3
2021-08-10,Monterey,053,433212,44567,44259,2251,46510,527
2021-08-10,Napa,055,140530,10970,10703,61,10764,83
2021-08-10,Nevada,057,99092,6506,6151,226,6377,73
2021-08-10,Orange,059,3164182,276699,271688,12997,284685,5155
2021-08-10,Placer,061,380077,27859,26561,2259,28820,305
2021-08-10,Plumas,063,18699,854,816,16,832,5
2021-08-10,Riverside,065,2383286,314335,309529,15390,324919,4564
2021-08-10,Sacramento,067,1510023,125307,121159,2477,123636,1755
2021-08-10,San Benito,069,59416,6456,6371,126,6497,64
2021-08-10,San Bernardino,071,2135413,313460,308672,10008,318680,5295
2021-08-10,San Diego,073,3302833,313993,308288,17880,326168,3815
2021-08-10,San Francisco,075,870044,44747,43389,1933,45322,564
2021-08-10,San Joaquin,077,732212,81133,79391,4313,83704,1478
2021-08-10,San Luis Obispo,079,281455,23377,22776,903,23679,264
2021-08-10,San Mateo,081,765935,47209,46184,801,46985,548
2021-08-10,Santa Barbara,083,443738,37596,36574,1384,37958,472
2021-08-10,Santa Clara,085,1922200,128506,126019,955,126974,1770
2021-08-10,Santa Cruz,087,273765,17477,17142,926,18068,209
2021-08-10,Shasta,089,179085,13939,13461,1931,15392,211
2021-08-10,Sierra,091,2930,82,76,14,90,0
2021-08-10,Siskiyou,093,43540,2203,2088,530,2618,33
2021-08-10,Solano,095,438530,38222,36767,838,37605,262
2021-08-10,Sonoma,097,501317,35273,34054,422,34476,333
2021-08-10,Stanislaus,099,539301,62111,60605,6950,67555,1037
2021-08-10,Sutter,101,95872,10799,10569,121,10690,130
2021-08-10,Tehama,103,63373,5543,5392,681,6073,66
2021-08-10,Trinity,105,12862,469,384,109,493,3
2021-08-10,Tulare,107,460477,52214,51390,10781,62171,854
2021-08-10,Tuolumne,109,53932,4970,4780,42,4822,64
2021-08-10,Ventura,111,848112,87129,85714,3781,89495,1051
2021-08-10,Yolo,113,214977,16002,15568,649,16217,218
2021-08-10,Yuba,115,75493,7202,7028,166,7194,50
2021-08-09,Alameda,001,1643700,102263,99496,2402,101898,1276
2021-08-09,Alpine,003,1148,91,91,0,91,0
2021-08-09,Amador,005,37829,4228,4078,39,4117,48
2021-08-09,Butte,007,227075,14159,13813,2281,16094,205
2021-08-09,Calaveras,009,45235,2527,2472,17,2489,57
2021-08-09,Colusa,011,21464,2141,2075,409,2484,16
2021-08-09,Contra Costa,013,1133247,82300,79740,1663,81403,840
2021-08-09,Del Norte,015,27424,2012,1848,16,1864,8
2021-08-09,El Dorado,017,186661,12123,11672,1018,12690,117
2021-08-09,Fresno,019,978130,109388,107310,9769,117079,1747
2021-08-09,Glenn,021,27897,2574,2532,632,3164,20
2021-08-09,Humboldt,023,135768,5968,5632,101,5733,52
2021-08-09,Imperial,025,180216,29623,29512,2950,32462,745
2021-08-09,Inyo,027,18085,1488,1481,4,1485,39
2021-08-09,Kern,029,883053,102447,101069,13261,114330,1359
2021-08-09,Kings,031,150075,24646,24155,1345,25500,250
2021-08-09,Lake,033,64148,4833,4670,32,4702,66
2021-08-09,Lassen,035,31185,5464,5393,133,5526,21
2021-08-09,Los Angeles,037,10098052,1297963,1282891,49349,1332240,24798
2021-08-09,Madera,039,155013,17824,17429,1145,18574,245
2021-08-09,Marin,041,260295,15527,15154,332,15486,239
2021-08-09,Mariposa,043,17540,569,545,12,557,5
2021-08-09,Mendocino,045,87422,4992,4732,133,4865,49
2021-08-09,Merced,047,269075,33101,32666,1137,33803,477
2021-08-09,Modoc,049,8938,432,419,149,568,5
2021-08-09,Mono,051,14174,1330,1337,14,1351,3
2021-08-09,Monterey,053,433212,44503,44190,2226,46416,527
2021-08-09,Napa,055,140530,10923,10679,61,10740,83
2021-08-09,Nevada,057,99092,6436,6088,225,6313,73
2021-08-09,Orange,059,3164182,275670,271036,12945,283981,5153
2021-08-09,Placer,061,380077,27637,26457,2227,28684,305
2021-08-09,Plumas,063,18699,837,803,16,819,5
2021-08-09,Riverside,065,2383286,313257,308678,15370,324048,4562
2021-08-09,Sacramento,067,1510023,124476,120812,2450,123262,1748
2021-08-09,San Benito,069,59416,6436,6359,124,6483,63
2021-08-09,San Bernardino,071,2135413,312479,308038,9984,318022,5295
2021-08-09,San Diego,073,3302833,312321,306855,17785,324640,3811
2021-08-09,San Francisco,075,870044,44506,43261,1913,45174,564
2021-08-09,San Joaquin,077,732212,80751,79198,4295,83493,1469
2021-08-09,San Luis Obispo,079,281455,23240,22695,894,23589,264
2021-08-09,San Mateo,081,765935,47053,46040,781,46821,548
2021-08-09,Santa Barbara,083,443738,37412,36474,1377,37851,470
2021-08-09,Santa Clara,085,1922200,128003,125791,944,126735,2187
2021-08-09,Santa Cruz,087,273765,17416,17082,926,18008,209
2021-08-09,Shasta,089,179085,13822,13397,1920,15317,210
2021-08-09,Sierra,091,2930,81,75,14,89,0
2021-08-09,Siskiyou,093,43540,2192,2047,512,2559,32
2021-08-09,Solano,095,438530,37957,36653,835,37488,262
2021-08-09,Sonoma,097,501317,35092,33933,420,34353,333
2021-08-09,Stanislaus,099,539301,61830,60410,6897,67307,1037
2021-08-09,Sutter,101,95872,10751,10525,118,10643,129
2021-08-09,Tehama,103,63373,5500,5373,679,6052,66
2021-08-09,Trinity,105,12862,467,378,107,485,3
2021-08-09,Tulare,107,460477,52058,51274,10715,61989,854
2021-08-09,Tuolumne,109,53932,4928,4745,42,4787,64
2021-08-09,Ventura,111,848112,86858,85514,3771,89285,1047
2021-08-09,Yolo,113,214977,15924,15521,628,16149,218
2021-08-09,Yuba,115,75493,7145,6994,166,7160,50
2021-08-08,Alameda,001,1643700,101707,99135,2394,101529,1276
2021-08-08,Alpine,003,1148,91,91,0,91,0
2021-08-08,Amador,005,37829,4194,4057,38,4095,48
2021-08-08,Butte,007,227075,14074,13791,2262,16053,205
2021-08-08,Calaveras,009,45235,2495,2462,17,2479,57
2021-08-08,Colusa,011,21464,2124,2070,402,2472,16
2021-08-08,Contra Costa,013,1133247,81777,79454,1656,81110,840
2021-08-08,Del Norte,015,27424,1966,1810,16,1826,8
2021-08-08,El Dorado,017,186661,12005,11631,1007,12638,117
2021-08-08,Fresno,019,978130,108951,107078,9736,116814,1747
2021-08-08,Glenn,021,27897,2564,2527,627,3154,20
2021-08-08,Humboldt,023,135768,5877,5571,101,5672,52
2021-08-08,Imperial,025,180216,29599,29485,2940,32425,745
2021-08-08,Inyo,027,18085,1488,1481,4,1485,39
2021-08-08,Kern,029,883053,102128,100909,13148,114057,1359
2021-08-08,Kings,031,150075,24532,24095,1336,25431,250
2021-08-08,Lake,033,64148,4783,4636,31,4667,66
2021-08-08,Lassen,035,31185,5449,5391,132,5523,21
2021-08-08,Los Angeles,037,10098052,1293730,1279982,49159,1329141,24793
2021-08-08,Madera,039,155013,17747,17398,1128,18526,245
2021-08-08,Marin,041,260295,15474,15124,330,15454,239
2021-08-08,Mariposa,043,17540,565,538,12,550,5
2021-08-08,Mendocino,045,87422,4930,4702,119,4821,49
2021-08-08,Merced,047,269075,32955,32634,1127,33761,477
2021-08-08,Modoc,049,8938,431,419,148,567,5
2021-08-08,Mono,051,14174,1326,1336,14,1350,3
2021-08-08,Monterey,053,433212,44442,44171,2205,46376,527
2021-08-08,Napa,055,140530,10887,10668,61,10729,83
2021-08-08,Nevada,057,99092,6351,6009,223,6232,73
2021-08-08,Orange,059,3164182,274760,270532,12903,283435,5153
2021-08-08,Placer,061,380077,27432,26332,2185,28517,305
2021-08-08,Plumas,063,18699,828,803,16,819,5
2021-08-08,Riverside,065,2383286,312137,308042,15344,323386,4562
2021-08-08,Sacramento,067,1510023,123650,120109,2437,122546,1744
2021-08-08,San Benito,069,59416,6419,6350,123,6473,63
2021-08-08,San Bernardino,071,2135413,311334,307378,9954,317332,5295
2021-08-08,San Diego,073,3302833,310974,305983,17691,323674,3811
2021-08-08,San Francisco,075,870044,44253,43098,1887,44985,564
2021-08-08,San Joaquin,077,732212,80303,79002,4279,83281,1469
2021-08-08,San Luis Obispo,079,281455,23066,22668,886,23554,263
2021-08-08,San Mateo,081,765935,46876,45927,766,46693,548
2021-08-08,Santa Barbara,083,443738,37236,36417,1370,37787,470
2021-08-08,Santa Clara,085,1922200,127553,125553,938,126491,2187
2021-08-08,Santa Cruz,087,273765,17341,17035,921,17956,209
2021-08-08,Shasta,089,179085,13737,13381,1909,15290,210
2021-08-08,Sierra,091,2930,81,74,14,88,0
2021-08-08,Siskiyou,093,43540,2176,2041,507,2548,32
2021-08-08,Solano,095,438530,37726,36551,833,37384,262
2021-08-08,Sonoma,097,501317,34848,33805,419,34224,333
2021-08-08,Stanislaus,099,539301,61489,60269,6850,67119,1037
2021-08-08,Sutter,101,95872,10691,10481,117,10598,129
2021-08-08,Tehama,103,63373,5462,5359,676,6035,66
2021-08-08,Trinity,105,12862,462,378,107,485,3
2021-08-08,Tulare,107,460477,51878,51220,10655,61875,854
2021-08-08,Tuolumne,109,53932,4889,4731,42,4773,64
2021-08-08,Ventura,111,848112,86567,85382,3761,89143,1047
2021-08-08,Yolo,113,214977,15832,15477,621,16098,218
2021-08-08,Yuba,115,75493,7106,6967,166,7133,50
2021-08-07,Alameda,001,1643700,101457,98812,2388,101200,1276
2021-08-07,Alpine,003,1148,91,91,0,91,0
2021-08-07,Amador,005,37829,4177,4041,37,4078,48
2021-08-07,Butte,007,227075,14023,13714,2250,15964,205
2021-08-07,Calaveras,009,45235,2485,2446,17,2463,57
2021-08-07,Colusa,011,21464,2119,2067,393,2460,16
2021-08-07,Contra Costa,013,1133247,81482,79168,1652,80820,840
2021-08-07,Del Norte,015,27424,1934,1791,16,1807,8
2021-08-07,El Dorado,017,186661,11955,11575,998,12573,117
2021-08-07,Fresno,019,978130,108750,106861,9714,116575,1747
2021-08-07,Glenn,021,27897,2558,2515,625,3140,20
2021-08-07,Humboldt,023,135768,5827,5510,98,5608,52
2021-08-07,Imperial,025,180216,29580,29470,2940,32410,745
2021-08-07,Inyo,027,18085,1486,1476,4,1480,39
2021-08-07,Kern,029,883053,101972,100693,13092,113785,1359
2021-08-07,Kings,031,150075,24474,24048,1330,25378,250
2021-08-07,Lake,033,64148,4762,4613,31,4644,66
2021-08-07,Lassen,035,31185,5445,5386,132,5518,21
2021-08-07,Los Angeles,037,10098052,1291733,1276853,49003,1325856,24786
2021-08-07,Madera,039,155013,17714,17366,1122,18488,245
2021-08-07,Marin,041,260295,15441,15085,328,15413,239
2021-08-07,Mariposa,043,17540,562,530,12,542,5
2021-08-07,Mendocino,045,87422,4894,4690,117,4807,49
2021-08-07,Merced,047,269075,32891,32569,1124,33693,477
2021-08-07,Modoc,049,8938,431,419,148,567,5
2021-08-07,Mono,051,14174,1324,1329,14,1343,3
2021-08-07,Monterey,053,433212,44394,44124,2196,46320,527
2021-08-07,Napa,055,140530,10866,10658,60,10718,83
2021-08-07,Nevada,057,99092,6301,5967,221,6188,73
2021-08-07,Orange,059,3164182,274173,269900,12871,282771,5153
2021-08-07,Placer,061,380077,27245,26244,2177,28421,305
2021-08-07,Plumas,063,18699,823,801,16,817,5
2021-08-07,Riverside,065,2383286,311466,307326,15335,322661,4562
2021-08-07,Sacramento,067,1510023,123149,119636,2432,122068,1744
2021-08-07,San Benito,069,59416,6409,6332,123,6455,63
2021-08-07,San Bernardino,071,2135413,310746,306663,9936,316599,5295
2021-08-07,San Diego,073,3302833,310219,304974,17655,322629,3811
2021-08-07,San Francisco,075,870044,44092,42926,1860,44786,564
2021-08-07,San Joaquin,077,732212,80139,78769,4265,83034,1469
2021-08-07,San Luis Obispo,079,281455,22999,22579,885,23464,263
2021-08-07,San Mateo,081,765935,46760,45804,755,46559,548
2021-08-07,Santa Barbara,083,443738,37140,36303,1364,37667,470
2021-08-07,Santa Clara,085,1922200,127282,125196,933,126129,2188
2021-08-07,Santa Cruz,087,273765,17299,16994,919,17913,209
2021-08-07,Shasta,089,179085,13682,13361,1901,15262,210
2021-08-07,Sierra,091,2930,81,74,14,88,0
2021-08-07,Siskiyou,093,43540,2164,2039,505,2544,32
2021-08-07,Solano,095,438530,37611,36458,825,37283,262
2021-08-07,Sonoma,097,501317,34726,33716,419,34135,333
2021-08-07,Stanislaus,099,539301,61301,60093,6819,66912,1037
2021-08-07,Sutter,101,95872,10654,10447,117,10564,129
2021-08-07,Tehama,103,63373,5452,5343,671,6014,66
2021-08-07,Trinity,105,12862,458,377,106,483,3
2021-08-07,Tulare,107,460477,51792,51133,10617,61750,854
2021-08-07,Tuolumne,109,53932,4859,4721,42,4763,64
2021-08-07,Ventura,111,848112,86387,85232,3746,88978,1047
2021-08-07,Yolo,113,214977,15789,15423,613,16036,218
2021-08-07,Yuba,115,75493,7082,6937,164,7101,50
2021-08-06,Alameda,001,1643700,101126,98487,2381,100868,1275
2021-08-06,Alpine,003,1148,91,91,0,91,0
2021-08-06,Amador,005,37829,4156,4002,37,4039,48
2021-08-06,Butte,007,227075,13975,13626,2238,15864,205
2021-08-06,Calaveras,009,45235,2475,2419,17,2436,57
2021-08-06,Colusa,011,21464,2113,2045,387,2432,16
2021-08-06,Contra Costa,013,1133247,81188,78796,1646,80442,840
2021-08-06,Del Norte,015,27424,1907,1755,16,1771,8
2021-08-06,El Dorado,017,186661,11906,11498,986,12484,117
2021-08-06,Fresno,019,978130,108490,106542,9688,116230,1747
2021-08-06,Glenn,021,27897,2543,2504,623,3127,20
2021-08-06,Humboldt,023,135768,5776,5421,95,5516,52
2021-08-06,Imperial,025,180216,29569,29404,2936,32340,745
2021-08-06,Inyo,027,18085,1483,1471,4,1475,39
2021-08-06,Kern,029,883053,101795,100427,13006,113433,1359
2021-08-06,Kings,031,150075,24417,23974,1326,25300,250
2021-08-06,Lake,033,64148,4739,4557,31,4588,66
2021-08-06,Lassen,035,31185,5425,5368,130,5498,21
2021-08-06,Los Angeles,037,10098052,1289255,1273081,48851,1321932,24772
2021-08-06,Madera,039,155013,17675,17324,1113,18437,245
2021-08-06,Marin,041,260295,15408,15051,328,15379,239
2021-08-06,Mariposa,043,17540,553,511,12,523,5
2021-08-06,Mendocino,045,87422,4852,4649,116,4765,49
2021-08-06,Merced,047,269075,32831,32456,1121,33577,477
2021-08-06,Modoc,049,8938,431,419,148,567,5
2021-08-06,Mono,051,14174,1322,1328,14,1342,3
2021-08-06,Monterey,053,433212,44335,44058,2173,46231,527
2021-08-06,Napa,055,140530,10839,10620,60,10680,83
2021-08-06,Nevada,057,99092,6245,5874,221,6095,73
2021-08-06,Orange,059,3164182,273612,269077,12854,281931,5151
2021-08-06,Placer,061,380077,27122,26086,2155,28241,305
2021-08-06,Plumas,063,18699,814,795,16,811,5
2021-08-06,Riverside,065,2383286,310756,306304,15324,321628,4562
2021-08-06,Sacramento,067,1510023,122662,119169,2412,121581,1740
2021-08-06,San Benito,069,59416,6392,6315,123,6438,63
2021-08-06,San Bernardino,071,2135413,310047,305806,9927,315733,5286
2021-08-06,San Diego,073,3302833,309181,303691,17606,321297,3810
2021-08-06,San Francisco,075,870044,43940,42659,1837,44496,565
2021-08-06,San Joaquin,077,732212,79992,78405,4252,82657,1469
2021-08-06,San Luis Obispo,079,281455,22933,22472,880,23352,263
2021-08-06,San Mateo,081,765935,46619,45665,739,46404,548
2021-08-06,Santa Barbara,083,443738,37051,36208,1359,37567,470
2021-08-06,Santa Clara,085,1922200,126991,124767,928,125695,2185
2021-08-06,Santa Cruz,087,273765,17257,16924,915,17839,207
2021-08-06,Shasta,089,179085,13616,13284,1895,15179,210
2021-08-06,Sierra,091,2930,81,73,14,87,0
2021-08-06,Siskiyou,093,43540,2154,2030,501,2531,32
2021-08-06,Solano,095,438530,37502,36351,816,37167,262
2021-08-06,Sonoma,097,501317,34639,33594,418,34012,333
2021-08-06,Stanislaus,099,539301,61149,59854,6797,66651,1037
2021-08-06,Sutter,101,95872,10611,10391,117,10508,128
2021-08-06,Tehama,103,63373,5428,5325,670,5995,66
2021-08-06,Trinity,105,12862,457,371,105,476,3
2021-08-06,Tulare,107,460477,51693,51018,10569,61587,854
2021-08-06,Tuolumne,109,53932,4832,4674,42,4716,64
2021-08-06,Ventura,111,848112,86216,85046,3734,88780,1047
2021-08-06,Yolo,113,214977,15737,15299,606,15905,218
2021-08-06,Yuba,115,75493,7059,6904,164,7068,50
2021-08-05,Alameda,001,1643700,100635,98052,2376,100428,1275
2021-08-05,Alpine,003,1148,91,91,0,91,0
2021-08-05,Amador,005,37829,4136,3992,37,4029,48
2021-08-05,Butte,007,227075,13919,13564,2216,15780,206
2021-08-05,Calaveras,009,45235,2457,2397,17,2414,57
2021-08-05,Colusa,011,21464,2101,2036,383,2419,16
2021-08-05,Contra Costa,013,1133247,80761,78514,1638,80152,840
2021-08-05,Del Norte,015,27424,1880,1731,16,1747,8
2021-08-05,El Dorado,017,186661,11822,11408,975,12383,117
2021-08-05,Fresno,019,978130,108121,106219,9651,115870,1747
2021-08-05,Glenn,021,27897,2538,2494,620,3114,20
2021-08-05,Humboldt,023,135768,5703,5328,94,5422,52
2021-08-05,Imperial,025,180216,29538,29383,2932,32315,745
2021-08-05,Inyo,027,18085,1479,1468,4,1472,38
2021-08-05,Kern,029,883053,101573,100091,12921,113012,1358
2021-08-05,Kings,031,150075,24333,23906,1321,25227,249
2021-08-05,Lake,033,64148,4700,4490,29,4519,66
2021-08-05,Lassen,035,31185,5417,5344,130,5474,21
2021-08-05,Los Angeles,037,10098052,1286047,1269445,48720,1318165,24756
2021-08-05,Madera,039,155013,17634,17301,1105,18406,245
2021-08-05,Marin,041,260295,15364,15005,324,15329,239
2021-08-05,Mariposa,043,17540,542,504,11,515,5
2021-08-05,Mendocino,045,87422,4809,4597,107,4704,49
2021-08-05,Merced,047,269075,32764,32381,1110,33491,477
2021-08-05,Modoc,049,8938,430,418,148,566,5
2021-08-05,Mono,051,14174,1312,1309,14,1323,3
2021-08-05,Monterey,053,433212,44283,43992,2152,46144,527
2021-08-05,Napa,055,140530,10803,10591,58,10649,83
2021-08-05,Nevada,057,99092,6164,5778,218,5996,73
2021-08-05,Orange,059,3164182,272836,268329,12829,281158,5149
2021-08-05,Placer,061,380077,26925,25965,2125,28090,305
2021-08-05,Plumas,063,18699,807,787,15,802,5
2021-08-05,Riverside,065,2383286,309840,305415,15295,320710,4562
2021-08-05,Sacramento,067,1510023,121955,118590,2399,120989,1739
2021-08-05,San Benito,069,59416,6374,6305,123,6428,63
2021-08-05,San Bernardino,071,2135413,309212,304956,9906,314862,5284
2021-08-05,San Diego,073,3302833,307901,302220,17529,319749,3806
2021-08-05,San Francisco,075,870044,43734,42301,1823,44124,564
2021-08-05,San Joaquin,077,732212,79632,78151,4234,82385,1468
2021-08-05,San Luis Obispo,079,281455,22820,22362,874,23236,263
2021-08-05,San Mateo,081,765935,46457,45554,726,46280,548
2021-08-05,Santa Barbara,083,443738,36946,36112,1356,37468,470
2021-08-05,Santa Clara,085,1922200,126658,124490,927,125417,2185
2021-08-05,Santa Cruz,087,273765,17214,16867,912,17779,207
2021-08-05,Shasta,089,179085,13559,13217,1886,15103,210
2021-08-05,Sierra,091,2930,76,73,14,87,0
2021-08-05,Siskiyou,093,43540,2133,2024,491,2515,32
2021-08-05,Solano,095,438530,37328,36250,809,37059,262
2021-08-05,Sonoma,097,501317,34504,33455,417,33872,330
2021-08-05,Stanislaus,099,539301,60902,59692,6758,66450,1037
2021-08-05,Sutter,101,95872,10556,10349,117,10466,127
2021-08-05,Tehama,103,63373,5410,5305,666,5971,66
2021-08-05,Trinity,105,12862,451,367,105,472,3
2021-08-05,Tulare,107,460477,51577,50889,10511,61400,854
2021-08-05,Tuolumne,109,53932,4802,4619,42,4661,64
2021-08-05,Ventura,111,848112,85966,84837,3720,88557,1047
2021-08-05,Yolo,113,214977,15672,15250,595,15845,218
2021-08-05,Yuba,115,75493,7016,6872,162,7034,50
2021-08-04,Alameda,001,1643700,100130,97477,2364,99841,1274
2021-08-04,Alpine,003,1148,91,91,0,91,0
2021-08-04,Amador,005,37829,4106,3962,36,3998,48
2021-08-04,Butte,007,227075,13852,13509,2198,15707,205
2021-08-04,Calaveras,009,45235,2434,2374,17,2391,57
2021-08-04,Colusa,011,21464,2089,2025,377,2402,16
2021-08-04,Contra Costa,013,1133247,80246,77966,1632,79598,840
2021-08-04,Del Norte,015,27424,1857,1701,16,1717,8
2021-08-04,El Dorado,017,186661,11743,11319,964,12283,117
2021-08-04,Fresno,019,978130,107757,105899,9614,115513,1747
2021-08-04,Glenn,021,27897,2531,2487,620,3107,20
2021-08-04,Humboldt,023,135768,5627,5271,93,5364,52
2021-08-04,Imperial,025,180216,29490,29375,2930,32305,745
2021-08-04,Inyo,027,18085,1478,1465,4,1469,38
2021-08-04,Kern,029,883053,101323,99868,12836,112704,1358
2021-08-04,Kings,031,150075,24263,23840,1313,25153,250
2021-08-04,Lake,033,64148,4669,4423,23,4446,65
2021-08-04,Lassen,035,31185,5409,5340,130,5470,21
2021-08-04,Los Angeles,037,10098052,1282580,1265788,48559,1314347,24737
2021-08-04,Madera,039,155013,17599,17251,1098,18349,245
2021-08-04,Marin,041,260295,15317,14950,323,15273,239
2021-08-04,Mariposa,043,17540,527,497,11,508,5
2021-08-04,Mendocino,045,87422,4785,4560,103,4663,49
2021-08-04,Merced,047,269075,32626,32274,1105,33379,476
2021-08-04,Modoc,049,8938,430,416,148,564,5
2021-08-04,Mono,051,14174,1309,1307,14,1321,3
2021-08-04,Monterey,053,433212,44224,43926,2135,46061,526
2021-08-04,Napa,055,140530,10766,10544,58,10602,82
2021-08-04,Nevada,057,99092,6099,5702,217,5919,73
2021-08-04,Orange,059,3164182,271966,267199,12788,279987,5146
2021-08-04,Placer,061,380077,26708,25688,2105,27793,305
2021-08-04,Plumas,063,18699,800,784,15,799,5
2021-08-04,Riverside,065,2383286,308915,304272,15269,319541,4562
2021-08-04,Sacramento,067,1510023,121199,117882,2369,120251,1736
2021-08-04,San Benito,069,59416,6359,6300,123,6423,63
2021-08-04,San Bernardino,071,2135413,308359,304164,9889,314053,5285
2021-08-04,San Diego,073,3302833,306378,301100,17469,318569,3805
2021-08-04,San Francisco,075,870044,43484,41913,1806,43719,562
2021-08-04,San Joaquin,077,732212,79275,77846,4222,82068,1466
2021-08-04,San Luis Obispo,079,281455,22713,22245,868,23113,262
2021-08-04,San Mateo,081,765935,46293,45392,718,46110,548
2021-08-04,Santa Barbara,083,443738,36819,36013,1347,37360,470
2021-08-04,Santa Clara,085,1922200,126267,124127,920,125047,2183
2021-08-04,Santa Cruz,087,273765,17153,16820,905,17725,208
2021-08-04,Shasta,089,179085,13507,13134,1875,15009,211
2021-08-04,Sierra,091,2930,76,73,14,87,0
2021-08-04,Siskiyou,093,43540,2113,2010,486,2496,32
2021-08-04,Solano,095,438530,37131,36025,800,36825,262
2021-08-04,Sonoma,097,501317,34333,33311,415,33726,330
2021-08-04,Stanislaus,099,539301,60664,59396,6718,66114,1037
2021-08-04,Sutter,101,95872,10519,10294,117,10411,127
2021-08-04,Tehama,103,63373,5384,5281,661,5942,66
2021-08-04,Trinity,105,12862,449,362,102,464,3
2021-08-04,Tulare,107,460477,51468,50797,10466,61263,855
2021-08-04,Tuolumne,109,53932,4777,4584,42,4626,64
2021-08-04,Ventura,111,848112,85710,84406,3697,88103,1047
2021-08-04,Yolo,113,214977,15594,15189,582,15771,215
2021-08-04,Yuba,115,75493,6976,6827,160,6987,50
2021-08-03,Alameda,001,1643700,99671,97275,2359,99634,1270
2021-08-03,Alpine,003,1148,91,91,0,91,0
2021-08-03,Amador,005,37829,4070,3953,36,3989,48
2021-08-03,Butte,007,227075,13786,13468,2183,15651,205
2021-08-03,Calaveras,009,45235,2411,2356,17,2373,57
2021-08-03,Colusa,011,21464,2076,2023,371,2394,16
2021-08-03,Contra Costa,013,1133247,79763,77739,1626,79365,836
2021-08-03,Del Norte,015,27424,1826,1691,15,1706,8
2021-08-03,El Dorado,017,186661,11653,11255,954,12209,117
2021-08-03,Fresno,019,978130,107398,105732,9582,115314,1746
2021-08-03,Glenn,021,27897,2524,2481,618,3099,20
2021-08-03,Humboldt,023,135768,5562,5199,88,5287,52
2021-08-03,Imperial,025,180216,29468,29333,2923,32256,745
2021-08-03,Inyo,027,18085,1475,1459,4,1463,38
2021-08-03,Kern,029,883053,101061,99708,12756,112464,1358
2021-08-03,Kings,031,150075,24176,23780,1306,25086,249
2021-08-03,Lake,033,64148,4613,4408,19,4427,66
2021-08-03,Lassen,035,31185,5399,5341,130,5471,21
2021-08-03,Los Angeles,037,10098052,1278857,1262678,48381,1311059,24721
2021-08-03,Madera,039,155013,17559,17220,1082,18302,245
2021-08-03,Marin,041,260295,15268,14906,320,15226,243
2021-08-03,Mariposa,043,17540,516,495,11,506,5
2021-08-03,Mendocino,045,87422,4736,4546,101,4647,49
2021-08-03,Merced,047,269075,32543,32197,1103,33300,476
2021-08-03,Modoc,049,8938,430,416,148,564,5
2021-08-03,Mono,051,14174,1305,1303,14,1317,3
2021-08-03,Monterey,053,433212,44164,43872,2119,45991,525
2021-08-03,Napa,055,140530,10723,10527,57,10584,82
2021-08-03,Nevada,057,99092,6018,5685,216,5901,73
2021-08-03,Orange,059,3164182,271227,266649,12756,279405,5146
2021-08-03,Placer,061,380077,26506,25624,2080,27704,305
2021-08-03,Plumas,063,18699,794,779,15,794,5
2021-08-03,Riverside,065,2383286,307992,303499,15242,318741,4562
2021-08-03,Sacramento,067,1510023,120457,117591,2347,119938,1732
2021-08-03,San Benito,069,59416,6343,6284,122,6406,63
2021-08-03,San Bernardino,071,2135413,307442,303386,9868,313254,5265
2021-08-03,San Diego,073,3302833,304929,300189,17369,317558,3803
2021-08-03,San Francisco,075,870044,43205,41758,1782,43540,562
2021-08-03,San Joaquin,077,732212,78926,77615,4201,81816,1461
2021-08-03,San Luis Obispo,079,281455,22578,22166,861,23027,264
2021-08-03,San Mateo,081,765935,46113,45255,698,45953,548
2021-08-03,Santa Barbara,083,443738,36700,35912,1341,37253,469
2021-08-03,Santa Clara,085,1922200,125846,123914,914,124828,2183
2021-08-03,Santa Cruz,087,273765,17086,16778,902,17680,207
2021-08-03,Shasta,089,179085,13433,13091,1864,14955,211
2021-08-03,Sierra,091,2930,76,72,14,86,0
2021-08-03,Siskiyou,093,43540,2102,1998,481,2479,32
2021-08-03,Solano,095,438530,36921,35953,788,36741,261
2021-08-03,Sonoma,097,501317,34151,33243,414,33657,330
2021-08-03,Stanislaus,099,539301,60432,59282,6699,65981,1037
2021-08-03,Sutter,101,95872,10479,10263,116,10379,127
2021-08-03,Tehama,103,63373,5359,5269,656,5925,66
2021-08-03,Trinity,105,12862,445,361,99,460,3
2021-08-03,Tulare,107,460477,51373,50729,10419,61148,854
2021-08-03,Tuolumne,109,53932,4742,4563,42,4605,64
2021-08-03,Ventura,111,848112,85469,84270,3674,87944,1046
2021-08-03,Yolo,113,214977,15503,15149,568,15717,215
2021-08-03,Yuba,115,75493,6940,6781,158,6939,50
2021-08-02,Alameda,001,1643700,99112,96954,2354,99308,1270
2021-08-02,Alpine,003,1148,91,91,0,91,0
2021-08-02,Amador,005,37829,4050,3927,36,3963,48
2021-08-02,Butte,007,227075,13710,13442,2164,15606,205
2021-08-02,Calaveras,009,45235,2382,2347,17,2364,57
2021-08-02,Colusa,011,21464,2064,2019,368,2387,16
2021-08-02,Contra Costa,013,1133247,79256,77516,1611,79127,836
2021-08-02,Del Norte,015,27424,1796,1653,15,1668,8
2021-08-02,El Dorado,017,186661,11550,11226,940,12166,116
2021-08-02,Fresno,019,978130,107056,105471,9545,115016,1744
2021-08-02,Glenn,021,27897,2516,2477,616,3093,20
2021-08-02,Humboldt,023,135768,5478,5161,86,5247,52
2021-08-02,Imperial,025,180216,29435,29302,2920,32222,743
2021-08-02,Inyo,027,18085,1469,1455,4,1459,38
2021-08-02,Kern,029,883053,100806,99556,12661,112217,1357
2021-08-02,Kings,031,150075,24107,23722,1299,25021,249
2021-08-02,Lake,033,64148,4571,4375,19,4394,66
2021-08-02,Lassen,035,31185,5376,5338,128,5466,21
2021-08-02,Los Angeles,037,10098052,1275150,1260807,48169,1308976,24705
2021-08-02,Madera,039,155013,17517,17158,1068,18226,245
2021-08-02,Marin,041,260295,15225,14859,318,15177,239
2021-08-02,Mariposa,043,17540,507,490,11,501,5
2021-08-02,Mendocino,045,87422,4696,4512,98,4610,49
2021-08-02,Merced,047,269075,32445,32163,1096,33259,474
2021-08-02,Modoc,049,8938,430,415,148,563,5
2021-08-02,Mono,051,14174,1300,1296,14,1310,3
2021-08-02,Monterey,053,433212,44106,43842,2109,45951,525
2021-08-02,Napa,055,140530,10680,10490,54,10544,82
2021-08-02,Nevada,057,99092,5947,5611,215,5826,73
2021-08-02,Orange,059,3164182,270313,266050,12708,278758,5146
2021-08-02,Placer,061,380077,26359,25516,2045,27561,306
2021-08-02,Plumas,063,18699,787,762,15,777,5
2021-08-02,Riverside,065,2383286,307056,302756,15226,317982,4562
2021-08-02,Sacramento,067,1510023,119762,117183,2326,119509,1728
2021-08-02,San Benito,069,59416,6324,6276,121,6397,63
2021-08-02,San Bernardino,071,2135413,306565,303000,9835,312835,5253
2021-08-02,San Diego,073,3302833,303434,299021,17300,316321,3798
2021-08-02,San Francisco,075,870044,42915,41553,1754,43307,562
2021-08-02,San Joaquin,077,732212,78585,77447,4174,81621,1461
2021-08-02,San Luis Obispo,079,281455,22484,22093,855,22948,261
2021-08-02,San Mateo,081,765935,45948,45154,675,45829,548
2021-08-02,Santa Barbara,083,443738,36562,35851,1335,37186,469
2021-08-02,Santa Clara,085,1922200,125376,123655,906,124561,2183
2021-08-02,Santa Cruz,087,273765,17029,16746,898,17644,207
2021-08-02,Shasta,089,179085,13369,13049,1850,14899,212
2021-08-02,Sierra,091,2930,76,71,14,85,0
2021-08-02,Siskiyou,093,43540,2091,1992,467,2459,31
2021-08-02,Solano,095,438530,36678,35852,779,36631,260
2021-08-02,Sonoma,097,501317,33924,33132,409,33541,330
2021-08-02,Stanislaus,099,539301,60199,59160,6671,65831,1037
2021-08-02,Sutter,101,95872,10433,10220,116,10336,127
2021-08-02,Tehama,103,63373,5335,5260,652,5912,66
2021-08-02,Trinity,105,12862,440,359,98,457,3
2021-08-02,Tulare,107,460477,51272,50640,10345,60985,854
2021-08-02,Tuolumne,109,53932,4676,4524,42,4566,64
2021-08-02,Ventura,111,848112,85284,84143,3651,87794,1044
2021-08-02,Yolo,113,214977,15404,15072,549,15621,215
2021-08-02,Yuba,115,75493,6898,6743,155,6898,50
2021-08-01,Alameda,001,1643700,98576,96775,2349,99124,1270
2021-08-01,Alpine,003,1148,91,91,0,91,0
2021-08-01,Amador,005,37829,4012,3923,35,3958,48
2021-08-01,Butte,007,227075,13629,13406,2146,15552,205
2021-08-01,Calaveras,009,45235,2357,2341,17,2358,57
2021-08-01,Colusa,011,21464,2053,2014,366,2380,16
2021-08-01,Contra Costa,013,1133247,78820,77360,1603,78963,836
2021-08-01,Del Norte,015,27424,1764,1642,15,1657,8
2021-08-01,El Dorado,017,186661,11449,11189,930,12119,116
2021-08-01,Fresno,019,978130,106731,105339,9499,114838,1744
2021-08-01,Glenn,021,27897,2510,2476,614,3090,20
2021-08-01,Humboldt,023,135768,5402,5118,82,5200,52
2021-08-01,Imperial,025,180216,29400,29297,2916,32213,743
2021-08-01,Inyo,027,18085,1467,1454,4,1458,38
2021-08-01,Kern,029,883053,100530,99396,12584,111980,1357
2021-08-01,Kings,031,150075,24019,23700,1293,24993,249
2021-08-01,Lake,033,64148,4492,4356,19,4375,66
2021-08-01,Lassen,035,31185,5363,5336,126,5462,21
2021-08-01,Los Angeles,037,10098052,1271475,1258461,47941,1306402,24700
2021-08-01,Madera,039,155013,17460,17146,1063,18209,245
2021-08-01,Marin,041,260295,15148,14844,317,15161,239
2021-08-01,Mariposa,043,17540,500,482,11,493,5
2021-08-01,Mendocino,045,87422,4650,4476,94,4570,49
2021-08-01,Merced,047,269075,32356,32144,1089,33233,474
2021-08-01,Modoc,049,8938,428,413,148,561,5
2021-08-01,Mono,051,14174,1297,1294,14,1308,3
2021-08-01,Monterey,053,433212,44060,43808,2094,45902,525
2021-08-01,Napa,055,140530,10634,10473,52,10525,82
2021-08-01,Nevada,057,99092,5863,5561,214,5775,73
2021-08-01,Orange,059,3164182,269510,265467,12664,278131,5146
2021-08-01,Placer,061,380077,26144,25464,2015,27479,306
2021-08-01,Plumas,063,18699,781,761,15,776,5
2021-08-01,Riverside,065,2383286,306126,302256,15207,317463,4562
2021-08-01,Sacramento,067,1510023,119028,116923,2310,119233,1727
2021-08-01,San Benito,069,59416,6307,6271,121,6392,63
2021-08-01,San Bernardino,071,2135413,305632,302542,9824,312366,5248
2021-08-01,San Diego,073,3302833,302240,298002,17241,315243,3798
2021-08-01,San Francisco,075,870044,42577,41432,1740,43172,562
2021-08-01,San Joaquin,077,732212,78218,77338,4147,81485,1461
2021-08-01,San Luis Obispo,079,281455,22382,22083,850,22933,261
2021-08-01,San Mateo,081,765935,45776,45036,659,45695,548
2021-08-01,Santa Barbara,083,443738,36442,35809,1331,37140,469
2021-08-01,Santa Clara,085,1922200,124966,123511,897,124408,2183
2021-08-01,Santa Cruz,087,273765,16950,16709,891,17600,207
2021-08-01,Shasta,089,179085,13298,13036,1841,14877,212
2021-08-01,Sierra,091,2930,74,71,14,85,0
2021-08-01,Siskiyou,093,43540,2085,1989,461,2450,31
2021-08-01,Solano,095,438530,36459,35800,772,36572,260
2021-08-01,Sonoma,097,501317,33732,33076,406,33482,330
2021-08-01,Stanislaus,099,539301,59958,59078,6638,65716,1037
2021-08-01,Sutter,101,95872,10378,10198,113,10311,127
2021-08-01,Tehama,103,63373,5319,5252,647,5899,66
2021-08-01,Trinity,105,12862,437,359,97,456,3
2021-08-01,Tulare,107,460477,51116,50600,10281,60881,854
2021-08-01,Tuolumne,109,53932,4638,4489,42,4531,64
2021-08-01,Ventura,111,848112,85054,84040,3636,87676,1044
2021-08-01,Yolo,113,214977,15333,15042,539,15581,215
2021-08-01,Yuba,115,75493,6860,6721,154,6875,50
2021-07-31,Alameda,001,1643700,98256,95279,2342,97621,1265
2021-07-31,Alpine,003,1148,91,89,0,89,0
2021-07-31,Amador,005,37829,3992,3877,35,3912,48
2021-07-31,Butte,007,227075,13597,13235,2125,15360,205
2021-07-31,Calaveras,009,45235,2350,2294,17,2311,57
2021-07-31,Colusa,011,21464,2047,2006,364,2370,16
2021-07-31,Contra Costa,013,1133247,78541,75866,1601,77467,832
2021-07-31,Del Norte,015,27424,1738,1576,15,1591,8
2021-07-31,El Dorado,017,186661,11396,11017,924,11941,116
2021-07-31,Fresno,019,978130,106573,104639,9484,114123,1744
2021-07-31,Glenn,021,27897,2505,2465,609,3074,20
2021-07-31,Humboldt,023,135768,5347,4978,81,5059,52
2021-07-31,Imperial,025,180216,29383,29164,2913,32077,743
2021-07-31,Inyo,027,18085,1464,1442,4,1446,38
2021-07-31,Kern,029,883053,100366,98903,12524,111427,1357
2021-07-31,Kings,031,150075,23967,23548,1288,24836,248
2021-07-31,Lake,033,64148,4468,4238,18,4256,66
2021-07-31,Lassen,035,31185,5357,5320,126,5446,21
2021-07-31,Los Angeles,037,10098052,1269292,1248545,47790,1296335,24691
2021-07-31,Madera,039,155013,17427,17058,1057,18115,245
2021-07-31,Marin,041,260295,15104,14701,316,15017,239
2021-07-31,Mariposa,043,17540,491,470,11,481,5
2021-07-31,Mendocino,045,87422,4625,4400,91,4491,49
2021-07-31,Merced,047,269075,32309,31959,1083,33042,474
2021-07-31,Modoc,049,8938,428,413,148,561,5
2021-07-31,Mono,051,14174,1296,1287,14,1301,3
2021-07-31,Monterey,053,433212,44022,43720,2085,45805,525
2021-07-31,Napa,055,140530,10614,10401,51,10452,82
2021-07-31,Nevada,057,99092,5824,5373,213,5586,72
2021-07-31,Orange,059,3164182,268937,263446,12645,276091,5144
2021-07-31,Placer,061,380077,26011,25104,2008,27112,306
2021-07-31,Plumas,063,18699,778,743,15,758,5
2021-07-31,Riverside,065,2383286,305510,300315,15198,315513,4554
2021-07-31,Sacramento,067,1510023,118616,115259,2304,117563,1720
2021-07-31,San Benito,069,59416,6296,6251,121,6372,63
2021-07-31,San Bernardino,071,2135413,305061,300726,9821,310547,5240
2021-07-31,San Diego,073,3302833,301561,295054,17206,312260,3798
2021-07-31,San Francisco,075,870044,42358,40412,1714,42126,562
2021-07-31,San Joaquin,077,732212,78053,76575,4134,80709,1443
2021-07-31,San Luis Obispo,079,281455,22327,21922,848,22770,260
2021-07-31,San Mateo,081,765935,45626,44622,647,45269,548
2021-07-31,Santa Barbara,083,443738,36361,35531,1329,36860,467
2021-07-31,Santa Clara,085,1922200,124711,122614,895,123509,2099
2021-07-31,Santa Cruz,087,273765,16911,16576,890,17466,207
2021-07-31,Shasta,089,179085,13262,12918,1833,14751,212
2021-07-31,Sierra,091,2930,74,68,14,82,0
2021-07-31,Siskiyou,093,43540,2076,1976,455,2431,31
2021-07-31,Solano,095,438530,36360,35340,766,36106,263
2021-07-31,Sonoma,097,501317,33607,32601,406,33007,329
2021-07-31,Stanislaus,099,539301,59796,58586,6615,65201,1035
2021-07-31,Sutter,101,95872,10343,10068,112,10180,127
2021-07-31,Tehama,103,63373,5304,5216,644,5860,66
2021-07-31,Trinity,105,12862,436,354,96,450,3
2021-07-31,Tulare,107,460477,51031,50409,10223,60632,854
2021-07-31,Tuolumne,109,53932,4599,4362,42,4404,64
2021-07-31,Ventura,111,848112,84893,83509,3619,87128,1044
2021-07-31,Yolo,113,214977,15285,14863,527,15390,215
2021-07-31,Yuba,115,75493,6837,6615,150,6765,50
2021-07-30,Alameda,001,1643700,97924,95279,2338,97617,1265
2021-07-30,Alpine,003,1148,91,89,0,89,0
2021-07-30,Amador,005,37829,3969,3877,35,3912,48
2021-07-30,Butte,007,227075,13542,13235,2112,15347,205
2021-07-30,Calaveras,009,45235,2345,2294,17,2311,57
2021-07-30,Colusa,011,21464,2043,2006,362,2368,16
2021-07-30,Contra Costa,013,1133247,78299,75866,1597,77463,832
2021-07-30,Del Norte,015,27424,1720,1576,15,1591,8
2021-07-30,El Dorado,017,186661,11363,11017,918,11935,116
2021-07-30,Fresno,019,978130,106378,104639,9472,114111,1744
2021-07-30,Glenn,021,27897,2500,2465,608,3073,20
2021-07-30,Humboldt,023,135768,5283,4978,78,5056,52
2021-07-30,Imperial,025,180216,29369,29164,2910,32074,743
2021-07-30,Inyo,027,18085,1463,1442,4,1446,38
2021-07-30,Kern,029,883053,100243,98903,12475,111378,1357
2021-07-30,Kings,031,150075,23926,23548,1284,24832,248
2021-07-30,Lake,033,64148,4440,4238,18,4256,66
2021-07-30,Lassen,035,31185,5353,5320,126,5446,21
2021-07-30,Los Angeles,037,10098052,1266978,1248545,47635,1296180,24691
2021-07-30,Madera,039,155013,17385,17058,1054,18112,245
2021-07-30,Marin,041,260295,15070,14701,316,15017,239
2021-07-30,Mariposa,043,17540,488,470,11,481,5
2021-07-30,Mendocino,045,87422,4595,4400,90,4490,49
2021-07-30,Merced,047,269075,32268,31959,1078,33037,474
2021-07-30,Modoc,049,8938,426,413,148,561,5
2021-07-30,Mono,051,14174,1290,1287,14,1301,3
2021-07-30,Monterey,053,433212,43989,43720,2075,45795,525
2021-07-30,Napa,055,140530,10592,10401,50,10451,82
2021-07-30,Nevada,057,99092,5767,5373,213,5586,72
2021-07-30,Orange,059,3164182,268310,263446,12617,276063,5144
2021-07-30,Placer,061,380077,25922,25104,1990,27094,306
2021-07-30,Plumas,063,18699,773,743,15,758,5
2021-07-30,Riverside,065,2383286,304873,300315,15187,315502,4554
2021-07-30,Sacramento,067,1510023,118165,115259,2300,117559,1720
2021-07-30,San Benito,069,59416,6289,6251,121,6372,63
2021-07-30,San Bernardino,071,2135413,304550,300726,9815,310541,5240
2021-07-30,San Diego,073,3302833,300788,295054,17148,312202,3798
2021-07-30,San Francisco,075,870044,42145,40412,1698,42110,562
2021-07-30,San Joaquin,077,732212,77900,76575,4128,80703,1443
2021-07-30,San Luis Obispo,079,281455,22290,21922,844,22766,260
2021-07-30,San Mateo,081,765935,45505,44622,631,45253,548
2021-07-30,Santa Barbara,083,443738,36292,35531,1323,36854,467
2021-07-30,Santa Clara,085,1922200,124487,122614,893,123507,2099
2021-07-30,Santa Cruz,087,273765,16885,16576,888,17464,207
2021-07-30,Shasta,089,179085,13215,12918,1833,14751,212
2021-07-30,Sierra,091,2930,73,68,14,82,0
2021-07-30,Siskiyou,093,43540,2067,1976,454,2430,31
2021-07-30,Solano,095,438530,36270,35340,750,36090,263
2021-07-30,Sonoma,097,501317,33513,32601,406,33007,329
2021-07-30,Stanislaus,099,539301,59651,58586,6595,65181,1035
2021-07-30,Sutter,101,95872,10307,10068,112,10180,127
2021-07-30,Tehama,103,63373,5293,5216,644,5860,66
2021-07-30,Trinity,105,12862,436,354,96,450,3
2021-07-30,Tulare,107,460477,50988,50409,10186,60595,854
2021-07-30,Tuolumne,109,53932,4581,4362,42,4404,64
2021-07-30,Ventura,111,848112,84730,83509,3603,87112,1044
2021-07-30,Yolo,113,214977,15224,14863,523,15386,215
2021-07-30,Yuba,115,75493,6801,6615,149,6764,50
2021-07-29,Alameda,001,1643700,97498,95279,2333,97612,1265
2021-07-29,Alpine,003,1148,91,89,0,89,0
2021-07-29,Amador,005,37829,3950,3877,35,3912,48
2021-07-29,Butte,007,227075,13494,13235,2104,15339,205
2021-07-29,Calaveras,009,45235,2325,2294,17,2311,57
2021-07-29,Colusa,011,21464,2036,2006,362,2368,16
2021-07-29,Contra Costa,013,1133247,77861,75866,1593,77459,832
2021-07-29,Del Norte,015,27424,1696,1576,15,1591,8
2021-07-29,El Dorado,017,186661,11299,11017,906,11923,116
2021-07-29,Fresno,019,978130,106116,104639,9445,114084,1744
2021-07-29,Glenn,021,27897,2490,2465,607,3072,20
2021-07-29,Humboldt,023,135768,5222,4978,76,5054,52
2021-07-29,Imperial,025,180216,29323,29164,2908,32072,743
2021-07-29,Inyo,027,18085,1459,1442,4,1446,38
2021-07-29,Kern,029,883053,100036,98903,12397,111300,1357
2021-07-29,Kings,031,150075,23882,23548,1279,24827,248
2021-07-29,Lake,033,64148,4405,4238,18,4256,66
2021-07-29,Lassen,035,31185,5345,5320,123,5443,21
2021-07-29,Los Angeles,037,10098052,1263901,1248545,47448,1295993,24691
2021-07-29,Madera,039,155013,17340,17058,1049,18107,245
2021-07-29,Marin,041,260295,15027,14701,316,15017,239
2021-07-29,Mariposa,043,17540,484,470,11,481,5
2021-07-29,Mendocino,045,87422,4572,4400,88,4488,49
2021-07-29,Merced,047,269075,32213,31959,1078,33037,474
2021-07-29,Modoc,049,8938,426,413,148,561,5
2021-07-29,Mono,051,14174,1289,1287,14,1301,3
2021-07-29,Monterey,053,433212,43940,43720,2064,45784,525
2021-07-29,Napa,055,140530,10560,10401,48,10449,82
2021-07-29,Nevada,057,99092,5715,5373,212,5585,72
2021-07-29,Orange,059,3164182,267602,263446,12584,276030,5144
2021-07-29,Placer,061,380077,25800,25104,1974,27078,306
2021-07-29,Plumas,063,18699,765,743,15,758,5
2021-07-29,Riverside,065,2383286,304169,300315,15163,315478,4554
2021-07-29,Sacramento,067,1510023,117611,115259,2285,117544,1720
2021-07-29,San Benito,069,59416,6278,6251,121,6372,63
2021-07-29,San Bernardino,071,2135413,303914,300726,9805,310531,5240
2021-07-29,San Diego,073,3302833,299726,295054,17088,312142,3798
2021-07-29,San Francisco,075,870044,41900,40412,1674,42086,562
2021-07-29,San Joaquin,077,732212,77645,76575,4120,80695,1443
2021-07-29,San Luis Obispo,079,281455,22237,21922,842,22764,260
2021-07-29,San Mateo,081,765935,45378,44622,621,45243,548
2021-07-29,Santa Barbara,083,443738,36208,35531,1322,36853,467
2021-07-29,Santa Clara,085,1922200,124190,122614,890,123504,2099
2021-07-29,Santa Cruz,087,273765,16832,16576,886,17462,207
2021-07-29,Shasta,089,179085,13161,12918,1824,14742,212
2021-07-29,Sierra,091,2930,73,68,14,82,0
2021-07-29,Siskiyou,093,43540,2062,1976,452,2428,31
2021-07-29,Solano,095,438530,36114,35340,740,36080,263
2021-07-29,Sonoma,097,501317,33338,32601,404,33005,329
2021-07-29,Stanislaus,099,539301,59478,58586,6577,65163,1035
2021-07-29,Sutter,101,95872,10261,10068,111,10179,127
2021-07-29,Tehama,103,63373,5281,5216,638,5854,66
2021-07-29,Trinity,105,12862,434,354,95,449,3
2021-07-29,Tulare,107,460477,50899,50409,10144,60553,854
2021-07-29,Tuolumne,109,53932,4543,4362,41,4403,64
2021-07-29,Ventura,111,848112,84563,83509,3596,87105,1044
2021-07-29,Yolo,113,214977,15156,14863,510,15373,215
2021-07-29,Yuba,115,75493,6753,6615,146,6761,50
2021-07-28,Alameda,001,1643700,97037,94965,2325,97290,1262
2021-07-28,Alpine,003,1148,91,89,0,89,0
2021-07-28,Amador,005,37829,3936,3870,35,3905,48
2021-07-28,Butte,007,227075,13438,13184,2091,15275,205
2021-07-28,Calaveras,009,45235,2311,2289,17,2306,57
2021-07-28,Colusa,011,21464,2032,2001,361,2362,16
2021-07-28,Contra Costa,013,1133247,77378,75487,1585,77072,832
2021-07-28,Del Norte,015,27424,1663,1545,15,1560,8
2021-07-28,El Dorado,017,186661,11250,10967,896,11863,116
2021-07-28,Fresno,019,978130,105870,104458,9425,113883,1744
2021-07-28,Glenn,021,27897,2486,2464,604,3068,20
2021-07-28,Humboldt,023,135768,5171,4946,75,5021,52
2021-07-28,Imperial,025,180216,29276,29096,2908,32004,743
2021-07-28,Inyo,027,18085,1453,1439,3,1442,38
2021-07-28,Kern,029,883053,99880,98781,12349,111130,1352
2021-07-28,Kings,031,150075,23818,23503,1269,24772,248
2021-07-28,Lake,033,64148,4359,4191,16,4207,65
2021-07-28,Lassen,035,31185,5337,5318,123,5441,21
2021-07-28,Los Angeles,037,10098052,1260747,1245485,47276,1292761,24673
2021-07-28,Madera,039,155013,17299,17024,1043,18067,245
2021-07-28,Marin,041,260295,14972,14652,316,14968,239
2021-07-28,Mariposa,043,17540,477,469,11,480,5
2021-07-28,Mendocino,045,87422,4544,4377,88,4465,49
2021-07-28,Merced,047,269075,32149,31886,1074,32960,474
2021-07-28,Modoc,049,8938,424,413,148,561,5
2021-07-28,Mono,051,14174,1288,1286,14,1300,3
2021-07-28,Monterey,053,433212,43893,43668,2054,45722,524
2021-07-28,Napa,055,140530,10520,10376,46,10422,82
2021-07-28,Nevada,057,99092,5660,5320,212,5532,72
2021-07-28,Orange,059,3164182,266813,262735,12553,275288,5143
2021-07-28,Placer,061,380077,25652,24978,1958,26936,306
2021-07-28,Plumas,063,18699,760,754,15,769,5
2021-07-28,Riverside,065,2383286,303401,299611,15143,314754,4554
2021-07-28,Sacramento,067,1510023,116960,114665,2264,116929,1714
2021-07-28,San Benito,069,59416,6267,6236,121,6357,63
2021-07-28,San Bernardino,071,2135413,303288,300121,9792,309913,5236
2021-07-28,San Diego,073,3302833,298441,294176,17023,311199,3798
2021-07-28,San Francisco,075,870044,41567,40144,1647,41791,561
2021-07-28,San Joaquin,077,732212,77397,76312,4089,80401,1443
2021-07-28,San Luis Obispo,079,281455,22178,21865,841,22706,260
2021-07-28,San Mateo,081,765935,45229,44477,611,45088,547
2021-07-28,Santa Barbara,083,443738,36132,35431,1317,36748,467
2021-07-28,Santa Clara,085,1922200,123929,122345,888,123233,2099
2021-07-28,Santa Cruz,087,273765,16794,16551,885,17436,207
2021-07-28,Shasta,089,179085,13117,12882,1813,14695,212
2021-07-28,Sierra,091,2930,69,67,14,81,0
2021-07-28,Siskiyou,093,43540,2053,1971,449,2420,31
2021-07-28,Solano,095,438530,35944,35204,733,35937,262
2021-07-28,Sonoma,097,501317,33195,32434,401,32835,328
2021-07-28,Stanislaus,099,539301,59280,58427,6560,64987,1035
2021-07-28,Sutter,101,95872,10229,10033,110,10143,126
2021-07-28,Tehama,103,63373,5269,5209,635,5844,66
2021-07-28,Trinity,105,12862,433,352,95,447,3
2021-07-28,Tulare,107,460477,50811,50363,10095,60458,854
2021-07-28,Tuolumne,109,53932,4504,4313,41,4354,64
2021-07-28,Ventura,111,848112,84367,83360,3580,86940,1043
2021-07-28,Yolo,113,214977,15085,14801,503,15304,215
2021-07-28,Yuba,115,75493,6720,6591,145,6736,51
2021-07-27,Alameda,001,1643700,96631,94682,2315,96997,1256
2021-07-27,Alpine,003,1148,91,89,0,89,0
2021-07-27,Amador,005,37829,3920,3861,35,3896,48
2021-07-27,Butte,007,227075,13389,13127,2080,15207,205
2021-07-27,Calaveras,009,45235,2299,2280,17,2297,57
2021-07-27,Colusa,011,21464,2024,1999,360,2359,16
2021-07-27,Contra Costa,013,1133247,76889,75227,1581,76808,830
2021-07-27,Del Norte,015,27424,1643,1538,15,1553,8
2021-07-27,El Dorado,017,186661,11190,10941,886,11827,116
2021-07-27,Fresno,019,978130,105578,104288,9401,113689,1746
2021-07-27,Glenn,021,27897,2478,2460,602,3062,20
2021-07-27,Humboldt,023,135768,5117,4925,74,4999,52
2021-07-27,Imperial,025,180216,29231,29048,2907,31955,743
2021-07-27,Inyo,027,18085,1451,1430,3,1433,38
2021-07-27,Kern,029,883053,99711,98724,12292,111016,1352
2021-07-27,Kings,031,150075,23761,23463,1259,24722,248
2021-07-27,Lake,033,64148,4320,4157,16,4173,65
2021-07-27,Lassen,035,31185,5331,5315,123,5438,21
2021-07-27,Los Angeles,037,10098052,1257317,1243336,47101,1290437,24658
2021-07-27,Madera,039,155013,17246,16998,1038,18036,245
2021-07-27,Marin,041,260295,14924,14631,313,14944,239
2021-07-27,Mariposa,043,17540,474,468,11,479,5
2021-07-27,Mendocino,045,87422,4520,4371,88,4459,49
2021-07-27,Merced,047,269075,32083,31825,1070,32895,473
2021-07-27,Modoc,049,8938,423,413,148,561,5
2021-07-27,Mono,051,14174,1284,1288,14,1302,3
2021-07-27,Monterey,053,433212,43853,43646,2043,45689,523
2021-07-27,Napa,055,140530,10490,10354,46,10400,82
2021-07-27,Nevada,057,99092,5583,5305,210,5515,72
2021-07-27,Orange,059,3164182,266074,262193,12527,274720,5143
2021-07-27,Placer,061,380077,25493,24916,1932,26848,306
2021-07-27,Plumas,063,18699,757,752,15,767,5
2021-07-27,Riverside,065,2383286,302670,299160,15124,314284,4554
2021-07-27,Sacramento,067,1510023,116357,114413,2255,116668,1710
2021-07-27,San Benito,069,59416,6258,6229,121,6350,63
2021-07-27,San Bernardino,071,2135413,302582,299593,9770,309363,5236
2021-07-27,San Diego,073,3302833,297350,293408,16950,310358,3798
2021-07-27,San Francisco,075,870044,41209,39939,1627,41566,561
2021-07-27,San Joaquin,077,732212,77137,76166,4068,80234,1442
2021-07-27,San Luis Obispo,079,281455,22123,21803,832,22635,260
2021-07-27,San Mateo,081,765935,45077,44378,606,44984,547
2021-07-27,Santa Barbara,083,443738,36034,35355,1315,36670,467
2021-07-27,Santa Clara,085,1922200,123636,122154,886,123040,2099
2021-07-27,Santa Cruz,087,273765,16748,16523,884,17407,207
2021-07-27,Shasta,089,179085,13066,12846,1800,14646,212
2021-07-27,Sierra,091,2930,69,65,14,79,0
2021-07-27,Siskiyou,093,43540,2048,1964,446,2410,31
2021-07-27,Solano,095,438530,35818,35093,723,35816,261
2021-07-27,Sonoma,097,501317,33049,32367,399,32766,328
2021-07-27,Stanislaus,099,539301,59109,58333,6534,64867,1033
2021-07-27,Sutter,101,95872,10188,9998,110,10108,115
2021-07-27,Tehama,103,63373,5248,5192,633,5825,66
2021-07-27,Trinity,105,12862,432,351,95,446,3
2021-07-27,Tulare,107,460477,50745,50324,10063,60387,854
2021-07-27,Tuolumne,109,53932,4452,4282,41,4323,64
2021-07-27,Ventura,111,848112,84159,83189,3567,86756,1043
2021-07-27,Yolo,113,214977,15011,14759,497,15256,215
2021-07-27,Yuba,115,75493,6698,6564,143,6707,51
2021-07-26,Alameda,001,1643700,96179,94436,2307,96743,1259
2021-07-26,Alpine,003,1148,91,89,0,89,0
2021-07-26,Amador,005,37829,3910,3854,35,3889,48
2021-07-26,Butte,007,227075,13335,13082,2067,15149,203
2021-07-26,Calaveras,009,45235,2294,2276,17,2293,57
2021-07-26,Colusa,011,21464,2017,1996,358,2354,16
2021-07-26,Contra Costa,013,1133247,76389,74854,1574,76428,830
2021-07-26,Del Norte,015,27424,1622,1530,15,1545,8
2021-07-26,El Dorado,017,186661,11126,10899,883,11782,116
2021-07-26,Fresno,019,978130,105376,104143,9378,113521,1742
2021-07-26,Glenn,021,27897,2476,2461,601,3062,20
2021-07-26,Humboldt,023,135768,5078,4906,72,4978,52
2021-07-26,Imperial,025,180216,29191,29034,2907,31941,743
2021-07-26,Inyo,027,18085,1446,1429,3,1432,38
2021-07-26,Kern,029,883053,99545,98633,12227,110860,1351
2021-07-26,Kings,031,150075,23713,23426,1255,24681,247
2021-07-26,Lake,033,64148,4299,4133,16,4149,65
2021-07-26,Lassen,035,31185,5327,5314,123,5437,21
2021-07-26,Los Angeles,037,10098052,1254004,1241527,46931,1288458,24647
2021-07-26,Madera,039,155013,17219,16971,1029,18000,245
2021-07-26,Marin,041,260295,14867,14579,312,14891,239
2021-07-26,Mariposa,043,17540,473,467,11,478,5
2021-07-26,Mendocino,045,87422,4500,4354,88,4442,49
2021-07-26,Merced,047,269075,31999,31774,1066,32840,473
2021-07-26,Modoc,049,8938,423,413,148,561,5
2021-07-26,Mono,051,14174,1282,1286,14,1300,3
2021-07-26,Monterey,053,433212,43811,43595,2029,45624,521
2021-07-26,Napa,055,140530,10467,10332,46,10378,82
2021-07-26,Nevada,057,99092,5496,5280,210,5490,72
2021-07-26,Orange,059,3164182,265440,261803,12506,274309,5142
2021-07-26,Placer,061,380077,25358,24842,1911,26753,304
2021-07-26,Plumas,063,18699,753,750,15,765,5
2021-07-26,Riverside,065,2383286,301976,298626,15108,313734,4553
2021-07-26,Sacramento,067,1510023,115757,113986,2239,116225,1705
2021-07-26,San Benito,069,59416,6252,6222,121,6343,63
2021-07-26,San Bernardino,071,2135413,301970,299238,9756,308994,5237
2021-07-26,San Diego,073,3302833,296236,292688,16876,309564,3793
2021-07-26,San Francisco,075,870044,40856,39800,1598,41398,561
2021-07-26,San Joaquin,077,732212,76902,76033,4064,80097,1440
2021-07-26,San Luis Obispo,079,281455,22074,21752,829,22581,260
2021-07-26,San Mateo,081,765935,44930,44297,595,44892,547
2021-07-26,Santa Barbara,083,443738,35963,35311,1303,36614,467
2021-07-26,Santa Clara,085,1922200,123327,121978,877,122855,2099
2021-07-26,Santa Cruz,087,273765,16709,16493,881,17374,207
2021-07-26,Shasta,089,179085,13017,12819,1787,14606,211
2021-07-26,Sierra,091,2930,68,65,14,79,0
2021-07-26,Siskiyou,093,43540,2045,1962,444,2406,31
2021-07-26,Solano,095,438530,35669,34990,715,35705,259
2021-07-26,Sonoma,097,501317,32914,32283,397,32680,328
2021-07-26,Stanislaus,099,539301,58963,58219,6515,64734,1033
2021-07-26,Sutter,101,95872,10148,9963,107,10070,115
2021-07-26,Tehama,103,63373,5238,5183,629,5812,66
2021-07-26,Trinity,105,12862,432,351,94,445,3
2021-07-26,Tulare,107,460477,50681,50265,10029,60294,854
2021-07-26,Tuolumne,109,53932,4422,4271,41,4312,64
2021-07-26,Ventura,111,848112,83986,83072,3551,86623,1041
2021-07-26,Yolo,113,214977,14951,14727,484,15211,215
2021-07-26,Yuba,115,75493,6664,6538,141,6679,51
2021-07-25,Alameda,001,1643700,95691,94146,2300,96446,1259
2021-07-25,Alpine,003,1148,89,89,0,89,0
2021-07-25,Amador,005,37829,3895,3848,35,3883,48
2021-07-25,Butte,007,227075,13296,13074,2057,15131,203
2021-07-25,Calaveras,009,45235,2283,2275,17,2292,57
2021-07-25,Colusa,011,21464,2008,1996,354,2350,16
2021-07-25,Contra Costa,013,1133247,75904,74634,1560,76194,830
2021-07-25,Del Norte,015,27424,1601,1526,15,1541,8
2021-07-25,El Dorado,017,186661,11068,10878,880,11758,116
2021-07-25,Fresno,019,978130,105135,104019,9362,113381,1742
2021-07-25,Glenn,021,27897,2467,2461,599,3060,20
2021-07-25,Humboldt,023,135768,5019,4892,70,4962,52
2021-07-25,Imperial,025,180216,29155,29037,2907,31944,743
2021-07-25,Inyo,027,18085,1441,1427,3,1430,38
2021-07-25,Kern,029,883053,99373,98503,12156,110659,1351
2021-07-25,Kings,031,150075,23660,23396,1251,24647,247
2021-07-25,Lake,033,64148,4246,4109,15,4124,65
2021-07-25,Lassen,035,31185,5323,5314,123,5437,21
2021-07-25,Los Angeles,037,10098052,1250613,1239596,46753,1286349,24643
2021-07-25,Madera,039,155013,17182,16947,1022,17969,245
2021-07-25,Marin,041,260295,14817,14558,309,14867,239
2021-07-25,Mariposa,043,17540,470,465,11,476,5
2021-07-25,Mendocino,045,87422,4470,4335,86,4421,49
2021-07-25,Merced,047,269075,31927,31760,1064,32824,473
2021-07-25,Modoc,049,8938,423,413,148,561,5
2021-07-25,Mono,051,14174,1280,1286,14,1300,3
2021-07-25,Monterey,053,433212,43772,43590,2021,45611,521
2021-07-25,Napa,055,140530,10430,10316,45,10361,82
2021-07-25,Nevada,057,99092,5431,5256,207,5463,72
2021-07-25,Orange,059,3164182,264733,261351,12481,273832,5142
2021-07-25,Placer,061,380077,25237,24755,1890,26645,304
2021-07-25,Plumas,063,18699,751,750,15,765,5
2021-07-25,Riverside,065,2383286,301209,298181,15092,313273,4553
2021-07-25,Sacramento,067,1510023,115210,113611,2222,115833,1704
2021-07-25,San Benito,069,59416,6245,6217,121,6338,63
2021-07-25,San Bernardino,071,2135413,301318,298982,9750,308732,5237
2021-07-25,San Diego,073,3302833,295162,290626,16807,307433,3793
2021-07-25,San Francisco,075,870044,40520,39663,1571,41234,561
2021-07-25,San Joaquin,077,732212,76647,75926,4045,79971,1440
2021-07-25,San Luis Obispo,079,281455,22001,21741,826,22567,260
2021-07-25,San Mateo,081,765935,44767,44189,589,44778,547
2021-07-25,Santa Barbara,083,443738,35886,35261,1300,36561,467
2021-07-25,Santa Clara,085,1922200,122997,121800,871,122671,2099
2021-07-25,Santa Cruz,087,273765,16662,16474,880,17354,207
2021-07-25,Shasta,089,179085,12970,12815,1782,14597,211
2021-07-25,Sierra,091,2930,68,65,14,79,0
2021-07-25,Siskiyou,093,43540,2037,1963,441,2404,31
2021-07-25,Solano,095,438530,35483,34863,712,35575,259
2021-07-25,Sonoma,097,501317,32789,32202,394,32596,328
2021-07-25,Stanislaus,099,539301,58796,58154,6510,64664,1033
2021-07-25,Sutter,101,95872,10094,9937,105,10042,115
2021-07-25,Tehama,103,63373,5222,5181,627,5808,66
2021-07-25,Trinity,105,12862,430,351,92,443,3
2021-07-25,Tulare,107,460477,50605,50221,9990,60211,854
2021-07-25,Tuolumne,109,53932,4370,4267,41,4308,64
2021-07-25,Ventura,111,848112,83772,82986,3529,86515,1041
2021-07-25,Yolo,113,214977,14890,14693,470,15163,215
2021-07-25,Yuba,115,75493,6631,6519,141,6660,51
2021-07-24,Alameda,001,1643700,95415,93170,2294,95464,1259
2021-07-24,Alpine,003,1148,89,89,0,89,0
2021-07-24,Amador,005,37829,3886,3816,35,3851,48
2021-07-24,Butte,007,227075,13267,12982,2055,15037,203
2021-07-24,Calaveras,009,45235,2279,2267,17,2284,57
2021-07-24,Colusa,011,21464,2007,1992,352,2344,16
2021-07-24,Contra Costa,013,1133247,75679,73682,1557,75239,830
2021-07-24,Del Norte,015,27424,1590,1497,15,1512,8
2021-07-24,El Dorado,017,186661,11034,10773,876,11649,116
2021-07-24,Fresno,019,978130,105017,103637,9353,112990,1736
2021-07-24,Glenn,021,27897,2466,2457,599,3056,20
2021-07-24,Humboldt,023,135768,4985,4780,69,4849,52
2021-07-24,Imperial,025,180216,29135,28996,2907,31903,742
2021-07-24,Inyo,027,18085,1438,1424,3,1427,38
2021-07-24,Kern,029,883053,99294,98261,12134,110395,1350
2021-07-24,Kings,031,150075,23629,23304,1248,24552,246
2021-07-24,Lake,033,64148,4223,3963,15,3978,64
2021-07-24,Lassen,035,31185,5322,5311,123,5434,21
2021-07-24,Los Angeles,037,10098052,1248850,1232164,46633,1278797,24623
2021-07-24,Madera,039,155013,17158,16885,1020,17905,245
2021-07-24,Marin,041,260295,14778,14454,309,14763,238
2021-07-24,Mariposa,043,17540,470,453,11,464,5
2021-07-24,Mendocino,045,87422,4445,4293,86,4379,49
2021-07-24,Merced,047,269075,31905,31661,1063,32724,473
2021-07-24,Modoc,049,8938,423,413,148,561,5
2021-07-24,Mono,051,14174,1278,1284,14,1298,3
2021-07-24,Monterey,053,433212,43747,43525,2014,45539,521
2021-07-24,Napa,055,140530,10414,10230,45,10275,81
2021-07-24,Nevada,057,99092,5398,5183,207,5390,72
2021-07-24,Orange,059,3164182,264268,259973,12468,272441,5141
2021-07-24,Placer,061,380077,25154,24530,1885,26415,303
2021-07-24,Plumas,063,18699,750,737,15,752,4
2021-07-24,Riverside,065,2383286,300741,296912,15082,311994,4552
2021-07-24,Sacramento,067,1510023,114893,112438,2217,114655,1698
2021-07-24,San Benito,069,59416,6241,6200,120,6320,63
2021-07-24,San Bernardino,071,2135413,300927,297899,9741,307640,5236
2021-07-24,San Diego,073,3302833,294695,289368,16780,306148,3788
2021-07-24,San Francisco,075,870044,40356,38954,1554,40508,561
2021-07-24,San Joaquin,077,732212,76520,75461,4034,79495,1436
2021-07-24,San Luis Obispo,079,281455,21970,21616,824,22440,260
2021-07-24,San Mateo,081,765935,44649,43880,583,44463,542
2021-07-24,Santa Barbara,083,443738,35827,35071,1296,36367,465
2021-07-24,Santa Clara,085,1922200,122785,121092,870,121962,2099
2021-07-24,Santa Cruz,087,273765,16640,16416,880,17296,207
2021-07-24,Shasta,089,179085,12942,12759,1779,14538,211
2021-07-24,Sierra,091,2930,67,64,14,78,0
2021-07-24,Siskiyou,093,43540,2037,1951,441,2392,31
2021-07-24,Solano,095,438530,35391,34499,703,35202,259
2021-07-24,Sonoma,097,501317,32665,31928,392,32320,327
2021-07-24,Stanislaus,099,539301,58705,57879,6498,64377,1030
2021-07-24,Sutter,101,95872,10067,9890,105,9995,115
2021-07-24,Tehama,103,63373,5215,5166,625,5791,65
2021-07-24,Trinity,105,12862,430,345,92,437,3
2021-07-24,Tulare,107,460477,50562,50104,9972,60076,854
2021-07-24,Tuolumne,109,53932,4344,4216,41,4257,64
2021-07-24,Ventura,111,848112,83645,82687,3512,86199,1041
2021-07-24,Yolo,113,214977,14853,14557,467,15024,214
2021-07-24,Yuba,115,75493,6612,6449,141,6590,51
2021-07-23,Alameda,001,1643700,95161,93170,2288,95458,1259
2021-07-23,Alpine,003,1148,89,89,0,89,0
2021-07-23,Amador,005,37829,3879,3816,35,3851,48
2021-07-23,Butte,007,227075,13238,12982,2047,15029,203
2021-07-23,Calaveras,009,45235,2277,2267,17,2284,57
2021-07-23,Colusa,011,21464,2006,1992,352,2344,16
2021-07-23,Contra Costa,013,1133247,75422,73682,1547,75229,830
2021-07-23,Del Norte,015,27424,1582,1497,15,1512,8
2021-07-23,El Dorado,017,186661,11005,10773,872,11645,116
2021-07-23,Fresno,019,978130,104887,103637,9343,112980,1736
2021-07-23,Glenn,021,27897,2464,2457,596,3053,20
2021-07-23,Humboldt,023,135768,4964,4780,67,4847,52
2021-07-23,Imperial,025,180216,29123,28996,2907,31903,742
2021-07-23,Inyo,027,18085,1435,1424,3,1427,38
2021-07-23,Kern,029,883053,99211,98261,12108,110369,1350
2021-07-23,Kings,031,150075,23598,23304,1245,24549,246
2021-07-23,Lake,033,64148,4193,3963,15,3978,64
2021-07-23,Lassen,035,31185,5320,5311,123,5434,21
2021-07-23,Los Angeles,037,10098052,1246928,1232164,46547,1278711,24623
2021-07-23,Madera,039,155013,17128,16885,1015,17900,245
2021-07-23,Marin,041,260295,14741,14454,307,14761,238
2021-07-23,Mariposa,043,17540,467,453,11,464,5
2021-07-23,Mendocino,045,87422,4432,4293,86,4379,49
2021-07-23,Merced,047,269075,31879,31661,1063,32724,473
2021-07-23,Modoc,049,8938,423,413,148,561,5
2021-07-23,Mono,051,14174,1277,1284,14,1298,3
2021-07-23,Monterey,053,433212,43722,43525,2014,45539,521
2021-07-23,Napa,055,140530,10393,10230,45,10275,81
2021-07-23,Nevada,057,99092,5353,5183,207,5390,72
2021-07-23,Orange,059,3164182,263816,259973,12445,272418,5141
2021-07-23,Placer,061,380077,25075,24530,1868,26398,303
2021-07-23,Plumas,063,18699,748,737,15,752,4
2021-07-23,Riverside,065,2383286,300276,296912,15070,311982,4552
2021-07-23,Sacramento,067,1510023,114538,112438,2215,114653,1698
2021-07-23,San Benito,069,59416,6235,6200,120,6320,63
2021-07-23,San Bernardino,071,2135413,300550,297899,9732,307631,5236
2021-07-23,San Diego,073,3302833,294094,289368,16732,306100,3788
2021-07-23,San Francisco,075,870044,40174,38954,1539,40493,561
2021-07-23,San Joaquin,077,732212,76420,75461,4019,79480,1436
2021-07-23,San Luis Obispo,079,281455,21932,21616,824,22440,260
2021-07-23,San Mateo,081,765935,44544,43880,578,44458,542
2021-07-23,Santa Barbara,083,443738,35761,35071,1295,36366,465
2021-07-23,Santa Clara,085,1922200,122566,121092,867,121959,2099
2021-07-23,Santa Cruz,087,273765,16616,16416,879,17295,207
2021-07-23,Shasta,089,179085,12915,12759,1776,14535,211
2021-07-23,Sierra,091,2930,67,64,14,78,0
2021-07-23,Siskiyou,093,43540,2035,1951,441,2392,31
2021-07-23,Solano,095,438530,35298,34499,699,35198,259
2021-07-23,Sonoma,097,501317,32571,31928,391,32319,327
2021-07-23,Stanislaus,099,539301,58625,57879,6487,64366,1030
2021-07-23,Sutter,101,95872,10038,9890,105,9995,115
2021-07-23,Tehama,103,63373,5206,5166,625,5791,65
2021-07-23,Trinity,105,12862,429,345,91,436,3
2021-07-23,Tulare,107,460477,50516,50104,9946,60050,854
2021-07-23,Tuolumne,109,53932,4322,4216,41,4257,64
2021-07-23,Ventura,111,848112,83483,82687,3494,86181,1041
2021-07-23,Yolo,113,214977,14814,14557,460,15017,214
2021-07-23,Yuba,115,75493,6586,6449,140,6589,51
2021-07-22,Alameda,001,1643700,94798,93170,2282,95452,1259
2021-07-22,Alpine,003,1148,89,89,0,89,0
2021-07-22,Amador,005,37829,3870,3816,35,3851,48
2021-07-22,Butte,007,227075,13204,12982,2038,15020,203
2021-07-22,Calaveras,009,45235,2274,2267,17,2284,57
2021-07-22,Colusa,011,21464,2004,1992,350,2342,16
2021-07-22,Contra Costa,013,1133247,75085,73682,1543,75225,830
2021-07-22,Del Norte,015,27424,1565,1497,15,1512,8
2021-07-22,El Dorado,017,186661,10971,10773,864,11637,116
2021-07-22,Fresno,019,978130,104758,103637,9333,112970,1736
2021-07-22,Glenn,021,27897,2461,2457,595,3052,20
2021-07-22,Humboldt,023,135768,4933,4780,65,4845,52
2021-07-22,Imperial,025,180216,29093,28996,2907,31903,742
2021-07-22,Inyo,027,18085,1433,1424,3,1427,38
2021-07-22,Kern,029,883053,99097,98261,12063,110324,1350
2021-07-22,Kings,031,150075,23559,23304,1243,24547,246
2021-07-22,Lake,033,64148,4142,3963,15,3978,64
2021-07-22,Lassen,035,31185,5317,5311,123,5434,21
2021-07-22,Los Angeles,037,10098052,1244536,1232164,46388,1278552,24623
2021-07-22,Madera,039,155013,17093,16885,1013,17898,245
2021-07-22,Marin,041,260295,14700,14454,306,14760,238
2021-07-22,Mariposa,043,17540,460,453,11,464,5
2021-07-22,Mendocino,045,87422,4419,4293,85,4378,49
2021-07-22,Merced,047,269075,31837,31661,1061,32722,473
2021-07-22,Modoc,049,8938,423,413,148,561,5
2021-07-22,Mono,051,14174,1276,1284,14,1298,3
2021-07-22,Monterey,053,433212,43693,43525,2008,45533,521
2021-07-22,Napa,055,140530,10375,10230,45,10275,81
2021-07-22,Nevada,057,99092,5327,5183,206,5389,72
2021-07-22,Orange,059,3164182,263263,259973,12436,272409,5141
2021-07-22,Placer,061,380077,24981,24530,1856,26386,303
2021-07-22,Plumas,063,18699,747,737,15,752,4
2021-07-22,Riverside,065,2383286,299767,296912,15049,311961,4552
2021-07-22,Sacramento,067,1510023,114105,112438,2205,114643,1698
2021-07-22,San Benito,069,59416,6227,6200,120,6320,63
2021-07-22,San Bernardino,071,2135413,300154,297899,9716,307615,5236
2021-07-22,San Diego,073,3302833,293371,289368,16672,306040,3788
2021-07-22,San Francisco,075,870044,39961,38954,1526,40480,561
2021-07-22,San Joaquin,077,732212,76277,75461,4005,79466,1436
2021-07-22,San Luis Obispo,079,281455,21895,21616,820,22436,260
2021-07-22,San Mateo,081,765935,44432,43880,573,44453,542
2021-07-22,Santa Barbara,083,443738,35698,35071,1293,36364,465
2021-07-22,Santa Clara,085,1922200,122324,121092,864,121956,2099
2021-07-22,Santa Cruz,087,273765,16579,16416,879,17295,207
2021-07-22,Shasta,089,179085,12891,12759,1772,14531,211
2021-07-22,Sierra,091,2930,65,64,14,78,0
2021-07-22,Siskiyou,093,43540,2032,1951,441,2392,31
2021-07-22,Solano,095,438530,35149,34499,692,35191,259
2021-07-22,Sonoma,097,501317,32462,31928,389,32317,327
2021-07-22,Stanislaus,099,539301,58496,57879,6475,64354,1030
2021-07-22,Sutter,101,95872,10017,9890,105,9995,115
2021-07-22,Tehama,103,63373,5200,5166,625,5791,65
2021-07-22,Trinity,105,12862,429,345,91,436,3
2021-07-22,Tulare,107,460477,50473,50104,9918,60022,854
2021-07-22,Tuolumne,109,53932,4310,4216,41,4257,64
2021-07-22,Ventura,111,848112,83349,82687,3481,86168,1041
2021-07-22,Yolo,113,214977,14776,14557,459,15016,214
2021-07-22,Yuba,115,75493,6556,6449,137,6586,51
2021-07-21,Alameda,001,1643700,94469,92840,2279,95119,1256
2021-07-21,Alpine,003,1148,89,89,0,89,0
2021-07-21,Amador,005,37829,3857,3813,35,3848,48
2021-07-21,Butte,007,227075,13163,12939,2033,14972,203
2021-07-21,Calaveras,009,45235,2273,2257,17,2274,57
2021-07-21,Colusa,011,21464,2000,1988,349,2337,16
2021-07-21,Contra Costa,013,1133247,74820,73320,1534,74854,827
2021-07-21,Del Norte,015,27424,1555,1492,15,1507,8
2021-07-21,El Dorado,017,186661,10936,10742,860,11602,116
2021-07-21,Fresno,019,978130,104611,103504,9323,112827,1736
2021-07-21,Glenn,021,27897,2459,2455,594,3049,20
2021-07-21,Humboldt,023,135768,4901,4763,63,4826,52
2021-07-21,Imperial,025,180216,29081,28964,2904,31868,742
2021-07-21,Inyo,027,18085,1433,1423,3,1426,38
2021-07-21,Kern,029,883053,98980,98152,12021,110173,1350
2021-07-21,Kings,031,150075,23531,23270,1239,24509,246
2021-07-21,Lake,033,64148,4077,3896,15,3911,64
2021-07-21,Lassen,035,31185,5314,5310,123,5433,21
2021-07-21,Los Angeles,037,10098052,1242062,1229598,46262,1275860,24609
2021-07-21,Madera,039,155013,17073,16858,1010,17868,245
2021-07-21,Marin,041,260295,14650,14427,306,14733,238
2021-07-21,Mariposa,043,17540,456,449,11,460,5
2021-07-21,Mendocino,045,87422,4401,4274,85,4359,49
2021-07-21,Merced,047,269075,31798,31607,1056,32663,473
2021-07-21,Modoc,049,8938,423,413,148,561,5
2021-07-21,Mono,051,14174,1273,1282,14,1296,3
2021-07-21,Monterey,053,433212,43663,43502,2004,45506,515
2021-07-21,Napa,055,140530,10350,10209,45,10254,81
2021-07-21,Nevada,057,99092,5292,5152,206,5358,72
2021-07-21,Orange,059,3164182,262712,259615,12404,272019,5139
2021-07-21,Placer,061,380077,24872,24441,1845,26286,303
2021-07-21,Plumas,063,18699,747,736,15,751,4
2021-07-21,Riverside,065,2383286,299254,296419,15032,311451,4552
2021-07-21,Sacramento,067,1510023,113689,112043,2194,114237,1696
2021-07-21,San Benito,069,59416,6217,6196,120,6316,63
2021-07-21,San Bernardino,071,2135413,299710,297519,9708,307227,5230
2021-07-21,San Diego,073,3302833,292523,288682,16608,305290,3787
2021-07-21,San Francisco,075,870044,39737,38699,1521,40220,559
2021-07-21,San Joaquin,077,732212,76088,75288,3993,79281,1434
2021-07-21,San Luis Obispo,079,281455,21859,21579,817,22396,260
2021-07-21,San Mateo,081,765935,44339,43755,569,44324,542
2021-07-21,Santa Barbara,083,443738,35641,34998,1275,36273,465
2021-07-21,Santa Clara,085,1922200,122114,120838,862,121700,2099
2021-07-21,Santa Cruz,087,273765,16545,16407,879,17286,207
2021-07-21,Shasta,089,179085,12858,12751,1769,14520,211
2021-07-21,Sierra,091,2930,65,64,14,78,0
2021-07-21,Siskiyou,093,43540,2030,1943,439,2382,31
2021-07-21,Solano,095,438530,34994,34374,687,35061,258
2021-07-21,Sonoma,097,501317,32346,31789,389,32178,327
2021-07-21,Stanislaus,099,539301,58394,57774,6466,64240,1028
2021-07-21,Sutter,101,95872,9993,9862,105,9967,113
2021-07-21,Tehama,103,63373,5196,5161,625,5786,65
2021-07-21,Trinity,105,12862,428,345,90,435,3
2021-07-21,Tulare,107,460477,50414,50066,9892,59958,854
2021-07-21,Tuolumne,109,53932,4273,4156,41,4197,64
2021-07-21,Ventura,111,848112,83227,82573,3469,86042,1041
2021-07-21,Yolo,113,214977,14735,14525,458,14983,213
2021-07-21,Yuba,115,75493,6528,6425,137,6562,52
2021-07-20,Alameda,001,1643700,94091,92625,2266,94891,1256
2021-07-20,Alpine,003,1148,89,89,0,89,0
2021-07-20,Amador,005,37829,3846,3807,35,3842,48
2021-07-20,Butte,007,227075,13126,12916,2028,14944,203
2021-07-20,Calaveras,009,45235,2270,2249,17,2266,57
2021-07-20,Colusa,011,21464,2000,1985,349,2334,16
2021-07-20,Contra Costa,013,1133247,74535,73143,1515,74658,825
2021-07-20,Del Norte,015,27424,1545,1490,15,1505,8
2021-07-20,El Dorado,017,186661,10896,10727,855,11582,116
2021-07-20,Fresno,019,978130,104475,103438,9303,112741,1736
2021-07-20,Glenn,021,27897,2459,2453,594,3047,20
2021-07-20,Humboldt,023,135768,4856,4735,61,4796,52
2021-07-20,Imperial,025,180216,29061,28933,2904,31837,742
2021-07-20,Inyo,027,18085,1429,1420,3,1423,36
2021-07-20,Kern,029,883053,98871,98082,11993,110075,1350
2021-07-20,Kings,031,150075,23490,23254,1235,24489,246
2021-07-20,Lake,033,64148,4052,3871,15,3886,64
2021-07-20,Lassen,035,31185,5314,5306,123,5429,21
2021-07-20,Los Angeles,037,10098052,1239291,1227404,46103,1273507,24603
2021-07-20,Madera,039,155013,17052,16856,1006,17862,245
2021-07-20,Marin,041,260295,14615,14396,303,14699,234
2021-07-20,Mariposa,043,17540,455,448,11,459,5
2021-07-20,Mendocino,045,87422,4384,4259,85,4344,49
2021-07-20,Merced,047,269075,31760,31578,1049,32627,473
2021-07-20,Modoc,049,8938,423,413,148,561,5
2021-07-20,Mono,051,14174,1269,1281,14,1295,3
2021-07-20,Monterey,053,433212,43632,43481,2001,45482,515
2021-07-20,Napa,055,140530,10327,10191,45,10236,81
2021-07-20,Nevada,057,99092,5273,5148,205,5353,72
2021-07-20,Orange,059,3164182,262159,259303,12372,271675,5139
2021-07-20,Placer,061,380077,24780,24408,1820,26228,303
2021-07-20,Plumas,063,18699,745,736,15,751,4
2021-07-20,Riverside,065,2383286,298719,296118,15018,311136,4543
2021-07-20,Sacramento,067,1510023,113251,111796,2164,113960,1695
2021-07-20,San Benito,069,59416,6210,6196,120,6316,63
2021-07-20,San Bernardino,071,2135413,299299,297222,9683,306905,5231
2021-07-20,San Diego,073,3302833,291602,288209,16513,304722,3786
2021-07-20,San Francisco,075,870044,39480,38536,1510,40046,558
2021-07-20,San Joaquin,077,732212,75916,75198,3980,79178,1433
2021-07-20,San Luis Obispo,079,281455,21815,21556,816,22372,259
2021-07-20,San Mateo,081,765935,44223,43670,567,44237,542
2021-07-20,Santa Barbara,083,443738,35570,34935,1268,36203,462
2021-07-20,Santa Clara,085,1922200,121857,120704,860,121564,2098
2021-07-20,Santa Cruz,087,273765,16516,16399,879,17278,207
2021-07-20,Shasta,089,179085,12832,12734,1764,14498,211
2021-07-20,Sierra,091,2930,65,64,14,78,0
2021-07-20,Siskiyou,093,43540,2026,1931,438,2369,31
2021-07-20,Solano,095,438530,34867,34337,680,35017,258
2021-07-20,Sonoma,097,501317,32227,31763,388,32151,326
2021-07-20,Stanislaus,099,539301,58278,57706,6460,64166,1028
2021-07-20,Sutter,101,95872,9967,9854,102,9956,114
2021-07-20,Tehama,103,63373,5194,5153,625,5778,65
2021-07-20,Trinity,105,12862,426,344,89,433,3
2021-07-20,Tulare,107,460477,50373,50047,9874,59921,854
2021-07-20,Tuolumne,109,53932,4254,4156,41,4197,64
2021-07-20,Ventura,111,848112,83074,82504,3452,85956,1041
2021-07-20,Yolo,113,214977,14672,14495,455,14950,213
2021-07-20,Yuba,115,75493,6503,6393,134,6527,52
2021-07-19,Alameda,001,1643700,93721,92357,2250,94607,1256
2021-07-19,Alpine,003,1148,89,89,0,89,0
2021-07-19,Amador,005,37829,3842,3802,35,3837,48
2021-07-19,Butte,007,227075,13083,12901,2022,14923,202
2021-07-19,Calaveras,009,45235,2269,2245,17,2262,57
2021-07-19,Colusa,011,21464,1998,1981,348,2329,16
2021-07-19,Contra Costa,013,1133247,74224,72935,1495,74430,825
2021-07-19,Del Norte,015,27424,1533,1484,15,1499,8
2021-07-19,El Dorado,017,186661,10866,10703,847,11550,114
2021-07-19,Fresno,019,978130,104347,103350,9288,112638,1731
2021-07-19,Glenn,021,27897,2459,2452,593,3045,20
2021-07-19,Humboldt,023,135768,4826,4719,59,4778,52
2021-07-19,Imperial,025,180216,29034,28888,2904,31792,742
2021-07-19,Inyo,027,18085,1428,1417,3,1420,36
2021-07-19,Kern,029,883053,98759,97999,11957,109956,1349
2021-07-19,Kings,031,150075,23460,23221,1229,24450,246
2021-07-19,Lake,033,64148,4016,3848,15,3863,64
2021-07-19,Lassen,035,31185,5313,5305,123,5428,21
2021-07-19,Los Angeles,037,10098052,1236712,1225946,45914,1271860,24600
2021-07-19,Madera,039,155013,17029,16846,1003,17849,244
2021-07-19,Marin,041,260295,14580,14369,300,14669,234
2021-07-19,Mariposa,043,17540,449,447,11,458,5
2021-07-19,Mendocino,045,87422,4366,4251,85,4336,49
2021-07-19,Merced,047,269075,31696,31565,1042,32607,472
2021-07-19,Modoc,049,8938,422,413,148,561,5
2021-07-19,Mono,051,14174,1267,1280,14,1294,3
2021-07-19,Monterey,053,433212,43609,43436,2000,45436,515
2021-07-19,Napa,055,140530,10302,10180,43,10223,81
2021-07-19,Nevada,057,99092,5245,5133,204,5337,72
2021-07-19,Orange,059,3164182,261640,258927,12340,271267,5138
2021-07-19,Placer,061,380077,24681,24359,1798,26157,303
2021-07-19,Plumas,063,18699,745,730,15,745,4
2021-07-19,Riverside,065,2383286,298229,295736,14980,310716,4543
2021-07-19,Sacramento,067,1510023,112888,111470,2140,113610,1696
2021-07-19,San Benito,069,59416,6207,6193,120,6313,63
2021-07-19,San Bernardino,071,2135413,298926,296929,9663,306592,5235
2021-07-19,San Diego,073,3302833,290713,287695,16413,304108,3786
2021-07-19,San Francisco,075,870044,39211,38463,1497,39960,560
2021-07-19,San Joaquin,077,732212,75750,75086,3974,79060,1431
2021-07-19,San Luis Obispo,079,281455,21771,21531,812,22343,259
2021-07-19,San Mateo,081,765935,44078,43563,558,44121,542
2021-07-19,Santa Barbara,083,443738,35497,34904,1266,36170,461
2021-07-19,Santa Clara,085,1922200,121599,120554,859,121413,2098
2021-07-19,Santa Cruz,087,273765,16500,16387,879,17266,207
2021-07-19,Shasta,089,179085,12814,12723,1762,14485,209
2021-07-19,Sierra,091,2930,64,64,14,78,0
2021-07-19,Siskiyou,093,43540,2021,1927,436,2363,31
2021-07-19,Solano,095,438530,34697,34262,669,34931,261
2021-07-19,Sonoma,097,501317,32106,31713,387,32100,325
2021-07-19,Stanislaus,099,539301,58176,57644,6449,64093,1027
2021-07-19,Sutter,101,95872,9951,9834,102,9936,114
2021-07-19,Tehama,103,63373,5188,5152,623,5775,65
2021-07-19,Trinity,105,12862,426,344,88,432,3
2021-07-19,Tulare,107,460477,50328,49994,9856,59850,855
2021-07-19,Tuolumne,109,53932,4244,4151,41,4192,64
2021-07-19,Ventura,111,848112,82978,82409,3430,85839,1041
2021-07-19,Yolo,113,214977,14641,14439,453,14892,213
2021-07-19,Yuba,115,75493,6479,6370,134,6504,52
2021-07-18,Alameda,001,1643700,93370,92162,2236,94398,1256
2021-07-18,Alpine,003,1148,89,89,0,89,0
2021-07-18,Amador,005,37829,3831,3799,35,3834,48
2021-07-18,Butte,007,227075,13041,12888,2016,14904,202
2021-07-18,Calaveras,009,45235,2268,2243,17,2260,57
2021-07-18,Colusa,011,21464,1998,1981,347,2328,16
2021-07-18,Contra Costa,013,1133247,73909,72849,1477,74326,825
2021-07-18,Del Norte,015,27424,1524,1482,15,1497,8
2021-07-18,El Dorado,017,186661,10828,10687,839,11526,114
2021-07-18,Fresno,019,978130,104195,103298,9269,112567,1731
2021-07-18,Glenn,021,27897,2458,2452,592,3044,20
2021-07-18,Humboldt,023,135768,4790,4714,59,4773,52
2021-07-18,Imperial,025,180216,28997,28877,2903,31780,742
2021-07-18,Inyo,027,18085,1424,1417,3,1420,36
2021-07-18,Kern,029,883053,98633,97963,11915,109878,1349
2021-07-18,Kings,031,150075,23439,23203,1225,24428,246
2021-07-18,Lake,033,64148,3980,3825,15,3840,64
2021-07-18,Lassen,035,31185,5313,5305,123,5428,21
2021-07-18,Los Angeles,037,10098052,1234045,1224691,45733,1270424,24598
2021-07-18,Madera,039,155013,17004,16838,999,17837,244
2021-07-18,Marin,041,260295,14544,14358,298,14656,234
2021-07-18,Mariposa,043,17540,448,447,11,458,5
2021-07-18,Mendocino,045,87422,4346,4246,85,4331,49
2021-07-18,Merced,047,269075,31665,31537,1040,32577,471
2021-07-18,Modoc,049,8938,422,413,148,561,5
2021-07-18,Mono,051,14174,1266,1280,14,1294,3
2021-07-18,Monterey,053,433212,43591,43422,1991,45413,515
2021-07-18,Napa,055,140530,10285,10174,40,10214,81
2021-07-18,Nevada,057,99092,5219,5124,204,5328,72
2021-07-18,Orange,059,3164182,261156,258724,12310,271034,5138
2021-07-18,Placer,061,380077,24615,24313,1771,26084,303
2021-07-18,Plumas,063,18699,745,730,15,745,4
2021-07-18,Riverside,065,2383286,297737,295522,14939,310461,4543
2021-07-18,Sacramento,067,1510023,112457,111255,2107,113362,1696
2021-07-18,San Benito,069,59416,6199,6191,120,6311,63
2021-07-18,San Bernardino,071,2135413,298452,296739,9647,306386,5233
2021-07-18,San Diego,073,3302833,289897,286287,16330,302617,3786
2021-07-18,San Francisco,075,870044,38980,38367,1485,39852,560
2021-07-18,San Joaquin,077,732212,75576,74997,3961,78958,1431
2021-07-18,San Luis Obispo,079,281455,21737,21527,809,22336,259
2021-07-18,San Mateo,081,765935,43964,43506,552,44058,542
2021-07-18,Santa Barbara,083,443738,35432,34880,1264,36144,461
2021-07-18,Santa Clara,085,1922200,121386,120438,851,121289,2098
2021-07-18,Santa Cruz,087,273765,16468,16372,878,17250,207
2021-07-18,Shasta,089,179085,12789,12714,1758,14472,209
2021-07-18,Sierra,091,2930,64,64,14,78,0
2021-07-18,Siskiyou,093,43540,2015,1927,431,2358,31
2021-07-18,Solano,095,438530,34578,34215,665,34880,261
2021-07-18,Sonoma,097,501317,32001,31675,386,32061,325
2021-07-18,Stanislaus,099,539301,58065,57600,6424,64024,1028
2021-07-18,Sutter,101,95872,9919,9826,102,9928,114
2021-07-18,Tehama,103,63373,5185,5150,622,5772,65
2021-07-18,Trinity,105,12862,426,344,88,432,3
2021-07-18,Tulare,107,460477,50276,49985,9833,59818,855
2021-07-18,Tuolumne,109,53932,4226,4149,41,4190,64
2021-07-18,Ventura,111,848112,82866,82361,3404,85765,1041
2021-07-18,Yolo,113,214977,14583,14425,447,14872,213
2021-07-18,Yuba,115,75493,6438,6357,134,6491,52
2021-07-17,Alameda,001,1643700,93148,91346,2224,93570,1255
2021-07-17,Alpine,003,1148,89,89,0,89,0
2021-07-17,Amador,005,37829,3822,3785,35,3820,48
2021-07-17,Butte,007,227075,13027,12824,2011,14835,202
2021-07-17,Calaveras,009,45235,2262,2237,17,2254,57
2021-07-17,Colusa,011,21464,1995,1976,347,2323,16
2021-07-17,Contra Costa,013,1133247,73730,72254,1463,73717,824
2021-07-17,Del Norte,015,27424,1516,1475,15,1490,8
2021-07-17,El Dorado,017,186661,10801,10622,835,11457,114
2021-07-17,Fresno,019,978130,104123,103055,9256,112311,1730
2021-07-17,Glenn,021,27897,2457,2451,592,3043,20
2021-07-17,Humboldt,023,135768,4777,4654,58,4712,52
2021-07-17,Imperial,025,180216,28981,28840,2903,31743,742
2021-07-17,Inyo,027,18085,1424,1416,3,1419,36
2021-07-17,Kern,029,883053,98576,97796,11877,109673,1348
2021-07-17,Kings,031,150075,23419,23163,1224,24387,246
2021-07-17,Lake,033,64148,3955,3760,15,3775,64
2021-07-17,Lassen,035,31185,5313,5302,123,5425,21
2021-07-17,Los Angeles,037,10098052,1232541,1219733,45585,1265318,24582
2021-07-17,Madera,039,155013,16996,16804,999,17803,240
2021-07-17,Marin,041,260295,14526,14297,296,14593,234
2021-07-17,Mariposa,043,17540,448,445,11,456,5
2021-07-17,Mendocino,045,87422,4334,4209,85,4294,49
2021-07-17,Merced,047,269075,31644,31451,1036,32487,471
2021-07-17,Modoc,049,8938,422,412,148,560,5
2021-07-17,Mono,051,14174,1264,1277,14,1291,3
2021-07-17,Monterey,053,433212,43569,43367,1985,45352,515
2021-07-17,Napa,055,140530,10269,10129,40,10169,81
2021-07-17,Nevada,057,99092,5204,5066,204,5270,72
2021-07-17,Orange,059,3164182,260847,257805,12270,270075,5136
2021-07-17,Placer,061,380077,24548,24169,1757,25926,303
2021-07-17,Plumas,063,18699,740,721,15,736,4
2021-07-17,Riverside,065,2383286,297430,294751,14907,309658,4542
2021-07-17,Sacramento,067,1510023,112221,110432,2085,112517,1694
2021-07-17,San Benito,069,59416,6193,6181,120,6301,63
2021-07-17,San Bernardino,071,2135413,298219,296048,9628,305676,5218
2021-07-17,San Diego,073,3302833,289490,285698,16263,301961,3786
2021-07-17,San Francisco,075,870044,38859,37978,1481,39459,560
2021-07-17,San Joaquin,077,732212,75490,74695,3953,78648,1430
2021-07-17,San Luis Obispo,079,281455,21710,21462,809,22271,258
2021-07-17,San Mateo,081,765935,43894,43324,550,43874,542
2021-07-17,Santa Barbara,083,443738,35392,34769,1261,36030,461
2021-07-17,Santa Clara,085,1922200,121214,119980,848,120828,2097
2021-07-17,Santa Cruz,087,273765,16461,16337,878,17215,207
2021-07-17,Shasta,089,179085,12774,12683,1753,14436,210
2021-07-17,Sierra,091,2930,64,62,14,76,0
2021-07-17,Siskiyou,093,43540,2010,1922,428,2350,29
2021-07-17,Solano,095,438530,34514,34015,657,34672,263
2021-07-17,Sonoma,097,501317,31934,31536,385,31921,322
2021-07-17,Stanislaus,099,539301,57987,57400,6409,63809,1028
2021-07-17,Sutter,101,95872,9909,9778,102,9880,114
2021-07-17,Tehama,103,63373,5182,5145,622,5767,64
2021-07-17,Trinity,105,12862,425,341,88,429,3
2021-07-17,Tulare,107,460477,50255,49937,9821,59758,854
2021-07-17,Tuolumne,109,53932,4216,4131,41,4172,64
2021-07-17,Ventura,111,848112,82799,82125,3392,85517,1041
2021-07-17,Yolo,113,214977,14552,14356,439,14795,213
2021-07-17,Yuba,115,75493,6427,6309,134,6443,52
2021-07-16,Alameda,001,1643700,92914,91346,2212,93558,1255
2021-07-16,Alpine,003,1148,89,89,0,89,0
2021-07-16,Amador,005,37829,3819,3785,35,3820,48
2021-07-16,Butte,007,227075,13002,12824,2008,14832,202
2021-07-16,Calaveras,009,45235,2262,2237,17,2254,57
2021-07-16,Colusa,011,21464,1993,1976,346,2322,16
2021-07-16,Contra Costa,013,1133247,73543,72254,1458,73712,824
2021-07-16,Del Norte,015,27424,1514,1475,15,1490,8
2021-07-16,El Dorado,017,186661,10782,10622,834,11456,114
2021-07-16,Fresno,019,978130,104071,103055,9237,112292,1730
2021-07-16,Glenn,021,27897,2457,2451,592,3043,20
2021-07-16,Humboldt,023,135768,4755,4654,58,4712,52
2021-07-16,Imperial,025,180216,28969,28840,2903,31743,742
2021-07-16,Inyo,027,18085,1422,1416,3,1419,36
2021-07-16,Kern,029,883053,98515,97796,11836,109632,1348
2021-07-16,Kings,031,150075,23394,23163,1222,24385,246
2021-07-16,Lake,033,64148,3928,3760,15,3775,64
2021-07-16,Lassen,035,31185,5312,5302,123,5425,21
2021-07-16,Los Angeles,037,10098052,1231049,1219733,45440,1265173,24582
2021-07-16,Madera,039,155013,16978,16804,999,17803,240
2021-07-16,Marin,041,260295,14502,14297,293,14590,234
2021-07-16,Mariposa,043,17540,448,445,11,456,5
2021-07-16,Mendocino,045,87422,4325,4209,84,4293,49
2021-07-16,Merced,047,269075,31622,31451,1034,32485,471
2021-07-16,Modoc,049,8938,422,412,148,560,5
2021-07-16,Mono,051,14174,1263,1277,14,1291,3
2021-07-16,Monterey,053,433212,43547,43367,1984,45351,515
2021-07-16,Napa,055,140530,10245,10129,39,10168,81
2021-07-16,Nevada,057,99092,5194,5066,204,5270,72
2021-07-16,Orange,059,3164182,260574,257805,12230,270035,5136
2021-07-16,Placer,061,380077,24495,24169,1752,25921,303
2021-07-16,Plumas,063,18699,739,721,15,736,4
2021-07-16,Riverside,065,2383286,297153,294751,14881,309632,4542
2021-07-16,Sacramento,067,1510023,112004,110432,2072,112504,1694
2021-07-16,San Benito,069,59416,6191,6181,120,6301,63
2021-07-16,San Bernardino,071,2135413,297942,296048,9611,305659,5218
2021-07-16,San Diego,073,3302833,289045,285698,16216,301914,3786
2021-07-16,San Francisco,075,870044,38742,37978,1476,39454,560
2021-07-16,San Joaquin,077,732212,75395,74695,3950,78645,1430
2021-07-16,San Luis Obispo,079,281455,21693,21462,809,22271,258
2021-07-16,San Mateo,081,765935,43841,43324,549,43873,542
2021-07-16,Santa Barbara,083,443738,35354,34769,1261,36030,461
2021-07-16,Santa Clara,085,1922200,121067,119980,840,120820,2097
2021-07-16,Santa Cruz,087,273765,16448,16337,878,17215,207
2021-07-16,Shasta,089,179085,12764,12683,1752,14435,210
2021-07-16,Sierra,091,2930,64,62,14,76,0
2021-07-16,Siskiyou,093,43540,2008,1922,426,2348,29
2021-07-16,Solano,095,438530,34450,34015,649,34664,263
2021-07-16,Sonoma,097,501317,31882,31536,382,31918,322
2021-07-16,Stanislaus,099,539301,57939,57400,6397,63797,1028
2021-07-16,Sutter,101,95872,9897,9778,102,9880,114
2021-07-16,Tehama,103,63373,5180,5145,622,5767,64
2021-07-16,Trinity,105,12862,425,341,87,428,3
2021-07-16,Tulare,107,460477,50231,49937,9811,59748,854
2021-07-16,Tuolumne,109,53932,4210,4131,41,4172,64
2021-07-16,Ventura,111,848112,82734,82125,3385,85510,1041
2021-07-16,Yolo,113,214977,14526,14356,435,14791,213
2021-07-16,Yuba,115,75493,6405,6309,133,6442,52
2021-07-15,Alameda,001,1643700,92618,91346,2203,93549,1255
2021-07-15,Alpine,003,1148,89,89,0,89,0
2021-07-15,Amador,005,37829,3816,3785,35,3820,48
2021-07-15,Butte,007,227075,12976,12824,2006,14830,202
2021-07-15,Calaveras,009,45235,2260,2237,17,2254,57
2021-07-15,Colusa,011,21464,1992,1976,345,2321,16
2021-07-15,Contra Costa,013,1133247,73330,72254,1450,73704,824
2021-07-15,Del Norte,015,27424,1511,1475,15,1490,8
2021-07-15,El Dorado,017,186661,10755,10622,832,11454,114
2021-07-15,Fresno,019,978130,103975,103055,9216,112271,1730
2021-07-15,Glenn,021,27897,2457,2451,592,3043,20
2021-07-15,Humboldt,023,135768,4737,4654,57,4711,52
2021-07-15,Imperial,025,180216,28946,28840,2903,31743,742
2021-07-15,Inyo,027,18085,1422,1416,3,1419,36
2021-07-15,Kern,029,883053,98445,97796,11808,109604,1348
2021-07-15,Kings,031,150075,23356,23163,1219,24382,246
2021-07-15,Lake,033,64148,3889,3760,15,3775,64
2021-07-15,Lassen,035,31185,5311,5302,123,5425,21
2021-07-15,Los Angeles,037,10098052,1229080,1219733,45278,1265011,24582
2021-07-15,Madera,039,155013,16956,16804,995,17799,240
2021-07-15,Marin,041,260295,14478,14297,293,14590,234
2021-07-15,Mariposa,043,17540,448,445,11,456,5
2021-07-15,Mendocino,045,87422,4317,4209,83,4292,49
2021-07-15,Merced,047,269075,31592,31451,1034,32485,471
2021-07-15,Modoc,049,8938,422,412,148,560,5
2021-07-15,Mono,051,14174,1263,1277,14,1291,3
2021-07-15,Monterey,053,433212,43518,43367,1981,45348,515
2021-07-15,Napa,055,140530,10220,10129,38,10167,81
2021-07-15,Nevada,057,99092,5176,5066,203,5269,72
2021-07-15,Orange,059,3164182,260222,257805,12198,270003,5136
2021-07-15,Placer,061,380077,24436,24169,1735,25904,303
2021-07-15,Plumas,063,18699,738,721,15,736,4
2021-07-15,Riverside,065,2383286,296830,294751,14866,309617,4542
2021-07-15,Sacramento,067,1510023,111700,110432,2055,112487,1694
2021-07-15,San Benito,069,59416,6189,6181,120,6301,63
2021-07-15,San Bernardino,071,2135413,297636,296048,9596,305644,5218
2021-07-15,San Diego,073,3302833,288412,285698,16140,301838,3786
2021-07-15,San Francisco,075,870044,38591,37978,1467,39445,560
2021-07-15,San Joaquin,077,732212,75278,74695,3945,78640,1430
2021-07-15,San Luis Obispo,079,281455,21660,21462,809,22271,258
2021-07-15,San Mateo,081,765935,43737,43324,545,43869,542
2021-07-15,Santa Barbara,083,443738,35301,34769,1260,36029,461
2021-07-15,Santa Clara,085,1922200,120945,119980,837,120817,2097
2021-07-15,Santa Cruz,087,273765,16435,16337,878,17215,207
2021-07-15,Shasta,089,179085,12756,12683,1747,14430,210
2021-07-15,Sierra,091,2930,64,62,14,76,0
2021-07-15,Siskiyou,093,43540,2007,1922,426,2348,29
2021-07-15,Solano,095,438530,34376,34015,643,34658,263
2021-07-15,Sonoma,097,501317,31821,31536,382,31918,322
2021-07-15,Stanislaus,099,539301,57871,57400,6384,63784,1028
2021-07-15,Sutter,101,95872,9877,9778,101,9879,114
2021-07-15,Tehama,103,63373,5174,5145,621,5766,64
2021-07-15,Trinity,105,12862,425,341,87,428,3
2021-07-15,Tulare,107,460477,50210,49937,9794,59731,854
2021-07-15,Tuolumne,109,53932,4198,4131,41,4172,64
2021-07-15,Ventura,111,848112,82657,82125,3380,85505,1041
2021-07-15,Yolo,113,214977,14499,14356,434,14790,213
2021-07-15,Yuba,115,75493,6390,6309,133,6442,52
2021-07-14,Alameda,001,1643700,92358,91092,2184,93276,1255
2021-07-14,Alpine,003,1148,89,89,0,89,0
2021-07-14,Amador,005,37829,3808,3784,35,3819,48
2021-07-14,Butte,007,227075,12949,12813,1999,14812,202
2021-07-14,Calaveras,009,45235,2252,2234,17,2251,57
2021-07-14,Colusa,011,21464,1989,1974,345,2319,16
2021-07-14,Contra Costa,013,1133247,73105,72091,1437,73528,823
2021-07-14,Del Norte,015,27424,1510,1472,15,1487,8
2021-07-14,El Dorado,017,186661,10729,10598,829,11427,114
2021-07-14,Fresno,019,978130,103896,102966,9205,112171,1728
2021-07-14,Glenn,021,27897,2457,2449,592,3041,20
2021-07-14,Humboldt,023,135768,4714,4644,55,4699,52
2021-07-14,Imperial,025,180216,28917,28822,2903,31725,742
2021-07-14,Inyo,027,18085,1421,1415,3,1418,36
2021-07-14,Kern,029,883053,98382,97736,11782,109518,1346
2021-07-14,Kings,031,150075,23343,23142,1219,24361,246
2021-07-14,Lake,033,64148,3856,3739,15,3754,63
2021-07-14,Lassen,035,31185,5310,5298,123,5421,21
2021-07-14,Los Angeles,037,10098052,1227080,1218265,45130,1263395,24578
2021-07-14,Madera,039,155013,16944,16786,993,17779,240
2021-07-14,Marin,041,260295,14444,14269,290,14559,233
2021-07-14,Mariposa,043,17540,446,445,11,456,5
2021-07-14,Mendocino,045,87422,4304,4193,83,4276,49
2021-07-14,Merced,047,269075,31555,31412,1031,32443,471
2021-07-14,Modoc,049,8938,422,412,148,560,4
2021-07-14,Mono,051,14174,1263,1278,14,1292,3
2021-07-14,Monterey,053,433212,43494,43347,1979,45326,504
2021-07-14,Napa,055,140530,10198,10121,38,10159,81
2021-07-14,Nevada,057,99092,5157,5058,203,5261,72
2021-07-14,Orange,059,3164182,259906,257558,12169,269727,5137
2021-07-14,Placer,061,380077,24383,24125,1723,25848,303
2021-07-14,Plumas,063,18699,731,719,15,734,4
2021-07-14,Riverside,065,2383286,296506,294511,14849,309360,4542
2021-07-14,Sacramento,067,1510023,111373,110193,2031,112224,1688
2021-07-14,San Benito,069,59416,6186,6177,120,6297,63
2021-07-14,San Bernardino,071,2135413,297335,295820,9581,305401,5193
2021-07-14,San Diego,073,3302833,287841,285269,16062,301331,3786
2021-07-14,San Francisco,075,870044,38452,37836,1460,39296,559
2021-07-14,San Joaquin,077,732212,75187,74599,3935,78534,1416
2021-07-14,San Luis Obispo,079,281455,21638,21444,807,22251,258
2021-07-14,San Mateo,081,765935,43640,43249,541,43790,542
2021-07-14,Santa Barbara,083,443738,35261,34719,1258,35977,461
2021-07-14,Santa Clara,085,1922200,120795,119844,834,120678,2098
2021-07-14,Santa Cruz,087,273765,16421,16326,878,17204,207
2021-07-14,Shasta,089,179085,12736,12669,1744,14413,209
2021-07-14,Sierra,091,2930,64,62,14,76,0
2021-07-14,Siskiyou,093,43540,2000,1922,423,2345,29
2021-07-14,Solano,095,438530,34304,33948,643,34591,268
2021-07-14,Sonoma,097,501317,31769,31470,382,31852,322
2021-07-14,Stanislaus,099,539301,57796,57340,6372,63712,1028
2021-07-14,Sutter,101,95872,9854,9766,101,9867,114
2021-07-14,Tehama,103,63373,5172,5142,621,5763,64
2021-07-14,Trinity,105,12862,425,341,87,428,3
2021-07-14,Tulare,107,460477,50194,49908,9779,59687,853
2021-07-14,Tuolumne,109,53932,4195,4128,40,4168,64
2021-07-14,Ventura,111,848112,82563,82041,3368,85409,1040
2021-07-14,Yolo,113,214977,14466,14332,431,14763,213
2021-07-14,Yuba,115,75493,6372,6294,133,6427,52
2021-07-13,Alameda,001,1643700,92091,90874,2173,93047,1255
2021-07-13,Alpine,003,1148,89,89,0,89,0
2021-07-13,Amador,005,37829,3801,3783,35,3818,48
2021-07-13,Butte,007,227075,12936,12802,1997,14799,202
2021-07-13,Calaveras,009,45235,2248,2230,17,2247,57
2021-07-13,Colusa,011,21464,1987,1972,341,2313,16
2021-07-13,Contra Costa,013,1133247,72880,71963,1428,73391,823
2021-07-13,Del Norte,015,27424,1506,1471,15,1486,8
2021-07-13,El Dorado,017,186661,10711,10581,826,11407,114
2021-07-13,Fresno,019,978130,103820,102909,9195,112104,1727
2021-07-13,Glenn,021,27897,2455,2448,592,3040,20
2021-07-13,Humboldt,023,135768,4699,4634,55,4689,51
2021-07-13,Imperial,025,180216,28906,28792,2903,31695,741
2021-07-13,Inyo,027,18085,1420,1415,3,1418,36
2021-07-13,Kern,029,883053,98294,97698,11742,109440,1346
2021-07-13,Kings,031,150075,23325,23132,1219,24351,246
2021-07-13,Lake,033,64148,3829,3719,14,3733,63
2021-07-13,Lassen,035,31185,5308,5292,123,5415,21
2021-07-13,Los Angeles,037,10098052,1225242,1217184,44956,1262140,24569
2021-07-13,Madera,039,155013,16935,16773,989,17762,240
2021-07-13,Marin,041,260295,14415,14254,289,14543,233
2021-07-13,Mariposa,043,17540,445,443,11,454,5
2021-07-13,Mendocino,045,87422,4297,4185,83,4268,49
2021-07-13,Merced,047,269075,31534,31379,1028,32407,471
2021-07-13,Modoc,049,8938,422,411,148,559,4
2021-07-13,Mono,051,14174,1262,1277,14,1291,3
2021-07-13,Monterey,053,433212,43476,43333,1975,45308,504
2021-07-13,Napa,055,140530,10177,10118,38,10156,81
2021-07-13,Nevada,057,99092,5132,5053,203,5256,72
2021-07-13,Orange,059,3164182,259575,257339,12139,269478,5136
2021-07-13,Placer,061,380077,24337,24091,1710,25801,303
2021-07-13,Plumas,063,18699,730,716,15,731,4
2021-07-13,Riverside,065,2383286,296183,294302,14822,309124,4541
2021-07-13,Sacramento,067,1510023,111064,109990,2009,111999,1687
2021-07-13,San Benito,069,59416,6184,6173,120,6293,63
2021-07-13,San Bernardino,071,2135413,297059,295596,9559,305155,5183
2021-07-13,San Diego,073,3302833,287299,284997,15983,300980,3785
2021-07-13,San Francisco,075,870044,38309,37725,1453,39178,559
2021-07-13,San Joaquin,077,732212,75072,74500,3932,78432,1417
2021-07-13,San Luis Obispo,079,281455,21612,21423,804,22227,258
2021-07-13,San Mateo,081,765935,43572,43180,540,43720,542
2021-07-13,Santa Barbara,083,443738,35212,34679,1255,35934,461
2021-07-13,Santa Clara,085,1922200,120641,119727,830,120557,2098
2021-07-13,Santa Cruz,087,273765,16412,16315,876,17191,207
2021-07-13,Shasta,089,179085,12723,12659,1737,14396,209
2021-07-13,Sierra,091,2930,64,62,14,76,0
2021-07-13,Siskiyou,093,43540,1999,1916,421,2337,29
2021-07-13,Solano,095,438530,34242,33918,637,34555,268
2021-07-13,Sonoma,097,501317,31710,31431,382,31813,322
2021-07-13,Stanislaus,099,539301,57727,57282,6358,63640,1028
2021-07-13,Sutter,101,95872,9836,9752,100,9852,114
2021-07-13,Tehama,103,63373,5165,5144,621,5765,64
2021-07-13,Trinity,105,12862,425,341,86,427,3
2021-07-13,Tulare,107,460477,50170,49891,9763,59654,853
2021-07-13,Tuolumne,109,53932,4187,4122,39,4161,64
2021-07-13,Ventura,111,848112,82479,81982,3343,85325,1040
2021-07-13,Yolo,113,214977,14438,14320,424,14744,213
2021-07-13,Yuba,115,75493,6356,6279,133,6412,52
2021-07-12,Alameda,001,1643700,91835,90720,2165,92885,1254
2021-07-12,Alpine,003,1148,89,89,0,89,0
2021-07-12,Amador,005,37829,3794,3781,35,3816,47
2021-07-12,Butte,007,227075,12916,12796,1995,14791,202
2021-07-12,Calaveras,009,45235,2246,2228,17,2245,57
2021-07-12,Colusa,011,21464,1983,1971,340,2311,16
2021-07-12,Contra Costa,013,1133247,72678,71833,1423,73256,823
2021-07-12,Del Norte,015,27424,1503,1469,15,1484,8
2021-07-12,El Dorado,017,186661,10683,10569,824,11393,114
2021-07-12,Fresno,019,978130,103727,102853,9183,112036,1728
2021-07-12,Glenn,021,27897,2455,2446,592,3038,20
2021-07-12,Humboldt,023,135768,4683,4621,55,4676,51
2021-07-12,Imperial,025,180216,28876,28789,2903,31692,741
2021-07-12,Inyo,027,18085,1420,1415,3,1418,36
2021-07-12,Kern,029,883053,98225,97660,11717,109377,1346
2021-07-12,Kings,031,150075,23305,23124,1217,24341,246
2021-07-12,Lake,033,64148,3808,3706,14,3720,63
2021-07-12,Lassen,035,31185,5307,5292,123,5415,21
2021-07-12,Los Angeles,037,10098052,1223467,1216230,44813,1261043,24559
2021-07-12,Madera,039,155013,16924,16772,989,17761,240
2021-07-12,Marin,041,260295,14390,14238,288,14526,233
2021-07-12,Mariposa,043,17540,445,442,11,453,5
2021-07-12,Mendocino,045,87422,4286,4175,83,4258,49
2021-07-12,Merced,047,269075,31503,31374,1027,32401,471
2021-07-12,Modoc,049,8938,421,411,148,559,4
2021-07-12,Mono,051,14174,1260,1275,14,1289,3
2021-07-12,Monterey,053,433212,43455,43315,1971,45286,504
2021-07-12,Napa,055,140530,10159,10104,37,10141,81
2021-07-12,Nevada,057,99092,5109,5046,203,5249,72
2021-07-12,Orange,059,3164182,259225,257171,12114,269285,5136
2021-07-12,Placer,061,380077,24286,24052,1704,25756,302
2021-07-12,Plumas,063,18699,730,716,15,731,4
2021-07-12,Riverside,065,2383286,295875,294108,14792,308900,4541
2021-07-12,Sacramento,067,1510023,110849,109849,1983,111832,1685
2021-07-12,San Benito,069,59416,6181,6166,120,6286,63
2021-07-12,San Bernardino,071,2135413,296788,295447,9545,304992,5171
2021-07-12,San Diego,073,3302833,286835,284648,15907,300555,3785
2021-07-12,San Francisco,075,870044,38162,37656,1449,39105,559
2021-07-12,San Joaquin,077,732212,74977,74424,3922,78346,1415
2021-07-12,San Luis Obispo,079,281455,21593,21408,803,22211,258
2021-07-12,San Mateo,081,765935,43479,43138,533,43671,542
2021-07-12,Santa Barbara,083,443738,35170,34664,1253,35917,461
2021-07-12,Santa Clara,085,1922200,120476,119634,827,120461,2098
2021-07-12,Santa Cruz,087,273765,16387,16310,875,17185,207
2021-07-12,Shasta,089,179085,12715,12648,1734,14382,208
2021-07-12,Sierra,091,2930,64,62,14,76,0
2021-07-12,Siskiyou,093,43540,1994,1916,416,2332,29
2021-07-12,Solano,095,438530,34156,33859,628,34487,268
2021-07-12,Sonoma,097,501317,31662,31377,381,31758,322
2021-07-12,Stanislaus,099,539301,57654,57243,6351,63594,1028
2021-07-12,Sutter,101,95872,9819,9736,99,9835,114
2021-07-12,Tehama,103,63373,5160,5138,620,5758,63
2021-07-12,Trinity,105,12862,421,340,84,424,3
2021-07-12,Tulare,107,460477,50143,49882,9749,59631,853
2021-07-12,Tuolumne,109,53932,4183,4116,39,4155,64
2021-07-12,Ventura,111,848112,82378,81919,3322,85241,1040
2021-07-12,Yolo,113,214977,14409,14303,420,14723,213
2021-07-12,Yuba,115,75493,6341,6266,133,6399,52
2021-07-11,Alameda,001,1643700,91507,90597,2150,92747,1254
2021-07-11,Alpine,003,1148,89,89,0,89,0
2021-07-11,Amador,005,37829,3792,3779,35,3814,47
2021-07-11,Butte,007,227075,12895,12794,1988,14782,202
2021-07-11,Calaveras,009,45235,2238,2226,16,2242,57
2021-07-11,Colusa,011,21464,1983,1971,339,2310,16
2021-07-11,Contra Costa,013,1133247,72468,71744,1416,73160,823
2021-07-11,Del Norte,015,27424,1499,1467,14,1481,8
2021-07-11,El Dorado,017,186661,10654,10554,822,11376,114
2021-07-11,Fresno,019,978130,103632,102813,9164,111977,1728
2021-07-11,Glenn,021,27897,2454,2446,592,3038,20
2021-07-11,Humboldt,023,135768,4670,4611,54,4665,51
2021-07-11,Imperial,025,180216,28858,28787,2902,31689,741
2021-07-11,Inyo,027,18085,1418,1415,3,1418,36
2021-07-11,Kern,029,883053,98152,97637,11701,109338,1346
2021-07-11,Kings,031,150075,23274,23116,1214,24330,246
2021-07-11,Lake,033,64148,3777,3699,14,3713,63
2021-07-11,Lassen,035,31185,5304,5291,123,5414,21
2021-07-11,Los Angeles,037,10098052,1221725,1215182,44652,1259834,24558
2021-07-11,Madera,039,155013,16905,16766,988,17754,240
2021-07-11,Marin,041,260295,14364,14231,288,14519,233
2021-07-11,Mariposa,043,17540,444,442,11,453,5
2021-07-11,Mendocino,045,87422,4266,4167,83,4250,49
2021-07-11,Merced,047,269075,31479,31366,1022,32388,471
2021-07-11,Modoc,049,8938,420,411,148,559,4
2021-07-11,Mono,051,14174,1260,1275,14,1289,3
2021-07-11,Monterey,053,433212,43437,43307,1966,45273,504
2021-07-11,Napa,055,140530,10155,10100,37,10137,81
2021-07-11,Nevada,057,99092,5098,5035,202,5237,72
2021-07-11,Orange,059,3164182,258913,257009,12084,269093,5136
2021-07-11,Placer,061,380077,24229,24017,1692,25709,302
2021-07-11,Plumas,063,18699,730,716,15,731,4
2021-07-11,Riverside,065,2383286,295611,293969,14774,308743,4541
2021-07-11,Sacramento,067,1510023,110571,109696,1972,111668,1685
2021-07-11,San Benito,069,59416,6176,6163,120,6283,63
2021-07-11,San Bernardino,071,2135413,296483,295342,9521,304863,5167
2021-07-11,San Diego,073,3302833,286422,283819,15821,299640,3784
2021-07-11,San Francisco,075,870044,38034,37596,1443,39039,559
2021-07-11,San Joaquin,077,732212,74862,74376,3905,78281,1415
2021-07-11,San Luis Obispo,079,281455,21559,21403,802,22205,258
2021-07-11,San Mateo,081,765935,43400,43107,526,43633,542
2021-07-11,Santa Barbara,083,443738,35124,34646,1253,35899,461
2021-07-11,Santa Clara,085,1922200,120322,119549,826,120375,2098
2021-07-11,Santa Cruz,087,273765,16371,16303,875,17178,207
2021-07-11,Shasta,089,179085,12698,12647,1732,14379,208
2021-07-11,Sierra,091,2930,64,62,14,76,0
2021-07-11,Siskiyou,093,43540,1990,1915,414,2329,29
2021-07-11,Solano,095,438530,34078,33837,624,34461,268
2021-07-11,Sonoma,097,501317,31580,31352,381,31733,322
2021-07-11,Stanislaus,099,539301,57581,57230,6339,63569,1028
2021-07-11,Sutter,101,95872,9805,9728,99,9827,114
2021-07-11,Tehama,103,63373,5157,5138,620,5758,63
2021-07-11,Trinity,105,12862,420,340,84,424,3
2021-07-11,Tulare,107,460477,50119,49877,9729,59606,853
2021-07-11,Tuolumne,109,53932,4177,4116,39,4155,64
2021-07-11,Ventura,111,848112,82306,81875,3302,85177,1040
2021-07-11,Yolo,113,214977,14383,14285,412,14697,213
2021-07-11,Yuba,115,75493,6330,6260,133,6393,52
2021-07-10,Alameda,001,1643700,91357,90090,2147,92237,1252
2021-07-10,Alpine,003,1148,89,89,0,89,0
2021-07-10,Amador,005,37829,3786,3773,35,3808,47
2021-07-10,Butte,007,227075,12884,12764,1985,14749,202
2021-07-10,Calaveras,009,45235,2237,2214,16,2230,57
2021-07-10,Colusa,011,21464,1981,1969,339,2308,16
2021-07-10,Contra Costa,013,1133247,72369,71376,1415,72791,821
2021-07-10,Del Norte,015,27424,1497,1451,14,1465,8
2021-07-10,El Dorado,017,186661,10638,10508,818,11326,114
2021-07-10,Fresno,019,978130,103599,102675,9157,111832,1730
2021-07-10,Glenn,021,27897,2451,2440,591,3031,20
2021-07-10,Humboldt,023,135768,4661,4574,54,4628,51
2021-07-10,Imperial,025,180216,28845,28729,2902,31631,741
2021-07-10,Inyo,027,18085,1417,1415,3,1418,36
2021-07-10,Kern,029,883053,98113,97538,11683,109221,1346
2021-07-10,Kings,031,150075,23267,23090,1213,24303,246
2021-07-10,Lake,033,64148,3760,3667,14,3681,63
2021-07-10,Lassen,035,31185,5304,5290,123,5413,21
2021-07-10,Los Angeles,037,10098052,1220708,1212043,44548,1256591,24542
2021-07-10,Madera,039,155013,16899,16744,985,17729,241
2021-07-10,Marin,041,260295,14350,14194,288,14482,233
2021-07-10,Mariposa,043,17540,444,442,11,453,5
2021-07-10,Mendocino,045,87422,4259,4153,82,4235,49
2021-07-10,Merced,047,269075,31466,31328,1022,32350,470
2021-07-10,Modoc,049,8938,420,410,148,558,4
2021-07-10,Mono,051,14174,1260,1275,14,1289,3
2021-07-10,Monterey,053,433212,43423,43251,1964,45215,499
2021-07-10,Napa,055,140530,10143,10077,37,10114,81
2021-07-10,Nevada,057,99092,5089,5000,202,5202,72
2021-07-10,Orange,059,3164182,258740,256438,12068,268506,5135
2021-07-10,Placer,061,380077,24200,23916,1682,25598,302
2021-07-10,Plumas,063,18699,729,717,15,732,4
2021-07-10,Riverside,065,2383286,295425,293474,14760,308234,4541
2021-07-10,Sacramento,067,1510023,110422,109091,1967,111058,1682
2021-07-10,San Benito,069,59416,6171,6141,120,6261,63
2021-07-10,San Bernardino,071,2135413,296295,294932,9509,304441,5117
2021-07-10,San Diego,073,3302833,286132,283577,15768,299345,3783
2021-07-10,San Francisco,075,870044,37951,37338,1438,38776,559
2021-07-10,San Joaquin,077,732212,74805,74150,3899,78049,1412
2021-07-10,San Luis Obispo,079,281455,21548,21375,801,22176,258
2021-07-10,San Mateo,081,765935,43350,42948,524,43472,542
2021-07-10,Santa Barbara,083,443738,35098,34595,1253,35848,460
2021-07-10,Santa Clara,085,1922200,120219,119330,823,120153,2094
2021-07-10,Santa Cruz,087,273765,16364,16286,875,17161,207
2021-07-10,Shasta,089,179085,12685,12623,1727,14350,206
2021-07-10,Sierra,091,2930,64,61,14,75,0
2021-07-10,Siskiyou,093,43540,1988,1909,411,2320,29
2021-07-10,Solano,095,438530,34038,33678,618,34296,268
2021-07-10,Sonoma,097,501317,31529,31231,381,31612,317
2021-07-10,Stanislaus,099,539301,57540,57104,6329,63433,1026
2021-07-10,Sutter,101,95872,9792,9692,99,9791,114
2021-07-10,Tehama,103,63373,5154,5131,620,5751,63
2021-07-10,Trinity,105,12862,420,341,84,425,3
2021-07-10,Tulare,107,460477,50109,49850,9723,59573,853
2021-07-10,Tuolumne,109,53932,4175,4114,39,4153,64
2021-07-10,Ventura,111,848112,82261,81713,3284,84997,1039
2021-07-10,Yolo,113,214977,14362,14250,409,14659,213
2021-07-10,Yuba,115,75493,6320,6238,133,6371,52
2021-07-09,Alameda,001,1643700,91205,90090,2141,92231,1252
2021-07-09,Alpine,003,1148,89,89,0,89,0
2021-07-09,Amador,005,37829,3785,3773,35,3808,47
2021-07-09,Butte,007,227075,12873,12764,1983,14747,202
2021-07-09,Calaveras,009,45235,2235,2214,16,2230,57
2021-07-09,Colusa,011,21464,1980,1969,339,2308,16
2021-07-09,Contra Costa,013,1133247,72244,71376,1414,72790,821
2021-07-09,Del Norte,015,27424,1492,1451,14,1465,8
2021-07-09,El Dorado,017,186661,10623,10508,817,11325,114
2021-07-09,Fresno,019,978130,103543,102675,9150,111825,1730
2021-07-09,Glenn,021,27897,2450,2440,589,3029,20
2021-07-09,Humboldt,023,135768,4642,4574,54,4628,51
2021-07-09,Imperial,025,180216,28837,28729,2901,31630,741
2021-07-09,Inyo,027,18085,1416,1415,3,1418,36
2021-07-09,Kern,029,883053,98075,97538,11671,109209,1346
2021-07-09,Kings,031,150075,23257,23090,1212,24302,246
2021-07-09,Lake,033,64148,3746,3667,14,3681,63
2021-07-09,Lassen,035,31185,5302,5290,122,5412,21
2021-07-09,Los Angeles,037,10098052,1219706,1212043,44473,1256516,24542
2021-07-09,Madera,039,155013,16890,16744,984,17728,241
2021-07-09,Marin,041,260295,14329,14194,286,14480,233
2021-07-09,Mariposa,043,17540,444,442,11,453,5
2021-07-09,Mendocino,045,87422,4252,4153,82,4235,49
2021-07-09,Merced,047,269075,31451,31328,1022,32350,470
2021-07-09,Modoc,049,8938,420,410,148,558,4
2021-07-09,Mono,051,14174,1260,1275,14,1289,3
2021-07-09,Monterey,053,433212,43414,43251,1964,45215,499
2021-07-09,Napa,055,140530,10136,10077,37,10114,81
2021-07-09,Nevada,057,99092,5080,5000,202,5202,72
2021-07-09,Orange,059,3164182,258536,256438,12054,268492,5135
2021-07-09,Placer,061,380077,24178,23916,1676,25592,302
2021-07-09,Plumas,063,18699,727,717,15,732,4
2021-07-09,Riverside,065,2383286,295238,293474,14746,308220,4541
2021-07-09,Sacramento,067,1510023,110269,109091,1959,111050,1682
2021-07-09,San Benito,069,59416,6169,6141,120,6261,63
2021-07-09,San Bernardino,071,2135413,296144,294932,9502,304434,5117
2021-07-09,San Diego,073,3302833,285846,283577,15720,299297,3783
2021-07-09,San Francisco,075,870044,37871,37338,1431,38769,559
2021-07-09,San Joaquin,077,732212,74733,74150,3891,78041,1412
2021-07-09,San Luis Obispo,079,281455,21536,21375,801,22176,258
2021-07-09,San Mateo,081,765935,43304,42948,520,43468,542
2021-07-09,Santa Barbara,083,443738,35079,34595,1252,35847,460
2021-07-09,Santa Clara,085,1922200,120109,119330,823,120153,2094
2021-07-09,Santa Cruz,087,273765,16361,16286,875,17161,207
2021-07-09,Shasta,089,179085,12679,12623,1722,14345,206
2021-07-09,Sierra,091,2930,64,61,14,75,0
2021-07-09,Siskiyou,093,43540,1986,1909,410,2319,29
2021-07-09,Solano,095,438530,34004,33678,614,34292,268
2021-07-09,Sonoma,097,501317,31493,31231,381,31612,317
2021-07-09,Stanislaus,099,539301,57498,57104,6327,63431,1026
2021-07-09,Sutter,101,95872,9783,9692,99,9791,114
2021-07-09,Tehama,103,63373,5152,5131,620,5751,63
2021-07-09,Trinity,105,12862,419,341,81,422,3
2021-07-09,Tulare,107,460477,50096,49850,9717,59567,853
2021-07-09,Tuolumne,109,53932,4172,4114,39,4153,64
2021-07-09,Ventura,111,848112,82206,81713,3275,84988,1039
2021-07-09,Yolo,113,214977,14347,14250,405,14655,213
2021-07-09,Yuba,115,75493,6307,6238,133,6371,52
2021-07-08,Alameda,001,1643700,90995,90090,2136,92226,1252
2021-07-08,Alpine,003,1148,89,89,0,89,0
2021-07-08,Amador,005,37829,3783,3773,35,3808,47
2021-07-08,Butte,007,227075,12860,12764,1980,14744,202
2021-07-08,Calaveras,009,45235,2230,2214,15,2229,57
2021-07-08,Colusa,011,21464,1980,1969,339,2308,16
2021-07-08,Contra Costa,013,1133247,72116,71376,1409,72785,821
2021-07-08,Del Norte,015,27424,1490,1451,14,1465,8
2021-07-08,El Dorado,017,186661,10606,10508,812,11320,114
2021-07-08,Fresno,019,978130,103482,102675,9138,111813,1730
2021-07-08,Glenn,021,27897,2450,2440,589,3029,20
2021-07-08,Humboldt,023,135768,4627,4574,53,4627,51
2021-07-08,Imperial,025,180216,28824,28729,2900,31629,741
2021-07-08,Inyo,027,18085,1416,1415,3,1418,36
2021-07-08,Kern,029,883053,98031,97538,11653,109191,1346
2021-07-08,Kings,031,150075,23248,23090,1212,24302,246
2021-07-08,Lake,033,64148,3732,3667,14,3681,63
2021-07-08,Lassen,035,31185,5299,5290,122,5412,21
2021-07-08,Los Angeles,037,10098052,1218496,1212043,44377,1256420,24542
2021-07-08,Madera,039,155013,16875,16744,984,17728,241
2021-07-08,Marin,041,260295,14315,14194,286,14480,233
2021-07-08,Mariposa,043,17540,443,442,11,453,5
2021-07-08,Mendocino,045,87422,4249,4153,82,4235,49
2021-07-08,Merced,047,269075,31437,31328,1020,32348,470
2021-07-08,Modoc,049,8938,420,410,148,558,4
2021-07-08,Mono,051,14174,1260,1275,14,1289,3
2021-07-08,Monterey,053,433212,43394,43251,1958,45209,499
2021-07-08,Napa,055,140530,10132,10077,37,10114,81
2021-07-08,Nevada,057,99092,5074,5000,202,5202,72
2021-07-08,Orange,059,3164182,258342,256438,12033,268471,5135
2021-07-08,Placer,061,380077,24139,23916,1668,25584,302
2021-07-08,Plumas,063,18699,726,717,15,732,4
2021-07-08,Riverside,065,2383286,295037,293474,14730,308204,4541
2021-07-08,Sacramento,067,1510023,110048,109091,1952,111043,1682
2021-07-08,San Benito,069,59416,6166,6141,120,6261,63
2021-07-08,San Bernardino,071,2135413,295969,294932,9493,304425,5117
2021-07-08,San Diego,073,3302833,285518,283577,15672,299249,3783
2021-07-08,San Francisco,075,870044,37791,37338,1426,38764,559
2021-07-08,San Joaquin,077,732212,74645,74150,3878,78028,1412
2021-07-08,San Luis Obispo,079,281455,21524,21375,798,22173,258
2021-07-08,San Mateo,081,765935,43254,42948,519,43467,542
2021-07-08,Santa Barbara,083,443738,35052,34595,1250,35845,460
2021-07-08,Santa Clara,085,1922200,120016,119330,822,120152,2094
2021-07-08,Santa Cruz,087,273765,16355,16286,875,17161,207
2021-07-08,Shasta,089,179085,12673,12623,1718,14341,206
2021-07-08,Sierra,091,2930,64,61,14,75,0
2021-07-08,Siskiyou,093,43540,1981,1909,407,2316,29
2021-07-08,Solano,095,438530,33952,33678,606,34284,268
2021-07-08,Sonoma,097,501317,31462,31231,380,31611,317
2021-07-08,Stanislaus,099,539301,57463,57104,6322,63426,1026
2021-07-08,Sutter,101,95872,9768,9692,97,9789,114
2021-07-08,Tehama,103,63373,5149,5131,619,5750,63
2021-07-08,Trinity,105,12862,419,341,81,422,3
2021-07-08,Tulare,107,460477,50079,49850,9708,59558,853
2021-07-08,Tuolumne,109,53932,4170,4114,39,4153,64
2021-07-08,Ventura,111,848112,82142,81713,3258,84971,1039
2021-07-08,Yolo,113,214977,14329,14250,403,14653,213
2021-07-08,Yuba,115,75493,6299,6238,133,6371,52
2021-07-07,Alameda,001,1643700,90811,89995,2130,92125,1253
2021-07-07,Alpine,003,1148,89,89,0,89,0
2021-07-07,Amador,005,37829,3778,3770,35,3805,47
2021-07-07,Butte,007,227075,12847,12750,1975,14725,202
2021-07-07,Calaveras,009,45235,2225,2212,15,2227,57
2021-07-07,Colusa,011,21464,1976,1969,339,2308,16
2021-07-07,Contra Costa,013,1133247,71971,71308,1407,72715,821
2021-07-07,Del Norte,015,27424,1485,1446,14,1460,8
2021-07-07,El Dorado,017,186661,10586,10494,810,11304,114
2021-07-07,Fresno,019,978130,103432,102639,9131,111770,1729
2021-07-07,Glenn,021,27897,2450,2441,589,3030,20
2021-07-07,Humboldt,023,135768,4613,4566,53,4619,51
2021-07-07,Imperial,025,180216,28817,28701,2900,31601,740
2021-07-07,Inyo,027,18085,1415,1415,3,1418,36
2021-07-07,Kern,029,883053,97989,97507,11637,109144,1348
2021-07-07,Kings,031,150075,23235,23085,1209,24294,245
2021-07-07,Lake,033,64148,3713,3660,14,3674,63
2021-07-07,Lassen,035,31185,5299,5286,122,5408,21
2021-07-07,Los Angeles,037,10098052,1217321,1211316,44269,1255585,24531
2021-07-07,Madera,039,155013,16865,16733,982,17715,241
2021-07-07,Marin,041,260295,14296,14183,285,14468,233
2021-07-07,Mariposa,043,17540,441,442,11,453,5
2021-07-07,Mendocino,045,87422,4240,4145,82,4227,49
2021-07-07,Merced,047,269075,31422,31317,1020,32337,470
2021-07-07,Modoc,049,8938,420,410,148,558,4
2021-07-07,Mono,051,14174,1259,1274,14,1288,3
2021-07-07,Monterey,053,433212,43370,43233,1956,45189,494
2021-07-07,Napa,055,140530,10121,10078,37,10115,81
2021-07-07,Nevada,057,99092,5067,4996,202,5198,72
2021-07-07,Orange,059,3164182,258115,256301,12010,268311,5132
2021-07-07,Placer,061,380077,24103,23901,1658,25559,302
2021-07-07,Plumas,063,18699,726,710,15,725,4
2021-07-07,Riverside,065,2383286,294823,293331,14719,308050,4538
2021-07-07,Sacramento,067,1510023,109859,108954,1944,110898,1682
2021-07-07,San Benito,069,59416,6161,6137,120,6257,63
2021-07-07,San Bernardino,071,2135413,295801,294787,9486,304273,5087
2021-07-07,San Diego,073,3302833,285200,283377,15632,299009,3782
2021-07-07,San Francisco,075,870044,37699,37284,1423,38707,558
2021-07-07,San Joaquin,077,732212,74569,74095,3862,77957,1410
2021-07-07,San Luis Obispo,079,281455,21515,21360,796,22156,258
2021-07-07,San Mateo,081,765935,43199,42908,516,43424,542
2021-07-07,Santa Barbara,083,443738,35026,34582,1250,35832,460
2021-07-07,Santa Clara,085,1922200,119918,119250,820,120070,2094
2021-07-07,Santa Cruz,087,273765,16346,16279,874,17153,207
2021-07-07,Shasta,089,179085,12665,12613,1715,14328,206
2021-07-07,Sierra,091,2930,64,60,14,74,0
2021-07-07,Siskiyou,093,43540,1975,1908,403,2311,29
2021-07-07,Solano,095,438530,33904,33659,599,34258,268
2021-07-07,Sonoma,097,501317,31416,31172,380,31552,316
2021-07-07,Stanislaus,099,539301,57418,57102,6317,63419,1028
2021-07-07,Sutter,101,95872,9758,9683,97,9780,114
2021-07-07,Tehama,103,63373,5148,5129,619,5748,63
2021-07-07,Trinity,105,12862,419,341,81,422,3
2021-07-07,Tulare,107,460477,50075,49835,9699,59534,853
2021-07-07,Tuolumne,109,53932,4166,4115,38,4153,64
2021-07-07,Ventura,111,848112,82098,81608,3244,84852,1036
2021-07-07,Yolo,113,214977,14319,14236,400,14636,213
2021-07-07,Yuba,115,75493,6283,6233,133,6366,51
2021-07-06,Alameda,001,1643700,90615,89918,2122,92040,1253
2021-07-06,Alpine,003,1148,89,89,0,89,0
2021-07-06,Amador,005,37829,3777,3768,34,3802,47
2021-07-06,Butte,007,227075,12834,12744,1972,14716,201
2021-07-06,Calaveras,009,45235,2225,2211,15,2226,55
2021-07-06,Colusa,011,21464,1975,1967,336,2303,16
2021-07-06,Contra Costa,013,1133247,71842,71262,1405,72667,820
2021-07-06,Del Norte,015,27424,1481,1445,14,1459,8
2021-07-06,El Dorado,017,186661,10568,10484,809,11293,113
2021-07-06,Fresno,019,978130,103380,102616,9120,111736,1727
2021-07-06,Glenn,021,27897,2449,2438,589,3027,20
2021-07-06,Humboldt,023,135768,4599,4565,52,4617,49
2021-07-06,Imperial,025,180216,28802,28693,2898,31591,739
2021-07-06,Inyo,027,18085,1415,1412,3,1415,36
2021-07-06,Kern,029,883053,97947,97491,11626,109117,1346
2021-07-06,Kings,031,150075,23227,23077,1208,24285,245
2021-07-06,Lake,033,64148,3703,3659,14,3673,63
2021-07-06,Lassen,035,31185,5298,5288,121,5409,21
2021-07-06,Los Angeles,037,10098052,1216112,1210965,44170,1255135,24525
2021-07-06,Madera,039,155013,16854,16730,982,17712,241
2021-07-06,Marin,041,260295,14282,14181,285,14466,233
2021-07-06,Mariposa,043,17540,441,442,11,453,5
2021-07-06,Mendocino,045,87422,4233,4143,82,4225,49
2021-07-06,Merced,047,269075,31405,31317,1019,32336,470
2021-07-06,Modoc,049,8938,420,411,148,559,4
2021-07-06,Mono,051,14174,1258,1274,14,1288,3
2021-07-06,Monterey,053,433212,43348,43224,1955,45179,494
2021-07-06,Napa,055,140530,10110,10081,37,10118,81
2021-07-06,Nevada,057,99092,5058,4988,202,5190,72
2021-07-06,Orange,059,3164182,257873,256227,11993,268220,5129
2021-07-06,Placer,061,380077,24062,23876,1652,25528,302
2021-07-06,Plumas,063,18699,725,708,15,723,4
2021-07-06,Riverside,065,2383286,294620,293227,14701,307928,4539
2021-07-06,Sacramento,067,1510023,109648,108850,1936,110786,1679
2021-07-06,San Benito,069,59416,6157,6137,120,6257,63
2021-07-06,San Bernardino,071,2135413,295622,294712,9473,304185,5056
2021-07-06,San Diego,073,3302833,284845,283278,15573,298851,3782
2021-07-06,San Francisco,075,870044,37582,37251,1420,38671,558
2021-07-06,San Joaquin,077,732212,74500,74019,3850,77869,1410
2021-07-06,San Luis Obispo,079,281455,21498,21354,795,22149,257
2021-07-06,San Mateo,081,765935,43123,42895,516,43411,541
2021-07-06,Santa Barbara,083,443738,35008,34572,1248,35820,460
2021-07-06,Santa Clara,085,1922200,119800,119194,817,120011,2095
2021-07-06,Santa Cruz,087,273765,16341,16274,873,17147,207
2021-07-06,Shasta,089,179085,12655,12606,1713,14319,205
2021-07-06,Sierra,091,2930,63,60,14,74,0
2021-07-06,Siskiyou,093,43540,1972,1905,399,2304,29
2021-07-06,Solano,095,438530,33854,33619,596,34215,268
2021-07-06,Sonoma,097,501317,31353,31130,379,31509,316
2021-07-06,Stanislaus,099,539301,57356,57120,6305,63425,1029
2021-07-06,Sutter,101,95872,9749,9674,96,9770,114
2021-07-06,Tehama,103,63373,5145,5126,618,5744,63
2021-07-06,Trinity,105,12862,419,341,81,422,3
2021-07-06,Tulare,107,460477,50060,49826,9688,59514,853
2021-07-06,Tuolumne,109,53932,4164,4113,38,4151,64
2021-07-06,Ventura,111,848112,82058,81534,3218,84752,1033
2021-07-06,Yolo,113,214977,14298,14227,395,14622,213
2021-07-06,Yuba,115,75493,6272,6231,133,6364,51
2021-07-05,Alameda,001,1643700,90439,89892,2116,92008,1253
2021-07-05,Alpine,003,1148,89,89,0,89,0
2021-07-05,Amador,005,37829,3775,3768,34,3802,47
2021-07-05,Butte,007,227075,12826,12740,1962,14702,201
2021-07-05,Calaveras,009,45235,2223,2211,15,2226,55
2021-07-05,Colusa,011,21464,1973,1966,335,2301,16
2021-07-05,Contra Costa,013,1133247,71715,71235,1405,72640,820
2021-07-05,Del Norte,015,27424,1477,1446,14,1460,8
2021-07-05,El Dorado,017,186661,10543,10481,809,11290,113
2021-07-05,Fresno,019,978130,103323,102592,9102,111694,1727
2021-07-05,Glenn,021,27897,2446,2438,588,3026,20
2021-07-05,Humboldt,023,135768,4585,4563,52,4615,49
2021-07-05,Imperial,025,180216,28784,28689,2898,31587,739
2021-07-05,Inyo,027,18085,1415,1412,3,1415,36
2021-07-05,Kern,029,883053,97899,97479,11605,109084,1346
2021-07-05,Kings,031,150075,23219,23065,1205,24270,245
2021-07-05,Lake,033,64148,3685,3645,13,3658,63
2021-07-05,Lassen,035,31185,5295,5288,120,5408,21
2021-07-05,Los Angeles,037,10098052,1214928,1210653,44066,1254719,24522
2021-07-05,Madera,039,155013,16843,16722,981,17703,241
2021-07-05,Marin,041,260295,14261,14178,285,14463,233
2021-07-05,Mariposa,043,17540,441,441,11,452,5
2021-07-05,Mendocino,045,87422,4228,4139,82,4221,49
2021-07-05,Merced,047,269075,31385,31312,1019,32331,470
2021-07-05,Modoc,049,8938,420,410,148,558,4
2021-07-05,Mono,051,14174,1258,1273,14,1287,3
2021-07-05,Monterey,053,433212,43328,43218,1950,45168,494
2021-07-05,Napa,055,140530,10104,10074,37,10111,81
2021-07-05,Nevada,057,99092,5040,4980,201,5181,72
2021-07-05,Orange,059,3164182,257673,256173,11974,268147,5129
2021-07-05,Placer,061,380077,24015,23867,1644,25511,302
2021-07-05,Plumas,063,18699,724,708,15,723,4
2021-07-05,Riverside,065,2383286,294428,293193,14688,307881,4539
2021-07-05,Sacramento,067,1510023,109466,108758,1927,110685,1679
2021-07-05,San Benito,069,59416,6150,6137,120,6257,63
2021-07-05,San Bernardino,071,2135413,295461,294647,9466,304113,5037
2021-07-05,San Diego,073,3302833,284485,282834,15528,298362,3782
2021-07-05,San Francisco,075,870044,37495,37237,1415,38652,558
2021-07-05,San Joaquin,077,732212,74431,73999,3844,77843,1410
2021-07-05,San Luis Obispo,079,281455,21485,21351,794,22145,257
2021-07-05,San Mateo,081,765935,43071,42876,513,43389,541
2021-07-05,Santa Barbara,083,443738,34988,34569,1248,35817,460
2021-07-05,Santa Clara,085,1922200,119695,119184,815,119999,2095
2021-07-05,Santa Cruz,087,273765,16332,16273,872,17145,208
2021-07-05,Shasta,089,179085,12646,12603,1711,14314,205
2021-07-05,Sierra,091,2930,63,60,14,74,0
2021-07-05,Siskiyou,093,43540,1971,1904,397,2301,29
2021-07-05,Solano,095,438530,33786,33612,590,34202,268
2021-07-05,Sonoma,097,501317,31300,31116,379,31495,316
2021-07-05,Stanislaus,099,539301,57320,57109,6295,63404,1029
2021-07-05,Sutter,101,95872,9737,9667,96,9763,114
2021-07-05,Tehama,103,63373,5144,5125,618,5743,63
2021-07-05,Trinity,105,12862,418,341,80,421,3
2021-07-05,Tulare,107,460477,50042,49818,9685,59503,853
2021-07-05,Tuolumne,109,53932,4160,4112,38,4150,64
2021-07-05,Ventura,111,848112,82008,81519,3198,84717,1033
2021-07-05,Yolo,113,214977,14280,14225,386,14611,213
2021-07-05,Yuba,115,75493,6264,6223,133,6356,51
2021-07-04,Alameda,001,1643700,90273,89683,2112,91795,1253
2021-07-04,Alpine,003,1148,89,89,0,89,0
2021-07-04,Amador,005,37829,3774,3758,34,3792,46
2021-07-04,Butte,007,227075,12816,12684,1962,14646,201
2021-07-04,Calaveras,009,45235,2223,2200,15,2215,55
2021-07-04,Colusa,011,21464,1973,1969,335,2304,15
2021-07-04,Contra Costa,013,1133247,71609,70941,1400,72341,818
2021-07-04,Del Norte,015,27424,1474,1439,14,1453,8
2021-07-04,El Dorado,017,186661,10534,10433,808,11241,113
2021-07-04,Fresno,019,978130,103279,102512,9083,111595,1727
2021-07-04,Glenn,021,27897,2444,2442,587,3029,20
2021-07-04,Humboldt,023,135768,4577,4530,52,4582,49
2021-07-04,Imperial,025,180216,28778,28661,2898,31559,739
2021-07-04,Inyo,027,18085,1415,1412,3,1415,35
2021-07-04,Kern,029,883053,97881,97421,11595,109016,1347
2021-07-04,Kings,031,150075,23212,23051,1205,24256,245
2021-07-04,Lake,033,64148,3675,3623,13,3636,62
2021-07-04,Lassen,035,31185,5294,5277,120,5397,20
2021-07-04,Los Angeles,037,10098052,1214078,1208705,43975,1252680,24506
2021-07-04,Madera,039,155013,16831,16696,979,17675,240
2021-07-04,Marin,041,260295,14246,14143,285,14428,233
2021-07-04,Mariposa,043,17540,441,441,11,452,5
2021-07-04,Mendocino,045,87422,4218,4122,82,4204,49
2021-07-04,Merced,047,269075,31374,31297,1019,32316,469
2021-07-04,Modoc,049,8938,420,410,148,558,4
2021-07-04,Mono,051,14174,1258,1275,14,1289,3
2021-07-04,Monterey,053,433212,43312,43212,1949,45161,492
2021-07-04,Napa,055,140530,10096,10045,36,10081,81
2021-07-04,Nevada,057,99092,5031,4966,201,5167,72
2021-07-04,Orange,059,3164182,257498,255823,11952,267775,5126
2021-07-04,Placer,061,380077,23978,23764,1637,25401,299
2021-07-04,Plumas,063,18699,724,707,15,722,4
2021-07-04,Riverside,065,2383286,294269,293260,14681,307941,4536
2021-07-04,Sacramento,067,1510023,109297,108257,1921,110178,1676
2021-07-04,San Benito,069,59416,6143,6108,120,6228,63
2021-07-04,San Bernardino,071,2135413,295294,294294,9459,303753,5003
2021-07-04,San Diego,073,3302833,284261,282692,15490,298182,3780
2021-07-04,San Francisco,075,870044,37438,37107,1409,38516,558
2021-07-04,San Joaquin,077,732212,74365,73841,3836,77677,1409
2021-07-04,San Luis Obispo,079,281455,21479,21330,793,22123,256
2021-07-04,San Mateo,081,765935,43037,42691,513,43204,541
2021-07-04,Santa Barbara,083,443738,34966,34526,1247,35773,456
2021-07-04,Santa Clara,085,1922200,119605,118966,814,119780,2090
2021-07-04,Santa Cruz,087,273765,16321,16254,872,17126,208
2021-07-04,Shasta,089,179085,12642,12582,1710,14292,204
2021-07-04,Sierra,091,2930,62,60,14,74,0
2021-07-04,Siskiyou,093,43540,1967,1899,396,2295,29
2021-07-04,Solano,095,438530,33745,33486,588,34074,268
2021-07-04,Sonoma,097,501317,31270,31000,378,31378,316
2021-07-04,Stanislaus,099,539301,57297,57018,6289,63307,1018
2021-07-04,Sutter,101,95872,9726,9644,96,9740,114
2021-07-04,Tehama,103,63373,5140,5124,618,5742,63
2021-07-04,Trinity,105,12862,417,341,80,421,3
2021-07-04,Tulare,107,460477,50032,49789,9682,59471,853
2021-07-04,Tuolumne,109,53932,4152,4113,38,4151,64
2021-07-04,Ventura,111,848112,81951,81425,3187,84612,1033
2021-07-04,Yolo,113,214977,14260,14188,383,14571,213
2021-07-04,Yuba,115,75493,6256,6197,133,6330,51
2021-07-03,Alameda,001,1643700,90189,89683,2104,91787,1253
2021-07-03,Alpine,003,1148,89,89,0,89,0
2021-07-03,Amador,005,37829,3774,3758,34,3792,46
2021-07-03,Butte,007,227075,12812,12684,1961,14645,201
2021-07-03,Calaveras,009,45235,2222,2200,15,2215,55
2021-07-03,Colusa,011,21464,1973,1969,334,2303,15
2021-07-03,Contra Costa,013,1133247,71550,70941,1397,72338,818
2021-07-03,Del Norte,015,27424,1471,1439,14,1453,8
2021-07-03,El Dorado,017,186661,10527,10433,806,11239,113
2021-07-03,Fresno,019,978130,103254,102512,9074,111586,1727
2021-07-03,Glenn,021,27897,2444,2442,587,3029,20
2021-07-03,Humboldt,023,135768,4572,4530,52,4582,49
2021-07-03,Imperial,025,180216,28768,28661,2898,31559,739
2021-07-03,Inyo,027,18085,1415,1412,3,1415,35
2021-07-03,Kern,029,883053,97861,97421,11587,109008,1347
2021-07-03,Kings,031,150075,23212,23051,1204,24255,245
2021-07-03,Lake,033,64148,3665,3623,13,3636,62
2021-07-03,Lassen,035,31185,5293,5277,120,5397,20
2021-07-03,Los Angeles,037,10098052,1213652,1208705,43945,1252650,24506
2021-07-03,Madera,039,155013,16822,16696,976,17672,240
2021-07-03,Marin,041,260295,14242,14143,285,14428,233
2021-07-03,Mariposa,043,17540,441,441,11,452,5
2021-07-03,Mendocino,045,87422,4217,4122,82,4204,49
2021-07-03,Merced,047,269075,31361,31297,1018,32315,469
2021-07-03,Modoc,049,8938,419,410,148,558,4
2021-07-03,Mono,051,14174,1257,1275,14,1289,3
2021-07-03,Monterey,053,433212,43300,43212,1946,45158,492
2021-07-03,Napa,055,140530,10091,10045,36,10081,81
2021-07-03,Nevada,057,99092,5017,4966,201,5167,72
2021-07-03,Orange,059,3164182,257414,255823,11945,267768,5126
2021-07-03,Placer,061,380077,23959,23764,1634,25398,299
2021-07-03,Plumas,063,18699,724,707,15,722,4
2021-07-03,Riverside,065,2383286,294177,293260,14677,307937,4536
2021-07-03,Sacramento,067,1510023,109223,108257,1918,110175,1676
2021-07-03,San Benito,069,59416,6136,6108,120,6228,63
2021-07-03,San Bernardino,071,2135413,295204,294294,9456,303750,5003
2021-07-03,San Diego,073,3302833,284130,282692,15471,298163,3780
2021-07-03,San Francisco,075,870044,37397,37107,1406,38513,558
2021-07-03,San Joaquin,077,732212,74330,73841,3830,77671,1409
2021-07-03,San Luis Obispo,079,281455,21467,21330,793,22123,256
2021-07-03,San Mateo,081,765935,43012,42691,512,43203,541
2021-07-03,Santa Barbara,083,443738,34957,34526,1246,35772,456
2021-07-03,Santa Clara,085,1922200,119558,118966,814,119780,2090
2021-07-03,Santa Cruz,087,273765,16314,16254,872,17126,208
2021-07-03,Shasta,089,179085,12638,12582,1708,14290,204
2021-07-03,Sierra,091,2930,62,60,14,74,0
2021-07-03,Siskiyou,093,43540,1966,1899,395,2294,29
2021-07-03,Solano,095,438530,33702,33486,588,34074,268
2021-07-03,Sonoma,097,501317,31236,31000,378,31378,316
2021-07-03,Stanislaus,099,539301,57283,57018,6281,63299,1018
2021-07-03,Sutter,101,95872,9716,9644,96,9740,114
2021-07-03,Tehama,103,63373,5138,5124,618,5742,63
2021-07-03,Trinity,105,12862,417,341,80,421,3
2021-07-03,Tulare,107,460477,50026,49789,9676,59465,853
2021-07-03,Tuolumne,109,53932,4151,4113,38,4151,64
2021-07-03,Ventura,111,848112,81921,81425,3179,84604,1033
2021-07-03,Yolo,113,214977,14250,14188,380,14568,213
2021-07-03,Yuba,115,75493,6250,6197,133,6330,51
2021-07-02,Alameda,001,1643700,90107,89683,2103,91786,1253
2021-07-02,Alpine,003,1148,89,89,0,89,0
2021-07-02,Amador,005,37829,3772,3758,34,3792,46
2021-07-02,Butte,007,227075,12805,12684,1961,14645,201
2021-07-02,Calaveras,009,45235,2221,2200,15,2215,55
2021-07-02,Colusa,011,21464,1972,1969,333,2302,15
2021-07-02,Contra Costa,013,1133247,71481,70941,1393,72334,818
2021-07-02,Del Norte,015,27424,1471,1439,14,1453,8
2021-07-02,El Dorado,017,186661,10519,10433,806,11239,113
2021-07-02,Fresno,019,978130,103225,102512,9068,111580,1727
2021-07-02,Glenn,021,27897,2443,2442,586,3028,20
2021-07-02,Humboldt,023,135768,4569,4530,51,4581,49
2021-07-02,Imperial,025,180216,28762,28661,2897,31558,739
2021-07-02,Inyo,027,18085,1415,1412,3,1415,35
2021-07-02,Kern,029,883053,97843,97421,11578,108999,1347
2021-07-02,Kings,031,150075,23202,23051,1204,24255,245
2021-07-02,Lake,033,64148,3659,3623,13,3636,62
2021-07-02,Lassen,035,31185,5293,5277,120,5397,20
2021-07-02,Los Angeles,037,10098052,1213178,1208705,43906,1252611,24506
2021-07-02,Madera,039,155013,16813,16696,975,17671,240
2021-07-02,Marin,041,260295,14237,14143,285,14428,233
2021-07-02,Mariposa,043,17540,441,441,11,452,5
2021-07-02,Mendocino,045,87422,4213,4122,81,4203,49
2021-07-02,Merced,047,269075,31352,31297,1018,32315,469
2021-07-02,Modoc,049,8938,419,410,148,558,4
2021-07-02,Mono,051,14174,1256,1275,14,1289,3
2021-07-02,Monterey,053,433212,43292,43212,1945,45157,492
2021-07-02,Napa,055,140530,10086,10045,36,10081,81
2021-07-02,Nevada,057,99092,5008,4966,201,5167,72
2021-07-02,Orange,059,3164182,257302,255823,11938,267761,5126
2021-07-02,Placer,061,380077,23942,23764,1627,25391,299
2021-07-02,Plumas,063,18699,724,707,15,722,4
2021-07-02,Riverside,065,2383286,294080,293260,14672,307932,4536
2021-07-02,Sacramento,067,1510023,109145,108257,1917,110174,1676
2021-07-02,San Benito,069,59416,6133,6108,120,6228,63
2021-07-02,San Bernardino,071,2135413,295117,294294,9454,303748,5003
2021-07-02,San Diego,073,3302833,283984,282692,15446,298138,3780
2021-07-02,San Francisco,075,870044,37349,37107,1404,38511,558
2021-07-02,San Joaquin,077,732212,74298,73841,3824,77665,1409
2021-07-02,San Luis Obispo,079,281455,21461,21330,792,22122,256
2021-07-02,San Mateo,081,765935,42976,42691,512,43203,541
2021-07-02,Santa Barbara,083,443738,34948,34526,1246,35772,456
2021-07-02,Santa Clara,085,1922200,119480,118966,814,119780,2090
2021-07-02,Santa Cruz,087,273765,16310,16254,872,17126,208
2021-07-02,Shasta,089,179085,12634,12582,1708,14290,204
2021-07-02,Sierra,091,2930,61,60,14,74,0
2021-07-02,Siskiyou,093,43540,1963,1899,394,2293,29
2021-07-02,Solano,095,438530,33677,33486,588,34074,268
2021-07-02,Sonoma,097,501317,31213,31000,378,31378,316
2021-07-02,Stanislaus,099,539301,57261,57018,6280,63298,1018
2021-07-02,Sutter,101,95872,9711,9644,96,9740,114
2021-07-02,Tehama,103,63373,5136,5124,616,5740,63
2021-07-02,Trinity,105,12862,417,341,80,421,3
2021-07-02,Tulare,107,460477,50016,49789,9668,59457,853
2021-07-02,Tuolumne,109,53932,4148,4113,38,4151,64
2021-07-02,Ventura,111,848112,81878,81425,3171,84596,1033
2021-07-02,Yolo,113,214977,14235,14188,378,14566,213
2021-07-02,Yuba,115,75493,6242,6197,133,6330,51
2021-07-01,Alameda,001,1643700,90003,89683,2101,91784,1253
2021-07-01,Alpine,003,1148,89,89,0,89,0
2021-07-01,Amador,005,37829,3771,3758,34,3792,46
2021-07-01,Butte,007,227075,12793,12684,1959,14643,201
2021-07-01,Calaveras,009,45235,2219,2200,15,2215,55
2021-07-01,Colusa,011,21464,1972,1969,331,2300,15
2021-07-01,Contra Costa,013,1133247,71410,70941,1392,72333,818
2021-07-01,Del Norte,015,27424,1470,1439,14,1453,8
2021-07-01,El Dorado,017,186661,10507,10433,806,11239,113
2021-07-01,Fresno,019,978130,103186,102512,9063,111575,1727
2021-07-01,Glenn,021,27897,2443,2442,586,3028,20
2021-07-01,Humboldt,023,135768,4567,4530,51,4581,49
2021-07-01,Imperial,025,180216,28745,28661,2897,31558,739
2021-07-01,Inyo,027,18085,1415,1412,3,1415,35
2021-07-01,Kern,029,883053,97817,97421,11567,108988,1347
2021-07-01,Kings,031,150075,23188,23051,1204,24255,245
2021-07-01,Lake,033,64148,3656,3623,13,3636,62
2021-07-01,Lassen,035,31185,5291,5277,120,5397,20
2021-07-01,Los Angeles,037,10098052,1212581,1208705,43850,1252555,24506
2021-07-01,Madera,039,155013,16804,16696,974,17670,240
2021-07-01,Marin,041,260295,14233,14143,285,14428,233
2021-07-01,Mariposa,043,17540,441,441,11,452,5
2021-07-01,Mendocino,045,87422,4209,4122,80,4202,49
2021-07-01,Merced,047,269075,31346,31297,1018,32315,469
2021-07-01,Modoc,049,8938,419,410,148,558,4
2021-07-01,Mono,051,14174,1255,1275,14,1289,3
2021-07-01,Monterey,053,433212,43284,43212,1941,45153,492
2021-07-01,Napa,055,140530,10079,10045,36,10081,81
2021-07-01,Nevada,057,99092,5003,4966,201,5167,72
2021-07-01,Orange,059,3164182,257183,255823,11919,267742,5126
2021-07-01,Placer,061,380077,23924,23764,1624,25388,299
2021-07-01,Plumas,063,18699,721,707,13,720,4
2021-07-01,Riverside,065,2383286,293971,293260,14664,307924,4536
2021-07-01,Sacramento,067,1510023,109020,108257,1910,110167,1676
2021-07-01,San Benito,069,59416,6129,6108,120,6228,63
2021-07-01,San Bernardino,071,2135413,294998,294294,9448,303742,5003
2021-07-01,San Diego,073,3302833,283806,282692,15409,298101,3780
2021-07-01,San Francisco,075,870044,37313,37107,1402,38509,558
2021-07-01,San Joaquin,077,732212,74247,73841,3820,77661,1409
2021-07-01,San Luis Obispo,079,281455,21446,21330,791,22121,256
2021-07-01,San Mateo,081,765935,42948,42691,511,43202,541
2021-07-01,Santa Barbara,083,443738,34936,34526,1246,35772,456
2021-07-01,Santa Clara,085,1922200,119431,118966,814,119780,2090
2021-07-01,Santa Cruz,087,273765,16306,16254,871,17125,208
2021-07-01,Shasta,089,179085,12626,12582,1707,14289,204
2021-07-01,Sierra,091,2930,61,60,14,74,0
2021-07-01,Siskiyou,093,43540,1963,1899,394,2293,29
2021-07-01,Solano,095,438530,33636,33486,587,34073,268
2021-07-01,Sonoma,097,501317,31169,31000,378,31378,316
2021-07-01,Stanislaus,099,539301,57238,57018,6276,63294,1018
2021-07-01,Sutter,101,95872,9702,9644,96,9740,114
2021-07-01,Tehama,103,63373,5136,5124,615,5739,63
2021-07-01,Trinity,105,12862,417,341,80,421,3
2021-07-01,Tulare,107,460477,50007,49789,9661,59450,853
2021-07-01,Tuolumne,109,53932,4141,4113,38,4151,64
2021-07-01,Ventura,111,848112,81847,81425,3160,84585,1033
2021-07-01,Yolo,113,214977,14220,14188,376,14564,213
2021-07-01,Yuba,115,75493,6235,6197,133,6330,51
2021-06-30,Alameda,001,1643700,89918,89597,2097,91694,1256
2021-06-30,Alpine,003,1148,89,89,0,89,0
2021-06-30,Amador,005,37829,3769,3756,34,3790,46
2021-06-30,Butte,007,227075,12786,12676,1950,14626,201
2021-06-30,Calaveras,009,45235,2214,2198,15,2213,55
2021-06-30,Colusa,011,21464,1970,1967,328,2295,15
2021-06-30,Contra Costa,013,1133247,71346,70869,1389,72258,818
2021-06-30,Del Norte,015,27424,1465,1435,14,1449,8
2021-06-30,El Dorado,017,186661,10488,10420,806,11226,113
2021-06-30,Fresno,019,978130,103150,102490,9060,111550,1727
2021-06-30,Glenn,021,27897,2441,2440,586,3026,20
2021-06-30,Humboldt,023,135768,4551,4522,49,4571,49
2021-06-30,Imperial,025,180216,28737,28651,2897,31548,739
2021-06-30,Inyo,027,18085,1415,1409,3,1412,35
2021-06-30,Kern,029,883053,97776,97267,11555,108822,1348
2021-06-30,Kings,031,150075,23183,23038,1203,24241,245
2021-06-30,Lake,033,64148,3643,3601,13,3614,56
2021-06-30,Lassen,035,31185,5286,5269,120,5389,20
2021-06-30,Los Angeles,037,10098052,1211913,1208246,43806,1252052,24499
2021-06-30,Madera,039,155013,16796,16688,972,17660,240
2021-06-30,Marin,041,260295,14225,14133,283,14416,232
2021-06-30,Mariposa,043,17540,440,441,11,452,5
2021-06-30,Mendocino,045,87422,4199,4115,80,4195,49
2021-06-30,Merced,047,269075,31336,31286,1018,32304,469
2021-06-30,Modoc,049,8938,419,410,148,558,4
2021-06-30,Mono,051,14174,1255,1275,14,1289,3
2021-06-30,Monterey,053,433212,43279,43209,1939,45148,492
2021-06-30,Napa,055,140530,10071,10039,36,10075,81
2021-06-30,Nevada,057,99092,4992,4958,201,5159,72
2021-06-30,Orange,059,3164182,257055,255764,11908,267672,5125
2021-06-30,Placer,061,380077,23901,23721,1620,25341,299
2021-06-30,Plumas,063,18699,721,705,13,718,4
2021-06-30,Riverside,065,2383286,293859,293280,14650,307930,4535
2021-06-30,Sacramento,067,1510023,108881,108137,1906,110043,1676
2021-06-30,San Benito,069,59416,6125,6105,120,6225,63
2021-06-30,San Bernardino,071,2135413,294839,294211,9443,303654,4975
2021-06-30,San Diego,073,3302833,283670,282583,15381,297964,3780
2021-06-30,San Francisco,075,870044,37264,37065,1397,38462,558
2021-06-30,San Joaquin,077,732212,74185,73777,3819,77596,1409
2021-06-30,San Luis Obispo,079,281455,21433,21326,790,22116,256
2021-06-30,San Mateo,081,765935,42911,42599,510,43109,537
2021-06-30,Santa Barbara,083,443738,34920,34521,1246,35767,456
2021-06-30,Santa Clara,085,1922200,119384,118930,811,119741,2090
2021-06-30,Santa Cruz,087,273765,16300,16250,871,17121,208
2021-06-30,Shasta,089,179085,12620,12564,1707,14271,204
2021-06-30,Sierra,091,2930,61,60,14,74,0
2021-06-30,Siskiyou,093,43540,1961,1900,391,2291,29
2021-06-30,Solano,095,438530,33598,33453,585,34038,268
2021-06-30,Sonoma,097,501317,31139,30947,378,31325,316
2021-06-30,Stanislaus,099,539301,57216,56997,6275,63272,1018
2021-06-30,Sutter,101,95872,9692,9638,96,9734,114
2021-06-30,Tehama,103,63373,5134,5124,615,5739,63
2021-06-30,Trinity,105,12862,417,341,80,421,3
2021-06-30,Tulare,107,460477,49996,49764,9650,59414,853
2021-06-30,Tuolumne,109,53932,4138,4112,38,4150,64
2021-06-30,Ventura,111,848112,81804,81392,3155,84547,1032
2021-06-30,Yolo,113,214977,14214,14178,373,14551,213
2021-06-30,Yuba,115,75493,6228,6191,133,6324,51
2021-06-29,Alameda,001,1643700,89814,89519,2096,91615,1257
2021-06-29,Alpine,003,1148,89,89,0,89,0
2021-06-29,Amador,005,37829,3765,3754,34,3788,46
2021-06-29,Butte,007,227075,12778,12669,1950,14619,201
2021-06-29,Calaveras,009,45235,2208,2198,15,2213,55
2021-06-29,Colusa,011,21464,1968,1967,328,2295,15
2021-06-29,Contra Costa,013,1133247,71272,70775,1389,72164,817
2021-06-29,Del Norte,015,27424,1464,1435,14,1449,8
2021-06-29,El Dorado,017,186661,10475,10403,802,11205,113
2021-06-29,Fresno,019,978130,103117,102464,9057,111521,1725
2021-06-29,Glenn,021,27897,2440,2439,586,3025,20
2021-06-29,Humboldt,023,135768,4547,4514,48,4562,49
2021-06-29,Imperial,025,180216,28728,28645,2896,31541,737
2021-06-29,Inyo,027,18085,1415,1408,3,1411,35
2021-06-29,Kern,029,883053,97755,97173,11549,108722,1347
2021-06-29,Kings,031,150075,23174,23035,1202,24237,245
2021-06-29,Lake,033,64148,3637,3594,13,3607,56
2021-06-29,Lassen,035,31185,5279,5268,120,5388,20
2021-06-29,Los Angeles,037,10098052,1211307,1207895,43773,1251668,24498
2021-06-29,Madera,039,155013,16792,16680,971,17651,240
2021-06-29,Marin,041,260295,14213,14127,283,14410,232
2021-06-29,Mariposa,043,17540,440,441,11,452,5
2021-06-29,Mendocino,045,87422,4196,4107,79,4186,49
2021-06-29,Merced,047,269075,31324,31277,1018,32295,469
2021-06-29,Modoc,049,8938,418,408,148,556,3
2021-06-29,Mono,051,14174,1255,1275,14,1289,3
2021-06-29,Monterey,053,433212,43269,43196,1937,45133,471
2021-06-29,Napa,055,140530,10065,10033,36,10069,81
2021-06-29,Nevada,057,99092,4985,4952,201,5153,72
2021-06-29,Orange,059,3164182,256957,255686,11893,267579,5124
2021-06-29,Placer,061,380077,23881,23693,1618,25311,299
2021-06-29,Plumas,063,18699,721,704,13,717,4
2021-06-29,Riverside,065,2383286,293760,292962,14643,307605,4524
2021-06-29,Sacramento,067,1510023,108729,108067,1903,109970,1677
2021-06-29,San Benito,069,59416,6114,6099,120,6219,63
2021-06-29,San Bernardino,071,2135413,294729,294118,9441,303559,4940
2021-06-29,San Diego,073,3302833,283515,282499,15354,297853,3780
2021-06-29,San Francisco,075,870044,37226,37041,1394,38435,558
2021-06-29,San Joaquin,077,732212,74137,73724,3816,77540,1409
2021-06-29,San Luis Obispo,079,281455,21423,21324,789,22113,256
2021-06-29,San Mateo,081,765935,42879,42540,508,43048,540
2021-06-29,Santa Barbara,083,443738,34910,34507,1245,35752,455
2021-06-29,Santa Clara,085,1922200,119329,118893,810,119703,2090
2021-06-29,Santa Cruz,087,273765,16294,16249,871,17120,208
2021-06-29,Shasta,089,179085,12608,12564,1706,14270,204
2021-06-29,Sierra,091,2930,61,59,14,73,0
2021-06-29,Siskiyou,093,43540,1958,1897,387,2284,29
2021-06-29,Solano,095,438530,33565,33440,583,34023,268
2021-06-29,Sonoma,097,501317,31097,30950,376,31326,316
2021-06-29,Stanislaus,099,539301,57188,56980,6268,63248,1018
2021-06-29,Sutter,101,95872,9681,9634,96,9730,114
2021-06-29,Tehama,103,63373,5134,5124,615,5739,63
2021-06-29,Trinity,105,12862,417,341,80,421,3
2021-06-29,Tulare,107,460477,49983,49751,9645,59396,852
2021-06-29,Tuolumne,109,53932,4136,4111,38,4149,64
2021-06-29,Ventura,111,848112,81766,81363,3149,84512,1032
2021-06-29,Yolo,113,214977,14202,14171,372,14543,213
2021-06-29,Yuba,115,75493,6218,6188,133,6321,51
2021-06-28,Alameda,001,1643700,89722,89638,2094,91732,1259
2021-06-28,Alpine,003,1148,89,89,0,89,0
2021-06-28,Amador,005,37829,3764,3753,34,3787,46
2021-06-28,Butte,007,227075,12769,12697,1948,14645,198
2021-06-28,Calaveras,009,45235,2205,2203,15,2218,55
2021-06-28,Colusa,011,21464,1966,1974,328,2302,15
2021-06-28,Contra Costa,013,1133247,71198,70807,1387,72194,816
2021-06-28,Del Norte,015,27424,1464,1436,14,1450,8
2021-06-28,El Dorado,017,186661,10465,10422,798,11220,115
2021-06-28,Fresno,019,978130,103087,103121,9055,112176,1727
2021-06-28,Glenn,021,27897,2440,2439,586,3025,20
2021-06-28,Humboldt,023,135768,4540,4520,47,4567,49
2021-06-28,Imperial,025,180216,28720,28981,2895,31876,741
2021-06-28,Inyo,027,18085,1412,1407,3,1410,35
2021-06-28,Kern,029,883053,97736,97252,11544,108796,1348
2021-06-28,Kings,031,150075,23168,23134,1202,24336,246
2021-06-28,Lake,033,64148,3629,3591,13,3604,56
2021-06-28,Lassen,035,31185,5277,5268,120,5388,20
2021-06-28,Los Angeles,037,10098052,1210792,1207714,43736,1251450,24496
2021-06-28,Madera,039,155013,16782,16683,970,17653,240
2021-06-28,Marin,041,260295,14198,14186,283,14469,232
2021-06-28,Mariposa,043,17540,440,440,11,451,5
2021-06-28,Mendocino,045,87422,4187,4102,78,4180,49
2021-06-28,Merced,047,269075,31312,31277,1018,32295,469
2021-06-28,Modoc,049,8938,418,411,147,558,3
2021-06-28,Mono,051,14174,1255,1276,14,1290,3
2021-06-28,Monterey,053,433212,43265,43202,1936,45138,462
2021-06-28,Napa,055,140530,10056,10050,35,10085,81
2021-06-28,Nevada,057,99092,4981,4951,201,5152,72
2021-06-28,Orange,059,3164182,256867,255755,11879,267634,5123
2021-06-28,Placer,061,380077,23861,23756,1613,25369,299
2021-06-28,Plumas,063,18699,719,704,13,717,4
2021-06-28,Riverside,065,2383286,293635,292647,14630,307277,4507
2021-06-28,Sacramento,067,1510023,108597,108342,1898,110240,1675
2021-06-28,San Benito,069,59416,6112,6101,120,6221,63
2021-06-28,San Bernardino,071,2135413,294628,294151,9436,303587,4928
2021-06-28,San Diego,073,3302833,283352,282417,15325,297742,3780
2021-06-28,San Francisco,075,870044,37190,37372,1392,38764,559
2021-06-28,San Joaquin,077,732212,74089,73973,3811,77784,1411
2021-06-28,San Luis Obispo,079,281455,21419,21340,788,22128,256
2021-06-28,San Mateo,081,765935,42845,42927,507,43434,540
2021-06-28,Santa Barbara,083,443738,34903,34534,1243,35777,455
2021-06-28,Santa Clara,085,1922200,119265,120377,809,121186,2103
2021-06-28,Santa Cruz,087,273765,16289,16245,871,17116,208
2021-06-28,Shasta,089,179085,12604,12642,1704,14346,203
2021-06-28,Sierra,091,2930,61,58,14,72,0
2021-06-28,Siskiyou,093,43540,1957,1896,387,2283,29
2021-06-28,Solano,095,438530,33529,33524,581,34105,267
2021-06-28,Sonoma,097,501317,31060,31137,375,31512,315
2021-06-28,Stanislaus,099,539301,57169,57047,6264,63311,1018
2021-06-28,Sutter,101,95872,9677,9682,96,9778,114
2021-06-28,Tehama,103,63373,5132,5122,615,5737,63
2021-06-28,Trinity,105,12862,417,341,80,421,3
2021-06-28,Tulare,107,460477,49973,49751,9640,59391,850
2021-06-28,Tuolumne,109,53932,4129,4121,38,4159,64
2021-06-28,Ventura,111,848112,81709,81393,3144,84537,1032
2021-06-28,Yolo,113,214977,14193,14199,369,14568,213
2021-06-28,Yuba,115,75493,6213,6207,133,6340,51
2021-06-27,Alameda,001,1643700,89636,89611,2090,91701,1259
2021-06-27,Alpine,003,1148,89,89,0,89,0
2021-06-27,Amador,005,37829,3763,3752,34,3786,46
2021-06-27,Butte,007,227075,12760,12696,1947,14643,198
2021-06-27,Calaveras,009,45235,2204,2203,15,2218,55
2021-06-27,Colusa,011,21464,1966,1974,328,2302,15
2021-06-27,Contra Costa,013,1133247,71112,70762,1383,72145,816
2021-06-27,Del Norte,015,27424,1461,1436,14,1450,8
2021-06-27,El Dorado,017,186661,10453,10418,795,11213,115
2021-06-27,Fresno,019,978130,103058,103110,9053,112163,1727
2021-06-27,Glenn,021,27897,2439,2439,585,3024,20
2021-06-27,Humboldt,023,135768,4528,4513,44,4557,49
2021-06-27,Imperial,025,180216,28706,28987,2895,31882,741
2021-06-27,Inyo,027,18085,1412,1407,3,1410,35
2021-06-27,Kern,029,883053,97710,97249,11537,108786,1348
2021-06-27,Kings,031,150075,23158,23132,1202,24334,246
2021-06-27,Lake,033,64148,3622,3581,13,3594,56
2021-06-27,Lassen,035,31185,5276,5265,120,5385,20
2021-06-27,Los Angeles,037,10098052,1210248,1207461,43696,1251157,24493
2021-06-27,Madera,039,155013,16774,16680,970,17650,240
2021-06-27,Marin,041,260295,14189,14182,283,14465,232
2021-06-27,Mariposa,043,17540,440,440,11,451,5
2021-06-27,Mendocino,045,87422,4180,4100,78,4178,49
2021-06-27,Merced,047,269075,31300,31266,1018,32284,469
2021-06-27,Modoc,049,8938,418,411,147,558,3
2021-06-27,Mono,051,14174,1255,1279,14,1293,3
2021-06-27,Monterey,053,433212,43252,43199,1936,45135,462
2021-06-27,Napa,055,140530,10050,10046,35,10081,81
2021-06-27,Nevada,057,99092,4975,4946,201,5147,72
2021-06-27,Orange,059,3164182,256753,255710,11868,267578,5123
2021-06-27,Placer,061,380077,23828,23731,1610,25341,299
2021-06-27,Plumas,063,18699,719,704,13,717,4
2021-06-27,Riverside,065,2383286,293532,292641,14624,307265,4507
2021-06-27,Sacramento,067,1510023,108463,108279,1894,110173,1675
2021-06-27,San Benito,069,59416,6106,6101,120,6221,63
2021-06-27,San Bernardino,071,2135413,294515,294115,9434,303549,4927
2021-06-27,San Diego,073,3302833,283212,282359,15299,297658,3780
2021-06-27,San Francisco,075,870044,37153,37360,1391,38751,559
2021-06-27,San Joaquin,077,732212,74053,73960,3809,77769,1411
2021-06-27,San Luis Obispo,079,281455,21412,21340,787,22127,256
2021-06-27,San Mateo,081,765935,42816,42925,504,43429,539
2021-06-27,Santa Barbara,083,443738,34889,34533,1240,35773,455
2021-06-27,Santa Clara,085,1922200,119214,120352,807,121159,2103
2021-06-27,Santa Cruz,087,273765,16280,16241,871,17112,208
2021-06-27,Shasta,089,179085,12598,12640,1703,14343,203
2021-06-27,Sierra,091,2930,61,58,14,72,0
2021-06-27,Siskiyou,093,43540,1955,1896,386,2282,29
2021-06-27,Solano,095,438530,33501,33516,581,34097,267
2021-06-27,Sonoma,097,501317,31022,31129,375,31504,315
2021-06-27,Stanislaus,099,539301,57122,57021,6261,63282,1018
2021-06-27,Sutter,101,95872,9671,9678,96,9774,114
2021-06-27,Tehama,103,63373,5128,5122,615,5737,63
2021-06-27,Trinity,105,12862,417,341,79,420,3
2021-06-27,Tulare,107,460477,49960,49749,9633,59382,850
2021-06-27,Tuolumne,109,53932,4127,4121,38,4159,64
2021-06-27,Ventura,111,848112,81675,81361,3135,84496,1032
2021-06-27,Yolo,113,214977,14178,14194,365,14559,213
2021-06-27,Yuba,115,75493,6207,6205,133,6338,51
2021-06-26,Alameda,001,1643700,89578,89560,2088,91648,1259
2021-06-26,Alpine,003,1148,89,89,0,89,0
2021-06-26,Amador,005,37829,3763,3748,34,3782,46
2021-06-26,Butte,007,227075,12756,12693,1944,14637,198
2021-06-26,Calaveras,009,45235,2202,2202,15,2217,55
2021-06-26,Colusa,011,21464,1966,1973,328,2301,15
2021-06-26,Contra Costa,013,1133247,71069,70712,1382,72094,816
2021-06-26,Del Norte,015,27424,1460,1432,14,1446,8
2021-06-26,El Dorado,017,186661,10445,10414,794,11208,115
2021-06-26,Fresno,019,978130,103038,103091,9051,112142,1727
2021-06-26,Glenn,021,27897,2437,2441,585,3026,20
2021-06-26,Humboldt,023,135768,4525,4509,44,4553,49
2021-06-26,Imperial,025,180216,28702,28970,2895,31865,741
2021-06-26,Inyo,027,18085,1412,1407,3,1410,35
2021-06-26,Kern,029,883053,97684,97239,11528,108767,1348
2021-06-26,Kings,031,150075,23154,23128,1201,24329,246
2021-06-26,Lake,033,64148,3611,3576,13,3589,56
2021-06-26,Lassen,035,31185,5273,5263,120,5383,20
2021-06-26,Los Angeles,037,10098052,1209946,1207198,43660,1250858,24490
2021-06-26,Madera,039,155013,16767,16679,969,17648,240
2021-06-26,Marin,041,260295,14180,14180,283,14463,232
2021-06-26,Mariposa,043,17540,440,440,11,451,5
2021-06-26,Mendocino,045,87422,4178,4096,78,4174,49
2021-06-26,Merced,047,269075,31294,31259,1017,32276,469
2021-06-26,Modoc,049,8938,418,411,147,558,3
2021-06-26,Mono,051,14174,1255,1279,14,1293,3
2021-06-26,Monterey,053,433212,43249,43192,1936,45128,462
2021-06-26,Napa,055,140530,10044,10043,35,10078,81
2021-06-26,Nevada,057,99092,4970,4939,201,5140,72
2021-06-26,Orange,059,3164182,256675,255640,11861,267501,5123
2021-06-26,Placer,061,380077,23814,23702,1608,25310,299
2021-06-26,Plumas,063,18699,719,704,13,717,4
2021-06-26,Riverside,065,2383286,293475,292480,14618,307098,4505
2021-06-26,Sacramento,067,1510023,108392,108179,1892,110071,1675
2021-06-26,San Benito,069,59416,6102,6100,120,6220,63
2021-06-26,San Bernardino,071,2135413,294421,294034,9429,303463,4928
2021-06-26,San Diego,073,3302833,283127,282263,15281,297544,3780
2021-06-26,San Francisco,075,870044,37121,37348,1390,38738,559
2021-06-26,San Joaquin,077,732212,74024,73928,3808,77736,1411
2021-06-26,San Luis Obispo,079,281455,21411,21330,786,22116,256
2021-06-26,San Mateo,081,765935,42796,42898,504,43402,539
2021-06-26,Santa Barbara,083,443738,34880,34525,1240,35765,455
2021-06-26,Santa Clara,085,1922200,119181,120321,807,121128,2103
2021-06-26,Santa Cruz,087,273765,16277,16239,871,17110,208
2021-06-26,Shasta,089,179085,12594,12635,1699,14334,203
2021-06-26,Sierra,091,2930,61,58,14,72,0
2021-06-26,Siskiyou,093,43540,1954,1896,385,2281,29
2021-06-26,Solano,095,438530,33483,33489,579,34068,267
2021-06-26,Sonoma,097,501317,30996,31088,375,31463,315
2021-06-26,Stanislaus,099,539301,57102,57006,6259,63265,1018
2021-06-26,Sutter,101,95872,9670,9669,96,9765,114
2021-06-26,Tehama,103,63373,5128,5119,615,5734,63
2021-06-26,Trinity,105,12862,417,341,79,420,3
2021-06-26,Tulare,107,460477,49954,49745,9633,59378,850
2021-06-26,Tuolumne,109,53932,4127,4121,38,4159,64
2021-06-26,Ventura,111,848112,81651,81352,3134,84486,1032
2021-06-26,Yolo,113,214977,14170,14184,365,14549,213
2021-06-26,Yuba,115,75493,6204,6200,133,6333,51
2021-06-25,Alameda,001,1643700,89512,89453,2085,91538,1271
2021-06-25,Alpine,003,1148,89,89,0,89,0
2021-06-25,Amador,005,37829,3762,3746,34,3780,46
2021-06-25,Butte,007,227075,12751,12682,1941,14623,198
2021-06-25,Calaveras,009,45235,2201,2201,15,2216,55
2021-06-25,Colusa,011,21464,1966,1972,328,2300,15
2021-06-25,Contra Costa,013,1133247,71033,70659,1382,72041,815
2021-06-25,Del Norte,015,27424,1460,1426,14,1440,8
2021-06-25,El Dorado,017,186661,10437,10406,791,11197,115
2021-06-25,Fresno,019,978130,103021,103073,9047,112120,1727
2021-06-25,Glenn,021,27897,2437,2441,585,3026,20
2021-06-25,Humboldt,023,135768,4519,4503,42,4545,49
2021-06-25,Imperial,025,180216,28699,28968,2895,31863,740
2021-06-25,Inyo,027,18085,1411,1406,3,1409,35
2021-06-25,Kern,029,883053,97665,97182,11524,108706,1347
2021-06-25,Kings,031,150075,23148,23118,1201,24319,246
2021-06-25,Lake,033,64148,3605,3571,13,3584,56
2021-06-25,Lassen,035,31185,5272,5259,120,5379,20
2021-06-25,Los Angeles,037,10098052,1209670,1206909,43642,1250551,24483
2021-06-25,Madera,039,155013,16764,16670,969,17639,240
2021-06-25,Marin,041,260295,14177,14179,283,14462,232
2021-06-25,Mariposa,043,17540,440,440,11,451,5
2021-06-25,Mendocino,045,87422,4175,4089,78,4167,49
2021-06-25,Merced,047,269075,31286,31256,1017,32273,467
2021-06-25,Modoc,049,8938,418,411,147,558,3
2021-06-25,Mono,051,14174,1255,1279,14,1293,3
2021-06-25,Monterey,053,433212,43244,43184,1935,45119,462
2021-06-25,Napa,055,140530,10039,10037,35,10072,81
2021-06-25,Nevada,057,99092,4967,4932,201,5133,72
2021-06-25,Orange,059,3164182,256604,255574,11859,267433,5119
2021-06-25,Placer,061,380077,23795,23672,1607,25279,299
2021-06-25,Plumas,063,18699,719,702,12,714,4
2021-06-25,Riverside,065,2383286,293408,291663,14612,306275,4490
2021-06-25,Sacramento,067,1510023,108320,108034,1889,109923,1673
2021-06-25,San Benito,069,59416,6098,6098,120,6218,63
2021-06-25,San Bernardino,071,2135413,294366,293941,9427,303368,4911
2021-06-25,San Diego,073,3302833,283067,282157,15268,297425,3779
2021-06-25,San Francisco,075,870044,37098,37338,1389,38727,559
2021-06-25,San Joaquin,077,732212,73991,73860,3806,77666,1410
2021-06-25,San Luis Obispo,079,281455,21408,21325,785,22110,256
2021-06-25,San Mateo,081,765935,42778,42849,504,43353,537
2021-06-25,Santa Barbara,083,443738,34872,34518,1239,35757,454
2021-06-25,Santa Clara,085,1922200,119161,120272,807,121079,2103
2021-06-25,Santa Cruz,087,273765,16274,16230,869,17099,208
2021-06-25,Shasta,089,179085,12584,12633,1698,14331,202
2021-06-25,Sierra,091,2930,61,58,14,72,0
2021-06-25,Siskiyou,093,43540,1953,1894,385,2279,29
2021-06-25,Solano,095,438530,33463,33449,579,34028,267
2021-06-25,Sonoma,097,501317,30974,31043,375,31418,314
2021-06-25,Stanislaus,099,539301,57083,56973,6252,63225,1018
2021-06-25,Sutter,101,95872,9663,9664,96,9760,114
2021-06-25,Tehama,103,63373,5127,5119,615,5734,63
2021-06-25,Trinity,105,12862,417,338,79,417,3
2021-06-25,Tulare,107,460477,49948,49731,9629,59360,850
2021-06-25,Tuolumne,109,53932,4126,4121,38,4159,64
2021-06-25,Ventura,111,848112,81622,81342,3128,84470,1032
2021-06-25,Yolo,113,214977,14164,14172,365,14537,213
2021-06-25,Yuba,115,75493,6200,6195,133,6328,51
2021-06-24,Alameda,001,1643700,89441,89358,2081,91439,1268
2021-06-24,Alpine,003,1148,89,89,0,89,0
2021-06-24,Amador,005,37829,3758,3745,34,3779,46
2021-06-24,Butte,007,227075,12745,12673,1939,14612,198
2021-06-24,Calaveras,009,45235,2198,2202,15,2217,55
2021-06-24,Colusa,011,21464,1965,1972,328,2300,15
2021-06-24,Contra Costa,013,1133247,70974,70590,1382,71972,813
2021-06-24,Del Norte,015,27424,1459,1421,14,1435,8
2021-06-24,El Dorado,017,186661,10430,10402,791,11193,115
2021-06-24,Fresno,019,978130,103001,103061,9044,112105,1727
2021-06-24,Glenn,021,27897,2436,2439,585,3024,20
2021-06-24,Humboldt,023,135768,4514,4493,42,4535,49
2021-06-24,Imperial,025,180216,28696,28981,2895,31876,740
2021-06-24,Inyo,027,18085,1410,1406,3,1409,35
2021-06-24,Kern,029,883053,97646,97129,11511,108640,1346
2021-06-24,Kings,031,150075,23144,23114,1199,24313,246
2021-06-24,Lake,033,64148,3599,3571,13,3584,56
2021-06-24,Lassen,035,31185,5271,5258,120,5378,20
2021-06-24,Los Angeles,037,10098052,1209347,1206590,43618,1250208,24480
2021-06-24,Madera,039,155013,16753,16662,968,17630,240
2021-06-24,Marin,041,260295,14173,14180,283,14463,232
2021-06-24,Mariposa,043,17540,440,440,11,451,5
2021-06-24,Mendocino,045,87422,4167,4085,78,4163,49
2021-06-24,Merced,047,269075,31276,31248,1016,32264,466
2021-06-24,Modoc,049,8938,418,411,147,558,3
2021-06-24,Mono,051,14174,1255,1276,14,1290,3
2021-06-24,Monterey,053,433212,43237,43180,1935,45115,451
2021-06-24,Napa,055,140530,10037,10036,35,10071,80
2021-06-24,Nevada,057,99092,4965,4927,201,5128,72
2021-06-24,Orange,059,3164182,256540,255520,11851,267371,5117
2021-06-24,Placer,061,380077,23770,23659,1605,25264,299
2021-06-24,Plumas,063,18699,718,702,12,714,4
2021-06-24,Riverside,065,2383286,293328,291067,14601,305668,4473
2021-06-24,Sacramento,067,1510023,108232,107965,1887,109852,1672
2021-06-24,San Benito,069,59416,6095,6098,120,6218,63
2021-06-24,San Bernardino,071,2135413,294298,293895,9422,303317,4898
2021-06-24,San Diego,073,3302833,282962,282053,15256,297309,3778
2021-06-24,San Francisco,075,870044,37076,37320,1387,38707,559
2021-06-24,San Joaquin,077,732212,73943,73814,3806,77620,1408
2021-06-24,San Luis Obispo,079,281455,21402,21326,785,22111,256
2021-06-24,San Mateo,081,765935,42752,42814,503,43317,542
2021-06-24,Santa Barbara,083,443738,34866,34512,1238,35750,454
2021-06-24,Santa Clara,085,1922200,119131,120274,806,121080,2103
2021-06-24,Santa Cruz,087,273765,16273,16227,869,17096,208
2021-06-24,Shasta,089,179085,12579,12629,1694,14323,202
2021-06-24,Sierra,091,2930,61,58,14,72,0
2021-06-24,Siskiyou,093,43540,1953,1892,385,2277,28
2021-06-24,Solano,095,438530,33441,33432,577,34009,267
2021-06-24,Sonoma,097,501317,30945,31020,375,31395,314
2021-06-24,Stanislaus,099,539301,57051,56946,6252,63198,1018
2021-06-24,Sutter,101,95872,9656,9660,96,9756,113
2021-06-24,Tehama,103,63373,5124,5115,615,5730,63
2021-06-24,Trinity,105,12862,416,338,79,417,3
2021-06-24,Tulare,107,460477,49938,49730,9626,59356,850
2021-06-24,Tuolumne,109,53932,4124,4120,38,4158,64
2021-06-24,Ventura,111,848112,81594,81332,3127,84459,1032
2021-06-24,Yolo,113,214977,14155,14169,362,14531,213
2021-06-24,Yuba,115,75493,6195,6195,133,6328,51
2021-06-23,Alameda,001,1643700,89369,89338,2080,91418,1266
2021-06-23,Alpine,003,1148,89,88,0,88,0
2021-06-23,Amador,005,37829,3756,3743,34,3777,46
2021-06-23,Butte,007,227075,12738,12666,1939,14605,198
2021-06-23,Calaveras,009,45235,2197,2199,15,2214,55
2021-06-23,Colusa,011,21464,1964,1972,328,2300,15
2021-06-23,Contra Costa,013,1133247,70909,70526,1381,71907,813
2021-06-23,Del Norte,015,27424,1455,1418,14,1432,8
2021-06-23,El Dorado,017,186661,10421,10395,788,11183,115
2021-06-23,Fresno,019,978130,102972,103020,9042,112062,1724
2021-06-23,Glenn,021,27897,2436,2437,584,3021,20
2021-06-23,Humboldt,023,135768,4505,4490,42,4532,48
2021-06-23,Imperial,025,180216,28689,28908,2895,31803,740
2021-06-23,Inyo,027,18085,1410,1406,3,1409,35
2021-06-23,Kern,029,883053,97619,97078,11497,108575,1345
2021-06-23,Kings,031,150075,23137,23105,1197,24302,245
2021-06-23,Lake,033,64148,3590,3566,13,3579,53
2021-06-23,Lassen,035,31185,5268,5257,120,5377,20
2021-06-23,Los Angeles,037,10098052,1209010,1206358,43608,1249966,24472
2021-06-23,Madera,039,155013,16747,16660,968,17628,240
2021-06-23,Marin,041,260295,14167,14177,283,14460,230
2021-06-23,Mariposa,043,17540,440,439,11,450,5
2021-06-23,Mendocino,045,87422,4163,4078,78,4156,49
2021-06-23,Merced,047,269075,31267,31260,1016,32276,465
2021-06-23,Modoc,049,8938,416,407,147,554,3
2021-06-23,Mono,051,14174,1255,1279,14,1293,3
2021-06-23,Monterey,053,433212,43228,43166,1935,45101,439
2021-06-23,Napa,055,140530,10028,10032,35,10067,80
2021-06-23,Nevada,057,99092,4962,4924,201,5125,72
2021-06-23,Orange,059,3164182,256474,255479,11843,267322,5116
2021-06-23,Placer,061,380077,23741,23630,1599,25229,299
2021-06-23,Plumas,063,18699,717,701,12,713,4
2021-06-23,Riverside,065,2383286,293245,290343,14599,304942,4462
2021-06-23,Sacramento,067,1510023,108140,107868,1882,109750,1671
2021-06-23,San Benito,069,59416,6091,6097,120,6217,63
2021-06-23,San Bernardino,071,2135413,294219,293816,9417,303233,4886
2021-06-23,San Diego,073,3302833,282862,281937,15235,297172,3777
2021-06-23,San Francisco,075,870044,37052,37304,1386,38690,559
2021-06-23,San Joaquin,077,732212,73904,73764,3804,77568,1405
2021-06-23,San Luis Obispo,079,281455,21398,21323,784,22107,257
2021-06-23,San Mateo,081,765935,42736,42756,503,43259,542
2021-06-23,Santa Barbara,083,443738,34856,34505,1238,35743,454
2021-06-23,Santa Clara,085,1922200,119102,120233,806,121039,2098
2021-06-23,Santa Cruz,087,273765,16269,16215,869,17084,209
2021-06-23,Shasta,089,179085,12572,12604,1692,14296,202
2021-06-23,Sierra,091,2930,61,57,14,71,0
2021-06-23,Siskiyou,093,43540,1951,1892,385,2277,28
2021-06-23,Solano,095,438530,33397,33408,577,33985,267
2021-06-23,Sonoma,097,501317,30905,30959,373,31332,314
2021-06-23,Stanislaus,099,539301,57018,56926,6251,63177,1017
2021-06-23,Sutter,101,95872,9650,9653,96,9749,113
2021-06-23,Tehama,103,63373,5124,5119,614,5733,63
2021-06-23,Trinity,105,12862,416,338,79,417,3
2021-06-23,Tulare,107,460477,49932,49711,9621,59332,850
2021-06-23,Tuolumne,109,53932,4121,4120,38,4158,64
2021-06-23,Ventura,111,848112,81571,81312,3124,84436,1032
2021-06-23,Yolo,113,214977,14145,14161,362,14523,212
2021-06-23,Yuba,115,75493,6192,6190,133,6323,51
2021-06-22,Alameda,001,1643700,89301,89308,2080,91388,1263
2021-06-22,Alpine,003,1148,89,88,0,88,0
2021-06-22,Amador,005,37829,3753,3743,34,3777,46
2021-06-22,Butte,007,227075,12734,12662,1936,14598,198
2021-06-22,Calaveras,009,45235,2196,2198,15,2213,55
2021-06-22,Colusa,011,21464,1963,1971,328,2299,15
2021-06-22,Contra Costa,013,1133247,70853,70480,1380,71860,813
2021-06-22,Del Norte,015,27424,1452,1417,14,1431,8
2021-06-22,El Dorado,017,186661,10416,10380,787,11167,113
2021-06-22,Fresno,019,978130,102953,102996,9038,112034,1724
2021-06-22,Glenn,021,27897,2435,2435,582,3017,19
2021-06-22,Humboldt,023,135768,4495,4483,42,4525,42
2021-06-22,Imperial,025,180216,28684,28880,2895,31775,740
2021-06-22,Inyo,027,18085,1410,1405,3,1408,35
2021-06-22,Kern,029,883053,97606,97013,11493,108506,1342
2021-06-22,Kings,031,150075,23129,23098,1196,24294,245
2021-06-22,Lake,033,64148,3588,3564,13,3577,45
2021-06-22,Lassen,035,31185,5263,5254,120,5374,20
2021-06-22,Los Angeles,037,10098052,1208697,1206146,43596,1249742,24461
2021-06-22,Madera,039,155013,16742,16652,968,17620,240
2021-06-22,Marin,041,260295,14165,14174,283,14457,230
2021-06-22,Mariposa,043,17540,440,439,11,450,5
2021-06-22,Mendocino,045,87422,4157,4072,78,4150,49
2021-06-22,Merced,047,269075,31256,31267,1016,32283,464
2021-06-22,Modoc,049,8938,414,405,146,551,3
2021-06-22,Mono,051,14174,1255,1277,14,1291,3
2021-06-22,Monterey,053,433212,43225,43162,1934,45096,427
2021-06-22,Napa,055,140530,10023,10029,35,10064,80
2021-06-22,Nevada,057,99092,4956,4923,201,5124,72
2021-06-22,Orange,059,3164182,256405,255452,11832,267284,5114
2021-06-22,Placer,061,380077,23719,23603,1599,25202,299
2021-06-22,Plumas,063,18699,717,697,12,709,4
2021-06-22,Riverside,065,2383286,293184,289839,14595,304434,4456
2021-06-22,Sacramento,067,1510023,108039,107801,1877,109678,1670
2021-06-22,San Benito,069,59416,6090,6098,120,6218,63
2021-06-22,San Bernardino,071,2135413,294143,293770,9411,303181,4873
2021-06-22,San Diego,073,3302833,282757,281867,15213,297080,3771
2021-06-22,San Francisco,075,870044,37038,37287,1386,38673,556
2021-06-22,San Joaquin,077,732212,73874,73723,3803,77526,1405
2021-06-22,San Luis Obispo,079,281455,21395,21321,783,22104,257
2021-06-22,San Mateo,081,765935,42722,42725,497,43222,542
2021-06-22,Santa Barbara,083,443738,34845,34500,1237,35737,454
2021-06-22,Santa Clara,085,1922200,119070,120194,806,121000,2095
2021-06-22,Santa Cruz,087,273765,16264,16218,869,17087,209
2021-06-22,Shasta,089,179085,12562,12616,1687,14303,202
2021-06-22,Sierra,091,2930,60,57,14,71,0
2021-06-22,Siskiyou,093,43540,1951,1892,385,2277,28
2021-06-22,Solano,095,438530,33379,33397,576,33973,267
2021-06-22,Sonoma,097,501317,30865,30933,373,31306,314
2021-06-22,Stanislaus,099,539301,56998,56915,6249,63164,1017
2021-06-22,Sutter,101,95872,9643,9649,96,9745,113
2021-06-22,Tehama,103,63373,5122,5118,613,5731,63
2021-06-22,Trinity,105,12862,414,337,79,416,3
2021-06-22,Tulare,107,460477,49924,49706,9616,59322,850
2021-06-22,Tuolumne,109,53932,4119,4119,38,4157,64
2021-06-22,Ventura,111,848112,81557,81300,3123,84423,1032
2021-06-22,Yolo,113,214977,14140,14157,360,14517,212
2021-06-22,Yuba,115,75493,6188,6181,133,6314,51
2021-06-21,Alameda,001,1643700,89241,89281,2079,91360,1262
2021-06-21,Alpine,003,1148,89,88,0,88,0
2021-06-21,Amador,005,37829,3747,3742,34,3776,46
2021-06-21,Butte,007,227075,12728,12668,1934,14602,195
2021-06-21,Calaveras,009,45235,2195,2194,15,2209,55
2021-06-21,Colusa,011,21464,1962,1970,327,2297,15
2021-06-21,Contra Costa,013,1133247,70782,70439,1378,71817,813
2021-06-21,Del Norte,015,27424,1448,1416,14,1430,8
2021-06-21,El Dorado,017,186661,10410,10375,786,11161,113
2021-06-21,Fresno,019,978130,102934,102971,9035,112006,1724
2021-06-21,Glenn,021,27897,2434,2433,582,3015,19
2021-06-21,Humboldt,023,135768,4486,4478,41,4519,42
2021-06-21,Imperial,025,180216,28680,28855,2895,31750,740
2021-06-21,Inyo,027,18085,1409,1405,3,1408,35
2021-06-21,Kern,029,883053,97577,96995,11484,108479,1342
2021-06-21,Kings,031,150075,23122,23091,1193,24284,245
2021-06-21,Lake,033,64148,3582,3563,13,3576,45
2021-06-21,Lassen,035,31185,5261,5233,120,5353,19
2021-06-21,Los Angeles,037,10098052,1208407,1205994,43574,1249568,24459
2021-06-21,Madera,039,155013,16733,16647,967,17614,240
2021-06-21,Marin,041,260295,14161,14173,283,14456,230
2021-06-21,Mariposa,043,17540,440,439,11,450,5
2021-06-21,Mendocino,045,87422,4154,4085,78,4163,49
2021-06-21,Merced,047,269075,31246,31264,1015,32279,465
2021-06-21,Modoc,049,8938,414,405,146,551,3
2021-06-21,Mono,051,14174,1255,1277,14,1291,3
2021-06-21,Monterey,053,433212,43222,43157,1934,45091,427
2021-06-21,Napa,055,140530,10019,10028,35,10063,80
2021-06-21,Nevada,057,99092,4952,4921,201,5122,72
2021-06-21,Orange,059,3164182,256334,255400,11825,267225,5113
2021-06-21,Placer,061,380077,23694,23577,1599,25176,298
2021-06-21,Plumas,063,18699,715,697,12,709,4
2021-06-21,Riverside,065,2383286,293108,289797,14590,304387,4456
2021-06-21,Sacramento,067,1510023,107928,107757,1876,109633,1669
2021-06-21,San Benito,069,59416,6086,6098,120,6218,63
2021-06-21,San Bernardino,071,2135413,294057,293736,9406,303142,4850
2021-06-21,San Diego,073,3302833,282651,281811,15193,297004,3771
2021-06-21,San Francisco,075,870044,37022,37275,1385,38660,556
2021-06-21,San Joaquin,077,732212,73833,73687,3802,77489,1405
2021-06-21,San Luis Obispo,079,281455,21386,21316,783,22099,257
2021-06-21,San Mateo,081,765935,42705,42685,496,43181,542
2021-06-21,Santa Barbara,083,443738,34840,34492,1237,35729,455
2021-06-21,Santa Clara,085,1922200,119037,120192,805,120997,2093
2021-06-21,Santa Cruz,087,273765,16262,16212,869,17081,208
2021-06-21,Shasta,089,179085,12549,12617,1684,14301,201
2021-06-21,Sierra,091,2930,60,57,14,71,0
2021-06-21,Siskiyou,093,43540,1951,1892,385,2277,27
2021-06-21,Solano,095,438530,33356,33383,574,33957,266
2021-06-21,Sonoma,097,501317,30844,30912,373,31285,314
2021-06-21,Stanislaus,099,539301,56968,56891,6244,63135,1017
2021-06-21,Sutter,101,95872,9642,9649,96,9745,113
2021-06-21,Tehama,103,63373,5122,5115,612,5727,63
2021-06-21,Trinity,105,12862,414,337,79,416,3
2021-06-21,Tulare,107,460477,49913,49689,9611,59300,849
2021-06-21,Tuolumne,109,53932,4115,4119,38,4157,63
2021-06-21,Ventura,111,848112,81529,81291,3119,84410,1031
2021-06-21,Yolo,113,214977,14134,14165,360,14525,212
2021-06-21,Yuba,115,75493,6187,6172,133,6305,51
2021-06-20,Alameda,001,1643700,89178,89255,2079,91334,1263
2021-06-20,Alpine,003,1148,89,88,0,88,0
2021-06-20,Amador,005,37829,3744,3740,34,3774,46
2021-06-20,Butte,007,227075,12721,12668,1933,14601,194
2021-06-20,Calaveras,009,45235,2193,2193,15,2208,55
2021-06-20,Colusa,011,21464,1962,1970,327,2297,15
2021-06-20,Contra Costa,013,1133247,70726,70401,1376,71777,813
2021-06-20,Del Norte,015,27424,1444,1416,14,1430,8
2021-06-20,El Dorado,017,186661,10396,10372,784,11156,113
2021-06-20,Fresno,019,978130,102894,102947,9031,111978,1724
2021-06-20,Glenn,021,27897,2434,2434,582,3016,19
2021-06-20,Humboldt,023,135768,4480,4472,41,4513,42
2021-06-20,Imperial,025,180216,28671,28855,2895,31750,740
2021-06-20,Inyo,027,18085,1408,1405,3,1408,35
2021-06-20,Kern,029,883053,97556,96985,11473,108458,1342
2021-06-20,Kings,031,150075,23117,23088,1191,24279,245
2021-06-20,Lake,033,64148,3580,3563,13,3576,45
2021-06-20,Lassen,035,31185,5258,5230,120,5350,19
2021-06-20,Los Angeles,037,10098052,1208110,1205874,43565,1249439,24456
2021-06-20,Madera,039,155013,16725,16638,965,17603,240
2021-06-20,Marin,041,260295,14158,14166,283,14449,230
2021-06-20,Mariposa,043,17540,438,439,11,450,5
2021-06-20,Mendocino,045,87422,4147,4080,78,4158,49
2021-06-20,Merced,047,269075,31233,31265,1015,32280,465
2021-06-20,Modoc,049,8938,414,405,146,551,3
2021-06-20,Mono,051,14174,1255,1275,14,1289,3
2021-06-20,Monterey,053,433212,43213,43156,1933,45089,427
2021-06-20,Napa,055,140530,10012,10026,34,10060,80
2021-06-20,Nevada,057,99092,4945,4919,201,5120,72
2021-06-20,Orange,059,3164182,256269,255377,11814,267191,5113
2021-06-20,Placer,061,380077,23661,23562,1595,25157,298
2021-06-20,Plumas,063,18699,714,697,12,709,4
2021-06-20,Riverside,065,2383286,293032,289770,14580,304350,4456
2021-06-20,Sacramento,067,1510023,107817,107700,1873,109573,1669
2021-06-20,San Benito,069,59416,6086,6098,120,6218,63
2021-06-20,San Bernardino,071,2135413,293957,293713,9402,303115,4845
2021-06-20,San Diego,073,3302833,282545,281750,15171,296921,3771
2021-06-20,San Francisco,075,870044,37000,37269,1385,38654,556
2021-06-20,San Joaquin,077,732212,73788,73676,3793,77469,1405
2021-06-20,San Luis Obispo,079,281455,21384,21313,783,22096,257
2021-06-20,San Mateo,081,765935,42676,42681,496,43177,542
2021-06-20,Santa Barbara,083,443738,34831,34487,1237,35724,455
2021-06-20,Santa Clara,085,1922200,119002,120163,805,120968,2093
2021-06-20,Santa Cruz,087,273765,16257,16210,869,17079,208
2021-06-20,Shasta,089,179085,12544,12617,1682,14299,201
2021-06-20,Sierra,091,2930,60,57,14,71,0
2021-06-20,Siskiyou,093,43540,1950,1891,385,2276,27
2021-06-20,Solano,095,438530,33334,33361,572,33933,266
2021-06-20,Sonoma,097,501317,30797,30884,370,31254,314
2021-06-20,Stanislaus,099,539301,56934,56868,6243,63111,1017
2021-06-20,Sutter,101,95872,9639,9645,96,9741,113
2021-06-20,Tehama,103,63373,5118,5115,612,5727,63
2021-06-20,Trinity,105,12862,414,337,79,416,3
2021-06-20,Tulare,107,460477,49904,49685,9609,59294,849
2021-06-20,Tuolumne,109,53932,4112,4117,38,4155,63
2021-06-20,Ventura,111,848112,81513,81282,3117,84399,1031
2021-06-20,Yolo,113,214977,14127,14160,360,14520,212
2021-06-20,Yuba,115,75493,6180,6167,133,6300,51
2021-06-19,Alameda,001,1643700,89145,89202,2079,91281,1263
2021-06-19,Alpine,003,1148,89,88,0,88,0
2021-06-19,Amador,005,37829,3742,3739,34,3773,46
2021-06-19,Butte,007,227075,12717,12659,1933,14592,194
2021-06-19,Calaveras,009,45235,2193,2192,15,2207,55
2021-06-19,Colusa,011,21464,1962,1969,327,2296,15
2021-06-19,Contra Costa,013,1133247,70695,70334,1375,71709,813
2021-06-19,Del Norte,015,27424,1443,1416,14,1430,8
2021-06-19,El Dorado,017,186661,10395,10363,783,11146,113
2021-06-19,Fresno,019,978130,102881,102922,9028,111950,1724
2021-06-19,Glenn,021,27897,2433,2434,581,3015,19
2021-06-19,Humboldt,023,135768,4469,4463,41,4504,42
2021-06-19,Imperial,025,180216,28670,28813,2895,31708,740
2021-06-19,Inyo,027,18085,1408,1405,3,1408,35
2021-06-19,Kern,029,883053,97540,96966,11469,108435,1342
2021-06-19,Kings,031,150075,23114,23086,1191,24277,245
2021-06-19,Lake,033,64148,3576,3563,13,3576,45
2021-06-19,Lassen,035,31185,5257,5225,120,5345,19
2021-06-19,Los Angeles,037,10098052,1207912,1205602,43551,1249153,24454
2021-06-19,Madera,039,155013,16723,16632,965,17597,240
2021-06-19,Marin,041,260295,14150,14152,283,14435,230
2021-06-19,Mariposa,043,17540,438,439,11,450,5
2021-06-19,Mendocino,045,87422,4141,4077,78,4155,49
2021-06-19,Merced,047,269075,31231,31256,1015,32271,465
2021-06-19,Modoc,049,8938,413,402,146,548,3
2021-06-19,Mono,051,14174,1255,1275,14,1289,3
2021-06-19,Monterey,053,433212,43207,43153,1933,45086,427
2021-06-19,Napa,055,140530,10008,10025,34,10059,80
2021-06-19,Nevada,057,99092,4940,4910,201,5111,72
2021-06-19,Orange,059,3164182,256224,255329,11810,267139,5112
2021-06-19,Placer,061,380077,23645,23537,1592,25129,298
2021-06-19,Plumas,063,18699,713,697,12,709,4
2021-06-19,Riverside,065,2383286,292986,289720,14580,304300,4456
2021-06-19,Sacramento,067,1510023,107771,107631,1870,109501,1669
2021-06-19,San Benito,069,59416,6085,6098,120,6218,63
2021-06-19,San Bernardino,071,2135413,293913,293673,9399,303072,4844
2021-06-19,San Diego,073,3302833,282485,281682,15157,296839,3771
2021-06-19,San Francisco,075,870044,36988,37256,1384,38640,556
2021-06-19,San Joaquin,077,732212,73772,73652,3789,77441,1405
2021-06-19,San Luis Obispo,079,281455,21382,21308,783,22091,257
2021-06-19,San Mateo,081,765935,42658,42646,494,43140,542
2021-06-19,Santa Barbara,083,443738,34829,34472,1237,35709,455
2021-06-19,Santa Clara,085,1922200,118979,120110,804,120914,2093
2021-06-19,Santa Cruz,087,273765,16252,16206,869,17075,208
2021-06-19,Shasta,089,179085,12542,12615,1681,14296,201
2021-06-19,Sierra,091,2930,60,57,14,71,0
2021-06-19,Siskiyou,093,43540,1950,1891,384,2275,27
2021-06-19,Solano,095,438530,33324,33341,571,33912,266
2021-06-19,Sonoma,097,501317,30756,30841,369,31210,314
2021-06-19,Stanislaus,099,539301,56915,56847,6240,63087,1017
2021-06-19,Sutter,101,95872,9636,9645,96,9741,113
2021-06-19,Tehama,103,63373,5117,5115,612,5727,63
2021-06-19,Trinity,105,12862,414,337,79,416,3
2021-06-19,Tulare,107,460477,49897,49681,9604,59285,849
2021-06-19,Tuolumne,109,53932,4112,4117,38,4155,63
2021-06-19,Ventura,111,848112,81500,81270,3116,84386,1031
2021-06-19,Yolo,113,214977,14123,14156,359,14515,212
2021-06-19,Yuba,115,75493,6179,6157,133,6290,51
2021-06-18,Alameda,001,1643700,89108,89123,2079,91202,1263
2021-06-18,Alpine,003,1148,89,88,0,88,0
2021-06-18,Amador,005,37829,3742,3739,34,3773,46
2021-06-18,Butte,007,227075,12714,12653,1930,14583,194
2021-06-18,Calaveras,009,45235,2193,2191,15,2206,55
2021-06-18,Colusa,011,21464,1961,1969,327,2296,15
2021-06-18,Contra Costa,013,1133247,70653,70271,1373,71644,813
2021-06-18,Del Norte,015,27424,1443,1415,14,1429,8
2021-06-18,El Dorado,017,186661,10392,10348,781,11129,113
2021-06-18,Fresno,019,978130,102865,102894,9026,111920,1722
2021-06-18,Glenn,021,27897,2432,2430,581,3011,19
2021-06-18,Humboldt,023,135768,4461,4450,41,4491,42
2021-06-18,Imperial,025,180216,28668,28809,2895,31704,740
2021-06-18,Inyo,027,18085,1408,1405,3,1408,35
2021-06-18,Kern,029,883053,97529,96948,11463,108411,1341
2021-06-18,Kings,031,150075,23109,23082,1191,24273,245
2021-06-18,Lake,033,64148,3572,3563,13,3576,45
2021-06-18,Lassen,035,31185,5256,5224,120,5344,19
2021-06-18,Los Angeles,037,10098052,1207756,1205472,43534,1249006,24451
2021-06-18,Madera,039,155013,16717,16625,965,17590,241
2021-06-18,Marin,041,260295,14147,14147,283,14430,230
2021-06-18,Mariposa,043,17540,438,439,11,450,5
2021-06-18,Mendocino,045,87422,4136,4068,78,4146,49
2021-06-18,Merced,047,269075,31229,31262,1015,32277,464
2021-06-18,Modoc,049,8938,413,402,146,548,3
2021-06-18,Mono,051,14174,1254,1275,13,1288,3
2021-06-18,Monterey,053,433212,43204,43148,1933,45081,427
2021-06-18,Napa,055,140530,10004,10021,34,10055,80
2021-06-18,Nevada,057,99092,4932,4903,201,5104,72
2021-06-18,Orange,059,3164182,256187,255274,11807,267081,5108
2021-06-18,Placer,061,380077,23637,23500,1589,25089,298
2021-06-18,Plumas,063,18699,713,697,12,709,4
2021-06-18,Riverside,065,2383286,292938,289676,14579,304255,4457
2021-06-18,Sacramento,067,1510023,107723,107570,1870,109440,1669
2021-06-18,San Benito,069,59416,6084,6097,120,6217,63
2021-06-18,San Bernardino,071,2135413,293869,293629,9394,303023,4826
2021-06-18,San Diego,073,3302833,282409,281608,15146,296754,3771
2021-06-18,San Francisco,075,870044,36979,37246,1384,38630,556
2021-06-18,San Joaquin,077,732212,73754,73623,3787,77410,1403
2021-06-18,San Luis Obispo,079,281455,21378,21301,782,22083,257
2021-06-18,San Mateo,081,765935,42647,42630,492,43122,542
2021-06-18,Santa Barbara,083,443738,34819,34469,1237,35706,455
2021-06-18,Santa Clara,085,1922200,118958,120081,803,120884,2093
2021-06-18,Santa Cruz,087,273765,16248,16202,869,17071,208
2021-06-18,Shasta,089,179085,12538,12607,1679,14286,201
2021-06-18,Sierra,091,2930,59,57,14,71,0
2021-06-18,Siskiyou,093,43540,1950,1890,384,2274,27
2021-06-18,Solano,095,438530,33310,33323,571,33894,266
2021-06-18,Sonoma,097,501317,30739,30816,367,31183,313
2021-06-18,Stanislaus,099,539301,56900,56803,6238,63041,1012
2021-06-18,Sutter,101,95872,9633,9643,96,9739,113
2021-06-18,Tehama,103,63373,5115,5114,612,5726,63
2021-06-18,Trinity,105,12862,414,337,78,415,3
2021-06-18,Tulare,107,460477,49895,49664,9597,59261,849
2021-06-18,Tuolumne,109,53932,4110,4116,38,4154,63
2021-06-18,Ventura,111,848112,81490,81256,3111,84367,1031
2021-06-18,Yolo,113,214977,14120,14148,357,14505,212
2021-06-18,Yuba,115,75493,6173,6150,133,6283,51
2021-06-17,Alameda,001,1643700,89062,89087,2079,91166,1262
2021-06-17,Alpine,003,1148,89,88,0,88,0
2021-06-17,Amador,005,37829,3740,3731,34,3765,46
2021-06-17,Butte,007,227075,12704,12644,1929,14573,194
2021-06-17,Calaveras,009,45235,2192,2189,15,2204,55
2021-06-17,Colusa,011,21464,1960,1969,327,2296,15
2021-06-17,Contra Costa,013,1133247,70614,70190,1370,71560,810
2021-06-17,Del Norte,015,27424,1441,1413,14,1427,8
2021-06-17,El Dorado,017,186661,10382,10341,781,11122,113
2021-06-17,Fresno,019,978130,102839,102867,9022,111889,1722
2021-06-17,Glenn,021,27897,2432,2430,581,3011,19
2021-06-17,Humboldt,023,135768,4452,4438,41,4479,42
2021-06-17,Imperial,025,180216,28660,28801,2895,31696,741
2021-06-17,Inyo,027,18085,1408,1405,3,1408,35
2021-06-17,Kern,029,883053,97515,96840,11456,108296,1340
2021-06-17,Kings,031,150075,23105,23078,1190,24268,245
2021-06-17,Lake,033,64148,3569,3563,9,3572,45
2021-06-17,Lassen,035,31185,5252,5223,120,5343,19
2021-06-17,Los Angeles,037,10098052,1207545,1205301,43504,1248805,24444
2021-06-17,Madera,039,155013,16712,16618,965,17583,241
2021-06-17,Marin,041,260295,14147,14141,283,14424,229
2021-06-17,Mariposa,043,17540,438,439,11,450,5
2021-06-17,Mendocino,045,87422,4129,4054,78,4132,49
2021-06-17,Merced,047,269075,31224,31262,1015,32277,464
2021-06-17,Modoc,049,8938,412,401,146,547,3
2021-06-17,Mono,051,14174,1253,1275,13,1288,3
2021-06-17,Monterey,053,433212,43196,43140,1933,45073,416
2021-06-17,Napa,055,140530,10004,10014,34,10048,80
2021-06-17,Nevada,057,99092,4928,4898,201,5099,72
2021-06-17,Orange,059,3164182,256141,255240,11796,267036,5109
2021-06-17,Placer,061,380077,23621,23461,1587,25048,298
2021-06-17,Plumas,063,18699,712,697,12,709,4
2021-06-17,Riverside,065,2383286,292885,289627,14576,304203,4458
2021-06-17,Sacramento,067,1510023,107659,107492,1868,109360,1666
2021-06-17,San Benito,069,59416,6084,6097,120,6217,63
2021-06-17,San Bernardino,071,2135413,293829,293560,9394,302954,4811
2021-06-17,San Diego,073,3302833,282333,281531,15132,296663,3771
2021-06-17,San Francisco,075,870044,36968,37243,1383,38626,556
2021-06-17,San Joaquin,077,732212,73730,73560,3782,77342,1403
2021-06-17,San Luis Obispo,079,281455,21376,21297,782,22079,257
2021-06-17,San Mateo,081,765935,42641,42615,492,43107,542
2021-06-17,Santa Barbara,083,443738,34813,34466,1237,35703,453
2021-06-17,Santa Clara,085,1922200,118933,120032,802,120834,2093
2021-06-17,Santa Cruz,087,273765,16244,16197,869,17066,208
2021-06-17,Shasta,089,179085,12530,12597,1679,14276,201
2021-06-17,Sierra,091,2930,59,56,14,70,0
2021-06-17,Siskiyou,093,43540,1949,1889,384,2273,27
2021-06-17,Solano,095,438530,33289,33296,570,33866,266
2021-06-17,Sonoma,097,501317,30708,30793,367,31160,323
2021-06-17,Stanislaus,099,539301,56869,56752,6232,62984,1012
2021-06-17,Sutter,101,95872,9630,9629,96,9725,113
2021-06-17,Tehama,103,63373,5114,5112,610,5722,63
2021-06-17,Trinity,105,12862,413,337,78,415,3
2021-06-17,Tulare,107,460477,49890,49649,9589,59238,849
2021-06-17,Tuolumne,109,53932,4109,4116,38,4154,63
2021-06-17,Ventura,111,848112,81481,81248,3108,84356,1030
2021-06-17,Yolo,113,214977,14112,14141,357,14498,212
2021-06-17,Yuba,115,75493,6164,6140,133,6273,51
2021-06-16,Alameda,001,1643700,89011,89045,2075,91120,1265
2021-06-16,Alpine,003,1148,89,88,0,88,0
2021-06-16,Amador,005,37829,3739,3730,34,3764,46
2021-06-16,Butte,007,227075,12702,12635,1927,14562,194
2021-06-16,Calaveras,009,45235,2190,2188,15,2203,55
2021-06-16,Colusa,011,21464,1960,1967,327,2294,15
2021-06-16,Contra Costa,013,1133247,70562,70136,1369,71505,810
2021-06-16,Del Norte,015,27424,1438,1413,14,1427,8
2021-06-16,El Dorado,017,186661,10376,10334,780,11114,113
2021-06-16,Fresno,019,978130,102809,102842,9018,111860,1722
2021-06-16,Glenn,021,27897,2432,2430,581,3011,19
2021-06-16,Humboldt,023,135768,4443,4427,40,4467,42
2021-06-16,Imperial,025,180216,28657,28796,2895,31691,741
2021-06-16,Inyo,027,18085,1407,1405,3,1408,35
2021-06-16,Kern,029,883053,97494,96789,11447,108236,1339
2021-06-16,Kings,031,150075,23104,23072,1189,24261,245
2021-06-16,Lake,033,64148,3569,3562,9,3571,45
2021-06-16,Lassen,035,31185,5249,5216,120,5336,19
2021-06-16,Los Angeles,037,10098052,1207322,1205102,43493,1248595,24439
2021-06-16,Madera,039,155013,16708,16603,965,17568,240
2021-06-16,Marin,041,260295,14145,14137,283,14420,229
2021-06-16,Mariposa,043,17540,438,437,11,448,5
2021-06-16,Mendocino,045,87422,4121,4041,78,4119,49
2021-06-16,Merced,047,269075,31216,31250,1015,32265,463
2021-06-16,Modoc,049,8938,411,383,145,528,3
2021-06-16,Mono,051,14174,1253,1275,13,1288,3
2021-06-16,Monterey,053,433212,43193,43122,1933,45055,416
2021-06-16,Napa,055,140530,10000,10011,34,10045,80
2021-06-16,Nevada,057,99092,4923,4894,201,5095,72
2021-06-16,Orange,059,3164182,256091,255188,11789,266977,5109
2021-06-16,Placer,061,380077,23612,23425,1583,25008,298
2021-06-16,Plumas,063,18699,712,697,12,709,4
2021-06-16,Riverside,065,2383286,292824,289539,14574,304113,4457
2021-06-16,Sacramento,067,1510023,107589,107422,1864,109286,1665
2021-06-16,San Benito,069,59416,6084,6090,120,6210,63
2021-06-16,San Bernardino,071,2135413,293780,293499,9392,302891,4797
2021-06-16,San Diego,073,3302833,282255,281423,15119,296542,3770
2021-06-16,San Francisco,075,870044,36955,37222,1381,38603,555
2021-06-16,San Joaquin,077,732212,73693,73530,3778,77308,1399
2021-06-16,San Luis Obispo,079,281455,21371,21294,782,22076,257
2021-06-16,San Mateo,081,765935,42625,42601,492,43093,542
2021-06-16,Santa Barbara,083,443738,34807,34459,1237,35696,460
2021-06-16,Santa Clara,085,1922200,118901,119982,802,120784,2087
2021-06-16,Santa Cruz,087,273765,16241,16187,869,17056,208
2021-06-16,Shasta,089,179085,12525,12592,1678,14270,200
2021-06-16,Sierra,091,2930,59,56,14,70,0
2021-06-16,Siskiyou,093,43540,1948,1886,384,2270,26
2021-06-16,Solano,095,438530,33261,33276,570,33846,266
2021-06-16,Sonoma,097,501317,30672,30741,367,31108,323
2021-06-16,Stanislaus,099,539301,56838,56738,6230,62968,984
2021-06-16,Sutter,101,95872,9626,9620,96,9716,113
2021-06-16,Tehama,103,63373,5112,5106,610,5716,63
2021-06-16,Trinity,105,12862,412,332,78,410,3
2021-06-16,Tulare,107,460477,49885,49578,9585,59163,849
2021-06-16,Tuolumne,109,53932,4109,4110,38,4148,63
2021-06-16,Ventura,111,848112,81467,81229,3106,84335,1029
2021-06-16,Yolo,113,214977,14103,14135,356,14491,212
2021-06-16,Yuba,115,75493,6154,6134,133,6267,51
2021-06-15,Alameda,001,1643700,88969,89008,2075,91083,1262
2021-06-15,Alpine,003,1148,89,88,0,88,0
2021-06-15,Amador,005,37829,3736,3723,34,3757,46
2021-06-15,Butte,007,227075,12694,12620,1926,14546,194
2021-06-15,Calaveras,009,45235,2188,2188,15,2203,55
2021-06-15,Colusa,011,21464,1960,1967,325,2292,15
2021-06-15,Contra Costa,013,1133247,70500,70101,1369,71470,810
2021-06-15,Del Norte,015,27424,1437,1411,14,1425,8
2021-06-15,El Dorado,017,186661,10367,10330,780,11110,113
2021-06-15,Fresno,019,978130,102778,102828,9017,111845,1722
2021-06-15,Glenn,021,27897,2431,2426,581,3007,19
2021-06-15,Humboldt,023,135768,4434,4414,39,4453,42
2021-06-15,Imperial,025,180216,28651,28789,2895,31684,741
2021-06-15,Inyo,027,18085,1407,1405,3,1408,35
2021-06-15,Kern,029,883053,97466,96782,11438,108220,1338
2021-06-15,Kings,031,150075,23098,23070,1187,24257,245
2021-06-15,Lake,033,64148,3568,3559,9,3568,45
2021-06-15,Lassen,035,31185,5248,5211,120,5331,19
2021-06-15,Los Angeles,037,10098052,1207094,1204926,43484,1248410,24435
2021-06-15,Madera,039,155013,16701,16600,964,17564,240
2021-06-15,Marin,041,260295,14137,14135,283,14418,229
2021-06-15,Mariposa,043,17540,438,437,11,448,5
2021-06-15,Mendocino,045,87422,4114,4034,78,4112,49
2021-06-15,Merced,047,269075,31210,31244,1015,32259,461
2021-06-15,Modoc,049,8938,410,383,145,528,3
2021-06-15,Mono,051,14174,1253,1275,13,1288,3
2021-06-15,Monterey,053,433212,43187,43118,1933,45051,416
2021-06-15,Napa,055,140530,9998,10010,34,10044,80
2021-06-15,Nevada,057,99092,4920,4888,201,5089,72
2021-06-15,Orange,059,3164182,256054,255127,11780,266907,5105
2021-06-15,Placer,061,380077,23590,23396,1582,24978,298
2021-06-15,Plumas,063,18699,711,697,12,709,4
2021-06-15,Riverside,065,2383286,292766,289508,14570,304078,4455
2021-06-15,Sacramento,067,1510023,107513,107370,1857,109227,1662
2021-06-15,San Benito,069,59416,6083,6089,120,6209,63
2021-06-15,San Bernardino,071,2135413,293730,293463,9387,302850,4790
2021-06-15,San Diego,073,3302833,282170,281375,15105,296480,3770
2021-06-15,San Francisco,075,870044,36946,37210,1380,38590,555
2021-06-15,San Joaquin,077,732212,73653,73494,3773,77267,1399
2021-06-15,San Luis Obispo,079,281455,21366,21293,781,22074,257
2021-06-15,San Mateo,081,765935,42612,42593,492,43085,543
2021-06-15,Santa Barbara,083,443738,34802,34451,1237,35688,460
2021-06-15,Santa Clara,085,1922200,118863,119963,802,120765,2086
2021-06-15,Santa Cruz,087,273765,16234,16180,869,17049,208
2021-06-15,Shasta,089,179085,12519,12583,1678,14261,201
2021-06-15,Sierra,091,2930,58,55,14,69,0
2021-06-15,Siskiyou,093,43540,1947,1887,384,2271,26
2021-06-15,Solano,095,438530,33242,33264,570,33834,266
2021-06-15,Sonoma,097,501317,30633,30707,366,31073,323
2021-06-15,Stanislaus,099,539301,56809,56724,6226,62950,979
2021-06-15,Sutter,101,95872,9617,9616,96,9712,113
2021-06-15,Tehama,103,63373,5110,5102,610,5712,63
2021-06-15,Trinity,105,12862,411,332,78,410,3
2021-06-15,Tulare,107,460477,49879,49561,9581,59142,848
2021-06-15,Tuolumne,109,53932,4109,4111,38,4149,63
2021-06-15,Ventura,111,848112,81456,81215,3103,84318,1029
2021-06-15,Yolo,113,214977,14099,14127,354,14481,212
2021-06-15,Yuba,115,75493,6143,6130,133,6263,51
2021-06-14,Alameda,001,1643700,88919,88966,2074,91040,1264
2021-06-14,Alpine,003,1148,89,88,0,88,0
2021-06-14,Amador,005,37829,3735,3722,34,3756,46
2021-06-14,Butte,007,227075,12683,12613,1922,14535,194
2021-06-14,Calaveras,009,45235,2186,2190,15,2205,55
2021-06-14,Colusa,011,21464,1959,1966,325,2291,15
2021-06-14,Contra Costa,013,1133247,70447,70069,1367,71436,810
2021-06-14,Del Norte,015,27424,1437,1411,14,1425,8
2021-06-14,El Dorado,017,186661,10358,10327,779,11106,113
2021-06-14,Fresno,019,978130,102756,102812,9016,111828,1719
2021-06-14,Glenn,021,27897,2431,2426,581,3007,19
2021-06-14,Humboldt,023,135768,4426,4407,38,4445,42
2021-06-14,Imperial,025,180216,28639,28836,2895,31731,741
2021-06-14,Inyo,027,18085,1406,1405,3,1408,35
2021-06-14,Kern,029,883053,97446,96760,11427,108187,1337
2021-06-14,Kings,031,150075,23096,23071,1185,24256,245
2021-06-14,Lake,033,64148,3567,3557,9,3566,45
2021-06-14,Lassen,035,31185,5245,5209,119,5328,19
2021-06-14,Los Angeles,037,10098052,1206860,1204748,43474,1248222,24434
2021-06-14,Madera,039,155013,16695,16597,963,17560,240
2021-06-14,Marin,041,260295,14135,14133,283,14416,229
2021-06-14,Mariposa,043,17540,437,437,11,448,5
2021-06-14,Mendocino,045,87422,4108,4028,78,4106,49
2021-06-14,Merced,047,269075,31201,31241,1014,32255,461
2021-06-14,Modoc,049,8938,401,382,143,525,3
2021-06-14,Mono,051,14174,1253,1275,13,1288,3
2021-06-14,Monterey,053,433212,43184,43110,1933,45043,415
2021-06-14,Napa,055,140530,9994,10000,34,10034,80
2021-06-14,Nevada,057,99092,4913,4885,201,5086,72
2021-06-14,Orange,059,3164182,256016,255069,11776,266845,5103
2021-06-14,Placer,061,380077,23565,23379,1581,24960,298
2021-06-14,Plumas,063,18699,711,696,12,708,4
2021-06-14,Riverside,065,2383286,292715,289476,14568,304044,4453
2021-06-14,Sacramento,067,1510023,107459,107334,1851,109185,1661
2021-06-14,San Benito,069,59416,6083,6087,120,6207,63
2021-06-14,San Bernardino,071,2135413,293674,293446,9383,302829,4790
2021-06-14,San Diego,073,3302833,282064,281314,15085,296399,3770
2021-06-14,San Francisco,075,870044,36933,37206,1380,38586,555
2021-06-14,San Joaquin,077,732212,73624,73453,3773,77226,1398
2021-06-14,San Luis Obispo,079,281455,21364,21302,781,22083,256
2021-06-14,San Mateo,081,765935,42598,42619,491,43110,543
2021-06-14,Santa Barbara,083,443738,34799,34449,1237,35686,460
2021-06-14,Santa Clara,085,1922200,118832,119957,801,120758,2085
2021-06-14,Santa Cruz,087,273765,16232,16175,869,17044,208
2021-06-14,Shasta,089,179085,12508,12561,1675,14236,201
2021-06-14,Sierra,091,2930,57,55,14,69,0
2021-06-14,Siskiyou,093,43540,1947,1886,384,2270,26
2021-06-14,Solano,095,438530,33225,33243,569,33812,266
2021-06-14,Sonoma,097,501317,30601,30679,365,31044,323
2021-06-14,Stanislaus,099,539301,56772,56689,6223,62912,975
2021-06-14,Sutter,101,95872,9614,9607,96,9703,112
2021-06-14,Tehama,103,63373,5108,5102,610,5712,63
2021-06-14,Trinity,105,12862,411,332,78,410,3
2021-06-14,Tulare,107,460477,49875,49538,9577,59115,848
2021-06-14,Tuolumne,109,53932,4106,4108,38,4146,63
2021-06-14,Ventura,111,848112,81446,81209,3103,84312,1028
2021-06-14,Yolo,113,214977,14091,14123,354,14477,212
2021-06-14,Yuba,115,75493,6136,6127,133,6260,50
2021-06-13,Alameda,001,1643700,88863,88947,2072,91019,1264
2021-06-13,Alpine,003,1148,88,88,0,88,0
2021-06-13,Amador,005,37829,3731,3721,34,3755,46
2021-06-13,Butte,007,227075,12672,12586,1919,14505,194
2021-06-13,Calaveras,009,45235,2186,2189,15,2204,55
2021-06-13,Colusa,011,21464,1959,1965,324,2289,15
2021-06-13,Contra Costa,013,1133247,70393,70040,1365,71405,810
2021-06-13,Del Norte,015,27424,1435,1412,14,1426,8
2021-06-13,El Dorado,017,186661,10349,10324,779,11103,113
2021-06-13,Fresno,019,978130,102726,102795,9011,111806,1719
2021-06-13,Glenn,021,27897,2430,2425,579,3004,19
2021-06-13,Humboldt,023,135768,4413,4401,38,4439,42
2021-06-13,Imperial,025,180216,28630,28800,2895,31695,741
2021-06-13,Inyo,027,18085,1406,1405,3,1408,35
2021-06-13,Kern,029,883053,97423,96743,11414,108157,1337
2021-06-13,Kings,031,150075,23091,23069,1184,24253,245
2021-06-13,Lake,033,64148,3567,3556,9,3565,45
2021-06-13,Lassen,035,31185,5240,5209,119,5328,19
2021-06-13,Los Angeles,037,10098052,1206600,1204614,43461,1248075,24433
2021-06-13,Madera,039,155013,16681,16590,963,17553,240
2021-06-13,Marin,041,260295,14129,14126,283,14409,229
2021-06-13,Mariposa,043,17540,437,434,11,445,5
2021-06-13,Mendocino,045,87422,4101,4026,78,4104,49
2021-06-13,Merced,047,269075,31195,31240,1013,32253,461
2021-06-13,Modoc,049,8938,399,382,141,523,3
2021-06-13,Mono,051,14174,1253,1275,13,1288,3
2021-06-13,Monterey,053,433212,43176,43108,1933,45041,415
2021-06-13,Napa,055,140530,9988,9995,34,10029,80
2021-06-13,Nevada,057,99092,4908,4883,201,5084,72
2021-06-13,Orange,059,3164182,255962,255043,11774,266817,5103
2021-06-13,Placer,061,380077,23539,23365,1579,24944,295
2021-06-13,Plumas,063,18699,710,696,12,708,4
2021-06-13,Riverside,065,2383286,292648,289447,14565,304012,4453
2021-06-13,Sacramento,067,1510023,107383,107289,1848,109137,1658
2021-06-13,San Benito,069,59416,6083,6086,120,6206,63
2021-06-13,San Bernardino,071,2135413,293623,293416,9378,302794,4788
2021-06-13,San Diego,073,3302833,281985,281268,15069,296337,3770
2021-06-13,San Francisco,075,870044,36922,37197,1380,38577,555
2021-06-13,San Joaquin,077,732212,73592,73438,3770,77208,1398
2021-06-13,San Luis Obispo,079,281455,21358,21298,780,22078,256
2021-06-13,San Mateo,081,765935,42585,42611,491,43102,542
2021-06-13,Santa Barbara,083,443738,34788,34449,1236,35685,460
2021-06-13,Santa Clara,085,1922200,118808,119946,801,120747,2085
2021-06-13,Santa Cruz,087,273765,16225,16172,869,17041,208
2021-06-13,Shasta,089,179085,12499,12560,1674,14234,201
2021-06-13,Sierra,091,2930,57,55,14,69,0
2021-06-13,Siskiyou,093,43540,1946,1885,384,2269,26
2021-06-13,Solano,095,438530,33203,33234,569,33803,266
2021-06-13,Sonoma,097,501317,30566,30663,363,31026,323
2021-06-13,Stanislaus,099,539301,56745,56671,6222,62893,975
2021-06-13,Sutter,101,95872,9607,9603,96,9699,112
2021-06-13,Tehama,103,63373,5106,5100,610,5710,63
2021-06-13,Trinity,105,12862,410,332,78,410,3
2021-06-13,Tulare,107,460477,49866,49537,9572,59109,848
2021-06-13,Tuolumne,109,53932,4104,4107,37,4144,63
2021-06-13,Ventura,111,848112,81432,81201,3103,84304,1028
2021-06-13,Yolo,113,214977,14084,14120,352,14472,212
2021-06-13,Yuba,115,75493,6129,6125,133,6258,50
2021-06-12,Alameda,001,1643700,88834,88901,2072,90973,1271
2021-06-12,Alpine,003,1148,88,88,0,88,0
2021-06-12,Amador,005,37829,3730,3721,34,3755,46
2021-06-12,Butte,007,227075,12668,12576,1919,14495,194
2021-06-12,Calaveras,009,45235,2186,2189,15,2204,55
2021-06-12,Colusa,011,21464,1959,1965,324,2289,15
2021-06-12,Contra Costa,013,1133247,70362,69989,1362,71351,810
2021-06-12,Del Norte,015,27424,1435,1412,14,1426,8
2021-06-12,El Dorado,017,186661,10344,10320,778,11098,113
2021-06-12,Fresno,019,978130,102716,102783,9010,111793,1720
2021-06-12,Glenn,021,27897,2428,2425,579,3004,19
2021-06-12,Humboldt,023,135768,4405,4396,38,4434,42
2021-06-12,Imperial,025,180216,28627,28799,2895,31694,741
2021-06-12,Inyo,027,18085,1406,1405,3,1408,35
2021-06-12,Kern,029,883053,97408,96731,11410,108141,1337
2021-06-12,Kings,031,150075,23089,23067,1184,24251,245
2021-06-12,Lake,033,64148,3566,3552,9,3561,45
2021-06-12,Lassen,035,31185,5240,5208,119,5327,19
2021-06-12,Los Angeles,037,10098052,1206463,1204439,43454,1247893,24434
2021-06-12,Madera,039,155013,16677,16586,963,17549,240
2021-06-12,Marin,041,260295,14126,14121,283,14404,229
2021-06-12,Mariposa,043,17540,437,434,11,445,5
2021-06-12,Mendocino,045,87422,4098,4024,78,4102,49
2021-06-12,Merced,047,269075,31192,31236,1013,32249,461
2021-06-12,Modoc,049,8938,398,382,141,523,3
2021-06-12,Mono,051,14174,1253,1275,13,1288,3
2021-06-12,Monterey,053,433212,43171,43103,1933,45036,415
2021-06-12,Napa,055,140530,9984,9986,34,10020,80
2021-06-12,Nevada,057,99092,4902,4878,201,5079,72
2021-06-12,Orange,059,3164182,255931,255004,11772,266776,5103
2021-06-12,Placer,061,380077,23520,23345,1579,24924,295
2021-06-12,Plumas,063,18699,710,696,12,708,4
2021-06-12,Riverside,065,2383286,292606,289413,14562,303975,4453
2021-06-12,Sacramento,067,1510023,107323,107199,1845,109044,1658
2021-06-12,San Benito,069,59416,6081,6083,120,6203,63
2021-06-12,San Bernardino,071,2135413,293589,293375,9376,302751,4788
2021-06-12,San Diego,073,3302833,281928,281203,15060,296263,3770
2021-06-12,San Francisco,075,870044,36912,37189,1380,38569,555
2021-06-12,San Joaquin,077,732212,73573,73413,3769,77182,1398
2021-06-12,San Luis Obispo,079,281455,21355,21293,780,22073,256
2021-06-12,San Mateo,081,765935,42580,42604,491,43095,542
2021-06-12,Santa Barbara,083,443738,34784,34450,1236,35686,460
2021-06-12,Santa Clara,085,1922200,118768,119894,801,120695,2085
2021-06-12,Santa Cruz,087,273765,16217,16170,869,17039,208
2021-06-12,Shasta,089,179085,12496,12556,1673,14229,201
2021-06-12,Sierra,091,2930,57,55,14,69,0
2021-06-12,Siskiyou,093,43540,1945,1884,384,2268,25
2021-06-12,Solano,095,438530,33194,33219,569,33788,266
2021-06-12,Sonoma,097,501317,30538,30647,362,31009,323
2021-06-12,Stanislaus,099,539301,56728,56649,6221,62870,974
2021-06-12,Sutter,101,95872,9603,9603,96,9699,112
2021-06-12,Tehama,103,63373,5106,5099,609,5708,63
2021-06-12,Trinity,105,12862,410,332,78,410,3
2021-06-12,Tulare,107,460477,49861,49533,9565,59098,848
2021-06-12,Tuolumne,109,53932,4103,4105,37,4142,63
2021-06-12,Ventura,111,848112,81420,81197,3103,84300,1028
2021-06-12,Yolo,113,214977,14081,14118,350,14468,212
2021-06-12,Yuba,115,75493,6124,6120,133,6253,50
2021-06-11,Alameda,001,1643700,88806,88844,2072,90916,1278
2021-06-11,Alpine,003,1148,88,88,0,88,0
2021-06-11,Amador,005,37829,3730,3710,34,3744,46
2021-06-11,Butte,007,227075,12664,12576,1917,14493,194
2021-06-11,Calaveras,009,45235,2186,2188,15,2203,55
2021-06-11,Colusa,011,21464,1958,1964,324,2288,15
2021-06-11,Contra Costa,013,1133247,70329,69940,1360,71300,808
2021-06-11,Del Norte,015,27424,1435,1409,14,1423,8
2021-06-11,El Dorado,017,186661,10341,10316,778,11094,113
2021-06-11,Fresno,019,978130,102698,102770,9009,111779,1720
2021-06-11,Glenn,021,27897,2428,2425,579,3004,19
2021-06-11,Humboldt,023,135768,4401,4389,38,4427,42
2021-06-11,Imperial,025,180216,28622,28793,2895,31688,741
2021-06-11,Inyo,027,18085,1406,1405,3,1408,35
2021-06-11,Kern,029,883053,97396,96718,11406,108124,1340
2021-06-11,Kings,031,150075,23085,23069,1183,24252,245
2021-06-11,Lake,033,64148,3565,3550,9,3559,45
2021-06-11,Lassen,035,31185,5239,5204,119,5323,18
2021-06-11,Los Angeles,037,10098052,1206317,1204259,43440,1247699,24434
2021-06-11,Madera,039,155013,16674,16582,963,17545,240
2021-06-11,Marin,041,260295,14123,14116,283,14399,229
2021-06-11,Mariposa,043,17540,437,434,11,445,5
2021-06-11,Mendocino,045,87422,4095,4022,78,4100,49
2021-06-11,Merced,047,269075,31187,31231,1013,32244,461
2021-06-11,Modoc,049,8938,398,382,140,522,3
2021-06-11,Mono,051,14174,1253,1274,13,1287,3
2021-06-11,Monterey,053,433212,43167,43097,1933,45030,415
2021-06-11,Napa,055,140530,9981,9977,34,10011,80
2021-06-11,Nevada,057,99092,4900,4873,201,5074,72
2021-06-11,Orange,059,3164182,255901,254975,11768,266743,5101
2021-06-11,Placer,061,380077,23515,23330,1579,24909,294
2021-06-11,Plumas,063,18699,710,696,12,708,4
2021-06-11,Riverside,065,2383286,292568,289376,14559,303935,4451
2021-06-11,Sacramento,067,1510023,107263,107119,1844,108963,1659
2021-06-11,San Benito,069,59416,6080,6082,120,6202,63
2021-06-11,San Bernardino,071,2135413,293553,293335,9372,302707,4788
2021-06-11,San Diego,073,3302833,281888,281144,15053,296197,3768
2021-06-11,San Francisco,075,870044,36907,37177,1380,38557,555
2021-06-11,San Joaquin,077,732212,73556,73347,3766,77113,1397
2021-06-11,San Luis Obispo,079,281455,21354,21288,780,22068,256
2021-06-11,San Mateo,081,765935,42566,42585,491,43076,542
2021-06-11,Santa Barbara,083,443738,34781,34438,1236,35674,460
2021-06-11,Santa Clara,085,1922200,118749,119860,801,120661,2083
2021-06-11,Santa Cruz,087,273765,16209,16164,869,17033,208
2021-06-11,Shasta,089,179085,12488,12550,1671,14221,201
2021-06-11,Sierra,091,2930,57,55,14,69,0
2021-06-11,Siskiyou,093,43540,1944,1882,384,2266,25
2021-06-11,Solano,095,438530,33174,33179,568,33747,266
2021-06-11,Sonoma,097,501317,30520,30624,362,30986,323
2021-06-11,Stanislaus,099,539301,56702,56617,6217,62834,974
2021-06-11,Sutter,101,95872,9600,9600,95,9695,112
2021-06-11,Tehama,103,63373,5105,5099,609,5708,63
2021-06-11,Trinity,105,12862,410,331,78,409,3
2021-06-11,Tulare,107,460477,49855,49516,9564,59080,848
2021-06-11,Tuolumne,109,53932,4100,4104,37,4141,63
2021-06-11,Ventura,111,848112,81410,81189,3103,84292,1026
2021-06-11,Yolo,113,214977,14074,14111,346,14457,212
2021-06-11,Yuba,115,75493,6120,6113,133,6246,50
2021-06-10,Alameda,001,1643700,88760,88806,2071,90877,1275
2021-06-10,Alpine,003,1148,88,88,0,88,0
2021-06-10,Amador,005,37829,3726,3709,34,3743,46
2021-06-10,Butte,007,227075,12647,12565,1916,14481,194
2021-06-10,Calaveras,009,45235,2186,2188,15,2203,55
2021-06-10,Colusa,011,21464,1956,1964,324,2288,15
2021-06-10,Contra Costa,013,1133247,70275,69876,1360,71236,807
2021-06-10,Del Norte,015,27424,1435,1405,14,1419,8
2021-06-10,El Dorado,017,186661,10334,10314,774,11088,113
2021-06-10,Fresno,019,978130,102673,102724,9008,111732,1717
2021-06-10,Glenn,021,27897,2428,2425,579,3004,19
2021-06-10,Humboldt,023,135768,4393,4384,38,4422,42
2021-06-10,Imperial,025,180216,28616,28779,2895,31674,739
2021-06-10,Inyo,027,18085,1406,1405,3,1408,35
2021-06-10,Kern,029,883053,97382,96706,11401,108107,1336
2021-06-10,Kings,031,150075,23084,23067,1183,24250,245
2021-06-10,Lake,033,64148,3560,3550,9,3559,45
2021-06-10,Lassen,035,31185,5237,5201,119,5320,18
2021-06-10,Los Angeles,037,10098052,1206154,1204110,43423,1247533,24440
2021-06-10,Madera,039,155013,16667,16581,963,17544,240
2021-06-10,Marin,041,260295,14120,14118,283,14401,229
2021-06-10,Mariposa,043,17540,435,434,11,445,5
2021-06-10,Mendocino,045,87422,4090,4016,78,4094,48
2021-06-10,Merced,047,269075,31179,31231,1010,32241,461
2021-06-10,Modoc,049,8938,397,381,140,521,3
2021-06-10,Mono,051,14174,1252,1274,13,1287,3
2021-06-10,Monterey,053,433212,43161,43090,1933,45023,415
2021-06-10,Napa,055,140530,9980,9974,34,10008,80
2021-06-10,Nevada,057,99092,4895,4866,201,5067,72
2021-06-10,Orange,059,3164182,255872,254950,11761,266711,5097
2021-06-10,Placer,061,380077,23502,23296,1579,24875,293
2021-06-10,Plumas,063,18699,710,696,12,708,4
2021-06-10,Riverside,065,2383286,292527,289335,14554,303889,4450
2021-06-10,Sacramento,067,1510023,107201,107049,1844,108893,1658
2021-06-10,San Benito,069,59416,6080,6079,120,6199,63
2021-06-10,San Bernardino,071,2135413,293512,293281,9369,302650,4782
2021-06-10,San Diego,073,3302833,281830,281052,15036,296088,3766
2021-06-10,San Francisco,075,870044,36897,37159,1378,38537,552
2021-06-10,San Joaquin,077,732212,73522,73276,3765,77041,1393
2021-06-10,San Luis Obispo,079,281455,21351,21280,780,22060,256
2021-06-10,San Mateo,081,765935,42559,42562,491,43053,666
2021-06-10,Santa Barbara,083,443738,34777,34434,1236,35670,460
2021-06-10,Santa Clara,085,1922200,118714,119832,800,120632,2075
2021-06-10,Santa Cruz,087,273765,16208,16159,869,17028,208
2021-06-10,Shasta,089,179085,12478,12536,1670,14206,201
2021-06-10,Sierra,091,2930,56,55,14,69,0
2021-06-10,Siskiyou,093,43540,1944,1881,384,2265,25
2021-06-10,Solano,095,438530,33157,33150,567,33717,265
2021-06-10,Sonoma,097,501317,30485,30571,360,30931,323
2021-06-10,Stanislaus,099,539301,56681,56588,6213,62801,974
2021-06-10,Sutter,101,95872,9593,9594,95,9689,112
2021-06-10,Tehama,103,63373,5105,5096,609,5705,63
2021-06-10,Trinity,105,12862,410,331,78,409,3
2021-06-10,Tulare,107,460477,49847,49503,9564,59067,848
2021-06-10,Tuolumne,109,53932,4100,4100,37,4137,63
2021-06-10,Ventura,111,848112,81399,81172,3102,84274,1026
2021-06-10,Yolo,113,214977,14071,14107,346,14453,212
2021-06-10,Yuba,115,75493,6116,6112,133,6245,50
2021-06-09,Alameda,001,1643700,88714,88762,2069,90831,1271
2021-06-09,Alpine,003,1148,88,88,0,88,0
2021-06-09,Amador,005,37829,3722,3706,34,3740,46
2021-06-09,Butte,007,227075,12641,12555,1914,14469,194
2021-06-09,Calaveras,009,45235,2184,2184,15,2199,55
2021-06-09,Colusa,011,21464,1956,1962,323,2285,15
2021-06-09,Contra Costa,013,1133247,70238,69829,1359,71188,803
2021-06-09,Del Norte,015,27424,1431,1403,14,1417,8
2021-06-09,El Dorado,017,186661,10331,10312,773,11085,113
2021-06-09,Fresno,019,978130,102653,102690,9003,111693,1717
2021-06-09,Glenn,021,27897,2427,2424,579,3003,19
2021-06-09,Humboldt,023,135768,4388,4379,37,4416,42
2021-06-09,Imperial,025,180216,28613,28754,2895,31649,739
2021-06-09,Inyo,027,18085,1406,1405,3,1408,35
2021-06-09,Kern,029,883053,97368,96697,11391,108088,1328
2021-06-09,Kings,031,150075,23082,23061,1183,24244,245
2021-06-09,Lake,033,64148,3557,3541,9,3550,45
2021-06-09,Lassen,035,31185,5236,5200,119,5319,18
2021-06-09,Los Angeles,037,10098052,1205970,1203955,43412,1247367,24432
2021-06-09,Madera,039,155013,16662,16580,963,17543,240
2021-06-09,Marin,041,260295,14115,14114,283,14397,229
2021-06-09,Mariposa,043,17540,435,434,11,445,5
2021-06-09,Mendocino,045,87422,4084,4008,78,4086,47
2021-06-09,Merced,047,269075,31175,31225,1010,32235,461
2021-06-09,Modoc,049,8938,395,377,139,516,3
2021-06-09,Mono,051,14174,1252,1274,13,1287,3
2021-06-09,Monterey,053,433212,43154,43082,1933,45015,415
2021-06-09,Napa,055,140530,9974,9971,34,10005,80
2021-06-09,Nevada,057,99092,4885,4863,200,5063,72
2021-06-09,Orange,059,3164182,255828,254893,11757,266650,5080
2021-06-09,Placer,061,380077,23483,23237,1579,24816,293
2021-06-09,Plumas,063,18699,709,697,12,709,4
2021-06-09,Riverside,065,2383286,292482,289299,14552,303851,4450
2021-06-09,Sacramento,067,1510023,107139,106971,1841,108812,1657
2021-06-09,San Benito,069,59416,6077,6078,120,6198,63
2021-06-09,San Bernardino,071,2135413,293470,293222,9369,302591,4782
2021-06-09,San Diego,073,3302833,281765,280941,15024,295965,3765
2021-06-09,San Francisco,075,870044,36884,37143,1377,38520,552
2021-06-09,San Joaquin,077,732212,73496,73232,3764,76996,1392
2021-06-09,San Luis Obispo,079,281455,21350,21259,780,22039,256
2021-06-09,San Mateo,081,765935,42543,42502,490,42992,666
2021-06-09,Santa Barbara,083,443738,34766,34422,1236,35658,460
2021-06-09,Santa Clara,085,1922200,118676,119793,799,120592,2068
2021-06-09,Santa Cruz,087,273765,16205,16155,869,17024,208
2021-06-09,Shasta,089,179085,12468,12521,1668,14189,201
2021-06-09,Sierra,091,2930,55,55,14,69,0
2021-06-09,Siskiyou,093,43540,1943,1871,384,2255,25
2021-06-09,Solano,095,438530,33141,33137,566,33703,264
2021-06-09,Sonoma,097,501317,30463,30540,360,30900,323
2021-06-09,Stanislaus,099,539301,56661,56560,6210,62770,974
2021-06-09,Sutter,101,95872,9584,9586,94,9680,111
2021-06-09,Tehama,103,63373,5104,5093,609,5702,63
2021-06-09,Trinity,105,12862,409,331,78,409,3
2021-06-09,Tulare,107,460477,49843,49496,9562,59058,847
2021-06-09,Tuolumne,109,53932,4097,4100,37,4137,63
2021-06-09,Ventura,111,848112,81389,81154,3101,84255,1026
2021-06-09,Yolo,113,214977,14069,14102,345,14447,212
2021-06-09,Yuba,115,75493,6112,6109,133,6242,50
2021-06-08,Alameda,001,1643700,88666,88731,2069,90800,1267
2021-06-08,Alpine,003,1148,88,88,0,88,0
2021-06-08,Amador,005,37829,3721,3704,34,3738,46
2021-06-08,Butte,007,227075,12635,12540,1911,14451,194
2021-06-08,Calaveras,009,45235,2183,2181,15,2196,55
2021-06-08,Colusa,011,21464,1956,1961,323,2284,15
2021-06-08,Contra Costa,013,1133247,70190,69762,1358,71120,803
2021-06-08,Del Norte,015,27424,1429,1402,14,1416,8
2021-06-08,El Dorado,017,186661,10326,10306,771,11077,113
2021-06-08,Fresno,019,978130,102628,102680,9001,111681,1717
2021-06-08,Glenn,021,27897,2426,2423,579,3002,19
2021-06-08,Humboldt,023,135768,4383,4363,37,4400,42
2021-06-08,Imperial,025,180216,28604,28752,2895,31647,738
2021-06-08,Inyo,027,18085,1406,1405,3,1408,35
2021-06-08,Kern,029,883053,97349,96671,11384,108055,1325
2021-06-08,Kings,031,150075,23081,23036,1183,24219,245
2021-06-08,Lake,033,64148,3556,3540,9,3549,45
2021-06-08,Lassen,035,31185,5236,5200,119,5319,18
2021-06-08,Los Angeles,037,10098052,1205776,1203794,43400,1247194,24426
2021-06-08,Madera,039,155013,16656,16579,962,17541,240
2021-06-08,Marin,041,260295,14113,14111,282,14393,229
2021-06-08,Mariposa,043,17540,435,434,11,445,5
2021-06-08,Mendocino,045,87422,4077,4002,78,4080,47
2021-06-08,Merced,047,269075,31167,31225,1010,32235,461
2021-06-08,Modoc,049,8938,389,377,138,515,3
2021-06-08,Mono,051,14174,1252,1274,13,1287,3
2021-06-08,Monterey,053,433212,43148,43078,1932,45010,415
2021-06-08,Napa,055,140530,9970,9962,34,9996,80
2021-06-08,Nevada,057,99092,4880,4861,200,5061,72
2021-06-08,Orange,059,3164182,255786,254852,11750,266602,5078
2021-06-08,Placer,061,380077,23465,23209,1575,24784,293
2021-06-08,Plumas,063,18699,709,692,12,704,4
2021-06-08,Riverside,065,2383286,292447,289268,14543,303811,4452
2021-06-08,Sacramento,067,1510023,107077,106901,1838,108739,1654
2021-06-08,San Benito,069,59416,6075,6076,120,6196,63
2021-06-08,San Bernardino,071,2135413,293422,293186,9365,302551,4778
2021-06-08,San Diego,073,3302833,281703,280879,15015,295894,3764
2021-06-08,San Francisco,075,870044,36869,37134,1376,38510,552
2021-06-08,San Joaquin,077,732212,73452,73186,3759,76945,1390
2021-06-08,San Luis Obispo,079,281455,21344,21251,779,22030,255
2021-06-08,San Mateo,081,765935,42530,42488,490,42978,663
2021-06-08,Santa Barbara,083,443738,34762,34418,1236,35654,459
2021-06-08,Santa Clara,085,1922200,118657,119770,798,120568,2068
2021-06-08,Santa Cruz,087,273765,16202,16160,869,17029,208
2021-06-08,Shasta,089,179085,12453,12498,1668,14166,201
2021-06-08,Sierra,091,2930,55,55,14,69,0
2021-06-08,Siskiyou,093,43540,1941,1870,382,2252,21
2021-06-08,Solano,095,438530,33120,33130,566,33696,259
2021-06-08,Sonoma,097,501317,30436,30523,358,30881,323
2021-06-08,Stanislaus,099,539301,56634,56548,6208,62756,973
2021-06-08,Sutter,101,95872,9581,9581,94,9675,111
2021-06-08,Tehama,103,63373,5101,5093,609,5702,63
2021-06-08,Trinity,105,12862,409,330,77,407,3
2021-06-08,Tulare,107,460477,49832,49485,9556,59041,847
2021-06-08,Tuolumne,109,53932,4094,4099,37,4136,63
2021-06-08,Ventura,111,848112,81373,81142,3100,84242,1026
2021-06-08,Yolo,113,214977,14064,14099,344,14443,212
2021-06-08,Yuba,115,75493,6110,6103,133,6236,50
2021-06-07,Alameda,001,1643700,88608,88688,2069,90757,1267
2021-06-07,Alpine,003,1148,88,88,0,88,0
2021-06-07,Amador,005,37829,3711,3697,34,3731,46
2021-06-07,Butte,007,227075,12628,12533,1910,14443,194
2021-06-07,Calaveras,009,45235,2182,2181,15,2196,55
2021-06-07,Colusa,011,21464,1955,1960,323,2283,15
2021-06-07,Contra Costa,013,1133247,70133,69718,1357,71075,817
2021-06-07,Del Norte,015,27424,1429,1401,14,1415,8
2021-06-07,El Dorado,017,186661,10321,10305,771,11076,113
2021-06-07,Fresno,019,978130,102599,102659,8994,111653,1717
2021-06-07,Glenn,021,27897,2426,2423,579,3002,19
2021-06-07,Humboldt,023,135768,4375,4354,37,4391,42
2021-06-07,Imperial,025,180216,28602,28754,2895,31649,738
2021-06-07,Inyo,027,18085,1406,1404,3,1407,35
2021-06-07,Kern,029,883053,97333,96645,11377,108022,1324
2021-06-07,Kings,031,150075,23077,23023,1183,24206,244
2021-06-07,Lake,033,64148,3554,3540,9,3549,45
2021-06-07,Lassen,035,31185,5231,5198,119,5317,18
2021-06-07,Los Angeles,037,10098052,1205554,1203664,43385,1247049,24413
2021-06-07,Madera,039,155013,16649,16572,962,17534,240
2021-06-07,Marin,041,260295,14109,14108,281,14389,229
2021-06-07,Mariposa,043,17540,435,434,11,445,5
2021-06-07,Mendocino,045,87422,4071,3998,78,4076,47
2021-06-07,Merced,047,269075,31155,31212,1009,32221,459
2021-06-07,Modoc,049,8938,388,375,135,510,3
2021-06-07,Mono,051,14174,1252,1275,13,1288,3
2021-06-07,Monterey,053,433212,43141,43077,1932,45009,415
2021-06-07,Napa,055,140530,9962,9962,34,9996,80
2021-06-07,Nevada,057,99092,4878,4860,200,5060,72
2021-06-07,Orange,059,3164182,255746,254808,11743,266551,5073
2021-06-07,Placer,061,380077,23446,23176,1573,24749,293
2021-06-07,Plumas,063,18699,709,692,12,704,4
2021-06-07,Riverside,065,2383286,292404,289232,14540,303772,4451
2021-06-07,Sacramento,067,1510023,107001,106841,1835,108676,1655
2021-06-07,San Benito,069,59416,6074,6074,120,6194,63
2021-06-07,San Bernardino,071,2135413,293384,293129,9364,302493,4775
2021-06-07,San Diego,073,3302833,281621,280808,15002,295810,3764
2021-06-07,San Francisco,075,870044,36853,37122,1375,38497,552
2021-06-07,San Joaquin,077,732212,73407,73130,3752,76882,1388
2021-06-07,San Luis Obispo,079,281455,21331,21252,779,22031,255
2021-06-07,San Mateo,081,765935,42514,42479,490,42969,664
2021-06-07,Santa Barbara,083,443738,34756,34407,1236,35643,459
2021-06-07,Santa Clara,085,1922200,118630,119743,798,120541,2066
2021-06-07,Santa Cruz,087,273765,16200,16159,869,17028,208
2021-06-07,Shasta,089,179085,12439,12483,1663,14146,200
2021-06-07,Sierra,091,2930,55,55,14,69,0
2021-06-07,Siskiyou,093,43540,1941,1869,382,2251,21
2021-06-07,Solano,095,438530,33098,33124,565,33689,258
2021-06-07,Sonoma,097,501317,30400,30504,357,30861,323
2021-06-07,Stanislaus,099,539301,56601,56521,6205,62726,972
2021-06-07,Sutter,101,95872,9577,9571,94,9665,111
2021-06-07,Tehama,103,63373,5097,5092,609,5701,63
2021-06-07,Trinity,105,12862,409,329,77,406,3
2021-06-07,Tulare,107,460477,49826,49471,9556,59027,847
2021-06-07,Tuolumne,109,53932,4093,4098,37,4135,63
2021-06-07,Ventura,111,848112,81356,81137,3099,84236,1025
2021-06-07,Yolo,113,214977,14059,14097,343,14440,211
2021-06-07,Yuba,115,75493,6108,6099,130,6229,49
2021-06-06,Alameda,001,1643700,88569,88636,2068,90704,1267
2021-06-06,Alpine,003,1148,88,88,0,88,0
2021-06-06,Amador,005,37829,3708,3696,34,3730,46
2021-06-06,Butte,007,227075,12617,12527,1909,14436,194
2021-06-06,Calaveras,009,45235,2181,2181,15,2196,55
2021-06-06,Colusa,011,21464,1953,1959,323,2282,15
2021-06-06,Contra Costa,013,1133247,70068,69659,1355,71014,817
2021-06-06,Del Norte,015,27424,1424,1401,13,1414,8
2021-06-06,El Dorado,017,186661,10314,10294,771,11065,113
2021-06-06,Fresno,019,978130,102566,102642,8991,111633,1717
2021-06-06,Glenn,021,27897,2425,2423,579,3002,19
2021-06-06,Humboldt,023,135768,4364,4353,37,4390,42
2021-06-06,Imperial,025,180216,28596,28762,2895,31657,738
2021-06-06,Inyo,027,18085,1405,1404,3,1407,35
2021-06-06,Kern,029,883053,97315,96623,11370,107993,1324
2021-06-06,Kings,031,150075,23071,23021,1183,24204,244
2021-06-06,Lake,033,64148,3554,3535,9,3544,45
2021-06-06,Lassen,035,31185,5229,5191,119,5310,18
2021-06-06,Los Angeles,037,10098052,1205356,1203539,43372,1246911,24410
2021-06-06,Madera,039,155013,16643,16567,962,17529,240
2021-06-06,Marin,041,260295,14103,14106,280,14386,229
2021-06-06,Mariposa,043,17540,434,435,11,446,5
2021-06-06,Mendocino,045,87422,4067,3993,78,4071,47
2021-06-06,Merced,047,269075,31149,31215,1008,32223,459
2021-06-06,Modoc,049,8938,388,375,134,509,3
2021-06-06,Mono,051,14174,1252,1275,13,1288,3
2021-06-06,Monterey,053,433212,43136,43078,1932,45010,415
2021-06-06,Napa,055,140530,9956,9963,34,9997,80
2021-06-06,Nevada,057,99092,4871,4854,199,5053,72
2021-06-06,Orange,059,3164182,255710,254782,11738,266520,5073
2021-06-06,Placer,061,380077,23421,23156,1570,24726,293
2021-06-06,Plumas,063,18699,709,692,12,704,4
2021-06-06,Riverside,065,2383286,292370,289201,14534,303735,4451
2021-06-06,Sacramento,067,1510023,106915,106749,1834,108583,1655
2021-06-06,San Benito,069,59416,6068,6074,120,6194,63
2021-06-06,San Bernardino,071,2135413,293330,293117,9356,302473,4773
2021-06-06,San Diego,073,3302833,281541,280743,14985,295728,3764
2021-06-06,San Francisco,075,870044,36841,37118,1374,38492,552
2021-06-06,San Joaquin,077,732212,73375,73105,3748,76853,1388
2021-06-06,San Luis Obispo,079,281455,21328,21246,779,22025,255
2021-06-06,San Mateo,081,765935,42497,42457,490,42947,664
2021-06-06,Santa Barbara,083,443738,34752,34403,1235,35638,459
2021-06-06,Santa Clara,085,1922200,118608,119711,798,120509,2066
2021-06-06,Santa Cruz,087,273765,16199,16158,869,17027,208
2021-06-06,Shasta,089,179085,12424,12478,1659,14137,200
2021-06-06,Sierra,091,2930,55,55,14,69,0
2021-06-06,Siskiyou,093,43540,1938,1869,382,2251,21
2021-06-06,Solano,095,438530,33071,33093,565,33658,258
2021-06-06,Sonoma,097,501317,30369,30478,356,30834,323
2021-06-06,Stanislaus,099,539301,56559,56486,6202,62688,972
2021-06-06,Sutter,101,95872,9570,9567,94,9661,111
2021-06-06,Tehama,103,63373,5093,5092,608,5700,63
2021-06-06,Trinity,105,12862,409,328,77,405,3
2021-06-06,Tulare,107,460477,49819,49466,9550,59016,847
2021-06-06,Tuolumne,109,53932,4091,4097,37,4134,63
2021-06-06,Ventura,111,848112,81345,81130,3096,84226,1025
2021-06-06,Yolo,113,214977,14051,14089,342,14431,210
2021-06-06,Yuba,115,75493,6100,6096,130,6226,49
2021-06-05,Alameda,001,1643700,88538,88612,2067,90679,1268
2021-06-05,Alpine,003,1148,88,88,0,88,0
2021-06-05,Amador,005,37829,3708,3694,34,3728,46
2021-06-05,Butte,007,227075,12611,12514,1908,14422,194
2021-06-05,Calaveras,009,45235,2181,2181,15,2196,55
2021-06-05,Colusa,011,21464,1953,1959,323,2282,15
2021-06-05,Contra Costa,013,1133247,70039,69601,1355,70956,817
2021-06-05,Del Norte,015,27424,1424,1400,13,1413,8
2021-06-05,El Dorado,017,186661,10312,10288,770,11058,113
2021-06-05,Fresno,019,978130,102557,102626,8991,111617,1717
2021-06-05,Glenn,021,27897,2424,2423,579,3002,19
2021-06-05,Humboldt,023,135768,4359,4346,37,4383,42
2021-06-05,Imperial,025,180216,28593,28764,2895,31659,738
2021-06-05,Inyo,027,18085,1405,1405,3,1408,35
2021-06-05,Kern,029,883053,97303,96597,11365,107962,1324
2021-06-05,Kings,031,150075,23068,23017,1183,24200,244
2021-06-05,Lake,033,64148,3551,3534,9,3543,45
2021-06-05,Lassen,035,31185,5228,5191,119,5310,18
2021-06-05,Los Angeles,037,10098052,1205229,1203338,43363,1246701,24411
2021-06-05,Madera,039,155013,16639,16563,962,17525,240
2021-06-05,Marin,041,260295,14101,14101,280,14381,229
2021-06-05,Mariposa,043,17540,434,435,11,446,5
2021-06-05,Mendocino,045,87422,4064,3989,78,4067,47
2021-06-05,Merced,047,269075,31147,31212,1007,32219,459
2021-06-05,Modoc,049,8938,388,375,133,508,3
2021-06-05,Mono,051,14174,1252,1274,13,1287,3
2021-06-05,Monterey,053,433212,43132,43071,1931,45002,415
2021-06-05,Napa,055,140530,9951,9960,34,9994,80
2021-06-05,Nevada,057,99092,4869,4849,199,5048,72
2021-06-05,Orange,059,3164182,255686,254752,11735,266487,5069
2021-06-05,Placer,061,380077,23406,23133,1569,24702,293
2021-06-05,Plumas,063,18699,709,692,12,704,4
2021-06-05,Riverside,065,2383286,292335,289157,14530,303687,4451
2021-06-05,Sacramento,067,1510023,106863,106688,1831,108519,1655
2021-06-05,San Benito,069,59416,6066,6074,120,6194,63
2021-06-05,San Bernardino,071,2135413,293297,293081,9354,302435,4772
2021-06-05,San Diego,073,3302833,281500,280676,14972,295648,3764
2021-06-05,San Francisco,075,870044,36832,37111,1374,38485,552
2021-06-05,San Joaquin,077,732212,73359,73078,3741,76819,1388
2021-06-05,San Luis Obispo,079,281455,21325,21236,779,22015,255
2021-06-05,San Mateo,081,765935,42487,42433,490,42923,664
2021-06-05,Santa Barbara,083,443738,34749,34399,1234,35633,459
2021-06-05,Santa Clara,085,1922200,118586,119676,796,120472,2066
2021-06-05,Santa Cruz,087,273765,16199,16154,869,17023,208
2021-06-05,Shasta,089,179085,12415,12472,1658,14130,200
2021-06-05,Sierra,091,2930,55,55,14,69,0
2021-06-05,Siskiyou,093,43540,1938,1867,382,2249,21
2021-06-05,Solano,095,438530,33056,33074,565,33639,257
2021-06-05,Sonoma,097,501317,30342,30450,354,30804,323
2021-06-05,Stanislaus,099,539301,56538,56463,6200,62663,973
2021-06-05,Sutter,101,95872,9567,9559,94,9653,111
2021-06-05,Tehama,103,63373,5092,5092,607,5699,63
2021-06-05,Trinity,105,12862,409,328,77,405,3
2021-06-05,Tulare,107,460477,49813,49463,9550,59013,847
2021-06-05,Tuolumne,109,53932,4089,4098,37,4135,63
2021-06-05,Ventura,111,848112,81336,81119,3094,84213,1025
2021-06-05,Yolo,113,214977,14049,14088,342,14430,210
2021-06-05,Yuba,115,75493,6099,6087,130,6217,49
2021-06-04,Alameda,001,1643700,88511,88585,2065,90650,1263
2021-06-04,Alpine,003,1148,88,88,0,88,0
2021-06-04,Amador,005,37829,3708,3690,34,3724,46
2021-06-04,Butte,007,227075,12600,12494,1905,14399,193
2021-06-04,Calaveras,009,45235,2181,2179,15,2194,55
2021-06-04,Colusa,011,21464,1953,1959,323,2282,15
2021-06-04,Contra Costa,013,1133247,70004,69540,1352,70892,816
2021-06-04,Del Norte,015,27424,1424,1398,13,1411,8
2021-06-04,El Dorado,017,186661,10308,10284,768,11052,112
2021-06-04,Fresno,019,978130,102541,102601,8991,111592,1712
2021-06-04,Glenn,021,27897,2424,2423,578,3001,19
2021-06-04,Humboldt,023,135768,4354,4327,37,4364,42
2021-06-04,Imperial,025,180216,28589,28753,2895,31648,738
2021-06-04,Inyo,027,18085,1405,1404,3,1407,35
2021-06-04,Kern,029,883053,97285,96573,11363,107936,1327
2021-06-04,Kings,031,150075,23067,23002,1183,24185,244
2021-06-04,Lake,033,64148,3549,3528,9,3537,45
2021-06-04,Lassen,035,31185,5228,5180,119,5299,18
2021-06-04,Los Angeles,037,10098052,1205107,1203106,43354,1246460,24400
2021-06-04,Madera,039,155013,16637,16557,962,17519,240
2021-06-04,Marin,041,260295,14100,14099,279,14378,229
2021-06-04,Mariposa,043,17540,434,435,11,446,5
2021-06-04,Mendocino,045,87422,4055,3983,78,4061,47
2021-06-04,Merced,047,269075,31142,31204,1006,32210,459
2021-06-04,Modoc,049,8938,386,375,133,508,3
2021-06-04,Mono,051,14174,1252,1275,13,1288,3
2021-06-04,Monterey,053,433212,43128,43068,1931,44999,415
2021-06-04,Napa,055,140530,9947,9958,34,9992,80
2021-06-04,Nevada,057,99092,4865,4844,199,5043,72
2021-06-04,Orange,059,3164182,255650,254730,11732,266462,5059
2021-06-04,Placer,061,380077,23390,23110,1568,24678,293
2021-06-04,Plumas,063,18699,709,691,12,703,4
2021-06-04,Riverside,065,2383286,292309,289098,14526,303624,4452
2021-06-04,Sacramento,067,1510023,106809,106616,1830,108446,1654
2021-06-04,San Benito,069,59416,6064,6073,120,6193,63
2021-06-04,San Bernardino,071,2135413,293274,293056,9352,302408,4768
2021-06-04,San Diego,073,3302833,281457,280556,14965,295521,3763
2021-06-04,San Francisco,075,870044,36827,37079,1373,38452,551
2021-06-04,San Joaquin,077,732212,73340,73039,3739,76778,1388
2021-06-04,San Luis Obispo,079,281455,21322,21234,778,22012,255
2021-06-04,San Mateo,081,765935,42475,42413,490,42903,478
2021-06-04,Santa Barbara,083,443738,34743,34402,1233,35635,459
2021-06-04,Santa Clara,085,1922200,118557,119619,796,120415,2065
2021-06-04,Santa Cruz,087,273765,16197,16150,869,17019,207
2021-06-04,Shasta,089,179085,12409,12458,1653,14111,200
2021-06-04,Sierra,091,2930,55,55,14,69,0
2021-06-04,Siskiyou,093,43540,1937,1865,382,2247,21
2021-06-04,Solano,095,438530,33045,33058,565,33623,256
2021-06-04,Sonoma,097,501317,30321,30411,354,30765,323
2021-06-04,Stanislaus,099,539301,56515,56442,6197,62639,973
2021-06-04,Sutter,101,95872,9562,9554,94,9648,111
2021-06-04,Tehama,103,63373,5087,5090,607,5697,63
2021-06-04,Trinity,105,12862,409,328,77,405,3
2021-06-04,Tulare,107,460477,49804,49452,9548,59000,847
2021-06-04,Tuolumne,109,53932,4088,4095,37,4132,63
2021-06-04,Ventura,111,848112,81329,81104,3092,84196,1023
2021-06-04,Yolo,113,214977,14047,14083,342,14425,210
2021-06-04,Yuba,115,75493,6096,6084,130,6214,49
2021-06-03,Alameda,001,1643700,88473,88555,2062,90617,1257
2021-06-03,Alpine,003,1148,88,88,0,88,0
2021-06-03,Amador,005,37829,3700,3688,34,3722,46
2021-06-03,Butte,007,227075,12596,12478,1904,14382,193
2021-06-03,Calaveras,009,45235,2181,2179,15,2194,55
2021-06-03,Colusa,011,21464,1953,1957,323,2280,15
2021-06-03,Contra Costa,013,1133247,69950,69500,1347,70847,816
2021-06-03,Del Norte,015,27424,1422,1397,13,1410,8
2021-06-03,El Dorado,017,186661,10302,10284,765,11049,112
2021-06-03,Fresno,019,978130,102524,102566,8991,111557,1709
2021-06-03,Glenn,021,27897,2424,2421,578,2999,19
2021-06-03,Humboldt,023,135768,4346,4314,37,4351,42
2021-06-03,Imperial,025,180216,28577,28737,2895,31632,738
2021-06-03,Inyo,027,18085,1405,1404,3,1407,35
2021-06-03,Kern,029,883053,97258,96507,11349,107856,1326
2021-06-03,Kings,031,150075,23063,22982,1183,24165,244
2021-06-03,Lake,033,64148,3547,3526,9,3535,45
2021-06-03,Lassen,035,31185,5219,5177,119,5296,12
2021-06-03,Los Angeles,037,10098052,1204933,1202923,43346,1246269,24386
2021-06-03,Madera,039,155013,16630,16554,962,17516,240
2021-06-03,Marin,041,260295,14095,14095,279,14374,230
2021-06-03,Mariposa,043,17540,434,435,11,446,5
2021-06-03,Mendocino,045,87422,4048,3978,78,4056,47
2021-06-03,Merced,047,269075,31139,31199,1006,32205,459
2021-06-03,Modoc,049,8938,385,376,132,508,3
2021-06-03,Mono,051,14174,1252,1275,13,1288,3
2021-06-03,Monterey,053,433212,43125,43063,1931,44994,415
2021-06-03,Napa,055,140530,9940,9957,34,9991,81
2021-06-03,Nevada,057,99092,4861,4837,199,5036,72
2021-06-03,Orange,059,3164182,255622,254676,11722,266398,5056
2021-06-03,Placer,061,380077,23381,23100,1567,24667,293
2021-06-03,Plumas,063,18699,709,691,12,703,4
2021-06-03,Riverside,065,2383286,292254,289035,14522,303557,4447
2021-06-03,Sacramento,067,1510023,106731,106526,1828,108354,1654
2021-06-03,San Benito,069,59416,6064,6073,120,6193,63
2021-06-03,San Bernardino,071,2135413,293243,293021,9352,302373,4762
2021-06-03,San Diego,073,3302833,281394,280430,14955,295385,3761
2021-06-03,San Francisco,075,870044,36821,37072,1373,38445,551
2021-06-03,San Joaquin,077,732212,73312,72989,3735,76724,1388
2021-06-03,San Luis Obispo,079,281455,21317,21224,778,22002,255
2021-06-03,San Mateo,081,765935,42462,42396,490,42886,467
2021-06-03,Santa Barbara,083,443738,34740,34391,1233,35624,459
2021-06-03,Santa Clara,085,1922200,118535,119592,794,120386,2058
2021-06-03,Santa Cruz,087,273765,16195,16144,869,17013,207
2021-06-03,Shasta,089,179085,12394,12441,1650,14091,199
2021-06-03,Sierra,091,2930,55,55,14,69,0
2021-06-03,Siskiyou,093,43540,1937,1862,381,2243,21
2021-06-03,Solano,095,438530,33031,33019,565,33584,256
2021-06-03,Sonoma,097,501317,30299,30383,353,30736,322
2021-06-03,Stanislaus,099,539301,56484,56401,6190,62591,973
2021-06-03,Sutter,101,95872,9553,9539,94,9633,111
2021-06-03,Tehama,103,63373,5087,5087,607,5694,63
2021-06-03,Trinity,105,12862,409,328,77,405,3
2021-06-03,Tulare,107,460477,49801,49442,9544,58986,848
2021-06-03,Tuolumne,109,53932,4086,4095,37,4132,63
2021-06-03,Ventura,111,848112,81317,81078,3090,84168,1023
2021-06-03,Yolo,113,214977,14043,14078,339,14417,210
2021-06-03,Yuba,115,75493,6089,6077,130,6207,49
2021-06-02,Alameda,001,1643700,88428,88525,2060,90585,1254
2021-06-02,Alpine,003,1148,88,88,0,88,0
2021-06-02,Amador,005,37829,3698,3687,34,3721,46
2021-06-02,Butte,007,227075,12576,12432,1901,14333,193
2021-06-02,Calaveras,009,45235,2179,2174,14,2188,55
2021-06-02,Colusa,011,21464,1952,1957,323,2280,15
2021-06-02,Contra Costa,013,1133247,69899,69455,1345,70800,814
2021-06-02,Del Norte,015,27424,1420,1395,13,1408,8
2021-06-02,El Dorado,017,186661,10298,10275,765,11040,110
2021-06-02,Fresno,019,978130,102500,102547,8988,111535,1707
2021-06-02,Glenn,021,27897,2424,2421,578,2999,19
2021-06-02,Humboldt,023,135768,4331,4302,37,4339,42
2021-06-02,Imperial,025,180216,28571,28737,2894,31631,738
2021-06-02,Inyo,027,18085,1404,1403,3,1406,35
2021-06-02,Kern,029,883053,97231,96481,11340,107821,1326
2021-06-02,Kings,031,150075,23061,22981,1183,24164,244
2021-06-02,Lake,033,64148,3542,3522,9,3531,45
2021-06-02,Lassen,035,31185,5218,5177,119,5296,6
2021-06-02,Los Angeles,037,10098052,1204731,1202760,43337,1246097,24375
2021-06-02,Madera,039,155013,16622,16550,962,17512,240
2021-06-02,Marin,041,260295,14093,14091,279,14370,229
2021-06-02,Mariposa,043,17540,434,434,11,445,5
2021-06-02,Mendocino,045,87422,4042,3970,78,4048,47
2021-06-02,Merced,047,269075,31126,31195,1005,32200,458
2021-06-02,Modoc,049,8938,384,375,131,506,3
2021-06-02,Mono,051,14174,1252,1275,13,1288,3
2021-06-02,Monterey,053,433212,43123,43056,1931,44987,380
2021-06-02,Napa,055,140530,9939,9953,34,9987,82
2021-06-02,Nevada,057,99092,4858,4833,199,5032,72
2021-06-02,Orange,059,3164182,255576,254637,11717,266354,5055
2021-06-02,Placer,061,380077,23360,23058,1565,24623,293
2021-06-02,Plumas,063,18699,709,690,12,702,4
2021-06-02,Riverside,065,2383286,292199,289012,14512,303524,4445
2021-06-02,Sacramento,067,1510023,106667,106435,1821,108256,1649
2021-06-02,San Benito,069,59416,6063,6073,120,6193,63
2021-06-02,San Bernardino,071,2135413,293195,293004,9347,302351,4760
2021-06-02,San Diego,073,3302833,281314,280347,14934,295281,3760
2021-06-02,San Francisco,075,870044,36801,37050,1372,38422,550
2021-06-02,San Joaquin,077,732212,73281,72893,3732,76625,1387
2021-06-02,San Luis Obispo,079,281455,21310,21214,777,21991,255
2021-06-02,San Mateo,081,765935,42452,42383,489,42872,464
2021-06-02,Santa Barbara,083,443738,34734,34381,1233,35614,456
2021-06-02,Santa Clara,085,1922200,118507,119553,793,120346,2058
2021-06-02,Santa Cruz,087,273765,16192,16144,869,17013,207
2021-06-02,Shasta,089,179085,12376,12426,1645,14071,199
2021-06-02,Sierra,091,2930,55,55,14,69,0
2021-06-02,Siskiyou,093,43540,1937,1861,379,2240,21
2021-06-02,Solano,095,438530,33019,33007,564,33571,256
2021-06-02,Sonoma,097,501317,30280,30359,348,30707,322
2021-06-02,Stanislaus,099,539301,56455,56377,6185,62562,973
2021-06-02,Sutter,101,95872,9550,9533,94,9627,111
2021-06-02,Tehama,103,63373,5084,5081,607,5688,63
2021-06-02,Trinity,105,12862,407,328,77,405,3
2021-06-02,Tulare,107,460477,49793,49434,9540,58974,846
2021-06-02,Tuolumne,109,53932,4086,4095,37,4132,63
2021-06-02,Ventura,111,848112,81292,81033,3090,84123,1020
2021-06-02,Yolo,113,214977,14040,14074,338,14412,210
2021-06-02,Yuba,115,75493,6083,6072,130,6202,48
2021-06-01,Alameda,001,1643700,88395,88472,2058,90530,1253
2021-06-01,Alpine,003,1148,88,88,0,88,0
2021-06-01,Amador,005,37829,3696,3687,34,3721,46
2021-06-01,Butte,007,227075,12562,12427,1900,14327,193
2021-06-01,Calaveras,009,45235,2177,2173,14,2187,55
2021-06-01,Colusa,011,21464,1951,1955,322,2277,15
2021-06-01,Contra Costa,013,1133247,69842,69404,1345,70749,813
2021-06-01,Del Norte,015,27424,1419,1394,13,1407,8
2021-06-01,El Dorado,017,186661,10292,10271,765,11036,110
2021-06-01,Fresno,019,978130,102477,102534,8985,111519,1706
2021-06-01,Glenn,021,27897,2424,2422,578,3000,18
2021-06-01,Humboldt,023,135768,4321,4299,37,4336,42
2021-06-01,Imperial,025,180216,28567,28722,2893,31615,736
2021-06-01,Inyo,027,18085,1404,1403,3,1406,35
2021-06-01,Kern,029,883053,97204,96477,11332,107809,1319
2021-06-01,Kings,031,150075,23057,22977,1183,24160,244
2021-06-01,Lake,033,64148,3541,3523,9,3532,45
2021-06-01,Lassen,035,31185,5211,5172,119,5291,6
2021-06-01,Los Angeles,037,10098052,1204498,1202673,43324,1245997,24367
2021-06-01,Madera,039,155013,16613,16549,961,17510,240
2021-06-01,Marin,041,260295,14091,14081,279,14360,229
2021-06-01,Mariposa,043,17540,434,431,11,442,5
2021-06-01,Mendocino,045,87422,4035,3966,78,4044,47
2021-06-01,Merced,047,269075,31116,31195,1005,32200,456
2021-06-01,Modoc,049,8938,382,375,131,506,3
2021-06-01,Mono,051,14174,1252,1275,13,1288,3
2021-06-01,Monterey,053,433212,43117,43051,1931,44982,379
2021-06-01,Napa,055,140530,9937,9949,34,9983,82
2021-06-01,Nevada,057,99092,4853,4825,199,5024,72
2021-06-01,Orange,059,3164182,255541,254603,11709,266312,5051
2021-06-01,Placer,061,380077,23330,23021,1563,24584,293
2021-06-01,Plumas,063,18699,708,690,12,702,4
2021-06-01,Riverside,065,2383286,292148,288996,14506,303502,4442
2021-06-01,Sacramento,067,1510023,106595,106330,1819,108149,1644
2021-06-01,San Benito,069,59416,6062,6073,119,6192,63
2021-06-01,San Bernardino,071,2135413,293171,292990,9346,302336,4758
2021-06-01,San Diego,073,3302833,281209,280305,14919,295224,3756
2021-06-01,San Francisco,075,870044,36785,37031,1372,38403,550
2021-06-01,San Joaquin,077,732212,73249,72858,3730,76588,1383
2021-06-01,San Luis Obispo,079,281455,21305,21217,777,21994,256
2021-06-01,San Mateo,081,765935,42435,42383,488,42871,462
2021-06-01,Santa Barbara,083,443738,34730,34374,1233,35607,456
2021-06-01,Santa Clara,085,1922200,118479,119528,793,120321,2057
2021-06-01,Santa Cruz,087,273765,16188,16143,868,17011,207
2021-06-01,Shasta,089,179085,12367,12409,1640,14049,199
2021-06-01,Sierra,091,2930,55,55,14,69,0
2021-06-01,Siskiyou,093,43540,1930,1860,378,2238,21
2021-06-01,Solano,095,438530,32994,32974,563,33537,256
2021-06-01,Sonoma,097,501317,30241,30324,347,30671,322
2021-06-01,Stanislaus,099,539301,56430,56348,6183,62531,973
2021-06-01,Sutter,101,95872,9543,9528,94,9622,111
2021-06-01,Tehama,103,63373,5082,5079,607,5686,63
2021-06-01,Trinity,105,12862,406,328,76,404,3
2021-06-01,Tulare,107,460477,49785,49419,9536,58955,845
2021-06-01,Tuolumne,109,53932,4086,4094,37,4131,63
2021-06-01,Ventura,111,848112,81276,81018,3089,84107,1021
2021-06-01,Yolo,113,214977,14034,14067,338,14405,210
2021-06-01,Yuba,115,75493,6079,6067,130,6197,48
2021-05-31,Alameda,001,1643700,88358,88458,2054,90512,1253
2021-05-31,Alpine,003,1148,88,88,0,88,0
2021-05-31,Amador,005,37829,3690,3687,34,3721,46
2021-05-31,Butte,007,227075,12549,12429,1900,14329,193
2021-05-31,Calaveras,009,45235,2176,2171,14,2185,55
2021-05-31,Colusa,011,21464,1951,1956,321,2277,15
2021-05-31,Contra Costa,013,1133247,69805,69390,1343,70733,813
2021-05-31,Del Norte,015,27424,1416,1394,13,1407,8
2021-05-31,El Dorado,017,186661,10286,10271,763,11034,110
2021-05-31,Fresno,019,978130,102441,102507,8984,111491,1706
2021-05-31,Glenn,021,27897,2423,2422,577,2999,18
2021-05-31,Humboldt,023,135768,4309,4295,37,4332,42
2021-05-31,Imperial,025,180216,28561,28732,2890,31622,736
2021-05-31,Inyo,027,18085,1403,1403,3,1406,35
2021-05-31,Kern,029,883053,97168,96457,11323,107780,1319
2021-05-31,Kings,031,150075,23053,22977,1183,24160,244
2021-05-31,Lake,033,64148,3536,3523,9,3532,45
2021-05-31,Lassen,035,31185,5209,5172,118,5290,6
2021-05-31,Los Angeles,037,10098052,1204257,1202567,43316,1245883,24364
2021-05-31,Madera,039,155013,16612,16543,960,17503,240
2021-05-31,Marin,041,260295,14089,14080,278,14358,229
2021-05-31,Mariposa,043,17540,434,430,11,441,5
2021-05-31,Mendocino,045,87422,4025,3961,78,4039,47
2021-05-31,Merced,047,269075,31111,31194,1005,32199,456
2021-05-31,Modoc,049,8938,381,374,131,505,3
2021-05-31,Mono,051,14174,1252,1275,13,1288,3
2021-05-31,Monterey,053,433212,43113,43051,1931,44982,379
2021-05-31,Napa,055,140530,9930,9948,34,9982,82
2021-05-31,Nevada,057,99092,4843,4823,198,5021,72
2021-05-31,Orange,059,3164182,255514,254572,11702,266274,5051
2021-05-31,Placer,061,380077,23304,23019,1558,24577,293
2021-05-31,Plumas,063,18699,707,690,12,702,4
2021-05-31,Riverside,065,2383286,292091,288970,14494,303464,4442
2021-05-31,Sacramento,067,1510023,106499,106278,1813,108091,1644
2021-05-31,San Benito,069,59416,6062,6072,119,6191,63
2021-05-31,San Bernardino,071,2135413,293123,292973,9345,302318,4758
2021-05-31,San Diego,073,3302833,281105,280254,14907,295161,3756
2021-05-31,San Francisco,075,870044,36770,37022,1371,38393,550
2021-05-31,San Joaquin,077,732212,73202,72856,3723,76579,1383
2021-05-31,San Luis Obispo,079,281455,21297,21215,777,21992,256
2021-05-31,San Mateo,081,765935,42419,42389,488,42877,442
2021-05-31,Santa Barbara,083,443738,34717,34369,1231,35600,456
2021-05-31,Santa Clara,085,1922200,118435,119515,793,120308,2057
2021-05-31,Santa Cruz,087,273765,16185,16139,868,17007,207
2021-05-31,Shasta,089,179085,12351,12408,1637,14045,199
2021-05-31,Sierra,091,2930,55,55,14,69,0
2021-05-31,Siskiyou,093,43540,1929,1856,377,2233,21
2021-05-31,Solano,095,438530,32943,32973,563,33536,256
2021-05-31,Sonoma,097,501317,30198,30314,347,30661,322
2021-05-31,Stanislaus,099,539301,56380,56335,6180,62515,973
2021-05-31,Sutter,101,95872,9524,9523,94,9617,111
2021-05-31,Tehama,103,63373,5080,5076,606,5682,63
2021-05-31,Trinity,105,12862,406,328,76,404,3
2021-05-31,Tulare,107,460477,49774,49404,9531,58935,845
2021-05-31,Tuolumne,109,53932,4084,4095,37,4132,63
2021-05-31,Ventura,111,848112,81261,81017,3086,84103,1021
2021-05-31,Yolo,113,214977,14030,14064,338,14402,210
2021-05-31,Yuba,115,75493,6073,6063,127,6190,48
2021-05-30,Alameda,001,1643700,88333,88429,2054,90483,1253
2021-05-30,Alpine,003,1148,88,88,0,88,0
2021-05-30,Amador,005,37829,3686,3685,34,3719,46
2021-05-30,Butte,007,227075,12539,12427,1898,14325,190
2021-05-30,Calaveras,009,45235,2172,2166,14,2180,55
2021-05-30,Colusa,011,21464,1951,1954,321,2275,15
2021-05-30,Contra Costa,013,1133247,69771,69381,1341,70722,813
2021-05-30,Del Norte,015,27424,1415,1393,13,1406,8
2021-05-30,El Dorado,017,186661,10283,10271,763,11034,110
2021-05-30,Fresno,019,978130,102424,102499,8980,111479,1706
2021-05-30,Glenn,021,27897,2423,2422,576,2998,18
2021-05-30,Humboldt,023,135768,4300,4291,37,4328,42
2021-05-30,Imperial,025,180216,28556,28732,2889,31621,736
2021-05-30,Inyo,027,18085,1403,1403,3,1406,35
2021-05-30,Kern,029,883053,97152,96443,11320,107763,1319
2021-05-30,Kings,031,150075,23052,22974,1182,24156,244
2021-05-30,Lake,033,64148,3536,3517,9,3526,45
2021-05-30,Lassen,035,31185,5207,5171,118,5289,6
2021-05-30,Los Angeles,037,10098052,1204153,1202425,43309,1245734,24360
2021-05-30,Madera,039,155013,16608,16538,960,17498,240
2021-05-30,Marin,041,260295,14085,14083,277,14360,229
2021-05-30,Mariposa,043,17540,434,430,11,441,5
2021-05-30,Mendocino,045,87422,4018,3955,78,4033,47
2021-05-30,Merced,047,269075,31107,31189,1004,32193,456
2021-05-30,Modoc,049,8938,381,374,131,505,3
2021-05-30,Mono,051,14174,1252,1275,13,1288,3
2021-05-30,Monterey,053,433212,43110,43049,1931,44980,379
2021-05-30,Napa,055,140530,9929,9948,34,9982,82
2021-05-30,Nevada,057,99092,4837,4818,198,5016,72
2021-05-30,Orange,059,3164182,255491,254559,11701,266260,5051
2021-05-30,Placer,061,380077,23298,23016,1558,24574,293
2021-05-30,Plumas,063,18699,705,690,12,702,4
2021-05-30,Riverside,065,2383286,292070,288961,14492,303453,4442
2021-05-30,Sacramento,067,1510023,106454,106252,1811,108063,1644
2021-05-30,San Benito,069,59416,6062,6072,119,6191,63
2021-05-30,San Bernardino,071,2135413,293097,292981,9344,302325,4758
2021-05-30,San Diego,073,3302833,281049,280209,14902,295111,3756
2021-05-30,San Francisco,075,870044,36751,37016,1370,38386,550
2021-05-30,San Joaquin,077,732212,73185,72853,3722,76575,1383
2021-05-30,San Luis Obispo,079,281455,21288,21211,776,21987,256
2021-05-30,San Mateo,081,765935,42411,42386,488,42874,439
2021-05-30,Santa Barbara,083,443738,34713,34369,1230,35599,456
2021-05-30,Santa Clara,085,1922200,118413,119510,789,120299,2057
2021-05-30,Santa Cruz,087,273765,16183,16140,868,17008,207
2021-05-30,Shasta,089,179085,12349,12408,1634,14042,199
2021-05-30,Sierra,091,2930,55,55,14,69,0
2021-05-30,Siskiyou,093,43540,1929,1856,377,2233,21
2021-05-30,Solano,095,438530,32932,32952,562,33514,256
2021-05-30,Sonoma,097,501317,30182,30310,345,30655,322
2021-05-30,Stanislaus,099,539301,56361,56323,6179,62502,973
2021-05-30,Sutter,101,95872,9523,9519,93,9612,111
2021-05-30,Tehama,103,63373,5080,5073,606,5679,63
2021-05-30,Trinity,105,12862,406,328,76,404,3
2021-05-30,Tulare,107,460477,49767,49397,9522,58919,845
2021-05-30,Tuolumne,109,53932,4084,4094,37,4131,63
2021-05-30,Ventura,111,848112,81258,81012,3084,84096,1021
2021-05-30,Yolo,113,214977,14025,14059,337,14396,210
2021-05-30,Yuba,115,75493,6066,6063,126,6189,48
2021-05-29,Alameda,001,1643700,88310,88433,2052,90485,1253
2021-05-29,Alpine,003,1148,88,88,0,88,0
2021-05-29,Amador,005,37829,3685,3683,34,3717,46
2021-05-29,Butte,007,227075,12533,12425,1898,14323,190
2021-05-29,Calaveras,009,45235,2171,2166,14,2180,55
2021-05-29,Colusa,011,21464,1948,1954,321,2275,15
2021-05-29,Contra Costa,013,1133247,69738,69351,1341,70692,813
2021-05-29,Del Norte,015,27424,1415,1391,13,1404,8
2021-05-29,El Dorado,017,186661,10282,10269,761,11030,110
2021-05-29,Fresno,019,978130,102412,102470,8977,111447,1706
2021-05-29,Glenn,021,27897,2423,2422,575,2997,18
2021-05-29,Humboldt,023,135768,4294,4283,37,4320,42
2021-05-29,Imperial,025,180216,28553,28729,2888,31617,736
2021-05-29,Inyo,027,18085,1403,1404,3,1407,35
2021-05-29,Kern,029,883053,97141,96424,11307,107731,1319
2021-05-29,Kings,031,150075,23051,22970,1181,24151,244
2021-05-29,Lake,033,64148,3536,3515,9,3524,45
2021-05-29,Lassen,035,31185,5207,5171,118,5289,6
2021-05-29,Los Angeles,037,10098052,1204030,1202264,43306,1245570,24359
2021-05-29,Madera,039,155013,16606,16535,960,17495,240
2021-05-29,Marin,041,260295,14081,14071,276,14347,229
2021-05-29,Mariposa,043,17540,433,428,11,439,5
2021-05-29,Mendocino,045,87422,4012,3952,78,4030,47
2021-05-29,Merced,047,269075,31095,31187,1004,32191,456
2021-05-29,Modoc,049,8938,381,374,131,505,3
2021-05-29,Mono,051,14174,1252,1275,13,1288,3
2021-05-29,Monterey,053,433212,43108,43042,1931,44973,379
2021-05-29,Napa,055,140530,9926,9948,34,9982,82
2021-05-29,Nevada,057,99092,4836,4816,198,5014,72
2021-05-29,Orange,059,3164182,255469,254537,11691,266228,5049
2021-05-29,Placer,061,380077,23283,23009,1557,24566,293
2021-05-29,Plumas,063,18699,705,689,12,701,4
2021-05-29,Riverside,065,2383286,292050,288908,14491,303399,4442
2021-05-29,Sacramento,067,1510023,106424,106218,1810,108028,1643
2021-05-29,San Benito,069,59416,6061,6072,119,6191,63
2021-05-29,San Bernardino,071,2135413,293065,292961,9343,302304,4757
2021-05-29,San Diego,073,3302833,280990,280151,14897,295048,3756
2021-05-29,San Francisco,075,870044,36742,37008,1370,38378,550
2021-05-29,San Joaquin,077,732212,73169,72827,3720,76547,1383
2021-05-29,San Luis Obispo,079,281455,21286,21201,776,21977,256
2021-05-29,San Mateo,081,765935,42404,42375,487,42862,439
2021-05-29,Santa Barbara,083,443738,34709,34367,1230,35597,456
2021-05-29,Santa Clara,085,1922200,118389,119498,788,120286,2056
2021-05-29,Santa Cruz,087,273765,16182,16137,868,17005,207
2021-05-29,Shasta,089,179085,12341,12401,1633,14034,199
2021-05-29,Sierra,091,2930,55,55,14,69,0
2021-05-29,Siskiyou,093,43540,1924,1856,377,2233,21
2021-05-29,Solano,095,438530,32923,32917,562,33479,256
2021-05-29,Sonoma,097,501317,30159,30298,344,30642,322
2021-05-29,Stanislaus,099,539301,56341,56305,6177,62482,974
2021-05-29,Sutter,101,95872,9519,9516,93,9609,111
2021-05-29,Tehama,103,63373,5079,5070,606,5676,63
2021-05-29,Trinity,105,12862,406,328,76,404,3
2021-05-29,Tulare,107,460477,49757,49392,9518,58910,845
2021-05-29,Tuolumne,109,53932,4084,4093,37,4130,63
2021-05-29,Ventura,111,848112,81250,81008,3084,84092,1021
2021-05-29,Yolo,113,214977,14024,14055,337,14392,210
2021-05-29,Yuba,115,75493,6066,6059,126,6185,48
2021-05-28,Alameda,001,1643700,88286,88391,2048,90439,1261
2021-05-28,Alpine,003,1148,88,88,0,88,0
2021-05-28,Amador,005,37829,3685,3680,34,3714,46
2021-05-28,Butte,007,227075,12530,12407,1897,14304,190
2021-05-28,Calaveras,009,45235,2170,2165,14,2179,55
2021-05-28,Colusa,011,21464,1948,1954,319,2273,15
2021-05-28,Contra Costa,013,1133247,69702,69290,1340,70630,813
2021-05-28,Del Norte,015,27424,1414,1390,13,1403,8
2021-05-28,El Dorado,017,186661,10279,10265,761,11026,110
2021-05-28,Fresno,019,978130,102397,102437,8977,111414,1705
2021-05-28,Glenn,021,27897,2423,2419,575,2994,18
2021-05-28,Humboldt,023,135768,4288,4265,37,4302,42
2021-05-28,Imperial,025,180216,28550,28722,2888,31610,736
2021-05-28,Inyo,027,18085,1403,1404,3,1407,35
2021-05-28,Kern,029,883053,97124,96396,11299,107695,1320
2021-05-28,Kings,031,150075,23049,22962,1181,24143,244
2021-05-28,Lake,033,64148,3534,3515,9,3524,45
2021-05-28,Lassen,035,31185,5207,5169,118,5287,6
2021-05-28,Los Angeles,037,10098052,1203921,1202103,43294,1245397,24357
2021-05-28,Madera,039,155013,16604,16530,960,17490,240
2021-05-28,Marin,041,260295,14080,14063,275,14338,229
2021-05-28,Mariposa,043,17540,433,428,11,439,5
2021-05-28,Mendocino,045,87422,4007,3947,78,4025,47
2021-05-28,Merced,047,269075,31092,31176,1004,32180,455
2021-05-28,Modoc,049,8938,381,374,131,505,3
2021-05-28,Mono,051,14174,1252,1274,13,1287,3
2021-05-28,Monterey,053,433212,43107,43036,1931,44967,379
2021-05-28,Napa,055,140530,9926,9941,34,9975,82
2021-05-28,Nevada,057,99092,4834,4813,198,5011,71
2021-05-28,Orange,059,3164182,255451,254494,11689,266183,5047
2021-05-28,Placer,061,380077,23273,22987,1555,24542,293
2021-05-28,Plumas,063,18699,703,688,12,700,4
2021-05-28,Riverside,065,2383286,292028,288872,14489,303361,4442
2021-05-28,Sacramento,067,1510023,106368,106131,1809,107940,1642
2021-05-28,San Benito,069,59416,6061,6074,119,6193,63
2021-05-28,San Bernardino,071,2135413,293042,292905,9343,302248,4757
2021-05-28,San Diego,073,3302833,280926,280043,14887,294930,3756
2021-05-28,San Francisco,075,870044,36736,36987,1370,38357,546
2021-05-28,San Joaquin,077,732212,73139,72793,3718,76511,1383
2021-05-28,San Luis Obispo,079,281455,21282,21190,774,21964,256
2021-05-28,San Mateo,081,765935,42398,42364,487,42851,439
2021-05-28,Santa Barbara,083,443738,34707,34371,1230,35601,455
2021-05-28,Santa Clara,085,1922200,118365,119462,788,120250,2056
2021-05-28,Santa Cruz,087,273765,16181,16129,868,16997,207
2021-05-28,Shasta,089,179085,12332,12383,1631,14014,198
2021-05-28,Sierra,091,2930,55,54,14,68,0
2021-05-28,Siskiyou,093,43540,1922,1850,377,2227,19
2021-05-28,Solano,095,438530,32908,32892,562,33454,256
2021-05-28,Sonoma,097,501317,30140,30270,344,30614,321
2021-05-28,Stanislaus,099,539301,56318,56278,6174,62452,974
2021-05-28,Sutter,101,95872,9515,9511,93,9604,111
2021-05-28,Tehama,103,63373,5073,5064,606,5670,63
2021-05-28,Trinity,105,12862,406,328,76,404,3
2021-05-28,Tulare,107,460477,49752,49375,9508,58883,846
2021-05-28,Tuolumne,109,53932,4084,4090,37,4127,63
2021-05-28,Ventura,111,848112,81239,80985,3083,84068,1021
2021-05-28,Yolo,113,214977,14020,14050,336,14386,210
2021-05-28,Yuba,115,75493,6064,6050,125,6175,48
2021-05-27,Alameda,001,1643700,88250,88342,2047,90389,1274
2021-05-27,Alpine,003,1148,88,88,0,88,0
2021-05-27,Amador,005,37829,3683,3680,34,3714,46
2021-05-27,Butte,007,227075,12524,12401,1896,14297,190
2021-05-27,Calaveras,009,45235,2169,2163,14,2177,55
2021-05-27,Colusa,011,21464,1945,1952,319,2271,15
2021-05-27,Contra Costa,013,1133247,69660,69245,1338,70583,813
2021-05-27,Del Norte,015,27424,1414,1388,13,1401,8
2021-05-27,El Dorado,017,186661,10278,10248,761,11009,112
2021-05-27,Fresno,019,978130,102381,102413,8974,111387,1704
2021-05-27,Glenn,021,27897,2423,2415,575,2990,18
2021-05-27,Humboldt,023,135768,4280,4260,37,4297,42
2021-05-27,Imperial,025,180216,28539,28728,2888,31616,736
2021-05-27,Inyo,027,18085,1403,1404,3,1407,35
2021-05-27,Kern,029,883053,97108,96364,11291,107655,1322
2021-05-27,Kings,031,150075,23046,22953,1181,24134,245
2021-05-27,Lake,033,64148,3529,3509,9,3518,45
2021-05-27,Lassen,035,31185,5206,5170,117,5287,6
2021-05-27,Los Angeles,037,10098052,1203760,1201927,43278,1245205,24348
2021-05-27,Madera,039,155013,16595,16527,960,17487,240
2021-05-27,Marin,041,260295,14076,14061,275,14336,229
2021-05-27,Mariposa,043,17540,431,427,11,438,5
2021-05-27,Mendocino,045,87422,4001,3945,78,4023,47
2021-05-27,Merced,047,269075,31080,31161,1004,32165,455
2021-05-27,Modoc,049,8938,380,374,131,505,3
2021-05-27,Mono,051,14174,1252,1276,13,1289,3
2021-05-27,Monterey,053,433212,43101,43032,1931,44963,379
2021-05-27,Napa,055,140530,9925,9934,34,9968,82
2021-05-27,Nevada,057,99092,4830,4807,196,5003,71
2021-05-27,Orange,059,3164182,255415,254438,11684,266122,5059
2021-05-27,Placer,061,380077,23264,22966,1555,24521,293
2021-05-27,Plumas,063,18699,703,687,12,699,4
2021-05-27,Riverside,065,2383286,291993,288835,14484,303319,4443
2021-05-27,Sacramento,067,1510023,106292,106015,1807,107822,1642
2021-05-27,San Benito,069,59416,6060,6074,119,6193,63
2021-05-27,San Bernardino,071,2135413,293006,292755,9341,302096,4756
2021-05-27,San Diego,073,3302833,280852,279960,14873,294833,3756
2021-05-27,San Francisco,075,870044,36731,36980,1366,38346,546
2021-05-27,San Joaquin,077,732212,73107,72714,3714,76428,1388
2021-05-27,San Luis Obispo,079,281455,21279,21171,774,21945,256
2021-05-27,San Mateo,081,765935,42389,42345,487,42832,436
2021-05-27,Santa Barbara,083,443738,34703,34355,1230,35585,456
2021-05-27,Santa Clara,085,1922200,118345,119452,788,120240,2053
2021-05-27,Santa Cruz,087,273765,16178,16134,868,17002,207
2021-05-27,Shasta,089,179085,12321,12380,1631,14011,202
2021-05-27,Sierra,091,2930,55,54,14,68,0
2021-05-27,Siskiyou,093,43540,1919,1846,377,2223,18
2021-05-27,Solano,095,438530,32867,32855,561,33416,257
2021-05-27,Sonoma,097,501317,30113,30253,340,30593,321
2021-05-27,Stanislaus,099,539301,56290,56207,6173,62380,974
2021-05-27,Sutter,101,95872,9511,9501,93,9594,111
2021-05-27,Tehama,103,63373,5070,5064,605,5669,63
2021-05-27,Trinity,105,12862,406,328,76,404,3
2021-05-27,Tulare,107,460477,49738,49366,9499,58865,840
2021-05-27,Tuolumne,109,53932,4083,4090,37,4127,66
2021-05-27,Ventura,111,848112,81226,80965,3080,84045,1023
2021-05-27,Yolo,113,214977,14017,14036,335,14371,213
2021-05-27,Yuba,115,75493,6059,6040,124,6164,48
2021-05-26,Alameda,001,1643700,88221,88297,2047,90344,1266
2021-05-26,Alpine,003,1148,88,88,0,88,0
2021-05-26,Amador,005,37829,3683,3679,34,3713,46
2021-05-26,Butte,007,227075,12515,12332,1895,14227,190
2021-05-26,Calaveras,009,45235,2167,2154,14,2168,55
2021-05-26,Colusa,011,21464,1944,1952,319,2271,15
2021-05-26,Contra Costa,013,1133247,69623,69210,1338,70548,812
2021-05-26,Del Norte,015,27424,1414,1386,12,1398,8
2021-05-26,El Dorado,017,186661,10274,10242,760,11002,112
2021-05-26,Fresno,019,978130,102349,102374,8969,111343,1702
2021-05-26,Glenn,021,27897,2422,2415,575,2990,18
2021-05-26,Humboldt,023,135768,4275,4246,37,4283,42
2021-05-26,Imperial,025,180216,28534,28712,2886,31598,734
2021-05-26,Inyo,027,18085,1403,1403,3,1406,36
2021-05-26,Kern,029,883053,97083,96343,11284,107627,1320
2021-05-26,Kings,031,150075,23042,22950,1180,24130,245
2021-05-26,Lake,033,64148,3528,3508,9,3517,45
2021-05-26,Lassen,035,31185,5205,5164,117,5281,6
2021-05-26,Los Angeles,037,10098052,1203596,1198100,43260,1241360,24221
2021-05-26,Madera,039,155013,16592,16520,960,17480,240
2021-05-26,Marin,041,260295,14073,14061,274,14335,227
2021-05-26,Mariposa,043,17540,431,427,11,438,5
2021-05-26,Mendocino,045,87422,3995,3938,78,4016,47
2021-05-26,Merced,047,269075,31071,31139,1004,32143,455
2021-05-26,Modoc,049,8938,380,371,130,501,3
2021-05-26,Mono,051,14174,1252,1274,13,1287,3
2021-05-26,Monterey,053,433212,43095,43018,1930,44948,379
2021-05-26,Napa,055,140530,9918,9932,32,9964,82
2021-05-26,Nevada,057,99092,4825,4803,196,4999,70
2021-05-26,Orange,059,3164182,255378,254368,11681,266049,5058
2021-05-26,Placer,061,380077,23240,22940,1555,24495,293
2021-05-26,Plumas,063,18699,702,685,12,697,4
2021-05-26,Riverside,065,2383286,291947,288782,14477,303259,4443
2021-05-26,Sacramento,067,1510023,106206,105919,1803,107722,1637
2021-05-26,San Benito,069,59416,6060,6074,119,6193,63
2021-05-26,San Bernardino,071,2135413,292970,292662,9340,302002,4755
2021-05-26,San Diego,073,3302833,280777,279859,14863,294722,3755
2021-05-26,San Francisco,075,870044,36719,36954,1366,38320,546
2021-05-26,San Joaquin,077,732212,73066,72681,3711,76392,1388
2021-05-26,San Luis Obispo,079,281455,21274,21163,774,21937,256
2021-05-26,San Mateo,081,765935,42380,42331,486,42817,436
2021-05-26,Santa Barbara,083,443738,34694,34348,1230,35578,459
2021-05-26,Santa Clara,085,1922200,118318,119421,787,120208,2031
2021-05-26,Santa Cruz,087,273765,16177,16139,868,17007,207
2021-05-26,Shasta,089,179085,12307,12357,1628,13985,202
2021-05-26,Sierra,091,2930,55,54,14,68,0
2021-05-26,Siskiyou,093,43540,1917,1847,375,2222,18
2021-05-26,Solano,095,438530,32831,32831,561,33392,257
2021-05-26,Sonoma,097,501317,30087,30230,340,30570,321
2021-05-26,Stanislaus,099,539301,56267,56193,6170,62363,974
2021-05-26,Sutter,101,95872,9506,9495,93,9588,112
2021-05-26,Tehama,103,63373,5069,5054,602,5656,63
2021-05-26,Trinity,105,12862,406,328,76,404,3
2021-05-26,Tulare,107,460477,49731,49352,9495,58847,839
2021-05-26,Tuolumne,109,53932,4079,4088,36,4124,66
2021-05-26,Ventura,111,848112,81203,80944,3078,84022,1023
2021-05-26,Yolo,113,214977,14014,14025,335,14360,213
2021-05-26,Yuba,115,75493,6054,6036,124,6160,49
2021-05-25,Alameda,001,1643700,88192,88237,2047,90284,1263
2021-05-25,Alpine,003,1148,88,88,0,88,0
2021-05-25,Amador,005,37829,3678,3676,34,3710,46
2021-05-25,Butte,007,227075,12504,12295,1894,14189,189
2021-05-25,Calaveras,009,45235,2165,2148,14,2162,55
2021-05-25,Colusa,011,21464,1943,1949,319,2268,15
2021-05-25,Contra Costa,013,1133247,69570,69167,1333,70500,809
2021-05-25,Del Norte,015,27424,1414,1385,12,1397,8
2021-05-25,El Dorado,017,186661,10267,10240,759,10999,112
2021-05-25,Fresno,019,978130,102327,102329,8969,111298,1701
2021-05-25,Glenn,021,27897,2421,2414,574,2988,17
2021-05-25,Humboldt,023,135768,4268,4231,35,4266,42
2021-05-25,Imperial,025,180216,28527,28586,2886,31472,735
2021-05-25,Inyo,027,18085,1403,1402,3,1405,36
2021-05-25,Kern,029,883053,97052,96319,11270,107589,1319
2021-05-25,Kings,031,150075,23036,22944,1179,24123,245
2021-05-25,Lake,033,64148,3527,3508,9,3517,44
2021-05-25,Lassen,035,31185,5201,5164,117,5281,6
2021-05-25,Los Angeles,037,10098052,1203419,1197940,43241,1241181,24212
2021-05-25,Madera,039,155013,16587,16519,959,17478,240
2021-05-25,Marin,041,260295,14067,14053,274,14327,227
2021-05-25,Mariposa,043,17540,430,427,11,438,5
2021-05-25,Mendocino,045,87422,3990,3928,78,4006,47
2021-05-25,Merced,047,269075,31050,31132,1004,32136,455
2021-05-25,Modoc,049,8938,379,367,130,497,3
2021-05-25,Mono,051,14174,1252,1274,13,1287,3
2021-05-25,Monterey,053,433212,43091,43012,1929,44941,379
2021-05-25,Napa,055,140530,9916,9926,32,9958,82
2021-05-25,Nevada,057,99092,4819,4795,196,4991,70
2021-05-25,Orange,059,3164182,255349,254321,11680,266001,5057
2021-05-25,Placer,061,380077,23229,22920,1553,24473,292
2021-05-25,Plumas,063,18699,702,684,12,696,4
2021-05-25,Riverside,065,2383286,291908,288725,14474,303199,4443
2021-05-25,Sacramento,067,1510023,106126,105828,1799,107627,1633
2021-05-25,San Benito,069,59416,6060,6073,119,6192,63
2021-05-25,San Bernardino,071,2135413,292910,292485,9339,301824,4755
2021-05-25,San Diego,073,3302833,280697,279786,14858,294644,3753
2021-05-25,San Francisco,075,870044,36696,36939,1366,38305,546
2021-05-25,San Joaquin,077,732212,73025,72628,3708,76336,1387
2021-05-25,San Luis Obispo,079,281455,21271,21153,774,21927,256
2021-05-25,San Mateo,081,765935,42370,42268,486,42754,435
2021-05-25,Santa Barbara,083,443738,34691,34337,1230,35567,459
2021-05-25,Santa Clara,085,1922200,118294,119393,786,120179,2032
2021-05-25,Santa Cruz,087,273765,16172,16141,868,17009,207
2021-05-25,Shasta,089,179085,12297,12328,1625,13953,202
2021-05-25,Sierra,091,2930,54,54,14,68,0
2021-05-25,Siskiyou,093,43540,1916,1845,374,2219,18
2021-05-25,Solano,095,438530,32813,32817,560,33377,256
2021-05-25,Sonoma,097,501317,30058,30207,339,30546,321
2021-05-25,Stanislaus,099,539301,56230,56168,6168,62336,974
2021-05-25,Sutter,101,95872,9502,9495,93,9588,112
2021-05-25,Tehama,103,63373,5067,5048,601,5649,63
2021-05-25,Trinity,105,12862,406,328,75,403,3
2021-05-25,Tulare,107,460477,49721,49326,9487,58813,838
2021-05-25,Tuolumne,109,53932,4079,4084,36,4120,66
2021-05-25,Ventura,111,848112,81185,80905,3078,83983,1022
2021-05-25,Yolo,113,214977,14007,14018,333,14351,213
2021-05-25,Yuba,115,75493,6047,6028,124,6152,49
2021-05-24,Alameda,001,1643700,88130,88182,2046,90228,1263
2021-05-24,Alpine,003,1148,88,88,0,88,0
2021-05-24,Amador,005,37829,3676,3675,34,3709,46
2021-05-24,Butte,007,227075,12491,12279,1891,14170,189
2021-05-24,Calaveras,009,45235,2164,2146,14,2160,54
2021-05-24,Colusa,011,21464,1943,1949,319,2268,15
2021-05-24,Contra Costa,013,1133247,69531,69107,1329,70436,809
2021-05-24,Del Norte,015,27424,1413,1384,12,1396,8
2021-05-24,El Dorado,017,186661,10257,10227,758,10985,112
2021-05-24,Fresno,019,978130,102286,102289,8967,111256,1698
2021-05-24,Glenn,021,27897,2421,2413,574,2987,17
2021-05-24,Humboldt,023,135768,4261,4225,35,4260,42
2021-05-24,Imperial,025,180216,28525,28575,2886,31461,735
2021-05-24,Inyo,027,18085,1403,1402,3,1405,36
2021-05-24,Kern,029,883053,97025,96296,11265,107561,1319
2021-05-24,Kings,031,150075,23032,22940,1179,24119,246
2021-05-24,Lake,033,64148,3525,3506,9,3515,43
2021-05-24,Lassen,035,31185,5197,5163,117,5280,6
2021-05-24,Los Angeles,037,10098052,1203247,1197782,43226,1241008,24201
2021-05-24,Madera,039,155013,16584,16513,958,17471,239
2021-05-24,Marin,041,260295,14065,14051,274,14325,227
2021-05-24,Mariposa,043,17540,429,427,11,438,5
2021-05-24,Mendocino,045,87422,3988,3919,78,3997,47
2021-05-24,Merced,047,269075,31040,31128,1003,32131,455
2021-05-24,Modoc,049,8938,379,366,129,495,3
2021-05-24,Mono,051,14174,1252,1270,13,1283,3
2021-05-24,Monterey,053,433212,43086,43005,1928,44933,379
2021-05-24,Napa,055,140530,9916,9924,32,9956,82
2021-05-24,Nevada,057,99092,4816,4790,196,4986,70
2021-05-24,Orange,059,3164182,255314,254287,11670,265957,5056
2021-05-24,Placer,061,380077,23210,22895,1552,24447,292
2021-05-24,Plumas,063,18699,701,683,12,695,4
2021-05-24,Riverside,065,2383286,291855,288669,14463,303132,4442
2021-05-24,Sacramento,067,1510023,106011,105716,1798,107514,1632
2021-05-24,San Benito,069,59416,6060,6072,119,6191,63
2021-05-24,San Bernardino,071,2135413,292872,292343,9338,301681,4747
2021-05-24,San Diego,073,3302833,280588,279715,14848,294563,3749
2021-05-24,San Francisco,075,870044,36677,36934,1365,38299,547
2021-05-24,San Joaquin,077,732212,72993,72586,3707,76293,1371
2021-05-24,San Luis Obispo,079,281455,21253,21146,773,21919,256
2021-05-24,San Mateo,081,765935,42360,42249,486,42735,433
2021-05-24,Santa Barbara,083,443738,34686,34322,1230,35552,459
2021-05-24,Santa Clara,085,1922200,118262,119358,786,120144,2030
2021-05-24,Santa Cruz,087,273765,16167,16135,868,17003,207
2021-05-24,Shasta,089,179085,12281,12315,1622,13937,201
2021-05-24,Sierra,091,2930,54,54,14,68,0
2021-05-24,Siskiyou,093,43540,1913,1840,374,2214,17
2021-05-24,Solano,095,438530,32789,32792,559,33351,254
2021-05-24,Sonoma,097,501317,30043,30187,339,30526,321
2021-05-24,Stanislaus,099,539301,56196,56128,6164,62292,974
2021-05-24,Sutter,101,95872,9496,9486,93,9579,113
2021-05-24,Tehama,103,63373,5064,5043,599,5642,63
2021-05-24,Trinity,105,12862,406,328,75,403,3
2021-05-24,Tulare,107,460477,49714,49318,9483,58801,838
2021-05-24,Tuolumne,109,53932,4079,4083,36,4119,65
2021-05-24,Ventura,111,848112,81172,80876,3076,83952,1022
2021-05-24,Yolo,113,214977,13990,14012,330,14342,213
2021-05-24,Yuba,115,75493,6038,6022,124,6146,49
2021-05-23,Alameda,001,1643700,88059,88157,2043,90200,1263
2021-05-23,Alpine,003,1148,88,88,0,88,0
2021-05-23,Amador,005,37829,3675,3673,34,3707,46
2021-05-23,Butte,007,227075,12477,12271,1890,14161,189
2021-05-23,Calaveras,009,45235,2155,2144,14,2158,54
2021-05-23,Colusa,011,21464,1943,1949,317,2266,15
2021-05-23,Contra Costa,013,1133247,69486,69075,1327,70402,809
2021-05-23,Del Norte,015,27424,1409,1383,12,1395,8
2021-05-23,El Dorado,017,186661,10251,10222,758,10980,112
2021-05-23,Fresno,019,978130,102242,102270,8962,111232,1698
2021-05-23,Glenn,021,27897,2419,2413,574,2987,17
2021-05-23,Humboldt,023,135768,4244,4216,35,4251,42
2021-05-23,Imperial,025,180216,28519,28569,2885,31454,735
2021-05-23,Inyo,027,18085,1403,1402,3,1405,36
2021-05-23,Kern,029,883053,97002,96282,11256,107538,1319
2021-05-23,Kings,031,150075,23019,22939,1177,24116,246
2021-05-23,Lake,033,64148,3522,3504,9,3513,43
2021-05-23,Lassen,035,31185,5193,5163,116,5279,6
2021-05-23,Los Angeles,037,10098052,1203063,1197633,43214,1240847,24197
2021-05-23,Madera,039,155013,16579,16504,957,17461,239
2021-05-23,Marin,041,260295,14056,14048,273,14321,227
2021-05-23,Mariposa,043,17540,429,427,11,438,5
2021-05-23,Mendocino,045,87422,3982,3913,77,3990,47
2021-05-23,Merced,047,269075,31030,31118,1003,32121,455
2021-05-23,Modoc,049,8938,375,366,129,495,3
2021-05-23,Mono,051,14174,1251,1270,13,1283,3
2021-05-23,Monterey,053,433212,43076,43003,1928,44931,379
2021-05-23,Napa,055,140530,9912,9923,32,9955,82
2021-05-23,Nevada,057,99092,4806,4790,196,4986,70
2021-05-23,Orange,059,3164182,255276,254277,11663,265940,5050
2021-05-23,Placer,061,380077,23190,22888,1552,24440,292
2021-05-23,Plumas,063,18699,700,683,12,695,4
2021-05-23,Riverside,065,2383286,291787,288641,14459,303100,4442
2021-05-23,Sacramento,067,1510023,105895,105663,1796,107459,1632
2021-05-23,San Benito,069,59416,6059,6072,119,6191,63
2021-05-23,San Bernardino,071,2135413,292821,292327,9337,301664,4747
2021-05-23,San Diego,073,3302833,280498,279690,14837,294527,3751
2021-05-23,San Francisco,075,870044,36666,36927,1364,38291,547
2021-05-23,San Joaquin,077,732212,72944,72571,3704,76275,1371
2021-05-23,San Luis Obispo,079,281455,21243,21141,772,21913,256
2021-05-23,San Mateo,081,765935,42343,42248,486,42734,433
2021-05-23,Santa Barbara,083,443738,34679,34319,1230,35549,459
2021-05-23,Santa Clara,085,1922200,118238,119333,786,120119,2030
2021-05-23,Santa Cruz,087,273765,16164,16130,868,16998,207
2021-05-23,Shasta,089,179085,12264,12313,1618,13931,201
2021-05-23,Sierra,091,2930,54,54,14,68,0
2021-05-23,Siskiyou,093,43540,1908,1826,367,2193,17
2021-05-23,Solano,095,438530,32771,32780,558,33338,254
2021-05-23,Sonoma,097,501317,30014,30168,338,30506,321
2021-05-23,Stanislaus,099,539301,56146,56104,6161,62265,974
2021-05-23,Sutter,101,95872,9487,9479,93,9572,113
2021-05-23,Tehama,103,63373,5057,5041,597,5638,63
2021-05-23,Trinity,105,12862,406,328,75,403,3
2021-05-23,Tulare,107,460477,49700,49310,9479,58789,838
2021-05-23,Tuolumne,109,53932,4076,4081,36,4117,65
2021-05-23,Ventura,111,848112,81142,80872,3075,83947,1022
2021-05-23,Yolo,113,214977,13978,14004,327,14331,213
2021-05-23,Yuba,115,75493,6033,6017,124,6141,49
2021-05-22,Alameda,001,1643700,88034,88101,2042,90143,1263
2021-05-22,Alpine,003,1148,88,88,0,88,0
2021-05-22,Amador,005,37829,3674,3672,34,3706,46
2021-05-22,Butte,007,227075,12465,12265,1889,14154,189
2021-05-22,Calaveras,009,45235,2152,2141,14,2155,54
2021-05-22,Colusa,011,21464,1939,1949,316,2265,15
2021-05-22,Contra Costa,013,1133247,69453,69004,1326,70330,809
2021-05-22,Del Norte,015,27424,1408,1381,12,1393,8
2021-05-22,El Dorado,017,186661,10246,10215,758,10973,112
2021-05-22,Fresno,019,978130,102228,102238,8960,111198,1698
2021-05-22,Glenn,021,27897,2419,2412,574,2986,17
2021-05-22,Humboldt,023,135768,4235,4194,34,4228,42
2021-05-22,Imperial,025,180216,28510,28574,2885,31459,735
2021-05-22,Inyo,027,18085,1403,1402,3,1405,36
2021-05-22,Kern,029,883053,96990,96260,11249,107509,1319
2021-05-22,Kings,031,150075,23019,22936,1177,24113,246
2021-05-22,Lake,033,64148,3519,3502,9,3511,43
2021-05-22,Lassen,035,31185,5193,5163,116,5279,6
2021-05-22,Los Angeles,037,10098052,1202957,1197454,43205,1240659,24192
2021-05-22,Madera,039,155013,16576,16503,957,17460,239
2021-05-22,Marin,041,260295,14053,14043,273,14316,227
2021-05-22,Mariposa,043,17540,429,427,11,438,5
2021-05-22,Mendocino,045,87422,3976,3908,77,3985,47
2021-05-22,Merced,047,269075,31020,31099,1003,32102,455
2021-05-22,Modoc,049,8938,375,366,129,495,3
2021-05-22,Mono,051,14174,1249,1270,13,1283,3
2021-05-22,Monterey,053,433212,43070,42998,1928,44926,379
2021-05-22,Napa,055,140530,9910,9918,32,9950,82
2021-05-22,Nevada,057,99092,4799,4787,195,4982,70
2021-05-22,Orange,059,3164182,255255,254238,11657,265895,5048
2021-05-22,Placer,061,380077,23176,22865,1551,24416,292
2021-05-22,Plumas,063,18699,699,683,12,695,4
2021-05-22,Riverside,065,2383286,291757,288580,14458,303038,4442
2021-05-22,Sacramento,067,1510023,105820,105551,1793,107344,1632
2021-05-22,San Benito,069,59416,6059,6071,119,6190,63
2021-05-22,San Bernardino,071,2135413,292796,292292,9337,301629,4747
2021-05-22,San Diego,073,3302833,280439,279614,14829,294443,3751
2021-05-22,San Francisco,075,870044,36656,36906,1362,38268,547
2021-05-22,San Joaquin,077,732212,72922,72528,3701,76229,1371
2021-05-22,San Luis Obispo,079,281455,21235,21134,771,21905,256
2021-05-22,San Mateo,081,765935,42333,42218,486,42704,433
2021-05-22,Santa Barbara,083,443738,34675,34313,1229,35542,459
2021-05-22,Santa Clara,085,1922200,118215,119292,786,120078,2030
2021-05-22,Santa Cruz,087,273765,16164,16125,868,16993,207
2021-05-22,Shasta,089,179085,12258,12307,1615,13922,201
2021-05-22,Sierra,091,2930,54,54,14,68,0
2021-05-22,Siskiyou,093,43540,1907,1824,366,2190,17
2021-05-22,Solano,095,438530,32758,32753,558,33311,254
2021-05-22,Sonoma,097,501317,30002,30154,338,30492,321
2021-05-22,Stanislaus,099,539301,56121,56069,6159,62228,974
2021-05-22,Sutter,101,95872,9482,9476,93,9569,113
2021-05-22,Tehama,103,63373,5056,5036,597,5633,63
2021-05-22,Trinity,105,12862,406,328,75,403,3
2021-05-22,Tulare,107,460477,49694,49299,9474,58773,838
2021-05-22,Tuolumne,109,53932,4076,4078,36,4114,65
2021-05-22,Ventura,111,848112,81138,80859,3075,83934,1022
2021-05-22,Yolo,113,214977,13976,13997,327,14324,213
2021-05-22,Yuba,115,75493,6030,6010,124,6134,49
2021-05-21,Alameda,001,1643700,88007,88041,2041,90082,1263
2021-05-21,Alpine,003,1148,88,88,0,88,0
2021-05-21,Amador,005,37829,3671,3672,34,3706,46
2021-05-21,Butte,007,227075,12458,12236,1887,14123,188
2021-05-21,Calaveras,009,45235,2150,2138,14,2152,54
2021-05-21,Colusa,011,21464,1939,1947,316,2263,15
2021-05-21,Contra Costa,013,1133247,69410,68965,1325,70290,810
2021-05-21,Del Norte,015,27424,1407,1376,12,1388,8
2021-05-21,El Dorado,017,186661,10242,10204,758,10962,112
2021-05-21,Fresno,019,978130,102200,102189,8958,111147,1698
2021-05-21,Glenn,021,27897,2419,2408,574,2982,17
2021-05-21,Humboldt,023,135768,4228,4175,34,4209,42
2021-05-21,Imperial,025,180216,28503,28572,2884,31456,732
2021-05-21,Inyo,027,18085,1403,1402,3,1405,36
2021-05-21,Kern,029,883053,96976,96233,11242,107475,1318
2021-05-21,Kings,031,150075,23019,22927,1177,24104,246
2021-05-21,Lake,033,64148,3517,3500,9,3509,43
2021-05-21,Lassen,035,31185,5192,5161,116,5277,6
2021-05-21,Los Angeles,037,10098052,1202847,1197263,43196,1240459,24180
2021-05-21,Madera,039,155013,16575,16500,956,17456,238
2021-05-21,Marin,041,260295,14048,14042,273,14315,227
2021-05-21,Mariposa,043,17540,428,427,11,438,5
2021-05-21,Mendocino,045,87422,3970,3897,77,3974,47
2021-05-21,Merced,047,269075,31012,31076,1003,32079,455
2021-05-21,Modoc,049,8938,375,365,129,494,3
2021-05-21,Mono,051,14174,1249,1269,13,1282,3
2021-05-21,Monterey,053,433212,43068,42995,1928,44923,379
2021-05-21,Napa,055,140530,9906,9913,32,9945,82
2021-05-21,Nevada,057,99092,4798,4779,195,4974,70
2021-05-21,Orange,059,3164182,255236,254171,11654,265825,5042
2021-05-21,Placer,061,380077,23168,22853,1551,24404,292
2021-05-21,Plumas,063,18699,699,683,11,694,4
2021-05-21,Riverside,065,2383286,291730,288499,14451,302950,4442
2021-05-21,Sacramento,067,1510023,105753,105476,1790,107266,1632
2021-05-21,San Benito,069,59416,6059,6068,119,6187,63
2021-05-21,San Bernardino,071,2135413,292765,292205,9334,301539,4744
2021-05-21,San Diego,073,3302833,280368,279554,14819,294373,3748
2021-05-21,San Francisco,075,870044,36650,36879,1362,38241,546
2021-05-21,San Joaquin,077,732212,72903,72467,3699,76166,1371
2021-05-21,San Luis Obispo,079,281455,21229,21128,768,21896,256
2021-05-21,San Mateo,081,765935,42320,42163,485,42648,432
2021-05-21,Santa Barbara,083,443738,34670,34302,1229,35531,459
2021-05-21,Santa Clara,085,1922200,118188,119247,786,120033,2029
2021-05-21,Santa Cruz,087,273765,16160,16120,868,16988,207
2021-05-21,Shasta,089,179085,12241,12289,1613,13902,201
2021-05-21,Sierra,091,2930,54,54,14,68,0
2021-05-21,Siskiyou,093,43540,1906,1815,366,2181,16
2021-05-21,Solano,095,438530,32743,32742,558,33300,254
2021-05-21,Sonoma,097,501317,29989,30126,338,30464,321
2021-05-21,Stanislaus,099,539301,56089,56036,6157,62193,975
2021-05-21,Sutter,101,95872,9480,9470,93,9563,113
2021-05-21,Tehama,103,63373,5050,5030,597,5627,63
2021-05-21,Trinity,105,12862,406,329,74,403,3
2021-05-21,Tulare,107,460477,49689,49271,9472,58743,838
2021-05-21,Tuolumne,109,53932,4074,4079,36,4115,65
2021-05-21,Ventura,111,848112,81130,80821,3072,83893,1021
2021-05-21,Yolo,113,214977,13969,13983,327,14310,213
2021-05-21,Yuba,115,75493,6024,6006,124,6130,49
2021-05-20,Alameda,001,1643700,87960,87975,2040,90015,1264
2021-05-20,Alpine,003,1148,88,88,0,88,0
2021-05-20,Amador,005,37829,3670,3671,34,3705,46
2021-05-20,Butte,007,227075,12451,12220,1884,14104,188
2021-05-20,Calaveras,009,45235,2146,2138,14,2152,54
2021-05-20,Colusa,011,21464,1938,1946,314,2260,15
2021-05-20,Contra Costa,013,1133247,69365,68913,1323,70236,809
2021-05-20,Del Norte,015,27424,1407,1373,12,1385,8
2021-05-20,El Dorado,017,186661,10233,10188,758,10946,112
2021-05-20,Fresno,019,978130,102179,102135,8956,111091,1696
2021-05-20,Glenn,021,27897,2415,2406,574,2980,17
2021-05-20,Humboldt,023,135768,4211,4162,33,4195,42
2021-05-20,Imperial,025,180216,28498,28551,2884,31435,732
2021-05-20,Inyo,027,18085,1403,1402,3,1405,36
2021-05-20,Kern,029,883053,96955,96204,11235,107439,1317
2021-05-20,Kings,031,150075,23017,22922,1177,24099,246
2021-05-20,Lake,033,64148,3514,3500,9,3509,43
2021-05-20,Lassen,035,31185,5190,5160,115,5275,6
2021-05-20,Los Angeles,037,10098052,1202692,1197073,43186,1240259,24168
2021-05-20,Madera,039,155013,16569,16499,954,17453,238
2021-05-20,Marin,041,260295,14044,14036,272,14308,227
2021-05-20,Mariposa,043,17540,428,426,11,437,5
2021-05-20,Mendocino,045,87422,3963,3897,77,3974,47
2021-05-20,Merced,047,269075,30999,31046,1002,32048,454
2021-05-20,Modoc,049,8938,375,365,129,494,3
2021-05-20,Mono,051,14174,1248,1269,13,1282,3
2021-05-20,Monterey,053,433212,43062,42984,1927,44911,379
2021-05-20,Napa,055,140530,9903,9913,32,9945,82
2021-05-20,Nevada,057,99092,4797,4775,195,4970,70
2021-05-20,Orange,059,3164182,255192,254127,11651,265778,5038
2021-05-20,Placer,061,380077,23156,22823,1549,24372,292
2021-05-20,Plumas,063,18699,697,682,11,693,4
2021-05-20,Riverside,065,2383286,291684,288453,14446,302899,4442
2021-05-20,Sacramento,067,1510023,105657,105414,1787,107201,1629
2021-05-20,San Benito,069,59416,6058,6067,119,6186,63
2021-05-20,San Bernardino,071,2135413,292719,292153,9333,301486,4728
2021-05-20,San Diego,073,3302833,280280,279490,14807,294297,3749
2021-05-20,San Francisco,075,870044,36641,36860,1362,38222,546
2021-05-20,San Joaquin,077,732212,72865,72388,3697,76085,1371
2021-05-20,San Luis Obispo,079,281455,21217,21095,766,21861,256
2021-05-20,San Mateo,081,765935,42306,42152,483,42635,432
2021-05-20,Santa Barbara,083,443738,34666,34293,1229,35522,459
2021-05-20,Santa Clara,085,1922200,118167,119222,786,120008,2029
2021-05-20,Santa Cruz,087,273765,16155,16119,868,16987,207
2021-05-20,Shasta,089,179085,12229,12266,1609,13875,200
2021-05-20,Sierra,091,2930,54,54,14,68,0
2021-05-20,Siskiyou,093,43540,1899,1811,365,2176,16
2021-05-20,Solano,095,438530,32728,32725,558,33283,253
2021-05-20,Sonoma,097,501317,29972,30107,337,30444,321
2021-05-20,Stanislaus,099,539301,56058,55979,6155,62134,970
2021-05-20,Sutter,101,95872,9476,9467,93,9560,113
2021-05-20,Tehama,103,63373,5048,5029,597,5626,63
2021-05-20,Trinity,105,12862,406,329,73,402,3
2021-05-20,Tulare,107,460477,49678,49217,9469,58686,837
2021-05-20,Tuolumne,109,53932,4073,4077,36,4113,65
2021-05-20,Ventura,111,848112,81119,80800,3072,83872,1019
2021-05-20,Yolo,113,214977,13964,13973,327,14300,211
2021-05-20,Yuba,115,75493,6015,6002,124,6126,49
2021-05-19,Alameda,001,1643700,87919,87889,2038,89927,1260
2021-05-19,Alpine,003,1148,88,88,0,88,0
2021-05-19,Amador,005,37829,3670,3669,34,3703,46
2021-05-19,Butte,007,227075,12441,12198,1884,14082,188
2021-05-19,Calaveras,009,45235,2142,2132,14,2146,54
2021-05-19,Colusa,011,21464,1938,1945,312,2257,15
2021-05-19,Contra Costa,013,1133247,69318,68836,1323,70159,808
2021-05-19,Del Norte,015,27424,1405,1371,12,1383,8
2021-05-19,El Dorado,017,186661,10228,10179,757,10936,112
2021-05-19,Fresno,019,978130,102148,102085,8952,111037,1693
2021-05-19,Glenn,021,27897,2415,2404,574,2978,17
2021-05-19,Humboldt,023,135768,4201,4143,33,4176,42
2021-05-19,Imperial,025,180216,28489,28550,2884,31434,732
2021-05-19,Inyo,027,18085,1403,1402,3,1405,36
2021-05-19,Kern,029,883053,96927,96173,11227,107400,1316
2021-05-19,Kings,031,150075,23011,22919,1177,24096,246
2021-05-19,Lake,033,64148,3514,3497,9,3506,43
2021-05-19,Lassen,035,31185,5189,5157,115,5272,6
2021-05-19,Los Angeles,037,10098052,1202499,1196856,43171,1240027,24143
2021-05-19,Madera,039,155013,16566,16496,954,17450,238
2021-05-19,Marin,041,260295,14040,14033,270,14303,227
2021-05-19,Mariposa,043,17540,428,425,11,436,5
2021-05-19,Mendocino,045,87422,3959,3886,77,3963,47
2021-05-19,Merced,047,269075,30983,31044,1002,32046,452
2021-05-19,Modoc,049,8938,375,364,127,491,3
2021-05-19,Mono,051,14174,1248,1266,13,1279,3
2021-05-19,Monterey,053,433212,43057,42973,1926,44899,379
2021-05-19,Napa,055,140530,9900,9906,32,9938,82
2021-05-19,Nevada,057,99092,4795,4769,195,4964,70
2021-05-19,Orange,059,3164182,255155,254087,11641,265728,5035
2021-05-19,Placer,061,380077,23138,22784,1543,24327,291
2021-05-19,Plumas,063,18699,697,682,11,693,4
2021-05-19,Riverside,065,2383286,291638,288398,14444,302842,4442
2021-05-19,Sacramento,067,1510023,105580,105225,1786,107011,1629
2021-05-19,San Benito,069,59416,6057,6064,119,6183,63
2021-05-19,San Bernardino,071,2135413,292675,292078,9330,301408,4725
2021-05-19,San Diego,073,3302833,280196,279345,14786,294131,3746
2021-05-19,San Francisco,075,870044,36628,36835,1361,38196,546
2021-05-19,San Joaquin,077,732212,72822,72338,3692,76030,1369
2021-05-19,San Luis Obispo,079,281455,21209,21085,765,21850,256
2021-05-19,San Mateo,081,765935,42299,42126,483,42609,429
2021-05-19,Santa Barbara,083,443738,34658,34292,1229,35521,459
2021-05-19,Santa Clara,085,1922200,118127,119176,785,119961,2015
2021-05-19,Santa Cruz,087,273765,16151,16121,867,16988,207
2021-05-19,Shasta,089,179085,12211,12233,1605,13838,200
2021-05-19,Sierra,091,2930,54,54,14,68,0
2021-05-19,Siskiyou,093,43540,1896,1803,364,2167,16
2021-05-19,Solano,095,438530,32701,32678,556,33234,253
2021-05-19,Sonoma,097,501317,29957,30080,337,30417,321
2021-05-19,Stanislaus,099,539301,56036,55912,6150,62062,967
2021-05-19,Sutter,101,95872,9469,9459,92,9551,113
2021-05-19,Tehama,103,63373,5040,5026,594,5620,63
2021-05-19,Trinity,105,12862,406,329,73,402,3
2021-05-19,Tulare,107,460477,49666,49163,9464,58627,837
2021-05-19,Tuolumne,109,53932,4073,4074,36,4110,64
2021-05-19,Ventura,111,848112,81103,80747,3071,83818,1019
2021-05-19,Yolo,113,214977,13958,13961,326,14287,211
2021-05-19,Yuba,115,75493,6011,5993,124,6117,49
2021-05-18,Alameda,001,1643700,87846,87816,2038,89854,1254
2021-05-18,Alpine,003,1148,88,88,0,88,0
2021-05-18,Amador,005,37829,3670,3669,34,3703,46
2021-05-18,Butte,007,227075,12429,12164,1881,14045,191
2021-05-18,Calaveras,009,45235,2138,2131,14,2145,54
2021-05-18,Colusa,011,21464,1938,1943,312,2255,14
2021-05-18,Contra Costa,013,1133247,69261,68750,1322,70072,808
2021-05-18,Del Norte,015,27424,1402,1371,12,1383,8
2021-05-18,El Dorado,017,186661,10217,10169,756,10925,112
2021-05-18,Fresno,019,978130,102111,102056,8949,111005,1690
2021-05-18,Glenn,021,27897,2409,2403,573,2976,17
2021-05-18,Humboldt,023,135768,4183,4132,33,4165,42
2021-05-18,Imperial,025,180216,28483,28538,2882,31420,730
2021-05-18,Inyo,027,18085,1403,1401,3,1404,36
2021-05-18,Kern,029,883053,96893,96128,11213,107341,1315
2021-05-18,Kings,031,150075,23005,22916,1177,24093,247
2021-05-18,Lake,033,64148,3512,3495,9,3504,43
2021-05-18,Lassen,035,31185,5188,5157,114,5271,6
2021-05-18,Los Angeles,037,10098052,1202322,1196668,43158,1239826,24133
2021-05-18,Madera,039,155013,16556,16491,954,17445,238
2021-05-18,Marin,041,260295,14037,14026,270,14296,227
2021-05-18,Mariposa,043,17540,428,424,11,435,5
2021-05-18,Mendocino,045,87422,3948,3877,76,3953,47
2021-05-18,Merced,047,269075,30964,31036,1002,32038,452
2021-05-18,Modoc,049,8938,374,364,126,490,3
2021-05-18,Mono,051,14174,1247,1265,13,1278,3
2021-05-18,Monterey,053,433212,43051,43001,1926,44927,379
2021-05-18,Napa,055,140530,9900,9905,32,9937,82
2021-05-18,Nevada,057,99092,4788,4762,195,4957,70
2021-05-18,Orange,059,3164182,255115,254041,11631,265672,5031
2021-05-18,Placer,061,380077,23105,22726,1539,24265,291
2021-05-18,Plumas,063,18699,697,682,11,693,4
2021-05-18,Riverside,065,2383286,291585,288354,14437,302791,4438
2021-05-18,Sacramento,067,1510023,105479,105083,1784,106867,1629
2021-05-18,San Benito,069,59416,6056,6065,119,6184,63
2021-05-18,San Bernardino,071,2135413,292622,292014,9325,301339,4722
2021-05-18,San Diego,073,3302833,280088,279254,14777,294031,3742
2021-05-18,San Francisco,075,870044,36608,36818,1361,38179,546
2021-05-18,San Joaquin,077,732212,72776,72282,3688,75970,1368
2021-05-18,San Luis Obispo,079,281455,21199,21080,763,21843,256
2021-05-18,San Mateo,081,765935,42287,42099,482,42581,428
2021-05-18,Santa Barbara,083,443738,34649,34278,1229,35507,459
2021-05-18,Santa Clara,085,1922200,118100,119171,785,119956,2014
2021-05-18,Santa Cruz,087,273765,16143,16137,867,17004,207
2021-05-18,Shasta,089,179085,12193,12197,1598,13795,200
2021-05-18,Sierra,091,2930,54,54,14,68,0
2021-05-18,Siskiyou,093,43540,1895,1799,364,2163,16
2021-05-18,Solano,095,438530,32676,32644,556,33200,253
2021-05-18,Sonoma,097,501317,29937,30054,336,30390,321
2021-05-18,Stanislaus,099,539301,55998,55860,6150,62010,959
2021-05-18,Sutter,101,95872,9461,9453,92,9545,113
2021-05-18,Tehama,103,63373,5036,5020,591,5611,63
2021-05-18,Trinity,105,12862,406,329,72,401,3
2021-05-18,Tulare,107,460477,49658,49142,9459,58601,836
2021-05-18,Tuolumne,109,53932,4071,4073,36,4109,64
2021-05-18,Ventura,111,848112,81088,80726,3068,83794,1017
2021-05-18,Yolo,113,214977,13951,13951,325,14276,211
2021-05-18,Yuba,115,75493,6007,5989,123,6112,49
2021-05-17,Alameda,001,1643700,87794,87766,2035,89801,1253
2021-05-17,Alpine,003,1148,88,88,0,88,0
2021-05-17,Amador,005,37829,3667,3668,34,3702,46
2021-05-17,Butte,007,227075,12421,12144,1881,14025,192
2021-05-17,Calaveras,009,45235,2138,2131,14,2145,53
2021-05-17,Colusa,011,21464,1938,1943,312,2255,14
2021-05-17,Contra Costa,013,1133247,69206,68720,1321,70041,805
2021-05-17,Del Norte,015,27424,1397,1369,12,1381,8
2021-05-17,El Dorado,017,186661,10200,10163,756,10919,112
2021-05-17,Fresno,019,978130,102068,102013,8942,110955,1690
2021-05-17,Glenn,021,27897,2409,2401,573,2974,17
2021-05-17,Humboldt,023,135768,4172,4112,33,4145,42
2021-05-17,Imperial,025,180216,28478,28533,2879,31412,729
2021-05-17,Inyo,027,18085,1403,1401,3,1404,36
2021-05-17,Kern,029,883053,96864,96095,11196,107291,1315
2021-05-17,Kings,031,150075,23002,22918,1177,24095,246
2021-05-17,Lake,033,64148,3507,3489,9,3498,43
2021-05-17,Lassen,035,31185,5185,5156,113,5269,6
2021-05-17,Los Angeles,037,10098052,1202148,1196556,43152,1239708,24123
2021-05-17,Madera,039,155013,16550,16486,954,17440,238
2021-05-17,Marin,041,260295,14031,14021,270,14291,227
2021-05-17,Mariposa,043,17540,427,423,11,434,5
2021-05-17,Mendocino,045,87422,3939,3868,76,3944,46
2021-05-17,Merced,047,269075,30949,31031,1002,32033,450
2021-05-17,Modoc,049,8938,373,362,126,488,3
2021-05-17,Mono,051,14174,1243,1265,13,1278,3
2021-05-17,Monterey,053,433212,43044,42995,1926,44921,379
2021-05-17,Napa,055,140530,9899,9894,32,9926,82
2021-05-17,Nevada,057,99092,4784,4761,194,4955,70
2021-05-17,Orange,059,3164182,255069,253993,11624,265617,5031
2021-05-17,Placer,061,380077,23079,22706,1532,24238,289
2021-05-17,Plumas,063,18699,697,682,11,693,4
2021-05-17,Riverside,065,2383286,291520,288304,14433,302737,4433
2021-05-17,Sacramento,067,1510023,105372,105035,1782,106817,1629
2021-05-17,San Benito,069,59416,6053,6067,119,6186,63
2021-05-17,San Bernardino,071,2135413,292574,291989,9318,301307,4724
2021-05-17,San Diego,073,3302833,279956,279146,14755,293901,3742
2021-05-17,San Francisco,075,870044,36596,36816,1359,38175,546
2021-05-17,San Joaquin,077,732212,72738,72234,3684,75918,1359
2021-05-17,San Luis Obispo,079,281455,21190,21079,761,21840,256
2021-05-17,San Mateo,081,765935,42259,42083,482,42565,428
2021-05-17,Santa Barbara,083,443738,34642,34275,1229,35504,459
2021-05-17,Santa Clara,085,1922200,118063,119116,783,119899,2015
2021-05-17,Santa Cruz,087,273765,16140,16151,867,17018,206
2021-05-17,Shasta,089,179085,12171,12163,1597,13760,200
2021-05-17,Sierra,091,2930,54,54,14,68,0
2021-05-17,Siskiyou,093,43540,1886,1795,361,2156,15
2021-05-17,Solano,095,438530,32658,32627,556,33183,253
2021-05-17,Sonoma,097,501317,29914,30043,335,30378,321
2021-05-17,Stanislaus,099,539301,55947,55839,6143,61982,951
2021-05-17,Sutter,101,95872,9454,9447,92,9539,113
2021-05-17,Tehama,103,63373,5033,5016,590,5606,63
2021-05-17,Trinity,105,12862,406,328,72,400,3
2021-05-17,Tulare,107,460477,49636,49107,9452,58559,836
2021-05-17,Tuolumne,109,53932,4071,4071,36,4107,64
2021-05-17,Ventura,111,848112,81068,80699,3068,83767,1017
2021-05-17,Yolo,113,214977,13945,13941,325,14266,211
2021-05-17,Yuba,115,75493,5999,5987,123,6110,49
2021-05-16,Alameda,001,1643700,87730,87743,2035,89778,1253
2021-05-16,Alpine,003,1148,88,88,0,88,0
2021-05-16,Amador,005,37829,3666,3667,34,3701,46
2021-05-16,Butte,007,227075,12407,12140,1881,14021,192
2021-05-16,Calaveras,009,45235,2136,2129,14,2143,53
2021-05-16,Colusa,011,21464,1936,1943,312,2255,14
2021-05-16,Contra Costa,013,1133247,69138,68694,1318,70012,805
2021-05-16,Del Norte,015,27424,1394,1365,12,1377,8
2021-05-16,El Dorado,017,186661,10184,10159,755,10914,112
2021-05-16,Fresno,019,978130,102024,101987,8936,110923,1690
2021-05-16,Glenn,021,27897,2409,2401,572,2973,17
2021-05-16,Humboldt,023,135768,4157,4104,33,4137,42
2021-05-16,Imperial,025,180216,28467,28516,2878,31394,729
2021-05-16,Inyo,027,18085,1403,1401,3,1404,36
2021-05-16,Kern,029,883053,96831,96083,11175,107258,1315
2021-05-16,Kings,031,150075,22998,22918,1174,24092,246
2021-05-16,Lake,033,64148,3504,3489,9,3498,43
2021-05-16,Lassen,035,31185,5184,5156,113,5269,6
2021-05-16,Los Angeles,037,10098052,1201928,1196397,43135,1239532,24120
2021-05-16,Madera,039,155013,16545,16483,951,17434,238
2021-05-16,Marin,041,260295,14028,14015,270,14285,227
2021-05-16,Mariposa,043,17540,427,423,11,434,5
2021-05-16,Mendocino,045,87422,3929,3863,76,3939,46
2021-05-16,Merced,047,269075,30928,31023,1000,32023,450
2021-05-16,Modoc,049,8938,373,362,126,488,3
2021-05-16,Mono,051,14174,1243,1265,13,1278,3
2021-05-16,Monterey,053,433212,43039,42991,1926,44917,379
2021-05-16,Napa,055,140530,9896,9891,32,9923,82
2021-05-16,Nevada,057,99092,4779,4755,194,4949,70
2021-05-16,Orange,059,3164182,255036,253962,11621,265583,5031
2021-05-16,Placer,061,380077,23047,22696,1526,24222,289
2021-05-16,Plumas,063,18699,696,682,11,693,4
2021-05-16,Riverside,065,2383286,291448,288259,14423,302682,4433
2021-05-16,Sacramento,067,1510023,105258,105013,1780,106793,1628
2021-05-16,San Benito,069,59416,6052,6067,118,6185,63
2021-05-16,San Bernardino,071,2135413,292501,291940,9316,301256,4724
2021-05-16,San Diego,073,3302833,279838,279099,14742,293841,3742
2021-05-16,San Francisco,075,870044,36574,36808,1358,38166,546
2021-05-16,San Joaquin,077,732212,72690,72218,3679,75897,1359
2021-05-16,San Luis Obispo,079,281455,21183,21072,760,21832,256
2021-05-16,San Mateo,081,765935,42248,42063,481,42544,428
2021-05-16,Santa Barbara,083,443738,34635,34270,1229,35499,459
2021-05-16,Santa Clara,085,1922200,118034,119098,782,119880,2015
2021-05-16,Santa Cruz,087,273765,16138,16143,867,17010,206
2021-05-16,Shasta,089,179085,12155,12156,1593,13749,200
2021-05-16,Sierra,091,2930,54,54,14,68,0
2021-05-16,Siskiyou,093,43540,1882,1790,360,2150,15
2021-05-16,Solano,095,438530,32625,32619,554,33173,253
2021-05-16,Sonoma,097,501317,29895,30033,335,30368,321
2021-05-16,Stanislaus,099,539301,55892,55814,6131,61945,951
2021-05-16,Sutter,101,95872,9447,9445,92,9537,113
2021-05-16,Tehama,103,63373,5029,5013,589,5602,63
2021-05-16,Trinity,105,12862,406,328,72,400,3
2021-05-16,Tulare,107,460477,49619,49091,9449,58540,837
2021-05-16,Tuolumne,109,53932,4067,4070,36,4106,64
2021-05-16,Ventura,111,848112,81037,80689,3068,83757,1017
2021-05-16,Yolo,113,214977,13930,13938,325,14263,211
2021-05-16,Yuba,115,75493,5996,5987,123,6110,49
2021-05-15,Alameda,001,1643700,87704,87677,2034,89711,1252
2021-05-15,Alpine,003,1148,88,88,0,88,0
2021-05-15,Amador,005,37829,3666,3666,34,3700,46
2021-05-15,Butte,007,227075,12400,12095,1880,13975,192
2021-05-15,Calaveras,009,45235,2135,2126,14,2140,53
2021-05-15,Colusa,011,21464,1936,1941,310,2251,14
2021-05-15,Contra Costa,013,1133247,69092,68658,1318,69976,805
2021-05-15,Del Norte,015,27424,1389,1359,12,1371,8
2021-05-15,El Dorado,017,186661,10172,10156,754,10910,112
2021-05-15,Fresno,019,978130,101988,101957,8933,110890,1690
2021-05-15,Glenn,021,27897,2409,2400,572,2972,17
2021-05-15,Humboldt,023,135768,4147,4080,33,4113,42
2021-05-15,Imperial,025,180216,28464,28504,2877,31381,729
2021-05-15,Inyo,027,18085,1403,1402,3,1405,36
2021-05-15,Kern,029,883053,96818,96061,11159,107220,1315
2021-05-15,Kings,031,150075,22997,22913,1174,24087,246
2021-05-15,Lake,033,64148,3503,3485,9,3494,43
2021-05-15,Lassen,035,31185,5181,5156,112,5268,6
2021-05-15,Los Angeles,037,10098052,1201807,1196255,43121,1239376,24115
2021-05-15,Madera,039,155013,16542,16482,951,17433,238
2021-05-15,Marin,041,260295,14024,14012,270,14282,227
2021-05-15,Mariposa,043,17540,427,423,11,434,5
2021-05-15,Mendocino,045,87422,3926,3861,76,3937,46
2021-05-15,Merced,047,269075,30907,31012,1000,32012,450
2021-05-15,Modoc,049,8938,373,362,126,488,3
2021-05-15,Mono,051,14174,1243,1265,13,1278,3
2021-05-15,Monterey,053,433212,43035,42982,1926,44908,379
2021-05-15,Napa,055,140530,9893,9887,32,9919,82
2021-05-15,Nevada,057,99092,4778,4755,194,4949,70
2021-05-15,Orange,059,3164182,255009,253919,11614,265533,5030
2021-05-15,Placer,061,380077,23026,22688,1526,24214,289
2021-05-15,Plumas,063,18699,696,681,11,692,4
2021-05-15,Riverside,065,2383286,291406,288203,14418,302621,4433
2021-05-15,Sacramento,067,1510023,105186,104929,1777,106706,1628
2021-05-15,San Benito,069,59416,6052,6066,118,6184,63
2021-05-15,San Bernardino,071,2135413,292459,291892,9314,301206,4724
2021-05-15,San Diego,073,3302833,279767,278991,14727,293718,3737
2021-05-15,San Francisco,075,870044,36558,36795,1356,38151,546
2021-05-15,San Joaquin,077,732212,72664,72197,3677,75874,1359
2021-05-15,San Luis Obispo,079,281455,21180,21061,759,21820,256
2021-05-15,San Mateo,081,765935,42232,42059,481,42540,428
2021-05-15,Santa Barbara,083,443738,34628,34259,1229,35488,459
2021-05-15,Santa Clara,085,1922200,118014,119060,782,119842,2016
2021-05-15,Santa Cruz,087,273765,16134,16137,867,17004,206
2021-05-15,Shasta,089,179085,12143,12152,1590,13742,200
2021-05-15,Sierra,091,2930,54,54,14,68,0
2021-05-15,Siskiyou,093,43540,1876,1788,358,2146,15
2021-05-15,Solano,095,438530,32616,32604,553,33157,253
2021-05-15,Sonoma,097,501317,29876,30020,335,30355,321
2021-05-15,Stanislaus,099,539301,55860,55795,6124,61919,952
2021-05-15,Sutter,101,95872,9445,9436,92,9528,113
2021-05-15,Tehama,103,63373,5025,5012,587,5599,63
2021-05-15,Trinity,105,12862,406,328,72,400,3
2021-05-15,Tulare,107,460477,49609,49080,9445,58525,837
2021-05-15,Tuolumne,109,53932,4065,4064,36,4100,63
2021-05-15,Ventura,111,848112,81026,80662,3068,83730,1017
2021-05-15,Yolo,113,214977,13923,13932,324,14256,211
2021-05-15,Yuba,115,75493,5993,5979,123,6102,49
2021-05-14,Alameda,001,1643700,87670,87621,2031,89652,1249
2021-05-14,Alpine,003,1148,88,88,0,88,0
2021-05-14,Amador,005,37829,3666,3665,34,3699,46
2021-05-14,Butte,007,227075,12391,12076,1877,13953,192
2021-05-14,Calaveras,009,45235,2131,2121,14,2135,53
2021-05-14,Colusa,011,21464,1935,1940,309,2249,14
2021-05-14,Contra Costa,013,1133247,69050,68589,1316,69905,806
2021-05-14,Del Norte,015,27424,1389,1355,12,1367,8
2021-05-14,El Dorado,017,186661,10165,10143,753,10896,113
2021-05-14,Fresno,019,978130,101959,101917,8927,110844,1688
2021-05-14,Glenn,021,27897,2408,2398,572,2970,17
2021-05-14,Humboldt,023,135768,4139,4050,33,4083,37
2021-05-14,Imperial,025,180216,28457,28485,2876,31361,728
2021-05-14,Inyo,027,18085,1403,1400,3,1403,36
2021-05-14,Kern,029,883053,96788,96033,11150,107183,1311
2021-05-14,Kings,031,150075,22996,22910,1174,24084,246
2021-05-14,Lake,033,64148,3499,3483,9,3492,43
2021-05-14,Lassen,035,31185,5181,5154,112,5266,6
2021-05-14,Los Angeles,037,10098052,1201673,1196038,43116,1239154,24101
2021-05-14,Madera,039,155013,16539,16474,951,17425,238
2021-05-14,Marin,041,260295,14020,14010,270,14280,227
2021-05-14,Mariposa,043,17540,427,422,11,433,5
2021-05-14,Mendocino,045,87422,3924,3855,76,3931,46
2021-05-14,Merced,047,269075,30897,31010,1000,32010,450
2021-05-14,Modoc,049,8938,373,362,126,488,3
2021-05-14,Mono,051,14174,1242,1265,13,1278,3
2021-05-14,Monterey,053,433212,43030,42973,1926,44899,380
2021-05-14,Napa,055,140530,9890,9883,32,9915,82
2021-05-14,Nevada,057,99092,4773,4745,194,4939,70
2021-05-14,Orange,059,3164182,254976,253855,11607,265462,5028
2021-05-14,Placer,061,380077,23007,22660,1520,24180,287
2021-05-14,Plumas,063,18699,695,680,11,691,4
2021-05-14,Riverside,065,2383286,291356,288140,14415,302555,4433
2021-05-14,Sacramento,067,1510023,105097,104828,1776,106604,1627
2021-05-14,San Benito,069,59416,6052,6064,118,6182,63
2021-05-14,San Bernardino,071,2135413,292411,291834,9314,301148,4721
2021-05-14,San Diego,073,3302833,279694,278853,14715,293568,3732
2021-05-14,San Francisco,075,870044,36549,36771,1352,38123,545
2021-05-14,San Joaquin,077,732212,72632,72160,3670,75830,1359
2021-05-14,San Luis Obispo,079,281455,21177,21051,758,21809,256
2021-05-14,San Mateo,081,765935,42221,42041,481,42522,428
2021-05-14,Santa Barbara,083,443738,34618,34243,1229,35472,456
2021-05-14,Santa Clara,085,1922200,117985,119006,782,119788,2014
2021-05-14,Santa Cruz,087,273765,16129,16130,867,16997,207
2021-05-14,Shasta,089,179085,12137,12130,1585,13715,200
2021-05-14,Sierra,091,2930,54,54,14,68,0
2021-05-14,Siskiyou,093,43540,1869,1779,357,2136,14
2021-05-14,Solano,095,438530,32596,32585,552,33137,252
2021-05-14,Sonoma,097,501317,29858,30007,335,30342,321
2021-05-14,Stanislaus,099,539301,55824,55752,6118,61870,950
2021-05-14,Sutter,101,95872,9436,9433,90,9523,113
2021-05-14,Tehama,103,63373,5018,5005,587,5592,63
2021-05-14,Trinity,105,12862,406,328,72,400,3
2021-05-14,Tulare,107,460477,49593,49060,9439,58499,836
2021-05-14,Tuolumne,109,53932,4065,4060,36,4096,63
2021-05-14,Ventura,111,848112,81012,80628,3068,83696,1014
2021-05-14,Yolo,113,214977,13918,13922,320,14242,210
2021-05-14,Yuba,115,75493,5989,5970,123,6093,47
2021-05-13,Alameda,001,1643700,87625,87557,2029,89586,1250
2021-05-13,Alpine,003,1148,88,88,0,88,0
2021-05-13,Amador,005,37829,3666,3662,34,3696,46
2021-05-13,Butte,007,227075,12378,12051,1876,13927,196
2021-05-13,Calaveras,009,45235,2131,2120,14,2134,53
2021-05-13,Colusa,011,21464,1934,1939,305,2244,14
2021-05-13,Contra Costa,013,1133247,69002,68522,1315,69837,806
2021-05-13,Del Norte,015,27424,1387,1354,12,1366,8
2021-05-13,El Dorado,017,186661,10163,10133,753,10886,112
2021-05-13,Fresno,019,978130,101930,101862,8926,110788,1687
2021-05-13,Glenn,021,27897,2407,2395,572,2967,17
2021-05-13,Humboldt,023,135768,4121,4027,33,4060,37
2021-05-13,Imperial,025,180216,28442,28468,2874,31342,729
2021-05-13,Inyo,027,18085,1403,1400,3,1403,36
2021-05-13,Kern,029,883053,96765,95996,11131,107127,1311
2021-05-13,Kings,031,150075,22995,22904,1174,24078,246
2021-05-13,Lake,033,64148,3497,3479,9,3488,43
2021-05-13,Lassen,035,31185,5181,5152,111,5263,6
2021-05-13,Los Angeles,037,10098052,1201484,1195504,43103,1238607,24083
2021-05-13,Madera,039,155013,16531,16467,951,17418,238
2021-05-13,Marin,041,260295,14015,14004,268,14272,227
2021-05-13,Mariposa,043,17540,427,422,11,433,5
2021-05-13,Mendocino,045,87422,3920,3846,76,3922,46
2021-05-13,Merced,047,269075,30889,30989,1000,31989,450
2021-05-13,Modoc,049,8938,373,362,126,488,3
2021-05-13,Mono,051,14174,1242,1265,13,1278,3
2021-05-13,Monterey,053,433212,43015,42966,1926,44892,380
2021-05-13,Napa,055,140530,9883,9877,32,9909,82
2021-05-13,Nevada,057,99092,4769,4743,193,4936,70
2021-05-13,Orange,059,3164182,254933,253778,11605,265383,5026
2021-05-13,Placer,061,380077,22983,22668,1513,24181,288
2021-05-13,Plumas,063,18699,695,680,11,691,4
2021-05-13,Riverside,065,2383286,291296,288067,14412,302479,4433
2021-05-13,Sacramento,067,1510023,105010,104711,1774,106485,1626
2021-05-13,San Benito,069,59416,6050,6062,118,6180,63
2021-05-13,San Bernardino,071,2135413,292345,291765,9314,301079,4722
2021-05-13,San Diego,073,3302833,279580,278592,14698,293290,3729
2021-05-13,San Francisco,075,870044,36525,36741,1350,38091,544
2021-05-13,San Joaquin,077,732212,72589,72096,3666,75762,1357
2021-05-13,San Luis Obispo,079,281455,21162,21043,757,21800,255
2021-05-13,San Mateo,081,765935,42204,42059,481,42540,426
2021-05-13,Santa Barbara,083,443738,34606,34242,1229,35471,456
2021-05-13,Santa Clara,085,1922200,117958,118952,782,119734,2013
2021-05-13,Santa Cruz,087,273765,16123,16129,867,16996,208
2021-05-13,Shasta,089,179085,12117,12111,1581,13692,200
2021-05-13,Sierra,091,2930,54,54,14,68,0
2021-05-13,Siskiyou,093,43540,1862,1769,354,2123,14
2021-05-13,Solano,095,438530,32583,32548,550,33098,252
2021-05-13,Sonoma,097,501317,29833,29991,335,30326,321
2021-05-13,Stanislaus,099,539301,55787,55678,6112,61790,949
2021-05-13,Sutter,101,95872,9432,9431,88,9519,112
2021-05-13,Tehama,103,63373,5013,4997,587,5584,63
2021-05-13,Trinity,105,12862,405,327,71,398,3
2021-05-13,Tulare,107,460477,49568,49032,9430,58462,837
2021-05-13,Tuolumne,109,53932,4064,4059,36,4095,63
2021-05-13,Ventura,111,848112,80982,80615,3067,83682,1012
2021-05-13,Yolo,113,214977,13909,13914,318,14232,210
2021-05-13,Yuba,115,75493,5980,5962,123,6085,47
2021-05-12,Alameda,001,1643700,87591,87482,2026,89508,1261
2021-05-12,Alpine,003,1148,88,88,0,88,0
2021-05-12,Amador,005,37829,3666,3658,34,3692,46
2021-05-12,Butte,007,227075,12368,12026,1876,13902,199
2021-05-12,Calaveras,009,45235,2128,2119,14,2133,53
2021-05-12,Colusa,011,21464,1932,1939,304,2243,14
2021-05-12,Contra Costa,013,1133247,68944,68462,1309,69771,805
2021-05-12,Del Norte,015,27424,1385,1352,12,1364,8
2021-05-12,El Dorado,017,186661,10154,10123,753,10876,112
2021-05-12,Fresno,019,978130,101880,101838,8915,110753,1688
2021-05-12,Glenn,021,27897,2404,2391,572,2963,17
2021-05-12,Humboldt,023,135768,4093,3982,33,4015,37
2021-05-12,Imperial,025,180216,28424,28443,2871,31314,726
2021-05-12,Inyo,027,18085,1403,1400,3,1403,36
2021-05-12,Kern,029,883053,96729,95955,11124,107079,1310
2021-05-12,Kings,031,150075,22993,22896,1174,24070,246
2021-05-12,Lake,033,64148,3495,3476,9,3485,43
2021-05-12,Lassen,035,31185,5179,5151,111,5262,6
2021-05-12,Los Angeles,037,10098052,1201304,1195318,43087,1238405,24067
2021-05-12,Madera,039,155013,16525,16462,950,17412,238
2021-05-12,Marin,041,260295,14010,13997,268,14265,227
2021-05-12,Mariposa,043,17540,427,422,11,433,5
2021-05-12,Mendocino,045,87422,3910,3836,76,3912,46
2021-05-12,Merced,047,269075,30873,30941,1000,31941,450
2021-05-12,Modoc,049,8938,372,362,126,488,3
2021-05-12,Mono,051,14174,1242,1265,13,1278,3
2021-05-12,Monterey,053,433212,43003,42950,1925,44875,380
2021-05-12,Napa,055,140530,9877,9870,32,9902,82
2021-05-12,Nevada,057,99092,4765,4738,193,4931,70
2021-05-12,Orange,059,3164182,254881,253587,11602,265189,5024
2021-05-12,Placer,061,380077,22964,22652,1506,24158,288
2021-05-12,Plumas,063,18699,695,681,11,692,4
2021-05-12,Riverside,065,2383286,291227,287830,14407,302237,4431
2021-05-12,Sacramento,067,1510023,104914,104592,1773,106365,1621
2021-05-12,San Benito,069,59416,6050,6062,118,6180,63
2021-05-12,San Bernardino,071,2135413,292300,291505,9309,300814,4715
2021-05-12,San Diego,073,3302833,279476,278402,14677,293079,3729
2021-05-12,San Francisco,075,870044,36506,36720,1349,38069,544
2021-05-12,San Joaquin,077,732212,72535,72043,3662,75705,1356
2021-05-12,San Luis Obispo,079,281455,21152,21021,757,21778,255
2021-05-12,San Mateo,081,765935,42195,42038,479,42517,426
2021-05-12,Santa Barbara,083,443738,34599,34218,1229,35447,456
2021-05-12,Santa Clara,085,1922200,117915,118897,782,119679,2005
2021-05-12,Santa Cruz,087,273765,16117,16123,867,16990,207
2021-05-12,Shasta,089,179085,12097,12092,1579,13671,200
2021-05-12,Sierra,091,2930,54,54,14,68,0
2021-05-12,Siskiyou,093,43540,1858,1760,353,2113,13
2021-05-12,Solano,095,438530,32559,32519,550,33069,252
2021-05-12,Sonoma,097,501317,29821,29976,335,30311,320
2021-05-12,Stanislaus,099,539301,55748,55632,6103,61735,919
2021-05-12,Sutter,101,95872,9429,9427,88,9515,112
2021-05-12,Tehama,103,63373,5009,4989,587,5576,62
2021-05-12,Trinity,105,12862,405,327,71,398,3
2021-05-12,Tulare,107,460477,49552,49001,9422,58423,838
2021-05-12,Tuolumne,109,53932,4063,4056,36,4092,63
2021-05-12,Ventura,111,848112,80963,80577,3067,83644,1010
2021-05-12,Yolo,113,214977,13902,13910,317,14227,210
2021-05-12,Yuba,115,75493,5977,5956,123,6079,47
2021-05-11,Alameda,001,1643700,87527,87413,2022,89435,1290
2021-05-11,Alpine,003,1148,88,88,0,88,0
2021-05-11,Amador,005,37829,3664,3657,34,3691,46
2021-05-11,Butte,007,227075,12353,12008,1873,13881,199
2021-05-11,Calaveras,009,45235,2128,2118,14,2132,52
2021-05-11,Colusa,011,21464,1931,1939,304,2243,14
2021-05-11,Contra Costa,013,1133247,68884,68406,1308,69714,806
2021-05-11,Del Norte,015,27424,1383,1347,12,1359,8
2021-05-11,El Dorado,017,186661,10148,10108,752,10860,112
2021-05-11,Fresno,019,978130,101834,101792,8909,110701,1686
2021-05-11,Glenn,021,27897,2403,2387,571,2958,17
2021-05-11,Humboldt,023,135768,4072,3964,32,3996,37
2021-05-11,Imperial,025,180216,28416,28413,2867,31280,722
2021-05-11,Inyo,027,18085,1402,1402,3,1405,36
2021-05-11,Kern,029,883053,96702,95938,11110,107048,1310
2021-05-11,Kings,031,150075,22985,22887,1174,24061,246
2021-05-11,Lake,033,64148,3495,3473,9,3482,43
2021-05-11,Lassen,035,31185,5177,5148,111,5259,6
2021-05-11,Los Angeles,037,10098052,1201069,1195100,43074,1238174,24048
2021-05-11,Madera,039,155013,16521,16459,950,17409,238
2021-05-11,Marin,041,260295,14003,13987,268,14255,227
2021-05-11,Mariposa,043,17540,427,421,11,432,5
2021-05-11,Mendocino,045,87422,3902,3821,76,3897,46
2021-05-11,Merced,047,269075,30864,30893,1000,31893,449
2021-05-11,Modoc,049,8938,372,362,125,487,3
2021-05-11,Mono,051,14174,1242,1265,13,1278,3
2021-05-11,Monterey,053,433212,42995,42934,1924,44858,380
2021-05-11,Napa,055,140530,9870,9870,32,9902,81
2021-05-11,Nevada,057,99092,4761,4737,193,4930,70
2021-05-11,Orange,059,3164182,254818,253545,11594,265139,5017
2021-05-11,Placer,061,380077,22942,22615,1502,24117,287
2021-05-11,Plumas,063,18699,693,679,11,690,4
2021-05-11,Riverside,065,2383286,291167,287757,14402,302159,4429
2021-05-11,Sacramento,067,1510023,104815,104496,1770,106266,1616
2021-05-11,San Benito,069,59416,6047,6058,118,6176,63
2021-05-11,San Bernardino,071,2135413,292240,291421,9307,300728,4707
2021-05-11,San Diego,073,3302833,279341,278308,14658,292966,3725
2021-05-11,San Francisco,075,870044,36486,36707,1349,38056,543
2021-05-11,San Joaquin,077,732212,72487,71999,3659,75658,1356
2021-05-11,San Luis Obispo,079,281455,21145,21008,755,21763,255
2021-05-11,San Mateo,081,765935,42176,41985,478,42463,425
2021-05-11,Santa Barbara,083,443738,34590,34207,1229,35436,456
2021-05-11,Santa Clara,085,1922200,117869,118857,781,119638,2005
2021-05-11,Santa Cruz,087,273765,16113,16113,867,16980,206
2021-05-11,Shasta,089,179085,12074,12050,1573,13623,200
2021-05-11,Sierra,091,2930,54,54,14,68,0
2021-05-11,Siskiyou,093,43540,1849,1756,351,2107,13
2021-05-11,Solano,095,438530,32541,32499,548,33047,250
2021-05-11,Sonoma,097,501317,29806,29966,335,30301,318
2021-05-11,Stanislaus,099,539301,55698,55589,6099,61688,909
2021-05-11,Sutter,101,95872,9422,9417,88,9505,112
2021-05-11,Tehama,103,63373,5005,4985,586,5571,62
2021-05-11,Trinity,105,12862,405,327,70,397,3
2021-05-11,Tulare,107,460477,49526,48974,9407,58381,837
2021-05-11,Tuolumne,109,53932,4062,4056,36,4092,63
2021-05-11,Ventura,111,848112,80939,80544,3064,83608,1008
2021-05-11,Yolo,113,214977,13889,13902,314,14216,210
2021-05-11,Yuba,115,75493,5968,5950,123,6073,46
2021-05-10,Alameda,001,1643700,87456,87366,2021,89387,1284
2021-05-10,Alpine,003,1148,88,88,0,88,0
2021-05-10,Amador,005,37829,3663,3657,34,3691,46
2021-05-10,Butte,007,227075,12338,11993,1868,13861,199
2021-05-10,Calaveras,009,45235,2121,2118,14,2132,52
2021-05-10,Colusa,011,21464,1931,1939,304,2243,14
2021-05-10,Contra Costa,013,1133247,68821,68357,1308,69665,806
2021-05-10,Del Norte,015,27424,1380,1339,12,1351,8
2021-05-10,El Dorado,017,186661,10134,10093,752,10845,113
2021-05-10,Fresno,019,978130,101803,101755,8903,110658,1682
2021-05-10,Glenn,021,27897,2402,2384,569,2953,17
2021-05-10,Humboldt,023,135768,4042,3961,32,3993,36
2021-05-10,Imperial,025,180216,28402,28397,2863,31260,722
2021-05-10,Inyo,027,18085,1402,1401,3,1404,36
2021-05-10,Kern,029,883053,96659,95920,11096,107016,1310
2021-05-10,Kings,031,150075,22974,22884,1173,24057,246
2021-05-10,Lake,033,64148,3487,3471,9,3480,43
2021-05-10,Lassen,035,31185,5173,5148,111,5259,5
2021-05-10,Los Angeles,037,10098052,1200815,1194976,43056,1238032,24030
2021-05-10,Madera,039,155013,16511,16450,950,17400,238
2021-05-10,Marin,041,260295,14000,13981,268,14249,228
2021-05-10,Mariposa,043,17540,426,420,11,431,5
2021-05-10,Mendocino,045,87422,3896,3818,76,3894,46
2021-05-10,Merced,047,269075,30854,30880,1000,31880,448
2021-05-10,Modoc,049,8938,372,361,125,486,3
2021-05-10,Mono,051,14174,1242,1265,13,1278,3
2021-05-10,Monterey,053,433212,42989,42927,1919,44846,380
2021-05-10,Napa,055,140530,9868,9860,32,9892,81
2021-05-10,Nevada,057,99092,4754,4735,193,4928,70
2021-05-10,Orange,059,3164182,254765,253484,11588,265072,5008
2021-05-10,Placer,061,380077,22921,22590,1499,24089,286
2021-05-10,Plumas,063,18699,692,679,11,690,4
2021-05-10,Riverside,065,2383286,291100,287689,14396,302085,4427
2021-05-10,Sacramento,067,1510023,104703,104378,1765,106143,1613
2021-05-10,San Benito,069,59416,6046,6058,118,6176,63
2021-05-10,San Bernardino,071,2135413,292188,291360,9306,300666,4707
2021-05-10,San Diego,073,3302833,279175,278183,14632,292815,3725
2021-05-10,San Francisco,075,870044,36467,36683,1349,38032,543
2021-05-10,San Joaquin,077,732212,72450,71954,3644,75598,1356
2021-05-10,San Luis Obispo,079,281455,21127,20993,754,21747,256
2021-05-10,San Mateo,081,765935,42158,41926,478,42404,424
2021-05-10,Santa Barbara,083,443738,34583,34201,1229,35430,456
2021-05-10,Santa Clara,085,1922200,117810,118822,781,119603,2003
2021-05-10,Santa Cruz,087,273765,16107,16114,867,16981,206
2021-05-10,Shasta,089,179085,12060,12036,1569,13605,200
2021-05-10,Sierra,091,2930,54,54,14,68,0
2021-05-10,Siskiyou,093,43540,1839,1752,349,2101,13
2021-05-10,Solano,095,438530,32521,32466,546,33012,250
2021-05-10,Sonoma,097,501317,29791,29955,334,30289,318
2021-05-10,Stanislaus,099,539301,55623,55541,6093,61634,898
2021-05-10,Sutter,101,95872,9416,9412,88,9500,111
2021-05-10,Tehama,103,63373,5001,4980,586,5566,62
2021-05-10,Trinity,105,12862,405,327,68,395,3
2021-05-10,Tulare,107,460477,49502,48956,9401,58357,837
2021-05-10,Tuolumne,109,53932,4058,4054,36,4090,63
2021-05-10,Ventura,111,848112,80923,80501,3062,83563,1008
2021-05-10,Yolo,113,214977,13877,13898,312,14210,209
2021-05-10,Yuba,115,75493,5966,5942,123,6065,46
2021-05-09,Alameda,001,1643700,87385,87292,2018,89310,1284
2021-05-09,Alpine,003,1148,88,88,0,88,0
2021-05-09,Amador,005,37829,3661,3655,34,3689,46
2021-05-09,Butte,007,227075,12319,11985,1864,13849,199
2021-05-09,Calaveras,009,45235,2120,2116,14,2130,52
2021-05-09,Colusa,011,21464,1930,1940,304,2244,14
2021-05-09,Contra Costa,013,1133247,68757,68302,1306,69608,806
2021-05-09,Del Norte,015,27424,1373,1338,12,1350,8
2021-05-09,El Dorado,017,186661,10120,10089,749,10838,113
2021-05-09,Fresno,019,978130,101765,101729,8894,110623,1682
2021-05-09,Glenn,021,27897,2395,2382,566,2948,17
2021-05-09,Humboldt,023,135768,4022,3950,32,3982,36
2021-05-09,Imperial,025,180216,28379,28388,2856,31244,722
2021-05-09,Inyo,027,18085,1402,1401,2,1403,36
2021-05-09,Kern,029,883053,96631,95903,11085,106988,1310
2021-05-09,Kings,031,150075,22965,22878,1173,24051,246
2021-05-09,Lake,033,64148,3483,3471,9,3480,43
2021-05-09,Lassen,035,31185,5171,5147,111,5258,5
2021-05-09,Los Angeles,037,10098052,1200555,1194820,43042,1237862,24026
2021-05-09,Madera,039,155013,16502,16444,944,17388,238
2021-05-09,Marin,041,260295,13989,13979,267,14246,228
2021-05-09,Mariposa,043,17540,423,420,11,431,5
2021-05-09,Mendocino,045,87422,3886,3814,76,3890,46
2021-05-09,Merced,047,269075,30831,30883,1000,31883,448
2021-05-09,Modoc,049,8938,372,360,125,485,3
2021-05-09,Mono,051,14174,1242,1264,13,1277,3
2021-05-09,Monterey,053,433212,42972,42918,1919,44837,380
2021-05-09,Napa,055,140530,9857,9857,32,9889,81
2021-05-09,Nevada,057,99092,4747,4727,193,4920,70
2021-05-09,Orange,059,3164182,254711,253451,11580,265031,5008
2021-05-09,Placer,061,380077,22895,22566,1496,24062,286
2021-05-09,Plumas,063,18699,691,679,11,690,4
2021-05-09,Riverside,065,2383286,291022,287644,14390,302034,4427
2021-05-09,Sacramento,067,1510023,104555,104309,1758,106067,1612
2021-05-09,San Benito,069,59416,6044,6056,118,6174,63
2021-05-09,San Bernardino,071,2135413,292105,291337,9300,300637,4707
2021-05-09,San Diego,073,3302833,279008,277950,14610,292560,3725
2021-05-09,San Francisco,075,870044,36441,36669,1347,38016,543
2021-05-09,San Joaquin,077,732212,72403,71927,3643,75570,1356
2021-05-09,San Luis Obispo,079,281455,21117,20999,754,21753,256
2021-05-09,San Mateo,081,765935,42129,41903,478,42381,424
2021-05-09,Santa Barbara,083,443738,34570,34196,1228,35424,456
2021-05-09,Santa Clara,085,1922200,117756,118798,780,119578,2003
2021-05-09,Santa Cruz,087,273765,16101,16094,867,16961,206
2021-05-09,Shasta,089,179085,12030,12034,1564,13598,200
2021-05-09,Sierra,091,2930,54,54,14,68,0
2021-05-09,Siskiyou,093,43540,1833,1741,346,2087,13
2021-05-09,Solano,095,438530,32482,32434,543,32977,250
2021-05-09,Sonoma,097,501317,29777,29953,333,30286,318
2021-05-09,Stanislaus,099,539301,55557,55511,6089,61600,898
2021-05-09,Sutter,101,95872,9410,9413,88,9501,111
2021-05-09,Tehama,103,63373,4996,4979,586,5565,62
2021-05-09,Trinity,105,12862,405,327,68,395,3
2021-05-09,Tulare,107,460477,49475,48948,9396,58344,837
2021-05-09,Tuolumne,109,53932,4057,4053,36,4089,63
2021-05-09,Ventura,111,848112,80908,80487,3061,83548,1008
2021-05-09,Yolo,113,214977,13866,13897,311,14208,209
2021-05-09,Yuba,115,75493,5960,5934,123,6057,46
2021-05-08,Alameda,001,1643700,87343,87213,2014,89227,1284
2021-05-08,Alpine,003,1148,88,88,0,88,0
2021-05-08,Amador,005,37829,3659,3652,34,3686,46
2021-05-08,Butte,007,227075,12307,11962,1863,13825,199
2021-05-08,Calaveras,009,45235,2119,2114,14,2128,52
2021-05-08,Colusa,011,21464,1930,1939,304,2243,14
2021-05-08,Contra Costa,013,1133247,68724,68223,1304,69527,803
2021-05-08,Del Norte,015,27424,1370,1335,12,1347,8
2021-05-08,El Dorado,017,186661,10106,10079,749,10828,113
2021-05-08,Fresno,019,978130,101730,101676,8889,110565,1682
2021-05-08,Glenn,021,27897,2393,2382,564,2946,17
2021-05-08,Humboldt,023,135768,4006,3939,32,3971,36
2021-05-08,Imperial,025,180216,28371,28373,2856,31229,721
2021-05-08,Inyo,027,18085,1402,1402,2,1404,36
2021-05-08,Kern,029,883053,96607,95880,11072,106952,1310
2021-05-08,Kings,031,150075,22962,22872,1172,24044,246
2021-05-08,Lake,033,64148,3482,3470,9,3479,43
2021-05-08,Lassen,035,31185,5170,5145,111,5256,5
2021-05-08,Los Angeles,037,10098052,1200408,1194584,43026,1237610,24022
2021-05-08,Madera,039,155013,16498,16442,944,17386,238
2021-05-08,Marin,041,260295,13986,13974,266,14240,228
2021-05-08,Mariposa,043,17540,423,420,11,431,5
2021-05-08,Mendocino,045,87422,3881,3810,75,3885,46
2021-05-08,Merced,047,269075,30822,30876,1000,31876,448
2021-05-08,Modoc,049,8938,372,360,124,484,3
2021-05-08,Mono,051,14174,1242,1262,13,1275,3
2021-05-08,Monterey,053,433212,42967,42914,1918,44832,380
2021-05-08,Napa,055,140530,9850,9853,32,9885,81
2021-05-08,Nevada,057,99092,4744,4716,193,4909,70
2021-05-08,Orange,059,3164182,254675,253412,11577,264989,5006
2021-05-08,Placer,061,380077,22877,22547,1494,24041,286
2021-05-08,Plumas,063,18699,690,679,11,690,4
2021-05-08,Riverside,065,2383286,290980,287574,14388,301962,4427
2021-05-08,Sacramento,067,1510023,104470,104208,1754,105962,1610
2021-05-08,San Benito,069,59416,6043,6048,118,6166,63
2021-05-08,San Bernardino,071,2135413,292062,291296,9300,300596,4707
2021-05-08,San Diego,073,3302833,278923,277760,14593,292353,3725
2021-05-08,San Francisco,075,870044,36418,36642,1347,37989,543
2021-05-08,San Joaquin,077,732212,72374,71869,3634,75503,1356
2021-05-08,San Luis Obispo,079,281455,21106,20992,754,21746,256
2021-05-08,San Mateo,081,765935,42118,41871,478,42349,424
2021-05-08,Santa Barbara,083,443738,34557,34185,1228,35413,456
2021-05-08,Santa Clara,085,1922200,117725,118751,780,119531,2003
2021-05-08,Santa Cruz,087,273765,16098,16089,867,16956,206
2021-05-08,Shasta,089,179085,12020,12030,1560,13590,200
2021-05-08,Sierra,091,2930,54,54,14,68,0
2021-05-08,Siskiyou,093,43540,1832,1741,342,2083,13
2021-05-08,Solano,095,438530,32457,32395,541,32936,249
2021-05-08,Sonoma,097,501317,29764,29942,332,30274,318
2021-05-08,Stanislaus,099,539301,55524,55467,6085,61552,898
2021-05-08,Sutter,101,95872,9407,9413,88,9501,111
2021-05-08,Tehama,103,63373,4994,4977,586,5563,62
2021-05-08,Trinity,105,12862,405,327,68,395,3
2021-05-08,Tulare,107,460477,49461,48929,9386,58315,837
2021-05-08,Tuolumne,109,53932,4056,4050,36,4086,63
2021-05-08,Ventura,111,848112,80897,80481,3058,83539,1008
2021-05-08,Yolo,113,214977,13863,13894,310,14204,209
2021-05-08,Yuba,115,75493,5952,5928,123,6051,46
2021-05-07,Alameda,001,1643700,87292,87128,2013,89141,1280
2021-05-07,Alpine,003,1148,88,88,0,88,0
2021-05-07,Amador,005,37829,3656,3651,34,3685,46
2021-05-07,Butte,007,227075,12289,11943,1858,13801,199
2021-05-07,Calaveras,009,45235,2117,2114,14,2128,52
2021-05-07,Colusa,011,21464,1930,1937,304,2241,14
2021-05-07,Contra Costa,013,1133247,68678,68156,1302,69458,804
2021-05-07,Del Norte,015,27424,1365,1329,12,1341,8
2021-05-07,El Dorado,017,186661,10093,10065,747,10812,112
2021-05-07,Fresno,019,978130,101697,101625,8888,110513,1684
2021-05-07,Glenn,021,27897,2390,2381,563,2944,17
2021-05-07,Humboldt,023,135768,3991,3919,32,3951,36
2021-05-07,Imperial,025,180216,28363,28352,2855,31207,721
2021-05-07,Inyo,027,18085,1402,1402,2,1404,36
2021-05-07,Kern,029,883053,96594,95839,11060,106899,1308
2021-05-07,Kings,031,150075,22961,22857,1171,24028,246
2021-05-07,Lake,033,64148,3480,3467,9,3476,43
2021-05-07,Lassen,035,31185,5169,5144,110,5254,5
2021-05-07,Los Angeles,037,10098052,1200235,1194294,43017,1237311,24008
2021-05-07,Madera,039,155013,16493,16439,944,17383,238
2021-05-07,Marin,041,260295,13982,13968,266,14234,228
2021-05-07,Mariposa,043,17540,422,419,11,430,5
2021-05-07,Mendocino,045,87422,3875,3805,75,3880,46
2021-05-07,Merced,047,269075,30819,30862,1000,31862,446
2021-05-07,Modoc,049,8938,372,360,124,484,3
2021-05-07,Mono,051,14174,1241,1261,13,1274,3
2021-05-07,Monterey,053,433212,42961,42909,1916,44825,380
2021-05-07,Napa,055,140530,9849,9849,32,9881,81
2021-05-07,Nevada,057,99092,4740,4704,193,4897,70
2021-05-07,Orange,059,3164182,254638,253338,11567,264905,5000
2021-05-07,Placer,061,380077,22858,22524,1491,24015,286
2021-05-07,Plumas,063,18699,690,678,11,689,4
2021-05-07,Riverside,065,2383286,290923,287479,14387,301866,4426
2021-05-07,Sacramento,067,1510023,104397,104068,1749,105817,1609
2021-05-07,San Benito,069,59416,6042,6048,118,6166,63
2021-05-07,San Bernardino,071,2135413,292020,291185,9295,300480,4697
2021-05-07,San Diego,073,3302833,278838,277534,14579,292113,3718
2021-05-07,San Francisco,075,870044,36405,36616,1346,37962,543
2021-05-07,San Joaquin,077,732212,72334,71804,3632,75436,1351
2021-05-07,San Luis Obispo,079,281455,21099,20979,754,21733,256
2021-05-07,San Mateo,081,765935,42102,41844,478,42322,424
2021-05-07,Santa Barbara,083,443738,34547,34166,1228,35394,453
2021-05-07,Santa Clara,085,1922200,117692,118691,779,119470,2002
2021-05-07,Santa Cruz,087,273765,16095,16074,867,16941,206
2021-05-07,Shasta,089,179085,11998,12005,1558,13563,200
2021-05-07,Sierra,091,2930,54,54,14,68,0
2021-05-07,Siskiyou,093,43540,1829,1723,342,2065,13
2021-05-07,Solano,095,438530,32430,32352,539,32891,249
2021-05-07,Sonoma,097,501317,29746,29925,330,30255,318
2021-05-07,Stanislaus,099,539301,55483,55407,6079,61486,896
2021-05-07,Sutter,101,95872,9407,9407,87,9494,111
2021-05-07,Tehama,103,63373,4987,4974,586,5560,57
2021-05-07,Trinity,105,12862,405,327,68,395,3
2021-05-07,Tulare,107,460477,49444,48913,9381,58294,837
2021-05-07,Tuolumne,109,53932,4054,4048,36,4084,63
2021-05-07,Ventura,111,848112,80873,80444,3058,83502,1008
2021-05-07,Yolo,113,214977,13858,13875,309,14184,209
2021-05-07,Yuba,115,75493,5942,5910,123,6033,46
2021-05-06,Alameda,001,1643700,87213,87028,2009,89037,1278
2021-05-06,Alpine,003,1148,88,88,0,88,0
2021-05-06,Amador,005,37829,3654,3650,34,3684,46
2021-05-06,Butte,007,227075,12269,11929,1853,13782,198
2021-05-06,Calaveras,009,45235,2116,2111,14,2125,52
2021-05-06,Colusa,011,21464,1930,1935,304,2239,14
2021-05-06,Contra Costa,013,1133247,68623,68076,1299,69375,802
2021-05-06,Del Norte,015,27424,1357,1324,12,1336,6
2021-05-06,El Dorado,017,186661,10086,10048,747,10795,112
2021-05-06,Fresno,019,978130,101656,101536,8882,110418,1680
2021-05-06,Glenn,021,27897,2389,2380,562,2942,17
2021-05-06,Humboldt,023,135768,3966,3898,32,3930,36
2021-05-06,Imperial,025,180216,28352,28311,2854,31165,720
2021-05-06,Inyo,027,18085,1402,1401,2,1403,36
2021-05-06,Kern,029,883053,96569,95801,11043,106844,1307
2021-05-06,Kings,031,150075,22954,22848,1170,24018,246
2021-05-06,Lake,033,64148,3479,3465,9,3474,43
2021-05-06,Lassen,035,31185,5168,5143,110,5253,1
2021-05-06,Los Angeles,037,10098052,1199996,1193954,43000,1236954,23991
2021-05-06,Madera,039,155013,16485,16430,944,17374,238
2021-05-06,Marin,041,260295,13978,13956,266,14222,228
2021-05-06,Mariposa,043,17540,421,419,11,430,5
2021-05-06,Mendocino,045,87422,3864,3802,75,3877,46
2021-05-06,Merced,047,269075,30804,30863,999,31862,444
2021-05-06,Modoc,049,8938,372,360,124,484,3
2021-05-06,Mono,051,14174,1239,1261,13,1274,3
2021-05-06,Monterey,053,433212,42946,42899,1916,44815,379
2021-05-06,Napa,055,140530,9843,9843,32,9875,81
2021-05-06,Nevada,057,99092,4739,4687,193,4880,70
2021-05-06,Orange,059,3164182,254570,253286,11560,264846,4991
2021-05-06,Placer,061,380077,22836,22493,1491,23984,286
2021-05-06,Plumas,063,18699,690,678,11,689,4
2021-05-06,Riverside,065,2383286,290850,287399,14382,301781,4422
2021-05-06,Sacramento,067,1510023,104281,103956,1746,105702,1609
2021-05-06,San Benito,069,59416,6041,6045,118,6163,63
2021-05-06,San Bernardino,071,2135413,291950,291085,9294,300379,4683
2021-05-06,San Diego,073,3302833,278714,277324,14556,291880,3716
2021-05-06,San Francisco,075,870044,36390,36599,1346,37945,543
2021-05-06,San Joaquin,077,732212,72279,71729,3629,75358,1350
2021-05-06,San Luis Obispo,079,281455,21087,20965,752,21717,256
2021-05-06,San Mateo,081,765935,42084,41802,477,42279,424
2021-05-06,Santa Barbara,083,443738,34534,34152,1228,35380,453
2021-05-06,Santa Clara,085,1922200,117651,118591,779,119370,2001
2021-05-06,Santa Cruz,087,273765,16088,16050,867,16917,206
2021-05-06,Shasta,089,179085,11976,11983,1552,13535,199
2021-05-06,Sierra,091,2930,54,54,14,68,0
2021-05-06,Siskiyou,093,43540,1820,1711,340,2051,12
2021-05-06,Solano,095,438530,32404,32320,531,32851,249
2021-05-06,Sonoma,097,501317,29738,29911,330,30241,318
2021-05-06,Stanislaus,099,539301,55427,55323,6076,61399,834
2021-05-06,Sutter,101,95872,9401,9396,87,9483,111
2021-05-06,Tehama,103,63373,4982,4970,586,5556,53
2021-05-06,Trinity,105,12862,405,327,68,395,3
2021-05-06,Tulare,107,460477,49420,48890,9366,58256,836
2021-05-06,Tuolumne,109,53932,4050,4047,36,4083,63
2021-05-06,Ventura,111,848112,80842,80411,3055,83466,1005
2021-05-06,Yolo,113,214977,13850,13871,305,14176,209
2021-05-06,Yuba,115,75493,5930,5901,123,6024,46
2021-05-05,Alameda,001,1643700,87152,86950,2007,88957,1278
2021-05-05,Alpine,003,1148,88,88,0,88,0
2021-05-05,Amador,005,37829,3651,3650,34,3684,46
2021-05-05,Butte,007,227075,12251,11907,1850,13757,198
2021-05-05,Calaveras,009,45235,2112,2103,14,2117,52
2021-05-05,Colusa,011,21464,1929,1933,304,2237,14
2021-05-05,Contra Costa,013,1133247,68558,67997,1294,69291,803
2021-05-05,Del Norte,015,27424,1354,1317,12,1329,6
2021-05-05,El Dorado,017,186661,10075,10020,746,10766,111
2021-05-05,Fresno,019,978130,101607,101491,8873,110364,1680
2021-05-05,Glenn,021,27897,2386,2380,561,2941,17
2021-05-05,Humboldt,023,135768,3947,3886,31,3917,36
2021-05-05,Imperial,025,180216,28311,28295,2847,31142,720
2021-05-05,Inyo,027,18085,1401,1401,2,1403,36
2021-05-05,Kern,029,883053,96525,95753,11039,106792,1304
2021-05-05,Kings,031,150075,22948,22840,1169,24009,246
2021-05-05,Lake,033,64148,3476,3458,9,3467,43
2021-05-05,Lassen,035,31185,5168,5143,109,5252,1
2021-05-05,Los Angeles,037,10098052,1199728,1193608,42987,1236595,23977
2021-05-05,Madera,039,155013,16483,16423,944,17367,235
2021-05-05,Marin,041,260295,13970,13950,265,14215,228
2021-05-05,Mariposa,043,17540,421,418,11,429,5
2021-05-05,Mendocino,045,87422,3860,3799,75,3874,46
2021-05-05,Merced,047,269075,30783,30844,999,31843,444
2021-05-05,Modoc,049,8938,371,361,123,484,3
2021-05-05,Mono,051,14174,1239,1260,13,1273,3
2021-05-05,Monterey,053,433212,42933,42870,1913,44783,379
2021-05-05,Napa,055,140530,9837,9833,32,9865,81
2021-05-05,Nevada,057,99092,4736,4666,193,4859,70
2021-05-05,Orange,059,3164182,254515,253237,11555,264792,4978
2021-05-05,Placer,061,380077,22804,22362,1487,23849,287
2021-05-05,Plumas,063,18699,690,677,11,688,4
2021-05-05,Riverside,065,2383286,290761,287353,14372,301725,4414
2021-05-05,Sacramento,067,1510023,104193,103476,1741,105217,1607
2021-05-05,San Benito,069,59416,6032,6046,118,6164,63
2021-05-05,San Bernardino,071,2135413,291876,291008,9290,300298,4677
2021-05-05,San Diego,073,3302833,278577,277098,14536,291634,3716
2021-05-05,San Francisco,075,870044,36375,36577,1345,37922,543
2021-05-05,San Joaquin,077,732212,72226,71638,3626,75264,1345
2021-05-05,San Luis Obispo,079,281455,21079,20958,752,21710,256
2021-05-05,San Mateo,081,765935,42053,41755,476,42231,415
2021-05-05,Santa Barbara,083,443738,34520,34139,1227,35366,453
2021-05-05,Santa Clara,085,1922200,117621,118482,775,119257,1992
2021-05-05,Santa Cruz,087,273765,16082,16013,867,16880,207
2021-05-05,Shasta,089,179085,11960,11939,1548,13487,200
2021-05-05,Sierra,091,2930,54,54,14,68,0
2021-05-05,Siskiyou,093,43540,1803,1706,332,2038,11
2021-05-05,Solano,095,438530,32369,32250,529,32779,249
2021-05-05,Sonoma,097,501317,29725,29879,330,30209,318
2021-05-05,Stanislaus,099,539301,55369,55231,6074,61305,807
2021-05-05,Sutter,101,95872,9395,9387,87,9474,111
2021-05-05,Tehama,103,63373,4979,4968,586,5554,53
2021-05-05,Trinity,105,12862,405,326,68,394,3
2021-05-05,Tulare,107,460477,49398,48875,9357,58232,835
2021-05-05,Tuolumne,109,53932,4047,4040,36,4076,63
2021-05-05,Ventura,111,848112,80813,80372,3051,83423,1005
2021-05-05,Yolo,113,214977,13846,13846,303,14149,209
2021-05-05,Yuba,115,75493,5920,5895,122,6017,44
2021-05-04,Alameda,001,1643700,87060,86894,2007,88901,1277
2021-05-04,Alpine,003,1148,88,88,0,88,0
2021-05-04,Amador,005,37829,3651,3650,34,3684,46
2021-05-04,Butte,007,227075,12227,11883,1848,13731,198
2021-05-04,Calaveras,009,45235,2107,2100,14,2114,52
2021-05-04,Colusa,011,21464,1928,1933,304,2237,14
2021-05-04,Contra Costa,013,1133247,68479,67931,1291,69222,799
2021-05-04,Del Norte,015,27424,1354,1314,12,1326,6
2021-05-04,El Dorado,017,186661,10064,10009,742,10751,110
2021-05-04,Fresno,019,978130,101552,101451,8866,110317,1677
2021-05-04,Glenn,021,27897,2383,2379,558,2937,17
2021-05-04,Humboldt,023,135768,3921,3877,31,3908,36
2021-05-04,Imperial,025,180216,28291,28276,2843,31119,720
2021-05-04,Inyo,027,18085,1401,1399,2,1401,36
2021-05-04,Kern,029,883053,96489,95720,11021,106741,1301
2021-05-04,Kings,031,150075,22934,22822,1166,23988,246
2021-05-04,Lake,033,64148,3475,3454,9,3463,43
2021-05-04,Lassen,035,31185,5167,5142,109,5251,1
2021-05-04,Los Angeles,037,10098052,1199440,1193453,42975,1236428,23957
2021-05-04,Madera,039,155013,16482,16418,944,17362,235
2021-05-04,Marin,041,260295,13962,13935,265,14200,228
2021-05-04,Mariposa,043,17540,421,418,11,429,5
2021-05-04,Mendocino,045,87422,3855,3794,75,3869,46
2021-05-04,Merced,047,269075,30766,30829,999,31828,444
2021-05-04,Modoc,049,8938,370,360,122,482,3
2021-05-04,Mono,051,14174,1239,1260,13,1273,3
2021-05-04,Monterey,053,433212,42921,42845,1912,44757,380
2021-05-04,Napa,055,140530,9828,9824,32,9856,81
2021-05-04,Nevada,057,99092,4729,4656,193,4849,70
2021-05-04,Orange,059,3164182,254448,253177,11545,264722,4977
2021-05-04,Placer,061,380077,22775,22326,1484,23810,287
2021-05-04,Plumas,063,18699,689,675,11,686,4
2021-05-04,Riverside,065,2383286,290678,287285,14365,301650,4411
2021-05-04,Sacramento,067,1510023,104064,103383,1736,105119,1604
2021-05-04,San Benito,069,59416,6031,6039,118,6157,63
2021-05-04,San Bernardino,071,2135413,291799,290934,9283,300217,4668
2021-05-04,San Diego,073,3302833,278411,276879,14519,291398,3713
2021-05-04,San Francisco,075,870044,36357,36550,1345,37895,541
2021-05-04,San Joaquin,077,732212,72165,71582,3621,75203,1342
2021-05-04,San Luis Obispo,079,281455,21073,20923,750,21673,255
2021-05-04,San Mateo,081,765935,42027,41708,476,42184,415
2021-05-04,Santa Barbara,083,443738,34504,34131,1227,35358,453
2021-05-04,Santa Clara,085,1922200,117558,118431,774,119205,1988
2021-05-04,Santa Cruz,087,273765,16076,16005,867,16872,207
2021-05-04,Shasta,089,179085,11940,11923,1542,13465,198
2021-05-04,Sierra,091,2930,54,54,14,68,0
2021-05-04,Siskiyou,093,43540,1796,1694,330,2024,11
2021-05-04,Solano,095,438530,32328,32220,527,32747,249
2021-05-04,Sonoma,097,501317,29705,29867,329,30196,318
2021-05-04,Stanislaus,099,539301,55313,55165,6070,61235,807
2021-05-04,Sutter,101,95872,9390,9375,87,9462,111
2021-05-04,Tehama,103,63373,4977,4959,585,5544,53
2021-05-04,Trinity,105,12862,405,326,68,394,3
2021-05-04,Tulare,107,460477,49371,48857,9347,58204,835
2021-05-04,Tuolumne,109,53932,4045,4041,36,4077,61
2021-05-04,Ventura,111,848112,80784,80351,3049,83400,1005
2021-05-04,Yolo,113,214977,13833,13820,301,14121,208
2021-05-04,Yuba,115,75493,5914,5891,122,6013,44
2021-05-03,Alameda,001,1643700,86982,86845,2001,88846,1272
2021-05-03,Alpine,003,1148,88,88,0,88,0
2021-05-03,Amador,005,37829,3651,3651,34,3685,46
2021-05-03,Butte,007,227075,12217,11864,1845,13709,198
2021-05-03,Calaveras,009,45235,2106,2099,14,2113,50
2021-05-03,Colusa,011,21464,1927,1931,302,2233,14
2021-05-03,Contra Costa,013,1133247,68420,67895,1287,69182,799
2021-05-03,Del Norte,015,27424,1349,1306,11,1317,6
2021-05-03,El Dorado,017,186661,10046,9984,737,10721,110
2021-05-03,Fresno,019,978130,101499,101405,8855,110260,1678
2021-05-03,Glenn,021,27897,2383,2375,557,2932,17
2021-05-03,Humboldt,023,135768,3906,3865,31,3896,36
2021-05-03,Imperial,025,180216,28269,28280,2840,31120,720
2021-05-03,Inyo,027,18085,1400,1398,2,1400,36
2021-05-03,Kern,029,883053,96453,95693,11008,106701,1299
2021-05-03,Kings,031,150075,22925,22821,1166,23987,246
2021-05-03,Lake,033,64148,3473,3446,9,3455,43
2021-05-03,Lassen,035,31185,5166,5142,109,5251,1
2021-05-03,Los Angeles,037,10098052,1199175,1193261,42946,1236207,23942
2021-05-03,Madera,039,155013,16478,16414,943,17357,235
2021-05-03,Marin,041,260295,13956,13927,265,14192,228
2021-05-03,Mariposa,043,17540,421,418,11,429,5
2021-05-03,Mendocino,045,87422,3848,3792,75,3867,46
2021-05-03,Merced,047,269075,30755,30814,997,31811,444
2021-05-03,Modoc,049,8938,370,360,122,482,3
2021-05-03,Mono,051,14174,1239,1259,13,1272,3
2021-05-03,Monterey,053,433212,42910,42837,1910,44747,380
2021-05-03,Napa,055,140530,9823,9815,32,9847,81
2021-05-03,Nevada,057,99092,4721,4650,193,4843,70
2021-05-03,Orange,059,3164182,254388,253107,11536,264643,4968
2021-05-03,Placer,061,380077,22744,22289,1478,23767,287
2021-05-03,Plumas,063,18699,688,675,11,686,4
2021-05-03,Riverside,065,2383286,290606,287233,14364,301597,4412
2021-05-03,Sacramento,067,1510023,103911,103303,1726,105029,1602
2021-05-03,San Benito,069,59416,6030,6038,118,6156,63
2021-05-03,San Bernardino,071,2135413,291731,290886,9280,300166,4659
2021-05-03,San Diego,073,3302833,278248,276693,14494,291187,3712
2021-05-03,San Francisco,075,870044,36331,36538,1345,37883,541
2021-05-03,San Joaquin,077,732212,72114,71504,3618,75122,1325
2021-05-03,San Luis Obispo,079,281455,21057,20915,747,21662,254
2021-05-03,San Mateo,081,765935,42004,41689,475,42164,413
2021-05-03,Santa Barbara,083,443738,34492,34119,1227,35346,453
2021-05-03,Santa Clara,085,1922200,117504,118373,773,119146,1988
2021-05-03,Santa Cruz,087,273765,16073,16000,867,16867,207
2021-05-03,Shasta,089,179085,11917,11890,1537,13427,197
2021-05-03,Sierra,091,2930,54,54,14,68,0
2021-05-03,Siskiyou,093,43540,1790,1683,324,2007,11
2021-05-03,Solano,095,438530,32287,32201,526,32727,249
2021-05-03,Sonoma,097,501317,29693,29855,326,30181,318
2021-05-03,Stanislaus,099,539301,55249,55116,6059,61175,774
2021-05-03,Sutter,101,95872,9378,9370,87,9457,111
2021-05-03,Tehama,103,63373,4968,4952,585,5537,53
2021-05-03,Trinity,105,12862,405,326,68,394,3
2021-05-03,Tulare,107,460477,49354,48844,9337,58181,835
2021-05-03,Tuolumne,109,53932,4044,4038,36,4074,61
2021-05-03,Ventura,111,848112,80762,80291,3049,83340,1005
2021-05-03,Yolo,113,214977,13820,13809,299,14108,208
2021-05-03,Yuba,115,75493,5909,5880,122,6002,44
2021-05-02,Alameda,001,1643700,86897,86784,2000,88784,1272
2021-05-02,Alpine,003,1148,88,88,0,88,0
2021-05-02,Amador,005,37829,3651,3650,34,3684,46
2021-05-02,Butte,007,227075,12193,11859,1842,13701,198
2021-05-02,Calaveras,009,45235,2102,2098,14,2112,50
2021-05-02,Colusa,011,21464,1926,1931,301,2232,14
2021-05-02,Contra Costa,013,1133247,68334,67843,1284,69127,800
2021-05-02,Del Norte,015,27424,1342,1305,11,1316,6
2021-05-02,El Dorado,017,186661,10031,9962,736,10698,110
2021-05-02,Fresno,019,978130,101428,101372,8845,110217,1678
2021-05-02,Glenn,021,27897,2382,2374,555,2929,17
2021-05-02,Humboldt,023,135768,3894,3858,30,3888,36
2021-05-02,Imperial,025,180216,28235,28275,2831,31106,721
2021-05-02,Inyo,027,18085,1398,1398,2,1400,36
2021-05-02,Kern,029,883053,96395,95668,11001,106669,1299
2021-05-02,Kings,031,150075,22907,22816,1165,23981,246
2021-05-02,Lake,033,64148,3471,3443,9,3452,43
2021-05-02,Lassen,035,31185,5165,5142,108,5250,1
2021-05-02,Los Angeles,037,10098052,1198829,1193056,42922,1235978,23943
2021-05-02,Madera,039,155013,16472,16410,943,17353,235
2021-05-02,Marin,041,260295,13946,13917,265,14182,228
2021-05-02,Mariposa,043,17540,421,419,11,430,5
2021-05-02,Mendocino,045,87422,3843,3787,75,3862,46
2021-05-02,Merced,047,269075,30733,30793,995,31788,444
2021-05-02,Modoc,049,8938,369,360,122,482,3
2021-05-02,Mono,051,14174,1238,1259,13,1272,3
2021-05-02,Monterey,053,433212,42897,42837,1908,44745,380
2021-05-02,Napa,055,140530,9819,9805,32,9837,81
2021-05-02,Nevada,057,99092,4705,4635,193,4828,70
2021-05-02,Orange,059,3164182,254313,253025,11523,264548,4968
2021-05-02,Placer,061,380077,22715,22264,1475,23739,287
2021-05-02,Plumas,063,18699,688,675,11,686,4
2021-05-02,Riverside,065,2383286,290507,287197,14354,301551,4412
2021-05-02,Sacramento,067,1510023,103773,103153,1719,104872,1602
2021-05-02,San Benito,069,59416,6025,6037,118,6155,63
2021-05-02,San Bernardino,071,2135413,291632,290859,9278,300137,4655
2021-05-02,San Diego,073,3302833,278051,276521,14467,290988,3712
2021-05-02,San Francisco,075,870044,36305,36522,1345,37867,541
2021-05-02,San Joaquin,077,732212,72050,71447,3611,75058,1325
2021-05-02,San Luis Obispo,079,281455,21037,20910,746,21656,254
2021-05-02,San Mateo,081,765935,41988,41656,474,42130,412
2021-05-02,Santa Barbara,083,443738,34478,34106,1227,35333,453
2021-05-02,Santa Clara,085,1922200,117430,118321,773,119094,1988
2021-05-02,Santa Cruz,087,273765,16068,15995,866,16861,207
2021-05-02,Shasta,089,179085,11901,11885,1529,13414,197
2021-05-02,Sierra,091,2930,54,54,14,68,0
2021-05-02,Siskiyou,093,43540,1779,1661,323,1984,11
2021-05-02,Solano,095,438530,32248,32151,522,32673,249
2021-05-02,Sonoma,097,501317,29671,29842,326,30168,318
2021-05-02,Stanislaus,099,539301,55176,55057,6052,61109,774
2021-05-02,Sutter,101,95872,9371,9363,87,9450,111
2021-05-02,Tehama,103,63373,4963,4950,583,5533,53
2021-05-02,Trinity,105,12862,405,326,68,394,3
2021-05-02,Tulare,107,460477,49336,48834,9329,58163,835
2021-05-02,Tuolumne,109,53932,4041,4038,36,4074,61
2021-05-02,Ventura,111,848112,80725,80284,3048,83332,1005
2021-05-02,Yolo,113,214977,13808,13799,298,14097,208
2021-05-02,Yuba,115,75493,5899,5879,122,6001,44
2021-05-01,Alameda,001,1643700,86853,86704,1997,88701,1270
2021-05-01,Alpine,003,1148,88,88,0,88,0
2021-05-01,Amador,005,37829,3651,3650,34,3684,46
2021-05-01,Butte,007,227075,12179,11845,1837,13682,198
2021-05-01,Calaveras,009,45235,2100,2096,14,2110,50
2021-05-01,Colusa,011,21464,1925,1931,301,2232,14
2021-05-01,Contra Costa,013,1133247,68282,67779,1281,69060,800
2021-05-01,Del Norte,015,27424,1341,1292,11,1303,6
2021-05-01,El Dorado,017,186661,10017,9944,734,10678,110
2021-05-01,Fresno,019,978130,101383,101326,8839,110165,1678
2021-05-01,Glenn,021,27897,2379,2369,554,2923,17
2021-05-01,Humboldt,023,135768,3880,3845,30,3875,36
2021-05-01,Imperial,025,180216,28228,28262,2831,31093,721
2021-05-01,Inyo,027,18085,1398,1397,2,1399,36
2021-05-01,Kern,029,883053,96368,95645,10989,106634,1299
2021-05-01,Kings,031,150075,22905,22797,1163,23960,246
2021-05-01,Lake,033,64148,3469,3441,9,3450,43
2021-05-01,Lassen,035,31185,5163,5142,108,5250,1
2021-05-01,Los Angeles,037,10098052,1198662,1192781,42907,1235688,23946
2021-05-01,Madera,039,155013,16468,16408,943,17351,235
2021-05-01,Marin,041,260295,13939,13902,265,14167,228
2021-05-01,Mariposa,043,17540,421,418,11,429,5
2021-05-01,Mendocino,045,87422,3841,3782,75,3857,46
2021-05-01,Merced,047,269075,30715,30771,995,31766,444
2021-05-01,Modoc,049,8938,369,361,122,483,3
2021-05-01,Mono,051,14174,1238,1258,13,1271,3
2021-05-01,Monterey,053,433212,42891,42828,1908,44736,379
2021-05-01,Napa,055,140530,9816,9800,32,9832,81
2021-05-01,Nevada,057,99092,4700,4625,193,4818,70
2021-05-01,Orange,059,3164182,254270,252969,11512,264481,4964
2021-05-01,Placer,061,380077,22689,22240,1473,23713,287
2021-05-01,Plumas,063,18699,687,675,11,686,4
2021-05-01,Riverside,065,2383286,290468,287129,14352,301481,4412
2021-05-01,Sacramento,067,1510023,103692,103043,1718,104761,1602
2021-05-01,San Benito,069,59416,6022,6030,118,6148,63
2021-05-01,San Bernardino,071,2135413,291589,290802,9276,300078,4652
2021-05-01,San Diego,073,3302833,277927,276367,14446,290813,3706
2021-05-01,San Francisco,075,870044,36290,36496,1345,37841,541
2021-05-01,San Joaquin,077,732212,72002,71389,3609,74998,1325
2021-05-01,San Luis Obispo,079,281455,21032,20896,746,21642,254
2021-05-01,San Mateo,081,765935,41959,41617,473,42090,411
2021-05-01,Santa Barbara,083,443738,34473,34085,1226,35311,453
2021-05-01,Santa Clara,085,1922200,117378,118265,771,119036,1988
2021-05-01,Santa Cruz,087,273765,16065,15984,866,16850,207
2021-05-01,Shasta,089,179085,11881,11878,1521,13399,197
2021-05-01,Sierra,091,2930,54,53,14,67,0
2021-05-01,Siskiyou,093,43540,1771,1653,322,1975,11
2021-05-01,Solano,095,438530,32218,32124,514,32638,249
2021-05-01,Sonoma,097,501317,29668,29835,326,30161,318
2021-05-01,Stanislaus,099,539301,55141,55005,6046,61051,774
2021-05-01,Sutter,101,95872,9368,9358,87,9445,110
2021-05-01,Tehama,103,63373,4962,4950,582,5532,53
2021-05-01,Trinity,105,12862,405,326,67,393,3
2021-05-01,Tulare,107,460477,49329,48818,9323,58141,835
2021-05-01,Tuolumne,109,53932,4035,4035,36,4071,61
2021-05-01,Ventura,111,848112,80707,80268,3048,83316,1005
2021-05-01,Yolo,113,214977,13801,13784,296,14080,208
2021-05-01,Yuba,115,75493,5897,5875,122,5997,44
2021-04-30,Alameda,001,1643700,86791,86602,1994,88596,1268
2021-04-30,Alpine,003,1148,88,88,0,88,0
2021-04-30,Amador,005,37829,3649,3650,34,3684,46
2021-04-30,Butte,007,227075,12160,11812,1833,13645,197
2021-04-30,Calaveras,009,45235,2099,2087,14,2101,50
2021-04-30,Colusa,011,21464,1925,1931,300,2231,14
2021-04-30,Contra Costa,013,1133247,68234,67684,1278,68962,800
2021-04-30,Del Norte,015,27424,1329,1276,11,1287,6
2021-04-30,El Dorado,017,186661,10003,9906,734,10640,110
2021-04-30,Fresno,019,978130,101337,101263,8835,110098,1670
2021-04-30,Glenn,021,27897,2378,2369,554,2923,17
2021-04-30,Humboldt,023,135768,3867,3834,30,3864,36
2021-04-30,Imperial,025,180216,28219,28244,2828,31072,721
2021-04-30,Inyo,027,18085,1398,1397,2,1399,36
2021-04-30,Kern,029,883053,96351,95605,10984,106589,1298
2021-04-30,Kings,031,150075,22902,22793,1162,23955,246
2021-04-30,Lake,033,64148,3465,3440,9,3449,43
2021-04-30,Lassen,035,31185,5162,5140,108,5248,1
2021-04-30,Los Angeles,037,10098052,1198455,1192393,42894,1235287,23919
2021-04-30,Madera,039,155013,16462,16395,943,17338,235
2021-04-30,Marin,041,260295,13931,13895,263,14158,228
2021-04-30,Mariposa,043,17540,421,417,11,428,5
2021-04-30,Mendocino,045,87422,3837,3777,75,3852,46
2021-04-30,Merced,047,269075,30702,30740,994,31734,444
2021-04-30,Modoc,049,8938,368,360,122,482,3
2021-04-30,Mono,051,14174,1238,1258,13,1271,3
2021-04-30,Monterey,053,433212,42877,42810,1907,44717,379
2021-04-30,Napa,055,140530,9812,9792,32,9824,81
2021-04-30,Nevada,057,99092,4692,4608,193,4801,70
2021-04-30,Orange,059,3164182,254215,252883,11506,264389,4956
2021-04-30,Placer,061,380077,22670,22190,1469,23659,287
2021-04-30,Plumas,063,18699,687,677,11,688,4
2021-04-30,Riverside,065,2383286,290414,287030,14345,301375,4412
2021-04-30,Sacramento,067,1510023,103591,102864,1714,104578,1596
2021-04-30,San Benito,069,59416,6018,6024,117,6141,63
2021-04-30,San Bernardino,071,2135413,291528,290704,9275,299979,4640
2021-04-30,San Diego,073,3302833,277833,276157,14435,290592,3702
2021-04-30,San Francisco,075,870044,36279,36453,1344,37797,538
2021-04-30,San Joaquin,077,732212,71951,71311,3606,74917,1306
2021-04-30,San Luis Obispo,079,281455,21026,20884,746,21630,255
2021-04-30,San Mateo,081,765935,41944,41583,472,42055,380
2021-04-30,Santa Barbara,083,443738,34460,34061,1226,35287,451
2021-04-30,Santa Clara,085,1922200,117320,118170,767,118937,1988
2021-04-30,Santa Cruz,087,273765,16060,15975,866,16841,207
2021-04-30,Shasta,089,179085,11860,11848,1518,13366,197
2021-04-30,Sierra,091,2930,54,53,14,67,0
2021-04-30,Siskiyou,093,43540,1760,1628,319,1947,11
2021-04-30,Solano,095,438530,32186,32050,511,32561,249
2021-04-30,Sonoma,097,501317,29658,29816,324,30140,318
2021-04-30,Stanislaus,099,539301,55090,54938,6043,60981,774
2021-04-30,Sutter,101,95872,9366,9353,87,9440,110
2021-04-30,Tehama,103,63373,4960,4944,582,5526,53
2021-04-30,Trinity,105,12862,405,326,67,393,3
2021-04-30,Tulare,107,460477,49320,48797,9306,58103,836
2021-04-30,Tuolumne,109,53932,4034,4033,36,4069,61
2021-04-30,Ventura,111,848112,80667,80232,3043,83275,1004
2021-04-30,Yolo,113,214977,13788,13756,296,14052,208
2021-04-30,Yuba,115,75493,5889,5870,122,5992,44
2021-04-29,Alameda,001,1643700,86726,86490,1991,88481,1263
2021-04-29,Alpine,003,1148,88,88,0,88,0
2021-04-29,Amador,005,37829,3649,3649,34,3683,46
2021-04-29,Butte,007,227075,12145,11787,1831,13618,196
2021-04-29,Calaveras,009,45235,2096,2082,14,2096,50
2021-04-29,Colusa,011,21464,1925,1929,300,2229,14
2021-04-29,Contra Costa,013,1133247,68179,67606,1275,68881,795
2021-04-29,Del Norte,015,27424,1325,1271,11,1282,6
2021-04-29,El Dorado,017,186661,9983,9884,731,10615,107
2021-04-29,Fresno,019,978130,101283,101189,8824,110013,1667
2021-04-29,Glenn,021,27897,2375,2369,554,2923,17
2021-04-29,Humboldt,023,135768,3853,3815,30,3845,36
2021-04-29,Imperial,025,180216,28207,28235,2827,31062,720
2021-04-29,Inyo,027,18085,1398,1396,2,1398,36
2021-04-29,Kern,029,883053,96318,95547,10980,106527,1295
2021-04-29,Kings,031,150075,22892,22777,1157,23934,245
2021-04-29,Lake,033,64148,3457,3438,9,3447,43
2021-04-29,Lassen,035,31185,5162,5140,108,5248,1
2021-04-29,Los Angeles,037,10098052,1198180,1192068,42873,1234941,23899
2021-04-29,Madera,039,155013,16457,16383,942,17325,235
2021-04-29,Marin,041,260295,13927,13884,255,14139,228
2021-04-29,Mariposa,043,17540,420,416,11,427,5
2021-04-29,Mendocino,045,87422,3831,3774,75,3849,46
2021-04-29,Merced,047,269075,30682,30706,994,31700,444
2021-04-29,Modoc,049,8938,368,360,122,482,3
2021-04-29,Mono,051,14174,1236,1259,13,1272,3
2021-04-29,Monterey,053,433212,42860,42797,1906,44703,379
2021-04-29,Napa,055,140530,9798,9789,32,9821,81
2021-04-29,Nevada,057,99092,4681,4590,193,4783,70
2021-04-29,Orange,059,3164182,254145,252823,11491,264314,4934
2021-04-29,Placer,061,380077,22645,22161,1467,23628,286
2021-04-29,Plumas,063,18699,686,676,11,687,4
2021-04-29,Riverside,065,2383286,290347,286947,14342,301289,4409
2021-04-29,Sacramento,067,1510023,103458,102686,1704,104390,1593
2021-04-29,San Benito,069,59416,6017,6023,117,6140,63
2021-04-29,San Bernardino,071,2135413,291456,290606,9270,299876,4609
2021-04-29,San Diego,073,3302833,277683,275961,14418,290379,3700
2021-04-29,San Francisco,075,870044,36253,36412,1344,37756,537
2021-04-29,San Joaquin,077,732212,71885,71225,3601,74826,1301
2021-04-29,San Luis Obispo,079,281455,21015,20876,746,21622,255
2021-04-29,San Mateo,081,765935,41916,41538,471,42009,358
2021-04-29,Santa Barbara,083,443738,34444,34039,1224,35263,448
2021-04-29,Santa Clara,085,1922200,117265,118082,765,118847,1984
2021-04-29,Santa Cruz,087,273765,16054,15961,866,16827,205
2021-04-29,Shasta,089,179085,11830,11836,1509,13345,193
2021-04-29,Sierra,091,2930,54,53,14,67,0
2021-04-29,Siskiyou,093,43540,1751,1615,316,1931,11
2021-04-29,Solano,095,438530,32146,32002,506,32508,248
2021-04-29,Sonoma,097,501317,29643,29785,321,30106,318
2021-04-29,Stanislaus,099,539301,55023,54836,6038,60874,774
2021-04-29,Sutter,101,95872,9359,9346,87,9433,110
2021-04-29,Tehama,103,63373,4952,4939,582,5521,53
2021-04-29,Trinity,105,12862,405,326,67,393,3
2021-04-29,Tulare,107,460477,49302,48785,9294,58079,832
2021-04-29,Tuolumne,109,53932,4033,4030,36,4066,58
2021-04-29,Ventura,111,848112,80633,80188,3041,83229,1002
2021-04-29,Yolo,113,214977,13768,13745,295,14040,205
2021-04-29,Yuba,115,75493,5879,5865,122,5987,44
2021-04-28,Alameda,001,1643700,86654,86390,1987,88377,1260
2021-04-28,Alpine,003,1148,88,88,0,88,0
2021-04-28,Amador,005,37829,3649,3646,34,3680,46
2021-04-28,Butte,007,227075,12125,11762,1826,13588,196
2021-04-28,Calaveras,009,45235,2092,2078,13,2091,50
2021-04-28,Colusa,011,21464,1922,1927,299,2226,14
2021-04-28,Contra Costa,013,1133247,68119,67539,1274,68813,795
2021-04-28,Del Norte,015,27424,1317,1267,11,1278,6
2021-04-28,El Dorado,017,186661,9959,9873,731,10604,107
2021-04-28,Fresno,019,978130,101236,101161,8813,109974,1666
2021-04-28,Glenn,021,27897,2372,2368,554,2922,17
2021-04-28,Humboldt,023,135768,3837,3796,30,3826,36
2021-04-28,Imperial,025,180216,28193,28177,2826,31003,720
2021-04-28,Inyo,027,18085,1398,1396,1,1397,36
2021-04-28,Kern,029,883053,96288,95494,10971,106465,1295
2021-04-28,Kings,031,150075,22881,22767,1154,23921,245
2021-04-28,Lake,033,64148,3454,3433,9,3442,43
2021-04-28,Lassen,035,31185,5162,5138,108,5246,1
2021-04-28,Los Angeles,037,10098052,1197884,1191729,42847,1234576,23858
2021-04-28,Madera,039,155013,16453,16372,942,17314,235
2021-04-28,Marin,041,260295,13916,13866,255,14121,227
2021-04-28,Mariposa,043,17540,417,415,11,426,5
2021-04-28,Mendocino,045,87422,3825,3770,73,3843,46
2021-04-28,Merced,047,269075,30663,30649,994,31643,443
2021-04-28,Modoc,049,8938,368,360,122,482,3
2021-04-28,Mono,051,14174,1236,1258,13,1271,3
2021-04-28,Monterey,053,433212,42855,42776,1906,44682,379
2021-04-28,Napa,055,140530,9787,9777,32,9809,81
2021-04-28,Nevada,057,99092,4662,4570,193,4763,70
2021-04-28,Orange,059,3164182,254066,252747,11477,264224,4931
2021-04-28,Placer,061,380077,22618,22115,1466,23581,285
2021-04-28,Plumas,063,18699,686,676,11,687,4
2021-04-28,Riverside,065,2383286,290291,286868,14337,301205,4407
2021-04-28,Sacramento,067,1510023,103337,102613,1699,104312,1591
2021-04-28,San Benito,069,59416,6015,6021,117,6138,63
2021-04-28,San Bernardino,071,2135413,291380,290548,9259,299807,4582
2021-04-28,San Diego,073,3302833,277527,275821,14404,290225,3698
2021-04-28,San Francisco,075,870044,36224,36382,1343,37725,534
2021-04-28,San Joaquin,077,732212,71805,71171,3593,74764,1301
2021-04-28,San Luis Obispo,079,281455,21007,20851,746,21597,255
2021-04-28,San Mateo,081,765935,41891,41498,469,41967,358
2021-04-28,Santa Barbara,083,443738,34430,34003,1224,35227,448
2021-04-28,Santa Clara,085,1922200,117196,117997,762,118759,1969
2021-04-28,Santa Cruz,087,273765,16050,15943,865,16808,205
2021-04-28,Shasta,089,179085,11814,11815,1502,13317,192
2021-04-28,Sierra,091,2930,54,51,14,65,0
2021-04-28,Siskiyou,093,43540,1738,1603,314,1917,11
2021-04-28,Solano,095,438530,32114,31982,502,32484,248
2021-04-28,Sonoma,097,501317,29629,29773,317,30090,318
2021-04-28,Stanislaus,099,539301,54968,54745,6034,60779,774
2021-04-28,Sutter,101,95872,9354,9343,87,9430,110
2021-04-28,Tehama,103,63373,4946,4930,581,5511,53
2021-04-28,Trinity,105,12862,405,326,67,393,3
2021-04-28,Tulare,107,460477,49285,48754,9278,58032,832
2021-04-28,Tuolumne,109,53932,4030,4029,36,4065,58
2021-04-28,Ventura,111,848112,80598,80172,3039,83211,1000
2021-04-28,Yolo,113,214977,13753,13721,294,14015,205
2021-04-28,Yuba,115,75493,5873,5857,122,5979,44
2021-04-27,Alameda,001,1643700,86555,86301,1982,88283,1260
2021-04-27,Alpine,003,1148,88,88,0,88,0
2021-04-27,Amador,005,37829,3649,3645,34,3679,46
2021-04-27,Butte,007,227075,12100,11738,1820,13558,196
2021-04-27,Calaveras,009,45235,2089,2076,13,2089,50
2021-04-27,Colusa,011,21464,1921,1926,299,2225,14
2021-04-27,Contra Costa,013,1133247,68050,67470,1270,68740,791
2021-04-27,Del Norte,015,27424,1305,1266,11,1277,6
2021-04-27,El Dorado,017,186661,9930,9866,728,10594,106
2021-04-27,Fresno,019,978130,101173,101138,8801,109939,1663
2021-04-27,Glenn,021,27897,2372,2368,554,2922,17
2021-04-27,Humboldt,023,135768,3825,3780,30,3810,35
2021-04-27,Imperial,025,180216,28177,28149,2820,30969,720
2021-04-27,Inyo,027,18085,1398,1396,1,1397,36
2021-04-27,Kern,029,883053,96232,95466,10959,106425,1295
2021-04-27,Kings,031,150075,22867,22759,1151,23910,244
2021-04-27,Lake,033,64148,3453,3431,9,3440,43
2021-04-27,Lassen,035,31185,5162,5137,108,5245,1
2021-04-27,Los Angeles,037,10098052,1197565,1191504,42816,1234320,23825
2021-04-27,Madera,039,155013,16446,16365,942,17307,235
2021-04-27,Marin,041,260295,13895,13855,254,14109,227
2021-04-27,Mariposa,043,17540,416,413,11,424,5
2021-04-27,Mendocino,045,87422,3821,3765,73,3838,46
2021-04-27,Merced,047,269075,30623,30620,994,31614,443
2021-04-27,Modoc,049,8938,367,360,122,482,3
2021-04-27,Mono,051,14174,1236,1257,13,1270,3
2021-04-27,Monterey,053,433212,42837,42752,1903,44655,379
2021-04-27,Napa,055,140530,9780,9774,32,9806,81
2021-04-27,Nevada,057,99092,4647,4557,193,4750,70
2021-04-27,Orange,059,3164182,253997,252667,11472,264139,4925
2021-04-27,Placer,061,380077,22587,22050,1463,23513,285
2021-04-27,Plumas,063,18699,685,675,11,686,4
2021-04-27,Riverside,065,2383286,290217,286820,14332,301152,4405
2021-04-27,Sacramento,067,1510023,103209,102595,1689,104284,1589
2021-04-27,San Benito,069,59416,6010,6016,117,6133,63
2021-04-27,San Bernardino,071,2135413,291312,290461,9254,299715,4575
2021-04-27,San Diego,073,3302833,277370,275685,14384,290069,3692
2021-04-27,San Francisco,075,870044,36196,36358,1342,37700,533
2021-04-27,San Joaquin,077,732212,71752,71104,3587,74691,1301
2021-04-27,San Luis Obispo,079,281455,21000,20841,746,21587,255
2021-04-27,San Mateo,081,765935,41856,41474,468,41942,358
2021-04-27,Santa Barbara,083,443738,34407,33973,1223,35196,448
2021-04-27,Santa Clara,085,1922200,117146,117945,761,118706,1969
2021-04-27,Santa Cruz,087,273765,16043,15905,864,16769,205
2021-04-27,Shasta,089,179085,11787,11802,1495,13297,192
2021-04-27,Sierra,091,2930,54,51,14,65,0
2021-04-27,Siskiyou,093,43540,1723,1597,313,1910,11
2021-04-27,Solano,095,438530,32066,31964,501,32465,248
2021-04-27,Sonoma,097,501317,29611,29761,316,30077,318
2021-04-27,Stanislaus,099,539301,54898,54695,6026,60721,752
2021-04-27,Sutter,101,95872,9349,9342,87,9429,110
2021-04-27,Tehama,103,63373,4943,4922,577,5499,53
2021-04-27,Trinity,105,12862,405,326,67,393,3
2021-04-27,Tulare,107,460477,49269,48744,9269,58013,832
2021-04-27,Tuolumne,109,53932,4027,4028,36,4064,58
2021-04-27,Ventura,111,848112,80569,80152,3037,83189,1000
2021-04-27,Yolo,113,214977,13740,13697,292,13989,205
2021-04-27,Yuba,115,75493,5873,5853,122,5975,44
2021-04-26,Alameda,001,1643700,86465,86230,1978,88208,1256
2021-04-26,Alpine,003,1148,88,88,0,88,0
2021-04-26,Amador,005,37829,3648,3645,34,3679,46
2021-04-26,Butte,007,227075,12076,11720,1816,13536,196
2021-04-26,Calaveras,009,45235,2080,2074,13,2087,50
2021-04-26,Colusa,011,21464,1921,1925,298,2223,14
2021-04-26,Contra Costa,013,1133247,67982,67392,1266,68658,789
2021-04-26,Del Norte,015,27424,1296,1263,11,1274,6
2021-04-26,El Dorado,017,186661,9909,9849,727,10576,106
2021-04-26,Fresno,019,978130,101118,101099,8788,109887,1662
2021-04-26,Glenn,021,27897,2370,2367,554,2921,17
2021-04-26,Humboldt,023,135768,3815,3764,29,3793,35
2021-04-26,Imperial,025,180216,28164,28148,2817,30965,720
2021-04-26,Inyo,027,18085,1397,1396,1,1397,36
2021-04-26,Kern,029,883053,96206,95429,10952,106381,1295
2021-04-26,Kings,031,150075,22864,22756,1148,23904,244
2021-04-26,Lake,033,64148,3448,3428,9,3437,43
2021-04-26,Lassen,035,31185,5162,5138,108,5246,1
2021-04-26,Los Angeles,037,10098052,1197241,1191253,42796,1234049,23802
2021-04-26,Madera,039,155013,16434,16353,941,17294,231
2021-04-26,Marin,041,260295,13880,13849,254,14103,227
2021-04-26,Mariposa,043,17540,415,410,11,421,5
2021-04-26,Mendocino,045,87422,3819,3757,73,3830,46
2021-04-26,Merced,047,269075,30606,30611,991,31602,443
2021-04-26,Modoc,049,8938,367,360,122,482,3
2021-04-26,Mono,051,14174,1236,1258,13,1271,3
2021-04-26,Monterey,053,433212,42821,42740,1902,44642,379
2021-04-26,Napa,055,140530,9768,9769,32,9801,79
2021-04-26,Nevada,057,99092,4626,4548,193,4741,70
2021-04-26,Orange,059,3164182,253912,252592,11461,264053,4919
2021-04-26,Placer,061,380077,22558,22032,1458,23490,285
2021-04-26,Plumas,063,18699,685,670,11,681,4
2021-04-26,Riverside,065,2383286,290157,286724,14323,301047,4401
2021-04-26,Sacramento,067,1510023,103038,102459,1675,104134,1587
2021-04-26,San Benito,069,59416,6008,6013,117,6130,63
2021-04-26,San Bernardino,071,2135413,291261,290394,9253,299647,4572
2021-04-26,San Diego,073,3302833,277196,275541,14356,289897,3692
2021-04-26,San Francisco,075,870044,36168,36330,1340,37670,532
2021-04-26,San Joaquin,077,732212,71686,71050,3579,74629,1301
2021-04-26,San Luis Obispo,079,281455,20992,20830,745,21575,255
2021-04-26,San Mateo,081,765935,41826,41457,468,41925,357
2021-04-26,Santa Barbara,083,443738,34376,33948,1223,35171,448
2021-04-26,Santa Clara,085,1922200,117047,117874,757,118631,1968
2021-04-26,Santa Cruz,087,273765,16034,15877,864,16741,205
2021-04-26,Shasta,089,179085,11770,11787,1488,13275,192
2021-04-26,Sierra,091,2930,53,51,14,65,0
2021-04-26,Siskiyou,093,43540,1713,1592,309,1901,11
2021-04-26,Solano,095,438530,32021,31913,499,32412,247
2021-04-26,Sonoma,097,501317,29588,29755,314,30069,318
2021-04-26,Stanislaus,099,539301,54808,54638,6020,60658,744
2021-04-26,Sutter,101,95872,9344,9328,87,9415,110
2021-04-26,Tehama,103,63373,4938,4920,574,5494,53
2021-04-26,Trinity,105,12862,405,326,67,393,3
2021-04-26,Tulare,107,460477,49249,48735,9260,57995,831
2021-04-26,Tuolumne,109,53932,4026,4024,36,4060,58
2021-04-26,Ventura,111,848112,80544,80137,3034,83171,999
2021-04-26,Yolo,113,214977,13720,13684,289,13973,205
2021-04-26,Yuba,115,75493,5871,5851,122,5973,44
2021-04-25,Alameda,001,1643700,86359,86162,1971,88133,1256
2021-04-25,Alpine,003,1148,88,87,0,87,0
2021-04-25,Amador,005,37829,3647,3643,34,3677,46
2021-04-25,Butte,007,227075,12047,11709,1809,13518,196
2021-04-25,Calaveras,009,45235,2074,2072,12,2084,50
2021-04-25,Colusa,011,21464,1920,1924,298,2222,14
2021-04-25,Contra Costa,013,1133247,67890,67316,1265,68581,789
2021-04-25,Del Norte,015,27424,1290,1259,11,1270,6
2021-04-25,El Dorado,017,186661,9893,9837,725,10562,106
2021-04-25,Fresno,019,978130,101059,101061,8776,109837,1662
2021-04-25,Glenn,021,27897,2370,2366,554,2920,17
2021-04-25,Humboldt,023,135768,3802,3751,29,3780,35
2021-04-25,Imperial,025,180216,28139,28136,2813,30949,720
2021-04-25,Inyo,027,18085,1397,1396,1,1397,36
2021-04-25,Kern,029,883053,96141,95398,10938,106336,1295
2021-04-25,Kings,031,150075,22850,22755,1146,23901,244
2021-04-25,Lake,033,64148,3446,3427,9,3436,43
2021-04-25,Lassen,035,31185,5160,5138,108,5246,1
2021-04-25,Los Angeles,037,10098052,1196909,1190970,42775,1233745,23799
2021-04-25,Madera,039,155013,16422,16346,941,17287,231
2021-04-25,Marin,041,260295,13871,13852,254,14106,227
2021-04-25,Mariposa,043,17540,415,410,11,421,5
2021-04-25,Mendocino,045,87422,3812,3757,73,3830,46
2021-04-25,Merced,047,269075,30571,30586,991,31577,443
2021-04-25,Modoc,049,8938,367,360,122,482,3
2021-04-25,Mono,051,14174,1236,1257,13,1270,3
2021-04-25,Monterey,053,433212,42808,42737,1900,44637,379
2021-04-25,Napa,055,140530,9763,9762,32,9794,79
2021-04-25,Nevada,057,99092,4614,4536,193,4729,70
2021-04-25,Orange,059,3164182,253835,252531,11454,263985,4919
2021-04-25,Placer,061,380077,22511,22011,1450,23461,285
2021-04-25,Plumas,063,18699,684,670,11,681,4
2021-04-25,Riverside,065,2383286,290063,286651,14317,300968,4401
2021-04-25,Sacramento,067,1510023,102870,102319,1665,103984,1587
2021-04-25,San Benito,069,59416,6006,6014,116,6130,63
2021-04-25,San Bernardino,071,2135413,291187,290357,9245,299602,4571
2021-04-25,San Diego,073,3302833,276983,275412,14323,289735,3692
2021-04-25,San Francisco,075,870044,36137,36310,1340,37650,532
2021-04-25,San Joaquin,077,732212,71591,70987,3569,74556,1301
2021-04-25,San Luis Obispo,079,281455,20973,20820,743,21563,255
2021-04-25,San Mateo,081,765935,41791,41465,467,41932,356
2021-04-25,Santa Barbara,083,443738,34350,33931,1223,35154,448
2021-04-25,Santa Clara,085,1922200,116968,117778,755,118533,1968
2021-04-25,Santa Cruz,087,273765,16028,15868,862,16730,205
2021-04-25,Shasta,089,179085,11747,11784,1483,13267,192
2021-04-25,Sierra,091,2930,53,51,14,65,0
2021-04-25,Siskiyou,093,43540,1702,1580,307,1887,11
2021-04-25,Solano,095,438530,31974,31864,491,32355,247
2021-04-25,Sonoma,097,501317,29570,29756,314,30070,318
2021-04-25,Stanislaus,099,539301,54713,54543,6011,60554,744
2021-04-25,Sutter,101,95872,9338,9326,87,9413,110
2021-04-25,Tehama,103,63373,4934,4916,572,5488,53
2021-04-25,Trinity,105,12862,405,326,67,393,3
2021-04-25,Tulare,107,460477,49234,48728,9246,57974,831
2021-04-25,Tuolumne,109,53932,4024,4022,36,4058,58
2021-04-25,Ventura,111,848112,80520,80110,3034,83144,999
2021-04-25,Yolo,113,214977,13698,13667,287,13954,205
2021-04-25,Yuba,115,75493,5868,5849,121,5970,44
2021-04-24,Alameda,001,1643700,86305,86016,1969,87985,1257
2021-04-24,Alpine,003,1148,88,86,0,86,0
2021-04-24,Amador,005,37829,3646,3640,34,3674,46
2021-04-24,Butte,007,227075,12031,11678,1807,13485,196
2021-04-24,Calaveras,009,45235,2071,2067,12,2079,50
2021-04-24,Colusa,011,21464,1919,1921,298,2219,14
2021-04-24,Contra Costa,013,1133247,67821,67222,1263,68485,789
2021-04-24,Del Norte,015,27424,1285,1255,11,1266,6
2021-04-24,El Dorado,017,186661,9882,9814,724,10538,106
2021-04-24,Fresno,019,978130,101028,100991,8770,109761,1662
2021-04-24,Glenn,021,27897,2370,2363,554,2917,17
2021-04-24,Humboldt,023,135768,3788,3722,29,3751,35
2021-04-24,Imperial,025,180216,28132,28124,2812,30936,720
2021-04-24,Inyo,027,18085,1396,1396,1,1397,36
2021-04-24,Kern,029,883053,96122,95365,10928,106293,1295
2021-04-24,Kings,031,150075,22847,22749,1146,23895,244
2021-04-24,Lake,033,64148,3445,3426,9,3435,43
2021-04-24,Lassen,035,31185,5159,5137,108,5245,1
2021-04-24,Los Angeles,037,10098052,1196686,1190603,42757,1233360,23802
2021-04-24,Madera,039,155013,16419,16338,941,17279,231
2021-04-24,Marin,041,260295,13863,13847,254,14101,227
2021-04-24,Mariposa,043,17540,415,409,11,420,5
2021-04-24,Mendocino,045,87422,3810,3754,72,3826,46
2021-04-24,Merced,047,269075,30551,30559,991,31550,443
2021-04-24,Modoc,049,8938,367,360,122,482,3
2021-04-24,Mono,051,14174,1236,1256,13,1269,3
2021-04-24,Monterey,053,433212,42796,42727,1899,44626,379
2021-04-24,Napa,055,140530,9757,9756,32,9788,79
2021-04-24,Nevada,057,99092,4607,4522,193,4715,70
2021-04-24,Orange,059,3164182,253791,252441,11448,263889,4910
2021-04-24,Placer,061,380077,22499,21983,1449,23432,285
2021-04-24,Plumas,063,18699,683,670,11,681,4
2021-04-24,Riverside,065,2383286,289995,286552,14313,300865,4400
2021-04-24,Sacramento,067,1510023,102787,102179,1658,103837,1587
2021-04-24,San Benito,069,59416,6004,6007,116,6123,63
2021-04-24,San Bernardino,071,2135413,291138,290264,9244,299508,4568
2021-04-24,San Diego,073,3302833,276879,275252,14303,289555,3688
2021-04-24,San Francisco,075,870044,36108,36285,1336,37621,532
2021-04-24,San Joaquin,077,732212,71548,70911,3565,74476,1301
2021-04-24,San Luis Obispo,079,281455,20963,20797,742,21539,255
2021-04-24,San Mateo,081,765935,41778,41424,465,41889,355
2021-04-24,Santa Barbara,083,443738,34335,33911,1222,35133,448
2021-04-24,Santa Clara,085,1922200,116913,117674,753,118427,1968
2021-04-24,Santa Cruz,087,273765,16020,15840,862,16702,205
2021-04-24,Shasta,089,179085,11729,11770,1480,13250,192
2021-04-24,Sierra,091,2930,53,51,14,65,0
2021-04-24,Siskiyou,093,43540,1692,1574,306,1880,11
2021-04-24,Solano,095,438530,31951,31821,489,32310,247
2021-04-24,Sonoma,097,501317,29568,29739,314,30053,318
2021-04-24,Stanislaus,099,539301,54664,54455,6008,60463,744
2021-04-24,Sutter,101,95872,9335,9316,87,9403,110
2021-04-24,Tehama,103,63373,4929,4907,572,5479,53
2021-04-24,Trinity,105,12862,405,326,67,393,3
2021-04-24,Tulare,107,460477,49223,48705,9236,57941,830
2021-04-24,Tuolumne,109,53932,4020,4020,36,4056,58
2021-04-24,Ventura,111,848112,80507,80097,3032,83129,999
2021-04-24,Yolo,113,214977,13687,13653,287,13940,205
2021-04-24,Yuba,115,75493,5866,5837,121,5958,44
2021-04-23,Alameda,001,1643700,86234,85935,1967,87902,1256
2021-04-23,Alpine,003,1148,87,86,0,86,0
2021-04-23,Amador,005,37829,3645,3637,34,3671,46
2021-04-23,Butte,007,227075,12010,11672,1802,13474,196
2021-04-23,Calaveras,009,45235,2069,2064,12,2076,50
2021-04-23,Colusa,011,21464,1918,1921,298,2219,14
2021-04-23,Contra Costa,013,1133247,67766,67164,1260,68424,785
2021-04-23,Del Norte,015,27424,1284,1254,11,1265,6
2021-04-23,El Dorado,017,186661,9865,9788,721,10509,106
2021-04-23,Fresno,019,978130,100988,100928,8763,109691,1662
2021-04-23,Glenn,021,27897,2370,2361,553,2914,17
2021-04-23,Humboldt,023,135768,3777,3698,29,3727,35
2021-04-23,Imperial,025,180216,28117,28108,2811,30919,720
2021-04-23,Inyo,027,18085,1396,1395,1,1396,36
2021-04-23,Kern,029,883053,96097,95330,10922,106252,1295
2021-04-23,Kings,031,150075,22844,22735,1146,23881,244
2021-04-23,Lake,033,64148,3443,3425,9,3434,43
2021-04-23,Lassen,035,31185,5159,5141,108,5249,1
2021-04-23,Los Angeles,037,10098052,1196424,1190264,42731,1232995,23785
2021-04-23,Madera,039,155013,16410,16328,941,17269,231
2021-04-23,Marin,041,260295,13858,13838,254,14092,227
2021-04-23,Mariposa,043,17540,414,405,11,416,5
2021-04-23,Mendocino,045,87422,3808,3745,71,3816,46
2021-04-23,Merced,047,269075,30533,30530,991,31521,443
2021-04-23,Modoc,049,8938,367,360,122,482,3
2021-04-23,Mono,051,14174,1234,1256,13,1269,3
2021-04-23,Monterey,053,433212,42790,42722,1899,44621,377
2021-04-23,Napa,055,140530,9751,9752,32,9784,79
2021-04-23,Nevada,057,99092,4598,4510,193,4703,70
2021-04-23,Orange,059,3164182,253747,252399,11441,263840,4904
2021-04-23,Placer,061,380077,22476,21959,1448,23407,282
2021-04-23,Plumas,063,18699,682,670,11,681,4
2021-04-23,Riverside,065,2383286,289937,286456,14308,300764,4399
2021-04-23,Sacramento,067,1510023,102700,102041,1655,103696,1586
2021-04-23,San Benito,069,59416,6002,6005,116,6121,63
2021-04-23,San Bernardino,071,2135413,291088,290189,9242,299431,4568
2021-04-23,San Diego,073,3302833,276741,275097,14280,289377,3684
2021-04-23,San Francisco,075,870044,36091,36252,1335,37587,532
2021-04-23,San Joaquin,077,732212,71492,70840,3562,74402,1295
2021-04-23,San Luis Obispo,079,281455,20954,20781,741,21522,255
2021-04-23,San Mateo,081,765935,41751,41386,465,41851,355
2021-04-23,Santa Barbara,083,443738,34325,33895,1220,35115,447
2021-04-23,Santa Clara,085,1922200,116852,117593,752,118345,1965
2021-04-23,Santa Cruz,087,273765,16013,15802,862,16664,205
2021-04-23,Shasta,089,179085,11722,11759,1479,13238,192
2021-04-23,Sierra,091,2930,53,51,14,65,0
2021-04-23,Siskiyou,093,43540,1680,1567,304,1871,11
2021-04-23,Solano,095,438530,31919,31784,485,32269,247
2021-04-23,Sonoma,097,501317,29555,29727,314,30041,318
2021-04-23,Stanislaus,099,539301,54601,54391,6000,60391,744
2021-04-23,Sutter,101,95872,9333,9312,87,9399,110
2021-04-23,Tehama,103,63373,4926,4906,572,5478,53
2021-04-23,Trinity,105,12862,405,326,67,393,3
2021-04-23,Tulare,107,460477,49206,48694,9228,57922,829
2021-04-23,Tuolumne,109,53932,4019,4020,36,4056,58
2021-04-23,Ventura,111,848112,80488,80095,3032,83127,996
2021-04-23,Yolo,113,214977,13676,13647,286,13933,205
2021-04-23,Yuba,115,75493,5863,5828,121,5949,44
2021-04-22,Alameda,001,1643700,86143,85829,1966,87795,1253
2021-04-22,Alpine,003,1148,87,86,0,86,0
2021-04-22,Amador,005,37829,3644,3633,34,3667,46
2021-04-22,Butte,007,227075,11996,11656,1799,13455,196
2021-04-22,Calaveras,009,45235,2067,2059,12,2071,50
2021-04-22,Colusa,011,21464,1916,1920,296,2216,14
2021-04-22,Contra Costa,013,1133247,67694,67029,1255,68284,782
2021-04-22,Del Norte,015,27424,1279,1252,11,1263,6
2021-04-22,El Dorado,017,186661,9854,9773,718,10491,106
2021-04-22,Fresno,019,978130,100944,100864,8752,109616,1657
2021-04-22,Glenn,021,27897,2369,2361,553,2914,17
2021-04-22,Humboldt,023,135768,3768,3680,29,3709,35
2021-04-22,Imperial,025,180216,28096,28096,2808,30904,720
2021-04-22,Inyo,027,18085,1395,1394,1,1395,36
2021-04-22,Kern,029,883053,96054,95292,10907,106199,1299
2021-04-22,Kings,031,150075,22834,22725,1146,23871,243
2021-04-22,Lake,033,64148,3441,3423,9,3432,43
2021-04-22,Lassen,035,31185,5159,5155,108,5263,1
2021-04-22,Los Angeles,037,10098052,1196107,1189878,42708,1232586,23762
2021-04-22,Madera,039,155013,16391,16316,941,17257,231
2021-04-22,Marin,041,260295,13850,13832,254,14086,227
2021-04-22,Mariposa,043,17540,413,403,11,414,5
2021-04-22,Mendocino,045,87422,3802,3729,71,3800,46
2021-04-22,Merced,047,269075,30498,30490,990,31480,443
2021-04-22,Modoc,049,8938,367,360,122,482,3
2021-04-22,Mono,051,14174,1234,1254,13,1267,3
2021-04-22,Monterey,053,433212,42783,42708,1897,44605,377
2021-04-22,Napa,055,140530,9741,9734,32,9766,79
2021-04-22,Nevada,057,99092,4589,4504,191,4695,70
2021-04-22,Orange,059,3164182,253675,252307,11429,263736,4898
2021-04-22,Placer,061,380077,22446,21916,1444,23360,282
2021-04-22,Plumas,063,18699,681,670,11,681,4
2021-04-22,Riverside,065,2383286,289844,286362,14299,300661,4398
2021-04-22,Sacramento,067,1510023,102552,101870,1645,103515,1585
2021-04-22,San Benito,069,59416,5998,5998,116,6114,63
2021-04-22,San Bernardino,071,2135413,291017,290125,9234,299359,4571
2021-04-22,San Diego,073,3302833,276575,275913,14258,290171,3684
2021-04-22,San Francisco,075,870044,36069,36218,1332,37550,532
2021-04-22,San Joaquin,077,732212,71433,70751,3555,74306,1295
2021-04-22,San Luis Obispo,079,281455,20940,20761,741,21502,255
2021-04-22,San Mateo,081,765935,41724,41345,463,41808,355
2021-04-22,Santa Barbara,083,443738,34302,33870,1219,35089,446
2021-04-22,Santa Clara,085,1922200,116764,117457,748,118205,1954
2021-04-22,Santa Cruz,087,273765,16010,15737,861,16598,205
2021-04-22,Shasta,089,179085,11707,11738,1476,13214,192
2021-04-22,Sierra,091,2930,53,51,14,65,0
2021-04-22,Siskiyou,093,43540,1676,1564,303,1867,11
2021-04-22,Solano,095,438530,31873,31731,482,32213,247
2021-04-22,Sonoma,097,501317,29540,29705,310,30015,318
2021-04-22,Stanislaus,099,539301,54528,54313,5994,60307,744
2021-04-22,Sutter,101,95872,9329,9302,87,9389,110
2021-04-22,Tehama,103,63373,4920,4896,568,5464,53
2021-04-22,Trinity,105,12862,405,326,67,393,3
2021-04-22,Tulare,107,460477,49187,48669,9218,57887,828
2021-04-22,Tuolumne,109,53932,4015,4020,36,4056,58
2021-04-22,Ventura,111,848112,80463,80073,3030,83103,996
2021-04-22,Yolo,113,214977,13655,13616,286,13902,205
2021-04-22,Yuba,115,75493,5853,5825,121,5946,44
2021-04-21,Alameda,001,1643700,86062,85762,1964,87726,1249
2021-04-21,Alpine,003,1148,87,86,0,86,0
2021-04-21,Amador,005,37829,3641,3632,34,3666,46
2021-04-21,Butte,007,227075,11976,11643,1797,13440,196
2021-04-21,Calaveras,009,45235,2057,2057,12,2069,50
2021-04-21,Colusa,011,21464,1914,1920,295,2215,14
2021-04-21,Contra Costa,013,1133247,67628,66981,1254,68235,782
2021-04-21,Del Norte,015,27424,1275,1252,11,1263,6
2021-04-21,El Dorado,017,186661,9837,9760,716,10476,106
2021-04-21,Fresno,019,978130,100888,100838,8746,109584,1654
2021-04-21,Glenn,021,27897,2368,2361,553,2914,17
2021-04-21,Humboldt,023,135768,3748,3642,29,3671,35
2021-04-21,Imperial,025,180216,28084,28052,2807,30859,719
2021-04-21,Inyo,027,18085,1395,1392,1,1393,36
2021-04-21,Kern,029,883053,96008,95257,10897,106154,1297
2021-04-21,Kings,031,150075,22827,22713,1145,23858,243
2021-04-21,Lake,033,64148,3438,3421,9,3430,43
2021-04-21,Lassen,035,31185,5158,5156,108,5264,1
2021-04-21,Los Angeles,037,10098052,1195769,1189530,42686,1232216,23729
2021-04-21,Madera,039,155013,16386,16309,941,17250,231
2021-04-21,Marin,041,260295,13835,13822,254,14076,227
2021-04-21,Mariposa,043,17540,412,402,11,413,5
2021-04-21,Mendocino,045,87422,3800,3729,71,3800,46
2021-04-21,Merced,047,269075,30477,30471,989,31460,442
2021-04-21,Modoc,049,8938,367,360,122,482,3
2021-04-21,Mono,051,14174,1234,1254,13,1267,3
2021-04-21,Monterey,053,433212,42768,42699,1895,44594,377
2021-04-21,Napa,055,140530,9735,9727,32,9759,79
2021-04-21,Nevada,057,99092,4575,4499,191,4690,70
2021-04-21,Orange,059,3164182,253600,252243,11416,263659,4889
2021-04-21,Placer,061,380077,22415,21896,1439,23335,282
2021-04-21,Plumas,063,18699,681,670,11,681,4
2021-04-21,Riverside,065,2383286,289752,286299,14292,300591,4388
2021-04-21,Sacramento,067,1510023,102425,101803,1639,103442,1579
2021-04-21,San Benito,069,59416,5995,5998,116,6114,63
2021-04-21,San Bernardino,071,2135413,290943,290049,9232,299281,4572
2021-04-21,San Diego,073,3302833,276366,275632,14220,289852,3681
2021-04-21,San Francisco,075,870044,36049,36194,1331,37525,529
2021-04-21,San Joaquin,077,732212,71378,70687,3545,74232,1295
2021-04-21,San Luis Obispo,079,281455,20925,20724,740,21464,255
2021-04-21,San Mateo,081,765935,41692,41318,462,41780,355
2021-04-21,Santa Barbara,083,443738,34283,33830,1218,35048,445
2021-04-21,Santa Clara,085,1922200,116688,117318,742,118060,1946
2021-04-21,Santa Cruz,087,273765,16001,15698,861,16559,204
2021-04-21,Shasta,089,179085,11688,11722,1474,13196,192
2021-04-21,Sierra,091,2930,53,51,14,65,0
2021-04-21,Siskiyou,093,43540,1669,1557,303,1860,11
2021-04-21,Solano,095,438530,31834,31712,481,32193,244
2021-04-21,Sonoma,097,501317,29528,29697,308,30005,318
2021-04-21,Stanislaus,099,539301,54467,54290,5988,60278,742
2021-04-21,Sutter,101,95872,9321,9297,87,9384,110
2021-04-21,Tehama,103,63373,4913,4893,567,5460,53
2021-04-21,Trinity,105,12862,405,326,67,393,3
2021-04-21,Tulare,107,460477,49172,48653,9205,57858,828
2021-04-21,Tuolumne,109,53932,4012,4019,36,4055,58
2021-04-21,Ventura,111,848112,80431,80039,3027,83066,996
2021-04-21,Yolo,113,214977,13635,13606,285,13891,200
2021-04-21,Yuba,115,75493,5846,5822,120,5942,44
2021-04-20,Alameda,001,1643700,85970,85652,1962,87614,1248
2021-04-20,Alpine,003,1148,86,85,0,85,0
2021-04-20,Amador,005,37829,3640,3631,34,3665,46
2021-04-20,Butte,007,227075,11957,11619,1795,13414,196
2021-04-20,Calaveras,009,45235,2055,2053,12,2065,50
2021-04-20,Colusa,011,21464,1914,1915,294,2209,14
2021-04-20,Contra Costa,013,1133247,67544,66889,1251,68140,782
2021-04-20,Del Norte,015,27424,1274,1250,11,1261,6
2021-04-20,El Dorado,017,186661,9809,9743,714,10457,106
2021-04-20,Fresno,019,978130,100830,100768,8736,109504,1650
2021-04-20,Glenn,021,27897,2366,2359,552,2911,17
2021-04-20,Humboldt,023,135768,3728,3612,29,3641,35
2021-04-20,Imperial,025,180216,28065,28024,2804,30828,719
2021-04-20,Inyo,027,18085,1395,1393,1,1394,36
2021-04-20,Kern,029,883053,95972,95223,10880,106103,1295
2021-04-20,Kings,031,150075,22821,22693,1142,23835,243
2021-04-20,Lake,033,64148,3436,3418,9,3427,43
2021-04-20,Lassen,035,31185,5158,5155,108,5263,1
2021-04-20,Los Angeles,037,10098052,1195426,1189256,42656,1231912,23694
2021-04-20,Madera,039,155013,16380,16301,941,17242,231
2021-04-20,Marin,041,260295,13821,13807,254,14061,227
2021-04-20,Mariposa,043,17540,411,402,11,413,5
2021-04-20,Mendocino,045,87422,3799,3726,71,3797,46
2021-04-20,Merced,047,269075,30449,30439,989,31428,441
2021-04-20,Modoc,049,8938,367,359,122,481,3
2021-04-20,Mono,051,14174,1233,1254,13,1267,3
2021-04-20,Monterey,053,433212,42757,42663,1892,44555,363
2021-04-20,Napa,055,140530,9731,9711,32,9743,79
2021-04-20,Nevada,057,99092,4558,4485,190,4675,70
2021-04-20,Orange,059,3164182,253510,252134,11404,263538,4887
2021-04-20,Placer,061,380077,22381,21846,1435,23281,282
2021-04-20,Plumas,063,18699,680,670,11,681,4
2021-04-20,Riverside,065,2383286,289658,286194,14286,300480,4388
2021-04-20,Sacramento,067,1510023,102287,101629,1631,103260,1574
2021-04-20,San Benito,069,59416,5992,5988,116,6104,63
2021-04-20,San Bernardino,071,2135413,290864,289905,9229,299134,4569
2021-04-20,San Diego,073,3302833,276136,275369,14187,289556,3674
2021-04-20,San Francisco,075,870044,36030,36117,1330,37447,529
2021-04-20,San Joaquin,077,732212,71305,70590,3536,74126,1289
2021-04-20,San Luis Obispo,079,281455,20902,20691,732,21423,254
2021-04-20,San Mateo,081,765935,41661,41251,462,41713,355
2021-04-20,Santa Barbara,083,443738,34265,33803,1218,35021,445
2021-04-20,Santa Clara,085,1922200,116590,117228,738,117966,1944
2021-04-20,Santa Cruz,087,273765,15989,15647,861,16508,204
2021-04-20,Shasta,089,179085,11672,11677,1471,13148,189
2021-04-20,Sierra,091,2930,53,51,14,65,0
2021-04-20,Siskiyou,093,43540,1661,1551,302,1853,10
2021-04-20,Solano,095,438530,31779,31673,477,32150,243
2021-04-20,Sonoma,097,501317,29519,29676,306,29982,311
2021-04-20,Stanislaus,099,539301,54402,54236,5975,60211,735
2021-04-20,Sutter,101,95872,9317,9279,87,9366,109
2021-04-20,Tehama,103,63373,4908,4887,566,5453,52
2021-04-20,Trinity,105,12862,405,326,67,393,3
2021-04-20,Tulare,107,460477,49152,48650,9194,57844,831
2021-04-20,Tuolumne,109,53932,4012,4014,36,4050,58
2021-04-20,Ventura,111,848112,80403,80018,3025,83043,995
2021-04-20,Yolo,113,214977,13616,13581,283,13864,200
2021-04-20,Yuba,115,75493,5836,5814,120,5934,44
2021-04-19,Alameda,001,1643700,85848,85583,1959,87542,1247
2021-04-19,Alpine,003,1148,86,85,0,85,0
2021-04-19,Amador,005,37829,3639,3629,34,3663,46
2021-04-19,Butte,007,227075,11938,11601,1790,13391,196
2021-04-19,Calaveras,009,45235,2052,2050,12,2062,50
2021-04-19,Colusa,011,21464,1914,1913,293,2206,14
2021-04-19,Contra Costa,013,1133247,67467,66833,1248,68081,782
2021-04-19,Del Norte,015,27424,1272,1247,11,1258,6
2021-04-19,El Dorado,017,186661,9793,9726,709,10435,106
2021-04-19,Fresno,019,978130,100762,100702,8724,109426,1646
2021-04-19,Glenn,021,27897,2366,2358,551,2909,17
2021-04-19,Humboldt,023,135768,3708,3602,27,3629,35
2021-04-19,Imperial,025,180216,28044,27995,2804,30799,719
2021-04-19,Inyo,027,18085,1395,1392,1,1393,36
2021-04-19,Kern,029,883053,95942,95162,10865,106027,1290
2021-04-19,Kings,031,150075,22805,22688,1142,23830,243
2021-04-19,Lake,033,64148,3435,3416,9,3425,43
2021-04-19,Lassen,035,31185,5157,5156,108,5264,1
2021-04-19,Los Angeles,037,10098052,1195050,1188945,42630,1231575,23666
2021-04-19,Madera,039,155013,16369,16289,940,17229,231
2021-04-19,Marin,041,260295,13810,13804,253,14057,226
2021-04-19,Mariposa,043,17540,410,401,11,412,5
2021-04-19,Mendocino,045,87422,3797,3722,71,3793,46
2021-04-19,Merced,047,269075,30420,30422,988,31410,441
2021-04-19,Modoc,049,8938,367,359,122,481,3
2021-04-19,Mono,051,14174,1232,1254,13,1267,3
2021-04-19,Monterey,053,433212,42744,42642,1887,44529,356
2021-04-19,Napa,055,140530,9723,9680,32,9712,79
2021-04-19,Nevada,057,99092,4542,4477,190,4667,70
2021-04-19,Orange,059,3164182,253392,252013,11390,263403,4883
2021-04-19,Placer,061,380077,22358,21814,1431,23245,282
2021-04-19,Plumas,063,18699,680,665,11,676,4
2021-04-19,Riverside,065,2383286,289565,286087,14277,300364,4371
2021-04-19,Sacramento,067,1510023,102153,101482,1620,103102,1572
2021-04-19,San Benito,069,59416,5984,5989,116,6105,63
2021-04-19,San Bernardino,071,2135413,290779,289738,9222,298960,4561
2021-04-19,San Diego,073,3302833,275888,275113,14154,289267,3674
2021-04-19,San Francisco,075,870044,35995,36094,1327,37421,529
2021-04-19,San Joaquin,077,732212,71226,70514,3528,74042,1289
2021-04-19,San Luis Obispo,079,281455,20876,20669,726,21395,254
2021-04-19,San Mateo,081,765935,41628,41226,461,41687,355
2021-04-19,Santa Barbara,083,443738,34251,33786,1218,35004,446
2021-04-19,Santa Clara,085,1922200,116479,117099,734,117833,1944
2021-04-19,Santa Cruz,087,273765,15977,15600,861,16461,204
2021-04-19,Shasta,089,179085,11657,11662,1463,13125,189
2021-04-19,Sierra,091,2930,53,51,14,65,0
2021-04-19,Siskiyou,093,43540,1651,1544,302,1846,10
2021-04-19,Solano,095,438530,31741,31643,472,32115,239
2021-04-19,Sonoma,097,501317,29500,29667,306,29973,311
2021-04-19,Stanislaus,099,539301,54326,54179,5971,60150,728
2021-04-19,Sutter,101,95872,9306,9269,87,9356,109
2021-04-19,Tehama,103,63373,4903,4878,566,5444,52
2021-04-19,Trinity,105,12862,405,326,67,393,3
2021-04-19,Tulare,107,460477,49136,48630,9181,57811,831
2021-04-19,Tuolumne,109,53932,4011,4010,36,4046,58
2021-04-19,Ventura,111,848112,80377,80000,3023,83023,996
2021-04-19,Yolo,113,214977,13604,13572,280,13852,200
2021-04-19,Yuba,115,75493,5829,5804,119,5923,44
2021-04-18,Alameda,001,1643700,85734,85481,1951,87432,1247
2021-04-18,Alpine,003,1148,86,85,0,85,0
2021-04-18,Amador,005,37829,3636,3627,34,3661,46
2021-04-18,Butte,007,227075,11920,11591,1785,13376,196
2021-04-18,Calaveras,009,45235,2048,2047,12,2059,50
2021-04-18,Colusa,011,21464,1910,1912,292,2204,14
2021-04-18,Contra Costa,013,1133247,67362,66750,1243,67993,782
2021-04-18,Del Norte,015,27424,1272,1240,11,1251,6
2021-04-18,El Dorado,017,186661,9770,9710,707,10417,106
2021-04-18,Fresno,019,978130,100705,100621,8718,109339,1646
2021-04-18,Glenn,021,27897,2361,2358,551,2909,17
2021-04-18,Humboldt,023,135768,3680,3590,27,3617,35
2021-04-18,Imperial,025,180216,28029,27991,2799,30790,719
2021-04-18,Inyo,027,18085,1394,1392,1,1393,36
2021-04-18,Kern,029,883053,95907,95129,10848,105977,1290
2021-04-18,Kings,031,150075,22796,22685,1142,23827,243
2021-04-18,Lake,033,64148,3434,3413,9,3422,43
2021-04-18,Lassen,035,31185,5154,5156,108,5264,1
2021-04-18,Los Angeles,037,10098052,1194596,1188620,42605,1231225,23648
2021-04-18,Madera,039,155013,16358,16277,939,17216,231
2021-04-18,Marin,041,260295,13803,13801,252,14053,226
2021-04-18,Mariposa,043,17540,409,400,10,410,5
2021-04-18,Mendocino,045,87422,3794,3722,71,3793,46
2021-04-18,Merced,047,269075,30383,30405,986,31391,441
2021-04-18,Modoc,049,8938,367,359,122,481,3
2021-04-18,Mono,051,14174,1232,1254,13,1267,3
2021-04-18,Monterey,053,433212,42732,42638,1886,44524,356
2021-04-18,Napa,055,140530,9707,9674,32,9706,79
2021-04-18,Nevada,057,99092,4527,4464,190,4654,70
2021-04-18,Orange,059,3164182,253277,251940,11382,263322,4883
2021-04-18,Placer,061,380077,22314,21783,1424,23207,282
2021-04-18,Plumas,063,18699,679,665,11,676,4
2021-04-18,Riverside,065,2383286,289476,286043,14272,300315,4371
2021-04-18,Sacramento,067,1510023,101977,101354,1614,102968,1572
2021-04-18,San Benito,069,59416,5982,5989,116,6105,63
2021-04-18,San Bernardino,071,2135413,290686,289691,9213,298904,4556
2021-04-18,San Diego,073,3302833,275609,274961,14119,289080,3674
2021-04-18,San Francisco,075,870044,35959,36073,1323,37396,525
2021-04-18,San Joaquin,077,732212,71145,70466,3519,73985,1289
2021-04-18,San Luis Obispo,079,281455,20854,20656,719,21375,254
2021-04-18,San Mateo,081,765935,41599,41201,460,41661,352
2021-04-18,Santa Barbara,083,443738,34217,33769,1217,34986,446
2021-04-18,Santa Clara,085,1922200,116342,116996,717,117713,1944
2021-04-18,Santa Cruz,087,273765,15967,15580,860,16440,204
2021-04-18,Shasta,089,179085,11636,11658,1460,13118,189
2021-04-18,Sierra,091,2930,53,51,14,65,0
2021-04-18,Siskiyou,093,43540,1640,1538,300,1838,10
2021-04-18,Solano,095,438530,31691,31606,471,32077,239
2021-04-18,Sonoma,097,501317,29484,29660,304,29964,311
2021-04-18,Stanislaus,099,539301,54244,54132,5962,60094,728
2021-04-18,Sutter,101,95872,9292,9261,87,9348,109
2021-04-18,Tehama,103,63373,4894,4877,565,5442,52
2021-04-18,Trinity,105,12862,405,326,67,393,3
2021-04-18,Tulare,107,460477,49124,48618,9175,57793,829
2021-04-18,Tuolumne,109,53932,4010,4008,35,4043,58
2021-04-18,Ventura,111,848112,80347,79984,3019,83003,996
2021-04-18,Yolo,113,214977,13592,13562,278,13840,200
2021-04-18,Yuba,115,75493,5822,5804,119,5923,44
2021-04-17,Alameda,001,1643700,85661,85367,1947,87314,1247
2021-04-17,Alpine,003,1148,86,85,0,85,0
2021-04-17,Amador,005,37829,3634,3625,34,3659,46
2021-04-17,Butte,007,227075,11900,11573,1781,13354,196
2021-04-17,Calaveras,009,45235,2046,2045,12,2057,50
2021-04-17,Colusa,011,21464,1910,1912,292,2204,14
2021-04-17,Contra Costa,013,1133247,67314,66657,1235,67892,782
2021-04-17,Del Norte,015,27424,1272,1238,11,1249,6
2021-04-17,El Dorado,017,186661,9755,9692,704,10396,106
2021-04-17,Fresno,019,978130,100672,100562,8711,109273,1646
2021-04-17,Glenn,021,27897,2361,2357,551,2908,17
2021-04-17,Humboldt,023,135768,3657,3579,27,3606,35
2021-04-17,Imperial,025,180216,28018,27987,2798,30785,719
2021-04-17,Inyo,027,18085,1391,1392,1,1393,36
2021-04-17,Kern,029,883053,95889,95102,10844,105946,1290
2021-04-17,Kings,031,150075,22791,22678,1141,23819,243
2021-04-17,Lake,033,64148,3433,3409,9,3418,43
2021-04-17,Lassen,035,31185,5154,5154,108,5262,1
2021-04-17,Los Angeles,037,10098052,1194341,1188262,42572,1230834,23653
2021-04-17,Madera,039,155013,16354,16260,938,17198,231
2021-04-17,Marin,041,260295,13799,13797,251,14048,226
2021-04-17,Mariposa,043,17540,408,398,10,408,5
2021-04-17,Mendocino,045,87422,3791,3721,71,3792,46
2021-04-17,Merced,047,269075,30368,30392,984,31376,441
2021-04-17,Modoc,049,8938,367,357,122,479,3
2021-04-17,Mono,051,14174,1232,1253,13,1266,3
2021-04-17,Monterey,053,433212,42723,42630,1884,44514,356
2021-04-17,Napa,055,140530,9703,9666,32,9698,79
2021-04-17,Nevada,057,99092,4519,4457,190,4647,70
2021-04-17,Orange,059,3164182,253208,251873,11370,263243,4878
2021-04-17,Placer,061,380077,22291,21736,1419,23155,282
2021-04-17,Plumas,063,18699,678,666,11,677,4
2021-04-17,Riverside,065,2383286,289407,285963,14264,300227,4371
2021-04-17,Sacramento,067,1510023,101868,101172,1602,102774,1572
2021-04-17,San Benito,069,59416,5976,5986,116,6102,63
2021-04-17,San Bernardino,071,2135413,290631,289624,9210,298834,4555
2021-04-17,San Diego,073,3302833,275462,274812,14085,288897,3674
2021-04-17,San Francisco,075,870044,35938,36032,1320,37352,523
2021-04-17,San Joaquin,077,732212,71105,70372,3509,73881,1288
2021-04-17,San Luis Obispo,079,281455,20841,20642,715,21357,254
2021-04-17,San Mateo,081,765935,41576,41157,460,41617,352
2021-04-17,Santa Barbara,083,443738,34186,33738,1215,34953,446
2021-04-17,Santa Clara,085,1922200,116251,116887,714,117601,1944
2021-04-17,Santa Cruz,087,273765,15961,15571,860,16431,204
2021-04-17,Shasta,089,179085,11621,11647,1459,13106,189
2021-04-17,Sierra,091,2930,53,51,14,65,0
2021-04-17,Siskiyou,093,43540,1635,1539,299,1838,10
2021-04-17,Solano,095,438530,31660,31541,468,32009,239
2021-04-17,Sonoma,097,501317,29477,29637,304,29941,311
2021-04-17,Stanislaus,099,539301,54207,54058,5957,60015,728
2021-04-17,Sutter,101,95872,9286,9252,87,9339,109
2021-04-17,Tehama,103,63373,4888,4875,564,5439,52
2021-04-17,Trinity,105,12862,405,326,67,393,3
2021-04-17,Tulare,107,460477,49112,48603,9171,57774,829
2021-04-17,Tuolumne,109,53932,4008,4005,35,4040,58
2021-04-17,Ventura,111,848112,80327,79964,3019,82983,996
2021-04-17,Yolo,113,214977,13582,13580,278,13858,200
2021-04-17,Yuba,115,75493,5817,5802,118,5920,44
2021-04-16,Alameda,001,1643700,85581,85243,1945,87188,1245
2021-04-16,Alpine,003,1148,86,85,0,85,0
2021-04-16,Amador,005,37829,3629,3621,34,3655,46
2021-04-16,Butte,007,227075,11888,11549,1779,13328,196
2021-04-16,Calaveras,009,45235,2045,2042,12,2054,50
2021-04-16,Colusa,011,21464,1908,1911,292,2203,14
2021-04-16,Contra Costa,013,1133247,67259,66569,1232,67801,782
2021-04-16,Del Norte,015,27424,1271,1237,11,1248,6
2021-04-16,El Dorado,017,186661,9735,9665,700,10365,106
2021-04-16,Fresno,019,978130,100623,100500,8704,109204,1643
2021-04-16,Glenn,021,27897,2361,2355,551,2906,17
2021-04-16,Humboldt,023,135768,3636,3570,26,3596,35
2021-04-16,Imperial,025,180216,28008,27962,2797,30759,719
2021-04-16,Inyo,027,18085,1391,1392,1,1393,36
2021-04-16,Kern,029,883053,95860,95066,10841,105907,1288
2021-04-16,Kings,031,150075,22788,22667,1139,23806,243
2021-04-16,Lake,033,64148,3427,3406,9,3415,43
2021-04-16,Lassen,035,31185,5153,5155,108,5263,1
2021-04-16,Los Angeles,037,10098052,1194042,1187818,42534,1230352,23627
2021-04-16,Madera,039,155013,16349,16250,936,17186,231
2021-04-16,Marin,041,260295,13796,13788,251,14039,226
2021-04-16,Mariposa,043,17540,407,396,9,405,5
2021-04-16,Mendocino,045,87422,3789,3719,71,3790,46
2021-04-16,Merced,047,269075,30353,30355,984,31339,438
2021-04-16,Modoc,049,8938,367,355,122,477,3
2021-04-16,Mono,051,14174,1232,1253,13,1266,3
2021-04-16,Monterey,053,433212,42712,42620,1882,44502,351
2021-04-16,Napa,055,140530,9695,9653,32,9685,79
2021-04-16,Nevada,057,99092,4510,4443,190,4633,70
2021-04-16,Orange,059,3164182,253145,251770,11361,263131,4873
2021-04-16,Placer,061,380077,22264,21680,1413,23093,282
2021-04-16,Plumas,063,18699,677,665,11,676,4
2021-04-16,Riverside,065,2383286,289331,285818,14262,300080,4369
2021-04-16,Sacramento,067,1510023,101772,100993,1597,102590,1572
2021-04-16,San Benito,069,59416,5974,5982,116,6098,63
2021-04-16,San Bernardino,071,2135413,290584,289424,9208,298632,4550
2021-04-16,San Diego,073,3302833,275308,274567,14067,288634,3662
2021-04-16,San Francisco,075,870044,35913,35993,1316,37309,517
2021-04-16,San Joaquin,077,732212,71038,70280,3501,73781,1288
2021-04-16,San Luis Obispo,079,281455,20829,20623,714,21337,253
2021-04-16,San Mateo,081,765935,41547,41107,459,41566,352
2021-04-16,Santa Barbara,083,443738,34168,33703,1215,34918,446
2021-04-16,Santa Clara,085,1922200,116151,116693,711,117404,1941
2021-04-16,Santa Cruz,087,273765,15959,15539,860,16399,204
2021-04-16,Shasta,089,179085,11609,11623,1457,13080,189
2021-04-16,Sierra,091,2930,53,51,14,65,0
2021-04-16,Siskiyou,093,43540,1631,1530,297,1827,10
2021-04-16,Solano,095,438530,31621,31470,465,31935,239
2021-04-16,Sonoma,097,501317,29466,29617,304,29921,311
2021-04-16,Stanislaus,099,539301,54159,53983,5955,59938,728
2021-04-16,Sutter,101,95872,9280,9247,87,9334,109
2021-04-16,Tehama,103,63373,4887,4866,564,5430,52
2021-04-16,Trinity,105,12862,405,326,67,393,3
2021-04-16,Tulare,107,460477,49101,48583,9168,57751,830
2021-04-16,Tuolumne,109,53932,4005,4005,35,4040,58
2021-04-16,Ventura,111,848112,80302,79942,3014,82956,994
2021-04-16,Yolo,113,214977,13569,13559,276,13835,198
2021-04-16,Yuba,115,75493,5814,5795,117,5912,44
2021-04-15,Alameda,001,1643700,85475,85089,1943,87032,1246
2021-04-15,Alpine,003,1148,86,85,0,85,0
2021-04-15,Amador,005,37829,3628,3616,34,3650,46
2021-04-15,Butte,007,227075,11873,11529,1775,13304,196
2021-04-15,Calaveras,009,45235,2045,2039,12,2051,50
2021-04-15,Colusa,011,21464,1906,1909,291,2200,14
2021-04-15,Contra Costa,013,1133247,67185,66480,1228,67708,781
2021-04-15,Del Norte,015,27424,1264,1235,11,1246,6
2021-04-15,El Dorado,017,186661,9722,9639,698,10337,106
2021-04-15,Fresno,019,978130,100562,100431,8697,109128,1642
2021-04-15,Glenn,021,27897,2361,2354,551,2905,17
2021-04-15,Humboldt,023,135768,3614,3561,26,3587,35
2021-04-15,Imperial,025,180216,27980,27920,2794,30714,718
2021-04-15,Inyo,027,18085,1391,1393,1,1394,36
2021-04-15,Kern,029,883053,95828,94989,10826,105815,1289
2021-04-15,Kings,031,150075,22774,22648,1139,23787,242
2021-04-15,Lake,033,64148,3426,3399,9,3408,43
2021-04-15,Lassen,035,31185,5152,5152,108,5260,1
2021-04-15,Los Angeles,037,10098052,1193647,1187274,42495,1229769,23598
2021-04-15,Madera,039,155013,16334,16234,936,17170,231
2021-04-15,Marin,041,260295,13792,13783,250,14033,226
2021-04-15,Mariposa,043,17540,405,395,9,404,5
2021-04-15,Mendocino,045,87422,3788,3714,71,3785,46
2021-04-15,Merced,047,269075,30327,30325,983,31308,437
2021-04-15,Modoc,049,8938,367,355,122,477,3
2021-04-15,Mono,051,14174,1231,1253,13,1266,3
2021-04-15,Monterey,053,433212,42702,42604,1880,44484,347
2021-04-15,Napa,055,140530,9687,9645,32,9677,79
2021-04-15,Nevada,057,99092,4498,4434,189,4623,70
2021-04-15,Orange,059,3164182,253050,251679,11348,263027,4857
2021-04-15,Placer,061,380077,22234,21614,1406,23020,281
2021-04-15,Plumas,063,18699,675,665,11,676,4
2021-04-15,Riverside,065,2383286,289232,285698,14255,299953,4363
2021-04-15,Sacramento,067,1510023,101642,100782,1583,102365,1570
2021-04-15,San Benito,069,59416,5971,5969,115,6084,63
2021-04-15,San Bernardino,071,2135413,290495,289288,9201,298489,4544
2021-04-15,San Diego,073,3302833,275062,274250,14008,288258,3653
2021-04-15,San Francisco,075,870044,35894,35947,1314,37261,510
2021-04-15,San Joaquin,077,732212,70957,70189,3493,73682,1288
2021-04-15,San Luis Obispo,079,281455,20813,20591,711,21302,253
2021-04-15,San Mateo,081,765935,41508,41050,458,41508,352
2021-04-15,Santa Barbara,083,443738,34150,33672,1211,34883,446
2021-04-15,Santa Clara,085,1922200,116045,116602,707,117309,1927
2021-04-15,Santa Cruz,087,273765,15949,15509,860,16369,203
2021-04-15,Shasta,089,179085,11595,11597,1453,13050,191
2021-04-15,Sierra,091,2930,53,51,14,65,0
2021-04-15,Siskiyou,093,43540,1625,1524,297,1821,10
2021-04-15,Solano,095,438530,31583,31394,464,31858,239
2021-04-15,Sonoma,097,501317,29452,29587,304,29891,311
2021-04-15,Stanislaus,099,539301,54105,53918,5947,59865,728
2021-04-15,Sutter,101,95872,9273,9237,87,9324,109
2021-04-15,Tehama,103,63373,4885,4854,563,5417,52
2021-04-15,Trinity,105,12862,405,326,67,393,3
2021-04-15,Tulare,107,460477,49080,48556,9168,57724,829
2021-04-15,Tuolumne,109,53932,4005,4003,35,4038,57
2021-04-15,Ventura,111,848112,80283,79917,3012,82929,989
2021-04-15,Yolo,113,214977,13550,13547,274,13821,198
2021-04-15,Yuba,115,75493,5811,5788,117,5905,44
2021-04-14,Alameda,001,1643700,85377,85009,1942,86951,1247
2021-04-14,Alpine,003,1148,86,85,0,85,0
2021-04-14,Amador,005,37829,3627,3613,34,3647,46
2021-04-14,Butte,007,227075,11860,11513,1774,13287,196
2021-04-14,Calaveras,009,45235,2043,2037,12,2049,50
2021-04-14,Colusa,011,21464,1906,1905,291,2196,14
2021-04-14,Contra Costa,013,1133247,67099,66400,1222,67622,781
2021-04-14,Del Norte,015,27424,1264,1228,11,1239,6
2021-04-14,El Dorado,017,186661,9707,9625,693,10318,106
2021-04-14,Fresno,019,978130,100505,100376,8684,109060,1640
2021-04-14,Glenn,021,27897,2361,2353,551,2904,17
2021-04-14,Humboldt,023,135768,3593,3551,25,3576,35
2021-04-14,Imperial,025,180216,27958,27907,2791,30698,718
2021-04-14,Inyo,027,18085,1391,1392,1,1393,36
2021-04-14,Kern,029,883053,95803,94947,10819,105766,1287
2021-04-14,Kings,031,150075,22765,22641,1137,23778,243
2021-04-14,Lake,033,64148,3421,3396,9,3405,43
2021-04-14,Lassen,035,31185,5151,5151,108,5259,1
2021-04-14,Los Angeles,037,10098052,1193252,1186821,42447,1229268,23579
2021-04-14,Madera,039,155013,16325,16218,936,17154,231
2021-04-14,Marin,041,260295,13790,13768,249,14017,226
2021-04-14,Mariposa,043,17540,404,394,9,403,5
2021-04-14,Mendocino,045,87422,3783,3711,71,3782,46
2021-04-14,Merced,047,269075,30309,30296,983,31279,436
2021-04-14,Modoc,049,8938,367,355,122,477,3
2021-04-14,Mono,051,14174,1231,1252,13,1265,3
2021-04-14,Monterey,053,433212,42686,42595,1876,44471,347
2021-04-14,Napa,055,140530,9676,9643,32,9675,79
2021-04-14,Nevada,057,99092,4491,4421,189,4610,70
2021-04-14,Orange,059,3164182,252944,251568,11328,262896,4849
2021-04-14,Placer,061,380077,22201,21575,1405,22980,280
2021-04-14,Plumas,063,18699,675,665,11,676,4
2021-04-14,Riverside,065,2383286,289124,285583,14249,299832,4358
2021-04-14,Sacramento,067,1510023,101467,100645,1569,102214,1570
2021-04-14,San Benito,069,59416,5969,5960,115,6075,62
2021-04-14,San Bernardino,071,2135413,290428,289078,9198,298276,4523
2021-04-14,San Diego,073,3302833,274851,273969,13979,287948,3648
2021-04-14,San Francisco,075,870044,35856,35898,1313,37211,510
2021-04-14,San Joaquin,077,732212,70887,70095,3487,73582,1288
2021-04-14,San Luis Obispo,079,281455,20790,20561,701,21262,253
2021-04-14,San Mateo,081,765935,41468,40982,455,41437,352
2021-04-14,Santa Barbara,083,443738,34121,33650,1211,34861,445
2021-04-14,Santa Clara,085,1922200,115927,116488,704,117192,1922
2021-04-14,Santa Cruz,087,273765,15939,15481,860,16341,203
2021-04-14,Shasta,089,179085,11569,11581,1451,13032,190
2021-04-14,Sierra,091,2930,53,51,14,65,0
2021-04-14,Siskiyou,093,43540,1617,1518,296,1814,10
2021-04-14,Solano,095,438530,31530,31357,456,31813,239
2021-04-14,Sonoma,097,501317,29444,29572,302,29874,311
2021-04-14,Stanislaus,099,539301,54034,53836,5938,59774,727
2021-04-14,Sutter,101,95872,9265,9230,87,9317,106
2021-04-14,Tehama,103,63373,4880,4853,561,5414,52
2021-04-14,Trinity,105,12862,405,326,67,393,3
2021-04-14,Tulare,107,460477,49054,48527,9165,57692,827
2021-04-14,Tuolumne,109,53932,4004,3997,35,4032,57
2021-04-14,Ventura,111,848112,80247,79891,3010,82901,986
2021-04-14,Yolo,113,214977,13534,13530,272,13802,198
2021-04-14,Yuba,115,75493,5809,5778,117,5895,44
2021-04-13,Alameda,001,1643700,85272,84921,1937,86858,1239
2021-04-13,Alpine,003,1148,86,85,0,85,0
2021-04-13,Amador,005,37829,3624,3609,34,3643,46
2021-04-13,Butte,007,227075,11842,11497,1771,13268,196
2021-04-13,Calaveras,009,45235,2041,2035,12,2047,50
2021-04-13,Colusa,011,21464,1904,1905,289,2194,14
2021-04-13,Contra Costa,013,1133247,67009,66304,1222,67526,778
2021-04-13,Del Norte,015,27424,1259,1221,11,1232,6
2021-04-13,El Dorado,017,186661,9681,9609,691,10300,106
2021-04-13,Fresno,019,978130,100425,100357,8678,109035,1636
2021-04-13,Glenn,021,27897,2360,2351,551,2902,17
2021-04-13,Humboldt,023,135768,3576,3540,25,3565,35
2021-04-13,Imperial,025,180216,27940,27887,2782,30669,718
2021-04-13,Inyo,027,18085,1391,1391,1,1392,36
2021-04-13,Kern,029,883053,95759,94908,10807,105715,1285
2021-04-13,Kings,031,150075,22749,22636,1136,23772,243
2021-04-13,Lake,033,64148,3418,3390,9,3399,43
2021-04-13,Lassen,035,31185,5150,5147,108,5255,1
2021-04-13,Los Angeles,037,10098052,1192801,1186482,42402,1228884,23526
2021-04-13,Madera,039,155013,16315,16207,934,17141,231
2021-04-13,Marin,041,260295,13782,13760,248,14008,224
2021-04-13,Mariposa,043,17540,403,394,6,400,5
2021-04-13,Mendocino,045,87422,3777,3702,71,3773,46
2021-04-13,Merced,047,269075,30278,30276,981,31257,435
2021-04-13,Modoc,049,8938,367,355,122,477,3
2021-04-13,Mono,051,14174,1231,1251,13,1264,3
2021-04-13,Monterey,053,433212,42675,42577,1876,44453,347
2021-04-13,Napa,055,140530,9666,9627,32,9659,79
2021-04-13,Nevada,057,99092,4479,4415,189,4604,69
2021-04-13,Orange,059,3164182,252848,251491,11309,262800,4836
2021-04-13,Placer,061,380077,22164,21534,1402,22936,280
2021-04-13,Plumas,063,18699,674,665,11,676,4
2021-04-13,Riverside,065,2383286,289006,285505,14242,299747,4348
2021-04-13,Sacramento,067,1510023,101292,100551,1564,102115,1569
2021-04-13,San Benito,069,59416,5966,5946,115,6061,62
2021-04-13,San Bernardino,071,2135413,290313,288929,9192,298121,4521
2021-04-13,San Diego,073,3302833,274596,273709,13945,287654,3623
2021-04-13,San Francisco,075,870044,35820,35869,1309,37178,506
2021-04-13,San Joaquin,077,732212,70779,70034,3479,73513,1288
2021-04-13,San Luis Obispo,079,281455,20763,20536,691,21227,253
2021-04-13,San Mateo,081,765935,41423,40955,455,41410,353
2021-04-13,Santa Barbara,083,443738,34098,33613,1208,34821,444
2021-04-13,Santa Clara,085,1922200,115798,116363,702,117065,1923
2021-04-13,Santa Cruz,087,273765,15932,15449,860,16309,203
2021-04-13,Shasta,089,179085,11549,11536,1448,12984,189
2021-04-13,Sierra,091,2930,53,51,14,65,0
2021-04-13,Siskiyou,093,43540,1609,1511,292,1803,10
2021-04-13,Solano,095,438530,31481,31335,452,31787,239
2021-04-13,Sonoma,097,501317,29436,29544,301,29845,311
2021-04-13,Stanislaus,099,539301,53962,53797,5928,59725,722
2021-04-13,Sutter,101,95872,9261,9226,87,9313,106
2021-04-13,Tehama,103,63373,4873,4850,558,5408,52
2021-04-13,Trinity,105,12862,405,326,67,393,3
2021-04-13,Tulare,107,460477,49042,48511,9161,57672,825
2021-04-13,Tuolumne,109,53932,4002,3995,35,4030,57
2021-04-13,Ventura,111,848112,80215,79854,3008,82862,986
2021-04-13,Yolo,113,214977,13522,13516,271,13787,198
2021-04-13,Yuba,115,75493,5800,5776,117,5893,44
2021-04-12,Alameda,001,1643700,85169,84817,1935,86752,1238
2021-04-12,Alpine,003,1148,86,85,0,85,0
2021-04-12,Amador,005,37829,3623,3607,34,3641,46
2021-04-12,Butte,007,227075,11827,11488,1767,13255,193
2021-04-12,Calaveras,009,45235,2041,2033,12,2045,50
2021-04-12,Colusa,011,21464,1902,1904,287,2191,14
2021-04-12,Contra Costa,013,1133247,66928,66176,1222,67398,777
2021-04-12,Del Norte,015,27424,1256,1216,11,1227,6
2021-04-12,El Dorado,017,186661,9664,9588,689,10277,106
2021-04-12,Fresno,019,978130,100364,100277,8654,108931,1633
2021-04-12,Glenn,021,27897,2359,2349,551,2900,17
2021-04-12,Humboldt,023,135768,3562,3533,24,3557,35
2021-04-12,Imperial,025,180216,27910,27851,2777,30628,717
2021-04-12,Inyo,027,18085,1391,1390,1,1391,36
2021-04-12,Kern,029,883053,95723,94861,10795,105656,1283
2021-04-12,Kings,031,150075,22741,22621,1135,23756,241
2021-04-12,Lake,033,64148,3414,3380,9,3389,43
2021-04-12,Lassen,035,31185,5149,5147,108,5255,1
2021-04-12,Los Angeles,037,10098052,1192303,1186145,42361,1228506,23505
2021-04-12,Madera,039,155013,16303,16174,932,17106,231
2021-04-12,Marin,041,260295,13770,13751,245,13996,224
2021-04-12,Mariposa,043,17540,402,394,6,400,5
2021-04-12,Mendocino,045,87422,3776,3699,71,3770,46
2021-04-12,Merced,047,269075,30246,30261,979,31240,435
2021-04-12,Modoc,049,8938,365,352,122,474,3
2021-04-12,Mono,051,14174,1231,1251,13,1264,3
2021-04-12,Monterey,053,433212,42661,42555,1874,44429,346
2021-04-12,Napa,055,140530,9652,9603,32,9635,80
2021-04-12,Nevada,057,99092,4468,4408,189,4597,69
2021-04-12,Orange,059,3164182,252762,251350,11288,262638,4826
2021-04-12,Placer,061,380077,22115,21475,1398,22873,278
2021-04-12,Plumas,063,18699,672,666,11,677,4
2021-04-12,Riverside,065,2383286,288899,285361,14236,299597,4336
2021-04-12,Sacramento,067,1510023,101117,100394,1559,101953,1566
2021-04-12,San Benito,069,59416,5958,5942,114,6056,62
2021-04-12,San Bernardino,071,2135413,290206,288736,9180,297916,4493
2021-04-12,San Diego,073,3302833,274336,273431,13917,287348,3621
2021-04-12,San Francisco,075,870044,35786,35841,1308,37149,506
2021-04-12,San Joaquin,077,732212,70708,69968,3470,73438,1288
2021-04-12,San Luis Obispo,079,281455,20718,20515,678,21193,253
2021-04-12,San Mateo,081,765935,41381,40920,451,41371,353
2021-04-12,Santa Barbara,083,443738,34067,33606,1208,34814,444
2021-04-12,Santa Clara,085,1922200,115670,116252,700,116952,1923
2021-04-12,Santa Cruz,087,273765,15913,15406,860,16266,203
2021-04-12,Shasta,089,179085,11532,11509,1444,12953,189
2021-04-12,Sierra,091,2930,53,51,14,65,0
2021-04-12,Siskiyou,093,43540,1598,1511,290,1801,7
2021-04-12,Solano,095,438530,31440,31305,449,31754,238
2021-04-12,Sonoma,097,501317,29408,29500,301,29801,310
2021-04-12,Stanislaus,099,539301,53897,53722,5921,59643,707
2021-04-12,Sutter,101,95872,9250,9221,87,9308,106
2021-04-12,Tehama,103,63373,4864,4834,554,5388,52
2021-04-12,Trinity,105,12862,405,324,67,391,3
2021-04-12,Tulare,107,460477,49022,48495,9151,57646,824
2021-04-12,Tuolumne,109,53932,3998,3993,35,4028,57
2021-04-12,Ventura,111,848112,80182,79818,3006,82824,985
2021-04-12,Yolo,113,214977,13508,13510,270,13780,198
2021-04-12,Yuba,115,75493,5794,5773,117,5890,43
2021-04-11,Alameda,001,1643700,85032,84756,1930,86686,1238
2021-04-11,Alpine,003,1148,86,85,0,85,0
2021-04-11,Amador,005,37829,3621,3605,34,3639,46
2021-04-11,Butte,007,227075,11792,11487,1764,13251,193
2021-04-11,Calaveras,009,45235,2039,2036,12,2048,50
2021-04-11,Colusa,011,21464,1901,1904,286,2190,14
2021-04-11,Contra Costa,013,1133247,66819,66107,1219,67326,777
2021-04-11,Del Norte,015,27424,1250,1214,11,1225,6
2021-04-11,El Dorado,017,186661,9650,9575,686,10261,106
2021-04-11,Fresno,019,978130,100298,100230,8642,108872,1633
2021-04-11,Glenn,021,27897,2355,2348,550,2898,17
2021-04-11,Humboldt,023,135768,3552,3523,24,3547,35
2021-04-11,Imperial,025,180216,27886,27841,2775,30616,717
2021-04-11,Inyo,027,18085,1391,1390,1,1391,36
2021-04-11,Kern,029,883053,95664,94830,10786,105616,1283
2021-04-11,Kings,031,150075,22732,22618,1132,23750,241
2021-04-11,Lake,033,64148,3410,3377,9,3386,43
2021-04-11,Lassen,035,31185,5145,5147,108,5255,1
2021-04-11,Los Angeles,037,10098052,1191792,1185757,42318,1228075,23503
2021-04-11,Madera,039,155013,16284,16166,930,17096,231
2021-04-11,Marin,041,260295,13764,13741,243,13984,226
2021-04-11,Mariposa,043,17540,402,394,6,400,5
2021-04-11,Mendocino,045,87422,3774,3696,71,3767,46
2021-04-11,Merced,047,269075,30208,30249,978,31227,435
2021-04-11,Modoc,049,8938,364,352,120,472,3
2021-04-11,Mono,051,14174,1230,1250,13,1263,3
2021-04-11,Monterey,053,433212,42654,42547,1867,44414,346
2021-04-11,Napa,055,140530,9641,9592,32,9624,80
2021-04-11,Nevada,057,99092,4454,4394,189,4583,69
2021-04-11,Orange,059,3164182,252637,251233,11275,262508,4826
2021-04-11,Placer,061,380077,22058,21458,1393,22851,278
2021-04-11,Plumas,063,18699,672,666,11,677,4
2021-04-11,Riverside,065,2383286,288769,285269,14226,299495,4336
2021-04-11,Sacramento,067,1510023,100947,100296,1546,101842,1566
2021-04-11,San Benito,069,59416,5950,5941,113,6054,62
2021-04-11,San Bernardino,071,2135413,290098,288686,9173,297859,4492
2021-04-11,San Diego,073,3302833,274039,273287,13858,287145,3621
2021-04-11,San Francisco,075,870044,35750,35815,1305,37120,498
2021-04-11,San Joaquin,077,732212,70620,69939,3459,73398,1288
2021-04-11,San Luis Obispo,079,281455,20692,20501,675,21176,253
2021-04-11,San Mateo,081,765935,41323,40901,450,41351,353
2021-04-11,Santa Barbara,083,443738,34032,33591,1207,34798,444
2021-04-11,Santa Clara,085,1922200,115535,116161,697,116858,1923
2021-04-11,Santa Cruz,087,273765,15901,15382,860,16242,203
2021-04-11,Shasta,089,179085,11488,11504,1443,12947,189
2021-04-11,Sierra,091,2930,53,51,14,65,0
2021-04-11,Siskiyou,093,43540,1592,1509,285,1794,7
2021-04-11,Solano,095,438530,31388,31268,445,31713,238
2021-04-11,Sonoma,097,501317,29382,29496,297,29793,310
2021-04-11,Stanislaus,099,539301,53815,53683,5911,59594,707
2021-04-11,Sutter,101,95872,9241,9222,87,9309,106
2021-04-11,Tehama,103,63373,4861,4832,552,5384,52
2021-04-11,Trinity,105,12862,405,324,67,391,3
2021-04-11,Tulare,107,460477,49008,48479,9144,57623,824
2021-04-11,Tuolumne,109,53932,3996,3993,35,4028,57
2021-04-11,Ventura,111,848112,80134,79800,3000,82800,985
2021-04-11,Yolo,113,214977,13487,13496,268,13764,198
2021-04-11,Yuba,115,75493,5784,5768,117,5885,43
2021-04-10,Alameda,001,1643700,84967,84626,1930,86556,1238
2021-04-10,Alpine,003,1148,86,85,0,85,0
2021-04-10,Amador,005,37829,3619,3603,34,3637,46
2021-04-10,Butte,007,227075,11781,11482,1763,13245,193
2021-04-10,Calaveras,009,45235,2038,2032,12,2044,50
2021-04-10,Colusa,011,21464,1901,1902,286,2188,14
2021-04-10,Contra Costa,013,1133247,66758,66001,1216,67217,778
2021-04-10,Del Norte,015,27424,1247,1212,11,1223,6
2021-04-10,El Dorado,017,186661,9638,9549,683,10232,106
2021-04-10,Fresno,019,978130,100265,100135,8635,108770,1633
2021-04-10,Glenn,021,27897,2355,2343,550,2893,17
2021-04-10,Humboldt,023,135768,3542,3508,24,3532,35
2021-04-10,Imperial,025,180216,27872,27816,2775,30591,717
2021-04-10,Inyo,027,18085,1391,1387,1,1388,36
2021-04-10,Kern,029,883053,95650,94802,10780,105582,1284
2021-04-10,Kings,031,150075,22728,22614,1130,23744,241
2021-04-10,Lake,033,64148,3405,3368,9,3377,43
2021-04-10,Lassen,035,31185,5145,5146,107,5253,1
2021-04-10,Los Angeles,037,10098052,1191521,1185246,42299,1227545,23493
2021-04-10,Madera,039,155013,16276,16143,929,17072,231
2021-04-10,Marin,041,260295,13759,13731,243,13974,226
2021-04-10,Mariposa,043,17540,399,393,6,399,5
2021-04-10,Mendocino,045,87422,3772,3696,71,3767,46
2021-04-10,Merced,047,269075,30188,30225,977,31202,435
2021-04-10,Modoc,049,8938,364,352,120,472,3
2021-04-10,Mono,051,14174,1230,1249,13,1262,3
2021-04-10,Monterey,053,433212,42643,42527,1866,44393,346
2021-04-10,Napa,055,140530,9634,9569,32,9601,79
2021-04-10,Nevada,057,99092,4447,4379,189,4568,69
2021-04-10,Orange,059,3164182,252544,251139,11268,262407,4818
2021-04-10,Placer,061,380077,22027,21402,1387,22789,278
2021-04-10,Plumas,063,18699,672,666,11,677,4
2021-04-10,Riverside,065,2383286,288690,285082,14218,299300,4336
2021-04-10,Sacramento,067,1510023,100844,100048,1543,101591,1566
2021-04-10,San Benito,069,59416,5939,5932,112,6044,62
2021-04-10,San Bernardino,071,2135413,290034,288590,9166,297756,4489
2021-04-10,San Diego,073,3302833,273823,273058,13839,286897,3613
2021-04-10,San Francisco,075,870044,35720,35774,1301,37075,498
2021-04-10,San Joaquin,077,732212,70585,69852,3449,73301,1288
2021-04-10,San Luis Obispo,079,281455,20676,20461,673,21134,253
2021-04-10,San Mateo,081,765935,41290,40878,450,41328,350
2021-04-10,Santa Barbara,083,443738,34004,33541,1205,34746,444
2021-04-10,Santa Clara,085,1922200,115439,116015,696,116711,1923
2021-04-10,Santa Cruz,087,273765,15895,15360,860,16220,203
2021-04-10,Shasta,089,179085,11480,11492,1439,12931,189
2021-04-10,Sierra,091,2930,53,51,14,65,0
2021-04-10,Siskiyou,093,43540,1589,1512,285,1797,7
2021-04-10,Solano,095,438530,31354,31218,441,31659,238
2021-04-10,Sonoma,097,501317,29367,29469,296,29765,310
2021-04-10,Stanislaus,099,539301,53781,53596,5904,59500,707
2021-04-10,Sutter,101,95872,9239,9214,87,9301,106
2021-04-10,Tehama,103,63373,4859,4820,550,5370,52
2021-04-10,Trinity,105,12862,405,324,67,391,3
2021-04-10,Tulare,107,460477,48999,48470,9138,57608,824
2021-04-10,Tuolumne,109,53932,3993,3991,35,4026,57
2021-04-10,Ventura,111,848112,80106,79758,2998,82756,985
2021-04-10,Yolo,113,214977,13479,13494,267,13761,198
2021-04-10,Yuba,115,75493,5781,5757,116,5873,43
2021-04-09,Alameda,001,1643700,84895,84404,1922,86326,1237
2021-04-09,Alpine,003,1148,86,85,0,85,0
2021-04-09,Amador,005,37829,3618,3600,34,3634,46
2021-04-09,Butte,007,227075,11771,11454,1762,13216,193
2021-04-09,Calaveras,009,45235,2037,2028,12,2040,50
2021-04-09,Colusa,011,21464,1901,1898,286,2184,14
2021-04-09,Contra Costa,013,1133247,66665,65857,1210,67067,777
2021-04-09,Del Norte,015,27424,1246,1207,11,1218,6
2021-04-09,El Dorado,017,186661,9615,9528,679,10207,106
2021-04-09,Fresno,019,978130,100231,100027,8630,108657,1630
2021-04-09,Glenn,021,27897,2355,2337,550,2887,17
2021-04-09,Humboldt,023,135768,3532,3496,24,3520,35
2021-04-09,Imperial,025,180216,27857,27764,2773,30537,717
2021-04-09,Inyo,027,18085,1390,1386,1,1387,36
2021-04-09,Kern,029,883053,95612,94675,10778,105453,1282
2021-04-09,Kings,031,150075,22719,22595,1127,23722,242
2021-04-09,Lake,033,64148,3401,3362,9,3371,43
2021-04-09,Lassen,035,31185,5145,5140,107,5247,1
2021-04-09,Los Angeles,037,10098052,1191152,1184501,42267,1226768,23458
2021-04-09,Madera,039,155013,16273,16118,929,17047,231
2021-04-09,Marin,041,260295,13752,13721,243,13964,226
2021-04-09,Mariposa,043,17540,399,393,6,399,5
2021-04-09,Mendocino,045,87422,3770,3693,71,3764,46
2021-04-09,Merced,047,269075,30159,30179,976,31155,435
2021-04-09,Modoc,049,8938,363,352,120,472,3
2021-04-09,Mono,051,14174,1230,1247,13,1260,3
2021-04-09,Monterey,053,433212,42634,42481,1862,44343,344
2021-04-09,Napa,055,140530,9615,9574,32,9606,80
2021-04-09,Nevada,057,99092,4439,4373,189,4562,69
2021-04-09,Orange,059,3164182,252470,250852,11263,262115,4813
2021-04-09,Placer,061,380077,21996,21327,1379,22706,278
2021-04-09,Plumas,063,18699,671,666,11,677,4
2021-04-09,Riverside,065,2383286,288607,284562,14212,298774,4325
2021-04-09,Sacramento,067,1510023,100690,99722,1535,101257,1564
2021-04-09,San Benito,069,59416,5934,5925,111,6036,62
2021-04-09,San Bernardino,071,2135413,289965,288000,9163,297163,4467
2021-04-09,San Diego,073,3302833,273625,272697,13797,286494,3600
2021-04-09,San Francisco,075,870044,35679,35716,1296,37012,497
2021-04-09,San Joaquin,077,732212,70522,69675,3437,73112,1281
2021-04-09,San Luis Obispo,079,281455,20663,20427,672,21099,252
2021-04-09,San Mateo,081,765935,41254,40800,449,41249,350
2021-04-09,Santa Barbara,083,443738,33981,33424,1202,34626,444
2021-04-09,Santa Clara,085,1922200,115355,115749,694,116443,1923
2021-04-09,Santa Cruz,087,273765,15890,15331,860,16191,203
2021-04-09,Shasta,089,179085,11470,11478,1436,12914,188
2021-04-09,Sierra,091,2930,53,51,14,65,0
2021-04-09,Siskiyou,093,43540,1586,1510,284,1794,7
2021-04-09,Solano,095,438530,31321,31166,436,31602,238
2021-04-09,Sonoma,097,501317,29354,29433,296,29729,310
2021-04-09,Stanislaus,099,539301,53726,53504,5895,59399,705
2021-04-09,Sutter,101,95872,9232,9201,87,9288,106
2021-04-09,Tehama,103,63373,4853,4806,550,5356,52
2021-04-09,Trinity,105,12862,404,324,67,391,3
2021-04-09,Tulare,107,460477,48995,48430,9132,57562,824
2021-04-09,Tuolumne,109,53932,3992,3986,35,4021,57
2021-04-09,Ventura,111,848112,80078,79698,2998,82696,987
2021-04-09,Yolo,113,214977,13468,13478,265,13743,198
2021-04-09,Yuba,115,75493,5774,5754,116,5870,43
2021-04-08,Alameda,001,1643700,84793,84213,1918,86131,1232
2021-04-08,Alpine,003,1148,86,85,0,85,0
2021-04-08,Amador,005,37829,3614,3595,34,3629,46
2021-04-08,Butte,007,227075,11760,11414,1761,13175,193
2021-04-08,Calaveras,009,45235,2036,2027,12,2039,50
2021-04-08,Colusa,011,21464,1900,1897,286,2183,14
2021-04-08,Contra Costa,013,1133247,66556,65706,1207,66913,775
2021-04-08,Del Norte,015,27424,1240,1201,11,1212,6
2021-04-08,El Dorado,017,186661,9599,9513,673,10186,106
2021-04-08,Fresno,019,978130,100168,99935,8623,108558,1627
2021-04-08,Glenn,021,27897,2353,2337,550,2887,17
2021-04-08,Humboldt,023,135768,3522,3486,24,3510,35
2021-04-08,Imperial,025,180216,27830,27744,2770,30514,713
2021-04-08,Inyo,027,18085,1389,1386,1,1387,36
2021-04-08,Kern,029,883053,95566,94493,10765,105258,1281
2021-04-08,Kings,031,150075,22713,22589,1124,23713,243
2021-04-08,Lake,033,64148,3394,3360,9,3369,43
2021-04-08,Lassen,035,31185,5144,5136,107,5243,1
2021-04-08,Los Angeles,037,10098052,1190654,1184443,42228,1226671,23416
2021-04-08,Madera,039,155013,16261,16103,929,17032,231
2021-04-08,Marin,041,260295,13745,13704,243,13947,226
2021-04-08,Mariposa,043,17540,398,393,6,399,5
2021-04-08,Mendocino,045,87422,3768,3690,71,3761,45
2021-04-08,Merced,047,269075,30137,30163,976,31139,430
2021-04-08,Modoc,049,8938,363,352,120,472,3
2021-04-08,Mono,051,14174,1228,1247,13,1260,3
2021-04-08,Monterey,053,433212,42613,42437,1857,44294,342
2021-04-08,Napa,055,140530,9598,9569,32,9601,80
2021-04-08,Nevada,057,99092,4428,4367,189,4556,69
2021-04-08,Orange,059,3164182,252360,250529,11247,261776,4797
2021-04-08,Placer,061,380077,21955,21258,1370,22628,277
2021-04-08,Plumas,063,18699,671,665,11,676,4
2021-04-08,Riverside,065,2383286,288496,283853,14207,298060,4296
2021-04-08,Sacramento,067,1510023,100551,99319,1523,100842,1561
2021-04-08,San Benito,069,59416,5931,5914,109,6023,62
2021-04-08,San Bernardino,071,2135413,289867,287190,9160,296350,4445
2021-04-08,San Diego,073,3302833,273395,272495,13761,286256,3592
2021-04-08,San Francisco,075,870044,35656,35657,1295,36952,494
2021-04-08,San Joaquin,077,732212,70451,69479,3431,72910,1279
2021-04-08,San Luis Obispo,079,281455,20644,20402,669,21071,252
2021-04-08,San Mateo,081,765935,41214,40749,449,41198,350
2021-04-08,Santa Barbara,083,443738,33957,33309,1201,34510,444
2021-04-08,Santa Clara,085,1922200,115249,115487,693,116180,1905
2021-04-08,Santa Cruz,087,273765,15884,15296,860,16156,203
2021-04-08,Shasta,089,179085,11460,11466,1432,12898,186
2021-04-08,Sierra,091,2930,53,51,14,65,0
2021-04-08,Siskiyou,093,43540,1583,1511,284,1795,7
2021-04-08,Solano,095,438530,31272,31120,436,31556,238
2021-04-08,Sonoma,097,501317,29334,29410,295,29705,310
2021-04-08,Stanislaus,099,539301,53648,53401,5885,59286,706
2021-04-08,Sutter,101,95872,9228,9195,87,9282,106
2021-04-08,Tehama,103,63373,4849,4802,550,5352,52
2021-04-08,Trinity,105,12862,404,324,67,391,3
2021-04-08,Tulare,107,460477,48982,48409,9121,57530,821
2021-04-08,Tuolumne,109,53932,3992,3986,35,4021,57
2021-04-08,Ventura,111,848112,80041,79626,2994,82620,986
2021-04-08,Yolo,113,214977,13459,13468,264,13732,198
2021-04-08,Yuba,115,75493,5770,5743,116,5859,43
2021-04-07,Alameda,001,1643700,84709,84130,1915,86045,1224
2021-04-07,Alpine,003,1148,86,85,0,85,0
2021-04-07,Amador,005,37829,3611,3590,34,3624,46
2021-04-07,Butte,007,227075,11756,11405,1758,13163,193
2021-04-07,Calaveras,009,45235,2033,2022,12,2034,50
2021-04-07,Colusa,011,21464,1896,1894,285,2179,14
2021-04-07,Contra Costa,013,1133247,66470,65619,1206,66825,775
2021-04-07,Del Norte,015,27424,1238,1198,11,1209,6
2021-04-07,El Dorado,017,186661,9578,9500,668,10168,106
2021-04-07,Fresno,019,978130,100103,99865,8613,108478,1627
2021-04-07,Glenn,021,27897,2350,2337,549,2886,17
2021-04-07,Humboldt,023,135768,3510,3484,24,3508,35
2021-04-07,Imperial,025,180216,27806,27704,2764,30468,713
2021-04-07,Inyo,027,18085,1388,1386,1,1387,36
2021-04-07,Kern,029,883053,95530,94456,10750,105206,1275
2021-04-07,Kings,031,150075,22711,22589,1124,23713,243
2021-04-07,Lake,033,64148,3392,3358,9,3367,43
2021-04-07,Lassen,035,31185,5144,5137,107,5244,1
2021-04-07,Los Angeles,037,10098052,1190221,1183862,42204,1226066,23372
2021-04-07,Madera,039,155013,16242,16090,928,17018,231
2021-04-07,Marin,041,260295,13734,13688,241,13929,225
2021-04-07,Mariposa,043,17540,397,391,6,397,5
2021-04-07,Mendocino,045,87422,3767,3691,71,3762,45
2021-04-07,Merced,047,269075,30113,30132,972,31104,430
2021-04-07,Modoc,049,8938,363,351,120,471,3
2021-04-07,Mono,051,14174,1228,1246,13,1259,3
2021-04-07,Monterey,053,433212,42595,42427,1856,44283,341
2021-04-07,Napa,055,140530,9584,9556,32,9588,80
2021-04-07,Nevada,057,99092,4422,4364,189,4553,69
2021-04-07,Orange,059,3164182,252238,250378,11223,261601,4778
2021-04-07,Placer,061,380077,21910,21227,1362,22589,276
2021-04-07,Plumas,063,18699,671,665,11,676,4
2021-04-07,Riverside,065,2383286,288386,283749,14197,297946,4285
2021-04-07,Sacramento,067,1510023,100383,99202,1517,100719,1544
2021-04-07,San Benito,069,59416,5926,5912,108,6020,62
2021-04-07,San Bernardino,071,2135413,289750,286978,9155,296133,4433
2021-04-07,San Diego,073,3302833,273170,272195,13732,285927,3588
2021-04-07,San Francisco,075,870044,35616,35618,1291,36909,493
2021-04-07,San Joaquin,077,732212,70382,69375,3426,72801,1278
2021-04-07,San Luis Obispo,079,281455,20618,20373,666,21039,252
2021-04-07,San Mateo,081,765935,41170,40693,449,41142,350
2021-04-07,Santa Barbara,083,443738,33932,33289,1198,34487,444
2021-04-07,Santa Clara,085,1922200,115119,115311,691,116002,1900
2021-04-07,Santa Cruz,087,273765,15874,15275,859,16134,203
2021-04-07,Shasta,089,179085,11448,11456,1427,12883,184
2021-04-07,Sierra,091,2930,53,51,14,65,0
2021-04-07,Siskiyou,093,43540,1577,1512,283,1795,7
2021-04-07,Solano,095,438530,31221,31097,435,31532,238
2021-04-07,Sonoma,097,501317,29316,29394,294,29688,310
2021-04-07,Stanislaus,099,539301,53580,53344,5875,59219,686
2021-04-07,Sutter,101,95872,9225,9188,87,9275,106
2021-04-07,Tehama,103,63373,4841,4802,548,5350,52
2021-04-07,Trinity,105,12862,404,322,67,389,3
2021-04-07,Tulare,107,460477,48969,48386,9109,57495,820
2021-04-07,Tuolumne,109,53932,3990,3982,35,4017,57
2021-04-07,Ventura,111,848112,80007,79595,2992,82587,986
2021-04-07,Yolo,113,214977,13444,13450,262,13712,198
2021-04-07,Yuba,115,75493,5766,5737,116,5853,43
2021-04-06,Alameda,001,1643700,84597,84091,1910,86001,1223
2021-04-06,Alpine,003,1148,86,85,0,85,0
2021-04-06,Amador,005,37829,3610,3587,34,3621,45
2021-04-06,Butte,007,227075,11741,11396,1757,13153,193
2021-04-06,Calaveras,009,45235,2028,2021,12,2033,50
2021-04-06,Colusa,011,21464,1894,1894,283,2177,14
2021-04-06,Contra Costa,013,1133247,66393,65575,1205,66780,774
2021-04-06,Del Norte,015,27424,1233,1197,11,1208,6
2021-04-06,El Dorado,017,186661,9548,9489,666,10155,106
2021-04-06,Fresno,019,978130,100039,99814,8607,108421,1626
2021-04-06,Glenn,021,27897,2349,2335,549,2884,17
2021-04-06,Humboldt,023,135768,3501,3477,24,3501,35
2021-04-06,Imperial,025,180216,27772,27661,2754,30415,713
2021-04-06,Inyo,027,18085,1388,1379,1,1380,36
2021-04-06,Kern,029,883053,95486,94422,10744,105166,1259
2021-04-06,Kings,031,150075,22705,22587,1124,23711,240
2021-04-06,Lake,033,64148,3389,3358,9,3367,43
2021-04-06,Lassen,035,31185,5142,5137,107,5244,1
2021-04-06,Los Angeles,037,10098052,1189716,1183499,42160,1225659,23323
2021-04-06,Madera,039,155013,16222,16085,923,17008,230
2021-04-06,Marin,041,260295,13725,13675,238,13913,224
2021-04-06,Mariposa,043,17540,397,390,6,396,5
2021-04-06,Mendocino,045,87422,3765,3686,71,3757,45
2021-04-06,Merced,047,269075,30084,30100,967,31067,430
2021-04-06,Modoc,049,8938,362,351,120,471,3
2021-04-06,Mono,051,14174,1228,1246,13,1259,3
2021-04-06,Monterey,053,433212,42586,42412,1855,44267,341
2021-04-06,Napa,055,140530,9565,9509,32,9541,78
2021-04-06,Nevada,057,99092,4412,4356,187,4543,69
2021-04-06,Orange,059,3164182,252131,250304,11208,261512,4771
2021-04-06,Placer,061,380077,21863,21184,1359,22543,276
2021-04-06,Plumas,063,18699,671,665,11,676,4
2021-04-06,Riverside,065,2383286,288208,283622,14186,297808,4264
2021-04-06,Sacramento,067,1510023,100174,99110,1510,100620,1537
2021-04-06,San Benito,069,59416,5917,5907,108,6015,62
2021-04-06,San Bernardino,071,2135413,289638,286792,9145,295937,4428
2021-04-06,San Diego,073,3302833,272908,271867,13704,285571,3585
2021-04-06,San Francisco,075,870044,35573,35572,1291,36863,488
2021-04-06,San Joaquin,077,732212,70299,69316,3414,72730,1278
2021-04-06,San Luis Obispo,079,281455,20596,20350,662,21012,252
2021-04-06,San Mateo,081,765935,41122,40649,448,41097,350
2021-04-06,Santa Barbara,083,443738,33914,33257,1197,34454,443
2021-04-06,Santa Clara,085,1922200,114948,115184,689,115873,1900
2021-04-06,Santa Cruz,087,273765,15864,15252,859,16111,203
2021-04-06,Shasta,089,179085,11427,11443,1425,12868,184
2021-04-06,Sierra,091,2930,53,51,14,65,0
2021-04-06,Siskiyou,093,43540,1573,1510,281,1791,7
2021-04-06,Solano,095,438530,31174,31078,434,31512,237
2021-04-06,Sonoma,097,501317,29291,29386,292,29678,311
2021-04-06,Stanislaus,099,539301,53523,53304,5869,59173,686
2021-04-06,Sutter,101,95872,9215,9179,87,9266,106
2021-04-06,Tehama,103,63373,4832,4798,548,5346,52
2021-04-06,Trinity,105,12862,404,321,67,388,3
2021-04-06,Tulare,107,460477,48926,48372,9105,57477,819
2021-04-06,Tuolumne,109,53932,3990,3981,35,4016,57
2021-04-06,Ventura,111,848112,79970,79556,2990,82546,983
2021-04-06,Yolo,113,214977,13431,13443,261,13704,198
2021-04-06,Yuba,115,75493,5762,5733,115,5848,43
2021-04-05,Alameda,001,1643700,84479,84007,1905,85912,1219
2021-04-05,Alpine,003,1148,86,85,0,85,0
2021-04-05,Amador,005,37829,3607,3584,34,3618,45
2021-04-05,Butte,007,227075,11726,11384,1755,13139,193
2021-04-05,Calaveras,009,45235,2025,2019,12,2031,50
2021-04-05,Colusa,011,21464,1894,1894,282,2176,14
2021-04-05,Contra Costa,013,1133247,66327,65457,1203,66660,774
2021-04-05,Del Norte,015,27424,1231,1189,11,1200,6
2021-04-05,El Dorado,017,186661,9533,9463,666,10129,106
2021-04-05,Fresno,019,978130,99951,99755,8598,108353,1622
2021-04-05,Glenn,021,27897,2348,2335,549,2884,17
2021-04-05,Humboldt,023,135768,3492,3475,24,3499,35
2021-04-05,Imperial,025,180216,27740,27604,2748,30352,710
2021-04-05,Inyo,027,18085,1385,1377,1,1378,36
2021-04-05,Kern,029,883053,95431,94401,10719,105120,1249
2021-04-05,Kings,031,150075,22701,22580,1124,23704,239
2021-04-05,Lake,033,64148,3381,3359,9,3368,43
2021-04-05,Lassen,035,31185,5142,5138,106,5244,1
2021-04-05,Los Angeles,037,10098052,1189182,1183200,42109,1225309,23302
2021-04-05,Madera,039,155013,16208,16065,922,16987,230
2021-04-05,Marin,041,260295,13711,13666,234,13900,221
2021-04-05,Mariposa,043,17540,397,390,6,396,5
2021-04-05,Mendocino,045,87422,3763,3687,71,3758,45
2021-04-05,Merced,047,269075,30057,30068,966,31034,427
2021-04-05,Modoc,049,8938,360,346,120,466,3
2021-04-05,Mono,051,14174,1228,1246,13,1259,3
2021-04-05,Monterey,053,433212,42573,42396,1851,44247,341
2021-04-05,Napa,055,140530,9542,9492,32,9524,78
2021-04-05,Nevada,057,99092,4401,4346,187,4533,69
2021-04-05,Orange,059,3164182,252017,250177,11184,261361,4759
2021-04-05,Placer,061,380077,21817,21133,1351,22484,276
2021-04-05,Plumas,063,18699,671,666,11,677,4
2021-04-05,Riverside,065,2383286,288076,283549,14174,297723,4237
2021-04-05,Sacramento,067,1510023,100012,98908,1502,100410,1533
2021-04-05,San Benito,069,59416,5911,5904,108,6012,61
2021-04-05,San Bernardino,071,2135413,289527,286597,9142,295739,4425
2021-04-05,San Diego,073,3302833,272659,271655,13663,285318,3583
2021-04-05,San Francisco,075,870044,35542,35538,1291,36829,488
2021-04-05,San Joaquin,077,732212,70212,69214,3404,72618,1268
2021-04-05,San Luis Obispo,079,281455,20559,20333,662,20995,252
2021-04-05,San Mateo,081,765935,41079,40609,447,41056,350
2021-04-05,Santa Barbara,083,443738,33881,33235,1197,34432,443
2021-04-05,Santa Clara,085,1922200,114780,115091,686,115777,1893
2021-04-05,Santa Cruz,087,273765,15857,15228,859,16087,201
2021-04-05,Shasta,089,179085,11408,11435,1420,12855,184
2021-04-05,Sierra,091,2930,53,50,14,64,0
2021-04-05,Siskiyou,093,43540,1570,1509,279,1788,7
2021-04-05,Solano,095,438530,31134,31026,432,31458,237
2021-04-05,Sonoma,097,501317,29259,29361,290,29651,311
2021-04-05,Stanislaus,099,539301,53443,53238,5866,59104,686
2021-04-05,Sutter,101,95872,9208,9169,87,9256,106
2021-04-05,Tehama,103,63373,4826,4794,548,5342,52
2021-04-05,Trinity,105,12862,403,321,67,388,3
2021-04-05,Tulare,107,460477,48914,48356,9098,57454,818
2021-04-05,Tuolumne,109,53932,3989,3980,35,4015,57
2021-04-05,Ventura,111,848112,79939,79549,2987,82536,983
2021-04-05,Yolo,113,214977,13417,13427,260,13687,198
2021-04-05,Yuba,115,75493,5757,5728,114,5842,43
2021-04-04,Alameda,001,1643700,84361,83951,1900,85851,1219
2021-04-04,Alpine,003,1148,86,85,0,85,0
2021-04-04,Amador,005,37829,3601,3582,34,3616,45
2021-04-04,Butte,007,227075,11711,11375,1754,13129,193
2021-04-04,Calaveras,009,45235,2021,2020,12,2032,50
2021-04-04,Colusa,011,21464,1893,1893,282,2175,14
2021-04-04,Contra Costa,013,1133247,66221,65408,1198,66606,774
2021-04-04,Del Norte,015,27424,1223,1186,11,1197,6
2021-04-04,El Dorado,017,186661,9514,9455,662,10117,106
2021-04-04,Fresno,019,978130,99877,99702,8585,108287,1622
2021-04-04,Glenn,021,27897,2345,2335,548,2883,17
2021-04-04,Humboldt,023,135768,3481,3472,24,3496,35
2021-04-04,Imperial,025,180216,27684,27588,2746,30334,710
2021-04-04,Inyo,027,18085,1381,1377,1,1378,36
2021-04-04,Kern,029,883053,95389,94388,10695,105083,1247
2021-04-04,Kings,031,150075,22699,22580,1123,23703,239
2021-04-04,Lake,033,64148,3375,3355,8,3363,43
2021-04-04,Lassen,035,31185,5141,5138,106,5244,1
2021-04-04,Los Angeles,037,10098052,1188641,1182872,42062,1224934,23301
2021-04-04,Madera,039,155013,16182,16052,918,16970,230
2021-04-04,Marin,041,260295,13698,13663,233,13896,221
2021-04-04,Mariposa,043,17540,397,390,6,396,5
2021-04-04,Mendocino,045,87422,3760,3684,71,3755,45
2021-04-04,Merced,047,269075,30014,30048,963,31011,427
2021-04-04,Modoc,049,8938,360,346,120,466,3
2021-04-04,Mono,051,14174,1227,1245,13,1258,3
2021-04-04,Monterey,053,433212,42556,42391,1850,44241,341
2021-04-04,Napa,055,140530,9530,9486,32,9518,78
2021-04-04,Nevada,057,99092,4389,4337,186,4523,69
2021-04-04,Orange,059,3164182,251881,250117,11168,261285,4759
2021-04-04,Placer,061,380077,21773,21104,1332,22436,276
2021-04-04,Plumas,063,18699,671,666,11,677,4
2021-04-04,Riverside,065,2383286,287952,283537,14170,297707,4237
2021-04-04,Sacramento,067,1510023,99813,98821,1494,100315,1531
2021-04-04,San Benito,069,59416,5901,5901,104,6005,61
2021-04-04,San Bernardino,071,2135413,289386,286561,9134,295695,4423
2021-04-04,San Diego,073,3302833,272348,271528,13621,285149,3583
2021-04-04,San Francisco,075,870044,35488,35525,1288,36813,488
2021-04-04,San Joaquin,077,732212,70111,69147,3392,72539,1268
2021-04-04,San Luis Obispo,079,281455,20527,20328,654,20982,252
2021-04-04,San Mateo,081,765935,41036,40587,444,41031,350
2021-04-04,Santa Barbara,083,443738,33845,33213,1197,34410,443
2021-04-04,Santa Clara,085,1922200,114614,114976,679,115655,1893
2021-04-04,Santa Cruz,087,273765,15848,15219,859,16078,201
2021-04-04,Shasta,089,179085,11382,11433,1419,12852,184
2021-04-04,Sierra,091,2930,53,50,14,64,0
2021-04-04,Siskiyou,093,43540,1567,1509,275,1784,7
2021-04-04,Solano,095,438530,31087,31002,430,31432,237
2021-04-04,Sonoma,097,501317,29227,29340,288,29628,311
2021-04-04,Stanislaus,099,539301,53350,53181,5858,59039,686
2021-04-04,Sutter,101,95872,9201,9164,87,9251,106
2021-04-04,Tehama,103,63373,4814,4792,547,5339,52
2021-04-04,Trinity,105,12862,401,321,67,388,3
2021-04-04,Tulare,107,460477,48899,48343,9090,57433,818
2021-04-04,Tuolumne,109,53932,3981,3980,35,4015,57
2021-04-04,Ventura,111,848112,79896,79526,2986,82512,983
2021-04-04,Yolo,113,214977,13396,13425,259,13684,198
2021-04-04,Yuba,115,75493,5750,5722,114,5836,43
2021-04-03,Alameda,001,1643700,84293,83861,1898,85759,1218
2021-04-03,Alpine,003,1148,86,85,0,85,0
2021-04-03,Amador,005,37829,3598,3577,34,3611,45
2021-04-03,Butte,007,227075,11707,11359,1750,13109,193
2021-04-03,Calaveras,009,45235,2018,2019,12,2031,50
2021-04-03,Colusa,011,21464,1893,1891,282,2173,14
2021-04-03,Contra Costa,013,1133247,66149,65338,1198,66536,774
2021-04-03,Del Norte,015,27424,1218,1183,11,1194,6
2021-04-03,El Dorado,017,186661,9505,9448,661,10109,106
2021-04-03,Fresno,019,978130,99820,99602,8580,108182,1622
2021-04-03,Glenn,021,27897,2345,2334,547,2881,17
2021-04-03,Humboldt,023,135768,3479,3467,24,3491,35
2021-04-03,Imperial,025,180216,27668,27572,2742,30314,710
2021-04-03,Inyo,027,18085,1380,1376,1,1377,36
2021-04-03,Kern,029,883053,95365,94369,10676,105045,1243
2021-04-03,Kings,031,150075,22697,22580,1123,23703,239
2021-04-03,Lake,033,64148,3374,3350,8,3358,43
2021-04-03,Lassen,035,31185,5140,5136,106,5242,1
2021-04-03,Los Angeles,037,10098052,1188343,1182402,42043,1224445,23301
2021-04-03,Madera,039,155013,16173,16051,916,16967,230
2021-04-03,Marin,041,260295,13690,13658,232,13890,221
2021-04-03,Mariposa,043,17540,397,390,5,395,5
2021-04-03,Mendocino,045,87422,3759,3684,71,3755,45
2021-04-03,Merced,047,269075,29999,30031,963,30994,427
2021-04-03,Modoc,049,8938,360,346,120,466,3
2021-04-03,Mono,051,14174,1227,1245,13,1258,3
2021-04-03,Monterey,053,433212,42543,42376,1848,44224,341
2021-04-03,Napa,055,140530,9521,9473,32,9505,78
2021-04-03,Nevada,057,99092,4385,4323,186,4509,69
2021-04-03,Orange,059,3164182,251801,249982,11150,261132,4755
2021-04-03,Placer,061,380077,21742,21060,1328,22388,276
2021-04-03,Plumas,063,18699,671,666,11,677,4
2021-04-03,Riverside,065,2383286,287875,283423,14167,297590,4237
2021-04-03,Sacramento,067,1510023,99705,98660,1488,100148,1531
2021-04-03,San Benito,069,59416,5898,5893,103,5996,61
2021-04-03,San Bernardino,071,2135413,289321,286473,9128,295601,4422
2021-04-03,San Diego,073,3302833,272179,271335,13604,284939,3571
2021-04-03,San Francisco,075,870044,35470,35488,1286,36774,489
2021-04-03,San Joaquin,077,732212,70070,69100,3376,72476,1268
2021-04-03,San Luis Obispo,079,281455,20508,20301,654,20955,252
2021-04-03,San Mateo,081,765935,41011,40560,444,41004,350
2021-04-03,Santa Barbara,083,443738,33819,33172,1196,34368,443
2021-04-03,Santa Clara,085,1922200,114505,114865,677,115542,1893
2021-04-03,Santa Cruz,087,273765,15841,15205,859,16064,201
2021-04-03,Shasta,089,179085,11374,11418,1419,12837,184
2021-04-03,Sierra,091,2930,53,50,14,64,0
2021-04-03,Siskiyou,093,43540,1566,1509,275,1784,7
2021-04-03,Solano,095,438530,31066,30970,427,31397,237
2021-04-03,Sonoma,097,501317,29211,29315,287,29602,311
2021-04-03,Stanislaus,099,539301,53315,53137,5852,58989,686
2021-04-03,Sutter,101,95872,9195,9158,87,9245,106
2021-04-03,Tehama,103,63373,4807,4788,547,5335,52
2021-04-03,Trinity,105,12862,401,321,67,388,3
2021-04-03,Tulare,107,460477,48889,48327,9086,57413,818
2021-04-03,Tuolumne,109,53932,3981,3980,35,4015,57
2021-04-03,Ventura,111,848112,79875,79489,2984,82473,983
2021-04-03,Yolo,113,214977,13390,13414,259,13673,198
2021-04-03,Yuba,115,75493,5744,5716,114,5830,43
2021-04-02,Alameda,001,1643700,84220,83776,1893,85669,1217
2021-04-02,Alpine,003,1148,86,85,0,85,0
2021-04-02,Amador,005,37829,3594,3573,33,3606,45
2021-04-02,Butte,007,227075,11699,11350,1750,13100,193
2021-04-02,Calaveras,009,45235,2014,2010,12,2022,50
2021-04-02,Colusa,011,21464,1893,1891,282,2173,14
2021-04-02,Contra Costa,013,1133247,66085,65299,1197,66496,774
2021-04-02,Del Norte,015,27424,1215,1174,11,1185,6
2021-04-02,El Dorado,017,186661,9492,9437,658,10095,106
2021-04-02,Fresno,019,978130,99766,99551,8569,108120,1620
2021-04-02,Glenn,021,27897,2345,2331,547,2878,17
2021-04-02,Humboldt,023,135768,3475,3465,24,3489,35
2021-04-02,Imperial,025,180216,27656,27553,2735,30288,710
2021-04-02,Inyo,027,18085,1380,1377,1,1378,36
2021-04-02,Kern,029,883053,95347,94348,10672,105020,1233
2021-04-02,Kings,031,150075,22697,22571,1120,23691,239
2021-04-02,Lake,033,64148,3372,3348,8,3356,43
2021-04-02,Lassen,035,31185,5140,5134,106,5240,1
2021-04-02,Los Angeles,037,10098052,1188034,1181682,42020,1223702,23264
2021-04-02,Madera,039,155013,16164,16036,915,16951,230
2021-04-02,Marin,041,260295,13682,13649,232,13881,221
2021-04-02,Mariposa,043,17540,395,390,5,395,5
2021-04-02,Mendocino,045,87422,3756,3682,71,3753,45
2021-04-02,Merced,047,269075,29975,29998,963,30961,426
2021-04-02,Modoc,049,8938,357,346,120,466,3
2021-04-02,Mono,051,14174,1227,1246,13,1259,3
2021-04-02,Monterey,053,433212,42533,42359,1845,44204,341
2021-04-02,Napa,055,140530,9506,9453,32,9485,78
2021-04-02,Nevada,057,99092,4381,4323,186,4509,69
2021-04-02,Orange,059,3164182,251704,249891,11137,261028,4748
2021-04-02,Placer,061,380077,21707,21035,1321,22356,275
2021-04-02,Plumas,063,18699,671,666,11,677,4
2021-04-02,Riverside,065,2383286,287791,283328,14159,297487,4213
2021-04-02,Sacramento,067,1510023,99598,98648,1481,100129,1527
2021-04-02,San Benito,069,59416,5896,5888,101,5989,61
2021-04-02,San Bernardino,071,2135413,289248,286308,9124,295432,4417
2021-04-02,San Diego,073,3302833,271993,271036,13578,284614,3568
2021-04-02,San Francisco,075,870044,35435,35451,1283,36734,488
2021-04-02,San Joaquin,077,732212,70005,68996,3361,72357,1268
2021-04-02,San Luis Obispo,079,281455,20491,20271,653,20924,252
2021-04-02,San Mateo,081,765935,40969,40514,444,40958,350
2021-04-02,Santa Barbara,083,443738,33791,33145,1196,34341,443
2021-04-02,Santa Clara,085,1922200,114394,114777,675,115452,1882
2021-04-02,Santa Cruz,087,273765,15833,15216,859,16075,202
2021-04-02,Shasta,089,179085,11369,11377,1411,12788,181
2021-04-02,Sierra,091,2930,53,50,14,64,0
2021-04-02,Siskiyou,093,43540,1566,1508,274,1782,7
2021-04-02,Solano,095,438530,31037,30951,424,31375,237
2021-04-02,Sonoma,097,501317,29190,29288,286,29574,311
2021-04-02,Stanislaus,099,539301,53271,53073,5845,58918,687
2021-04-02,Sutter,101,95872,9187,9131,87,9218,106
2021-04-02,Tehama,103,63373,4800,4775,546,5321,52
2021-04-02,Trinity,105,12862,401,320,67,387,3
2021-04-02,Tulare,107,460477,48883,48306,9080,57386,818
2021-04-02,Tuolumne,109,53932,3978,3980,35,4015,57
2021-04-02,Ventura,111,848112,79847,79434,2982,82416,982
2021-04-02,Yolo,113,214977,13380,13381,259,13640,197
2021-04-02,Yuba,115,75493,5741,5709,114,5823,44
2021-04-01,Alameda,001,1643700,84137,83574,1888,85462,1216
2021-04-01,Alpine,003,1148,86,85,0,85,0
2021-04-01,Amador,005,37829,3590,3558,33,3591,45
2021-04-01,Butte,007,227075,11681,11328,1748,13076,193
2021-04-01,Calaveras,009,45235,2011,2006,12,2018,50
2021-04-01,Colusa,011,21464,1890,1890,282,2172,14
2021-04-01,Contra Costa,013,1133247,66025,65176,1195,66371,771
2021-04-01,Del Norte,015,27424,1210,1138,11,1149,6
2021-04-01,El Dorado,017,186661,9483,9393,654,10047,106
2021-04-01,Fresno,019,978130,99713,99317,8561,107878,1616
2021-04-01,Glenn,021,27897,2345,2322,546,2868,17
2021-04-01,Humboldt,023,135768,3471,3464,24,3488,35
2021-04-01,Imperial,025,180216,27626,27520,2729,30249,710
2021-04-01,Inyo,027,18085,1379,1374,1,1375,36
2021-04-01,Kern,029,883053,95312,94244,10659,104903,1233
2021-04-01,Kings,031,150075,22690,22560,1119,23679,239
2021-04-01,Lake,033,64148,3367,3337,8,3345,43
2021-04-01,Lassen,035,31185,5139,5132,106,5238,1
2021-04-01,Los Angeles,037,10098052,1187548,1181101,41993,1223094,23220
2021-04-01,Madera,039,155013,16148,16023,915,16938,230
2021-04-01,Marin,041,260295,13672,13635,232,13867,221
2021-04-01,Mariposa,043,17540,393,389,5,394,5
2021-04-01,Mendocino,045,87422,3756,3680,71,3751,45
2021-04-01,Merced,047,269075,29941,29820,963,30783,425
2021-04-01,Modoc,049,8938,356,346,120,466,3
2021-04-01,Mono,051,14174,1227,1245,13,1258,3
2021-04-01,Monterey,053,433212,42525,42324,1843,44167,339
2021-04-01,Napa,055,140530,9494,9410,32,9442,78
2021-04-01,Nevada,057,99092,4371,4288,185,4473,68
2021-04-01,Orange,059,3164182,251584,249617,11119,260736,4742
2021-04-01,Placer,061,380077,21668,20909,1309,22218,274
2021-04-01,Plumas,063,18699,671,664,11,675,4
2021-04-01,Riverside,065,2383286,287688,283128,14157,297285,4193
2021-04-01,Sacramento,067,1510023,99454,97952,1467,99419,1521
2021-04-01,San Benito,069,59416,5888,5878,100,5978,61
2021-04-01,San Bernardino,071,2135413,289131,286086,9115,295201,4404
2021-04-01,San Diego,073,3302833,271768,270540,13548,284088,3555
2021-04-01,San Francisco,075,870044,35414,35386,1279,36665,488
2021-04-01,San Joaquin,077,732212,69923,68802,3353,72155,1262
2021-04-01,San Luis Obispo,079,281455,20462,20235,652,20887,252
2021-04-01,San Mateo,081,765935,40928,40454,444,40898,350
2021-04-01,Santa Barbara,083,443738,33746,33096,1191,34287,443
2021-04-01,Santa Clara,085,1922200,114281,114606,674,115280,1874
2021-04-01,Santa Cruz,087,273765,15818,15271,859,16130,202
2021-04-01,Shasta,089,179085,11354,11355,1405,12760,181
2021-04-01,Sierra,091,2930,53,50,14,64,0
2021-04-01,Siskiyou,093,43540,1564,1507,273,1780,7
2021-04-01,Solano,095,438530,31004,30850,421,31271,237
2021-04-01,Sonoma,097,501317,29159,29241,279,29520,311
2021-04-01,Stanislaus,099,539301,53208,52825,5838,58663,687
2021-04-01,Sutter,101,95872,9175,9105,87,9192,106
2021-04-01,Tehama,103,63373,4794,4764,543,5307,52
2021-04-01,Trinity,105,12862,401,319,67,386,3
2021-04-01,Tulare,107,460477,48860,48279,9070,57349,817
2021-04-01,Tuolumne,109,53932,3977,3978,35,4013,57
2021-04-01,Ventura,111,848112,79823,79369,2981,82350,977
2021-04-01,Yolo,113,214977,13367,13342,259,13601,197
2021-04-01,Yuba,115,75493,5736,5694,114,5808,44
2021-03-31,Alameda,001,1643700,84055,83475,1883,85358,1215
2021-03-31,Alpine,003,1148,86,85,0,85,0
2021-03-31,Amador,005,37829,3587,3556,33,3589,45
2021-03-31,Butte,007,227075,11671,11321,1745,13066,193
2021-03-31,Calaveras,009,45235,2009,2005,12,2017,50
2021-03-31,Colusa,011,21464,1890,1890,282,2172,14
2021-03-31,Contra Costa,013,1133247,65940,65109,1194,66303,769
2021-03-31,Del Norte,015,27424,1201,1129,11,1140,6
2021-03-31,El Dorado,017,186661,9466,9390,654,10044,106
2021-03-31,Fresno,019,978130,99623,99240,8545,107785,1616
2021-03-31,Glenn,021,27897,2340,2318,544,2862,17
2021-03-31,Humboldt,023,135768,3465,3460,24,3484,35
2021-03-31,Imperial,025,180216,27606,27506,2728,30234,710
2021-03-31,Inyo,027,18085,1376,1373,1,1374,35
2021-03-31,Kern,029,883053,95269,94205,10650,104855,1229
2021-03-31,Kings,031,150075,22687,22540,1119,23659,239
2021-03-31,Lake,033,64148,3363,3332,8,3340,43
2021-03-31,Lassen,035,31185,5135,5132,106,5238,1
2021-03-31,Los Angeles,037,10098052,1187086,1180538,41951,1222489,23171
2021-03-31,Madera,039,155013,16134,16015,914,16929,229
2021-03-31,Marin,041,260295,13661,13624,232,13856,221
2021-03-31,Mariposa,043,17540,393,389,5,394,5
2021-03-31,Mendocino,045,87422,3750,3675,71,3746,45
2021-03-31,Merced,047,269075,29912,29780,963,30743,423
2021-03-31,Modoc,049,8938,356,346,120,466,3
2021-03-31,Mono,051,14174,1227,1245,13,1258,3
2021-03-31,Monterey,053,433212,42508,42309,1841,44150,338
2021-03-31,Napa,055,140530,9476,9401,32,9433,78
2021-03-31,Nevada,057,99092,4365,4283,185,4468,68
2021-03-31,Orange,059,3164182,251472,249518,11104,260622,4731
2021-03-31,Placer,061,380077,21618,20885,1301,22186,271
2021-03-31,Plumas,063,18699,670,663,11,674,4
2021-03-31,Riverside,065,2383286,287589,283006,14146,297152,4171
2021-03-31,Sacramento,067,1510023,99277,97760,1460,99220,1519
2021-03-31,San Benito,069,59416,5878,5875,100,5975,61
2021-03-31,San Bernardino,071,2135413,289037,285916,9112,295028,4356
2021-03-31,San Diego,073,3302833,271537,270288,13513,283801,3555
2021-03-31,San Francisco,075,870044,35370,35347,1278,36625,474
2021-03-31,San Joaquin,077,732212,69835,68685,3336,72021,1259
2021-03-31,San Luis Obispo,079,281455,20441,20215,651,20866,251
2021-03-31,San Mateo,081,765935,40898,40423,444,40867,350
2021-03-31,Santa Barbara,083,443738,33715,33052,1189,34241,443
2021-03-31,Santa Clara,085,1922200,114154,114499,674,115173,1874
2021-03-31,Santa Cruz,087,273765,15806,15295,858,16153,201
2021-03-31,Shasta,089,179085,11342,11327,1397,12724,179
2021-03-31,Sierra,091,2930,53,50,14,64,0
2021-03-31,Siskiyou,093,43540,1563,1505,273,1778,7
2021-03-31,Solano,095,438530,30958,30824,420,31244,235
2021-03-31,Sonoma,097,501317,29132,29216,279,29495,311
2021-03-31,Stanislaus,099,539301,53140,52782,5826,58608,687
2021-03-31,Sutter,101,95872,9164,9111,87,9198,106
2021-03-31,Tehama,103,63373,4789,4762,540,5302,52
2021-03-31,Trinity,105,12862,401,319,67,386,3
2021-03-31,Tulare,107,460477,48841,48261,9053,57314,816
2021-03-31,Tuolumne,109,53932,3977,3976,35,4011,57
2021-03-31,Ventura,111,848112,79791,79326,2977,82303,969
2021-03-31,Yolo,113,214977,13350,13359,258,13617,197
2021-03-31,Yuba,115,75493,5729,5686,114,5800,44
2021-03-30,Alameda,001,1643700,83955,83395,1880,85275,1211
2021-03-30,Alpine,003,1148,86,85,0,85,0
2021-03-30,Amador,005,37829,3584,3551,33,3584,45
2021-03-30,Butte,007,227075,11659,11296,1742,13038,193
2021-03-30,Calaveras,009,45235,2004,1997,12,2009,50
2021-03-30,Colusa,011,21464,1889,1890,281,2171,14
2021-03-30,Contra Costa,013,1133247,65852,65041,1192,66233,767
2021-03-30,Del Norte,015,27424,1193,1118,10,1128,6
2021-03-30,El Dorado,017,186661,9447,9381,651,10032,105
2021-03-30,Fresno,019,978130,99560,99156,8533,107689,1609
2021-03-30,Glenn,021,27897,2339,2310,543,2853,17
2021-03-30,Humboldt,023,135768,3463,3461,24,3485,35
2021-03-30,Imperial,025,180216,27577,27471,2726,30197,706
2021-03-30,Inyo,027,18085,1376,1374,1,1375,35
2021-03-30,Kern,029,883053,95227,94151,10641,104792,1221
2021-03-30,Kings,031,150075,22683,22530,1117,23647,238
2021-03-30,Lake,033,64148,3357,3330,8,3338,43
2021-03-30,Lassen,035,31185,5135,5132,106,5238,1
2021-03-30,Los Angeles,037,10098052,1186593,1180044,41927,1221971,23136
2021-03-30,Madera,039,155013,16124,16003,910,16913,229
2021-03-30,Marin,041,260295,13652,13611,224,13835,221
2021-03-30,Mariposa,043,17540,393,388,5,393,5
2021-03-30,Mendocino,045,87422,3748,3670,71,3741,45
2021-03-30,Merced,047,269075,29876,29731,963,30694,423
2021-03-30,Modoc,049,8938,355,346,120,466,3
2021-03-30,Mono,051,14174,1226,1245,13,1258,3
2021-03-30,Monterey,053,433212,42482,42308,1838,44146,338
2021-03-30,Napa,055,140530,9461,9391,32,9423,78
2021-03-30,Nevada,057,99092,4353,4266,184,4450,68
2021-03-30,Orange,059,3164182,251344,249412,11076,260488,4727
2021-03-30,Placer,061,380077,21578,20866,1295,22161,271
2021-03-30,Plumas,063,18699,670,661,11,672,4
2021-03-30,Riverside,065,2383286,287470,282930,14136,297066,4154
2021-03-30,Sacramento,067,1510023,99140,97718,1456,99174,1516
2021-03-30,San Benito,069,59416,5872,5870,100,5970,61
2021-03-30,San Bernardino,071,2135413,288929,285758,9103,294861,4343
2021-03-30,San Diego,073,3302833,271300,269998,13475,283473,3555
2021-03-30,San Francisco,075,870044,35320,35325,1277,36602,474
2021-03-30,San Joaquin,077,732212,69748,68613,3325,71938,1232
2021-03-30,San Luis Obispo,079,281455,20421,20194,651,20845,251
2021-03-30,San Mateo,081,765935,40853,40377,444,40821,349
2021-03-30,Santa Barbara,083,443738,33690,33016,1189,34205,441
2021-03-30,Santa Clara,085,1922200,114032,114413,673,115086,1873
2021-03-30,Santa Cruz,087,273765,15800,15278,858,16136,201
2021-03-30,Shasta,089,179085,11334,11316,1396,12712,184
2021-03-30,Sierra,091,2930,53,50,14,64,0
2021-03-30,Siskiyou,093,43540,1562,1501,273,1774,7
2021-03-30,Solano,095,438530,30928,30802,419,31221,232
2021-03-30,Sonoma,097,501317,29101,29198,279,29477,311
2021-03-30,Stanislaus,099,539301,53062,52690,5818,58508,677
2021-03-30,Sutter,101,95872,9160,9107,86,9193,106
2021-03-30,Tehama,103,63373,4780,4748,539,5287,52
2021-03-30,Trinity,105,12862,401,316,67,383,3
2021-03-30,Tulare,107,460477,48827,48249,9044,57293,815
2021-03-30,Tuolumne,109,53932,3972,3972,35,4007,57
2021-03-30,Ventura,111,848112,79747,79282,2974,82256,958
2021-03-30,Yolo,113,214977,13338,13353,258,13611,195
2021-03-30,Yuba,115,75493,5718,5679,108,5787,42
2021-03-29,Alameda,001,1643700,83852,83338,1879,85217,1211
2021-03-29,Alpine,003,1148,86,85,0,85,0
2021-03-29,Amador,005,37829,3578,3549,33,3582,45
2021-03-29,Butte,007,227075,11650,11291,1739,13030,191
2021-03-29,Calaveras,009,45235,2003,1998,12,2010,50
2021-03-29,Colusa,011,21464,1889,1889,280,2169,14
2021-03-29,Contra Costa,013,1133247,65784,64971,1191,66162,767
2021-03-29,Del Norte,015,27424,1188,1116,9,1125,6
2021-03-29,El Dorado,017,186661,9427,9374,645,10019,105
2021-03-29,Fresno,019,978130,99477,99085,8521,107606,1606
2021-03-29,Glenn,021,27897,2333,2310,543,2853,17
2021-03-29,Humboldt,023,135768,3458,3459,24,3483,34
2021-03-29,Imperial,025,180216,27557,27442,2722,30164,704
2021-03-29,Inyo,027,18085,1376,1372,1,1373,35
2021-03-29,Kern,029,883053,95179,94098,10621,104719,1220
2021-03-29,Kings,031,150075,22671,22522,1116,23638,238
2021-03-29,Lake,033,64148,3354,3325,8,3333,43
2021-03-29,Lassen,035,31185,5135,5131,106,5237,1
2021-03-29,Los Angeles,037,10098052,1186102,1179736,41886,1221622,23108
2021-03-29,Madera,039,155013,16104,15987,908,16895,210
2021-03-29,Marin,041,260295,13640,13600,220,13820,220
2021-03-29,Mariposa,043,17540,392,388,5,393,5
2021-03-29,Mendocino,045,87422,3745,3667,71,3738,45
2021-03-29,Merced,047,269075,29852,29699,963,30662,422
2021-03-29,Modoc,049,8938,354,344,120,464,3
2021-03-29,Mono,051,14174,1225,1243,13,1256,3
2021-03-29,Monterey,053,433212,42466,42305,1833,44138,337
2021-03-29,Napa,055,140530,9445,9379,32,9411,78
2021-03-29,Nevada,057,99092,4346,4258,184,4442,68
2021-03-29,Orange,059,3164182,251232,249295,11063,260358,4713
2021-03-29,Placer,061,380077,21543,20827,1288,22115,267
2021-03-29,Plumas,063,18699,669,660,11,671,4
2021-03-29,Riverside,065,2383286,287381,282867,14134,297001,4133
2021-03-29,Sacramento,067,1510023,98946,97577,1448,99025,1514
2021-03-29,San Benito,069,59416,5865,5865,100,5965,61
2021-03-29,San Bernardino,071,2135413,288833,285615,9099,294714,4335
2021-03-29,San Diego,073,3302833,271033,269771,13450,283221,3547
2021-03-29,San Francisco,075,870044,35285,35291,1274,36565,474
2021-03-29,San Joaquin,077,732212,69663,68537,3311,71848,1211
2021-03-29,San Luis Obispo,079,281455,20387,20176,649,20825,250
2021-03-29,San Mateo,081,765935,40811,40357,443,40800,348
2021-03-29,Santa Barbara,083,443738,33656,32983,1188,34171,439
2021-03-29,Santa Clara,085,1922200,113926,114335,668,115003,1871
2021-03-29,Santa Cruz,087,273765,15789,15249,857,16106,201
2021-03-29,Shasta,089,179085,11316,11313,1394,12707,183
2021-03-29,Sierra,091,2930,53,50,14,64,0
2021-03-29,Siskiyou,093,43540,1561,1497,272,1769,6
2021-03-29,Solano,095,438530,30889,30762,417,31179,232
2021-03-29,Sonoma,097,501317,29078,29184,276,29460,310
2021-03-29,Stanislaus,099,539301,52978,52614,5810,58424,677
2021-03-29,Sutter,101,95872,9153,9105,86,9191,106
2021-03-29,Tehama,103,63373,4772,4742,538,5280,52
2021-03-29,Trinity,105,12862,401,314,67,381,3
2021-03-29,Tulare,107,460477,48800,48226,9033,57259,815
2021-03-29,Tuolumne,109,53932,3970,3969,35,4004,57
2021-03-29,Ventura,111,848112,79706,79252,2973,82225,956
2021-03-29,Yolo,113,214977,13320,13346,258,13604,195
2021-03-29,Yuba,115,75493,5711,5671,107,5778,42
2021-03-28,Alameda,001,1643700,83730,83239,1877,85116,1212
2021-03-28,Alpine,003,1148,86,85,0,85,0
2021-03-28,Amador,005,37829,3574,3541,33,3574,45
2021-03-28,Butte,007,227075,11637,11285,1737,13022,191
2021-03-28,Calaveras,009,45235,2001,1995,12,2007,50
2021-03-28,Colusa,011,21464,1888,1889,280,2169,14
2021-03-28,Contra Costa,013,1133247,65710,64878,1187,66065,767
2021-03-28,Del Norte,015,27424,1181,1107,7,1114,6
2021-03-28,El Dorado,017,186661,9412,9371,643,10014,105
2021-03-28,Fresno,019,978130,99395,99004,8509,107513,1606
2021-03-28,Glenn,021,27897,2330,2309,541,2850,17
2021-03-28,Humboldt,023,135768,3455,3452,23,3475,34
2021-03-28,Imperial,025,180216,27530,27426,2719,30145,704
2021-03-28,Inyo,027,18085,1375,1372,1,1373,35
2021-03-28,Kern,029,883053,95134,94084,10609,104693,1219
2021-03-28,Kings,031,150075,22667,22514,1112,23626,238
2021-03-28,Lake,033,64148,3349,3320,8,3328,43
2021-03-28,Lassen,035,31185,5135,5131,105,5236,1
2021-03-28,Los Angeles,037,10098052,1185554,1179316,41825,1221141,23101
2021-03-28,Madera,039,155013,16089,15973,907,16880,210
2021-03-28,Marin,041,260295,13627,13594,218,13812,221
2021-03-28,Mariposa,043,17540,392,388,5,393,5
2021-03-28,Mendocino,045,87422,3743,3666,71,3737,45
2021-03-28,Merced,047,269075,29795,29679,963,30642,422
2021-03-28,Modoc,049,8938,354,344,120,464,3
2021-03-28,Mono,051,14174,1224,1242,13,1255,3
2021-03-28,Monterey,053,433212,42443,42294,1829,44123,337
2021-03-28,Napa,055,140530,9431,9368,32,9400,78
2021-03-28,Nevada,057,99092,4332,4239,184,4423,68
2021-03-28,Orange,059,3164182,251078,249238,11053,260291,4713
2021-03-28,Placer,061,380077,21499,20796,1282,22078,267
2021-03-28,Plumas,063,18699,667,657,11,668,4
2021-03-28,Riverside,065,2383286,287278,282811,14126,296937,4132
2021-03-28,Sacramento,067,1510023,98772,97425,1442,98867,1514
2021-03-28,San Benito,069,59416,5860,5862,100,5962,61
2021-03-28,San Bernardino,071,2135413,288715,285570,9089,294659,4332
2021-03-28,San Diego,073,3302833,270759,269476,13422,282898,3547
2021-03-28,San Francisco,075,870044,35239,35286,1270,36556,474
2021-03-28,San Joaquin,077,732212,69538,68459,3291,71750,1211
2021-03-28,San Luis Obispo,079,281455,20352,20172,646,20818,250
2021-03-28,San Mateo,081,765935,40766,40305,443,40748,348
2021-03-28,Santa Barbara,083,443738,33615,32953,1187,34140,439
2021-03-28,Santa Clara,085,1922200,113826,114232,664,114896,1871
2021-03-28,Santa Cruz,087,273765,15775,15238,856,16094,201
2021-03-28,Shasta,089,179085,11290,11308,1383,12691,183
2021-03-28,Sierra,091,2930,53,50,14,64,0
2021-03-28,Siskiyou,093,43540,1561,1497,271,1768,6
2021-03-28,Solano,095,438530,30852,30719,415,31134,232
2021-03-28,Sonoma,097,501317,29042,29161,274,29435,310
2021-03-28,Stanislaus,099,539301,52890,52567,5795,58362,678
2021-03-28,Sutter,101,95872,9144,9094,86,9180,106
2021-03-28,Tehama,103,63373,4762,4740,534,5274,52
2021-03-28,Trinity,105,12862,399,314,66,380,3
2021-03-28,Tulare,107,460477,48771,48218,9027,57245,815
2021-03-28,Tuolumne,109,53932,3968,3969,34,4003,57
2021-03-28,Ventura,111,848112,79655,79222,2968,82190,956
2021-03-28,Yolo,113,214977,13302,13325,257,13582,194
2021-03-28,Yuba,115,75493,5707,5662,107,5769,42
2021-03-27,Alameda,001,1643700,83658,83169,1873,85042,1211
2021-03-27,Alpine,003,1148,86,85,0,85,0
2021-03-27,Amador,005,37829,3569,3538,33,3571,45
2021-03-27,Butte,007,227075,11630,11278,1736,13014,191
2021-03-27,Calaveras,009,45235,1998,1992,12,2004,50
2021-03-27,Colusa,011,21464,1888,1889,280,2169,14
2021-03-27,Contra Costa,013,1133247,65640,64804,1184,65988,767
2021-03-27,Del Norte,015,27424,1171,1104,7,1111,6
2021-03-27,El Dorado,017,186661,9398,9367,643,10010,105
2021-03-27,Fresno,019,978130,99343,98901,8504,107405,1606
2021-03-27,Glenn,021,27897,2329,2308,541,2849,17
2021-03-27,Humboldt,023,135768,3450,3442,23,3465,34
2021-03-27,Imperial,025,180216,27518,27406,2716,30122,704
2021-03-27,Inyo,027,18085,1373,1372,1,1373,35
2021-03-27,Kern,029,883053,95115,94041,10595,104636,1217
2021-03-27,Kings,031,150075,22664,22502,1112,23614,238
2021-03-27,Lake,033,64148,3347,3317,8,3325,43
2021-03-27,Lassen,035,31185,5135,5129,105,5234,1
2021-03-27,Los Angeles,037,10098052,1185242,1178831,41796,1220627,23103
2021-03-27,Madera,039,155013,16082,15968,905,16873,210
2021-03-27,Marin,041,260295,13622,13579,218,13797,222
2021-03-27,Mariposa,043,17540,392,386,5,391,5
2021-03-27,Mendocino,045,87422,3742,3666,71,3737,45
2021-03-27,Merced,047,269075,29762,29647,961,30608,422
2021-03-27,Modoc,049,8938,354,344,120,464,3
2021-03-27,Mono,051,14174,1222,1241,13,1254,3
2021-03-27,Monterey,053,433212,42433,42271,1829,44100,337
2021-03-27,Napa,055,140530,9419,9360,32,9392,78
2021-03-27,Nevada,057,99092,4322,4231,184,4415,68
2021-03-27,Orange,059,3164182,250984,249160,11037,260197,4698
2021-03-27,Placer,061,380077,21479,20717,1275,21992,267
2021-03-27,Plumas,063,18699,666,655,11,666,4
2021-03-27,Riverside,065,2383286,287216,282707,14118,296825,4132
2021-03-27,Sacramento,067,1510023,98682,97247,1440,98687,1513
2021-03-27,San Benito,069,59416,5858,5862,98,5960,61
2021-03-27,San Bernardino,071,2135413,288653,285480,9087,294567,4325
2021-03-27,San Diego,073,3302833,270589,269271,13400,282671,3540
2021-03-27,San Francisco,075,870044,35215,35244,1268,36512,474
2021-03-27,San Joaquin,077,732212,69478,68365,3282,71647,1211
2021-03-27,San Luis Obispo,079,281455,20341,20153,643,20796,250
2021-03-27,San Mateo,081,765935,40743,40264,443,40707,348
2021-03-27,Santa Barbara,083,443738,33592,32921,1187,34108,439
2021-03-27,Santa Clara,085,1922200,113730,114124,662,114786,1871
2021-03-27,Santa Cruz,087,273765,15769,15215,856,16071,201
2021-03-27,Shasta,089,179085,11279,11288,1381,12669,183
2021-03-27,Sierra,091,2930,53,50,14,64,0
2021-03-27,Siskiyou,093,43540,1561,1497,271,1768,6
2021-03-27,Solano,095,438530,30824,30669,414,31083,232
2021-03-27,Sonoma,097,501317,29027,29133,272,29405,310
2021-03-27,Stanislaus,099,539301,52826,52497,5787,58284,678
2021-03-27,Sutter,101,95872,9136,9093,86,9179,106
2021-03-27,Tehama,103,63373,4756,4738,532,5270,52
2021-03-27,Trinity,105,12862,399,313,66,379,3
2021-03-27,Tulare,107,460477,48755,48203,9019,57222,813
2021-03-27,Tuolumne,109,53932,3965,3968,34,4002,57
2021-03-27,Ventura,111,848112,79628,79184,2966,82150,956
2021-03-27,Yolo,113,214977,13297,13317,256,13573,194
2021-03-27,Yuba,115,75493,5705,5657,107,5764,42
2021-03-26,Alameda,001,1643700,83596,83043,1871,84914,1208
2021-03-26,Alpine,003,1148,86,85,0,85,0
2021-03-26,Amador,005,37829,3564,3532,33,3565,45
2021-03-26,Butte,007,227075,11620,11278,1736,13014,191
2021-03-26,Calaveras,009,45235,1997,1989,12,2001,50
2021-03-26,Colusa,011,21464,1888,1889,280,2169,14
2021-03-26,Contra Costa,013,1133247,65580,64699,1182,65881,761
2021-03-26,Del Norte,015,27424,1168,1101,7,1108,6
2021-03-26,El Dorado,017,186661,9393,9353,643,9996,105
2021-03-26,Fresno,019,978130,99283,98731,8492,107223,1601
2021-03-26,Glenn,021,27897,2329,2307,540,2847,17
2021-03-26,Humboldt,023,135768,3448,3431,23,3454,34
2021-03-26,Imperial,025,180216,27494,27374,2716,30090,701
2021-03-26,Inyo,027,18085,1372,1369,1,1370,35
2021-03-26,Kern,029,883053,95089,93949,10589,104538,1211
2021-03-26,Kings,031,150075,22656,22493,1110,23603,239
2021-03-26,Lake,033,64148,3346,3314,8,3322,43
2021-03-26,Lassen,035,31185,5134,5131,105,5236,1
2021-03-26,Los Angeles,037,10098052,1184907,1178213,41781,1219994,23080
2021-03-26,Madera,039,155013,16072,15952,905,16857,210
2021-03-26,Marin,041,260295,13616,13553,213,13766,221
2021-03-26,Mariposa,043,17540,392,386,5,391,5
2021-03-26,Mendocino,045,87422,3741,3664,71,3735,45
2021-03-26,Merced,047,269075,29739,29613,959,30572,419
2021-03-26,Modoc,049,8938,354,344,120,464,3
2021-03-26,Mono,051,14174,1221,1236,13,1249,3
2021-03-26,Monterey,053,433212,42420,42241,1825,44066,338
2021-03-26,Napa,055,140530,9409,9349,32,9381,78
2021-03-26,Nevada,057,99092,4302,4222,184,4406,83
2021-03-26,Orange,059,3164182,250921,248995,11023,260018,4671
2021-03-26,Placer,061,380077,21453,20679,1273,21952,259
2021-03-26,Plumas,063,18699,665,654,11,665,4
2021-03-26,Riverside,065,2383286,287138,282602,14112,296714,4109
2021-03-26,Sacramento,067,1510023,98582,97040,1435,98475,1509
2021-03-26,San Benito,069,59416,5855,5855,98,5953,61
2021-03-26,San Bernardino,071,2135413,288598,285313,9084,294397,4288
2021-03-26,San Diego,073,3302833,270411,269045,13374,282419,3525
2021-03-26,San Francisco,075,870044,35189,35186,1268,36454,472
2021-03-26,San Joaquin,077,732212,69416,68249,3277,71526,1202
2021-03-26,San Luis Obispo,079,281455,20328,20118,643,20761,250
2021-03-26,San Mateo,081,765935,40708,40199,443,40642,348
2021-03-26,Santa Barbara,083,443738,33562,32895,1187,34082,439
2021-03-26,Santa Clara,085,1922200,113632,113959,661,114620,1868
2021-03-26,Santa Cruz,087,273765,15754,15199,855,16054,201
2021-03-26,Shasta,089,179085,11270,11276,1375,12651,182
2021-03-26,Sierra,091,2930,53,50,14,64,0
2021-03-26,Siskiyou,093,43540,1561,1493,270,1763,6
2021-03-26,Solano,095,438530,30799,30640,414,31054,205
2021-03-26,Sonoma,097,501317,29011,29101,269,29370,310
2021-03-26,Stanislaus,099,539301,52758,52420,5783,58203,678
2021-03-26,Sutter,101,95872,9134,9082,86,9168,104
2021-03-26,Tehama,103,63373,4755,4722,531,5253,51
2021-03-26,Trinity,105,12862,399,311,66,377,3
2021-03-26,Tulare,107,460477,48741,48179,9010,57189,813
2021-03-26,Tuolumne,109,53932,3964,3965,34,3999,57
2021-03-26,Ventura,111,848112,79594,79122,2964,82086,953
2021-03-26,Yolo,113,214977,13290,13299,254,13553,194
2021-03-26,Yuba,115,75493,5695,5653,107,5760,42
2021-03-25,Alameda,001,1643700,83498,82945,1869,84814,1206
2021-03-25,Alpine,003,1148,86,84,0,84,0
2021-03-25,Amador,005,37829,3562,3530,33,3563,45
2021-03-25,Butte,007,227075,11610,11270,1736,13006,188
2021-03-25,Calaveras,009,45235,1996,1982,12,1994,50
2021-03-25,Colusa,011,21464,1888,1888,280,2168,14
2021-03-25,Contra Costa,013,1133247,65513,64606,1178,65784,757
2021-03-25,Del Norte,015,27424,1162,1095,7,1102,6
2021-03-25,El Dorado,017,186661,9383,9331,643,9974,105
2021-03-25,Fresno,019,978130,99165,98602,8477,107079,1593
2021-03-25,Glenn,021,27897,2328,2302,539,2841,17
2021-03-25,Humboldt,023,135768,3443,3423,23,3446,34
2021-03-25,Imperial,025,180216,27478,27352,2715,30067,699
2021-03-25,Inyo,027,18085,1372,1369,1,1370,35
2021-03-25,Kern,029,883053,95057,93857,10584,104441,1206
2021-03-25,Kings,031,150075,22646,22472,1110,23582,237
2021-03-25,Lake,033,64148,3341,3312,8,3320,43
2021-03-25,Lassen,035,31185,5134,5129,105,5234,1
2021-03-25,Los Angeles,037,10098052,1184478,1177490,41744,1219234,23051
2021-03-25,Madera,039,155013,16053,15937,903,16840,210
2021-03-25,Marin,041,260295,13607,13538,210,13748,219
2021-03-25,Mariposa,043,17540,392,386,5,391,5
2021-03-25,Mendocino,045,87422,3740,3664,71,3735,45
2021-03-25,Merced,047,269075,29705,29576,950,30526,416
2021-03-25,Modoc,049,8938,354,343,120,463,3
2021-03-25,Mono,051,14174,1221,1235,13,1248,3
2021-03-25,Monterey,053,433212,42399,42220,1820,44040,336
2021-03-25,Napa,055,140530,9390,9321,32,9353,78
2021-03-25,Nevada,057,99092,4284,4202,182,4384,84
2021-03-25,Orange,059,3164182,250808,248871,11002,259873,4655
2021-03-25,Placer,061,380077,21414,20639,1266,21905,252
2021-03-25,Plumas,063,18699,665,654,11,665,4
2021-03-25,Riverside,065,2383286,287041,282492,14101,296593,4078
2021-03-25,Sacramento,067,1510023,98437,96823,1432,98255,1505
2021-03-25,San Benito,069,59416,5852,5850,98,5948,61
2021-03-25,San Bernardino,071,2135413,288517,285134,9079,294213,4222
2021-03-25,San Diego,073,3302833,270184,268623,13343,281966,3520
2021-03-25,San Francisco,075,870044,35150,35154,1266,36420,468
2021-03-25,San Joaquin,077,732212,69318,68089,3237,71326,1196
2021-03-25,San Luis Obispo,079,281455,20310,20076,642,20718,250
2021-03-25,San Mateo,081,765935,40668,40147,443,40590,348
2021-03-25,Santa Barbara,083,443738,33533,32857,1187,34044,439
2021-03-25,Santa Clara,085,1922200,113529,113877,659,114536,1868
2021-03-25,Santa Cruz,087,273765,15733,15170,855,16025,201
2021-03-25,Shasta,089,179085,11253,11262,1373,12635,181
2021-03-25,Sierra,091,2930,53,50,14,64,0
2021-03-25,Siskiyou,093,43540,1559,1491,269,1760,6
2021-03-25,Solano,095,438530,30739,30583,412,30995,193
2021-03-25,Sonoma,097,501317,28977,29060,265,29325,310
2021-03-25,Stanislaus,099,539301,52691,52321,5776,58097,678
2021-03-25,Sutter,101,95872,9125,9069,86,9155,104
2021-03-25,Tehama,103,63373,4753,4719,530,5249,52
2021-03-25,Trinity,105,12862,399,310,66,376,3
2021-03-25,Tulare,107,460477,48715,48148,8997,57145,811
2021-03-25,Tuolumne,109,53932,3963,3962,34,3996,57
2021-03-25,Ventura,111,848112,79554,79045,2960,82005,952
2021-03-25,Yolo,113,214977,13284,13287,254,13541,194
2021-03-25,Yuba,115,75493,5689,5647,101,5748,42
2021-03-24,Alameda,001,1643700,83403,82871,1866,84737,1199
2021-03-24,Alpine,003,1148,86,84,0,84,0
2021-03-24,Amador,005,37829,3556,3529,33,3562,45
2021-03-24,Butte,007,227075,11600,11252,1732,12984,187
2021-03-24,Calaveras,009,45235,1993,1975,12,1987,50
2021-03-24,Colusa,011,21464,1888,1886,279,2165,14
2021-03-24,Contra Costa,013,1133247,65433,64539,1177,65716,755
2021-03-24,Del Norte,015,27424,1157,1087,7,1094,6
2021-03-24,El Dorado,017,186661,9377,9319,642,9961,105
2021-03-24,Fresno,019,978130,99075,98437,8462,106899,1585
2021-03-24,Glenn,021,27897,2327,2297,538,2835,17
2021-03-24,Humboldt,023,135768,3440,3414,23,3437,34
2021-03-24,Imperial,025,180216,27469,27325,2715,30040,699
2021-03-24,Inyo,027,18085,1372,1368,1,1369,35
2021-03-24,Kern,029,883053,95009,93800,10575,104375,1198
2021-03-24,Kings,031,150075,22631,22456,1108,23564,237
2021-03-24,Lake,033,64148,3337,3307,8,3315,43
2021-03-24,Lassen,035,31185,5132,5130,104,5234,1
2021-03-24,Los Angeles,037,10098052,1184005,1177015,41708,1218723,22993
2021-03-24,Madera,039,155013,16044,15918,902,16820,210
2021-03-24,Marin,041,260295,13594,13526,208,13734,219
2021-03-24,Mariposa,043,17540,392,384,5,389,5
2021-03-24,Mendocino,045,87422,3737,3660,71,3731,45
2021-03-24,Merced,047,269075,29664,29525,950,30475,415
2021-03-24,Modoc,049,8938,353,341,120,461,3
2021-03-24,Mono,051,14174,1220,1243,13,1256,3
2021-03-24,Monterey,053,433212,42377,42201,1817,44018,335
2021-03-24,Napa,055,140530,9370,9310,32,9342,78
2021-03-24,Nevada,057,99092,4270,4191,181,4372,85
2021-03-24,Orange,059,3164182,250692,248775,10983,259758,4638
2021-03-24,Placer,061,380077,21384,20606,1258,21864,250
2021-03-24,Plumas,063,18699,663,652,11,663,4
2021-03-24,Riverside,065,2383286,286958,282410,14099,296509,4058
2021-03-24,Sacramento,067,1510023,98264,96628,1420,98048,1500
2021-03-24,San Benito,069,59416,5851,5847,98,5945,61
2021-03-24,San Bernardino,071,2135413,288432,284983,9077,294060,4170
2021-03-24,San Diego,073,3302833,269969,268413,13315,281728,3509
2021-03-24,San Francisco,075,870044,35123,35103,1263,36366,462
2021-03-24,San Joaquin,077,732212,69247,67978,3225,71203,1196
2021-03-24,San Luis Obispo,079,281455,20280,20021,641,20662,250
2021-03-24,San Mateo,081,765935,40618,40083,443,40526,348
2021-03-24,Santa Barbara,083,443738,33505,32810,1187,33997,438
2021-03-24,Santa Clara,085,1922200,113415,113757,655,114412,1851
2021-03-24,Santa Cruz,087,273765,15720,15138,853,15991,202
2021-03-24,Shasta,089,179085,11234,11243,1371,12614,181
2021-03-24,Sierra,091,2930,53,50,14,64,0
2021-03-24,Siskiyou,093,43540,1557,1490,269,1759,6
2021-03-24,Solano,095,438530,30702,30552,411,30963,178
2021-03-24,Sonoma,097,501317,28958,29034,260,29294,310
2021-03-24,Stanislaus,099,539301,52615,52259,5768,58027,677
2021-03-24,Sutter,101,95872,9109,9049,86,9135,104
2021-03-24,Tehama,103,63373,4747,4719,529,5248,49
2021-03-24,Trinity,105,12862,398,310,66,376,3
2021-03-24,Tulare,107,460477,48705,48109,8984,57093,808
2021-03-24,Tuolumne,109,53932,3962,3961,34,3995,57
2021-03-24,Ventura,111,848112,79502,78993,2953,81946,944
2021-03-24,Yolo,113,214977,13273,13269,254,13523,194
2021-03-24,Yuba,115,75493,5683,5634,98,5732,42
2021-03-23,Alameda,001,1643700,83300,82799,1862,84661,1190
2021-03-23,Alpine,003,1148,86,84,0,84,0
2021-03-23,Amador,005,37829,3550,3524,33,3557,45
2021-03-23,Butte,007,227075,11588,11227,1731,12958,187
2021-03-23,Calaveras,009,45235,1991,1971,12,1983,50
2021-03-23,Colusa,011,21464,1886,1885,278,2163,14
2021-03-23,Contra Costa,013,1133247,65334,64491,1176,65667,750
2021-03-23,Del Norte,015,27424,1152,1082,7,1089,6
2021-03-23,El Dorado,017,186661,9367,9318,640,9958,105
2021-03-23,Fresno,019,978130,98963,98362,8437,106799,1575
2021-03-23,Glenn,021,27897,2322,2293,536,2829,17
2021-03-23,Humboldt,023,135768,3431,3405,23,3428,34
2021-03-23,Imperial,025,180216,27461,27320,2715,30035,699
2021-03-23,Inyo,027,18085,1370,1364,1,1365,35
2021-03-23,Kern,029,883053,94902,93728,10568,104296,1191
2021-03-23,Kings,031,150075,22620,22439,1106,23545,237
2021-03-23,Lake,033,64148,3335,3294,8,3302,43
2021-03-23,Lassen,035,31185,5132,5130,104,5234,1
2021-03-23,Los Angeles,037,10098052,1183492,1176572,41667,1218239,22904
2021-03-23,Madera,039,155013,16028,15908,901,16809,210
2021-03-23,Marin,041,260295,13571,13514,206,13720,221
2021-03-23,Mariposa,043,17540,391,384,5,389,5
2021-03-23,Mendocino,045,87422,3735,3652,71,3723,45
2021-03-23,Merced,047,269075,29632,29485,950,30435,415
2021-03-23,Modoc,049,8938,352,342,120,462,3
2021-03-23,Mono,051,14174,1219,1263,13,1276,3
2021-03-23,Monterey,053,433212,42366,42180,1815,43995,335
2021-03-23,Napa,055,140530,9345,9299,32,9331,78
2021-03-23,Nevada,057,99092,4251,4179,180,4359,89
2021-03-23,Orange,059,3164182,250567,248661,10965,259626,4626
2021-03-23,Placer,061,380077,21350,20567,1254,21821,248
2021-03-23,Plumas,063,18699,663,652,11,663,4
2021-03-23,Riverside,065,2383286,286864,282317,14091,296408,4035
2021-03-23,Sacramento,067,1510023,98073,96521,1415,97936,1496
2021-03-23,San Benito,069,59416,5846,5845,97,5942,61
2021-03-23,San Bernardino,071,2135413,288349,284875,9069,293944,4134
2021-03-23,San Diego,073,3302833,269724,268156,13283,281439,3498
2021-03-23,San Francisco,075,870044,35065,35071,1257,36328,462
2021-03-23,San Joaquin,077,732212,69151,67903,3207,71110,1182
2021-03-23,San Luis Obispo,079,281455,20240,20009,640,20649,250
2021-03-23,San Mateo,081,765935,40562,40032,442,40474,348
2021-03-23,Santa Barbara,083,443738,33467,32771,1186,33957,438
2021-03-23,Santa Clara,085,1922200,113298,113645,652,114297,1848
2021-03-23,Santa Cruz,087,273765,15705,15106,853,15959,201
2021-03-23,Shasta,089,179085,11221,11234,1370,12604,175
2021-03-23,Sierra,091,2930,53,50,14,64,0
2021-03-23,Siskiyou,093,43540,1552,1485,267,1752,6
2021-03-23,Solano,095,438530,30661,30524,410,30934,178
2021-03-23,Sonoma,097,501317,28922,29020,258,29278,310
2021-03-23,Stanislaus,099,539301,52515,52148,5760,57908,677
2021-03-23,Sutter,101,95872,9101,9039,86,9125,104
2021-03-23,Tehama,103,63373,4736,4707,528,5235,46
2021-03-23,Trinity,105,12862,398,310,66,376,3
2021-03-23,Tulare,107,460477,48678,48095,8967,57062,808
2021-03-23,Tuolumne,109,53932,3959,3957,34,3991,57
2021-03-23,Ventura,111,848112,79441,78930,2950,81880,932
2021-03-23,Yolo,113,214977,13262,13255,254,13509,194
2021-03-23,Yuba,115,75493,5678,5628,98,5726,42
2021-03-22,Alameda,001,1643700,83208,82748,1856,84604,1189
2021-03-22,Alpine,003,1148,85,83,0,83,0
2021-03-22,Amador,005,37829,3542,3522,33,3555,44
2021-03-22,Butte,007,227075,11579,11211,1729,12940,185
2021-03-22,Calaveras,009,45235,1987,1963,12,1975,49
2021-03-22,Colusa,011,21464,1884,1885,278,2163,13
2021-03-22,Contra Costa,013,1133247,65239,64432,1174,65606,740
2021-03-22,Del Norte,015,27424,1146,1082,7,1089,6
2021-03-22,El Dorado,017,186661,9351,9310,637,9947,105
2021-03-22,Fresno,019,978130,98867,98276,8423,106699,1556
2021-03-22,Glenn,021,27897,2314,2291,536,2827,17
2021-03-22,Humboldt,023,135768,3426,3403,23,3426,34
2021-03-22,Imperial,025,180216,27446,27302,2711,30013,699
2021-03-22,Inyo,027,18085,1367,1363,1,1364,35
2021-03-22,Kern,029,883053,94832,93675,10551,104226,1178
2021-03-22,Kings,031,150075,22607,22433,1101,23534,236
2021-03-22,Lake,033,64148,3334,3290,8,3298,43
2021-03-22,Lassen,035,31185,5130,5129,104,5233,1
2021-03-22,Los Angeles,037,10098052,1182985,1176205,41632,1217837,22843
2021-03-22,Madera,039,155013,16013,15904,901,16805,210
2021-03-22,Marin,041,260295,13562,13501,205,13706,221
2021-03-22,Mariposa,043,17540,390,381,5,386,5
2021-03-22,Mendocino,045,87422,3733,3653,71,3724,45
2021-03-22,Merced,047,269075,29589,29468,947,30415,413
2021-03-22,Modoc,049,8938,350,342,120,462,3
2021-03-22,Mono,051,14174,1214,1263,13,1276,3
2021-03-22,Monterey,053,433212,42349,42161,1813,43974,335
2021-03-22,Napa,055,140530,9334,9288,32,9320,77
2021-03-22,Nevada,057,99092,4241,4174,175,4349,89
2021-03-22,Orange,059,3164182,250417,248517,10930,259447,4599
2021-03-22,Placer,061,380077,21314,20543,1249,21792,242
2021-03-22,Plumas,063,18699,663,652,11,663,4
2021-03-22,Riverside,065,2383286,286771,282242,14080,296322,4009
2021-03-22,Sacramento,067,1510023,97895,96385,1405,97790,1493
2021-03-22,San Benito,069,59416,5843,5844,96,5940,61
2021-03-22,San Bernardino,071,2135413,288263,284771,9056,293827,4107
2021-03-22,San Diego,073,3302833,269512,267913,13263,281176,3494
2021-03-22,San Francisco,075,870044,35023,35040,1253,36293,462
2021-03-22,San Joaquin,077,732212,69059,67815,3188,71003,1182
2021-03-22,San Luis Obispo,079,281455,20216,20000,639,20639,250
2021-03-22,San Mateo,081,765935,40512,40024,440,40464,348
2021-03-22,Santa Barbara,083,443738,33420,32756,1183,33939,437
2021-03-22,Santa Clara,085,1922200,113179,113575,652,114227,1845
2021-03-22,Santa Cruz,087,273765,15693,15077,852,15929,201
2021-03-22,Shasta,089,179085,11207,11218,1369,12587,150
2021-03-22,Sierra,091,2930,53,50,14,64,0
2021-03-22,Siskiyou,093,43540,1551,1487,266,1753,5
2021-03-22,Solano,095,438530,30622,30490,406,30896,171
2021-03-22,Sonoma,097,501317,28893,29010,254,29264,310
2021-03-22,Stanislaus,099,539301,52431,52083,5755,57838,677
2021-03-22,Sutter,101,95872,9088,9024,86,9110,104
2021-03-22,Tehama,103,63373,4728,4704,528,5232,45
2021-03-22,Trinity,105,12862,398,310,66,376,3
2021-03-22,Tulare,107,460477,48663,48074,8946,57020,807
2021-03-22,Tuolumne,109,53932,3956,3954,34,3988,57
2021-03-22,Ventura,111,848112,79393,78890,2947,81837,927
2021-03-22,Yolo,113,214977,13250,13243,253,13496,190
2021-03-22,Yuba,115,75493,5667,5627,96,5723,42
2021-03-21,Alameda,001,1643700,83120,82684,1853,84537,1187
2021-03-21,Alpine,003,1148,85,83,0,83,0
2021-03-21,Amador,005,37829,3538,3519,33,3552,44
2021-03-21,Butte,007,227075,11563,11208,1723,12931,185
2021-03-21,Calaveras,009,45235,1982,1962,12,1974,49
2021-03-21,Colusa,011,21464,1884,1885,278,2163,13
2021-03-21,Contra Costa,013,1133247,65156,64382,1171,65553,740
2021-03-21,Del Norte,015,27424,1131,1076,7,1083,6
2021-03-21,El Dorado,017,186661,9341,9302,632,9934,105
2021-03-21,Fresno,019,978130,98755,98211,8398,106609,1556
2021-03-21,Glenn,021,27897,2311,2288,535,2823,17
2021-03-21,Humboldt,023,135768,3421,3402,23,3425,34
2021-03-21,Imperial,025,180216,27428,27267,2702,29969,699
2021-03-21,Inyo,027,18085,1367,1363,1,1364,35
2021-03-21,Kern,029,883053,94768,93649,10540,104189,1170
2021-03-21,Kings,031,150075,22590,22422,1100,23522,236
2021-03-21,Lake,033,64148,3330,3286,8,3294,43
2021-03-21,Lassen,035,31185,5130,5129,104,5233,1
2021-03-21,Los Angeles,037,10098052,1182460,1175684,41581,1217265,22834
2021-03-21,Madera,039,155013,15994,15895,899,16794,210
2021-03-21,Marin,041,260295,13546,13495,204,13699,220
2021-03-21,Mariposa,043,17540,390,381,5,386,5
2021-03-21,Mendocino,045,87422,3730,3651,71,3722,45
2021-03-21,Merced,047,269075,29529,29446,941,30387,413
2021-03-21,Modoc,049,8938,350,341,120,461,3
2021-03-21,Mono,051,14174,1209,1263,13,1276,3
2021-03-21,Monterey,053,433212,42324,42153,1810,43963,335
2021-03-21,Napa,055,140530,9314,9282,32,9314,77
2021-03-21,Nevada,057,99092,4228,4169,175,4344,89
2021-03-21,Orange,059,3164182,250285,248442,10902,259344,4598
2021-03-21,Placer,061,380077,21278,20520,1241,21761,242
2021-03-21,Plumas,063,18699,663,653,11,664,4
2021-03-21,Riverside,065,2383286,286666,282187,14068,296255,4009
2021-03-21,Sacramento,067,1510023,97701,96269,1397,97666,1489
2021-03-21,San Benito,069,59416,5837,5842,96,5938,61
2021-03-21,San Bernardino,071,2135413,288175,284732,9050,293782,4094
2021-03-21,San Diego,073,3302833,269252,267724,13237,280961,3494
2021-03-21,San Francisco,075,870044,34976,35012,1246,36258,460
2021-03-21,San Joaquin,077,732212,68937,67729,3170,70899,1182
2021-03-21,San Luis Obispo,079,281455,20184,19979,637,20616,250
2021-03-21,San Mateo,081,765935,40467,39988,439,40427,344
2021-03-21,Santa Barbara,083,443738,33380,32743,1182,33925,437
2021-03-21,Santa Clara,085,1922200,113050,113487,649,114136,1840
2021-03-21,Santa Cruz,087,273765,15686,15064,852,15916,199
2021-03-21,Shasta,089,179085,11187,11215,1368,12583,150
2021-03-21,Sierra,091,2930,53,50,14,64,0
2021-03-21,Siskiyou,093,43540,1551,1486,265,1751,5
2021-03-21,Solano,095,438530,30582,30474,403,30877,171
2021-03-21,Sonoma,097,501317,28864,28986,253,29239,310
2021-03-21,Stanislaus,099,539301,52341,52014,5754,57768,677
2021-03-21,Sutter,101,95872,9075,9021,86,9107,104
2021-03-21,Tehama,103,63373,4724,4701,528,5229,45
2021-03-21,Trinity,105,12862,396,310,66,376,3
2021-03-21,Tulare,107,460477,48647,48060,8934,56994,807
2021-03-21,Tuolumne,109,53932,3954,3953,34,3987,57
2021-03-21,Ventura,111,848112,79329,78863,2942,81805,927
2021-03-21,Yolo,113,214977,13229,13235,253,13488,190
2021-03-21,Yuba,115,75493,5657,5624,96,5720,42
2021-03-20,Alameda,001,1643700,83051,82614,1851,84465,1178
2021-03-20,Alpine,003,1148,85,83,0,83,0
2021-03-20,Amador,005,37829,3536,3518,33,3551,44
2021-03-20,Butte,007,227075,11557,11199,1721,12920,185
2021-03-20,Calaveras,009,45235,1978,1961,12,1973,49
2021-03-20,Colusa,011,21464,1884,1883,278,2161,12
2021-03-20,Contra Costa,013,1133247,65096,64313,1171,65484,713
2021-03-20,Del Norte,015,27424,1130,1075,7,1082,6
2021-03-20,El Dorado,017,186661,9335,9290,632,9922,105
2021-03-20,Fresno,019,978130,98695,98112,8391,106503,1532
2021-03-20,Glenn,021,27897,2310,2288,533,2821,17
2021-03-20,Humboldt,023,135768,3414,3399,23,3422,33
2021-03-20,Imperial,025,180216,27422,27239,2700,29939,695
2021-03-20,Inyo,027,18085,1367,1362,1,1363,35
2021-03-20,Kern,029,883053,94739,93606,10536,104142,1155
2021-03-20,Kings,031,150075,22585,22415,1099,23514,236
2021-03-20,Lake,033,64148,3326,3280,8,3288,43
2021-03-20,Lassen,035,31185,5130,5128,104,5232,1
2021-03-20,Los Angeles,037,10098052,1182162,1175290,41554,1216844,22810
2021-03-20,Madera,039,155013,15986,15891,898,16789,210
2021-03-20,Marin,041,260295,13534,13470,200,13670,220
2021-03-20,Mariposa,043,17540,389,381,5,386,5
2021-03-20,Mendocino,045,87422,3729,3639,71,3710,43
2021-03-20,Merced,047,269075,29498,29411,938,30349,412
2021-03-20,Modoc,049,8938,349,341,120,461,3
2021-03-20,Mono,051,14174,1209,1256,13,1269,3
2021-03-20,Monterey,053,433212,42315,42146,1809,43955,334
2021-03-20,Napa,055,140530,9306,9274,32,9306,77
2021-03-20,Nevada,057,99092,4217,4164,174,4338,89
2021-03-20,Orange,059,3164182,250204,248348,10889,259237,4522
2021-03-20,Placer,061,380077,21256,20505,1239,21744,242
2021-03-20,Plumas,063,18699,660,652,11,663,4
2021-03-20,Riverside,065,2383286,286593,282081,14064,296145,4000
2021-03-20,Sacramento,067,1510023,97591,96126,1393,97519,1488
2021-03-20,San Benito,069,59416,5833,5840,96,5936,61
2021-03-20,San Bernardino,071,2135413,288110,284690,9046,293736,3965
2021-03-20,San Diego,073,3302833,269081,267532,13230,280762,3493
2021-03-20,San Francisco,075,870044,34953,34968,1239,36207,453
2021-03-20,San Joaquin,077,732212,68896,67662,3163,70825,1161
2021-03-20,San Luis Obispo,079,281455,20168,19951,631,20582,250
2021-03-20,San Mateo,081,765935,40433,39958,438,40396,344
2021-03-20,Santa Barbara,083,443738,33356,32723,1181,33904,434
2021-03-20,Santa Clara,085,1922200,112958,113384,648,114032,1799
2021-03-20,Santa Cruz,087,273765,15670,15053,852,15905,199
2021-03-20,Shasta,089,179085,11181,11211,1368,12579,147
2021-03-20,Sierra,091,2930,53,50,14,64,0
2021-03-20,Siskiyou,093,43540,1551,1483,265,1748,5
2021-03-20,Solano,095,438530,30552,30439,403,30842,170
2021-03-20,Sonoma,097,501317,28849,28962,252,29214,309
2021-03-20,Stanislaus,099,539301,52286,51925,5746,57671,673
2021-03-20,Sutter,101,95872,9067,9014,86,9100,103
2021-03-20,Tehama,103,63373,4719,4696,526,5222,33
2021-03-20,Trinity,105,12862,395,310,66,376,3
2021-03-20,Tulare,107,460477,48632,48030,8917,56947,804
2021-03-20,Tuolumne,109,53932,3951,3950,34,3984,57
2021-03-20,Ventura,111,848112,79292,78818,2940,81758,922
2021-03-20,Yolo,113,214977,13225,13226,253,13479,190
2021-03-20,Yuba,115,75493,5654,5621,95,5716,42
2021-03-19,Alameda,001,1643700,82978,82499,1849,84348,1187
2021-03-19,Alpine,003,1148,84,82,0,82,0
2021-03-19,Amador,005,37829,3533,3515,33,3548,44
2021-03-19,Butte,007,227075,11548,11191,1718,12909,185
2021-03-19,Calaveras,009,45235,1977,1957,12,1969,49
2021-03-19,Colusa,011,21464,1883,1883,278,2161,12
2021-03-19,Contra Costa,013,1133247,65037,64195,1168,65363,737
2021-03-19,Del Norte,015,27424,1124,1071,5,1076,6
2021-03-19,El Dorado,017,186661,9326,9274,632,9906,105
2021-03-19,Fresno,019,978130,98613,97969,8376,106345,1527
2021-03-19,Glenn,021,27897,2310,2282,533,2815,17
2021-03-19,Humboldt,023,135768,3405,3388,23,3411,33
2021-03-19,Imperial,025,180216,27410,27218,2696,29914,695
2021-03-19,Inyo,027,18085,1365,1356,1,1357,35
2021-03-19,Kern,029,883053,94706,93534,10523,104057,1152
2021-03-19,Kings,031,150075,22576,22369,1096,23465,235
2021-03-19,Lake,033,64148,3320,3262,8,3270,43
2021-03-19,Lassen,035,31185,5130,5126,104,5230,1
2021-03-19,Los Angeles,037,10098052,1181827,1174818,41538,1216356,22752
2021-03-19,Madera,039,155013,15979,15877,897,16774,210
2021-03-19,Marin,041,260295,13522,13441,200,13641,220
2021-03-19,Mariposa,043,17540,388,380,5,385,5
2021-03-19,Mendocino,045,87422,3728,3639,71,3710,45
2021-03-19,Merced,047,269075,29469,29376,937,30313,412
2021-03-19,Modoc,049,8938,349,341,120,461,3
2021-03-19,Mono,051,14174,1207,1244,13,1257,3
2021-03-19,Monterey,053,433212,42306,42125,1807,43932,335
2021-03-19,Napa,055,140530,9294,9256,32,9288,77
2021-03-19,Nevada,057,99092,4206,4156,174,4330,88
2021-03-19,Orange,059,3164182,250103,248146,10878,259024,4501
2021-03-19,Placer,061,380077,21238,20451,1237,21688,242
2021-03-19,Plumas,063,18699,660,650,11,661,4
2021-03-19,Riverside,065,2383286,286511,281937,14059,295996,3989
2021-03-19,Sacramento,067,1510023,97489,95934,1390,97324,1486
2021-03-19,San Benito,069,59416,5833,5845,96,5941,61
2021-03-19,San Bernardino,071,2135413,288038,284501,9044,293545,4017
2021-03-19,San Diego,073,3302833,268946,267173,13220,280393,3491
2021-03-19,San Francisco,075,870044,34907,34936,1236,36172,461
2021-03-19,San Joaquin,077,732212,68826,67515,3149,70664,1180
2021-03-19,San Luis Obispo,079,281455,20148,19913,629,20542,249
2021-03-19,San Mateo,081,765935,40409,39893,438,40331,344
2021-03-19,Santa Barbara,083,443738,33327,32685,1180,33865,435
2021-03-19,Santa Clara,085,1922200,112883,113232,647,113879,1797
2021-03-19,Santa Cruz,087,273765,15663,15026,852,15878,199
2021-03-19,Shasta,089,179085,11174,11104,1366,12470,103
2021-03-19,Sierra,091,2930,52,49,14,63,0
2021-03-19,Siskiyou,093,43540,1551,1480,264,1744,5
2021-03-19,Solano,095,438530,30522,30395,401,30796,172
2021-03-19,Sonoma,097,501317,28828,28932,250,29182,292
2021-03-19,Stanislaus,099,539301,52228,51755,5743,57498,679
2021-03-19,Sutter,101,95872,9065,9005,86,9091,103
2021-03-19,Tehama,103,63373,4711,4685,526,5211,33
2021-03-19,Trinity,105,12862,395,310,66,376,3
2021-03-19,Tulare,107,460477,48609,47989,8894,56883,805
2021-03-19,Tuolumne,109,53932,3948,3946,34,3980,57
2021-03-19,Ventura,111,848112,79254,78753,2935,81688,920
2021-03-19,Yolo,113,214977,13217,13197,253,13450,189
2021-03-19,Yuba,115,75493,5651,5615,94,5709,42
2021-03-18,Alameda,001,1643700,82894,82419,1846,84265,1189
2021-03-18,Alpine,003,1148,84,82,0,82,0
2021-03-18,Amador,005,37829,3529,3513,33,3546,44
2021-03-18,Butte,007,227075,11537,11179,1716,12895,185
2021-03-18,Calaveras,009,45235,1975,1954,12,1966,49
2021-03-18,Colusa,011,21464,1883,1882,278,2160,12
2021-03-18,Contra Costa,013,1133247,64964,64103,1165,65268,739
2021-03-18,Del Norte,015,27424,1115,1059,5,1064,6
2021-03-18,El Dorado,017,186661,9313,9261,631,9892,105
2021-03-18,Fresno,019,978130,98516,97856,8361,106217,1527
2021-03-18,Glenn,021,27897,2306,2275,532,2807,17
2021-03-18,Humboldt,023,135768,3397,3381,23,3404,34
2021-03-18,Imperial,025,180216,27394,27190,2690,29880,695
2021-03-18,Inyo,027,18085,1362,1354,1,1355,35
2021-03-18,Kern,029,883053,94649,93458,10509,103967,1158
2021-03-18,Kings,031,150075,22569,22354,1095,23449,235
2021-03-18,Lake,033,64148,3317,3260,8,3268,43
2021-03-18,Lassen,035,31185,5129,5126,104,5230,1
2021-03-18,Los Angeles,037,10098052,1181397,1174205,41507,1215712,22689
2021-03-18,Madera,039,155013,15967,15860,895,16755,211
2021-03-18,Marin,041,260295,13504,13435,199,13634,219
2021-03-18,Mariposa,043,17540,386,380,5,385,5
2021-03-18,Mendocino,045,87422,3718,3630,71,3701,45
2021-03-18,Merced,047,269075,29434,29317,937,30254,410
2021-03-18,Modoc,049,8938,349,341,120,461,3
2021-03-18,Mono,051,14174,1203,1215,13,1228,3
2021-03-18,Monterey,053,433212,42293,42105,1807,43912,335
2021-03-18,Napa,055,140530,9285,9243,32,9275,77
2021-03-18,Nevada,057,99092,4199,4154,174,4328,74
2021-03-18,Orange,059,3164182,250000,248050,10865,258915,4514
2021-03-18,Placer,061,380077,21206,20421,1234,21655,243
2021-03-18,Plumas,063,18699,658,648,11,659,4
2021-03-18,Riverside,065,2383286,286432,281789,14052,295841,3957
2021-03-18,Sacramento,067,1510023,97341,95819,1386,97205,1481
2021-03-18,San Benito,069,59416,5831,5842,96,5938,61
2021-03-18,San Bernardino,071,2135413,287958,284294,9014,293308,4076
2021-03-18,San Diego,073,3302833,268794,266752,13210,279962,3478
2021-03-18,San Francisco,075,870044,34868,34904,1235,36139,461
2021-03-18,San Joaquin,077,732212,68726,67301,3137,70438,1169
2021-03-18,San Luis Obispo,079,281455,20119,19894,628,20522,249
2021-03-18,San Mateo,081,765935,40368,39874,438,40312,344
2021-03-18,Santa Barbara,083,443738,33285,32640,1180,33820,434
2021-03-18,Santa Clara,085,1922200,112766,113119,643,113762,1808
2021-03-18,Santa Cruz,087,273765,15653,14998,852,15850,198
2021-03-18,Shasta,089,179085,11160,11059,1363,12422,100
2021-03-18,Sierra,091,2930,52,49,14,63,0
2021-03-18,Siskiyou,093,43540,1548,1480,263,1743,5
2021-03-18,Solano,095,438530,30480,30352,398,30750,172
2021-03-18,Sonoma,097,501317,28806,28915,248,29163,292
2021-03-18,Stanislaus,099,539301,52156,51615,5739,57354,682
2021-03-18,Sutter,101,95872,9053,8999,86,9085,103
2021-03-18,Tehama,103,63373,4705,4683,525,5208,35
2021-03-18,Trinity,105,12862,395,310,66,376,3
2021-03-18,Tulare,107,460477,48590,47964,8879,56843,805
2021-03-18,Tuolumne,109,53932,3948,3942,34,3976,57
2021-03-18,Ventura,111,848112,79197,78697,2935,81632,918
2021-03-18,Yolo,113,214977,13204,13183,253,13436,191
2021-03-18,Yuba,115,75493,5647,5612,94,5706,42
2021-03-17,Alameda,001,1643700,82818,82353,1840,84193,1185
2021-03-17,Alpine,003,1148,84,82,0,82,0
2021-03-17,Amador,005,37829,3527,3511,33,3544,44
2021-03-17,Butte,007,227075,11528,11170,1714,12884,185
2021-03-17,Calaveras,009,45235,1972,1946,12,1958,49
2021-03-17,Colusa,011,21464,1882,1882,278,2160,12
2021-03-17,Contra Costa,013,1133247,64895,64026,1164,65190,737
2021-03-17,Del Norte,015,27424,1111,1053,5,1058,6
2021-03-17,El Dorado,017,186661,9303,9252,631,9883,105
2021-03-17,Fresno,019,978130,98406,97727,8342,106069,1507
2021-03-17,Glenn,021,27897,2299,2269,531,2800,17
2021-03-17,Humboldt,023,135768,3389,3365,23,3388,33
2021-03-17,Imperial,025,180216,27378,27168,2688,29856,691
2021-03-17,Inyo,027,18085,1360,1351,1,1352,35
2021-03-17,Kern,029,883053,94593,93392,10496,103888,1149
2021-03-17,Kings,031,150075,22553,22336,1094,23430,233
2021-03-17,Lake,033,64148,3310,3251,8,3259,43
2021-03-17,Lassen,035,31185,5128,5125,104,5229,1
2021-03-17,Los Angeles,037,10098052,1180946,1173416,41473,1214889,22602
2021-03-17,Madera,039,155013,15960,15835,894,16729,214
2021-03-17,Marin,041,260295,13486,13428,198,13626,218
2021-03-17,Mariposa,043,17540,386,379,5,384,5
2021-03-17,Mendocino,045,87422,3714,3625,71,3696,44
2021-03-17,Merced,047,269075,29406,29250,933,30183,408
2021-03-17,Modoc,049,8938,349,341,120,461,3
2021-03-17,Mono,051,14174,1201,1212,13,1225,3
2021-03-17,Monterey,053,433212,42274,42061,1804,43865,334
2021-03-17,Napa,055,140530,9270,9219,32,9251,76
2021-03-17,Nevada,057,99092,4189,4145,174,4319,74
2021-03-17,Orange,059,3164182,249882,247943,10837,258780,4502
2021-03-17,Placer,061,380077,21179,20369,1232,21601,243
2021-03-17,Plumas,063,18699,657,645,11,656,4
2021-03-17,Riverside,065,2383286,286321,281649,14044,295693,3925
2021-03-17,Sacramento,067,1510023,97213,95650,1380,97030,1477
2021-03-17,San Benito,069,59416,5828,5841,96,5937,61
2021-03-17,San Bernardino,071,2135413,287842,284170,9008,293178,4049
2021-03-17,San Diego,073,3302833,268583,266313,13192,279505,3470
2021-03-17,San Francisco,075,870044,34833,34873,1234,36107,457
2021-03-17,San Joaquin,077,732212,68641,67093,3121,70214,1164
2021-03-17,San Luis Obispo,079,281455,20096,19858,624,20482,249
2021-03-17,San Mateo,081,765935,40338,39838,437,40275,344
2021-03-17,Santa Barbara,083,443738,33265,32585,1179,33764,433
2021-03-17,Santa Clara,085,1922200,112673,112983,642,113625,1805
2021-03-17,Santa Cruz,087,273765,15645,14967,852,15819,199
2021-03-17,Shasta,089,179085,11155,11045,1360,12405,100
2021-03-17,Sierra,091,2930,52,49,14,63,0
2021-03-17,Siskiyou,093,43540,1547,1479,261,1740,5
2021-03-17,Solano,095,438530,30454,30320,396,30716,171
2021-03-17,Sonoma,097,501317,28782,28877,247,29124,292
2021-03-17,Stanislaus,099,539301,52083,51524,5732,57256,682
2021-03-17,Sutter,101,95872,9043,8982,86,9068,103
2021-03-17,Tehama,103,63373,4699,4670,525,5195,34
2021-03-17,Trinity,105,12862,395,308,66,374,3
2021-03-17,Tulare,107,460477,48570,47929,8869,56798,805
2021-03-17,Tuolumne,109,53932,3945,3938,34,3972,57
2021-03-17,Ventura,111,848112,79142,78648,2932,81580,916
2021-03-17,Yolo,113,214977,13188,13169,252,13421,190
2021-03-17,Yuba,115,75493,5644,5603,94,5697,42
2021-03-16,Alameda,001,1643700,82703,82259,1838,84097,1177
2021-03-16,Alpine,003,1148,84,82,0,82,0
2021-03-16,Amador,005,37829,3525,3510,33,3543,44
2021-03-16,Butte,007,227075,11516,11154,1713,12867,184
2021-03-16,Calaveras,009,45235,1967,1945,12,1957,49
2021-03-16,Colusa,011,21464,1881,1882,278,2160,12
2021-03-16,Contra Costa,013,1133247,64814,63951,1160,65111,736
2021-03-16,Del Norte,015,27424,1103,1048,5,1053,6
2021-03-16,El Dorado,017,186661,9287,9249,631,9880,105
2021-03-16,Fresno,019,978130,98273,97638,8317,105955,1498
2021-03-16,Glenn,021,27897,2291,2267,527,2794,17
2021-03-16,Humboldt,023,135768,3385,3351,23,3374,33
2021-03-16,Imperial,025,180216,27367,27143,2686,29829,689
2021-03-16,Inyo,027,18085,1359,1346,1,1347,35
2021-03-16,Kern,029,883053,94527,93340,10480,103820,1144
2021-03-16,Kings,031,150075,22517,22320,1093,23413,233
2021-03-16,Lake,033,64148,3302,3246,8,3254,43
2021-03-16,Lassen,035,31185,5127,5126,104,5230,1
2021-03-16,Los Angeles,037,10098052,1180416,1172676,41433,1214109,22527
2021-03-16,Madera,039,155013,15944,15822,892,16714,214
2021-03-16,Marin,041,260295,13468,13419,198,13617,218
2021-03-16,Mariposa,043,17540,383,379,5,384,5
2021-03-16,Mendocino,045,87422,3709,3623,71,3694,44
2021-03-16,Merced,047,269075,29353,29198,932,30130,407
2021-03-16,Modoc,049,8938,349,341,120,461,3
2021-03-16,Mono,051,14174,1200,1207,13,1220,3
2021-03-16,Monterey,053,433212,42255,42023,1804,43827,334
2021-03-16,Napa,055,140530,9260,9209,32,9241,75
2021-03-16,Nevada,057,99092,4180,4132,173,4305,67
2021-03-16,Orange,059,3164182,249744,247843,10818,258661,4479
2021-03-16,Placer,061,380077,21146,20339,1227,21566,240
2021-03-16,Plumas,063,18699,656,643,11,654,4
2021-03-16,Riverside,065,2383286,286215,281540,14031,295571,3893
2021-03-16,Sacramento,067,1510023,97070,95522,1376,96898,1466
2021-03-16,San Benito,069,59416,5823,5831,96,5927,61
2021-03-16,San Bernardino,071,2135413,287712,283980,9001,292981,4032
2021-03-16,San Diego,073,3302833,268351,265903,13179,279082,3462
2021-03-16,San Francisco,075,870044,34804,34833,1229,36062,456
2021-03-16,San Joaquin,077,732212,68539,66856,3108,69964,1163
2021-03-16,San Luis Obispo,079,281455,20067,19832,622,20454,248
2021-03-16,San Mateo,081,765935,40304,39806,435,40241,344
2021-03-16,Santa Barbara,083,443738,33233,32556,1178,33734,433
2021-03-16,Santa Clara,085,1922200,112555,112845,639,113484,1797
2021-03-16,Santa Cruz,087,273765,15639,14926,852,15778,199
2021-03-16,Shasta,089,179085,11139,11035,1357,12392,100
2021-03-16,Sierra,091,2930,51,49,14,63,0
2021-03-16,Siskiyou,093,43540,1543,1477,261,1738,5
2021-03-16,Solano,095,438530,30420,30298,395,30693,171
2021-03-16,Sonoma,097,501317,28750,28850,245,29095,291
2021-03-16,Stanislaus,099,539301,52003,51410,5725,57135,683
2021-03-16,Sutter,101,95872,9035,8970,86,9056,102
2021-03-16,Tehama,103,63373,4695,4660,524,5184,34
2021-03-16,Trinity,105,12862,395,308,65,373,3
2021-03-16,Tulare,107,460477,48523,47895,8861,56756,803
2021-03-16,Tuolumne,109,53932,3942,3938,34,3972,57
2021-03-16,Ventura,111,848112,79075,78671,2925,81596,916
2021-03-16,Yolo,113,214977,13173,13162,252,13414,190
2021-03-16,Yuba,115,75493,5641,5596,93,5689,42
2021-03-15,Alameda,001,1643700,82615,82159,1838,83997,1167
2021-03-15,Alpine,003,1148,84,82,0,82,0
2021-03-15,Amador,005,37829,3524,3506,33,3539,44
2021-03-15,Butte,007,227075,11503,11141,1709,12850,185
2021-03-15,Calaveras,009,45235,1966,1941,12,1953,49
2021-03-15,Colusa,011,21464,1881,1883,278,2161,12
2021-03-15,Contra Costa,013,1133247,64752,63847,1159,65006,732
2021-03-15,Del Norte,015,27424,1100,1048,5,1053,6
2021-03-15,El Dorado,017,186661,9281,9235,630,9865,103
2021-03-15,Fresno,019,978130,98146,97520,8301,105821,1496
2021-03-15,Glenn,021,27897,2286,2261,524,2785,15
2021-03-15,Humboldt,023,135768,3379,3337,23,3360,32
2021-03-15,Imperial,025,180216,27346,27122,2684,29806,684
2021-03-15,Inyo,027,18085,1359,1346,1,1347,35
2021-03-15,Kern,029,883053,94467,93266,10473,103739,1141
2021-03-15,Kings,031,150075,22500,22294,1088,23382,233
2021-03-15,Lake,033,64148,3290,3237,8,3245,43
2021-03-15,Lassen,035,31185,5127,5125,104,5229,1
2021-03-15,Los Angeles,037,10098052,1179852,1172445,41394,1213839,22477
2021-03-15,Madera,039,155013,15933,15806,890,16696,214
2021-03-15,Marin,041,260295,13462,13408,197,13605,218
2021-03-15,Mariposa,043,17540,383,376,5,381,5
2021-03-15,Mendocino,045,87422,3705,3615,71,3686,44
2021-03-15,Merced,047,269075,29313,29169,931,30100,407
2021-03-15,Modoc,049,8938,349,340,120,460,3
2021-03-15,Mono,051,14174,1199,1206,13,1219,3
2021-03-15,Monterey,053,433212,42227,42011,1801,43812,333
2021-03-15,Napa,055,140530,9249,9196,32,9228,75
2021-03-15,Nevada,057,99092,4175,4123,172,4295,66
2021-03-15,Orange,059,3164182,249631,247697,10797,258494,4481
2021-03-15,Placer,061,380077,21123,20308,1227,21535,238
2021-03-15,Plumas,063,18699,656,642,11,653,4
2021-03-15,Riverside,065,2383286,286071,281367,14019,295386,3856
2021-03-15,Sacramento,067,1510023,96917,95414,1370,96784,1463
2021-03-15,San Benito,069,59416,5820,5831,96,5927,61
2021-03-15,San Bernardino,071,2135413,287619,283815,8993,292808,4004
2021-03-15,San Diego,073,3302833,268101,265646,13163,278809,3452
2021-03-15,San Francisco,075,870044,34768,34820,1225,36045,456
2021-03-15,San Joaquin,077,732212,68435,66622,3095,69717,1140
2021-03-15,San Luis Obispo,079,281455,20036,19813,618,20431,247
2021-03-15,San Mateo,081,765935,40250,39765,435,40200,344
2021-03-15,Santa Barbara,083,443738,33211,32529,1175,33704,431
2021-03-15,Santa Clara,085,1922200,112452,112729,637,113366,1798
2021-03-15,Santa Cruz,087,273765,15633,14899,850,15749,200
2021-03-15,Shasta,089,179085,11123,11019,1352,12371,92
2021-03-15,Sierra,091,2930,51,49,14,63,0
2021-03-15,Siskiyou,093,43540,1543,1475,261,1736,5
2021-03-15,Solano,095,438530,30391,30258,394,30652,171
2021-03-15,Sonoma,097,501317,28732,28814,242,29056,285
2021-03-15,Stanislaus,099,539301,51925,51357,5718,57075,683
2021-03-15,Sutter,101,95872,9029,8962,86,9048,102
2021-03-15,Tehama,103,63373,4685,4650,523,5173,34
2021-03-15,Trinity,105,12862,395,308,65,373,3
2021-03-15,Tulare,107,460477,48493,47857,8846,56703,800
2021-03-15,Tuolumne,109,53932,3940,3937,33,3970,57
2021-03-15,Ventura,111,848112,79021,78626,2924,81550,910
2021-03-15,Yolo,113,214977,13154,13131,250,13381,190
2021-03-15,Yuba,115,75493,5636,5585,92,5677,42
2021-03-14,Alameda,001,1643700,82529,82116,1835,83951,1168
2021-03-14,Alpine,003,1148,84,82,0,82,0
2021-03-14,Amador,005,37829,3519,3504,33,3537,44
2021-03-14,Butte,007,227075,11490,11140,1705,12845,185
2021-03-14,Calaveras,009,45235,1962,1939,12,1951,49
2021-03-14,Colusa,011,21464,1881,1883,278,2161,12
2021-03-14,Contra Costa,013,1133247,64648,63808,1157,64965,731
2021-03-14,Del Norte,015,27424,1086,1048,5,1053,6
2021-03-14,El Dorado,017,186661,9271,9231,630,9861,103
2021-03-14,Fresno,019,978130,98039,97461,8282,105743,1496
2021-03-14,Glenn,021,27897,2281,2260,521,2781,15
2021-03-14,Humboldt,023,135768,3365,3335,23,3358,32
2021-03-14,Imperial,025,180216,27328,27122,2680,29802,685
2021-03-14,Inyo,027,18085,1355,1346,1,1347,35
2021-03-14,Kern,029,883053,94386,93252,10453,103705,1141
2021-03-14,Kings,031,150075,22482,22292,1085,23377,232
2021-03-14,Lake,033,64148,3285,3237,8,3245,43
2021-03-14,Lassen,035,31185,5125,5125,104,5229,1
2021-03-14,Los Angeles,037,10098052,1179285,1172100,41355,1213455,22476
2021-03-14,Madera,039,155013,15908,15804,890,16694,214
2021-03-14,Marin,041,260295,13446,13405,195,13600,218
2021-03-14,Mariposa,043,17540,381,376,5,381,5
2021-03-14,Mendocino,045,87422,3700,3613,71,3684,44
2021-03-14,Merced,047,269075,29245,29149,927,30076,407
2021-03-14,Modoc,049,8938,349,340,120,460,3
2021-03-14,Mono,051,14174,1193,1206,13,1219,3
2021-03-14,Monterey,053,433212,42205,42007,1797,43804,333
2021-03-14,Napa,055,140530,9231,9194,32,9226,75
2021-03-14,Nevada,057,99092,4169,4122,170,4292,66
2021-03-14,Orange,059,3164182,249497,247656,10775,258431,4460
2021-03-14,Placer,061,380077,21089,20288,1219,21507,238
2021-03-14,Plumas,063,18699,654,642,11,653,4
2021-03-14,Riverside,065,2383286,285918,281332,14011,295343,3845
2021-03-14,Sacramento,067,1510023,96739,95343,1365,96708,1462
2021-03-14,San Benito,069,59416,5811,5829,96,5925,61
2021-03-14,San Bernardino,071,2135413,287495,283791,8982,292773,3996
2021-03-14,San Diego,073,3302833,267866,265468,13150,278618,3452
2021-03-14,San Francisco,075,870044,34729,34810,1222,36032,455
2021-03-14,San Joaquin,077,732212,68307,66563,3078,69641,1140
2021-03-14,San Luis Obispo,079,281455,20007,19806,616,20422,247
2021-03-14,San Mateo,081,765935,40211,39744,435,40179,342
2021-03-14,Santa Barbara,083,443738,33167,32514,1173,33687,431
2021-03-14,Santa Clara,085,1922200,112324,112648,636,113284,1796
2021-03-14,Santa Cruz,087,273765,15616,14887,848,15735,200
2021-03-14,Shasta,089,179085,11107,11019,1345,12364,92
2021-03-14,Sierra,091,2930,51,49,14,63,0
2021-03-14,Siskiyou,093,43540,1539,1473,260,1733,5
2021-03-14,Solano,095,438530,30359,30230,389,30619,171
2021-03-14,Sonoma,097,501317,28698,28798,238,29036,284
2021-03-14,Stanislaus,099,539301,51805,51306,5709,57015,690
2021-03-14,Sutter,101,95872,9013,8958,86,9044,102
2021-03-14,Tehama,103,63373,4673,4650,522,5172,34
2021-03-14,Trinity,105,12862,394,308,64,372,3
2021-03-14,Tulare,107,460477,48460,47845,8825,56670,800
2021-03-14,Tuolumne,109,53932,3938,3937,33,3970,57
2021-03-14,Ventura,111,848112,78968,78611,2918,81529,910
2021-03-14,Yolo,113,214977,13132,13128,246,13374,189
2021-03-14,Yuba,115,75493,5626,5583,92,5675,42
2021-03-13,Alameda,001,1643700,82469,82010,1835,83845,1168
2021-03-13,Alpine,003,1148,84,82,0,82,0
2021-03-13,Amador,005,37829,3516,3504,33,3537,44
2021-03-13,Butte,007,227075,11481,11131,1704,12835,185
2021-03-13,Calaveras,009,45235,1962,1939,12,1951,49
2021-03-13,Colusa,011,21464,1881,1882,278,2160,12
2021-03-13,Contra Costa,013,1133247,64587,63689,1157,64846,731
2021-03-13,Del Norte,015,27424,1082,1041,5,1046,6
2021-03-13,El Dorado,017,186661,9263,9221,630,9851,103
2021-03-13,Fresno,019,978130,97980,97324,8262,105586,1495
2021-03-13,Glenn,021,27897,2280,2260,520,2780,15
2021-03-13,Humboldt,023,135768,3358,3325,23,3348,32
2021-03-13,Imperial,025,180216,27323,27099,2675,29774,677
2021-03-13,Inyo,027,18085,1354,1344,1,1345,35
2021-03-13,Kern,029,883053,94347,93197,10447,103644,1140
2021-03-13,Kings,031,150075,22466,22265,1084,23349,232
2021-03-13,Lake,033,64148,3278,3234,7,3241,43
2021-03-13,Lassen,035,31185,5125,5125,104,5229,1
2021-03-13,Los Angeles,037,10098052,1178969,1171505,41311,1212816,22451
2021-03-13,Madera,039,155013,15896,15780,890,16670,214
2021-03-13,Marin,041,260295,13440,13391,193,13584,218
2021-03-13,Mariposa,043,17540,380,376,5,381,5
2021-03-13,Mendocino,045,87422,3696,3611,71,3682,44
2021-03-13,Merced,047,269075,29214,29106,927,30033,406
2021-03-13,Modoc,049,8938,349,340,119,459,3
2021-03-13,Mono,051,14174,1193,1207,13,1220,3
2021-03-13,Monterey,053,433212,42195,41989,1795,43784,332
2021-03-13,Napa,055,140530,9224,9190,32,9222,75
2021-03-13,Nevada,057,99092,4162,4111,169,4280,66
2021-03-13,Orange,059,3164182,249417,247514,10759,258273,4423
2021-03-13,Placer,061,380077,21068,20238,1216,21454,239
2021-03-13,Plumas,063,18699,652,642,11,653,4
2021-03-13,Riverside,065,2383286,285830,281191,14002,295193,3848
2021-03-13,Sacramento,067,1510023,96653,95192,1363,96555,1461
2021-03-13,San Benito,069,59416,5808,5823,96,5919,61
2021-03-13,San Bernardino,071,2135413,287442,283727,8976,292703,3972
2021-03-13,San Diego,073,3302833,267711,265270,13136,278406,3444
2021-03-13,San Francisco,075,870044,34712,34784,1212,35996,455
2021-03-13,San Joaquin,077,732212,68251,66480,3056,69536,1141
2021-03-13,San Luis Obispo,079,281455,19989,19789,615,20404,247
2021-03-13,San Mateo,081,765935,40184,39689,434,40123,341
2021-03-13,Santa Barbara,083,443738,33142,32486,1172,33658,431
2021-03-13,Santa Clara,085,1922200,112239,112531,635,113166,1790
2021-03-13,Santa Cruz,087,273765,15609,14875,848,15723,199
2021-03-13,Shasta,089,179085,11099,11021,1342,12363,108
2021-03-13,Sierra,091,2930,50,49,14,63,0
2021-03-13,Siskiyou,093,43540,1538,1470,260,1730,5
2021-03-13,Solano,095,438530,30342,30198,389,30587,171
2021-03-13,Sonoma,097,501317,28678,28762,234,28996,285
2021-03-13,Stanislaus,099,539301,51755,51257,5704,56961,695
2021-03-13,Sutter,101,95872,9006,8948,86,9034,102
2021-03-13,Tehama,103,63373,4671,4647,522,5169,33
2021-03-13,Trinity,105,12862,394,306,64,370,3
2021-03-13,Tulare,107,460477,48435,47818,8816,56634,798
2021-03-13,Tuolumne,109,53932,3935,3937,33,3970,57
2021-03-13,Ventura,111,848112,78919,78693,2918,81611,906
2021-03-13,Yolo,113,214977,13124,13087,245,13332,189
2021-03-13,Yuba,115,75493,5625,5577,92,5669,42
2021-03-12,Alameda,001,1643700,82390,81898,1834,83732,1164
2021-03-12,Alpine,003,1148,84,82,0,82,0
2021-03-12,Amador,005,37829,3513,3503,33,3536,44
2021-03-12,Butte,007,227075,11471,11126,1702,12828,184
2021-03-12,Calaveras,009,45235,1960,1916,12,1928,49
2021-03-12,Colusa,011,21464,1881,1883,278,2161,12
2021-03-12,Contra Costa,013,1133247,64512,63583,1156,64739,728
2021-03-12,Del Norte,015,27424,1076,1033,5,1038,6
2021-03-12,El Dorado,017,186661,9254,9219,630,9849,103
2021-03-12,Fresno,019,978130,97884,97185,8250,105435,1489
2021-03-12,Glenn,021,27897,2279,2258,519,2777,15
2021-03-12,Humboldt,023,135768,3353,3315,23,3338,32
2021-03-12,Imperial,025,180216,27312,27071,2673,29744,677
2021-03-12,Inyo,027,18085,1352,1339,1,1340,35
2021-03-12,Kern,029,883053,94313,93142,10431,103573,1132
2021-03-12,Kings,031,150075,22447,22233,1084,23317,232
2021-03-12,Lake,033,64148,3272,3226,6,3232,43
2021-03-12,Lassen,035,31185,5125,5125,103,5228,1
2021-03-12,Los Angeles,037,10098052,1178572,1170860,41294,1212154,22409
2021-03-12,Madera,039,155013,15884,15761,887,16648,214
2021-03-12,Marin,041,260295,13433,13375,193,13568,218
2021-03-12,Mariposa,043,17540,378,376,5,381,5
2021-03-12,Mendocino,045,87422,3693,3605,71,3676,43
2021-03-12,Merced,047,269075,29183,29064,927,29991,403
2021-03-12,Modoc,049,8938,349,340,119,459,3
2021-03-12,Mono,051,14174,1192,1206,13,1219,3
2021-03-12,Monterey,053,433212,42181,41964,1790,43754,329
2021-03-12,Napa,055,140530,9215,9180,32,9212,75
2021-03-12,Nevada,057,99092,4152,4101,169,4270,66
2021-03-12,Orange,059,3164182,249325,247388,10748,258136,4401
2021-03-12,Placer,061,380077,21035,20210,1211,21421,239
2021-03-12,Plumas,063,18699,651,641,11,652,4
2021-03-12,Riverside,065,2383286,285732,281037,13994,295031,3854
2021-03-12,Sacramento,067,1510023,96529,95061,1356,96417,1460
2021-03-12,San Benito,069,59416,5805,5817,96,5913,61
2021-03-12,San Bernardino,071,2135413,287384,283558,8971,292529,3917
2021-03-12,San Diego,073,3302833,267548,264886,13128,278014,3434
2021-03-12,San Francisco,075,870044,34691,34758,1209,35967,452
2021-03-12,San Joaquin,077,732212,68180,66482,3046,69528,1144
2021-03-12,San Luis Obispo,079,281455,19975,19769,613,20382,247
2021-03-12,San Mateo,081,765935,40148,39638,432,40070,341
2021-03-12,Santa Barbara,083,443738,33119,32457,1169,33626,429
2021-03-12,Santa Clara,085,1922200,112145,112396,634,113030,1766
2021-03-12,Santa Cruz,087,273765,15597,14846,846,15692,195
2021-03-12,Shasta,089,179085,11091,11143,1340,12483,153
2021-03-12,Sierra,091,2930,50,49,14,63,0
2021-03-12,Siskiyou,093,43540,1538,1468,259,1727,5
2021-03-12,Solano,095,438530,30323,30180,388,30568,171
2021-03-12,Sonoma,097,501317,28651,28714,234,28948,285
2021-03-12,Stanislaus,099,539301,51697,51146,5697,56843,701
2021-03-12,Sutter,101,95872,9000,8940,86,9026,101
2021-03-12,Tehama,103,63373,4667,4638,521,5159,33
2021-03-12,Trinity,105,12862,393,306,63,369,3
2021-03-12,Tulare,107,460477,48410,47772,8810,56582,798
2021-03-12,Tuolumne,109,53932,3934,3936,33,3969,57
2021-03-12,Ventura,111,848112,78876,78698,2914,81612,899
2021-03-12,Yolo,113,214977,13114,13061,238,13299,189
2021-03-12,Yuba,115,75493,5618,5563,91,5654,42
2021-03-11,Alameda,001,1643700,82296,81809,1829,83638,1164
2021-03-11,Alpine,003,1148,84,78,0,78,0
2021-03-11,Amador,005,37829,3512,3498,33,3531,42
2021-03-11,Butte,007,227075,11460,11110,1700,12810,185
2021-03-11,Calaveras,009,45235,1957,1915,12,1927,49
2021-03-11,Colusa,011,21464,1881,1883,278,2161,12
2021-03-11,Contra Costa,013,1133247,64439,63469,1154,64623,728
2021-03-11,Del Norte,015,27424,1071,1027,5,1032,6
2021-03-11,El Dorado,017,186661,9240,9211,630,9841,101
2021-03-11,Fresno,019,978130,97769,97026,8222,105248,1481
2021-03-11,Glenn,021,27897,2276,2255,519,2774,15
2021-03-11,Humboldt,023,135768,3336,3302,23,3325,32
2021-03-11,Imperial,025,180216,27306,27045,2669,29714,675
2021-03-11,Inyo,027,18085,1347,1335,1,1336,35
2021-03-11,Kern,029,883053,94257,93052,10392,103444,1121
2021-03-11,Kings,031,150075,22432,22183,1081,23264,230
2021-03-11,Lake,033,64148,3268,3214,6,3220,42
2021-03-11,Lassen,035,31185,5124,5124,103,5227,1
2021-03-11,Los Angeles,037,10098052,1178043,1170111,41260,1211371,22316
2021-03-11,Madera,039,155013,15873,15725,885,16610,214
2021-03-11,Marin,041,260295,13421,13356,192,13548,217
2021-03-11,Mariposa,043,17540,378,376,5,381,5
2021-03-11,Mendocino,045,87422,3686,3604,71,3675,42
2021-03-11,Merced,047,269075,29134,29001,926,29927,401
2021-03-11,Modoc,049,8938,349,340,119,459,3
2021-03-11,Mono,051,14174,1191,1206,13,1219,3
2021-03-11,Monterey,053,433212,42158,41936,1784,43720,329
2021-03-11,Napa,055,140530,9202,9173,32,9205,75
2021-03-11,Nevada,057,99092,4140,4085,167,4252,66
2021-03-11,Orange,059,3164182,249187,247217,10730,257947,4373
2021-03-11,Placer,061,380077,20992,20178,1207,21385,239
2021-03-11,Plumas,063,18699,650,640,11,651,4
2021-03-11,Riverside,065,2383286,285567,280881,13981,294862,3842
2021-03-11,Sacramento,067,1510023,96389,94912,1353,96265,1455
2021-03-11,San Benito,069,59416,5802,5816,96,5912,61
2021-03-11,San Bernardino,071,2135413,287287,283312,8965,292277,3869
2021-03-11,San Diego,073,3302833,267384,264524,13112,277636,3422
2021-03-11,San Francisco,075,870044,34655,34722,1203,35925,452
2021-03-11,San Joaquin,077,732212,68068,66522,3038,69560,1157
2021-03-11,San Luis Obispo,079,281455,19951,19748,612,20360,247
2021-03-11,San Mateo,081,765935,40111,39590,431,40021,341
2021-03-11,Santa Barbara,083,443738,33092,32408,1165,33573,430
2021-03-11,Santa Clara,085,1922200,112015,112246,631,112877,1765
2021-03-11,Santa Cruz,087,273765,15585,14812,845,15657,193
2021-03-11,Shasta,089,179085,11081,11139,1335,12474,158
2021-03-11,Sierra,091,2930,50,48,14,62,0
2021-03-11,Siskiyou,093,43540,1535,1466,259,1725,5
2021-03-11,Solano,095,438530,30295,30138,387,30525,171
2021-03-11,Sonoma,097,501317,28622,28677,234,28911,285
2021-03-11,Stanislaus,099,539301,51613,51038,5689,56727,707
2021-03-11,Sutter,101,95872,8994,8933,86,9019,101
2021-03-11,Tehama,103,63373,4658,4632,520,5152,33
2021-03-11,Trinity,105,12862,392,304,62,366,3
2021-03-11,Tulare,107,460477,48373,47709,8798,56507,797
2021-03-11,Tuolumne,109,53932,3932,3934,33,3967,57
2021-03-11,Ventura,111,848112,78826,78697,2910,81607,889
2021-03-11,Yolo,113,214977,13097,13041,236,13277,190
2021-03-11,Yuba,115,75493,5614,5553,91,5644,42
2021-03-10,Alameda,001,1643700,82188,81701,1823,83524,1160
2021-03-10,Alpine,003,1148,83,78,0,78,0
2021-03-10,Amador,005,37829,3510,3496,33,3529,42
2021-03-10,Butte,007,227075,11450,11096,1700,12796,185
2021-03-10,Calaveras,009,45235,1951,1913,12,1925,48
2021-03-10,Colusa,011,21464,1881,1882,278,2160,12
2021-03-10,Contra Costa,013,1133247,64340,63372,1150,64522,725
2021-03-10,Del Norte,015,27424,1069,1020,5,1025,5
2021-03-10,El Dorado,017,186661,9228,9203,630,9833,100
2021-03-10,Fresno,019,978130,97664,96866,8205,105071,1471
2021-03-10,Glenn,021,27897,2273,2253,517,2770,15
2021-03-10,Humboldt,023,135768,3326,3296,22,3318,32
2021-03-10,Imperial,025,180216,27291,27051,2669,29720,675
2021-03-10,Inyo,027,18085,1347,1328,1,1329,35
2021-03-10,Kern,029,883053,94191,92965,10369,103334,1102
2021-03-10,Kings,031,150075,22413,22166,1079,23245,226
2021-03-10,Lake,033,64148,3258,3207,6,3213,42
2021-03-10,Lassen,035,31185,5124,5120,103,5223,1
2021-03-10,Los Angeles,037,10098052,1177498,1169079,41232,1210311,22199
2021-03-10,Madera,039,155013,15852,15705,882,16587,212
2021-03-10,Marin,041,260295,13411,13348,191,13539,216
2021-03-10,Mariposa,043,17540,378,376,5,381,5
2021-03-10,Mendocino,045,87422,3681,3602,71,3673,42
2021-03-10,Merced,047,269075,29097,28927,923,29850,401
2021-03-10,Modoc,049,8938,348,338,119,457,3
2021-03-10,Mono,051,14174,1188,1204,13,1217,3
2021-03-10,Monterey,053,433212,42136,41920,1780,43700,329
2021-03-10,Napa,055,140530,9193,9165,32,9197,75
2021-03-10,Nevada,057,99092,4136,4074,167,4241,66
2021-03-10,Orange,059,3164182,249039,247075,10712,257787,4342
2021-03-10,Placer,061,380077,20957,20144,1201,21345,239
2021-03-10,Plumas,063,18699,649,639,11,650,4
2021-03-10,Riverside,065,2383286,285430,280708,13967,294675,3822
2021-03-10,Sacramento,067,1510023,96259,94796,1347,96143,1452
2021-03-10,San Benito,069,59416,5793,5811,96,5907,61
2021-03-10,San Bernardino,071,2135413,287196,283140,8958,292098,3841
2021-03-10,San Diego,073,3302833,267163,264094,13100,277194,3413
2021-03-10,San Francisco,075,870044,34621,34688,1193,35881,450
2021-03-10,San Joaquin,077,732212,67967,66483,3020,69503,1156
2021-03-10,San Luis Obispo,079,281455,19927,19710,608,20318,247
2021-03-10,San Mateo,081,765935,40087,39571,431,40002,338
2021-03-10,Santa Barbara,083,443738,33065,32356,1162,33518,429
2021-03-10,Santa Clara,085,1922200,111908,112103,627,112730,1759
2021-03-10,Santa Cruz,087,273765,15570,14790,844,15634,192
2021-03-10,Shasta,089,179085,11071,11125,1332,12457,155
2021-03-10,Sierra,091,2930,50,48,14,62,0
2021-03-10,Siskiyou,093,43540,1533,1458,259,1717,5
2021-03-10,Solano,095,438530,30265,30111,386,30497,170
2021-03-10,Sonoma,097,501317,28587,28638,233,28871,286
2021-03-10,Stanislaus,099,539301,51524,50968,5671,56639,706
2021-03-10,Sutter,101,95872,8983,8918,86,9004,101
2021-03-10,Tehama,103,63373,4648,4623,520,5143,33
2021-03-10,Trinity,105,12862,392,304,62,366,3
2021-03-10,Tulare,107,460477,48325,47659,8779,56438,793
2021-03-10,Tuolumne,109,53932,3931,3931,33,3964,57
2021-03-10,Ventura,111,848112,78749,78609,2908,81517,878
2021-03-10,Yolo,113,214977,13074,13021,235,13256,189
2021-03-10,Yuba,115,75493,5600,5545,90,5635,42
2021-03-09,Alameda,001,1643700,82102,81618,1823,83441,1151
2021-03-09,Alpine,003,1148,83,78,0,78,0
2021-03-09,Amador,005,37829,3508,3494,33,3527,42
2021-03-09,Butte,007,227075,11437,11092,1698,12790,185
2021-03-09,Calaveras,009,45235,1949,1913,12,1925,48
2021-03-09,Colusa,011,21464,1881,1880,278,2158,11
2021-03-09,Contra Costa,013,1133247,64247,63314,1148,64462,723
2021-03-09,Del Norte,015,27424,1061,1017,5,1022,5
2021-03-09,El Dorado,017,186661,9221,9198,630,9828,98
2021-03-09,Fresno,019,978130,97545,96744,8179,104923,1463
2021-03-09,Glenn,021,27897,2269,2251,515,2766,15
2021-03-09,Humboldt,023,135768,3314,3288,21,3309,32
2021-03-09,Imperial,025,180216,27282,27045,2665,29710,675
2021-03-09,Inyo,027,18085,1345,1324,1,1325,35
2021-03-09,Kern,029,883053,94112,92924,10351,103275,1088
2021-03-09,Kings,031,150075,22388,22143,1077,23220,226
2021-03-09,Lake,033,64148,3252,3202,6,3208,42
2021-03-09,Lassen,035,31185,5124,5120,103,5223,1
2021-03-09,Los Angeles,037,10098052,1176904,1167967,41197,1209164,22080
2021-03-09,Madera,039,155013,15841,15701,880,16581,211
2021-03-09,Marin,041,260295,13393,13335,189,13524,214
2021-03-09,Mariposa,043,17540,378,376,5,381,5
2021-03-09,Mendocino,045,87422,3677,3595,71,3666,42
2021-03-09,Merced,047,269075,29035,28876,921,29797,399
2021-03-09,Modoc,049,8938,348,338,118,456,3
2021-03-09,Mono,051,14174,1187,1203,13,1216,3
2021-03-09,Monterey,053,433212,42118,41894,1771,43665,329
2021-03-09,Napa,055,140530,9179,9155,32,9187,75
2021-03-09,Nevada,057,99092,4128,4062,167,4229,66
2021-03-09,Orange,059,3164182,248897,246989,10691,257680,4310
2021-03-09,Placer,061,380077,20915,20122,1197,21319,239
2021-03-09,Plumas,063,18699,646,639,11,650,4
2021-03-09,Riverside,065,2383286,285301,280562,13961,294523,3821
2021-03-09,Sacramento,067,1510023,96093,94720,1341,96061,1442
2021-03-09,San Benito,069,59416,5789,5800,96,5896,61
2021-03-09,San Bernardino,071,2135413,287083,282971,8951,291922,3823
2021-03-09,San Diego,073,3302833,266931,263745,13079,276824,3405
2021-03-09,San Francisco,075,870044,34590,34654,1189,35843,450
2021-03-09,San Joaquin,077,732212,67839,66383,3010,69393,1150
2021-03-09,San Luis Obispo,079,281455,19909,19672,601,20273,245
2021-03-09,San Mateo,081,765935,40040,39535,429,39964,336
2021-03-09,Santa Barbara,083,443738,33024,32314,1160,33474,428
2021-03-09,Santa Clara,085,1922200,111797,111963,622,112585,1756
2021-03-09,Santa Cruz,087,273765,15549,14764,842,15606,188
2021-03-09,Shasta,089,179085,11065,11113,1326,12439,155
2021-03-09,Sierra,091,2930,50,48,14,62,0
2021-03-09,Siskiyou,093,43540,1529,1447,257,1704,5
2021-03-09,Solano,095,438530,30229,30090,384,30474,169
2021-03-09,Sonoma,097,501317,28537,28601,230,28831,284
2021-03-09,Stanislaus,099,539301,51430,50884,5661,56545,703
2021-03-09,Sutter,101,95872,8970,8914,86,9000,101
2021-03-09,Tehama,103,63373,4640,4620,519,5139,33
2021-03-09,Trinity,105,12862,392,304,62,366,3
2021-03-09,Tulare,107,460477,48299,47637,8756,56393,792
2021-03-09,Tuolumne,109,53932,3929,3929,33,3962,56
2021-03-09,Ventura,111,848112,78679,78526,2905,81431,863
2021-03-09,Yolo,113,214977,13063,13015,234,13249,189
2021-03-09,Yuba,115,75493,5593,5539,90,5629,42
2021-03-08,Alameda,001,1643700,81989,81543,1822,83365,1142
2021-03-08,Alpine,003,1148,83,78,0,78,0
2021-03-08,Amador,005,37829,3505,3490,33,3523,42
2021-03-08,Butte,007,227075,11422,11082,1697,12779,185
2021-03-08,Calaveras,009,45235,1945,1909,12,1921,48
2021-03-08,Colusa,011,21464,1881,1877,278,2155,11
2021-03-08,Contra Costa,013,1133247,64154,63240,1148,64388,719
2021-03-08,Del Norte,015,27424,1056,1012,5,1017,5
2021-03-08,El Dorado,017,186661,9218,9188,629,9817,97
2021-03-08,Fresno,019,978130,97449,96665,8156,104821,1442
2021-03-08,Glenn,021,27897,2268,2249,515,2764,15
2021-03-08,Humboldt,023,135768,3300,3278,21,3299,31
2021-03-08,Imperial,025,180216,27275,27033,2662,29695,663
2021-03-08,Inyo,027,18085,1343,1320,1,1321,35
2021-03-08,Kern,029,883053,94045,92857,10330,103187,1087
2021-03-08,Kings,031,150075,22367,22130,1075,23205,226
2021-03-08,Lake,033,64148,3240,3195,6,3201,42
2021-03-08,Lassen,035,31185,5124,5119,103,5222,1
2021-03-08,Los Angeles,037,10098052,1176288,1163409,41163,1204572,21868
2021-03-08,Madera,039,155013,15831,15691,878,16569,211
2021-03-08,Marin,041,260295,13373,13328,187,13515,214
2021-03-08,Mariposa,043,17540,378,376,5,381,5
2021-03-08,Mendocino,045,87422,3675,3590,70,3660,42
2021-03-08,Merced,047,269075,28975,28841,920,29761,398
2021-03-08,Modoc,049,8938,348,338,118,456,3
2021-03-08,Mono,051,14174,1186,1200,13,1213,3
2021-03-08,Monterey,053,433212,42097,41863,1770,43633,328
2021-03-08,Napa,055,140530,9176,9146,32,9178,75
2021-03-08,Nevada,057,99092,4120,4059,167,4226,66
2021-03-08,Orange,059,3164182,248726,246900,10659,257559,4243
2021-03-08,Placer,061,380077,20880,20102,1186,21288,239
2021-03-08,Plumas,063,18699,645,635,11,646,4
2021-03-08,Riverside,065,2383286,285161,280463,13952,294415,3783
2021-03-08,Sacramento,067,1510023,95923,94654,1336,95990,1438
2021-03-08,San Benito,069,59416,5786,5797,96,5893,61
2021-03-08,San Bernardino,071,2135413,286976,282894,8943,291837,3811
2021-03-08,San Diego,073,3302833,266690,263272,13064,276336,3390
2021-03-08,San Francisco,075,870044,34563,34634,1185,35819,446
2021-03-08,San Joaquin,077,732212,67724,66307,3001,69308,1139
2021-03-08,San Luis Obispo,079,281455,19867,19656,597,20253,245
2021-03-08,San Mateo,081,765935,39991,39492,427,39919,335
2021-03-08,Santa Barbara,083,443738,32992,32293,1160,33453,427
2021-03-08,Santa Clara,085,1922200,111669,111882,620,112502,1756
2021-03-08,Santa Cruz,087,273765,15529,14729,842,15571,188
2021-03-08,Shasta,089,179085,11057,11088,1321,12409,155
2021-03-08,Sierra,091,2930,50,48,14,62,0
2021-03-08,Siskiyou,093,43540,1528,1440,257,1697,5
2021-03-08,Solano,095,438530,30189,30068,382,30450,169
2021-03-08,Sonoma,097,501317,28493,28571,229,28800,284
2021-03-08,Stanislaus,099,539301,51350,50825,5656,56481,690
2021-03-08,Sutter,101,95872,8967,8905,86,8991,100
2021-03-08,Tehama,103,63373,4637,4615,518,5133,33
2021-03-08,Trinity,105,12862,391,302,62,364,3
2021-03-08,Tulare,107,460477,48260,47587,8729,56316,791
2021-03-08,Tuolumne,109,53932,3928,3921,33,3954,56
2021-03-08,Ventura,111,848112,78608,78526,2897,81423,852
2021-03-08,Yolo,113,214977,13040,13000,233,13233,189
2021-03-08,Yuba,115,75493,5583,5530,90,5620,42
2021-03-07,Alameda,001,1643700,81871,81413,1821,83234,1145
2021-03-07,Alpine,003,1148,83,78,0,78,0
2021-03-07,Amador,005,37829,3502,3489,33,3522,42
2021-03-07,Butte,007,227075,11407,11075,1696,12771,185
2021-03-07,Calaveras,009,45235,1941,1906,12,1918,48
2021-03-07,Colusa,011,21464,1880,1876,278,2154,11
2021-03-07,Contra Costa,013,1133247,64056,63148,1145,64293,719
2021-03-07,Del Norte,015,27424,1051,1010,5,1015,5
2021-03-07,El Dorado,017,186661,9216,9184,628,9812,97
2021-03-07,Fresno,019,978130,97275,96549,8131,104680,1442
2021-03-07,Glenn,021,27897,2266,2244,515,2759,15
2021-03-07,Humboldt,023,135768,3290,3274,21,3295,31
2021-03-07,Imperial,025,180216,27266,27019,2660,29679,658
2021-03-07,Inyo,027,18085,1340,1320,1,1321,35
2021-03-07,Kern,029,883053,93959,92746,10299,103045,1086
2021-03-07,Kings,031,150075,22347,22103,1073,23176,224
2021-03-07,Lake,033,64148,3234,3192,6,3198,42
2021-03-07,Lassen,035,31185,5123,5119,103,5222,1
2021-03-07,Los Angeles,037,10098052,1175566,1162749,41124,1203873,21857
2021-03-07,Madera,039,155013,15812,15675,878,16553,211
2021-03-07,Marin,041,260295,13365,13313,185,13498,214
2021-03-07,Mariposa,043,17540,377,376,5,381,5
2021-03-07,Mendocino,045,87422,3672,3581,70,3651,42
2021-03-07,Merced,047,269075,28903,28829,915,29744,399
2021-03-07,Modoc,049,8938,348,338,118,456,3
2021-03-07,Mono,051,14174,1184,1199,13,1212,3
2021-03-07,Monterey,053,433212,42076,41858,1767,43625,328
2021-03-07,Napa,055,140530,9166,9137,32,9169,75
2021-03-07,Nevada,057,99092,4106,4052,166,4218,66
2021-03-07,Orange,059,3164182,248535,246771,10631,257402,4218
2021-03-07,Placer,061,380077,20840,20070,1182,21252,239
2021-03-07,Plumas,063,18699,644,635,11,646,4
2021-03-07,Riverside,065,2383286,285016,280379,13942,294321,3779
2021-03-07,Sacramento,067,1510023,95746,94513,1328,95841,1437
2021-03-07,San Benito,069,59416,5779,5795,96,5891,61
2021-03-07,San Bernardino,071,2135413,286826,282860,8937,291797,3810
2021-03-07,San Diego,073,3302833,266408,262965,13040,276005,3390
2021-03-07,San Francisco,075,870044,34529,34594,1180,35774,445
2021-03-07,San Joaquin,077,732212,67589,66252,2987,69239,1139
2021-03-07,San Luis Obispo,079,281455,19830,19614,595,20209,245
2021-03-07,San Mateo,081,765935,39951,39436,424,39860,329
2021-03-07,Santa Barbara,083,443738,32945,32218,1159,33377,425
2021-03-07,Santa Clara,085,1922200,111523,111745,616,112361,1752
2021-03-07,Santa Cruz,087,273765,15507,14715,841,15556,189
2021-03-07,Shasta,089,179085,11044,11083,1313,12396,156
2021-03-07,Sierra,091,2930,49,48,14,62,0
2021-03-07,Siskiyou,093,43540,1525,1435,253,1688,5
2021-03-07,Solano,095,438530,30152,30027,382,30409,169
2021-03-07,Sonoma,097,501317,28444,28533,227,28760,284
2021-03-07,Stanislaus,099,539301,51218,50783,5638,56421,699
2021-03-07,Sutter,101,95872,8957,8900,86,8986,100
2021-03-07,Tehama,103,63373,4627,4614,515,5129,33
2021-03-07,Trinity,105,12862,391,302,62,364,3
2021-03-07,Tulare,107,460477,48203,47569,8696,56265,790
2021-03-07,Tuolumne,109,53932,3927,3922,33,3955,56
2021-03-07,Ventura,111,848112,78510,78487,2893,81380,851
2021-03-07,Yolo,113,214977,13021,12988,233,13221,189
2021-03-07,Yuba,115,75493,5579,5516,90,5606,42
2021-03-06,Alameda,001,1643700,81817,81310,1820,83130,1143
2021-03-06,Alpine,003,1148,83,78,0,78,0
2021-03-06,Amador,005,37829,3498,3487,33,3520,42
2021-03-06,Butte,007,227075,11404,11065,1695,12760,185
2021-03-06,Calaveras,009,45235,1938,1904,12,1916,48
2021-03-06,Colusa,011,21464,1878,1874,278,2152,11
2021-03-06,Contra Costa,013,1133247,63995,63040,1141,64181,719
2021-03-06,Del Norte,015,27424,1046,1000,5,1005,5
2021-03-06,El Dorado,017,186661,9212,9166,628,9794,97
2021-03-06,Fresno,019,978130,97184,96366,8116,104482,1440
2021-03-06,Glenn,021,27897,2266,2241,515,2756,15
2021-03-06,Humboldt,023,135768,3280,3260,21,3281,31
2021-03-06,Imperial,025,180216,27262,27009,2655,29664,658
2021-03-06,Inyo,027,18085,1337,1312,1,1313,35
2021-03-06,Kern,029,883053,93913,92684,10279,102963,1082
2021-03-06,Kings,031,150075,22330,22094,1073,23167,224
2021-03-06,Lake,033,64148,3232,3189,6,3195,42
2021-03-06,Lassen,035,31185,5123,5119,103,5222,1
2021-03-06,Los Angeles,037,10098052,1175132,1161745,41093,1202838,21843
2021-03-06,Madera,039,155013,15803,15646,876,16522,211
2021-03-06,Marin,041,260295,13356,13289,185,13474,213
2021-03-06,Mariposa,043,17540,377,376,5,381,5
2021-03-06,Mendocino,045,87422,3670,3579,70,3649,42
2021-03-06,Merced,047,269075,28861,28771,915,29686,399
2021-03-06,Modoc,049,8938,347,338,118,456,3
2021-03-06,Mono,051,14174,1183,1198,13,1211,3
2021-03-06,Monterey,053,433212,42071,41838,1764,43602,327
2021-03-06,Napa,055,140530,9158,9129,32,9161,75
2021-03-06,Nevada,057,99092,4100,4044,166,4210,66
2021-03-06,Orange,059,3164182,248444,246634,10617,257251,4165
2021-03-06,Placer,061,380077,20817,20030,1180,21210,239
2021-03-06,Plumas,063,18699,644,634,11,645,4
2021-03-06,Riverside,065,2383286,284925,280225,13933,294158,3781
2021-03-06,Sacramento,067,1510023,95657,94332,1319,95651,1436
2021-03-06,San Benito,069,59416,5774,5793,96,5889,61
2021-03-06,San Bernardino,071,2135413,286742,282737,8935,291672,3791
2021-03-06,San Diego,073,3302833,266220,262778,13024,275802,3385
2021-03-06,San Francisco,075,870044,34498,34560,1175,35735,435
2021-03-06,San Joaquin,077,732212,67515,66162,2976,69138,1138
2021-03-06,San Luis Obispo,079,281455,19811,19592,592,20184,245
2021-03-06,San Mateo,081,765935,39927,39384,424,39808,329
2021-03-06,Santa Barbara,083,443738,32914,32176,1158,33334,424
2021-03-06,Santa Clara,085,1922200,111427,111570,614,112184,1749
2021-03-06,Santa Cruz,087,273765,15496,14701,841,15542,188
2021-03-06,Shasta,089,179085,11035,11076,1311,12387,158
2021-03-06,Sierra,091,2930,49,48,14,62,0
2021-03-06,Siskiyou,093,43540,1523,1432,253,1685,5
2021-03-06,Solano,095,438530,30123,30000,381,30381,169
2021-03-06,Sonoma,097,501317,28421,28484,225,28709,284
2021-03-06,Stanislaus,099,539301,51149,50691,5631,56322,711
2021-03-06,Sutter,101,95872,8951,8887,86,8973,100
2021-03-06,Tehama,103,63373,4627,4610,513,5123,33
2021-03-06,Trinity,105,12862,391,302,62,364,3
2021-03-06,Tulare,107,460477,48171,47515,8666,56181,789
2021-03-06,Tuolumne,109,53932,3925,3920,33,3953,56
2021-03-06,Ventura,111,848112,78455,78439,2892,81331,848
2021-03-06,Yolo,113,214977,13015,12951,233,13184,189
2021-03-06,Yuba,115,75493,5570,5504,90,5594,42
2021-03-05,Alameda,001,1643700,81730,81215,1818,83033,1141
2021-03-05,Alpine,003,1148,83,78,0,78,0
2021-03-05,Amador,005,37829,3497,3484,33,3517,42
2021-03-05,Butte,007,227075,11393,11050,1694,12744,185
2021-03-05,Calaveras,009,45235,1934,1902,12,1914,48
2021-03-05,Colusa,011,21464,1878,1874,278,2152,11
2021-03-05,Contra Costa,013,1133247,63915,62886,1138,64024,711
2021-03-05,Del Norte,015,27424,1042,995,5,1000,5
2021-03-05,El Dorado,017,186661,9207,9150,627,9777,97
2021-03-05,Fresno,019,978130,97078,96184,8095,104279,1432
2021-03-05,Glenn,021,27897,2261,2241,515,2756,15
2021-03-05,Humboldt,023,135768,3273,3234,21,3255,31
2021-03-05,Imperial,025,180216,27252,26970,2646,29616,651
2021-03-05,Inyo,027,18085,1333,1309,1,1310,35
2021-03-05,Kern,029,883053,93874,92601,10265,102866,1076
2021-03-05,Kings,031,150075,22313,22063,1071,23134,224
2021-03-05,Lake,033,64148,3230,3185,6,3191,42
2021-03-05,Lassen,035,31185,5123,5117,101,5218,1
2021-03-05,Los Angeles,037,10098052,1174646,1160688,41059,1201747,21745
2021-03-05,Madera,039,155013,15793,15624,874,16498,211
2021-03-05,Marin,041,260295,13343,13275,184,13459,215
2021-03-05,Mariposa,043,17540,377,375,5,380,4
2021-03-05,Mendocino,045,87422,3667,3577,70,3647,42
2021-03-05,Merced,047,269075,28827,28734,914,29648,399
2021-03-05,Modoc,049,8938,347,337,118,455,3
2021-03-05,Mono,051,14174,1182,1197,13,1210,3
2021-03-05,Monterey,053,433212,42058,41802,1764,43566,325
2021-03-05,Napa,055,140530,9150,9109,32,9141,75
2021-03-05,Nevada,057,99092,4096,4033,166,4199,66
2021-03-05,Orange,059,3164182,248330,246489,10604,257093,4108
2021-03-05,Placer,061,380077,20791,19973,1176,21149,239
2021-03-05,Plumas,063,18699,644,635,11,646,4
2021-03-05,Riverside,065,2383286,284815,280075,13927,294002,3781
2021-03-05,Sacramento,067,1510023,95561,94182,1312,95494,1430
2021-03-05,San Benito,069,59416,5771,5790,96,5886,61
2021-03-05,San Bernardino,071,2135413,286648,282640,8931,291571,3774
2021-03-05,San Diego,073,3302833,265986,262357,13008,275365,3371
2021-03-05,San Francisco,075,870044,34458,34526,1171,35697,430
2021-03-05,San Joaquin,077,732212,67435,66041,2966,69007,1133
2021-03-05,San Luis Obispo,079,281455,19790,19557,590,20147,244
2021-03-05,San Mateo,081,765935,39895,39305,424,39729,326
2021-03-05,Santa Barbara,083,443738,32879,32139,1153,33292,424
2021-03-05,Santa Clara,085,1922200,111331,111384,614,111998,1745
2021-03-05,Santa Cruz,087,273765,15485,14694,841,15535,188
2021-03-05,Shasta,089,179085,11023,11062,1305,12367,148
2021-03-05,Sierra,091,2930,49,48,14,62,0
2021-03-05,Siskiyou,093,43540,1519,1429,252,1681,5
2021-03-05,Solano,095,438530,30106,29951,379,30330,168
2021-03-05,Sonoma,097,501317,28395,28417,225,28642,279
2021-03-05,Stanislaus,099,539301,51098,50606,5621,56227,721
2021-03-05,Sutter,101,95872,8944,8876,86,8962,100
2021-03-05,Tehama,103,63373,4618,4606,513,5119,33
2021-03-05,Trinity,105,12862,391,302,62,364,3
2021-03-05,Tulare,107,460477,48144,47469,8645,56114,789
2021-03-05,Tuolumne,109,53932,3923,3917,33,3950,56
2021-03-05,Ventura,111,848112,78388,78368,2890,81258,839
2021-03-05,Yolo,113,214977,13003,12920,232,13152,188
2021-03-05,Yuba,115,75493,5558,5496,90,5586,42
2021-03-04,Alameda,001,1643700,81619,81115,1818,82933,1136
2021-03-04,Alpine,003,1148,83,78,0,78,0
2021-03-04,Amador,005,37829,3496,3480,33,3513,42
2021-03-04,Butte,007,227075,11386,11033,1693,12726,185
2021-03-04,Calaveras,009,45235,1933,1896,12,1908,48
2021-03-04,Colusa,011,21464,1876,1873,273,2146,11
2021-03-04,Contra Costa,013,1133247,63817,62789,1135,63924,708
2021-03-04,Del Norte,015,27424,1034,989,5,994,5
2021-03-04,El Dorado,017,186661,9192,9133,627,9760,97
2021-03-04,Fresno,019,978130,96916,96023,8077,104100,1422
2021-03-04,Glenn,021,27897,2257,2236,512,2748,15
2021-03-04,Humboldt,023,135768,3260,3212,21,3233,31
2021-03-04,Imperial,025,180216,27241,26946,2642,29588,646
2021-03-04,Inyo,027,18085,1330,1300,1,1301,35
2021-03-04,Kern,029,883053,93787,92525,10245,102770,1070
2021-03-04,Kings,031,150075,22288,22025,1068,23093,224
2021-03-04,Lake,033,64148,3222,3181,6,3187,42
2021-03-04,Lassen,035,31185,5123,5116,101,5217,1
2021-03-04,Los Angeles,037,10098052,1174037,1159405,41010,1200415,21610
2021-03-04,Madera,039,155013,15759,15596,870,16466,208
2021-03-04,Marin,041,260295,13326,13240,181,13421,215
2021-03-04,Mariposa,043,17540,377,376,5,381,4
2021-03-04,Mendocino,045,87422,3664,3569,70,3639,42
2021-03-04,Merced,047,269075,28777,28671,912,29583,396
2021-03-04,Modoc,049,8938,346,336,118,454,3
2021-03-04,Mono,051,14174,1182,1197,13,1210,3
2021-03-04,Monterey,053,433212,42038,41771,1761,43532,325
2021-03-04,Napa,055,140530,9142,9094,32,9126,74
2021-03-04,Nevada,057,99092,4086,4020,166,4186,66
2021-03-04,Orange,059,3164182,248174,246354,10587,256941,4096
2021-03-04,Placer,061,380077,20759,19900,1170,21070,239
2021-03-04,Plumas,063,18699,644,634,11,645,4
2021-03-04,Riverside,065,2383286,284689,279871,13914,293785,3766
2021-03-04,Sacramento,067,1510023,95426,93982,1309,95291,1426
2021-03-04,San Benito,069,59416,5771,5781,96,5877,61
2021-03-04,San Bernardino,071,2135413,286518,282407,8927,291334,3757
2021-03-04,San Diego,073,3302833,265726,261858,12965,274823,3359
2021-03-04,San Francisco,075,870044,34424,34480,1168,35648,426
2021-03-04,San Joaquin,077,732212,67342,65931,2956,68887,1129
2021-03-04,San Luis Obispo,079,281455,19752,19520,588,20108,243
2021-03-04,San Mateo,081,765935,39851,39225,423,39648,322
2021-03-04,Santa Barbara,083,443738,32841,32090,1152,33242,423
2021-03-04,Santa Clara,085,1922200,111198,111194,611,111805,1723
2021-03-04,Santa Cruz,087,273765,15466,14669,841,15510,186
2021-03-04,Shasta,089,179085,11020,11050,1296,12346,150
2021-03-04,Sierra,091,2930,49,48,14,62,0
2021-03-04,Siskiyou,093,43540,1513,1427,252,1679,5
2021-03-04,Solano,095,438530,30079,29905,378,30283,168
2021-03-04,Sonoma,097,501317,28340,28379,224,28603,279
2021-03-04,Stanislaus,099,539301,51009,50521,5613,56134,731
2021-03-04,Sutter,101,95872,8932,8849,86,8935,100
2021-03-04,Tehama,103,63373,4612,4604,513,5117,33
2021-03-04,Trinity,105,12862,391,302,62,364,3
2021-03-04,Tulare,107,460477,48100,47398,8619,56017,784
2021-03-04,Tuolumne,109,53932,3917,3916,33,3949,56
2021-03-04,Ventura,111,848112,78301,78184,2888,81072,831
2021-03-04,Yolo,113,214977,12983,12895,232,13127,189
2021-03-04,Yuba,115,75493,5546,5483,90,5573,41
2021-03-03,Alameda,001,1643700,81499,80972,1816,82788,1127
2021-03-03,Alpine,003,1148,83,77,0,77,0
2021-03-03,Amador,005,37829,3494,3478,32,3510,42
2021-03-03,Butte,007,227075,11379,11014,1692,12706,184
2021-03-03,Calaveras,009,45235,1932,1893,12,1905,48
2021-03-03,Colusa,011,21464,1875,1873,273,2146,11
2021-03-03,Contra Costa,013,1133247,63719,62668,1132,63800,708
2021-03-03,Del Norte,015,27424,1031,988,5,993,5
2021-03-03,El Dorado,017,186661,9182,9121,627,9748,97
2021-03-03,Fresno,019,978130,96772,95893,8059,103952,1415
2021-03-03,Glenn,021,27897,2257,2233,512,2745,15
2021-03-03,Humboldt,023,135768,3249,3196,21,3217,30
2021-03-03,Imperial,025,180216,27224,26939,2637,29576,640
2021-03-03,Inyo,027,18085,1322,1294,1,1295,35
2021-03-03,Kern,029,883053,93712,92434,10227,102661,1063
2021-03-03,Kings,031,150075,22272,22009,1067,23076,223
2021-03-03,Lake,033,64148,3215,3175,6,3181,40
2021-03-03,Lassen,035,31185,5123,5115,101,5216,1
2021-03-03,Los Angeles,037,10098052,1173398,1157911,40969,1198880,21500
2021-03-03,Madera,039,155013,15740,15553,864,16417,203
2021-03-03,Marin,041,260295,13313,13216,181,13397,214
2021-03-03,Mariposa,043,17540,376,376,5,381,4
2021-03-03,Mendocino,045,87422,3656,3564,70,3634,42
2021-03-03,Merced,047,269075,28725,28625,912,29537,393
2021-03-03,Modoc,049,8938,346,333,117,450,3
2021-03-03,Mono,051,14174,1182,1191,13,1204,3
2021-03-03,Monterey,053,433212,42005,41731,1758,43489,325
2021-03-03,Napa,055,140530,9134,9090,32,9122,72
2021-03-03,Nevada,057,99092,4076,4009,166,4175,66
2021-03-03,Orange,059,3164182,248030,246120,10571,256691,4072
2021-03-03,Placer,061,380077,20733,19851,1167,21018,239
2021-03-03,Plumas,063,18699,643,631,11,642,4
2021-03-03,Riverside,065,2383286,284560,279626,13909,293535,3735
2021-03-03,Sacramento,067,1510023,95265,93819,1300,95119,1419
2021-03-03,San Benito,069,59416,5770,5774,96,5870,61
2021-03-03,San Bernardino,071,2135413,286377,282138,8920,291058,3664
2021-03-03,San Diego,073,3302833,265463,261350,12934,274284,3342
2021-03-03,San Francisco,075,870044,34393,34443,1165,35608,426
2021-03-03,San Joaquin,077,732212,67231,65855,2949,68804,1115
2021-03-03,San Luis Obispo,079,281455,19726,19479,585,20064,241
2021-03-03,San Mateo,081,765935,39805,39189,422,39611,319
2021-03-03,Santa Barbara,083,443738,32804,32027,1152,33179,421
2021-03-03,Santa Clara,085,1922200,111043,110991,609,111600,1720
2021-03-03,Santa Cruz,087,273765,15455,14645,841,15486,185
2021-03-03,Shasta,089,179085,11010,11023,1289,12312,150
2021-03-03,Sierra,091,2930,49,48,14,62,0
2021-03-03,Siskiyou,093,43540,1511,1424,252,1676,5
2021-03-03,Solano,095,438530,30043,29866,377,30243,167
2021-03-03,Sonoma,097,501317,28301,28307,223,28530,279
2021-03-03,Stanislaus,099,539301,50932,50438,5605,56043,730
2021-03-03,Sutter,101,95872,8923,8840,86,8926,99
2021-03-03,Tehama,103,63373,4609,4601,513,5114,32
2021-03-03,Trinity,105,12862,391,302,62,364,3
2021-03-03,Tulare,107,460477,48050,47348,8588,55936,778
2021-03-03,Tuolumne,109,53932,3915,3914,32,3946,56
2021-03-03,Ventura,111,848112,78218,78057,2882,80939,822
2021-03-03,Yolo,113,214977,12970,12890,232,13122,189
2021-03-03,Yuba,115,75493,5533,5479,90,5569,41
2021-03-02,Alameda,001,1643700,81381,80904,1814,82718,1116
2021-03-02,Alpine,003,1148,83,77,0,77,0
2021-03-02,Amador,005,37829,3492,3474,32,3506,42
2021-03-02,Butte,007,227075,11369,11007,1690,12697,182
2021-03-02,Calaveras,009,45235,1924,1890,12,1902,48
2021-03-02,Colusa,011,21464,1875,1872,272,2144,11
2021-03-02,Contra Costa,013,1133247,63608,62557,1127,63684,694
2021-03-02,Del Norte,015,27424,1024,983,5,988,5
2021-03-02,El Dorado,017,186661,9174,9116,627,9743,98
2021-03-02,Fresno,019,978130,96627,95785,8031,103816,1410
2021-03-02,Glenn,021,27897,2251,2232,511,2743,15
2021-03-02,Humboldt,023,135768,3230,3184,21,3205,30
2021-03-02,Imperial,025,180216,27214,26926,2635,29561,637
2021-03-02,Inyo,027,18085,1318,1292,1,1293,35
2021-03-02,Kern,029,883053,93607,92313,10198,102511,1046
2021-03-02,Kings,031,150075,22220,21999,1065,23064,217
2021-03-02,Lake,033,64148,3209,3169,6,3175,40
2021-03-02,Lassen,035,31185,5118,5115,100,5215,1
2021-03-02,Los Angeles,037,10098052,1172763,1156826,40922,1197748,21395
2021-03-02,Madera,039,155013,15720,15523,861,16384,194
2021-03-02,Marin,041,260295,13290,13186,180,13366,214
2021-03-02,Mariposa,043,17540,376,376,5,381,4
2021-03-02,Mendocino,045,87422,3653,3562,69,3631,41
2021-03-02,Merced,047,269075,28668,28598,912,29510,389
2021-03-02,Modoc,049,8938,346,332,117,449,3
2021-03-02,Mono,051,14174,1181,1191,13,1204,3
2021-03-02,Monterey,053,433212,41978,41716,1756,43472,325
2021-03-02,Napa,055,140530,9122,9080,32,9112,71
2021-03-02,Nevada,057,99092,4067,3983,164,4147,66
2021-03-02,Orange,059,3164182,247884,246004,10555,256559,4037
2021-03-02,Placer,061,380077,20679,19828,1164,20992,239
2021-03-02,Plumas,063,18699,641,628,11,639,4
2021-03-02,Riverside,065,2383286,284394,279486,13901,293387,3721
2021-03-02,Sacramento,067,1510023,95098,93690,1299,94989,1411
2021-03-02,San Benito,069,59416,5763,5770,96,5866,60
2021-03-02,San Bernardino,071,2135413,286244,281919,8914,290833,3604
2021-03-02,San Diego,073,3302833,265219,260998,12912,273910,3317
2021-03-02,San Francisco,075,870044,34352,34387,1161,35548,424
2021-03-02,San Joaquin,077,732212,67123,65769,2929,68698,1111
2021-03-02,San Luis Obispo,079,281455,19694,19452,584,20036,241
2021-03-02,San Mateo,081,765935,39753,39148,421,39569,317
2021-03-02,Santa Barbara,083,443738,32756,31964,1148,33112,416
2021-03-02,Santa Clara,085,1922200,110864,110832,608,111440,1706
2021-03-02,Santa Cruz,087,273765,15441,14611,839,15450,185
2021-03-02,Shasta,089,179085,10996,11012,1278,12290,149
2021-03-02,Sierra,091,2930,49,48,14,62,0
2021-03-02,Siskiyou,093,43540,1507,1412,250,1662,5
2021-03-02,Solano,095,438530,30010,29827,375,30202,167
2021-03-02,Sonoma,097,501317,28246,28261,223,28484,279
2021-03-02,Stanislaus,099,539301,50845,50359,5591,55950,724
2021-03-02,Sutter,101,95872,8914,8832,86,8918,99
2021-03-02,Tehama,103,63373,4607,4597,513,5110,32
2021-03-02,Trinity,105,12862,391,301,62,363,3
2021-03-02,Tulare,107,460477,47993,47326,8563,55889,783
2021-03-02,Tuolumne,109,53932,3911,3908,32,3940,53
2021-03-02,Ventura,111,848112,78127,77952,2878,80830,780
2021-03-02,Yolo,113,214977,12953,12867,232,13099,189
2021-03-02,Yuba,115,75493,5525,5475,90,5565,41
2021-03-01,Alameda,001,1643700,81254,80805,1812,82617,1105
2021-03-01,Alpine,003,1148,81,77,0,77,0
2021-03-01,Amador,005,37829,3489,3469,32,3501,42
2021-03-01,Butte,007,227075,11353,10981,1685,12666,180
2021-03-01,Calaveras,009,45235,1920,1885,12,1897,46
2021-03-01,Colusa,011,21464,1874,1871,272,2143,11
2021-03-01,Contra Costa,013,1133247,63499,62458,1126,63584,694
2021-03-01,Del Norte,015,27424,1019,982,5,987,5
2021-03-01,El Dorado,017,186661,9150,9085,627,9712,98
2021-03-01,Fresno,019,978130,96489,95677,8009,103686,1405
2021-03-01,Glenn,021,27897,2246,2232,510,2742,15
2021-03-01,Humboldt,023,135768,3211,3179,21,3200,30
2021-03-01,Imperial,025,180216,27204,26913,2627,29540,636
2021-03-01,Inyo,027,18085,1315,1285,1,1286,35
2021-03-01,Kern,029,883053,93518,92219,10171,102390,1041
2021-03-01,Kings,031,150075,22203,21988,1059,23047,217
2021-03-01,Lake,033,64148,3204,3164,6,3170,40
2021-03-01,Lassen,035,31185,5116,5111,100,5211,1
2021-03-01,Los Angeles,037,10098052,1172108,1155984,40880,1196864,21293
2021-03-01,Madera,039,155013,15691,15505,850,16355,194
2021-03-01,Marin,041,260295,13263,13161,179,13340,214
2021-03-01,Mariposa,043,17540,376,375,5,380,4
2021-03-01,Mendocino,045,87422,3646,3561,69,3630,41
2021-03-01,Merced,047,269075,28623,28575,908,29483,385
2021-03-01,Modoc,049,8938,343,331,116,447,3
2021-03-01,Mono,051,14174,1180,1192,13,1205,3
2021-03-01,Monterey,053,433212,41953,41697,1754,43451,324
2021-03-01,Napa,055,140530,9113,9056,32,9088,70
2021-03-01,Nevada,057,99092,4048,3979,164,4143,66
2021-03-01,Orange,059,3164182,247690,245852,10540,256392,3976
2021-03-01,Placer,061,380077,20641,19803,1161,20964,239
2021-03-01,Plumas,063,18699,641,628,11,639,4
2021-03-01,Riverside,065,2383286,284180,279323,13893,293216,3680
2021-03-01,Sacramento,067,1510023,94953,93546,1297,94843,1401
2021-03-01,San Benito,069,59416,5758,5772,96,5868,57
2021-03-01,San Bernardino,071,2135413,286100,281685,8910,290595,3603
2021-03-01,San Diego,073,3302833,264901,260622,12879,273501,3303
2021-03-01,San Francisco,075,870044,34308,34318,1153,35471,424
2021-03-01,San Joaquin,077,732212,67016,65699,2916,68615,1097
2021-03-01,San Luis Obispo,079,281455,19672,19429,582,20011,239
2021-03-01,San Mateo,081,765935,39701,39096,420,39516,314
2021-03-01,Santa Barbara,083,443738,32714,31909,1147,33056,413
2021-03-01,Santa Clara,085,1922200,110706,110684,605,111289,1704
2021-03-01,Santa Cruz,087,273765,15422,14575,838,15413,185
2021-03-01,Shasta,089,179085,10984,10990,1275,12265,149
2021-03-01,Sierra,091,2930,49,48,14,62,0
2021-03-01,Siskiyou,093,43540,1503,1408,248,1656,5
2021-03-01,Solano,095,438530,29967,29779,374,30153,166
2021-03-01,Sonoma,097,501317,28198,28222,221,28443,278
2021-03-01,Stanislaus,099,539301,50770,50293,5585,55878,722
2021-03-01,Sutter,101,95872,8902,8825,86,8911,99
2021-03-01,Tehama,103,63373,4603,4595,513,5108,32
2021-03-01,Trinity,105,12862,391,298,61,359,3
2021-03-01,Tulare,107,460477,47956,47275,8528,55803,781
2021-03-01,Tuolumne,109,53932,3908,3907,32,3939,53
2021-03-01,Ventura,111,848112,78045,77849,2877,80726,775
2021-03-01,Yolo,113,214977,12936,12854,230,13084,188
2021-03-01,Yuba,115,75493,5513,5466,90,5556,41
2021-02-28,Alameda,001,1643700,81131,80727,1810,82537,1105
2021-02-28,Alpine,003,1148,81,77,0,77,0
2021-02-28,Amador,005,37829,3484,3466,31,3497,42
2021-02-28,Butte,007,227075,11338,10970,1685,12655,180
2021-02-28,Calaveras,009,45235,1914,1881,12,1893,46
2021-02-28,Colusa,011,21464,1874,1871,271,2142,11
2021-02-28,Contra Costa,013,1133247,63372,62386,1121,63507,694
2021-02-28,Del Norte,015,27424,1017,981,5,986,5
2021-02-28,El Dorado,017,186661,9139,9082,627,9709,98
2021-02-28,Fresno,019,978130,96310,95548,7975,103523,1405
2021-02-28,Glenn,021,27897,2244,2230,508,2738,15
2021-02-28,Humboldt,023,135768,3188,3179,21,3200,30
2021-02-28,Imperial,025,180216,27178,26909,2620,29529,636
2021-02-28,Inyo,027,18085,1310,1282,1,1283,35
2021-02-28,Kern,029,883053,93403,92169,10150,102319,1012
2021-02-28,Kings,031,150075,22182,21967,1058,23025,217
2021-02-28,Lake,033,64148,3199,3164,6,3170,40
2021-02-28,Lassen,035,31185,5115,5106,100,5206,1
2021-02-28,Los Angeles,037,10098052,1171328,1155141,40816,1195957,21261
2021-02-28,Madera,039,155013,15649,15496,847,16343,199
2021-02-28,Marin,041,260295,13240,13152,177,13329,214
2021-02-28,Mariposa,043,17540,376,374,5,379,4
2021-02-28,Mendocino,045,87422,3640,3558,69,3627,41
2021-02-28,Merced,047,269075,28559,28546,907,29453,384
2021-02-28,Modoc,049,8938,343,331,116,447,3
2021-02-28,Mono,051,14174,1177,1192,13,1205,3
2021-02-28,Monterey,053,433212,41921,41683,1753,43436,323
2021-02-28,Napa,055,140530,9094,9053,32,9085,70
2021-02-28,Nevada,057,99092,4035,3972,164,4136,66
2021-02-28,Orange,059,3164182,247491,245706,10532,256238,3970
2021-02-28,Placer,061,380077,20594,19775,1159,20934,239
2021-02-28,Plumas,063,18699,641,628,11,639,4
2021-02-28,Riverside,065,2383286,283960,279214,13882,293096,3661
2021-02-28,Sacramento,067,1510023,94769,93463,1292,94755,1398
2021-02-28,San Benito,069,59416,5747,5772,96,5868,57
2021-02-28,San Bernardino,071,2135413,285963,281620,8898,290518,3595
2021-02-28,San Diego,073,3302833,264605,260353,12845,273198,3303
2021-02-28,San Francisco,075,870044,34267,34291,1146,35437,417
2021-02-28,San Joaquin,077,732212,66908,65662,2907,68569,1097
2021-02-28,San Luis Obispo,079,281455,19637,19422,579,20001,237
2021-02-28,San Mateo,081,765935,39648,39059,419,39478,314
2021-02-28,Santa Barbara,083,443738,32661,31877,1147,33024,413
2021-02-28,Santa Clara,085,1922200,110508,110556,602,111158,1704
2021-02-28,Santa Cruz,087,273765,15393,14571,835,15406,185
2021-02-28,Shasta,089,179085,10963,10990,1271,12261,149
2021-02-28,Sierra,091,2930,49,48,14,62,0
2021-02-28,Siskiyou,093,43540,1495,1408,247,1655,5
2021-02-28,Solano,095,438530,29911,29758,369,30127,166
2021-02-28,Sonoma,097,501317,28135,28193,220,28413,279
2021-02-28,Stanislaus,099,539301,50679,50228,5572,55800,728
2021-02-28,Sutter,101,95872,8887,8825,86,8911,99
2021-02-28,Tehama,103,63373,4596,4590,513,5103,32
2021-02-28,Trinity,105,12862,391,298,61,359,3
2021-02-28,Tulare,107,460477,47894,47258,8497,55755,780
2021-02-28,Tuolumne,109,53932,3903,3905,32,3937,53
2021-02-28,Ventura,111,848112,77934,77749,2874,80623,775
2021-02-28,Yolo,113,214977,12914,12851,230,13081,188
2021-02-28,Yuba,115,75493,5503,5461,90,5551,41
2021-02-27,Alameda,001,1643700,81058,80565,1808,82373,1108
2021-02-27,Alpine,003,1148,81,77,0,77,0
2021-02-27,Amador,005,37829,3482,3463,31,3494,42
2021-02-27,Butte,007,227075,11326,10962,1685,12647,180
2021-02-27,Calaveras,009,45235,1909,1875,12,1887,46
2021-02-27,Colusa,011,21464,1873,1869,271,2140,11
2021-02-27,Contra Costa,013,1133247,63301,62248,1118,63366,693
2021-02-27,Del Norte,015,27424,1015,978,5,983,5
2021-02-27,El Dorado,017,186661,9135,9072,627,9699,98
2021-02-27,Fresno,019,978130,96236,95393,7961,103354,1400
2021-02-27,Glenn,021,27897,2244,2225,507,2732,15
2021-02-27,Humboldt,023,135768,3182,3167,21,3188,30
2021-02-27,Imperial,025,180216,27170,26903,2619,29522,633
2021-02-27,Inyo,027,18085,1307,1275,1,1276,35
2021-02-27,Kern,029,883053,93342,92053,10135,102188,996
2021-02-27,Kings,031,150075,22172,21955,1055,23010,216
2021-02-27,Lake,033,64148,3196,3156,6,3162,40
2021-02-27,Lassen,035,31185,5115,5106,100,5206,1
2021-02-27,Los Angeles,037,10098052,1170836,1154275,40787,1195062,21158
2021-02-27,Madera,039,155013,15632,15467,846,16313,199
2021-02-27,Marin,041,260295,13216,13134,177,13311,214
2021-02-27,Mariposa,043,17540,376,374,5,379,4
2021-02-27,Mendocino,045,87422,3637,3555,69,3624,41
2021-02-27,Merced,047,269075,28518,28501,898,29399,384
2021-02-27,Modoc,049,8938,343,331,115,446,3
2021-02-27,Mono,051,14174,1175,1191,13,1204,3
2021-02-27,Monterey,053,433212,41912,41665,1753,43418,322
2021-02-27,Napa,055,140530,9083,9038,32,9070,71
2021-02-27,Nevada,057,99092,4029,3960,164,4124,66
2021-02-27,Orange,059,3164182,247364,245542,10520,256062,3960
2021-02-27,Placer,061,380077,20558,19726,1156,20882,239
2021-02-27,Plumas,063,18699,641,628,11,639,4
2021-02-27,Riverside,065,2383286,283851,279048,13872,292920,3663
2021-02-27,Sacramento,067,1510023,94687,93281,1281,94562,1396
2021-02-27,San Benito,069,59416,5746,5767,95,5862,57
2021-02-27,San Bernardino,071,2135413,285884,281471,8891,290362,3527
2021-02-27,San Diego,073,3302833,264415,260091,12807,272898,3284
2021-02-27,San Francisco,075,870044,34234,34260,1143,35403,413
2021-02-27,San Joaquin,077,732212,66862,65578,2905,68483,1100
2021-02-27,San Luis Obispo,079,281455,19616,19411,578,19989,237
2021-02-27,San Mateo,081,765935,39607,38998,418,39416,313
2021-02-27,Santa Barbara,083,443738,32626,31805,1146,32951,411
2021-02-27,Santa Clara,085,1922200,110361,110361,600,110961,1703
2021-02-27,Santa Cruz,087,273765,15384,14552,834,15386,185
2021-02-27,Shasta,089,179085,10957,10985,1267,12252,149
2021-02-27,Sierra,091,2930,49,48,14,62,0
2021-02-27,Siskiyou,093,43540,1493,1407,246,1653,5
2021-02-27,Solano,095,438530,29883,29718,368,30086,165
2021-02-27,Sonoma,097,501317,28091,28141,214,28355,281
2021-02-27,Stanislaus,099,539301,50624,50147,5562,55709,733
2021-02-27,Sutter,101,95872,8882,8820,86,8906,99
2021-02-27,Tehama,103,63373,4593,4584,513,5097,32
2021-02-27,Trinity,105,12862,391,298,61,359,3
2021-02-27,Tulare,107,460477,47857,47209,8470,55679,770
2021-02-27,Tuolumne,109,53932,3900,3899,32,3931,53
2021-02-27,Ventura,111,848112,77862,77623,2871,80494,771
2021-02-27,Yolo,113,214977,12902,12834,230,13064,188
2021-02-27,Yuba,115,75493,5500,5450,90,5540,39
2021-02-26,Alameda,001,1643700,80963,80387,1803,82190,1106
2021-02-26,Alpine,003,1148,81,77,0,77,0
2021-02-26,Amador,005,37829,3476,3457,31,3488,42
2021-02-26,Butte,007,227075,11316,10941,1684,12625,180
2021-02-26,Calaveras,009,45235,1906,1873,12,1885,46
2021-02-26,Colusa,011,21464,1873,1865,271,2136,11
2021-02-26,Contra Costa,013,1133247,63219,62114,1118,63232,685
2021-02-26,Del Norte,015,27424,1011,968,5,973,5
2021-02-26,El Dorado,017,186661,9130,9038,625,9663,98
2021-02-26,Fresno,019,978130,96133,95202,7953,103155,1391
2021-02-26,Glenn,021,27897,2241,2220,507,2727,15
2021-02-26,Humboldt,023,135768,3176,3152,21,3173,30
2021-02-26,Imperial,025,180216,27162,26888,2617,29505,631
2021-02-26,Inyo,027,18085,1305,1271,1,1272,34
2021-02-26,Kern,029,883053,93263,91884,10119,102003,997
2021-02-26,Kings,031,150075,22156,21917,1052,22969,216
2021-02-26,Lake,033,64148,3191,3153,6,3159,40
2021-02-26,Lassen,035,31185,5115,5102,100,5202,1
2021-02-26,Los Angeles,037,10098052,1170265,1153131,40726,1193857,21070
2021-02-26,Madera,039,155013,15616,15436,844,16280,199
2021-02-26,Marin,041,260295,13202,13091,177,13268,214
2021-02-26,Mariposa,043,17540,376,375,5,380,4
2021-02-26,Mendocino,045,87422,3632,3549,69,3618,41
2021-02-26,Merced,047,269075,28485,28455,897,29352,382
2021-02-26,Modoc,049,8938,342,330,115,445,3
2021-02-26,Mono,051,14174,1173,1191,13,1204,3
2021-02-26,Monterey,053,433212,41886,41607,1753,43360,322
2021-02-26,Napa,055,140530,9077,9014,32,9046,70
2021-02-26,Nevada,057,99092,4018,3952,164,4116,66
2021-02-26,Orange,059,3164182,247224,245278,10510,255788,3918
2021-02-26,Placer,061,380077,20532,19712,1150,20862,239
2021-02-26,Plumas,063,18699,641,628,11,639,4
2021-02-26,Riverside,065,2383286,283707,278772,13866,292638,3653
2021-02-26,Sacramento,067,1510023,94564,93180,1278,94458,1390
2021-02-26,San Benito,069,59416,5745,5759,95,5854,57
2021-02-26,San Bernardino,071,2135413,285785,281132,8889,290021,3461
2021-02-26,San Diego,073,3302833,264188,259641,12786,272427,3271
2021-02-26,San Francisco,075,870044,34204,34213,1138,35351,413
2021-02-26,San Joaquin,077,732212,66781,65492,2899,68391,1070
2021-02-26,San Luis Obispo,079,281455,19600,19359,576,19935,234
2021-02-26,San Mateo,081,765935,39561,38922,418,39340,313
2021-02-26,Santa Barbara,083,443738,32582,31724,1145,32869,410
2021-02-26,Santa Clara,085,1922200,110231,110168,598,110766,1700
2021-02-26,Santa Cruz,087,273765,15372,14528,833,15361,185
2021-02-26,Shasta,089,179085,10951,10972,1257,12229,149
2021-02-26,Sierra,091,2930,49,47,14,61,0
2021-02-26,Siskiyou,093,43540,1493,1401,246,1647,5
2021-02-26,Solano,095,438530,29849,29651,367,30018,165
2021-02-26,Sonoma,097,501317,28062,28063,213,28276,280
2021-02-26,Stanislaus,099,539301,50568,50054,5554,55608,737
2021-02-26,Sutter,101,95872,8873,8806,86,8892,99
2021-02-26,Tehama,103,63373,4591,4581,513,5094,32
2021-02-26,Trinity,105,12862,390,298,61,359,3
2021-02-26,Tulare,107,460477,47822,47135,8440,55575,770
2021-02-26,Tuolumne,109,53932,3899,3896,32,3928,53
2021-02-26,Ventura,111,848112,77762,77534,2869,80403,765
2021-02-26,Yolo,113,214977,12895,12816,230,13046,188
2021-02-26,Yuba,115,75493,5495,5438,90,5528,39
2021-02-25,Alameda,001,1643700,80841,80181,1802,81983,1093
2021-02-25,Alpine,003,1148,81,77,0,77,0
2021-02-25,Amador,005,37829,3473,3448,31,3479,41
2021-02-25,Butte,007,227075,11295,10922,1679,12601,178
2021-02-25,Calaveras,009,45235,1898,1868,12,1880,46
2021-02-25,Colusa,011,21464,1870,1863,270,2133,11
2021-02-25,Contra Costa,013,1133247,63117,61910,1118,63028,686
2021-02-25,Del Norte,015,27424,1001,966,5,971,5
2021-02-25,El Dorado,017,186661,9114,9012,625,9637,98
2021-02-25,Fresno,019,978130,95989,95015,7931,102946,1377
2021-02-25,Glenn,021,27897,2238,2219,506,2725,15
2021-02-25,Humboldt,023,135768,3169,3129,21,3150,30
2021-02-25,Imperial,025,180216,27156,26855,2613,29468,628
2021-02-25,Inyo,027,18085,1299,1264,1,1265,33
2021-02-25,Kern,029,883053,93148,91735,10093,101828,992
2021-02-25,Kings,031,150075,22147,21900,1049,22949,216
2021-02-25,Lake,033,64148,3182,3141,6,3147,40
2021-02-25,Lassen,035,31185,5114,5097,99,5196,1
2021-02-25,Los Angeles,037,10098052,1169527,1151846,40667,1192513,20931
2021-02-25,Madera,039,155013,15581,15414,840,16254,194
2021-02-25,Marin,041,260295,13178,13067,177,13244,214
2021-02-25,Mariposa,043,17540,376,375,5,380,4
2021-02-25,Mendocino,045,87422,3627,3542,69,3611,41
2021-02-25,Merced,047,269075,28435,28383,896,29279,382
2021-02-25,Modoc,049,8938,342,329,115,444,3
2021-02-25,Mono,051,14174,1172,1190,13,1203,3
2021-02-25,Monterey,053,433212,41861,41564,1748,43312,321
2021-02-25,Napa,055,140530,9051,8998,32,9030,70
2021-02-25,Nevada,057,99092,4001,3940,163,4103,66
2021-02-25,Orange,059,3164182,247050,245000,10500,255500,3882
2021-02-25,Placer,061,380077,20491,19661,1148,20809,239
2021-02-25,Plumas,063,18699,641,626,11,637,4
2021-02-25,Riverside,065,2383286,283522,278544,13842,292386,3646
2021-02-25,Sacramento,067,1510023,94407,92961,1265,94226,1386
2021-02-25,San Benito,069,59416,5740,5752,95,5847,58
2021-02-25,San Bernardino,071,2135413,285651,280946,8880,289826,3409
2021-02-25,San Diego,073,3302833,263894,258979,12756,271735,3260
2021-02-25,San Francisco,075,870044,34162,34138,1135,35273,408
2021-02-25,San Joaquin,077,732212,66697,65389,2887,68276,1047
2021-02-25,San Luis Obispo,079,281455,19579,19335,574,19909,234
2021-02-25,San Mateo,081,765935,39515,38872,418,39290,300
2021-02-25,Santa Barbara,083,443738,32506,31631,1144,32775,408
2021-02-25,Santa Clara,085,1922200,110067,109923,597,110520,1677
2021-02-25,Santa Cruz,087,273765,15354,14492,831,15323,185
2021-02-25,Shasta,089,179085,10939,10947,1252,12199,148
2021-02-25,Sierra,091,2930,49,47,14,61,0
2021-02-25,Siskiyou,093,43540,1489,1390,243,1633,4
2021-02-25,Solano,095,438530,29817,29616,367,29983,161
2021-02-25,Sonoma,097,501317,28008,28004,210,28214,278
2021-02-25,Stanislaus,099,539301,50479,49964,5543,55507,738
2021-02-25,Sutter,101,95872,8859,8789,85,8874,99
2021-02-25,Tehama,103,63373,4587,4578,511,5089,32
2021-02-25,Trinity,105,12862,390,297,61,358,3
2021-02-25,Tulare,107,460477,47774,47052,8412,55464,765
2021-02-25,Tuolumne,109,53932,3896,3894,32,3926,53
2021-02-25,Ventura,111,848112,77657,77395,2863,80258,751
2021-02-25,Yolo,113,214977,12878,12787,230,13017,188
2021-02-25,Yuba,115,75493,5487,5429,90,5519,39
2021-02-24,Alameda,001,1643700,80721,80070,1798,81868,1082
2021-02-24,Alpine,003,1148,80,77,0,77,0
2021-02-24,Amador,005,37829,3468,3444,31,3475,41
2021-02-24,Butte,007,227075,11283,10915,1675,12590,178
2021-02-24,Calaveras,009,45235,1896,1864,12,1876,31
2021-02-24,Colusa,011,21464,1868,1863,270,2133,11
2021-02-24,Contra Costa,013,1133247,63009,61776,1118,62894,663
2021-02-24,Del Norte,015,27424,1000,960,4,964,5
2021-02-24,El Dorado,017,186661,9102,8993,625,9618,98
2021-02-24,Fresno,019,978130,95842,94794,7914,102708,1369
2021-02-24,Glenn,021,27897,2236,2210,506,2716,14
2021-02-24,Humboldt,023,135768,3157,3123,21,3144,29
2021-02-24,Imperial,025,180216,27141,26843,2609,29452,596
2021-02-24,Inyo,027,18085,1294,1253,1,1254,32
2021-02-24,Kern,029,883053,93015,91525,10077,101602,992
2021-02-24,Kings,031,150075,22123,21871,1046,22917,216
2021-02-24,Lake,033,64148,3175,3134,6,3140,40
2021-02-24,Lassen,035,31185,5110,5095,98,5193,1
2021-02-24,Los Angeles,037,10098052,1168768,1150322,40620,1190942,20817
2021-02-24,Madera,039,155013,15554,15390,840,16230,194
2021-02-24,Marin,041,260295,13155,13044,176,13220,214
2021-02-24,Mariposa,043,17540,376,374,5,379,4
2021-02-24,Mendocino,045,87422,3620,3540,69,3609,41
2021-02-24,Merced,047,269075,28396,28295,893,29188,383
2021-02-24,Modoc,049,8938,341,329,115,444,3
2021-02-24,Mono,051,14174,1170,1189,13,1202,3
2021-02-24,Monterey,053,433212,41836,41495,1746,43241,320
2021-02-24,Napa,055,140530,9034,8976,31,9007,70
2021-02-24,Nevada,057,99092,3991,3927,163,4090,66
2021-02-24,Orange,059,3164182,246833,244743,10486,255229,3835
2021-02-24,Placer,061,380077,20453,19648,1142,20790,239
2021-02-24,Plumas,063,18699,639,626,11,637,4
2021-02-24,Riverside,065,2383286,283301,278293,13832,292125,3603
2021-02-24,Sacramento,067,1510023,94253,92742,1260,94002,1375
2021-02-24,San Benito,069,59416,5739,5743,95,5838,57
2021-02-24,San Bernardino,071,2135413,285501,280583,8876,289459,3360
2021-02-24,San Diego,073,3302833,263600,258460,12740,271200,3230
2021-02-24,San Francisco,075,870044,34117,34061,1131,35192,406
2021-02-24,San Joaquin,077,732212,66587,65274,2884,68158,1019
2021-02-24,San Luis Obispo,079,281455,19556,19309,572,19881,233
2021-02-24,San Mateo,081,765935,39478,38763,417,39180,300
2021-02-24,Santa Barbara,083,443738,32455,31563,1141,32704,405
2021-02-24,Santa Clara,085,1922200,109916,109671,596,110267,1674
2021-02-24,Santa Cruz,087,273765,15333,14458,831,15289,185
2021-02-24,Shasta,089,179085,10925,10922,1249,12171,148
2021-02-24,Sierra,091,2930,49,47,14,61,0
2021-02-24,Siskiyou,093,43540,1482,1385,239,1624,4
2021-02-24,Solano,095,438530,29778,29577,364,29941,158
2021-02-24,Sonoma,097,501317,27944,27954,206,28160,278
2021-02-24,Stanislaus,099,539301,50410,49851,5534,55385,732
2021-02-24,Sutter,101,95872,8849,8778,85,8863,99
2021-02-24,Tehama,103,63373,4583,4566,511,5077,31
2021-02-24,Trinity,105,12862,390,294,60,354,3
2021-02-24,Tulare,107,460477,47720,46976,8382,55358,759
2021-02-24,Tuolumne,109,53932,3893,3887,32,3919,53
2021-02-24,Ventura,111,848112,77549,77238,2862,80100,718
2021-02-24,Yolo,113,214977,12865,12760,226,12986,188
2021-02-24,Yuba,115,75493,5476,5425,88,5513,39
2021-02-23,Alameda,001,1643700,80582,79948,1795,81743,1070
2021-02-23,Alpine,003,1148,79,77,0,77,0
2021-02-23,Amador,005,37829,3466,3440,31,3471,41
2021-02-23,Butte,007,227075,11268,10887,1671,12558,176
2021-02-23,Calaveras,009,45235,1895,1863,12,1875,21
2021-02-23,Colusa,011,21464,1865,1862,270,2132,11
2021-02-23,Contra Costa,013,1133247,62875,61613,1116,62729,661
2021-02-23,Del Norte,015,27424,998,953,4,957,3
2021-02-23,El Dorado,017,186661,9089,8969,625,9594,96
2021-02-23,Fresno,019,978130,95681,94741,7900,102641,1356
2021-02-23,Glenn,021,27897,2234,2209,506,2715,14
2021-02-23,Humboldt,023,135768,3140,3108,21,3129,29
2021-02-23,Imperial,025,180216,27121,26816,2604,29420,591
2021-02-23,Inyo,027,18085,1290,1250,1,1251,32
2021-02-23,Kern,029,883053,92878,91390,10048,101438,982
2021-02-23,Kings,031,150075,22108,21839,1042,22881,216
2021-02-23,Lake,033,64148,3167,3121,6,3127,40
2021-02-23,Lassen,035,31185,5107,5092,98,5190,1
2021-02-23,Los Angeles,037,10098052,1167904,1148965,40563,1189528,19887
2021-02-23,Madera,039,155013,15540,15352,834,16186,193
2021-02-23,Marin,041,260295,13135,13015,175,13190,214
2021-02-23,Mariposa,043,17540,376,374,5,379,4
2021-02-23,Mendocino,045,87422,3618,3540,68,3608,41
2021-02-23,Merced,047,269075,28308,28209,892,29101,381
2021-02-23,Modoc,049,8938,340,328,114,442,3
2021-02-23,Mono,051,14174,1170,1189,13,1202,3
2021-02-23,Monterey,053,433212,41795,41439,1740,43179,317
2021-02-23,Napa,055,140530,9022,8967,31,8998,70
2021-02-23,Nevada,057,99092,3983,3912,163,4075,66
2021-02-23,Orange,059,3164182,246636,244566,10466,255032,3843
2021-02-23,Placer,061,380077,20427,19608,1138,20746,238
2021-02-23,Plumas,063,18699,638,626,11,637,4
2021-02-23,Riverside,065,2383286,283069,278075,13819,291894,3599
2021-02-23,Sacramento,067,1510023,94096,92632,1254,93886,1370
2021-02-23,San Benito,069,59416,5733,5731,94,5825,57
2021-02-23,San Bernardino,071,2135413,285313,280279,8869,289148,3283
2021-02-23,San Diego,073,3302833,263223,257802,12712,270514,3218
2021-02-23,San Francisco,075,870044,34068,33994,1130,35124,405
2021-02-23,San Joaquin,077,732212,66489,65141,2876,68017,1004
2021-02-23,San Luis Obispo,079,281455,19527,19233,571,19804,230
2021-02-23,San Mateo,081,765935,39417,38662,417,39079,299
2021-02-23,Santa Barbara,083,443738,32401,31483,1139,32622,402
2021-02-23,Santa Clara,085,1922200,109720,109449,592,110041,1661
2021-02-23,Santa Cruz,087,273765,15306,14435,827,15262,178
2021-02-23,Shasta,089,179085,10913,10903,1245,12148,146
2021-02-23,Sierra,091,2930,49,47,14,61,0
2021-02-23,Siskiyou,093,43540,1477,1380,237,1617,4
2021-02-23,Solano,095,438530,29738,29545,361,29906,154
2021-02-23,Sonoma,097,501317,27901,27882,203,28085,278
2021-02-23,Stanislaus,099,539301,50333,49749,5517,55266,722
2021-02-23,Sutter,101,95872,8836,8766,85,8851,98
2021-02-23,Tehama,103,63373,4579,4556,510,5066,30
2021-02-23,Trinity,105,12862,390,292,59,351,3
2021-02-23,Tulare,107,460477,47641,46937,8346,55283,757
2021-02-23,Tuolumne,109,53932,3889,3864,32,3896,53
2021-02-23,Ventura,111,848112,77433,77093,2853,79946,689
2021-02-23,Yolo,113,214977,12836,12729,226,12955,188
2021-02-23,Yuba,115,75493,5463,5417,87,5504,38
2021-02-22,Alameda,001,1643700,80431,79796,1792,81588,1062
2021-02-22,Alpine,003,1148,79,77,0,77,0
2021-02-22,Amador,005,37829,3461,3438,31,3469,39
2021-02-22,Butte,007,227075,11256,10855,1665,12520,176
2021-02-22,Calaveras,009,45235,1893,1862,12,1874,21
2021-02-22,Colusa,011,21464,1865,1860,270,2130,11
2021-02-22,Contra Costa,013,1133247,62740,61478,1114,62592,661
2021-02-22,Del Norte,015,27424,997,948,4,952,3
2021-02-22,El Dorado,017,186661,9072,8940,625,9565,96
2021-02-22,Fresno,019,978130,95520,94584,7883,102467,1351
2021-02-22,Glenn,021,27897,2228,2207,504,2711,14
2021-02-22,Humboldt,023,135768,3128,3095,21,3116,29
2021-02-22,Imperial,025,180216,27098,26778,2596,29374,590
2021-02-22,Inyo,027,18085,1285,1248,1,1249,32
2021-02-22,Kern,029,883053,92761,91201,10026,101227,982
2021-02-22,Kings,031,150075,22086,21801,1039,22840,214
2021-02-22,Lake,033,64148,3161,3107,6,3113,40
2021-02-22,Lassen,035,31185,5107,5088,97,5185,1
2021-02-22,Los Angeles,037,10098052,1167032,1147541,40506,1188047,19730
2021-02-22,Madera,039,155013,15515,15325,830,16155,193
2021-02-22,Marin,041,260295,13111,12991,172,13163,213
2021-02-22,Mariposa,043,17540,375,374,5,379,4
2021-02-22,Mendocino,045,87422,3612,3535,68,3603,41
2021-02-22,Merced,047,269075,28240,28166,890,29056,379
2021-02-22,Modoc,049,8938,340,329,114,443,3
2021-02-22,Mono,051,14174,1166,1189,13,1202,3
2021-02-22,Monterey,053,433212,41744,41397,1733,43130,311
2021-02-22,Napa,055,140530,8995,8950,31,8981,69
2021-02-22,Nevada,057,99092,3974,3900,161,4061,66
2021-02-22,Orange,059,3164182,246399,244118,10447,254565,3843
2021-02-22,Placer,061,380077,20391,19587,1130,20717,238
2021-02-22,Plumas,063,18699,638,625,11,636,4
2021-02-22,Riverside,065,2383286,282809,277730,13810,291540,3567
2021-02-22,Sacramento,067,1510023,93929,92476,1244,93720,1359
2021-02-22,San Benito,069,59416,5731,5723,94,5817,57
2021-02-22,San Bernardino,071,2135413,285131,279984,8856,288840,3259
2021-02-22,San Diego,073,3302833,262813,257348,12679,270027,3189
2021-02-22,San Francisco,075,870044,34008,33947,1124,35071,405
2021-02-22,San Joaquin,077,732212,66388,65060,2863,67923,1001
2021-02-22,San Luis Obispo,079,281455,19490,19198,569,19767,229
2021-02-22,San Mateo,081,765935,39360,38542,414,38956,282
2021-02-22,Santa Barbara,083,443738,32336,31421,1136,32557,399
2021-02-22,Santa Clara,085,1922200,109508,109213,581,109794,1655
2021-02-22,Santa Cruz,087,273765,15280,14417,827,15244,176
2021-02-22,Shasta,089,179085,10898,10872,1240,12112,145
2021-02-22,Sierra,091,2930,49,47,14,61,0
2021-02-22,Siskiyou,093,43540,1471,1373,236,1609,4
2021-02-22,Solano,095,438530,29699,29508,360,29868,150
2021-02-22,Sonoma,097,501317,27856,27845,202,28047,278
2021-02-22,Stanislaus,099,539301,50230,49630,5496,55126,722
2021-02-22,Sutter,101,95872,8828,8698,85,8783,98
2021-02-22,Tehama,103,63373,4570,4550,510,5060,30
2021-02-22,Trinity,105,12862,390,287,58,345,3
2021-02-22,Tulare,107,460477,47580,46879,8313,55192,751
2021-02-22,Tuolumne,109,53932,3885,3856,32,3888,53
2021-02-22,Ventura,111,848112,77305,76947,2848,79795,677
2021-02-22,Yolo,113,214977,12809,12689,226,12915,183
2021-02-22,Yuba,115,75493,5460,5404,86,5490,38
2021-02-21,Alameda,001,1643700,80235,79649,1787,81436,1061
2021-02-21,Alpine,003,1148,79,77,0,77,0
2021-02-21,Amador,005,37829,3453,3435,31,3466,39
2021-02-21,Butte,007,227075,11233,10855,1663,12518,176
2021-02-21,Calaveras,009,45235,1892,1860,12,1872,21
2021-02-21,Colusa,011,21464,1864,1860,266,2126,11
2021-02-21,Contra Costa,013,1133247,62575,61364,1111,62475,661
2021-02-21,Del Norte,015,27424,991,942,4,946,3
2021-02-21,El Dorado,017,186661,9054,8927,624,9551,96
2021-02-21,Fresno,019,978130,95380,94374,7864,102238,1349
2021-02-21,Glenn,021,27897,2226,2201,502,2703,14
2021-02-21,Humboldt,023,135768,3116,3096,21,3117,29
2021-02-21,Imperial,025,180216,27079,26779,2592,29371,590
2021-02-21,Inyo,027,18085,1279,1232,1,1233,32
2021-02-21,Kern,029,883053,92636,91141,9987,101128,980
2021-02-21,Kings,031,150075,22051,21784,1037,22821,213
2021-02-21,Lake,033,64148,3153,3100,6,3106,40
2021-02-21,Lassen,035,31185,5099,5077,97,5174,1
2021-02-21,Los Angeles,037,10098052,1166006,1146756,40454,1187210,19711
2021-02-21,Madera,039,155013,15482,15298,827,16125,192
2021-02-21,Marin,041,260295,13081,12968,172,13140,212
2021-02-21,Mariposa,043,17540,375,373,5,378,4
2021-02-21,Mendocino,045,87422,3607,3535,68,3603,41
2021-02-21,Merced,047,269075,28150,28106,878,28984,379
2021-02-21,Modoc,049,8938,337,329,114,443,3
2021-02-21,Mono,051,14174,1166,1189,13,1202,3
2021-02-21,Monterey,053,433212,41689,41373,1722,43095,309
2021-02-21,Napa,055,140530,8980,8929,31,8960,69
2021-02-21,Nevada,057,99092,3961,3895,161,4056,66
2021-02-21,Orange,059,3164182,246100,243985,10429,254414,3801
2021-02-21,Placer,061,380077,20355,19553,1126,20679,238
2021-02-21,Plumas,063,18699,638,625,11,636,4
2021-02-21,Riverside,065,2383286,282578,277555,13797,291352,3564
2021-02-21,Sacramento,067,1510023,93719,92288,1232,93520,1354
2021-02-21,San Benito,069,59416,5721,5716,91,5807,57
2021-02-21,San Bernardino,071,2135413,284884,279870,8841,288711,3247
2021-02-21,San Diego,073,3302833,262378,257027,12634,269661,3190
2021-02-21,San Francisco,075,870044,33943,33891,1120,35011,405
2021-02-21,San Joaquin,077,732212,66239,64997,2850,67847,1001
2021-02-21,San Luis Obispo,079,281455,19458,19178,567,19745,229
2021-02-21,San Mateo,081,765935,39300,38448,410,38858,282
2021-02-21,Santa Barbara,083,443738,32274,31374,1133,32507,399
2021-02-21,Santa Clara,085,1922200,109282,108992,572,109564,1654
2021-02-21,Santa Cruz,087,273765,15257,14401,826,15227,176
2021-02-21,Shasta,089,179085,10883,10867,1235,12102,145
2021-02-21,Sierra,091,2930,49,47,14,61,0
2021-02-21,Siskiyou,093,43540,1465,1371,236,1607,4
2021-02-21,Solano,095,438530,29642,29471,359,29830,150
2021-02-21,Sonoma,097,501317,27790,27793,194,27987,278
2021-02-21,Stanislaus,099,539301,50105,49527,5478,55005,726
2021-02-21,Sutter,101,95872,8810,8687,84,8771,97
2021-02-21,Tehama,103,63373,4558,4547,510,5057,30
2021-02-21,Trinity,105,12862,388,286,58,344,3
2021-02-21,Tulare,107,460477,47513,46830,8276,55106,749
2021-02-21,Tuolumne,109,53932,3871,3828,32,3860,53
2021-02-21,Ventura,111,848112,77157,76862,2834,79696,677
2021-02-21,Yolo,113,214977,12778,12670,226,12896,183
2021-02-21,Yuba,115,75493,5452,5396,85,5481,38
2021-02-20,Alameda,001,1643700,80144,79496,1783,81279,1055
2021-02-20,Alpine,003,1148,79,77,0,77,0
2021-02-20,Amador,005,37829,3451,3432,31,3463,39
2021-02-20,Butte,007,227075,11225,10838,1661,12499,176
2021-02-20,Calaveras,009,45235,1891,1858,12,1870,21
2021-02-20,Colusa,011,21464,1863,1858,266,2124,11
2021-02-20,Contra Costa,013,1133247,62486,61205,1109,62314,663
2021-02-20,Del Norte,015,27424,987,937,4,941,3
2021-02-20,El Dorado,017,186661,9044,8911,624,9535,96
2021-02-20,Fresno,019,978130,95297,94234,7845,102079,1341
2021-02-20,Glenn,021,27897,2223,2199,501,2700,14
2021-02-20,Humboldt,023,135768,3108,3073,21,3094,29
2021-02-20,Imperial,025,180216,27071,26771,2592,29363,590
2021-02-20,Inyo,027,18085,1275,1226,1,1227,32
2021-02-20,Kern,029,883053,92565,91025,9953,100978,968
2021-02-20,Kings,031,150075,22033,21773,1036,22809,212
2021-02-20,Lake,033,64148,3146,3089,6,3095,40
2021-02-20,Lassen,035,31185,5097,5067,97,5164,1
2021-02-20,Los Angeles,037,10098052,1165441,1145594,40410,1186004,19630
2021-02-20,Madera,039,155013,15462,15274,826,16100,191
2021-02-20,Marin,041,260295,13060,12945,170,13115,211
2021-02-20,Mariposa,043,17540,375,372,5,377,4
2021-02-20,Mendocino,045,87422,3605,3533,68,3601,40
2021-02-20,Merced,047,269075,28105,28066,876,28942,379
2021-02-20,Modoc,049,8938,337,328,114,442,3
2021-02-20,Mono,051,14174,1165,1187,13,1200,3
2021-02-20,Monterey,053,433212,41669,41313,1720,43033,309
2021-02-20,Napa,055,140530,8971,8910,31,8941,69
2021-02-20,Nevada,057,99092,3951,3887,160,4047,66
2021-02-20,Orange,059,3164182,245932,243761,10414,254175,3755
2021-02-20,Placer,061,380077,20315,19509,1122,20631,236
2021-02-20,Plumas,063,18699,638,626,11,637,4
2021-02-20,Riverside,065,2383286,282426,277267,13786,291053,3559
2021-02-20,Sacramento,067,1510023,93595,92057,1230,93287,1352
2021-02-20,San Benito,069,59416,5709,5709,91,5800,57
2021-02-20,San Bernardino,071,2135413,284783,279608,8836,288444,3203
2021-02-20,San Diego,073,3302833,262136,256510,12605,269115,3188
2021-02-20,San Francisco,075,870044,33901,33820,1111,34931,399
2021-02-20,San Joaquin,077,732212,66166,64916,2845,67761,1001
2021-02-20,San Luis Obispo,079,281455,19435,19138,565,19703,229
2021-02-20,San Mateo,081,765935,39256,38371,409,38780,282
2021-02-20,Santa Barbara,083,443738,32240,31289,1131,32420,396
2021-02-20,Santa Clara,085,1922200,109106,108728,569,109297,1649
2021-02-20,Santa Cruz,087,273765,15246,14378,824,15202,176
2021-02-20,Shasta,089,179085,10869,10850,1230,12080,146
2021-02-20,Sierra,091,2930,49,47,14,61,0
2021-02-20,Siskiyou,093,43540,1462,1366,236,1602,4
2021-02-20,Solano,095,438530,29627,29440,357,29797,150
2021-02-20,Sonoma,097,501317,27761,27703,192,27895,278
2021-02-20,Stanislaus,099,539301,50050,49445,5465,54910,733
2021-02-20,Sutter,101,95872,8804,8681,84,8765,97
2021-02-20,Tehama,103,63373,4557,4545,510,5055,30
2021-02-20,Trinity,105,12862,387,285,57,342,3
2021-02-20,Tulare,107,460477,47477,46769,8254,55023,739
2021-02-20,Tuolumne,109,53932,3866,3823,32,3855,53
2021-02-20,Ventura,111,848112,77061,76757,2831,79588,671
2021-02-20,Yolo,113,214977,12764,12639,225,12864,183
2021-02-20,Yuba,115,75493,5449,5386,85,5471,38
2021-02-19,Alameda,001,1643700,80039,79318,1779,81097,1047
2021-02-19,Alpine,003,1148,79,77,0,77,0
2021-02-19,Amador,005,37829,3447,3427,31,3458,39
2021-02-19,Butte,007,227075,11215,10823,1656,12479,176
2021-02-19,Calaveras,009,45235,1890,1856,12,1868,21
2021-02-19,Colusa,011,21464,1863,1858,266,2124,11
2021-02-19,Contra Costa,013,1133247,62378,61017,1107,62124,651
2021-02-19,Del Norte,015,27424,982,932,4,936,2
2021-02-19,El Dorado,017,186661,9035,8882,623,9505,96
2021-02-19,Fresno,019,978130,95169,93973,7826,101799,1330
2021-02-19,Glenn,021,27897,2218,2199,500,2699,14
2021-02-19,Humboldt,023,135768,3096,3037,21,3058,29
2021-02-19,Imperial,025,180216,27066,26751,2589,29340,589
2021-02-19,Inyo,027,18085,1270,1212,1,1213,32
2021-02-19,Kern,029,883053,92496,90807,9910,100717,963
2021-02-19,Kings,031,150075,22019,21724,1033,22757,211
2021-02-19,Lake,033,64148,3140,3078,6,3084,40
2021-02-19,Lassen,035,31185,5096,5057,97,5154,1
2021-02-19,Los Angeles,037,10098052,1164696,1143828,40368,1184196,19498
2021-02-19,Madera,039,155013,15445,15222,824,16046,188
2021-02-19,Marin,041,260295,13036,12919,168,13087,210
2021-02-19,Mariposa,043,17540,375,371,5,376,4
2021-02-19,Mendocino,045,87422,3603,3526,68,3594,39
2021-02-19,Merced,047,269075,28074,27985,873,28858,376
2021-02-19,Modoc,049,8938,337,328,114,442,3
2021-02-19,Mono,051,14174,1165,1186,13,1199,3
2021-02-19,Monterey,053,433212,41640,41209,1716,42925,309
2021-02-19,Napa,055,140530,8960,8899,31,8930,69
2021-02-19,Nevada,057,99092,3945,3863,160,4023,66
2021-02-19,Orange,059,3164182,245752,243397,10400,253797,3715
2021-02-19,Placer,061,380077,20293,19457,1122,20579,236
2021-02-19,Plumas,063,18699,636,624,11,635,4
2021-02-19,Riverside,065,2383286,282254,276941,13769,290710,3541
2021-02-19,Sacramento,067,1510023,93474,91815,1226,93041,1351
2021-02-19,San Benito,069,59416,5704,5699,91,5790,57
2021-02-19,San Bernardino,071,2135413,284657,279209,8830,288039,3117
2021-02-19,San Diego,073,3302833,261845,255799,12582,268381,3169
2021-02-19,San Francisco,075,870044,33853,33746,1105,34851,387
2021-02-19,San Joaquin,077,732212,66095,64774,2836,67610,988
2021-02-19,San Luis Obispo,079,281455,19405,19061,563,19624,230
2021-02-19,San Mateo,081,765935,39198,38256,407,38663,282
2021-02-19,Santa Barbara,083,443738,32176,31204,1130,32334,392
2021-02-19,Santa Clara,085,1922200,108893,108400,567,108967,1634
2021-02-19,Santa Cruz,087,273765,15231,14354,824,15178,176
2021-02-19,Shasta,089,179085,10857,10833,1227,12060,140
2021-02-19,Sierra,091,2930,49,47,14,61,0
2021-02-19,Siskiyou,093,43540,1458,1363,234,1597,4
2021-02-19,Solano,095,438530,29596,29383,356,29739,150
2021-02-19,Sonoma,097,501317,27713,27595,190,27785,280
2021-02-19,Stanislaus,099,539301,49989,49282,5449,54731,739
2021-02-19,Sutter,101,95872,8794,8665,84,8749,96
2021-02-19,Tehama,103,63373,4555,4535,510,5045,30
2021-02-19,Trinity,105,12862,386,282,54,336,3
2021-02-19,Tulare,107,460477,47433,46662,8226,54888,736
2021-02-19,Tuolumne,109,53932,3859,3817,31,3848,52
2021-02-19,Ventura,111,848112,76981,76582,2828,79410,667
2021-02-19,Yolo,113,214977,12748,12606,225,12831,183
2021-02-19,Yuba,115,75493,5439,5376,85,5461,38
2021-02-18,Alameda,001,1643700,79893,79111,1772,80883,1012
2021-02-18,Alpine,003,1148,79,77,0,77,0
2021-02-18,Amador,005,37829,3443,3417,30,3447,38
2021-02-18,Butte,007,227075,11197,10791,1653,12444,175
2021-02-18,Calaveras,009,45235,1885,1873,12,1885,21
2021-02-18,Colusa,011,21464,1861,1856,264,2120,11
2021-02-18,Contra Costa,013,1133247,62267,60868,1106,61974,640
2021-02-18,Del Norte,015,27424,977,929,4,933,2
2021-02-18,El Dorado,017,186661,9021,8850,622,9472,94
2021-02-18,Fresno,019,978130,95001,93734,7799,101533,1323
2021-02-18,Glenn,021,27897,2212,2195,500,2695,14
2021-02-18,Humboldt,023,135768,3084,3023,21,3044,29
2021-02-18,Imperial,025,180216,27040,26731,2584,29315,591
2021-02-18,Inyo,027,18085,1266,1213,0,1213,32
2021-02-18,Kern,029,883053,92340,90655,9880,100535,961
2021-02-18,Kings,031,150075,21997,21648,1031,22679,211
2021-02-18,Lake,033,64148,3132,3066,6,3072,40
2021-02-18,Lassen,035,31185,5087,5052,97,5149,1
2021-02-18,Los Angeles,037,10098052,1163741,1141930,40300,1182230,19358
2021-02-18,Madera,039,155013,15424,15175,819,15994,188
2021-02-18,Marin,041,260295,13022,12895,168,13063,209
2021-02-18,Mariposa,043,17540,374,369,5,374,4
2021-02-18,Mendocino,045,87422,3600,3519,67,3586,39
2021-02-18,Merced,047,269075,28024,27870,867,28737,372
2021-02-18,Modoc,049,8938,335,327,113,440,3
2021-02-18,Mono,051,14174,1165,1182,13,1195,3
2021-02-18,Monterey,053,433212,41576,41091,1707,42798,307
2021-02-18,Napa,055,140530,8943,8877,31,8908,68
2021-02-18,Nevada,057,99092,3936,3836,159,3995,66
2021-02-18,Orange,059,3164182,245533,243098,10382,253480,3673
2021-02-18,Placer,061,380077,20266,19429,1121,20550,232
2021-02-18,Plumas,063,18699,636,624,11,635,4
2021-02-18,Riverside,065,2383286,281973,276595,13749,290344,3510
2021-02-18,Sacramento,067,1510023,93313,91476,1220,92696,1334
2021-02-18,San Benito,069,59416,5701,5697,90,5787,58
2021-02-18,San Bernardino,071,2135413,284447,278887,8816,287703,3066
2021-02-18,San Diego,073,3302833,261491,254987,12559,267546,3135
2021-02-18,San Francisco,075,870044,33795,33650,1102,34752,386
2021-02-18,San Joaquin,077,732212,66010,64634,2825,67459,982
2021-02-18,San Luis Obispo,079,281455,19363,18987,560,19547,230
2021-02-18,San Mateo,081,765935,39136,38185,403,38588,282
2021-02-18,Santa Barbara,083,443738,32097,31054,1122,32176,387
2021-02-18,Santa Clara,085,1922200,108667,108210,564,108774,1605
2021-02-18,Santa Cruz,087,273765,15205,14314,824,15138,176
2021-02-18,Shasta,089,179085,10837,10811,1224,12035,139
2021-02-18,Sierra,091,2930,48,47,14,61,0
2021-02-18,Siskiyou,093,43540,1453,1359,233,1592,4
2021-02-18,Solano,095,438530,29569,29349,355,29704,150
2021-02-18,Sonoma,097,501317,27645,27512,189,27701,281
2021-02-18,Stanislaus,099,539301,49892,49150,5434,54584,738
2021-02-18,Sutter,101,95872,8786,8654,84,8738,96
2021-02-18,Tehama,103,63373,4552,4528,509,5037,30
2021-02-18,Trinity,105,12862,385,282,54,336,3
2021-02-18,Tulare,107,460477,47373,46591,8184,54775,728
2021-02-18,Tuolumne,109,53932,3822,3811,31,3842,52
2021-02-18,Ventura,111,848112,76850,76442,2818,79260,659
2021-02-18,Yolo,113,214977,12721,12549,222,12771,183
2021-02-18,Yuba,115,75493,5422,5358,85,5443,38
2021-02-17,Alameda,001,1643700,79730,78895,1770,80665,1002
2021-02-17,Alpine,003,1148,79,77,0,77,0
2021-02-17,Amador,005,37829,3439,3415,30,3445,38
2021-02-17,Butte,007,227075,11179,10770,1650,12420,174
2021-02-17,Calaveras,009,45235,1885,1876,12,1888,21
2021-02-17,Colusa,011,21464,1858,1854,264,2118,10
2021-02-17,Contra Costa,013,1133247,62126,60723,1103,61826,635
2021-02-17,Del Norte,015,27424,971,920,4,924,2
2021-02-17,El Dorado,017,186661,9009,8847,622,9469,94
2021-02-17,Fresno,019,978130,94862,93555,7772,101327,1307
2021-02-17,Glenn,021,27897,2212,2189,499,2688,14
2021-02-17,Humboldt,023,135768,3069,3006,21,3027,29
2021-02-17,Imperial,025,180216,27025,26726,2582,29308,580
2021-02-17,Inyo,027,18085,1258,1197,0,1197,32
2021-02-17,Kern,029,883053,92222,90454,9833,100287,962
2021-02-17,Kings,031,150075,21959,21617,1027,22644,211
2021-02-17,Lake,033,64148,3121,3057,2,3059,38
2021-02-17,Lassen,035,31185,5082,5052,96,5148,1
2021-02-17,Los Angeles,037,10098052,1162693,1139786,40234,1180020,19213
2021-02-17,Madera,039,155013,15398,15135,810,15945,177
2021-02-17,Marin,041,260295,12996,12881,168,13049,207
2021-02-17,Mariposa,043,17540,374,368,4,372,4
2021-02-17,Mendocino,045,87422,3598,3494,66,3560,39
2021-02-17,Merced,047,269075,27970,27824,858,28682,372
2021-02-17,Modoc,049,8938,335,327,113,440,3
2021-02-17,Mono,051,14174,1165,1180,13,1193,3
2021-02-17,Monterey,053,433212,41522,41014,1695,42709,304
2021-02-17,Napa,055,140530,8929,8865,31,8896,68
2021-02-17,Nevada,057,99092,3917,3822,156,3978,52
2021-02-17,Orange,059,3164182,245266,242716,10348,253064,3626
2021-02-17,Placer,061,380077,20233,19405,1117,20522,230
2021-02-17,Plumas,063,18699,635,623,11,634,4
2021-02-17,Riverside,065,2383286,281698,276289,13726,290015,3491
2021-02-17,Sacramento,067,1510023,93156,91309,1213,92522,1326
2021-02-17,San Benito,069,59416,5695,5661,90,5751,57
2021-02-17,San Bernardino,071,2135413,284241,278461,8796,287257,3020
2021-02-17,San Diego,073,3302833,261114,254177,12538,266715,3099
2021-02-17,San Francisco,075,870044,33719,33558,1097,34655,379
2021-02-17,San Joaquin,077,732212,65910,64556,2818,67374,979
2021-02-17,San Luis Obispo,079,281455,19318,18964,560,19524,230
2021-02-17,San Mateo,081,765935,39070,38124,402,38526,282
2021-02-17,Santa Barbara,083,443738,32029,30927,1121,32048,384
2021-02-17,Santa Clara,085,1922200,108435,107949,562,108511,1592
2021-02-17,Santa Cruz,087,273765,15172,14268,821,15089,174
2021-02-17,Shasta,089,179085,10817,10770,1223,11993,139
2021-02-17,Sierra,091,2930,48,47,14,61,0
2021-02-17,Siskiyou,093,43540,1447,1352,230,1582,4
2021-02-17,Solano,095,438530,29513,29288,355,29643,149
2021-02-17,Sonoma,097,501317,27571,27408,184,27592,281
2021-02-17,Stanislaus,099,539301,49783,49050,5417,54467,730
2021-02-17,Sutter,101,95872,8776,8681,84,8765,95
2021-02-17,Tehama,103,63373,4548,4511,508,5019,30
2021-02-17,Trinity,105,12862,385,277,52,329,3
2021-02-17,Tulare,107,460477,47312,46495,8153,54648,726
2021-02-17,Tuolumne,109,53932,3813,3806,31,3837,49
2021-02-17,Ventura,111,848112,76725,76234,2811,79045,646
2021-02-17,Yolo,113,214977,12704,12506,220,12726,182
2021-02-17,Yuba,115,75493,5413,5345,85,5430,38
2021-02-16,Alameda,001,1643700,79555,78756,1766,80522,997
2021-02-16,Alpine,003,1148,79,76,0,76,0
2021-02-16,Amador,005,37829,3432,3413,30,3443,39
2021-02-16,Butte,007,227075,11152,10748,1647,12395,164
2021-02-16,Calaveras,009,45235,1883,1872,12,1884,21
2021-02-16,Colusa,011,21464,1855,1852,262,2114,10
2021-02-16,Contra Costa,013,1133247,61978,60564,1098,61662,631
2021-02-16,Del Norte,015,27424,963,913,4,917,2
2021-02-16,El Dorado,017,186661,8999,8836,621,9457,94
2021-02-16,Fresno,019,978130,94700,93363,7741,101104,1293
2021-02-16,Glenn,021,27897,2203,2189,494,2683,14
2021-02-16,Humboldt,023,135768,3046,2994,21,3015,29
2021-02-16,Imperial,025,180216,27012,26711,2578,29289,580
2021-02-16,Inyo,027,18085,1250,1191,0,1191,32
2021-02-16,Kern,029,883053,92090,90267,9800,100067,959
2021-02-16,Kings,031,150075,21913,21583,1023,22606,206
2021-02-16,Lake,033,64148,3112,3041,2,3043,38
2021-02-16,Lassen,035,31185,5070,5047,96,5143,1
2021-02-16,Los Angeles,037,10098052,1161448,1138262,40171,1178433,19044
2021-02-16,Madera,039,155013,15359,15120,806,15926,172
2021-02-16,Marin,041,260295,12972,12832,168,13000,205
2021-02-16,Mariposa,043,17540,374,367,4,371,4
2021-02-16,Mendocino,045,87422,3594,3489,66,3555,39
2021-02-16,Merced,047,269075,27898,27724,851,28575,368
2021-02-16,Modoc,049,8938,335,326,113,439,3
2021-02-16,Mono,051,14174,1165,1180,13,1193,3
2021-02-16,Monterey,053,433212,41448,40962,1686,42648,303
2021-02-16,Napa,055,140530,8916,8854,31,8885,66
2021-02-16,Nevada,057,99092,3904,3774,155,3929,47
2021-02-16,Orange,059,3164182,244943,242382,10331,252713,3612
2021-02-16,Placer,061,380077,20201,19367,1114,20481,230
2021-02-16,Plumas,063,18699,635,619,11,630,4
2021-02-16,Riverside,065,2383286,281395,275954,13703,289657,3471
2021-02-16,Sacramento,067,1510023,92902,91246,1207,92453,1305
2021-02-16,San Benito,069,59416,5687,5659,89,5748,56
2021-02-16,San Bernardino,071,2135413,284019,277947,8785,286732,2978
2021-02-16,San Diego,073,3302833,260652,253638,12500,266138,3042
2021-02-16,San Francisco,075,870044,33648,33491,1092,34583,373
2021-02-16,San Joaquin,077,732212,65790,64448,2814,67262,979
2021-02-16,San Luis Obispo,079,281455,19273,18925,557,19482,229
2021-02-16,San Mateo,081,765935,39011,38041,400,38441,277
2021-02-16,Santa Barbara,083,443738,31955,30865,1117,31982,378
2021-02-16,Santa Clara,085,1922200,108183,107754,559,108313,1591
2021-02-16,Santa Cruz,087,273765,15152,14256,819,15075,174
2021-02-16,Shasta,089,179085,10801,10736,1221,11957,139
2021-02-16,Sierra,091,2930,48,47,14,61,0
2021-02-16,Siskiyou,093,43540,1443,1351,230,1581,4
2021-02-16,Solano,095,438530,29473,29246,354,29600,148
2021-02-16,Sonoma,097,501317,27509,27380,178,27558,279
2021-02-16,Stanislaus,099,539301,49665,48927,5400,54327,716
2021-02-16,Sutter,101,95872,8753,8671,84,8755,95
2021-02-16,Tehama,103,63373,4539,4501,507,5008,30
2021-02-16,Trinity,105,12862,381,275,52,327,3
2021-02-16,Tulare,107,460477,47247,46444,8107,54551,716
2021-02-16,Tuolumne,109,53932,3811,3796,31,3827,49
2021-02-16,Ventura,111,848112,76580,76043,2807,78850,631
2021-02-16,Yolo,113,214977,12673,12457,220,12677,175
2021-02-16,Yuba,115,75493,5406,5332,84,5416,38
2021-02-15,Alameda,001,1643700,79356,78647,1755,80402,996
2021-02-15,Alpine,003,1148,79,76,0,76,0
2021-02-15,Amador,005,37829,3428,3409,30,3439,39
2021-02-15,Butte,007,227075,11134,10723,1643,12366,155
2021-02-15,Calaveras,009,45235,1879,1871,12,1883,21
2021-02-15,Colusa,011,21464,1855,1849,258,2107,10
2021-02-15,Contra Costa,013,1133247,61803,60444,1091,61535,631
2021-02-15,Del Norte,015,27424,959,913,4,917,2
2021-02-15,El Dorado,017,186661,8982,8816,621,9437,94
2021-02-15,Fresno,019,978130,94501,93231,7702,100933,1288
2021-02-15,Glenn,021,27897,2200,2185,491,2676,14
2021-02-15,Humboldt,023,135768,3039,2997,21,3018,29
2021-02-15,Imperial,025,180216,26994,26700,2573,29273,580
2021-02-15,Inyo,027,18085,1231,1184,0,1184,32
2021-02-15,Kern,029,883053,91946,90181,9767,99948,959
2021-02-15,Kings,031,150075,21868,21574,1019,22593,205
2021-02-15,Lake,033,64148,3098,3030,1,3031,38
2021-02-15,Lassen,035,31185,5068,5047,95,5142,1
2021-02-15,Los Angeles,037,10098052,1160059,1137164,40107,1177271,18925
2021-02-15,Madera,039,155013,15328,15108,805,15913,106
2021-02-15,Marin,041,260295,12952,12810,165,12975,203
2021-02-15,Mariposa,043,17540,372,367,4,371,4
2021-02-15,Mendocino,045,87422,3582,3481,66,3547,39
2021-02-15,Merced,047,269075,27823,27656,844,28500,368
2021-02-15,Modoc,049,8938,335,326,113,439,3
2021-02-15,Mono,051,14174,1162,1178,13,1191,3
2021-02-15,Monterey,053,433212,41387,40911,1672,42583,302
2021-02-15,Napa,055,140530,8902,8837,31,8868,57
2021-02-15,Nevada,057,99092,3887,3767,154,3921,47
2021-02-15,Orange,059,3164182,244625,242176,10303,252479,3586
2021-02-15,Placer,061,380077,20175,19361,1113,20474,230
2021-02-15,Plumas,063,18699,635,620,11,631,4
2021-02-15,Riverside,065,2383286,281049,275771,13688,289459,3468
2021-02-15,Sacramento,067,1510023,92575,91091,1202,92293,1304
2021-02-15,San Benito,069,59416,5678,5649,89,5738,56
2021-02-15,San Bernardino,071,2135413,283764,277869,8777,286646,2945
2021-02-15,San Diego,073,3302833,260138,252940,12469,265409,3037
2021-02-15,San Francisco,075,870044,33575,33454,1084,34538,373
2021-02-15,San Joaquin,077,732212,65625,64382,2807,67189,979
2021-02-15,San Luis Obispo,079,281455,19220,18891,555,19446,227
2021-02-15,San Mateo,081,765935,38934,37969,397,38366,277
2021-02-15,Santa Barbara,083,443738,31853,30810,1114,31924,378
2021-02-15,Santa Clara,085,1922200,107949,107630,557,108187,1588
2021-02-15,Santa Cruz,087,273765,15120,14239,816,15055,175
2021-02-15,Shasta,089,179085,10781,10730,1216,11946,139
2021-02-15,Sierra,091,2930,48,47,14,61,0
2021-02-15,Siskiyou,093,43540,1435,1345,229,1574,4
2021-02-15,Solano,095,438530,29418,29225,354,29579,148
2021-02-15,Sonoma,097,501317,27424,27359,174,27533,276
2021-02-15,Stanislaus,099,539301,49541,48808,5386,54194,716
2021-02-15,Sutter,101,95872,8738,8652,84,8736,95
2021-02-15,Tehama,103,63373,4528,4492,505,4997,30
2021-02-15,Trinity,105,12862,380,274,52,326,3
2021-02-15,Tulare,107,460477,47174,46344,8067,54411,715
2021-02-15,Tuolumne,109,53932,3801,3794,31,3825,49
2021-02-15,Ventura,111,848112,76424,75889,2804,78693,629
2021-02-15,Yolo,113,214977,12637,12412,213,12625,175
2021-02-15,Yuba,115,75493,5389,5320,83,5403,38
2021-02-14,Alameda,001,1643700,79200,78442,1754,80196,995
2021-02-14,Alpine,003,1148,79,76,0,76,0
2021-02-14,Amador,005,37829,3423,3398,30,3428,39
2021-02-14,Butte,007,227075,11110,10717,1638,12355,155
2021-02-14,Calaveras,009,45235,1876,1866,12,1878,21
2021-02-14,Colusa,011,21464,1851,1845,255,2100,10
2021-02-14,Contra Costa,013,1133247,61655,60272,1088,61360,631
2021-02-14,Del Norte,015,27424,955,911,4,915,2
2021-02-14,El Dorado,017,186661,8951,8790,619,9409,94
2021-02-14,Fresno,019,978130,94332,93065,7677,100742,1287
2021-02-14,Glenn,021,27897,2198,2184,491,2675,14
2021-02-14,Humboldt,023,135768,3026,2992,21,3013,29
2021-02-14,Imperial,025,180216,26986,26696,2572,29268,580
2021-02-14,Inyo,027,18085,1225,1177,0,1177,32
2021-02-14,Kern,029,883053,91788,90038,9712,99750,959
2021-02-14,Kings,031,150075,21842,21538,1017,22555,205
2021-02-14,Lake,033,64148,3089,3030,1,3031,38
2021-02-14,Lassen,035,31185,5064,5037,95,5132,1
2021-02-14,Los Angeles,037,10098052,1158721,1135450,40019,1175469,18898
2021-02-14,Madera,039,155013,15296,15089,801,15890,106
2021-02-14,Marin,041,260295,12928,12784,165,12949,201
2021-02-14,Mariposa,043,17540,372,365,4,369,4
2021-02-14,Mendocino,045,87422,3577,3475,66,3541,39
2021-02-14,Merced,047,269075,27746,27601,838,28439,368
2021-02-14,Modoc,049,8938,335,326,113,439,3
2021-02-14,Mono,051,14174,1161,1180,13,1193,3
2021-02-14,Monterey,053,433212,41337,40842,1668,42510,302
2021-02-14,Napa,055,140530,8882,8826,31,8857,57
2021-02-14,Nevada,057,99092,3871,3761,154,3915,47
2021-02-14,Orange,059,3164182,244315,241859,10282,252141,3564
2021-02-14,Placer,061,380077,20136,19313,1108,20421,230
2021-02-14,Plumas,063,18699,634,620,11,631,4
2021-02-14,Riverside,065,2383286,280733,275518,13668,289186,3471
2021-02-14,Sacramento,067,1510023,92368,90856,1198,92054,1304
2021-02-14,San Benito,069,59416,5670,5641,88,5729,56
2021-02-14,San Bernardino,071,2135413,283448,277664,8758,286422,2929
2021-02-14,San Diego,073,3302833,259646,252247,12421,264668,3037
2021-02-14,San Francisco,075,870044,33502,33374,1075,34449,372
2021-02-14,San Joaquin,077,732212,65526,64243,2793,67036,979
2021-02-14,San Luis Obispo,079,281455,19182,18868,552,19420,225
2021-02-14,San Mateo,081,765935,38850,37859,397,38256,277
2021-02-14,Santa Barbara,083,443738,31761,30744,1110,31854,377
2021-02-14,Santa Clara,085,1922200,107748,107412,553,107965,1582
2021-02-14,Santa Cruz,087,273765,15092,14225,811,15036,175
2021-02-14,Shasta,089,179085,10750,10720,1210,11930,139
2021-02-14,Sierra,091,2930,48,47,14,61,0
2021-02-14,Siskiyou,093,43540,1431,1340,229,1569,4
2021-02-14,Solano,095,438530,29380,29150,350,29500,148
2021-02-14,Sonoma,097,501317,27347,27266,172,27438,276
2021-02-14,Stanislaus,099,539301,49434,48672,5370,54042,716
2021-02-14,Sutter,101,95872,8715,8642,84,8726,95
2021-02-14,Tehama,103,63373,4520,4490,503,4993,30
2021-02-14,Trinity,105,12862,380,272,52,324,3
2021-02-14,Tulare,107,460477,47099,46263,8012,54275,715
2021-02-14,Tuolumne,109,53932,3800,3764,31,3795,49
2021-02-14,Ventura,111,848112,76249,75742,2793,78535,629
2021-02-14,Yolo,113,214977,12608,12399,212,12611,175
2021-02-14,Yuba,115,75493,5379,5314,83,5397,38
2021-02-13,Alameda,001,1643700,79082,78246,1751,79997,995
2021-02-13,Alpine,003,1148,79,76,0,76,0
2021-02-13,Amador,005,37829,3420,3387,30,3417,38
2021-02-13,Butte,007,227075,11094,10699,1637,12336,155
2021-02-13,Calaveras,009,45235,1872,1863,12,1875,21
2021-02-13,Colusa,011,21464,1851,1837,255,2092,10
2021-02-13,Contra Costa,013,1133247,61535,60100,1088,61188,629
2021-02-13,Del Norte,015,27424,953,908,4,912,2
2021-02-13,El Dorado,017,186661,8940,8758,618,9376,93
2021-02-13,Fresno,019,978130,94220,92807,7653,100460,1287
2021-02-13,Glenn,021,27897,2197,2182,491,2673,14
2021-02-13,Humboldt,023,135768,3013,2974,20,2994,29
2021-02-13,Imperial,025,180216,26979,26680,2570,29250,580
2021-02-13,Inyo,027,18085,1221,1168,0,1168,32
2021-02-13,Kern,029,883053,91699,89915,9687,99602,957
2021-02-13,Kings,031,150075,21827,21513,1015,22528,205
2021-02-13,Lake,033,64148,3083,3025,1,3026,37
2021-02-13,Lassen,035,31185,5061,5028,95,5123,1
2021-02-13,Los Angeles,037,10098052,1157862,1133752,39972,1173724,18822
2021-02-13,Madera,039,155013,15287,15053,796,15849,106
2021-02-13,Marin,041,260295,12907,12757,165,12922,201
2021-02-13,Mariposa,043,17540,372,365,4,369,4
2021-02-13,Mendocino,045,87422,3567,3466,66,3532,38
2021-02-13,Merced,047,269075,27702,27541,835,28376,368
2021-02-13,Modoc,049,8938,335,325,113,438,3
2021-02-13,Mono,051,14174,1161,1176,13,1189,3
2021-02-13,Monterey,053,433212,41306,40731,1666,42397,301
2021-02-13,Napa,055,140530,8873,8809,31,8840,57
2021-02-13,Nevada,057,99092,3862,3742,153,3895,47
2021-02-13,Orange,059,3164182,244111,241545,10261,251806,3520
2021-02-13,Placer,061,380077,20116,19214,1108,20322,230
2021-02-13,Plumas,063,18699,634,616,11,627,4
2021-02-13,Riverside,065,2383286,280503,275276,13658,288934,3462
2021-02-13,Sacramento,067,1510023,92201,90401,1195,91596,1302
2021-02-13,San Benito,069,59416,5656,5633,88,5721,56
2021-02-13,San Bernardino,071,2135413,283296,277405,8746,286151,2899
2021-02-13,San Diego,073,3302833,259315,251679,12409,264088,3009
2021-02-13,San Francisco,075,870044,33453,33291,1064,34355,364
2021-02-13,San Joaquin,077,732212,65458,64105,2783,66888,977
2021-02-13,San Luis Obispo,079,281455,19154,18803,546,19349,225
2021-02-13,San Mateo,081,765935,38797,37745,397,38142,277
2021-02-13,Santa Barbara,083,443738,31710,30594,1108,31702,374
2021-02-13,Santa Clara,085,1922200,107563,107125,549,107674,1570
2021-02-13,Santa Cruz,087,273765,15065,14198,810,15008,173
2021-02-13,Shasta,089,179085,10738,10713,1205,11918,139
2021-02-13,Sierra,091,2930,48,47,14,61,0
2021-02-13,Siskiyou,093,43540,1428,1336,229,1565,4
2021-02-13,Solano,095,438530,29344,29084,350,29434,148
2021-02-13,Sonoma,097,501317,27301,27157,170,27327,276
2021-02-13,Stanislaus,099,539301,49365,48568,5364,53932,697
2021-02-13,Sutter,101,95872,8703,8626,84,8710,94
2021-02-13,Tehama,103,63373,4511,4484,502,4986,30
2021-02-13,Trinity,105,12862,379,272,51,323,3
2021-02-13,Tulare,107,460477,47055,46162,7975,54137,709
2021-02-13,Tuolumne,109,53932,3799,3752,31,3783,49
2021-02-13,Ventura,111,848112,76112,75481,2787,78268,618
2021-02-13,Yolo,113,214977,12596,12374,211,12585,175
2021-02-13,Yuba,115,75493,5371,5289,83,5372,38
2021-02-12,Alameda,001,1643700,78947,77958,1745,79703,974
2021-02-12,Alpine,003,1148,79,76,0,76,0
2021-02-12,Amador,005,37829,3416,3381,30,3411,38
2021-02-12,Butte,007,227075,11079,10655,1630,12285,155
2021-02-12,Calaveras,009,45235,1869,1860,12,1872,21
2021-02-12,Colusa,011,21464,1851,1836,255,2091,10
2021-02-12,Contra Costa,013,1133247,61385,59878,1084,60962,620
2021-02-12,Del Norte,015,27424,943,901,4,905,2
2021-02-12,El Dorado,017,186661,8924,8725,615,9340,92
2021-02-12,Fresno,019,978130,94066,92520,7632,100152,1273
2021-02-12,Glenn,021,27897,2194,2175,491,2666,14
2021-02-12,Humboldt,023,135768,3005,2961,20,2981,29
2021-02-12,Imperial,025,180216,26970,26646,2568,29214,585
2021-02-12,Inyo,027,18085,1215,1156,0,1156,32
2021-02-12,Kern,029,883053,91589,89532,9651,99183,949
2021-02-12,Kings,031,150075,21796,21462,1009,22471,202
2021-02-12,Lake,033,64148,3079,3012,1,3013,36
2021-02-12,Lassen,035,31185,5059,5015,95,5110,1
2021-02-12,Los Angeles,037,10098052,1156659,1131185,39902,1171087,18637
2021-02-12,Madera,039,155013,15260,15022,793,15815,106
2021-02-12,Marin,041,260295,12881,12720,165,12885,200
2021-02-12,Mariposa,043,17540,371,365,4,369,4
2021-02-12,Mendocino,045,87422,3565,3447,66,3513,38
2021-02-12,Merced,047,269075,27651,27453,832,28285,367
2021-02-12,Modoc,049,8938,335,324,113,437,3
2021-02-12,Mono,051,14174,1160,1172,13,1185,3
2021-02-12,Monterey,053,433212,41259,40633,1657,42290,297
2021-02-12,Napa,055,140530,8861,8785,31,8816,55
2021-02-12,Nevada,057,99092,3857,3728,153,3881,47
2021-02-12,Orange,059,3164182,243872,241075,10245,251320,3505
2021-02-12,Placer,061,380077,20074,19174,1103,20277,230
2021-02-12,Plumas,063,18699,633,614,11,625,4
2021-02-12,Riverside,065,2383286,280229,274792,13640,288432,3438
2021-02-12,Sacramento,067,1510023,91998,90252,1194,91446,1295
2021-02-12,San Benito,069,59416,5640,5622,87,5709,56
2021-02-12,San Bernardino,071,2135413,283103,276890,8734,285624,2827
2021-02-12,San Diego,073,3302833,258932,250788,12383,263171,2979
2021-02-12,San Francisco,075,870044,33394,33179,1060,34239,359
2021-02-12,San Joaquin,077,732212,65364,63966,2775,66741,975
2021-02-12,San Luis Obispo,079,281455,19113,18687,545,19232,224
2021-02-12,San Mateo,081,765935,38725,37560,397,37957,254
2021-02-12,Santa Barbara,083,443738,31639,30454,1103,31557,372
2021-02-12,Santa Clara,085,1922200,107394,106759,546,107305,1543
2021-02-12,Santa Cruz,087,273765,15045,14147,810,14957,170
2021-02-12,Shasta,089,179085,10720,10693,1195,11888,142
2021-02-12,Sierra,091,2930,47,45,14,59,0
2021-02-12,Siskiyou,093,43540,1424,1324,226,1550,4
2021-02-12,Solano,095,438530,29312,28996,347,29343,147
2021-02-12,Sonoma,097,501317,27247,27064,166,27230,275
2021-02-12,Stanislaus,099,539301,49282,48418,5339,53757,697
2021-02-12,Sutter,101,95872,8689,8609,84,8693,93
2021-02-12,Tehama,103,63373,4503,4470,501,4971,27
2021-02-12,Trinity,105,12862,379,269,51,320,3
2021-02-12,Tulare,107,460477,46977,46016,7948,53964,710
2021-02-12,Tuolumne,109,53932,3797,3736,30,3766,49
2021-02-12,Ventura,111,848112,75945,75210,2779,77989,605
2021-02-12,Yolo,113,214977,12576,12340,211,12551,175
2021-02-12,Yuba,115,75493,5363,5274,83,5357,38
2021-02-11,Alameda,001,1643700,78719,77564,1740,79304,960
2021-02-11,Alpine,003,1148,78,76,0,76,0
2021-02-11,Amador,005,37829,3412,3368,30,3398,35
2021-02-11,Butte,007,227075,11055,10624,1628,12252,155
2021-02-11,Calaveras,009,45235,1866,1856,12,1868,21
2021-02-11,Colusa,011,21464,1846,1823,253,2076,10
2021-02-11,Contra Costa,013,1133247,61218,59633,1080,60713,605
2021-02-11,Del Norte,015,27424,938,894,4,898,2
2021-02-11,El Dorado,017,186661,8903,8698,615,9313,92
2021-02-11,Fresno,019,978130,93912,92168,7606,99774,1255
2021-02-11,Glenn,021,27897,2192,2166,489,2655,14
2021-02-11,Humboldt,023,135768,2992,2954,19,2973,29
2021-02-11,Imperial,025,180216,26947,26545,2566,29111,578
2021-02-11,Inyo,027,18085,1206,1144,0,1144,32
2021-02-11,Kern,029,883053,91401,89224,9604,98828,941
2021-02-11,Kings,031,150075,21766,21373,1006,22379,202
2021-02-11,Lake,033,64148,3069,3002,1,3003,36
2021-02-11,Lassen,035,31185,5048,5004,92,5096,1
2021-02-11,Los Angeles,037,10098052,1155032,1128437,39831,1168268,18500
2021-02-11,Madera,039,155013,15239,14984,791,15775,106
2021-02-11,Marin,041,260295,12844,12682,165,12847,200
2021-02-11,Mariposa,043,17540,371,361,4,365,4
2021-02-11,Mendocino,045,87422,3558,3420,66,3486,38
2021-02-11,Merced,047,269075,27586,27325,828,28153,363
2021-02-11,Modoc,049,8938,334,317,113,430,3
2021-02-11,Mono,051,14174,1156,1173,13,1186,3
2021-02-11,Monterey,053,433212,41151,40469,1651,42120,295
2021-02-11,Napa,055,140530,8840,8777,31,8808,55
2021-02-11,Nevada,057,99092,3841,3720,153,3873,47
2021-02-11,Orange,059,3164182,243506,240590,10221,250811,3476
2021-02-11,Placer,061,380077,20034,19118,1102,20220,224
2021-02-11,Plumas,063,18699,632,592,11,603,4
2021-02-11,Riverside,065,2383286,279864,274313,13625,287938,3394
2021-02-11,Sacramento,067,1510023,91756,89988,1188,91176,1286
2021-02-11,San Benito,069,59416,5631,5609,87,5696,56
2021-02-11,San Bernardino,071,2135413,282787,276349,8720,285069,2774
2021-02-11,San Diego,073,3302833,258381,249971,12349,262320,2955
2021-02-11,San Francisco,075,870044,33311,33076,1048,34124,356
2021-02-11,San Joaquin,077,732212,65194,63719,2764,66483,971
2021-02-11,San Luis Obispo,079,281455,19048,18615,541,19156,219
2021-02-11,San Mateo,081,765935,38635,37439,394,37833,253
2021-02-11,Santa Barbara,083,443738,31545,30375,1098,31473,370
2021-02-11,Santa Clara,085,1922200,107137,106392,540,106932,1507
2021-02-11,Santa Cruz,087,273765,15022,14088,805,14893,165
2021-02-11,Shasta,089,179085,10696,10672,1191,11863,140
2021-02-11,Sierra,091,2930,47,45,14,59,0
2021-02-11,Siskiyou,093,43540,1409,1320,226,1546,4
2021-02-11,Solano,095,438530,29260,28885,347,29232,138
2021-02-11,Sonoma,097,501317,27164,26971,163,27134,272
2021-02-11,Stanislaus,099,539301,49138,48205,5328,53533,697
2021-02-11,Sutter,101,95872,8675,8590,83,8673,93
2021-02-11,Tehama,103,63373,4497,4463,501,4964,26
2021-02-11,Trinity,105,12862,379,269,51,320,3
2021-02-11,Tulare,107,460477,46885,45897,7903,53800,706
2021-02-11,Tuolumne,109,53932,3760,3716,30,3746,48
2021-02-11,Ventura,111,848112,75744,74959,2770,77729,590
2021-02-11,Yolo,113,214977,12553,12303,209,12512,173
2021-02-11,Yuba,115,75493,5349,5261,81,5342,38
2021-02-10,Alameda,001,1643700,78515,77344,1738,79082,944
2021-02-10,Alpine,003,1148,78,76,0,76,0
2021-02-10,Amador,005,37829,3400,3348,30,3378,35
2021-02-10,Butte,007,227075,11029,10594,1627,12221,155
2021-02-10,Calaveras,009,45235,1864,1850,12,1862,21
2021-02-10,Colusa,011,21464,1839,1815,251,2066,10
2021-02-10,Contra Costa,013,1133247,61046,59488,1078,60566,590
2021-02-10,Del Norte,015,27424,932,888,4,892,2
2021-02-10,El Dorado,017,186661,8873,8682,611,9293,87
2021-02-10,Fresno,019,978130,93738,91876,7580,99456,1247
2021-02-10,Glenn,021,27897,2190,2160,487,2647,14
2021-02-10,Humboldt,023,135768,2984,2924,19,2943,29
2021-02-10,Imperial,025,180216,26907,26522,2563,29085,578
2021-02-10,Inyo,027,18085,1194,1138,0,1138,30
2021-02-10,Kern,029,883053,91196,88933,9548,98481,926
2021-02-10,Kings,031,150075,21723,21294,1003,22297,197
2021-02-10,Lake,033,64148,3056,2975,1,2976,36
2021-02-10,Lassen,035,31185,5044,4993,92,5085,1
2021-02-10,Los Angeles,037,10098052,1153291,1125437,39697,1165134,18338
2021-02-10,Madera,039,155013,15201,14925,789,15714,105
2021-02-10,Marin,041,260295,12807,12651,165,12816,199
2021-02-10,Mariposa,043,17540,369,360,4,364,4
2021-02-10,Mendocino,045,87422,3543,3395,66,3461,38
2021-02-10,Merced,047,269075,27504,27246,817,28063,359
2021-02-10,Modoc,049,8938,333,315,111,426,3
2021-02-10,Mono,051,14174,1152,1170,13,1183,3
2021-02-10,Monterey,053,433212,41070,40366,1637,42003,288
2021-02-10,Napa,055,140530,8821,8769,31,8800,55
2021-02-10,Nevada,057,99092,3826,3693,151,3844,47
2021-02-10,Orange,059,3164182,243087,239974,10189,250163,3439
2021-02-10,Placer,061,380077,19995,19062,1097,20159,220
2021-02-10,Plumas,063,18699,629,589,11,600,2
2021-02-10,Riverside,065,2383286,279450,273721,13615,287336,3374
2021-02-10,Sacramento,067,1510023,91505,89653,1184,90837,1275
2021-02-10,San Benito,069,59416,5617,5591,87,5678,55
2021-02-10,San Bernardino,071,2135413,282428,275616,8703,284319,2696
2021-02-10,San Diego,073,3302833,257800,248858,12311,261169,2904
2021-02-10,San Francisco,075,870044,33229,32955,1045,34000,351
2021-02-10,San Joaquin,077,732212,65053,63484,2750,66234,954
2021-02-10,San Luis Obispo,079,281455,18969,18549,539,19088,216
2021-02-10,San Mateo,081,765935,38545,37323,394,37717,245
2021-02-10,Santa Barbara,083,443738,31455,30216,1093,31309,359
2021-02-10,Santa Clara,085,1922200,106899,106048,537,106585,1489
2021-02-10,Santa Cruz,087,273765,14987,14007,802,14809,165
2021-02-10,Shasta,089,179085,10673,10645,1188,11833,142
2021-02-10,Sierra,091,2930,47,45,14,59,0
2021-02-10,Siskiyou,093,43540,1404,1314,225,1539,4
2021-02-10,Solano,095,438530,29185,28835,345,29180,137
2021-02-10,Sonoma,097,501317,27072,26881,161,27042,271
2021-02-10,Stanislaus,099,539301,49024,48016,5310,53326,696
2021-02-10,Sutter,101,95872,8658,8571,83,8654,93
2021-02-10,Tehama,103,63373,4489,4445,501,4946,23
2021-02-10,Trinity,105,12862,377,268,51,319,3
2021-02-10,Tulare,107,460477,46769,45782,7862,53644,696
2021-02-10,Tuolumne,109,53932,3752,3691,30,3721,48
2021-02-10,Ventura,111,848112,75518,74651,2752,77403,580
2021-02-10,Yolo,113,214977,12529,12276,208,12484,174
2021-02-10,Yuba,115,75493,5331,5241,81,5322,38
2021-02-09,Alameda,001,1643700,78250,77018,1735,78753,936
2021-02-09,Alpine,003,1148,78,76,0,76,0
2021-02-09,Amador,005,37829,3392,3347,30,3377,35
2021-02-09,Butte,007,227075,11002,10563,1625,12188,153
2021-02-09,Calaveras,009,45235,1860,1847,12,1859,21
2021-02-09,Colusa,011,21464,1830,1812,246,2058,10
2021-02-09,Contra Costa,013,1133247,60858,59307,1072,60379,583
2021-02-09,Del Norte,015,27424,926,886,4,890,2
2021-02-09,El Dorado,017,186661,8846,8663,610,9273,87
2021-02-09,Fresno,019,978130,93500,91730,7546,99276,1211
2021-02-09,Glenn,021,27897,2186,2156,486,2642,14
2021-02-09,Humboldt,023,135768,2976,2904,19,2923,29
2021-02-09,Imperial,025,180216,26879,26509,2560,29069,568
2021-02-09,Inyo,027,18085,1186,1137,0,1137,30
2021-02-09,Kern,029,883053,90949,88684,9500,98184,920
2021-02-09,Kings,031,150075,21682,21275,1001,22276,196
2021-02-09,Lake,033,64148,3045,2955,1,2956,36
2021-02-09,Lassen,035,31185,5037,4983,92,5075,1
2021-02-09,Los Angeles,037,10098052,1151327,1122745,39607,1162352,18198
2021-02-09,Madera,039,155013,15181,14912,786,15698,105
2021-02-09,Marin,041,260295,12774,12623,164,12787,197
2021-02-09,Mariposa,043,17540,367,355,4,359,4
2021-02-09,Mendocino,045,87422,3525,3369,66,3435,38
2021-02-09,Merced,047,269075,27406,27166,812,27978,354
2021-02-09,Modoc,049,8938,332,316,111,427,3
2021-02-09,Mono,051,14174,1151,1167,13,1180,3
2021-02-09,Monterey,053,433212,40962,40279,1626,41905,285
2021-02-09,Napa,055,140530,8808,8749,31,8780,55
2021-02-09,Nevada,057,99092,3810,3687,151,3838,44
2021-02-09,Orange,059,3164182,242670,239169,10157,249326,3406
2021-02-09,Placer,061,380077,19931,19008,1090,20098,220
2021-02-09,Plumas,063,18699,629,584,11,595,2
2021-02-09,Riverside,065,2383286,278963,273465,13600,287065,3334
2021-02-09,Sacramento,067,1510023,91196,89378,1181,90559,1265
2021-02-09,San Benito,069,59416,5605,5566,86,5652,54
2021-02-09,San Bernardino,071,2135413,282054,274998,8689,283687,2613
2021-02-09,San Diego,073,3302833,257143,248048,12268,260316,2853
2021-02-09,San Francisco,075,870044,33150,32782,1035,33817,349
2021-02-09,San Joaquin,077,732212,64880,63341,2745,66086,937
2021-02-09,San Luis Obispo,079,281455,18910,18489,538,19027,216
2021-02-09,San Mateo,081,765935,38414,37227,393,37620,235
2021-02-09,Santa Barbara,083,443738,31345,30118,1086,31204,351
2021-02-09,Santa Clara,085,1922200,106592,105762,534,106296,1463
2021-02-09,Santa Cruz,087,273765,14937,13958,797,14755,162
2021-02-09,Shasta,089,179085,10647,10595,1186,11781,139
2021-02-09,Sierra,091,2930,47,44,14,58,0
2021-02-09,Siskiyou,093,43540,1396,1306,223,1529,4
2021-02-09,Solano,095,438530,29108,28769,341,29110,131
2021-02-09,Sonoma,097,501317,26983,26826,159,26985,267
2021-02-09,Stanislaus,099,539301,48863,47906,5294,53200,679
2021-02-09,Sutter,101,95872,8641,8541,83,8624,92
2021-02-09,Tehama,103,63373,4482,4416,499,4915,22
2021-02-09,Trinity,105,12862,377,266,51,317,3
2021-02-09,Tulare,107,460477,46638,45704,7804,53508,686
2021-02-09,Tuolumne,109,53932,3732,3673,30,3703,48
2021-02-09,Ventura,111,848112,75268,74333,2744,77077,567
2021-02-09,Yolo,113,214977,12488,12220,207,12427,174
2021-02-09,Yuba,115,75493,5322,5235,81,5316,35
2021-02-08,Alameda,001,1643700,77984,76735,1730,78465,924
2021-02-08,Alpine,003,1148,78,73,0,73,0
2021-02-08,Amador,005,37829,3385,3344,29,3373,33
2021-02-08,Butte,007,227075,10980,10524,1622,12146,152
2021-02-08,Calaveras,009,45235,1859,1840,12,1852,21
2021-02-08,Colusa,011,21464,1822,1802,242,2044,10
2021-02-08,Contra Costa,013,1133247,60650,59039,1070,60109,567
2021-02-08,Del Norte,015,27424,923,885,4,889,2
2021-02-08,El Dorado,017,186661,8815,8627,608,9235,86
2021-02-08,Fresno,019,978130,93290,91430,7518,98948,1207
2021-02-08,Glenn,021,27897,2179,2148,484,2632,14
2021-02-08,Humboldt,023,135768,2968,2902,19,2921,29
2021-02-08,Imperial,025,180216,26860,26526,2558,29084,567
2021-02-08,Inyo,027,18085,1173,1126,0,1126,30
2021-02-08,Kern,029,883053,90734,88380,9442,97822,920
2021-02-08,Kings,031,150075,21620,21232,998,22230,195
2021-02-08,Lake,033,64148,3026,2949,1,2950,36
2021-02-08,Lassen,035,31185,5024,4976,92,5068,1
2021-02-08,Los Angeles,037,10098052,1149237,1120179,39485,1159664,17977
2021-02-08,Madera,039,155013,15144,14887,779,15666,93
2021-02-08,Marin,041,260295,12745,12591,164,12755,194
2021-02-08,Mariposa,043,17540,367,355,4,359,4
2021-02-08,Mendocino,045,87422,3511,3355,66,3421,38
2021-02-08,Merced,047,269075,27321,27082,807,27889,346
2021-02-08,Modoc,049,8938,330,318,111,429,3
2021-02-08,Mono,051,14174,1151,1165,13,1178,3
2021-02-08,Monterey,053,433212,40839,40186,1607,41793,283
2021-02-08,Napa,055,140530,8793,8719,31,8750,55
2021-02-08,Nevada,057,99092,3798,3671,151,3822,44
2021-02-08,Orange,059,3164182,242201,238715,10133,248848,3361
2021-02-08,Placer,061,380077,19888,18944,1083,20027,211
2021-02-08,Plumas,063,18699,628,584,11,595,2
2021-02-08,Riverside,065,2383286,278404,272904,13576,286480,3301
2021-02-08,Sacramento,067,1510023,90909,89267,1178,90445,1247
2021-02-08,San Benito,069,59416,5600,5553,85,5638,52
2021-02-08,San Bernardino,071,2135413,281652,274661,8683,283344,2587
2021-02-08,San Diego,073,3302833,256401,247259,12227,259486,2821
2021-02-08,San Francisco,075,870044,33056,32679,1027,33706,348
2021-02-08,San Joaquin,077,732212,64719,63148,2735,65883,929
2021-02-08,San Luis Obispo,079,281455,18853,18421,533,18954,214
2021-02-08,San Mateo,081,765935,38305,37084,393,37477,232
2021-02-08,Santa Barbara,083,443738,31232,29978,1079,31057,340
2021-02-08,Santa Clara,085,1922200,106267,105413,526,105939,1456
2021-02-08,Santa Cruz,087,273765,14898,13921,790,14711,161
2021-02-08,Shasta,089,179085,10621,10574,1180,11754,137
2021-02-08,Sierra,091,2930,47,44,14,58,0
2021-02-08,Siskiyou,093,43540,1393,1303,223,1526,4
2021-02-08,Solano,095,438530,29045,28644,339,28983,130
2021-02-08,Sonoma,097,501317,26892,26760,158,26918,259
2021-02-08,Stanislaus,099,539301,48710,47704,5265,52969,679
2021-02-08,Sutter,101,95872,8622,8526,83,8609,92
2021-02-08,Tehama,103,63373,4467,4403,497,4900,22
2021-02-08,Trinity,105,12862,375,266,51,317,3
2021-02-08,Tulare,107,460477,46532,45617,7761,53378,673
2021-02-08,Tuolumne,109,53932,3724,3647,30,3677,48
2021-02-08,Ventura,111,848112,75011,74068,2738,76806,565
2021-02-08,Yolo,113,214977,12456,12169,206,12375,162
2021-02-08,Yuba,115,75493,5306,5215,81,5296,35
2021-02-07,Alameda,001,1643700,77679,76500,1722,78222,924
2021-02-07,Alpine,003,1148,75,72,0,72,0
2021-02-07,Amador,005,37829,3364,3343,29,3372,33
2021-02-07,Butte,007,227075,10947,10513,1612,12125,152
2021-02-07,Calaveras,009,45235,1855,1837,12,1849,21
2021-02-07,Colusa,011,21464,1811,1795,240,2035,10
2021-02-07,Contra Costa,013,1133247,60414,58836,1064,59900,566
2021-02-07,Del Norte,015,27424,919,881,4,885,2
2021-02-07,El Dorado,017,186661,8786,8596,606,9202,86
2021-02-07,Fresno,019,978130,93062,91184,7478,98662,1207
2021-02-07,Glenn,021,27897,2176,2141,480,2621,14
2021-02-07,Humboldt,023,135768,2947,2895,19,2914,28
2021-02-07,Imperial,025,180216,26834,26518,2551,29069,567
2021-02-07,Inyo,027,18085,1162,1124,0,1124,27
2021-02-07,Kern,029,883053,90489,88146,9385,97531,920
2021-02-07,Kings,031,150075,21559,21180,995,22175,192
2021-02-07,Lake,033,64148,3010,2940,1,2941,36
2021-02-07,Lassen,035,31185,5013,4973,92,5065,1
2021-02-07,Los Angeles,037,10098052,1146489,1117551,39352,1156903,17889
2021-02-07,Madera,039,155013,15110,14850,775,15625,93
2021-02-07,Marin,041,260295,12711,12571,162,12733,194
2021-02-07,Mariposa,043,17540,366,355,4,359,4
2021-02-07,Mendocino,045,87422,3494,3348,66,3414,38
2021-02-07,Merced,047,269075,27210,26977,795,27772,346
2021-02-07,Modoc,049,8938,330,317,107,424,3
2021-02-07,Mono,051,14174,1148,1165,13,1178,3
2021-02-07,Monterey,053,433212,40703,40113,1586,41699,283
2021-02-07,Napa,055,140530,8770,8701,31,8732,55
2021-02-07,Nevada,057,99092,3787,3643,151,3794,44
2021-02-07,Orange,059,3164182,241603,238155,10101,248256,3336
2021-02-07,Placer,061,380077,19840,18903,1069,19972,211
2021-02-07,Plumas,063,18699,628,584,11,595,2
2021-02-07,Riverside,065,2383286,277892,272301,13554,285855,3267
2021-02-07,Sacramento,067,1510023,90577,88919,1170,90089,1246
2021-02-07,San Benito,069,59416,5581,5548,84,5632,52
2021-02-07,San Bernardino,071,2135413,281069,274316,8659,282975,2587
2021-02-07,San Diego,073,3302833,255614,246561,12164,258725,2821
2021-02-07,San Francisco,075,870044,32935,32609,1015,33624,348
2021-02-07,San Joaquin,077,732212,64447,63051,2719,65770,929
2021-02-07,San Luis Obispo,079,281455,18781,18349,526,18875,214
2021-02-07,San Mateo,081,765935,38171,36984,391,37375,232
2021-02-07,Santa Barbara,083,443738,31095,29815,1068,30883,340
2021-02-07,Santa Clara,085,1922200,105927,105118,516,105634,1450
2021-02-07,Santa Cruz,087,273765,14844,13887,786,14673,161
2021-02-07,Shasta,089,179085,10601,10570,1172,11742,137
2021-02-07,Sierra,091,2930,47,43,14,57,0
2021-02-07,Siskiyou,093,43540,1386,1295,221,1516,4
2021-02-07,Solano,095,438530,28935,28567,338,28905,130
2021-02-07,Sonoma,097,501317,26785,26684,154,26838,257
2021-02-07,Stanislaus,099,539301,48520,47551,5233,52784,679
2021-02-07,Sutter,101,95872,8595,8515,83,8598,92
2021-02-07,Tehama,103,63373,4453,4396,495,4891,22
2021-02-07,Trinity,105,12862,372,264,49,313,3
2021-02-07,Tulare,107,460477,46411,45520,7681,53201,671
2021-02-07,Tuolumne,109,53932,3700,3619,29,3648,48
2021-02-07,Ventura,111,848112,74702,73759,2725,76484,561
2021-02-07,Yolo,113,214977,12411,12135,206,12341,162
2021-02-07,Yuba,115,75493,5291,5198,79,5277,35
2021-02-06,Alameda,001,1643700,77521,76170,1711,77881,922
2021-02-06,Alpine,003,1148,75,72,0,72,0
2021-02-06,Amador,005,37829,3358,3306,29,3335,33
2021-02-06,Butte,007,227075,10930,10480,1608,12088,150
2021-02-06,Calaveras,009,45235,1853,1832,12,1844,21
2021-02-06,Colusa,011,21464,1809,1791,239,2030,10
2021-02-06,Contra Costa,013,1133247,60268,58567,1058,59625,566
2021-02-06,Del Norte,015,27424,915,879,4,883,2
2021-02-06,El Dorado,017,186661,8779,8575,602,9177,86
2021-02-06,Fresno,019,978130,92950,90944,7456,98400,1207
2021-02-06,Glenn,021,27897,2175,2136,478,2614,14
2021-02-06,Humboldt,023,135768,2936,2880,19,2899,28
2021-02-06,Imperial,025,180216,26824,26514,2550,29064,567
2021-02-06,Inyo,027,18085,1159,1113,0,1113,27
2021-02-06,Kern,029,883053,90338,87919,9338,97257,912
2021-02-06,Kings,031,150075,21529,21156,995,22151,190
2021-02-06,Lake,033,64148,3005,2920,1,2921,34
2021-02-06,Lassen,035,31185,5009,4964,91,5055,1
2021-02-06,Los Angeles,037,10098052,1145138,1114718,39251,1153969,17793
2021-02-06,Madera,039,155013,15089,14807,773,15580,93
2021-02-06,Marin,041,260295,12691,12531,161,12692,194
2021-02-06,Mariposa,043,17540,365,355,3,358,4
2021-02-06,Mendocino,045,87422,3476,3316,65,3381,38
2021-02-06,Merced,047,269075,27125,26881,787,27668,346
2021-02-06,Modoc,049,8938,330,313,107,420,3
2021-02-06,Mono,051,14174,1147,1159,13,1172,3
2021-02-06,Monterey,053,433212,40647,39995,1578,41573,282
2021-02-06,Napa,055,140530,8757,8639,31,8670,55
2021-02-06,Nevada,057,99092,3775,3624,151,3775,43
2021-02-06,Orange,059,3164182,241239,237391,10066,247457,3293
2021-02-06,Placer,061,380077,19803,18836,1066,19902,211
2021-02-06,Plumas,063,18699,628,584,11,595,2
2021-02-06,Riverside,065,2383286,277533,271741,13534,285275,3243
2021-02-06,Sacramento,067,1510023,90360,88532,1161,89693,1237
2021-02-06,San Benito,069,59416,5563,5516,84,5600,52
2021-02-06,San Bernardino,071,2135413,280764,273718,8636,282354,2564
2021-02-06,San Diego,073,3302833,255118,245331,12129,257460,2812
2021-02-06,San Francisco,075,870044,32862,32437,1004,33441,346
2021-02-06,San Joaquin,077,732212,64370,62840,2706,65546,906
2021-02-06,San Luis Obispo,079,281455,18739,18284,522,18806,214
2021-02-06,San Mateo,081,765935,38103,36824,388,37212,232
2021-02-06,Santa Barbara,083,443738,31020,29645,1066,30711,337
2021-02-06,Santa Clara,085,1922200,105706,104639,511,105150,1439
2021-02-06,Santa Cruz,087,273765,14813,13845,782,14627,161
2021-02-06,Shasta,089,179085,10590,10561,1170,11731,137
2021-02-06,Sierra,091,2930,47,43,14,57,0
2021-02-06,Siskiyou,093,43540,1383,1289,220,1509,4
2021-02-06,Solano,095,438530,28899,28446,337,28783,129
2021-02-06,Sonoma,097,501317,26749,26564,152,26716,257
2021-02-06,Stanislaus,099,539301,48422,47325,5217,52542,679
2021-02-06,Sutter,101,95872,8587,8485,83,8568,92
2021-02-06,Tehama,103,63373,4446,4380,493,4873,22
2021-02-06,Trinity,105,12862,372,263,49,312,3
2021-02-06,Tulare,107,460477,46346,45349,7631,52980,664
2021-02-06,Tuolumne,109,53932,3693,3612,29,3641,48
2021-02-06,Ventura,111,848112,74522,73431,2719,76150,552
2021-02-06,Yolo,113,214977,12388,12061,206,12267,161
2021-02-06,Yuba,115,75493,5281,5177,78,5255,35
2021-02-05,Alameda,001,1643700,77295,75716,1708,77424,916
2021-02-05,Alpine,003,1148,75,72,0,72,0
2021-02-05,Amador,005,37829,3353,3299,28,3327,33
2021-02-05,Butte,007,227075,10912,10421,1602,12023,150
2021-02-05,Calaveras,009,45235,1849,1818,12,1830,21
2021-02-05,Colusa,011,21464,1805,1785,239,2024,10
2021-02-05,Contra Costa,013,1133247,60107,58195,1056,59251,560
2021-02-05,Del Norte,015,27424,914,874,4,878,2
2021-02-05,El Dorado,017,186661,8759,8527,600,9127,86
2021-02-05,Fresno,019,978130,92748,90513,7435,97948,1194
2021-02-05,Glenn,021,27897,2169,2122,473,2595,14
2021-02-05,Humboldt,023,135768,2926,2857,19,2876,28
2021-02-05,Imperial,025,180216,26805,26474,2550,29024,557
2021-02-05,Inyo,027,18085,1155,1104,0,1104,27
2021-02-05,Kern,029,883053,90169,87470,9271,96741,906
2021-02-05,Kings,031,150075,21491,21021,991,22012,190
2021-02-05,Lake,033,64148,2993,2906,1,2907,33
2021-02-05,Lassen,035,31185,5005,4936,91,5027,1
2021-02-05,Los Angeles,037,10098052,1143049,1110384,39110,1149494,17608
2021-02-05,Madera,039,155013,15055,14752,768,15520,95
2021-02-05,Marin,041,260295,12656,12479,161,12640,193
2021-02-05,Mariposa,043,17540,365,352,3,355,4
2021-02-05,Mendocino,045,87422,3462,3272,65,3337,38
2021-02-05,Merced,047,269075,27065,26760,786,27546,345
2021-02-05,Modoc,049,8938,330,312,107,419,3
2021-02-05,Mono,051,14174,1146,1157,13,1170,3
2021-02-05,Monterey,053,433212,40583,39840,1567,41407,281
2021-02-05,Napa,055,140530,8743,8598,31,8629,55
2021-02-05,Nevada,057,99092,3772,3607,151,3758,43
2021-02-05,Orange,059,3164182,240813,236335,10038,246373,3260
2021-02-05,Placer,061,380077,19768,18756,1064,19820,211
2021-02-05,Plumas,063,18699,626,578,11,589,2
2021-02-05,Riverside,065,2383286,277127,270666,13515,284181,3235
2021-02-05,Sacramento,067,1510023,90180,87992,1154,89146,1231
2021-02-05,San Benito,069,59416,5552,5502,84,5586,51
2021-02-05,San Bernardino,071,2135413,280425,272938,8619,281557,2495
2021-02-05,San Diego,073,3302833,254542,244066,12094,256160,2777
2021-02-05,San Francisco,075,870044,32772,32229,992,33221,337
2021-02-05,San Joaquin,077,732212,64222,62565,2698,65263,902
2021-02-05,San Luis Obispo,079,281455,18678,18152,518,18670,213
2021-02-05,San Mateo,081,765935,38019,36582,387,36969,227
2021-02-05,Santa Barbara,083,443738,30926,29455,1052,30507,334
2021-02-05,Santa Clara,085,1922200,105458,104112,509,104621,1421
2021-02-05,Santa Cruz,087,273765,14792,13776,780,14556,161
2021-02-05,Shasta,089,179085,10574,10507,1163,11670,136
2021-02-05,Sierra,091,2930,47,42,14,56,0
2021-02-05,Siskiyou,093,43540,1376,1276,218,1494,4
2021-02-05,Solano,095,438530,28849,28283,337,28620,127
2021-02-05,Sonoma,097,501317,26680,26423,149,26572,252
2021-02-05,Stanislaus,099,539301,48280,47024,5199,52223,678
2021-02-05,Sutter,101,95872,8567,8443,83,8526,92
2021-02-05,Tehama,103,63373,4438,4355,493,4848,22
2021-02-05,Trinity,105,12862,371,260,49,309,3
2021-02-05,Tulare,107,460477,46270,45138,7580,52718,663
2021-02-05,Tuolumne,109,53932,3667,3595,29,3624,45
2021-02-05,Ventura,111,848112,74277,72953,2708,75661,546
2021-02-05,Yolo,113,214977,12369,12025,201,12226,162
2021-02-05,Yuba,115,75493,5264,5145,78,5223,35
2021-02-04,Alameda,001,1643700,77010,75422,1702,77124,899
2021-02-04,Alpine,003,1148,74,72,0,72,0
2021-02-04,Amador,005,37829,3350,3288,28,3316,33
2021-02-04,Butte,007,227075,10880,10386,1592,11978,147
2021-02-04,Calaveras,009,45235,1847,1808,12,1820,21
2021-02-04,Colusa,011,21464,1801,1777,237,2014,10
2021-02-04,Contra Costa,013,1133247,59918,57991,1052,59043,550
2021-02-04,Del Norte,015,27424,908,870,4,874,2
2021-02-04,El Dorado,017,186661,8733,8490,597,9087,86
2021-02-04,Fresno,019,978130,92534,90126,7408,97534,1114
2021-02-04,Glenn,021,27897,2165,2102,473,2575,14
2021-02-04,Humboldt,023,135768,2916,2827,19,2846,28
2021-02-04,Imperial,025,180216,26758,26411,2548,28959,556
2021-02-04,Inyo,027,18085,1143,1084,0,1084,27
2021-02-04,Kern,029,883053,89897,87156,9192,96348,898
2021-02-04,Kings,031,150075,21441,20918,983,21901,187
2021-02-04,Lake,033,64148,2981,2882,1,2883,34
2021-02-04,Lassen,035,31185,5002,4927,91,5018,1
2021-02-04,Los Angeles,037,10098052,1140261,1106323,38979,1145302,17396
2021-02-04,Madera,039,155013,15026,14706,764,15470,95
2021-02-04,Marin,041,260295,12620,12431,161,12592,192
2021-02-04,Mariposa,043,17540,365,348,3,351,4
2021-02-04,Mendocino,045,87422,3444,3240,63,3303,38
2021-02-04,Merced,047,269075,26972,26629,783,27412,345
2021-02-04,Modoc,049,8938,330,309,107,416,3
2021-02-04,Mono,051,14174,1144,1153,13,1166,3
2021-02-04,Monterey,053,433212,40475,39619,1549,41168,279
2021-02-04,Napa,055,140530,8714,8573,31,8604,55
2021-02-04,Nevada,057,99092,3752,3590,150,3740,37
2021-02-04,Orange,059,3164182,240170,235677,9996,245673,3238
2021-02-04,Placer,061,380077,19708,18711,1055,19766,210
2021-02-04,Plumas,063,18699,623,562,11,573,2
2021-02-04,Riverside,065,2383286,276388,269851,13475,283326,3230
2021-02-04,Sacramento,067,1510023,89879,87658,1143,88801,1222
2021-02-04,San Benito,069,59416,5538,5488,83,5571,51
2021-02-04,San Bernardino,071,2135413,279876,272223,8598,280821,2409
2021-02-04,San Diego,073,3302833,253752,242613,12030,254643,2738
2021-02-04,San Francisco,075,870044,32658,32116,983,33099,326
2021-02-04,San Joaquin,077,732212,63997,62374,2690,65064,883
2021-02-04,San Luis Obispo,079,281455,18611,18058,515,18573,211
2021-02-04,San Mateo,081,765935,37899,36437,384,36821,226
2021-02-04,Santa Barbara,083,443738,30794,29344,1034,30378,322
2021-02-04,Santa Clara,085,1922200,105109,103781,506,104287,1404
2021-02-04,Santa Cruz,087,273765,14759,13713,772,14485,156
2021-02-04,Shasta,089,179085,10548,10466,1158,11624,131
2021-02-04,Sierra,091,2930,47,42,14,56,0
2021-02-04,Siskiyou,093,43540,1367,1273,218,1491,4
2021-02-04,Solano,095,438530,28746,28192,336,28528,120
2021-02-04,Sonoma,097,501317,26598,26276,145,26421,249
2021-02-04,Stanislaus,099,539301,48118,46822,5178,52000,678
2021-02-04,Sutter,101,95872,8547,8401,83,8484,92
2021-02-04,Tehama,103,63373,4422,4327,493,4820,21
2021-02-04,Trinity,105,12862,370,260,48,308,3
2021-02-04,Tulare,107,460477,46145,44983,7513,52496,656
2021-02-04,Tuolumne,109,53932,3627,3585,29,3614,45
2021-02-04,Ventura,111,848112,73945,72595,2695,75290,537
2021-02-04,Yolo,113,214977,12335,11982,200,12182,161
2021-02-04,Yuba,115,75493,5238,5135,78,5213,34
2021-02-03,Alameda,001,1643700,76676,74968,1698,76666,880
2021-02-03,Alpine,003,1148,74,72,0,72,0
2021-02-03,Amador,005,37829,3346,3281,28,3309,33
2021-02-03,Butte,007,227075,10844,10355,1585,11940,144
2021-02-03,Calaveras,009,45235,1833,1799,11,1810,21
2021-02-03,Colusa,011,21464,1796,1773,236,2009,10
2021-02-03,Contra Costa,013,1133247,59679,57762,1040,58802,537
2021-02-03,Del Norte,015,27424,903,869,4,873,2
2021-02-03,El Dorado,017,186661,8713,8428,596,9024,86
2021-02-03,Fresno,019,978130,92314,89748,7368,97116,1015
2021-02-03,Glenn,021,27897,2156,2098,471,2569,14
2021-02-03,Humboldt,023,135768,2906,2800,19,2819,27
2021-02-03,Imperial,025,180216,26724,26363,2542,28905,547
2021-02-03,Inyo,027,18085,1133,1071,0,1071,27
2021-02-03,Kern,029,883053,89655,86771,9151,95922,877
2021-02-03,Kings,031,150075,21382,20831,979,21810,172
2021-02-03,Lake,033,64148,2964,2869,1,2870,33
2021-02-03,Lassen,035,31185,4991,4910,91,5001,1
2021-02-03,Los Angeles,037,10098052,1137193,1101890,38848,1140738,17163
2021-02-03,Madera,039,155013,14987,14605,762,15367,94
2021-02-03,Marin,041,260295,12586,12406,161,12567,190
2021-02-03,Mariposa,043,17540,364,347,3,350,4
2021-02-03,Mendocino,045,87422,3418,3236,62,3298,38
2021-02-03,Merced,047,269075,26856,26520,778,27298,343
2021-02-03,Modoc,049,8938,329,308,107,415,3
2021-02-03,Mono,051,14174,1137,1146,13,1159,3
2021-02-03,Monterey,053,433212,40347,39500,1531,41031,279
2021-02-03,Napa,055,140530,8679,8534,31,8565,54
2021-02-03,Nevada,057,99092,3738,3572,150,3722,35
2021-02-03,Orange,059,3164182,239427,234738,9964,244702,3189
2021-02-03,Placer,061,380077,19652,18646,1053,19699,210
2021-02-03,Plumas,063,18699,623,559,11,570,2
2021-02-03,Riverside,065,2383286,275663,269019,13444,282463,3195
2021-02-03,Sacramento,067,1510023,89556,87415,1139,88554,1212
2021-02-03,San Benito,069,59416,5520,5463,80,5543,51
2021-02-03,San Bernardino,071,2135413,279396,271477,8573,280050,2308
2021-02-03,San Diego,073,3302833,252851,241015,11983,252998,2683
2021-02-03,San Francisco,075,870044,32528,31983,978,32961,325
2021-02-03,San Joaquin,077,732212,63772,61976,2679,64655,880
2021-02-03,San Luis Obispo,079,281455,18534,17922,512,18434,206
2021-02-03,San Mateo,081,765935,37761,36227,380,36607,225
2021-02-03,Santa Barbara,083,443738,30648,29121,1024,30145,315
2021-02-03,Santa Clara,085,1922200,104792,103278,503,103781,1364
2021-02-03,Santa Cruz,087,273765,14704,13611,765,14376,154
2021-02-03,Shasta,089,179085,10505,10422,1152,11574,130
2021-02-03,Sierra,091,2930,47,42,14,56,0
2021-02-03,Siskiyou,093,43540,1356,1268,217,1485,4
2021-02-03,Solano,095,438530,28624,28057,336,28393,119
2021-02-03,Sonoma,097,501317,26514,26155,144,26299,248
2021-02-03,Stanislaus,099,539301,47944,46598,5158,51756,662
2021-02-03,Sutter,101,95872,8522,8379,83,8462,90
2021-02-03,Tehama,103,63373,4400,4309,490,4799,21
2021-02-03,Trinity,105,12862,370,260,47,307,3
2021-02-03,Tulare,107,460477,45978,44838,7453,52291,640
2021-02-03,Tuolumne,109,53932,3616,3568,29,3597,45
2021-02-03,Ventura,111,848112,73609,72124,2683,74807,526
2021-02-03,Yolo,113,214977,12311,11933,199,12132,161
2021-02-03,Yuba,115,75493,5220,5124,78,5202,34
2021-02-02,Alameda,001,1643700,76331,74642,1683,76325,869
2021-02-02,Alpine,003,1148,74,72,0,72,0
2021-02-02,Amador,005,37829,3315,3275,28,3303,33
2021-02-02,Butte,007,227075,10817,10307,1577,11884,141
2021-02-02,Calaveras,009,45235,1824,1786,11,1797,21
2021-02-02,Colusa,011,21464,1788,1769,231,2000,9
2021-02-02,Contra Costa,013,1133247,59400,57551,1035,58586,536
2021-02-02,Del Norte,015,27424,897,868,4,872,2
2021-02-02,El Dorado,017,186661,8673,8405,596,9001,84
2021-02-02,Fresno,019,978130,92013,89542,7333,96875,1009
2021-02-02,Glenn,021,27897,2144,2090,468,2558,14
2021-02-02,Humboldt,023,135768,2894,2784,19,2803,25
2021-02-02,Imperial,025,180216,26673,26317,2537,28854,535
2021-02-02,Inyo,027,18085,1130,1074,0,1074,27
2021-02-02,Kern,029,883053,89353,86485,9075,95560,867
2021-02-02,Kings,031,150075,21304,20785,970,21755,172
2021-02-02,Lake,033,64148,2944,2857,1,2858,33
2021-02-02,Lassen,035,31185,4984,4908,91,4999,1
2021-02-02,Los Angeles,037,10098052,1133824,1097573,38678,1136251,16913
2021-02-02,Madera,039,155013,14937,14595,757,15352,94
2021-02-02,Marin,041,260295,12557,12367,161,12528,189
2021-02-02,Mariposa,043,17540,361,345,3,348,4
2021-02-02,Mendocino,045,87422,3385,3210,62,3272,38
2021-02-02,Merced,047,269075,26759,26427,771,27198,340
2021-02-02,Modoc,049,8938,324,306,107,413,3
2021-02-02,Mono,051,14174,1135,1147,13,1160,3
2021-02-02,Monterey,053,433212,40212,39371,1517,40888,278
2021-02-02,Napa,055,140530,8650,8505,31,8536,53
2021-02-02,Nevada,057,99092,3723,3548,150,3698,20
2021-02-02,Orange,059,3164182,238627,233783,9928,243711,3152
2021-02-02,Placer,061,380077,19592,18615,1049,19664,205
2021-02-02,Plumas,063,18699,623,560,11,571,2
2021-02-02,Riverside,065,2383286,274827,267901,13410,281311,3169
2021-02-02,Sacramento,067,1510023,89267,87107,1128,88235,1202
2021-02-02,San Benito,069,59416,5506,5444,79,5523,50
2021-02-02,San Bernardino,071,2135413,278722,270486,8542,279028,2244
2021-02-02,San Diego,073,3302833,251812,240047,11896,251943,2629
2021-02-02,San Francisco,075,870044,32373,31788,966,32754,324
2021-02-02,San Joaquin,077,732212,63553,61708,2664,64372,878
2021-02-02,San Luis Obispo,079,281455,18440,17811,510,18321,201
2021-02-02,San Mateo,081,765935,37597,36004,374,36378,225
2021-02-02,Santa Barbara,083,443738,30479,28951,1017,29968,304
2021-02-02,Santa Clara,085,1922200,104329,102872,498,103370,1349
2021-02-02,Santa Cruz,087,273765,14645,13572,761,14333,150
2021-02-02,Shasta,089,179085,10480,10371,1141,11512,128
2021-02-02,Sierra,091,2930,47,42,14,56,0
2021-02-02,Siskiyou,093,43540,1349,1252,214,1466,4
2021-02-02,Solano,095,438530,28528,27963,332,28295,118
2021-02-02,Sonoma,097,501317,26396,26054,144,26198,247
2021-02-02,Stanislaus,099,539301,47725,46306,5125,51431,641
2021-02-02,Sutter,101,95872,8499,8340,83,8423,89
2021-02-02,Tehama,103,63373,4387,4289,488,4777,21
2021-02-02,Trinity,105,12862,370,260,47,307,3
2021-02-02,Tulare,107,460477,45823,44720,7385,52105,625
2021-02-02,Tuolumne,109,53932,3604,3548,29,3577,39
2021-02-02,Ventura,111,848112,73191,71557,2673,74230,514
2021-02-02,Yolo,113,214977,12266,11886,192,12078,158
2021-02-02,Yuba,115,75493,5202,5111,78,5189,34
2021-02-01,Alameda,001,1643700,75976,74374,1677,76051,858
2021-02-01,Alpine,003,1148,74,72,0,72,0
2021-02-01,Amador,005,37829,3304,3234,28,3262,32
2021-02-01,Butte,007,227075,10775,10263,1572,11835,141
2021-02-01,Calaveras,009,45235,1816,1785,11,1796,21
2021-02-01,Colusa,011,21464,1783,1763,222,1985,9
2021-02-01,Contra Costa,013,1133247,59155,57324,1034,58358,531
2021-02-01,Del Norte,015,27424,894,865,4,869,2
2021-02-01,El Dorado,017,186661,8634,8337,596,8933,83
2021-02-01,Fresno,019,978130,91684,89272,7295,96567,994
2021-02-01,Glenn,021,27897,2129,2086,460,2546,14
2021-02-01,Humboldt,023,135768,2872,2773,18,2791,25
2021-02-01,Imperial,025,180216,26630,26224,2535,28759,530
2021-02-01,Inyo,027,18085,1120,1072,0,1072,27
2021-02-01,Kern,029,883053,88958,86170,9004,95174,862
2021-02-01,Kings,031,150075,21214,20746,961,21707,172
2021-02-01,Lake,033,64148,2928,2843,1,2844,33
2021-02-01,Lassen,035,31185,4964,4907,91,4998,1
2021-02-01,Los Angeles,037,10098052,1130013,1094341,38503,1132844,16695
2021-02-01,Madera,039,155013,14902,14572,754,15326,94
2021-02-01,Marin,041,260295,12519,12341,160,12501,188
2021-02-01,Mariposa,043,17540,359,344,3,347,4
2021-02-01,Mendocino,045,87422,3352,3192,62,3254,37
2021-02-01,Merced,047,269075,26633,26282,762,27044,337
2021-02-01,Modoc,049,8938,318,303,103,406,1
2021-02-01,Mono,051,14174,1132,1145,13,1158,3
2021-02-01,Monterey,053,433212,40031,39196,1495,40691,278
2021-02-01,Napa,055,140530,8618,8449,31,8480,52
2021-02-01,Nevada,057,99092,3706,3535,149,3684,20
2021-02-01,Orange,059,3164182,237717,233155,9881,243036,3100
2021-02-01,Placer,061,380077,19523,18574,1042,19616,204
2021-02-01,Plumas,063,18699,621,554,11,565,2
2021-02-01,Riverside,065,2383286,273915,267025,13374,280399,3092
2021-02-01,Sacramento,067,1510023,88867,86856,1116,87972,1193
2021-02-01,San Benito,069,59416,5488,5432,79,5511,48
2021-02-01,San Bernardino,071,2135413,278029,270012,8500,278512,2172
2021-02-01,San Diego,073,3302833,250587,239121,11821,250942,2619
2021-02-01,San Francisco,075,870044,32239,31703,954,32657,324
2021-02-01,San Joaquin,077,732212,63349,61542,2653,64195,877
2021-02-01,San Luis Obispo,079,281455,18322,17690,502,18192,199
2021-02-01,San Mateo,081,765935,37448,35843,374,36217,220
2021-02-01,Santa Barbara,083,443738,30310,28837,1009,29846,297
2021-02-01,Santa Clara,085,1922200,103914,102462,497,102959,1343
2021-02-01,Santa Cruz,087,273765,14592,13524,759,14283,149
2021-02-01,Shasta,089,179085,10455,10329,1135,11464,112
2021-02-01,Sierra,091,2930,47,42,14,56,0
2021-02-01,Siskiyou,093,43540,1342,1238,211,1449,4
2021-02-01,Solano,095,438530,28423,27844,331,28175,117
2021-02-01,Sonoma,097,501317,26308,26011,143,26154,243
2021-02-01,Stanislaus,099,539301,47466,46112,5097,51209,642
2021-02-01,Sutter,101,95872,8459,8313,83,8396,89
2021-02-01,Tehama,103,63373,4363,4263,488,4751,21
2021-02-01,Trinity,105,12862,368,260,47,307,3
2021-02-01,Tulare,107,460477,45679,44569,7303,51872,618
2021-02-01,Tuolumne,109,53932,3596,3534,29,3563,39
2021-02-01,Ventura,111,848112,72785,71104,2657,73761,502
2021-02-01,Yolo,113,214977,12222,11824,184,12008,151
2021-02-01,Yuba,115,75493,5189,5084,77,5161,33
2021-01-31,Alameda,001,1643700,75548,73979,1669,75648,857
2021-01-31,Alpine,003,1148,74,72,0,72,0
2021-01-31,Amador,005,37829,3294,3212,26,3238,32
2021-01-31,Butte,007,227075,10733,10215,1561,11776,140
2021-01-31,Calaveras,009,45235,1793,1778,11,1789,21
2021-01-31,Colusa,011,21464,1776,1754,217,1971,9
2021-01-31,Contra Costa,013,1133247,58824,57079,1034,58113,531
2021-01-31,Del Norte,015,27424,892,865,4,869,2
2021-01-31,El Dorado,017,186661,8598,8317,593,8910,83
2021-01-31,Fresno,019,978130,91372,88852,7243,96095,994
2021-01-31,Glenn,021,27897,2118,2083,459,2542,14
2021-01-31,Humboldt,023,135768,2856,2767,18,2785,25
2021-01-31,Imperial,025,180216,26559,26206,2525,28731,530
2021-01-31,Inyo,027,18085,1107,1072,0,1072,27
2021-01-31,Kern,029,883053,88464,85872,8915,94787,861
2021-01-31,Kings,031,150075,21130,20709,949,21658,172
2021-01-31,Lake,033,64148,2907,2826,1,2827,33
2021-01-31,Lassen,035,31185,4948,4900,91,4991,1
2021-01-31,Los Angeles,037,10098052,1125406,1090304,38292,1128596,16609
2021-01-31,Madera,039,155013,14848,14496,746,15242,94
2021-01-31,Marin,041,260295,12472,12297,156,12453,185
2021-01-31,Mariposa,043,17540,357,344,3,347,4
2021-01-31,Mendocino,045,87422,3329,3181,61,3242,37
2021-01-31,Merced,047,269075,26489,26222,757,26979,337
2021-01-31,Modoc,049,8938,315,304,101,405,1
2021-01-31,Mono,051,14174,1129,1146,13,1159,3
2021-01-31,Monterey,053,433212,39852,39035,1467,40502,278
2021-01-31,Napa,055,140530,8576,8404,31,8435,52
2021-01-31,Nevada,057,99092,3684,3518,147,3665,20
2021-01-31,Orange,059,3164182,236698,232347,9840,242187,3053
2021-01-31,Placer,061,380077,19450,18506,1030,19536,204
2021-01-31,Plumas,063,18699,620,554,11,565,2
2021-01-31,Riverside,065,2383286,272944,266145,13326,279471,3074
2021-01-31,Sacramento,067,1510023,88427,86560,1100,87660,1186
2021-01-31,San Benito,069,59416,5466,5425,77,5502,48
2021-01-31,San Bernardino,071,2135413,276993,269533,8467,278000,2156
2021-01-31,San Diego,073,3302833,249274,238039,11707,249746,2619
2021-01-31,San Francisco,075,870044,32049,31563,942,32505,323
2021-01-31,San Joaquin,077,732212,62946,61379,2643,64022,877
2021-01-31,San Luis Obispo,079,281455,18188,17615,497,18112,199
2021-01-31,San Mateo,081,765935,37258,35659,371,36030,219
2021-01-31,Santa Barbara,083,443738,30071,28570,1000,29570,297
2021-01-31,Santa Clara,085,1922200,103365,101986,488,102474,1330
2021-01-31,Santa Cruz,087,273765,14497,13469,745,14214,149
2021-01-31,Shasta,089,179085,10410,10313,1126,11439,112
2021-01-31,Sierra,091,2930,46,43,14,57,0
2021-01-31,Siskiyou,093,43540,1332,1238,211,1449,4
2021-01-31,Solano,095,438530,28293,27678,331,28009,118
2021-01-31,Sonoma,097,501317,26206,25925,142,26067,243
2021-01-31,Stanislaus,099,539301,47183,45971,5056,51027,642
2021-01-31,Sutter,101,95872,8414,8289,83,8372,89
2021-01-31,Tehama,103,63373,4343,4256,487,4743,21
2021-01-31,Trinity,105,12862,366,260,47,307,3
2021-01-31,Tulare,107,460477,45512,44440,7221,51661,618
2021-01-31,Tuolumne,109,53932,3557,3519,29,3548,39
2021-01-31,Ventura,111,848112,72190,70635,2644,73279,502
2021-01-31,Yolo,113,214977,12161,11771,178,11949,151
2021-01-31,Yuba,115,75493,5169,5071,76,5147,33
2021-01-30,Alameda,001,1643700,75343,73622,1664,75286,850
2021-01-30,Alpine,003,1148,74,72,0,72,0
2021-01-30,Amador,005,37829,3290,3181,26,3207,32
2021-01-30,Butte,007,227075,10698,10177,1552,11729,139
2021-01-30,Calaveras,009,45235,1780,1763,11,1774,21
2021-01-30,Colusa,011,21464,1774,1748,217,1965,9
2021-01-30,Contra Costa,013,1133247,58639,56763,1030,57793,531
2021-01-30,Del Norte,015,27424,891,865,4,869,2
2021-01-30,El Dorado,017,186661,8578,8299,592,8891,83
2021-01-30,Fresno,019,978130,91194,88476,7223,95699,964
2021-01-30,Glenn,021,27897,2115,2074,457,2531,14
2021-01-30,Humboldt,023,135768,2845,2742,18,2760,24
2021-01-30,Imperial,025,180216,26538,26160,2524,28684,530
2021-01-30,Inyo,027,18085,1103,1068,0,1068,27
2021-01-30,Kern,029,883053,88263,85572,8849,94421,848
2021-01-30,Kings,031,150075,21059,20605,944,21549,169
2021-01-30,Lake,033,64148,2901,2809,1,2810,33
2021-01-30,Lassen,035,31185,4945,4890,91,4981,1
2021-01-30,Los Angeles,037,10098052,1123037,1084763,38147,1122910,16484
2021-01-30,Madera,039,155013,14806,14443,741,15184,94
2021-01-30,Marin,041,260295,12444,12225,155,12380,185
2021-01-30,Mariposa,043,17540,355,344,3,347,4
2021-01-30,Mendocino,045,87422,3315,3153,60,3213,36
2021-01-30,Merced,047,269075,26414,26078,756,26834,335
2021-01-30,Modoc,049,8938,315,303,101,404,1
2021-01-30,Mono,051,14174,1129,1143,13,1156,3
2021-01-30,Monterey,053,433212,39791,38847,1464,40311,277
2021-01-30,Napa,055,140530,8560,8342,31,8373,52
2021-01-30,Nevada,057,99092,3665,3499,147,3646,20
2021-01-30,Orange,059,3164182,236153,231358,9801,241159,3013
2021-01-30,Placer,061,380077,19399,18430,1024,19454,205
2021-01-30,Plumas,063,18699,618,554,11,565,2
2021-01-30,Riverside,065,2383286,272354,265137,13293,278430,3061
2021-01-30,Sacramento,067,1510023,88235,86388,1094,87482,1184
2021-01-30,San Benito,069,59416,5448,5401,76,5477,48
2021-01-30,San Bernardino,071,2135413,276578,268660,8449,277109,2122
2021-01-30,San Diego,073,3302833,248516,236765,11665,248430,2603
2021-01-30,San Francisco,075,870044,31948,31427,938,32365,316
2021-01-30,San Joaquin,077,732212,62812,61120,2633,63753,864
2021-01-30,San Luis Obispo,079,281455,18110,17522,494,18016,198
2021-01-30,San Mateo,081,765935,37119,35451,370,35821,219
2021-01-30,Santa Barbara,083,443738,29929,28342,997,29339,296
2021-01-30,Santa Clara,085,1922200,103018,101471,485,101956,1307
2021-01-30,Santa Cruz,087,273765,14457,13383,744,14127,149
2021-01-30,Shasta,089,179085,10392,10283,1122,11405,112
2021-01-30,Sierra,091,2930,46,43,14,57,0
2021-01-30,Siskiyou,093,43540,1330,1236,209,1445,4
2021-01-30,Solano,095,438530,28210,27511,329,27840,118
2021-01-30,Sonoma,097,501317,26157,25810,139,25949,243
2021-01-30,Stanislaus,099,539301,47054,45697,5032,50729,642
2021-01-30,Sutter,101,95872,8398,8226,83,8309,87
2021-01-30,Tehama,103,63373,4329,4229,486,4715,21
2021-01-30,Trinity,105,12862,366,259,47,306,3
2021-01-30,Tulare,107,460477,45378,44203,7183,51386,615
2021-01-30,Tuolumne,109,53932,3553,3508,29,3537,36
2021-01-30,Ventura,111,848112,71879,69931,2627,72558,493
2021-01-30,Yolo,113,214977,12147,11698,177,11875,151
2021-01-30,Yuba,115,75493,5159,5042,75,5117,33
2021-01-29,Alameda,001,1643700,75076,73210,1657,74867,841
2021-01-29,Alpine,003,1148,74,72,0,72,0
2021-01-29,Amador,005,37829,3278,3134,25,3159,32
2021-01-29,Butte,007,227075,10667,10122,1542,11664,138
2021-01-29,Calaveras,009,45235,1773,1757,11,1768,21
2021-01-29,Colusa,011,21464,1770,1734,216,1950,8
2021-01-29,Contra Costa,013,1133247,58466,56318,1028,57346,529
2021-01-29,Del Norte,015,27424,890,865,4,869,2
2021-01-29,El Dorado,017,186661,8561,8231,591,8822,83
2021-01-29,Fresno,019,978130,90981,87936,7184,95120,962
2021-01-29,Glenn,021,27897,2110,2061,456,2517,14
2021-01-29,Humboldt,023,135768,2832,2707,18,2725,24
2021-01-29,Imperial,025,180216,26523,26045,2521,28566,521
2021-01-29,Inyo,027,18085,1091,1048,0,1048,27
2021-01-29,Kern,029,883053,88038,85044,8796,93840,836
2021-01-29,Kings,031,150075,21020,20466,939,21405,169
2021-01-29,Lake,033,64148,2892,2792,1,2793,32
2021-01-29,Lassen,035,31185,4942,4874,91,4965,1
2021-01-29,Los Angeles,037,10098052,1119573,1078329,37990,1116319,16190
2021-01-29,Madera,039,155013,14755,14377,741,15118,94
2021-01-29,Marin,041,260295,12401,12145,154,12299,185
2021-01-29,Mariposa,043,17540,354,342,3,345,4
2021-01-29,Mendocino,045,87422,3306,3131,59,3190,36
2021-01-29,Merced,047,269075,26339,25865,752,26617,334
2021-01-29,Modoc,049,8938,314,297,101,398,1
2021-01-29,Mono,051,14174,1127,1139,13,1152,3
2021-01-29,Monterey,053,433212,39671,38539,1455,39994,277
2021-01-29,Napa,055,140530,8528,8276,31,8307,52
2021-01-29,Nevada,057,99092,3656,3487,146,3633,20
2021-01-29,Orange,059,3164182,235473,229917,9762,239679,2967
2021-01-29,Placer,061,380077,19344,18367,1020,19387,203
2021-01-29,Plumas,063,18699,617,548,11,559,2
2021-01-29,Riverside,065,2383286,271562,263504,13258,276762,3008
2021-01-29,Sacramento,067,1510023,87980,86320,1090,87410,1169
2021-01-29,San Benito,069,59416,5440,5386,76,5462,48
2021-01-29,San Bernardino,071,2135413,276063,267490,8407,275897,2095
2021-01-29,San Diego,073,3302833,247574,234637,11587,246224,2571
2021-01-29,San Francisco,075,870044,31807,31294,929,32223,307
2021-01-29,San Joaquin,077,732212,62666,60899,2618,63517,858
2021-01-29,San Luis Obispo,079,281455,18050,17440,489,17929,193
2021-01-29,San Mateo,081,765935,36986,35223,367,35590,218
2021-01-29,Santa Barbara,083,443738,29799,28105,991,29096,291
2021-01-29,Santa Clara,085,1922200,102652,101010,483,101493,1273
2021-01-29,Santa Cruz,087,273765,14404,13311,741,14052,148
2021-01-29,Shasta,089,179085,10375,10220,1118,11338,112
2021-01-29,Sierra,091,2930,46,43,14,57,0
2021-01-29,Siskiyou,093,43540,1329,1227,209,1436,4
2021-01-29,Solano,095,438530,28124,27352,326,27678,116
2021-01-29,Sonoma,097,501317,26095,25710,138,25848,243
2021-01-29,Stanislaus,099,539301,46906,45466,5013,50479,642
2021-01-29,Sutter,101,95872,8379,8181,83,8264,87
2021-01-29,Tehama,103,63373,4316,4191,484,4675,20
2021-01-29,Trinity,105,12862,366,260,47,307,3
2021-01-29,Tulare,107,460477,45273,43925,7142,51067,606
2021-01-29,Tuolumne,109,53932,3543,3483,29,3512,36
2021-01-29,Ventura,111,848112,71455,69511,2613,72124,484
2021-01-29,Yolo,113,214977,12109,11612,176,11788,151
2021-01-29,Yuba,115,75493,5143,5018,75,5093,32
2021-01-28,Alameda,001,1643700,74648,72758,1649,74407,833
2021-01-28,Alpine,003,1148,74,72,0,72,0
2021-01-28,Amador,005,37829,3241,3124,25,3149,31
2021-01-28,Butte,007,227075,10627,10037,1531,11568,138
2021-01-28,Calaveras,009,45235,1758,1747,10,1757,21
2021-01-28,Colusa,011,21464,1763,1731,212,1943,8
2021-01-28,Contra Costa,013,1133247,58223,55999,1018,57017,525
2021-01-28,Del Norte,015,27424,889,862,4,866,2
2021-01-28,El Dorado,017,186661,8548,8198,586,8784,79
2021-01-28,Fresno,019,978130,90695,87401,7133,94534,949
2021-01-28,Glenn,021,27897,2105,2043,447,2490,14
2021-01-28,Humboldt,023,135768,2815,2686,18,2704,24
2021-01-28,Imperial,025,180216,26479,25984,2514,28498,517
2021-01-28,Inyo,027,18085,1086,1039,0,1039,27
2021-01-28,Kern,029,883053,87707,84708,8710,93418,817
2021-01-28,Kings,031,150075,20961,20328,934,21262,167
2021-01-28,Lake,033,64148,2877,2772,1,2773,32
2021-01-28,Lassen,035,31185,4936,4865,91,4956,1
2021-01-28,Los Angeles,037,10098052,1115695,1072412,37791,1110203,15967
2021-01-28,Madera,039,155013,14699,14301,737,15038,94
2021-01-28,Marin,041,260295,12348,12079,153,12232,183
2021-01-28,Mariposa,043,17540,354,334,3,337,4
2021-01-28,Mendocino,045,87422,3289,3110,59,3169,36
2021-01-28,Merced,047,269075,26214,25620,744,26364,328
2021-01-28,Modoc,049,8938,313,297,101,398,0
2021-01-28,Mono,051,14174,1125,1131,13,1144,3
2021-01-28,Monterey,053,433212,39469,38312,1437,39749,274
2021-01-28,Napa,055,140530,8480,8233,31,8264,50
2021-01-28,Nevada,057,99092,3641,3452,145,3597,19
2021-01-28,Orange,059,3164182,234494,228636,9731,238367,2860
2021-01-28,Placer,061,380077,19275,18246,1017,19263,198
2021-01-28,Plumas,063,18699,616,547,11,558,2
2021-01-28,Riverside,065,2383286,270798,262342,13209,275551,2981
2021-01-28,Sacramento,067,1510023,87617,85698,1079,86777,1149
2021-01-28,San Benito,069,59416,5422,5344,75,5419,47
2021-01-28,San Bernardino,071,2135413,275368,266456,8385,274841,2057
2021-01-28,San Diego,073,3302833,246423,232967,11498,244465,2534
2021-01-28,San Francisco,075,870044,31670,31193,913,32106,290
2021-01-28,San Joaquin,077,732212,62401,60627,2602,63229,854
2021-01-28,San Luis Obispo,079,281455,17950,17279,487,17766,189
2021-01-28,San Mateo,081,765935,36817,34931,351,35282,218
2021-01-28,Santa Barbara,083,443738,29580,27674,978,28652,284
2021-01-28,Santa Clara,085,1922200,102186,100470,480,100950,1219
2021-01-28,Santa Cruz,087,273765,14315,13188,735,13923,145
2021-01-28,Shasta,089,179085,10341,10176,1110,11286,110
2021-01-28,Sierra,091,2930,46,43,14,57,0
2021-01-28,Siskiyou,093,43540,1322,1218,207,1425,4
2021-01-28,Solano,095,438530,27964,27163,325,27488,114
2021-01-28,Sonoma,097,501317,26003,25564,138,25702,236
2021-01-28,Stanislaus,099,539301,46688,45162,4989,50151,640
2021-01-28,Sutter,101,95872,8331,8136,83,8219,85
2021-01-28,Tehama,103,63373,4297,4163,481,4644,20
2021-01-28,Trinity,105,12862,364,260,47,307,3
2021-01-28,Tulare,107,460477,45117,43742,7061,50803,595
2021-01-28,Tuolumne,109,53932,3529,3472,29,3501,32
2021-01-28,Ventura,111,848112,70944,68896,2593,71489,475
2021-01-28,Yolo,113,214977,12067,11500,171,11671,151
2021-01-28,Yuba,115,75493,5127,4994,74,5068,32
2021-01-27,Alameda,001,1643700,74220,72188,1641,73829,815
2021-01-27,Alpine,003,1148,74,72,0,72,0
2021-01-27,Amador,005,37829,3225,3116,25,3141,31
2021-01-27,Butte,007,227075,10588,9988,1519,11507,138
2021-01-27,Calaveras,009,45235,1749,1737,10,1747,21
2021-01-27,Colusa,011,21464,1757,1724,210,1934,8
2021-01-27,Contra Costa,013,1133247,57924,55578,1015,56593,507
2021-01-27,Del Norte,015,27424,888,859,4,863,2
2021-01-27,El Dorado,017,186661,8522,8141,585,8726,76
2021-01-27,Fresno,019,978130,90403,86886,7091,93977,938
2021-01-27,Glenn,021,27897,2101,2042,446,2488,14
2021-01-27,Humboldt,023,135768,2793,2630,18,2648,24
2021-01-27,Imperial,025,180216,26425,25861,2501,28362,504
2021-01-27,Inyo,027,18085,1082,1023,0,1023,27
2021-01-27,Kern,029,883053,87394,84244,8641,92885,809
2021-01-27,Kings,031,150075,20855,20211,926,21137,167
2021-01-27,Lake,033,64148,2857,2750,1,2751,32
2021-01-27,Lassen,035,31185,4930,4851,91,4942,1
2021-01-27,Los Angeles,037,10098052,1110930,1066569,37573,1104142,15757
2021-01-27,Madera,039,155013,14658,14194,732,14926,86
2021-01-27,Marin,041,260295,12311,12028,152,12180,180
2021-01-27,Mariposa,043,17540,354,333,3,336,4
2021-01-27,Mendocino,045,87422,3269,3095,59,3154,36
2021-01-27,Merced,047,269075,26055,25439,733,26172,315
2021-01-27,Modoc,049,8938,313,297,98,395,0
2021-01-27,Mono,051,14174,1123,1131,13,1144,3
2021-01-27,Monterey,053,433212,39265,38139,1418,39557,268
2021-01-27,Napa,055,140530,8408,8187,31,8218,46
2021-01-27,Nevada,057,99092,3619,3431,145,3576,18
2021-01-27,Orange,059,3164182,233374,227110,9676,236786,2832
2021-01-27,Placer,061,380077,19201,18106,1006,19112,198
2021-01-27,Plumas,063,18699,616,544,11,555,2
2021-01-27,Riverside,065,2383286,269626,260796,13157,273953,2931
2021-01-27,Sacramento,067,1510023,87256,85428,1068,86496,1142
2021-01-27,San Benito,069,59416,5407,5284,75,5359,47
2021-01-27,San Bernardino,071,2135413,274517,265153,8355,273508,2019
2021-01-27,San Diego,073,3302833,245094,231478,11393,242871,2465
2021-01-27,San Francisco,075,870044,31527,31082,906,31988,287
2021-01-27,San Joaquin,077,732212,62132,60131,2578,62709,853
2021-01-27,San Luis Obispo,079,281455,17843,17119,483,17602,188
2021-01-27,San Mateo,081,765935,36663,34619,347,34966,216
2021-01-27,Santa Barbara,083,443738,29406,27435,972,28407,282
2021-01-27,Santa Clara,085,1922200,101782,99732,476,100208,1184
2021-01-27,Santa Cruz,087,273765,14245,13111,732,13843,143
2021-01-27,Shasta,089,179085,10307,10106,1104,11210,105
2021-01-27,Sierra,091,2930,46,44,14,58,0
2021-01-27,Siskiyou,093,43540,1316,1214,204,1418,4
2021-01-27,Solano,095,438530,27787,26982,318,27300,112
2021-01-27,Sonoma,097,501317,25905,25361,138,25499,237
2021-01-27,Stanislaus,099,539301,46503,44874,4960,49834,624
2021-01-27,Sutter,101,95872,8288,8093,82,8175,83
2021-01-27,Tehama,103,63373,4272,4133,477,4610,20
2021-01-27,Trinity,105,12862,364,260,47,307,3
2021-01-27,Tulare,107,460477,44932,43462,6986,50448,583
2021-01-27,Tuolumne,109,53932,3519,3464,29,3493,32
2021-01-27,Ventura,111,848112,70471,68291,2568,70859,468
2021-01-27,Yolo,113,214977,12020,11427,167,11594,151
2021-01-27,Yuba,115,75493,5111,4968,74,5042,32
2021-01-26,Alameda,001,1643700,73845,71851,1624,73475,789
2021-01-26,Alpine,003,1148,74,72,0,72,0
2021-01-26,Amador,005,37829,3214,3113,25,3138,31
2021-01-26,Butte,007,227075,10546,9943,1513,11456,136
2021-01-26,Calaveras,009,45235,1741,1723,10,1733,21
2021-01-26,Colusa,011,21464,1750,1719,207,1926,8
2021-01-26,Contra Costa,013,1133247,57643,55337,1007,56344,491
2021-01-26,Del Norte,015,27424,887,856,4,860,2
2021-01-26,El Dorado,017,186661,8497,8115,582,8697,71
2021-01-26,Fresno,019,978130,90047,86673,7046,93719,923
2021-01-26,Glenn,021,27897,2091,2034,442,2476,13
2021-01-26,Humboldt,023,135768,2771,2612,17,2629,24
2021-01-26,Imperial,025,180216,26355,25812,2486,28298,498
2021-01-26,Inyo,027,18085,1075,1018,0,1018,27
2021-01-26,Kern,029,883053,86969,83868,8562,92430,790
2021-01-26,Kings,031,150075,20797,20156,921,21077,159
2021-01-26,Lake,033,64148,2848,2748,1,2749,32
2021-01-26,Lassen,035,31185,4924,4844,91,4935,1
2021-01-26,Los Angeles,037,10098052,1105679,1060492,37357,1097849,15458
2021-01-26,Madera,039,155013,14601,14130,726,14856,86
2021-01-26,Marin,041,260295,12266,11993,150,12143,179
2021-01-26,Mariposa,043,17540,352,332,3,335,3
2021-01-26,Mendocino,045,87422,3243,3076,58,3134,36
2021-01-26,Merced,047,269075,25915,25359,726,26085,309
2021-01-26,Modoc,049,8938,306,291,97,388,0
2021-01-26,Mono,051,14174,1122,1120,13,1133,3
2021-01-26,Monterey,053,433212,39070,37963,1397,39360,255
2021-01-26,Napa,055,140530,8351,8145,31,8176,43
2021-01-26,Nevada,057,99092,3612,3410,144,3554,18
2021-01-26,Orange,059,3164182,232247,225987,9631,235618,2760
2021-01-26,Placer,061,380077,19128,18016,1004,19020,193
2021-01-26,Plumas,063,18699,614,536,11,547,2
2021-01-26,Riverside,065,2383286,268293,259399,13094,272493,2898
2021-01-26,Sacramento,067,1510023,86898,85062,1061,86123,1127
2021-01-26,San Benito,069,59416,5393,5251,74,5325,45
2021-01-26,San Bernardino,071,2135413,273527,263736,8310,272046,1970
2021-01-26,San Diego,073,3302833,243603,230063,11292,241355,2421
2021-01-26,San Francisco,075,870044,31397,30874,885,31759,286
2021-01-26,San Joaquin,077,732212,61881,59889,2562,62451,847
2021-01-26,San Luis Obispo,079,281455,17762,17016,480,17496,186
2021-01-26,San Mateo,081,765935,36468,34441,336,34777,213
2021-01-26,Santa Barbara,083,443738,29234,27321,959,28280,273
2021-01-26,Santa Clara,085,1922200,101304,99215,472,99687,1171
2021-01-26,Santa Cruz,087,273765,14180,13045,726,13771,134
2021-01-26,Shasta,089,179085,10272,10036,1096,11132,103
2021-01-26,Sierra,091,2930,46,43,14,57,0
2021-01-26,Siskiyou,093,43540,1302,1208,201,1409,4
2021-01-26,Solano,095,438530,27631,26858,312,27170,110
2021-01-26,Sonoma,097,501317,25783,25273,136,25409,236
2021-01-26,Stanislaus,099,539301,46321,44703,4917,49620,599
2021-01-26,Sutter,101,95872,8246,8067,82,8149,83
2021-01-26,Tehama,103,63373,4241,4115,477,4592,20
2021-01-26,Trinity,105,12862,364,260,47,307,3
2021-01-26,Tulare,107,460477,44731,43394,6914,50308,579
2021-01-26,Tuolumne,109,53932,3509,3451,29,3480,30
2021-01-26,Ventura,111,848112,69940,67526,2541,70067,448
2021-01-26,Yolo,113,214977,11975,11361,164,11525,148
2021-01-26,Yuba,115,75493,5086,4944,72,5016,31
2021-01-25,Alameda,001,1643700,73414,71255,1614,72869,780
2021-01-25,Alpine,003,1148,74,72,0,72,0
2021-01-25,Amador,005,37829,3174,3074,25,3099,30
2021-01-25,Butte,007,227075,10480,9865,1505,11370,133
2021-01-25,Calaveras,009,45235,1726,1713,10,1723,21
2021-01-25,Colusa,011,21464,1738,1709,203,1912,8
2021-01-25,Contra Costa,013,1133247,57285,54989,1000,55989,488
2021-01-25,Del Norte,015,27424,886,855,4,859,2
2021-01-25,El Dorado,017,186661,8473,8060,582,8642,66
2021-01-25,Fresno,019,978130,89678,86336,7013,93349,913
2021-01-25,Glenn,021,27897,2080,2028,442,2470,13
2021-01-25,Humboldt,023,135768,2737,2587,17,2604,24
2021-01-25,Imperial,025,180216,26305,25745,2477,28222,491
2021-01-25,Inyo,027,18085,1069,1015,0,1015,27
2021-01-25,Kern,029,883053,86576,83401,8471,91872,787
2021-01-25,Kings,031,150075,20677,20067,917,20984,159
2021-01-25,Lake,033,64148,2829,2729,1,2730,32
2021-01-25,Lassen,035,31185,4898,4835,91,4926,1
2021-01-25,Los Angeles,037,10098052,1099754,1055181,37124,1092305,15163
2021-01-25,Madera,039,155013,14547,14068,721,14789,86
2021-01-25,Marin,041,260295,12213,11923,145,12068,177
2021-01-25,Mariposa,043,17540,349,331,3,334,3
2021-01-25,Mendocino,045,87422,3232,3054,58,3112,35
2021-01-25,Merced,047,269075,25776,25181,717,25898,305
2021-01-25,Modoc,049,8938,305,288,93,381,0
2021-01-25,Mono,051,14174,1119,1114,12,1126,3
2021-01-25,Monterey,053,433212,38816,37726,1376,39102,255
2021-01-25,Napa,055,140530,8317,8057,30,8087,43
2021-01-25,Nevada,057,99092,3598,3365,144,3509,18
2021-01-25,Orange,059,3164182,231043,225105,9589,234694,2696
2021-01-25,Placer,061,380077,19034,17936,989,18925,193
2021-01-25,Plumas,063,18699,611,533,11,544,2
2021-01-25,Riverside,065,2383286,266613,258082,13040,271122,2789
2021-01-25,Sacramento,067,1510023,86454,84653,1053,85706,1118
2021-01-25,San Benito,069,59416,5356,5238,73,5311,43
2021-01-25,San Bernardino,071,2135413,272577,263174,8273,271447,1947
2021-01-25,San Diego,073,3302833,241989,228630,11221,239851,2375
2021-01-25,San Francisco,075,870044,31249,30734,862,31596,288
2021-01-25,San Joaquin,077,732212,61588,59291,2533,61824,838
2021-01-25,San Luis Obispo,079,281455,17628,16868,475,17343,179
2021-01-25,San Mateo,081,765935,36233,34187,330,34517,213
2021-01-25,Santa Barbara,083,443738,29003,27065,948,28013,269
2021-01-25,Santa Clara,085,1922200,100733,98647,464,99111,1143
2021-01-25,Santa Cruz,087,273765,14093,12973,720,13693,133
2021-01-25,Shasta,089,179085,10231,9991,1085,11076,103
2021-01-25,Sierra,091,2930,46,42,14,56,0
2021-01-25,Siskiyou,093,43540,1294,1205,198,1403,4
2021-01-25,Solano,095,438530,27462,26648,311,26959,109
2021-01-25,Sonoma,097,501317,25672,25160,134,25294,233
2021-01-25,Stanislaus,099,539301,46076,44293,4874,49167,599
2021-01-25,Sutter,101,95872,8202,8023,82,8105,83
2021-01-25,Tehama,103,63373,4214,4082,473,4555,20
2021-01-25,Trinity,105,12862,364,262,47,309,3
2021-01-25,Tulare,107,460477,44516,43124,6808,49932,578
2021-01-25,Tuolumne,109,53932,3500,3422,29,3451,29
2021-01-25,Ventura,111,848112,69297,66910,2523,69433,439
2021-01-25,Yolo,113,214977,11889,11276,162,11438,140
2021-01-25,Yuba,115,75493,5062,4900,70,4970,31
2021-01-24,Alameda,001,1643700,72906,70823,1602,72425,780
2021-01-24,Alpine,003,1148,74,72,0,72,0
2021-01-24,Amador,005,37829,3141,3054,25,3079,30
2021-01-24,Butte,007,227075,10396,9820,1486,11306,133
2021-01-24,Calaveras,009,45235,1713,1704,10,1714,21
2021-01-24,Colusa,011,21464,1727,1689,197,1886,8
2021-01-24,Contra Costa,013,1133247,56896,54694,987,55681,488
2021-01-24,Del Norte,015,27424,881,855,4,859,2
2021-01-24,El Dorado,017,186661,8439,8003,578,8581,66
2021-01-24,Fresno,019,978130,89242,85808,6973,92781,911
2021-01-24,Glenn,021,27897,2074,2026,440,2466,13
2021-01-24,Humboldt,023,135768,2698,2562,17,2579,24
2021-01-24,Imperial,025,180216,26211,25707,2448,28155,488
2021-01-24,Inyo,027,18085,1053,1007,0,1007,27
2021-01-24,Kern,029,883053,86136,83125,8358,91483,785
2021-01-24,Kings,031,150075,20551,19988,899,20887,159
2021-01-24,Lake,033,64148,2811,2724,0,2724,32
2021-01-24,Lassen,035,31185,4887,4828,88,4916,1
2021-01-24,Los Angeles,037,10098052,1093387,1048757,36809,1085566,15119
2021-01-24,Madera,039,155013,14456,14000,715,14715,86
2021-01-24,Marin,041,260295,12147,11872,139,12011,177
2021-01-24,Mariposa,043,17540,345,322,3,325,3
2021-01-24,Mendocino,045,87422,3211,3037,57,3094,33
2021-01-24,Merced,047,269075,25563,25047,709,25756,305
2021-01-24,Modoc,049,8938,305,285,93,378,0
2021-01-24,Mono,051,14174,1112,1113,12,1125,3
2021-01-24,Monterey,053,433212,38540,37527,1343,38870,254
2021-01-24,Napa,055,140530,8275,8005,30,8035,43
2021-01-24,Nevada,057,99092,3556,3349,142,3491,18
2021-01-24,Orange,059,3164182,229612,223853,9522,233375,2632
2021-01-24,Placer,061,380077,18922,17839,967,18806,193
2021-01-24,Plumas,063,18699,608,532,11,543,2
2021-01-24,Riverside,065,2383286,265012,256767,12962,269729,2761
2021-01-24,Sacramento,067,1510023,85882,84110,1046,85156,1112
2021-01-24,San Benito,069,59416,5314,5223,70,5293,43
2021-01-24,San Bernardino,071,2135413,271255,262370,8215,270585,1935
2021-01-24,San Diego,073,3302833,240297,227193,11090,238283,2375
2021-01-24,San Francisco,075,870044,31062,30559,839,31398,275
2021-01-24,San Joaquin,077,732212,61162,59021,2517,61538,838
2021-01-24,San Luis Obispo,079,281455,17506,16758,473,17231,179
2021-01-24,San Mateo,081,765935,35989,33956,325,34281,213
2021-01-24,Santa Barbara,083,443738,28690,26735,938,27673,269
2021-01-24,Santa Clara,085,1922200,100083,98103,460,98563,1109
2021-01-24,Santa Cruz,087,273765,14007,12905,712,13617,133
2021-01-24,Shasta,089,179085,10160,9978,1076,11054,103
2021-01-24,Sierra,091,2930,45,42,14,56,0
2021-01-24,Siskiyou,093,43540,1287,1195,198,1393,4
2021-01-24,Solano,095,438530,27274,26515,307,26822,109
2021-01-24,Sonoma,097,501317,25488,25045,133,25178,233
2021-01-24,Stanislaus,099,539301,45766,44031,4815,48846,599
2021-01-24,Sutter,101,95872,8134,7980,81,8061,83
2021-01-24,Tehama,103,63373,4174,4062,465,4527,20
2021-01-24,Trinity,105,12862,364,262,47,309,3
2021-01-24,Tulare,107,460477,44301,43006,6710,49716,577
2021-01-24,Tuolumne,109,53932,3490,3416,29,3445,29
2021-01-24,Ventura,111,848112,68583,66347,2498,68845,439
2021-01-24,Yolo,113,214977,11804,11210,158,11368,140
2021-01-24,Yuba,115,75493,5022,4875,69,4944,31
2021-01-23,Alameda,001,1643700,72659,70080,1593,71673,780
2021-01-23,Alpine,003,1148,74,72,0,72,0
2021-01-23,Amador,005,37829,3138,3049,25,3074,30
2021-01-23,Butte,007,227075,10366,9757,1481,11238,133
2021-01-23,Calaveras,009,45235,1710,1695,10,1705,21
2021-01-23,Colusa,011,21464,1723,1672,196,1868,8
2021-01-23,Contra Costa,013,1133247,56684,54162,979,55141,487
2021-01-23,Del Norte,015,27424,880,855,4,859,2
2021-01-23,El Dorado,017,186661,8423,7984,576,8560,66
2021-01-23,Fresno,019,978130,89059,85274,6942,92216,910
2021-01-23,Glenn,021,27897,2071,2015,436,2451,13
2021-01-23,Humboldt,023,135768,2679,2493,16,2509,23
2021-01-23,Imperial,025,180216,26180,25581,2439,28020,487
2021-01-23,Inyo,027,18085,1044,987,0,987,27
2021-01-23,Kern,029,883053,85894,82602,8282,90884,783
2021-01-23,Kings,031,150075,20507,19904,897,20801,159
2021-01-23,Lake,033,64148,2803,2673,0,2673,32
2021-01-23,Lassen,035,31185,4886,4816,85,4901,1
2021-01-23,Los Angeles,037,10098052,1090185,1040961,36644,1077605,15034
2021-01-23,Madera,039,155013,14420,13858,713,14571,86
2021-01-23,Marin,041,260295,12091,11796,137,11933,177
2021-01-23,Mariposa,043,17540,345,323,3,326,3
2021-01-23,Mendocino,045,87422,3197,2991,57,3048,32
2021-01-23,Merced,047,269075,25471,24787,695,25482,303
2021-01-23,Modoc,049,8938,305,285,93,378,0
2021-01-23,Mono,051,14174,1110,1111,12,1123,3
2021-01-23,Monterey,053,433212,38457,37165,1338,38503,253
2021-01-23,Napa,055,140530,8250,7893,30,7923,43
2021-01-23,Nevada,057,99092,3545,3332,141,3473,18
2021-01-23,Orange,059,3164182,228843,221722,9479,231201,2618
2021-01-23,Placer,061,380077,18873,17617,962,18579,193
2021-01-23,Plumas,063,18699,607,528,11,539,2
2021-01-23,Riverside,065,2383286,264138,253636,12906,266542,2733
2021-01-23,Sacramento,067,1510023,85655,83408,1043,84451,1108
2021-01-23,San Benito,069,59416,5290,5166,69,5235,43
2021-01-23,San Bernardino,071,2135413,270714,260381,8181,268562,1922
2021-01-23,San Diego,073,3302833,239237,225556,11018,236574,2344
2021-01-23,San Francisco,075,870044,30956,30308,809,31117,268
2021-01-23,San Joaquin,077,732212,61037,58164,2505,60669,836
2021-01-23,San Luis Obispo,079,281455,17443,16652,470,17122,176
2021-01-23,San Mateo,081,765935,35813,33696,314,34010,213
2021-01-23,Santa Barbara,083,443738,28509,26234,929,27163,264
2021-01-23,Santa Clara,085,1922200,99730,97189,459,97648,1086
2021-01-23,Santa Cruz,087,273765,13949,12771,709,13480,127
2021-01-23,Shasta,089,179085,10130,9951,1075,11026,103
2021-01-23,Sierra,091,2930,45,41,14,55,0
2021-01-23,Siskiyou,093,43540,1277,1190,197,1387,4
2021-01-23,Solano,095,438530,27181,26261,305,26566,107
2021-01-23,Sonoma,097,501317,25414,24790,133,24923,232
2021-01-23,Stanislaus,099,539301,45603,43723,4785,48508,599
2021-01-23,Sutter,101,95872,8116,7943,80,8023,80
2021-01-23,Tehama,103,63373,4155,4006,464,4470,20
2021-01-23,Trinity,105,12862,364,262,47,309,3
2021-01-23,Tulare,107,460477,44153,42661,6645,49306,575
2021-01-23,Tuolumne,109,53932,3483,3407,29,3436,29
2021-01-23,Ventura,111,848112,68136,65581,2474,68055,438
2021-01-23,Yolo,113,214977,11762,11087,154,11241,141
2021-01-23,Yuba,115,75493,5011,4831,67,4898,30
2021-01-22,Alameda,001,1643700,72339,69693,1587,71280,751
2021-01-22,Alpine,003,1148,74,71,0,71,0
2021-01-22,Amador,005,37829,3133,3042,25,3067,30
2021-01-22,Butte,007,227075,10317,9711,1468,11179,133
2021-01-22,Calaveras,009,45235,1703,1672,10,1682,21
2021-01-22,Colusa,011,21464,1721,1668,196,1864,7
2021-01-22,Contra Costa,013,1133247,56445,53887,973,54860,485
2021-01-22,Del Norte,015,27424,879,852,4,856,2
2021-01-22,El Dorado,017,186661,8390,7877,573,8450,64
2021-01-22,Fresno,019,978130,88718,84744,6913,91657,892
2021-01-22,Glenn,021,27897,2067,1985,431,2416,13
2021-01-22,Humboldt,023,135768,2655,2452,16,2468,23
2021-01-22,Imperial,025,180216,26145,25562,2424,27986,474
2021-01-22,Inyo,027,18085,1033,961,0,961,26
2021-01-22,Kern,029,883053,85598,82101,8207,90308,771
2021-01-22,Kings,031,150075,20431,19760,893,20653,159
2021-01-22,Lake,033,64148,2791,2681,0,2681,32
2021-01-22,Lassen,035,31185,4878,4765,84,4849,1
2021-01-22,Los Angeles,037,10098052,1085751,1031177,36445,1067622,14777
2021-01-22,Madera,039,155013,14359,13781,712,14493,86
2021-01-22,Marin,041,260295,12054,11769,135,11904,177
2021-01-22,Mariposa,043,17540,345,323,3,326,3
2021-01-22,Mendocino,045,87422,3172,2994,56,3050,32
2021-01-22,Merced,047,269075,25348,24616,687,25303,290
2021-01-22,Modoc,049,8938,305,285,93,378,0
2021-01-22,Mono,051,14174,1110,1108,12,1120,3
2021-01-22,Monterey,053,433212,38303,36909,1333,38242,253
2021-01-22,Napa,055,140530,8204,7828,30,7858,40
2021-01-22,Nevada,057,99092,3520,3296,140,3436,18
2021-01-22,Orange,059,3164182,227893,220384,9431,229815,2542
2021-01-22,Placer,061,380077,18818,17636,947,18583,193
2021-01-22,Plumas,063,18699,605,522,11,533,2
2021-01-22,Riverside,065,2383286,263014,252440,12838,265278,2710
2021-01-22,Sacramento,067,1510023,85330,82861,1035,83896,1094
2021-01-22,San Benito,069,59416,5265,5143,69,5212,43
2021-01-22,San Bernardino,071,2135413,269892,259121,8146,267267,1849
2021-01-22,San Diego,073,3302833,237997,222576,10953,233529,2301
2021-01-22,San Francisco,075,870044,30845,30027,789,30816,266
2021-01-22,San Joaquin,077,732212,60855,58485,2492,60977,812
2021-01-22,San Luis Obispo,079,281455,17354,16336,467,16803,172
2021-01-22,San Mateo,081,765935,35593,33401,310,33711,211
2021-01-22,Santa Barbara,083,443738,28309,25989,918,26907,256
2021-01-22,Santa Clara,085,1922200,99290,96435,456,96891,1062
2021-01-22,Santa Cruz,087,273765,13892,12687,704,13391,123
2021-01-22,Shasta,089,179085,10111,9866,1073,10939,103
2021-01-22,Sierra,091,2930,45,40,14,54,0
2021-01-22,Siskiyou,093,43540,1273,1182,195,1377,4
2021-01-22,Solano,095,438530,27092,26048,303,26351,107
2021-01-22,Sonoma,097,501317,25340,24659,133,24792,232
2021-01-22,Stanislaus,099,539301,45449,43489,4748,48237,599
2021-01-22,Sutter,101,95872,8090,7878,80,7958,80
2021-01-22,Tehama,103,63373,4136,3993,463,4456,19
2021-01-22,Trinity,105,12862,363,263,47,310,3
2021-01-22,Tulare,107,460477,43976,42307,6572,48879,573
2021-01-22,Tuolumne,109,53932,3454,3379,29,3408,29
2021-01-22,Ventura,111,848112,67628,64404,2457,66861,426
2021-01-22,Yolo,113,214977,11728,11014,146,11160,141
2021-01-22,Yuba,115,75493,4987,4789,65,4854,29
2021-01-21,Alameda,001,1643700,71908,69314,1570,70884,739
2021-01-21,Alpine,003,1148,74,71,0,71,0
2021-01-21,Amador,005,37829,3111,3038,25,3063,29
2021-01-21,Butte,007,227075,10246,9643,1461,11104,130
2021-01-21,Calaveras,009,45235,1694,1647,10,1657,21
2021-01-21,Colusa,011,21464,1714,1662,193,1855,7
2021-01-21,Contra Costa,013,1133247,56028,53595,959,54554,478
2021-01-21,Del Norte,015,27424,877,850,3,853,2
2021-01-21,El Dorado,017,186661,8341,7823,570,8393,58
2021-01-21,Fresno,019,978130,88314,84137,6873,91010,889
2021-01-21,Glenn,021,27897,2058,1964,427,2391,13
2021-01-21,Humboldt,023,135768,2633,2423,16,2439,23
2021-01-21,Imperial,025,180216,26054,25509,2408,27917,463
2021-01-21,Inyo,027,18085,1024,946,0,946,26
2021-01-21,Kern,029,883053,85187,81328,8087,89415,769
2021-01-21,Kings,031,150075,20361,19633,874,20507,158
2021-01-21,Lake,033,64148,2775,2669,0,2669,32
2021-01-21,Lassen,035,31185,4872,4763,84,4847,1
2021-01-21,Los Angeles,037,10098052,1079111,1023055,36112,1059167,14537
2021-01-21,Madera,039,155013,14292,13664,704,14368,86
2021-01-21,Marin,041,260295,11998,11732,133,11865,173
2021-01-21,Mariposa,043,17540,341,322,3,325,3
2021-01-21,Mendocino,045,87422,3149,2967,54,3021,32
2021-01-21,Merced,047,269075,25193,24426,681,25107,245
2021-01-21,Modoc,049,8938,302,284,92,376,0
2021-01-21,Mono,051,14174,1105,1104,12,1116,3
2021-01-21,Monterey,053,433212,38026,36149,1322,37471,253
2021-01-21,Napa,055,140530,8140,7774,30,7804,40
2021-01-21,Nevada,057,99092,3491,3274,139,3413,18
2021-01-21,Orange,059,3164182,226515,218867,9373,228240,2540
2021-01-21,Placer,061,380077,18738,17553,943,18496,190
2021-01-21,Plumas,063,18699,601,518,11,529,2
2021-01-21,Riverside,065,2383286,261302,251007,12756,263763,2676
2021-01-21,Sacramento,067,1510023,84851,82303,1015,83318,1084
2021-01-21,San Benito,069,59416,5232,5100,63,5163,43
2021-01-21,San Bernardino,071,2135413,268542,257754,8077,265831,1832
2021-01-21,San Diego,073,3302833,236221,219729,10847,230576,2222
2021-01-21,San Francisco,075,870044,30670,29801,755,30556,266
2021-01-21,San Joaquin,077,732212,60547,58270,2471,60741,806
2021-01-21,San Luis Obispo,079,281455,17268,16153,459,16612,169
2021-01-21,San Mateo,081,765935,35347,33156,296,33452,210
2021-01-21,Santa Barbara,083,443738,28026,25654,904,26558,253
2021-01-21,Santa Clara,085,1922200,98666,96028,448,96476,1062
2021-01-21,Santa Cruz,087,273765,13808,12548,694,13242,119
2021-01-21,Shasta,089,179085,10069,9795,1056,10851,98
2021-01-21,Sierra,091,2930,45,40,14,54,0
2021-01-21,Siskiyou,093,43540,1270,1178,192,1370,4
2021-01-21,Solano,095,438530,26911,25885,299,26184,106
2021-01-21,Sonoma,097,501317,25206,24440,131,24571,230
2021-01-21,Stanislaus,099,539301,45146,43223,4702,47925,599
2021-01-21,Sutter,101,95872,8056,7822,80,7902,80
2021-01-21,Tehama,103,63373,4101,3938,463,4401,19
2021-01-21,Trinity,105,12862,363,261,47,308,3
2021-01-21,Tulare,107,460477,43771,42082,6490,48572,569
2021-01-21,Tuolumne,109,53932,3444,3365,29,3394,29
2021-01-21,Ventura,111,848112,66937,63995,2435,66430,420
2021-01-21,Yolo,113,214977,11637,10940,138,11078,141
2021-01-21,Yuba,115,75493,4956,4757,64,4821,29
2021-01-20,Alameda,001,1643700,71424,68785,1556,70341,702
2021-01-20,Alpine,003,1148,74,71,0,71,0
2021-01-20,Amador,005,37829,3080,3036,25,3061,29
2021-01-20,Butte,007,227075,10190,9582,1451,11033,130
2021-01-20,Calaveras,009,45235,1674,1637,9,1646,21
2021-01-20,Colusa,011,21464,1698,1630,188,1818,7
2021-01-20,Contra Costa,013,1133247,55572,53108,953,54061,461
2021-01-20,Del Norte,015,27424,876,848,3,851,2
2021-01-20,El Dorado,017,186661,8295,7785,566,8351,53
2021-01-20,Fresno,019,978130,87893,83591,6820,90411,872
2021-01-20,Glenn,021,27897,2040,1955,424,2379,13
2021-01-20,Humboldt,023,135768,2590,2390,16,2406,22
2021-01-20,Imperial,025,180216,25985,25380,2370,27750,461
2021-01-20,Inyo,027,18085,1014,901,0,901,26
2021-01-20,Kern,029,883053,84737,80701,7980,88681,754
2021-01-20,Kings,031,150075,20272,19522,865,20387,146
2021-01-20,Lake,033,64148,2753,2646,0,2646,31
2021-01-20,Lassen,035,31185,4864,4758,82,4840,1
2021-01-20,Los Angeles,037,10098052,1071642,1015608,35817,1051425,14299
2021-01-20,Madera,039,155013,14228,13585,699,14284,86
2021-01-20,Marin,041,260295,11944,11684,131,11815,171
2021-01-20,Mariposa,043,17540,339,322,3,325,3
2021-01-20,Mendocino,045,87422,3134,2957,54,3011,32
2021-01-20,Merced,047,269075,25019,24220,660,24880,243
2021-01-20,Modoc,049,8938,301,282,92,374,0
2021-01-20,Mono,051,14174,1098,1105,11,1116,3
2021-01-20,Monterey,053,433212,37709,35960,1299,37259,249
2021-01-20,Napa,055,140530,8071,7731,29,7760,40
2021-01-20,Nevada,057,99092,3459,3238,139,3377,18
2021-01-20,Orange,059,3164182,224978,216893,9307,226200,2500
2021-01-20,Placer,061,380077,18633,17455,925,18380,186
2021-01-20,Plumas,063,18699,599,512,11,523,2
2021-01-20,Riverside,065,2383286,259294,248686,12670,261356,2615
2021-01-20,Sacramento,067,1510023,84289,81687,1004,82691,1072
2021-01-20,San Benito,069,59416,5202,5036,62,5098,35
2021-01-20,San Bernardino,071,2135413,267183,255921,8027,263948,1801
2021-01-20,San Diego,073,3302833,234366,218553,10745,229298,2174
2021-01-20,San Francisco,075,870044,30478,29665,734,30399,262
2021-01-20,San Joaquin,077,732212,60144,58025,2462,60487,783
2021-01-20,San Luis Obispo,079,281455,17087,15936,450,16386,164
2021-01-20,San Mateo,081,765935,35121,32929,295,33224,210
2021-01-20,Santa Barbara,083,443738,27711,25312,892,26204,248
2021-01-20,Santa Clara,085,1922200,97988,94995,446,95441,1040
2021-01-20,Santa Cruz,087,273765,13701,12460,680,13140,107
2021-01-20,Shasta,089,179085,10018,9697,1045,10742,98
2021-01-20,Sierra,091,2930,45,40,14,54,0
2021-01-20,Siskiyou,093,43540,1264,1163,191,1354,4
2021-01-20,Solano,095,438530,26717,25659,295,25954,106
2021-01-20,Sonoma,097,501317,25071,24262,129,24391,223
2021-01-20,Stanislaus,099,539301,44858,42955,4655,47610,585
2021-01-20,Sutter,101,95872,8004,7772,78,7850,80
2021-01-20,Tehama,103,63373,4076,3892,462,4354,19
2021-01-20,Trinity,105,12862,363,260,47,307,3
2021-01-20,Tulare,107,460477,43519,41799,6391,48190,559
2021-01-20,Tuolumne,109,53932,3430,3355,28,3383,29
2021-01-20,Ventura,111,848112,65981,63413,2406,65819,395
2021-01-20,Yolo,113,214977,11566,10852,135,10987,141
2021-01-20,Yuba,115,75493,4929,4729,64,4793,29
2021-01-19,Alameda,001,1643700,70768,68434,1546,69980,680
2021-01-19,Alpine,003,1148,74,71,0,71,0
2021-01-19,Amador,005,37829,3071,3024,25,3049,28
2021-01-19,Butte,007,227075,10124,9528,1437,10965,129
2021-01-19,Calaveras,009,45235,1658,1621,8,1629,21
2021-01-19,Colusa,011,21464,1676,1617,180,1797,7
2021-01-19,Contra Costa,013,1133247,55076,52730,940,53670,448
2021-01-19,Del Norte,015,27424,875,843,3,846,2
2021-01-19,El Dorado,017,186661,8235,7743,558,8301,47
2021-01-19,Fresno,019,978130,87374,83200,6768,89968,857
2021-01-19,Glenn,021,27897,2029,1948,418,2366,13
2021-01-19,Humboldt,023,135768,2566,2359,13,2372,22
2021-01-19,Imperial,025,180216,25906,25333,2351,27684,452
2021-01-19,Inyo,027,18085,1007,891,0,891,26
2021-01-19,Kern,029,883053,84151,80272,7873,88145,742
2021-01-19,Kings,031,150075,20133,19375,853,20228,143
2021-01-19,Lake,033,64148,2738,2625,0,2625,31
2021-01-19,Lassen,035,31185,4857,4753,82,4835,1
2021-01-19,Los Angeles,037,10098052,1062989,1010375,35535,1045910,14014
2021-01-19,Madera,039,155013,14111,13528,691,14219,86
2021-01-19,Marin,041,260295,11886,11654,127,11781,169
2021-01-19,Mariposa,043,17540,339,322,3,325,3
2021-01-19,Mendocino,045,87422,3117,2930,54,2984,32
2021-01-19,Merced,047,269075,24805,24108,654,24762,242
2021-01-19,Modoc,049,8938,300,281,92,373,0
2021-01-19,Mono,051,14174,1097,1106,11,1117,3
2021-01-19,Monterey,053,433212,37388,35840,1276,37116,248
2021-01-19,Napa,055,140530,8012,7672,29,7701,38
2021-01-19,Nevada,057,99092,3441,3216,137,3353,18
2021-01-19,Orange,059,3164182,223238,215244,9238,224482,2468
2021-01-19,Placer,061,380077,18531,17348,915,18263,182
2021-01-19,Plumas,063,18699,592,509,11,520,2
2021-01-19,Riverside,065,2383286,257238,246248,12592,258840,2585
2021-01-19,Sacramento,067,1510023,83751,81183,984,82167,1053
2021-01-19,San Benito,069,59416,5156,4988,61,5049,35
2021-01-19,San Bernardino,071,2135413,265434,253651,7967,261618,1777
2021-01-19,San Diego,073,3302833,231946,216833,10648,227481,2109
2021-01-19,San Francisco,075,870044,30260,29502,700,30202,261
2021-01-19,San Joaquin,077,732212,59764,57655,2447,60102,782
2021-01-19,San Luis Obispo,079,281455,16824,15855,447,16302,161
2021-01-19,San Mateo,081,765935,34836,32730,284,33014,208
2021-01-19,Santa Barbara,083,443738,27328,24991,874,25865,236
2021-01-19,Santa Clara,085,1922200,97206,94483,444,94927,1010
2021-01-19,Santa Cruz,087,273765,13586,12410,670,13080,106
2021-01-19,Shasta,089,179085,9982,9614,1035,10649,93
2021-01-19,Sierra,091,2930,45,40,12,52,0
2021-01-19,Siskiyou,093,43540,1256,1149,190,1339,4
2021-01-19,Solano,095,438530,26470,25520,295,25815,106
2021-01-19,Sonoma,097,501317,24892,24133,127,24260,223
2021-01-19,Stanislaus,099,539301,44508,42723,4597,47320,561
2021-01-19,Sutter,101,95872,7953,7709,72,7781,80
2021-01-19,Tehama,103,63373,4041,3876,460,4336,19
2021-01-19,Trinity,105,12862,362,260,47,307,3
2021-01-19,Tulare,107,460477,43244,41559,6289,47848,549
2021-01-19,Tuolumne,109,53932,3403,3328,28,3356,29
2021-01-19,Ventura,111,848112,65304,62656,2379,65035,383
2021-01-19,Yolo,113,214977,11483,10789,135,10924,134
2021-01-19,Yuba,115,75493,4895,4695,63,4758,29
2021-01-18,Alameda,001,1643700,70126,67938,1528,69466,680
2021-01-18,Alpine,003,1148,74,71,0,71,0
2021-01-18,Amador,005,37829,3057,3016,25,3041,28
2021-01-18,Butte,007,227075,10037,9474,1424,10898,129
2021-01-18,Calaveras,009,45235,1636,1617,7,1624,21
2021-01-18,Colusa,011,21464,1659,1608,175,1783,7
2021-01-18,Contra Costa,013,1133247,54559,52323,932,53255,448
2021-01-18,Del Norte,015,27424,874,840,3,843,2
2021-01-18,El Dorado,017,186661,8166,7707,556,8263,47
2021-01-18,Fresno,019,978130,86765,82485,6699,89184,857
2021-01-18,Glenn,021,27897,2012,1935,414,2349,13
2021-01-18,Humboldt,023,135768,2528,2343,13,2356,22
2021-01-18,Imperial,025,180216,25837,25317,2324,27641,452
2021-01-18,Inyo,027,18085,995,872,0,872,26
2021-01-18,Kern,029,883053,83512,79930,7780,87710,740
2021-01-18,Kings,031,150075,19965,19267,840,20107,141
2021-01-18,Lake,033,64148,2721,2591,0,2591,30
2021-01-18,Lassen,035,31185,4821,4749,81,4830,1
2021-01-18,Los Angeles,037,10098052,1053512,1002614,35237,1037851,13828
2021-01-18,Madera,039,155013,13999,13443,683,14126,85
2021-01-18,Marin,041,260295,11838,11607,125,11732,165
2021-01-18,Mariposa,043,17540,336,320,2,322,3
2021-01-18,Mendocino,045,87422,3094,2919,54,2973,31
2021-01-18,Merced,047,269075,24561,23927,637,24564,242
2021-01-18,Modoc,049,8938,297,281,89,370,0
2021-01-18,Mono,051,14174,1094,1101,11,1112,3
2021-01-18,Monterey,053,433212,36934,35549,1258,36807,247
2021-01-18,Napa,055,140530,7938,7601,29,7630,38
2021-01-18,Nevada,057,99092,3403,3199,136,3335,17
2021-01-18,Orange,059,3164182,221333,213866,9179,223045,2405
2021-01-18,Placer,061,380077,18410,17263,905,18168,182
2021-01-18,Plumas,063,18699,588,506,11,517,2
2021-01-18,Riverside,065,2383286,254963,244151,12500,256651,2568
2021-01-18,Sacramento,067,1510023,83070,80546,968,81514,1046
2021-01-18,San Benito,069,59416,5105,4963,59,5022,35
2021-01-18,San Bernardino,071,2135413,263663,252808,7909,260717,1775
2021-01-18,San Diego,073,3302833,229302,214335,10519,224854,2103
2021-01-18,San Francisco,075,870044,30054,29321,676,29997,259
2021-01-18,San Joaquin,077,732212,59246,57405,2424,59829,782
2021-01-18,San Luis Obispo,079,281455,16637,15742,437,16179,158
2021-01-18,San Mateo,081,765935,34521,32515,265,32780,208
2021-01-18,Santa Barbara,083,443738,26956,24638,860,25498,235
2021-01-18,Santa Clara,085,1922200,96311,93688,440,94128,992
2021-01-18,Santa Cruz,087,273765,13454,12298,657,12955,106
2021-01-18,Shasta,089,179085,9945,9600,1023,10623,92
2021-01-18,Sierra,091,2930,44,40,12,52,0
2021-01-18,Siskiyou,093,43540,1244,1144,188,1332,4
2021-01-18,Solano,095,438530,26191,25344,290,25634,105
2021-01-18,Sonoma,097,501317,24622,24068,126,24194,223
2021-01-18,Stanislaus,099,539301,44151,42413,4547,46960,562
2021-01-18,Sutter,101,95872,7897,7680,69,7749,78
2021-01-18,Tehama,103,63373,3997,3854,453,4307,19
2021-01-18,Trinity,105,12862,362,260,47,307,3
2021-01-18,Tulare,107,460477,42957,41196,6171,47367,549
2021-01-18,Tuolumne,109,53932,3380,3318,27,3345,28
2021-01-18,Ventura,111,848112,64874,61859,2356,64215,379
2021-01-18,Yolo,113,214977,11352,10620,132,10752,134
2021-01-18,Yuba,115,75493,4867,4671,61,4732,29
2021-01-17,Alameda,001,1643700,69549,67375,1509,68884,676
2021-01-17,Alpine,003,1148,74,71,0,71,0
2021-01-17,Amador,005,37829,3050,3001,25,3026,28
2021-01-17,Butte,007,227075,9965,9411,1402,10813,129
2021-01-17,Calaveras,009,45235,1623,1608,7,1615,21
2021-01-17,Colusa,011,21464,1645,1588,169,1757,7
2021-01-17,Contra Costa,013,1133247,54071,51932,925,52857,447
2021-01-17,Del Norte,015,27424,874,838,3,841,2
2021-01-17,El Dorado,017,186661,8110,7659,544,8203,47
2021-01-17,Fresno,019,978130,86216,82039,6621,88660,857
2021-01-17,Glenn,021,27897,2001,1924,409,2333,9
2021-01-17,Humboldt,023,135768,2490,2322,11,2333,22
2021-01-17,Imperial,025,180216,25766,25253,2280,27533,451
2021-01-17,Inyo,027,18085,989,864,0,864,26
2021-01-17,Kern,029,883053,82964,79489,7694,87183,738
2021-01-17,Kings,031,150075,19829,19201,826,20027,131
2021-01-17,Lake,033,64148,2705,2572,0,2572,30
2021-01-17,Lassen,035,31185,4813,4740,80,4820,1
2021-01-17,Los Angeles,037,10098052,1046899,993028,34817,1027845,13741
2021-01-17,Madera,039,155013,13907,13328,677,14005,85
2021-01-17,Marin,041,260295,11784,11552,123,11675,164
2021-01-17,Mariposa,043,17540,336,319,2,321,3
2021-01-17,Mendocino,045,87422,3066,2912,53,2965,31
2021-01-17,Merced,047,269075,24346,23800,620,24420,242
2021-01-17,Modoc,049,8938,296,279,89,368,0
2021-01-17,Mono,051,14174,1088,1091,10,1101,3
2021-01-17,Monterey,053,433212,36698,35340,1233,36573,244
2021-01-17,Napa,055,140530,7882,7521,29,7550,38
2021-01-17,Nevada,057,99092,3378,3176,134,3310,17
2021-01-17,Orange,059,3164182,219329,212389,9102,221491,2359
2021-01-17,Placer,061,380077,18295,17194,889,18083,181
2021-01-17,Plumas,063,18699,587,505,10,515,2
2021-01-17,Riverside,065,2383286,252870,242206,12378,254584,2534
2021-01-17,Sacramento,067,1510023,82467,80154,955,81109,1045
2021-01-17,San Benito,069,59416,5067,4941,59,5000,35
2021-01-17,San Bernardino,071,2135413,261536,251487,7819,259306,1775
2021-01-17,San Diego,073,3302833,227108,211785,10412,222197,2103
2021-01-17,San Francisco,075,870044,29869,29139,636,29775,255
2021-01-17,San Joaquin,077,732212,58885,57094,2408,59502,780
2021-01-17,San Luis Obispo,079,281455,16515,15658,428,16086,157
2021-01-17,San Mateo,081,765935,34268,32186,240,32426,208
2021-01-17,Santa Barbara,083,443738,26509,24401,844,25245,235
2021-01-17,Santa Clara,085,1922200,95559,92752,437,93189,976
2021-01-17,Santa Cruz,087,273765,13342,12196,654,12850,106
2021-01-17,Shasta,089,179085,9887,9588,1015,10603,92
2021-01-17,Sierra,091,2930,44,38,11,49,0
2021-01-17,Siskiyou,093,43540,1237,1136,185,1321,4
2021-01-17,Solano,095,438530,25961,25216,288,25504,105
2021-01-17,Sonoma,097,501317,24453,23871,126,23997,223
2021-01-17,Stanislaus,099,539301,43835,42221,4486,46707,562
2021-01-17,Sutter,101,95872,7833,7604,67,7671,77
2021-01-17,Tehama,103,63373,3968,3837,448,4285,18
2021-01-17,Trinity,105,12862,362,261,47,308,3
2021-01-17,Tulare,107,460477,42675,41016,6043,47059,549
2021-01-17,Tuolumne,109,53932,3363,3287,27,3314,27
2021-01-17,Ventura,111,848112,64030,61257,2309,63566,376
2021-01-17,Yolo,113,214977,11252,10519,131,10650,134
2021-01-17,Yuba,115,75493,4817,4640,59,4699,28
2021-01-16,Alameda,001,1643700,69225,66583,1495,68078,673
2021-01-16,Alpine,003,1148,74,71,0,71,0
2021-01-16,Amador,005,37829,3047,2986,25,3011,28
2021-01-16,Butte,007,227075,9935,9359,1382,10741,129
2021-01-16,Calaveras,009,45235,1609,1596,7,1603,21
2021-01-16,Colusa,011,21464,1633,1578,169,1747,7
2021-01-16,Contra Costa,013,1133247,53812,51363,916,52279,443
2021-01-16,Del Norte,015,27424,869,833,3,836,2
2021-01-16,El Dorado,017,186661,8088,7575,543,8118,47
2021-01-16,Fresno,019,978130,85945,81294,6568,87862,846
2021-01-16,Glenn,021,27897,1997,1894,405,2299,9
2021-01-16,Humboldt,023,135768,2470,2294,9,2303,22
2021-01-16,Imperial,025,180216,25733,25140,2272,27412,451
2021-01-16,Inyo,027,18085,985,845,0,845,25
2021-01-16,Kern,029,883053,82599,78865,7639,86504,733
2021-01-16,Kings,031,150075,19773,19072,823,19895,131
2021-01-16,Lake,033,64148,2695,2504,0,2504,30
2021-01-16,Lassen,035,31185,4803,4719,80,4799,1
2021-01-16,Los Angeles,037,10098052,1042831,982684,34570,1017254,13654
2021-01-16,Madera,039,155013,13841,13193,673,13866,85
2021-01-16,Marin,041,260295,11742,11482,123,11605,164
2021-01-16,Mariposa,043,17540,335,317,2,319,3
2021-01-16,Mendocino,045,87422,3052,2890,51,2941,31
2021-01-16,Merced,047,269075,24259,23478,606,24084,242
2021-01-16,Modoc,049,8938,296,278,89,367,0
2021-01-16,Mono,051,14174,1087,1079,10,1089,3
2021-01-16,Monterey,053,433212,36591,34972,1214,36186,243
2021-01-16,Napa,055,140530,7843,7356,29,7385,39
2021-01-16,Nevada,057,99092,3345,3144,134,3278,17
2021-01-16,Orange,059,3164182,218292,210111,9045,219156,2312
2021-01-16,Placer,061,380077,18235,16995,887,17882,177
2021-01-16,Plumas,063,18699,585,502,10,512,2
2021-01-16,Riverside,065,2383286,251520,239412,12257,251669,2506
2021-01-16,Sacramento,067,1510023,82092,79122,937,80059,1033
2021-01-16,San Benito,069,59416,5034,4875,59,4934,35
2021-01-16,San Bernardino,071,2135413,260762,249401,7753,257154,1755
2021-01-16,San Diego,073,3302833,225813,209895,10317,220212,2065
2021-01-16,San Francisco,075,870044,29743,28853,604,29457,244
2021-01-16,San Joaquin,077,732212,58642,56642,2375,59017,776
2021-01-16,San Luis Obispo,079,281455,16415,15466,426,15892,152
2021-01-16,San Mateo,081,765935,34103,31805,234,32039,208
2021-01-16,Santa Barbara,083,443738,26314,24088,836,24924,229
2021-01-16,Santa Clara,085,1922200,95092,91584,430,92014,954
2021-01-16,Santa Cruz,087,273765,13283,12026,652,12678,106
2021-01-16,Shasta,089,179085,9854,9547,1011,10558,92
2021-01-16,Sierra,091,2930,43,38,11,49,0
2021-01-16,Siskiyou,093,43540,1232,1124,185,1309,4
2021-01-16,Solano,095,438530,25853,24732,281,25013,103
2021-01-16,Sonoma,097,501317,24366,23607,125,23732,223
2021-01-16,Stanislaus,099,539301,43646,41809,4435,46244,562
2021-01-16,Sutter,101,95872,7801,7560,67,7627,76
2021-01-16,Tehama,103,63373,3954,3783,448,4231,18
2021-01-16,Trinity,105,12862,362,261,47,308,3
2021-01-16,Tulare,107,460477,42496,40655,5967,46622,542
2021-01-16,Tuolumne,109,53932,3356,3269,27,3296,27
2021-01-16,Ventura,111,848112,63478,60368,2279,62647,369
2021-01-16,Yolo,113,214977,11203,10406,130,10536,134
2021-01-16,Yuba,115,75493,4786,4602,59,4661,27
2021-01-15,Alameda,001,1643700,68783,65416,1485,66901,672
2021-01-15,Alpine,003,1148,74,71,0,71,0
2021-01-15,Amador,005,37829,3040,2953,25,2978,28
2021-01-15,Butte,007,227075,9897,9233,1364,10597,129
2021-01-15,Calaveras,009,45235,1602,1538,7,1545,21
2021-01-15,Colusa,011,21464,1622,1541,165,1706,7
2021-01-15,Contra Costa,013,1133247,53484,50408,909,51317,428
2021-01-15,Del Norte,015,27424,865,828,2,830,2
2021-01-15,El Dorado,017,186661,8039,7439,534,7973,47
2021-01-15,Fresno,019,978130,85408,79950,6534,86484,832
2021-01-15,Glenn,021,27897,1992,1824,403,2227,9
2021-01-15,Humboldt,023,135768,2443,2218,8,2226,22
2021-01-15,Imperial,025,180216,25699,24944,2266,27210,446
2021-01-15,Inyo,027,18085,967,814,0,814,25
2021-01-15,Kern,029,883053,82188,77873,7575,85448,719
2021-01-15,Kings,031,150075,19666,18661,815,19476,131
2021-01-15,Lake,033,64148,2669,2434,0,2434,28
2021-01-15,Lassen,035,31185,4792,4693,78,4771,1
2021-01-15,Los Angeles,037,10098052,1035804,968979,34270,1003249,13404
2021-01-15,Madera,039,155013,13755,12883,670,13553,85
2021-01-15,Marin,041,260295,11692,11310,123,11433,160
2021-01-15,Mariposa,043,17540,333,307,2,309,3
2021-01-15,Mendocino,045,87422,3041,2835,51,2886,31
2021-01-15,Merced,047,269075,24146,23060,602,23662,239
2021-01-15,Modoc,049,8938,296,278,87,365,0
2021-01-15,Mono,051,14174,1084,1057,10,1067,3
2021-01-15,Monterey,053,433212,36383,34460,1154,35614,243
2021-01-15,Napa,055,140530,7781,7231,29,7260,38
2021-01-15,Nevada,057,99092,3332,3099,130,3229,17
2021-01-15,Orange,059,3164182,216933,207129,8992,216121,2254
2021-01-15,Placer,061,380077,18134,16712,877,17589,173
2021-01-15,Plumas,063,18699,582,499,10,509,2
2021-01-15,Riverside,065,2383286,249683,235235,12178,247413,2458
2021-01-15,Sacramento,067,1510023,81675,80279,929,81208,1023
2021-01-15,San Benito,069,59416,4991,4766,57,4823,35
2021-01-15,San Bernardino,071,2135413,259607,246182,7694,253876,1726
2021-01-15,San Diego,073,3302833,224064,206868,10252,217120,2037
2021-01-15,San Francisco,075,870044,29571,28574,582,29156,242
2021-01-15,San Joaquin,077,732212,58409,55885,2360,58245,748
2021-01-15,San Luis Obispo,079,281455,16282,15129,421,15550,148
2021-01-15,San Mateo,081,765935,33858,31291,230,31521,208
2021-01-15,Santa Barbara,083,443738,26039,23487,824,24311,226
2021-01-15,Santa Clara,085,1922200,94443,90103,425,90528,942
2021-01-15,Santa Cruz,087,273765,13175,11776,637,12413,105
2021-01-15,Shasta,089,179085,9815,9459,1003,10462,91
2021-01-15,Sierra,091,2930,42,36,10,46,0
2021-01-15,Siskiyou,093,43540,1228,1119,184,1303,4
2021-01-15,Solano,095,438530,25704,24222,278,24500,103
2021-01-15,Sonoma,097,501317,24235,23204,124,23328,222
2021-01-15,Stanislaus,099,539301,43404,41178,4398,45576,562
2021-01-15,Sutter,101,95872,7754,7484,66,7550,75
2021-01-15,Tehama,103,63373,3933,3714,447,4161,17
2021-01-15,Trinity,105,12862,362,262,47,309,3
2021-01-15,Tulare,107,460477,42252,39951,5882,45833,535
2021-01-15,Tuolumne,109,53932,3340,3231,27,3258,27
2021-01-15,Ventura,111,848112,62734,59061,2245,61306,353
2021-01-15,Yolo,113,214977,11148,10240,129,10369,134
2021-01-15,Yuba,115,75493,4765,4549,59,4608,27
2021-01-14,Alameda,001,1643700,68130,64364,1470,65834,686
2021-01-14,Alpine,003,1148,74,71,0,71,0
2021-01-14,Amador,005,37829,3034,2940,25,2965,28
2021-01-14,Butte,007,227075,9813,9127,1342,10469,129
2021-01-14,Calaveras,009,45235,1585,1513,7,1520,21
2021-01-14,Colusa,011,21464,1607,1535,162,1697,7
2021-01-14,Contra Costa,013,1133247,52930,49545,894,50439,415
2021-01-14,Del Norte,015,27424,859,821,2,823,2
2021-01-14,El Dorado,017,186661,7966,7321,525,7846,45
2021-01-14,Fresno,019,978130,84774,79033,6459,85492,814
2021-01-14,Glenn,021,27897,1979,1798,398,2196,9
2021-01-14,Humboldt,023,135768,2400,2169,8,2177,22
2021-01-14,Imperial,025,180216,25592,24882,2227,27109,447
2021-01-14,Inyo,027,18085,960,790,0,790,25
2021-01-14,Kern,029,883053,81522,77070,7471,84541,705
2021-01-14,Kings,031,150075,19535,18405,809,19214,108
2021-01-14,Lake,033,64148,2626,2378,0,2378,27
2021-01-14,Lassen,035,31185,4782,4673,76,4749,1
2021-01-14,Los Angeles,037,10098052,1025822,954652,33875,988527,13147
2021-01-14,Madera,039,155013,13640,12742,659,13401,85
2021-01-14,Marin,041,260295,11618,11155,122,11277,159
2021-01-14,Mariposa,043,17540,330,302,2,304,3
2021-01-14,Mendocino,045,87422,3027,2801,49,2850,31
2021-01-14,Merced,047,269075,23917,22780,593,23373,239
2021-01-14,Modoc,049,8938,296,273,87,360,0
2021-01-14,Mono,051,14174,1076,1020,10,1030,3
2021-01-14,Monterey,053,433212,35968,34105,1134,35239,242
2021-01-14,Napa,055,140530,7696,7117,29,7146,38
2021-01-14,Nevada,057,99092,3305,3075,128,3203,17
2021-01-14,Orange,059,3164182,215009,204442,8903,213345,2162
2021-01-14,Placer,061,380077,17977,16488,869,17357,169
2021-01-14,Plumas,063,18699,574,496,10,506,2
2021-01-14,Riverside,065,2383286,247068,231684,12075,243759,2357
2021-01-14,Sacramento,067,1510023,81038,79137,904,80041,1007
2021-01-14,San Benito,069,59416,4957,4678,56,4734,35
2021-01-14,San Bernardino,071,2135413,257650,243379,7618,250997,1750
2021-01-14,San Diego,073,3302833,221670,204173,10132,214305,2005
2021-01-14,San Francisco,075,870044,29330,28200,529,28729,238
2021-01-14,San Joaquin,077,732212,57894,55058,2345,57403,739
2021-01-14,San Luis Obispo,079,281455,16123,14851,411,15262,146
2021-01-14,San Mateo,081,765935,33490,30694,221,30915,208
2021-01-14,Santa Barbara,083,443738,25632,23126,796,23922,219
2021-01-14,Santa Clara,085,1922200,93554,88505,418,88923,910
2021-01-14,Santa Cruz,087,273765,13028,11583,621,12204,109
2021-01-14,Shasta,089,179085,9766,9334,986,10320,90
2021-01-14,Sierra,091,2930,42,35,9,44,0
2021-01-14,Siskiyou,093,43540,1217,1108,181,1289,3
2021-01-14,Solano,095,438530,25445,23782,274,24056,103
2021-01-14,Sonoma,097,501317,23992,22910,124,23034,202
2021-01-14,Stanislaus,099,539301,43082,40597,4356,44953,574
2021-01-14,Sutter,101,95872,7695,7416,63,7479,74
2021-01-14,Tehama,103,63373,3904,3664,443,4107,17
2021-01-14,Trinity,105,12862,362,261,46,307,3
2021-01-14,Tulare,107,460477,41873,39565,5769,45334,533
2021-01-14,Tuolumne,109,53932,3319,3215,27,3242,28
2021-01-14,Ventura,111,848112,61862,57941,2207,60148,347
2021-01-14,Yolo,113,214977,11038,10097,123,10220,135
2021-01-14,Yuba,115,75493,4733,4496,59,4555,27
2021-01-13,Alameda,001,1643700,67377,63568,1451,65019,690
2021-01-13,Alpine,003,1148,74,71,0,71,0
2021-01-13,Amador,005,37829,3020,2914,25,2939,26
2021-01-13,Butte,007,227075,9734,9013,1326,10339,126
2021-01-13,Calaveras,009,45235,1563,1493,7,1500,21
2021-01-13,Colusa,011,21464,1595,1524,157,1681,7
2021-01-13,Contra Costa,013,1133247,52350,48877,880,49757,403
2021-01-13,Del Norte,015,27424,855,820,2,822,2
2021-01-13,El Dorado,017,186661,7873,7247,517,7764,43
2021-01-13,Fresno,019,978130,84064,78278,6406,84684,804
2021-01-13,Glenn,021,27897,1964,1792,390,2182,9
2021-01-13,Humboldt,023,135768,2368,2114,8,2122,22
2021-01-13,Imperial,025,180216,25468,24717,2194,26911,463
2021-01-13,Inyo,027,18085,948,785,0,785,25
2021-01-13,Kern,029,883053,80861,76049,7380,83429,704
2021-01-13,Kings,031,150075,19370,18121,783,18904,108
2021-01-13,Lake,033,64148,2581,2305,0,2305,27
2021-01-13,Lassen,035,31185,4775,4663,75,4738,1
2021-01-13,Los Angeles,037,10098052,1015076,937985,33450,971435,12873
2021-01-13,Madera,039,155013,13515,12570,653,13223,85
2021-01-13,Marin,041,260295,11561,11039,122,11161,161
2021-01-13,Mariposa,043,17540,328,304,2,306,3
2021-01-13,Mendocino,045,87422,3007,2790,49,2839,31
2021-01-13,Merced,047,269075,23677,22497,578,23075,241
2021-01-13,Modoc,049,8938,295,274,84,358,0
2021-01-13,Mono,051,14174,1072,1017,10,1027,3
2021-01-13,Monterey,053,433212,35550,33748,1109,34857,241
2021-01-13,Napa,055,140530,7582,7028,29,7057,36
2021-01-13,Nevada,057,99092,3282,3037,124,3161,17
2021-01-13,Orange,059,3164182,212925,201158,8834,209992,2172
2021-01-13,Placer,061,380077,17850,16272,854,17126,172
2021-01-13,Plumas,063,18699,572,490,10,500,2
2021-01-13,Riverside,065,2383286,243952,228192,11951,240143,2278
2021-01-13,Sacramento,067,1510023,80378,78268,897,79165,996
2021-01-13,San Benito,069,59416,4902,4583,55,4638,35
2021-01-13,San Bernardino,071,2135413,255276,240191,7545,247736,1759
2021-01-13,San Diego,073,3302833,219056,201578,10030,211608,1952
2021-01-13,San Francisco,075,870044,29090,27863,505,28368,238
2021-01-13,San Joaquin,077,732212,57269,54373,2314,56687,738
2021-01-13,San Luis Obispo,079,281455,15970,14625,400,15025,140
2021-01-13,San Mateo,081,765935,33149,30195,219,30414,207
2021-01-13,Santa Barbara,083,443738,25201,22714,770,23484,216
2021-01-13,Santa Clara,085,1922200,92584,87187,415,87602,911
2021-01-13,Santa Cruz,087,273765,12855,11423,607,12030,110
2021-01-13,Shasta,089,179085,9703,9180,971,10151,93
2021-01-13,Sierra,091,2930,42,33,9,42,0
2021-01-13,Siskiyou,093,43540,1211,1102,177,1279,3
2021-01-13,Solano,095,438530,25161,23503,273,23776,105
2021-01-13,Sonoma,097,501317,23741,22610,123,22733,206
2021-01-13,Stanislaus,099,539301,42683,40167,4298,44465,574
2021-01-13,Sutter,101,95872,7649,7350,62,7412,73
2021-01-13,Tehama,103,63373,3854,3589,438,4027,17
2021-01-13,Trinity,105,12862,362,260,46,306,3
2021-01-13,Tulare,107,460477,41467,39129,5663,44792,522
2021-01-13,Tuolumne,109,53932,3305,3196,27,3223,28
2021-01-13,Ventura,111,848112,60848,56453,2168,58621,338
2021-01-13,Yolo,113,214977,10937,9933,119,10052,135
2021-01-13,Yuba,115,75493,4691,4448,56,4504,27
2021-01-12,Alameda,001,1643700,66558,62642,1431,64073,677
2021-01-12,Alpine,003,1148,74,71,0,71,0
2021-01-12,Amador,005,37829,3003,2897,25,2922,26
2021-01-12,Butte,007,227075,9648,8883,1306,10189,124
2021-01-12,Calaveras,009,45235,1526,1475,7,1482,21
2021-01-12,Colusa,011,21464,1583,1510,153,1663,7
2021-01-12,Contra Costa,013,1133247,51703,48242,864,49106,399
2021-01-12,Del Norte,015,27424,850,816,2,818,2
2021-01-12,El Dorado,017,186661,7790,7156,506,7662,41
2021-01-12,Fresno,019,978130,83196,77651,6336,83987,796
2021-01-12,Glenn,021,27897,1936,1781,384,2165,9
2021-01-12,Humboldt,023,135768,2314,2077,7,2084,22
2021-01-12,Imperial,025,180216,25381,24566,2151,26717,457
2021-01-12,Inyo,027,18085,931,773,0,773,25
2021-01-12,Kern,029,883053,80156,75320,7277,82597,689
2021-01-12,Kings,031,150075,19161,18072,771,18843,108
2021-01-12,Lake,033,64148,2534,2260,0,2260,27
2021-01-12,Lassen,035,31185,4753,4659,73,4732,1
2021-01-12,Los Angeles,037,10098052,1003453,926295,33026,959321,12610
2021-01-12,Madera,039,155013,13376,12485,645,13130,85
2021-01-12,Marin,041,260295,11452,10960,122,11082,157
2021-01-12,Mariposa,043,17540,326,302,2,304,3
2021-01-12,Mendocino,045,87422,2987,2762,45,2807,31
2021-01-12,Merced,047,269075,23427,22172,555,22727,239
2021-01-12,Modoc,049,8938,293,274,84,358,0
2021-01-12,Mono,051,14174,1063,1008,10,1018,3
2021-01-12,Monterey,053,433212,35050,33381,1088,34469,240
2021-01-12,Napa,055,140530,7499,6936,29,6965,36
2021-01-12,Nevada,057,99092,3254,3014,122,3136,17
2021-01-12,Orange,059,3164182,210631,198260,8745,207005,2142
2021-01-12,Placer,061,380077,17671,16087,848,16935,163
2021-01-12,Plumas,063,18699,566,483,10,493,2
2021-01-12,Riverside,065,2383286,240838,225580,11808,237388,2266
2021-01-12,Sacramento,067,1510023,79639,77201,888,78089,985
2021-01-12,San Benito,069,59416,4835,4515,55,4570,35
2021-01-12,San Bernardino,071,2135413,252710,237008,7472,244480,1739
2021-01-12,San Diego,073,3302833,216144,198317,9912,208229,1898
2021-01-12,San Francisco,075,870044,28813,27531,469,28000,238
2021-01-12,San Joaquin,077,732212,56626,53630,2285,55915,725
2021-01-12,San Luis Obispo,079,281455,15723,14367,392,14759,132
2021-01-12,San Mateo,081,765935,32758,29747,207,29954,206
2021-01-12,Santa Barbara,083,443738,24792,22182,742,22924,209
2021-01-12,Santa Clara,085,1922200,91519,86075,405,86480,904
2021-01-12,Santa Cruz,087,273765,12641,11267,590,11857,110
2021-01-12,Shasta,089,179085,9630,9086,958,10044,84
2021-01-12,Sierra,091,2930,40,33,8,41,0
2021-01-12,Siskiyou,093,43540,1201,1091,171,1262,3
2021-01-12,Solano,095,438530,24857,23160,268,23428,102
2021-01-12,Sonoma,097,501317,23436,22403,123,22526,205
2021-01-12,Stanislaus,099,539301,42232,39615,4262,43877,571
2021-01-12,Sutter,101,95872,7586,7276,61,7337,73
2021-01-12,Tehama,103,63373,3818,3567,434,4001,17
2021-01-12,Trinity,105,12862,362,258,46,304,3
2021-01-12,Tulare,107,460477,41014,38797,5542,44339,509
2021-01-12,Tuolumne,109,53932,3271,3178,27,3205,28
2021-01-12,Ventura,111,848112,59876,55342,2135,57477,324
2021-01-12,Yolo,113,214977,10803,9857,108,9965,133
2021-01-12,Yuba,115,75493,4650,4389,56,4445,27
2021-01-11,Alameda,001,1643700,65700,61949,1414,63363,652
2021-01-11,Alpine,003,1148,74,70,0,70,0
2021-01-11,Amador,005,37829,2989,2867,25,2892,24
2021-01-11,Butte,007,227075,9534,8757,1288,10045,119
2021-01-11,Calaveras,009,45235,1508,1460,7,1467,21
2021-01-11,Colusa,011,21464,1565,1494,149,1643,7
2021-01-11,Contra Costa,013,1133247,51026,47728,854,48582,398
2021-01-11,Del Norte,015,27424,846,810,2,812,2
2021-01-11,El Dorado,017,186661,7696,6987,497,7484,36
2021-01-11,Fresno,019,978130,82319,76581,6258,82839,775
2021-01-11,Glenn,021,27897,1907,1763,375,2138,9
2021-01-11,Humboldt,023,135768,2274,2069,7,2076,22
2021-01-11,Imperial,025,180216,25266,24418,2115,26533,453
2021-01-11,Inyo,027,18085,913,763,0,763,25
2021-01-11,Kern,029,883053,79302,74489,7174,81663,682
2021-01-11,Kings,031,150075,18897,17909,763,18672,108
2021-01-11,Lake,033,64148,2482,2205,0,2205,26
2021-01-11,Lassen,035,31185,4730,4647,72,4719,1
2021-01-11,Los Angeles,037,10098052,990287,914434,32538,946972,12304
2021-01-11,Madera,039,155013,13246,12366,634,13000,85
2021-01-11,Marin,041,260295,11356,10814,118,10932,156
2021-01-11,Mariposa,043,17540,319,296,2,298,3
2021-01-11,Mendocino,045,87422,2960,2728,45,2773,31
2021-01-11,Merced,047,269075,23104,21884,541,22425,238
2021-01-11,Modoc,049,8938,292,271,83,354,0
2021-01-11,Mono,051,14174,1057,1006,10,1016,3
2021-01-11,Monterey,053,433212,34514,32858,1023,33881,239
2021-01-11,Napa,055,140530,7397,6822,29,6851,36
2021-01-11,Nevada,057,99092,3227,2980,122,3102,17
2021-01-11,Orange,059,3164182,208062,196340,8643,204983,2113
2021-01-11,Placer,061,380077,17487,15919,836,16755,163
2021-01-11,Plumas,063,18699,562,477,10,487,2
2021-01-11,Riverside,065,2383286,237348,222907,11652,234559,2222
2021-01-11,Sacramento,067,1510023,78713,76009,871,76880,974
2021-01-11,San Benito,069,59416,4758,4482,48,4530,34
2021-01-11,San Bernardino,071,2135413,249877,235543,7370,242913,1739
2021-01-11,San Diego,073,3302833,212876,194793,9754,204547,1857
2021-01-11,San Francisco,075,870044,28540,27264,446,27710,238
2021-01-11,San Joaquin,077,732212,56014,53002,2255,55257,725
2021-01-11,San Luis Obispo,079,281455,15353,14213,384,14597,126
2021-01-11,San Mateo,081,765935,32314,29355,194,29549,206
2021-01-11,Santa Barbara,083,443738,24355,21740,725,22465,200
2021-01-11,Santa Clara,085,1922200,90318,84851,396,85247,877
2021-01-11,Santa Cruz,087,273765,12464,11093,563,11656,106
2021-01-11,Shasta,089,179085,9532,8977,945,9922,81
2021-01-11,Sierra,091,2930,39,33,8,41,0
2021-01-11,Siskiyou,093,43540,1192,1087,169,1256,3
2021-01-11,Solano,095,438530,24536,22893,263,23156,101
2021-01-11,Sonoma,097,501317,23190,22191,123,22314,205
2021-01-11,Stanislaus,099,539301,41742,39149,4208,43357,571
2021-01-11,Sutter,101,95872,7527,7204,60,7264,71
2021-01-11,Tehama,103,63373,3754,3524,411,3935,17
2021-01-11,Trinity,105,12862,362,256,46,302,2
2021-01-11,Tulare,107,460477,40606,38380,5457,43837,497
2021-01-11,Tuolumne,109,53932,3260,3165,27,3192,27
2021-01-11,Ventura,111,848112,58740,54202,2110,56312,320
2021-01-11,Yolo,113,214977,10593,9699,106,9805,129
2021-01-11,Yuba,115,75493,4612,4349,49,4398,27
2021-01-10,Alameda,001,1643700,64715,61111,1385,62496,650
2021-01-10,Alpine,003,1148,74,70,0,70,0
2021-01-10,Amador,005,37829,2965,2861,25,2886,24
2021-01-10,Butte,007,227075,9417,8665,1261,9926,119
2021-01-10,Calaveras,009,45235,1483,1449,7,1456,21
2021-01-10,Colusa,011,21464,1541,1478,147,1625,7
2021-01-10,Contra Costa,013,1133247,50240,47109,836,47945,398
2021-01-10,Del Norte,015,27424,843,809,2,811,2
2021-01-10,El Dorado,017,186661,7609,6904,479,7383,36
2021-01-10,Fresno,019,978130,81509,75621,6136,81757,775
2021-01-10,Glenn,021,27897,1883,1746,366,2112,9
2021-01-10,Humboldt,023,135768,2213,2049,7,2056,22
2021-01-10,Imperial,025,180216,25106,24233,2061,26294,453
2021-01-10,Inyo,027,18085,885,748,0,748,25
2021-01-10,Kern,029,883053,78477,73712,7039,80751,679
2021-01-10,Kings,031,150075,18678,17812,756,18568,108
2021-01-10,Lake,033,64148,2430,2174,0,2174,26
2021-01-10,Lassen,035,31185,4708,4642,71,4713,1
2021-01-10,Los Angeles,037,10098052,975741,901783,31887,933670,12170
2021-01-10,Madera,039,155013,13058,12179,619,12798,85
2021-01-10,Marin,041,260295,11237,10737,116,10853,155
2021-01-10,Mariposa,043,17540,319,291,2,293,3
2021-01-10,Mendocino,045,87422,2929,2706,42,2748,31
2021-01-10,Merced,047,269075,22830,21691,531,22222,238
2021-01-10,Modoc,049,8938,292,271,81,352,0
2021-01-10,Mono,051,14174,1040,965,10,975,3
2021-01-10,Monterey,053,433212,34074,32571,991,33562,237
2021-01-10,Napa,055,140530,7293,6687,27,6714,36
2021-01-10,Nevada,057,99092,3208,2959,118,3077,17
2021-01-10,Orange,059,3164182,205300,193766,8520,202286,2104
2021-01-10,Placer,061,380077,17309,15779,814,16593,163
2021-01-10,Plumas,063,18699,552,477,10,487,2
2021-01-10,Riverside,065,2383286,233999,219486,11461,230947,2216
2021-01-10,Sacramento,067,1510023,77755,75394,842,76236,965
2021-01-10,San Benito,069,59416,4662,4434,47,4481,34
2021-01-10,San Bernardino,071,2135413,246282,232171,7266,239437,1736
2021-01-10,San Diego,073,3302833,209210,191886,9591,201477,1857
2021-01-10,San Francisco,075,870044,28157,27054,412,27466,238
2021-01-10,San Joaquin,077,732212,55155,52535,2221,54756,725
2021-01-10,San Luis Obispo,079,281455,15025,13968,370,14338,122
2021-01-10,San Mateo,081,765935,31824,28972,179,29151,206
2021-01-10,Santa Barbara,083,443738,23812,21290,701,21991,200
2021-01-10,Santa Clara,085,1922200,89142,83779,385,84164,858
2021-01-10,Santa Cruz,087,273765,12251,10951,541,11492,106
2021-01-10,Shasta,089,179085,9421,8936,928,9864,81
2021-01-10,Sierra,091,2930,38,32,8,40,0
2021-01-10,Siskiyou,093,43540,1186,1075,166,1241,3
2021-01-10,Solano,095,438530,24135,22621,260,22881,101
2021-01-10,Sonoma,097,501317,22917,21925,123,22048,204
2021-01-10,Stanislaus,099,539301,41180,38809,4127,42936,571
2021-01-10,Sutter,101,95872,7466,7133,57,7190,71
2021-01-10,Tehama,103,63373,3681,3504,398,3902,17
2021-01-10,Trinity,105,12862,362,253,45,298,2
2021-01-10,Tulare,107,460477,40190,38012,5332,43344,497
2021-01-10,Tuolumne,109,53932,3226,3143,26,3169,27
2021-01-10,Ventura,111,848112,57473,53095,2064,55159,319
2021-01-10,Yolo,113,214977,10441,9610,105,9715,129
2021-01-10,Yuba,115,75493,4560,4300,46,4346,27
2021-01-09,Alameda,001,1643700,64194,60125,1367,61492,649
2021-01-09,Alpine,003,1148,74,70,0,70,0
2021-01-09,Amador,005,37829,2958,2809,25,2834,24
2021-01-09,Butte,007,227075,9336,8552,1237,9789,118
2021-01-09,Calaveras,009,45235,1473,1425,7,1432,21
2021-01-09,Colusa,011,21464,1535,1468,146,1614,7
2021-01-09,Contra Costa,013,1133247,49893,46406,821,47227,393
2021-01-09,Del Norte,015,27424,841,802,2,804,2
2021-01-09,El Dorado,017,186661,7577,6800,476,7276,36
2021-01-09,Fresno,019,978130,81101,74816,6094,80910,773
2021-01-09,Glenn,021,27897,1868,1707,361,2068,9
2021-01-09,Humboldt,023,135768,2195,2026,7,2033,22
2021-01-09,Imperial,025,180216,25038,24028,2047,26075,448
2021-01-09,Inyo,027,18085,875,734,0,734,25
2021-01-09,Kern,029,883053,78016,73015,6960,79975,677
2021-01-09,Kings,031,150075,18583,17679,752,18431,108
2021-01-09,Lake,033,64148,2395,2144,0,2144,26
2021-01-09,Lassen,035,31185,4696,4613,70,4683,1
2021-01-09,Los Angeles,037,10098052,970202,887949,31431,919380,12011
2021-01-09,Madera,039,155013,12967,12063,614,12677,85
2021-01-09,Marin,041,260295,11174,10634,115,10749,154
2021-01-09,Mariposa,043,17540,316,287,2,289,3
2021-01-09,Mendocino,045,87422,2911,2664,42,2706,31
2021-01-09,Merced,047,269075,22689,21357,521,21878,237
2021-01-09,Modoc,049,8938,292,271,80,351,0
2021-01-09,Mono,051,14174,1035,964,10,974,3
2021-01-09,Monterey,053,433212,33927,31948,982,32930,235
2021-01-09,Napa,055,140530,7223,6594,24,6618,36
2021-01-09,Nevada,057,99092,3186,2932,115,3047,17
2021-01-09,Orange,059,3164182,203801,191004,8427,199431,2034
2021-01-09,Placer,061,380077,17212,15609,812,16421,162
2021-01-09,Plumas,063,18699,550,477,10,487,2
2021-01-09,Riverside,065,2383286,232285,216076,11317,227393,2201
2021-01-09,Sacramento,067,1510023,77230,74482,837,75319,953
2021-01-09,San Benito,069,59416,4613,4335,47,4382,34
2021-01-09,San Bernardino,071,2135413,245100,228857,7196,236053,1714
2021-01-09,San Diego,073,3302833,207515,188598,9473,198071,1824
2021-01-09,San Francisco,075,870044,27984,26708,367,27075,235
2021-01-09,San Joaquin,077,732212,54808,51927,2201,54128,724
2021-01-09,San Luis Obispo,079,281455,14902,13647,359,14006,121
2021-01-09,San Mateo,081,765935,31527,28512,172,28684,205
2021-01-09,Santa Barbara,083,443738,23604,20971,692,21663,197
2021-01-09,Santa Clara,085,1922200,88300,82269,373,82642,808
2021-01-09,Santa Cruz,087,273765,12155,10717,536,11253,107
2021-01-09,Shasta,089,179085,9388,8893,924,9817,81
2021-01-09,Sierra,091,2930,36,32,8,40,0
2021-01-09,Siskiyou,093,43540,1182,1062,162,1224,3
2021-01-09,Solano,095,438530,23979,22226,259,22485,101
2021-01-09,Sonoma,097,501317,22796,21393,123,21516,202
2021-01-09,Stanislaus,099,539301,40888,38403,4085,42488,567
2021-01-09,Sutter,101,95872,7430,7072,56,7128,69
2021-01-09,Tehama,103,63373,3651,3451,386,3837,15
2021-01-09,Trinity,105,12862,362,252,45,297,2
2021-01-09,Tulare,107,460477,39942,37684,5261,42945,496
2021-01-09,Tuolumne,109,53932,3218,3117,25,3142,26
2021-01-09,Ventura,111,848112,56645,51988,2037,54025,306
2021-01-09,Yolo,113,214977,10370,9524,102,9626,129
2021-01-09,Yuba,115,75493,4532,4265,46,4311,27
2021-01-08,Alameda,001,1643700,63645,59172,1356,60528,646
2021-01-08,Alpine,003,1148,74,70,0,70,0
2021-01-08,Amador,005,37829,2951,2792,25,2817,24
2021-01-08,Butte,007,227075,9276,8430,1222,9652,115
2021-01-08,Calaveras,009,45235,1460,1385,7,1392,21
2021-01-08,Colusa,011,21464,1522,1448,145,1593,7
2021-01-08,Contra Costa,013,1133247,49368,45667,817,46484,381
2021-01-08,Del Norte,015,27424,839,795,2,797,2
2021-01-08,El Dorado,017,186661,7507,6690,464,7154,36
2021-01-08,Fresno,019,978130,80287,73689,6031,79720,771
2021-01-08,Glenn,021,27897,1852,1680,357,2037,9
2021-01-08,Humboldt,023,135768,2171,1988,7,1995,22
2021-01-08,Imperial,025,180216,24972,23751,2032,25783,446
2021-01-08,Inyo,027,18085,861,682,0,682,24
2021-01-08,Kern,029,883053,77456,71978,6887,78865,674
2021-01-08,Kings,031,150075,18455,17441,747,18188,108
2021-01-08,Lake,033,64148,2370,2098,0,2098,26
2021-01-08,Lassen,035,31185,4688,4598,68,4666,1
2021-01-08,Los Angeles,037,10098052,959429,871188,30983,902171,11796
2021-01-08,Madera,039,155013,12816,11846,605,12451,85
2021-01-08,Marin,041,260295,11080,10531,114,10645,153
2021-01-08,Mariposa,043,17540,315,273,2,275,3
2021-01-08,Mendocino,045,87422,2892,2634,39,2673,31
2021-01-08,Merced,047,269075,22494,20862,516,21378,236
2021-01-08,Modoc,049,8938,292,266,80,346,0
2021-01-08,Mono,051,14174,1025,951,10,961,3
2021-01-08,Monterey,053,433212,33671,31543,969,32512,224
2021-01-08,Napa,055,140530,7153,6544,24,6568,32
2021-01-08,Nevada,057,99092,3164,2888,115,3003,17
2021-01-08,Orange,059,3164182,201809,186608,8340,194948,1991
2021-01-08,Placer,061,380077,17092,15401,805,16206,161
2021-01-08,Plumas,063,18699,544,465,10,475,2
2021-01-08,Riverside,065,2383286,229921,212122,11183,223305,2184
2021-01-08,Sacramento,067,1510023,76651,73245,831,74076,939
2021-01-08,San Benito,069,59416,4576,4225,46,4271,33
2021-01-08,San Bernardino,071,2135413,243217,224267,7123,231390,1703
2021-01-08,San Diego,073,3302833,204980,185060,9379,194439,1771
2021-01-08,San Francisco,075,870044,27737,26378,342,26720,207
2021-01-08,San Joaquin,077,732212,54474,50990,2170,53160,710
2021-01-08,San Luis Obispo,079,281455,14769,13286,346,13632,119
2021-01-08,San Mateo,081,765935,31178,28072,169,28241,204
2021-01-08,Santa Barbara,083,443738,23326,20461,683,21144,189
2021-01-08,Santa Clara,085,1922200,87278,80561,370,80931,789
2021-01-08,Santa Cruz,087,273765,12016,10486,526,11012,106
2021-01-08,Shasta,089,179085,9338,8772,909,9681,81
2021-01-08,Sierra,091,2930,36,31,8,39,0
2021-01-08,Siskiyou,093,43540,1179,1027,161,1188,3
2021-01-08,Solano,095,438530,23808,21832,259,22091,100
2021-01-08,Sonoma,097,501317,22656,21178,123,21301,201
2021-01-08,Stanislaus,099,539301,40591,37858,4048,41906,566
2021-01-08,Sutter,101,95872,7380,6982,56,7038,68
2021-01-08,Tehama,103,63373,3628,3406,381,3787,15
2021-01-08,Trinity,105,12862,362,247,45,292,2
2021-01-08,Tulare,107,460477,39676,36946,5153,42099,491
2021-01-08,Tuolumne,109,53932,3209,3099,25,3124,19
2021-01-08,Ventura,111,848112,55781,50553,2012,52565,294
2021-01-08,Yolo,113,214977,10280,9391,98,9489,129
2021-01-08,Yuba,115,75493,4490,4195,45,4240,26
2021-01-07,Alameda,001,1643700,62755,57921,1328,59249,632
2021-01-07,Alpine,003,1148,72,70,0,70,0
2021-01-07,Amador,005,37829,2938,2740,24,2764,24
2021-01-07,Butte,007,227075,9180,8278,1194,9472,112
2021-01-07,Calaveras,009,45235,1443,1342,6,1348,21
2021-01-07,Colusa,011,21464,1510,1420,138,1558,7
2021-01-07,Contra Costa,013,1133247,48589,44756,800,45556,376
2021-01-07,Del Norte,015,27424,837,791,2,793,2
2021-01-07,El Dorado,017,186661,7407,6545,450,6995,36
2021-01-07,Fresno,019,978130,79332,72557,5926,78483,765
2021-01-07,Glenn,021,27897,1836,1639,348,1987,9
2021-01-07,Humboldt,023,135768,2144,1954,7,1961,22
2021-01-07,Imperial,025,180216,24779,23608,1980,25588,431
2021-01-07,Inyo,027,18085,848,656,0,656,20
2021-01-07,Kern,029,883053,76602,70953,6734,77687,660
2021-01-07,Kings,031,150075,18327,17238,738,17976,108
2021-01-07,Lake,033,64148,2315,2054,0,2054,26
2021-01-07,Lassen,035,31185,4683,4581,66,4647,1
2021-01-07,Los Angeles,037,10098052,944568,853187,30424,883611,11480
2021-01-07,Madera,039,155013,12660,11644,593,12237,76
2021-01-07,Marin,041,260295,10988,10364,112,10476,153
2021-01-07,Mariposa,043,17540,313,264,2,266,3
2021-01-07,Mendocino,045,87422,2837,2585,35,2620,30
2021-01-07,Merced,047,269075,22173,20510,501,21011,234
2021-01-07,Modoc,049,8938,292,265,80,345,0
2021-01-07,Mono,051,14174,1014,905,10,915,3
2021-01-07,Monterey,053,433212,33145,30903,946,31849,222
2021-01-07,Napa,055,140530,7043,6408,24,6432,32
2021-01-07,Nevada,057,99092,3130,2847,110,2957,17
2021-01-07,Orange,059,3164182,198969,181922,8240,190162,1974
2021-01-07,Placer,061,380077,16918,15155,775,15930,144
2021-01-07,Plumas,063,18699,542,454,10,464,2
2021-01-07,Riverside,065,2383286,226565,208177,11021,219198,2156
2021-01-07,Sacramento,067,1510023,75747,72342,810,73152,919
2021-01-07,San Benito,069,59416,4514,4112,42,4154,33
2021-01-07,San Bernardino,071,2135413,239677,219691,7040,226731,1666
2021-01-07,San Diego,073,3302833,201674,180510,9200,189710,1738
2021-01-07,San Francisco,075,870044,27403,25885,327,26212,202
2021-01-07,San Joaquin,077,732212,53789,50156,2138,52294,689
2021-01-07,San Luis Obispo,079,281455,14530,12810,333,13143,118
2021-01-07,San Mateo,081,765935,30668,27494,165,27659,201
2021-01-07,Santa Barbara,083,443738,22908,19931,669,20600,187
2021-01-07,Santa Clara,085,1922200,86059,78808,366,79174,775
2021-01-07,Santa Cruz,087,273765,11807,10228,519,10747,104
2021-01-07,Shasta,089,179085,9251,8612,901,9513,81
2021-01-07,Sierra,091,2930,36,31,8,39,0
2021-01-07,Siskiyou,093,43540,1174,1010,159,1169,3
2021-01-07,Solano,095,438530,23417,21384,255,21639,100
2021-01-07,Sonoma,097,501317,22393,20857,122,20979,200
2021-01-07,Stanislaus,099,539301,40166,37296,3994,41290,553
2021-01-07,Sutter,101,95872,7321,6890,55,6945,65
2021-01-07,Tehama,103,63373,3604,3330,374,3704,15
2021-01-07,Trinity,105,12862,362,247,45,292,2
2021-01-07,Tulare,107,460477,39274,36397,5013,41410,482
2021-01-07,Tuolumne,109,53932,3189,3068,24,3092,14
2021-01-07,Ventura,111,848112,54620,49083,1983,51066,288
2021-01-07,Yolo,113,214977,10142,9207,96,9303,128
2021-01-07,Yuba,115,75493,4448,4128,45,4173,25
2021-01-06,Alameda,001,1643700,61908,57081,1298,58379,616
2021-01-06,Alpine,003,1148,72,70,0,70,0
2021-01-06,Amador,005,37829,2917,2717,23,2740,24
2021-01-06,Butte,007,227075,9068,8147,1175,9322,110
2021-01-06,Calaveras,009,45235,1419,1321,6,1327,21
2021-01-06,Colusa,011,21464,1490,1385,132,1517,7
2021-01-06,Contra Costa,013,1133247,47784,44054,782,44836,358
2021-01-06,Del Norte,015,27424,831,780,2,782,2
2021-01-06,El Dorado,017,186661,7296,6397,437,6834,35
2021-01-06,Fresno,019,978130,78491,71404,5823,77227,752
2021-01-06,Glenn,021,27897,1812,1622,342,1964,9
2021-01-06,Humboldt,023,135768,2118,1912,7,1919,22
2021-01-06,Imperial,025,180216,24528,23400,1938,25338,431
2021-01-06,Inyo,027,18085,832,630,0,630,20
2021-01-06,Kern,029,883053,75662,69893,6599,76492,646
2021-01-06,Kings,031,150075,18132,17019,715,17734,108
2021-01-06,Lake,033,64148,2277,2033,0,2033,26
2021-01-06,Lassen,035,31185,4671,4560,62,4622,1
2021-01-06,Los Angeles,037,10098052,928663,835052,29705,864757,11285
2021-01-06,Madera,039,155013,12524,11407,587,11994,67
2021-01-06,Marin,041,260295,10860,10282,110,10392,153
2021-01-06,Mariposa,043,17540,310,259,2,261,3
2021-01-06,Mendocino,045,87422,2807,2561,35,2596,30
2021-01-06,Merced,047,269075,21832,20258,485,20743,232
2021-01-06,Modoc,049,8938,292,263,80,343,0
2021-01-06,Mono,051,14174,983,905,10,915,3
2021-01-06,Monterey,053,433212,32552,30387,911,31298,222
2021-01-06,Napa,055,140530,6913,6342,24,6366,32
2021-01-06,Nevada,057,99092,3110,2805,110,2915,15
2021-01-06,Orange,059,3164182,195520,177686,8097,185783,1935
2021-01-06,Placer,061,380077,16734,14940,756,15696,134
2021-01-06,Plumas,063,18699,534,445,10,455,2
2021-01-06,Riverside,065,2383286,222599,203714,10823,214537,2121
2021-01-06,Sacramento,067,1510023,74725,71572,793,72365,909
2021-01-06,San Benito,069,59416,4437,4031,41,4072,32
2021-01-06,San Bernardino,071,2135413,235963,215286,6925,222211,1634
2021-01-06,San Diego,073,3302833,198178,176660,9031,185691,1691
2021-01-06,San Francisco,075,870044,27031,25424,317,25741,199
2021-01-06,San Joaquin,077,732212,53027,49286,2094,51380,673
2021-01-06,San Luis Obispo,079,281455,14137,12305,326,12631,115
2021-01-06,San Mateo,081,765935,30244,27050,162,27212,200
2021-01-06,Santa Barbara,083,443738,22426,19453,657,20110,177
2021-01-06,Santa Clara,085,1922200,84651,77485,359,77844,746
2021-01-06,Santa Cruz,087,273765,11589,9954,499,10453,97
2021-01-06,Shasta,089,179085,9180,8482,894,9376,78
2021-01-06,Sierra,091,2930,35,31,8,39,0
2021-01-06,Siskiyou,093,43540,1162,998,155,1153,3
2021-01-06,Solano,095,438530,23030,21102,252,21354,99
2021-01-06,Sonoma,097,501317,22088,20558,122,20680,196
2021-01-06,Stanislaus,099,539301,39570,36751,3931,40682,553
2021-01-06,Sutter,101,95872,7239,6839,54,6893,59
2021-01-06,Tehama,103,63373,3576,3306,368,3674,15
2021-01-06,Trinity,105,12862,362,246,45,291,2
2021-01-06,Tulare,107,460477,38717,35882,4912,40794,465
2021-01-06,Tuolumne,109,53932,3169,3008,24,3032,14
2021-01-06,Ventura,111,848112,53375,47428,1958,49386,280
2021-01-06,Yolo,113,214977,9980,9083,93,9176,127
2021-01-06,Yuba,115,75493,4400,4097,45,4142,25
2021-01-05,Alameda,001,1643700,60789,56432,1262,57694,602
2021-01-05,Alpine,003,1148,72,70,0,70,0
2021-01-05,Amador,005,37829,2877,2695,23,2718,24
2021-01-05,Butte,007,227075,8929,8008,1148,9156,107
2021-01-05,Calaveras,009,45235,1373,1292,6,1298,21
2021-01-05,Colusa,011,21464,1465,1376,126,1502,7
2021-01-05,Contra Costa,013,1133247,46903,43442,771,44213,353
2021-01-05,Del Norte,015,27424,824,770,2,772,2
2021-01-05,El Dorado,017,186661,7178,6270,416,6686,32
2021-01-05,Fresno,019,978130,77271,70971,5728,76699,741
2021-01-05,Glenn,021,27897,1787,1608,330,1938,9
2021-01-05,Humboldt,023,135768,2081,1884,7,1891,22
2021-01-05,Imperial,025,180216,24358,23165,1891,25056,421
2021-01-05,Inyo,027,18085,818,627,0,627,20
2021-01-05,Kern,029,883053,74590,68257,6454,74711,624
2021-01-05,Kings,031,150075,17935,16860,691,17551,108
2021-01-05,Lake,033,64148,2230,2015,0,2015,25
2021-01-05,Lassen,035,31185,4657,4554,58,4612,1
2021-01-05,Los Angeles,037,10098052,909984,823783,29017,852800,11028
2021-01-05,Madera,039,155013,12348,11359,574,11933,67
2021-01-05,Marin,041,260295,10707,10214,108,10322,151
2021-01-05,Mariposa,043,17540,304,257,2,259,3
2021-01-05,Mendocino,045,87422,2772,2501,35,2536,30
2021-01-05,Merced,047,269075,21482,20051,472,20523,230
2021-01-05,Modoc,049,8938,292,254,80,334,0
2021-01-05,Mono,051,14174,977,896,10,906,3
2021-01-05,Monterey,053,433212,31980,30045,874,30919,213
2021-01-05,Napa,055,140530,6826,6264,24,6288,29
2021-01-05,Nevada,057,99092,3082,2781,109,2890,15
2021-01-05,Orange,059,3164182,191879,174869,7901,182770,1918
2021-01-05,Placer,061,380077,16512,14723,732,15455,133
2021-01-05,Plumas,063,18699,527,428,10,438,2
2021-01-05,Riverside,065,2383286,218561,200439,10644,211083,2069
2021-01-05,Sacramento,067,1510023,73802,70677,765,71442,888
2021-01-05,San Benito,069,59416,4335,3961,39,4000,28
2021-01-05,San Bernardino,071,2135413,232039,212522,6806,219328,1615
2021-01-05,San Diego,073,3302833,194038,172845,8823,181668,1654
2021-01-05,San Francisco,075,870044,26668,24989,299,25288,196
2021-01-05,San Joaquin,077,732212,52152,48969,2042,51011,663
2021-01-05,San Luis Obispo,079,281455,13737,12027,316,12343,106
2021-01-05,San Mateo,081,765935,29760,26486,160,26646,198
2021-01-05,Santa Barbara,083,443738,21993,19063,646,19709,172
2021-01-05,Santa Clara,085,1922200,83116,76355,345,76700,729
2021-01-05,Santa Cruz,087,273765,11317,9753,474,10227,93
2021-01-05,Shasta,089,179085,9074,8345,874,9219,73
2021-01-05,Sierra,091,2930,35,31,8,39,0
2021-01-05,Siskiyou,093,43540,1150,985,153,1138,3
2021-01-05,Solano,095,438530,22624,20860,247,21107,97
2021-01-05,Sonoma,097,501317,21723,20247,121,20368,194
2021-01-05,Stanislaus,099,539301,39026,36363,3883,40246,553
2021-01-05,Sutter,101,95872,7141,6769,53,6822,59
2021-01-05,Tehama,103,63373,3518,3255,363,3618,9
2021-01-05,Trinity,105,12862,362,246,45,291,2
2021-01-05,Tulare,107,460477,38101,35585,4758,40343,455
2021-01-05,Tuolumne,109,53932,3145,2996,19,3015,13
2021-01-05,Ventura,111,848112,52127,46456,1935,48391,264
2021-01-05,Yolo,113,214977,9805,8980,92,9072,127
2021-01-05,Yuba,115,75493,4343,4053,44,4097,21
2021-01-04,Alameda,001,1643700,59552,55899,1228,57127,583
2021-01-04,Alpine,003,1148,72,68,0,68,0
2021-01-04,Amador,005,37829,2837,2596,23,2619,24
2021-01-04,Butte,007,227075,8770,7893,1124,9017,105
2021-01-04,Calaveras,009,45235,1332,1276,5,1281,21
2021-01-04,Colusa,011,21464,1440,1368,112,1480,7
2021-01-04,Contra Costa,013,1133247,46053,43019,745,43764,353
2021-01-04,Del Norte,015,27424,815,770,2,772,2
2021-01-04,El Dorado,017,186661,7044,6152,400,6552,27
2021-01-04,Fresno,019,978130,76007,69871,5628,75499,726
2021-01-04,Glenn,021,27897,1756,1590,322,1912,9
2021-01-04,Humboldt,023,135768,2045,1845,7,1852,22
2021-01-04,Imperial,025,180216,24208,23035,1837,24872,420
2021-01-04,Inyo,027,18085,791,623,0,623,20
2021-01-04,Kern,029,883053,73511,67418,6249,73667,623
2021-01-04,Kings,031,150075,17660,16801,664,17465,108
2021-01-04,Lake,033,64148,2188,1984,0,1984,25
2021-01-04,Lassen,035,31185,4635,4550,57,4607,1
2021-01-04,Los Angeles,037,10098052,889932,813022,28113,841135,10790
2021-01-04,Madera,039,155013,12127,11204,552,11756,67
2021-01-04,Marin,041,260295,10571,10115,105,10220,151
2021-01-04,Mariposa,043,17540,298,253,2,255,3
2021-01-04,Mendocino,045,87422,2732,2460,31,2491,28
2021-01-04,Merced,047,269075,21068,19804,453,20257,230
2021-01-04,Modoc,049,8938,276,250,78,328,0
2021-01-04,Mono,051,14174,966,895,10,905,3
2021-01-04,Monterey,053,433212,31337,29659,851,30510,212
2021-01-04,Napa,055,140530,6685,6187,24,6211,29
2021-01-04,Nevada,057,99092,3044,2765,104,2869,15
2021-01-04,Orange,059,3164182,187995,172458,7770,180228,1918
2021-01-04,Placer,061,380077,16257,14622,719,15341,133
2021-01-04,Plumas,063,18699,517,419,10,429,1
2021-01-04,Riverside,065,2383286,214097,196809,10447,207256,2066
2021-01-04,Sacramento,067,1510023,72738,70164,755,70919,870
2021-01-04,San Benito,069,59416,4223,3914,39,3953,28
2021-01-04,San Bernardino,071,2135413,227824,210868,6645,217513,1615
2021-01-04,San Diego,073,3302833,189467,171031,8631,179662,1598
2021-01-04,San Francisco,075,870044,26285,24753,292,25045,191
2021-01-04,San Joaquin,077,732212,51252,48644,1999,50643,661
2021-01-04,San Luis Obispo,079,281455,13249,11945,308,12253,96
2021-01-04,San Mateo,081,765935,29198,26150,155,26305,198
2021-01-04,Santa Barbara,083,443738,21477,18735,614,19349,165
2021-01-04,Santa Clara,085,1922200,81366,75297,338,75635,727
2021-01-04,Santa Cruz,087,273765,11030,9680,457,10137,85
2021-01-04,Shasta,089,179085,8969,8224,858,9082,72
2021-01-04,Sierra,091,2930,34,30,8,38,0
2021-01-04,Siskiyou,093,43540,1133,980,150,1130,3
2021-01-04,Solano,095,438530,22120,20588,240,20828,97
2021-01-04,Sonoma,097,501317,21379,20210,120,20330,194
2021-01-04,Stanislaus,099,539301,38463,36141,3825,39966,553
2021-01-04,Sutter,101,95872,7043,6712,52,6764,56
2021-01-04,Tehama,103,63373,3445,3190,357,3547,9
2021-01-04,Trinity,105,12862,359,245,45,290,2
2021-01-04,Tulare,107,460477,37542,35060,4653,39713,455
2021-01-04,Tuolumne,109,53932,3120,2987,19,3006,13
2021-01-04,Ventura,111,848112,50627,45014,1916,46930,255
2021-01-04,Yolo,113,214977,9608,8834,86,8920,121
2021-01-04,Yuba,115,75493,4284,4023,44,4067,21
2021-01-03,Alameda,001,1643700,58304,55082,1198,56280,580
2021-01-03,Alpine,003,1148,70,68,0,68,0
2021-01-03,Amador,005,37829,2773,2565,23,2588,24
2021-01-03,Butte,007,227075,8580,7837,1069,8906,105
2021-01-03,Calaveras,009,45235,1295,1249,3,1252,21
2021-01-03,Colusa,011,21464,1411,1337,106,1443,7
2021-01-03,Contra Costa,013,1133247,45162,42432,720,43152,352
2021-01-03,Del Norte,015,27424,802,768,2,770,2
2021-01-03,El Dorado,017,186661,6916,6034,383,6417,27
2021-01-03,Fresno,019,978130,74859,69326,5501,74827,719
2021-01-03,Glenn,021,27897,1731,1581,311,1892,9
2021-01-03,Humboldt,023,135768,2008,1833,7,1840,21
2021-01-03,Imperial,025,180216,23954,22951,1752,24703,419
2021-01-03,Inyo,027,18085,774,615,0,615,20
2021-01-03,Kern,029,883053,72258,66895,6065,72960,609
2021-01-03,Kings,031,150075,17388,16593,631,17224,108
2021-01-03,Lake,033,64148,2135,1976,0,1976,24
2021-01-03,Lassen,035,31185,4602,4531,56,4587,1
2021-01-03,Los Angeles,037,10098052,868009,792168,27014,819182,10633
2021-01-03,Madera,039,155013,11901,11152,529,11681,67
2021-01-03,Marin,041,260295,10422,10034,100,10134,150
2021-01-03,Mariposa,043,17540,291,248,2,250,3
2021-01-03,Mendocino,045,87422,2692,2445,30,2475,24
2021-01-03,Merced,047,269075,20600,19600,427,20027,230
2021-01-03,Modoc,049,8938,272,245,77,322,0
2021-01-03,Mono,051,14174,941,893,10,903,3
2021-01-03,Monterey,053,433212,30748,29357,814,30171,191
2021-01-03,Napa,055,140530,6584,6094,24,6118,29
2021-01-03,Nevada,057,99092,2982,2742,101,2843,15
2021-01-03,Orange,059,3164182,183816,169881,7575,177456,1919
2021-01-03,Placer,061,380077,16010,14319,695,15014,133
2021-01-03,Plumas,063,18699,504,416,10,426,1
2021-01-03,Riverside,065,2383286,209320,195048,10188,205236,2005
2021-01-03,Sacramento,067,1510023,71534,68558,733,69291,859
2021-01-03,San Benito,069,59416,4125,3882,38,3920,28
2021-01-03,San Bernardino,071,2135413,222558,208294,6467,214761,1592
2021-01-03,San Diego,073,3302833,184208,168018,8410,176428,1592
2021-01-03,San Francisco,075,870044,25788,24588,275,24863,193
2021-01-03,San Joaquin,077,732212,50132,47899,1938,49837,661
2021-01-03,San Luis Obispo,079,281455,12780,11636,298,11934,95
2021-01-03,San Mateo,081,765935,28605,25770,148,25918,196
2021-01-03,Santa Barbara,083,443738,20759,18267,597,18864,164
2021-01-03,Santa Clara,085,1922200,79813,74534,332,74866,720
2021-01-03,Santa Cruz,087,273765,10730,9528,438,9966,84
2021-01-03,Shasta,089,179085,8844,8192,816,9008,72
2021-01-03,Sierra,091,2930,34,30,8,38,0
2021-01-03,Siskiyou,093,43540,1100,976,141,1117,3
2021-01-03,Solano,095,438530,21587,20105,235,20340,97
2021-01-03,Sonoma,097,501317,20987,19982,116,20098,193
2021-01-03,Stanislaus,099,539301,37774,35762,3743,39505,553
2021-01-03,Sutter,101,95872,6946,6664,51,6715,53
2021-01-03,Tehama,103,63373,3387,3176,348,3524,9
2021-01-03,Trinity,105,12862,356,243,44,287,2
2021-01-03,Tulare,107,460477,36984,34747,4499,39246,455
2021-01-03,Tuolumne,109,53932,3059,2978,16,2994,13
2021-01-03,Ventura,111,848112,48804,43748,1898,45646,254
2021-01-03,Yolo,113,214977,9450,8674,82,8756,121
2021-01-03,Yuba,115,75493,4230,3966,43,4009,20
2021-01-02,Alameda,001,1643700,57677,54518,1169,55687,581
2021-01-02,Alpine,003,1148,70,68,0,68,0
2021-01-02,Amador,005,37829,2754,2540,23,2563,24
2021-01-02,Butte,007,227075,8474,7750,1048,8798,105
2021-01-02,Calaveras,009,45235,1275,1230,3,1233,21
2021-01-02,Colusa,011,21464,1401,1332,105,1437,7
2021-01-02,Contra Costa,013,1133247,44642,41993,708,42701,352
2021-01-02,Del Norte,015,27424,800,764,2,766,2
2021-01-02,El Dorado,017,186661,6861,5959,379,6338,27
2021-01-02,Fresno,019,978130,74320,68740,5386,74126,717
2021-01-02,Glenn,021,27897,1716,1546,309,1855,9
2021-01-02,Humboldt,023,135768,1981,1815,7,1822,21
2021-01-02,Imperial,025,180216,23870,22867,1712,24579,420
2021-01-02,Inyo,027,18085,761,609,0,609,20
2021-01-02,Kern,029,883053,71543,66457,5955,72412,610
2021-01-02,Kings,031,150075,17294,16515,627,17142,108
2021-01-02,Lake,033,64148,2098,1925,0,1925,24
2021-01-02,Lassen,035,31185,4591,4457,55,4512,1
2021-01-02,Los Angeles,037,10098052,859693,791892,26287,818179,10633
2021-01-02,Madera,039,155013,11791,11039,517,11556,67
2021-01-02,Marin,041,260295,10377,9924,96,10020,151
2021-01-02,Mariposa,043,17540,284,243,2,245,3
2021-01-02,Mendocino,045,87422,2649,2428,29,2457,24
2021-01-02,Merced,047,269075,20459,19395,411,19806,230
2021-01-02,Modoc,049,8938,271,245,77,322,0
2021-01-02,Mono,051,14174,931,884,10,894,3
2021-01-02,Monterey,053,433212,30542,28991,803,29794,191
2021-01-02,Napa,055,140530,6524,5994,24,6018,29
2021-01-02,Nevada,057,99092,2953,2706,97,2803,15
2021-01-02,Orange,059,3164182,181618,168457,7421,175878,1918
2021-01-02,Placer,061,380077,15839,14182,685,14867,133
2021-01-02,Plumas,063,18699,501,413,10,423,1
2021-01-02,Riverside,065,2383286,206736,192069,9959,202028,2008
2021-01-02,Sacramento,067,1510023,70894,67810,718,68528,858
2021-01-02,San Benito,069,59416,4043,3829,38,3867,28
2021-01-02,San Bernardino,071,2135413,220944,206939,6337,213276,1597
2021-01-02,San Diego,073,3302833,181609,164498,8224,172722,1592
2021-01-02,San Francisco,075,870044,25528,24414,268,24682,194
2021-01-02,San Joaquin,077,732212,49762,47310,1906,49216,662
2021-01-02,San Luis Obispo,079,281455,12645,11467,291,11758,95
2021-01-02,San Mateo,081,765935,28269,25483,140,25623,196
2021-01-02,Santa Barbara,083,443738,20473,18135,594,18729,164
2021-01-02,Santa Clara,085,1922200,78642,73662,324,73986,720
2021-01-02,Santa Cruz,087,273765,10575,9340,429,9769,85
2021-01-02,Shasta,089,179085,8778,8154,804,8958,72
2021-01-02,Sierra,091,2930,34,28,8,36,0
2021-01-02,Siskiyou,093,43540,1089,949,139,1088,3
2021-01-02,Solano,095,438530,21390,19805,225,20030,97
2021-01-02,Sonoma,097,501317,20821,19761,116,19877,194
2021-01-02,Stanislaus,099,539301,37461,35431,3674,39105,553
2021-01-02,Sutter,101,95872,6891,6621,51,6672,53
2021-01-02,Tehama,103,63373,3362,3146,344,3490,9
2021-01-02,Trinity,105,12862,353,243,44,287,2
2021-01-02,Tulare,107,460477,36670,34479,4422,38901,455
2021-01-02,Tuolumne,109,53932,3045,2942,14,2956,13
2021-01-02,Ventura,111,848112,47653,43397,1863,45260,254
2021-01-02,Yolo,113,214977,9355,8571,80,8651,122
2021-01-02,Yuba,115,75493,4193,3930,42,3972,21
2021-01-01,Alameda,001,1643700,57016,53518,1152,54670,579
2021-01-01,Alpine,003,1148,70,68,0,68,0
2021-01-01,Amador,005,37829,2728,2513,21,2534,24
2021-01-01,Butte,007,227075,8373,7589,1023,8612,105
2021-01-01,Calaveras,009,45235,1260,1186,3,1189,21
2021-01-01,Colusa,011,21464,1392,1314,103,1417,7
2021-01-01,Contra Costa,013,1133247,44162,41412,688,42100,351
2021-01-01,Del Norte,015,27424,794,758,2,760,2
2021-01-01,El Dorado,017,186661,6771,5832,368,6200,27
2021-01-01,Fresno,019,978130,73249,67484,5298,72782,717
2021-01-01,Glenn,021,27897,1700,1520,306,1826,9
2021-01-01,Humboldt,023,135768,1942,1783,7,1790,21
2021-01-01,Imperial,025,180216,23785,22715,1659,24374,418
2021-01-01,Inyo,027,18085,737,606,0,606,20
2021-01-01,Kern,029,883053,70721,65571,5843,71414,609
2021-01-01,Kings,031,150075,17111,16358,621,16979,108
2021-01-01,Lake,033,64148,2067,1888,0,1888,24
2021-01-01,Lassen,035,31185,4585,4377,55,4432,1
2021-01-01,Los Angeles,037,10098052,845552,775578,25565,801143,10515
2021-01-01,Madera,039,155013,11632,10752,508,11260,66
2021-01-01,Marin,041,260295,10270,9821,96,9917,148
2021-01-01,Mariposa,043,17540,276,236,2,238,3
2021-01-01,Mendocino,045,87422,2595,2400,29,2429,24
2021-01-01,Merced,047,269075,20275,19118,395,19513,229
2021-01-01,Modoc,049,8938,271,241,77,318,0
2021-01-01,Mono,051,14174,913,884,10,894,3
2021-01-01,Monterey,053,433212,30310,28465,795,29260,191
2021-01-01,Napa,055,140530,6438,5899,24,5923,28
2021-01-01,Nevada,057,99092,2929,2663,97,2760,15
2021-01-01,Orange,059,3164182,178829,165440,7272,172712,1893
2021-01-01,Placer,061,380077,15656,13987,667,14654,133
2021-01-01,Plumas,063,18699,496,412,10,422,1
2021-01-01,Riverside,065,2383286,203621,188674,9690,198364,1990
2021-01-01,Sacramento,067,1510023,70297,66956,701,67657,848
2021-01-01,San Benito,069,59416,4005,3773,37,3810,28
2021-01-01,San Bernardino,071,2135413,218133,203651,6198,209849,1590
2021-01-01,San Diego,073,3302833,178535,160071,8049,168120,1592
2021-01-01,San Francisco,075,870044,25253,24145,256,24401,187
2021-01-01,San Joaquin,077,732212,49478,46640,1859,48499,657
2021-01-01,San Luis Obispo,079,281455,12417,11160,283,11443,94
2021-01-01,San Mateo,081,765935,27821,25041,136,25177,194
2021-01-01,Santa Barbara,083,443738,20154,17759,584,18343,164
2021-01-01,Santa Clara,085,1922200,77376,71904,319,72223,680
2021-01-01,Santa Cruz,087,273765,10396,9146,418,9564,84
2021-01-01,Shasta,089,179085,8697,8102,787,8889,72
2021-01-01,Sierra,091,2930,34,26,8,34,0
2021-01-01,Siskiyou,093,43540,1075,944,134,1078,3
2021-01-01,Solano,095,438530,21177,19393,223,19616,97
2021-01-01,Sonoma,097,501317,20631,19513,116,19629,189
2021-01-01,Stanislaus,099,539301,37184,34978,3605,38583,553
2021-01-01,Sutter,101,95872,6834,6553,50,6603,52
2021-01-01,Tehama,103,63373,3305,3079,335,3414,9
2021-01-01,Trinity,105,12862,353,243,44,287,2
2021-01-01,Tulare,107,460477,36266,33994,4325,38319,454
2021-01-01,Tuolumne,109,53932,3029,2909,14,2923,13
2021-01-01,Ventura,111,848112,46160,42026,1835,43861,253
2021-01-01,Yolo,113,214977,9245,8461,77,8538,120
2021-01-01,Yuba,115,75493,4138,3845,41,3886,19
2020-12-31,Alameda,001,1643700,56477,52475,1120,53595,579
2020-12-31,Alpine,003,1148,70,66,0,66,0
2020-12-31,Amador,005,37829,2714,2493,21,2514,24
2020-12-31,Butte,007,227075,8299,7405,1003,8408,105
2020-12-31,Calaveras,009,45235,1249,1161,3,1164,21
2020-12-31,Colusa,011,21464,1384,1301,100,1401,7
2020-12-31,Contra Costa,013,1133247,43786,40512,673,41185,336
2020-12-31,Del Norte,015,27424,793,748,2,750,2
2020-12-31,El Dorado,017,186661,6719,5662,358,6020,26
2020-12-31,Fresno,019,978130,72819,66442,5234,71676,711
2020-12-31,Glenn,021,27897,1680,1484,301,1785,9
2020-12-31,Humboldt,023,135768,1925,1713,7,1720,21
2020-12-31,Imperial,025,180216,23721,22494,1643,24137,417
2020-12-31,Inyo,027,18085,729,591,0,591,20
2020-12-31,Kern,029,883053,70254,64904,5749,70653,609
2020-12-31,Kings,031,150075,17036,16077,613,16690,108
2020-12-31,Lake,033,64148,2055,1848,0,1848,23
2020-12-31,Lassen,035,31185,4579,4340,54,4394,1
2020-12-31,Los Angeles,037,10098052,840259,755844,25080,780924,10320
2020-12-31,Madera,039,155013,11563,10609,497,11106,64
2020-12-31,Marin,041,260295,10228,9731,95,9826,148
2020-12-31,Mariposa,043,17540,274,217,2,219,3
2020-12-31,Mendocino,045,87422,2580,2367,25,2392,24
2020-12-31,Merced,047,269075,20187,18808,385,19193,226
2020-12-31,Modoc,049,8938,271,238,77,315,0
2020-12-31,Mono,051,14174,906,868,10,878,3
2020-12-31,Monterey,053,433212,30111,27720,783,28503,188
2020-12-31,Napa,055,140530,6375,5801,24,5825,28
2020-12-31,Nevada,057,99092,2906,2619,95,2714,15
2020-12-31,Orange,059,3164182,176947,161586,7135,168721,1866
2020-12-31,Placer,061,380077,15500,13708,664,14372,126
2020-12-31,Plumas,063,18699,491,401,9,410,1
2020-12-31,Riverside,065,2383286,201994,184193,9554,193747,1958
2020-12-31,Sacramento,067,1510023,69778,65817,690,66507,830
2020-12-31,San Benito,069,59416,3982,3673,37,3710,28
2020-12-31,San Bernardino,071,2135413,216560,199115,6128,205243,1586
2020-12-31,San Diego,073,3302833,176770,155593,7957,163550,1534
2020-12-31,San Francisco,075,870044,25026,23740,248,23988,183
2020-12-31,San Joaquin,077,732212,49173,45764,1819,47583,646
2020-12-31,San Luis Obispo,079,281455,12305,10846,283,11129,89
2020-12-31,San Mateo,081,765935,27491,24570,130,24700,192
2020-12-31,Santa Barbara,083,443738,19912,17434,577,18011,161
2020-12-31,Santa Clara,085,1922200,76606,70032,314,70346,665
2020-12-31,Santa Cruz,087,273765,10280,8909,405,9314,84
2020-12-31,Shasta,089,179085,8631,7996,777,8773,69
2020-12-31,Sierra,091,2930,34,26,8,34,0
2020-12-31,Siskiyou,093,43540,1059,940,131,1071,3
2020-12-31,Solano,095,438530,20948,18942,222,19164,97
2020-12-31,Sonoma,097,501317,20515,19129,115,19244,188
2020-12-31,Stanislaus,099,539301,36888,34398,3550,37948,552
2020-12-31,Sutter,101,95872,6804,6432,50,6482,51
2020-12-31,Tehama,103,63373,3273,3036,334,3370,9
2020-12-31,Trinity,105,12862,352,241,44,285,2
2020-12-31,Tulare,107,460477,36103,33412,4261,37673,446
2020-12-31,Tuolumne,109,53932,3020,2902,14,2916,12
2020-12-31,Ventura,111,848112,45651,40854,1817,42671,251
2020-12-31,Yolo,113,214977,9160,8295,76,8371,117
2020-12-31,Yuba,115,75493,4099,3799,40,3839,18
2020-12-30,Alameda,001,1643700,55716,50158,1069,51227,573
2020-12-30,Alpine,003,1148,70,66,0,66,0
2020-12-30,Amador,005,37829,2694,2418,20,2438,24
2020-12-30,Butte,007,227075,8139,7140,986,8126,103
2020-12-30,Calaveras,009,45235,1224,1135,3,1138,21
2020-12-30,Colusa,011,21464,1368,1289,94,1383,7
2020-12-30,Contra Costa,013,1133247,43202,39601,661,40262,337
2020-12-30,Del Norte,015,27424,788,726,2,728,2
2020-12-30,El Dorado,017,186661,6620,5595,346,5941,27
2020-12-30,Fresno,019,978130,71976,65566,5072,70638,711
2020-12-30,Glenn,021,27897,1651,1471,288,1759,9
2020-12-30,Humboldt,023,135768,1891,1654,7,1661,22
2020-12-30,Imperial,025,180216,23554,22098,1565,23663,412
2020-12-30,Inyo,027,18085,722,572,0,572,20
2020-12-30,Kern,029,883053,69531,63292,5598,68890,604
2020-12-30,Kings,031,150075,16917,15862,605,16467,108
2020-12-30,Lake,033,64148,2032,1731,0,1731,23
2020-12-30,Lassen,035,31185,4570,4300,54,4354,1
2020-12-30,Los Angeles,037,10098052,829402,741907,24356,766263,10046
2020-12-30,Madera,039,155013,11453,10249,486,10735,65
2020-12-30,Marin,041,260295,10139,9569,88,9657,148
2020-12-30,Mariposa,043,17540,270,214,2,216,3
2020-12-30,Mendocino,045,87422,2562,2291,22,2313,24
2020-12-30,Merced,047,269075,19895,18519,375,18894,225
2020-12-30,Modoc,049,8938,268,234,77,311,0
2020-12-30,Mono,051,14174,903,868,10,878,3
2020-12-30,Monterey,053,433212,29493,26977,760,27737,186
2020-12-30,Napa,055,140530,6269,5754,24,5778,28
2020-12-30,Nevada,057,99092,2871,2595,93,2688,15
2020-12-30,Orange,059,3164182,174288,153951,6942,160893,1863
2020-12-30,Placer,061,380077,15272,13540,652,14192,127
2020-12-30,Plumas,063,18699,486,397,9,406,1
2020-12-30,Riverside,065,2383286,199052,176402,9362,185764,1919
2020-12-30,Sacramento,067,1510023,68914,64119,672,64791,847
2020-12-30,San Benito,069,59416,3901,3464,33,3497,29
2020-12-30,San Bernardino,071,2135413,213986,192648,6040,198688,1591
2020-12-30,San Diego,073,3302833,173134,152510,7785,160295,1472
2020-12-30,San Francisco,075,870044,24734,23099,243,23342,182
2020-12-30,San Joaquin,077,732212,48484,44465,1777,46242,634
2020-12-30,San Luis Obispo,079,281455,12037,10542,275,10817,89
2020-12-30,San Mateo,081,765935,27061,24150,126,24276,190
2020-12-30,Santa Barbara,083,443738,19521,16895,553,17448,161
2020-12-30,Santa Clara,085,1922200,75342,67218,310,67528,661
2020-12-30,Santa Cruz,087,273765,10084,8787,396,9183,86
2020-12-30,Shasta,089,179085,8518,7818,763,8581,69
2020-12-30,Sierra,091,2930,34,25,8,33,0
2020-12-30,Siskiyou,093,43540,1052,913,122,1035,3
2020-12-30,Solano,095,438530,20553,18300,219,18519,96
2020-12-30,Sonoma,097,501317,20257,18947,115,19062,191
2020-12-30,Stanislaus,099,539301,36410,33730,3475,37205,526
2020-12-30,Sutter,101,95872,6742,6328,48,6376,51
2020-12-30,Tehama,103,63373,3229,2969,330,3299,9
2020-12-30,Trinity,105,12862,351,231,43,274,2
2020-12-30,Tulare,107,460477,35551,32413,4194,36607,430
2020-12-30,Tuolumne,109,53932,3008,2772,12,2784,12
2020-12-30,Ventura,111,848112,44364,39039,1792,40831,251
2020-12-30,Yolo,113,214977,9053,8067,73,8140,117
2020-12-30,Yuba,115,75493,4029,3612,40,3652,18
2020-12-29,Alameda,001,1643700,54654,50946,1032,51978,552
2020-12-29,Alpine,003,1148,70,65,0,65,0
2020-12-29,Amador,005,37829,2642,2388,19,2407,23
2020-12-29,Butte,007,227075,7967,7178,962,8140,98
2020-12-29,Calaveras,009,45235,1179,1111,2,1113,21
2020-12-29,Colusa,011,21464,1347,1272,89,1361,7
2020-12-29,Contra Costa,013,1133247,42398,39225,630,39855,325
2020-12-29,Del Norte,015,27424,781,724,2,726,2
2020-12-29,El Dorado,017,186661,6491,5551,331,5882,22
2020-12-29,Fresno,019,978130,70604,65149,4911,70060,688
2020-12-29,Glenn,021,27897,1617,1454,281,1735,9
2020-12-29,Humboldt,023,135768,1845,1616,7,1623,19
2020-12-29,Imperial,025,180216,23347,22105,1475,23580,407
2020-12-29,Inyo,027,18085,705,571,0,571,19
2020-12-29,Kern,029,883053,68372,63096,5420,68516,589
2020-12-29,Kings,031,150075,16748,15777,593,16370,108
2020-12-29,Lake,033,64148,2000,1805,0,1805,22
2020-12-29,Lassen,035,31185,4555,4288,54,4342,1
2020-12-29,Los Angeles,037,10098052,809259,731907,23458,755365,9786
2020-12-29,Madera,039,155013,11138,10251,470,10721,64
2020-12-29,Marin,041,260295,9988,9595,85,9680,146
2020-12-29,Mariposa,043,17540,262,212,2,214,3
2020-12-29,Mendocino,045,87422,2519,2249,21,2270,24
2020-12-29,Merced,047,269075,19545,18464,360,18824,221
2020-12-29,Modoc,049,8938,265,232,77,309,0
2020-12-29,Mono,051,14174,894,868,10,878,3
2020-12-29,Monterey,053,433212,28856,26894,732,27626,185
2020-12-29,Napa,055,140530,6149,5663,24,5687,28
2020-12-29,Nevada,057,99092,2823,2550,92,2642,15
2020-12-29,Orange,059,3164182,170499,154411,6768,161179,1839
2020-12-29,Placer,061,380077,15060,13392,629,14021,126
2020-12-29,Plumas,063,18699,477,395,9,404,1
2020-12-29,Riverside,065,2383286,194459,177624,9099,186723,1904
2020-12-29,Sacramento,067,1510023,67868,65078,658,65736,820
2020-12-29,San Benito,069,59416,3782,3474,32,3506,25
2020-12-29,San Bernardino,071,2135413,209164,190476,5901,196377,1557
2020-12-29,San Diego,073,3302833,168910,150062,7555,157617,1435
2020-12-29,San Francisco,075,870044,24394,22996,234,23230,178
2020-12-29,San Joaquin,077,732212,47565,44699,1719,46418,622
2020-12-29,San Luis Obispo,079,281455,11742,10387,267,10654,80
2020-12-29,San Mateo,081,765935,26518,23773,113,23886,189
2020-12-29,Santa Barbara,083,443738,19059,16797,527,17324,155
2020-12-29,Santa Clara,085,1922200,73795,67581,307,67888,621
2020-12-29,Santa Cruz,087,273765,9814,8492,387,8879,84
2020-12-29,Shasta,089,179085,8413,7782,748,8530,65
2020-12-29,Sierra,091,2930,32,24,7,31,0
2020-12-29,Siskiyou,093,43540,1037,926,120,1046,3
2020-12-29,Solano,095,438530,20171,18412,214,18626,96
2020-12-29,Sonoma,097,501317,19921,18790,113,18903,187
2020-12-29,Stanislaus,099,539301,35910,33775,3411,37186,508
2020-12-29,Sutter,101,95872,6674,6302,48,6350,50
2020-12-29,Tehama,103,63373,3161,2962,315,3277,9
2020-12-29,Trinity,105,12862,351,241,43,284,2
2020-12-29,Tulare,107,460477,34894,32545,4052,36597,419
2020-12-29,Tuolumne,109,53932,2966,2797,12,2809,12
2020-12-29,Ventura,111,848112,43110,38669,1765,40434,235
2020-12-29,Yolo,113,214977,8924,8124,71,8195,111
2020-12-29,Yuba,115,75493,3948,3723,40,3763,18
2020-12-28,Alameda,001,1643700,53619,50405,1010,51415,551
2020-12-28,Alpine,003,1148,69,65,0,65,0
2020-12-28,Amador,005,37829,2572,2255,19,2274,23
2020-12-28,Butte,007,227075,7800,7053,932,7985,86
2020-12-28,Calaveras,009,45235,1156,1102,2,1104,21
2020-12-28,Colusa,011,21464,1323,1255,74,1329,7
2020-12-28,Contra Costa,013,1133247,41464,38872,603,39475,324
2020-12-28,Del Norte,015,27424,771,718,2,720,2
2020-12-28,El Dorado,017,186661,6335,5441,319,5760,18
2020-12-28,Fresno,019,978130,69335,64274,4755,69029,679
2020-12-28,Glenn,021,27897,1583,1435,269,1704,9
2020-12-28,Humboldt,023,135768,1810,1579,7,1586,19
2020-12-28,Imperial,025,180216,23089,22003,1398,23401,405
2020-12-28,Inyo,027,18085,698,569,0,569,19
2020-12-28,Kern,029,883053,67310,62392,5213,67605,579
2020-12-28,Kings,031,150075,16532,15733,575,16308,108
2020-12-28,Lake,033,64148,1959,1785,0,1785,22
2020-12-28,Lassen,035,31185,4448,4284,53,4337,1
2020-12-28,Los Angeles,037,10098052,786960,720699,22614,743313,9544
2020-12-28,Madera,039,155013,10963,10123,447,10570,64
2020-12-28,Marin,041,260295,9880,9546,78,9624,145
2020-12-28,Mariposa,043,17540,238,211,2,213,3
2020-12-28,Mendocino,045,87422,2484,2214,21,2235,23
2020-12-28,Merced,047,269075,19223,18245,342,18587,213
2020-12-28,Modoc,049,8938,260,220,76,296,0
2020-12-28,Mono,051,14174,890,848,10,858,3
2020-12-28,Monterey,053,433212,28017,26529,719,27248,182
2020-12-28,Napa,055,140530,6040,5576,24,5600,26
2020-12-28,Nevada,057,99092,2776,2532,87,2619,15
2020-12-28,Orange,059,3164182,166394,152089,6587,158676,1839
2020-12-28,Placer,061,380077,14723,13234,601,13835,126
2020-12-28,Plumas,063,18699,473,391,9,400,0
2020-12-28,Riverside,065,2383286,189585,174029,8794,182823,1855
2020-12-28,Sacramento,067,1510023,66636,64322,633,64955,813
2020-12-28,San Benito,069,59416,3713,3429,31,3460,24
2020-12-28,San Bernardino,071,2135413,204064,188919,5783,194702,1552
2020-12-28,San Diego,073,3302833,164165,147528,7373,154901,1404
2020-12-28,San Francisco,075,870044,24034,22726,228,22954,178
2020-12-28,San Joaquin,077,732212,46631,44172,1687,45859,618
2020-12-28,San Luis Obispo,079,281455,11392,10260,262,10522,76
2020-12-28,San Mateo,081,765935,26044,23467,110,23577,189
2020-12-28,Santa Barbara,083,443738,18599,16579,515,17094,155
2020-12-28,Santa Clara,085,1922200,72310,66418,300,66718,619
2020-12-28,Santa Cruz,087,273765,9546,8310,377,8687,81
2020-12-28,Shasta,089,179085,8294,7688,735,8423,65
2020-12-28,Sierra,091,2930,29,24,7,31,0
2020-12-28,Siskiyou,093,43540,1022,915,114,1029,3
2020-12-28,Solano,095,438530,19600,18171,208,18379,96
2020-12-28,Sonoma,097,501317,19575,18667,111,18778,185
2020-12-28,Stanislaus,099,539301,35364,33473,3345,36818,507
2020-12-28,Sutter,101,95872,6591,6253,48,6301,49
2020-12-28,Tehama,103,63373,3108,2934,306,3240,9
2020-12-28,Trinity,105,12862,349,240,43,283,2
2020-12-28,Tulare,107,460477,34213,32010,3939,35949,404
2020-12-28,Tuolumne,109,53932,2950,2777,12,2789,12
2020-12-28,Ventura,111,848112,41440,37151,1716,38867,230
2020-12-28,Yolo,113,214977,8769,8031,70,8101,111
2020-12-28,Yuba,115,75493,3887,3679,39,3718,18
2020-12-27,Alameda,001,1643700,52379,49764,981,50745,551
2020-12-27,Alpine,003,1148,67,65,0,65,0
2020-12-27,Amador,005,37829,2451,2218,19,2237,23
2020-12-27,Butte,007,227075,7646,7016,895,7911,86
2020-12-27,Calaveras,009,45235,1109,1097,2,1099,21
2020-12-27,Colusa,011,21464,1298,1253,71,1324,7
2020-12-27,Contra Costa,013,1133247,40538,38428,573,39001,324
2020-12-27,Del Norte,015,27424,748,712,2,714,2
2020-12-27,El Dorado,017,186661,6123,5388,293,5681,18
2020-12-27,Fresno,019,978130,68090,63811,4542,68353,679
2020-12-27,Glenn,021,27897,1557,1434,254,1688,9
2020-12-27,Humboldt,023,135768,1766,1575,7,1582,17
2020-12-27,Imperial,025,180216,22800,21934,1279,23213,405
2020-12-27,Inyo,027,18085,676,565,0,565,18
2020-12-27,Kern,029,883053,66036,61914,5042,66956,568
2020-12-27,Kings,031,150075,16296,15593,539,16132,108
2020-12-27,Lake,033,64148,1903,1769,0,1769,22
2020-12-27,Lassen,035,31185,4371,4230,46,4276,1
2020-12-27,Los Angeles,037,10098052,765531,707260,21678,728938,9476
2020-12-27,Madera,039,155013,10705,10005,437,10442,64
2020-12-27,Marin,041,260295,9757,9477,72,9549,144
2020-12-27,Mariposa,043,17540,231,208,2,210,3
2020-12-27,Mendocino,045,87422,2437,2209,21,2230,23
2020-12-27,Merced,047,269075,18856,18075,326,18401,213
2020-12-27,Modoc,049,8938,251,221,72,293,0
2020-12-27,Mono,051,14174,871,849,10,859,3
2020-12-27,Monterey,053,433212,27470,26322,702,27024,181
2020-12-27,Napa,055,140530,5905,5496,24,5520,26
2020-12-27,Nevada,057,99092,2740,2519,87,2606,15
2020-12-27,Orange,059,3164182,162003,149276,6395,155671,1839
2020-12-27,Placer,061,380077,14427,13017,568,13585,126
2020-12-27,Plumas,063,18699,467,390,9,399,0
2020-12-27,Riverside,065,2383286,184688,171995,8476,180471,1836
2020-12-27,Sacramento,067,1510023,65431,63416,608,64024,811
2020-12-27,San Benito,069,59416,3627,3394,31,3425,24
2020-12-27,San Bernardino,071,2135413,198999,186776,5636,192412,1551
2020-12-27,San Diego,073,3302833,159758,145777,7186,152963,1402
2020-12-27,San Francisco,075,870044,23687,22514,219,22733,178
2020-12-27,San Joaquin,077,732212,45592,43529,1636,45165,618
2020-12-27,San Luis Obispo,079,281455,10985,10154,257,10411,76
2020-12-27,San Mateo,081,765935,25478,23136,106,23242,187
2020-12-27,Santa Barbara,083,443738,18080,16364,486,16850,155
2020-12-27,Santa Clara,085,1922200,70688,65288,294,65582,619
2020-12-27,Santa Cruz,087,273765,9279,8234,368,8602,81
2020-12-27,Shasta,089,179085,8171,7671,711,8382,65
2020-12-27,Sierra,091,2930,29,24,6,30,0
2020-12-27,Siskiyou,093,43540,1012,914,109,1023,3
2020-12-27,Solano,095,438530,19107,17840,202,18042,96
2020-12-27,Sonoma,097,501317,19286,18487,110,18597,185
2020-12-27,Stanislaus,099,539301,34764,33076,3249,36325,506
2020-12-27,Sutter,101,95872,6509,6218,46,6264,48
2020-12-27,Tehama,103,63373,3039,2922,289,3211,9
2020-12-27,Trinity,105,12862,344,240,41,281,2
2020-12-27,Tulare,107,460477,33619,31864,3816,35680,400
2020-12-27,Tuolumne,109,53932,2843,2750,10,2760,12
2020-12-27,Ventura,111,848112,40380,36661,1661,38322,230
2020-12-27,Yolo,113,214977,8579,7919,64,7983,111
2020-12-27,Yuba,115,75493,3824,3665,37,3702,18
2020-12-26,Alameda,001,1643700,51769,49084,968,50052,551
2020-12-26,Alpine,003,1148,67,65,0,65,0
2020-12-26,Amador,005,37829,2437,2189,19,2208,23
2020-12-26,Butte,007,227075,7551,6968,873,7841,86
2020-12-26,Calaveras,009,45235,1103,1084,2,1086,21
2020-12-26,Colusa,011,21464,1288,1240,71,1311,7
2020-12-26,Contra Costa,013,1133247,40076,38008,559,38567,324
2020-12-26,Del Norte,015,27424,742,709,2,711,2
2020-12-26,El Dorado,017,186661,6068,5279,289,5568,18
2020-12-26,Fresno,019,978130,67620,63080,4478,67558,679
2020-12-26,Glenn,021,27897,1536,1413,248,1661,9
2020-12-26,Humboldt,023,135768,1728,1545,7,1552,17
2020-12-26,Imperial,025,180216,22711,21734,1226,22960,405
2020-12-26,Inyo,027,18085,663,554,0,554,18
2020-12-26,Kern,029,883053,65369,61174,4881,66055,564
2020-12-26,Kings,031,150075,16178,15517,534,16051,108
2020-12-26,Lake,033,64148,1860,1710,0,1710,22
2020-12-26,Lassen,035,31185,4350,3981,46,4027,1
2020-12-26,Los Angeles,037,10098052,757023,694149,21147,715296,9424
2020-12-26,Madera,039,155013,10630,9908,423,10331,64
2020-12-26,Marin,041,260295,9721,9413,71,9484,143
2020-12-26,Mariposa,043,17540,230,206,2,208,3
2020-12-26,Mendocino,045,87422,2391,2194,21,2215,23
2020-12-26,Merced,047,269075,18698,17890,321,18211,213
2020-12-26,Modoc,049,8938,248,222,72,294,0
2020-12-26,Mono,051,14174,865,850,10,860,3
2020-12-26,Monterey,053,433212,27337,26010,693,26703,182
2020-12-26,Napa,055,140530,5847,5427,24,5451,26
2020-12-26,Nevada,057,99092,2712,2480,87,2567,15
2020-12-26,Orange,059,3164182,159809,147304,6298,153602,1838
2020-12-26,Placer,061,380077,14258,12816,552,13368,122
2020-12-26,Plumas,063,18699,464,381,9,390,0
2020-12-26,Riverside,065,2383286,182210,169360,8309,177669,1834
2020-12-26,Sacramento,067,1510023,64808,62435,598,63033,807
2020-12-26,San Benito,069,59416,3554,3330,31,3361,24
2020-12-26,San Bernardino,071,2135413,197349,185111,5550,190661,1551
2020-12-26,San Diego,073,3302833,157233,142644,7039,149683,1402
2020-12-26,San Francisco,075,870044,23453,22319,218,22537,177
2020-12-26,San Joaquin,077,732212,45206,42887,1587,44474,618
2020-12-26,San Luis Obispo,079,281455,10898,9945,252,10197,76
2020-12-26,San Mateo,081,765935,25139,22908,100,23008,187
2020-12-26,Santa Barbara,083,443738,17843,16159,480,16639,155
2020-12-26,Santa Clara,085,1922200,69621,64185,291,64476,618
2020-12-26,Santa Cruz,087,273765,9155,8113,358,8471,81
2020-12-26,Shasta,089,179085,8112,7641,698,8339,65
2020-12-26,Sierra,091,2930,29,24,6,30,0
2020-12-26,Siskiyou,093,43540,1005,909,104,1013,2
2020-12-26,Solano,095,438530,18865,17528,202,17730,96
2020-12-26,Sonoma,097,501317,19086,18261,108,18369,184
2020-12-26,Stanislaus,099,539301,34473,32678,3198,35876,505
2020-12-26,Sutter,101,95872,6450,6121,46,6167,48
2020-12-26,Tehama,103,63373,3012,2884,284,3168,9
2020-12-26,Trinity,105,12862,342,237,40,277,2
2020-12-26,Tulare,107,460477,33319,31665,3763,35428,398
2020-12-26,Tuolumne,109,53932,2832,2703,10,2713,12
2020-12-26,Ventura,111,848112,39413,36064,1629,37693,230
2020-12-26,Yolo,113,214977,8478,7785,61,7846,111
2020-12-26,Yuba,115,75493,3796,3599,37,3636,18
2020-12-25,Alameda,001,1643700,51207,48365,953,49318,542
2020-12-25,Alpine,003,1148,67,64,0,64,0
2020-12-25,Amador,005,37829,2394,2172,19,2191,23
2020-12-25,Butte,007,227075,7453,6873,853,7726,85
2020-12-25,Calaveras,009,45235,1100,1062,2,1064,21
2020-12-25,Colusa,011,21464,1276,1219,70,1289,7
2020-12-25,Contra Costa,013,1133247,39606,37480,532,38012,324
2020-12-25,Del Norte,015,27424,739,692,2,694,2
2020-12-25,El Dorado,017,186661,6003,5170,276,5446,16
2020-12-25,Fresno,019,978130,66759,62251,4391,66642,679
2020-12-25,Glenn,021,27897,1521,1390,240,1630,9
2020-12-25,Humboldt,023,135768,1690,1532,7,1539,16
2020-12-25,Imperial,025,180216,22618,21646,1214,22860,405
2020-12-25,Inyo,027,18085,654,546,0,546,18
2020-12-25,Kern,029,883053,64645,60417,4730,65147,562
2020-12-25,Kings,031,150075,16067,15460,530,15990,108
2020-12-25,Lake,033,64148,1840,1669,0,1669,20
2020-12-25,Lassen,035,31185,4335,3926,46,3972,1
2020-12-25,Los Angeles,037,10098052,743410,665600,20444,686044,9292
2020-12-25,Madera,039,155013,10462,9770,415,10185,64
2020-12-25,Marin,041,260295,9671,9375,68,9443,143
2020-12-25,Mariposa,043,17540,224,203,2,205,3
2020-12-25,Mendocino,045,87422,2349,2176,21,2197,23
2020-12-25,Merced,047,269075,18537,17726,314,18040,213
2020-12-25,Modoc,049,8938,247,221,72,293,0
2020-12-25,Mono,051,14174,863,843,10,853,3
2020-12-25,Monterey,053,433212,27063,25788,684,26472,182
2020-12-25,Napa,055,140530,5767,5351,24,5375,26
2020-12-25,Nevada,057,99092,2686,2458,85,2543,15
2020-12-25,Orange,059,3164182,157126,144542,6099,150641,1814
2020-12-25,Placer,061,380077,14073,12660,529,13189,122
2020-12-25,Plumas,063,18699,457,381,9,390,0
2020-12-25,Riverside,065,2383286,178925,166690,7984,174674,1825
2020-12-25,Sacramento,067,1510023,64116,61630,571,62201,796
2020-12-25,San Benito,069,59416,3515,3281,29,3310,24
2020-12-25,San Bernardino,071,2135413,194710,181812,5432,187244,1546
2020-12-25,San Diego,073,3302833,154752,139958,6862,146820,1402
2020-12-25,San Francisco,075,870044,23176,22130,213,22343,175
2020-12-25,San Joaquin,077,732212,44901,42089,1529,43618,614
2020-12-25,San Luis Obispo,079,281455,10715,9749,245,9994,76
2020-12-25,San Mateo,081,765935,24816,22568,97,22665,187
2020-12-25,Santa Barbara,083,443738,17619,15936,472,16408,155
2020-12-25,Santa Clara,085,1922200,68505,63173,282,63455,612
2020-12-25,Santa Cruz,087,273765,9015,8018,334,8352,81
2020-12-25,Shasta,089,179085,8039,7612,675,8287,65
2020-12-25,Sierra,091,2930,29,24,5,29,0
2020-12-25,Siskiyou,093,43540,999,905,101,1006,2
2020-12-25,Solano,095,438530,18694,17280,200,17480,96
2020-12-25,Sonoma,097,501317,18910,18035,106,18141,184
2020-12-25,Stanislaus,099,539301,34180,32290,3150,35440,498
2020-12-25,Sutter,101,95872,6391,6051,45,6096,47
2020-12-25,Tehama,103,63373,2965,2839,270,3109,9
2020-12-25,Trinity,105,12862,339,236,40,276,2
2020-12-25,Tulare,107,460477,32934,31323,3694,35017,398
2020-12-25,Tuolumne,109,53932,2813,2674,10,2684,12
2020-12-25,Ventura,111,848112,38259,35514,1577,37091,230
2020-12-25,Yolo,113,214977,8381,7700,59,7759,111
2020-12-25,Yuba,115,75493,3760,3549,36,3585,17
2020-12-24,Alameda,001,1643700,50867,47527,932,48459,541
2020-12-24,Alpine,003,1148,67,64,0,64,0
2020-12-24,Amador,005,37829,2382,2145,19,2164,23
2020-12-24,Butte,007,227075,7414,6716,838,7554,84
2020-12-24,Calaveras,009,45235,1097,1032,2,1034,21
2020-12-24,Colusa,011,21464,1271,1188,69,1257,7
2020-12-24,Contra Costa,013,1133247,39360,36623,521,37144,311
2020-12-24,Del Norte,015,27424,739,678,2,680,2
2020-12-24,El Dorado,017,186661,5977,5042,268,5310,16
2020-12-24,Fresno,019,978130,66535,61435,4377,65812,663
2020-12-24,Glenn,021,27897,1510,1363,232,1595,9
2020-12-24,Humboldt,023,135768,1667,1516,7,1523,16
2020-12-24,Imperial,025,180216,22569,21545,1205,22750,402
2020-12-24,Inyo,027,18085,652,532,0,532,17
2020-12-24,Kern,029,883053,64358,59601,4717,64318,556
2020-12-24,Kings,031,150075,16027,15211,529,15740,108
2020-12-24,Lake,033,64148,1825,1629,0,1629,20
2020-12-24,Lassen,035,31185,4322,3894,46,3940,1
2020-12-24,Los Angeles,037,10098052,739259,664840,20181,685021,9288
2020-12-24,Madera,039,155013,10424,9547,408,9955,63
2020-12-24,Marin,041,260295,9638,9287,68,9355,143
2020-12-24,Mariposa,043,17540,220,197,2,199,3
2020-12-24,Mendocino,045,87422,2339,2150,21,2171,23
2020-12-24,Merced,047,269075,18466,17485,310,17795,212
2020-12-24,Modoc,049,8938,247,220,71,291,0
2020-12-24,Mono,051,14174,861,817,10,827,3
2020-12-24,Monterey,053,433212,26954,25131,677,25808,180
2020-12-24,Napa,055,140530,5713,5265,24,5289,26
2020-12-24,Nevada,057,99092,2662,2429,85,2514,15
2020-12-24,Orange,059,3164182,155648,141205,6046,147251,1775
2020-12-24,Placer,061,380077,13984,12457,522,12979,121
2020-12-24,Plumas,063,18699,454,376,9,385,0
2020-12-24,Riverside,065,2383286,177993,162435,7945,170380,1816
2020-12-24,Sacramento,067,1510023,63842,60596,569,61165,788
2020-12-24,San Benito,069,59416,3484,3183,29,3212,24
2020-12-24,San Bernardino,071,2135413,193691,176866,5397,182263,1533
2020-12-24,San Diego,073,3302833,153668,136952,6830,143782,1382
2020-12-24,San Francisco,075,870044,23009,21830,210,22040,175
2020-12-24,San Joaquin,077,732212,44739,41324,1511,42835,611
2020-12-24,San Luis Obispo,079,281455,10647,9504,243,9747,77
2020-12-24,San Mateo,081,765935,24619,22093,97,22190,186
2020-12-24,Santa Barbara,083,443738,17514,15644,464,16108,153
2020-12-24,Santa Clara,085,1922200,67903,61742,275,62017,591
2020-12-24,Santa Cruz,087,273765,8944,7856,322,8178,82
2020-12-24,Shasta,089,179085,7999,7540,657,8197,65
2020-12-24,Sierra,091,2930,27,23,2,25,0
2020-12-24,Siskiyou,093,43540,995,900,94,994,2
2020-12-24,Solano,095,438530,18553,16872,195,17067,96
2020-12-24,Sonoma,097,501317,18812,17710,106,17816,183
2020-12-24,Stanislaus,099,539301,33985,31848,3125,34973,498
2020-12-24,Sutter,101,95872,6350,5960,44,6004,47
2020-12-24,Tehama,103,63373,2949,2779,269,3048,9
2020-12-24,Trinity,105,12862,338,235,40,275,2
2020-12-24,Tulare,107,460477,32818,30827,3667,34494,390
2020-12-24,Tuolumne,109,53932,2805,2653,10,2663,12
2020-12-24,Ventura,111,848112,37981,34400,1570,35970,224
2020-12-24,Yolo,113,214977,8339,7566,59,7625,113
2020-12-24,Yuba,115,75493,3735,3483,36,3519,16
2020-12-23,Alameda,001,1643700,50298,46753,904,47657,537
2020-12-23,Alpine,003,1148,67,64,0,64,0
2020-12-23,Amador,005,37829,2313,2108,18,2126,23
2020-12-23,Butte,007,227075,7328,6588,810,7398,84
2020-12-23,Calaveras,009,45235,1089,1002,1,1003,21
2020-12-23,Colusa,011,21464,1260,1167,69,1236,7
2020-12-23,Contra Costa,013,1133247,38962,36190,507,36697,311
2020-12-23,Del Norte,015,27424,732,670,2,672,2
2020-12-23,El Dorado,017,186661,5903,4967,259,5226,14
2020-12-23,Fresno,019,978130,65928,60488,4310,64798,654
2020-12-23,Glenn,021,27897,1496,1349,228,1577,9
2020-12-23,Humboldt,023,135768,1642,1458,7,1465,16
2020-12-23,Imperial,025,180216,22475,21323,1175,22498,399
2020-12-23,Inyo,027,18085,640,517,0,517,17
2020-12-23,Kern,029,883053,63845,58656,4618,63274,549
2020-12-23,Kings,031,150075,15949,14923,526,15449,105
2020-12-23,Lake,033,64148,1811,1595,0,1595,20
2020-12-23,Lassen,035,31185,4312,3865,43,3908,1
2020-12-23,Los Angeles,037,10098052,730251,651958,19623,671581,9146
2020-12-23,Madera,039,155013,10265,9371,394,9765,63
2020-12-23,Marin,041,260295,9580,9199,65,9264,142
2020-12-23,Mariposa,043,17540,218,194,2,196,3
2020-12-23,Mendocino,045,87422,2327,2121,21,2142,23
2020-12-23,Merced,047,269075,18310,17250,303,17553,203
2020-12-23,Modoc,049,8938,243,197,70,267,0
2020-12-23,Mono,051,14174,859,814,10,824,3
2020-12-23,Monterey,053,433212,26656,24856,671,25527,176
2020-12-23,Napa,055,140530,5645,5172,24,5196,25
2020-12-23,Nevada,057,99092,2617,2406,84,2490,15
2020-12-23,Orange,059,3164182,153197,138050,5877,143927,1771
2020-12-23,Placer,061,380077,13776,12213,514,12727,111
2020-12-23,Plumas,063,18699,447,369,9,378,0
2020-12-23,Riverside,065,2383286,175731,158110,7779,165889,1790
2020-12-23,Sacramento,067,1510023,63195,59661,554,60215,779
2020-12-23,San Benito,069,59416,3430,3073,27,3100,24
2020-12-23,San Bernardino,071,2135413,191657,172888,5328,178216,1509
2020-12-23,San Diego,073,3302833,151242,134695,6694,141389,1350
2020-12-23,San Francisco,075,870044,22786,21498,207,21705,174
2020-12-23,San Joaquin,077,732212,44215,35664,1468,37132,602
2020-12-23,San Luis Obispo,079,281455,10505,9267,238,9505,74
2020-12-23,San Mateo,081,765935,24317,21780,95,21875,186
2020-12-23,Santa Barbara,083,443738,17307,15399,434,15833,152
2020-12-23,Santa Clara,085,1922200,66999,60455,270,60725,579
2020-12-23,Santa Cruz,087,273765,8784,7637,304,7941,75
2020-12-23,Shasta,089,179085,7926,7487,650,8137,66
2020-12-23,Sierra,091,2930,27,23,0,23,0
2020-12-23,Siskiyou,093,43540,975,891,91,982,2
2020-12-23,Solano,095,438530,18345,16626,190,16816,95
2020-12-23,Sonoma,097,501317,18608,17397,106,17503,182
2020-12-23,Stanislaus,099,539301,33643,31492,3069,34561,499
2020-12-23,Sutter,101,95872,6284,5871,44,5915,46
2020-12-23,Tehama,103,63373,2932,2737,265,3002,9
2020-12-23,Trinity,105,12862,338,234,40,274,2
2020-12-23,Tulare,107,460477,32528,30315,3625,33940,385
2020-12-23,Tuolumne,109,53932,2765,2540,10,2550,12
2020-12-23,Ventura,111,848112,37589,33377,1538,34915,216
2020-12-23,Yolo,113,214977,8261,7508,58,7566,112
2020-12-23,Yuba,115,75493,3683,3438,36,3474,14
2020-12-22,Alameda,001,1643700,49414,45751,871,46622,534
2020-12-22,Alpine,003,1148,67,64,0,64,0
2020-12-22,Amador,005,37829,2302,1839,18,1857,23
2020-12-22,Butte,007,227075,7201,6467,794,7261,85
2020-12-22,Calaveras,009,45235,1062,988,0,988,21
2020-12-22,Colusa,011,21464,1237,1150,65,1215,7
2020-12-22,Contra Costa,013,1133247,38336,35681,494,36175,301
2020-12-22,Del Norte,015,27424,726,666,2,668,2
2020-12-22,El Dorado,017,186661,5781,4885,245,5130,12
2020-12-22,Fresno,019,978130,64897,59640,4201,63841,640
2020-12-22,Glenn,021,27897,1473,1337,217,1554,9
2020-12-22,Humboldt,023,135768,1608,1440,7,1447,16
2020-12-22,Imperial,025,180216,22287,21128,1131,22259,398
2020-12-22,Inyo,027,18085,619,506,0,506,17
2020-12-22,Kern,029,883053,62899,57816,4472,62288,547
2020-12-22,Kings,031,150075,15809,14855,519,15374,102
2020-12-22,Lake,033,64148,1787,1569,0,1569,20
2020-12-22,Lassen,035,31185,4170,3848,41,3889,1
2020-12-22,Los Angeles,037,10098052,713033,635931,18905,654836,9013
2020-12-22,Madera,039,155013,10148,9187,378,9565,63
2020-12-22,Marin,041,260295,9516,9115,64,9179,142
2020-12-22,Mariposa,043,17540,215,194,2,196,3
2020-12-22,Mendocino,045,87422,2294,2092,21,2113,23
2020-12-22,Merced,047,269075,18065,17012,298,17310,201
2020-12-22,Modoc,049,8938,235,182,69,251,0
2020-12-22,Mono,051,14174,849,786,10,796,3
2020-12-22,Monterey,053,433212,25990,24152,650,24802,176
2020-12-22,Napa,055,140530,5558,5059,24,5083,23
2020-12-22,Nevada,057,99092,2590,2367,83,2450,14
2020-12-22,Orange,059,3164182,149856,134850,5700,140550,1774
2020-12-22,Placer,061,380077,13535,11943,493,12436,105
2020-12-22,Plumas,063,18699,441,360,9,369,0
2020-12-22,Riverside,065,2383286,171933,155059,7499,162558,1777
2020-12-22,Sacramento,067,1510023,62268,57966,534,58500,772
2020-12-22,San Benito,069,59416,3352,2998,27,3025,24
2020-12-22,San Bernardino,071,2135413,187091,169266,5176,174442,1500
2020-12-22,San Diego,073,3302833,147882,132097,6532,138629,1311
2020-12-22,San Francisco,075,870044,22517,21232,203,21435,174
2020-12-22,San Joaquin,077,732212,43460,39423,1420,40843,592
2020-12-22,San Luis Obispo,079,281455,10161,9174,233,9407,69
2020-12-22,San Mateo,081,765935,23990,21382,79,21461,186
2020-12-22,Santa Barbara,083,443738,17046,15189,424,15613,150
2020-12-22,Santa Clara,085,1922200,65831,59192,263,59455,569
2020-12-22,Santa Cruz,087,273765,8605,7471,278,7749,72
2020-12-22,Shasta,089,179085,7847,7371,633,8004,64
2020-12-22,Sierra,091,2930,27,23,0,23,0
2020-12-22,Siskiyou,093,43540,969,880,89,969,2
2020-12-22,Solano,095,438530,17941,16229,187,16416,95
2020-12-22,Sonoma,097,501317,18290,17216,106,17322,180
2020-12-22,Stanislaus,099,539301,33265,30914,2994,33908,499
2020-12-22,Sutter,101,95872,6223,5791,43,5834,46
2020-12-22,Tehama,103,63373,2883,2688,257,2945,9
2020-12-22,Trinity,105,12862,338,231,40,271,2
2020-12-22,Tulare,107,460477,32065,30025,3553,33578,377
2020-12-22,Tuolumne,109,53932,2710,2526,10,2536,12
2020-12-22,Ventura,111,848112,36826,32488,1493,33981,213
2020-12-22,Yolo,113,214977,8148,7388,57,7445,113
2020-12-22,Yuba,115,75493,3632,3379,36,3415,14
2020-12-21,Alameda,001,1643700,48515,44756,843,45599,518
2020-12-21,Alpine,003,1148,66,64,0,64,0
2020-12-21,Amador,005,37829,2225,1815,18,1833,23
2020-12-21,Butte,007,227075,7046,6335,770,7105,81
2020-12-21,Calaveras,009,45235,1032,963,0,963,21
2020-12-21,Colusa,011,21464,1210,1135,60,1195,7
2020-12-21,Contra Costa,013,1133247,37587,35207,457,35664,300
2020-12-21,Del Norte,015,27424,711,660,2,662,2
2020-12-21,El Dorado,017,186661,5634,4805,232,5037,10
2020-12-21,Fresno,019,978130,63747,58568,4052,62620,634
2020-12-21,Glenn,021,27897,1441,1323,209,1532,9
2020-12-21,Humboldt,023,135768,1584,1419,7,1426,16
2020-12-21,Imperial,025,180216,22018,20994,1087,22081,395
2020-12-21,Inyo,027,18085,598,482,0,482,17
2020-12-21,Kern,029,883053,62011,56836,4332,61168,541
2020-12-21,Kings,031,150075,15560,14760,503,15263,100
2020-12-21,Lake,033,64148,1733,1538,0,1538,20
2020-12-21,Lassen,035,31185,4010,3798,39,3837,1
2020-12-21,Los Angeles,037,10098052,693994,624129,18193,642322,8918
2020-12-21,Madera,039,155013,9954,9069,358,9427,63
2020-12-21,Marin,041,260295,9447,9035,64,9099,142
2020-12-21,Mariposa,043,17540,210,186,2,188,3
2020-12-21,Mendocino,045,87422,2264,2066,20,2086,23
2020-12-21,Merced,047,269075,17817,16710,281,16991,198
2020-12-21,Modoc,049,8938,221,181,68,249,0
2020-12-21,Mono,051,14174,838,781,10,791,3
2020-12-21,Monterey,053,433212,25458,23673,636,24309,174
2020-12-21,Napa,055,140530,5470,4952,24,4976,23
2020-12-21,Nevada,057,99092,2557,2337,83,2420,13
2020-12-21,Orange,059,3164182,146450,130444,5542,135986,1772
2020-12-21,Placer,061,380077,13302,11715,473,12188,105
2020-12-21,Plumas,063,18699,437,353,9,362,0
2020-12-21,Riverside,065,2383286,167725,151713,7159,158872,1743
2020-12-21,Sacramento,067,1510023,61247,57064,517,57581,759
2020-12-21,San Benito,069,59416,3283,2921,27,2948,22
2020-12-21,San Bernardino,071,2135413,182316,165086,5006,170092,1476
2020-12-21,San Diego,073,3302833,144430,129716,6369,136085,1284
2020-12-21,San Francisco,075,870044,22232,21086,200,21286,174
2020-12-21,San Joaquin,077,732212,42667,38811,1367,40178,586
2020-12-21,San Luis Obispo,079,281455,9973,9006,228,9234,64
2020-12-21,San Mateo,081,765935,23585,21035,76,21111,185
2020-12-21,Santa Barbara,083,443738,16775,14988,419,15407,149
2020-12-21,Santa Clara,085,1922200,64638,57699,251,57950,570
2020-12-21,Santa Cruz,087,273765,8392,7315,264,7579,69
2020-12-21,Shasta,089,179085,7782,7299,623,7922,64
2020-12-21,Sierra,091,2930,24,23,0,23,0
2020-12-21,Siskiyou,093,43540,961,878,88,966,2
2020-12-21,Solano,095,438530,17470,15878,182,16060,95
2020-12-21,Sonoma,097,501317,18016,17075,102,17177,176
2020-12-21,Stanislaus,099,539301,32808,30437,2919,33356,499
2020-12-21,Sutter,101,95872,6127,5708,43,5751,46
2020-12-21,Tehama,103,63373,2815,2656,249,2905,9
2020-12-21,Trinity,105,12862,336,226,39,265,2
2020-12-21,Tulare,107,460477,31571,29482,3459,32941,373
2020-12-21,Tuolumne,109,53932,2685,2423,8,2431,12
2020-12-21,Ventura,111,848112,35745,31759,1455,33214,212
2020-12-21,Yolo,113,214977,8002,7266,53,7319,109
2020-12-21,Yuba,115,75493,3573,3329,36,3365,14
2020-12-20,Alameda,001,1643700,47635,44004,820,44824,516
2020-12-20,Alpine,003,1148,66,64,0,64,0
2020-12-20,Amador,005,37829,2167,1771,17,1788,23
2020-12-20,Butte,007,227075,6901,6228,733,6961,81
2020-12-20,Calaveras,009,45235,1008,926,0,926,21
2020-12-20,Colusa,011,21464,1183,1121,52,1173,7
2020-12-20,Contra Costa,013,1133247,37001,34798,438,35236,301
2020-12-20,Del Norte,015,27424,689,652,2,654,2
2020-12-20,El Dorado,017,186661,5508,4697,223,4920,10
2020-12-20,Fresno,019,978130,62765,57616,3909,61525,634
2020-12-20,Glenn,021,27897,1432,1295,202,1497,9
2020-12-20,Humboldt,023,135768,1547,1386,6,1392,15
2020-12-20,Imperial,025,180216,21776,20882,980,21862,395
2020-12-20,Inyo,027,18085,584,476,0,476,17
2020-12-20,Kern,029,883053,60914,55983,4174,60157,540
2020-12-20,Kings,031,150075,15342,14629,483,15112,100
2020-12-20,Lake,033,64148,1687,1463,0,1463,20
2020-12-20,Lassen,035,31185,3956,3669,37,3706,1
2020-12-20,Los Angeles,037,10098052,675963,612975,17422,630397,8862
2020-12-20,Madera,039,155013,9744,8871,349,9220,63
2020-12-20,Marin,041,260295,9350,8948,60,9008,142
2020-12-20,Mariposa,043,17540,209,179,2,181,3
2020-12-20,Mendocino,045,87422,2239,2033,20,2053,23
2020-12-20,Merced,047,269075,17500,16435,274,16709,198
2020-12-20,Modoc,049,8938,221,181,66,247,0
2020-12-20,Mono,051,14174,820,774,10,784,3
2020-12-20,Monterey,053,433212,24982,23250,592,23842,173
2020-12-20,Napa,055,140530,5348,4865,22,4887,23
2020-12-20,Nevada,057,99092,2511,2289,77,2366,13
2020-12-20,Orange,059,3164182,142958,128780,5392,134172,1763
2020-12-20,Placer,061,380077,13077,11496,454,11950,105
2020-12-20,Plumas,063,18699,429,347,9,356,0
2020-12-20,Riverside,065,2383286,163531,148714,6861,155575,1742
2020-12-20,Sacramento,067,1510023,60247,56017,497,56514,755
2020-12-20,San Benito,069,59416,3211,2885,26,2911,21
2020-12-20,San Bernardino,071,2135413,177345,162810,4843,167653,1458
2020-12-20,San Diego,073,3302833,140710,126465,6200,132665,1280
2020-12-20,San Francisco,075,870044,21918,20937,196,21133,174
2020-12-20,San Joaquin,077,732212,41830,38268,1302,39570,587
2020-12-20,San Luis Obispo,079,281455,9680,8881,221,9102,63
2020-12-20,San Mateo,081,765935,23151,20764,72,20836,185
2020-12-20,Santa Barbara,083,443738,16460,14817,398,15215,148
2020-12-20,Santa Clara,085,1922200,63233,56860,244,57104,566
2020-12-20,Santa Cruz,087,273765,8184,7178,251,7429,69
2020-12-20,Shasta,089,179085,7667,7256,609,7865,64
2020-12-20,Sierra,091,2930,24,22,0,22,0
2020-12-20,Siskiyou,093,43540,951,870,87,957,2
2020-12-20,Solano,095,438530,17091,15533,171,15704,95
2020-12-20,Sonoma,097,501317,17741,16802,101,16903,175
2020-12-20,Stanislaus,099,539301,32286,29995,2814,32809,498
2020-12-20,Sutter,101,95872,6040,5601,43,5644,43
2020-12-20,Tehama,103,63373,2767,2602,229,2831,9
2020-12-20,Trinity,105,12862,330,221,38,259,2
2020-12-20,Tulare,107,460477,31056,29078,3358,32436,373
2020-12-20,Tuolumne,109,53932,2573,2152,7,2159,12
2020-12-20,Ventura,111,848112,35043,31335,1421,32756,210
2020-12-20,Yolo,113,214977,7851,7121,50,7171,109
2020-12-20,Yuba,115,75493,3526,3254,34,3288,12
2020-12-19,Alameda,001,1643700,47192,43109,813,43922,516
2020-12-19,Alpine,003,1148,66,64,0,64,0
2020-12-19,Amador,005,37829,2143,1754,17,1771,23
2020-12-19,Butte,007,227075,6801,6118,709,6827,81
2020-12-19,Calaveras,009,45235,991,900,0,900,21
2020-12-19,Colusa,011,21464,1175,1096,50,1146,7
2020-12-19,Contra Costa,013,1133247,36689,34321,422,34743,301
2020-12-19,Del Norte,015,27424,687,641,1,642,2
2020-12-19,El Dorado,017,186661,5441,4588,214,4802,10
2020-12-19,Fresno,019,978130,62444,55428,3839,59267,634
2020-12-19,Glenn,021,27897,1397,1286,201,1487,9
2020-12-19,Humboldt,023,135768,1530,1357,6,1363,15
2020-12-19,Imperial,025,180216,21688,20711,931,21642,395
2020-12-19,Inyo,027,18085,577,475,0,475,17
2020-12-19,Kern,029,883053,60432,55118,4062,59180,540
2020-12-19,Kings,031,150075,15263,14474,481,14955,100
2020-12-19,Lake,033,64148,1653,1438,0,1438,20
2020-12-19,Lassen,035,31185,3928,3595,37,3632,1
2020-12-19,Los Angeles,037,10098052,668907,599888,16874,616762,8804
2020-12-19,Madera,039,155013,9653,8717,337,9054,63
2020-12-19,Marin,041,260295,9311,8864,60,8924,142
2020-12-19,Mariposa,043,17540,207,177,2,179,3
2020-12-19,Mendocino,045,87422,2214,2008,20,2028,23
2020-12-19,Merced,047,269075,17361,16230,265,16495,198
2020-12-19,Modoc,049,8938,218,181,66,247,0
2020-12-19,Mono,051,14174,816,766,10,776,3
2020-12-19,Monterey,053,433212,24871,22799,586,23385,172
2020-12-19,Napa,055,140530,5286,4772,22,4794,23
2020-12-19,Nevada,057,99092,2489,2260,77,2337,13
2020-12-19,Orange,059,3164182,141039,125574,5235,130809,1733
2020-12-19,Placer,061,380077,12922,11246,448,11694,105
2020-12-19,Plumas,063,18699,426,343,9,352,0
2020-12-19,Riverside,065,2383286,161554,146703,6623,153326,1737
2020-12-19,Sacramento,067,1510023,59715,55169,483,55652,746
2020-12-19,San Benito,069,59416,3165,2820,25,2845,21
2020-12-19,San Bernardino,071,2135413,175787,159883,4734,164617,1433
2020-12-19,San Diego,073,3302833,138943,122972,6061,129033,1280
2020-12-19,San Francisco,075,870044,21767,20643,196,20839,174
2020-12-19,San Joaquin,077,732212,41431,37340,1247,38587,586
2020-12-19,San Luis Obispo,079,281455,9609,8788,218,9006,63
2020-12-19,San Mateo,081,765935,22941,20393,65,20458,182
2020-12-19,Santa Barbara,083,443738,16304,14667,391,15058,148
2020-12-19,Santa Clara,085,1922200,62424,55540,239,55779,558
2020-12-19,Santa Cruz,087,273765,8082,7054,245,7299,68
2020-12-19,Shasta,089,179085,7614,7221,597,7818,63
2020-12-19,Sierra,091,2930,24,23,0,23,0
2020-12-19,Siskiyou,093,43540,947,853,86,939,2
2020-12-19,Solano,095,438530,16925,15204,167,15371,95
2020-12-19,Sonoma,097,501317,17633,16553,101,16654,175
2020-12-19,Stanislaus,099,539301,31968,29555,2741,32296,498
2020-12-19,Sutter,101,95872,5982,5506,43,5549,41
2020-12-19,Tehama,103,63373,2716,2574,226,2800,9
2020-12-19,Trinity,105,12862,330,219,38,257,2
2020-12-19,Tulare,107,460477,30837,28734,3290,32024,375
2020-12-19,Tuolumne,109,53932,2560,2107,7,2114,12
2020-12-19,Ventura,111,848112,34762,30843,1391,32234,209
2020-12-19,Yolo,113,214977,7782,7025,49,7074,109
2020-12-19,Yuba,115,75493,3494,3168,34,3202,11
2020-12-18,Alameda,001,1643700,46656,42196,796,42992,515
2020-12-18,Alpine,003,1148,66,64,0,64,0
2020-12-18,Amador,005,37829,2126,1727,15,1742,20
2020-12-18,Butte,007,227075,6717,5891,682,6573,81
2020-12-18,Calaveras,009,45235,981,870,0,870,21
2020-12-18,Colusa,011,21464,1166,1068,50,1118,7
2020-12-18,Contra Costa,013,1133247,36407,33610,408,34018,300
2020-12-18,Del Norte,015,27424,682,627,0,627,2
2020-12-18,El Dorado,017,186661,5379,4494,203,4697,10
2020-12-18,Fresno,019,978130,61617,52643,3775,56418,613
2020-12-18,Glenn,021,27897,1381,1264,195,1459,9
2020-12-18,Humboldt,023,135768,1515,1331,6,1337,15
2020-12-18,Imperial,025,180216,21610,20430,884,21314,393
2020-12-18,Inyo,027,18085,557,454,0,454,17
2020-12-18,Kern,029,883053,59773,54220,3977,58197,533
2020-12-18,Kings,031,150075,15137,14284,475,14759,98
2020-12-18,Lake,033,64148,1642,1397,0,1397,20
2020-12-18,Lassen,035,31185,3920,3486,37,3523,1
2020-12-18,Los Angeles,037,10098052,656793,586413,16359,602772,8744
2020-12-18,Madera,039,155013,9551,8609,332,8941,63
2020-12-18,Marin,041,260295,9227,8799,60,8859,142
2020-12-18,Mariposa,043,17540,204,176,2,178,3
2020-12-18,Mendocino,045,87422,2196,1977,20,1997,24
2020-12-18,Merced,047,269075,17280,15956,262,16218,195
2020-12-18,Modoc,049,8938,218,179,66,245,0
2020-12-18,Mono,051,14174,809,731,10,741,3
2020-12-18,Monterey,053,433212,24579,22336,580,22916,165
2020-12-18,Napa,055,140530,5238,4688,22,4710,23
2020-12-18,Nevada,057,99092,2472,2220,76,2296,13
2020-12-18,Orange,059,3164182,138606,121681,5077,126758,1725
2020-12-18,Placer,061,380077,12751,10995,439,11434,104
2020-12-18,Plumas,063,18699,420,336,9,345,0
2020-12-18,Riverside,065,2383286,158721,142375,6350,148725,1733
2020-12-18,Sacramento,067,1510023,59090,53980,465,54445,736
2020-12-18,San Benito,069,59416,3117,2744,25,2769,21
2020-12-18,San Bernardino,071,2135413,173489,154272,4598,158870,1430
2020-12-18,San Diego,073,3302833,136764,120463,5922,126385,1253
2020-12-18,San Francisco,075,870044,21600,20315,190,20505,173
2020-12-18,San Joaquin,077,732212,41074,36484,1214,37698,559
2020-12-18,San Luis Obispo,079,281455,9510,8598,213,8811,62
2020-12-18,San Mateo,081,765935,22627,19971,61,20032,182
2020-12-18,Santa Barbara,083,443738,16164,14361,378,14739,148
2020-12-18,Santa Clara,085,1922200,61555,53992,226,54218,539
2020-12-18,Santa Cruz,087,273765,7967,6838,237,7075,68
2020-12-18,Shasta,089,179085,7578,7114,585,7699,62
2020-12-18,Sierra,091,2930,24,23,0,23,0
2020-12-18,Siskiyou,093,43540,945,840,86,926,2
2020-12-18,Solano,095,438530,16773,14667,163,14830,95
2020-12-18,Sonoma,097,501317,17513,16261,101,16362,173
2020-12-18,Stanislaus,099,539301,31698,28967,2703,31670,490
2020-12-18,Sutter,101,95872,5898,5399,43,5442,39
2020-12-18,Tehama,103,63373,2699,2523,217,2740,9
2020-12-18,Trinity,105,12862,329,215,38,253,2
2020-12-18,Tulare,107,460477,30569,28322,3205,31527,370
2020-12-18,Tuolumne,109,53932,2549,2067,7,2074,12
2020-12-18,Ventura,111,848112,34259,29907,1347,31254,209
2020-12-18,Yolo,113,214977,7714,6901,48,6949,109
2020-12-18,Yuba,115,75493,3436,3097,34,3131,11
2020-12-17,Alameda,001,1643700,45851,41548,762,42310,508
2020-12-17,Alpine,003,1148,66,64,0,64,0
2020-12-17,Amador,005,37829,2078,1703,13,1716,19
2020-12-17,Butte,007,227075,6592,5746,663,6409,78
2020-12-17,Calaveras,009,45235,958,848,0,848,21
2020-12-17,Colusa,011,21464,1155,1053,48,1101,7
2020-12-17,Contra Costa,013,1133247,35885,33006,374,33380,293
2020-12-17,Del Norte,015,27424,677,583,0,583,1
2020-12-17,El Dorado,017,186661,5234,4327,190,4517,9
2020-12-17,Fresno,019,978130,60759,49918,3647,53565,597
2020-12-17,Glenn,021,27897,1357,1244,188,1432,9
2020-12-17,Humboldt,023,135768,1482,1322,6,1328,14
2020-12-17,Imperial,025,180216,21449,20208,809,21017,391
2020-12-17,Inyo,027,18085,539,450,0,450,16
2020-12-17,Kern,029,883053,58822,53683,3837,57520,526
2020-12-17,Kings,031,150075,15038,14057,459,14516,98
2020-12-17,Lake,033,64148,1617,1374,0,1374,20
2020-12-17,Lassen,035,31185,3884,3417,37,3454,1
2020-12-17,Los Angeles,037,10098052,641181,571093,15779,586872,8657
2020-12-17,Madera,039,155013,9435,8465,327,8792,62
2020-12-17,Marin,041,260295,9170,8721,57,8778,142
2020-12-17,Mariposa,043,17540,200,172,2,174,3
2020-12-17,Mendocino,045,87422,2162,1942,20,1962,23
2020-12-17,Merced,047,269075,17017,15648,254,15902,192
2020-12-17,Modoc,049,8938,215,179,66,245,0
2020-12-17,Mono,051,14174,799,718,10,728,3
2020-12-17,Monterey,053,433212,24060,21951,565,22516,163
2020-12-17,Napa,055,140530,5126,4612,22,4634,23
2020-12-17,Nevada,057,99092,2431,2173,73,2246,13
2020-12-17,Orange,059,3164182,135223,118367,4942,123309,1725
2020-12-17,Placer,061,380077,12476,10756,425,11181,99
2020-12-17,Plumas,063,18699,411,324,9,333,0
2020-12-17,Riverside,065,2383286,154857,139325,6129,145454,1696
2020-12-17,Sacramento,067,1510023,58186,53189,441,53630,721
2020-12-17,San Benito,069,59416,3048,2645,24,2669,20
2020-12-17,San Bernardino,071,2135413,169561,149838,4476,154314,1425
2020-12-17,San Diego,073,3302833,133964,116852,5766,122618,1239
2020-12-17,San Francisco,075,870044,21313,19939,185,20124,170
2020-12-17,San Joaquin,077,732212,40345,35894,1176,37070,554
2020-12-17,San Luis Obispo,079,281455,9390,8365,211,8576,59
2020-12-17,San Mateo,081,765935,22255,19647,61,19708,181
2020-12-17,Santa Barbara,083,443738,15930,14207,371,14578,147
2020-12-17,Santa Clara,085,1922200,60387,52559,219,52778,527
2020-12-17,Santa Cruz,087,273765,7812,6687,222,6909,64
2020-12-17,Shasta,089,179085,7500,7000,566,7566,62
2020-12-17,Sierra,091,2930,23,23,0,23,0
2020-12-17,Siskiyou,093,43540,938,827,85,912,2
2020-12-17,Solano,095,438530,16466,14361,161,14522,96
2020-12-17,Sonoma,097,501317,17241,15993,100,16093,171
2020-12-17,Stanislaus,099,539301,31275,28582,2642,31224,489
2020-12-17,Sutter,101,95872,5799,5309,42,5351,39
2020-12-17,Tehama,103,63373,2651,2480,211,2691,9
2020-12-17,Trinity,105,12862,325,213,38,251,2
2020-12-17,Tulare,107,460477,30175,27852,3126,30978,358
2020-12-17,Tuolumne,109,53932,2238,1992,7,1999,11
2020-12-17,Ventura,111,848112,33651,29404,1309,30713,208
2020-12-17,Yolo,113,214977,7590,6800,47,6847,105
2020-12-17,Yuba,115,75493,3377,3035,32,3067,12
2020-12-16,Alameda,001,1643700,44996,40751,734,41485,497
2020-12-16,Alpine,003,1148,66,64,0,64,0
2020-12-16,Amador,005,37829,2031,1693,12,1705,19
2020-12-16,Butte,007,227075,6403,5659,633,6292,76
2020-12-16,Calaveras,009,45235,923,821,0,821,21
2020-12-16,Colusa,011,21464,1142,1038,43,1081,7
2020-12-16,Contra Costa,013,1133247,35328,32429,352,32781,293
2020-12-16,Del Norte,015,27424,675,575,0,575,1
2020-12-16,El Dorado,017,186661,5112,4237,180,4417,9
2020-12-16,Fresno,019,978130,59804,49173,3545,52718,584
2020-12-16,Glenn,021,27897,1339,1236,177,1413,9
2020-12-16,Humboldt,023,135768,1450,1308,5,1313,12
2020-12-16,Imperial,025,180216,21269,19980,738,20718,388
2020-12-16,Inyo,027,18085,526,444,0,444,16
2020-12-16,Kern,029,883053,57945,52896,3702,56598,522
2020-12-16,Kings,031,150075,14859,13734,441,14175,99
2020-12-16,Lake,033,64148,1577,1363,0,1363,20
2020-12-16,Lassen,035,31185,3851,3396,36,3432,1
2020-12-16,Los Angeles,037,10098052,624688,557907,15079,572986,8561
2020-12-16,Madera,039,155013,9310,8278,319,8597,62
2020-12-16,Marin,041,260295,9100,8641,57,8698,142
2020-12-16,Mariposa,043,17540,197,175,2,177,3
2020-12-16,Mendocino,045,87422,2127,1929,20,1949,23
2020-12-16,Merced,047,269075,16731,15443,250,15693,190
2020-12-16,Modoc,049,8938,212,178,66,244,0
2020-12-16,Mono,051,14174,781,702,10,712,3
2020-12-16,Monterey,053,433212,23503,21107,554,21661,163
2020-12-16,Napa,055,140530,5028,4544,22,4566,23
2020-12-16,Nevada,057,99092,2395,2149,71,2220,13
2020-12-16,Orange,059,3164182,131756,115260,4763,120023,1712
2020-12-16,Placer,061,380077,12238,10554,404,10958,96
2020-12-16,Plumas,063,18699,402,319,9,328,0
2020-12-16,Riverside,065,2383286,150742,135751,5874,141625,1664
2020-12-16,Sacramento,067,1510023,57215,52166,415,52581,715
2020-12-16,San Benito,069,59416,2957,2582,24,2606,20
2020-12-16,San Bernardino,071,2135413,164958,143565,4339,147904,1403
2020-12-16,San Diego,073,3302833,130860,114248,5612,119860,1217
2020-12-16,San Francisco,075,870044,21055,19624,184,19808,170
2020-12-16,San Joaquin,077,732212,39522,35010,1135,36145,547
2020-12-16,San Luis Obispo,079,281455,9195,8252,202,8454,58
2020-12-16,San Mateo,081,765935,21930,19292,57,19349,179
2020-12-16,Santa Barbara,083,443738,15688,13966,358,14324,144
2020-12-16,Santa Clara,085,1922200,59148,51502,216,51718,523
2020-12-16,Santa Cruz,087,273765,7627,6536,210,6746,63
2020-12-16,Shasta,089,179085,7427,6914,545,7459,62
2020-12-16,Sierra,091,2930,23,23,0,23,0
2020-12-16,Siskiyou,093,43540,930,818,85,903,2
2020-12-16,Solano,095,438530,16001,14157,156,14313,96
2020-12-16,Sonoma,097,501317,16985,15768,100,15868,170
2020-12-16,Stanislaus,099,539301,30771,28279,2568,30847,489
2020-12-16,Sutter,101,95872,5719,5223,42,5265,39
2020-12-16,Tehama,103,63373,2620,2441,185,2626,9
2020-12-16,Trinity,105,12862,319,212,38,250,2
2020-12-16,Tulare,107,460477,29759,27500,3022,30522,352
2020-12-16,Tuolumne,109,53932,2192,1941,7,1948,11
2020-12-16,Ventura,111,848112,32878,28566,1264,29830,203
2020-12-16,Yolo,113,214977,7461,6649,46,6695,103
2020-12-16,Yuba,115,75493,3291,2980,31,3011,11
2020-12-15,Alameda,001,1643700,44139,40026,711,40737,492
2020-12-15,Alpine,003,1148,66,64,0,64,0
2020-12-15,Amador,005,37829,1918,1669,10,1679,19
2020-12-15,Butte,007,227075,6266,5565,602,6167,75
2020-12-15,Calaveras,009,45235,891,799,0,799,21
2020-12-15,Colusa,011,21464,1129,1026,42,1068,7
2020-12-15,Contra Costa,013,1133247,34675,31423,336,31759,281
2020-12-15,Del Norte,015,27424,664,564,0,564,1
2020-12-15,El Dorado,017,186661,5005,4113,164,4277,9
2020-12-15,Fresno,019,978130,58437,47316,3407,50723,574
2020-12-15,Glenn,021,27897,1326,1207,160,1367,9
2020-12-15,Humboldt,023,135768,1430,1276,5,1281,12
2020-12-15,Imperial,025,180216,21050,19756,657,20413,380
2020-12-15,Inyo,027,18085,513,394,0,394,16
2020-12-15,Kern,029,883053,56934,52002,3597,55599,511
2020-12-15,Kings,031,150075,14695,13652,422,14074,97
2020-12-15,Lake,033,64148,1552,1341,0,1341,21
2020-12-15,Lassen,035,31185,3679,3378,35,3413,1
2020-12-15,Los Angeles,037,10098052,608359,536258,14413,550671,8429
2020-12-15,Madera,039,155013,9155,8118,310,8428,60
2020-12-15,Marin,041,260295,8994,8528,55,8583,141
2020-12-15,Mariposa,043,17540,193,171,2,173,3
2020-12-15,Mendocino,045,87422,2100,1883,20,1903,24
2020-12-15,Merced,047,269075,16436,15120,246,15366,190
2020-12-15,Modoc,049,8938,210,179,66,245,0
2020-12-15,Mono,051,14174,765,702,10,712,3
2020-12-15,Monterey,053,433212,22904,19905,491,20396,161
2020-12-15,Napa,055,140530,4924,4440,22,4462,23
2020-12-15,Nevada,057,99092,2362,2117,69,2186,11
2020-12-15,Orange,059,3164182,128101,112893,4606,117499,1689
2020-12-15,Placer,061,380077,12004,10301,382,10683,95
2020-12-15,Plumas,063,18699,397,313,9,322,0
2020-12-15,Riverside,065,2383286,146691,131822,5588,137410,1624
2020-12-15,Sacramento,067,1510023,56200,51076,402,51478,703
2020-12-15,San Benito,069,59416,2877,2520,23,2543,19
2020-12-15,San Bernardino,071,2135413,160508,137548,4179,141727,1351
2020-12-15,San Diego,073,3302833,127293,111441,5449,116890,1194
2020-12-15,San Francisco,075,870044,20746,19283,181,19464,171
2020-12-15,San Joaquin,077,732212,38598,33849,1098,34947,537
2020-12-15,San Luis Obispo,079,281455,9086,8074,199,8273,55
2020-12-15,San Mateo,081,765935,21520,18907,55,18962,178
2020-12-15,Santa Barbara,083,443738,15468,13782,349,14131,144
2020-12-15,Santa Clara,085,1922200,57712,50311,212,50523,505
2020-12-15,Santa Cruz,087,273765,7443,6361,194,6555,59
2020-12-15,Shasta,089,179085,7369,6794,520,7314,54
2020-12-15,Sierra,091,2930,23,23,0,23,0
2020-12-15,Siskiyou,093,43540,921,812,84,896,2
2020-12-15,Solano,095,438530,15652,13796,156,13952,95
2020-12-15,Sonoma,097,501317,16764,15406,100,15506,167
2020-12-15,Stanislaus,099,539301,30261,27823,2482,30305,485
2020-12-15,Sutter,101,95872,5622,5080,41,5121,36
2020-12-15,Tehama,103,63373,2583,2392,180,2572,9
2020-12-15,Trinity,105,12862,313,213,36,249,1
2020-12-15,Tulare,107,460477,29270,27026,2931,29957,342
2020-12-15,Tuolumne,109,53932,2161,1874,7,1881,8
2020-12-15,Ventura,111,848112,32257,27936,1216,29152,201
2020-12-15,Yolo,113,214977,7338,6531,44,6575,104
2020-12-15,Yuba,115,75493,3197,2891,30,2921,11
2020-12-14,Alameda,001,1643700,43246,39252,691,39943,487
2020-12-14,Alpine,003,1148,66,63,0,63,0
2020-12-14,Amador,005,37829,1846,1609,10,1619,19
2020-12-14,Butte,007,227075,6098,5202,585,5787,75
2020-12-14,Calaveras,009,45235,853,718,0,718,21
2020-12-14,Colusa,011,21464,1105,949,41,990,7
2020-12-14,Contra Costa,013,1133247,33977,30594,322,30916,281
2020-12-14,Del Norte,015,27424,658,560,0,560,1
2020-12-14,El Dorado,017,186661,4849,4018,148,4166,9
2020-12-14,Fresno,019,978130,57415,44726,3222,47948,560
2020-12-14,Glenn,021,27897,1300,1186,152,1338,9
2020-12-14,Humboldt,023,135768,1417,1256,5,1261,9
2020-12-14,Imperial,025,180216,20814,19608,576,20184,379
2020-12-14,Inyo,027,18085,499,382,0,382,16
2020-12-14,Kern,029,883053,55900,50538,3473,54011,510
2020-12-14,Kings,031,150075,14512,13491,393,13884,97
2020-12-14,Lake,033,64148,1502,1301,0,1301,21
2020-12-14,Lassen,035,31185,3580,2905,32,2937,1
2020-12-14,Los Angeles,037,10098052,590768,524668,13752,538420,8340
2020-12-14,Madera,039,155013,8888,8011,301,8312,60
2020-12-14,Marin,041,260295,8912,8475,53,8528,141
2020-12-14,Mariposa,043,17540,192,171,2,173,3
2020-12-14,Mendocino,045,87422,2079,1845,20,1865,24
2020-12-14,Merced,047,269075,16031,14572,232,14804,189
2020-12-14,Modoc,049,8938,204,180,64,244,0
2020-12-14,Mono,051,14174,757,685,10,695,3
2020-12-14,Monterey,053,433212,22384,19154,484,19638,155
2020-12-14,Napa,055,140530,4831,4289,22,4311,22
2020-12-14,Nevada,057,99092,2323,2070,66,2136,11
2020-12-14,Orange,059,3164182,124228,108602,4464,113066,1688
2020-12-14,Placer,061,380077,11724,9551,371,9922,95
2020-12-14,Plumas,063,18699,385,309,9,318,0
2020-12-14,Riverside,065,2383286,142575,123715,5318,129033,1588
2020-12-14,Sacramento,067,1510023,55092,50304,376,50680,691
2020-12-14,San Benito,069,59416,2811,2467,22,2489,19
2020-12-14,San Bernardino,071,2135413,156074,129151,4044,133195,1347
2020-12-14,San Diego,073,3302833,123557,109578,5264,114842,1162
2020-12-14,San Francisco,075,870044,20370,18904,179,19083,171
2020-12-14,San Joaquin,077,732212,37757,32522,1049,33571,534
2020-12-14,San Luis Obispo,079,281455,8839,7791,194,7985,52
2020-12-14,San Mateo,081,765935,21021,18361,52,18413,178
2020-12-14,Santa Barbara,083,443738,15199,13587,341,13928,144
2020-12-14,Santa Clara,085,1922200,56151,49180,200,49380,502
2020-12-14,Santa Cruz,087,273765,7258,6049,178,6227,54
2020-12-14,Shasta,089,179085,7281,6665,502,7167,54
2020-12-14,Sierra,091,2930,23,21,0,21,0
2020-12-14,Siskiyou,093,43540,898,764,78,842,2
2020-12-14,Solano,095,438530,15289,13352,154,13506,93
2020-12-14,Sonoma,097,501317,16457,14807,99,14906,167
2020-12-14,Stanislaus,099,539301,29729,27311,2431,29742,485
2020-12-14,Sutter,101,95872,5515,5001,34,5035,35
2020-12-14,Tehama,103,63373,2539,2344,177,2521,9
2020-12-14,Trinity,105,12862,310,205,34,239,1
2020-12-14,Tulare,107,460477,28796,25735,2834,28569,341
2020-12-14,Tuolumne,109,53932,2104,1647,7,1654,8
2020-12-14,Ventura,111,848112,31335,27436,1154,28590,202
2020-12-14,Yolo,113,214977,7178,6389,43,6432,95
2020-12-14,Yuba,115,75493,3135,2851,30,2881,11
2020-12-13,Alameda,001,1643700,42055,38064,664,38728,486
2020-12-13,Alpine,003,1148,66,63,0,63,0
2020-12-13,Amador,005,37829,1790,1457,9,1466,19
2020-12-13,Butte,007,227075,5950,5103,541,5644,75
2020-12-13,Calaveras,009,45235,817,710,0,710,21
2020-12-13,Colusa,011,21464,1089,945,37,982,7
2020-12-13,Contra Costa,013,1133247,33249,29667,314,29981,281
2020-12-13,Del Norte,015,27424,605,542,0,542,1
2020-12-13,El Dorado,017,186661,4750,3770,136,3906,9
2020-12-13,Fresno,019,978130,56313,44114,3055,47169,559
2020-12-13,Glenn,021,27897,1287,1171,141,1312,9
2020-12-13,Humboldt,023,135768,1394,1238,4,1242,9
2020-12-13,Imperial,025,180216,20528,19472,438,19910,379
2020-12-13,Inyo,027,18085,478,380,0,380,16
2020-12-13,Kern,029,883053,54880,49051,3313,52364,510
2020-12-13,Kings,031,150075,14233,13357,373,13730,97
2020-12-13,Lake,033,64148,1459,1271,0,1271,21
2020-12-13,Lassen,035,31185,3473,2867,27,2894,1
2020-12-13,Los Angeles,037,10098052,573198,517472,13017,530489,8294
2020-12-13,Madera,039,155013,8707,7909,286,8195,60
2020-12-13,Marin,041,260295,8792,8409,53,8462,141
2020-12-13,Mariposa,043,17540,188,167,2,169,3
2020-12-13,Mendocino,045,87422,2045,1793,20,1813,24
2020-12-13,Merced,047,269075,15681,14384,229,14613,189
2020-12-13,Modoc,049,8938,192,179,58,237,0
2020-12-13,Mono,051,14174,741,675,10,685,3
2020-12-13,Monterey,053,433212,21962,18913,468,19381,153
2020-12-13,Napa,055,140530,4725,4194,22,4216,22
2020-12-13,Nevada,057,99092,2275,2030,64,2094,11
2020-12-13,Orange,059,3164182,120308,104768,4278,109046,1688
2020-12-13,Placer,061,380077,11411,9405,353,9758,95
2020-12-13,Plumas,063,18699,379,291,9,300,0
2020-12-13,Riverside,065,2383286,138458,119691,5044,124735,1581
2020-12-13,Sacramento,067,1510023,53821,49480,345,49825,682
2020-12-13,San Benito,069,59416,2741,2408,21,2429,19
2020-12-13,San Bernardino,071,2135413,151184,126718,3871,130589,1333
2020-12-13,San Diego,073,3302833,119957,107372,5095,112467,1162
2020-12-13,San Francisco,075,870044,20026,18686,170,18856,167
2020-12-13,San Joaquin,077,732212,36954,32170,1007,33177,534
2020-12-13,San Luis Obispo,079,281455,8647,7625,186,7811,52
2020-12-13,San Mateo,081,765935,20530,18090,46,18136,177
2020-12-13,Santa Barbara,083,443738,14933,13249,324,13573,144
2020-12-13,Santa Clara,085,1922200,54725,47920,191,48111,499
2020-12-13,Santa Cruz,087,273765,7009,5986,167,6153,54
2020-12-13,Shasta,089,179085,7207,6647,476,7123,54
2020-12-13,Sierra,091,2930,23,21,0,21,0
2020-12-13,Siskiyou,093,43540,886,762,73,835,2
2020-12-13,Solano,095,438530,14851,13276,151,13427,93
2020-12-13,Sonoma,097,501317,16142,14495,98,14593,167
2020-12-13,Stanislaus,099,539301,29169,26569,2363,28932,485
2020-12-13,Sutter,101,95872,5389,4798,29,4827,34
2020-12-13,Tehama,103,63373,2493,2325,161,2486,9
2020-12-13,Trinity,105,12862,305,204,33,237,1
2020-12-13,Tulare,107,460477,28309,25496,2741,28237,340
2020-12-13,Tuolumne,109,53932,2042,1611,7,1618,8
2020-12-13,Ventura,111,848112,30333,26588,1090,27678,202
2020-12-13,Yolo,113,214977,6996,6265,36,6301,95
2020-12-13,Yuba,115,75493,3070,2754,27,2781,11
2020-12-12,Alameda,001,1643700,41620,37027,643,37670,486
2020-12-12,Alpine,003,1148,66,63,0,63,0
2020-12-12,Amador,005,37829,1762,1236,8,1244,19
2020-12-12,Butte,007,227075,5878,4972,527,5499,73
2020-12-12,Calaveras,009,45235,807,708,0,708,21
2020-12-12,Colusa,011,21464,1069,945,35,980,7
2020-12-12,Contra Costa,013,1133247,32906,29506,304,29810,281
2020-12-12,Del Norte,015,27424,597,529,0,529,1
2020-12-12,El Dorado,017,186661,4675,3706,118,3824,9
2020-12-12,Fresno,019,978130,55962,43756,2994,46750,559
2020-12-12,Glenn,021,27897,1279,1143,137,1280,8
2020-12-12,Humboldt,023,135768,1375,1208,4,1212,9
2020-12-12,Imperial,025,180216,20446,18947,378,19325,379
2020-12-12,Inyo,027,18085,474,380,0,380,16
2020-12-12,Kern,029,883053,54364,48194,3222,51416,507
2020-12-12,Kings,031,150075,14146,13205,368,13573,96
2020-12-12,Lake,033,64148,1443,1232,0,1232,21
2020-12-12,Lassen,035,31185,3451,2866,23,2889,1
2020-12-12,Los Angeles,037,10098052,566426,504317,12486,516803,8269
2020-12-12,Madera,039,155013,8580,7765,283,8048,59
2020-12-12,Marin,041,260295,8738,8363,52,8415,141
2020-12-12,Mariposa,043,17540,187,164,2,166,3
2020-12-12,Mendocino,045,87422,2009,1771,20,1791,24
2020-12-12,Merced,047,269075,15591,14181,225,14406,188
2020-12-12,Modoc,049,8938,191,169,55,224,0
2020-12-12,Mono,051,14174,734,640,10,650,3
2020-12-12,Monterey,053,433212,21852,18596,439,19035,151
2020-12-12,Napa,055,140530,4681,4113,22,4135,22
2020-12-12,Nevada,057,99092,2257,1981,62,2043,10
2020-12-12,Orange,059,3164182,118433,100468,4122,104590,1674
2020-12-12,Placer,061,380077,11247,9390,347,9737,95
2020-12-12,Plumas,063,18699,373,291,9,300,0
2020-12-12,Riverside,065,2383286,136409,118335,4828,123163,1579
2020-12-12,Sacramento,067,1510023,53238,48319,331,48650,673
2020-12-12,San Benito,069,59416,2685,2355,21,2376,19
2020-12-12,San Bernardino,071,2135413,149558,125741,3762,129503,1321
2020-12-12,San Diego,073,3302833,118335,104958,4999,109957,1151
2020-12-12,San Francisco,075,870044,19836,18413,166,18579,167
2020-12-12,San Joaquin,077,732212,36629,32200,974,33174,534
2020-12-12,San Luis Obispo,079,281455,8551,7462,177,7639,50
2020-12-12,San Mateo,081,765935,20309,17574,45,17619,177
2020-12-12,Santa Barbara,083,443738,14781,13174,316,13490,144
2020-12-12,Santa Clara,085,1922200,53770,45892,188,46080,498
2020-12-12,Santa Cruz,087,273765,6911,5905,157,6062,54
2020-12-12,Shasta,089,179085,7172,6551,458,7009,54
2020-12-12,Sierra,091,2930,23,21,0,21,0
2020-12-12,Siskiyou,093,43540,884,762,70,832,2
2020-12-12,Solano,095,438530,14654,12748,144,12892,93
2020-12-12,Sonoma,097,501317,16022,14466,98,14564,166
2020-12-12,Stanislaus,099,539301,28867,26246,2307,28553,483
2020-12-12,Sutter,101,95872,5327,4717,29,4746,32
2020-12-12,Tehama,103,63373,2475,2252,156,2408,9
2020-12-12,Trinity,105,12862,303,204,31,235,1
2020-12-12,Tulare,107,460477,28052,25333,2682,28015,341
2020-12-12,Tuolumne,109,53932,1999,1536,7,1543,8
2020-12-12,Ventura,111,848112,29889,25955,1057,27012,202
2020-12-12,Yolo,113,214977,6914,6116,34,6150,95
2020-12-12,Yuba,115,75493,3043,2692,26,2718,10
2020-12-11,Alameda,001,1643700,41052,36281,630,36911,482
2020-12-11,Alpine,003,1148,66,63,0,63,0
2020-12-11,Amador,005,37829,1746,1213,8,1221,19
2020-12-11,Butte,007,227075,5806,4941,507,5448,73
2020-12-11,Calaveras,009,45235,791,697,0,697,21
2020-12-11,Colusa,011,21464,1059,923,33,956,7
2020-12-11,Contra Costa,013,1133247,32482,29036,300,29336,282
2020-12-11,Del Norte,015,27424,591,505,0,505,1
2020-12-11,El Dorado,017,186661,4594,3669,103,3772,9
2020-12-11,Fresno,019,978130,54952,43071,2927,45998,550
2020-12-11,Glenn,021,27897,1263,1135,132,1267,8
2020-12-11,Humboldt,023,135768,1357,1190,4,1194,9
2020-12-11,Imperial,025,180216,20356,18599,332,18931,377
2020-12-11,Inyo,027,18085,462,372,0,372,16
2020-12-11,Kern,029,883053,53690,47664,3156,50820,502
2020-12-11,Kings,031,150075,14003,13118,362,13480,94
2020-12-11,Lake,033,64148,1431,1205,0,1205,21
2020-12-11,Lassen,035,31185,3439,2790,22,2812,1
2020-12-11,Los Angeles,037,10098052,554640,493592,12064,505656,8198
2020-12-11,Madera,039,155013,8489,7648,273,7921,59
2020-12-11,Marin,041,260295,8645,8317,51,8368,141
2020-12-11,Mariposa,043,17540,186,164,2,166,3
2020-12-11,Mendocino,045,87422,1986,1769,20,1789,24
2020-12-11,Merced,047,269075,15470,14038,217,14255,186
2020-12-11,Modoc,049,8938,191,168,54,222,0
2020-12-11,Mono,051,14174,724,631,10,641,3
2020-12-11,Monterey,053,433212,21551,18421,434,18855,150
2020-12-11,Napa,055,140530,4625,4054,22,4076,22
2020-12-11,Nevada,057,99092,2240,1959,59,2018,10
2020-12-11,Orange,059,3164182,116129,98357,4017,102374,1656
2020-12-11,Placer,061,380077,11085,8904,331,9235,93
2020-12-11,Plumas,063,18699,365,286,9,295,0
2020-12-11,Riverside,065,2383286,133352,115329,4596,119925,1573
2020-12-11,Sacramento,067,1510023,52578,47468,322,47790,669
2020-12-11,San Benito,069,59416,2634,2319,21,2340,19
2020-12-11,San Bernardino,071,2135413,146873,123092,3640,126732,1313
2020-12-11,San Diego,073,3302833,116374,102468,4917,107385,1137
2020-12-11,San Francisco,075,870044,19606,18246,165,18411,165
2020-12-11,San Joaquin,077,732212,36286,32044,945,32989,534
2020-12-11,San Luis Obispo,079,281455,8390,7415,174,7589,49
2020-12-11,San Mateo,081,765935,20038,17240,34,17274,177
2020-12-11,Santa Barbara,083,443738,14639,12997,308,13305,144
2020-12-11,Santa Clara,085,1922200,52766,45101,178,45279,494
2020-12-11,Santa Cruz,087,273765,6798,5764,146,5910,50
2020-12-11,Shasta,089,179085,7127,6459,451,6910,54
2020-12-11,Sierra,091,2930,23,19,0,19,0
2020-12-11,Siskiyou,093,43540,877,753,67,820,2
2020-12-11,Solano,095,438530,14470,12554,140,12694,92
2020-12-11,Sonoma,097,501317,15856,14298,95,14393,166
2020-12-11,Stanislaus,099,539301,28603,25928,2263,28191,464
2020-12-11,Sutter,101,95872,5264,4600,28,4628,30
2020-12-11,Tehama,103,63373,2446,2232,152,2384,9
2020-12-11,Trinity,105,12862,301,204,30,234,1
2020-12-11,Tulare,107,460477,27697,24953,2632,27585,338
2020-12-11,Tuolumne,109,53932,1985,1510,7,1517,8
2020-12-11,Ventura,111,848112,29284,24999,1034,26033,202
2020-12-11,Yolo,113,214977,6809,6006,32,6038,95
2020-12-11,Yuba,115,75493,2983,2649,25,2674,10
2020-12-10,Alameda,001,1643700,40282,35686,608,36294,477
2020-12-10,Alpine,003,1148,66,63,0,63,0
2020-12-10,Amador,005,37829,1689,1191,8,1199,18
2020-12-10,Butte,007,227075,5690,4863,480,5343,72
2020-12-10,Calaveras,009,45235,773,684,0,684,21
2020-12-10,Colusa,011,21464,1036,909,28,937,7
2020-12-10,Contra Costa,013,1133247,31801,28413,294,28707,276
2020-12-10,Del Norte,015,27424,582,501,0,501,1
2020-12-10,El Dorado,017,186661,4476,3557,98,3655,9
2020-12-10,Fresno,019,978130,53973,42461,2780,45241,540
2020-12-10,Glenn,021,27897,1243,1126,123,1249,8
2020-12-10,Humboldt,023,135768,1337,1140,4,1144,9
2020-12-10,Imperial,025,180216,20140,18333,252,18585,370
2020-12-10,Inyo,027,18085,441,365,0,365,15
2020-12-10,Kern,029,883053,52706,47176,2988,50164,499
2020-12-10,Kings,031,150075,13851,12993,356,13349,92
2020-12-10,Lake,033,64148,1390,1167,0,1167,21
2020-12-10,Lassen,035,31185,3417,2764,18,2782,0
2020-12-10,Los Angeles,037,10098052,540708,480354,11513,491867,8149
2020-12-10,Madera,039,155013,8384,7445,258,7703,59
2020-12-10,Marin,041,260295,8598,8245,50,8295,140
2020-12-10,Mariposa,043,17540,185,160,2,162,3
2020-12-10,Mendocino,045,87422,1960,1748,17,1765,24
2020-12-10,Merced,047,269075,15225,13756,214,13970,186
2020-12-10,Modoc,049,8938,186,165,52,217,0
2020-12-10,Mono,051,14174,719,601,10,611,3
2020-12-10,Monterey,053,433212,21071,18266,424,18690,145
2020-12-10,Napa,055,140530,4539,3974,21,3995,22
2020-12-10,Nevada,057,99092,2203,1919,59,1978,10
2020-12-10,Orange,059,3164182,113033,95297,3847,99144,1651
2020-12-10,Placer,061,380077,10833,8906,312,9218,90
2020-12-10,Plumas,063,18699,354,281,9,290,0
2020-12-10,Riverside,065,2383286,129677,112794,4318,117112,1552
2020-12-10,Sacramento,067,1510023,51680,46471,300,46771,664
2020-12-10,San Benito,069,59416,2574,2268,20,2288,19
2020-12-10,San Bernardino,071,2135413,142657,120186,3455,123641,1306
2020-12-10,San Diego,073,3302833,113849,99601,4768,104369,1114
2020-12-10,San Francisco,075,870044,19292,17945,157,18102,164
2020-12-10,San Joaquin,077,732212,35653,31228,914,32142,534
2020-12-10,San Luis Obispo,079,281455,8228,7245,163,7408,49
2020-12-10,San Mateo,081,765935,19593,16701,24,16725,177
2020-12-10,Santa Barbara,083,443738,14461,12788,298,13086,143
2020-12-10,Santa Clara,085,1922200,51630,43939,162,44101,491
2020-12-10,Santa Cruz,087,273765,6631,5645,132,5777,48
2020-12-10,Shasta,089,179085,7059,6312,425,6737,53
2020-12-10,Sierra,091,2930,23,18,0,18,0
2020-12-10,Siskiyou,093,43540,867,712,66,778,2
2020-12-10,Solano,095,438530,14103,12017,134,12151,90
2020-12-10,Sonoma,097,501317,15601,14282,94,14376,167
2020-12-10,Stanislaus,099,539301,28141,25582,2192,27774,464
2020-12-10,Sutter,101,95872,5134,4528,26,4554,27
2020-12-10,Tehama,103,63373,2403,2190,142,2332,9
2020-12-10,Trinity,105,12862,298,202,29,231,1
2020-12-10,Tulare,107,460477,27242,24506,2565,27071,337
2020-12-10,Tuolumne,109,53932,1725,1451,7,1458,8
2020-12-10,Ventura,111,848112,28431,24075,990,25065,202
2020-12-10,Yolo,113,214977,6689,5896,31,5927,95
2020-12-10,Yuba,115,75493,2919,2604,24,2628,10
2020-12-09,Alameda,001,1643700,39441,35047,586,35633,470
2020-12-09,Alpine,003,1148,66,58,0,58,0
2020-12-09,Amador,005,37829,1646,1121,8,1129,19
2020-12-09,Butte,007,227075,5550,4733,457,5190,70
2020-12-09,Calaveras,009,45235,746,670,0,670,21
2020-12-09,Colusa,011,21464,1021,896,27,923,7
2020-12-09,Contra Costa,013,1133247,31097,28308,282,28590,273
2020-12-09,Del Norte,015,27424,568,481,0,481,2
2020-12-09,El Dorado,017,186661,4341,3449,90,3539,8
2020-12-09,Fresno,019,978130,52975,41954,2622,44576,533
2020-12-09,Glenn,021,27897,1229,1107,117,1224,8
2020-12-09,Humboldt,023,135768,1305,1086,4,1090,10
2020-12-09,Imperial,025,180216,19885,17757,215,17972,368
2020-12-09,Inyo,027,18085,428,356,0,356,15
2020-12-09,Kern,029,883053,51549,46379,2842,49221,494
2020-12-09,Kings,031,150075,13706,12716,347,13063,92
2020-12-09,Lake,033,64148,1363,1158,0,1158,20
2020-12-09,Lassen,035,31185,3348,2331,16,2347,0
2020-12-09,Los Angeles,037,10098052,527262,467971,10944,478915,8075
2020-12-09,Madera,039,155013,8274,7216,253,7469,59
2020-12-09,Marin,041,260295,8536,8182,49,8231,138
2020-12-09,Mariposa,043,17540,183,154,2,156,3
2020-12-09,Mendocino,045,87422,1934,1703,16,1719,24
2020-12-09,Merced,047,269075,14986,13588,206,13794,183
2020-12-09,Modoc,049,8938,181,146,43,189,0
2020-12-09,Mono,051,14174,707,601,10,611,3
2020-12-09,Monterey,053,433212,20676,17891,415,18306,143
2020-12-09,Napa,055,140530,4454,3858,20,3878,21
2020-12-09,Nevada,057,99092,2150,1864,59,1923,10
2020-12-09,Orange,059,3164182,109944,93763,3672,97435,1629
2020-12-09,Placer,061,380077,10572,8588,298,8886,85
2020-12-09,Plumas,063,18699,346,271,9,280,0
2020-12-09,Riverside,065,2383286,125995,110376,4106,114482,1543
2020-12-09,Sacramento,067,1510023,50618,45284,273,45557,659
2020-12-09,San Benito,069,59416,2500,2217,17,2234,19
2020-12-09,San Bernardino,071,2135413,138390,114516,3251,117767,1305
2020-12-09,San Diego,073,3302833,110869,97551,4629,102180,1103
2020-12-09,San Francisco,075,870044,18991,17628,156,17784,163
2020-12-09,San Joaquin,077,732212,34833,30539,889,31428,531
2020-12-09,San Luis Obispo,079,281455,8009,7105,155,7260,47
2020-12-09,San Mateo,081,765935,19142,16422,23,16445,175
2020-12-09,Santa Barbara,083,443738,14260,12630,289,12919,142
2020-12-09,Santa Clara,085,1922200,50486,42912,146,43058,489
2020-12-09,Santa Cruz,087,273765,6474,5527,116,5643,47
2020-12-09,Shasta,089,179085,6994,6105,411,6516,52
2020-12-09,Sierra,091,2930,23,18,0,18,0
2020-12-09,Siskiyou,093,43540,856,713,65,778,2
2020-12-09,Solano,095,438530,13755,11862,125,11987,90
2020-12-09,Sonoma,097,501317,15345,13994,91,14085,164
2020-12-09,Stanislaus,099,539301,27645,25157,2130,27287,463
2020-12-09,Sutter,101,95872,5017,4418,22,4440,24
2020-12-09,Tehama,103,63373,2367,2102,138,2240,9
2020-12-09,Trinity,105,12862,290,199,28,227,0
2020-12-09,Tulare,107,460477,26651,24124,2482,26606,334
2020-12-09,Tuolumne,109,53932,1691,1319,7,1326,8
2020-12-09,Ventura,111,848112,27570,23830,946,24776,201
2020-12-09,Yolo,113,214977,6564,5760,29,5789,95
2020-12-09,Yuba,115,75493,2851,2513,23,2536,10
2020-12-08,Alameda,001,1643700,38545,34373,569,34942,469
2020-12-08,Alpine,003,1148,65,53,0,53,0
2020-12-08,Amador,005,37829,1360,1043,8,1051,17
2020-12-08,Butte,007,227075,5393,4651,414,5065,70
2020-12-08,Calaveras,009,45235,721,657,0,657,21
2020-12-08,Colusa,011,21464,1005,875,26,901,6
2020-12-08,Contra Costa,013,1133247,30394,27926,265,28191,270
2020-12-08,Del Norte,015,27424,553,465,0,465,2
2020-12-08,El Dorado,017,186661,4217,3296,77,3373,8
2020-12-08,Fresno,019,978130,51721,41574,2453,44027,529
2020-12-08,Glenn,021,27897,1209,1094,109,1203,8
2020-12-08,Humboldt,023,135768,1279,1059,4,1063,10
2020-12-08,Imperial,025,180216,19368,17568,206,17774,363
2020-12-08,Inyo,027,18085,405,333,0,333,15
2020-12-08,Kern,029,883053,50258,45116,2683,47799,487
2020-12-08,Kings,031,150075,13553,12623,337,12960,90
2020-12-08,Lake,033,64148,1322,1127,0,1127,20
2020-12-08,Lassen,035,31185,3192,2165,16,2181,0
2020-12-08,Los Angeles,037,10098052,514604,459738,10445,470183,8004
2020-12-08,Madera,039,155013,8143,7082,239,7321,59
2020-12-08,Marin,041,260295,8456,8099,48,8147,137
2020-12-08,Mariposa,043,17540,179,150,2,152,2
2020-12-08,Mendocino,045,87422,1892,1666,16,1682,23
2020-12-08,Merced,047,269075,14677,13380,205,13585,181
2020-12-08,Modoc,049,8938,173,138,40,178,0
2020-12-08,Mono,051,14174,693,597,10,607,3
2020-12-08,Monterey,053,433212,20109,17752,408,18160,134
2020-12-08,Napa,055,140530,4366,3778,19,3797,22
2020-12-08,Nevada,057,99092,2096,1809,56,1865,11
2020-12-08,Orange,059,3164182,106730,91406,3498,94904,1629
2020-12-08,Placer,061,380077,10305,8224,292,8516,82
2020-12-08,Plumas,063,18699,336,258,9,267,0
2020-12-08,Riverside,065,2383286,122644,107620,3920,111540,1514
2020-12-08,Sacramento,067,1510023,49556,44635,255,44890,649
2020-12-08,San Benito,069,59416,2447,2180,17,2197,18
2020-12-08,San Bernardino,071,2135413,134047,110676,3120,113796,1301
2020-12-08,San Diego,073,3302833,107498,95447,4472,99919,1088
2020-12-08,San Francisco,075,870044,18682,17384,152,17536,162
2020-12-08,San Joaquin,077,732212,33941,30225,856,31081,530
2020-12-08,San Luis Obispo,079,281455,7880,6903,144,7047,45
2020-12-08,San Mateo,081,765935,18742,16305,23,16328,175
2020-12-08,Santa Barbara,083,443738,14076,12516,279,12795,141
2020-12-08,Santa Clara,085,1922200,49179,41309,136,41445,484
2020-12-08,Santa Cruz,087,273765,6298,5374,113,5487,45
2020-12-08,Shasta,089,179085,6885,5946,403,6349,50
2020-12-08,Sierra,091,2930,22,18,0,18,0
2020-12-08,Siskiyou,093,43540,842,704,63,767,2
2020-12-08,Solano,095,438530,13353,11669,123,11792,89
2020-12-08,Sonoma,097,501317,15086,13601,90,13691,164
2020-12-08,Stanislaus,099,539301,27158,24793,2065,26858,461
2020-12-08,Sutter,101,95872,4921,4342,21,4363,24
2020-12-08,Tehama,103,63373,2287,2057,130,2187,9
2020-12-08,Trinity,105,12862,282,198,27,225,0
2020-12-08,Tulare,107,460477,26050,23607,2416,26023,330
2020-12-08,Tuolumne,109,53932,1667,1264,7,1271,7
2020-12-08,Ventura,111,848112,26909,23665,902,24567,195
2020-12-08,Yolo,113,214977,6432,5560,29,5589,90
2020-12-08,Yuba,115,75493,2774,2477,23,2500,10
2020-12-07,Alameda,001,1643700,37680,33887,534,34421,466
2020-12-07,Alpine,003,1148,64,53,0,53,0
2020-12-07,Amador,005,37829,1285,993,7,1000,17
2020-12-07,Butte,007,227075,5257,4604,391,4995,67
2020-12-07,Calaveras,009,45235,689,606,0,606,21
2020-12-07,Colusa,011,21464,980,825,24,849,6
2020-12-07,Contra Costa,013,1133247,29780,27307,252,27559,270
2020-12-07,Del Norte,015,27424,541,424,0,424,2
2020-12-07,El Dorado,017,186661,4037,3275,70,3345,8
2020-12-07,Fresno,019,978130,50254,41098,2326,43424,526
2020-12-07,Glenn,021,27897,1190,1085,103,1188,8
2020-12-07,Humboldt,023,135768,1244,1023,4,1027,9
2020-12-07,Imperial,025,180216,18946,17234,194,17428,364
2020-12-07,Inyo,027,18085,390,333,0,333,15
2020-12-07,Kern,029,883053,49236,44409,2540,46949,486
2020-12-07,Kings,031,150075,13412,12412,324,12736,90
2020-12-07,Lake,033,64148,1293,1090,0,1090,20
2020-12-07,Lassen,035,31185,3095,2167,16,2183,0
2020-12-07,Los Angeles,037,10098052,500963,451052,9989,461041,7937
2020-12-07,Madera,039,155013,7878,6935,233,7168,59
2020-12-07,Marin,041,260295,8398,8049,47,8096,136
2020-12-07,Mariposa,043,17540,176,146,2,148,2
2020-12-07,Mendocino,045,87422,1856,1638,14,1652,23
2020-12-07,Merced,047,269075,14317,13250,195,13445,179
2020-12-07,Modoc,049,8938,166,128,37,165,0
2020-12-07,Mono,051,14174,680,590,10,600,3
2020-12-07,Monterey,053,433212,19628,17746,396,18142,132
2020-12-07,Napa,055,140530,4275,3684,19,3703,21
2020-12-07,Nevada,057,99092,2047,1777,55,1832,11
2020-12-07,Orange,059,3164182,103468,89793,3379,93172,1628
2020-12-07,Placer,061,380077,9978,7911,278,8189,82
2020-12-07,Plumas,063,18699,325,256,5,261,0
2020-12-07,Riverside,065,2383286,119450,102363,3733,106096,1491
2020-12-07,Sacramento,067,1510023,48460,43419,237,43656,638
2020-12-07,San Benito,069,59416,2396,2165,16,2181,18
2020-12-07,San Bernardino,071,2135413,130103,108161,2994,111155,1295
2020-12-07,San Diego,073,3302833,104708,94171,4292,98463,1062
2020-12-07,San Francisco,075,870044,18391,17220,144,17364,161
2020-12-07,San Joaquin,077,732212,33067,28188,829,29017,530
2020-12-07,San Luis Obispo,079,281455,7698,6782,137,6919,45
2020-12-07,San Mateo,081,765935,18301,16029,22,16051,175
2020-12-07,Santa Barbara,083,443738,13834,12362,268,12630,141
2020-12-07,Santa Clara,085,1922200,47792,40621,127,40748,484
2020-12-07,Santa Cruz,087,273765,6132,5152,106,5258,41
2020-12-07,Shasta,089,179085,6761,5742,388,6130,50
2020-12-07,Sierra,091,2930,20,18,0,18,0
2020-12-07,Siskiyou,093,43540,816,652,62,714,2
2020-12-07,Solano,095,438530,13012,11354,119,11473,89
2020-12-07,Sonoma,097,501317,14801,13376,90,13466,164
2020-12-07,Stanislaus,099,539301,26600,24479,2012,26491,454
2020-12-07,Sutter,101,95872,4780,4106,21,4127,24
2020-12-07,Tehama,103,63373,2234,2030,124,2154,9
2020-12-07,Trinity,105,12862,279,194,27,221,0
2020-12-07,Tulare,107,460477,25522,22760,2353,25113,328
2020-12-07,Tuolumne,109,53932,1581,1256,6,1262,7
2020-12-07,Ventura,111,848112,26324,23354,865,24219,191
2020-12-07,Yolo,113,214977,6268,5537,28,5565,90
2020-12-07,Yuba,115,75493,2706,2428,21,2449,10
2020-12-06,Alameda,001,1643700,36705,33477,511,33988,465
2020-12-06,Alpine,003,1148,60,53,0,53,0
2020-12-06,Amador,005,37829,1222,952,6,958,17
2020-12-06,Butte,007,227075,5105,4527,356,4883,67
2020-12-06,Calaveras,009,45235,670,606,0,606,21
2020-12-06,Colusa,011,21464,963,824,21,845,6
2020-12-06,Contra Costa,013,1133247,29174,26566,244,26810,270
2020-12-06,Del Norte,015,27424,487,414,0,414,2
2020-12-06,El Dorado,017,186661,3900,3086,65,3151,8
2020-12-06,Fresno,019,978130,49306,40869,2207,43076,526
2020-12-06,Glenn,021,27897,1180,1067,99,1166,8
2020-12-06,Humboldt,023,135768,1219,1004,4,1008,9
2020-12-06,Imperial,025,180216,18637,16922,184,17106,364
2020-12-06,Inyo,027,18085,377,333,0,333,15
2020-12-06,Kern,029,883053,48251,43899,2363,46262,486
2020-12-06,Kings,031,150075,13143,12056,306,12362,90
2020-12-06,Lake,033,64148,1254,1075,0,1075,20
2020-12-06,Lassen,035,31185,2991,2168,14,2182,0
2020-12-06,Los Angeles,037,10098052,487398,443230,9526,452756,7910
2020-12-06,Madera,039,155013,7707,6826,225,7051,59
2020-12-06,Marin,041,260295,8318,8013,45,8058,136
2020-12-06,Mariposa,043,17540,175,144,2,146,2
2020-12-06,Mendocino,045,87422,1816,1614,14,1628,23
2020-12-06,Merced,047,269075,13982,12928,186,13114,179
2020-12-06,Modoc,049,8938,153,125,29,154,0
2020-12-06,Mono,051,14174,658,586,8,594,3
2020-12-06,Monterey,053,433212,19010,17426,386,17812,130
2020-12-06,Napa,055,140530,4163,3644,19,3663,21
2020-12-06,Nevada,057,99092,1988,1710,52,1762,10
2020-12-06,Orange,059,3164182,100405,87737,3243,90980,1627
2020-12-06,Placer,061,380077,9697,7837,256,8093,82
2020-12-06,Plumas,063,18699,312,254,4,258,0
2020-12-06,Riverside,065,2383286,116374,100088,3498,103586,1482
2020-12-06,Sacramento,067,1510023,47219,42808,222,43030,638
2020-12-06,San Benito,069,59416,2359,2135,16,2151,18
2020-12-06,San Bernardino,071,2135413,125964,106927,2830,109757,1286
2020-12-06,San Diego,073,3302833,101676,92173,4138,96311,1062
2020-12-06,San Francisco,075,870044,18069,17107,136,17243,161
2020-12-06,San Joaquin,077,732212,32234,28188,800,28988,530
2020-12-06,San Luis Obispo,079,281455,7532,6723,133,6856,45
2020-12-06,San Mateo,081,765935,17796,15855,19,15874,175
2020-12-06,Santa Barbara,083,443738,13602,12252,259,12511,141
2020-12-06,Santa Clara,085,1922200,46418,39112,121,39233,482
2020-12-06,Santa Cruz,087,273765,5959,5069,100,5169,40
2020-12-06,Shasta,089,179085,6620,5743,366,6109,49
2020-12-06,Sierra,091,2930,20,17,0,17,0
2020-12-06,Siskiyou,093,43540,798,652,60,712,2
2020-12-06,Solano,095,438530,12723,11354,109,11463,88
2020-12-06,Sonoma,097,501317,14512,13238,89,13327,164
2020-12-06,Stanislaus,099,539301,26047,24036,1947,25983,454
2020-12-06,Sutter,101,95872,4665,4009,20,4029,21
2020-12-06,Tehama,103,63373,2176,1982,114,2096,9
2020-12-06,Trinity,105,12862,272,181,25,206,0
2020-12-06,Tulare,107,460477,24998,22756,2281,25037,327
2020-12-06,Tuolumne,109,53932,1478,1210,6,1216,7
2020-12-06,Ventura,111,848112,25781,23035,837,23872,191
2020-12-06,Yolo,113,214977,6108,5465,23,5488,90
2020-12-06,Yuba,115,75493,2662,2340,20,2360,10
2020-12-05,Alameda,001,1643700,36347,32781,500,33281,465
2020-12-05,Alpine,003,1148,59,53,0,53,0
2020-12-05,Amador,005,37829,1198,847,6,853,17
2020-12-05,Butte,007,227075,5036,4455,337,4792,66
2020-12-05,Calaveras,009,45235,659,606,0,606,21
2020-12-05,Colusa,011,21464,945,825,18,843,6
2020-12-05,Contra Costa,013,1133247,28882,26217,237,26454,270
2020-12-05,Del Norte,015,27424,481,408,0,408,2
2020-12-05,El Dorado,017,186661,3835,3061,60,3121,8
2020-12-05,Fresno,019,978130,48986,40568,2151,42719,525
2020-12-05,Glenn,021,27897,1167,1056,93,1149,8
2020-12-05,Humboldt,023,135768,1186,979,4,983,9
2020-12-05,Imperial,025,180216,18472,16544,182,16726,362
2020-12-05,Inyo,027,18085,372,332,0,332,15
2020-12-05,Kern,029,883053,47790,43332,2273,45605,484
2020-12-05,Kings,031,150075,13064,11898,303,12201,90
2020-12-05,Lake,033,64148,1229,1069,0,1069,20
2020-12-05,Lassen,035,31185,2800,2168,12,2180,0
2020-12-05,Los Angeles,037,10098052,481616,433120,9188,442308,7888
2020-12-05,Madera,039,155013,7615,6619,218,6837,59
2020-12-05,Marin,041,260295,8291,7961,45,8006,136
2020-12-05,Mariposa,043,17540,170,143,2,145,2
2020-12-05,Mendocino,045,87422,1777,1585,14,1599,23
2020-12-05,Merced,047,269075,13875,12747,175,12922,180
2020-12-05,Modoc,049,8938,153,118,28,146,0
2020-12-05,Mono,051,14174,653,554,8,562,3
2020-12-05,Monterey,053,433212,18864,17077,382,17459,127
2020-12-05,Napa,055,140530,4093,3565,19,3584,21
2020-12-05,Nevada,057,99092,1974,1642,50,1692,10
2020-12-05,Orange,059,3164182,98948,85735,3145,88880,1612
2020-12-05,Placer,061,380077,9578,7811,247,8058,78
2020-12-05,Plumas,063,18699,305,246,1,247,0
2020-12-05,Riverside,065,2383286,114767,98612,3312,101924,1477
2020-12-05,Sacramento,067,1510023,46551,41878,207,42085,625
2020-12-05,San Benito,069,59416,2315,2073,16,2089,18
2020-12-05,San Bernardino,071,2135413,124444,105382,2694,108076,1283
2020-12-05,San Diego,073,3302833,100324,90470,4058,94528,1055
2020-12-05,San Francisco,075,870044,17885,16786,132,16918,161
2020-12-05,San Joaquin,077,732212,31971,28105,765,28870,523
2020-12-05,San Luis Obispo,079,281455,7465,6623,130,6753,44
2020-12-05,San Mateo,081,765935,17538,15512,19,15531,175
2020-12-05,Santa Barbara,083,443738,13502,12107,253,12360,141
2020-12-05,Santa Clara,085,1922200,45680,38339,116,38455,474
2020-12-05,Santa Cruz,087,273765,5885,4997,98,5095,40
2020-12-05,Shasta,089,179085,6559,5653,355,6008,49
2020-12-05,Sierra,091,2930,20,17,0,17,0
2020-12-05,Siskiyou,093,43540,790,649,59,708,2
2020-12-05,Solano,095,438530,12554,11351,107,11458,87
2020-12-05,Sonoma,097,501317,14416,13137,89,13226,164
2020-12-05,Stanislaus,099,539301,25738,23662,1911,25573,454
2020-12-05,Sutter,101,95872,4598,3937,20,3957,20
2020-12-05,Tehama,103,63373,2160,1926,112,2038,9
2020-12-05,Trinity,105,12862,271,177,25,202,0
2020-12-05,Tulare,107,460477,24785,22660,2219,24879,324
2020-12-05,Tuolumne,109,53932,1419,1180,6,1186,7
2020-12-05,Ventura,111,848112,25412,22710,821,23531,191
2020-12-05,Yolo,113,214977,6031,5351,22,5373,90
2020-12-05,Yuba,115,75493,2625,2275,20,2295,10
2020-12-04,Alameda,001,1643700,35797,31871,487,32358,465
2020-12-04,Alpine,003,1148,59,53,0,53,0
2020-12-04,Amador,005,37829,1184,766,3,769,16
2020-12-04,Butte,007,227075,4965,4336,315,4651,65
2020-12-04,Calaveras,009,45235,654,585,0,585,21
2020-12-04,Colusa,011,21464,931,790,17,807,6
2020-12-04,Contra Costa,013,1133247,28539,25705,225,25930,264
2020-12-04,Del Norte,015,27424,470,401,0,401,2
2020-12-04,El Dorado,017,186661,3747,2933,57,2990,7
2020-12-04,Fresno,019,978130,48276,40108,2083,42191,522
2020-12-04,Glenn,021,27897,1161,1017,85,1102,8
2020-12-04,Humboldt,023,135768,1168,960,4,964,9
2020-12-04,Imperial,025,180216,18229,16484,182,16666,362
2020-12-04,Inyo,027,18085,364,324,0,324,15
2020-12-04,Kern,029,883053,47241,42497,2167,44664,485
2020-12-04,Kings,031,150075,12971,11767,297,12064,88
2020-12-04,Lake,033,64148,1201,1018,0,1018,20
2020-12-04,Lassen,035,31185,2793,2167,10,2177,0
2020-12-04,Los Angeles,037,10098052,473014,424164,8878,433042,7845
2020-12-04,Madera,039,155013,7524,6479,215,6694,58
2020-12-04,Marin,041,260295,8240,7896,43,7939,136
2020-12-04,Mariposa,043,17540,170,136,2,138,2
2020-12-04,Mendocino,045,87422,1758,1563,13,1576,23
2020-12-04,Merced,047,269075,13760,12474,167,12641,177
2020-12-04,Modoc,049,8938,153,115,28,143,0
2020-12-04,Mono,051,14174,648,549,8,557,3
2020-12-04,Monterey,053,433212,18659,16737,373,17110,127
2020-12-04,Napa,055,140530,4040,3432,19,3451,19
2020-12-04,Nevada,057,99092,1949,1560,47,1607,10
2020-12-04,Orange,059,3164182,97027,83738,3076,86814,1597
2020-12-04,Placer,061,380077,9452,7461,233,7694,76
2020-12-04,Plumas,063,18699,298,232,0,232,0
2020-12-04,Riverside,065,2383286,112573,95255,3150,98405,1475
2020-12-04,Sacramento,067,1510023,45786,41061,190,41251,618
2020-12-04,San Benito,069,59416,2284,2006,16,2022,17
2020-12-04,San Bernardino,071,2135413,122174,102418,2585,105003,1290
2020-12-04,San Diego,073,3302833,98841,88183,3971,92154,1047
2020-12-04,San Francisco,075,870044,17695,16499,132,16631,161
2020-12-04,San Joaquin,077,732212,31535,27806,727,28533,522
2020-12-04,San Luis Obispo,079,281455,7380,6473,127,6600,42
2020-12-04,San Mateo,081,765935,17250,15112,18,15130,173
2020-12-04,Santa Barbara,083,443738,13396,11947,245,12192,141
2020-12-04,Santa Clara,085,1922200,44761,37465,110,37575,468
2020-12-04,Santa Cruz,087,273765,5799,4985,96,5081,32
2020-12-04,Shasta,089,179085,6471,5439,345,5784,49
2020-12-04,Sierra,091,2930,19,17,0,17,0
2020-12-04,Siskiyou,093,43540,783,639,56,695,2
2020-12-04,Solano,095,438530,12408,11037,104,11141,87
2020-12-04,Sonoma,097,501317,14268,12962,88,13050,164
2020-12-04,Stanislaus,099,539301,25470,23206,1865,25071,448
2020-12-04,Sutter,101,95872,4524,3791,15,3806,20
2020-12-04,Tehama,103,63373,2120,1876,107,1983,9
2020-12-04,Trinity,105,12862,269,172,25,197,0
2020-12-04,Tulare,107,460477,24503,22273,2144,24417,322
2020-12-04,Tuolumne,109,53932,1388,1134,6,1140,7
2020-12-04,Ventura,111,848112,25036,22024,803,22827,189
2020-12-04,Yolo,113,214977,5957,5294,21,5315,87
2020-12-04,Yuba,115,75493,2582,2225,19,2244,10
2020-12-03,Alameda,001,1643700,35038,31184,468,31652,465
2020-12-03,Alpine,003,1148,58,53,0,53,0
2020-12-03,Amador,005,37829,1133,653,3,656,16
2020-12-03,Butte,007,227075,4870,4305,295,4600,65
2020-12-03,Calaveras,009,45235,635,572,0,572,21
2020-12-03,Colusa,011,21464,918,774,17,791,6
2020-12-03,Contra Costa,013,1133247,28039,25464,216,25680,265
2020-12-03,Del Norte,015,27424,466,388,0,388,2
2020-12-03,El Dorado,017,186661,3621,2740,55,2795,6
2020-12-03,Fresno,019,978130,47527,39680,2008,41688,516
2020-12-03,Glenn,021,27897,1143,997,77,1074,8
2020-12-03,Humboldt,023,135768,1138,923,4,927,9
2020-12-03,Imperial,025,180216,18024,16436,171,16607,359
2020-12-03,Inyo,027,18085,361,321,0,321,15
2020-12-03,Kern,029,883053,46398,42062,2062,44124,483
2020-12-03,Kings,031,150075,12871,11658,285,11943,87
2020-12-03,Lake,033,64148,1186,991,0,991,20
2020-12-03,Lassen,035,31185,2753,2128,9,2137,0
2020-12-03,Los Angeles,037,10098052,462935,415805,8499,424304,7787
2020-12-03,Madera,039,155013,7401,6398,211,6609,58
2020-12-03,Marin,041,260295,8180,7861,39,7900,136
2020-12-03,Mariposa,043,17540,166,132,2,134,2
2020-12-03,Mendocino,045,87422,1742,1547,9,1556,23
2020-12-03,Merced,047,269075,13515,12310,159,12469,177
2020-12-03,Modoc,049,8938,151,114,28,142,0
2020-12-03,Mono,051,14174,626,527,8,535,3
2020-12-03,Monterey,053,433212,18197,16218,362,16580,125
2020-12-03,Napa,055,140530,3927,3360,19,3379,19
2020-12-03,Nevada,057,99092,1872,1472,46,1518,10
2020-12-03,Orange,059,3164182,94494,82187,3003,85190,1591
2020-12-03,Placer,061,380077,9252,7270,217,7487,73
2020-12-03,Plumas,063,18699,284,223,0,223,0
2020-12-03,Riverside,065,2383286,109823,92489,2975,95464,1461
2020-12-03,Sacramento,067,1510023,44730,40280,177,40457,614
2020-12-03,San Benito,069,59416,2238,1967,16,1983,16
2020-12-03,San Bernardino,071,2135413,118854,100787,2497,103284,1283
2020-12-03,San Diego,073,3302833,97026,86144,3853,89997,1040
2020-12-03,San Francisco,075,870044,17473,16236,131,16367,161
2020-12-03,San Joaquin,077,732212,30814,27239,679,27918,522
2020-12-03,San Luis Obispo,079,281455,7212,6388,126,6514,42
2020-12-03,San Mateo,081,765935,16899,14909,17,14926,173
2020-12-03,Santa Barbara,083,443738,13268,11829,239,12068,141
2020-12-03,Santa Clara,085,1922200,43565,36621,104,36725,465
2020-12-03,Santa Cruz,087,273765,5656,4850,92,4942,28
2020-12-03,Shasta,089,179085,6362,5330,338,5668,48
2020-12-03,Sierra,091,2930,19,17,0,17,0
2020-12-03,Siskiyou,093,43540,768,629,53,682,2
2020-12-03,Solano,095,438530,12196,10857,101,10958,87
2020-12-03,Sonoma,097,501317,14025,12772,87,12859,164
2020-12-03,Stanislaus,099,539301,25065,22821,1812,24633,447
2020-12-03,Sutter,101,95872,4442,3727,14,3741,20
2020-12-03,Tehama,103,63373,2068,1832,97,1929,9
2020-12-03,Trinity,105,12862,268,166,25,191,0
2020-12-03,Tulare,107,460477,24105,21993,2049,24042,321
2020-12-03,Tuolumne,109,53932,1347,1105,6,1111,7
2020-12-03,Ventura,111,848112,24333,21555,788,22343,187
2020-12-03,Yolo,113,214977,5819,5069,21,5090,87
2020-12-03,Yuba,115,75493,2513,2182,17,2199,10
2020-12-02,Alameda,001,1643700,34414,30697,456,31153,463
2020-12-02,Alpine,003,1148,57,52,0,52,0
2020-12-02,Amador,005,37829,1061,585,3,588,16
2020-12-02,Butte,007,227075,4748,4243,285,4528,65
2020-12-02,Calaveras,009,45235,619,553,0,553,21
2020-12-02,Colusa,011,21464,902,756,16,772,6
2020-12-02,Contra Costa,013,1133247,27580,25147,203,25350,264
2020-12-02,Del Norte,015,27424,452,384,0,384,2
2020-12-02,El Dorado,017,186661,3521,2638,49,2687,5
2020-12-02,Fresno,019,978130,46775,39324,1902,41226,507
2020-12-02,Glenn,021,27897,1126,995,69,1064,7
2020-12-02,Humboldt,023,135768,1112,899,4,903,9
2020-12-02,Imperial,025,180216,17599,16360,162,16522,356
2020-12-02,Inyo,027,18085,354,314,0,314,15
2020-12-02,Kern,029,883053,45506,41660,1957,43617,479
2020-12-02,Kings,031,150075,12518,11531,271,11802,86
2020-12-02,Lake,033,64148,1157,971,0,971,20
2020-12-02,Lassen,035,31185,2694,2115,9,2124,0
2020-12-02,Los Angeles,037,10098052,452904,408289,8146,416435,7739
2020-12-02,Madera,039,155013,7277,6370,203,6573,57
2020-12-02,Marin,041,260295,8133,7819,37,7856,136
2020-12-02,Mariposa,043,17540,163,131,2,133,2
2020-12-02,Mendocino,045,87422,1709,1524,9,1533,23
2020-12-02,Merced,047,269075,13272,12168,152,12320,173
2020-12-02,Modoc,049,8938,148,113,28,141,0
2020-12-02,Mono,051,14174,617,520,8,528,3
2020-12-02,Monterey,053,433212,17719,16064,323,16387,121
2020-12-02,Napa,055,140530,3824,3298,18,3316,19
2020-12-02,Nevada,057,99092,1810,1430,45,1475,9
2020-12-02,Orange,059,3164182,92299,81046,2922,83968,1569
2020-12-02,Placer,061,380077,9020,6941,202,7143,73
2020-12-02,Plumas,063,18699,271,218,0,218,0
2020-12-02,Riverside,065,2383286,107107,90089,2787,92876,1451
2020-12-02,Sacramento,067,1510023,43694,39334,166,39500,597
2020-12-02,San Benito,069,59416,2173,1921,16,1937,16
2020-12-02,San Bernardino,071,2135413,115298,98567,2381,100948,1240
2020-12-02,San Diego,073,3302833,95110,84640,3738,88378,1035
2020-12-02,San Francisco,075,870044,17236,16058,129,16187,157
2020-12-02,San Joaquin,077,732212,30193,26740,654,27394,519
2020-12-02,San Luis Obispo,079,281455,7114,6324,123,6447,42
2020-12-02,San Mateo,081,765935,16536,14757,16,14773,170
2020-12-02,Santa Barbara,083,443738,13116,11705,227,11932,140
2020-12-02,Santa Clara,085,1922200,42450,35878,104,35982,458
2020-12-02,Santa Cruz,087,273765,5524,4766,89,4855,27
2020-12-02,Shasta,089,179085,6238,5188,321,5509,47
2020-12-02,Sierra,091,2930,19,17,0,17,0
2020-12-02,Siskiyou,093,43540,752,624,51,675,1
2020-12-02,Solano,095,438530,11950,10701,96,10797,87
2020-12-02,Sonoma,097,501317,13785,12635,86,12721,163
2020-12-02,Stanislaus,099,539301,24569,22615,1752,24367,448
2020-12-02,Sutter,101,95872,4281,3604,14,3618,18
2020-12-02,Tehama,103,63373,2025,1800,82,1882,9
2020-12-02,Trinity,105,12862,261,165,25,190,0
2020-12-02,Tulare,107,460477,23729,21789,1963,23752,321
2020-12-02,Tuolumne,109,53932,1306,1076,6,1082,7
2020-12-02,Ventura,111,848112,23923,21208,771,21979,186
2020-12-02,Yolo,113,214977,5708,5053,20,5073,87
2020-12-02,Yuba,115,75493,2436,2119,16,2135,10
2020-12-01,Alameda,001,1643700,33728,30252,444,30696,460
2020-12-01,Alpine,003,1148,57,41,0,41,0
2020-12-01,Amador,005,37829,914,575,2,577,16
2020-12-01,Butte,007,227075,4644,4177,269,4446,65
2020-12-01,Calaveras,009,45235,601,544,0,544,21
2020-12-01,Colusa,011,21464,885,747,16,763,6
2020-12-01,Contra Costa,013,1133247,27007,24788,195,24983,264
2020-12-01,Del Norte,015,27424,424,357,0,357,2
2020-12-01,El Dorado,017,186661,3376,2542,44,2586,4
2020-12-01,Fresno,019,978130,45876,39004,1818,40822,505
2020-12-01,Glenn,021,27897,1105,989,65,1054,7
2020-12-01,Humboldt,023,135768,1081,886,4,890,9
2020-12-01,Imperial,025,180216,17286,16278,159,16437,356
2020-12-01,Inyo,027,18085,347,304,0,304,15
2020-12-01,Kern,029,883053,44705,41345,1823,43168,478
2020-12-01,Kings,031,150075,12205,11415,255,11670,86
2020-12-01,Lake,033,64148,1139,969,0,969,19
2020-12-01,Lassen,035,31185,2528,2047,8,2055,0
2020-12-01,Los Angeles,037,10098052,442558,403266,7807,411073,7704
2020-12-01,Madera,039,155013,7159,6270,194,6464,57
2020-12-01,Marin,041,260295,8063,7787,36,7823,136
2020-12-01,Mariposa,043,17540,158,128,2,130,2
2020-12-01,Mendocino,045,87422,1675,1497,9,1506,23
2020-12-01,Merced,047,269075,13029,12032,143,12175,172
2020-12-01,Modoc,049,8938,143,113,24,137,0
2020-12-01,Mono,051,14174,604,520,8,528,3
2020-12-01,Monterey,053,433212,17212,15835,313,16148,121
2020-12-01,Napa,055,140530,3740,3124,17,3141,19
2020-12-01,Nevada,057,99092,1748,1411,44,1455,9
2020-12-01,Orange,059,3164182,90206,79468,2831,82299,1567
2020-12-01,Placer,061,380077,8696,6794,195,6989,72
2020-12-01,Plumas,063,18699,259,201,0,201,0
2020-12-01,Riverside,065,2383286,104307,88530,2620,91150,1448
2020-12-01,Sacramento,067,1510023,42646,38966,161,39127,589
2020-12-01,San Benito,069,59416,2118,1888,16,1904,15
2020-12-01,San Bernardino,071,2135413,111830,95854,2254,98108,1220
2020-12-01,San Diego,073,3302833,92853,83423,3628,87051,1019
2020-12-01,San Francisco,075,870044,16955,15797,125,15922,157
2020-12-01,San Joaquin,077,732212,29392,26432,632,27064,514
2020-12-01,San Luis Obispo,079,281455,6974,6264,118,6382,40
2020-12-01,San Mateo,081,765935,16211,14495,16,14511,170
2020-12-01,Santa Barbara,083,443738,12976,11611,217,11828,140
2020-12-01,Santa Clara,085,1922200,41193,35397,99,35496,452
2020-12-01,Santa Cruz,087,273765,5366,4638,81,4719,27
2020-12-01,Shasta,089,179085,6111,5077,300,5377,47
2020-12-01,Sierra,091,2930,19,17,0,17,0
2020-12-01,Siskiyou,093,43540,738,608,47,655,1
2020-12-01,Solano,095,438530,11692,10604,90,10694,87
2020-12-01,Sonoma,097,501317,13580,12491,83,12574,163
2020-12-01,Stanislaus,099,539301,24114,22351,1694,24045,447
2020-12-01,Sutter,101,95872,4140,3538,14,3552,17
2020-12-01,Tehama,103,63373,1964,1773,71,1844,9
2020-12-01,Trinity,105,12862,250,165,20,185,0
2020-12-01,Tulare,107,460477,23275,21645,1890,23535,319
2020-12-01,Tuolumne,109,53932,1270,1052,3,1055,7
2020-12-01,Ventura,111,848112,23310,20604,749,21353,186
2020-12-01,Yolo,113,214977,5568,4928,20,4948,86
2020-12-01,Yuba,115,75493,2370,2088,15,2103,10
2020-11-30,Alameda,001,1643700,32912,29972,426,30398,457
2020-11-30,Alpine,003,1148,55,41,0,41,0
2020-11-30,Amador,005,37829,873,559,2,561,16
2020-11-30,Butte,007,227075,4527,4148,252,4400,65
2020-11-30,Calaveras,009,45235,578,478,0,478,21
2020-11-30,Colusa,011,21464,858,737,12,749,6
2020-11-30,Contra Costa,013,1133247,26429,24365,191,24556,264
2020-11-30,Del Norte,015,27424,401,339,0,339,2
2020-11-30,El Dorado,017,186661,3202,2488,39,2527,4
2020-11-30,Fresno,019,978130,44770,38712,1698,40410,500
2020-11-30,Glenn,021,27897,1082,954,60,1014,5
2020-11-30,Humboldt,023,135768,1034,870,4,874,9
2020-11-30,Imperial,025,180216,17034,16212,134,16346,356
2020-11-30,Inyo,027,18085,342,304,0,304,15
2020-11-30,Kern,029,883053,43944,40941,1684,42625,473
2020-11-30,Kings,031,150075,12059,11346,238,11584,85
2020-11-30,Lake,033,64148,1108,939,0,939,18
2020-11-30,Lassen,035,31185,2435,1793,8,1801,0
2020-11-30,Los Angeles,037,10098052,431908,396202,7465,403667,7658
2020-11-30,Madera,039,155013,6993,6210,180,6390,57
2020-11-30,Marin,041,260295,8020,7764,35,7799,136
2020-11-30,Mariposa,043,17540,151,123,2,125,2
2020-11-30,Mendocino,045,87422,1648,1482,9,1491,23
2020-11-30,Merced,047,269075,12755,11913,132,12045,172
2020-11-30,Modoc,049,8938,133,113,24,137,0
2020-11-30,Mono,051,14174,582,519,8,527,3
2020-11-30,Monterey,053,433212,16783,15837,305,16142,119
2020-11-30,Napa,055,140530,3640,3091,17,3108,18
2020-11-30,Nevada,057,99092,1662,1347,41,1388,9
2020-11-30,Orange,059,3164182,88096,78711,2732,81443,1568
2020-11-30,Placer,061,380077,8403,6575,182,6757,72
2020-11-30,Plumas,063,18699,248,192,0,192,0
2020-11-30,Riverside,065,2383286,101317,87722,2467,90189,1446
2020-11-30,Sacramento,067,1510023,41567,37834,153,37987,586
2020-11-30,San Benito,069,59416,2071,1875,15,1890,15
2020-11-30,San Bernardino,071,2135413,108104,92704,2135,94839,1220
2020-11-30,San Diego,073,3302833,90491,82045,3501,85546,997
2020-11-30,San Francisco,075,870044,16655,15638,122,15760,157
2020-11-30,San Joaquin,077,732212,28687,25742,606,26348,509
2020-11-30,San Luis Obispo,079,281455,6839,6224,116,6340,36
2020-11-30,San Mateo,081,765935,15851,14276,16,14292,170
2020-11-30,Santa Barbara,083,443738,12798,11572,210,11782,140
2020-11-30,Santa Clara,085,1922200,39985,35019,98,35117,451
2020-11-30,Santa Cruz,087,273765,5228,4558,77,4635,26
2020-11-30,Shasta,089,179085,5970,4933,266,5199,44
2020-11-30,Sierra,091,2930,19,16,0,16,0
2020-11-30,Siskiyou,093,43540,729,605,43,648,1
2020-11-30,Solano,095,438530,11430,10392,85,10477,87
2020-11-30,Sonoma,097,501317,13336,12232,79,12311,163
2020-11-30,Stanislaus,099,539301,23655,22110,1648,23758,446
2020-11-30,Sutter,101,95872,3983,3430,13,3443,16
2020-11-30,Tehama,103,63373,1916,1724,65,1789,9
2020-11-30,Trinity,105,12862,244,162,20,182,0
2020-11-30,Tulare,107,460477,22891,20833,1793,22626,319
2020-11-30,Tuolumne,109,53932,1225,1027,3,1030,7
2020-11-30,Ventura,111,848112,22551,20308,733,21041,180
2020-11-30,Yolo,113,214977,5456,4894,20,4914,81
2020-11-30,Yuba,115,75493,2309,2028,13,2041,10
2020-11-29,Alameda,001,1643700,32127,29918,404,30322,457
2020-11-29,Alpine,003,1148,52,41,0,41,0
2020-11-29,Amador,005,37829,722,548,2,550,16
2020-11-29,Butte,007,227075,4427,4008,232,4240,65
2020-11-29,Calaveras,009,45235,546,478,0,478,21
2020-11-29,Colusa,011,21464,829,723,8,731,6
2020-11-29,Contra Costa,013,1133247,25926,24165,185,24350,264
2020-11-29,Del Norte,015,27424,395,339,0,339,2
2020-11-29,El Dorado,017,186661,3072,2447,38,2485,4
2020-11-29,Fresno,019,978130,43820,38568,1622,40190,500
2020-11-29,Glenn,021,27897,1059,951,58,1009,4
2020-11-29,Humboldt,023,135768,1005,856,4,860,9
2020-11-29,Imperial,025,180216,16806,16138,106,16244,356
2020-11-29,Inyo,027,18085,327,289,0,289,15
2020-11-29,Kern,029,883053,43185,40596,1533,42129,473
2020-11-29,Kings,031,150075,11911,11247,218,11465,85
2020-11-29,Lake,033,64148,1084,927,0,927,18
2020-11-29,Lassen,035,31185,2332,1793,8,1801,0
2020-11-29,Los Angeles,037,10098052,421529,391162,7148,398310,7642
2020-11-29,Madera,039,155013,6850,6184,174,6358,57
2020-11-29,Marin,041,260295,7954,7739,33,7772,135
2020-11-29,Mariposa,043,17540,147,123,2,125,2
2020-11-29,Mendocino,045,87422,1614,1473,9,1482,23
2020-11-29,Merced,047,269075,12516,11773,123,11896,172
2020-11-29,Modoc,049,8938,129,105,22,127,0
2020-11-29,Mono,051,14174,559,515,8,523,3
2020-11-29,Monterey,053,433212,16472,15621,298,15919,119
2020-11-29,Napa,055,140530,3535,3090,16,3106,18
2020-11-29,Nevada,057,99092,1581,1311,39,1350,9
2020-11-29,Orange,059,3164182,86075,78057,2684,80741,1567
2020-11-29,Placer,061,380077,8107,6535,168,6703,72
2020-11-29,Plumas,063,18699,243,191,0,191,0
2020-11-29,Riverside,065,2383286,98933,87383,2306,89689,1442
2020-11-29,Sacramento,067,1510023,40490,37415,145,37560,585
2020-11-29,San Benito,069,59416,2027,1860,15,1875,15
2020-11-29,San Bernardino,071,2135413,104760,92052,2013,94065,1223
2020-11-29,San Diego,073,3302833,88079,81086,3349,84435,997
2020-11-29,San Francisco,075,870044,16374,15571,115,15686,153
2020-11-29,San Joaquin,077,732212,27946,25740,600,26340,509
2020-11-29,San Luis Obispo,079,281455,6717,6145,116,6261,36
2020-11-29,San Mateo,081,765935,15517,14177,16,14193,169
2020-11-29,Santa Barbara,083,443738,12643,11520,206,11726,140
2020-11-29,Santa Clara,085,1922200,38779,34234,92,34326,451
2020-11-29,Santa Cruz,087,273765,5069,4490,75,4565,26
2020-11-29,Shasta,089,179085,5798,4935,235,5170,43
2020-11-29,Sierra,091,2930,19,16,0,16,0
2020-11-29,Siskiyou,093,43540,706,590,41,631,1
2020-11-29,Solano,095,438530,11198,10393,81,10474,87
2020-11-29,Sonoma,097,501317,13084,12052,75,12127,163
2020-11-29,Stanislaus,099,539301,23160,21701,1609,23310,446
2020-11-29,Sutter,101,95872,3865,3297,13,3310,16
2020-11-29,Tehama,103,63373,1865,1710,49,1759,9
2020-11-29,Trinity,105,12862,241,159,19,178,0
2020-11-29,Tulare,107,460477,22529,20793,1710,22503,319
2020-11-29,Tuolumne,109,53932,1189,988,3,991,7
2020-11-29,Ventura,111,848112,21867,19952,720,20672,179
2020-11-29,Yolo,113,214977,5318,4830,19,4849,80
2020-11-29,Yuba,115,75493,2253,1959,13,1972,10
2020-11-28,Alameda,001,1643700,31818,29368,399,29767,456
2020-11-28,Alpine,003,1148,52,41,0,41,0
2020-11-28,Amador,005,37829,645,536,2,538,16
2020-11-28,Butte,007,227075,4369,3894,228,4122,65
2020-11-28,Calaveras,009,45235,542,478,0,478,21
2020-11-28,Colusa,011,21464,820,711,6,717,6
2020-11-28,Contra Costa,013,1133247,25593,23798,181,23979,264
2020-11-28,Del Norte,015,27424,385,328,0,328,2
2020-11-28,El Dorado,017,186661,3004,2415,32,2447,4
2020-11-28,Fresno,019,978130,43476,38288,1581,39869,500
2020-11-28,Glenn,021,27897,1048,925,54,979,4
2020-11-28,Humboldt,023,135768,970,844,4,848,9
2020-11-28,Imperial,025,180216,16742,16019,104,16123,356
2020-11-28,Inyo,027,18085,319,289,0,289,15
2020-11-28,Kern,029,883053,42824,40255,1444,41699,473
2020-11-28,Kings,031,150075,11846,11070,209,11279,85
2020-11-28,Lake,033,64148,1069,920,0,920,18
2020-11-28,Lassen,035,31185,2265,1714,8,1722,0
2020-11-28,Los Angeles,037,10098052,416619,386194,6988,393182,7625
2020-11-28,Madera,039,155013,6748,6119,167,6286,57
2020-11-28,Marin,041,260295,7924,7696,29,7725,135
2020-11-28,Mariposa,043,17540,144,120,2,122,2
2020-11-28,Mendocino,045,87422,1583,1458,9,1467,22
2020-11-28,Merced,047,269075,12418,11688,117,11805,172
2020-11-28,Modoc,049,8938,126,103,22,125,0
2020-11-28,Mono,051,14174,553,505,8,513,3
2020-11-28,Monterey,053,433212,16306,15328,294,15622,118
2020-11-28,Napa,055,140530,3484,3033,15,3048,18
2020-11-28,Nevada,057,99092,1553,1272,37,1309,9
2020-11-28,Orange,059,3164182,84979,76882,2636,79518,1568
2020-11-28,Placer,061,380077,7948,6497,165,6662,70
2020-11-28,Plumas,063,18699,236,188,0,188,0
2020-11-28,Riverside,065,2383286,97527,86854,2202,89056,1440
2020-11-28,Sacramento,067,1510023,39911,36905,141,37046,580
2020-11-28,San Benito,069,59416,1980,1835,15,1850,15
2020-11-28,San Bernardino,071,2135413,103363,91183,1913,93096,1224
2020-11-28,San Diego,073,3302833,86825,80020,3265,83285,997
2020-11-28,San Francisco,075,870044,16197,15450,107,15557,153
2020-11-28,San Joaquin,077,732212,27749,25742,585,26327,509
2020-11-28,San Luis Obispo,079,281455,6647,6106,112,6218,36
2020-11-28,San Mateo,081,765935,15327,14040,16,14056,169
2020-11-28,Santa Barbara,083,443738,12541,11481,201,11682,140
2020-11-28,Santa Clara,085,1922200,38033,33701,90,33791,449
2020-11-28,Santa Cruz,087,273765,4992,4426,75,4501,26
2020-11-28,Shasta,089,179085,5720,4882,228,5110,43
2020-11-28,Sierra,091,2930,19,16,0,16,0
2020-11-28,Siskiyou,093,43540,696,558,38,596,1
2020-11-28,Solano,095,438530,11079,10252,79,10331,87
2020-11-28,Sonoma,097,501317,12981,12008,65,12073,162
2020-11-28,Stanislaus,099,539301,22923,21574,1572,23146,446
2020-11-28,Sutter,101,95872,3781,3244,13,3257,15
2020-11-28,Tehama,103,63373,1849,1678,45,1723,9
2020-11-28,Trinity,105,12862,238,157,17,174,0
2020-11-28,Tulare,107,460477,22340,20701,1662,22363,319
2020-11-28,Tuolumne,109,53932,1167,976,3,979,7
2020-11-28,Ventura,111,848112,21569,19510,710,20220,179
2020-11-28,Yolo,113,214977,5244,4739,17,4756,80
2020-11-28,Yuba,115,75493,2200,1912,13,1925,10
2020-11-27,Alameda,001,1643700,31380,29064,388,29452,450
2020-11-27,Alpine,003,1148,52,41,0,41,0
2020-11-27,Amador,005,37829,598,498,1,499,16
2020-11-27,Butte,007,227075,4328,3894,222,4116,65
2020-11-27,Calaveras,009,45235,533,478,0,478,21
2020-11-27,Colusa,011,21464,803,694,4,698,6
2020-11-27,Contra Costa,013,1133247,25333,23463,175,23638,264
2020-11-27,Del Norte,015,27424,379,307,0,307,2
2020-11-27,El Dorado,017,186661,2933,2238,29,2267,4
2020-11-27,Fresno,019,978130,43071,37994,1521,39515,500
2020-11-27,Glenn,021,27897,1035,891,49,940,4
2020-11-27,Humboldt,023,135768,951,795,3,798,9
2020-11-27,Imperial,025,180216,16674,15960,95,16055,356
2020-11-27,Inyo,027,18085,313,289,0,289,15
2020-11-27,Kern,029,883053,42405,39707,1368,41075,473
2020-11-27,Kings,031,150075,11760,10667,191,10858,85
2020-11-27,Lake,033,64148,1033,909,0,909,18
2020-11-27,Lassen,035,31185,2253,1714,8,1722,0
2020-11-27,Los Angeles,037,10098052,410117,382740,6827,389567,7606
2020-11-27,Madera,039,155013,6676,6050,161,6211,57
2020-11-27,Marin,041,260295,7881,7660,29,7689,135
2020-11-27,Mariposa,043,17540,142,118,2,120,2
2020-11-27,Mendocino,045,87422,1568,1387,8,1395,22
2020-11-27,Merced,047,269075,12312,11550,110,11660,172
2020-11-27,Modoc,049,8938,125,100,22,122,0
2020-11-27,Mono,051,14174,549,498,8,506,3
2020-11-27,Monterey,053,433212,16139,14753,294,15047,113
2020-11-27,Napa,055,140530,3444,2988,15,3003,18
2020-11-27,Nevada,057,99092,1523,1184,35,1219,9
2020-11-27,Orange,059,3164182,83692,75151,2596,77747,1568
2020-11-27,Placer,061,380077,7787,6283,155,6438,68
2020-11-27,Plumas,063,18699,233,188,0,188,0
2020-11-27,Riverside,065,2383286,95923,85769,2043,87812,1440
2020-11-27,Sacramento,067,1510023,39288,36579,137,36716,579
2020-11-27,San Benito,069,59416,1946,1805,14,1819,15
2020-11-27,San Bernardino,071,2135413,101853,90254,1829,92083,1224
2020-11-27,San Diego,073,3302833,85630,78161,3177,81338,996
2020-11-27,San Francisco,075,870044,16041,15377,105,15482,153
2020-11-27,San Joaquin,077,732212,27529,25741,564,26305,509
2020-11-27,San Luis Obispo,079,281455,6564,6039,109,6148,36
2020-11-27,San Mateo,081,765935,15125,13872,15,13887,169
2020-11-27,Santa Barbara,083,443738,12448,11340,198,11538,140
2020-11-27,Santa Clara,085,1922200,37358,32935,83,33018,449
2020-11-27,Santa Cruz,087,273765,4921,4358,73,4431,26
2020-11-27,Shasta,089,179085,5643,4710,215,4925,43
2020-11-27,Sierra,091,2930,18,16,0,16,0
2020-11-27,Siskiyou,093,43540,681,554,35,589,1
2020-11-27,Solano,095,438530,10960,10044,76,10120,87
2020-11-27,Sonoma,097,501317,12849,11924,63,11987,162
2020-11-27,Stanislaus,099,539301,22696,21185,1541,22726,446
2020-11-27,Sutter,101,95872,3715,3101,12,3113,15
2020-11-27,Tehama,103,63373,1821,1649,41,1690,9
2020-11-27,Trinity,105,12862,234,151,17,168,0
2020-11-27,Tulare,107,460477,22154,20634,1603,22237,319
2020-11-27,Tuolumne,109,53932,1135,881,3,884,7
2020-11-27,Ventura,111,848112,21246,19379,688,20067,179
2020-11-27,Yolo,113,214977,5195,4737,17,4754,79
2020-11-27,Yuba,115,75493,2171,1864,12,1876,10
2020-11-26,Alameda,001,1643700,30968,28797,369,29166,447
2020-11-26,Alpine,003,1148,52,41,0,41,0
2020-11-26,Amador,005,37829,590,488,1,489,16
2020-11-26,Butte,007,227075,4265,3894,216,4110,65
2020-11-26,Calaveras,009,45235,505,478,0,478,21
2020-11-26,Colusa,011,21464,789,694,4,698,6
2020-11-26,Contra Costa,013,1133247,24998,23468,169,23637,264
2020-11-26,Del Norte,015,27424,368,307,0,307,2
2020-11-26,El Dorado,017,186661,2852,2217,27,2244,4
2020-11-26,Fresno,019,978130,42667,37724,1474,39198,500
2020-11-26,Glenn,021,27897,1020,892,46,938,4
2020-11-26,Humboldt,023,135768,929,795,2,797,9
2020-11-26,Imperial,025,180216,16566,15722,90,15812,355
2020-11-26,Inyo,027,18085,312,289,0,289,15
2020-11-26,Kern,029,883053,41964,39123,1296,40419,471
2020-11-26,Kings,031,150075,11705,10475,178,10653,85
2020-11-26,Lake,033,64148,1020,890,0,890,18
2020-11-26,Lassen,035,31185,2238,1714,8,1722,0
2020-11-26,Los Angeles,037,10098052,404974,378340,6584,384924,7581
2020-11-26,Madera,039,155013,6601,6003,155,6158,57
2020-11-26,Marin,041,260295,7844,7610,29,7639,135
2020-11-26,Mariposa,043,17540,137,116,2,118,2
2020-11-26,Mendocino,045,87422,1554,1387,6,1393,22
2020-11-26,Merced,047,269075,12164,11440,108,11548,172
2020-11-26,Modoc,049,8938,123,100,22,122,0
2020-11-26,Mono,051,14174,541,485,8,493,2
2020-11-26,Monterey,053,433212,15903,14750,286,15036,113
2020-11-26,Napa,055,140530,3380,2988,15,3003,18
2020-11-26,Nevada,057,99092,1477,1184,35,1219,9
2020-11-26,Orange,059,3164182,82308,74264,2530,76794,1563
2020-11-26,Placer,061,380077,7623,6278,146,6424,68
2020-11-26,Plumas,063,18699,225,188,0,188,0
2020-11-26,Riverside,065,2383286,94331,85774,1910,87684,1440
2020-11-26,Sacramento,067,1510023,38646,35854,129,35983,580
2020-11-26,San Benito,069,59416,1919,1769,14,1783,15
2020-11-26,San Bernardino,071,2135413,100206,89727,1734,91461,1223
2020-11-26,San Diego,073,3302833,84020,76359,3073,79432,996
2020-11-26,San Francisco,075,870044,15904,15156,102,15258,153
2020-11-26,San Joaquin,077,732212,27276,25738,550,26288,509
2020-11-26,San Luis Obispo,079,281455,6471,5964,106,6070,36
2020-11-26,San Mateo,081,765935,14937,13715,13,13728,169
2020-11-26,Santa Barbara,083,443738,12367,11277,197,11474,139
2020-11-26,Santa Clara,085,1922200,36716,32411,75,32486,446
2020-11-26,Santa Cruz,087,273765,4790,4269,67,4336,26
2020-11-26,Shasta,089,179085,5562,4712,203,4915,43
2020-11-26,Sierra,091,2930,18,15,0,15,0
2020-11-26,Siskiyou,093,43540,671,526,34,560,1
2020-11-26,Solano,095,438530,10817,9941,74,10015,87
2020-11-26,Sonoma,097,501317,12701,11922,61,11983,162
2020-11-26,Stanislaus,099,539301,22467,21186,1498,22684,445
2020-11-26,Sutter,101,95872,3621,3101,11,3112,15
2020-11-26,Tehama,103,63373,1780,1612,37,1649,9
2020-11-26,Trinity,105,12862,230,139,17,156,0
2020-11-26,Tulare,107,460477,21920,20649,1534,22183,319
2020-11-26,Tuolumne,109,53932,1107,871,3,874,7
2020-11-26,Ventura,111,848112,20750,19058,674,19732,179
2020-11-26,Yolo,113,214977,5108,4566,17,4583,76
2020-11-26,Yuba,115,75493,2112,1865,10,1875,10
2020-11-25,Alameda,001,1643700,30752,28378,361,28739,447
2020-11-25,Alpine,003,1148,52,41,0,41,0
2020-11-25,Amador,005,37829,580,484,1,485,16
2020-11-25,Butte,007,227075,4234,3848,213,4061,64
2020-11-25,Calaveras,009,45235,502,475,0,475,21
2020-11-25,Colusa,011,21464,772,693,4,697,6
2020-11-25,Contra Costa,013,1133247,24843,23307,168,23475,263
2020-11-25,Del Norte,015,27424,367,304,0,304,2
2020-11-25,El Dorado,017,186661,2816,2154,27,2181,4
2020-11-25,Fresno,019,978130,42435,37349,1452,38801,494
2020-11-25,Glenn,021,27897,1003,891,44,935,4
2020-11-25,Humboldt,023,135768,921,777,2,779,9
2020-11-25,Imperial,025,180216,16496,15640,88,15728,355
2020-11-25,Inyo,027,18085,310,289,0,289,15
2020-11-25,Kern,029,883053,41808,38878,1277,40155,467
2020-11-25,Kings,031,150075,11670,10417,174,10591,85
2020-11-25,Lake,033,64148,1003,878,0,878,18
2020-11-25,Lassen,035,31185,2195,1701,8,1709,0
2020-11-25,Los Angeles,037,10098052,401948,373919,6475,380394,7545
2020-11-25,Madera,039,155013,6579,5989,152,6141,57
2020-11-25,Marin,041,260295,7817,7601,28,7629,135
2020-11-25,Mariposa,043,17540,136,114,2,116,2
2020-11-25,Mendocino,045,87422,1535,1373,6,1379,22
2020-11-25,Merced,047,269075,12106,11346,108,11454,172
2020-11-25,Modoc,049,8938,123,96,22,118,0
2020-11-25,Mono,051,14174,536,487,8,495,2
2020-11-25,Monterey,053,433212,15786,14695,284,14979,113
2020-11-25,Napa,055,140530,3347,2945,15,2960,17
2020-11-25,Nevada,057,99092,1459,1170,33,1203,9
2020-11-25,Orange,059,3164182,81556,73014,2510,75524,1551
2020-11-25,Placer,061,380077,7547,6221,145,6366,68
2020-11-25,Plumas,063,18699,220,183,0,183,0
2020-11-25,Riverside,065,2383286,93789,85077,1890,86967,1438
2020-11-25,Sacramento,067,1510023,38310,35687,126,35813,574
2020-11-25,San Benito,069,59416,1896,1764,14,1778,15
2020-11-25,San Bernardino,071,2135413,99366,88469,1705,90174,1225
2020-11-25,San Diego,073,3302833,83363,75307,3036,78343,988
2020-11-25,San Francisco,075,870044,15799,15053,100,15153,153
2020-11-25,San Joaquin,077,732212,27150,25556,537,26093,515
2020-11-25,San Luis Obispo,079,281455,6428,5913,105,6018,34
2020-11-25,San Mateo,081,765935,14822,13614,13,13627,170
2020-11-25,Santa Barbara,083,443738,12317,11183,197,11380,138
2020-11-25,Santa Clara,085,1922200,36269,32032,74,32106,442
2020-11-25,Santa Cruz,087,273765,4739,4202,65,4267,25
2020-11-25,Shasta,089,179085,5516,4588,196,4784,43
2020-11-25,Sierra,091,2930,18,15,0,15,0
2020-11-25,Siskiyou,093,43540,664,499,34,533,1
2020-11-25,Solano,095,438530,10712,9832,73,9905,87
2020-11-25,Sonoma,097,501317,12638,11775,60,11835,162
2020-11-25,Stanislaus,099,539301,22338,21022,1469,22491,445
2020-11-25,Sutter,101,95872,3577,3064,11,3075,14
2020-11-25,Tehama,103,63373,1768,1587,32,1619,9
2020-11-25,Trinity,105,12862,228,135,17,152,0
2020-11-25,Tulare,107,460477,21830,20528,1502,22030,318
2020-11-25,Tuolumne,109,53932,1090,842,3,845,7
2020-11-25,Ventura,111,848112,20657,18914,668,19582,179
2020-11-25,Yolo,113,214977,5072,4527,17,4544,76
2020-11-25,Yuba,115,75493,2086,1840,10,1850,10
2020-11-24,Alameda,001,1643700,30274,28030,350,28380,444
2020-11-24,Alpine,003,1148,52,41,0,41,0
2020-11-24,Amador,005,37829,555,470,1,471,16
2020-11-24,Butte,007,227075,4149,3798,205,4003,63
2020-11-24,Calaveras,009,45235,495,466,0,466,21
2020-11-24,Colusa,011,21464,754,682,4,686,6
2020-11-24,Contra Costa,013,1133247,24490,23072,162,23234,259
2020-11-24,Del Norte,015,27424,357,298,0,298,2
2020-11-24,El Dorado,017,186661,2711,2005,26,2031,4
2020-11-24,Fresno,019,978130,42033,37021,1374,38395,493
2020-11-24,Glenn,021,27897,985,883,40,923,4
2020-11-24,Humboldt,023,135768,902,774,2,776,9
2020-11-24,Imperial,025,180216,16394,15600,81,15681,355
2020-11-24,Inyo,027,18085,309,282,0,282,15
2020-11-24,Kern,029,883053,41335,38551,1199,39750,465
2020-11-24,Kings,031,150075,11403,10338,161,10499,85
2020-11-24,Lake,033,64148,987,872,0,872,18
2020-11-24,Lassen,035,31185,2172,1657,8,1665,0
2020-11-24,Los Angeles,037,10098052,395642,370008,6235,376243,7501
2020-11-24,Madera,039,155013,6495,5881,145,6026,57
2020-11-24,Marin,041,260295,7770,7591,28,7619,135
2020-11-24,Mariposa,043,17540,126,114,1,115,2
2020-11-24,Mendocino,045,87422,1513,1346,5,1351,22
2020-11-24,Merced,047,269075,11917,11268,103,11371,171
2020-11-24,Modoc,049,8938,119,91,22,113,0
2020-11-24,Mono,051,14174,532,483,8,491,2
2020-11-24,Monterey,053,433212,15528,14354,272,14626,113
2020-11-24,Napa,055,140530,3281,2904,15,2919,17
2020-11-24,Nevada,057,99092,1396,1156,30,1186,9
2020-11-24,Orange,059,3164182,80110,71975,2427,74402,1547
2020-11-24,Placer,061,380077,7365,6147,138,6285,67
2020-11-24,Plumas,063,18699,217,180,0,180,0
2020-11-24,Riverside,065,2383286,92032,83685,1759,85444,1420
2020-11-24,Sacramento,067,1510023,37630,35097,119,35216,568
2020-11-24,San Benito,069,59416,1864,1740,13,1753,15
2020-11-24,San Bernardino,071,2135413,97033,86645,1601,88246,1226
2020-11-24,San Diego,073,3302833,81953,74363,2965,77328,984
2020-11-24,San Francisco,075,870044,15603,14874,97,14971,153
2020-11-24,San Joaquin,077,732212,26836,25318,506,25824,517
2020-11-24,San Luis Obispo,079,281455,6365,5805,104,5909,34
2020-11-24,San Mateo,081,765935,14613,13558,12,13570,170
2020-11-24,Santa Barbara,083,443738,12211,11154,195,11349,138
2020-11-24,Santa Clara,085,1922200,35481,31564,70,31634,438
2020-11-24,Santa Cruz,087,273765,4626,4132,64,4196,25
2020-11-24,Shasta,089,179085,5416,4410,177,4587,43
2020-11-24,Sierra,091,2930,18,15,0,15,0
2020-11-24,Siskiyou,093,43540,646,473,31,504,1
2020-11-24,Solano,095,438530,10541,9716,72,9788,86
2020-11-24,Sonoma,097,501317,12458,11644,57,11701,162
2020-11-24,Stanislaus,099,539301,22097,20830,1425,22255,438
2020-11-24,Sutter,101,95872,3472,2974,11,2985,14
2020-11-24,Tehama,103,63373,1718,1565,27,1592,9
2020-11-24,Trinity,105,12862,222,129,17,146,0
2020-11-24,Tulare,107,460477,21583,20319,1436,21755,315
2020-11-24,Tuolumne,109,53932,1061,832,3,835,7
2020-11-24,Ventura,111,848112,20276,18637,656,19293,179
2020-11-24,Yolo,113,214977,4988,4420,17,4437,76
2020-11-24,Yuba,115,75493,2035,1804,8,1812,10
2020-11-23,Alameda,001,1643700,29861,27718,337,28055,444
2020-11-23,Alpine,003,1148,50,41,0,41,0
2020-11-23,Amador,005,37829,514,457,1,458,16
2020-11-23,Butte,007,227075,4085,3765,199,3964,61
2020-11-23,Calaveras,009,45235,478,434,0,434,21
2020-11-23,Colusa,011,21464,740,662,4,666,6
2020-11-23,Contra Costa,013,1133247,24218,22674,156,22830,260
2020-11-23,Del Norte,015,27424,335,296,0,296,2
2020-11-23,El Dorado,017,186661,2591,2005,25,2030,4
2020-11-23,Fresno,019,978130,41587,36688,1312,38000,488
2020-11-23,Glenn,021,27897,959,853,40,893,4
2020-11-23,Humboldt,023,135768,889,746,2,748,9
2020-11-23,Imperial,025,180216,16224,15104,75,15179,355
2020-11-23,Inyo,027,18085,302,279,0,279,15
2020-11-23,Kern,029,883053,40822,38245,1134,39379,463
2020-11-23,Kings,031,150075,10984,10204,153,10357,85
2020-11-23,Lake,033,64148,964,840,0,840,18
2020-11-23,Lassen,035,31185,2092,1271,7,1278,0
2020-11-23,Los Angeles,037,10098052,389559,366374,5977,372351,7447
2020-11-23,Madera,039,155013,6369,5787,140,5927,56
2020-11-23,Marin,041,260295,7728,7543,28,7571,135
2020-11-23,Mariposa,043,17540,125,97,1,98,2
2020-11-23,Mendocino,045,87422,1483,1330,5,1335,22
2020-11-23,Merced,047,269075,11729,11148,100,11248,169
2020-11-23,Modoc,049,8938,105,91,21,112,0
2020-11-23,Mono,051,14174,519,480,8,488,2
2020-11-23,Monterey,053,433212,15250,14265,265,14530,112
2020-11-23,Napa,055,140530,3215,2811,14,2825,17
2020-11-23,Nevada,057,99092,1307,1087,30,1117,9
2020-11-23,Orange,059,3164182,78705,71074,2379,73453,1546
2020-11-23,Placer,061,380077,7162,5999,137,6136,66
2020-11-23,Plumas,063,18699,213,172,0,172,0
2020-11-23,Riverside,065,2383286,90253,82175,1696,83871,1415
2020-11-23,Sacramento,067,1510023,37062,34141,112,34253,556
2020-11-23,San Benito,069,59416,1836,1729,12,1741,15
2020-11-23,San Bernardino,071,2135413,94927,84387,1537,85924,1224
2020-11-23,San Diego,073,3302833,80491,72817,2877,75694,968
2020-11-23,San Francisco,075,870044,15444,14646,95,14741,153
2020-11-23,San Joaquin,077,732212,26486,24622,502,25124,517
2020-11-23,San Luis Obispo,079,281455,6283,5772,102,5874,34
2020-11-23,San Mateo,081,765935,14421,13364,12,13376,170
2020-11-23,Santa Barbara,083,443738,12102,10944,191,11135,137
2020-11-23,Santa Clara,085,1922200,34830,31064,67,31131,435
2020-11-23,Santa Cruz,087,273765,4517,4003,59,4062,25
2020-11-23,Shasta,089,179085,5299,4100,164,4264,43
2020-11-23,Sierra,091,2930,17,15,0,15,0
2020-11-23,Siskiyou,093,43540,619,460,30,490,0
2020-11-23,Solano,095,438530,10384,9394,69,9463,86
2020-11-23,Sonoma,097,501317,12285,11507,53,11560,160
2020-11-23,Stanislaus,099,539301,21806,20487,1392,21879,436
2020-11-23,Sutter,101,95872,3334,2840,10,2850,14
2020-11-23,Tehama,103,63373,1670,1526,24,1550,9
2020-11-23,Trinity,105,12862,216,120,15,135,0
2020-11-23,Tulare,107,460477,21295,19818,1362,21180,315
2020-11-23,Tuolumne,109,53932,1021,774,3,777,7
2020-11-23,Ventura,111,848112,19900,18480,644,19124,179
2020-11-23,Yolo,113,214977,4908,4265,16,4281,75
2020-11-23,Yuba,115,75493,1968,1702,8,1710,10
2020-11-22,Alameda,001,1643700,29426,27472,326,27798,444
2020-11-22,Alpine,003,1148,47,41,0,41,0
2020-11-22,Amador,005,37829,502,450,1,451,16
2020-11-22,Butte,007,227075,4035,3712,191,3903,61
2020-11-22,Calaveras,009,45235,466,434,0,434,21
2020-11-22,Colusa,011,21464,722,642,3,645,6
2020-11-22,Contra Costa,013,1133247,23913,22407,151,22558,260
2020-11-22,Del Norte,015,27424,311,271,0,271,2
2020-11-22,El Dorado,017,186661,2481,1917,22,1939,4
2020-11-22,Fresno,019,978130,41106,36315,1254,37569,488
2020-11-22,Glenn,021,27897,939,832,34,866,4
2020-11-22,Humboldt,023,135768,873,729,2,731,9
2020-11-22,Imperial,025,180216,16019,15109,29,15138,355
2020-11-22,Inyo,027,18085,295,279,0,279,15
2020-11-22,Kern,029,883053,40245,37904,1097,39001,463
2020-11-22,Kings,031,150075,10883,10035,144,10179,85
2020-11-22,Lake,033,64148,942,834,0,834,18
2020-11-22,Lassen,035,31185,1927,1211,6,1217,0
2020-11-22,Los Angeles,037,10098052,383286,360341,5719,366060,7438
2020-11-22,Madera,039,155013,6289,5745,129,5874,56
2020-11-22,Marin,041,260295,7693,7506,27,7533,135
2020-11-22,Mariposa,043,17540,124,95,1,96,2
2020-11-22,Mendocino,045,87422,1459,1285,3,1288,22
2020-11-22,Merced,047,269075,11580,10939,100,11039,169
2020-11-22,Modoc,049,8938,104,87,19,106,0
2020-11-22,Mono,051,14174,504,481,8,489,2
2020-11-22,Monterey,053,433212,15009,13887,259,14146,111
2020-11-22,Napa,055,140530,3134,2778,14,2792,17
2020-11-22,Nevada,057,99092,1249,1052,30,1082,9
2020-11-22,Orange,059,3164182,77294,69913,2339,72252,1546
2020-11-22,Placer,061,380077,6940,5880,126,6006,66
2020-11-22,Plumas,063,18699,200,172,0,172,0
2020-11-22,Riverside,065,2383286,88665,81565,1634,83199,1409
2020-11-22,Sacramento,067,1510023,36331,33421,99,33520,555
2020-11-22,San Benito,069,59416,1807,1704,12,1716,15
2020-11-22,San Bernardino,071,2135413,92585,83505,1462,84967,1224
2020-11-22,San Diego,073,3302833,78753,71649,2802,74451,968
2020-11-22,San Francisco,075,870044,15273,14515,94,14609,153
2020-11-22,San Joaquin,077,732212,26188,24619,489,25108,517
2020-11-22,San Luis Obispo,079,281455,6181,5664,101,5765,34
2020-11-22,San Mateo,081,765935,14217,13228,12,13240,170
2020-11-22,Santa Barbara,083,443738,11965,10946,186,11132,137
2020-11-22,Santa Clara,085,1922200,34152,30633,65,30698,434
2020-11-22,Santa Cruz,087,273765,4435,3896,52,3948,25
2020-11-22,Shasta,089,179085,5142,4100,145,4245,43
2020-11-22,Sierra,091,2930,17,13,0,13,0
2020-11-22,Siskiyou,093,43540,587,411,30,441,0
2020-11-22,Solano,095,438530,10214,9363,65,9428,86
2020-11-22,Sonoma,097,501317,12127,11415,51,11466,159
2020-11-22,Stanislaus,099,539301,21480,20223,1358,21581,436
2020-11-22,Sutter,101,95872,3216,2677,10,2687,13
2020-11-22,Tehama,103,63373,1636,1457,19,1476,9
2020-11-22,Trinity,105,12862,211,114,15,129,0
2020-11-22,Tulare,107,460477,21047,19818,1289,21107,314
2020-11-22,Tuolumne,109,53932,995,689,3,692,7
2020-11-22,Ventura,111,848112,19539,18105,632,18737,179
2020-11-22,Yolo,113,214977,4807,4206,16,4222,75
2020-11-22,Yuba,115,75493,1915,1672,8,1680,10
2020-11-21,Alameda,001,1643700,29241,27424,324,27748,444
2020-11-21,Alpine,003,1148,47,41,0,41,0
2020-11-21,Amador,005,37829,488,450,1,451,16
2020-11-21,Butte,007,227075,3987,3664,188,3852,61
2020-11-21,Calaveras,009,45235,460,434,0,434,21
2020-11-21,Colusa,011,21464,713,642,3,645,6
2020-11-21,Contra Costa,013,1133247,23760,22338,149,22487,260
2020-11-21,Del Norte,015,27424,306,271,0,271,2
2020-11-21,El Dorado,017,186661,2432,1900,21,1921,4
2020-11-21,Fresno,019,978130,40851,35973,1221,37194,482
2020-11-21,Glenn,021,27897,934,829,32,861,4
2020-11-21,Humboldt,023,135768,863,728,2,730,9
2020-11-21,Imperial,025,180216,15942,15053,29,15082,355
2020-11-21,Inyo,027,18085,293,283,0,283,15
2020-11-21,Kern,029,883053,39992,37403,1059,38462,463
2020-11-21,Kings,031,150075,10835,10019,140,10159,85
2020-11-21,Lake,033,64148,929,832,0,832,18
2020-11-21,Lassen,035,31185,1859,1211,6,1217,0
2020-11-21,Los Angeles,037,10098052,380118,357754,5568,363322,7428
2020-11-21,Madera,039,155013,6252,5706,129,5835,56
2020-11-21,Marin,041,260295,7670,7488,26,7514,134
2020-11-21,Mariposa,043,17540,124,92,1,93,2
2020-11-21,Mendocino,045,87422,1428,1282,3,1285,22
2020-11-21,Merced,047,269075,11519,10849,99,10948,169
2020-11-21,Modoc,049,8938,100,87,18,105,0
2020-11-21,Mono,051,14174,499,469,8,477,2
2020-11-21,Monterey,053,433212,14911,13886,253,14139,110
2020-11-21,Napa,055,140530,3100,2757,14,2771,17
2020-11-21,Nevada,057,99092,1237,1018,29,1047,9
2020-11-21,Orange,059,3164182,76490,69021,2309,71330,1543
2020-11-21,Placer,061,380077,6829,5778,123,5901,65
2020-11-21,Plumas,063,18699,195,172,0,172,0
2020-11-21,Riverside,065,2383286,87893,80676,1585,82261,1407
2020-11-21,Sacramento,067,1510023,35936,33133,91,33224,548
2020-11-21,San Benito,069,59416,1788,1691,12,1703,15
2020-11-21,San Bernardino,071,2135413,91709,83206,1385,84591,1222
2020-11-21,San Diego,073,3302833,77974,70711,2747,73458,966
2020-11-21,San Francisco,075,870044,15170,14445,93,14538,153
2020-11-21,San Joaquin,077,732212,26055,24620,473,25093,517
2020-11-21,San Luis Obispo,079,281455,6129,5618,98,5716,34
2020-11-21,San Mateo,081,765935,14115,13138,12,13150,170
2020-11-21,Santa Barbara,083,443738,11914,10922,183,11105,137
2020-11-21,Santa Clara,085,1922200,33769,30377,62,30439,433
2020-11-21,Santa Cruz,087,273765,4379,3898,50,3948,25
2020-11-21,Shasta,089,179085,5069,4095,142,4237,42
2020-11-21,Sierra,091,2930,17,13,0,13,0
2020-11-21,Siskiyou,093,43540,571,403,30,433,0
2020-11-21,Solano,095,438530,10125,9290,61,9351,86
2020-11-21,Sonoma,097,501317,12052,11394,49,11443,158
2020-11-21,Stanislaus,099,539301,21337,20111,1333,21444,435
2020-11-21,Sutter,101,95872,3156,2615,9,2624,13
2020-11-21,Tehama,103,63373,1616,1435,18,1453,9
2020-11-21,Trinity,105,12862,208,110,14,124,0
2020-11-21,Tulare,107,460477,20921,19752,1255,21007,313
2020-11-21,Tuolumne,109,53932,976,690,3,693,7
2020-11-21,Ventura,111,848112,19376,18040,622,18662,177
2020-11-21,Yolo,113,214977,4731,4147,15,4162,75
2020-11-21,Yuba,115,75493,1883,1643,8,1651,10
2020-11-20,Alameda,001,1643700,29029,27221,316,27537,444
2020-11-20,Alpine,003,1148,47,20,0,20,0
2020-11-20,Amador,005,37829,484,446,1,447,16
2020-11-20,Butte,007,227075,3955,3618,184,3802,60
2020-11-20,Calaveras,009,45235,448,424,0,424,21
2020-11-20,Colusa,011,21464,705,631,2,633,6
2020-11-20,Contra Costa,013,1133247,23574,22116,145,22261,260
2020-11-20,Del Norte,015,27424,302,264,0,264,2
2020-11-20,El Dorado,017,186661,2336,1868,19,1887,4
2020-11-20,Fresno,019,978130,40559,35635,1188,36823,480
2020-11-20,Glenn,021,27897,922,826,30,856,4
2020-11-20,Humboldt,023,135768,854,714,1,715,9
2020-11-20,Imperial,025,180216,15880,14864,25,14889,353
2020-11-20,Inyo,027,18085,291,262,0,262,15
2020-11-20,Kern,029,883053,39700,37143,1033,38176,462
2020-11-20,Kings,031,150075,10788,9903,138,10041,85
2020-11-20,Lake,033,64148,920,820,0,820,18
2020-11-20,Lassen,035,31185,1774,1212,5,1217,0
2020-11-20,Los Angeles,037,10098052,376238,353554,5402,358956,7398
2020-11-20,Madera,039,155013,6160,5635,127,5762,54
2020-11-20,Marin,041,260295,7646,7467,25,7492,134
2020-11-20,Mariposa,043,17540,116,89,1,90,2
2020-11-20,Mendocino,045,87422,1408,1269,3,1272,22
2020-11-20,Merced,047,269075,11433,10729,99,10828,167
2020-11-20,Modoc,049,8938,100,83,18,101,0
2020-11-20,Mono,051,14174,497,469,8,477,2
2020-11-20,Monterey,053,433212,14786,13738,244,13982,110
2020-11-20,Napa,055,140530,3070,2718,14,2732,17
2020-11-20,Nevada,057,99092,1219,990,28,1018,9
2020-11-20,Orange,059,3164182,75656,68212,2269,70481,1532
2020-11-20,Placer,061,380077,6694,5687,107,5794,66
2020-11-20,Plumas,063,18699,193,163,0,163,0
2020-11-20,Riverside,065,2383286,86886,79613,1517,81130,1405
2020-11-20,Sacramento,067,1510023,35560,32832,82,32914,549
2020-11-20,San Benito,069,59416,1776,1668,12,1680,15
2020-11-20,San Bernardino,071,2135413,90345,81203,1301,82504,1220
2020-11-20,San Diego,073,3302833,76975,69233,2666,71899,960
2020-11-20,San Francisco,075,870044,15066,14327,92,14419,153
2020-11-20,San Joaquin,077,732212,25903,24460,459,24919,515
2020-11-20,San Luis Obispo,079,281455,6074,5524,95,5619,34
2020-11-20,San Mateo,081,765935,13982,12980,11,12991,169
2020-11-20,Santa Barbara,083,443738,11857,10825,177,11002,136
2020-11-20,Santa Clara,085,1922200,33347,30002,57,30059,431
2020-11-20,Santa Cruz,087,273765,4312,3815,50,3865,25
2020-11-20,Shasta,089,179085,4995,3861,137,3998,42
2020-11-20,Sierra,091,2930,17,12,0,12,0
2020-11-20,Siskiyou,093,43540,558,387,29,416,0
2020-11-20,Solano,095,438530,10034,9216,58,9274,85
2020-11-20,Sonoma,097,501317,11968,11316,48,11364,158
2020-11-20,Stanislaus,099,539301,21182,19889,1306,21195,433
2020-11-20,Sutter,101,95872,3106,2580,9,2589,13
2020-11-20,Tehama,103,63373,1602,1410,14,1424,9
2020-11-20,Trinity,105,12862,207,102,14,116,0
2020-11-20,Tulare,107,460477,20789,19568,1214,20782,311
2020-11-20,Tuolumne,109,53932,937,662,3,665,7
2020-11-20,Ventura,111,848112,19208,17741,595,18336,175
2020-11-20,Yolo,113,214977,4653,4081,14,4095,74
2020-11-20,Yuba,115,75493,1855,1611,8,1619,10
2020-11-19,Alameda,001,1643700,28684,26971,307,27278,441
2020-11-19,Alpine,003,1148,44,20,0,20,0
2020-11-19,Amador,005,37829,480,436,1,437,16
2020-11-19,Butte,007,227075,3906,3576,177,3753,60
2020-11-19,Calaveras,009,45235,438,417,0,417,21
2020-11-19,Colusa,011,21464,687,621,2,623,6
2020-11-19,Contra Costa,013,1133247,23301,21886,142,22028,259
2020-11-19,Del Norte,015,27424,294,251,0,251,2
2020-11-19,El Dorado,017,186661,2262,1825,18,1843,4
2020-11-19,Fresno,019,978130,40114,35278,1128,36406,478
2020-11-19,Glenn,021,27897,900,806,29,835,4
2020-11-19,Humboldt,023,135768,834,693,1,694,9
2020-11-19,Imperial,025,180216,15671,14507,25,14532,349
2020-11-19,Inyo,027,18085,289,262,0,262,15
2020-11-19,Kern,029,883053,39281,36779,989,37768,459
2020-11-19,Kings,031,150075,10641,9763,130,9893,85
2020-11-19,Lake,033,64148,906,809,0,809,18
2020-11-19,Lassen,035,31185,1657,1201,3,1204,0
2020-11-19,Los Angeles,037,10098052,371225,349493,5226,354719,7365
2020-11-19,Madera,039,155013,6088,5540,119,5659,54
2020-11-19,Marin,041,260295,7615,7451,25,7476,134
2020-11-19,Mariposa,043,17540,109,88,0,88,2
2020-11-19,Mendocino,045,87422,1387,1237,3,1240,23
2020-11-19,Merced,047,269075,11292,10634,93,10727,167
2020-11-19,Modoc,049,8938,97,82,18,100,0
2020-11-19,Mono,051,14174,489,468,8,476,2
2020-11-19,Monterey,053,433212,14571,13369,233,13602,108
2020-11-19,Napa,055,140530,3016,2641,14,2655,17
2020-11-19,Nevada,057,99092,1178,945,27,972,9
2020-11-19,Orange,059,3164182,74390,66998,2222,69220,1530
2020-11-19,Placer,061,380077,6504,5612,106,5718,65
2020-11-19,Plumas,063,18699,188,158,0,158,0
2020-11-19,Riverside,065,2383286,85410,78535,1445,79980,1402
2020-11-19,Sacramento,067,1510023,35047,32367,80,32447,546
2020-11-19,San Benito,069,59416,1753,1643,12,1655,15
2020-11-19,San Bernardino,071,2135413,88452,79244,1217,80461,1215
2020-11-19,San Diego,073,3302833,75725,68142,2562,70704,952
2020-11-19,San Francisco,075,870044,14909,14178,86,14264,153
2020-11-19,San Joaquin,077,732212,25583,24270,448,24718,516
2020-11-19,San Luis Obispo,079,281455,5997,5410,92,5502,34
2020-11-19,San Mateo,081,765935,13844,12714,11,12725,169
2020-11-19,Santa Barbara,083,443738,11776,10741,174,10915,136
2020-11-19,Santa Clara,085,1922200,32789,29630,56,29686,424
2020-11-19,Santa Cruz,087,273765,4221,3679,48,3727,25
2020-11-19,Shasta,089,179085,4858,3685,126,3811,42
2020-11-19,Sierra,091,2930,17,11,0,11,0
2020-11-19,Siskiyou,093,43540,533,360,28,388,0
2020-11-19,Solano,095,438530,9897,9093,54,9147,84
2020-11-19,Sonoma,097,501317,11798,11205,46,11251,156
2020-11-19,Stanislaus,099,539301,20941,19736,1264,21000,433
2020-11-19,Sutter,101,95872,3007,2509,9,2518,13
2020-11-19,Tehama,103,63373,1569,1373,11,1384,9
2020-11-19,Trinity,105,12862,201,97,14,111,0
2020-11-19,Tulare,107,460477,20568,19384,1147,20531,304
2020-11-19,Tuolumne,109,53932,905,602,3,605,7
2020-11-19,Ventura,111,848112,18855,17300,582,17882,174
2020-11-19,Yolo,113,214977,4558,3973,14,3987,72
2020-11-19,Yuba,115,75493,1815,1568,8,1576,10
2020-11-18,Alameda,001,1643700,28422,26610,302,26912,440
2020-11-18,Alpine,003,1148,43,16,0,16,0
2020-11-18,Amador,005,37829,475,430,1,431,16
2020-11-18,Butte,007,227075,3853,3537,164,3701,59
2020-11-18,Calaveras,009,45235,432,409,0,409,21
2020-11-18,Colusa,011,21464,674,611,2,613,6
2020-11-18,Contra Costa,013,1133247,23034,21685,138,21823,258
2020-11-18,Del Norte,015,27424,280,240,0,240,2
2020-11-18,El Dorado,017,186661,2174,1799,17,1816,4
2020-11-18,Fresno,019,978130,39675,34997,1075,36072,474
2020-11-18,Glenn,021,27897,884,803,27,830,4
2020-11-18,Humboldt,023,135768,820,690,1,691,9
2020-11-18,Imperial,025,180216,15449,14428,25,14453,348
2020-11-18,Inyo,027,18085,287,262,0,262,15
2020-11-18,Kern,029,883053,38894,36537,937,37474,456
2020-11-18,Kings,031,150075,10493,9696,127,9823,85
2020-11-18,Lake,033,64148,893,802,0,802,18
2020-11-18,Lassen,035,31185,1557,1124,3,1127,0
2020-11-18,Los Angeles,037,10098052,366365,344675,5034,349709,7338
2020-11-18,Madera,039,155013,6001,5519,107,5626,54
2020-11-18,Marin,041,260295,7591,7435,25,7460,134
2020-11-18,Mariposa,043,17540,106,88,0,88,2
2020-11-18,Mendocino,045,87422,1367,1237,3,1240,23
2020-11-18,Merced,047,269075,11177,10536,91,10627,166
2020-11-18,Modoc,049,8938,94,77,18,95,0
2020-11-18,Mono,051,14174,484,468,8,476,2
2020-11-18,Monterey,053,433212,14378,13340,218,13558,108
2020-11-18,Napa,055,140530,2969,2607,14,2621,17
2020-11-18,Nevada,057,99092,1139,933,25,958,9
2020-11-18,Orange,059,3164182,73294,66381,2197,68578,1521
2020-11-18,Placer,061,380077,6326,5543,101,5644,64
2020-11-18,Plumas,063,18699,183,143,0,143,0
2020-11-18,Riverside,065,2383286,83945,77739,1343,79082,1387
2020-11-18,Sacramento,067,1510023,34422,31816,72,31888,541
2020-11-18,San Benito,069,59416,1728,1632,11,1643,15
2020-11-18,San Bernardino,071,2135413,86693,77400,1134,78534,1206
2020-11-18,San Diego,073,3302833,74431,67243,2502,69745,945
2020-11-18,San Francisco,075,870044,14765,14057,84,14141,153
2020-11-18,San Joaquin,077,732212,25317,24146,433,24579,517
2020-11-18,San Luis Obispo,079,281455,5922,5322,91,5413,34
2020-11-18,San Mateo,081,765935,13690,12631,10,12641,169
2020-11-18,Santa Barbara,083,443738,11697,10684,167,10851,136
2020-11-18,Santa Clara,085,1922200,32324,29285,51,29336,421
2020-11-18,Santa Cruz,087,273765,4129,3618,46,3664,25
2020-11-18,Shasta,089,179085,4722,3547,122,3669,42
2020-11-18,Sierra,091,2930,17,11,0,11,0
2020-11-18,Siskiyou,093,43540,501,351,27,378,0
2020-11-18,Solano,095,438530,9765,8994,52,9046,84
2020-11-18,Sonoma,097,501317,11691,11129,43,11172,155
2020-11-18,Stanislaus,099,539301,20698,19609,1239,20848,431
2020-11-18,Sutter,101,95872,2889,2442,9,2451,13
2020-11-18,Tehama,103,63373,1530,1338,11,1349,8
2020-11-18,Trinity,105,12862,188,95,14,109,0
2020-11-18,Tulare,107,460477,20362,19286,1092,20378,306
2020-11-18,Tuolumne,109,53932,869,590,3,593,7
2020-11-18,Ventura,111,848112,18530,17169,567,17736,173
2020-11-18,Yolo,113,214977,4484,3929,14,3943,71
2020-11-18,Yuba,115,75493,1761,1540,8,1548,10
2020-11-17,Alameda,001,1643700,28098,26425,292,26717,439
2020-11-17,Alpine,003,1148,41,12,0,12,0
2020-11-17,Amador,005,37829,464,423,1,424,16
2020-11-17,Butte,007,227075,3810,3500,154,3654,59
2020-11-17,Calaveras,009,45235,417,405,0,405,21
2020-11-17,Colusa,011,21464,663,606,1,607,6
2020-11-17,Contra Costa,013,1133247,22761,21557,133,21690,256
2020-11-17,Del Norte,015,27424,275,233,0,233,2
2020-11-17,El Dorado,017,186661,2115,1758,17,1775,4
2020-11-17,Fresno,019,978130,39079,34765,1014,35779,472
2020-11-17,Glenn,021,27897,873,795,26,821,4
2020-11-17,Humboldt,023,135768,798,685,1,686,9
2020-11-17,Imperial,025,180216,15213,14204,24,14228,346
2020-11-17,Inyo,027,18085,286,263,0,263,15
2020-11-17,Kern,029,883053,38443,36164,883,37047,455
2020-11-17,Kings,031,150075,10420,9653,120,9773,85
2020-11-17,Lake,033,64148,873,792,0,792,18
2020-11-17,Lassen,035,31185,1478,1124,3,1127,0
2020-11-17,Los Angeles,037,10098052,361417,340933,4870,345803,7302
2020-11-17,Madera,039,155013,5912,5485,100,5585,54
2020-11-17,Marin,041,260295,7559,7404,24,7428,134
2020-11-17,Mariposa,043,17540,103,87,0,87,2
2020-11-17,Mendocino,045,87422,1346,1216,3,1219,23
2020-11-17,Merced,047,269075,11033,10457,85,10542,162
2020-11-17,Modoc,049,8938,88,71,17,88,0
2020-11-17,Mono,051,14174,479,459,8,467,2
2020-11-17,Monterey,053,433212,14150,13220,208,13428,108
2020-11-17,Napa,055,140530,2915,2568,14,2582,17
2020-11-17,Nevada,057,99092,1098,918,24,942,9
2020-11-17,Orange,059,3164182,72146,65757,2166,67923,1519
2020-11-17,Placer,061,380077,6164,5435,95,5530,63
2020-11-17,Plumas,063,18699,175,142,0,142,0
2020-11-17,Riverside,065,2383286,82565,77079,1250,78329,1379
2020-11-17,Sacramento,067,1510023,33822,31341,68,31409,538
2020-11-17,San Benito,069,59416,1713,1611,4,1615,15
2020-11-17,San Bernardino,071,2135413,84880,76134,1042,77176,1188
2020-11-17,San Diego,073,3302833,73177,66321,2447,68768,933
2020-11-17,San Francisco,075,870044,14599,13952,83,14035,153
2020-11-17,San Joaquin,077,732212,25045,23997,414,24411,516
2020-11-17,San Luis Obispo,079,281455,5826,5235,91,5326,34
2020-11-17,San Mateo,081,765935,13528,12491,9,12500,169
2020-11-17,Santa Barbara,083,443738,11610,10597,161,10758,136
2020-11-17,Santa Clara,085,1922200,31777,29013,50,29063,419
2020-11-17,Santa Cruz,087,273765,4045,3548,43,3591,25
2020-11-17,Shasta,089,179085,4562,3457,109,3566,40
2020-11-17,Sierra,091,2930,15,11,0,11,0
2020-11-17,Siskiyou,093,43540,453,333,26,359,0
2020-11-17,Solano,095,438530,9620,8905,51,8956,84
2020-11-17,Sonoma,097,501317,11557,11084,41,11125,155
2020-11-17,Stanislaus,099,539301,20475,19466,1210,20676,425
2020-11-17,Sutter,101,95872,2806,2370,8,2378,12
2020-11-17,Tehama,103,63373,1480,1290,11,1301,7
2020-11-17,Trinity,105,12862,172,83,14,97,0
2020-11-17,Tulare,107,460477,20142,19176,1027,20203,305
2020-11-17,Tuolumne,109,53932,831,568,3,571,7
2020-11-17,Ventura,111,848112,18258,16797,548,17345,173
2020-11-17,Yolo,113,214977,4308,3887,13,3900,70
2020-11-17,Yuba,115,75493,1713,1519,8,1527,10
2020-11-16,Alameda,001,1643700,27751,26063,287,26350,436
2020-11-16,Alpine,003,1148,38,12,0,12,0
2020-11-16,Amador,005,37829,456,414,1,415,16
2020-11-16,Butte,007,227075,3771,3490,145,3635,58
2020-11-16,Calaveras,009,45235,410,402,0,402,21
2020-11-16,Colusa,011,21464,654,601,1,602,6
2020-11-16,Contra Costa,013,1133247,22494,21386,128,21514,256
2020-11-16,Del Norte,015,27424,268,225,0,225,2
2020-11-16,El Dorado,017,186661,2054,1694,15,1709,4
2020-11-16,Fresno,019,978130,38590,34593,958,35551,471
2020-11-16,Glenn,021,27897,861,786,25,811,4
2020-11-16,Humboldt,023,135768,781,660,1,661,9
2020-11-16,Imperial,025,180216,14965,14111,24,14135,346
2020-11-16,Inyo,027,18085,283,263,0,263,15
2020-11-16,Kern,029,883053,38051,36049,839,36888,455
2020-11-16,Kings,031,150075,10154,9569,116,9685,85
2020-11-16,Lake,033,64148,861,784,0,784,18
2020-11-16,Lassen,035,31185,1297,1124,3,1127,0
2020-11-16,Los Angeles,037,10098052,356682,338778,4685,343463,7277
2020-11-16,Madera,039,155013,5825,5433,94,5527,54
2020-11-16,Marin,041,260295,7530,7359,24,7383,134
2020-11-16,Mariposa,043,17540,100,86,0,86,2
2020-11-16,Mendocino,045,87422,1321,1209,3,1212,23
2020-11-16,Merced,047,269075,10895,10399,82,10481,162
2020-11-16,Modoc,049,8938,86,71,17,88,0
2020-11-16,Mono,051,14174,477,453,8,461,2
2020-11-16,Monterey,053,433212,13907,13089,195,13284,107
2020-11-16,Napa,055,140530,2839,2536,14,2550,17
2020-11-16,Nevada,057,99092,1055,889,22,911,9
2020-11-16,Orange,059,3164182,71047,65396,2152,67548,1519
2020-11-16,Placer,061,380077,6044,5387,86,5473,63
2020-11-16,Plumas,063,18699,168,127,0,127,0
2020-11-16,Riverside,065,2383286,81196,76449,1182,77631,1379
2020-11-16,Sacramento,067,1510023,33185,30954,61,31015,534
2020-11-16,San Benito,069,59416,1695,1603,3,1606,15
2020-11-16,San Bernardino,071,2135413,83054,74401,969,75370,1186
2020-11-16,San Diego,073,3302833,71867,65603,2375,67978,926
2020-11-16,San Francisco,075,870044,14440,13847,80,13927,153
2020-11-16,San Joaquin,077,732212,24758,23515,404,23919,513
2020-11-16,San Luis Obispo,079,281455,5722,5161,86,5247,34
2020-11-16,San Mateo,081,765935,13368,12398,9,12407,169
2020-11-16,Santa Barbara,083,443738,11545,10565,157,10722,135
2020-11-16,Santa Clara,085,1922200,31212,28673,48,28721,419
2020-11-16,Santa Cruz,087,273765,3972,3520,43,3563,25
2020-11-16,Shasta,089,179085,4412,3284,104,3388,37
2020-11-16,Sierra,091,2930,15,11,0,11,0
2020-11-16,Siskiyou,093,43540,426,294,26,320,0
2020-11-16,Solano,095,438530,9421,8827,51,8878,84
2020-11-16,Sonoma,097,501317,11466,10961,40,11001,155
2020-11-16,Stanislaus,099,539301,20239,19333,1182,20515,425
2020-11-16,Sutter,101,95872,2700,2322,8,2330,12
2020-11-16,Tehama,103,63373,1435,1261,7,1268,7
2020-11-16,Trinity,105,12862,164,67,14,81,0
2020-11-16,Tulare,107,460477,19965,18891,970,19861,305
2020-11-16,Tuolumne,109,53932,795,543,3,546,7
2020-11-16,Ventura,111,848112,17920,16691,540,17231,172
2020-11-16,Yolo,113,214977,4212,3858,13,3871,70
2020-11-16,Yuba,115,75493,1677,1500,7,1507,10
2020-11-15,Alameda,001,1643700,27431,25879,281,26160,436
2020-11-15,Alpine,003,1148,36,12,0,12,0
2020-11-15,Amador,005,37829,444,409,1,410,16
2020-11-15,Butte,007,227075,3717,3452,136,3588,58
2020-11-15,Calaveras,009,45235,397,386,0,386,21
2020-11-15,Colusa,011,21464,645,601,1,602,6
2020-11-15,Contra Costa,013,1133247,22195,21179,127,21306,256
2020-11-15,Del Norte,015,27424,252,224,0,224,2
2020-11-15,El Dorado,017,186661,1992,1683,14,1697,4
2020-11-15,Fresno,019,978130,38080,34297,918,35215,471
2020-11-15,Glenn,021,27897,849,783,24,807,4
2020-11-15,Humboldt,023,135768,753,653,1,654,9
2020-11-15,Imperial,025,180216,14728,13940,24,13964,346
2020-11-15,Inyo,027,18085,273,263,0,263,15
2020-11-15,Kern,029,883053,37647,35911,802,36713,455
2020-11-15,Kings,031,150075,9961,9533,112,9645,85
2020-11-15,Lake,033,64148,852,777,0,777,17
2020-11-15,Lassen,035,31185,1250,1124,3,1127,0
2020-11-15,Los Angeles,037,10098052,351646,336035,4506,340541,7271
2020-11-15,Madera,039,155013,5728,5391,88,5479,54
2020-11-15,Marin,041,260295,7504,7347,24,7371,133
2020-11-15,Mariposa,043,17540,97,86,0,86,2
2020-11-15,Mendocino,045,87422,1302,1197,3,1200,22
2020-11-15,Merced,047,269075,10761,10350,82,10432,162
2020-11-15,Modoc,049,8938,85,68,17,85,0
2020-11-15,Mono,051,14174,475,453,8,461,2
2020-11-15,Monterey,053,433212,13710,12999,182,13181,107
2020-11-15,Napa,055,140530,2780,2509,12,2521,17
2020-11-15,Nevada,057,99092,1000,859,22,881,9
2020-11-15,Orange,059,3164182,70007,65008,2134,67142,1519
2020-11-15,Placer,061,380077,5889,5330,78,5408,63
2020-11-15,Plumas,063,18699,162,127,0,127,0
2020-11-15,Riverside,065,2383286,79876,75531,1121,76652,1374
2020-11-15,Sacramento,067,1510023,32559,30601,57,30658,534
2020-11-15,San Benito,069,59416,1670,1589,2,1591,15
2020-11-15,San Bernardino,071,2135413,80908,73769,888,74657,1185
2020-11-15,San Diego,073,3302833,70367,64770,2318,67088,926
2020-11-15,San Francisco,075,870044,14263,13757,79,13836,153
2020-11-15,San Joaquin,077,732212,24549,23516,388,23904,513
2020-11-15,San Luis Obispo,079,281455,5598,5120,83,5203,34
2020-11-15,San Mateo,081,765935,13191,12348,9,12357,169
2020-11-15,Santa Barbara,083,443738,11450,10516,155,10671,135
2020-11-15,Santa Clara,085,1922200,30759,28289,47,28336,418
2020-11-15,Santa Cruz,087,273765,3834,3439,42,3481,25
2020-11-15,Shasta,089,179085,4238,3290,95,3385,37
2020-11-15,Sierra,091,2930,15,11,0,11,0
2020-11-15,Siskiyou,093,43540,407,294,26,320,0
2020-11-15,Solano,095,438530,9260,8713,48,8761,84
2020-11-15,Sonoma,097,501317,11346,10833,39,10872,154
2020-11-15,Stanislaus,099,539301,19967,19228,1155,20383,425
2020-11-15,Sutter,101,95872,2610,2230,8,2238,12
2020-11-15,Tehama,103,63373,1384,1222,6,1228,7
2020-11-15,Trinity,105,12862,155,67,12,79,0
2020-11-15,Tulare,107,460477,19748,18891,915,19806,305
2020-11-15,Tuolumne,109,53932,754,486,3,489,7
2020-11-15,Ventura,111,848112,17646,16564,532,17096,172
2020-11-15,Yolo,113,214977,4109,3819,12,3831,67
2020-11-15,Yuba,115,75493,1636,1470,6,1476,10
2020-11-14,Alameda,001,1643700,27164,25714,279,25993,435
2020-11-14,Alpine,003,1148,36,12,0,12,0
2020-11-14,Amador,005,37829,435,404,0,404,16
2020-11-14,Butte,007,227075,3681,3434,122,3556,58
2020-11-14,Calaveras,009,45235,396,386,0,386,21
2020-11-14,Colusa,011,21464,633,601,1,602,6
2020-11-14,Contra Costa,013,1133247,22056,20975,120,21095,256
2020-11-14,Del Norte,015,27424,246,219,0,219,2
2020-11-14,El Dorado,017,186661,1948,1648,14,1662,4
2020-11-14,Fresno,019,978130,37830,33969,883,34852,471
2020-11-14,Glenn,021,27897,840,772,21,793,3
2020-11-14,Humboldt,023,135768,738,643,1,644,9
2020-11-14,Imperial,025,180216,14635,13932,23,13955,346
2020-11-14,Inyo,027,18085,272,263,0,263,15
2020-11-14,Kern,029,883053,37437,35626,783,36409,454
2020-11-14,Kings,031,150075,9926,9490,109,9599,85
2020-11-14,Lake,033,64148,843,773,0,773,17
2020-11-14,Lassen,035,31185,1236,833,3,836,0
2020-11-14,Los Angeles,037,10098052,348941,333021,4394,337415,7269
2020-11-14,Madera,039,155013,5698,5371,86,5457,54
2020-11-14,Marin,041,260295,7488,7325,24,7349,133
2020-11-14,Mariposa,043,17540,96,86,0,86,2
2020-11-14,Mendocino,045,87422,1286,1181,3,1184,22
2020-11-14,Merced,047,269075,10705,10286,80,10366,161
2020-11-14,Modoc,049,8938,84,64,16,80,0
2020-11-14,Mono,051,14174,475,453,8,461,2
2020-11-14,Monterey,053,433212,13614,12854,172,13026,105
2020-11-14,Napa,055,140530,2746,2473,12,2485,17
2020-11-14,Nevada,057,99092,984,835,22,857,9
2020-11-14,Orange,059,3164182,69387,64340,2121,66461,1517
2020-11-14,Placer,061,380077,5813,5215,72,5287,63
2020-11-14,Plumas,063,18699,157,128,0,128,0
2020-11-14,Riverside,065,2383286,79138,74910,1079,75989,1373
2020-11-14,Sacramento,067,1510023,32233,30298,56,30354,532
2020-11-14,San Benito,069,59416,1655,1573,2,1575,15
2020-11-14,San Bernardino,071,2135413,79976,72868,855,73723,1184
2020-11-14,San Diego,073,3302833,69602,63715,2266,65981,926
2020-11-14,San Francisco,075,870044,14176,13661,78,13739,153
2020-11-14,San Joaquin,077,732212,24458,23516,380,23896,511
2020-11-14,San Luis Obispo,079,281455,5535,5073,77,5150,34
2020-11-14,San Mateo,081,765935,13083,12293,9,12302,169
2020-11-14,Santa Barbara,083,443738,11396,10482,153,10635,135
2020-11-14,Santa Clara,085,1922200,30475,27962,45,28007,416
2020-11-14,Santa Cruz,087,273765,3779,3402,42,3444,25
2020-11-14,Shasta,089,179085,4154,3195,93,3288,37
2020-11-14,Sierra,091,2930,15,11,0,11,0
2020-11-14,Siskiyou,093,43540,394,292,26,318,0
2020-11-14,Solano,095,438530,9180,8655,47,8702,84
2020-11-14,Sonoma,097,501317,11293,10769,39,10808,154
2020-11-14,Stanislaus,099,539301,19825,19068,1133,20201,424
2020-11-14,Sutter,101,95872,2566,2182,8,2190,12
2020-11-14,Tehama,103,63373,1363,1206,5,1211,7
2020-11-14,Trinity,105,12862,150,67,12,79,0
2020-11-14,Tulare,107,460477,19654,18853,886,19739,305
2020-11-14,Tuolumne,109,53932,726,448,3,451,7
2020-11-14,Ventura,111,848112,17500,16297,521,16818,172
2020-11-14,Yolo,113,214977,4066,3765,10,3775,65
2020-11-14,Yuba,115,75493,1607,1453,6,1459,10
2020-11-13,Alameda,001,1643700,26948,25515,274,25789,434
2020-11-13,Alpine,003,1148,36,12,0,12,0
2020-11-13,Amador,005,37829,432,397,0,397,16
2020-11-13,Butte,007,227075,3657,3402,113,3515,58
2020-11-13,Calaveras,009,45235,392,378,0,378,21
2020-11-13,Colusa,011,21464,625,598,1,599,6
2020-11-13,Contra Costa,013,1133247,21884,20799,120,20919,256
2020-11-13,Del Norte,015,27424,244,208,0,208,2
2020-11-13,El Dorado,017,186661,1903,1611,13,1624,4
2020-11-13,Fresno,019,978130,37582,33693,869,34562,470
2020-11-13,Glenn,021,27897,826,755,17,772,3
2020-11-13,Humboldt,023,135768,723,638,1,639,9
2020-11-13,Imperial,025,180216,14565,13790,22,13812,341
2020-11-13,Inyo,027,18085,271,262,0,262,15
2020-11-13,Kern,029,883053,37235,35431,766,36197,453
2020-11-13,Kings,031,150075,9867,9428,108,9536,85
2020-11-13,Lake,033,64148,837,770,0,770,17
2020-11-13,Lassen,035,31185,1227,832,3,835,0
2020-11-13,Los Angeles,037,10098052,345819,329364,4281,333645,7248
2020-11-13,Madera,039,155013,5658,5340,85,5425,54
2020-11-13,Marin,041,260295,7475,7307,23,7330,133
2020-11-13,Mariposa,043,17540,94,86,0,86,2
2020-11-13,Mendocino,045,87422,1274,1173,3,1176,22
2020-11-13,Merced,047,269075,10650,10185,77,10262,159
2020-11-13,Modoc,049,8938,84,63,14,77,0
2020-11-13,Mono,051,14174,475,448,7,455,2
2020-11-13,Monterey,053,433212,13419,12681,160,12841,104
2020-11-13,Napa,055,140530,2707,2440,12,2452,17
2020-11-13,Nevada,057,99092,965,798,22,820,9
2020-11-13,Orange,059,3164182,68786,63804,2101,65905,1514
2020-11-13,Placer,061,380077,5708,5122,66,5188,63
2020-11-13,Plumas,063,18699,151,125,0,125,0
2020-11-13,Riverside,065,2383286,78401,74138,1050,75188,1372
2020-11-13,Sacramento,067,1510023,31915,29787,51,29838,524
2020-11-13,San Benito,069,59416,1643,1553,1,1554,15
2020-11-13,San Bernardino,071,2135413,78929,71895,833,72728,1184
2020-11-13,San Diego,073,3302833,68755,62978,2228,65206,921
2020-11-13,San Francisco,075,870044,14083,13516,76,13592,146
2020-11-13,San Joaquin,077,732212,24363,23314,373,23687,510
2020-11-13,San Luis Obispo,079,281455,5468,4960,74,5034,34
2020-11-13,San Mateo,081,765935,12989,12182,9,12191,169
2020-11-13,Santa Barbara,083,443738,11344,10405,151,10556,134
2020-11-13,Santa Clara,085,1922200,30148,27609,43,27652,415
2020-11-13,Santa Cruz,087,273765,3706,3343,42,3385,25
2020-11-13,Shasta,089,179085,4069,2983,89,3072,37
2020-11-13,Sierra,091,2930,15,11,0,11,0
2020-11-13,Siskiyou,093,43540,389,280,25,305,0
2020-11-13,Solano,095,438530,9089,8525,47,8572,84
2020-11-13,Sonoma,097,501317,11232,10685,37,10722,151
2020-11-13,Stanislaus,099,539301,19701,18936,1103,20039,422
2020-11-13,Sutter,101,95872,2520,2121,7,2128,12
2020-11-13,Tehama,103,63373,1335,1167,5,1172,7
2020-11-13,Trinity,105,12862,148,64,12,76,0
2020-11-13,Tulare,107,460477,19532,18714,843,19557,305
2020-11-13,Tuolumne,109,53932,693,427,3,430,7
2020-11-13,Ventura,111,848112,17354,16172,507,16679,171
2020-11-13,Yolo,113,214977,4015,3716,10,3726,65
2020-11-13,Yuba,115,75493,1580,1435,6,1441,10
2020-11-12,Alameda,001,1643700,26681,25345,274,25619,432
2020-11-12,Alpine,003,1148,35,12,0,12,0
2020-11-12,Amador,005,37829,431,392,0,392,16
2020-11-12,Butte,007,227075,3608,3347,110,3457,58
2020-11-12,Calaveras,009,45235,387,373,0,373,21
2020-11-12,Colusa,011,21464,620,591,1,592,6
2020-11-12,Contra Costa,013,1133247,21677,20619,118,20737,255
2020-11-12,Del Norte,015,27424,237,203,0,203,2
2020-11-12,El Dorado,017,186661,1857,1573,9,1582,4
2020-11-12,Fresno,019,978130,37236,33459,827,34286,468
2020-11-12,Glenn,021,27897,807,727,17,744,3
2020-11-12,Humboldt,023,135768,710,625,1,626,9
2020-11-12,Imperial,025,180216,14400,13619,22,13641,341
2020-11-12,Inyo,027,18085,270,255,0,255,15
2020-11-12,Kern,029,883053,36971,35207,750,35957,451
2020-11-12,Kings,031,150075,9801,9335,106,9441,85
2020-11-12,Lake,033,64148,828,764,0,764,17
2020-11-12,Lassen,035,31185,1158,832,2,834,0
2020-11-12,Los Angeles,037,10098052,342079,327001,4179,331180,7223
2020-11-12,Madera,039,155013,5623,5273,80,5353,54
2020-11-12,Marin,041,260295,7446,7268,23,7291,133
2020-11-12,Mariposa,043,17540,92,84,0,84,2
2020-11-12,Mendocino,045,87422,1255,1142,3,1145,22
2020-11-12,Merced,047,269075,10536,10107,74,10181,158
2020-11-12,Modoc,049,8938,84,63,14,77,0
2020-11-12,Mono,051,14174,474,442,7,449,2
2020-11-12,Monterey,053,433212,13298,12489,146,12635,100
2020-11-12,Napa,055,140530,2645,2398,12,2410,16
2020-11-12,Nevada,057,99092,942,780,21,801,9
2020-11-12,Orange,059,3164182,68041,63232,2081,65313,1514
2020-11-12,Placer,061,380077,5598,5044,56,5100,62
2020-11-12,Plumas,063,18699,147,121,0,121,0
2020-11-12,Riverside,065,2383286,77474,73381,1005,74386,1362
2020-11-12,Sacramento,067,1510023,31424,29459,44,29503,520
2020-11-12,San Benito,069,59416,1623,1525,1,1526,15
2020-11-12,San Bernardino,071,2135413,77564,70758,794,71552,1183
2020-11-12,San Diego,073,3302833,67775,62336,2177,64513,918
2020-11-12,San Francisco,075,870044,13984,13289,75,13364,146
2020-11-12,San Joaquin,077,732212,24169,23002,352,23354,509
2020-11-12,San Luis Obispo,079,281455,5404,4898,73,4971,33
2020-11-12,San Mateo,081,765935,12866,12086,8,12094,169
2020-11-12,Santa Barbara,083,443738,11282,10325,145,10470,134
2020-11-12,Santa Clara,085,1922200,29772,27261,42,27303,414
2020-11-12,Santa Cruz,087,273765,3623,3317,40,3357,25
2020-11-12,Shasta,089,179085,3931,2825,78,2903,37
2020-11-12,Sierra,091,2930,15,11,0,11,0
2020-11-12,Siskiyou,093,43540,372,275,20,295,0
2020-11-12,Solano,095,438530,8989,8417,46,8463,85
2020-11-12,Sonoma,097,501317,11130,10602,36,10638,151
2020-11-12,Stanislaus,099,539301,19535,18787,1072,19859,422
2020-11-12,Sutter,101,95872,2436,2075,7,2082,12
2020-11-12,Tehama,103,63373,1308,1117,5,1122,7
2020-11-12,Trinity,105,12862,140,62,12,74,0
2020-11-12,Tulare,107,460477,19420,18545,806,19351,305
2020-11-12,Tuolumne,109,53932,654,353,3,356,7
2020-11-12,Ventura,111,848112,17104,16013,500,16513,158
2020-11-12,Yolo,113,214977,3971,3646,10,3656,63
2020-11-12,Yuba,115,75493,1545,1410,6,1416,10
2020-11-11,Alameda,001,1643700,26439,25140,272,25412,429
2020-11-11,Alpine,003,1148,30,12,0,12,0
2020-11-11,Amador,005,37829,424,389,0,389,16
2020-11-11,Butte,007,227075,3582,3348,97,3445,58
2020-11-11,Calaveras,009,45235,377,373,0,373,21
2020-11-11,Colusa,011,21464,614,591,1,592,6
2020-11-11,Contra Costa,013,1133247,21458,20452,116,20568,255
2020-11-11,Del Norte,015,27424,230,203,0,203,2
2020-11-11,El Dorado,017,186661,1811,1564,8,1572,4
2020-11-11,Fresno,019,978130,36917,33287,793,34080,468
2020-11-11,Glenn,021,27897,791,722,16,738,3
2020-11-11,Humboldt,023,135768,696,623,1,624,9
2020-11-11,Imperial,025,180216,14229,13623,20,13643,340
2020-11-11,Inyo,027,18085,268,255,0,255,15
2020-11-11,Kern,029,883053,36698,35014,732,35746,449
2020-11-11,Kings,031,150075,9695,9263,103,9366,85
2020-11-11,Lake,033,64148,818,763,0,763,17
2020-11-11,Lassen,035,31185,1133,831,2,833,0
2020-11-11,Los Angeles,037,10098052,338719,324567,4089,328656,7220
2020-11-11,Madera,039,155013,5589,5248,77,5325,54
2020-11-11,Marin,041,260295,7423,7268,23,7291,133
2020-11-11,Mariposa,043,17540,92,84,0,84,2
2020-11-11,Mendocino,045,87422,1243,1142,3,1145,22
2020-11-11,Merced,047,269075,10465,10074,72,10146,157
2020-11-11,Modoc,049,8938,80,62,13,75,0
2020-11-11,Mono,051,14174,472,443,7,450,2
2020-11-11,Monterey,053,433212,13155,12417,142,12559,100
2020-11-11,Napa,055,140530,2596,2365,9,2374,15
2020-11-11,Nevada,057,99092,900,741,21,762,9
2020-11-11,Orange,059,3164182,67404,62929,2058,64987,1506
2020-11-11,Placer,061,380077,5514,4981,48,5029,60
2020-11-11,Plumas,063,18699,145,111,0,111,0
2020-11-11,Riverside,065,2383286,76571,72953,957,73910,1361
2020-11-11,Sacramento,067,1510023,30967,28968,42,29010,520
2020-11-11,San Benito,069,59416,1609,1512,1,1513,15
2020-11-11,San Bernardino,071,2135413,76277,70374,767,71141,1182
2020-11-11,San Diego,073,3302833,66840,61746,2116,63862,918
2020-11-11,San Francisco,075,870044,13876,13287,73,13360,146
2020-11-11,San Joaquin,077,732212,24010,23001,346,23347,509
2020-11-11,San Luis Obispo,079,281455,5329,4832,70,4902,33
2020-11-11,San Mateo,081,765935,12751,12008,8,12016,169
2020-11-11,Santa Barbara,083,443738,11217,10278,145,10423,134
2020-11-11,Santa Clara,085,1922200,29419,27075,41,27116,413
2020-11-11,Santa Cruz,087,273765,3555,3247,40,3287,25
2020-11-11,Shasta,089,179085,3808,2766,68,2834,36
2020-11-11,Sierra,091,2930,13,11,0,11,0
2020-11-11,Siskiyou,093,43540,341,261,17,278,0
2020-11-11,Solano,095,438530,8872,8353,43,8396,85
2020-11-11,Sonoma,097,501317,11056,10498,36,10534,150
2020-11-11,Stanislaus,099,539301,19398,18671,1040,19711,422
2020-11-11,Sutter,101,95872,2388,2049,6,2055,12
2020-11-11,Tehama,103,63373,1266,1105,4,1109,7
2020-11-11,Trinity,105,12862,130,62,12,74,0
2020-11-11,Tulare,107,460477,19290,18500,775,19275,305
2020-11-11,Tuolumne,109,53932,598,354,3,357,7
2020-11-11,Ventura,111,848112,16889,15801,486,16287,158
2020-11-11,Yolo,113,214977,3920,3606,10,3616,63
2020-11-11,Yuba,115,75493,1530,1400,6,1406,10
2020-11-10,Alameda,001,1643700,26209,25008,269,25277,424
2020-11-10,Alpine,003,1148,30,9,0,9,0
2020-11-10,Amador,005,37829,418,384,0,384,16
2020-11-10,Butte,007,227075,3546,3327,93,3420,58
2020-11-10,Calaveras,009,45235,372,367,0,367,21
2020-11-10,Colusa,011,21464,606,590,1,591,6
2020-11-10,Contra Costa,013,1133247,21252,20326,113,20439,255
2020-11-10,Del Norte,015,27424,224,196,0,196,2
2020-11-10,El Dorado,017,186661,1750,1551,8,1559,4
2020-11-10,Fresno,019,978130,36648,33024,755,33779,465
2020-11-10,Glenn,021,27897,783,719,12,731,3
2020-11-10,Humboldt,023,135768,679,610,1,611,9
2020-11-10,Imperial,025,180216,14099,13570,20,13590,338
2020-11-10,Inyo,027,18085,267,252,0,252,14
2020-11-10,Kern,029,883053,36421,34858,713,35571,448
2020-11-10,Kings,031,150075,9648,9236,96,9332,85
2020-11-10,Lake,033,64148,808,762,0,762,16
2020-11-10,Lassen,035,31185,1118,830,2,832,0
2020-11-10,Los Angeles,037,10098052,335471,322569,3971,326540,7205
2020-11-10,Madera,039,155013,5547,5229,71,5300,54
2020-11-10,Marin,041,260295,7404,7259,23,7282,133
2020-11-10,Mariposa,043,17540,90,84,0,84,2
2020-11-10,Mendocino,045,87422,1235,1137,3,1140,22
2020-11-10,Merced,047,269075,10403,9992,66,10058,157
2020-11-10,Modoc,049,8938,78,61,13,74,0
2020-11-10,Mono,051,14174,470,443,7,450,2
2020-11-10,Monterey,053,433212,13017,12335,134,12469,100
2020-11-10,Napa,055,140530,2558,2341,7,2348,15
2020-11-10,Nevada,057,99092,884,734,21,755,9
2020-11-10,Orange,059,3164182,66855,62597,2047,64644,1504
2020-11-10,Placer,061,380077,5434,4902,47,4949,60
2020-11-10,Plumas,063,18699,141,108,0,108,0
2020-11-10,Riverside,065,2383286,75930,72316,930,73246,1359
2020-11-10,Sacramento,067,1510023,30559,28677,39,28716,519
2020-11-10,San Benito,069,59416,1594,1508,1,1509,15
2020-11-10,San Bernardino,071,2135413,75108,69666,732,70398,1182
2020-11-10,San Diego,073,3302833,65950,61085,2079,63164,915
2020-11-10,San Francisco,075,870044,13759,13210,73,13283,146
2020-11-10,San Joaquin,077,732212,23845,22865,339,23204,508
2020-11-10,San Luis Obispo,079,281455,5266,4780,66,4846,33
2020-11-10,San Mateo,081,765935,12650,11939,8,11947,169
2020-11-10,Santa Barbara,083,443738,11150,10252,141,10393,134
2020-11-10,Santa Clara,085,1922200,29077,26917,39,26956,409
2020-11-10,Santa Cruz,087,273765,3491,3221,40,3261,25
2020-11-10,Shasta,089,179085,3666,2686,60,2746,36
2020-11-10,Sierra,091,2930,12,10,0,10,0
2020-11-10,Siskiyou,093,43540,325,263,16,279,0
2020-11-10,Solano,095,438530,8774,8299,43,8342,85
2020-11-10,Sonoma,097,501317,10969,10414,36,10450,150
2020-11-10,Stanislaus,099,539301,19264,18592,1016,19608,420
2020-11-10,Sutter,101,95872,2293,2035,5,2040,12
2020-11-10,Tehama,103,63373,1240,1099,3,1102,7
2020-11-10,Trinity,105,12862,121,62,11,73,0
2020-11-10,Tulare,107,460477,19176,18430,751,19181,305
2020-11-10,Tuolumne,109,53932,550,353,3,356,7
2020-11-10,Ventura,111,848112,16706,15625,484,16109,158
2020-11-10,Yolo,113,214977,3859,3573,10,3583,63
2020-11-10,Yuba,115,75493,1507,1392,6,1398,10
2020-11-09,Alameda,001,1643700,25960,24899,265,25164,424
2020-11-09,Alpine,003,1148,28,6,0,6,0
2020-11-09,Amador,005,37829,409,380,0,380,16
2020-11-09,Butte,007,227075,3501,3301,84,3385,57
2020-11-09,Calaveras,009,45235,368,360,0,360,21
2020-11-09,Colusa,011,21464,600,583,1,584,6
2020-11-09,Contra Costa,013,1133247,21079,20193,111,20304,255
2020-11-09,Del Norte,015,27424,218,195,0,195,2
2020-11-09,El Dorado,017,186661,1709,1515,8,1523,4
2020-11-09,Fresno,019,978130,36338,32755,711,33466,465
2020-11-09,Glenn,021,27897,777,714,9,723,3
2020-11-09,Humboldt,023,135768,666,607,1,608,9
2020-11-09,Imperial,025,180216,13982,13508,19,13527,338
2020-11-09,Inyo,027,18085,267,252,0,252,14
2020-11-09,Kern,029,883053,36191,34764,674,35438,448
2020-11-09,Kings,031,150075,9578,9141,94,9235,84
2020-11-09,Lake,033,64148,799,755,0,755,16
2020-11-09,Lassen,035,31185,1022,799,2,801,0
2020-11-09,Los Angeles,037,10098052,332376,320370,3892,324262,7180
2020-11-09,Madera,039,155013,5501,5209,68,5277,54
2020-11-09,Marin,041,260295,7378,7237,22,7259,131
2020-11-09,Mariposa,043,17540,90,84,0,84,2
2020-11-09,Mendocino,045,87422,1223,1132,3,1135,22
2020-11-09,Merced,047,269075,10300,9922,63,9985,157
2020-11-09,Modoc,049,8938,74,54,12,66,0
2020-11-09,Mono,051,14174,467,352,7,359,2
2020-11-09,Monterey,053,433212,12870,12148,126,12274,98
2020-11-09,Napa,055,140530,2515,2309,7,2316,15
2020-11-09,Nevada,057,99092,847,729,20,749,9
2020-11-09,Orange,059,3164182,66214,62335,2035,64370,1501
2020-11-09,Placer,061,380077,5349,4843,35,4878,60
2020-11-09,Plumas,063,18699,134,102,0,102,0
2020-11-09,Riverside,065,2383286,75149,72059,896,72955,1346
2020-11-09,Sacramento,067,1510023,30087,28200,39,28239,516
2020-11-09,San Benito,069,59416,1585,1506,1,1507,15
2020-11-09,San Bernardino,071,2135413,74056,69015,687,69702,1182
2020-11-09,San Diego,073,3302833,65094,60572,2040,62612,908
2020-11-09,San Francisco,075,870044,13640,12984,70,13054,146
2020-11-09,San Joaquin,077,732212,23680,22512,334,22846,505
2020-11-09,San Luis Obispo,079,281455,5181,4746,63,4809,32
2020-11-09,San Mateo,081,765935,12543,11857,8,11865,169
2020-11-09,Santa Barbara,083,443738,11093,10214,135,10349,134
2020-11-09,Santa Clara,085,1922200,28682,26693,39,26732,409
2020-11-09,Santa Cruz,087,273765,3433,3194,40,3234,25
2020-11-09,Shasta,089,179085,3511,2581,51,2632,36
2020-11-09,Sierra,091,2930,10,10,0,10,0
2020-11-09,Siskiyou,093,43540,314,257,14,271,0
2020-11-09,Solano,095,438530,8658,8254,42,8296,85
2020-11-09,Sonoma,097,501317,10861,10310,36,10346,150
2020-11-09,Stanislaus,099,539301,19112,18482,998,19480,418
2020-11-09,Sutter,101,95872,2225,2010,4,2014,12
2020-11-09,Tehama,103,63373,1204,1071,2,1073,7
2020-11-09,Trinity,105,12862,116,46,11,57,0
2020-11-09,Tulare,107,460477,19056,18272,719,18991,304
2020-11-09,Tuolumne,109,53932,496,346,3,349,7
2020-11-09,Ventura,111,848112,16504,15568,481,16049,156
2020-11-09,Yolo,113,214977,3799,3522,9,3531,62
2020-11-09,Yuba,115,75493,1474,1380,6,1386,10
2020-11-08,Alameda,001,1643700,25732,24731,265,24996,424
2020-11-08,Alpine,003,1148,25,6,0,6,0
2020-11-08,Amador,005,37829,402,376,0,376,16
2020-11-08,Butte,007,227075,3463,3285,78,3363,57
2020-11-08,Calaveras,009,45235,366,360,0,360,21
2020-11-08,Colusa,011,21464,597,583,1,584,6
2020-11-08,Contra Costa,013,1133247,20909,20031,109,20140,254
2020-11-08,Del Norte,015,27424,210,195,0,195,2
2020-11-08,El Dorado,017,186661,1671,1502,8,1510,4
2020-11-08,Fresno,019,978130,36004,32619,672,33291,465
2020-11-08,Glenn,021,27897,771,707,8,715,3
2020-11-08,Humboldt,023,135768,650,605,1,606,9
2020-11-08,Imperial,025,180216,13866,13428,19,13447,338
2020-11-08,Inyo,027,18085,263,252,0,252,14
2020-11-08,Kern,029,883053,35973,34644,656,35300,448
2020-11-08,Kings,031,150075,9445,9026,91,9117,84
2020-11-08,Lake,033,64148,791,754,0,754,16
2020-11-08,Lassen,035,31185,874,799,2,801,0
2020-11-08,Los Angeles,037,10098052,329254,318960,3820,322780,7176
2020-11-08,Madera,039,155013,5433,5196,65,5261,54
2020-11-08,Marin,041,260295,7358,7227,22,7249,131
2020-11-08,Mariposa,043,17540,90,83,0,83,2
2020-11-08,Mendocino,045,87422,1214,1129,3,1132,22
2020-11-08,Merced,047,269075,10225,9885,61,9946,157
2020-11-08,Modoc,049,8938,70,54,12,66,0
2020-11-08,Mono,051,14174,461,352,7,359,2
2020-11-08,Monterey,053,433212,12726,12122,114,12236,98
2020-11-08,Napa,055,140530,2475,2274,7,2281,15
2020-11-08,Nevada,057,99092,831,715,20,735,9
2020-11-08,Orange,059,3164182,65627,62034,2021,64055,1501
2020-11-08,Placer,061,380077,5246,4800,30,4830,60
2020-11-08,Plumas,063,18699,129,102,0,102,0
2020-11-08,Riverside,065,2383286,74497,71442,852,72294,1345
2020-11-08,Sacramento,067,1510023,29527,28059,36,28095,515
2020-11-08,San Benito,069,59416,1570,1496,1,1497,15
2020-11-08,San Bernardino,071,2135413,72809,68412,642,69054,1182
2020-11-08,San Diego,073,3302833,64249,60199,1996,62195,908
2020-11-08,San Francisco,075,870044,13509,12985,65,13050,146
2020-11-08,San Joaquin,077,732212,23487,22514,330,22844,505
2020-11-08,San Luis Obispo,079,281455,5115,4698,58,4756,32
2020-11-08,San Mateo,081,765935,12424,11783,7,11790,169
2020-11-08,Santa Barbara,083,443738,11023,10180,133,10313,134
2020-11-08,Santa Clara,085,1922200,28308,26442,38,26480,410
2020-11-08,Santa Cruz,087,273765,3376,3134,40,3174,25
2020-11-08,Shasta,089,179085,3375,2582,45,2627,36
2020-11-08,Sierra,091,2930,10,7,0,7,0
2020-11-08,Siskiyou,093,43540,302,246,13,259,0
2020-11-08,Solano,095,438530,8537,8132,41,8173,85
2020-11-08,Sonoma,097,501317,10754,10229,36,10265,149
2020-11-08,Stanislaus,099,539301,18940,18413,975,19388,418
2020-11-08,Sutter,101,95872,2168,1980,4,1984,12
2020-11-08,Tehama,103,63373,1180,1054,2,1056,7
2020-11-08,Trinity,105,12862,113,46,11,57,0
2020-11-08,Tulare,107,460477,18914,18272,687,18959,304
2020-11-08,Tuolumne,109,53932,469,341,3,344,7
2020-11-08,Ventura,111,848112,16309,15504,473,15977,156
2020-11-08,Yolo,113,214977,3738,3492,9,3501,61
2020-11-08,Yuba,115,75493,1453,1369,6,1375,10
2020-11-07,Alameda,001,1643700,25622,24578,263,24841,424
2020-11-07,Alpine,003,1148,25,6,0,6,0
2020-11-07,Amador,005,37829,399,375,0,375,16
2020-11-07,Butte,007,227075,3451,3277,73,3350,57
2020-11-07,Calaveras,009,45235,364,360,0,360,21
2020-11-07,Colusa,011,21464,597,583,1,584,6
2020-11-07,Contra Costa,013,1133247,20808,19943,108,20051,254
2020-11-07,Del Norte,015,27424,206,194,0,194,2
2020-11-07,El Dorado,017,186661,1646,1495,7,1502,4
2020-11-07,Fresno,019,978130,35851,32497,650,33147,465
2020-11-07,Glenn,021,27897,763,707,8,715,3
2020-11-07,Humboldt,023,135768,639,590,1,591,9
2020-11-07,Imperial,025,180216,13808,13388,18,13406,338
2020-11-07,Inyo,027,18085,261,252,0,252,14
2020-11-07,Kern,029,883053,35818,34513,646,35159,448
2020-11-07,Kings,031,150075,9412,9005,85,9090,84
2020-11-07,Lake,033,64148,787,751,0,751,16
2020-11-07,Lassen,035,31185,858,799,2,801,0
2020-11-07,Los Angeles,037,10098052,327749,316756,3747,320503,7174
2020-11-07,Madera,039,155013,5411,5177,63,5240,54
2020-11-07,Marin,041,260295,7347,7215,22,7237,131
2020-11-07,Mariposa,043,17540,90,81,0,81,2
2020-11-07,Mendocino,045,87422,1204,1118,3,1121,22
2020-11-07,Merced,047,269075,10193,9855,57,9912,157
2020-11-07,Modoc,049,8938,70,51,12,63,0
2020-11-07,Mono,051,14174,458,352,7,359,2
2020-11-07,Monterey,053,433212,12657,12030,110,12140,98
2020-11-07,Napa,055,140530,2445,2260,6,2266,15
2020-11-07,Nevada,057,99092,815,710,20,730,9
2020-11-07,Orange,059,3164182,65341,62038,2014,64052,1505
2020-11-07,Placer,061,380077,5183,4745,30,4775,60
2020-11-07,Plumas,063,18699,127,94,0,94,0
2020-11-07,Riverside,065,2383286,74103,71153,822,71975,1345
2020-11-07,Sacramento,067,1510023,29277,27773,36,27809,515
2020-11-07,San Benito,069,59416,1558,1489,1,1490,15
2020-11-07,San Bernardino,071,2135413,72294,67935,631,68566,1182
2020-11-07,San Diego,073,3302833,63737,59682,1964,61646,909
2020-11-07,San Francisco,075,870044,13448,12980,64,13044,146
2020-11-07,San Joaquin,077,732212,23379,22517,323,22840,505
2020-11-07,San Luis Obispo,079,281455,5066,4668,55,4723,32
2020-11-07,San Mateo,081,765935,12361,11711,7,11718,169
2020-11-07,Santa Barbara,083,443738,10981,10157,131,10288,134
2020-11-07,Santa Clara,085,1922200,28103,26244,37,26281,410
2020-11-07,Santa Cruz,087,273765,3338,3130,40,3170,25
2020-11-07,Shasta,089,179085,3306,2547,43,2590,36
2020-11-07,Sierra,091,2930,10,7,0,7,0
2020-11-07,Siskiyou,093,43540,298,241,13,254,0
2020-11-07,Solano,095,438530,8485,8066,41,8107,85
2020-11-07,Sonoma,097,501317,10708,10200,36,10236,149
2020-11-07,Stanislaus,099,539301,18830,18386,959,19345,418
2020-11-07,Sutter,101,95872,2128,1973,4,1977,12
2020-11-07,Tehama,103,63373,1156,1043,2,1045,7
2020-11-07,Trinity,105,12862,113,42,10,52,0
2020-11-07,Tulare,107,460477,18859,18229,669,18898,304
2020-11-07,Tuolumne,109,53932,458,327,3,330,7
2020-11-07,Ventura,111,848112,16249,15364,468,15832,156
2020-11-07,Yolo,113,214977,3707,3486,9,3495,61
2020-11-07,Yuba,115,75493,1438,1349,6,1355,10
2020-11-06,Alameda,001,1643700,25490,24389,261,24650,420
2020-11-06,Alpine,003,1148,25,6,0,6,0
2020-11-06,Amador,005,37829,397,369,0,369,16
2020-11-06,Butte,007,227075,3426,3254,65,3319,57
2020-11-06,Calaveras,009,45235,363,359,0,359,21
2020-11-06,Colusa,011,21464,595,580,1,581,6
2020-11-06,Contra Costa,013,1133247,20659,19744,108,19852,252
2020-11-06,Del Norte,015,27424,203,194,0,194,2
2020-11-06,El Dorado,017,186661,1620,1475,7,1482,4
2020-11-06,Fresno,019,978130,35663,32278,633,32911,460
2020-11-06,Glenn,021,27897,757,707,7,714,3
2020-11-06,Humboldt,023,135768,636,587,1,588,9
2020-11-06,Imperial,025,180216,13755,13230,18,13248,338
2020-11-06,Inyo,027,18085,259,246,0,246,14
2020-11-06,Kern,029,883053,35653,34360,627,34987,443
2020-11-06,Kings,031,150075,9388,8883,82,8965,83
2020-11-06,Lake,033,64148,786,741,0,741,16
2020-11-06,Lassen,035,31185,850,794,2,796,0
2020-11-06,Los Angeles,037,10098052,325779,314356,3692,318048,7160
2020-11-06,Madera,039,155013,5395,5136,62,5198,54
2020-11-06,Marin,041,260295,7326,7184,22,7206,131
2020-11-06,Mariposa,043,17540,89,79,0,79,2
2020-11-06,Mendocino,045,87422,1199,1113,3,1116,22
2020-11-06,Merced,047,269075,10153,9778,53,9831,157
2020-11-06,Modoc,049,8938,70,48,12,60,0
2020-11-06,Mono,051,14174,452,308,7,315,1
2020-11-06,Monterey,053,433212,12540,11914,109,12023,96
2020-11-06,Napa,055,140530,2420,2189,6,2195,15
2020-11-06,Nevada,057,99092,802,692,19,711,9
2020-11-06,Orange,059,3164182,65038,61049,2004,63053,1494
2020-11-06,Placer,061,380077,5110,4680,30,4710,60
2020-11-06,Plumas,063,18699,122,90,0,90,0
2020-11-06,Riverside,065,2383286,73655,70409,778,71187,1341
2020-11-06,Sacramento,067,1510023,28985,27489,34,27523,514
2020-11-06,San Benito,069,59416,1549,1479,1,1480,15
2020-11-06,San Bernardino,071,2135413,71698,66740,610,67350,1179
2020-11-06,San Diego,073,3302833,63212,59143,1933,61076,907
2020-11-06,San Francisco,075,870044,13378,12825,63,12888,146
2020-11-06,San Joaquin,077,732212,23293,22424,313,22737,502
2020-11-06,San Luis Obispo,079,281455,5001,4531,49,4580,32
2020-11-06,San Mateo,081,765935,12286,11587,7,11594,168
2020-11-06,Santa Barbara,083,443738,10945,10118,126,10244,133
2020-11-06,Santa Clara,085,1922200,27861,25831,37,25868,402
2020-11-06,Santa Cruz,087,273765,3301,3063,40,3103,25
2020-11-06,Shasta,089,179085,3234,2475,41,2516,35
2020-11-06,Sierra,091,2930,9,7,0,7,0
2020-11-06,Siskiyou,093,43540,285,237,12,249,0
2020-11-06,Solano,095,438530,8420,7959,41,8000,85
2020-11-06,Sonoma,097,501317,10658,10142,36,10178,149
2020-11-06,Stanislaus,099,539301,18742,18250,950,19200,417
2020-11-06,Sutter,101,95872,2101,1937,2,1939,12
2020-11-06,Tehama,103,63373,1135,1024,2,1026,6
2020-11-06,Trinity,105,12862,110,41,10,51,0
2020-11-06,Tulare,107,460477,18796,18136,643,18779,300
2020-11-06,Tuolumne,109,53932,437,316,3,319,5
2020-11-06,Ventura,111,848112,16163,15222,465,15687,154
2020-11-06,Yolo,113,214977,3678,3420,9,3429,62
2020-11-06,Yuba,115,75493,1425,1335,6,1341,10
2020-11-05,Alameda,001,1643700,25312,24270,261,24531,420
2020-11-05,Alpine,003,1148,25,6,0,6,0
2020-11-05,Amador,005,37829,394,363,0,363,16
2020-11-05,Butte,007,227075,3403,3239,58,3297,57
2020-11-05,Calaveras,009,45235,356,333,0,333,19
2020-11-05,Colusa,011,21464,591,574,1,575,6
2020-11-05,Contra Costa,013,1133247,20477,19656,106,19762,252
2020-11-05,Del Norte,015,27424,201,192,0,192,2
2020-11-05,El Dorado,017,186661,1596,1466,7,1473,4
2020-11-05,Fresno,019,978130,35425,32056,610,32666,460
2020-11-05,Glenn,021,27897,737,702,7,709,3
2020-11-05,Humboldt,023,135768,625,581,1,582,9
2020-11-05,Imperial,025,180216,13663,13178,17,13195,337
2020-11-05,Inyo,027,18085,259,247,0,247,14
2020-11-05,Kern,029,883053,35452,34232,613,34845,443
2020-11-05,Kings,031,150075,9233,8846,79,8925,83
2020-11-05,Lake,033,64148,782,739,0,739,16
2020-11-05,Lassen,035,31185,819,782,2,784,0
2020-11-05,Los Angeles,037,10098052,323426,312381,3636,316017,7146
2020-11-05,Madera,039,155013,5356,5129,59,5188,54
2020-11-05,Marin,041,260295,7304,7171,22,7193,131
2020-11-05,Mariposa,043,17540,88,79,0,79,2
2020-11-05,Mendocino,045,87422,1187,1112,3,1115,22
2020-11-05,Merced,047,269075,10094,9753,48,9801,155
2020-11-05,Modoc,049,8938,69,47,11,58,0
2020-11-05,Mono,051,14174,450,307,7,314,1
2020-11-05,Monterey,053,433212,12432,11784,105,11889,96
2020-11-05,Napa,055,140530,2393,2158,6,2164,15
2020-11-05,Nevada,057,99092,780,687,18,705,9
2020-11-05,Orange,059,3164182,64592,60740,1994,62734,1484
2020-11-05,Placer,061,380077,5041,4627,25,4652,60
2020-11-05,Plumas,063,18699,114,90,0,90,0
2020-11-05,Riverside,065,2383286,72945,70094,719,70813,1338
2020-11-05,Sacramento,067,1510023,28603,27232,33,27265,512
2020-11-05,San Benito,069,59416,1534,1477,1,1478,15
2020-11-05,San Bernardino,071,2135413,70873,66407,595,67002,1174
2020-11-05,San Diego,073,3302833,62586,58659,1907,60566,904
2020-11-05,San Francisco,075,870044,13266,12726,62,12788,146
2020-11-05,San Joaquin,077,732212,23129,22318,308,22626,502
2020-11-05,San Luis Obispo,079,281455,4934,4459,47,4506,32
2020-11-05,San Mateo,081,765935,12192,11535,7,11542,168
2020-11-05,Santa Barbara,083,443738,10900,10080,122,10202,133
2020-11-05,Santa Clara,085,1922200,27593,25651,37,25688,402
2020-11-05,Santa Cruz,087,273765,3263,3023,40,3063,25
2020-11-05,Shasta,089,179085,3144,2401,40,2441,34
2020-11-05,Sierra,091,2930,9,6,0,6,0
2020-11-05,Siskiyou,093,43540,274,228,12,240,0
2020-11-05,Solano,095,438530,8337,7842,41,7883,85
2020-11-05,Sonoma,097,501317,10546,10064,35,10099,145
2020-11-05,Stanislaus,099,539301,18628,18194,937,19131,417
2020-11-05,Sutter,101,95872,2069,1925,2,1927,12
2020-11-05,Tehama,103,63373,1113,1015,2,1017,6
2020-11-05,Trinity,105,12862,96,41,10,51,0
2020-11-05,Tulare,107,460477,18711,18049,611,18660,301
2020-11-05,Tuolumne,109,53932,408,312,3,315,5
2020-11-05,Ventura,111,848112,15997,15113,454,15567,155
2020-11-05,Yolo,113,214977,3628,3391,9,3400,61
2020-11-05,Yuba,115,75493,1407,1322,6,1328,10
2020-11-04,Alameda,001,1643700,25134,24172,259,24431,418
2020-11-04,Alpine,003,1148,21,5,0,5,0
2020-11-04,Amador,005,37829,391,362,0,362,16
2020-11-04,Butte,007,227075,3377,3218,55,3273,57
2020-11-04,Calaveras,009,45235,353,290,0,290,19
2020-11-04,Colusa,011,21464,589,571,1,572,6
2020-11-04,Contra Costa,013,1133247,20310,19472,102,19574,251
2020-11-04,Del Norte,015,27424,197,188,0,188,2
2020-11-04,El Dorado,017,186661,1581,1448,4,1452,4
2020-11-04,Fresno,019,978130,35195,31952,581,32533,457
2020-11-04,Glenn,021,27897,733,701,6,707,3
2020-11-04,Humboldt,023,135768,616,571,1,572,9
2020-11-04,Imperial,025,180216,13565,13087,17,13104,335
2020-11-04,Inyo,027,18085,258,247,0,247,14
2020-11-04,Kern,029,883053,35298,34027,601,34628,439
2020-11-04,Kings,031,150075,9199,8817,77,8894,83
2020-11-04,Lake,033,64148,775,735,0,735,16
2020-11-04,Lassen,035,31185,814,781,2,783,0
2020-11-04,Los Angeles,037,10098052,321120,310456,3549,314005,7124
2020-11-04,Madera,039,155013,5336,5083,55,5138,54
2020-11-04,Marin,041,260295,7292,7157,22,7179,131
2020-11-04,Mariposa,043,17540,88,79,0,79,2
2020-11-04,Mendocino,045,87422,1169,1089,3,1092,22
2020-11-04,Merced,047,269075,10044,9717,46,9763,153
2020-11-04,Modoc,049,8938,59,47,11,58,0
2020-11-04,Mono,051,14174,447,237,6,243,1
2020-11-04,Monterey,053,433212,12228,11743,98,11841,96
2020-11-04,Napa,055,140530,2339,2133,6,2139,15
2020-11-04,Nevada,057,99092,761,675,18,693,9
2020-11-04,Orange,059,3164182,64158,60463,1970,62433,1483
2020-11-04,Placer,061,380077,4962,4526,22,4548,60
2020-11-04,Plumas,063,18699,112,88,0,88,0
2020-11-04,Riverside,065,2383286,72329,69562,659,70221,1335
2020-11-04,Sacramento,067,1510023,28252,27005,32,27037,510
2020-11-04,San Benito,069,59416,1519,1464,1,1465,15
2020-11-04,San Bernardino,071,2135413,70078,65891,570,66461,1169
2020-11-04,San Diego,073,3302833,61940,58126,1881,60007,904
2020-11-04,San Francisco,075,870044,13182,12649,59,12708,146
2020-11-04,San Joaquin,077,732212,22992,22197,295,22492,500
2020-11-04,San Luis Obispo,079,281455,4867,4389,45,4434,32
2020-11-04,San Mateo,081,765935,12097,11456,7,11463,168
2020-11-04,Santa Barbara,083,443738,10861,10026,121,10147,132
2020-11-04,Santa Clara,085,1922200,27330,25487,37,25524,393
2020-11-04,Santa Cruz,087,273765,3226,2997,40,3037,25
2020-11-04,Shasta,089,179085,3013,2321,35,2356,34
2020-11-04,Sierra,091,2930,9,6,0,6,0
2020-11-04,Siskiyou,093,43540,265,222,12,234,0
2020-11-04,Solano,095,438530,8238,7733,41,7774,85
2020-11-04,Sonoma,097,501317,10452,9965,35,10000,142
2020-11-04,Stanislaus,099,539301,18512,18114,921,19035,416
2020-11-04,Sutter,101,95872,2035,1916,2,1918,12
2020-11-04,Tehama,103,63373,1089,997,2,999,6
2020-11-04,Trinity,105,12862,94,37,10,47,0
2020-11-04,Tulare,107,460477,18603,17952,583,18535,298
2020-11-04,Tuolumne,109,53932,386,310,3,313,5
2020-11-04,Ventura,111,848112,15856,14936,450,15386,155
2020-11-04,Yolo,113,214977,3587,3361,9,3370,62
2020-11-04,Yuba,115,75493,1386,1312,6,1318,10
2020-11-03,Alameda,001,1643700,24950,24055,257,24312,418
2020-11-03,Alpine,003,1148,20,4,0,4,0
2020-11-03,Amador,005,37829,386,361,0,361,16
2020-11-03,Butte,007,227075,3354,3211,49,3260,57
2020-11-03,Calaveras,009,45235,349,287,0,287,19
2020-11-03,Colusa,011,21464,584,572,1,573,6
2020-11-03,Contra Costa,013,1133247,20155,19416,102,19518,250
2020-11-03,Del Norte,015,27424,196,187,0,187,2
2020-11-03,El Dorado,017,186661,1559,1445,3,1448,4
2020-11-03,Fresno,019,978130,34929,31856,555,32411,457
2020-11-03,Glenn,021,27897,727,698,6,704,3
2020-11-03,Humboldt,023,135768,610,570,1,571,8
2020-11-03,Imperial,025,180216,13476,13044,16,13060,335
2020-11-03,Inyo,027,18085,257,244,0,244,14
2020-11-03,Kern,029,883053,35108,33957,589,34546,439
2020-11-03,Kings,031,150075,9036,8783,72,8855,83
2020-11-03,Lake,033,64148,765,732,0,732,16
2020-11-03,Lassen,035,31185,805,782,2,784,0
2020-11-03,Los Angeles,037,10098052,318665,308812,3477,312289,7104
2020-11-03,Madera,039,155013,5299,5058,54,5112,54
2020-11-03,Marin,041,260295,7272,7147,21,7168,131
2020-11-03,Mariposa,043,17540,87,79,0,79,2
2020-11-03,Mendocino,045,87422,1154,1084,3,1087,22
2020-11-03,Merced,047,269075,9991,9713,45,9758,153
2020-11-03,Modoc,049,8938,57,47,9,56,0
2020-11-03,Mono,051,14174,443,210,6,216,1
2020-11-03,Monterey,053,433212,12159,11703,91,11794,94
2020-11-03,Napa,055,140530,2303,2130,6,2136,15
2020-11-03,Nevada,057,99092,741,670,17,687,9
2020-11-03,Orange,059,3164182,63729,60283,1959,62242,1477
2020-11-03,Placer,061,380077,4888,4514,22,4536,60
2020-11-03,Plumas,063,18699,109,86,0,86,0
2020-11-03,Riverside,065,2383286,71713,69300,632,69932,1325
2020-11-03,Sacramento,067,1510023,27872,26841,31,26872,510
2020-11-03,San Benito,069,59416,1509,1463,1,1464,15
2020-11-03,San Bernardino,071,2135413,69269,65320,561,65881,1159
2020-11-03,San Diego,073,3302833,61264,57722,1837,59559,901
2020-11-03,San Francisco,075,870044,13059,12585,58,12643,146
2020-11-03,San Joaquin,077,732212,22858,22109,289,22398,500
2020-11-03,San Luis Obispo,079,281455,4785,4371,43,4414,32
2020-11-03,San Mateo,081,765935,12002,11406,7,11413,162
2020-11-03,Santa Barbara,083,443738,10806,10008,116,10124,132
2020-11-03,Santa Clara,085,1922200,27056,25386,36,25422,393
2020-11-03,Santa Cruz,087,273765,3176,2980,39,3019,25
2020-11-03,Shasta,089,179085,2918,2288,28,2316,33
2020-11-03,Sierra,091,2930,7,6,0,6,0
2020-11-03,Siskiyou,093,43540,261,219,11,230,0
2020-11-03,Solano,095,438530,8155,7691,41,7732,85
2020-11-03,Sonoma,097,501317,10350,9906,35,9941,142
2020-11-03,Stanislaus,099,539301,18392,18080,908,18988,416
2020-11-03,Sutter,101,95872,2002,1914,2,1916,12
2020-11-03,Tehama,103,63373,1068,988,2,990,6
2020-11-03,Trinity,105,12862,87,36,9,45,0
2020-11-03,Tulare,107,460477,18500,17890,555,18445,297
2020-11-03,Tuolumne,109,53932,363,302,3,305,5
2020-11-03,Ventura,111,848112,15729,14816,443,15259,155
2020-11-03,Yolo,113,214977,3536,3343,9,3352,61
2020-11-03,Yuba,115,75493,1373,1295,6,1301,10
2020-11-02,Alameda,001,1643700,24754,23991,254,24245,419
2020-11-02,Alpine,003,1148,17,4,0,4,0
2020-11-02,Amador,005,37829,378,357,0,357,16
2020-11-02,Butte,007,227075,3334,3198,46,3244,57
2020-11-02,Calaveras,009,45235,349,282,0,282,18
2020-11-02,Colusa,011,21464,579,571,1,572,6
2020-11-02,Contra Costa,013,1133247,20001,19339,101,19440,250
2020-11-02,Del Norte,015,27424,193,175,0,175,2
2020-11-02,El Dorado,017,186661,1535,1405,3,1408,4
2020-11-02,Fresno,019,978130,34661,31738,538,32276,451
2020-11-02,Glenn,021,27897,721,692,5,697,3
2020-11-02,Humboldt,023,135768,601,569,1,570,8
2020-11-02,Imperial,025,180216,13396,13004,15,13019,334
2020-11-02,Inyo,027,18085,254,243,0,243,14
2020-11-02,Kern,029,883053,34951,33834,579,34413,437
2020-11-02,Kings,031,150075,9006,8654,69,8723,82
2020-11-02,Lake,033,64148,759,728,0,728,17
2020-11-02,Lassen,035,31185,797,782,2,784,0
2020-11-02,Los Angeles,037,10098052,316320,307620,3398,311018,7079
2020-11-02,Madera,039,155013,5269,5033,53,5086,54
2020-11-02,Marin,041,260295,7254,7132,20,7152,125
2020-11-02,Mariposa,043,17540,87,79,0,79,2
2020-11-02,Mendocino,045,87422,1140,1076,3,1079,21
2020-11-02,Merced,047,269075,9929,9664,39,9703,152
2020-11-02,Modoc,049,8938,54,45,5,50,0
2020-11-02,Mono,051,14174,441,211,6,217,1
2020-11-02,Monterey,053,433212,12052,11602,88,11690,93
2020-11-02,Napa,055,140530,2261,2081,6,2087,15
2020-11-02,Nevada,057,99092,725,656,17,673,9
2020-11-02,Orange,059,3164182,63324,59996,1941,61937,1474
2020-11-02,Placer,061,380077,4820,4461,20,4481,60
2020-11-02,Plumas,063,18699,101,86,0,86,0
2020-11-02,Riverside,065,2383286,71082,68833,591,69424,1321
2020-11-02,Sacramento,067,1510023,27530,26676,29,26705,508
2020-11-02,San Benito,069,59416,1497,1459,1,1460,15
2020-11-02,San Bernardino,071,2135413,68414,64629,550,65179,1157
2020-11-02,San Diego,073,3302833,60541,57429,1792,59221,891
2020-11-02,San Francisco,075,870044,12962,12436,57,12493,145
2020-11-02,San Joaquin,077,732212,22719,21919,280,22199,500
2020-11-02,San Luis Obispo,079,281455,4685,4303,40,4343,31
2020-11-02,San Mateo,081,765935,11893,11328,7,11335,161
2020-11-02,Santa Barbara,083,443738,10765,9985,111,10096,130
2020-11-02,Santa Clara,085,1922200,26768,25222,36,25258,387
2020-11-02,Santa Cruz,087,273765,3134,2943,39,2982,25
2020-11-02,Shasta,089,179085,2813,2174,24,2198,33
2020-11-02,Sierra,091,2930,7,6,0,6,0
2020-11-02,Siskiyou,093,43540,251,216,11,227,0
2020-11-02,Solano,095,438530,8037,7665,41,7706,84
2020-11-02,Sonoma,097,501317,10267,9796,34,9830,140
2020-11-02,Stanislaus,099,539301,18296,18005,899,18904,412
2020-11-02,Sutter,101,95872,1978,1895,2,1897,12
2020-11-02,Tehama,103,63373,1045,971,2,973,6
2020-11-02,Trinity,105,12862,82,30,9,39,0
2020-11-02,Tulare,107,460477,18408,17774,532,18306,299
2020-11-02,Tuolumne,109,53932,343,302,3,305,5
2020-11-02,Ventura,111,848112,15593,14767,424,15191,156
2020-11-02,Yolo,113,214977,3487,3318,9,3327,61
2020-11-02,Yuba,115,75493,1360,1280,6,1286,10
2020-11-01,Alameda,001,1643700,24591,23892,252,24144,419
2020-11-01,Alpine,003,1148,11,4,0,4,0
2020-11-01,Amador,005,37829,375,352,0,352,16
2020-11-01,Butte,007,227075,3311,3185,44,3229,57
2020-11-01,Calaveras,009,45235,348,282,0,282,18
2020-11-01,Colusa,011,21464,577,567,1,568,6
2020-11-01,Contra Costa,013,1133247,19827,19246,100,19346,250
2020-11-01,Del Norte,015,27424,189,175,0,175,2
2020-11-01,El Dorado,017,186661,1519,1394,3,1397,4
2020-11-01,Fresno,019,978130,34406,31613,520,32133,451
2020-11-01,Glenn,021,27897,712,688,3,691,3
2020-11-01,Humboldt,023,135768,593,568,1,569,8
2020-11-01,Imperial,025,180216,13305,12969,13,12982,334
2020-11-01,Inyo,027,18085,252,241,0,241,14
2020-11-01,Kern,029,883053,34771,33760,474,34234,437
2020-11-01,Kings,031,150075,8968,8641,68,8709,82
2020-11-01,Lake,033,64148,753,727,0,727,17
2020-11-01,Lassen,035,31185,797,782,2,784,0
2020-11-01,Los Angeles,037,10098052,313758,306217,3300,309517,7077
2020-11-01,Madera,039,155013,5221,5019,51,5070,54
2020-11-01,Marin,041,260295,7237,7124,20,7144,125
2020-11-01,Mariposa,043,17540,83,79,0,79,2
2020-11-01,Mendocino,045,87422,1127,1074,3,1077,21
2020-11-01,Merced,047,269075,9868,9626,39,9665,152
2020-11-01,Modoc,049,8938,53,45,5,50,0
2020-11-01,Mono,051,14174,412,211,5,216,1
2020-11-01,Monterey,053,433212,11944,11587,85,11672,93
2020-11-01,Napa,055,140530,2227,2067,6,2073,15
2020-11-01,Nevada,057,99092,709,646,16,662,9
2020-11-01,Orange,059,3164182,62922,59733,1913,61646,1475
2020-11-01,Placer,061,380077,4754,4422,19,4441,58
2020-11-01,Plumas,063,18699,96,86,0,86,0
2020-11-01,Riverside,065,2383286,70452,68493,556,69049,1319
2020-11-01,Sacramento,067,1510023,27208,26442,29,26471,508
2020-11-01,San Benito,069,59416,1482,1451,1,1452,15
2020-11-01,San Bernardino,071,2135413,67572,64339,528,64867,1157
2020-11-01,San Diego,073,3302833,59853,57122,1752,58874,891
2020-11-01,San Francisco,075,870044,12839,12436,52,12488,145
2020-11-01,San Joaquin,077,732212,22591,21919,274,22193,500
2020-11-01,San Luis Obispo,079,281455,4605,4303,39,4342,31
2020-11-01,San Mateo,081,765935,11813,11280,7,11287,160
2020-11-01,Santa Barbara,083,443738,10714,9969,95,10064,130
2020-11-01,Santa Clara,085,1922200,26489,25090,36,25126,386
2020-11-01,Santa Cruz,087,273765,3081,2921,39,2960,25
2020-11-01,Shasta,089,179085,2678,2172,23,2195,33
2020-11-01,Sierra,091,2930,7,6,0,6,0
2020-11-01,Siskiyou,093,43540,246,205,11,216,0
2020-11-01,Solano,095,438530,7947,7591,41,7632,84
2020-11-01,Sonoma,097,501317,10175,9688,34,9722,140
2020-11-01,Stanislaus,099,539301,18195,17961,879,18840,412
2020-11-01,Sutter,101,95872,1952,1888,1,1889,12
2020-11-01,Tehama,103,63373,1028,965,2,967,5
2020-11-01,Trinity,105,12862,80,30,8,38,0
2020-11-01,Tulare,107,460477,18296,17774,501,18275,299
2020-11-01,Tuolumne,109,53932,321,295,3,298,5
2020-11-01,Ventura,111,848112,15445,14686,390,15076,156
2020-11-01,Yolo,113,214977,3439,3303,9,3312,60
2020-11-01,Yuba,115,75493,1343,1273,6,1279,10
2020-10-31,Alameda,001,1643700,24476,23780,248,24028,416
2020-10-31,Alpine,003,1148,11,4,0,4,0
2020-10-31,Amador,005,37829,371,347,0,347,16
2020-10-31,Butte,007,227075,3298,3172,42,3214,57
2020-10-31,Calaveras,009,45235,348,280,0,280,18
2020-10-31,Colusa,011,21464,575,555,1,556,6
2020-10-31,Contra Costa,013,1133247,19721,19161,100,19261,249
2020-10-31,Del Norte,015,27424,188,175,0,175,2
2020-10-31,El Dorado,017,186661,1510,1390,3,1393,4
2020-10-31,Fresno,019,978130,34269,31558,517,32075,451
2020-10-31,Glenn,021,27897,710,678,3,681,3
2020-10-31,Humboldt,023,135768,590,561,1,562,8
2020-10-31,Imperial,025,180216,13263,12912,13,12925,334
2020-10-31,Inyo,027,18085,251,241,0,241,14
2020-10-31,Kern,029,883053,34668,33666,464,34130,437
2020-10-31,Kings,031,150075,8947,8612,66,8678,82
2020-10-31,Lake,033,64148,749,724,0,724,16
2020-10-31,Lassen,035,31185,792,782,2,784,0
2020-10-31,Los Angeles,037,10098052,312388,304704,3255,307959,7073
2020-10-31,Madera,039,155013,5203,5013,48,5061,54
2020-10-31,Marin,041,260295,7221,7112,20,7132,125
2020-10-31,Mariposa,043,17540,83,79,0,79,2
2020-10-31,Mendocino,045,87422,1119,1066,3,1069,21
2020-10-31,Merced,047,269075,9835,9597,38,9635,151
2020-10-31,Modoc,049,8938,52,34,4,38,0
2020-10-31,Mono,051,14174,263,194,4,198,1
2020-10-31,Monterey,053,433212,11876,11539,81,11620,93
2020-10-31,Napa,055,140530,2208,2040,6,2046,15
2020-10-31,Nevada,057,99092,691,644,16,660,9
2020-10-31,Orange,059,3164182,62663,59488,1895,61383,1473
2020-10-31,Placer,061,380077,4704,4374,18,4392,58
2020-10-31,Plumas,063,18699,95,85,0,85,0
2020-10-31,Riverside,065,2383286,70096,68178,533,68711,1319
2020-10-31,Sacramento,067,1510023,27009,26316,27,26343,507
2020-10-31,San Benito,069,59416,1475,1448,1,1449,15
2020-10-31,San Bernardino,071,2135413,67147,64016,518,64534,1157
2020-10-31,San Diego,073,3302833,59400,56769,1724,58493,891
2020-10-31,San Francisco,075,870044,12765,12438,51,12489,145
2020-10-31,San Joaquin,077,732212,22516,21918,265,22183,500
2020-10-31,San Luis Obispo,079,281455,4536,4285,36,4321,31
2020-10-31,San Mateo,081,765935,11761,11253,7,11260,160
2020-10-31,Santa Barbara,083,443738,10686,9957,87,10044,130
2020-10-31,Santa Clara,085,1922200,26321,24957,36,24993,379
2020-10-31,Santa Cruz,087,273765,3046,2895,38,2933,25
2020-10-31,Shasta,089,179085,2628,2122,22,2144,33
2020-10-31,Sierra,091,2930,7,6,0,6,0
2020-10-31,Siskiyou,093,43540,244,200,11,211,0
2020-10-31,Solano,095,438530,7883,7545,41,7586,84
2020-10-31,Sonoma,097,501317,10122,9648,34,9682,140
2020-10-31,Stanislaus,099,539301,18133,17920,862,18782,412
2020-10-31,Sutter,101,95872,1943,1876,1,1877,12
2020-10-31,Tehama,103,63373,1018,953,2,955,5
2020-10-31,Trinity,105,12862,77,30,8,38,0
2020-10-31,Tulare,107,460477,18247,17758,493,18251,299
2020-10-31,Tuolumne,109,53932,314,290,3,293,5
2020-10-31,Ventura,111,848112,15362,14635,371,15006,155
2020-10-31,Yolo,113,214977,3404,3290,9,3299,60
2020-10-31,Yuba,115,75493,1327,1260,5,1265,10
2020-10-30,Alameda,001,1643700,24397,23676,245,23921,401
2020-10-30,Alpine,003,1148,11,4,0,4,0
2020-10-30,Amador,005,37829,371,344,0,344,16
2020-10-30,Butte,007,227075,3293,3160,42,3202,57
2020-10-30,Calaveras,009,45235,347,279,0,279,18
2020-10-30,Colusa,011,21464,573,554,1,555,6
2020-10-30,Contra Costa,013,1133247,19649,19074,100,19174,249
2020-10-30,Del Norte,015,27424,187,175,0,175,2
2020-10-30,El Dorado,017,186661,1497,1386,3,1389,4
2020-10-30,Fresno,019,978130,34148,31409,509,31918,446
2020-10-30,Glenn,021,27897,704,674,2,676,3
2020-10-30,Humboldt,023,135768,589,561,1,562,7
2020-10-30,Imperial,025,180216,13222,12853,13,12866,334
2020-10-30,Inyo,027,18085,250,241,0,241,14
2020-10-30,Kern,029,883053,34575,33583,463,34046,437
2020-10-30,Kings,031,150075,8937,8564,64,8628,82
2020-10-30,Lake,033,64148,749,720,0,720,16
2020-10-30,Lassen,035,31185,786,777,2,779,0
2020-10-30,Los Angeles,037,10098052,310953,303425,3218,306643,7060
2020-10-30,Madera,039,155013,5191,4991,46,5037,54
2020-10-30,Marin,041,260295,7201,7097,20,7117,125
2020-10-30,Mariposa,043,17540,83,78,0,78,2
2020-10-30,Mendocino,045,87422,1117,1062,3,1065,21
2020-10-30,Merced,047,269075,9803,9539,38,9577,150
2020-10-30,Modoc,049,8938,51,34,3,37,0
2020-10-30,Mono,051,14174,262,193,4,197,1
2020-10-30,Monterey,053,433212,11814,11491,75,11566,92
2020-10-30,Napa,055,140530,2190,2028,6,2034,15
2020-10-30,Nevada,057,99092,685,634,16,650,9
2020-10-30,Orange,059,3164182,62421,59334,1883,61217,1469
2020-10-30,Placer,061,380077,4657,4335,18,4353,58
2020-10-30,Plumas,063,18699,92,80,0,80,0
2020-10-30,Riverside,065,2383286,69755,67752,513,68265,1317
2020-10-30,Sacramento,067,1510023,26861,26147,27,26174,505
2020-10-30,San Benito,069,59416,1469,1440,1,1441,15
2020-10-30,San Bernardino,071,2135413,66732,63512,515,64027,1156
2020-10-30,San Diego,073,3302833,58994,56387,1703,58090,888
2020-10-30,San Francisco,075,870044,12710,12384,51,12435,145
2020-10-30,San Joaquin,077,732212,22450,21849,258,22107,500
2020-10-30,San Luis Obispo,079,281455,4493,4256,36,4292,31
2020-10-30,San Mateo,081,765935,11702,11207,7,11214,159
2020-10-30,Santa Barbara,083,443738,10663,9937,87,10024,128
2020-10-30,Santa Clara,085,1922200,26172,24811,36,24847,378
2020-10-30,Santa Cruz,087,273765,3028,2874,38,2912,25
2020-10-30,Shasta,089,179085,2584,2048,21,2069,32
2020-10-30,Sierra,091,2930,7,6,0,6,0
2020-10-30,Siskiyou,093,43540,244,192,11,203,0
2020-10-30,Solano,095,438530,7822,7497,41,7538,84
2020-10-30,Sonoma,097,501317,10048,9602,33,9635,140
2020-10-30,Stanislaus,099,539301,18086,17861,845,18706,410
2020-10-30,Sutter,101,95872,1930,1860,1,1861,12
2020-10-30,Tehama,103,63373,1014,932,2,934,5
2020-10-30,Trinity,105,12862,77,29,8,37,0
2020-10-30,Tulare,107,460477,18204,17682,475,18157,299
2020-10-30,Tuolumne,109,53932,307,286,3,289,4
2020-10-30,Ventura,111,848112,15289,14578,357,14935,154
2020-10-30,Yolo,113,214977,3387,3263,9,3272,60
2020-10-30,Yuba,115,75493,1319,1256,5,1261,10
2020-10-29,Alameda,001,1643700,24234,23530,244,23774,401
2020-10-29,Alpine,003,1148,8,4,0,4,0
2020-10-29,Amador,005,37829,367,338,0,338,16
2020-10-29,Butte,007,227075,3275,3143,41,3184,57
2020-10-29,Calaveras,009,45235,345,278,0,278,13
2020-10-29,Colusa,011,21464,569,552,1,553,6
2020-10-29,Contra Costa,013,1133247,19550,18933,99,19032,249
2020-10-29,Del Norte,015,27424,185,174,0,174,2
2020-10-29,El Dorado,017,186661,1475,1370,3,1373,4
2020-10-29,Fresno,019,978130,33992,31321,501,31822,445
2020-10-29,Glenn,021,27897,702,673,2,675,3
2020-10-29,Humboldt,023,135768,584,559,1,560,7
2020-10-29,Imperial,025,180216,13178,12769,13,12782,334
2020-10-29,Inyo,027,18085,248,238,0,238,14
2020-10-29,Kern,029,883053,34473,33460,458,33918,437
2020-10-29,Kings,031,150075,8783,8502,63,8565,82
2020-10-29,Lake,033,64148,746,702,0,702,16
2020-10-29,Lassen,035,31185,785,772,2,774,0
2020-10-29,Los Angeles,037,10098052,309330,302246,3166,305412,7046
2020-10-29,Madera,039,155013,5162,4970,44,5014,53
2020-10-29,Marin,041,260295,7187,7083,20,7103,125
2020-10-29,Mariposa,043,17540,81,78,0,78,2
2020-10-29,Mendocino,045,87422,1111,1058,3,1061,21
2020-10-29,Merced,047,269075,9750,9496,38,9534,150
2020-10-29,Modoc,049,8938,49,31,3,34,0
2020-10-29,Mono,051,14174,255,176,4,180,1
2020-10-29,Monterey,053,433212,11733,11425,73,11498,92
2020-10-29,Napa,055,140530,2166,2009,6,2015,15
2020-10-29,Nevada,057,99092,678,632,16,648,9
2020-10-29,Orange,059,3164182,62153,59046,1863,60909,1464
2020-10-29,Placer,061,380077,4612,4270,16,4286,58
2020-10-29,Plumas,063,18699,90,69,0,69,0
2020-10-29,Riverside,065,2383286,69378,67268,484,67752,1304
2020-10-29,Sacramento,067,1510023,26649,25978,26,26004,507
2020-10-29,San Benito,069,59416,1464,1431,1,1432,15
2020-10-29,San Bernardino,071,2135413,66163,62968,505,63473,1150
2020-10-29,San Diego,073,3302833,58528,55916,1674,57590,885
2020-10-29,San Francisco,075,870044,12631,12312,51,12363,145
2020-10-29,San Joaquin,077,732212,22366,21736,246,21982,498
2020-10-29,San Luis Obispo,079,281455,4463,4223,34,4257,31
2020-10-29,San Mateo,081,765935,11656,11145,7,11152,157
2020-10-29,Santa Barbara,083,443738,10630,9902,85,9987,128
2020-10-29,Santa Clara,085,1922200,26020,24614,36,24650,377
2020-10-29,Santa Cruz,087,273765,3003,2850,38,2888,24
2020-10-29,Shasta,089,179085,2521,2008,21,2029,32
2020-10-29,Sierra,091,2930,6,6,0,6,0
2020-10-29,Siskiyou,093,43540,228,185,11,196,0
2020-10-29,Solano,095,438530,7760,7453,41,7494,78
2020-10-29,Sonoma,097,501317,9984,9533,33,9566,140
2020-10-29,Stanislaus,099,539301,18033,17790,823,18613,410
2020-10-29,Sutter,101,95872,1922,1852,1,1853,12
2020-10-29,Tehama,103,63373,996,925,2,927,5
2020-10-29,Trinity,105,12862,72,28,7,35,0
2020-10-29,Tulare,107,460477,18127,17627,455,18082,299
2020-10-29,Tuolumne,109,53932,302,279,3,282,4
2020-10-29,Ventura,111,848112,15199,14486,352,14838,154
2020-10-29,Yolo,113,214977,3358,3246,9,3255,60
2020-10-29,Yuba,115,75493,1308,1248,5,1253,10
2020-10-28,Alameda,001,1643700,24134,23468,243,23711,400
2020-10-28,Alpine,003,1148,7,4,0,4,0
2020-10-28,Amador,005,37829,364,337,0,337,16
2020-10-28,Butte,007,227075,3259,3134,38,3172,56
2020-10-28,Calaveras,009,45235,344,278,0,278,13
2020-10-28,Colusa,011,21464,566,551,1,552,6
2020-10-28,Contra Costa,013,1133247,19463,18828,98,18926,246
2020-10-28,Del Norte,015,27424,182,173,0,173,2
2020-10-28,El Dorado,017,186661,1463,1363,3,1366,4
2020-10-28,Fresno,019,978130,33872,31195,494,31689,444
2020-10-28,Glenn,021,27897,698,673,2,675,3
2020-10-28,Humboldt,023,135768,580,559,1,560,7
2020-10-28,Imperial,025,180216,13129,12730,13,12743,333
2020-10-28,Inyo,027,18085,248,238,0,238,14
2020-10-28,Kern,029,883053,34371,33424,439,33863,436
2020-10-28,Kings,031,150075,8761,8486,62,8548,82
2020-10-28,Lake,033,64148,743,700,0,700,15
2020-10-28,Lassen,035,31185,781,771,2,773,0
2020-10-28,Los Angeles,037,10098052,307871,300726,3124,303850,7031
2020-10-28,Madera,039,155013,5146,4954,43,4997,53
2020-10-28,Marin,041,260295,7176,7079,20,7099,126
2020-10-28,Mariposa,043,17540,81,78,0,78,2
2020-10-28,Mendocino,045,87422,1110,1037,3,1040,20
2020-10-28,Merced,047,269075,9724,9480,37,9517,150
2020-10-28,Modoc,049,8938,48,31,2,33,0
2020-10-28,Mono,051,14174,237,176,4,180,1
2020-10-28,Monterey,053,433212,11675,11330,71,11401,89
2020-10-28,Napa,055,140530,2140,1998,5,2003,15
2020-10-28,Nevada,057,99092,670,629,16,645,9
2020-10-28,Orange,059,3164182,61889,58801,1847,60648,1459
2020-10-28,Placer,061,380077,4556,4236,16,4252,57
2020-10-28,Plumas,063,18699,89,67,0,67,0
2020-10-28,Riverside,065,2383286,68979,67003,461,67464,1302
2020-10-28,Sacramento,067,1510023,26453,25838,25,25863,506
2020-10-28,San Benito,069,59416,1456,1429,1,1430,15
2020-10-28,San Bernardino,071,2135413,65704,62778,495,63273,1154
2020-10-28,San Diego,073,3302833,58144,55556,1646,57202,881
2020-10-28,San Francisco,075,870044,12573,12261,50,12311,145
2020-10-28,San Joaquin,077,732212,22282,21707,234,21941,498
2020-10-28,San Luis Obispo,079,281455,4422,4197,31,4228,31
2020-10-28,San Mateo,081,765935,11592,11101,7,11108,157
2020-10-28,Santa Barbara,083,443738,10606,9872,83,9955,127
2020-10-28,Santa Clara,085,1922200,25876,24503,36,24539,375
2020-10-28,Santa Cruz,087,273765,2972,2836,38,2874,24
2020-10-28,Shasta,089,179085,2441,1996,20,2016,31
2020-10-28,Sierra,091,2930,6,6,0,6,0
2020-10-28,Siskiyou,093,43540,225,182,10,192,0
2020-10-28,Solano,095,438530,7701,7362,41,7403,77
2020-10-28,Sonoma,097,501317,9894,9457,28,9485,140
2020-10-28,Stanislaus,099,539301,17968,17765,814,18579,409
2020-10-28,Sutter,101,95872,1913,1840,1,1841,12
2020-10-28,Tehama,103,63373,985,921,2,923,5
2020-10-28,Trinity,105,12862,67,28,7,35,0
2020-10-28,Tulare,107,460477,18071,17569,437,18006,297
2020-10-28,Tuolumne,109,53932,299,277,3,280,4
2020-10-28,Ventura,111,848112,15126,14409,343,14752,153
2020-10-28,Yolo,113,214977,3334,3230,9,3239,60
2020-10-28,Yuba,115,75493,1296,1245,5,1250,10
2020-10-27,Alameda,001,1643700,24022,23365,240,23605,400
2020-10-27,Alpine,003,1148,7,3,0,3,0
2020-10-27,Amador,005,37829,361,335,0,335,16
2020-10-27,Butte,007,227075,3243,3107,35,3142,56
2020-10-27,Calaveras,009,45235,342,277,0,277,13
2020-10-27,Colusa,011,21464,561,549,1,550,6
2020-10-27,Contra Costa,013,1133247,19358,18766,98,18864,246
2020-10-27,Del Norte,015,27424,179,173,0,173,2
2020-10-27,El Dorado,017,186661,1450,1351,3,1354,4
2020-10-27,Fresno,019,978130,33754,31096,489,31585,442
2020-10-27,Glenn,021,27897,696,667,1,668,3
2020-10-27,Humboldt,023,135768,577,559,1,560,7
2020-10-27,Imperial,025,180216,13080,12680,13,12693,333
2020-10-27,Inyo,027,18085,248,231,0,231,14
2020-10-27,Kern,029,883053,34254,33328,435,33763,436
2020-10-27,Kings,031,150075,8730,8411,62,8473,83
2020-10-27,Lake,033,64148,740,700,0,700,15
2020-10-27,Lassen,035,31185,779,764,2,766,0
2020-10-27,Los Angeles,037,10098052,306487,299438,3094,302532,7008
2020-10-27,Madera,039,155013,5116,4942,42,4984,53
2020-10-27,Marin,041,260295,7160,7070,20,7090,126
2020-10-27,Mariposa,043,17540,80,78,0,78,2
2020-10-27,Mendocino,045,87422,1103,1033,2,1035,20
2020-10-27,Merced,047,269075,9684,9449,37,9486,150
2020-10-27,Modoc,049,8938,46,31,2,33,0
2020-10-27,Mono,051,14174,223,169,4,173,1
2020-10-27,Monterey,053,433212,11619,11261,69,11330,88
2020-10-27,Napa,055,140530,2124,1979,5,1984,15
2020-10-27,Nevada,057,99092,664,622,16,638,8
2020-10-27,Orange,059,3164182,61618,58550,1830,60380,1448
2020-10-27,Placer,061,380077,4508,4197,14,4211,57
2020-10-27,Plumas,063,18699,86,63,0,63,0
2020-10-27,Riverside,065,2383286,68625,66699,416,67115,1299
2020-10-27,Sacramento,067,1510023,26266,25701,24,25725,501
2020-10-27,San Benito,069,59416,1451,1428,1,1429,15
2020-10-27,San Bernardino,071,2135413,65242,62357,482,62839,1154
2020-10-27,San Diego,073,3302833,57671,55226,1623,56849,877
2020-10-27,San Francisco,075,870044,12499,12218,49,12267,140
2020-10-27,San Joaquin,077,732212,22191,21637,225,21862,496
2020-10-27,San Luis Obispo,079,281455,4394,4148,27,4175,31
2020-10-27,San Mateo,081,765935,11543,11074,7,11081,156
2020-10-27,Santa Barbara,083,443738,10577,9874,82,9956,125
2020-10-27,Santa Clara,085,1922200,25734,24368,36,24404,367
2020-10-27,Santa Cruz,087,273765,2942,2815,37,2852,24
2020-10-27,Shasta,089,179085,2354,1962,20,1982,29
2020-10-27,Sierra,091,2930,6,6,0,6,0
2020-10-27,Siskiyou,093,43540,216,181,10,191,0
2020-10-27,Solano,095,438530,7632,7298,41,7339,77
2020-10-27,Sonoma,097,501317,9827,9389,28,9417,140
2020-10-27,Stanislaus,099,539301,17901,17720,806,18526,408
2020-10-27,Sutter,101,95872,1900,1832,1,1833,12
2020-10-27,Tehama,103,63373,971,913,2,915,5
2020-10-27,Trinity,105,12862,64,28,7,35,0
2020-10-27,Tulare,107,460477,18008,17520,414,17934,296
2020-10-27,Tuolumne,109,53932,295,275,3,278,4
2020-10-27,Ventura,111,848112,15043,14347,336,14683,153
2020-10-27,Yolo,113,214977,3320,3216,9,3225,58
2020-10-27,Yuba,115,75493,1283,1235,5,1240,10
2020-10-26,Alameda,001,1643700,23910,23284,239,23523,398
2020-10-26,Alpine,003,1148,5,3,0,3,0
2020-10-26,Amador,005,37829,357,331,0,331,16
2020-10-26,Butte,007,227075,3231,3095,33,3128,56
2020-10-26,Calaveras,009,45235,338,274,0,274,13
2020-10-26,Colusa,011,21464,559,548,1,549,6
2020-10-26,Contra Costa,013,1133247,19262,18718,97,18815,245
2020-10-26,Del Norte,015,27424,179,171,0,171,2
2020-10-26,El Dorado,017,186661,1436,1336,3,1339,4
2020-10-26,Fresno,019,978130,33640,30969,482,31451,441
2020-10-26,Glenn,021,27897,689,660,1,661,3
2020-10-26,Humboldt,023,135768,569,554,1,555,7
2020-10-26,Imperial,025,180216,13026,12654,10,12664,333
2020-10-26,Inyo,027,18085,248,226,0,226,14
2020-10-26,Kern,029,883053,34170,33233,430,33663,432
2020-10-26,Kings,031,150075,8708,8264,60,8324,82
2020-10-26,Lake,033,64148,738,697,0,697,15
2020-10-26,Lassen,035,31185,776,764,2,766,0
2020-10-26,Los Angeles,037,10098052,305059,297961,3052,301013,6979
2020-10-26,Madera,039,155013,5095,4922,41,4963,53
2020-10-26,Marin,041,260295,7154,7064,19,7083,104
2020-10-26,Mariposa,043,17540,80,77,0,77,2
2020-10-26,Mendocino,045,87422,1095,1026,2,1028,20
2020-10-26,Merced,047,269075,9637,9375,36,9411,150
2020-10-26,Modoc,049,8938,44,28,0,28,0
2020-10-26,Mono,051,14174,217,167,4,171,1
2020-10-26,Monterey,053,433212,11569,11207,65,11272,87
2020-10-26,Napa,055,140530,2092,1966,5,1971,14
2020-10-26,Nevada,057,99092,657,618,16,634,8
2020-10-26,Orange,059,3164182,61414,58377,1811,60188,1442
2020-10-26,Placer,061,380077,4466,4161,13,4174,57
2020-10-26,Plumas,063,18699,84,63,0,63,0
2020-10-26,Riverside,065,2383286,68171,66475,392,66867,1294
2020-10-26,Sacramento,067,1510023,26084,25555,22,25577,496
2020-10-26,San Benito,069,59416,1443,1424,1,1425,15
2020-10-26,San Bernardino,071,2135413,64771,61871,479,62350,1153
2020-10-26,San Diego,073,3302833,57277,54957,1586,56543,870
2020-10-26,San Francisco,075,870044,12439,12072,49,12121,138
2020-10-26,San Joaquin,077,732212,22108,21459,219,21678,495
2020-10-26,San Luis Obispo,079,281455,4369,4133,27,4160,31
2020-10-26,San Mateo,081,765935,11499,11037,7,11044,156
2020-10-26,Santa Barbara,083,443738,10554,9827,82,9909,122
2020-10-26,Santa Clara,085,1922200,25544,24258,35,24293,365
2020-10-26,Santa Cruz,087,273765,2916,2808,37,2845,24
2020-10-26,Shasta,089,179085,2301,1889,20,1909,29
2020-10-26,Sierra,091,2930,6,6,0,6,0
2020-10-26,Siskiyou,093,43540,208,179,10,189,0
2020-10-26,Solano,095,438530,7552,7271,41,7312,62
2020-10-26,Sonoma,097,501317,9747,9315,28,9343,140
2020-10-26,Stanislaus,099,539301,17851,17666,796,18462,400
2020-10-26,Sutter,101,95872,1892,1817,1,1818,12
2020-10-26,Tehama,103,63373,951,892,2,894,5
2020-10-26,Trinity,105,12862,63,26,7,33,0
2020-10-26,Tulare,107,460477,17931,17432,391,17823,296
2020-10-26,Tuolumne,109,53932,286,271,3,274,4
2020-10-26,Ventura,111,848112,14973,14330,333,14663,154
2020-10-26,Yolo,113,214977,3301,3206,9,3215,58
2020-10-26,Yuba,115,75493,1267,1226,5,1231,10
2020-10-25,Alameda,001,1643700,23804,23192,239,23431,398
2020-10-25,Alpine,003,1148,4,3,0,3,0
2020-10-25,Amador,005,37829,346,330,0,330,16
2020-10-25,Butte,007,227075,3212,3087,33,3120,56
2020-10-25,Calaveras,009,45235,337,274,0,274,13
2020-10-25,Colusa,011,21464,555,548,1,549,6
2020-10-25,Contra Costa,013,1133247,19161,18640,97,18737,245
2020-10-25,Del Norte,015,27424,175,171,0,171,2
2020-10-25,El Dorado,017,186661,1421,1328,3,1331,4
2020-10-25,Fresno,019,978130,33508,30858,470,31328,441
2020-10-25,Glenn,021,27897,686,652,1,653,3
2020-10-25,Humboldt,023,135768,566,554,1,555,7
2020-10-25,Imperial,025,180216,12976,12572,10,12582,333
2020-10-25,Inyo,027,18085,245,226,0,226,14
2020-10-25,Kern,029,883053,34063,33185,426,33611,432
2020-10-25,Kings,031,150075,8675,8246,58,8304,82
2020-10-25,Lake,033,64148,721,695,0,695,15
2020-10-25,Lassen,035,31185,773,764,2,766,0
2020-10-25,Los Angeles,037,10098052,303500,297110,3012,300122,6973
2020-10-25,Madera,039,155013,5065,4909,36,4945,53
2020-10-25,Marin,041,260295,7144,7052,19,7071,102
2020-10-25,Mariposa,043,17540,80,77,0,77,2
2020-10-25,Mendocino,045,87422,1088,1024,2,1026,20
2020-10-25,Merced,047,269075,9572,9352,34,9386,150
2020-10-25,Modoc,049,8938,39,28,0,28,0
2020-10-25,Mono,051,14174,209,167,4,171,1
2020-10-25,Monterey,053,433212,11486,11182,60,11242,87
2020-10-25,Napa,055,140530,2062,1962,5,1967,14
2020-10-25,Nevada,057,99092,649,616,16,632,8
2020-10-25,Orange,059,3164182,61125,58185,1801,59986,1443
2020-10-25,Placer,061,380077,4414,4140,13,4153,57
2020-10-25,Plumas,063,18699,84,63,0,63,0
2020-10-25,Riverside,065,2383286,67719,66192,376,66568,1289
2020-10-25,Sacramento,067,1510023,25868,25445,19,25464,496
2020-10-25,San Benito,069,59416,1436,1423,1,1424,15
2020-10-25,San Bernardino,071,2135413,64231,61551,467,62018,1153
2020-10-25,San Diego,073,3302833,56814,54599,1554,56153,870
2020-10-25,San Francisco,075,870044,12366,12072,49,12121,137
2020-10-25,San Joaquin,077,732212,22000,21459,211,21670,495
2020-10-25,San Luis Obispo,079,281455,4327,4126,25,4151,31
2020-10-25,San Mateo,081,765935,11454,10987,7,10994,156
2020-10-25,Santa Barbara,083,443738,10534,9814,82,9896,122
2020-10-25,Santa Clara,085,1922200,25356,24087,35,24122,365
2020-10-25,Santa Cruz,087,273765,2889,2789,37,2826,24
2020-10-25,Shasta,089,179085,2237,1889,20,1909,29
2020-10-25,Sierra,091,2930,6,6,0,6,0
2020-10-25,Siskiyou,093,43540,205,176,10,186,0
2020-10-25,Solano,095,438530,7474,7197,41,7238,60
2020-10-25,Sonoma,097,501317,9654,9235,27,9262,140
2020-10-25,Stanislaus,099,539301,17794,17641,786,18427,400
2020-10-25,Sutter,101,95872,1874,1811,1,1812,12
2020-10-25,Tehama,103,63373,934,880,2,882,5
2020-10-25,Trinity,105,12862,59,26,7,33,0
2020-10-25,Tulare,107,460477,17859,17431,381,17812,296
2020-10-25,Tuolumne,109,53932,281,271,3,274,4
2020-10-25,Ventura,111,848112,14880,14300,327,14627,154
2020-10-25,Yolo,113,214977,3280,3190,9,3199,58
2020-10-25,Yuba,115,75493,1259,1219,5,1224,10
2020-10-24,Alameda,001,1643700,23734,23099,236,23335,398
2020-10-24,Alpine,003,1148,4,3,0,3,0
2020-10-24,Amador,005,37829,345,328,0,328,16
2020-10-24,Butte,007,227075,3203,3078,33,3111,56
2020-10-24,Calaveras,009,45235,335,274,0,274,13
2020-10-24,Colusa,011,21464,550,548,1,549,6
2020-10-24,Contra Costa,013,1133247,19094,18567,97,18664,244
2020-10-24,Del Norte,015,27424,174,171,0,171,2
2020-10-24,El Dorado,017,186661,1405,1317,3,1320,4
2020-10-24,Fresno,019,978130,33447,30752,466,31218,441
2020-10-24,Glenn,021,27897,683,650,1,651,3
2020-10-24,Humboldt,023,135768,564,553,1,554,7
2020-10-24,Imperial,025,180216,12949,12469,10,12479,333
2020-10-24,Inyo,027,18085,245,226,0,226,14
2020-10-24,Kern,029,883053,34005,33105,421,33526,432
2020-10-24,Kings,031,150075,8665,8228,57,8285,82
2020-10-24,Lake,033,64148,716,696,0,696,15
2020-10-24,Lassen,035,31185,772,764,2,766,0
2020-10-24,Los Angeles,037,10098052,302681,296323,2988,299311,6969
2020-10-24,Madera,039,155013,5052,4898,35,4933,53
2020-10-24,Marin,041,260295,7135,7042,19,7061,102
2020-10-24,Mariposa,043,17540,80,77,0,77,2
2020-10-24,Mendocino,045,87422,1076,1022,2,1024,20
2020-10-24,Merced,047,269075,9548,9351,34,9385,150
2020-10-24,Modoc,049,8938,38,28,0,28,0
2020-10-24,Mono,051,14174,195,167,4,171,1
2020-10-24,Monterey,053,433212,11418,11153,59,11212,87
2020-10-24,Napa,055,140530,2045,1957,5,1962,14
2020-10-24,Nevada,057,99092,645,608,16,624,8
2020-10-24,Orange,059,3164182,60971,57928,1790,59718,1441
2020-10-24,Placer,061,380077,4383,4093,13,4106,57
2020-10-24,Plumas,063,18699,78,63,0,63,0
2020-10-24,Riverside,065,2383286,67510,65902,362,66264,1288
2020-10-24,Sacramento,067,1510023,25787,25372,19,25391,496
2020-10-24,San Benito,069,59416,1431,1417,1,1418,15
2020-10-24,San Bernardino,071,2135413,63991,61351,458,61809,1153
2020-10-24,San Diego,073,3302833,56536,54330,1542,55872,868
2020-10-24,San Francisco,075,870044,12308,12073,48,12121,137
2020-10-24,San Joaquin,077,732212,21948,21458,206,21664,495
2020-10-24,San Luis Obispo,079,281455,4302,4119,24,4143,31
2020-10-24,San Mateo,081,765935,11415,10942,7,10949,155
2020-10-24,Santa Barbara,083,443738,10517,9781,82,9863,122
2020-10-24,Santa Clara,085,1922200,25269,23978,35,24013,365
2020-10-24,Santa Cruz,087,273765,2870,2775,37,2812,24
2020-10-24,Shasta,089,179085,2192,1878,20,1898,29
2020-10-24,Sierra,091,2930,6,6,0,6,0
2020-10-24,Siskiyou,093,43540,204,174,10,184,0
2020-10-24,Solano,095,438530,7421,7189,41,7230,60
2020-10-24,Sonoma,097,501317,9620,9179,27,9206,140
2020-10-24,Stanislaus,099,539301,17750,17574,770,18344,400
2020-10-24,Sutter,101,95872,1865,1804,1,1805,12
2020-10-24,Tehama,103,63373,926,872,2,874,5
2020-10-24,Trinity,105,12862,59,25,7,32,0
2020-10-24,Tulare,107,460477,17837,17406,369,17775,295
2020-10-24,Tuolumne,109,53932,278,269,3,272,4
2020-10-24,Ventura,111,848112,14827,14240,326,14566,154
2020-10-24,Yolo,113,214977,3268,3164,9,3173,57
2020-10-24,Yuba,115,75493,1256,1210,5,1215,10
2020-10-23,Alameda,001,1643700,23662,23047,234,23281,393
2020-10-23,Alpine,003,1148,4,3,0,3,0
2020-10-23,Amador,005,37829,344,324,0,324,16
2020-10-23,Butte,007,227075,3194,3059,33,3092,55
2020-10-23,Calaveras,009,45235,334,273,0,273,13
2020-10-23,Colusa,011,21464,550,547,1,548,6
2020-10-23,Contra Costa,013,1133247,19023,18483,96,18579,244
2020-10-23,Del Norte,015,27424,174,171,0,171,2
2020-10-23,El Dorado,017,186661,1396,1310,3,1313,4
2020-10-23,Fresno,019,978130,33380,30590,462,31052,441
2020-10-23,Glenn,021,27897,680,644,1,645,3
2020-10-23,Humboldt,023,135768,562,553,1,554,7
2020-10-23,Imperial,025,180216,12918,12398,10,12408,333
2020-10-23,Inyo,027,18085,244,226,0,226,14
2020-10-23,Kern,029,883053,33937,33077,416,33493,431
2020-10-23,Kings,031,150075,8656,8218,57,8275,82
2020-10-23,Lake,033,64148,714,689,0,689,15
2020-10-23,Lassen,035,31185,771,764,2,766,0
2020-10-23,Los Angeles,037,10098052,301601,294287,2957,297244,6956
2020-10-23,Madera,039,155013,5047,4888,35,4923,53
2020-10-23,Marin,041,260295,7122,7029,19,7048,102
2020-10-23,Mariposa,043,17540,80,77,0,77,2
2020-10-23,Mendocino,045,87422,1073,1019,2,1021,20
2020-10-23,Merced,047,269075,9534,9327,34,9361,149
2020-10-23,Modoc,049,8938,38,28,0,28,0
2020-10-23,Mono,051,14174,194,159,4,163,1
2020-10-23,Monterey,053,433212,11371,11099,55,11154,86
2020-10-23,Napa,055,140530,2037,1942,5,1947,14
2020-10-23,Nevada,057,99092,642,604,16,620,8
2020-10-23,Orange,059,3164182,60800,57595,1775,59370,1430
2020-10-23,Placer,061,380077,4337,4073,13,4086,57
2020-10-23,Plumas,063,18699,75,63,0,63,0
2020-10-23,Riverside,065,2383286,67271,65512,354,65866,1279
2020-10-23,Sacramento,067,1510023,25682,25224,19,25243,496
2020-10-23,San Benito,069,59416,1429,1412,1,1413,15
2020-10-23,San Bernardino,071,2135413,63707,60854,444,61298,1150
2020-10-23,San Diego,073,3302833,56230,53944,1515,55459,867
2020-10-23,San Francisco,075,870044,12277,12015,48,12063,137
2020-10-23,San Joaquin,077,732212,21892,21361,200,21561,495
2020-10-23,San Luis Obispo,079,281455,4276,4102,24,4126,31
2020-10-23,San Mateo,081,765935,11366,10872,7,10879,155
2020-10-23,Santa Barbara,083,443738,10501,9751,82,9833,121
2020-10-23,Santa Clara,085,1922200,25167,23822,35,23857,364
2020-10-23,Santa Cruz,087,273765,2856,2757,37,2794,24
2020-10-23,Shasta,089,179085,2156,1846,19,1865,29
2020-10-23,Sierra,091,2930,6,6,0,6,0
2020-10-23,Siskiyou,093,43540,200,172,10,182,0
2020-10-23,Solano,095,438530,7390,7174,41,7215,59
2020-10-23,Sonoma,097,501317,9564,9112,27,9139,139
2020-10-23,Stanislaus,099,539301,17713,17496,762,18258,395
2020-10-23,Sutter,101,95872,1858,1797,1,1798,12
2020-10-23,Tehama,103,63373,917,862,2,864,5
2020-10-23,Trinity,105,12862,59,26,7,33,0
2020-10-23,Tulare,107,460477,17792,17334,357,17691,295
2020-10-23,Tuolumne,109,53932,276,254,3,257,4
2020-10-23,Ventura,111,848112,14798,14192,326,14518,155
2020-10-23,Yolo,113,214977,3255,3140,9,3149,57
2020-10-23,Yuba,115,75493,1252,1206,5,1211,10
2020-10-22,Alameda,001,1643700,23559,22915,234,23149,393
2020-10-22,Alpine,003,1148,4,3,0,3,0
2020-10-22,Amador,005,37829,340,317,0,317,16
2020-10-22,Butte,007,227075,3184,3046,31,3077,55
2020-10-22,Calaveras,009,45235,331,273,0,273,13
2020-10-22,Colusa,011,21464,550,547,1,548,6
2020-10-22,Contra Costa,013,1133247,18951,18393,96,18489,243
2020-10-22,Del Norte,015,27424,173,168,0,168,2
2020-10-22,El Dorado,017,186661,1386,1308,3,1311,4
2020-10-22,Fresno,019,978130,33271,30471,454,30925,438
2020-10-22,Glenn,021,27897,673,643,1,644,3
2020-10-22,Humboldt,023,135768,561,548,1,549,7
2020-10-22,Imperial,025,180216,12865,12311,10,12321,333
2020-10-22,Inyo,027,18085,241,220,0,220,14
2020-10-22,Kern,029,883053,33856,32991,413,33404,431
2020-10-22,Kings,031,150075,8405,8201,57,8258,82
2020-10-22,Lake,033,64148,710,678,0,678,15
2020-10-22,Lassen,035,31185,768,764,2,766,0
2020-10-22,Los Angeles,037,10098052,300227,291599,2897,294496,6935
2020-10-22,Madera,039,155013,5026,4847,35,4882,52
2020-10-22,Marin,041,260295,7115,7014,19,7033,102
2020-10-22,Mariposa,043,17540,80,77,0,77,2
2020-10-22,Mendocino,045,87422,1068,1016,2,1018,20
2020-10-22,Merced,047,269075,9506,9323,34,9357,149
2020-10-22,Modoc,049,8938,34,26,0,26,0
2020-10-22,Mono,051,14174,189,156,4,160,1
2020-10-22,Monterey,053,433212,11312,11059,52,11111,84
2020-10-22,Napa,055,140530,2022,1928,5,1933,14
2020-10-22,Nevada,057,99092,636,600,16,616,8
2020-10-22,Orange,059,3164182,60586,57418,1758,59176,1422
2020-10-22,Placer,061,380077,4288,4036,13,4049,57
2020-10-22,Plumas,063,18699,72,62,0,62,0
2020-10-22,Riverside,065,2383286,66937,65104,334,65438,1279
2020-10-22,Sacramento,067,1510023,25542,25054,19,25073,492
2020-10-22,San Benito,069,59416,1425,1403,1,1404,15
2020-10-22,San Bernardino,071,2135413,63305,60402,429,60831,1149
2020-10-22,San Diego,073,3302833,55843,53514,1496,55010,866
2020-10-22,San Francisco,075,870044,12219,11991,46,12037,137
2020-10-22,San Joaquin,077,732212,21819,21282,194,21476,495
2020-10-22,San Luis Obispo,079,281455,4260,4081,24,4105,31
2020-10-22,San Mateo,081,765935,11310,10796,7,10803,155
2020-10-22,Santa Barbara,083,443738,10467,9710,80,9790,120
2020-10-22,Santa Clara,085,1922200,25013,23621,35,23656,363
2020-10-22,Santa Cruz,087,273765,2838,2738,36,2774,24
2020-10-22,Shasta,089,179085,2110,1799,19,1818,29
2020-10-22,Sierra,091,2930,6,6,0,6,0
2020-10-22,Siskiyou,093,43540,200,169,10,179,0
2020-10-22,Solano,095,438530,7344,7116,41,7157,59
2020-10-22,Sonoma,097,501317,9498,9052,26,9078,139
2020-10-22,Stanislaus,099,539301,17660,17440,749,18189,395
2020-10-22,Sutter,101,95872,1844,1794,1,1795,12
2020-10-22,Tehama,103,63373,906,852,2,854,5
2020-10-22,Trinity,105,12862,58,26,7,33,0
2020-10-22,Tulare,107,460477,17726,17265,344,17609,293
2020-10-22,Tuolumne,109,53932,274,252,3,255,4
2020-10-22,Ventura,111,848112,14751,14124,324,14448,154
2020-10-22,Yolo,113,214977,3243,3116,9,3125,58
2020-10-22,Yuba,115,75493,1245,1199,5,1204,10
2020-10-21,Alameda,001,1643700,23471,22853,232,23085,392
2020-10-21,Alpine,003,1148,4,3,0,3,0
2020-10-21,Amador,005,37829,335,313,0,313,16
2020-10-21,Butte,007,227075,3172,3041,31,3072,55
2020-10-21,Calaveras,009,45235,330,272,0,272,13
2020-10-21,Colusa,011,21464,550,546,1,547,6
2020-10-21,Contra Costa,013,1133247,18877,18299,96,18395,243
2020-10-21,Del Norte,015,27424,173,169,0,169,2
2020-10-21,El Dorado,017,186661,1374,1305,2,1307,4
2020-10-21,Fresno,019,978130,33175,30328,452,30780,433
2020-10-21,Glenn,021,27897,668,640,1,641,3
2020-10-21,Humboldt,023,135768,560,548,1,549,7
2020-10-21,Imperial,025,180216,12808,12210,10,12220,331
2020-10-21,Inyo,027,18085,237,220,0,220,14
2020-10-21,Kern,029,883053,33781,32956,411,33367,430
2020-10-21,Kings,031,150075,8378,8186,57,8243,80
2020-10-21,Lake,033,64148,709,676,0,676,15
2020-10-21,Lassen,035,31185,767,764,2,766,0
2020-10-21,Los Angeles,037,10098052,298889,288096,2854,290950,6923
2020-10-21,Madera,039,155013,5001,4831,35,4866,52
2020-10-21,Marin,041,260295,7106,7002,19,7021,102
2020-10-21,Mariposa,043,17540,80,77,0,77,2
2020-10-21,Mendocino,045,87422,1066,1011,2,1013,21
2020-10-21,Merced,047,269075,9482,9319,32,9351,149
2020-10-21,Modoc,049,8938,33,26,0,26,0
2020-10-21,Mono,051,14174,187,156,4,160,1
2020-10-21,Monterey,053,433212,11274,11005,51,11056,83
2020-10-21,Napa,055,140530,2006,1918,5,1923,13
2020-10-21,Nevada,057,99092,630,597,16,613,8
2020-10-21,Orange,059,3164182,60372,57189,1747,58936,1409
2020-10-21,Placer,061,380077,4251,4007,13,4020,56
2020-10-21,Plumas,063,18699,69,58,0,58,0
2020-10-21,Riverside,065,2383286,66642,64778,308,65086,1278
2020-10-21,Sacramento,067,1510023,25348,24908,19,24927,490
2020-10-21,San Benito,069,59416,1424,1401,1,1402,14
2020-10-21,San Bernardino,071,2135413,62897,59948,422,60370,1141
2020-10-21,San Diego,073,3302833,55491,53279,1468,54747,863
2020-10-21,San Francisco,075,870044,12170,11976,45,12021,137
2020-10-21,San Joaquin,077,732212,21743,21201,188,21389,495
2020-10-21,San Luis Obispo,079,281455,4246,4055,22,4077,31
2020-10-21,San Mateo,081,765935,11261,10730,7,10737,155
2020-10-21,Santa Barbara,083,443738,10449,9681,79,9760,121
2020-10-21,Santa Clara,085,1922200,24887,23537,35,23572,361
2020-10-21,Santa Cruz,087,273765,2815,2729,36,2765,24
2020-10-21,Shasta,089,179085,2073,1777,19,1796,27
2020-10-21,Sierra,091,2930,6,6,0,6,0
2020-10-21,Siskiyou,093,43540,196,169,10,179,0
2020-10-21,Solano,095,438530,7298,7088,41,7129,59
2020-10-21,Sonoma,097,501317,9418,8987,26,9013,138
2020-10-21,Stanislaus,099,539301,17610,17419,741,18160,392
2020-10-21,Sutter,101,95872,1829,1786,1,1787,12
2020-10-21,Tehama,103,63373,890,824,2,826,5
2020-10-21,Trinity,105,12862,54,25,7,32,0
2020-10-21,Tulare,107,460477,17690,17204,330,17534,292
2020-10-21,Tuolumne,109,53932,273,251,3,254,4
2020-10-21,Ventura,111,848112,14688,14050,321,14371,153
2020-10-21,Yolo,113,214977,3224,3095,9,3104,58
2020-10-21,Yuba,115,75493,1236,1194,5,1199,10
2020-10-20,Alameda,001,1643700,23368,22750,228,22978,391
2020-10-20,Alpine,003,1148,4,3,0,3,0
2020-10-20,Amador,005,37829,334,313,0,313,16
2020-10-20,Butte,007,227075,3160,3027,31,3058,56
2020-10-20,Calaveras,009,45235,329,273,0,273,13
2020-10-20,Colusa,011,21464,547,546,1,547,6
2020-10-20,Contra Costa,013,1133247,18785,18246,96,18342,241
2020-10-20,Del Norte,015,27424,172,169,0,169,2
2020-10-20,El Dorado,017,186661,1368,1295,2,1297,4
2020-10-20,Fresno,019,978130,33072,30220,446,30666,431
2020-10-20,Glenn,021,27897,663,638,1,639,3
2020-10-20,Humboldt,023,135768,556,545,1,546,7
2020-10-20,Imperial,025,180216,12739,12114,10,12124,330
2020-10-20,Inyo,027,18085,237,218,0,218,14
2020-10-20,Kern,029,883053,33706,32889,398,33287,429
2020-10-20,Kings,031,150075,8360,8178,56,8234,80
2020-10-20,Lake,033,64148,707,675,0,675,15
2020-10-20,Lassen,035,31185,766,757,2,759,0
2020-10-20,Los Angeles,037,10098052,297398,287727,2802,290529,6891
2020-10-20,Madera,039,155013,4984,4823,35,4858,52
2020-10-20,Marin,041,260295,7091,6994,19,7013,101
2020-10-20,Mariposa,043,17540,79,77,0,77,2
2020-10-20,Mendocino,045,87422,1064,1004,2,1006,21
2020-10-20,Merced,047,269075,9460,9323,32,9355,149
2020-10-20,Modoc,049,8938,32,26,0,26,0
2020-10-20,Mono,051,14174,187,156,4,160,1
2020-10-20,Monterey,053,433212,11231,10942,48,10990,81
2020-10-20,Napa,055,140530,1987,1912,5,1917,13
2020-10-20,Nevada,057,99092,620,596,16,612,8
2020-10-20,Orange,059,3164182,60109,56914,1737,58651,1397
2020-10-20,Placer,061,380077,4213,3997,13,4010,56
2020-10-20,Plumas,063,18699,66,53,0,53,0
2020-10-20,Riverside,065,2383286,66261,64452,296,64748,1275
2020-10-20,Sacramento,067,1510023,25221,24767,18,24785,485
2020-10-20,San Benito,069,59416,1421,1398,1,1399,14
2020-10-20,San Bernardino,071,2135413,62516,59571,420,59991,1109
2020-10-20,San Diego,073,3302833,55155,53004,1448,54452,857
2020-10-20,San Francisco,075,870044,12123,12013,44,12057,126
2020-10-20,San Joaquin,077,732212,21665,21173,176,21349,490
2020-10-20,San Luis Obispo,079,281455,4228,4043,21,4064,31
2020-10-20,San Mateo,081,765935,11215,10659,7,10666,155
2020-10-20,Santa Barbara,083,443738,10420,9664,77,9741,121
2020-10-20,Santa Clara,085,1922200,24750,23406,35,23441,358
2020-10-20,Santa Cruz,087,273765,2792,2710,36,2746,23
2020-10-20,Shasta,089,179085,2050,1747,19,1766,20
2020-10-20,Sierra,091,2930,6,6,0,6,0
2020-10-20,Siskiyou,093,43540,188,168,10,178,0
2020-10-20,Solano,095,438530,7249,7044,41,7085,57
2020-10-20,Sonoma,097,501317,9355,8904,24,8928,135
2020-10-20,Stanislaus,099,539301,17556,17367,737,18104,393
2020-10-20,Sutter,101,95872,1820,1783,1,1784,12
2020-10-20,Tehama,103,63373,875,813,2,815,5
2020-10-20,Trinity,105,12862,53,25,7,32,0
2020-10-20,Tulare,107,460477,17624,17156,324,17480,289
2020-10-20,Tuolumne,109,53932,271,250,3,253,4
2020-10-20,Ventura,111,848112,14624,13980,319,14299,152
2020-10-20,Yolo,113,214977,3201,3083,9,3092,56
2020-10-20,Yuba,115,75493,1226,1191,5,1196,10
2020-10-19,Alameda,001,1643700,23257,22647,227,22874,392
2020-10-19,Alpine,003,1148,4,3,0,3,0
2020-10-19,Amador,005,37829,328,313,0,313,16
2020-10-19,Butte,007,227075,3149,3026,31,3057,55
2020-10-19,Calaveras,009,45235,328,268,0,268,13
2020-10-19,Colusa,011,21464,547,544,1,545,6
2020-10-19,Contra Costa,013,1133247,18687,18173,96,18269,239
2020-10-19,Del Norte,015,27424,169,167,0,167,2
2020-10-19,El Dorado,017,186661,1347,1287,2,1289,4
2020-10-19,Fresno,019,978130,32964,30152,440,30592,431
2020-10-19,Glenn,021,27897,658,635,0,635,3
2020-10-19,Humboldt,023,135768,556,543,1,544,7
2020-10-19,Imperial,025,180216,12685,12036,9,12045,330
2020-10-19,Inyo,027,18085,236,218,0,218,14
2020-10-19,Kern,029,883053,33631,32840,395,33235,428
2020-10-19,Kings,031,150075,8342,8173,56,8229,80
2020-10-19,Lake,033,64148,704,673,0,673,15
2020-10-19,Lassen,035,31185,765,757,2,759,0
2020-10-19,Los Angeles,037,10098052,295913,287119,2762,289881,6858
2020-10-19,Madera,039,155013,4969,4787,35,4822,52
2020-10-19,Marin,041,260295,7073,6981,19,7000,100
2020-10-19,Mariposa,043,17540,79,77,0,77,2
2020-10-19,Mendocino,045,87422,1059,1001,2,1003,21
2020-10-19,Merced,047,269075,9436,9305,27,9332,148
2020-10-19,Modoc,049,8938,31,26,0,26,0
2020-10-19,Mono,051,14174,182,156,4,160,1
2020-10-19,Monterey,053,433212,11170,10907,48,10955,80
2020-10-19,Napa,055,140530,1973,1892,5,1897,12
2020-10-19,Nevada,057,99092,617,590,16,606,8
2020-10-19,Orange,059,3164182,59823,56652,1723,58375,1396
2020-10-19,Placer,061,380077,4165,3962,13,3975,49
2020-10-19,Plumas,063,18699,64,52,0,52,0
2020-10-19,Riverside,065,2383286,65831,64016,279,64295,1272
2020-10-19,Sacramento,067,1510023,25082,24542,18,24560,483
2020-10-19,San Benito,069,59416,1414,1395,1,1396,14
2020-10-19,San Bernardino,071,2135413,62067,59265,408,59673,1100
2020-10-19,San Diego,073,3302833,54769,52739,1422,54161,853
2020-10-19,San Francisco,075,870044,12079,11879,44,11923,126
2020-10-19,San Joaquin,077,732212,21590,20930,168,21098,489
2020-10-19,San Luis Obispo,079,281455,4212,4016,21,4037,31
2020-10-19,San Mateo,081,765935,11169,10568,7,10575,154
2020-10-19,Santa Barbara,083,443738,10385,9632,77,9709,121
2020-10-19,Santa Clara,085,1922200,24599,23301,35,23336,352
2020-10-19,Santa Cruz,087,273765,2775,2705,36,2741,19
2020-10-19,Shasta,089,179085,2006,1709,18,1727,20
2020-10-19,Sierra,091,2930,6,6,0,6,0
2020-10-19,Siskiyou,093,43540,181,167,10,177,0
2020-10-19,Solano,095,438530,7208,7003,41,7044,57
2020-10-19,Sonoma,097,501317,9268,8830,24,8854,135
2020-10-19,Stanislaus,099,539301,17505,17342,727,18069,390
2020-10-19,Sutter,101,95872,1815,1773,1,1774,12
2020-10-19,Tehama,103,63373,872,793,2,795,5
2020-10-19,Trinity,105,12862,51,23,7,30,0
2020-10-19,Tulare,107,460477,17575,17047,316,17363,291
2020-10-19,Tuolumne,109,53932,269,247,3,250,4
2020-10-19,Ventura,111,848112,14558,13930,316,14246,152
2020-10-19,Yolo,113,214977,3188,3069,9,3078,56
2020-10-19,Yuba,115,75493,1219,1183,5,1188,10
2020-10-18,Alameda,001,1643700,23153,22546,226,22772,392
2020-10-18,Alpine,003,1148,4,3,0,3,0
2020-10-18,Amador,005,37829,316,313,0,313,16
2020-10-18,Butte,007,227075,3136,3019,31,3050,55
2020-10-18,Calaveras,009,45235,327,267,0,267,13
2020-10-18,Colusa,011,21464,545,544,1,545,6
2020-10-18,Contra Costa,013,1133247,18588,18120,96,18216,237
2020-10-18,Del Norte,015,27424,169,167,0,167,2
2020-10-18,El Dorado,017,186661,1338,1283,2,1285,4
2020-10-18,Fresno,019,978130,32839,30051,432,30483,430
2020-10-18,Glenn,021,27897,656,634,0,634,3
2020-10-18,Humboldt,023,135768,553,540,1,541,7
2020-10-18,Imperial,025,180216,12623,11987,8,11995,330
2020-10-18,Inyo,027,18085,233,215,0,215,14
2020-10-18,Kern,029,883053,33558,32799,388,33187,428
2020-10-18,Kings,031,150075,8327,8159,56,8215,80
2020-10-18,Lake,033,64148,697,670,0,670,15
2020-10-18,Lassen,035,31185,765,757,2,759,0
2020-10-18,Los Angeles,037,10098052,294208,286187,2716,288903,6857
2020-10-18,Madera,039,155013,4944,4770,34,4804,52
2020-10-18,Marin,041,260295,7052,6969,19,6988,99
2020-10-18,Mariposa,043,17540,79,77,0,77,2
2020-10-18,Mendocino,045,87422,1057,988,2,990,21
2020-10-18,Merced,047,269075,9401,9292,27,9319,148
2020-10-18,Modoc,049,8938,30,26,0,26,0
2020-10-18,Mono,051,14174,177,155,4,159,1
2020-10-18,Monterey,053,433212,11118,10872,47,10919,80
2020-10-18,Napa,055,140530,1960,1882,5,1887,12
2020-10-18,Nevada,057,99092,611,582,16,598,8
2020-10-18,Orange,059,3164182,59525,56394,1707,58101,1396
2020-10-18,Placer,061,380077,4117,3938,13,3951,49
2020-10-18,Plumas,063,18699,62,52,0,52,0
2020-10-18,Riverside,065,2383286,65519,63765,258,64023,1270
2020-10-18,Sacramento,067,1510023,24927,24425,18,24443,482
2020-10-18,San Benito,069,59416,1407,1395,1,1396,14
2020-10-18,San Bernardino,071,2135413,61568,58893,400,59293,1098
2020-10-18,San Diego,073,3302833,54380,52359,1401,53760,853
2020-10-18,San Francisco,075,870044,12040,11878,44,11922,126
2020-10-18,San Joaquin,077,732212,21508,20931,155,21086,489
2020-10-18,San Luis Obispo,079,281455,4181,4009,19,4028,31
2020-10-18,San Mateo,081,765935,11110,10503,7,10510,154
2020-10-18,Santa Barbara,083,443738,10346,9608,76,9684,121
2020-10-18,Santa Clara,085,1922200,24425,23169,35,23204,352
2020-10-18,Santa Cruz,087,273765,2761,2692,36,2728,19
2020-10-18,Shasta,089,179085,1981,1708,18,1726,20
2020-10-18,Sierra,091,2930,6,6,0,6,0
2020-10-18,Siskiyou,093,43540,181,167,10,177,0
2020-10-18,Solano,095,438530,7161,6962,41,7003,57
2020-10-18,Sonoma,097,501317,9192,8781,22,8803,134
2020-10-18,Stanislaus,099,539301,17449,17290,718,18008,390
2020-10-18,Sutter,101,95872,1806,1764,1,1765,12
2020-10-18,Tehama,103,63373,840,774,2,776,5
2020-10-18,Trinity,105,12862,51,20,7,27,0
2020-10-18,Tulare,107,460477,17483,17048,306,17354,290
2020-10-18,Tuolumne,109,53932,264,245,3,248,4
2020-10-18,Ventura,111,848112,14479,13901,315,14216,151
2020-10-18,Yolo,113,214977,3149,3059,9,3068,55
2020-10-18,Yuba,115,75493,1208,1176,5,1181,10
2020-10-17,Alameda,001,1643700,23107,22394,224,22618,398
2020-10-17,Alpine,003,1148,4,3,0,3,0
2020-10-17,Amador,005,37829,314,309,0,309,16
2020-10-17,Butte,007,227075,3128,3012,29,3041,55
2020-10-17,Calaveras,009,45235,327,267,0,267,13
2020-10-17,Colusa,011,21464,544,544,1,545,6
2020-10-17,Contra Costa,013,1133247,18535,18005,96,18101,237
2020-10-17,Del Norte,015,27424,169,167,0,167,2
2020-10-17,El Dorado,017,186661,1334,1277,2,1279,4
2020-10-17,Fresno,019,978130,32785,29911,430,30341,430
2020-10-17,Glenn,021,27897,653,633,0,633,3
2020-10-17,Humboldt,023,135768,550,535,1,536,7
2020-10-17,Imperial,025,180216,12595,11962,8,11970,330
2020-10-17,Inyo,027,18085,228,212,0,212,14
2020-10-17,Kern,029,883053,33507,32710,385,33095,428
2020-10-17,Kings,031,150075,8321,8151,55,8206,80
2020-10-17,Lake,033,64148,694,663,0,663,15
2020-10-17,Lassen,035,31185,765,757,2,759,0
2020-10-17,Los Angeles,037,10098052,293455,285858,2688,288546,6844
2020-10-17,Madera,039,155013,4938,4759,34,4793,53
2020-10-17,Marin,041,260295,7049,6958,19,6977,99
2020-10-17,Mariposa,043,17540,78,77,0,77,2
2020-10-17,Mendocino,045,87422,1050,977,2,979,21
2020-10-17,Merced,047,269075,9387,9275,27,9302,148
2020-10-17,Modoc,049,8938,30,26,0,26,0
2020-10-17,Mono,051,14174,176,155,4,159,1
2020-10-17,Monterey,053,433212,11078,10807,46,10853,80
2020-10-17,Napa,055,140530,1953,1866,5,1871,12
2020-10-17,Nevada,057,99092,610,580,16,596,8
2020-10-17,Orange,059,3164182,59384,56197,1699,57896,1396
2020-10-17,Placer,061,380077,4090,3898,13,3911,49
2020-10-17,Plumas,063,18699,62,52,0,52,0
2020-10-17,Riverside,065,2383286,65321,63171,248,63419,1270
2020-10-17,Sacramento,067,1510023,24843,24304,18,24322,482
2020-10-17,San Benito,069,59416,1403,1389,1,1390,14
2020-10-17,San Bernardino,071,2135413,61298,58415,393,58808,1097
2020-10-17,San Diego,073,3302833,54155,51986,1390,53376,853
2020-10-17,San Francisco,075,870044,12012,11877,43,11920,126
2020-10-17,San Joaquin,077,732212,21454,20932,149,21081,489
2020-10-17,San Luis Obispo,079,281455,4166,3979,19,3998,31
2020-10-17,San Mateo,081,765935,11082,10423,7,10430,153
2020-10-17,Santa Barbara,083,443738,10327,9588,74,9662,121
2020-10-17,Santa Clara,085,1922200,24336,22997,35,23032,349
2020-10-17,Santa Cruz,087,273765,2747,2680,36,2716,19
2020-10-17,Shasta,089,179085,1955,1679,18,1697,20
2020-10-17,Sierra,091,2930,6,6,0,6,0
2020-10-17,Siskiyou,093,43540,180,167,10,177,0
2020-10-17,Solano,095,438530,7135,6929,41,6970,57
2020-10-17,Sonoma,097,501317,9149,8725,22,8747,134
2020-10-17,Stanislaus,099,539301,17410,17232,708,17940,390
2020-10-17,Sutter,101,95872,1804,1762,1,1763,12
2020-10-17,Tehama,103,63373,824,764,2,766,5
2020-10-17,Trinity,105,12862,51,20,7,27,0
2020-10-17,Tulare,107,460477,17453,16995,297,17292,290
2020-10-17,Tuolumne,109,53932,264,241,3,244,4
2020-10-17,Ventura,111,848112,14434,13845,312,14157,151
2020-10-17,Yolo,113,214977,3134,3045,7,3052,55
2020-10-17,Yuba,115,75493,1203,1164,5,1169,10
2020-10-16,Alameda,001,1643700,23053,22315,224,22539,397
2020-10-16,Alpine,003,1148,4,3,0,3,0
2020-10-16,Amador,005,37829,314,309,0,309,16
2020-10-16,Butte,007,227075,3117,3004,29,3033,54
2020-10-16,Calaveras,009,45235,327,267,0,267,13
2020-10-16,Colusa,011,21464,543,544,1,545,6
2020-10-16,Contra Costa,013,1133247,18482,17956,96,18052,237
2020-10-16,Del Norte,015,27424,169,166,0,166,2
2020-10-16,El Dorado,017,186661,1328,1273,2,1275,4
2020-10-16,Fresno,019,978130,32710,29796,428,30224,427
2020-10-16,Glenn,021,27897,648,632,0,632,3
2020-10-16,Humboldt,023,135768,550,533,1,534,7
2020-10-16,Imperial,025,180216,12555,11885,8,11893,330
2020-10-16,Inyo,027,18085,224,212,0,212,14
2020-10-16,Kern,029,883053,33464,32660,383,33043,428
2020-10-16,Kings,031,150075,8312,8146,54,8200,80
2020-10-16,Lake,033,64148,692,644,0,644,14
2020-10-16,Lassen,035,31185,765,757,2,759,0
2020-10-16,Los Angeles,037,10098052,292393,284988,2666,287654,6835
2020-10-16,Madera,039,155013,4926,4736,33,4769,53
2020-10-16,Marin,041,260295,7039,6933,19,6952,99
2020-10-16,Mariposa,043,17540,78,76,0,76,2
2020-10-16,Mendocino,045,87422,1043,974,2,976,21
2020-10-16,Merced,047,269075,9370,9246,27,9273,148
2020-10-16,Modoc,049,8938,30,26,0,26,0
2020-10-16,Mono,051,14174,174,155,4,159,1
2020-10-16,Monterey,053,433212,11044,10727,46,10773,79
2020-10-16,Napa,055,140530,1944,1855,5,1860,12
2020-10-16,Nevada,057,99092,608,579,16,595,8
2020-10-16,Orange,059,3164182,59207,56091,1692,57783,1388
2020-10-16,Placer,061,380077,4070,3864,13,3877,49
2020-10-16,Plumas,063,18699,61,52,0,52,0
2020-10-16,Riverside,065,2383286,65096,62986,247,63233,1267
2020-10-16,Sacramento,067,1510023,24749,24144,18,24162,479
2020-10-16,San Benito,069,59416,1400,1388,1,1389,14
2020-10-16,San Bernardino,071,2135413,61029,58233,393,58626,1069
2020-10-16,San Diego,073,3302833,53913,51785,1376,53161,850
2020-10-16,San Francisco,075,870044,11990,11840,42,11882,126
2020-10-16,San Joaquin,077,732212,21409,20910,148,21058,489
2020-10-16,San Luis Obispo,079,281455,4152,3952,19,3971,32
2020-10-16,San Mateo,081,765935,11057,10405,7,10412,153
2020-10-16,Santa Barbara,083,443738,10309,9549,74,9623,119
2020-10-16,Santa Clara,085,1922200,24250,22920,35,22955,345
2020-10-16,Santa Cruz,087,273765,2734,2666,36,2702,20
2020-10-16,Shasta,089,179085,1933,1660,18,1678,20
2020-10-16,Sierra,091,2930,6,6,0,6,0
2020-10-16,Siskiyou,093,43540,178,167,10,177,0
2020-10-16,Solano,095,438530,7112,6879,41,6920,55
2020-10-16,Sonoma,097,501317,9093,8652,22,8674,133
2020-10-16,Stanislaus,099,539301,17377,17201,699,17900,366
2020-10-16,Sutter,101,95872,1796,1756,1,1757,12
2020-10-16,Tehama,103,63373,823,737,2,739,3
2020-10-16,Trinity,105,12862,51,20,7,27,0
2020-10-16,Tulare,107,460477,17421,16965,289,17254,290
2020-10-16,Tuolumne,109,53932,261,237,3,240,4
2020-10-16,Ventura,111,848112,14391,13805,307,14112,152
2020-10-16,Yolo,113,214977,3125,3030,7,3037,55
2020-10-16,Yuba,115,75493,1203,1155,5,1160,10
2020-10-15,Alameda,001,1643700,22985,22267,223,22490,390
2020-10-15,Alpine,003,1148,4,3,0,3,0
2020-10-15,Amador,005,37829,314,309,0,309,16
2020-10-15,Butte,007,227075,3105,3000,28,3028,54
2020-10-15,Calaveras,009,45235,326,267,0,267,13
2020-10-15,Colusa,011,21464,542,543,1,544,6
2020-10-15,Contra Costa,013,1133247,18415,17893,95,17988,237
2020-10-15,Del Norte,015,27424,169,164,0,164,2
2020-10-15,El Dorado,017,186661,1323,1265,2,1267,4
2020-10-15,Fresno,019,978130,32613,29727,426,30153,425
2020-10-15,Glenn,021,27897,643,632,0,632,3
2020-10-15,Humboldt,023,135768,546,531,1,532,7
2020-10-15,Imperial,025,180216,12514,11820,7,11827,330
2020-10-15,Inyo,027,18085,224,210,0,210,14
2020-10-15,Kern,029,883053,33383,32593,380,32973,427
2020-10-15,Kings,031,150075,8297,8134,54,8188,80
2020-10-15,Lake,033,64148,690,642,0,642,14
2020-10-15,Lassen,035,31185,764,752,2,754,0
2020-10-15,Los Angeles,037,10098052,291114,284019,2627,286646,6807
2020-10-15,Madera,039,155013,4914,4723,32,4755,50
2020-10-15,Marin,041,260295,7031,6912,19,6931,99
2020-10-15,Mariposa,043,17540,78,76,0,76,2
2020-10-15,Mendocino,045,87422,1038,963,2,965,21
2020-10-15,Merced,047,269075,9343,9213,27,9240,147
2020-10-15,Modoc,049,8938,30,26,0,26,0
2020-10-15,Mono,051,14174,174,155,4,159,1
2020-10-15,Monterey,053,433212,10977,10677,45,10722,79
2020-10-15,Napa,055,140530,1931,1842,5,1847,12
2020-10-15,Nevada,057,99092,604,575,16,591,8
2020-10-15,Orange,059,3164182,58991,55952,1680,57632,1379
2020-10-15,Placer,061,380077,4042,3848,13,3861,48
2020-10-15,Plumas,063,18699,58,52,0,52,0
2020-10-15,Riverside,065,2383286,64765,62819,244,63063,1266
2020-10-15,Sacramento,067,1510023,24633,24068,18,24086,474
2020-10-15,San Benito,069,59416,1397,1384,1,1385,14
2020-10-15,San Bernardino,071,2135413,60690,58068,390,58458,1067
2020-10-15,San Diego,073,3302833,53629,51472,1360,52832,847
2020-10-15,San Francisco,075,870044,11962,11808,39,11847,126
2020-10-15,San Joaquin,077,732212,21336,20880,142,21022,487
2020-10-15,San Luis Obispo,079,281455,4137,3934,19,3953,32
2020-10-15,San Mateo,081,765935,11017,10340,7,10347,152
2020-10-15,Santa Barbara,083,443738,10285,9526,73,9599,117
2020-10-15,Santa Clara,085,1922200,24134,22808,35,22843,343
2020-10-15,Santa Cruz,087,273765,2720,2656,36,2692,13
2020-10-15,Shasta,089,179085,1922,1635,18,1653,20
2020-10-15,Sierra,091,2930,6,6,0,6,0
2020-10-15,Siskiyou,093,43540,174,166,10,176,0
2020-10-15,Solano,095,438530,7073,6830,41,6871,55
2020-10-15,Sonoma,097,501317,9001,8571,22,8593,133
2020-10-15,Stanislaus,099,539301,17339,17151,685,17836,366
2020-10-15,Sutter,101,95872,1793,1752,1,1753,12
2020-10-15,Tehama,103,63373,796,726,2,728,3
2020-10-15,Trinity,105,12862,51,20,7,27,0
2020-10-15,Tulare,107,460477,17361,16918,273,17191,289
2020-10-15,Tuolumne,109,53932,259,236,3,239,4
2020-10-15,Ventura,111,848112,14335,13750,302,14052,152
2020-10-15,Yolo,113,214977,3105,3014,7,3021,55
2020-10-15,Yuba,115,75493,1196,1151,5,1156,10
2020-10-14,Alameda,001,1643700,22887,22227,222,22449,398
2020-10-14,Alpine,003,1148,4,3,0,3,0
2020-10-14,Amador,005,37829,312,308,0,308,16
2020-10-14,Butte,007,227075,3097,2995,28,3023,54
2020-10-14,Calaveras,009,45235,326,266,0,266,12
2020-10-14,Colusa,011,21464,542,543,1,544,6
2020-10-14,Contra Costa,013,1133247,18358,17820,93,17913,236
2020-10-14,Del Norte,015,27424,168,163,0,163,2
2020-10-14,El Dorado,017,186661,1317,1264,2,1266,4
2020-10-14,Fresno,019,978130,32500,29650,422,30072,424
2020-10-14,Glenn,021,27897,642,629,0,629,3
2020-10-14,Humboldt,023,135768,543,531,1,532,7
2020-10-14,Imperial,025,180216,12477,11765,6,11771,330
2020-10-14,Inyo,027,18085,223,209,0,209,14
2020-10-14,Kern,029,883053,33308,32528,377,32905,425
2020-10-14,Kings,031,150075,8280,8118,53,8171,80
2020-10-14,Lake,033,64148,689,642,0,642,14
2020-10-14,Lassen,035,31185,762,752,2,754,0
2020-10-14,Los Angeles,037,10098052,289800,282918,2582,285500,6786
2020-10-14,Madera,039,155013,4899,4713,31,4744,50
2020-10-14,Marin,041,260295,7025,6907,19,6926,99
2020-10-14,Mariposa,043,17540,77,76,0,76,2
2020-10-14,Mendocino,045,87422,1032,955,2,957,21
2020-10-14,Merced,047,269075,9318,9201,25,9226,147
2020-10-14,Modoc,049,8938,30,27,0,27,0
2020-10-14,Mono,051,14174,174,155,4,159,1
2020-10-14,Monterey,053,433212,10926,10616,45,10661,78
2020-10-14,Napa,055,140530,1914,1837,5,1842,12
2020-10-14,Nevada,057,99092,602,573,16,589,7
2020-10-14,Orange,059,3164182,58778,55756,1670,57426,1348
2020-10-14,Placer,061,380077,4019,3829,13,3842,48
2020-10-14,Plumas,063,18699,54,52,0,52,0
2020-10-14,Riverside,065,2383286,64482,62607,243,62850,1261
2020-10-14,Sacramento,067,1510023,24489,24013,18,24031,472
2020-10-14,San Benito,069,59416,1395,1381,0,1381,14
2020-10-14,San Bernardino,071,2135413,60364,57774,387,58161,1063
2020-10-14,San Diego,073,3302833,53310,51329,1336,52665,844
2020-10-14,San Francisco,075,870044,11930,11783,38,11821,123
2020-10-14,San Joaquin,077,732212,21257,20845,128,20973,487
2020-10-14,San Luis Obispo,079,281455,4114,3901,18,3919,32
2020-10-14,San Mateo,081,765935,10966,10309,7,10316,132
2020-10-14,Santa Barbara,083,443738,10250,9509,73,9582,117
2020-10-14,Santa Clara,085,1922200,23986,22735,35,22770,343
2020-10-14,Santa Cruz,087,273765,2710,2618,36,2654,13
2020-10-14,Shasta,089,179085,1884,1553,18,1571,20
2020-10-14,Sierra,091,2930,6,6,0,6,0
2020-10-14,Siskiyou,093,43540,174,166,10,176,0
2020-10-14,Solano,095,438530,7017,6786,41,6827,55
2020-10-14,Sonoma,097,501317,8948,8514,22,8536,133
2020-10-14,Stanislaus,099,539301,17294,17105,682,17787,365
2020-10-14,Sutter,101,95872,1784,1747,1,1748,12
2020-10-14,Tehama,103,63373,785,721,2,723,3
2020-10-14,Trinity,105,12862,50,20,7,27,0
2020-10-14,Tulare,107,460477,17299,16863,260,17123,287
2020-10-14,Tuolumne,109,53932,258,236,3,239,4
2020-10-14,Ventura,111,848112,14282,13697,298,13995,152
2020-10-14,Yolo,113,214977,3087,3007,7,3014,55
2020-10-14,Yuba,115,75493,1188,1147,5,1152,10
2020-10-13,Alameda,001,1643700,22783,22185,220,22405,389
2020-10-13,Alpine,003,1148,4,3,0,3,0
2020-10-13,Amador,005,37829,310,306,0,306,16
2020-10-13,Butte,007,227075,3088,2992,28,3020,54
2020-10-13,Calaveras,009,45235,322,262,0,262,12
2020-10-13,Colusa,011,21464,542,541,1,542,6
2020-10-13,Contra Costa,013,1133247,18300,17783,93,17876,234
2020-10-13,Del Norte,015,27424,168,163,0,163,2
2020-10-13,El Dorado,017,186661,1308,1262,2,1264,4
2020-10-13,Fresno,019,978130,32379,29579,418,29997,424
2020-10-13,Glenn,021,27897,641,629,0,629,3
2020-10-13,Humboldt,023,135768,541,523,1,524,7
2020-10-13,Imperial,025,180216,12442,11727,6,11733,327
2020-10-13,Inyo,027,18085,220,207,0,207,14
2020-10-13,Kern,029,883053,33233,32497,375,32872,419
2020-10-13,Kings,031,150075,8271,8111,53,8164,80
2020-10-13,Lake,033,64148,686,639,0,639,12
2020-10-13,Lassen,035,31185,760,752,2,754,0
2020-10-13,Los Angeles,037,10098052,288525,281716,2539,284255,6767
2020-10-13,Madera,039,155013,4881,4700,31,4731,50
2020-10-13,Marin,041,260295,7003,6900,18,6918,97
2020-10-13,Mariposa,043,17540,77,76,0,76,2
2020-10-13,Mendocino,045,87422,1023,950,2,952,21
2020-10-13,Merced,047,269075,9301,9181,25,9206,146
2020-10-13,Modoc,049,8938,29,28,0,28,0
2020-10-13,Mono,051,14174,174,155,3,158,1
2020-10-13,Monterey,053,433212,10865,10574,44,10618,78
2020-10-13,Napa,055,140530,1905,1825,5,1830,12
2020-10-13,Nevada,057,99092,596,572,16,588,7
2020-10-13,Orange,059,3164182,58566,55515,1656,57171,1326
2020-10-13,Placer,061,380077,3982,3825,13,3838,48
2020-10-13,Plumas,063,18699,52,51,0,51,0
2020-10-13,Riverside,065,2383286,64163,62279,241,62520,1254
2020-10-13,Sacramento,067,1510023,24412,23930,18,23948,466
2020-10-13,San Benito,069,59416,1387,1380,0,1380,14
2020-10-13,San Bernardino,071,2135413,60024,57411,385,57796,1061
2020-10-13,San Diego,073,3302833,53017,51026,1319,52345,840
2020-10-13,San Francisco,075,870044,11895,11659,38,11697,122
2020-10-13,San Joaquin,077,732212,21195,20822,124,20946,481
2020-10-13,San Luis Obispo,079,281455,4103,3892,17,3909,32
2020-10-13,San Mateo,081,765935,10923,10286,7,10293,130
2020-10-13,Santa Barbara,083,443738,10219,9489,73,9562,117
2020-10-13,Santa Clara,085,1922200,23859,22678,35,22713,343
2020-10-13,Santa Cruz,087,273765,2692,2603,36,2639,13
2020-10-13,Shasta,089,179085,1860,1606,18,1624,20
2020-10-13,Sierra,091,2930,6,6,0,6,0
2020-10-13,Siskiyou,093,43540,173,163,10,173,0
2020-10-13,Solano,095,438530,6982,6761,41,6802,55
2020-10-13,Sonoma,097,501317,8865,8456,22,8478,133
2020-10-13,Stanislaus,099,539301,17249,17082,677,17759,362
2020-10-13,Sutter,101,95872,1775,1748,1,1749,12
2020-10-13,Tehama,103,63373,777,717,2,719,3
2020-10-13,Trinity,105,12862,46,19,6,25,0
2020-10-13,Tulare,107,460477,17240,16822,252,17074,286
2020-10-13,Tuolumne,109,53932,256,235,3,238,4
2020-10-13,Ventura,111,848112,14229,13645,293,13938,151
2020-10-13,Yolo,113,214977,3079,2983,6,2989,55
2020-10-13,Yuba,115,75493,1183,1143,5,1148,10
2020-10-12,Alameda,001,1643700,22703,22126,219,22345,389
2020-10-12,Alpine,003,1148,4,3,0,3,0
2020-10-12,Amador,005,37829,309,305,0,305,16
2020-10-12,Butte,007,227075,3082,2975,28,3003,54
2020-10-12,Calaveras,009,45235,322,262,0,262,12
2020-10-12,Colusa,011,21464,542,541,1,542,6
2020-10-12,Contra Costa,013,1133247,18225,17728,93,17821,233
2020-10-12,Del Norte,015,27424,168,161,0,161,2
2020-10-12,El Dorado,017,186661,1305,1254,2,1256,4
2020-10-12,Fresno,019,978130,32246,29523,414,29937,421
2020-10-12,Glenn,021,27897,640,626,0,626,3
2020-10-12,Humboldt,023,135768,538,522,1,523,7
2020-10-12,Imperial,025,180216,12403,11689,6,11695,328
2020-10-12,Inyo,027,18085,217,201,0,201,14
2020-10-12,Kern,029,883053,33140,32425,372,32797,419
2020-10-12,Kings,031,150075,8265,8106,52,8158,80
2020-10-12,Lake,033,64148,680,633,0,633,12
2020-10-12,Lassen,035,31185,760,752,2,754,0
2020-10-12,Los Angeles,037,10098052,287310,280961,2509,283470,6747
2020-10-12,Madera,039,155013,4862,4689,31,4720,50
2020-10-12,Marin,041,260295,6986,6886,18,6904,97
2020-10-12,Mariposa,043,17540,77,76,0,76,2
2020-10-12,Mendocino,045,87422,1017,947,2,949,21
2020-10-12,Merced,047,269075,9280,9141,25,9166,146
2020-10-12,Modoc,049,8938,29,27,0,27,0
2020-10-12,Mono,051,14174,174,154,3,157,1
2020-10-12,Monterey,053,433212,10799,10473,44,10517,77
2020-10-12,Napa,055,140530,1897,1819,5,1824,11
2020-10-12,Nevada,057,99092,592,570,16,586,7
2020-10-12,Orange,059,3164182,58336,55373,1646,57019,1326
2020-10-12,Placer,061,380077,3950,3808,12,3820,48
2020-10-12,Plumas,063,18699,52,51,0,51,0
2020-10-12,Riverside,065,2383286,63851,62279,238,62517,1254
2020-10-12,Sacramento,067,1510023,24306,23807,18,23825,466
2020-10-12,San Benito,069,59416,1384,1376,0,1376,13
2020-10-12,San Bernardino,071,2135413,59651,57235,384,57619,1061
2020-10-12,San Diego,073,3302833,52727,50748,1292,52040,826
2020-10-12,San Francisco,075,870044,11863,11659,38,11697,122
2020-10-12,San Joaquin,077,732212,21132,20701,118,20819,480
2020-10-12,San Luis Obispo,079,281455,4079,3874,17,3891,32
2020-10-12,San Mateo,081,765935,10875,10262,7,10269,130
2020-10-12,Santa Barbara,083,443738,10182,9462,73,9535,117
2020-10-12,Santa Clara,085,1922200,23744,22578,35,22613,343
2020-10-12,Santa Cruz,087,273765,2675,2590,36,2626,13
2020-10-12,Shasta,089,179085,1835,1515,18,1533,20
2020-10-12,Sierra,091,2930,6,6,0,6,0
2020-10-12,Siskiyou,093,43540,172,162,10,172,0
2020-10-12,Solano,095,438530,6943,6742,41,6783,55
2020-10-12,Sonoma,097,501317,8794,8377,22,8399,133
2020-10-12,Stanislaus,099,539301,17200,17051,668,17719,361
2020-10-12,Sutter,101,95872,1767,1741,1,1742,12
2020-10-12,Tehama,103,63373,761,708,2,710,3
2020-10-12,Trinity,105,12862,45,19,6,25,0
2020-10-12,Tulare,107,460477,17188,16742,245,16987,286
2020-10-12,Tuolumne,109,53932,251,234,3,237,4
2020-10-12,Ventura,111,848112,14167,13617,289,13906,151
2020-10-12,Yolo,113,214977,3064,2964,6,2970,55
2020-10-12,Yuba,115,75493,1172,1141,5,1146,10
2020-10-11,Alameda,001,1643700,22613,22057,215,22272,392
2020-10-11,Alpine,003,1148,4,3,0,3,0
2020-10-11,Amador,005,37829,307,305,0,305,16
2020-10-11,Butte,007,227075,3074,2967,27,2994,54
2020-10-11,Calaveras,009,45235,320,262,0,262,12
2020-10-11,Colusa,011,21464,540,541,1,542,6
2020-10-11,Contra Costa,013,1133247,18143,17678,93,17771,233
2020-10-11,Del Norte,015,27424,166,161,0,161,2
2020-10-11,El Dorado,017,186661,1296,1242,2,1244,4
2020-10-11,Fresno,019,978130,32108,29419,407,29826,421
2020-10-11,Glenn,021,27897,638,625,0,625,3
2020-10-11,Humboldt,023,135768,537,521,1,522,7
2020-10-11,Imperial,025,180216,12343,11614,6,11620,328
2020-10-11,Inyo,027,18085,213,201,0,201,14
2020-10-11,Kern,029,883053,33053,32399,365,32764,418
2020-10-11,Kings,031,150075,8248,8094,51,8145,80
2020-10-11,Lake,033,64148,667,631,0,631,12
2020-10-11,Lassen,035,31185,759,752,2,754,0
2020-10-11,Los Angeles,037,10098052,285873,280190,2467,282657,6745
2020-10-11,Madera,039,155013,4834,4680,30,4710,50
2020-10-11,Marin,041,260295,6977,6870,18,6888,97
2020-10-11,Mariposa,043,17540,77,76,0,76,2
2020-10-11,Mendocino,045,87422,1010,944,2,946,21
2020-10-11,Merced,047,269075,9262,9124,25,9149,146
2020-10-11,Modoc,049,8938,29,27,0,27,0
2020-10-11,Mono,051,14174,174,154,3,157,1
2020-10-11,Monterey,053,433212,10748,10445,42,10487,77
2020-10-11,Napa,055,140530,1881,1811,5,1816,11
2020-10-11,Nevada,057,99092,590,569,16,585,7
2020-10-11,Orange,059,3164182,58106,55202,1639,56841,1326
2020-10-11,Placer,061,380077,3929,3787,12,3799,48
2020-10-11,Plumas,063,18699,52,51,0,51,0
2020-10-11,Riverside,065,2383286,63562,62112,234,62346,1254
2020-10-11,Sacramento,067,1510023,24164,23778,18,23796,466
2020-10-11,San Benito,069,59416,1383,1374,0,1374,13
2020-10-11,San Bernardino,071,2135413,59198,56997,380,57377,1061
2020-10-11,San Diego,073,3302833,52377,50553,1270,51823,826
2020-10-11,San Francisco,075,870044,11820,11659,38,11697,122
2020-10-11,San Joaquin,077,732212,21057,20700,108,20808,480
2020-10-11,San Luis Obispo,079,281455,4062,3874,16,3890,32
2020-10-11,San Mateo,081,765935,10844,10240,7,10247,130
2020-10-11,Santa Barbara,083,443738,10152,9440,72,9512,117
2020-10-11,Santa Clara,085,1922200,23601,22487,34,22521,336
2020-10-11,Santa Cruz,087,273765,2661,2578,36,2614,13
2020-10-11,Shasta,089,179085,1805,1515,17,1532,20
2020-10-11,Sierra,091,2930,6,6,0,6,0
2020-10-11,Siskiyou,093,43540,171,162,10,172,0
2020-10-11,Solano,095,438530,6889,6685,41,6726,53
2020-10-11,Sonoma,097,501317,8737,8319,22,8341,133
2020-10-11,Stanislaus,099,539301,17136,17007,651,17658,360
2020-10-11,Sutter,101,95872,1764,1742,1,1743,12
2020-10-11,Tehama,103,63373,737,702,2,704,3
2020-10-11,Trinity,105,12862,45,19,6,25,0
2020-10-11,Tulare,107,460477,17125,16741,237,16978,286
2020-10-11,Tuolumne,109,53932,247,234,3,237,4
2020-10-11,Ventura,111,848112,14106,13604,284,13888,151
2020-10-11,Yolo,113,214977,3034,2952,6,2958,55
2020-10-11,Yuba,115,75493,1160,1137,5,1142,10
2020-10-10,Alameda,001,1643700,22563,21979,214,22193,398
2020-10-10,Alpine,003,1148,4,3,0,3,0
2020-10-10,Amador,005,37829,306,304,0,304,16
2020-10-10,Butte,007,227075,3069,2962,26,2988,54
2020-10-10,Calaveras,009,45235,319,262,0,262,12
2020-10-10,Colusa,011,21464,540,541,1,542,6
2020-10-10,Contra Costa,013,1133247,18107,17566,92,17658,233
2020-10-10,Del Norte,015,27424,166,161,0,161,2
2020-10-10,El Dorado,017,186661,1294,1240,2,1242,4
2020-10-10,Fresno,019,978130,32045,29286,405,29691,421
2020-10-10,Glenn,021,27897,638,623,0,623,3
2020-10-10,Humboldt,023,135768,534,518,1,519,7
2020-10-10,Imperial,025,180216,12328,11591,6,11597,327
2020-10-10,Inyo,027,18085,210,201,0,201,14
2020-10-10,Kern,029,883053,33016,32338,365,32703,418
2020-10-10,Kings,031,150075,8244,8078,51,8129,80
2020-10-10,Lake,033,64148,666,630,0,630,11
2020-10-10,Lassen,035,31185,759,752,2,754,0
2020-10-10,Los Angeles,037,10098052,285153,279213,2433,281646,6743
2020-10-10,Madera,039,155013,4821,4662,30,4692,50
2020-10-10,Marin,041,260295,6968,6852,18,6870,97
2020-10-10,Mariposa,043,17540,77,76,0,76,2
2020-10-10,Mendocino,045,87422,1003,935,2,937,21
2020-10-10,Merced,047,269075,9256,9105,24,9129,146
2020-10-10,Modoc,049,8938,29,27,0,27,0
2020-10-10,Mono,051,14174,174,154,3,157,1
2020-10-10,Monterey,053,433212,10715,10410,42,10452,75
2020-10-10,Napa,055,140530,1874,1804,5,1809,11
2020-10-10,Nevada,057,99092,587,564,16,580,6
2020-10-10,Orange,059,3164182,57985,54965,1634,56599,1324
2020-10-10,Placer,061,380077,3912,3757,12,3769,48
2020-10-10,Plumas,063,18699,52,51,0,51,0
2020-10-10,Riverside,065,2383286,63359,61845,231,62076,1254
2020-10-10,Sacramento,067,1510023,24097,23689,18,23707,466
2020-10-10,San Benito,069,59416,1381,1370,0,1370,13
2020-10-10,San Bernardino,071,2135413,59036,56683,378,57061,1061
2020-10-10,San Diego,073,3302833,52147,50145,1252,51397,825
2020-10-10,San Francisco,075,870044,11799,11663,38,11701,122
2020-10-10,San Joaquin,077,732212,21029,20700,104,20804,481
2020-10-10,San Luis Obispo,079,281455,4042,3832,16,3848,32
2020-10-10,San Mateo,081,765935,10807,10218,7,10225,130
2020-10-10,Santa Barbara,083,443738,10141,9417,72,9489,116
2020-10-10,Santa Clara,085,1922200,23509,22354,34,22388,330
2020-10-10,Santa Cruz,087,273765,2647,2572,36,2608,13
2020-10-10,Shasta,089,179085,1788,1473,17,1490,20
2020-10-10,Sierra,091,2930,6,6,0,6,0
2020-10-10,Siskiyou,093,43540,171,161,10,171,0
2020-10-10,Solano,095,438530,6863,6655,41,6696,53
2020-10-10,Sonoma,097,501317,8717,8235,22,8257,133
2020-10-10,Stanislaus,099,539301,17101,16960,643,17603,360
2020-10-10,Sutter,101,95872,1761,1735,1,1736,12
2020-10-10,Tehama,103,63373,730,693,2,695,3
2020-10-10,Trinity,105,12862,45,19,6,25,0
2020-10-10,Tulare,107,460477,17091,16709,232,16941,286
2020-10-10,Tuolumne,109,53932,247,233,3,236,4
2020-10-10,Ventura,111,848112,14081,13520,284,13804,151
2020-10-10,Yolo,113,214977,3025,2939,6,2945,55
2020-10-10,Yuba,115,75493,1158,1134,5,1139,10
2020-10-09,Alameda,001,1643700,22515,21924,214,22138,399
2020-10-09,Alpine,003,1148,4,3,0,3,0
2020-10-09,Amador,005,37829,306,303,0,303,16
2020-10-09,Butte,007,227075,3066,2956,26,2982,51
2020-10-09,Calaveras,009,45235,317,262,0,262,11
2020-10-09,Colusa,011,21464,540,541,1,542,6
2020-10-09,Contra Costa,013,1133247,18057,17487,92,17579,229
2020-10-09,Del Norte,015,27424,165,161,0,161,2
2020-10-09,El Dorado,017,186661,1290,1234,2,1236,4
2020-10-09,Fresno,019,978130,31972,29208,403,29611,417
2020-10-09,Glenn,021,27897,633,617,0,617,3
2020-10-09,Humboldt,023,135768,532,516,1,517,7
2020-10-09,Imperial,025,180216,12301,11516,6,11522,330
2020-10-09,Inyo,027,18085,207,200,0,200,14
2020-10-09,Kern,029,883053,32973,32237,363,32600,417
2020-10-09,Kings,031,150075,8237,7993,49,8042,80
2020-10-09,Lake,033,64148,656,610,0,610,11
2020-10-09,Lassen,035,31185,759,751,2,753,0
2020-10-09,Los Angeles,037,10098052,284019,278039,2408,280447,6715
2020-10-09,Madera,039,155013,4811,4646,30,4676,50
2020-10-09,Marin,041,260295,6954,6838,18,6856,96
2020-10-09,Mariposa,043,17540,77,76,0,76,2
2020-10-09,Mendocino,045,87422,993,933,2,935,20
2020-10-09,Merced,047,269075,9242,9095,24,9119,145
2020-10-09,Modoc,049,8938,29,27,0,27,0
2020-10-09,Mono,051,14174,174,154,3,157,1
2020-10-09,Monterey,053,433212,10681,10369,42,10411,75
2020-10-09,Napa,055,140530,1864,1795,5,1800,11
2020-10-09,Nevada,057,99092,582,561,16,577,6
2020-10-09,Orange,059,3164182,57815,54746,1628,56374,1305
2020-10-09,Placer,061,380077,3898,3737,12,3749,48
2020-10-09,Plumas,063,18699,52,50,0,50,0
2020-10-09,Riverside,065,2383286,63123,61529,230,61759,1252
2020-10-09,Sacramento,067,1510023,24027,23606,18,23624,457
2020-10-09,San Benito,069,59416,1376,1367,0,1367,13
2020-10-09,San Bernardino,071,2135413,58796,56434,376,56810,1057
2020-10-09,San Diego,073,3302833,51870,49825,1242,51067,821
2020-10-09,San Francisco,075,870044,11769,11620,38,11658,120
2020-10-09,San Joaquin,077,732212,21000,20648,94,20742,481
2020-10-09,San Luis Obispo,079,281455,4023,3810,16,3826,32
2020-10-09,San Mateo,081,765935,10779,10140,7,10147,130
2020-10-09,Santa Barbara,083,443738,10113,9396,72,9468,116
2020-10-09,Santa Clara,085,1922200,23407,22251,33,22284,328
2020-10-09,Santa Cruz,087,273765,2638,2555,36,2591,13
2020-10-09,Shasta,089,179085,1761,1353,16,1369,20
2020-10-09,Sierra,091,2930,6,6,0,6,0
2020-10-09,Siskiyou,093,43540,169,156,10,166,0
2020-10-09,Solano,095,438530,6824,6614,41,6655,53
2020-10-09,Sonoma,097,501317,8663,8133,22,8155,133
2020-10-09,Stanislaus,099,539301,17078,16904,634,17538,362
2020-10-09,Sutter,101,95872,1757,1732,1,1733,12
2020-10-09,Tehama,103,63373,724,682,2,684,3
2020-10-09,Trinity,105,12862,45,25,6,31,0
2020-10-09,Tulare,107,460477,17051,16644,223,16867,286
2020-10-09,Tuolumne,109,53932,244,230,3,233,4
2020-10-09,Ventura,111,848112,14045,13469,281,13750,151
2020-10-09,Yolo,113,214977,3018,2928,6,2934,55
2020-10-09,Yuba,115,75493,1157,1129,5,1134,10
2020-10-08,Alameda,001,1643700,22434,21826,213,22039,395
2020-10-08,Alpine,003,1148,4,3,0,3,0
2020-10-08,Amador,005,37829,305,302,0,302,16
2020-10-08,Butte,007,227075,3056,2935,26,2961,51
2020-10-08,Calaveras,009,45235,316,262,0,262,11
2020-10-08,Colusa,011,21464,540,539,1,540,6
2020-10-08,Contra Costa,013,1133247,17997,17418,91,17509,228
2020-10-08,Del Norte,015,27424,165,151,0,151,2
2020-10-08,El Dorado,017,186661,1289,1230,2,1232,4
2020-10-08,Fresno,019,978130,31867,29111,403,29514,416
2020-10-08,Glenn,021,27897,630,616,0,616,3
2020-10-08,Humboldt,023,135768,528,515,1,516,7
2020-10-08,Imperial,025,180216,12262,11405,6,11411,330
2020-10-08,Inyo,027,18085,204,199,0,199,14
2020-10-08,Kern,029,883053,32915,32169,358,32527,411
2020-10-08,Kings,031,150075,8231,7968,49,8017,80
2020-10-08,Lake,033,64148,651,604,0,604,11
2020-10-08,Lassen,035,31185,754,751,2,753,0
2020-10-08,Los Angeles,037,10098052,282821,276763,2367,279130,6699
2020-10-08,Madera,039,155013,4792,4637,30,4667,50
2020-10-08,Marin,041,260295,6940,6810,18,6828,96
2020-10-08,Mariposa,043,17540,77,76,0,76,2
2020-10-08,Mendocino,045,87422,988,930,2,932,20
2020-10-08,Merced,047,269075,9222,9069,24,9093,144
2020-10-08,Modoc,049,8938,29,27,0,27,0
2020-10-08,Mono,051,14174,174,153,3,156,1
2020-10-08,Monterey,053,433212,10614,10343,42,10385,75
2020-10-08,Napa,055,140530,1849,1779,5,1784,11
2020-10-08,Nevada,057,99092,579,556,16,572,6
2020-10-08,Orange,059,3164182,57622,54523,1616,56139,1293
2020-10-08,Placer,061,380077,3880,3715,12,3727,48
2020-10-08,Plumas,063,18699,52,50,0,50,0
2020-10-08,Riverside,065,2383286,62855,61105,228,61333,1244
2020-10-08,Sacramento,067,1510023,23919,23482,18,23500,454
2020-10-08,San Benito,069,59416,1371,1367,0,1367,13
2020-10-08,San Bernardino,071,2135413,58431,56152,375,56527,1048
2020-10-08,San Diego,073,3302833,51590,49468,1210,50678,819
2020-10-08,San Francisco,075,870044,11732,11608,38,11646,115
2020-10-08,San Joaquin,077,732212,20949,20576,89,20665,478
2020-10-08,San Luis Obispo,079,281455,4007,3785,16,3801,32
2020-10-08,San Mateo,081,765935,10747,10044,7,10051,130
2020-10-08,Santa Barbara,083,443738,10084,9374,72,9446,116
2020-10-08,Santa Clara,085,1922200,23305,22095,33,22128,323
2020-10-08,Santa Cruz,087,273765,2626,2535,36,2571,13
2020-10-08,Shasta,089,179085,1727,1305,16,1321,20
2020-10-08,Sierra,091,2930,6,6,0,6,0
2020-10-08,Siskiyou,093,43540,169,156,10,166,0
2020-10-08,Solano,095,438530,6800,6556,41,6597,53
2020-10-08,Sonoma,097,501317,8597,8063,22,8085,132
2020-10-08,Stanislaus,099,539301,17032,16821,626,17447,360
2020-10-08,Sutter,101,95872,1757,1725,1,1726,12
2020-10-08,Tehama,103,63373,715,676,2,678,3
2020-10-08,Trinity,105,12862,45,25,6,31,0
2020-10-08,Tulare,107,460477,16990,16573,214,16787,283
2020-10-08,Tuolumne,109,53932,243,230,3,233,4
2020-10-08,Ventura,111,848112,13998,13399,278,13677,151
2020-10-08,Yolo,113,214977,3001,2914,6,2920,55
2020-10-08,Yuba,115,75493,1152,1126,5,1131,10
2020-10-07,Alameda,001,1643700,22357,21736,213,21949,395
2020-10-07,Alpine,003,1148,4,3,0,3,0
2020-10-07,Amador,005,37829,305,302,0,302,16
2020-10-07,Butte,007,227075,3044,2927,26,2953,47
2020-10-07,Calaveras,009,45235,314,262,0,262,11
2020-10-07,Colusa,011,21464,539,539,0,539,6
2020-10-07,Contra Costa,013,1133247,17926,17346,90,17436,225
2020-10-07,Del Norte,015,27424,164,149,0,149,2
2020-10-07,El Dorado,017,186661,1281,1219,2,1221,4
2020-10-07,Fresno,019,978130,31746,29069,397,29466,413
2020-10-07,Glenn,021,27897,630,615,0,615,3
2020-10-07,Humboldt,023,135768,525,512,1,513,7
2020-10-07,Imperial,025,180216,12225,11289,6,11295,330
2020-10-07,Inyo,027,18085,204,199,0,199,14
2020-10-07,Kern,029,883053,32842,32068,357,32425,410
2020-10-07,Kings,031,150075,8216,7948,49,7997,80
2020-10-07,Lake,033,64148,650,599,0,599,11
2020-10-07,Lassen,035,31185,754,751,2,753,0
2020-10-07,Los Angeles,037,10098052,281646,275559,2329,277888,6681
2020-10-07,Madera,039,155013,4772,4618,30,4648,50
2020-10-07,Marin,041,260295,6913,6790,18,6808,95
2020-10-07,Mariposa,043,17540,77,75,0,75,2
2020-10-07,Mendocino,045,87422,982,927,2,929,19
2020-10-07,Merced,047,269075,9185,9045,23,9068,144
2020-10-07,Modoc,049,8938,29,27,0,27,0
2020-10-07,Mono,051,14174,173,153,2,155,1
2020-10-07,Monterey,053,433212,10555,10272,42,10314,75
2020-10-07,Napa,055,140530,1836,1774,5,1779,11
2020-10-07,Nevada,057,99092,575,552,16,568,6
2020-10-07,Orange,059,3164182,57403,54332,1606,55938,1277
2020-10-07,Placer,061,380077,3864,3693,12,3705,48
2020-10-07,Plumas,063,18699,52,50,0,50,0
2020-10-07,Riverside,065,2383286,62507,60857,224,61081,1241
2020-10-07,Sacramento,067,1510023,23822,23380,18,23398,452
2020-10-07,San Benito,069,59416,1368,1363,0,1363,13
2020-10-07,San Bernardino,071,2135413,58083,55738,374,56112,1043
2020-10-07,San Diego,073,3302833,51274,49177,1186,50363,813
2020-10-07,San Francisco,075,870044,11697,11551,38,11589,115
2020-10-07,San Joaquin,077,732212,20897,20527,81,20608,478
2020-10-07,San Luis Obispo,079,281455,3977,3749,16,3765,32
2020-10-07,San Mateo,081,765935,10705,9980,7,9987,130
2020-10-07,Santa Barbara,083,443738,10056,9350,71,9421,116
2020-10-07,Santa Clara,085,1922200,23177,21993,33,22026,320
2020-10-07,Santa Cruz,087,273765,2614,2518,36,2554,14
2020-10-07,Shasta,089,179085,1684,1268,16,1284,20
2020-10-07,Sierra,091,2930,6,6,0,6,0
2020-10-07,Siskiyou,093,43540,167,154,10,164,0
2020-10-07,Solano,095,438530,6765,6526,41,6567,53
2020-10-07,Sonoma,097,501317,8521,7993,21,8014,130
2020-10-07,Stanislaus,099,539301,16997,16786,620,17406,357
2020-10-07,Sutter,101,95872,1753,1723,1,1724,12
2020-10-07,Tehama,103,63373,706,666,2,668,3
2020-10-07,Trinity,105,12862,43,25,6,31,0
2020-10-07,Tulare,107,460477,16948,16483,205,16688,282
2020-10-07,Tuolumne,109,53932,243,227,3,230,3
2020-10-07,Ventura,111,848112,13948,13333,272,13605,150
2020-10-07,Yolo,113,214977,2975,2904,6,2910,55
2020-10-07,Yuba,115,75493,1146,1120,5,1125,10
2020-10-06,Alameda,001,1643700,22266,21698,211,21909,385
2020-10-06,Alpine,003,1148,4,3,0,3,0
2020-10-06,Amador,005,37829,303,301,0,301,16
2020-10-06,Butte,007,227075,3037,2925,26,2951,47
2020-10-06,Calaveras,009,45235,314,261,0,261,11
2020-10-06,Colusa,011,21464,538,538,0,538,6
2020-10-06,Contra Costa,013,1133247,17847,17295,90,17385,219
2020-10-06,Del Norte,015,27424,164,144,0,144,2
2020-10-06,El Dorado,017,186661,1277,1211,2,1213,4
2020-10-06,Fresno,019,978130,31604,29022,394,29416,412
2020-10-06,Glenn,021,27897,627,604,0,604,3
2020-10-06,Humboldt,023,135768,522,508,1,509,7
2020-10-06,Imperial,025,180216,12187,11196,6,11202,327
2020-10-06,Inyo,027,18085,202,198,0,198,14
2020-10-06,Kern,029,883053,32765,32006,355,32361,407
2020-10-06,Kings,031,150075,8200,7943,49,7992,81
2020-10-06,Lake,033,64148,644,596,0,596,11
2020-10-06,Lassen,035,31185,754,743,2,745,0
2020-10-06,Los Angeles,037,10098052,280412,274115,2277,276392,6657
2020-10-06,Madera,039,155013,4760,4608,30,4638,50
2020-10-06,Marin,041,260295,6899,6766,18,6784,91
2020-10-06,Mariposa,043,17540,77,75,0,75,2
2020-10-06,Mendocino,045,87422,975,920,2,922,19
2020-10-06,Merced,047,269075,9149,9034,22,9056,143
2020-10-06,Modoc,049,8938,29,26,0,26,0
2020-10-06,Mono,051,14174,173,153,2,155,1
2020-10-06,Monterey,053,433212,10499,10235,41,10276,72
2020-10-06,Napa,055,140530,1830,1770,5,1775,11
2020-10-06,Nevada,057,99092,573,551,16,567,6
2020-10-06,Orange,059,3164182,57188,54203,1598,55801,1273
2020-10-06,Placer,061,380077,3842,3680,12,3692,48
2020-10-06,Plumas,063,18699,52,49,0,49,0
2020-10-06,Riverside,065,2383286,62243,60593,221,60814,1238
2020-10-06,Sacramento,067,1510023,23735,23322,18,23340,442
2020-10-06,San Benito,069,59416,1367,1358,0,1358,12
2020-10-06,San Bernardino,071,2135413,57768,55416,371,55787,1040
2020-10-06,San Diego,073,3302833,50937,48823,1169,49992,806
2020-10-06,San Francisco,075,870044,11671,11513,37,11550,115
2020-10-06,San Joaquin,077,732212,20857,20481,78,20559,477
2020-10-06,San Luis Obispo,079,281455,3942,3723,16,3739,32
2020-10-06,San Mateo,081,765935,10672,9934,7,9941,129
2020-10-06,Santa Barbara,083,443738,10027,9331,70,9401,116
2020-10-06,Santa Clara,085,1922200,23082,21914,33,21947,320
2020-10-06,Santa Cruz,087,273765,2592,2510,36,2546,12
2020-10-06,Shasta,089,179085,1644,1242,16,1258,18
2020-10-06,Sierra,091,2930,6,6,0,6,0
2020-10-06,Siskiyou,093,43540,167,154,10,164,0
2020-10-06,Solano,095,438530,6719,6506,41,6547,52
2020-10-06,Sonoma,097,501317,8429,7895,21,7916,130
2020-10-06,Stanislaus,099,539301,16952,16759,614,17373,354
2020-10-06,Sutter,101,95872,1751,1722,1,1723,12
2020-10-06,Tehama,103,63373,697,660,2,662,3
2020-10-06,Trinity,105,12862,43,25,6,31,0
2020-10-06,Tulare,107,460477,16907,16456,197,16653,280
2020-10-06,Tuolumne,109,53932,242,227,3,230,2
2020-10-06,Ventura,111,848112,13881,13242,267,13509,150
2020-10-06,Yolo,113,214977,2961,2899,6,2905,56
2020-10-06,Yuba,115,75493,1145,1114,5,1119,10
2020-10-05,Alameda,001,1643700,22178,21637,208,21845,383
2020-10-05,Alpine,003,1148,4,2,0,2,0
2020-10-05,Amador,005,37829,303,299,0,299,16
2020-10-05,Butte,007,227075,3027,2910,26,2936,46
2020-10-05,Calaveras,009,45235,314,259,0,259,11
2020-10-05,Colusa,011,21464,538,537,0,537,6
2020-10-05,Contra Costa,013,1133247,17770,17250,90,17340,216
2020-10-05,Del Norte,015,27424,161,142,0,142,2
2020-10-05,El Dorado,017,186661,1273,1202,2,1204,4
2020-10-05,Fresno,019,978130,31487,29136,394,29530,408
2020-10-05,Glenn,021,27897,625,603,0,603,3
2020-10-05,Humboldt,023,135768,521,506,1,507,6
2020-10-05,Imperial,025,180216,12148,11169,6,11175,327
2020-10-05,Inyo,027,18085,202,197,0,197,14
2020-10-05,Kern,029,883053,32685,31933,351,32284,404
2020-10-05,Kings,031,150075,8103,7932,49,7981,80
2020-10-05,Lake,033,64148,640,592,0,592,10
2020-10-05,Lassen,035,31185,753,743,2,745,0
2020-10-05,Los Angeles,037,10098052,279328,273200,2234,275434,6632
2020-10-05,Madera,039,155013,4752,4598,28,4626,50
2020-10-05,Marin,041,260295,6882,6751,18,6769,91
2020-10-05,Mariposa,043,17540,77,75,0,75,2
2020-10-05,Mendocino,045,87422,967,913,2,915,19
2020-10-05,Merced,047,269075,9130,9021,21,9042,143
2020-10-05,Modoc,049,8938,29,26,0,26,0
2020-10-05,Mono,051,14174,173,152,2,154,1
2020-10-05,Monterey,053,433212,10452,10187,41,10228,72
2020-10-05,Napa,055,140530,1820,1760,5,1765,11
2020-10-05,Nevada,057,99092,570,550,15,565,6
2020-10-05,Orange,059,3164182,56972,54103,1584,55687,1271
2020-10-05,Placer,061,380077,3816,3670,12,3682,46
2020-10-05,Plumas,063,18699,51,49,0,49,0
2020-10-05,Riverside,065,2383286,61924,60454,217,60671,1232
2020-10-05,Sacramento,067,1510023,23631,23207,18,23225,438
2020-10-05,San Benito,069,59416,1364,1356,0,1356,12
2020-10-05,San Bernardino,071,2135413,57460,55100,371,55471,1031
2020-10-05,San Diego,073,3302833,50601,48662,1145,49807,803
2020-10-05,San Francisco,075,870044,11632,11476,34,11510,110
2020-10-05,San Joaquin,077,732212,20786,20319,75,20394,476
2020-10-05,San Luis Obispo,079,281455,3915,3710,16,3726,32
2020-10-05,San Mateo,081,765935,10645,9896,7,9903,128
2020-10-05,Santa Barbara,083,443738,10005,9309,70,9379,116
2020-10-05,Santa Clara,085,1922200,22967,21861,33,21894,319
2020-10-05,Santa Cruz,087,273765,2580,2492,36,2528,9
2020-10-05,Shasta,089,179085,1611,1158,16,1174,18
2020-10-05,Sierra,091,2930,6,6,0,6,0
2020-10-05,Siskiyou,093,43540,167,153,10,163,0
2020-10-05,Solano,095,438530,6680,6475,41,6516,52
2020-10-05,Sonoma,097,501317,8337,7817,21,7838,130
2020-10-05,Stanislaus,099,539301,16917,16730,607,17337,351
2020-10-05,Sutter,101,95872,1743,1719,1,1720,12
2020-10-05,Tehama,103,63373,689,642,2,644,3
2020-10-05,Trinity,105,12862,42,22,6,28,0
2020-10-05,Tulare,107,460477,16849,16343,193,16536,278
2020-10-05,Tuolumne,109,53932,239,226,3,229,2
2020-10-05,Ventura,111,848112,13813,13224,246,13470,149
2020-10-05,Yolo,113,214977,2942,2889,6,2895,56
2020-10-05,Yuba,115,75493,1132,1108,5,1113,9
2020-10-04,Alameda,001,1643700,22082,21597,208,21805,383
2020-10-04,Alpine,003,1148,4,2,0,2,0
2020-10-04,Amador,005,37829,301,297,0,297,16
2020-10-04,Butte,007,227075,3013,2903,26,2929,46
2020-10-04,Calaveras,009,45235,314,259,0,259,11
2020-10-04,Colusa,011,21464,537,537,0,537,6
2020-10-04,Contra Costa,013,1133247,17705,17192,90,17282,214
2020-10-04,Del Norte,015,27424,157,142,0,142,2
2020-10-04,El Dorado,017,186661,1269,1196,2,1198,4
2020-10-04,Fresno,019,978130,31364,29065,394,29459,408
2020-10-04,Glenn,021,27897,623,601,0,601,3
2020-10-04,Humboldt,023,135768,520,506,1,507,6
2020-10-04,Imperial,025,180216,12108,11127,6,11133,327
2020-10-04,Inyo,027,18085,199,195,0,195,14
2020-10-04,Kern,029,883053,32611,31906,349,32255,404
2020-10-04,Kings,031,150075,8088,7919,49,7968,80
2020-10-04,Lake,033,64148,626,589,0,589,10
2020-10-04,Lassen,035,31185,753,743,2,745,0
2020-10-04,Los Angeles,037,10098052,277942,272822,2184,275006,6625
2020-10-04,Madera,039,155013,4736,4587,28,4615,50
2020-10-04,Marin,041,260295,6862,6741,18,6759,91
2020-10-04,Mariposa,043,17540,77,75,0,75,2
2020-10-04,Mendocino,045,87422,954,905,2,907,18
2020-10-04,Merced,047,269075,9105,9006,21,9027,140
2020-10-04,Modoc,049,8938,29,26,0,26,0
2020-10-04,Mono,051,14174,172,152,1,153,1
2020-10-04,Monterey,053,433212,10411,10141,40,10181,72
2020-10-04,Napa,055,140530,1808,1759,5,1764,11
2020-10-04,Nevada,057,99092,566,547,14,561,6
2020-10-04,Orange,059,3164182,56736,53966,1575,55541,1270
2020-10-04,Placer,061,380077,3795,3664,12,3676,46
2020-10-04,Plumas,063,18699,51,49,0,49,0
2020-10-04,Riverside,065,2383286,61638,60251,212,60463,1226
2020-10-04,Sacramento,067,1510023,23518,23162,18,23180,438
2020-10-04,San Benito,069,59416,1364,1355,0,1355,12
2020-10-04,San Bernardino,071,2135413,57014,55100,369,55469,1031
2020-10-04,San Diego,073,3302833,50234,48438,1120,49558,803
2020-10-04,San Francisco,075,870044,11600,11474,32,11506,110
2020-10-04,San Joaquin,077,732212,20709,20320,69,20389,476
2020-10-04,San Luis Obispo,079,281455,3890,3688,16,3704,31
2020-10-04,San Mateo,081,765935,10584,9858,7,9865,128
2020-10-04,Santa Barbara,083,443738,9979,9276,68,9344,116
2020-10-04,Santa Clara,085,1922200,22831,21780,33,21813,316
2020-10-04,Santa Cruz,087,273765,2564,2483,36,2519,9
2020-10-04,Shasta,089,179085,1513,1158,15,1173,18
2020-10-04,Sierra,091,2930,6,6,0,6,0
2020-10-04,Siskiyou,093,43540,167,153,10,163,0
2020-10-04,Solano,095,438530,6629,6445,41,6486,52
2020-10-04,Sonoma,097,501317,8249,7794,21,7815,129
2020-10-04,Stanislaus,099,539301,16867,16711,598,17309,351
2020-10-04,Sutter,101,95872,1739,1711,1,1712,11
2020-10-04,Tehama,103,63373,674,637,2,639,3
2020-10-04,Trinity,105,12862,42,21,6,27,0
2020-10-04,Tulare,107,460477,16774,16343,180,16523,278
2020-10-04,Tuolumne,109,53932,237,226,3,229,2
2020-10-04,Ventura,111,848112,13731,13197,229,13426,149
2020-10-04,Yolo,113,214977,2931,2875,6,2881,56
2020-10-04,Yuba,115,75493,1128,1103,5,1108,9
2020-10-03,Alameda,001,1643700,22036,21510,207,21717,386
2020-10-03,Alpine,003,1148,4,2,0,2,0
2020-10-03,Amador,005,37829,300,296,0,296,16
2020-10-03,Butte,007,227075,3007,2894,26,2920,46
2020-10-03,Calaveras,009,45235,314,259,0,259,11
2020-10-03,Colusa,011,21464,536,537,0,537,6
2020-10-03,Contra Costa,013,1133247,17655,17087,88,17175,213
2020-10-03,Del Norte,015,27424,153,142,0,142,2
2020-10-03,El Dorado,017,186661,1262,1188,2,1190,4
2020-10-03,Fresno,019,978130,31304,28975,393,29368,408
2020-10-03,Glenn,021,27897,621,601,0,601,3
2020-10-03,Humboldt,023,135768,519,504,1,505,6
2020-10-03,Imperial,025,180216,12085,11090,6,11096,327
2020-10-03,Inyo,027,18085,199,194,0,194,14
2020-10-03,Kern,029,883053,32560,31864,346,32210,403
2020-10-03,Kings,031,150075,8084,7887,49,7936,80
2020-10-03,Lake,033,64148,616,588,0,588,10
2020-10-03,Lassen,035,31185,753,743,2,745,0
2020-10-03,Los Angeles,037,10098052,277237,271869,2154,274023,6620
2020-10-03,Madera,039,155013,4719,4565,28,4593,50
2020-10-03,Marin,041,260295,6856,6728,18,6746,91
2020-10-03,Mariposa,043,17540,77,75,0,75,2
2020-10-03,Mendocino,045,87422,952,898,2,900,18
2020-10-03,Merced,047,269075,9092,8986,21,9007,139
2020-10-03,Modoc,049,8938,29,26,0,26,0
2020-10-03,Mono,051,14174,171,152,1,153,1
2020-10-03,Monterey,053,433212,10377,10092,37,10129,72
2020-10-03,Napa,055,140530,1804,1752,5,1757,11
2020-10-03,Nevada,057,99092,564,544,14,558,6
2020-10-03,Orange,059,3164182,56619,53573,1570,55143,1268
2020-10-03,Placer,061,380077,3784,3648,12,3660,47
2020-10-03,Plumas,063,18699,51,48,0,48,0
2020-10-03,Riverside,065,2383286,61484,59991,211,60202,1226
2020-10-03,Sacramento,067,1510023,23467,23076,18,23094,437
2020-10-03,San Benito,069,59416,1364,1351,0,1351,12
2020-10-03,San Bernardino,071,2135413,56841,55004,366,55370,1031
2020-10-03,San Diego,073,3302833,50003,48202,1103,49305,798
2020-10-03,San Francisco,075,870044,11575,11475,30,11505,110
2020-10-03,San Joaquin,077,732212,20683,20322,69,20391,476
2020-10-03,San Luis Obispo,079,281455,3866,3670,16,3686,31
2020-10-03,San Mateo,081,765935,10558,9822,6,9828,128
2020-10-03,Santa Barbara,083,443738,9966,9256,68,9324,116
2020-10-03,Santa Clara,085,1922200,22751,21672,33,21705,309
2020-10-03,Santa Cruz,087,273765,2556,2476,36,2512,9
2020-10-03,Shasta,089,179085,1485,1117,14,1131,18
2020-10-03,Sierra,091,2930,6,6,0,6,0
2020-10-03,Siskiyou,093,43540,167,152,10,162,0
2020-10-03,Solano,095,438530,6603,6419,41,6460,52
2020-10-03,Sonoma,097,501317,8206,7747,21,7768,129
2020-10-03,Stanislaus,099,539301,16834,16645,594,17239,351
2020-10-03,Sutter,101,95872,1735,1705,1,1706,11
2020-10-03,Tehama,103,63373,668,630,2,632,3
2020-10-03,Trinity,105,12862,42,15,6,21,0
2020-10-03,Tulare,107,460477,16732,16322,175,16497,278
2020-10-03,Tuolumne,109,53932,236,224,3,227,2
2020-10-03,Ventura,111,848112,13692,13150,225,13375,148
2020-10-03,Yolo,113,214977,2924,2863,6,2869,56
2020-10-03,Yuba,115,75493,1120,1097,5,1102,8
2020-10-02,Alameda,001,1643700,21981,21404,206,21610,382
2020-10-02,Alpine,003,1148,4,2,0,2,0
2020-10-02,Amador,005,37829,299,296,0,296,16
2020-10-02,Butte,007,227075,2997,2879,26,2905,46
2020-10-02,Calaveras,009,45235,313,259,0,259,11
2020-10-02,Colusa,011,21464,535,537,0,537,6
2020-10-02,Contra Costa,013,1133247,17612,17002,87,17089,213
2020-10-02,Del Norte,015,27424,152,141,0,141,2
2020-10-02,El Dorado,017,186661,1255,1168,2,1170,4
2020-10-02,Fresno,019,978130,31221,28855,393,29248,403
2020-10-02,Glenn,021,27897,616,594,0,594,3
2020-10-02,Humboldt,023,135768,518,503,1,504,6
2020-10-02,Imperial,025,180216,12063,11024,6,11030,327
2020-10-02,Inyo,027,18085,197,191,0,191,14
2020-10-02,Kern,029,883053,32508,31790,344,32134,399
2020-10-02,Kings,031,150075,8075,7716,49,7765,79
2020-10-02,Lake,033,64148,610,579,0,579,10
2020-10-02,Lassen,035,31185,753,742,2,744,0
2020-10-02,Los Angeles,037,10098052,276336,270935,2126,273061,6602
2020-10-02,Madera,039,155013,4710,4537,28,4565,49
2020-10-02,Marin,041,260295,6839,6717,18,6735,91
2020-10-02,Mariposa,043,17540,77,75,0,75,2
2020-10-02,Mendocino,045,87422,948,883,2,885,18
2020-10-02,Merced,047,269075,9082,8961,21,8982,139
2020-10-02,Modoc,049,8938,29,26,0,26,0
2020-10-02,Mono,051,14174,171,150,1,151,1
2020-10-02,Monterey,053,433212,10343,9997,37,10034,71
2020-10-02,Napa,055,140530,1798,1737,5,1742,11
2020-10-02,Nevada,057,99092,561,543,14,557,6
2020-10-02,Orange,059,3164182,56488,53299,1563,54862,1262
2020-10-02,Placer,061,380077,3764,3612,12,3624,46
2020-10-02,Plumas,063,18699,51,48,0,48,0
2020-10-02,Riverside,065,2383286,61263,59673,208,59881,1223
2020-10-02,Sacramento,067,1510023,23402,22818,18,22836,436
2020-10-02,San Benito,069,59416,1360,1347,0,1347,12
2020-10-02,San Bernardino,071,2135413,56654,54613,366,54979,1028
2020-10-02,San Diego,073,3302833,49750,47793,1087,48880,794
2020-10-02,San Francisco,075,870044,11552,11398,30,11428,110
2020-10-02,San Joaquin,077,732212,20650,20235,67,20302,474
2020-10-02,San Luis Obispo,079,281455,3843,3654,16,3670,31
2020-10-02,San Mateo,081,765935,10517,9745,6,9751,128
2020-10-02,Santa Barbara,083,443738,9944,9234,68,9302,116
2020-10-02,Santa Clara,085,1922200,22668,21545,33,21578,305
2020-10-02,Santa Cruz,087,273765,2539,2463,36,2499,9
2020-10-02,Shasta,089,179085,1450,1046,14,1060,18
2020-10-02,Sierra,091,2930,6,6,0,6,0
2020-10-02,Siskiyou,093,43540,167,151,10,161,0
2020-10-02,Solano,095,438530,6573,6385,41,6426,52
2020-10-02,Sonoma,097,501317,8149,7662,21,7683,125
2020-10-02,Stanislaus,099,539301,16793,16609,585,17194,349
2020-10-02,Sutter,101,95872,1734,1693,1,1694,11
2020-10-02,Tehama,103,63373,663,619,2,621,3
2020-10-02,Trinity,105,12862,42,15,6,21,0
2020-10-02,Tulare,107,460477,16692,16245,168,16413,278
2020-10-02,Tuolumne,109,53932,234,225,3,228,2
2020-10-02,Ventura,111,848112,13655,13120,219,13339,146
2020-10-02,Yolo,113,214977,2919,2845,6,2851,55
2020-10-02,Yuba,115,75493,1118,1090,5,1095,8
2020-10-01,Alameda,001,1643700,21920,21349,202,21551,383
2020-10-01,Alpine,003,1148,4,2,0,2,0
2020-10-01,Amador,005,37829,299,294,0,294,16
2020-10-01,Butte,007,227075,2989,2865,26,2891,45
2020-10-01,Calaveras,009,45235,313,257,0,257,11
2020-10-01,Colusa,011,21464,535,536,0,536,6
2020-10-01,Contra Costa,013,1133247,17550,16898,87,16985,211
2020-10-01,Del Norte,015,27424,147,140,0,140,2
2020-10-01,El Dorado,017,186661,1251,1162,1,1163,4
2020-10-01,Fresno,019,978130,31141,28796,391,29187,397
2020-10-01,Glenn,021,27897,612,593,0,593,3
2020-10-01,Humboldt,023,135768,518,499,1,500,6
2020-10-01,Imperial,025,180216,12020,10928,6,10934,325
2020-10-01,Inyo,027,18085,197,191,0,191,14
2020-10-01,Kern,029,883053,32445,31678,339,32017,399
2020-10-01,Kings,031,150075,8064,7688,46,7734,79
2020-10-01,Lake,033,64148,604,572,0,572,11
2020-10-01,Lassen,035,31185,750,742,2,744,0
2020-10-01,Los Angeles,037,10098052,275293,271513,2091,273604,6621
2020-10-01,Madera,039,155013,4687,4508,28,4536,48
2020-10-01,Marin,041,260295,6825,6710,18,6728,92
2020-10-01,Mariposa,043,17540,77,76,0,76,2
2020-10-01,Mendocino,045,87422,943,874,2,876,19
2020-10-01,Merced,047,269075,9054,8942,21,8963,138
2020-10-01,Modoc,049,8938,29,26,0,26,0
2020-10-01,Mono,051,14174,169,150,1,151,1
2020-10-01,Monterey,053,433212,10267,9958,37,9995,71
2020-10-01,Napa,055,140530,1790,1729,5,1734,11
2020-10-01,Nevada,057,99092,560,543,14,557,6
2020-10-01,Orange,059,3164182,56322,53088,1550,54638,1257
2020-10-01,Placer,061,380077,3737,3599,12,3611,45
2020-10-01,Plumas,063,18699,51,48,0,48,0
2020-10-01,Riverside,065,2383286,61011,59293,202,59495,1223
2020-10-01,Sacramento,067,1510023,23290,22714,17,22731,433
2020-10-01,San Benito,069,59416,1358,1346,0,1346,12
2020-10-01,San Bernardino,071,2135413,56360,54350,363,54713,1021
2020-10-01,San Diego,073,3302833,49468,47487,1067,48554,792
2020-10-01,San Francisco,075,870044,11521,11284,28,11312,110
2020-10-01,San Joaquin,077,732212,20602,20204,64,20268,471
2020-10-01,San Luis Obispo,079,281455,3816,3625,16,3641,31
2020-10-01,San Mateo,081,765935,10472,9681,6,9687,128
2020-10-01,Santa Barbara,083,443738,9902,9215,68,9283,118
2020-10-01,Santa Clara,085,1922200,22567,21398,33,21431,305
2020-10-01,Santa Cruz,087,273765,2524,2418,36,2454,10
2020-10-01,Shasta,089,179085,1399,991,14,1005,18
2020-10-01,Sierra,091,2930,6,6,0,6,0
2020-10-01,Siskiyou,093,43540,164,150,10,160,0
2020-10-01,Solano,095,438530,6535,6352,41,6393,52
2020-10-01,Sonoma,097,501317,8082,7569,21,7590,125
2020-10-01,Stanislaus,099,539301,16760,16555,579,17134,346
2020-10-01,Sutter,101,95872,1729,1684,1,1685,11
2020-10-01,Tehama,103,63373,653,606,2,608,3
2020-10-01,Trinity,105,12862,42,15,6,21,0
2020-10-01,Tulare,107,460477,16618,16182,165,16347,275
2020-10-01,Tuolumne,109,53932,234,223,3,226,2
2020-10-01,Ventura,111,848112,13606,13057,203,13260,146
2020-10-01,Yolo,113,214977,2901,2833,6,2839,55
2020-10-01,Yuba,115,75493,1114,1082,5,1087,8
2020-09-30,Alameda,001,1643700,21842,21271,198,21469,380
2020-09-30,Alpine,003,1148,4,2,0,2,0
2020-09-30,Amador,005,37829,299,294,0,294,16
2020-09-30,Butte,007,227075,2981,2858,26,2884,44
2020-09-30,Calaveras,009,45235,312,258,0,258,11
2020-09-30,Colusa,011,21464,534,534,0,534,6
2020-09-30,Contra Costa,013,1133247,17481,16819,87,16906,211
2020-09-30,Del Norte,015,27424,146,140,0,140,2
2020-09-30,El Dorado,017,186661,1239,1157,1,1158,4
2020-09-30,Fresno,019,978130,31050,28706,388,29094,395
2020-09-30,Glenn,021,27897,607,592,0,592,3
2020-09-30,Humboldt,023,135768,516,497,1,498,6
2020-09-30,Imperial,025,180216,11995,10868,6,10874,287
2020-09-30,Inyo,027,18085,196,189,0,189,14
2020-09-30,Kern,029,883053,32370,31601,338,31939,398
2020-09-30,Kings,031,150075,8035,7685,46,7731,79
2020-09-30,Lake,033,64148,598,567,0,567,10
2020-09-30,Lassen,035,31185,747,742,2,744,0
2020-09-30,Los Angeles,037,10098052,274054,270260,2058,272318,6568
2020-09-30,Madera,039,155013,4678,4477,28,4505,47
2020-09-30,Marin,041,260295,6801,6700,17,6717,91
2020-09-30,Mariposa,043,17540,77,76,0,76,2
2020-09-30,Mendocino,045,87422,937,867,2,869,17
2020-09-30,Merced,047,269075,9034,8926,21,8947,136
2020-09-30,Modoc,049,8938,29,26,0,26,0
2020-09-30,Mono,051,14174,169,150,1,151,1
2020-09-30,Monterey,053,433212,10217,9898,36,9934,70
2020-09-30,Napa,055,140530,1776,1728,5,1733,11
2020-09-30,Nevada,057,99092,558,540,14,554,6
2020-09-30,Orange,059,3164182,56130,52916,1534,54450,1251
2020-09-30,Placer,061,380077,3716,3585,12,3597,43
2020-09-30,Plumas,063,18699,51,48,0,48,0
2020-09-30,Riverside,065,2383286,60656,59074,197,59271,1220
2020-09-30,Sacramento,067,1510023,23186,22613,17,22630,429
2020-09-30,San Benito,069,59416,1355,1342,0,1342,12
2020-09-30,San Bernardino,071,2135413,56082,53988,361,54349,1018
2020-09-30,San Diego,073,3302833,49164,47182,1046,48228,783
2020-09-30,San Francisco,075,870044,11491,11247,28,11275,106
2020-09-30,San Joaquin,077,732212,20519,20150,62,20212,461
2020-09-30,San Luis Obispo,079,281455,3791,3597,16,3613,31
2020-09-30,San Mateo,081,765935,10430,9634,6,9640,128
2020-09-30,Santa Barbara,083,443738,9877,9186,68,9254,115
2020-09-30,Santa Clara,085,1922200,22462,21318,33,21351,302
2020-09-30,Santa Cruz,087,273765,2511,2405,36,2441,10
2020-09-30,Shasta,089,179085,1343,976,13,989,17
2020-09-30,Sierra,091,2930,6,6,0,6,0
2020-09-30,Siskiyou,093,43540,162,150,10,160,0
2020-09-30,Solano,095,438530,6493,6315,41,6356,51
2020-09-30,Sonoma,097,501317,7993,7494,21,7515,125
2020-09-30,Stanislaus,099,539301,16713,16531,573,17104,343
2020-09-30,Sutter,101,95872,1713,1680,1,1681,10
2020-09-30,Tehama,103,63373,647,594,2,596,3
2020-09-30,Trinity,105,12862,39,15,6,21,0
2020-09-30,Tulare,107,460477,16552,16117,158,16275,274
2020-09-30,Tuolumne,109,53932,232,224,3,227,2
2020-09-30,Ventura,111,848112,13571,12968,187,13155,145
2020-09-30,Yolo,113,214977,2888,2822,6,2828,55
2020-09-30,Yuba,115,75493,1111,1075,5,1080,8
2020-09-29,Alameda,001,1643700,21765,21241,194,21435,374
2020-09-29,Alpine,003,1148,4,2,0,2,0
2020-09-29,Amador,005,37829,297,294,0,294,16
2020-09-29,Butte,007,227075,2967,2848,26,2874,44
2020-09-29,Calaveras,009,45235,310,261,0,261,11
2020-09-29,Colusa,011,21464,534,534,0,534,6
2020-09-29,Contra Costa,013,1133247,17426,16716,85,16801,209
2020-09-29,Del Norte,015,27424,142,142,0,142,2
2020-09-29,El Dorado,017,186661,1230,1151,1,1152,4
2020-09-29,Fresno,019,978130,30955,28621,387,29008,394
2020-09-29,Glenn,021,27897,603,589,0,589,3
2020-09-29,Humboldt,023,135768,514,497,1,498,6
2020-09-29,Imperial,025,180216,11961,10811,6,10817,283
2020-09-29,Inyo,027,18085,195,188,0,188,14
2020-09-29,Kern,029,883053,32315,31534,337,31871,397
2020-09-29,Kings,031,150075,7979,7681,46,7727,78
2020-09-29,Lake,033,64148,596,566,0,566,11
2020-09-29,Lassen,035,31185,747,741,2,743,0
2020-09-29,Los Angeles,037,10098052,272834,269246,2028,271274,6545
2020-09-29,Madera,039,155013,4654,4453,28,4481,47
2020-09-29,Marin,041,260295,6780,6692,17,6709,91
2020-09-29,Mariposa,043,17540,77,74,0,74,2
2020-09-29,Mendocino,045,87422,927,854,2,856,17
2020-09-29,Merced,047,269075,9021,8892,19,8911,136
2020-09-29,Modoc,049,8938,29,26,0,26,0
2020-09-29,Mono,051,14174,169,149,1,150,1
2020-09-29,Monterey,053,433212,10162,9826,34,9860,70
2020-09-29,Napa,055,140530,1773,1727,5,1732,11
2020-09-29,Nevada,057,99092,553,539,14,553,6
2020-09-29,Orange,059,3164182,55943,52755,1523,54278,1231
2020-09-29,Placer,061,380077,3694,3570,12,3582,42
2020-09-29,Plumas,063,18699,51,48,0,48,0
2020-09-29,Riverside,065,2383286,60328,58863,188,59051,1208
2020-09-29,Sacramento,067,1510023,23065,22547,17,22564,425
2020-09-29,San Benito,069,59416,1350,1341,0,1341,12
2020-09-29,San Bernardino,071,2135413,55774,53753,360,54113,1012
2020-09-29,San Diego,073,3302833,48887,46987,1023,48010,781
2020-09-29,San Francisco,075,870044,11455,11142,28,11170,104
2020-09-29,San Joaquin,077,732212,20453,20094,60,20154,454
2020-09-29,San Luis Obispo,079,281455,3771,3581,16,3597,31
2020-09-29,San Mateo,081,765935,10383,9619,6,9625,127
2020-09-29,Santa Barbara,083,443738,9857,9149,67,9216,114
2020-09-29,Santa Clara,085,1922200,22327,21233,32,21265,302
2020-09-29,Santa Cruz,087,273765,2496,2383,35,2418,10
2020-09-29,Shasta,089,179085,1282,943,13,956,17
2020-09-29,Sierra,091,2930,6,6,0,6,0
2020-09-29,Siskiyou,093,43540,156,150,10,160,0
2020-09-29,Solano,095,438530,6459,6303,41,6344,51
2020-09-29,Sonoma,097,501317,7921,7426,21,7447,125
2020-09-29,Stanislaus,099,539301,16683,16505,567,17072,341
2020-09-29,Sutter,101,95872,1707,1677,1,1678,10
2020-09-29,Tehama,103,63373,629,585,2,587,2
2020-09-29,Trinity,105,12862,39,16,6,22,0
2020-09-29,Tulare,107,460477,16489,16055,149,16204,270
2020-09-29,Tuolumne,109,53932,232,224,3,227,2
2020-09-29,Ventura,111,848112,13515,12875,184,13059,145
2020-09-29,Yolo,113,214977,2875,2818,6,2824,55
2020-09-29,Yuba,115,75493,1109,1071,5,1076,8
2020-09-28,Alameda,001,1643700,21679,21133,194,21327,370
2020-09-28,Alpine,003,1148,4,2,0,2,0
2020-09-28,Amador,005,37829,295,294,0,294,16
2020-09-28,Butte,007,227075,2952,2837,26,2863,44
2020-09-28,Calaveras,009,45235,310,257,0,257,11
2020-09-28,Colusa,011,21464,533,531,0,531,6
2020-09-28,Contra Costa,013,1133247,17361,16653,85,16738,195
2020-09-28,Del Norte,015,27424,142,138,0,138,2
2020-09-28,El Dorado,017,186661,1223,1144,1,1145,4
2020-09-28,Fresno,019,978130,30873,28517,379,28896,389
2020-09-28,Glenn,021,27897,601,585,0,585,3
2020-09-28,Humboldt,023,135768,508,495,1,496,6
2020-09-28,Imperial,025,180216,11926,10777,6,10783,283
2020-09-28,Inyo,027,18085,194,188,0,188,14
2020-09-28,Kern,029,883053,32250,31481,333,31814,395
2020-09-28,Kings,031,150075,7838,7661,44,7705,78
2020-09-28,Lake,033,64148,592,559,0,559,10
2020-09-28,Lassen,035,31185,746,737,2,739,0
2020-09-28,Los Angeles,037,10098052,271721,268404,1997,270401,6508
2020-09-28,Madera,039,155013,4633,4438,28,4466,47
2020-09-28,Marin,041,260295,6764,6676,17,6693,91
2020-09-28,Mariposa,043,17540,77,74,0,74,2
2020-09-28,Mendocino,045,87422,912,850,2,852,17
2020-09-28,Merced,047,269075,8993,8869,19,8888,136
2020-09-28,Modoc,049,8938,29,26,0,26,0
2020-09-28,Mono,051,14174,169,148,1,149,1
2020-09-28,Monterey,053,433212,10098,9780,32,9812,69
2020-09-28,Napa,055,140530,1761,1705,5,1710,11
2020-09-28,Nevada,057,99092,545,538,14,552,6
2020-09-28,Orange,059,3164182,55738,52633,1514,54147,1196
2020-09-28,Placer,061,380077,3673,3572,12,3584,42
2020-09-28,Plumas,063,18699,50,48,0,48,0
2020-09-28,Riverside,065,2383286,60030,58570,179,58749,1198
2020-09-28,Sacramento,067,1510023,22918,22392,17,22409,423
2020-09-28,San Benito,069,59416,1347,1336,0,1336,11
2020-09-28,San Bernardino,071,2135413,55427,53501,360,53861,988
2020-09-28,San Diego,073,3302833,48569,46736,1003,47739,776
2020-09-28,San Francisco,075,870044,11421,11114,28,11142,100
2020-09-28,San Joaquin,077,732212,20404,19982,59,20041,448
2020-09-28,San Luis Obispo,079,281455,3750,3567,16,3583,31
2020-09-28,San Mateo,081,765935,10332,9582,6,9588,127
2020-09-28,Santa Barbara,083,443738,9839,9121,67,9188,114
2020-09-28,Santa Clara,085,1922200,22211,21180,32,21212,271
2020-09-28,Santa Cruz,087,273765,2486,2359,35,2394,9
2020-09-28,Shasta,089,179085,1228,883,10,893,17
2020-09-28,Sierra,091,2930,6,6,0,6,0
2020-09-28,Siskiyou,093,43540,156,149,10,159,0
2020-09-28,Solano,095,438530,6423,6254,41,6295,51
2020-09-28,Sonoma,097,501317,7845,7369,21,7390,125
2020-09-28,Stanislaus,099,539301,16643,16467,560,17027,336
2020-09-28,Sutter,101,95872,1700,1676,1,1677,10
2020-09-28,Tehama,103,63373,621,579,2,581,2
2020-09-28,Trinity,105,12862,39,16,6,22,0
2020-09-28,Tulare,107,460477,16437,15918,143,16061,270
2020-09-28,Tuolumne,109,53932,232,225,3,228,2
2020-09-28,Ventura,111,848112,13437,12812,177,12989,139
2020-09-28,Yolo,113,214977,2858,2809,6,2815,55
2020-09-28,Yuba,115,75493,1106,1062,5,1067,7
2020-09-27,Alameda,001,1643700,21599,21077,189,21266,370
2020-09-27,Alpine,003,1148,4,2,0,2,0
2020-09-27,Amador,005,37829,295,291,0,291,16
2020-09-27,Butte,007,227075,2941,2833,25,2858,44
2020-09-27,Calaveras,009,45235,309,257,0,257,11
2020-09-27,Colusa,011,21464,532,531,0,531,6
2020-09-27,Contra Costa,013,1133247,17259,16596,84,16680,195
2020-09-27,Del Norte,015,27424,142,138,0,138,2
2020-09-27,El Dorado,017,186661,1208,1130,1,1131,4
2020-09-27,Fresno,019,978130,30768,28441,378,28819,389
2020-09-27,Glenn,021,27897,597,576,0,576,3
2020-09-27,Humboldt,023,135768,506,492,1,493,6
2020-09-27,Imperial,025,180216,11892,10743,6,10749,283
2020-09-27,Inyo,027,18085,192,188,0,188,14
2020-09-27,Kern,029,883053,32131,31462,330,31792,395
2020-09-27,Kings,031,150075,7818,7641,44,7685,78
2020-09-27,Lake,033,64148,588,555,0,555,10
2020-09-27,Lassen,035,31185,746,737,2,739,0
2020-09-27,Los Angeles,037,10098052,270546,267754,1975,269729,6507
2020-09-27,Madera,039,155013,4604,4416,28,4444,47
2020-09-27,Marin,041,260295,6754,6663,17,6680,91
2020-09-27,Mariposa,043,17540,77,74,0,74,2
2020-09-27,Mendocino,045,87422,906,846,2,848,17
2020-09-27,Merced,047,269075,8959,8853,19,8872,136
2020-09-27,Modoc,049,8938,29,26,0,26,0
2020-09-27,Mono,051,14174,169,148,1,149,1
2020-09-27,Monterey,053,433212,10038,9724,31,9755,69
2020-09-27,Napa,055,140530,1756,1690,5,1695,11
2020-09-27,Nevada,057,99092,544,537,14,551,6
2020-09-27,Orange,059,3164182,55464,52458,1505,53963,1195
2020-09-27,Placer,061,380077,3660,3562,12,3574,42
2020-09-27,Plumas,063,18699,50,48,0,48,0
2020-09-27,Riverside,065,2383286,59734,58509,171,58680,1191
2020-09-27,Sacramento,067,1510023,22821,22356,16,22372,422
2020-09-27,San Benito,069,59416,1347,1331,0,1331,11
2020-09-27,San Bernardino,071,2135413,54991,53127,360,53487,988
2020-09-27,San Diego,073,3302833,48225,46612,986,47598,776
2020-09-27,San Francisco,075,870044,11369,11114,28,11142,100
2020-09-27,San Joaquin,077,732212,20344,19981,59,20040,448
2020-09-27,San Luis Obispo,079,281455,3729,3562,16,3578,31
2020-09-27,San Mateo,081,765935,10264,9566,6,9572,127
2020-09-27,Santa Barbara,083,443738,9818,9090,66,9156,114
2020-09-27,Santa Clara,085,1922200,22102,21091,32,21123,271
2020-09-27,Santa Cruz,087,273765,2464,2359,35,2394,9
2020-09-27,Shasta,089,179085,1185,883,9,892,17
2020-09-27,Sierra,091,2930,6,6,0,6,0
2020-09-27,Siskiyou,093,43540,155,149,10,159,0
2020-09-27,Solano,095,438530,6388,6211,41,6252,51
2020-09-27,Sonoma,097,501317,7764,7336,21,7357,124
2020-09-27,Stanislaus,099,539301,16593,16448,553,17001,336
2020-09-27,Sutter,101,95872,1693,1672,1,1673,10
2020-09-27,Tehama,103,63373,604,573,2,575,2
2020-09-27,Trinity,105,12862,39,16,6,22,0
2020-09-27,Tulare,107,460477,16361,15918,133,16051,270
2020-09-27,Tuolumne,109,53932,231,224,3,227,2
2020-09-27,Ventura,111,848112,13350,12775,168,12943,139
2020-09-27,Yolo,113,214977,2844,2796,6,2802,55
2020-09-27,Yuba,115,75493,1096,1059,5,1064,7
2020-09-26,Alameda,001,1643700,21541,21019,188,21207,370
2020-09-26,Alpine,003,1148,4,2,0,2,0
2020-09-26,Amador,005,37829,294,291,0,291,16
2020-09-26,Butte,007,227075,2933,2827,25,2852,44
2020-09-26,Calaveras,009,45235,309,257,0,257,11
2020-09-26,Colusa,011,21464,532,529,0,529,6
2020-09-26,Contra Costa,013,1133247,17217,16508,84,16592,194
2020-09-26,Del Norte,015,27424,142,138,0,138,2
2020-09-26,El Dorado,017,186661,1203,1127,1,1128,4
2020-09-26,Fresno,019,978130,30701,28336,378,28714,389
2020-09-26,Glenn,021,27897,597,576,0,576,3
2020-09-26,Humboldt,023,135768,506,491,1,492,6
2020-09-26,Imperial,025,180216,11875,10721,6,10727,283
2020-09-26,Inyo,027,18085,191,187,0,187,14
2020-09-26,Kern,029,883053,32080,31410,330,31740,394
2020-09-26,Kings,031,150075,7806,7537,44,7581,78
2020-09-26,Lake,033,64148,585,549,0,549,10
2020-09-26,Lassen,035,31185,746,737,2,739,0
2020-09-26,Los Angeles,037,10098052,269911,266931,1958,268889,6497
2020-09-26,Madera,039,155013,4588,4410,28,4438,47
2020-09-26,Marin,041,260295,6741,6641,17,6658,91
2020-09-26,Mariposa,043,17540,76,74,0,74,2
2020-09-26,Mendocino,045,87422,901,836,2,838,17
2020-09-26,Merced,047,269075,8947,8841,18,8859,136
2020-09-26,Modoc,049,8938,29,26,0,26,0
2020-09-26,Mono,051,14174,169,148,1,149,1
2020-09-26,Monterey,053,433212,10011,9651,31,9682,68
2020-09-26,Napa,055,140530,1754,1681,5,1686,11
2020-09-26,Nevada,057,99092,544,534,14,548,6
2020-09-26,Orange,059,3164182,55324,52203,1499,53702,1194
2020-09-26,Placer,061,380077,3647,3551,12,3563,42
2020-09-26,Plumas,063,18699,49,48,0,48,0
2020-09-26,Riverside,065,2383286,59599,58076,169,58245,1190
2020-09-26,Sacramento,067,1510023,22765,22269,16,22285,421
2020-09-26,San Benito,069,59416,1345,1325,0,1325,11
2020-09-26,San Bernardino,071,2135413,54857,53122,360,53482,988
2020-09-26,San Diego,073,3302833,48020,46333,972,47305,775
2020-09-26,San Francisco,075,870044,11341,11113,28,11141,100
2020-09-26,San Joaquin,077,732212,20309,19982,57,20039,449
2020-09-26,San Luis Obispo,079,281455,3712,3546,16,3562,31
2020-09-26,San Mateo,081,765935,10230,9509,6,9515,127
2020-09-26,Santa Barbara,083,443738,9807,9061,66,9127,114
2020-09-26,Santa Clara,085,1922200,22031,20967,31,20998,270
2020-09-26,Santa Cruz,087,273765,2456,2336,35,2371,9
2020-09-26,Shasta,089,179085,1135,856,8,864,17
2020-09-26,Sierra,091,2930,6,6,0,6,0
2020-09-26,Siskiyou,093,43540,154,149,10,159,0
2020-09-26,Solano,095,438530,6369,6209,41,6250,51
2020-09-26,Sonoma,097,501317,7739,7285,20,7305,124
2020-09-26,Stanislaus,099,539301,16568,16421,544,16965,336
2020-09-26,Sutter,101,95872,1688,1662,1,1663,10
2020-09-26,Tehama,103,63373,592,560,2,562,2
2020-09-26,Trinity,105,12862,37,16,6,22,0
2020-09-26,Tulare,107,460477,16336,15881,131,16012,270
2020-09-26,Tuolumne,109,53932,231,223,3,226,2
2020-09-26,Ventura,111,848112,13318,12729,166,12895,137
2020-09-26,Yolo,113,214977,2842,2789,6,2795,55
2020-09-26,Yuba,115,75493,1092,1056,5,1061,7
2020-09-25,Alameda,001,1643700,21487,20911,188,21099,367
2020-09-25,Alpine,003,1148,4,2,0,2,0
2020-09-25,Amador,005,37829,294,289,0,289,16
2020-09-25,Butte,007,227075,2928,2819,25,2844,43
2020-09-25,Calaveras,009,45235,309,257,0,257,11
2020-09-25,Colusa,011,21464,532,528,0,528,6
2020-09-25,Contra Costa,013,1133247,17158,16401,84,16485,194
2020-09-25,Del Norte,015,27424,142,138,0,138,2
2020-09-25,El Dorado,017,186661,1199,1104,1,1105,4
2020-09-25,Fresno,019,978130,30642,28199,377,28576,385
2020-09-25,Glenn,021,27897,595,570,0,570,3
2020-09-25,Humboldt,023,135768,505,489,1,490,5
2020-09-25,Imperial,025,180216,11857,10681,6,10687,283
2020-09-25,Inyo,027,18085,189,187,0,187,14
2020-09-25,Kern,029,883053,32027,31333,328,31661,393
2020-09-25,Kings,031,150075,7801,7450,44,7494,77
2020-09-25,Lake,033,64148,584,539,0,539,9
2020-09-25,Lassen,035,31185,746,737,2,739,0
2020-09-25,Los Angeles,037,10098052,269123,265713,1944,267657,6483
2020-09-25,Madera,039,155013,4569,4369,28,4397,48
2020-09-25,Marin,041,260295,6738,6622,17,6639,90
2020-09-25,Mariposa,043,17540,76,74,0,74,2
2020-09-25,Mendocino,045,87422,886,819,2,821,17
2020-09-25,Merced,047,269075,8931,8830,18,8848,135
2020-09-25,Modoc,049,8938,29,26,0,26,0
2020-09-25,Mono,051,14174,169,149,1,150,1
2020-09-25,Monterey,053,433212,9959,9581,31,9612,68
2020-09-25,Napa,055,140530,1752,1669,5,1674,11
2020-09-25,Nevada,057,99092,542,529,14,543,6
2020-09-25,Orange,059,3164182,55197,52031,1490,53521,1184
2020-09-25,Placer,061,380077,3636,3527,12,3539,41
2020-09-25,Plumas,063,18699,49,48,0,48,0
2020-09-25,Riverside,065,2383286,59423,57783,164,57947,1183
2020-09-25,Sacramento,067,1510023,22688,22132,16,22148,418
2020-09-25,San Benito,069,59416,1344,1318,0,1318,11
2020-09-25,San Bernardino,071,2135413,54703,52814,360,53174,987
2020-09-25,San Diego,073,3302833,47818,46003,956,46959,775
2020-09-25,San Francisco,075,870044,11307,11066,27,11093,100
2020-09-25,San Joaquin,077,732212,20257,19909,57,19966,449
2020-09-25,San Luis Obispo,079,281455,3700,3512,16,3528,31
2020-09-25,San Mateo,081,765935,10194,9447,6,9453,127
2020-09-25,Santa Barbara,083,443738,9783,9026,66,9092,114
2020-09-25,Santa Clara,085,1922200,21968,20812,30,20842,265
2020-09-25,Santa Cruz,087,273765,2444,2309,34,2343,9
2020-09-25,Shasta,089,179085,1101,806,8,814,16
2020-09-25,Sierra,091,2930,6,6,0,6,0
2020-09-25,Siskiyou,093,43540,154,149,10,159,0
2020-09-25,Solano,095,438530,6353,6179,41,6220,50
2020-09-25,Sonoma,097,501317,7699,7202,20,7222,124
2020-09-25,Stanislaus,099,539301,16550,16381,542,16923,326
2020-09-25,Sutter,101,95872,1685,1655,1,1656,10
2020-09-25,Tehama,103,63373,584,546,2,548,2
2020-09-25,Trinity,105,12862,37,15,6,21,0
2020-09-25,Tulare,107,460477,16297,15815,128,15943,267
2020-09-25,Tuolumne,109,53932,231,223,3,226,2
2020-09-25,Ventura,111,848112,13276,12664,163,12827,137
2020-09-25,Yolo,113,214977,2834,2784,6,2790,55
2020-09-25,Yuba,115,75493,1087,1049,5,1054,5
2020-09-24,Alameda,001,1643700,21412,20838,185,21023,364
2020-09-24,Alpine,003,1148,4,2,0,2,0
2020-09-24,Amador,005,37829,294,288,0,288,16
2020-09-24,Butte,007,227075,2917,2803,25,2828,43
2020-09-24,Calaveras,009,45235,309,258,0,258,11
2020-09-24,Colusa,011,21464,532,523,0,523,6
2020-09-24,Contra Costa,013,1133247,17076,16252,84,16336,192
2020-09-24,Del Norte,015,27424,138,137,0,137,2
2020-09-24,El Dorado,017,186661,1190,1093,1,1094,4
2020-09-24,Fresno,019,978130,30537,28106,373,28479,375
2020-09-24,Glenn,021,27897,591,567,0,567,3
2020-09-24,Humboldt,023,135768,502,482,1,483,5
2020-09-24,Imperial,025,180216,11833,10622,6,10628,283
2020-09-24,Inyo,027,18085,189,187,0,187,13
2020-09-24,Kern,029,883053,31964,31273,326,31599,388
2020-09-24,Kings,031,150075,7785,7428,44,7472,76
2020-09-24,Lake,033,64148,575,531,0,531,9
2020-09-24,Lassen,035,31185,745,737,2,739,0
2020-09-24,Los Angeles,037,10098052,268077,264374,1925,266299,6452
2020-09-24,Madera,039,155013,4550,4344,28,4372,48
2020-09-24,Marin,041,260295,6710,6588,17,6605,85
2020-09-24,Mariposa,043,17540,76,74,0,74,2
2020-09-24,Mendocino,045,87422,882,810,2,812,17
2020-09-24,Merced,047,269075,8902,8813,17,8830,135
2020-09-24,Modoc,049,8938,29,24,0,24,0
2020-09-24,Mono,051,14174,169,149,1,150,1
2020-09-24,Monterey,053,433212,9893,9544,28,9572,67
2020-09-24,Napa,055,140530,1740,1661,5,1666,11
2020-09-24,Nevada,057,99092,541,527,14,541,6
2020-09-24,Orange,059,3164182,54989,51749,1472,53221,1164
2020-09-24,Placer,061,380077,3621,3514,12,3526,41
2020-09-24,Plumas,063,18699,49,48,0,48,0
2020-09-24,Riverside,065,2383286,59154,57491,158,57649,1172
2020-09-24,Sacramento,067,1510023,22561,21985,16,22001,417
2020-09-24,San Benito,069,59416,1342,1308,0,1308,11
2020-09-24,San Bernardino,071,2135413,54368,52455,359,52814,988
2020-09-24,San Diego,073,3302833,47549,45598,941,46539,773
2020-09-24,San Francisco,075,870044,11260,10992,27,11019,99
2020-09-24,San Joaquin,077,732212,20220,19851,56,19907,444
2020-09-24,San Luis Obispo,079,281455,3684,3480,16,3496,31
2020-09-24,San Mateo,081,765935,10146,9376,6,9382,127
2020-09-24,Santa Barbara,083,443738,9732,8988,65,9053,114
2020-09-24,Santa Clara,085,1922200,21880,20689,30,20719,262
2020-09-24,Santa Cruz,087,273765,2424,2300,32,2332,9
2020-09-24,Shasta,089,179085,1064,773,5,778,14
2020-09-24,Sierra,091,2930,6,6,0,6,0
2020-09-24,Siskiyou,093,43540,154,149,10,159,0
2020-09-24,Solano,095,438530,6320,6137,41,6178,49
2020-09-24,Sonoma,097,501317,7618,7163,20,7183,122
2020-09-24,Stanislaus,099,539301,16513,16326,537,16863,326
2020-09-24,Sutter,101,95872,1682,1646,1,1647,10
2020-09-24,Tehama,103,63373,581,540,2,542,2
2020-09-24,Trinity,105,12862,37,15,6,21,0
2020-09-24,Tulare,107,460477,16232,15754,127,15881,267
2020-09-24,Tuolumne,109,53932,231,224,3,227,2
2020-09-24,Ventura,111,848112,13194,12617,162,12779,138
2020-09-24,Yolo,113,214977,2827,2776,6,2782,55
2020-09-24,Yuba,115,75493,1082,1042,5,1047,5
2020-09-23,Alameda,001,1643700,21344,20718,183,20901,361
2020-09-23,Alpine,003,1148,4,2,0,2,0
2020-09-23,Amador,005,37829,293,288,0,288,16
2020-09-23,Butte,007,227075,2909,2790,25,2815,43
2020-09-23,Calaveras,009,45235,308,258,0,258,11
2020-09-23,Colusa,011,21464,531,521,0,521,6
2020-09-23,Contra Costa,013,1133247,17012,16167,83,16250,192
2020-09-23,Del Norte,015,27424,136,137,0,137,2
2020-09-23,El Dorado,017,186661,1176,1088,1,1089,4
2020-09-23,Fresno,019,978130,30443,28019,370,28389,371
2020-09-23,Glenn,021,27897,584,561,0,561,3
2020-09-23,Humboldt,023,135768,498,477,1,478,5
2020-09-23,Imperial,025,180216,11807,10587,6,10593,284
2020-09-23,Inyo,027,18085,188,177,0,177,13
2020-09-23,Kern,029,883053,31920,31172,324,31496,387
2020-09-23,Kings,031,150075,7763,7406,44,7450,76
2020-09-23,Lake,033,64148,570,519,0,519,9
2020-09-23,Lassen,035,31185,745,736,2,738,0
2020-09-23,Los Angeles,037,10098052,267037,263318,1895,265213,6421
2020-09-23,Madera,039,155013,4535,4311,28,4339,48
2020-09-23,Marin,041,260295,6691,6567,17,6584,85
2020-09-23,Mariposa,043,17540,76,74,0,74,2
2020-09-23,Mendocino,045,87422,881,801,1,802,17
2020-09-23,Merced,047,269075,8881,8785,16,8801,134
2020-09-23,Modoc,049,8938,29,24,0,24,0
2020-09-23,Mono,051,14174,169,149,1,150,1
2020-09-23,Monterey,053,433212,9824,9452,28,9480,67
2020-09-23,Napa,055,140530,1731,1653,5,1658,11
2020-09-23,Nevada,057,99092,540,523,14,537,6
2020-09-23,Orange,059,3164182,54762,51658,1464,53122,1155
2020-09-23,Placer,061,380077,3609,3506,12,3518,41
2020-09-23,Plumas,063,18699,49,48,0,48,0
2020-09-23,Riverside,065,2383286,58851,57257,155,57412,1165
2020-09-23,Sacramento,067,1510023,22484,21821,16,21837,415
2020-09-23,San Benito,069,59416,1336,1305,0,1305,10
2020-09-23,San Bernardino,071,2135413,54074,52132,357,52489,973
2020-09-23,San Diego,073,3302833,47273,45427,922,46349,767
2020-09-23,San Francisco,075,870044,11211,10926,27,10953,95
2020-09-23,San Joaquin,077,732212,20167,19785,56,19841,439
2020-09-23,San Luis Obispo,079,281455,3666,3447,16,3463,31
2020-09-23,San Mateo,081,765935,10106,9351,6,9357,127
2020-09-23,Santa Barbara,083,443738,9704,8952,65,9017,112
2020-09-23,Santa Clara,085,1922200,21769,20575,27,20602,260
2020-09-23,Santa Cruz,087,273765,2405,2283,32,2315,9
2020-09-23,Shasta,089,179085,1025,756,4,760,14
2020-09-23,Sierra,091,2930,6,6,0,6,0
2020-09-23,Siskiyou,093,43540,154,149,10,159,0
2020-09-23,Solano,095,438530,6295,6123,41,6164,50
2020-09-23,Sonoma,097,501317,7542,7091,20,7111,122
2020-09-23,Stanislaus,099,539301,16483,16271,534,16805,317
2020-09-23,Sutter,101,95872,1678,1646,1,1647,10
2020-09-23,Tehama,103,63373,575,533,2,535,2
2020-09-23,Trinity,105,12862,36,15,6,21,0
2020-09-23,Tulare,107,460477,16167,15664,126,15790,266
2020-09-23,Tuolumne,109,53932,231,223,3,226,2
2020-09-23,Ventura,111,848112,13139,12591,159,12750,137
2020-09-23,Yolo,113,214977,2809,2766,6,2772,55
2020-09-23,Yuba,115,75493,1080,1038,5,1043,5
2020-09-22,Alameda,001,1643700,21264,20607,181,20788,355
2020-09-22,Alpine,003,1148,3,2,0,2,0
2020-09-22,Amador,005,37829,292,287,0,287,16
2020-09-22,Butte,007,227075,2904,2776,25,2801,43
2020-09-22,Calaveras,009,45235,308,258,0,258,11
2020-09-22,Colusa,011,21464,529,518,0,518,6
2020-09-22,Contra Costa,013,1133247,16922,16090,83,16173,190
2020-09-22,Del Norte,015,27424,136,137,0,137,2
2020-09-22,El Dorado,017,186661,1157,1076,1,1077,4
2020-09-22,Fresno,019,978130,30349,27944,367,28311,369
2020-09-22,Glenn,021,27897,581,560,0,560,3
2020-09-22,Humboldt,023,135768,497,476,1,477,5
2020-09-22,Imperial,025,180216,11778,10529,6,10535,284
2020-09-22,Inyo,027,18085,188,177,0,177,13
2020-09-22,Kern,029,883053,31852,31110,317,31427,383
2020-09-22,Kings,031,150075,7706,7395,43,7438,76
2020-09-22,Lake,033,64148,562,516,0,516,9
2020-09-22,Lassen,035,31185,744,736,2,738,0
2020-09-22,Los Angeles,037,10098052,265961,262117,1866,263983,6394
2020-09-22,Madera,039,155013,4519,4303,28,4331,47
2020-09-22,Marin,041,260295,6677,6561,17,6578,84
2020-09-22,Mariposa,043,17540,76,74,0,74,2
2020-09-22,Mendocino,045,87422,861,794,1,795,18
2020-09-22,Merced,047,269075,8851,8769,16,8785,132
2020-09-22,Modoc,049,8938,29,24,0,24,0
2020-09-22,Mono,051,14174,168,149,1,150,1
2020-09-22,Monterey,053,433212,9766,9393,28,9421,67
2020-09-22,Napa,055,140530,1714,1652,5,1657,11
2020-09-22,Nevada,057,99092,540,523,14,537,6
2020-09-22,Orange,059,3164182,54512,51528,1456,52984,1132
2020-09-22,Placer,061,380077,3597,3492,12,3504,40
2020-09-22,Plumas,063,18699,49,48,0,48,0
2020-09-22,Riverside,065,2383286,58365,57066,151,57217,1162
2020-09-22,Sacramento,067,1510023,22364,21745,16,21761,410
2020-09-22,San Benito,069,59416,1331,1305,0,1305,10
2020-09-22,San Bernardino,071,2135413,53801,51899,357,52256,971
2020-09-22,San Diego,073,3302833,46966,45149,903,46052,765
2020-09-22,San Francisco,075,870044,11167,10893,26,10919,95
2020-09-22,San Joaquin,077,732212,20120,19755,55,19810,426
2020-09-22,San Luis Obispo,079,281455,3649,3420,16,3436,31
2020-09-22,San Mateo,081,765935,10068,9291,6,9297,127
2020-09-22,Santa Barbara,083,443738,9674,8927,64,8991,111
2020-09-22,Santa Clara,085,1922200,21651,20514,27,20541,253
2020-09-22,Santa Cruz,087,273765,2382,2264,32,2296,8
2020-09-22,Shasta,089,179085,990,723,4,727,14
2020-09-22,Sierra,091,2930,6,6,0,6,0
2020-09-22,Siskiyou,093,43540,154,149,10,159,0
2020-09-22,Solano,095,438530,6264,6107,41,6148,48
2020-09-22,Sonoma,097,501317,7463,7068,19,7087,117
2020-09-22,Stanislaus,099,539301,16460,16231,527,16758,316
2020-09-22,Sutter,101,95872,1672,1638,1,1639,10
2020-09-22,Tehama,103,63373,567,529,2,531,2
2020-09-22,Trinity,105,12862,36,15,6,21,0
2020-09-22,Tulare,107,460477,16101,15616,122,15738,263
2020-09-22,Tuolumne,109,53932,230,224,3,227,1
2020-09-22,Ventura,111,848112,13088,12507,155,12662,136
2020-09-22,Yolo,113,214977,2802,2763,6,2769,54
2020-09-22,Yuba,115,75493,1071,1035,5,1040,5
2020-09-21,Alameda,001,1643700,21185,20501,180,20681,343
2020-09-21,Alpine,003,1148,3,2,0,2,0
2020-09-21,Amador,005,37829,290,286,0,286,16
2020-09-21,Butte,007,227075,2890,2769,25,2794,41
2020-09-21,Calaveras,009,45235,306,256,0,256,10
2020-09-21,Colusa,011,21464,528,517,0,517,6
2020-09-21,Contra Costa,013,1133247,16835,16008,83,16091,189
2020-09-21,Del Norte,015,27424,136,132,0,132,2
2020-09-21,El Dorado,017,186661,1148,1074,1,1075,4
2020-09-21,Fresno,019,978130,30247,27843,360,28203,362
2020-09-21,Glenn,021,27897,577,556,0,556,3
2020-09-21,Humboldt,023,135768,493,473,1,474,5
2020-09-21,Imperial,025,180216,11747,10521,6,10527,284
2020-09-21,Inyo,027,18085,187,177,0,177,12
2020-09-21,Kern,029,883053,31780,31031,315,31346,379
2020-09-21,Kings,031,150075,7594,7297,41,7338,76
2020-09-21,Lake,033,64148,557,508,0,508,8
2020-09-21,Lassen,035,31185,742,735,2,737,0
2020-09-21,Los Angeles,037,10098052,264875,261418,1821,263239,6360
2020-09-21,Madera,039,155013,4508,4275,27,4302,47
2020-09-21,Marin,041,260295,6666,6538,16,6554,84
2020-09-21,Mariposa,043,17540,75,74,0,74,2
2020-09-21,Mendocino,045,87422,846,778,0,778,18
2020-09-21,Merced,047,269075,8832,8749,14,8763,128
2020-09-21,Modoc,049,8938,29,22,0,22,0
2020-09-21,Mono,051,14174,168,147,1,148,1
2020-09-21,Monterey,053,433212,9702,9331,25,9356,66
2020-09-21,Napa,055,140530,1703,1641,5,1646,11
2020-09-21,Nevada,057,99092,538,515,14,529,6
2020-09-21,Orange,059,3164182,54291,51363,1448,52811,1110
2020-09-21,Placer,061,380077,3587,3473,12,3485,40
2020-09-21,Plumas,063,18699,49,47,0,47,0
2020-09-21,Riverside,065,2383286,58092,57001,143,57144,1153
2020-09-21,Sacramento,067,1510023,22182,21568,16,21584,404
2020-09-21,San Benito,069,59416,1329,1298,0,1298,10
2020-09-21,San Bernardino,071,2135413,53515,51654,356,52010,970
2020-09-21,San Diego,073,3302833,46682,44927,882,45809,760
2020-09-21,San Francisco,075,870044,11119,10743,26,10769,95
2020-09-21,San Joaquin,077,732212,20062,19579,55,19634,423
2020-09-21,San Luis Obispo,079,281455,3623,3406,16,3422,27
2020-09-21,San Mateo,081,765935,10016,9239,6,9245,127
2020-09-21,Santa Barbara,083,443738,9646,8911,64,8975,110
2020-09-21,Santa Clara,085,1922200,21550,20432,27,20459,252
2020-09-21,Santa Cruz,087,273765,2365,2257,30,2287,8
2020-09-21,Shasta,089,179085,940,696,4,700,14
2020-09-21,Sierra,091,2930,6,6,0,6,0
2020-09-21,Siskiyou,093,43540,154,146,10,156,0
2020-09-21,Solano,095,438530,6240,6019,41,6060,46
2020-09-21,Sonoma,097,501317,7387,7017,19,7036,117
2020-09-21,Stanislaus,099,539301,16430,16186,527,16713,310
2020-09-21,Sutter,101,95872,1665,1634,1,1635,10
2020-09-21,Tehama,103,63373,548,513,2,515,2
2020-09-21,Trinity,105,12862,36,15,6,21,0
2020-09-21,Tulare,107,460477,16027,15528,113,15641,260
2020-09-21,Tuolumne,109,53932,230,221,3,224,1
2020-09-21,Ventura,111,848112,13005,12477,149,12626,133
2020-09-21,Yolo,113,214977,2796,2752,6,2758,54
2020-09-21,Yuba,115,75493,1067,1033,5,1038,1
2020-09-20,Alameda,001,1643700,21085,20425,177,20602,343
2020-09-20,Alpine,003,1148,3,2,0,2,0
2020-09-20,Amador,005,37829,289,286,0,286,16
2020-09-20,Butte,007,227075,2878,2764,25,2789,39
2020-09-20,Calaveras,009,45235,302,256,0,256,10
2020-09-20,Colusa,011,21464,526,510,0,510,6
2020-09-20,Contra Costa,013,1133247,16701,15917,82,15999,189
2020-09-20,Del Norte,015,27424,134,132,0,132,2
2020-09-20,El Dorado,017,186661,1133,1073,1,1074,4
2020-09-20,Fresno,019,978130,30133,27769,354,28123,362
2020-09-20,Glenn,021,27897,573,550,0,550,3
2020-09-20,Humboldt,023,135768,493,472,1,473,5
2020-09-20,Imperial,025,180216,11720,10496,5,10501,284
2020-09-20,Inyo,027,18085,187,177,0,177,12
2020-09-20,Kern,029,883053,31697,30992,311,31303,379
2020-09-20,Kings,031,150075,7547,7159,40,7199,76
2020-09-20,Lake,033,64148,545,492,0,492,8
2020-09-20,Lassen,035,31185,742,735,2,737,0
2020-09-20,Los Angeles,037,10098052,263641,260770,1793,262563,6347
2020-09-20,Madera,039,155013,4488,4257,27,4284,47
2020-09-20,Marin,041,260295,6640,6533,16,6549,83
2020-09-20,Mariposa,043,17540,75,74,0,74,2
2020-09-20,Mendocino,045,87422,834,765,0,765,18
2020-09-20,Merced,047,269075,8805,8745,14,8759,128
2020-09-20,Modoc,049,8938,27,22,0,22,0
2020-09-20,Mono,051,14174,167,147,1,148,1
2020-09-20,Monterey,053,433212,9624,9312,25,9337,65
2020-09-20,Napa,055,140530,1694,1626,5,1631,11
2020-09-20,Nevada,057,99092,535,511,14,525,6
2020-09-20,Orange,059,3164182,54052,51233,1436,52669,1110
2020-09-20,Placer,061,380077,3572,3452,12,3464,40
2020-09-20,Plumas,063,18699,49,47,0,47,0
2020-09-20,Riverside,065,2383286,57891,56783,137,56920,1147
2020-09-20,Sacramento,067,1510023,21995,21394,15,21409,401
2020-09-20,San Benito,069,59416,1318,1291,0,1291,9
2020-09-20,San Bernardino,071,2135413,53194,51559,354,51913,970
2020-09-20,San Diego,073,3302833,46309,44579,853,45432,760
2020-09-20,San Francisco,075,870044,11065,10743,26,10769,95
2020-09-20,San Joaquin,077,732212,19997,19578,47,19625,423
2020-09-20,San Luis Obispo,079,281455,3595,3393,16,3409,27
2020-09-20,San Mateo,081,765935,9949,9198,6,9204,127
2020-09-20,Santa Barbara,083,443738,9612,8880,63,8943,110
2020-09-20,Santa Clara,085,1922200,21430,20330,26,20356,252
2020-09-20,Santa Cruz,087,273765,2345,2199,30,2229,8
2020-09-20,Shasta,089,179085,899,696,3,699,14
2020-09-20,Sierra,091,2930,6,6,0,6,0
2020-09-20,Siskiyou,093,43540,154,146,10,156,0
2020-09-20,Solano,095,438530,6196,6020,41,6061,46
2020-09-20,Sonoma,097,501317,7283,6954,19,6973,117
2020-09-20,Stanislaus,099,539301,16399,16159,520,16679,310
2020-09-20,Sutter,101,95872,1659,1624,1,1625,10
2020-09-20,Tehama,103,63373,535,509,2,511,2
2020-09-20,Trinity,105,12862,36,15,6,21,0
2020-09-20,Tulare,107,460477,15942,15528,107,15635,260
2020-09-20,Tuolumne,109,53932,230,221,3,224,1
2020-09-20,Ventura,111,848112,12940,12406,145,12551,133
2020-09-20,Yolo,113,214977,2788,2745,6,2751,54
2020-09-20,Yuba,115,75493,1060,1029,5,1034,1
2020-09-19,Alameda,001,1643700,21034,20349,174,20523,343
2020-09-19,Alpine,003,1148,3,2,0,2,0
2020-09-19,Amador,005,37829,289,285,0,285,16
2020-09-19,Butte,007,227075,2872,2748,25,2773,38
2020-09-19,Calaveras,009,45235,302,256,0,256,10
2020-09-19,Colusa,011,21464,526,507,0,507,6
2020-09-19,Contra Costa,013,1133247,16638,15783,82,15865,186
2020-09-19,Del Norte,015,27424,133,132,0,132,2
2020-09-19,El Dorado,017,186661,1127,1068,0,1068,4
2020-09-19,Fresno,019,978130,30060,27668,354,28022,362
2020-09-19,Glenn,021,27897,570,547,0,547,3
2020-09-19,Humboldt,023,135768,492,471,1,472,5
2020-09-19,Imperial,025,180216,11705,10496,5,10501,284
2020-09-19,Inyo,027,18085,187,177,0,177,12
2020-09-19,Kern,029,883053,31643,30886,308,31194,379
2020-09-19,Kings,031,150075,7541,7130,40,7170,76
2020-09-19,Lake,033,64148,545,465,0,465,8
2020-09-19,Lassen,035,31185,742,731,2,733,0
2020-09-19,Los Angeles,037,10098052,263017,259801,1778,261579,6325
2020-09-19,Madera,039,155013,4465,4237,27,4264,47
2020-09-19,Marin,041,260295,6633,6513,15,6528,81
2020-09-19,Mariposa,043,17540,75,74,0,74,2
2020-09-19,Mendocino,045,87422,831,750,0,750,18
2020-09-19,Merced,047,269075,8794,8717,13,8730,128
2020-09-19,Modoc,049,8938,27,22,0,22,0
2020-09-19,Mono,051,14174,167,147,1,148,1
2020-09-19,Monterey,053,433212,9582,9237,25,9262,65
2020-09-19,Napa,055,140530,1686,1614,5,1619,11
2020-09-19,Nevada,057,99092,533,505,14,519,6
2020-09-19,Orange,059,3164182,53923,50999,1429,52428,1105
2020-09-19,Placer,061,380077,3564,3412,12,3424,40
2020-09-19,Plumas,063,18699,49,47,0,47,0
2020-09-19,Riverside,065,2383286,57767,56562,136,56698,1147
2020-09-19,Sacramento,067,1510023,21941,21297,15,21312,396
2020-09-19,San Benito,069,59416,1314,1276,0,1276,9
2020-09-19,San Bernardino,071,2135413,53038,51353,351,51704,971
2020-09-19,San Diego,073,3302833,46081,44295,830,45125,773
2020-09-19,San Francisco,075,870044,11032,10741,26,10767,95
2020-09-19,San Joaquin,077,732212,19960,19580,47,19627,424
2020-09-19,San Luis Obispo,079,281455,3574,3369,16,3385,27
2020-09-19,San Mateo,081,765935,9918,9158,6,9164,127
2020-09-19,Santa Barbara,083,443738,9591,8862,63,8925,106
2020-09-19,Santa Clara,085,1922200,21341,20170,26,20196,251
2020-09-19,Santa Cruz,087,273765,2331,2198,29,2227,8
2020-09-19,Shasta,089,179085,872,687,3,690,14
2020-09-19,Sierra,091,2930,6,6,0,6,0
2020-09-19,Siskiyou,093,43540,154,146,10,156,0
2020-09-19,Solano,095,438530,6180,5998,41,6039,46
2020-09-19,Sonoma,097,501317,7250,6905,19,6924,117
2020-09-19,Stanislaus,099,539301,16359,16109,513,16622,313
2020-09-19,Sutter,101,95872,1658,1602,1,1603,10
2020-09-19,Tehama,103,63373,530,498,2,500,2
2020-09-19,Trinity,105,12862,36,15,6,21,0
2020-09-19,Tulare,107,460477,15893,15485,104,15589,260
2020-09-19,Tuolumne,109,53932,230,217,3,220,1
2020-09-19,Ventura,111,848112,12908,12328,145,12473,133
2020-09-19,Yolo,113,214977,2780,2739,6,2745,54
2020-09-19,Yuba,115,75493,1053,1023,5,1028,1
2020-09-18,Alameda,001,1643700,20969,20222,168,20390,341
2020-09-18,Alpine,003,1148,3,2,0,2,0
2020-09-18,Amador,005,37829,289,285,0,285,16
2020-09-18,Butte,007,227075,2870,2738,25,2763,37
2020-09-18,Calaveras,009,45235,302,255,0,255,9
2020-09-18,Colusa,011,21464,526,504,0,504,6
2020-09-18,Contra Costa,013,1133247,16553,15667,82,15749,185
2020-09-18,Del Norte,015,27424,133,131,0,131,2
2020-09-18,El Dorado,017,186661,1114,1063,0,1063,4
2020-09-18,Fresno,019,978130,29995,27560,354,27914,359
2020-09-18,Glenn,021,27897,567,541,0,541,3
2020-09-18,Humboldt,023,135768,489,470,1,471,5
2020-09-18,Imperial,025,180216,11690,10460,5,10465,283
2020-09-18,Inyo,027,18085,187,177,0,177,12
2020-09-18,Kern,029,883053,31585,30742,305,31047,373
2020-09-18,Kings,031,150075,7531,7062,40,7102,74
2020-09-18,Lake,033,64148,539,458,0,458,8
2020-09-18,Lassen,035,31185,741,731,2,733,0
2020-09-18,Los Angeles,037,10098052,262242,258488,1759,260247,6324
2020-09-18,Madera,039,155013,4453,4211,27,4238,45
2020-09-18,Marin,041,260295,6618,6475,15,6490,81
2020-09-18,Mariposa,043,17540,75,74,0,74,2
2020-09-18,Mendocino,045,87422,823,739,0,739,18
2020-09-18,Merced,047,269075,8782,8691,12,8703,127
2020-09-18,Modoc,049,8938,27,22,0,22,0
2020-09-18,Mono,051,14174,165,147,1,148,1
2020-09-18,Monterey,053,433212,9540,9183,25,9208,64
2020-09-18,Napa,055,140530,1680,1604,5,1609,11
2020-09-18,Nevada,057,99092,530,504,14,518,6
2020-09-18,Orange,059,3164182,53776,50733,1417,52150,1107
2020-09-18,Placer,061,380077,3553,3389,12,3401,40
2020-09-18,Plumas,063,18699,49,45,0,45,0
2020-09-18,Riverside,065,2383286,57647,56248,132,56380,1143
2020-09-18,Sacramento,067,1510023,21858,21105,15,21120,391
2020-09-18,San Benito,069,59416,1306,1257,0,1257,8
2020-09-18,San Bernardino,071,2135413,52895,51106,348,51454,970
2020-09-18,San Diego,073,3302833,45831,44009,825,44834,757
2020-09-18,San Francisco,075,870044,10994,10644,25,10669,95
2020-09-18,San Joaquin,077,732212,19917,19531,45,19576,423
2020-09-18,San Luis Obispo,079,281455,3550,3328,16,3344,27
2020-09-18,San Mateo,081,765935,9878,9062,6,9068,127
2020-09-18,Santa Barbara,083,443738,9569,8824,63,8887,107
2020-09-18,Santa Clara,085,1922200,21244,20058,26,20084,252
2020-09-18,Santa Cruz,087,273765,2310,2180,28,2208,8
2020-09-18,Shasta,089,179085,837,668,3,671,14
2020-09-18,Sierra,091,2930,6,6,0,6,0
2020-09-18,Siskiyou,093,43540,153,146,10,156,0
2020-09-18,Solano,095,438530,6164,5961,41,6002,46
2020-09-18,Sonoma,097,501317,7202,6856,19,6875,114
2020-09-18,Stanislaus,099,539301,16331,16042,507,16549,277
2020-09-18,Sutter,101,95872,1650,1586,1,1587,10
2020-09-18,Tehama,103,63373,530,490,2,492,2
2020-09-18,Trinity,105,12862,36,15,5,20,0
2020-09-18,Tulare,107,460477,15860,15435,100,15535,259
2020-09-18,Tuolumne,109,53932,229,216,3,219,1
2020-09-18,Ventura,111,848112,12847,12236,141,12377,133
2020-09-18,Yolo,113,214977,2774,2732,6,2738,54
2020-09-18,Yuba,115,75493,1049,1020,5,1025,1
2020-09-17,Alameda,001,1643700,20870,20146,168,20314,339
2020-09-17,Alpine,003,1148,3,2,0,2,0
2020-09-17,Amador,005,37829,287,284,0,284,16
2020-09-17,Butte,007,227075,2852,2720,25,2745,38
2020-09-17,Calaveras,009,45235,302,254,0,254,9
2020-09-17,Colusa,011,21464,524,499,0,499,6
2020-09-17,Contra Costa,013,1133247,16463,15576,82,15658,184
2020-09-17,Del Norte,015,27424,133,131,0,131,2
2020-09-17,El Dorado,017,186661,1105,1057,0,1057,4
2020-09-17,Fresno,019,978130,29886,27487,349,27836,355
2020-09-17,Glenn,021,27897,566,541,0,541,3
2020-09-17,Humboldt,023,135768,483,466,1,467,5
2020-09-17,Imperial,025,180216,11673,10436,5,10441,281
2020-09-17,Inyo,027,18085,187,176,0,176,12
2020-09-17,Kern,029,883053,31524,30627,298,30925,372
2020-09-17,Kings,031,150075,7460,7015,40,7055,72
2020-09-17,Lake,033,64148,529,433,0,433,8
2020-09-17,Lassen,035,31185,739,731,2,733,0
2020-09-17,Los Angeles,037,10098052,261297,257246,1745,258991,6318
2020-09-17,Madera,039,155013,4419,4152,27,4179,45
2020-09-17,Marin,041,260295,6597,6457,15,6472,81
2020-09-17,Mariposa,043,17540,75,74,0,74,2
2020-09-17,Mendocino,045,87422,812,737,0,737,18
2020-09-17,Merced,047,269075,8763,8671,12,8683,119
2020-09-17,Modoc,049,8938,27,22,0,22,0
2020-09-17,Mono,051,14174,165,147,1,148,1
2020-09-17,Monterey,053,433212,9478,9113,24,9137,62
2020-09-17,Napa,055,140530,1669,1592,5,1597,11
2020-09-17,Nevada,057,99092,528,494,14,508,6
2020-09-17,Orange,059,3164182,53596,50537,1403,51940,1098
2020-09-17,Placer,061,380077,3532,3368,12,3380,40
2020-09-17,Plumas,063,18699,49,45,0,45,0
2020-09-17,Riverside,065,2383286,57422,56007,130,56137,1134
2020-09-17,Sacramento,067,1510023,21623,20895,15,20910,385
2020-09-17,San Benito,069,59416,1303,1252,0,1252,8
2020-09-17,San Bernardino,071,2135413,52694,50770,348,51118,904
2020-09-17,San Diego,073,3302833,45551,43621,813,44434,754
2020-09-17,San Francisco,075,870044,10899,10564,25,10589,95
2020-09-17,San Joaquin,077,732212,19858,19439,45,19484,416
2020-09-17,San Luis Obispo,079,281455,3522,3299,16,3315,27
2020-09-17,San Mateo,081,765935,9836,8984,6,8990,127
2020-09-17,Santa Barbara,083,443738,9545,8779,63,8842,107
2020-09-17,Santa Clara,085,1922200,21127,19825,26,19851,254
2020-09-17,Santa Cruz,087,273765,2294,2155,28,2183,7
2020-09-17,Shasta,089,179085,798,660,3,663,12
2020-09-17,Sierra,091,2930,6,6,0,6,0
2020-09-17,Siskiyou,093,43540,153,146,10,156,0
2020-09-17,Solano,095,438530,6141,5915,41,5956,44
2020-09-17,Sonoma,097,501317,7138,6754,19,6773,114
2020-09-17,Stanislaus,099,539301,16298,15984,503,16487,277
2020-09-17,Sutter,101,95872,1645,1572,1,1573,10
2020-09-17,Tehama,103,63373,516,487,2,489,2
2020-09-17,Trinity,105,12862,36,15,5,20,0
2020-09-17,Tulare,107,460477,15807,15344,98,15442,258
2020-09-17,Tuolumne,109,53932,228,214,3,217,1
2020-09-17,Ventura,111,848112,12761,12167,137,12304,130
2020-09-17,Yolo,113,214977,2765,2724,6,2730,53
2020-09-17,Yuba,115,75493,1045,1015,5,1020,1
2020-09-16,Alameda,001,1643700,20773,20009,166,20175,333
2020-09-16,Alpine,003,1148,3,2,0,2,0
2020-09-16,Amador,005,37829,287,284,0,284,16
2020-09-16,Butte,007,227075,2842,2704,25,2729,38
2020-09-16,Calaveras,009,45235,302,254,0,254,9
2020-09-16,Colusa,011,21464,522,497,0,497,6
2020-09-16,Contra Costa,013,1133247,16377,15473,82,15555,183
2020-09-16,Del Norte,015,27424,133,131,0,131,2
2020-09-16,El Dorado,017,186661,1097,1049,0,1049,4
2020-09-16,Fresno,019,978130,29780,27381,347,27728,343
2020-09-16,Glenn,021,27897,564,539,0,539,3
2020-09-16,Humboldt,023,135768,482,455,1,456,4
2020-09-16,Imperial,025,180216,11650,10401,5,10406,277
2020-09-16,Inyo,027,18085,186,176,0,176,12
2020-09-16,Kern,029,883053,31464,30570,297,30867,371
2020-09-16,Kings,031,150075,7435,7002,38,7040,71
2020-09-16,Lake,033,64148,518,417,0,417,6
2020-09-16,Lassen,035,31185,738,730,2,732,0
2020-09-16,Los Angeles,037,10098052,260299,256101,1727,257828,6299
2020-09-16,Madera,039,155013,4396,4138,27,4165,45
2020-09-16,Marin,041,260295,6569,6430,15,6445,77
2020-09-16,Mariposa,043,17540,75,74,0,74,2
2020-09-16,Mendocino,045,87422,803,727,0,727,18
2020-09-16,Merced,047,269075,8742,8646,12,8658,118
2020-09-16,Modoc,049,8938,27,22,0,22,0
2020-09-16,Mono,051,14174,165,147,1,148,1
2020-09-16,Monterey,053,433212,9424,8997,24,9021,62
2020-09-16,Napa,055,140530,1655,1587,5,1592,11
2020-09-16,Nevada,057,99092,523,495,13,508,6
2020-09-16,Orange,059,3164182,53396,50414,1394,51808,1096
2020-09-16,Placer,061,380077,3514,3351,12,3363,39
2020-09-16,Plumas,063,18699,49,45,0,45,0
2020-09-16,Riverside,065,2383286,57226,55811,122,55933,1127
2020-09-16,Sacramento,067,1510023,21528,20610,15,20625,377
2020-09-16,San Benito,069,59416,1295,1244,0,1244,8
2020-09-16,San Bernardino,071,2135413,52468,50509,347,50856,907
2020-09-16,San Diego,073,3302833,45259,43447,792,44239,748
2020-09-16,San Francisco,075,870044,10852,10502,25,10527,90
2020-09-16,San Joaquin,077,732212,19804,19377,44,19421,409
2020-09-16,San Luis Obispo,079,281455,3492,3285,16,3301,28
2020-09-16,San Mateo,081,765935,9771,8944,6,8950,127
2020-09-16,Santa Barbara,083,443738,9513,8764,63,8827,107
2020-09-16,Santa Clara,085,1922200,21007,19684,26,19710,253
2020-09-16,Santa Cruz,087,273765,2253,2089,27,2116,7
2020-09-16,Shasta,089,179085,772,635,3,638,11
2020-09-16,Sierra,091,2930,6,6,0,6,0
2020-09-16,Siskiyou,093,43540,152,145,10,155,0
2020-09-16,Solano,095,438530,6111,5899,41,5940,44
2020-09-16,Sonoma,097,501317,7077,6731,19,6750,104
2020-09-16,Stanislaus,099,539301,16250,15897,495,16392,263
2020-09-16,Sutter,101,95872,1632,1567,1,1568,10
2020-09-16,Tehama,103,63373,508,485,2,487,2
2020-09-16,Trinity,105,12862,36,15,5,20,0
2020-09-16,Tulare,107,460477,15765,15314,90,15404,258
2020-09-16,Tuolumne,109,53932,227,210,3,213,1
2020-09-16,Ventura,111,848112,12692,12073,136,12209,130
2020-09-16,Yolo,113,214977,2758,2709,6,2715,53
2020-09-16,Yuba,115,75493,1043,1000,5,1005,1
2020-09-15,Alameda,001,1643700,20666,19931,163,20094,327
2020-09-15,Alpine,003,1148,3,2,0,2,0
2020-09-15,Amador,005,37829,286,282,0,282,16
2020-09-15,Butte,007,227075,2829,2695,23,2718,38
2020-09-15,Calaveras,009,45235,302,248,0,248,5
2020-09-15,Colusa,011,21464,516,497,0,497,6
2020-09-15,Contra Costa,013,1133247,16274,15423,81,15504,180
2020-09-15,Del Norte,015,27424,133,129,0,129,2
2020-09-15,El Dorado,017,186661,1092,1046,0,1046,4
2020-09-15,Fresno,019,978130,29674,27312,342,27654,343
2020-09-15,Glenn,021,27897,563,531,0,531,3
2020-09-15,Humboldt,023,135768,480,456,1,457,4
2020-09-15,Imperial,025,180216,11625,10376,5,10381,277
2020-09-15,Inyo,027,18085,186,176,0,176,12
2020-09-15,Kern,029,883053,31351,30429,294,30723,368
2020-09-15,Kings,031,150075,7277,6977,38,7015,70
2020-09-15,Lake,033,64148,504,416,0,416,4
2020-09-15,Lassen,035,31185,734,719,2,721,0
2020-09-15,Los Angeles,037,10098052,259185,255048,1703,256751,6269
2020-09-15,Madera,039,155013,4377,4122,27,4149,45
2020-09-15,Marin,041,260295,6538,6423,15,6438,77
2020-09-15,Mariposa,043,17540,75,74,0,74,2
2020-09-15,Mendocino,045,87422,785,724,0,724,18
2020-09-15,Merced,047,269075,8712,8633,12,8645,114
2020-09-15,Modoc,049,8938,26,21,0,21,0
2020-09-15,Mono,051,14174,165,147,1,148,1
2020-09-15,Monterey,053,433212,9375,8943,24,8967,62
2020-09-15,Napa,055,140530,1641,1580,5,1585,11
2020-09-15,Nevada,057,99092,518,494,13,507,6
2020-09-15,Orange,059,3164182,53214,50294,1379,51673,1088
2020-09-15,Placer,061,380077,3490,3331,12,3343,38
2020-09-15,Plumas,063,18699,49,44,0,44,0
2020-09-15,Riverside,065,2383286,56932,55569,112,55681,1118
2020-09-15,Sacramento,067,1510023,21386,20487,15,20502,372
2020-09-15,San Benito,069,59416,1288,1237,0,1237,7
2020-09-15,San Bernardino,071,2135413,52252,50333,346,50679,904
2020-09-15,San Diego,073,3302833,44940,43183,772,43955,742
2020-09-15,San Francisco,075,870044,10794,10414,25,10439,90
2020-09-15,San Joaquin,077,732212,19752,19313,44,19357,401
2020-09-15,San Luis Obispo,079,281455,3472,3262,16,3278,28
2020-09-15,San Mateo,081,765935,9701,8895,6,8901,127
2020-09-15,Santa Barbara,083,443738,9488,8724,62,8786,104
2020-09-15,Santa Clara,085,1922200,20871,19610,26,19636,252
2020-09-15,Santa Cruz,087,273765,2227,2079,26,2105,7
2020-09-15,Shasta,089,179085,760,627,3,630,11
2020-09-15,Sierra,091,2930,6,6,0,6,0
2020-09-15,Siskiyou,093,43540,152,143,10,153,0
2020-09-15,Solano,095,438530,6077,5878,41,5919,45
2020-09-15,Sonoma,097,501317,7038,6701,19,6720,104
2020-09-15,Stanislaus,099,539301,16202,15880,493,16373,260
2020-09-15,Sutter,101,95872,1620,1556,1,1557,10
2020-09-15,Tehama,103,63373,496,484,2,486,2
2020-09-15,Trinity,105,12862,36,15,5,20,0
2020-09-15,Tulare,107,460477,15688,15203,88,15291,254
2020-09-15,Tuolumne,109,53932,227,209,3,212,1
2020-09-15,Ventura,111,848112,12640,11932,135,12067,128
2020-09-15,Yolo,113,214977,2754,2708,6,2714,53
2020-09-15,Yuba,115,75493,1037,991,4,995,1
2020-09-14,Alameda,001,1643700,20539,19851,162,20013,306
2020-09-14,Alpine,003,1148,3,2,0,2,0
2020-09-14,Amador,005,37829,284,281,0,281,16
2020-09-14,Butte,007,227075,2812,2642,23,2665,37
2020-09-14,Calaveras,009,45235,302,244,0,244,3
2020-09-14,Colusa,011,21464,515,486,0,486,6
2020-09-14,Contra Costa,013,1133247,16150,15354,80,15434,174
2020-09-14,Del Norte,015,27424,130,116,0,116,2
2020-09-14,El Dorado,017,186661,1088,1039,0,1039,3
2020-09-14,Fresno,019,978130,29589,27232,339,27571,344
2020-09-14,Glenn,021,27897,555,521,0,521,3
2020-09-14,Humboldt,023,135768,477,437,1,438,4
2020-09-14,Imperial,025,180216,11605,10340,5,10345,273
2020-09-14,Inyo,027,18085,186,176,0,176,12
2020-09-14,Kern,029,883053,31263,30344,291,30635,368
2020-09-14,Kings,031,150075,7195,6950,37,6987,70
2020-09-14,Lake,033,64148,484,407,0,407,4
2020-09-14,Lassen,035,31185,734,719,2,721,0
2020-09-14,Los Angeles,037,10098052,258154,254622,1675,256297,6226
2020-09-14,Madera,039,155013,4363,4104,27,4131,45
2020-09-14,Marin,041,260295,6517,6409,15,6424,70
2020-09-14,Mariposa,043,17540,75,74,0,74,2
2020-09-14,Mendocino,045,87422,768,710,0,710,17
2020-09-14,Merced,047,269075,8693,8593,12,8605,112
2020-09-14,Modoc,049,8938,26,21,0,21,0
2020-09-14,Mono,051,14174,165,147,1,148,1
2020-09-14,Monterey,053,433212,9304,8845,23,8868,61
2020-09-14,Napa,055,140530,1624,1576,5,1581,11
2020-09-14,Nevada,057,99092,513,489,13,502,6
2020-09-14,Orange,059,3164182,53055,50149,1362,51511,1079
2020-09-14,Placer,061,380077,3469,3302,12,3314,38
2020-09-14,Plumas,063,18699,48,42,0,42,0
2020-09-14,Riverside,065,2383286,56713,55488,106,55594,1113
2020-09-14,Sacramento,067,1510023,21191,20377,14,20391,367
2020-09-14,San Benito,069,59416,1273,1233,0,1233,7
2020-09-14,San Bernardino,071,2135413,52028,50163,345,50508,895
2020-09-14,San Diego,073,3302833,44629,42889,752,43641,734
2020-09-14,San Francisco,075,870044,10727,10255,23,10278,90
2020-09-14,San Joaquin,077,732212,19678,19111,43,19154,397
2020-09-14,San Luis Obispo,079,281455,3447,3248,16,3264,25
2020-09-14,San Mateo,081,765935,9639,8847,6,8853,127
2020-09-14,Santa Barbara,083,443738,9462,8692,62,8754,104
2020-09-14,Santa Clara,085,1922200,20683,19545,26,19571,247
2020-09-14,Santa Cruz,087,273765,2207,2016,23,2039,7
2020-09-14,Shasta,089,179085,738,584,3,587,10
2020-09-14,Sierra,091,2930,6,6,0,6,0
2020-09-14,Siskiyou,093,43540,151,143,10,153,0
2020-09-14,Solano,095,438530,6042,5834,41,5875,44
2020-09-14,Sonoma,097,501317,6975,6630,19,6649,102
2020-09-14,Stanislaus,099,539301,16157,15812,490,16302,253
2020-09-14,Sutter,101,95872,1609,1549,1,1550,10
2020-09-14,Tehama,103,63373,493,475,2,477,1
2020-09-14,Trinity,105,12862,35,14,5,19,0
2020-09-14,Tulare,107,460477,15618,15096,82,15178,254
2020-09-14,Tuolumne,109,53932,226,208,3,211,1
2020-09-14,Ventura,111,848112,12538,11903,132,12035,125
2020-09-14,Yolo,113,214977,2743,2687,6,2693,53
2020-09-14,Yuba,115,75493,1029,977,4,981,1
2020-09-13,Alameda,001,1643700,20433,19815,159,19974,306
2020-09-13,Alpine,003,1148,3,2,0,2,0
2020-09-13,Amador,005,37829,281,279,0,279,16
2020-09-13,Butte,007,227075,2790,2640,23,2663,37
2020-09-13,Calaveras,009,45235,301,246,0,246,3
2020-09-13,Colusa,011,21464,511,486,0,486,6
2020-09-13,Contra Costa,013,1133247,16043,15284,79,15363,172
2020-09-13,Del Norte,015,27424,127,116,0,116,1
2020-09-13,El Dorado,017,186661,1083,1035,0,1035,2
2020-09-13,Fresno,019,978130,29482,27196,330,27526,345
2020-09-13,Glenn,021,27897,551,517,0,517,3
2020-09-13,Humboldt,023,135768,477,434,1,435,4
2020-09-13,Imperial,025,180216,11568,10304,5,10309,273
2020-09-13,Inyo,027,18085,186,176,0,176,12
2020-09-13,Kern,029,883053,31170,30277,284,30561,368
2020-09-13,Kings,031,150075,7176,6937,37,6974,70
2020-09-13,Lake,033,64148,465,397,0,397,4
2020-09-13,Lassen,035,31185,731,719,2,721,0
2020-09-13,Los Angeles,037,10098052,257006,253950,1659,255609,6203
2020-09-13,Madera,039,155013,4306,4090,27,4117,45
2020-09-13,Marin,041,260295,6496,6395,15,6410,70
2020-09-13,Mariposa,043,17540,75,74,0,74,2
2020-09-13,Mendocino,045,87422,761,707,0,707,17
2020-09-13,Merced,047,269075,8659,8575,12,8587,112
2020-09-13,Modoc,049,8938,26,21,0,21,0
2020-09-13,Mono,051,14174,165,147,1,148,1
2020-09-13,Monterey,053,433212,9222,8826,22,8848,61
2020-09-13,Napa,055,140530,1617,1563,5,1568,11
2020-09-13,Nevada,057,99092,505,486,13,499,6
2020-09-13,Orange,059,3164182,52842,50061,1355,51416,1075
2020-09-13,Placer,061,380077,3439,3291,12,3303,38
2020-09-13,Plumas,063,18699,48,42,0,42,0
2020-09-13,Riverside,065,2383286,56504,55235,95,55330,1108
2020-09-13,Sacramento,067,1510023,20845,20279,14,20293,367
2020-09-13,San Benito,069,59416,1265,1217,0,1217,7
2020-09-13,San Bernardino,071,2135413,51743,49968,343,50311,895
2020-09-13,San Diego,073,3302833,44303,42681,718,43399,734
2020-09-13,San Francisco,075,870044,10649,10254,23,10277,90
2020-09-13,San Joaquin,077,732212,19606,19110,42,19152,396
2020-09-13,San Luis Obispo,079,281455,3411,3240,16,3256,24
2020-09-13,San Mateo,081,765935,9578,8811,6,8817,127
2020-09-13,Santa Barbara,083,443738,9425,8690,62,8752,104
2020-09-13,Santa Clara,085,1922200,20548,19456,25,19481,245
2020-09-13,Santa Cruz,087,273765,2174,2016,21,2037,7
2020-09-13,Shasta,089,179085,726,583,3,586,10
2020-09-13,Sierra,091,2930,6,6,0,6,0
2020-09-13,Siskiyou,093,43540,151,143,9,152,0
2020-09-13,Solano,095,438530,5996,5810,41,5851,43
2020-09-13,Sonoma,097,501317,6910,6592,19,6611,95
2020-09-13,Stanislaus,099,539301,16094,15759,478,16237,253
2020-09-13,Sutter,101,95872,1596,1539,1,1540,10
2020-09-13,Tehama,103,63373,489,476,2,478,1
2020-09-13,Trinity,105,12862,35,14,5,19,0
2020-09-13,Tulare,107,460477,15546,15098,81,15179,254
2020-09-13,Tuolumne,109,53932,223,208,3,211,1
2020-09-13,Ventura,111,848112,12431,11855,131,11986,123
2020-09-13,Yolo,113,214977,2731,2675,6,2681,53
2020-09-13,Yuba,115,75493,1024,967,4,971,1
2020-09-12,Alameda,001,1643700,20374,19758,159,19917,307
2020-09-12,Alpine,003,1148,3,2,0,2,0
2020-09-12,Amador,005,37829,280,278,0,278,16
2020-09-12,Butte,007,227075,2783,2629,22,2651,37
2020-09-12,Calaveras,009,45235,299,246,0,246,3
2020-09-12,Colusa,011,21464,507,486,0,486,6
2020-09-12,Contra Costa,013,1133247,15969,15135,78,15213,174
2020-09-12,Del Norte,015,27424,126,116,0,116,1
2020-09-12,El Dorado,017,186661,1076,1034,0,1034,2
2020-09-12,Fresno,019,978130,29411,27076,330,27406,345
2020-09-12,Glenn,021,27897,550,517,0,517,3
2020-09-12,Humboldt,023,135768,476,430,1,431,4
2020-09-12,Imperial,025,180216,11556,10305,5,10310,273
2020-09-12,Inyo,027,18085,186,177,0,177,12
2020-09-12,Kern,029,883053,31104,30202,284,30486,368
2020-09-12,Kings,031,150075,7166,6895,37,6932,70
2020-09-12,Lake,033,64148,459,393,0,393,4
2020-09-12,Lassen,035,31185,731,719,2,721,0
2020-09-12,Los Angeles,037,10098052,256447,253156,1638,254794,6193
2020-09-12,Madera,039,155013,4295,4058,27,4085,43
2020-09-12,Marin,041,260295,6487,6393,15,6408,69
2020-09-12,Mariposa,043,17540,75,72,0,72,2
2020-09-12,Mendocino,045,87422,758,700,0,700,17
2020-09-12,Merced,047,269075,8650,8533,12,8545,112
2020-09-12,Modoc,049,8938,25,21,0,21,0
2020-09-12,Mono,051,14174,165,147,1,148,1
2020-09-12,Monterey,053,433212,9186,8743,22,8765,61
2020-09-12,Napa,055,140530,1614,1556,5,1561,11
2020-09-12,Nevada,057,99092,504,482,13,495,6
2020-09-12,Orange,059,3164182,52728,49895,1351,51246,1078
2020-09-12,Placer,061,380077,3422,3280,12,3292,38
2020-09-12,Plumas,063,18699,48,42,0,42,0
2020-09-12,Riverside,065,2383286,56376,55058,90,55148,1108
2020-09-12,Sacramento,067,1510023,20776,20184,14,20198,367
2020-09-12,San Benito,069,59416,1262,1208,0,1208,7
2020-09-12,San Bernardino,071,2135413,51652,49945,341,50286,896
2020-09-12,San Diego,073,3302833,44109,42416,709,43125,747
2020-09-12,San Francisco,075,870044,10604,10257,23,10280,90
2020-09-12,San Joaquin,077,732212,19578,19108,42,19150,396
2020-09-12,San Luis Obispo,079,281455,3385,3220,16,3236,24
2020-09-12,San Mateo,081,765935,9533,8759,6,8765,127
2020-09-12,Santa Barbara,083,443738,9410,8642,62,8704,104
2020-09-12,Santa Clara,085,1922200,20464,19330,25,19355,237
2020-09-12,Santa Cruz,087,273765,2162,2016,21,2037,7
2020-09-12,Shasta,089,179085,714,569,3,572,10
2020-09-12,Sierra,091,2930,6,6,0,6,0
2020-09-12,Siskiyou,093,43540,151,141,9,150,0
2020-09-12,Solano,095,438530,5972,5772,41,5813,43
2020-09-12,Sonoma,097,501317,6886,6531,19,6550,95
2020-09-12,Stanislaus,099,539301,16062,15675,475,16150,253
2020-09-12,Sutter,101,95872,1590,1529,1,1530,10
2020-09-12,Tehama,103,63373,486,471,2,473,1
2020-09-12,Trinity,105,12862,35,15,5,20,0
2020-09-12,Tulare,107,460477,15501,15018,80,15098,254
2020-09-12,Tuolumne,109,53932,223,208,3,211,1
2020-09-12,Ventura,111,848112,12380,11759,129,11888,123
2020-09-12,Yolo,113,214977,2724,2646,6,2652,53
2020-09-12,Yuba,115,75493,1020,963,4,967,1
2020-09-11,Alameda,001,1643700,20319,19625,158,19783,298
2020-09-11,Alpine,003,1148,3,2,0,2,0
2020-09-11,Amador,005,37829,280,277,0,277,16
2020-09-11,Butte,007,227075,2772,2605,22,2627,37
2020-09-11,Calaveras,009,45235,298,242,0,242,1
2020-09-11,Colusa,011,21464,506,484,0,484,6
2020-09-11,Contra Costa,013,1133247,15917,15001,75,15076,173
2020-09-11,Del Norte,015,27424,126,115,0,115,1
2020-09-11,El Dorado,017,186661,1073,1024,0,1024,2
2020-09-11,Fresno,019,978130,29331,26917,329,27246,344
2020-09-11,Glenn,021,27897,545,515,0,515,3
2020-09-11,Humboldt,023,135768,474,426,1,427,4
2020-09-11,Imperial,025,180216,11538,10286,5,10291,273
2020-09-11,Inyo,027,18085,186,176,0,176,12
2020-09-11,Kern,029,883053,31036,30059,283,30342,365
2020-09-11,Kings,031,150075,7149,6770,37,6807,70
2020-09-11,Lake,033,64148,452,382,0,382,4
2020-09-11,Lassen,035,31185,731,719,2,721,0
2020-09-11,Los Angeles,037,10098052,255766,252057,1627,253684,6172
2020-09-11,Madera,039,155013,4276,4018,27,4045,43
2020-09-11,Marin,041,260295,6484,6364,15,6379,69
2020-09-11,Mariposa,043,17540,75,72,0,72,2
2020-09-11,Mendocino,045,87422,747,700,0,700,17
2020-09-11,Merced,047,269075,8629,8489,12,8501,109
2020-09-11,Modoc,049,8938,25,21,0,21,0
2020-09-11,Mono,051,14174,165,145,1,146,1
2020-09-11,Monterey,053,433212,9138,8595,22,8617,61
2020-09-11,Napa,055,140530,1603,1543,5,1548,11
2020-09-11,Nevada,057,99092,497,483,13,496,6
2020-09-11,Orange,059,3164182,52599,49755,1339,51094,1068
2020-09-11,Placer,061,380077,3407,3254,12,3266,37
2020-09-11,Plumas,063,18699,48,42,0,42,0
2020-09-11,Riverside,065,2383286,56243,54717,87,54804,1099
2020-09-11,Sacramento,067,1510023,20691,20012,14,20026,358
2020-09-11,San Benito,069,59416,1252,1202,0,1202,7
2020-09-11,San Bernardino,071,2135413,51552,49682,341,50023,871
2020-09-11,San Diego,073,3302833,43889,41971,703,42674,730
2020-09-11,San Francisco,075,870044,10556,10133,22,10155,89
2020-09-11,San Joaquin,077,732212,19531,19019,42,19061,391
2020-09-11,San Luis Obispo,079,281455,3367,3190,16,3206,24
2020-09-11,San Mateo,081,765935,9491,8611,6,8617,127
2020-09-11,Santa Barbara,083,443738,9376,8592,61,8653,103
2020-09-11,Santa Clara,085,1922200,20375,19065,25,19090,234
2020-09-11,Santa Cruz,087,273765,2145,1997,21,2018,7
2020-09-11,Shasta,089,179085,704,568,3,571,10
2020-09-11,Sierra,091,2930,6,6,0,6,0
2020-09-11,Siskiyou,093,43540,150,139,9,148,0
2020-09-11,Solano,095,438530,5955,5742,41,5783,42
2020-09-11,Sonoma,097,501317,6841,6469,19,6488,91
2020-09-11,Stanislaus,099,539301,16024,15613,472,16085,253
2020-09-11,Sutter,101,95872,1580,1505,1,1506,11
2020-09-11,Tehama,103,63373,483,466,2,468,1
2020-09-11,Trinity,105,12862,35,16,5,21,0
2020-09-11,Tulare,107,460477,15470,14932,78,15010,251
2020-09-11,Tuolumne,109,53932,223,208,3,211,1
2020-09-11,Ventura,111,848112,12326,11700,127,11827,123
2020-09-11,Yolo,113,214977,2713,2632,6,2638,53
2020-09-11,Yuba,115,75493,1012,946,4,950,1
2020-09-10,Alameda,001,1643700,20245,19509,158,19667,292
2020-09-10,Alpine,003,1148,3,2,0,2,0
2020-09-10,Amador,005,37829,279,277,0,277,16
2020-09-10,Butte,007,227075,2755,2590,22,2612,37
2020-09-10,Calaveras,009,45235,298,244,0,244,1
2020-09-10,Colusa,011,21464,504,482,0,482,6
2020-09-10,Contra Costa,013,1133247,15847,14909,75,14984,172
2020-09-10,Del Norte,015,27424,125,112,0,112,1
2020-09-10,El Dorado,017,186661,1070,1020,0,1020,2
2020-09-10,Fresno,019,978130,29210,26783,329,27112,338
2020-09-10,Glenn,021,27897,535,511,0,511,3
2020-09-10,Humboldt,023,135768,463,422,1,423,4
2020-09-10,Imperial,025,180216,11522,10251,5,10256,270
2020-09-10,Inyo,027,18085,185,176,0,176,11
2020-09-10,Kern,029,883053,30953,29988,279,30267,363
2020-09-10,Kings,031,150075,7119,6739,37,6776,70
2020-09-10,Lake,033,64148,445,377,0,377,4
2020-09-10,Lassen,035,31185,730,716,2,718,0
2020-09-10,Los Angeles,037,10098052,254786,251003,1605,252608,6132
2020-09-10,Madera,039,155013,4258,3979,27,4006,43
2020-09-10,Marin,041,260295,6473,6344,15,6359,68
2020-09-10,Mariposa,043,17540,75,72,0,72,2
2020-09-10,Mendocino,045,87422,737,697,0,697,16
2020-09-10,Merced,047,269075,8583,8461,12,8473,109
2020-09-10,Modoc,049,8938,25,21,0,21,0
2020-09-10,Mono,051,14174,165,145,1,146,1
2020-09-10,Monterey,053,433212,9068,8570,22,8592,59
2020-09-10,Napa,055,140530,1597,1536,5,1541,11
2020-09-10,Nevada,057,99092,493,478,13,491,6
2020-09-10,Orange,059,3164182,52436,49617,1332,50949,1057
2020-09-10,Placer,061,380077,3388,3233,12,3245,37
2020-09-10,Plumas,063,18699,48,42,0,42,0
2020-09-10,Riverside,065,2383286,55925,54417,84,54501,1091
2020-09-10,Sacramento,067,1510023,20569,19618,13,19631,354
2020-09-10,San Benito,069,59416,1246,1201,0,1201,5
2020-09-10,San Bernardino,071,2135413,51363,49467,339,49806,867
2020-09-10,San Diego,073,3302833,43623,41610,676,42286,725
2020-09-10,San Francisco,075,870044,10479,10082,22,10104,89
2020-09-10,San Joaquin,077,732212,19478,18854,42,18896,389
2020-09-10,San Luis Obispo,079,281455,3354,3161,16,3177,24
2020-09-10,San Mateo,081,765935,9445,8529,6,8535,125
2020-09-10,Santa Barbara,083,443738,9332,8552,61,8613,100
2020-09-10,Santa Clara,085,1922200,20261,18870,25,18895,231
2020-09-10,Santa Cruz,087,273765,2130,1986,19,2005,7
2020-09-10,Shasta,089,179085,693,566,3,569,10
2020-09-10,Sierra,091,2930,6,6,0,6,0
2020-09-10,Siskiyou,093,43540,150,137,9,146,0
2020-09-10,Solano,095,438530,5915,5696,41,5737,42
2020-09-10,Sonoma,097,501317,6792,6424,19,6443,91
2020-09-10,Stanislaus,099,539301,15970,15509,467,15976,243
2020-09-10,Sutter,101,95872,1568,1494,1,1495,11
2020-09-10,Tehama,103,63373,476,466,2,468,1
2020-09-10,Trinity,105,12862,35,15,5,20,0
2020-09-10,Tulare,107,460477,15415,14860,75,14935,250
2020-09-10,Tuolumne,109,53932,222,205,3,208,1
2020-09-10,Ventura,111,848112,12232,11600,120,11720,122
2020-09-10,Yolo,113,214977,2708,2612,6,2618,53
2020-09-10,Yuba,115,75493,1006,941,4,945,1
2020-09-09,Alameda,001,1643700,20166,19399,157,19556,289
2020-09-09,Alpine,003,1148,3,2,0,2,0
2020-09-09,Amador,005,37829,278,276,0,276,16
2020-09-09,Butte,007,227075,2738,2561,22,2583,37
2020-09-09,Calaveras,009,45235,298,242,0,242,1
2020-09-09,Colusa,011,21464,499,479,0,479,6
2020-09-09,Contra Costa,013,1133247,15761,14816,75,14891,171
2020-09-09,Del Norte,015,27424,121,109,0,109,1
2020-09-09,El Dorado,017,186661,1067,1020,0,1020,2
2020-09-09,Fresno,019,978130,29107,26724,324,27048,329
2020-09-09,Glenn,021,27897,532,508,0,508,3
2020-09-09,Humboldt,023,135768,461,420,1,421,4
2020-09-09,Imperial,025,180216,11501,10233,5,10238,268
2020-09-09,Inyo,027,18085,184,173,0,173,2
2020-09-09,Kern,029,883053,30854,29925,276,30201,355
2020-09-09,Kings,031,150075,7101,6721,37,6758,72
2020-09-09,Lake,033,64148,437,371,0,371,4
2020-09-09,Lassen,035,31185,729,714,2,716,0
2020-09-09,Los Angeles,037,10098052,253903,249876,1586,251462,6091
2020-09-09,Madera,039,155013,4232,3926,27,3953,43
2020-09-09,Marin,041,260295,6454,6321,15,6336,68
2020-09-09,Mariposa,043,17540,74,72,0,72,2
2020-09-09,Mendocino,045,87422,729,695,0,695,16
2020-09-09,Merced,047,269075,8557,8441,12,8453,107
2020-09-09,Modoc,049,8938,24,20,0,20,0
2020-09-09,Mono,051,14174,165,145,1,146,1
2020-09-09,Monterey,053,433212,8996,8527,22,8549,59
2020-09-09,Napa,055,140530,1587,1531,5,1536,11
2020-09-09,Nevada,057,99092,489,476,13,489,6
2020-09-09,Orange,059,3164182,52257,49394,1324,50718,1054
2020-09-09,Placer,061,380077,3368,3222,12,3234,36
2020-09-09,Plumas,063,18699,46,42,0,42,0
2020-09-09,Riverside,065,2383286,55696,54320,81,54401,1081
2020-09-09,Sacramento,067,1510023,20463,19474,13,19487,347
2020-09-09,San Benito,069,59416,1242,1199,0,1199,5
2020-09-09,San Bernardino,071,2135413,51165,49264,338,49602,866
2020-09-09,San Diego,073,3302833,43334,41326,664,41990,721
2020-09-09,San Francisco,075,870044,10429,9996,21,10017,86
2020-09-09,San Joaquin,077,732212,19414,18799,41,18840,388
2020-09-09,San Luis Obispo,079,281455,3336,3131,16,3147,24
2020-09-09,San Mateo,081,765935,9384,8478,6,8484,125
2020-09-09,Santa Barbara,083,443738,9289,8528,61,8589,97
2020-09-09,Santa Clara,085,1922200,20129,18759,25,18784,228
2020-09-09,Santa Cruz,087,273765,2107,1967,19,1986,7
2020-09-09,Shasta,089,179085,681,562,3,565,10
2020-09-09,Sierra,091,2930,6,6,0,6,0
2020-09-09,Siskiyou,093,43540,148,137,9,146,0
2020-09-09,Solano,095,438530,5883,5680,41,5721,36
2020-09-09,Sonoma,097,501317,6725,6397,19,6416,92
2020-09-09,Stanislaus,099,539301,15932,15469,454,15923,243
2020-09-09,Sutter,101,95872,1560,1487,1,1488,11
2020-09-09,Tehama,103,63373,473,462,2,464,1
2020-09-09,Trinity,105,12862,35,14,5,19,0
2020-09-09,Tulare,107,460477,15366,14787,70,14857,249
2020-09-09,Tuolumne,109,53932,221,204,3,207,1
2020-09-09,Ventura,111,848112,12144,11497,117,11614,121
2020-09-09,Yolo,113,214977,2697,2604,6,2610,53
2020-09-09,Yuba,115,75493,1001,936,4,940,1
2020-09-08,Alameda,001,1643700,20058,19293,157,19450,288
2020-09-08,Alpine,003,1148,3,2,0,2,0
2020-09-08,Amador,005,37829,278,276,0,276,16
2020-09-08,Butte,007,227075,2720,2453,22,2475,36
2020-09-08,Calaveras,009,45235,296,233,0,233,1
2020-09-08,Colusa,011,21464,497,475,0,475,6
2020-09-08,Contra Costa,013,1133247,15633,14740,72,14812,171
2020-09-08,Del Norte,015,27424,121,109,0,109,2
2020-09-08,El Dorado,017,186661,1064,1011,0,1011,2
2020-09-08,Fresno,019,978130,28988,26640,320,26960,329
2020-09-08,Glenn,021,27897,528,492,0,492,3
2020-09-08,Humboldt,023,135768,459,420,1,421,4
2020-09-08,Imperial,025,180216,11485,10198,5,10203,267
2020-09-08,Inyo,027,18085,184,169,0,169,2
2020-09-08,Kern,029,883053,30768,29850,274,30124,351
2020-09-08,Kings,031,150075,7063,6658,37,6695,72
2020-09-08,Lake,033,64148,427,370,0,370,4
2020-09-08,Lassen,035,31185,729,710,2,712,0
2020-09-08,Los Angeles,037,10098052,252968,249217,1558,250775,6034
2020-09-08,Madera,039,155013,4208,3904,27,3931,43
2020-09-08,Marin,041,260295,6423,6313,15,6328,68
2020-09-08,Mariposa,043,17540,74,72,0,72,2
2020-09-08,Mendocino,045,87422,722,690,0,690,16
2020-09-08,Merced,047,269075,8534,8381,12,8393,104
2020-09-08,Modoc,049,8938,24,20,0,20,0
2020-09-08,Mono,051,14174,165,145,1,146,1
2020-09-08,Monterey,053,433212,8911,8491,22,8513,59
2020-09-08,Napa,055,140530,1583,1518,5,1523,11
2020-09-08,Nevada,057,99092,489,470,13,483,6
2020-09-08,Orange,059,3164182,52116,49214,1320,50534,1044
2020-09-08,Placer,061,380077,3354,3205,12,3217,36
2020-09-08,Plumas,063,18699,46,42,0,42,0
2020-09-08,Riverside,065,2383286,55483,54168,78,54246,1069
2020-09-08,Sacramento,067,1510023,20228,19411,13,19424,347
2020-09-08,San Benito,069,59416,1235,1188,0,1188,5
2020-09-08,San Bernardino,071,2135413,50976,49034,337,49371,856
2020-09-08,San Diego,073,3302833,43018,41079,652,41731,709
2020-09-08,San Francisco,075,870044,10356,9821,21,9842,86
2020-09-08,San Joaquin,077,732212,19336,18550,41,18591,388
2020-09-08,San Luis Obispo,079,281455,3322,3120,16,3136,23
2020-09-08,San Mateo,081,765935,9308,8460,6,8466,125
2020-09-08,Santa Barbara,083,443738,9255,8488,60,8548,96
2020-09-08,Santa Clara,085,1922200,19952,18645,25,18670,228
2020-09-08,Santa Cruz,087,273765,2079,1903,19,1922,7
2020-09-08,Shasta,089,179085,673,556,3,559,10
2020-09-08,Sierra,091,2930,6,6,0,6,0
2020-09-08,Siskiyou,093,43540,146,136,9,145,0
2020-09-08,Solano,095,438530,5846,5654,41,5695,36
2020-09-08,Sonoma,097,501317,6656,6356,19,6375,92
2020-09-08,Stanislaus,099,539301,15868,15415,442,15857,238
2020-09-08,Sutter,101,95872,1545,1473,1,1474,11
2020-09-08,Tehama,103,63373,469,458,2,460,1
2020-09-08,Trinity,105,12862,34,13,5,18,0
2020-09-08,Tulare,107,460477,15286,14635,69,14704,249
2020-09-08,Tuolumne,109,53932,220,197,3,200,1
2020-09-08,Ventura,111,848112,12076,11475,114,11589,118
2020-09-08,Yolo,113,214977,2687,2580,6,2586,53
2020-09-08,Yuba,115,75493,989,923,4,927,1
2020-09-07,Alameda,001,1643700,19936,19188,151,19339,281
2020-09-07,Alpine,003,1148,3,2,0,2,0
2020-09-07,Amador,005,37829,278,276,0,276,16
2020-09-07,Butte,007,227075,2687,2450,21,2471,30
2020-09-07,Calaveras,009,45235,286,234,0,234,1
2020-09-07,Colusa,011,21464,496,475,0,475,6
2020-09-07,Contra Costa,013,1133247,15520,14637,69,14706,172
2020-09-07,Del Norte,015,27424,121,109,0,109,2
2020-09-07,El Dorado,017,186661,1053,1011,0,1011,2
2020-09-07,Fresno,019,978130,28894,26565,317,26882,329
2020-09-07,Glenn,021,27897,523,488,0,488,3
2020-09-07,Humboldt,023,135768,450,416,1,417,4
2020-09-07,Imperial,025,180216,11454,10199,5,10204,267
2020-09-07,Inyo,027,18085,184,169,0,169,2
2020-09-07,Kern,029,883053,30647,29790,269,30059,348
2020-09-07,Kings,031,150075,6939,6630,37,6667,72
2020-09-07,Lake,033,64148,404,367,0,367,2
2020-09-07,Lassen,035,31185,729,709,2,711,0
2020-09-07,Los Angeles,037,10098052,251922,248804,1536,250340,6030
2020-09-07,Madera,039,155013,4177,3889,27,3916,43
2020-09-07,Marin,041,260295,6393,6296,15,6311,67
2020-09-07,Mariposa,043,17540,74,72,0,72,2
2020-09-07,Mendocino,045,87422,714,687,0,687,16
2020-09-07,Merced,047,269075,8487,8381,12,8393,104
2020-09-07,Modoc,049,8938,23,20,0,20,0
2020-09-07,Mono,051,14174,165,145,1,146,1
2020-09-07,Monterey,053,433212,8832,8463,22,8485,57
2020-09-07,Napa,055,140530,1571,1514,5,1519,11
2020-09-07,Nevada,057,99092,487,469,13,482,6
2020-09-07,Orange,059,3164182,51945,49132,1316,50448,1042
2020-09-07,Placer,061,380077,3323,3188,11,3199,36
2020-09-07,Plumas,063,18699,45,42,0,42,0
2020-09-07,Riverside,065,2383286,55207,54178,73,54251,1069
2020-09-07,Sacramento,067,1510023,19985,19292,13,19305,345
2020-09-07,San Benito,069,59416,1229,1180,0,1180,4
2020-09-07,San Bernardino,071,2135413,50750,49043,335,49378,821
2020-09-07,San Diego,073,3302833,42618,40868,625,41493,708
2020-09-07,San Francisco,075,870044,10306,9813,20,9833,85
2020-09-07,San Joaquin,077,732212,19255,18552,39,18591,386
2020-09-07,San Luis Obispo,079,281455,3285,3116,16,3132,23
2020-09-07,San Mateo,081,765935,9226,8409,6,8415,125
2020-09-07,Santa Barbara,083,443738,9213,8479,60,8539,95
2020-09-07,Santa Clara,085,1922200,19794,18596,24,18620,226
2020-09-07,Santa Cruz,087,273765,2051,1902,19,1921,7
2020-09-07,Shasta,089,179085,663,556,3,559,10
2020-09-07,Sierra,091,2930,6,6,0,6,0
2020-09-07,Siskiyou,093,43540,145,133,9,142,0
2020-09-07,Solano,095,438530,5781,5640,41,5681,36
2020-09-07,Sonoma,097,501317,6589,6268,19,6287,85
2020-09-07,Stanislaus,099,539301,15803,15343,429,15772,236
2020-09-07,Sutter,101,95872,1528,1468,1,1469,11
2020-09-07,Tehama,103,63373,466,453,2,455,1
2020-09-07,Trinity,105,12862,34,13,5,18,0
2020-09-07,Tulare,107,460477,15180,14637,67,14704,249
2020-09-07,Tuolumne,109,53932,219,196,3,199,1
2020-09-07,Ventura,111,848112,11981,11463,112,11575,118
2020-09-07,Yolo,113,214977,2670,2565,5,2570,53
2020-09-07,Yuba,115,75493,973,923,3,926,1
2020-09-06,Alameda,001,1643700,19878,19029,149,19178,281
2020-09-06,Alpine,003,1148,3,2,0,2,0
2020-09-06,Amador,005,37829,276,275,0,275,16
2020-09-06,Butte,007,227075,2678,2446,21,2467,30
2020-09-06,Calaveras,009,45235,286,235,0,235,1
2020-09-06,Colusa,011,21464,492,475,0,475,6
2020-09-06,Contra Costa,013,1133247,15440,14565,68,14633,171
2020-09-06,Del Norte,015,27424,121,109,0,109,2
2020-09-06,El Dorado,017,186661,1051,1008,0,1008,2
2020-09-06,Fresno,019,978130,28830,26471,315,26786,329
2020-09-06,Glenn,021,27897,517,474,0,474,3
2020-09-06,Humboldt,023,135768,447,404,1,405,4
2020-09-06,Imperial,025,180216,11437,10152,5,10157,267
2020-09-06,Inyo,027,18085,184,169,0,169,2
2020-09-06,Kern,029,883053,30592,29699,265,29964,348
2020-09-06,Kings,031,150075,6919,6561,36,6597,72
2020-09-06,Lake,033,64148,401,362,0,362,2
2020-09-06,Lassen,035,31185,729,709,2,711,0
2020-09-06,Los Angeles,037,10098052,251293,248316,1520,249836,6004
2020-09-06,Madera,039,155013,4133,3867,27,3894,42
2020-09-06,Marin,041,260295,6381,6276,15,6291,67
2020-09-06,Mariposa,043,17540,74,72,0,72,2
2020-09-06,Mendocino,045,87422,713,672,0,672,16
2020-09-06,Merced,047,269075,8467,8327,12,8339,104
2020-09-06,Modoc,049,8938,23,20,0,20,0
2020-09-06,Mono,051,14174,164,145,1,146,1
2020-09-06,Monterey,053,433212,8793,8403,21,8424,56
2020-09-06,Napa,055,140530,1567,1501,3,1504,11
2020-09-06,Nevada,057,99092,487,467,13,480,6
2020-09-06,Orange,059,3164182,51832,48931,1311,50242,1042
2020-09-06,Placer,061,380077,3306,3169,11,3180,36
2020-09-06,Plumas,063,18699,44,42,0,42,0
2020-09-06,Riverside,065,2383286,55091,53970,71,54041,1069
2020-09-06,Sacramento,067,1510023,19890,19128,13,19141,340
2020-09-06,San Benito,069,59416,1227,1178,0,1178,4
2020-09-06,San Bernardino,071,2135413,50641,48923,335,49258,823
2020-09-06,San Diego,073,3302833,42370,40652,619,41271,707
2020-09-06,San Francisco,075,870044,10232,9813,20,9833,85
2020-09-06,San Joaquin,077,732212,19206,18558,39,18597,386
2020-09-06,San Luis Obispo,079,281455,3274,3101,16,3117,23
2020-09-06,San Mateo,081,765935,9173,8387,6,8393,125
2020-09-06,Santa Barbara,083,443738,9183,8434,60,8494,95
2020-09-06,Santa Clara,085,1922200,19693,18495,24,18519,207
2020-09-06,Santa Cruz,087,273765,2044,1902,19,1921,7
2020-09-06,Shasta,089,179085,657,550,3,553,10
2020-09-06,Sierra,091,2930,6,6,0,6,0
2020-09-06,Siskiyou,093,43540,145,132,9,141,0
2020-09-06,Solano,095,438530,5755,5619,41,5660,37
2020-09-06,Sonoma,097,501317,6560,6212,19,6231,85
2020-09-06,Stanislaus,099,539301,15760,15288,424,15712,236
2020-09-06,Sutter,101,95872,1515,1451,1,1452,11
2020-09-06,Tehama,103,63373,465,455,2,457,1
2020-09-06,Trinity,105,12862,33,13,5,18,0
2020-09-06,Tulare,107,460477,15137,14636,66,14702,249
2020-09-06,Tuolumne,109,53932,216,194,3,197,1
2020-09-06,Ventura,111,848112,11938,11315,111,11426,118
2020-09-06,Yolo,113,214977,2657,2556,5,2561,53
2020-09-06,Yuba,115,75493,965,913,3,916,1
2020-09-05,Alameda,001,1643700,19831,18973,147,19120,279
2020-09-05,Alpine,003,1148,3,2,0,2,0
2020-09-05,Amador,005,37829,276,274,0,274,16
2020-09-05,Butte,007,227075,2662,2406,20,2426,30
2020-09-05,Calaveras,009,45235,286,237,0,237,1
2020-09-05,Colusa,011,21464,488,472,0,472,6
2020-09-05,Contra Costa,013,1133247,15363,14456,66,14522,173
2020-09-05,Del Norte,015,27424,121,109,0,109,2
2020-09-05,El Dorado,017,186661,1051,1007,0,1007,2
2020-09-05,Fresno,019,978130,28762,26325,315,26640,331
2020-09-05,Glenn,021,27897,516,474,0,474,3
2020-09-05,Humboldt,023,135768,445,402,1,403,4
2020-09-05,Imperial,025,180216,11420,10151,5,10156,268
2020-09-05,Inyo,027,18085,184,169,0,169,2
2020-09-05,Kern,029,883053,30532,29645,261,29906,347
2020-09-05,Kings,031,150075,6910,6518,36,6554,66
2020-09-05,Lake,033,64148,398,359,0,359,2
2020-09-05,Lassen,035,31185,729,709,2,711,0
2020-09-05,Los Angeles,037,10098052,250758,247572,1508,249080,6001
2020-09-05,Madera,039,155013,4092,3851,27,3878,42
2020-09-05,Marin,041,260295,6374,6259,15,6274,66
2020-09-05,Mariposa,043,17540,74,72,0,72,2
2020-09-05,Mendocino,045,87422,712,658,0,658,16
2020-09-05,Merced,047,269075,8435,8297,10,8307,104
2020-09-05,Modoc,049,8938,23,19,0,19,0
2020-09-05,Mono,051,14174,164,145,1,146,1
2020-09-05,Monterey,053,433212,8763,8301,21,8322,56
2020-09-05,Napa,055,140530,1561,1484,3,1487,11
2020-09-05,Nevada,057,99092,484,461,13,474,6
2020-09-05,Orange,059,3164182,51730,48726,1306,50032,1039
2020-09-05,Placer,061,380077,3296,3141,11,3152,35
2020-09-05,Plumas,063,18699,44,42,0,42,0
2020-09-05,Riverside,065,2383286,54986,53780,71,53851,1066
2020-09-05,Sacramento,067,1510023,19800,18955,13,18968,339
2020-09-05,San Benito,069,59416,1225,1153,0,1153,4
2020-09-05,San Bernardino,071,2135413,50566,48800,334,49134,825
2020-09-05,San Diego,073,3302833,42177,40344,607,40951,717
2020-09-05,San Francisco,075,870044,10199,9812,19,9831,85
2020-09-05,San Joaquin,077,732212,19178,18557,39,18596,386
2020-09-05,San Luis Obispo,079,281455,3264,3083,16,3099,23
2020-09-05,San Mateo,081,765935,9128,8352,6,8358,124
2020-09-05,Santa Barbara,083,443738,9166,8404,60,8464,96
2020-09-05,Santa Clara,085,1922200,19608,18311,24,18335,207
2020-09-05,Santa Cruz,087,273765,2036,1904,19,1923,7
2020-09-05,Shasta,089,179085,656,544,3,547,10
2020-09-05,Sierra,091,2930,6,6,0,6,0
2020-09-05,Siskiyou,093,43540,144,131,9,140,0
2020-09-05,Solano,095,438530,5743,5579,41,5620,37
2020-09-05,Sonoma,097,501317,6527,6149,19,6168,85
2020-09-05,Stanislaus,099,539301,15712,15198,420,15618,236
2020-09-05,Sutter,101,95872,1508,1445,1,1446,11
2020-09-05,Tehama,103,63373,464,447,2,449,1
2020-09-05,Trinity,105,12862,33,13,5,18,0
2020-09-05,Tulare,107,460477,15081,14576,64,14640,249
2020-09-05,Tuolumne,109,53932,216,194,3,197,1
2020-09-05,Ventura,111,848112,11895,11254,110,11364,118
2020-09-05,Yolo,113,214977,2647,2534,5,2539,53
2020-09-05,Yuba,115,75493,959,902,3,905,1
2020-09-04,Alameda,001,1643700,19763,18843,145,18988,276
2020-09-04,Alpine,003,1148,3,2,0,2,0
2020-09-04,Amador,005,37829,275,274,0,274,16
2020-09-04,Butte,007,227075,2639,2325,20,2345,28
2020-09-04,Calaveras,009,45235,284,237,0,237,1
2020-09-04,Colusa,011,21464,486,467,0,467,6
2020-09-04,Contra Costa,013,1133247,15283,14355,65,14420,164
2020-09-04,Del Norte,015,27424,121,109,0,109,2
2020-09-04,El Dorado,017,186661,1047,992,0,992,2
2020-09-04,Fresno,019,978130,28657,26147,314,26461,321
2020-09-04,Glenn,021,27897,508,463,0,463,3
2020-09-04,Humboldt,023,135768,440,390,1,391,4
2020-09-04,Imperial,025,180216,11411,10136,5,10141,267
2020-09-04,Inyo,027,18085,184,169,0,169,2
2020-09-04,Kern,029,883053,30464,29526,258,29784,345
2020-09-04,Kings,031,150075,6897,6259,36,6295,66
2020-09-04,Lake,033,64148,398,347,0,347,2
2020-09-04,Lassen,035,31185,729,708,2,710,0
2020-09-04,Los Angeles,037,10098052,250186,246396,1487,247883,5977
2020-09-04,Madera,039,155013,4079,3838,27,3865,42
2020-09-04,Marin,041,260295,6362,6251,15,6266,66
2020-09-04,Mariposa,043,17540,74,72,0,72,2
2020-09-04,Mendocino,045,87422,710,646,0,646,16
2020-09-04,Merced,047,269075,8415,8214,10,8224,104
2020-09-04,Modoc,049,8938,23,15,0,15,0
2020-09-04,Mono,051,14174,164,145,1,146,1
2020-09-04,Monterey,053,433212,8718,8208,21,8229,56
2020-09-04,Napa,055,140530,1552,1475,3,1478,11
2020-09-04,Nevada,057,99092,481,455,13,468,6
2020-09-04,Orange,059,3164182,51606,48488,1299,49787,1031
2020-09-04,Placer,061,380077,3284,3101,11,3112,35
2020-09-04,Plumas,063,18699,44,42,0,42,0
2020-09-04,Riverside,065,2383286,54873,53606,66,53672,1066
2020-09-04,Sacramento,067,1510023,19712,18765,13,18778,337
2020-09-04,San Benito,069,59416,1216,1137,0,1137,4
2020-09-04,San Bernardino,071,2135413,50473,48497,332,48829,800
2020-09-04,San Diego,073,3302833,41947,39901,598,40499,701
2020-09-04,San Francisco,075,870044,10159,9694,18,9712,85
2020-09-04,San Joaquin,077,732212,19124,18438,39,18477,376
2020-09-04,San Luis Obispo,079,281455,3249,3049,15,3064,21
2020-09-04,San Mateo,081,765935,9084,8275,6,8281,122
2020-09-04,Santa Barbara,083,443738,9135,8340,60,8400,96
2020-09-04,Santa Clara,085,1922200,19500,18074,24,18098,209
2020-09-04,Santa Cruz,087,273765,2019,1896,18,1914,7
2020-09-04,Shasta,089,179085,653,536,3,539,10
2020-09-04,Sierra,091,2930,6,6,0,6,0
2020-09-04,Siskiyou,093,43540,144,129,9,138,0
2020-09-04,Solano,095,438530,5730,5552,41,5593,37
2020-09-04,Sonoma,097,501317,6462,6050,19,6069,85
2020-09-04,Stanislaus,099,539301,15677,15074,411,15485,233
2020-09-04,Sutter,101,95872,1492,1425,1,1426,11
2020-09-04,Tehama,103,63373,460,442,2,444,1
2020-09-04,Trinity,105,12862,33,13,5,18,0
2020-09-04,Tulare,107,460477,15053,14501,60,14561,247
2020-09-04,Tuolumne,109,53932,216,193,3,196,1
2020-09-04,Ventura,111,848112,11853,11171,110,11281,114
2020-09-04,Yolo,113,214977,2633,2495,5,2500,53
2020-09-04,Yuba,115,75493,954,884,3,887,1
2020-09-03,Alameda,001,1643700,19660,18687,145,18832,275
2020-09-03,Alpine,003,1148,3,2,0,2,0
2020-09-03,Amador,005,37829,275,274,0,274,16
2020-09-03,Butte,007,227075,2594,2274,20,2294,27
2020-09-03,Calaveras,009,45235,283,238,0,238,1
2020-09-03,Colusa,011,21464,484,464,0,464,6
2020-09-03,Contra Costa,013,1133247,15176,14206,62,14268,159
2020-09-03,Del Norte,015,27424,118,109,0,109,2
2020-09-03,El Dorado,017,186661,1043,983,0,983,2
2020-09-03,Fresno,019,978130,28539,25978,308,26286,313
2020-09-03,Glenn,021,27897,504,460,0,460,3
2020-09-03,Humboldt,023,135768,435,390,1,391,4
2020-09-03,Imperial,025,180216,11391,10083,5,10088,255
2020-09-03,Inyo,027,18085,182,171,0,171,3
2020-09-03,Kern,029,883053,30372,29426,243,29669,340
2020-09-03,Kings,031,150075,6817,6200,36,6236,64
2020-09-03,Lake,033,64148,389,347,0,347,2
2020-09-03,Lassen,035,31185,729,707,2,709,0
2020-09-03,Los Angeles,037,10098052,249310,245026,1465,246491,5931
2020-09-03,Madera,039,155013,4060,3780,27,3807,43
2020-09-03,Marin,041,260295,6343,6175,15,6190,66
2020-09-03,Mariposa,043,17540,74,71,0,71,2
2020-09-03,Mendocino,045,87422,701,638,0,638,16
2020-09-03,Merced,047,269075,8373,8136,10,8146,105
2020-09-03,Modoc,049,8938,23,14,0,14,0
2020-09-03,Mono,051,14174,163,144,1,145,1
2020-09-03,Monterey,053,433212,8664,8128,21,8149,56
2020-09-03,Napa,055,140530,1545,1466,3,1469,10
2020-09-03,Nevada,057,99092,478,453,13,466,6
2020-09-03,Orange,059,3164182,51418,48226,1283,49509,1009
2020-09-03,Placer,061,380077,3266,3069,11,3080,34
2020-09-03,Plumas,063,18699,44,39,0,39,0
2020-09-03,Riverside,065,2383286,54693,53341,62,53403,1052
2020-09-03,Sacramento,067,1510023,19584,18553,12,18565,328
2020-09-03,San Benito,069,59416,1205,1121,0,1121,4
2020-09-03,San Bernardino,071,2135413,50308,48165,331,48496,800
2020-09-03,San Diego,073,3302833,41633,39448,582,40030,700
2020-09-03,San Francisco,075,870044,10093,9636,16,9652,84
2020-09-03,San Joaquin,077,732212,19047,18331,39,18370,371
2020-09-03,San Luis Obispo,079,281455,3232,3023,15,3038,21
2020-09-03,San Mateo,081,765935,9010,8211,6,8217,122
2020-09-03,Santa Barbara,083,443738,9088,8277,60,8337,96
2020-09-03,Santa Clara,085,1922200,19321,17879,24,17903,208
2020-09-03,Santa Cruz,087,273765,2004,1870,18,1888,7
2020-09-03,Shasta,089,179085,648,535,3,538,10
2020-09-03,Sierra,091,2930,6,6,0,6,0
2020-09-03,Siskiyou,093,43540,144,128,9,137,0
2020-09-03,Solano,095,438530,5710,5499,40,5539,36
2020-09-03,Sonoma,097,501317,6400,5997,19,6016,62
2020-09-03,Stanislaus,099,539301,15625,14985,407,15392,217
2020-09-03,Sutter,101,95872,1482,1412,1,1413,11
2020-09-03,Tehama,103,63373,456,436,2,438,1
2020-09-03,Trinity,105,12862,31,13,5,18,0
2020-09-03,Tulare,107,460477,14987,14408,59,14467,244
2020-09-03,Tuolumne,109,53932,216,193,3,196,1
2020-09-03,Ventura,111,848112,11735,11109,107,11216,112
2020-09-03,Yolo,113,214977,2617,2475,5,2480,53
2020-09-03,Yuba,115,75493,947,867,3,870,1
2020-09-02,Alameda,001,1643700,19540,18522,142,18664,260
2020-09-02,Alpine,003,1148,3,2,0,2,0
2020-09-02,Amador,005,37829,275,245,0,245,14
2020-09-02,Butte,007,227075,2548,2241,20,2261,27
2020-09-02,Calaveras,009,45235,282,235,0,235,1
2020-09-02,Colusa,011,21464,480,460,0,460,6
2020-09-02,Contra Costa,013,1133247,15088,14097,59,14156,159
2020-09-02,Del Norte,015,27424,117,109,0,109,2
2020-09-02,El Dorado,017,186661,1039,975,0,975,2
2020-09-02,Fresno,019,978130,28392,25785,305,26090,292
2020-09-02,Glenn,021,27897,499,457,0,457,3
2020-09-02,Humboldt,023,135768,432,381,1,382,4
2020-09-02,Imperial,025,180216,11375,9832,5,9837,255
2020-09-02,Inyo,027,18085,182,171,0,171,3
2020-09-02,Kern,029,883053,30280,29288,237,29525,335
2020-09-02,Kings,031,150075,6732,6142,36,6178,64
2020-09-02,Lake,033,64148,385,342,0,342,2
2020-09-02,Lassen,035,31185,727,706,2,708,0
2020-09-02,Los Angeles,037,10098052,248367,243999,1437,245436,5887
2020-09-02,Madera,039,155013,4040,3735,27,3762,41
2020-09-02,Marin,041,260295,6328,6131,15,6146,66
2020-09-02,Mariposa,043,17540,74,71,0,71,2
2020-09-02,Mendocino,045,87422,691,636,0,636,15
2020-09-02,Merced,047,269075,8342,8097,9,8106,103
2020-09-02,Modoc,049,8938,22,11,0,11,0
2020-09-02,Mono,051,14174,163,145,1,146,1
2020-09-02,Monterey,053,433212,8600,8070,21,8091,56
2020-09-02,Napa,055,140530,1533,1454,3,1457,10
2020-09-02,Nevada,057,99092,472,452,12,464,6
2020-09-02,Orange,059,3164182,51236,47871,1273,49144,994
2020-09-02,Placer,061,380077,3241,3047,10,3057,33
2020-09-02,Plumas,063,18699,44,39,0,39,0
2020-09-02,Riverside,065,2383286,54491,52923,59,52982,1032
2020-09-02,Sacramento,067,1510023,19351,18355,12,18367,316
2020-09-02,San Benito,069,59416,1192,1107,0,1107,4
2020-09-02,San Bernardino,071,2135413,50145,47766,328,48094,794
2020-09-02,San Diego,073,3302833,41313,39123,568,39691,695
2020-09-02,San Francisco,075,870044,10024,9587,16,9603,84
2020-09-02,San Joaquin,077,732212,18966,18194,38,18232,352
2020-09-02,San Luis Obispo,079,281455,3206,3002,14,3016,21
2020-09-02,San Mateo,081,765935,8953,8148,6,8154,122
2020-09-02,Santa Barbara,083,443738,9033,8206,59,8265,94
2020-09-02,Santa Clara,085,1922200,19168,17673,24,17697,206
2020-09-02,Santa Cruz,087,273765,1981,1850,18,1868,7
2020-09-02,Shasta,089,179085,647,531,3,534,10
2020-09-02,Sierra,091,2930,6,6,0,6,0
2020-09-02,Siskiyou,093,43540,143,127,9,136,0
2020-09-02,Solano,095,438530,5682,5463,40,5503,36
2020-09-02,Sonoma,097,501317,6338,5846,19,5865,62
2020-09-02,Stanislaus,099,539301,15555,14854,400,15254,220
2020-09-02,Sutter,101,95872,1467,1401,1,1402,10
2020-09-02,Tehama,103,63373,453,429,2,431,1
2020-09-02,Trinity,105,12862,31,13,5,18,0
2020-09-02,Tulare,107,460477,14920,14298,58,14356,244
2020-09-02,Tuolumne,109,53932,216,190,3,193,1
2020-09-02,Ventura,111,848112,11648,11031,106,11137,111
2020-09-02,Yolo,113,214977,2596,2449,5,2454,54
2020-09-02,Yuba,115,75493,940,856,3,859,1
2020-09-01,Alameda,001,1643700,19400,18382,139,18521,248
2020-09-01,Alpine,003,1148,3,2,0,2,0
2020-09-01,Amador,005,37829,274,244,0,244,13
2020-09-01,Butte,007,227075,2491,2146,20,2166,26
2020-09-01,Calaveras,009,45235,274,228,0,228,1
2020-09-01,Colusa,011,21464,476,454,0,454,6
2020-09-01,Contra Costa,013,1133247,14994,13998,57,14055,158
2020-09-01,Del Norte,015,27424,116,108,0,108,2
2020-09-01,El Dorado,017,186661,1031,972,0,972,2
2020-09-01,Fresno,019,978130,28247,25542,300,25842,290
2020-09-01,Glenn,021,27897,492,449,0,449,3
2020-09-01,Humboldt,023,135768,426,378,1,379,4
2020-09-01,Imperial,025,180216,11349,9782,5,9787,250
2020-09-01,Inyo,027,18085,182,171,0,171,3
2020-09-01,Kern,029,883053,30189,29162,232,29394,332
2020-09-01,Kings,031,150075,6701,6088,36,6124,62
2020-09-01,Lake,033,64148,382,341,0,341,2
2020-09-01,Lassen,035,31185,724,706,2,708,0
2020-09-01,Los Angeles,037,10098052,247261,242633,1411,244044,5832
2020-09-01,Madera,039,155013,4011,3703,26,3729,41
2020-09-01,Marin,041,260295,6313,6102,15,6117,67
2020-09-01,Mariposa,043,17540,73,72,0,72,2
2020-09-01,Mendocino,045,87422,676,626,0,626,15
2020-09-01,Merced,047,269075,8289,8046,8,8054,103
2020-09-01,Modoc,049,8938,20,10,0,10,0
2020-09-01,Mono,051,14174,163,145,1,146,1
2020-09-01,Monterey,053,433212,8492,7926,21,7947,56
2020-09-01,Napa,055,140530,1518,1446,3,1449,10
2020-09-01,Nevada,057,99092,466,450,12,462,6
2020-09-01,Orange,059,3164182,51070,47671,1254,48925,976
2020-09-01,Placer,061,380077,3219,3013,10,3023,33
2020-09-01,Plumas,063,18699,44,39,0,39,0
2020-09-01,Riverside,065,2383286,54272,52785,58,52843,1027
2020-09-01,Sacramento,067,1510023,19167,18217,11,18228,305
2020-09-01,San Benito,069,59416,1180,1089,0,1089,4
2020-09-01,San Bernardino,071,2135413,49938,47371,327,47698,786
2020-09-01,San Diego,073,3302833,40955,38873,530,39403,688
2020-09-01,San Francisco,075,870044,9955,9492,16,9508,83
2020-09-01,San Joaquin,077,732212,18884,17915,37,17952,341
2020-09-01,San Luis Obispo,079,281455,3180,2970,14,2984,21
2020-09-01,San Mateo,081,765935,8873,8132,6,8138,122
2020-09-01,Santa Barbara,083,443738,8983,8142,58,8200,93
2020-09-01,Santa Clara,085,1922200,18989,17319,24,17343,204
2020-09-01,Santa Cruz,087,273765,1957,1752,18,1770,7
2020-09-01,Shasta,089,179085,639,527,3,530,9
2020-09-01,Sierra,091,2930,6,6,0,6,0
2020-09-01,Siskiyou,093,43540,140,128,8,136,0
2020-09-01,Solano,095,438530,5656,5438,40,5478,34
2020-09-01,Sonoma,097,501317,6248,5733,19,5752,60
2020-09-01,Stanislaus,099,539301,15480,14784,390,15174,212
2020-09-01,Sutter,101,95872,1456,1389,1,1390,10
2020-09-01,Tehama,103,63373,449,422,2,424,1
2020-09-01,Trinity,105,12862,31,13,5,18,0
2020-09-01,Tulare,107,460477,14838,14156,58,14214,241
2020-09-01,Tuolumne,109,53932,210,183,3,186,1
2020-09-01,Ventura,111,848112,11573,10899,100,10999,108
2020-09-01,Yolo,113,214977,2580,2440,5,2445,51
2020-09-01,Yuba,115,75493,931,841,3,844,1
2020-08-31,Alameda,001,1643700,19256,18148,139,18287,248
2020-08-31,Alpine,003,1148,3,2,0,2,0
2020-08-31,Amador,005,37829,274,243,0,243,13
2020-08-31,Butte,007,227075,2427,2069,20,2089,26
2020-08-31,Calaveras,009,45235,269,212,0,212,1
2020-08-31,Colusa,011,21464,475,443,0,443,6
2020-08-31,Contra Costa,013,1133247,14867,13902,54,13956,153
2020-08-31,Del Norte,015,27424,116,108,0,108,2
2020-08-31,El Dorado,017,186661,1024,965,0,965,2
2020-08-31,Fresno,019,978130,28027,25185,294,25479,290
2020-08-31,Glenn,021,27897,480,437,0,437,3
2020-08-31,Humboldt,023,135768,424,374,1,375,4
2020-08-31,Imperial,025,180216,11318,9759,5,9764,250
2020-08-31,Inyo,027,18085,181,160,0,160,3
2020-08-31,Kern,029,883053,30091,29067,231,29298,318
2020-08-31,Kings,031,150075,6433,6037,36,6073,62
2020-08-31,Lake,033,64148,366,341,0,341,2
2020-08-31,Lassen,035,31185,721,706,2,708,0
2020-08-31,Los Angeles,037,10098052,246147,241793,1383,243176,5787
2020-08-31,Madera,039,155013,3988,3662,25,3687,35
2020-08-31,Marin,041,260295,6277,6074,15,6089,67
2020-08-31,Mariposa,043,17540,73,69,0,69,2
2020-08-31,Mendocino,045,87422,664,618,0,618,15
2020-08-31,Merced,047,269075,8227,7991,8,7999,79
2020-08-31,Modoc,049,8938,18,10,0,10,0
2020-08-31,Mono,051,14174,163,145,1,146,1
2020-08-31,Monterey,053,433212,8385,7839,21,7860,56
2020-08-31,Napa,055,140530,1510,1434,3,1437,10
2020-08-31,Nevada,057,99092,464,447,12,459,6
2020-08-31,Orange,059,3164182,50871,47392,1225,48617,965
2020-08-31,Placer,061,380077,3170,2989,10,2999,33
2020-08-31,Plumas,063,18699,43,39,0,39,0
2020-08-31,Riverside,065,2383286,54051,52508,56,52564,1020
2020-08-31,Sacramento,067,1510023,18930,17999,11,18010,303
2020-08-31,San Benito,069,59416,1164,1080,0,1080,4
2020-08-31,San Bernardino,071,2135413,49727,47370,326,47696,755
2020-08-31,San Diego,073,3302833,40588,38606,497,39103,682
2020-08-31,San Francisco,075,870044,9876,9293,13,9306,83
2020-08-31,San Joaquin,077,732212,18797,17807,36,17843,338
2020-08-31,San Luis Obispo,079,281455,3157,2951,13,2964,21
2020-08-31,San Mateo,081,765935,8803,8065,6,8071,122
2020-08-31,Santa Barbara,083,443738,8936,8124,58,8182,94
2020-08-31,Santa Clara,085,1922200,18800,17211,24,17235,202
2020-08-31,Santa Cruz,087,273765,1932,1742,18,1760,7
2020-08-31,Shasta,089,179085,634,528,3,531,9
2020-08-31,Sierra,091,2930,6,6,0,6,0
2020-08-31,Siskiyou,093,43540,139,127,8,135,0
2020-08-31,Solano,095,438530,5624,5302,39,5341,34
2020-08-31,Sonoma,097,501317,6173,5650,19,5669,60
2020-08-31,Stanislaus,099,539301,15407,14685,380,15065,213
2020-08-31,Sutter,101,95872,1441,1365,1,1366,10
2020-08-31,Tehama,103,63373,446,421,2,423,1
2020-08-31,Trinity,105,12862,31,13,5,18,0
2020-08-31,Tulare,107,460477,14751,13985,57,14042,237
2020-08-31,Tuolumne,109,53932,210,178,3,181,1
2020-08-31,Ventura,111,848112,11489,10866,99,10965,108
2020-08-31,Yolo,113,214977,2562,2423,5,2428,51
2020-08-31,Yuba,115,75493,917,830,3,833,1
2020-08-30,Alameda,001,1643700,19131,18099,137,18236,248
2020-08-30,Alpine,003,1148,3,2,0,2,0
2020-08-30,Amador,005,37829,273,240,0,240,13
2020-08-30,Butte,007,227075,2347,1988,20,2008,26
2020-08-30,Calaveras,009,45235,260,211,0,211,1
2020-08-30,Colusa,011,21464,474,440,0,440,6
2020-08-30,Contra Costa,013,1133247,14728,13780,54,13834,150
2020-08-30,Del Norte,015,27424,115,108,0,108,2
2020-08-30,El Dorado,017,186661,1014,962,0,962,2
2020-08-30,Fresno,019,978130,27902,24963,293,25256,291
2020-08-30,Glenn,021,27897,473,437,0,437,3
2020-08-30,Humboldt,023,135768,413,362,1,363,4
2020-08-30,Imperial,025,180216,11298,9703,5,9708,250
2020-08-30,Inyo,027,18085,181,160,0,160,3
2020-08-30,Kern,029,883053,29998,28987,231,29218,317
2020-08-30,Kings,031,150075,6387,6000,36,6036,62
2020-08-30,Lake,033,64148,361,334,0,334,2
2020-08-30,Lassen,035,31185,719,706,2,708,0
2020-08-30,Los Angeles,037,10098052,244992,240775,1349,242124,5772
2020-08-30,Madera,039,155013,3959,3626,25,3651,33
2020-08-30,Marin,041,260295,6247,6060,15,6075,66
2020-08-30,Mariposa,043,17540,73,69,0,69,2
2020-08-30,Mendocino,045,87422,658,611,0,611,13
2020-08-30,Merced,047,269075,8152,7960,8,7968,79
2020-08-30,Modoc,049,8938,13,10,0,10,0
2020-08-30,Mono,051,14174,163,145,1,146,1
2020-08-30,Monterey,053,433212,8301,7816,21,7837,54
2020-08-30,Napa,055,140530,1498,1423,3,1426,10
2020-08-30,Nevada,057,99092,461,445,12,457,6
2020-08-30,Orange,059,3164182,50677,47283,1209,48492,965
2020-08-30,Placer,061,380077,3137,2961,10,2971,32
2020-08-30,Plumas,063,18699,42,39,0,39,0
2020-08-30,Riverside,065,2383286,53873,52227,54,52281,1017
2020-08-30,Sacramento,067,1510023,18752,17751,11,17762,300
2020-08-30,San Benito,069,59416,1154,1071,0,1071,4
2020-08-30,San Bernardino,071,2135413,49471,47201,325,47526,755
2020-08-30,San Diego,073,3302833,40190,38302,476,38778,682
2020-08-30,San Francisco,075,870044,9778,9294,10,9304,83
2020-08-30,San Joaquin,077,732212,18680,17637,35,17672,338
2020-08-30,San Luis Obispo,079,281455,3132,2934,13,2947,21
2020-08-30,San Mateo,081,765935,8726,8013,5,8018,122
2020-08-30,Santa Barbara,083,443738,8876,8088,58,8146,93
2020-08-30,Santa Clara,085,1922200,18624,17045,24,17069,202
2020-08-30,Santa Cruz,087,273765,1906,1743,18,1761,7
2020-08-30,Shasta,089,179085,631,525,3,528,9
2020-08-30,Sierra,091,2930,6,6,0,6,0
2020-08-30,Siskiyou,093,43540,137,125,8,133,0
2020-08-30,Solano,095,438530,5580,5303,39,5342,34
2020-08-30,Sonoma,097,501317,6115,5590,19,5609,60
2020-08-30,Stanislaus,099,539301,15336,14580,371,14951,209
2020-08-30,Sutter,101,95872,1419,1351,1,1352,10
2020-08-30,Tehama,103,63373,437,419,2,421,1
2020-08-30,Trinity,105,12862,31,13,5,18,0
2020-08-30,Tulare,107,460477,14656,13985,56,14041,236
2020-08-30,Tuolumne,109,53932,206,178,3,181,1
2020-08-30,Ventura,111,848112,11377,10775,94,10869,108
2020-08-30,Yolo,113,214977,2534,2391,4,2395,51
2020-08-30,Yuba,115,75493,903,832,3,835,1
2020-08-29,Alameda,001,1643700,19064,17888,137,18025,250
2020-08-29,Alpine,003,1148,3,2,0,2,0
2020-08-29,Amador,005,37829,273,239,0,239,13
2020-08-29,Butte,007,227075,2316,1948,20,1968,26
2020-08-29,Calaveras,009,45235,256,211,0,211,1
2020-08-29,Colusa,011,21464,471,440,0,440,6
2020-08-29,Contra Costa,013,1133247,14655,13663,53,13716,159
2020-08-29,Del Norte,015,27424,115,108,0,108,1
2020-08-29,El Dorado,017,186661,1011,958,0,958,2
2020-08-29,Fresno,019,978130,27847,24821,293,25114,291
2020-08-29,Glenn,021,27897,467,437,0,437,3
2020-08-29,Humboldt,023,135768,410,363,1,364,4
2020-08-29,Imperial,025,180216,11283,9698,5,9703,250
2020-08-29,Inyo,027,18085,181,160,0,160,3
2020-08-29,Kern,029,883053,29957,28947,230,29177,317
2020-08-29,Kings,031,150075,6372,5906,36,5942,62
2020-08-29,Lake,033,64148,360,329,0,329,2
2020-08-29,Lassen,035,31185,719,706,2,708,0
2020-08-29,Los Angeles,037,10098052,244340,239815,1336,241151,5762
2020-08-29,Madera,039,155013,3950,3605,24,3629,33
2020-08-29,Marin,041,260295,6235,6007,15,6022,64
2020-08-29,Mariposa,043,17540,73,69,0,69,2
2020-08-29,Mendocino,045,87422,653,596,0,596,13
2020-08-29,Merced,047,269075,8122,7867,8,7875,79
2020-08-29,Modoc,049,8938,13,9,0,9,0
2020-08-29,Mono,051,14174,163,145,1,146,1
2020-08-29,Monterey,053,433212,8256,7680,21,7701,53
2020-08-29,Napa,055,140530,1495,1413,3,1416,10
2020-08-29,Nevada,057,99092,461,442,12,454,5
2020-08-29,Orange,059,3164182,50568,47007,1198,48205,960
2020-08-29,Placer,061,380077,3120,2935,10,2945,32
2020-08-29,Plumas,063,18699,41,39,0,39,0
2020-08-29,Riverside,065,2383286,53762,51918,52,51970,1016
2020-08-29,Sacramento,067,1510023,18680,17588,11,17599,291
2020-08-29,San Benito,069,59416,1145,1045,0,1045,4
2020-08-29,San Bernardino,071,2135413,49356,46849,325,47174,755
2020-08-29,San Diego,073,3302833,39924,38049,458,38507,694
2020-08-29,San Francisco,075,870044,9750,9291,9,9300,83
2020-08-29,San Joaquin,077,732212,18636,17493,35,17528,335
2020-08-29,San Luis Obispo,079,281455,3108,2917,13,2930,21
2020-08-29,San Mateo,081,765935,8684,7928,5,7933,122
2020-08-29,Santa Barbara,083,443738,8850,8052,57,8109,93
2020-08-29,Santa Clara,085,1922200,18527,16898,23,16921,202
2020-08-29,Santa Cruz,087,273765,1894,1746,18,1764,7
2020-08-29,Shasta,089,179085,623,522,3,525,9
2020-08-29,Sierra,091,2930,6,6,0,6,0
2020-08-29,Siskiyou,093,43540,137,121,8,129,0
2020-08-29,Solano,095,438530,5559,5303,39,5342,34
2020-08-29,Sonoma,097,501317,6081,5537,19,5556,60
2020-08-29,Stanislaus,099,539301,15287,14479,361,14840,208
2020-08-29,Sutter,101,95872,1414,1333,1,1334,9
2020-08-29,Tehama,103,63373,436,417,2,419,1
2020-08-29,Trinity,105,12862,31,11,5,16,0
2020-08-29,Tulare,107,460477,14618,13890,55,13945,236
2020-08-29,Tuolumne,109,53932,206,178,3,181,1
2020-08-29,Ventura,111,848112,11336,10705,94,10799,108
2020-08-29,Yolo,113,214977,2516,2357,4,2361,51
2020-08-29,Yuba,115,75493,894,822,3,825,1
2020-08-28,Alameda,001,1643700,18981,17729,136,17865,237
2020-08-28,Alpine,003,1148,3,2,0,2,0
2020-08-28,Amador,005,37829,273,234,0,234,13
2020-08-28,Butte,007,227075,2286,1886,20,1906,25
2020-08-28,Calaveras,009,45235,254,207,0,207,1
2020-08-28,Colusa,011,21464,470,441,0,441,6
2020-08-28,Contra Costa,013,1133247,14584,13522,52,13574,158
2020-08-28,Del Norte,015,27424,115,107,0,107,1
2020-08-28,El Dorado,017,186661,1005,949,0,949,2
2020-08-28,Fresno,019,978130,27713,24612,293,24905,282
2020-08-28,Glenn,021,27897,460,429,0,429,3
2020-08-28,Humboldt,023,135768,406,362,1,363,4
2020-08-28,Imperial,025,180216,11269,9656,5,9661,241
2020-08-28,Inyo,027,18085,180,160,0,160,2
2020-08-28,Kern,029,883053,29909,28744,230,28974,306
2020-08-28,Kings,031,150075,6365,5829,35,5864,62
2020-08-28,Lake,033,64148,355,320,0,320,2
2020-08-28,Lassen,035,31185,719,704,2,706,0
2020-08-28,Los Angeles,037,10098052,243531,238544,1312,239856,5740
2020-08-28,Madera,039,155013,3931,3552,24,3576,33
2020-08-28,Marin,041,260295,6213,5991,15,6006,63
2020-08-28,Mariposa,043,17540,73,67,0,67,2
2020-08-28,Mendocino,045,87422,648,588,0,588,11
2020-08-28,Merced,047,269075,8092,7803,8,7811,77
2020-08-28,Modoc,049,8938,13,6,0,6,0
2020-08-28,Mono,051,14174,163,145,1,146,1
2020-08-28,Monterey,053,433212,8199,7591,21,7612,53
2020-08-28,Napa,055,140530,1487,1403,3,1406,10
2020-08-28,Nevada,057,99092,460,438,12,450,5
2020-08-28,Orange,059,3164182,50468,46696,1183,47879,942
2020-08-28,Placer,061,380077,3109,2891,10,2901,32
2020-08-28,Plumas,063,18699,41,39,0,39,0
2020-08-28,Riverside,065,2383286,53631,51510,49,51559,1008
2020-08-28,Sacramento,067,1510023,18583,17119,11,17130,283
2020-08-28,San Benito,069,59416,1129,1016,0,1016,3
2020-08-28,San Bernardino,071,2135413,49239,46553,321,46874,754
2020-08-28,San Diego,073,3302833,39694,37786,443,38229,676
2020-08-28,San Francisco,075,870044,9696,9135,9,9144,83
2020-08-28,San Joaquin,077,732212,18583,17114,34,17148,314
2020-08-28,San Luis Obispo,079,281455,3091,2849,13,2862,20
2020-08-28,San Mateo,081,765935,8637,7783,5,7788,121
2020-08-28,Santa Barbara,083,443738,8816,8001,57,8058,92
2020-08-28,Santa Clara,085,1922200,18396,16696,23,16719,201
2020-08-28,Santa Cruz,087,273765,1882,1747,18,1765,7
2020-08-28,Shasta,089,179085,619,516,3,519,9
2020-08-28,Sierra,091,2930,6,6,0,6,0
2020-08-28,Siskiyou,093,43540,135,119,8,127,0
2020-08-28,Solano,095,438530,5540,5219,39,5258,34
2020-08-28,Sonoma,097,501317,6046,5425,18,5443,58
2020-08-28,Stanislaus,099,539301,15245,14176,357,14533,190
2020-08-28,Sutter,101,95872,1404,1308,1,1309,9
2020-08-28,Tehama,103,63373,431,410,2,412,1
2020-08-28,Trinity,105,12862,31,11,5,16,0
2020-08-28,Tulare,107,460477,14572,13776,55,13831,236
2020-08-28,Tuolumne,109,53932,206,176,3,179,1
2020-08-28,Ventura,111,848112,11300,10606,92,10698,103
2020-08-28,Yolo,113,214977,2507,2323,4,2327,51
2020-08-28,Yuba,115,75493,885,810,3,813,1
2020-08-27,Alameda,001,1643700,18836,17584,133,17717,234
2020-08-27,Alpine,003,1148,3,2,0,2,0
2020-08-27,Amador,005,37829,272,233,0,233,13
2020-08-27,Butte,007,227075,2220,1803,19,1822,25
2020-08-27,Calaveras,009,45235,248,204,0,204,1
2020-08-27,Colusa,011,21464,468,438,0,438,6
2020-08-27,Contra Costa,013,1133247,14484,13379,51,13430,158
2020-08-27,Del Norte,015,27424,115,107,0,107,1
2020-08-27,El Dorado,017,186661,1001,942,0,942,2
2020-08-27,Fresno,019,978130,27532,24367,289,24656,272
2020-08-27,Glenn,021,27897,452,429,0,429,3
2020-08-27,Humboldt,023,135768,398,358,1,359,4
2020-08-27,Imperial,025,180216,11242,9608,5,9613,235
2020-08-27,Inyo,027,18085,180,157,0,157,2
2020-08-27,Kern,029,883053,29837,28635,221,28856,294
2020-08-27,Kings,031,150075,6343,5759,35,5794,62
2020-08-27,Lake,033,64148,353,314,0,314,2
2020-08-27,Lassen,035,31185,719,703,2,705,0
2020-08-27,Los Angeles,037,10098052,242527,237103,1294,238397,5704
2020-08-27,Madera,039,155013,3905,3465,24,3489,33
2020-08-27,Marin,041,260295,6189,5929,15,5944,62
2020-08-27,Mariposa,043,17540,73,67,0,67,2
2020-08-27,Mendocino,045,87422,639,581,0,581,10
2020-08-27,Merced,047,269075,8048,7765,8,7773,75
2020-08-27,Modoc,049,8938,11,5,0,5,0
2020-08-27,Mono,051,14174,163,145,1,146,1
2020-08-27,Monterey,053,433212,8105,7501,21,7522,52
2020-08-27,Napa,055,140530,1481,1397,3,1400,10
2020-08-27,Nevada,057,99092,457,435,12,447,5
2020-08-27,Orange,059,3164182,50310,46449,1173,47622,935
2020-08-27,Placer,061,380077,3078,2869,10,2879,32
2020-08-27,Plumas,063,18699,40,39,0,39,0
2020-08-27,Riverside,065,2383286,53424,51306,46,51352,999
2020-08-27,Sacramento,067,1510023,18385,16875,11,16886,281
2020-08-27,San Benito,069,59416,1113,987,0,987,3
2020-08-27,San Bernardino,071,2135413,49013,46345,314,46659,751
2020-08-27,San Diego,073,3302833,39423,37501,423,37924,673
2020-08-27,San Francisco,075,870044,9630,9014,9,9023,83
2020-08-27,San Joaquin,077,732212,18503,16989,34,17023,314
2020-08-27,San Luis Obispo,079,281455,3066,2808,13,2821,20
2020-08-27,San Mateo,081,765935,8528,7728,5,7733,121
2020-08-27,Santa Barbara,083,443738,8778,7934,57,7991,92
2020-08-27,Santa Clara,085,1922200,18212,16495,23,16518,199
2020-08-27,Santa Cruz,087,273765,1865,1734,18,1752,7
2020-08-27,Shasta,089,179085,613,512,3,515,9
2020-08-27,Sierra,091,2930,6,6,0,6,0
2020-08-27,Siskiyou,093,43540,135,118,8,126,0
2020-08-27,Solano,095,438530,5502,5167,39,5206,34
2020-08-27,Sonoma,097,501317,5934,5357,18,5375,58
2020-08-27,Stanislaus,099,539301,15165,14080,353,14433,186
2020-08-27,Sutter,101,95872,1384,1296,1,1297,9
2020-08-27,Tehama,103,63373,427,398,2,400,1
2020-08-27,Trinity,105,12862,31,11,5,16,0
2020-08-27,Tulare,107,460477,14480,13666,54,13720,231
2020-08-27,Tuolumne,109,53932,201,174,3,177,1
2020-08-27,Ventura,111,848112,11237,10483,88,10571,102
2020-08-27,Yolo,113,214977,2483,2293,4,2297,51
2020-08-27,Yuba,115,75493,874,807,3,810,1
2020-08-26,Alameda,001,1643700,18674,17373,133,17506,233
2020-08-26,Alpine,003,1148,3,2,0,2,0
2020-08-26,Amador,005,37829,272,229,0,229,13
2020-08-26,Butte,007,227075,2153,1765,17,1782,25
2020-08-26,Calaveras,009,45235,240,201,0,201,1
2020-08-26,Colusa,011,21464,462,433,0,433,5
2020-08-26,Contra Costa,013,1133247,14346,13248,51,13299,157
2020-08-26,Del Norte,015,27424,114,86,0,86,1
2020-08-26,El Dorado,017,186661,999,938,0,938,2
2020-08-26,Fresno,019,978130,27384,24071,286,24357,255
2020-08-26,Glenn,021,27897,450,429,0,429,3
2020-08-26,Humboldt,023,135768,386,357,1,358,4
2020-08-26,Imperial,025,180216,11220,9453,5,9458,227
2020-08-26,Inyo,027,18085,177,157,0,157,2
2020-08-26,Kern,029,883053,29699,28507,217,28724,286
2020-08-26,Kings,031,150075,6323,5720,35,5755,62
2020-08-26,Lake,033,64148,348,308,0,308,2
2020-08-26,Lassen,035,31185,719,702,2,704,0
2020-08-26,Los Angeles,037,10098052,241493,235499,1261,236760,5665
2020-08-26,Madera,039,155013,3876,3458,24,3482,32
2020-08-26,Marin,041,260295,6172,5887,15,5902,56
2020-08-26,Mariposa,043,17540,73,68,0,68,2
2020-08-26,Mendocino,045,87422,628,581,0,581,10
2020-08-26,Merced,047,269075,8015,7720,8,7728,74
2020-08-26,Modoc,049,8938,8,5,0,5,0
2020-08-26,Mono,051,14174,163,141,1,142,1
2020-08-26,Monterey,053,433212,8012,7439,21,7460,51
2020-08-26,Napa,055,140530,1468,1382,3,1385,10
2020-08-26,Nevada,057,99092,454,432,12,444,2
2020-08-26,Orange,059,3164182,50126,46157,1158,47315,905
2020-08-26,Placer,061,380077,3056,2846,8,2854,32
2020-08-26,Plumas,063,18699,39,39,0,39,0
2020-08-26,Riverside,065,2383286,53182,51138,46,51184,987
2020-08-26,Sacramento,067,1510023,18222,16708,11,16719,271
2020-08-26,San Benito,069,59416,1098,978,0,978,3
2020-08-26,San Bernardino,071,2135413,48804,45840,310,46150,743
2020-08-26,San Diego,073,3302833,39085,37224,396,37620,668
2020-08-26,San Francisco,075,870044,9554,8938,9,8947,81
2020-08-26,San Joaquin,077,732212,18414,16845,33,16878,309
2020-08-26,San Luis Obispo,079,281455,3038,2761,13,2774,20
2020-08-26,San Mateo,081,765935,8461,7655,5,7660,121
2020-08-26,Santa Barbara,083,443738,8745,7904,57,7961,90
2020-08-26,Santa Clara,085,1922200,18036,16283,23,16306,198
2020-08-26,Santa Cruz,087,273765,1854,1726,18,1744,7
2020-08-26,Shasta,089,179085,608,511,3,514,9
2020-08-26,Sierra,091,2930,6,6,0,6,0
2020-08-26,Siskiyou,093,43540,132,109,8,117,0
2020-08-26,Solano,095,438530,5478,5131,38,5169,34
2020-08-26,Sonoma,097,501317,5860,5283,18,5301,58
2020-08-26,Stanislaus,099,539301,15088,13964,347,14311,186
2020-08-26,Sutter,101,95872,1366,1275,1,1276,9
2020-08-26,Tehama,103,63373,424,396,2,398,1
2020-08-26,Trinity,105,12862,30,10,5,15,0
2020-08-26,Tulare,107,460477,14413,13568,54,13622,232
2020-08-26,Tuolumne,109,53932,200,172,3,175,1
2020-08-26,Ventura,111,848112,11165,10412,81,10493,100
2020-08-26,Yolo,113,214977,2461,2279,4,2283,49
2020-08-26,Yuba,115,75493,859,779,3,782,1
2020-08-25,Alameda,001,1643700,18517,17278,133,17411,232
2020-08-25,Alpine,003,1148,3,2,0,2,0
2020-08-25,Amador,005,37829,272,227,0,227,13
2020-08-25,Butte,007,227075,2086,1718,17,1735,24
2020-08-25,Calaveras,009,45235,238,196,0,196,1
2020-08-25,Colusa,011,21464,455,430,0,430,5
2020-08-25,Contra Costa,013,1133247,14208,13181,50,13231,156
2020-08-25,Del Norte,015,27424,113,83,0,83,1
2020-08-25,El Dorado,017,186661,996,928,0,928,2
2020-08-25,Fresno,019,978130,27195,23932,285,24217,250
2020-08-25,Glenn,021,27897,447,429,0,429,3
2020-08-25,Humboldt,023,135768,381,342,1,343,4
2020-08-25,Imperial,025,180216,11192,9381,5,9386,217
2020-08-25,Inyo,027,18085,175,144,0,144,1
2020-08-25,Kern,029,883053,29562,28416,216,28632,285
2020-08-25,Kings,031,150075,6166,5702,35,5737,59
2020-08-25,Lake,033,64148,343,304,0,304,2
2020-08-25,Lassen,035,31185,718,692,2,694,0
2020-08-25,Los Angeles,037,10098052,240167,233961,1209,235170,5612
2020-08-25,Madera,039,155013,3861,3446,23,3469,32
2020-08-25,Marin,041,260295,6134,5860,15,5875,56
2020-08-25,Mariposa,043,17540,73,67,0,67,2
2020-08-25,Mendocino,045,87422,620,571,0,571,10
2020-08-25,Merced,047,269075,7948,7693,7,7700,69
2020-08-25,Modoc,049,8938,8,5,0,5,0
2020-08-25,Mono,051,14174,163,129,1,130,1
2020-08-25,Monterey,053,433212,7932,7333,21,7354,51
2020-08-25,Napa,055,140530,1461,1374,3,1377,10
2020-08-25,Nevada,057,99092,451,430,12,442,2
2020-08-25,Orange,059,3164182,49932,45737,1141,46878,902
2020-08-25,Placer,061,380077,3037,2829,5,2834,31
2020-08-25,Plumas,063,18699,39,39,0,39,0
2020-08-25,Riverside,065,2383286,52952,50889,46,50935,981
2020-08-25,Sacramento,067,1510023,18069,16601,11,16612,265
2020-08-25,San Benito,069,59416,1082,973,0,973,3
2020-08-25,San Bernardino,071,2135413,48569,45544,307,45851,727
2020-08-25,San Diego,073,3302833,38806,36996,374,37370,665
2020-08-25,San Francisco,075,870044,9476,8848,9,8857,81
2020-08-25,San Joaquin,077,732212,18287,16795,33,16828,306
2020-08-25,San Luis Obispo,079,281455,2980,2731,12,2743,20
2020-08-25,San Mateo,081,765935,8401,7636,5,7641,120
2020-08-25,Santa Barbara,083,443738,8693,7854,57,7911,90
2020-08-25,Santa Clara,085,1922200,17864,16199,23,16222,194
2020-08-25,Santa Cruz,087,273765,1835,1708,18,1726,7
2020-08-25,Shasta,089,179085,604,511,3,514,9
2020-08-25,Sierra,091,2930,6,6,0,6,0
2020-08-25,Siskiyou,093,43540,131,109,8,117,0
2020-08-25,Solano,095,438530,5417,5114,38,5152,34
2020-08-25,Sonoma,097,501317,5775,5148,18,5166,56
2020-08-25,Stanislaus,099,539301,14980,13886,336,14222,182
2020-08-25,Sutter,101,95872,1349,1259,1,1260,9
2020-08-25,Tehama,103,63373,421,394,2,396,1
2020-08-25,Trinity,105,12862,28,10,5,15,0
2020-08-25,Tulare,107,460477,14310,13514,53,13567,224
2020-08-25,Tuolumne,109,53932,198,172,3,175,1
2020-08-25,Ventura,111,848112,11080,10313,76,10389,99
2020-08-25,Yolo,113,214977,2448,2254,4,2258,50
2020-08-25,Yuba,115,75493,849,775,3,778,1
2020-08-24,Alameda,001,1643700,18323,16913,132,17045,231
2020-08-24,Alpine,003,1148,3,2,0,2,0
2020-08-24,Amador,005,37829,270,227,0,227,13
2020-08-24,Butte,007,227075,2002,1649,17,1666,23
2020-08-24,Calaveras,009,45235,228,187,0,187,1
2020-08-24,Colusa,011,21464,451,425,0,425,5
2020-08-24,Contra Costa,013,1133247,14093,12906,48,12954,153
2020-08-24,Del Norte,015,27424,113,80,0,80,1
2020-08-24,El Dorado,017,186661,988,908,0,908,2
2020-08-24,Fresno,019,978130,27008,23618,278,23896,235
2020-08-24,Glenn,021,27897,445,421,0,421,2
2020-08-24,Humboldt,023,135768,377,340,1,341,4
2020-08-24,Imperial,025,180216,11158,9323,5,9328,210
2020-08-24,Inyo,027,18085,171,144,0,144,2
2020-08-24,Kern,029,883053,29465,28157,210,28367,277
2020-08-24,Kings,031,150075,6078,5652,35,5687,60
2020-08-24,Lake,033,64148,329,302,0,302,2
2020-08-24,Lassen,035,31185,718,693,2,695,0
2020-08-24,Los Angeles,037,10098052,238803,233036,1187,234223,5562
2020-08-24,Madera,039,155013,3834,3418,23,3441,32
2020-08-24,Marin,041,260295,6071,5834,15,5849,56
2020-08-24,Mariposa,043,17540,71,66,0,66,2
2020-08-24,Mendocino,045,87422,605,550,0,550,10
2020-08-24,Merced,047,269075,7870,7605,7,7612,69
2020-08-24,Modoc,049,8938,8,5,0,5,0
2020-08-24,Mono,051,14174,163,129,1,130,1
2020-08-24,Monterey,053,433212,7823,7212,20,7232,50
2020-08-24,Napa,055,140530,1448,1358,3,1361,10
2020-08-24,Nevada,057,99092,446,423,12,435,2
2020-08-24,Orange,059,3164182,49739,45536,1131,46667,887
2020-08-24,Placer,061,380077,2991,2793,5,2798,31
2020-08-24,Plumas,063,18699,39,37,0,37,0
2020-08-24,Riverside,065,2383286,52675,50496,46,50542,975
2020-08-24,Sacramento,067,1510023,17872,16318,11,16329,249
2020-08-24,San Benito,069,59416,1061,961,0,961,3
2020-08-24,San Bernardino,071,2135413,48306,45199,305,45504,720
2020-08-24,San Diego,073,3302833,38518,36729,346,37075,660
2020-08-24,San Francisco,075,870044,9393,8621,9,8630,81
2020-08-24,San Joaquin,077,732212,18146,16565,32,16597,305
2020-08-24,San Luis Obispo,079,281455,2952,2705,12,2717,20
2020-08-24,San Mateo,081,765935,8334,7502,5,7507,120
2020-08-24,Santa Barbara,083,443738,8651,7784,57,7841,90
2020-08-24,Santa Clara,085,1922200,17660,16049,23,16072,192
2020-08-24,Santa Cruz,087,273765,1815,1627,17,1644,6
2020-08-24,Shasta,089,179085,602,505,3,508,9
2020-08-24,Sierra,091,2930,6,6,0,6,0
2020-08-24,Siskiyou,093,43540,127,107,8,115,0
2020-08-24,Solano,095,438530,5368,4979,36,5015,32
2020-08-24,Sonoma,097,501317,5673,5071,18,5089,56
2020-08-24,Stanislaus,099,539301,14882,13521,321,13842,171
2020-08-24,Sutter,101,95872,1330,1219,1,1220,9
2020-08-24,Tehama,103,63373,416,388,2,390,1
2020-08-24,Trinity,105,12862,28,10,5,15,0
2020-08-24,Tulare,107,460477,14203,13360,52,13412,223
2020-08-24,Tuolumne,109,53932,197,170,3,173,1
2020-08-24,Ventura,111,848112,11000,10261,73,10334,99
2020-08-24,Yolo,113,214977,2413,2239,4,2243,47
2020-08-24,Yuba,115,75493,832,750,3,753,1
2020-08-23,Alameda,001,1643700,18100,16786,131,16917,231
2020-08-23,Alpine,003,1148,3,2,0,2,0
2020-08-23,Amador,005,37829,267,227,0,227,13
2020-08-23,Butte,007,227075,1888,1637,17,1654,23
2020-08-23,Calaveras,009,45235,218,187,0,187,1
2020-08-23,Colusa,011,21464,444,424,0,424,5
2020-08-23,Contra Costa,013,1133247,13933,12642,48,12690,153
2020-08-23,Del Norte,015,27424,113,80,0,80,1
2020-08-23,El Dorado,017,186661,975,901,0,901,2
2020-08-23,Fresno,019,978130,26805,23414,273,23687,235
2020-08-23,Glenn,021,27897,438,421,0,421,2
2020-08-23,Humboldt,023,135768,375,341,1,342,4
2020-08-23,Imperial,025,180216,11130,9243,5,9248,210
2020-08-23,Inyo,027,18085,168,144,0,144,2
2020-08-23,Kern,029,883053,29316,28028,205,28233,277
2020-08-23,Kings,031,150075,6036,5628,35,5663,60
2020-08-23,Lake,033,64148,325,299,0,299,2
2020-08-23,Lassen,035,31185,717,693,2,695,0
2020-08-23,Los Angeles,037,10098052,237203,231833,1110,232943,5549
2020-08-23,Madera,039,155013,3802,3401,22,3423,32
2020-08-23,Marin,041,260295,6032,5807,14,5821,50
2020-08-23,Mariposa,043,17540,71,66,0,66,2
2020-08-23,Mendocino,045,87422,601,550,0,550,10
2020-08-23,Merced,047,269075,7801,7574,6,7580,69
2020-08-23,Modoc,049,8938,7,5,0,5,0
2020-08-23,Mono,051,14174,163,129,1,130,1
2020-08-23,Monterey,053,433212,7733,7173,20,7193,50
2020-08-23,Napa,055,140530,1436,1348,3,1351,10
2020-08-23,Nevada,057,99092,441,421,12,433,2
2020-08-23,Orange,059,3164182,49502,45267,1118,46385,887
2020-08-23,Placer,061,380077,2952,2772,5,2777,31
2020-08-23,Plumas,063,18699,39,37,0,37,0
2020-08-23,Riverside,065,2383286,52406,50293,44,50337,955
2020-08-23,Sacramento,067,1510023,17648,16084,10,16094,243
2020-08-23,San Benito,069,59416,1048,938,0,938,3
2020-08-23,San Bernardino,071,2135413,48037,45010,295,45305,719
2020-08-23,San Diego,073,3302833,38197,36542,319,36861,660
2020-08-23,San Francisco,075,870044,9298,8564,8,8572,80
2020-08-23,San Joaquin,077,732212,18013,16069,31,16100,305
2020-08-23,San Luis Obispo,079,281455,2910,2679,12,2691,20
2020-08-23,San Mateo,081,765935,8239,7450,5,7455,120
2020-08-23,Santa Barbara,083,443738,8583,7725,57,7782,90
2020-08-23,Santa Clara,085,1922200,17466,15912,21,15933,191
2020-08-23,Santa Cruz,087,273765,1789,1627,17,1644,6
2020-08-23,Shasta,089,179085,597,501,3,504,9
2020-08-23,Sierra,091,2930,6,6,0,6,0
2020-08-23,Siskiyou,093,43540,122,107,8,115,0
2020-08-23,Solano,095,438530,5310,4977,34,5011,32
2020-08-23,Sonoma,097,501317,5585,5018,18,5036,56
2020-08-23,Stanislaus,099,539301,14748,13483,297,13780,171
2020-08-23,Sutter,101,95872,1308,1203,1,1204,9
2020-08-23,Tehama,103,63373,406,381,2,383,1
2020-08-23,Trinity,105,12862,28,10,5,15,0
2020-08-23,Tulare,107,460477,14073,13303,48,13351,223
2020-08-23,Tuolumne,109,53932,194,164,3,167,1
2020-08-23,Ventura,111,848112,10900,10126,68,10194,99
2020-08-23,Yolo,113,214977,2385,2210,4,2214,47
2020-08-23,Yuba,115,75493,811,750,3,753,1
2020-08-22,Alameda,001,1643700,18006,16648,130,16778,231
2020-08-22,Alpine,003,1148,3,2,0,2,0
2020-08-22,Amador,005,37829,266,224,0,224,13
2020-08-22,Butte,007,227075,1837,1618,17,1635,22
2020-08-22,Calaveras,009,45235,215,187,0,187,1
2020-08-22,Colusa,011,21464,440,419,0,419,5
2020-08-22,Contra Costa,013,1133247,13846,12522,48,12570,153
2020-08-22,Del Norte,015,27424,112,80,0,80,1
2020-08-22,El Dorado,017,186661,973,900,0,900,2
2020-08-22,Fresno,019,978130,26708,23197,272,23469,235
2020-08-22,Glenn,021,27897,437,421,0,421,2
2020-08-22,Humboldt,023,135768,365,334,1,335,4
2020-08-22,Imperial,025,180216,11122,9244,5,9249,210
2020-08-22,Inyo,027,18085,168,144,0,144,1
2020-08-22,Kern,029,883053,29262,27807,205,28012,277
2020-08-22,Kings,031,150075,6027,5447,35,5482,60
2020-08-22,Lake,033,64148,323,291,0,291,2
2020-08-22,Lassen,035,31185,717,693,2,695,0
2020-08-22,Los Angeles,037,10098052,236545,230858,1091,231949,5540
2020-08-22,Madera,039,155013,3783,3330,22,3352,32
2020-08-22,Marin,041,260295,6020,5789,14,5803,49
2020-08-22,Mariposa,043,17540,71,66,0,66,2
2020-08-22,Mendocino,045,87422,598,529,0,529,10
2020-08-22,Merced,047,269075,7773,7493,6,7499,69
2020-08-22,Modoc,049,8938,7,5,0,5,0
2020-08-22,Mono,051,14174,163,129,1,130,1
2020-08-22,Monterey,053,433212,7685,7081,20,7101,50
2020-08-22,Napa,055,140530,1431,1328,3,1331,11
2020-08-22,Nevada,057,99092,441,411,12,423,2
2020-08-22,Orange,059,3164182,49360,45131,1112,46243,885
2020-08-22,Placer,061,380077,2938,2734,5,2739,30
2020-08-22,Plumas,063,18699,39,37,0,37,0
2020-08-22,Riverside,065,2383286,52257,49944,43,49987,953
2020-08-22,Sacramento,067,1510023,17536,15516,10,15526,239
2020-08-22,San Benito,069,59416,1032,912,0,912,3
2020-08-22,San Bernardino,071,2135413,47907,44803,290,45093,719
2020-08-22,San Diego,073,3302833,38015,36205,308,36513,673
2020-08-22,San Francisco,075,870044,9238,8568,8,8576,80
2020-08-22,San Joaquin,077,732212,17957,16068,31,16099,305
2020-08-22,San Luis Obispo,079,281455,2885,2660,12,2672,20
2020-08-22,San Mateo,081,765935,8192,7361,5,7366,120
2020-08-22,Santa Barbara,083,443738,8557,7685,57,7742,90
2020-08-22,Santa Clara,085,1922200,17358,15590,21,15611,190
2020-08-22,Santa Cruz,087,273765,1773,1628,16,1644,6
2020-08-22,Shasta,089,179085,595,493,3,496,9
2020-08-22,Sierra,091,2930,6,6,0,6,0
2020-08-22,Siskiyou,093,43540,122,106,8,114,0
2020-08-22,Solano,095,438530,5280,4944,33,4977,32
2020-08-22,Sonoma,097,501317,5539,4891,18,4909,57
2020-08-22,Stanislaus,099,539301,14700,13380,278,13658,170
2020-08-22,Sutter,101,95872,1301,1189,1,1190,8
2020-08-22,Tehama,103,63373,405,368,2,370,1
2020-08-22,Trinity,105,12862,28,8,5,13,0
2020-08-22,Tulare,107,460477,14006,13196,48,13244,222
2020-08-22,Tuolumne,109,53932,192,162,3,165,1
2020-08-22,Ventura,111,848112,10845,9959,66,10025,99
2020-08-22,Yolo,113,214977,2369,2188,4,2192,47
2020-08-22,Yuba,115,75493,799,738,3,741,1
2020-08-21,Alameda,001,1643700,17915,16413,130,16543,232
2020-08-21,Alpine,003,1148,3,2,0,2,0
2020-08-21,Amador,005,37829,265,223,0,223,11
2020-08-21,Butte,007,227075,1798,1582,17,1599,19
2020-08-21,Calaveras,009,45235,215,182,0,182,1
2020-08-21,Colusa,011,21464,438,418,0,418,5
2020-08-21,Contra Costa,013,1133247,13756,12333,47,12380,149
2020-08-21,Del Norte,015,27424,112,78,0,78,1
2020-08-21,El Dorado,017,186661,969,885,0,885,2
2020-08-21,Fresno,019,978130,26538,22840,271,23111,232
2020-08-21,Glenn,021,27897,433,418,0,418,2
2020-08-21,Humboldt,023,135768,362,331,1,332,4
2020-08-21,Imperial,025,180216,11106,9166,5,9171,204
2020-08-21,Inyo,027,18085,168,144,0,144,1
2020-08-21,Kern,029,883053,29203,27567,203,27770,269
2020-08-21,Kings,031,150075,6005,5391,35,5426,60
2020-08-21,Lake,033,64148,321,281,0,281,2
2020-08-21,Lassen,035,31185,717,693,2,695,0
2020-08-21,Los Angeles,037,10098052,235669,229235,1069,230304,5494
2020-08-21,Madera,039,155013,3753,3271,22,3293,31
2020-08-21,Marin,041,260295,6000,5762,14,5776,49
2020-08-21,Mariposa,043,17540,71,66,0,66,2
2020-08-21,Mendocino,045,87422,588,505,0,505,10
2020-08-21,Merced,047,269075,7744,7357,6,7363,69
2020-08-21,Modoc,049,8938,7,5,0,5,0
2020-08-21,Mono,051,14174,163,128,1,129,1
2020-08-21,Monterey,053,433212,7613,6974,20,6994,49
2020-08-21,Napa,055,140530,1422,1317,3,1320,10
2020-08-21,Nevada,057,99092,440,406,12,418,2
2020-08-21,Orange,059,3164182,49219,44625,1103,45728,875
2020-08-21,Placer,061,380077,2922,2698,4,2702,30
2020-08-21,Plumas,063,18699,39,36,0,36,0
2020-08-21,Riverside,065,2383286,52064,49409,43,49452,932
2020-08-21,Sacramento,067,1510023,17413,15247,10,15257,237
2020-08-21,San Benito,069,59416,1022,891,0,891,3
2020-08-21,San Bernardino,071,2135413,47787,44249,286,44535,668
2020-08-21,San Diego,073,3302833,37811,35914,291,36205,652
2020-08-21,San Francisco,075,870044,9188,8375,8,8383,80
2020-08-21,San Joaquin,077,732212,17874,15888,29,15917,301
2020-08-21,San Luis Obispo,079,281455,2862,2640,12,2652,19
2020-08-21,San Mateo,081,765935,8133,7253,5,7258,120
2020-08-21,Santa Barbara,083,443738,8516,7645,57,7702,86
2020-08-21,Santa Clara,085,1922200,17206,15399,21,15420,190
2020-08-21,Santa Cruz,087,273765,1761,1617,16,1633,6
2020-08-21,Shasta,089,179085,595,486,3,489,9
2020-08-21,Sierra,091,2930,6,6,0,6,0
2020-08-21,Siskiyou,093,43540,122,103,6,109,0
2020-08-21,Solano,095,438530,5257,4891,32,4923,32
2020-08-21,Sonoma,097,501317,5469,4816,18,4834,57
2020-08-21,Stanislaus,099,539301,14631,13282,263,13545,161
2020-08-21,Sutter,101,95872,1288,1173,1,1174,8
2020-08-21,Tehama,103,63373,403,357,2,359,1
2020-08-21,Trinity,105,12862,28,8,5,13,0
2020-08-21,Tulare,107,460477,13934,13002,47,13049,217
2020-08-21,Tuolumne,109,53932,184,161,3,164,1
2020-08-21,Ventura,111,848112,10781,9865,64,9929,98
2020-08-21,Yolo,113,214977,2354,2164,4,2168,46
2020-08-21,Yuba,115,75493,795,717,3,720,1
2020-08-20,Alameda,001,1643700,17757,16174,130,16304,229
2020-08-20,Alpine,003,1148,3,2,0,2,0
2020-08-20,Amador,005,37829,263,222,0,222,11
2020-08-20,Butte,007,227075,1747,1549,17,1566,18
2020-08-20,Calaveras,009,45235,212,179,0,179,1
2020-08-20,Colusa,011,21464,436,415,0,415,5
2020-08-20,Contra Costa,013,1133247,13628,12108,46,12154,144
2020-08-20,Del Norte,015,27424,112,78,0,78,1
2020-08-20,El Dorado,017,186661,965,881,0,881,2
2020-08-20,Fresno,019,978130,26356,22535,266,22801,228
2020-08-20,Glenn,021,27897,428,414,0,414,2
2020-08-20,Humboldt,023,135768,357,318,1,319,4
2020-08-20,Imperial,025,180216,11087,9086,5,9091,196
2020-08-20,Inyo,027,18085,167,144,0,144,1
2020-08-20,Kern,029,883053,29035,27337,192,27529,267
2020-08-20,Kings,031,150075,5965,5347,34,5381,59
2020-08-20,Lake,033,64148,316,280,0,280,2
2020-08-20,Lassen,035,31185,716,693,2,695,0
2020-08-20,Los Angeles,037,10098052,234434,227492,1050,228542,5445
2020-08-20,Madera,039,155013,3727,3197,22,3219,31
2020-08-20,Marin,041,260295,5982,5745,14,5759,47
2020-08-20,Mariposa,043,17540,71,67,0,67,2
2020-08-20,Mendocino,045,87422,577,497,0,497,10
2020-08-20,Merced,047,269075,7669,7173,6,7179,68
2020-08-20,Modoc,049,8938,7,5,0,5,0
2020-08-20,Mono,051,14174,163,128,1,129,1
2020-08-20,Monterey,053,433212,7542,6892,20,6912,47
2020-08-20,Napa,055,140530,1414,1306,3,1309,10
2020-08-20,Nevada,057,99092,439,401,12,413,2
2020-08-20,Orange,059,3164182,48992,44299,1092,45391,849
2020-08-20,Placer,061,380077,2906,2681,4,2685,30
2020-08-20,Plumas,063,18699,39,36,0,36,0
2020-08-20,Riverside,065,2383286,51845,48953,42,48995,927
2020-08-20,Sacramento,067,1510023,17171,14992,10,15002,231
2020-08-20,San Benito,069,59416,1009,866,0,866,3
2020-08-20,San Bernardino,071,2135413,47531,43627,282,43909,665
2020-08-20,San Diego,073,3302833,37591,35610,273,35883,644
2020-08-20,San Francisco,075,870044,9102,8262,8,8270,72
2020-08-20,San Joaquin,077,732212,17781,15778,29,15807,297
2020-08-20,San Luis Obispo,079,281455,2842,2590,12,2602,19
2020-08-20,San Mateo,081,765935,8067,7188,5,7193,120
2020-08-20,Santa Barbara,083,443738,8478,7571,57,7628,81
2020-08-20,Santa Clara,085,1922200,17034,15162,21,15183,190
2020-08-20,Santa Cruz,087,273765,1748,1581,16,1597,6
2020-08-20,Shasta,089,179085,594,478,3,481,9
2020-08-20,Sierra,091,2930,6,6,0,6,0
2020-08-20,Siskiyou,093,43540,121,102,1,103,0
2020-08-20,Solano,095,438530,5213,4843,32,4875,31
2020-08-20,Sonoma,097,501317,5397,4737,18,4755,54
2020-08-20,Stanislaus,099,539301,14535,13120,254,13374,161
2020-08-20,Sutter,101,95872,1264,1158,1,1159,8
2020-08-20,Tehama,103,63373,397,350,2,352,1
2020-08-20,Trinity,105,12862,28,8,5,13,0
2020-08-20,Tulare,107,460477,13826,12907,46,12953,217
2020-08-20,Tuolumne,109,53932,180,159,3,162,1
2020-08-20,Ventura,111,848112,10668,9744,63,9807,93
2020-08-20,Yolo,113,214977,2332,2150,4,2154,47
2020-08-20,Yuba,115,75493,778,709,3,712,1
2020-08-19,Alameda,001,1643700,17598,15874,129,16003,226
2020-08-19,Alpine,003,1148,3,2,0,2,0
2020-08-19,Amador,005,37829,262,219,0,219,9
2020-08-19,Butte,007,227075,1704,1517,17,1534,16
2020-08-19,Calaveras,009,45235,209,177,0,177,1
2020-08-19,Colusa,011,21464,435,415,0,415,5
2020-08-19,Contra Costa,013,1133247,13516,11895,44,11939,142
2020-08-19,Del Norte,015,27424,112,78,0,78,1
2020-08-19,El Dorado,017,186661,959,870,0,870,2
2020-08-19,Fresno,019,978130,26166,22167,258,22425,221
2020-08-19,Glenn,021,27897,426,414,0,414,2
2020-08-19,Humboldt,023,135768,354,316,1,317,4
2020-08-19,Imperial,025,180216,11059,9041,5,9046,192
2020-08-19,Inyo,027,18085,165,140,0,140,1
2020-08-19,Kern,029,883053,28918,27142,188,27330,263
2020-08-19,Kings,031,150075,5793,5301,32,5333,59
2020-08-19,Lake,033,64148,313,277,0,277,2
2020-08-19,Lassen,035,31185,708,693,2,695,0
2020-08-19,Los Angeles,037,10098052,233152,226006,1010,227016,5399
2020-08-19,Madera,039,155013,3693,3158,20,3178,30
2020-08-19,Marin,041,260295,5958,5723,13,5736,46
2020-08-19,Mariposa,043,17540,71,64,0,64,2
2020-08-19,Mendocino,045,87422,561,495,0,495,8
2020-08-19,Merced,047,269075,7542,7082,3,7085,66
2020-08-19,Modoc,049,8938,7,5,0,5,0
2020-08-19,Mono,051,14174,163,128,1,129,1
2020-08-19,Monterey,053,433212,7440,6693,20,6713,45
2020-08-19,Napa,055,140530,1409,1293,3,1296,10
2020-08-19,Nevada,057,99092,432,398,12,410,2
2020-08-19,Orange,059,3164182,48786,43938,1089,45027,829
2020-08-19,Placer,061,380077,2884,2659,4,2663,28
2020-08-19,Plumas,063,18699,39,36,0,36,0
2020-08-19,Riverside,065,2383286,51597,48741,41,48782,922
2020-08-19,Sacramento,067,1510023,16990,14764,10,14774,229
2020-08-19,San Benito,069,59416,992,853,0,853,3
2020-08-19,San Bernardino,071,2135413,47232,43224,275,43499,661
2020-08-19,San Diego,073,3302833,37342,35378,258,35636,638
2020-08-19,San Francisco,075,870044,9037,8236,8,8244,72
2020-08-19,San Joaquin,077,732212,17654,15677,28,15705,296
2020-08-19,San Luis Obispo,079,281455,2803,2553,12,2565,19
2020-08-19,San Mateo,081,765935,7999,7146,5,7151,119
2020-08-19,Santa Barbara,083,443738,8429,7499,57,7556,80
2020-08-19,Santa Clara,085,1922200,16888,14994,21,15015,189
2020-08-19,Santa Cruz,087,273765,1722,1554,16,1570,6
2020-08-19,Shasta,089,179085,590,475,3,478,9
2020-08-19,Sierra,091,2930,6,6,0,6,0
2020-08-19,Siskiyou,093,43540,120,103,1,104,0
2020-08-19,Solano,095,438530,5172,4807,32,4839,31
2020-08-19,Sonoma,097,501317,5318,4614,18,4632,54
2020-08-19,Stanislaus,099,539301,14433,13084,232,13316,160
2020-08-19,Sutter,101,95872,1230,1146,1,1147,8
2020-08-19,Tehama,103,63373,391,342,2,344,1
2020-08-19,Trinity,105,12862,27,8,5,13,0
2020-08-19,Tulare,107,460477,13728,12756,46,12802,217
2020-08-19,Tuolumne,109,53932,177,159,3,162,1
2020-08-19,Ventura,111,848112,10576,9587,61,9648,91
2020-08-19,Yolo,113,214977,2309,2126,4,2130,47
2020-08-19,Yuba,115,75493,766,701,3,704,1
2020-08-18,Alameda,001,1643700,17422,15627,126,15753,223
2020-08-18,Alpine,003,1148,3,2,0,2,0
2020-08-18,Amador,005,37829,261,215,0,215,9
2020-08-18,Butte,007,227075,1671,1491,17,1508,16
2020-08-18,Calaveras,009,45235,205,174,0,174,1
2020-08-18,Colusa,011,21464,434,415,0,415,5
2020-08-18,Contra Costa,013,1133247,13396,11689,42,11731,141
2020-08-18,Del Norte,015,27424,111,78,0,78,0
2020-08-18,El Dorado,017,186661,954,866,0,866,2
2020-08-18,Fresno,019,978130,25947,21798,252,22050,212
2020-08-18,Glenn,021,27897,426,407,0,407,2
2020-08-18,Humboldt,023,135768,352,315,1,316,4
2020-08-18,Imperial,025,180216,11025,8968,5,8973,189
2020-08-18,Inyo,027,18085,164,140,0,140,1
2020-08-18,Kern,029,883053,28766,26978,183,27161,263
2020-08-18,Kings,031,150075,5763,5269,31,5300,58
2020-08-18,Lake,033,64148,310,274,0,274,2
2020-08-18,Lassen,035,31185,708,693,2,695,0
2020-08-18,Los Angeles,037,10098052,231872,224218,972,225190,5339
2020-08-18,Madera,039,155013,3665,3125,20,3145,28
2020-08-18,Marin,041,260295,5928,5708,13,5721,47
2020-08-18,Mariposa,043,17540,71,61,0,61,2
2020-08-18,Mendocino,045,87422,552,468,0,468,8
2020-08-18,Merced,047,269075,7494,6940,3,6943,66
2020-08-18,Modoc,049,8938,7,5,0,5,0
2020-08-18,Mono,051,14174,162,129,1,130,1
2020-08-18,Monterey,053,433212,7348,6691,19,6710,44
2020-08-18,Napa,055,140530,1406,1274,3,1277,10
2020-08-18,Nevada,057,99092,425,389,12,401,2
2020-08-18,Orange,059,3164182,48561,43659,1073,44732,809
2020-08-18,Placer,061,380077,2858,2644,3,2647,28
2020-08-18,Plumas,063,18699,39,34,0,34,0
2020-08-18,Riverside,065,2383286,51267,48447,41,48488,917
2020-08-18,Sacramento,067,1510023,16761,14610,9,14619,222
2020-08-18,San Benito,069,59416,972,836,0,836,3
2020-08-18,San Bernardino,071,2135413,46950,42827,268,43095,648
2020-08-18,San Diego,073,3302833,37049,35164,226,35390,633
2020-08-18,San Francisco,075,870044,8951,8016,8,8024,72
2020-08-18,San Joaquin,077,732212,17537,15509,27,15536,290
2020-08-18,San Luis Obispo,079,281455,2779,2535,11,2546,18
2020-08-18,San Mateo,081,765935,7937,7074,5,7079,119
2020-08-18,Santa Barbara,083,443738,8387,7472,57,7529,81
2020-08-18,Santa Clara,085,1922200,16715,14786,20,14806,184
2020-08-18,Santa Cruz,087,273765,1709,1509,16,1525,6
2020-08-18,Shasta,089,179085,586,468,3,471,9
2020-08-18,Sierra,091,2930,6,6,0,6,0
2020-08-18,Siskiyou,093,43540,119,103,1,104,0
2020-08-18,Solano,095,438530,5145,4700,32,4732,31
2020-08-18,Sonoma,097,501317,5249,4506,18,4524,48
2020-08-18,Stanislaus,099,539301,14335,12935,216,13151,149
2020-08-18,Sutter,101,95872,1211,1126,1,1127,8
2020-08-18,Tehama,103,63373,381,333,2,335,1
2020-08-18,Trinity,105,12862,26,8,5,13,0
2020-08-18,Tulare,107,460477,13597,12637,43,12680,212
2020-08-18,Tuolumne,109,53932,174,159,3,162,1
2020-08-18,Ventura,111,848112,10486,9536,56,9592,89
2020-08-18,Yolo,113,214977,2286,2102,4,2106,47
2020-08-18,Yuba,115,75493,758,679,3,682,1
2020-08-17,Alameda,001,1643700,17230,15454,124,15578,221
2020-08-17,Alpine,003,1148,3,2,0,2,0
2020-08-17,Amador,005,37829,261,215,0,215,9
2020-08-17,Butte,007,227075,1626,1463,17,1480,15
2020-08-17,Calaveras,009,45235,201,167,0,167,1
2020-08-17,Colusa,011,21464,431,408,0,408,5
2020-08-17,Contra Costa,013,1133247,13258,11442,42,11484,141
2020-08-17,Del Norte,015,27424,107,77,0,77,0
2020-08-17,El Dorado,017,186661,951,846,0,846,2
2020-08-17,Fresno,019,978130,25740,21316,245,21561,211
2020-08-17,Glenn,021,27897,425,402,0,402,2
2020-08-17,Humboldt,023,135768,348,302,1,303,4
2020-08-17,Imperial,025,180216,10984,8897,5,8902,188
2020-08-17,Inyo,027,18085,156,124,0,124,1
2020-08-17,Kern,029,883053,28618,26773,172,26945,249
2020-08-17,Kings,031,150075,5725,5249,31,5280,58
2020-08-17,Lake,033,64148,305,270,0,270,2
2020-08-17,Lassen,035,31185,708,666,2,668,0
2020-08-17,Los Angeles,037,10098052,230354,223418,922,224340,5282
2020-08-17,Madera,039,155013,3622,3050,19,3069,26
2020-08-17,Marin,041,260295,5905,5683,12,5695,46
2020-08-17,Mariposa,043,17540,71,61,0,61,2
2020-08-17,Mendocino,045,87422,534,454,0,454,8
2020-08-17,Merced,047,269075,7399,6814,3,6817,66
2020-08-17,Modoc,049,8938,7,5,0,5,0
2020-08-17,Mono,051,14174,162,126,1,127,1
2020-08-17,Monterey,053,433212,7248,6553,19,6572,44
2020-08-17,Napa,055,140530,1385,1255,3,1258,10
2020-08-17,Nevada,057,99092,420,383,12,395,2
2020-08-17,Orange,059,3164182,48350,43621,1061,44682,804
2020-08-17,Placer,061,380077,2833,2609,3,2612,28
2020-08-17,Plumas,063,18699,39,33,0,33,0
2020-08-17,Riverside,065,2383286,50936,48062,39,48101,916
2020-08-17,Sacramento,067,1510023,16541,14333,9,14342,219
2020-08-17,San Benito,069,59416,957,822,0,822,2
2020-08-17,San Bernardino,071,2135413,46606,42005,259,42264,604
2020-08-17,San Diego,073,3302833,36783,34962,212,35174,626
2020-08-17,San Francisco,075,870044,8880,7600,8,7608,72
2020-08-17,San Joaquin,077,732212,17373,15323,26,15349,280
2020-08-17,San Luis Obispo,079,281455,2746,2527,11,2538,18
2020-08-17,San Mateo,081,765935,7880,6987,4,6991,118
2020-08-17,Santa Barbara,083,443738,8345,7438,57,7495,80
2020-08-17,Santa Clara,085,1922200,16494,14546,20,14566,183
2020-08-17,Santa Cruz,087,273765,1693,1453,15,1468,6
2020-08-17,Shasta,089,179085,580,467,3,470,9
2020-08-17,Sierra,091,2930,6,6,0,6,0
2020-08-17,Siskiyou,093,43540,118,103,0,103,0
2020-08-17,Solano,095,438530,5088,4479,32,4511,31
2020-08-17,Sonoma,097,501317,5160,4402,16,4418,48
2020-08-17,Stanislaus,099,539301,14210,12745,209,12954,148
2020-08-17,Sutter,101,95872,1195,1071,1,1072,8
2020-08-17,Tehama,103,63373,372,324,2,326,1
2020-08-17,Trinity,105,12862,26,8,5,13,0
2020-08-17,Tulare,107,460477,13484,12487,42,12529,210
2020-08-17,Tuolumne,109,53932,171,157,3,160,1
2020-08-17,Ventura,111,848112,10364,9490,51,9541,89
2020-08-17,Yolo,113,214977,2259,2083,4,2087,47
2020-08-17,Yuba,115,75493,743,647,3,650,1
2020-08-16,Alameda,001,1643700,16940,15338,124,15462,221
2020-08-16,Alpine,003,1148,3,2,0,2,0
2020-08-16,Amador,005,37829,258,215,0,215,9
2020-08-16,Butte,007,227075,1588,1432,17,1449,15
2020-08-16,Calaveras,009,45235,194,167,0,167,1
2020-08-16,Colusa,011,21464,429,407,0,407,5
2020-08-16,Contra Costa,013,1133247,13072,11255,42,11297,140
2020-08-16,Del Norte,015,27424,103,77,0,77,0
2020-08-16,El Dorado,017,186661,939,843,0,843,2
2020-08-16,Fresno,019,978130,25521,21010,240,21250,211
2020-08-16,Glenn,021,27897,423,400,0,400,2
2020-08-16,Humboldt,023,135768,346,301,1,302,4
2020-08-16,Imperial,025,180216,10940,8883,5,8888,188
2020-08-16,Inyo,027,18085,149,125,0,125,1
2020-08-16,Kern,029,883053,28417,26520,164,26684,249
2020-08-16,Kings,031,150075,5694,5146,31,5177,58
2020-08-16,Lake,033,64148,301,269,0,269,2
2020-08-16,Lassen,035,31185,708,666,2,668,0
2020-08-16,Los Angeles,037,10098052,228787,222236,892,223128,5263
2020-08-16,Madera,039,155013,3577,3013,19,3032,26
2020-08-16,Marin,041,260295,5879,5664,12,5676,46
2020-08-16,Mariposa,043,17540,71,61,0,61,2
2020-08-16,Mendocino,045,87422,526,451,0,451,8
2020-08-16,Merced,047,269075,7317,6744,3,6747,66
2020-08-16,Modoc,049,8938,7,5,0,5,0
2020-08-16,Mono,051,14174,162,126,1,127,1
2020-08-16,Monterey,053,433212,7150,6516,18,6534,44
2020-08-16,Napa,055,140530,1367,1241,2,1243,10
2020-08-16,Nevada,057,99092,409,379,12,391,2
2020-08-16,Orange,059,3164182,48100,43303,1050,44353,803
2020-08-16,Placer,061,380077,2804,2583,2,2585,28
2020-08-16,Plumas,063,18699,39,33,0,33,0
2020-08-16,Riverside,065,2383286,50605,47669,39,47708,910
2020-08-16,Sacramento,067,1510023,16301,14210,9,14219,219
2020-08-16,San Benito,069,59416,928,815,0,815,2
2020-08-16,San Bernardino,071,2135413,46183,41724,250,41974,603
2020-08-16,San Diego,073,3302833,36519,34680,197,34877,626
2020-08-16,San Francisco,075,870044,8792,7602,8,7610,72
2020-08-16,San Joaquin,077,732212,17171,15288,26,15314,280
2020-08-16,San Luis Obispo,079,281455,2717,2494,11,2505,17
2020-08-16,San Mateo,081,765935,7805,6942,4,6946,118
2020-08-16,Santa Barbara,083,443738,8296,7368,57,7425,79
2020-08-16,Santa Clara,085,1922200,16296,14329,20,14349,183
2020-08-16,Santa Cruz,087,273765,1666,1449,14,1463,6
2020-08-16,Shasta,089,179085,573,465,3,468,9
2020-08-16,Sierra,091,2930,6,6,0,6,0
2020-08-16,Siskiyou,093,43540,117,102,0,102,0
2020-08-16,Solano,095,438530,5028,4479,32,4511,31
2020-08-16,Sonoma,097,501317,5056,4329,16,4345,46
2020-08-16,Stanislaus,099,539301,14055,12668,196,12864,148
2020-08-16,Sutter,101,95872,1177,1071,1,1072,8
2020-08-16,Tehama,103,63373,362,318,2,320,1
2020-08-16,Trinity,105,12862,25,8,5,13,0
2020-08-16,Tulare,107,460477,13352,12334,38,12372,211
2020-08-16,Tuolumne,109,53932,171,156,3,159,1
2020-08-16,Ventura,111,848112,10255,9408,46,9454,89
2020-08-16,Yolo,113,214977,2240,2057,4,2061,47
2020-08-16,Yuba,115,75493,734,647,2,649,1
2020-08-15,Alameda,001,1643700,16863,15165,124,15289,221
2020-08-15,Alpine,003,1148,3,2,0,2,0
2020-08-15,Amador,005,37829,258,210,0,210,9
2020-08-15,Butte,007,227075,1566,1409,17,1426,15
2020-08-15,Calaveras,009,45235,192,167,0,167,1
2020-08-15,Colusa,011,21464,428,401,0,401,5
2020-08-15,Contra Costa,013,1133247,12976,11106,42,11148,138
2020-08-15,Del Norte,015,27424,103,77,0,77,0
2020-08-15,El Dorado,017,186661,934,838,0,838,2
2020-08-15,Fresno,019,978130,25405,20603,238,20841,211
2020-08-15,Glenn,021,27897,423,398,0,398,2
2020-08-15,Humboldt,023,135768,345,301,1,302,4
2020-08-15,Imperial,025,180216,10920,8794,5,8799,188
2020-08-15,Inyo,027,18085,149,123,0,123,1
2020-08-15,Kern,029,883053,28329,26338,164,26502,249
2020-08-15,Kings,031,150075,5676,5039,31,5070,56
2020-08-15,Lake,033,64148,299,268,0,268,2
2020-08-15,Lassen,035,31185,708,666,2,668,0
2020-08-15,Los Angeles,037,10098052,228035,221043,883,221926,5252
2020-08-15,Madera,039,155013,3527,2950,19,2969,26
2020-08-15,Marin,041,260295,5872,5628,12,5640,46
2020-08-15,Mariposa,043,17540,71,61,0,61,2
2020-08-15,Mendocino,045,87422,522,444,0,444,8
2020-08-15,Merced,047,269075,7283,6656,3,6659,66
2020-08-15,Modoc,049,8938,7,5,0,5,0
2020-08-15,Mono,051,14174,162,126,1,127,1
2020-08-15,Monterey,053,433212,7105,6162,18,6180,44
2020-08-15,Napa,055,140530,1357,1232,2,1234,10
2020-08-15,Nevada,057,99092,409,376,12,388,2
2020-08-15,Orange,059,3164182,47986,42811,1039,43850,801
2020-08-15,Placer,061,380077,2783,2551,2,2553,27
2020-08-15,Plumas,063,18699,39,33,0,33,0
2020-08-15,Riverside,065,2383286,50454,46720,39,46759,910
2020-08-15,Sacramento,067,1510023,16191,14018,9,14027,219
2020-08-15,San Benito,069,59416,915,805,0,805,2
2020-08-15,San Bernardino,071,2135413,46031,41231,248,41479,602
2020-08-15,San Diego,073,3302833,36353,34346,183,34529,639
2020-08-15,San Francisco,075,870044,8728,7601,8,7609,69
2020-08-15,San Joaquin,077,732212,17098,15113,26,15139,280
2020-08-15,San Luis Obispo,079,281455,2700,2461,11,2472,17
2020-08-15,San Mateo,081,765935,7768,6860,4,6864,118
2020-08-15,Santa Barbara,083,443738,8268,7338,57,7395,79
2020-08-15,Santa Clara,085,1922200,16200,14105,20,14125,183
2020-08-15,Santa Cruz,087,273765,1645,1449,14,1463,6
2020-08-15,Shasta,089,179085,570,458,3,461,9
2020-08-15,Sierra,091,2930,6,6,0,6,0
2020-08-15,Siskiyou,093,43540,116,100,0,100,0
2020-08-15,Solano,095,438530,5006,4477,32,4509,31
2020-08-15,Sonoma,097,501317,5001,4134,16,4150,45
2020-08-15,Stanislaus,099,539301,13991,12541,195,12736,149
2020-08-15,Sutter,101,95872,1166,1046,1,1047,8
2020-08-15,Tehama,103,63373,361,312,2,314,1
2020-08-15,Trinity,105,12862,23,6,5,11,0
2020-08-15,Tulare,107,460477,13314,12262,38,12300,211
2020-08-15,Tuolumne,109,53932,171,155,3,158,1
2020-08-15,Ventura,111,848112,10196,9379,44,9423,89
2020-08-15,Yolo,113,214977,2228,2031,4,2035,46
2020-08-15,Yuba,115,75493,730,623,2,625,1
2020-08-14,Alameda,001,1643700,16724,14909,124,15033,221
2020-08-14,Alpine,003,1148,3,2,0,2,0
2020-08-14,Amador,005,37829,258,209,0,209,9
2020-08-14,Butte,007,227075,1557,1384,17,1401,15
2020-08-14,Calaveras,009,45235,188,165,0,165,1
2020-08-14,Colusa,011,21464,426,399,0,399,5
2020-08-14,Contra Costa,013,1133247,12864,10893,42,10935,137
2020-08-14,Del Norte,015,27424,103,76,0,76,0
2020-08-14,El Dorado,017,186661,926,827,0,827,2
2020-08-14,Fresno,019,978130,25271,19900,238,20138,208
2020-08-14,Glenn,021,27897,421,395,0,395,2
2020-08-14,Humboldt,023,135768,339,294,1,295,4
2020-08-14,Imperial,025,180216,10896,8756,5,8761,185
2020-08-14,Inyo,027,18085,148,115,0,115,1
2020-08-14,Kern,029,883053,28225,25893,163,26056,249
2020-08-14,Kings,031,150075,5662,4953,31,4984,56
2020-08-14,Lake,033,64148,290,267,0,267,2
2020-08-14,Lassen,035,31185,708,665,2,667,0
2020-08-14,Los Angeles,037,10098052,226869,219083,866,219949,5222
2020-08-14,Madera,039,155013,3497,2876,19,2895,26
2020-08-14,Marin,041,260295,5861,5601,12,5613,46
2020-08-14,Mariposa,043,17540,70,61,0,61,2
2020-08-14,Mendocino,045,87422,513,432,0,432,8
2020-08-14,Merced,047,269075,7253,6466,3,6469,67
2020-08-14,Modoc,049,8938,7,5,0,5,0
2020-08-14,Mono,051,14174,162,126,1,127,1
2020-08-14,Monterey,053,433212,7054,6121,18,6139,41
2020-08-14,Napa,055,140530,1347,1230,2,1232,10
2020-08-14,Nevada,057,99092,405,377,12,389,2
2020-08-14,Orange,059,3164182,47836,42399,1026,43425,798
2020-08-14,Placer,061,380077,2764,2546,2,2548,26
2020-08-14,Plumas,063,18699,38,33,0,33,0
2020-08-14,Riverside,065,2383286,50225,46456,39,46495,891
2020-08-14,Sacramento,067,1510023,16041,13645,9,13654,212
2020-08-14,San Benito,069,59416,898,783,0,783,2
2020-08-14,San Bernardino,071,2135413,45845,40442,244,40686,594
2020-08-14,San Diego,073,3302833,36159,34067,176,34243,622
2020-08-14,San Francisco,075,870044,8669,7467,8,7475,69
2020-08-14,San Joaquin,077,732212,16999,14925,26,14951,276
2020-08-14,San Luis Obispo,079,281455,2685,2422,11,2433,17
2020-08-14,San Mateo,081,765935,7709,6655,4,6659,118
2020-08-14,Santa Barbara,083,443738,8218,7302,57,7359,77
2020-08-14,Santa Clara,085,1922200,16034,13785,19,13804,183
2020-08-14,Santa Cruz,087,273765,1623,1418,13,1431,6
2020-08-14,Shasta,089,179085,565,446,3,449,9
2020-08-14,Sierra,091,2930,6,5,0,5,0
2020-08-14,Siskiyou,093,43540,116,98,0,98,0
2020-08-14,Solano,095,438530,4985,4421,32,4453,31
2020-08-14,Sonoma,097,501317,4942,4087,13,4100,45
2020-08-14,Stanislaus,099,539301,13914,12379,191,12570,140
2020-08-14,Sutter,101,95872,1158,1039,1,1040,8
2020-08-14,Tehama,103,63373,357,305,2,307,1
2020-08-14,Trinity,105,12862,23,6,5,11,0
2020-08-14,Tulare,107,460477,13237,12009,38,12047,211
2020-08-14,Tuolumne,109,53932,170,155,3,158,1
2020-08-14,Ventura,111,848112,10121,9313,44,9357,89
2020-08-14,Yolo,113,214977,2214,1991,4,1995,45
2020-08-14,Yuba,115,75493,714,606,2,608,1
2020-08-13,Alameda,001,1643700,16447,14385,124,14509,218
2020-08-13,Alpine,003,1148,3,2,0,2,0
2020-08-13,Amador,005,37829,258,198,0,198,8
2020-08-13,Butte,007,227075,1532,1345,17,1362,15
2020-08-13,Calaveras,009,45235,186,162,0,162,1
2020-08-13,Colusa,011,21464,426,395,0,395,5
2020-08-13,Contra Costa,013,1133247,12711,10545,41,10586,136
2020-08-13,Del Norte,015,27424,102,74,0,74,0
2020-08-13,El Dorado,017,186661,921,803,0,803,2
2020-08-13,Fresno,019,978130,25046,19157,231,19388,201
2020-08-13,Glenn,021,27897,417,392,0,392,1
2020-08-13,Humboldt,023,135768,331,281,1,282,4
2020-08-13,Imperial,025,180216,10865,8640,5,8645,170
2020-08-13,Inyo,027,18085,144,97,0,97,1
2020-08-13,Kern,029,883053,28058,25472,160,25632,242
2020-08-13,Kings,031,150075,5628,4824,31,4855,52
2020-08-13,Lake,033,64148,285,263,0,263,2
2020-08-13,Lassen,035,31185,708,652,2,654,0
2020-08-13,Los Angeles,037,10098052,225471,216497,844,217341,5179
2020-08-13,Madera,039,155013,3453,2675,18,2693,25
2020-08-13,Marin,041,260295,5845,5503,12,5515,44
2020-08-13,Mariposa,043,17540,69,61,0,61,2
2020-08-13,Mendocino,045,87422,508,401,0,401,8
2020-08-13,Merced,047,269075,7135,5945,3,5948,63
2020-08-13,Modoc,049,8938,7,5,0,5,0
2020-08-13,Mono,051,14174,162,124,1,125,1
2020-08-13,Monterey,053,433212,6971,5925,18,5943,38
2020-08-13,Napa,055,140530,1338,1179,2,1181,10
2020-08-13,Nevada,057,99092,401,362,12,374,1
2020-08-13,Orange,059,3164182,47597,42019,1014,43033,773
2020-08-13,Placer,061,380077,2742,2460,2,2462,26
2020-08-13,Plumas,063,18699,38,32,0,32,0
2020-08-13,Riverside,065,2383286,49931,45327,39,45366,885
2020-08-13,Sacramento,067,1510023,15839,13237,9,13246,197
2020-08-13,San Benito,069,59416,869,757,0,757,2
2020-08-13,San Bernardino,071,2135413,45451,39395,238,39633,591
2020-08-13,San Diego,073,3302833,35923,33661,158,33819,627
2020-08-13,San Francisco,075,870044,8575,7277,8,7285,69
2020-08-13,San Joaquin,077,732212,16845,14537,25,14562,261
2020-08-13,San Luis Obispo,079,281455,2664,2283,11,2294,16
2020-08-13,San Mateo,081,765935,7647,6503,4,6507,117
2020-08-13,Santa Barbara,083,443738,8173,7129,56,7185,74
2020-08-13,Santa Clara,085,1922200,15811,13257,19,13276,182
2020-08-13,Santa Cruz,087,273765,1598,1383,13,1396,6
2020-08-13,Shasta,089,179085,561,428,3,431,9
2020-08-13,Sierra,091,2930,6,5,0,5,0
2020-08-13,Siskiyou,093,43540,116,95,0,95,0
2020-08-13,Solano,095,438530,4948,4305,32,4337,31
2020-08-13,Sonoma,097,501317,4868,3902,13,3915,45
2020-08-13,Stanislaus,099,539301,13784,11953,175,12128,136
2020-08-13,Sutter,101,95872,1136,992,1,993,8
2020-08-13,Tehama,103,63373,348,302,2,304,1
2020-08-13,Trinity,105,12862,22,6,5,11,0
2020-08-13,Tulare,107,460477,13094,11692,35,11727,210
2020-08-13,Tuolumne,109,53932,169,152,3,155,1
2020-08-13,Ventura,111,848112,10032,9114,44,9158,90
2020-08-13,Yolo,113,214977,2187,1938,4,1942,44
2020-08-13,Yuba,115,75493,698,568,2,570,1
2020-08-12,Alameda,001,1643700,16234,14214,123,14337,215
2020-08-12,Alpine,003,1148,3,2,0,2,0
2020-08-12,Amador,005,37829,255,197,0,197,8
2020-08-12,Butte,007,227075,1504,1317,17,1334,15
2020-08-12,Calaveras,009,45235,183,157,0,157,1
2020-08-12,Colusa,011,21464,421,394,0,394,5
2020-08-12,Contra Costa,013,1133247,12567,10304,39,10343,134
2020-08-12,Del Norte,015,27424,101,74,0,74,0
2020-08-12,El Dorado,017,186661,903,794,0,794,2
2020-08-12,Fresno,019,978130,24816,18690,225,18915,194
2020-08-12,Glenn,021,27897,414,388,0,388,1
2020-08-12,Humboldt,023,135768,324,281,1,282,4
2020-08-12,Imperial,025,180216,10843,8566,5,8571,167
2020-08-12,Inyo,027,18085,127,97,0,97,1
2020-08-12,Kern,029,883053,27867,25191,158,25349,232
2020-08-12,Kings,031,150075,5589,4736,31,4767,50
2020-08-12,Lake,033,64148,283,253,0,253,2
2020-08-12,Lassen,035,31185,707,651,2,653,0
2020-08-12,Los Angeles,037,10098052,224015,214542,828,215370,5119
2020-08-12,Madera,039,155013,3419,2681,16,2697,23
2020-08-12,Marin,041,260295,5823,5423,12,5435,44
2020-08-12,Mariposa,043,17540,69,61,0,61,2
2020-08-12,Mendocino,045,87422,489,386,0,386,9
2020-08-12,Merced,047,269075,7073,5777,3,5780,66
2020-08-12,Modoc,049,8938,7,5,0,5,0
2020-08-12,Mono,051,14174,161,124,1,125,1
2020-08-12,Monterey,053,433212,6867,5919,18,5937,38
2020-08-12,Napa,055,140530,1328,1161,2,1163,10
2020-08-12,Nevada,057,99092,396,357,12,369,1
2020-08-12,Orange,059,3164182,47345,41576,988,42564,754
2020-08-12,Placer,061,380077,2710,2417,2,2419,25
2020-08-12,Plumas,063,18699,38,31,0,31,0
2020-08-12,Riverside,065,2383286,49583,44747,39,44786,867
2020-08-12,Sacramento,067,1510023,15627,12528,9,12537,189
2020-08-12,San Benito,069,59416,856,751,0,751,2
2020-08-12,San Bernardino,071,2135413,45108,38811,229,39040,589
2020-08-12,San Diego,073,3302833,35714,33395,138,33533,608
2020-08-12,San Francisco,075,870044,8491,7194,8,7202,66
2020-08-12,San Joaquin,077,732212,16702,14154,25,14179,253
2020-08-12,San Luis Obispo,079,281455,2639,2263,11,2274,15
2020-08-12,San Mateo,081,765935,7568,6427,4,6431,117
2020-08-12,Santa Barbara,083,443738,8113,7049,54,7103,74
2020-08-12,Santa Clara,085,1922200,15635,13002,19,13021,182
2020-08-12,Santa Cruz,087,273765,1569,1382,12,1394,6
2020-08-12,Shasta,089,179085,557,417,3,420,9
2020-08-12,Sierra,091,2930,5,4,0,4,0
2020-08-12,Siskiyou,093,43540,115,90,0,90,0
2020-08-12,Solano,095,438530,4903,4258,32,4290,31
2020-08-12,Sonoma,097,501317,4794,3847,13,3860,47
2020-08-12,Stanislaus,099,539301,13646,11682,166,11848,136
2020-08-12,Sutter,101,95872,1112,987,1,988,7
2020-08-12,Tehama,103,63373,338,289,2,291,1
2020-08-12,Trinity,105,12862,21,6,5,11,0
2020-08-12,Tulare,107,460477,12966,11460,35,11495,211
2020-08-12,Tuolumne,109,53932,168,150,3,153,1
2020-08-12,Ventura,111,848112,9946,9005,43,9048,87
2020-08-12,Yolo,113,214977,2163,1921,4,1925,44
2020-08-12,Yuba,115,75493,676,549,1,550,1
2020-08-11,Alameda,001,1643700,15975,13960,120,14080,204
2020-08-11,Alpine,003,1148,3,2,0,2,0
2020-08-11,Amador,005,37829,249,187,0,187,3
2020-08-11,Butte,007,227075,1477,1296,17,1313,15
2020-08-11,Calaveras,009,45235,181,161,0,161,1
2020-08-11,Colusa,011,21464,416,390,0,390,5
2020-08-11,Contra Costa,013,1133247,12378,10012,37,10049,131
2020-08-11,Del Norte,015,27424,100,73,0,73,0
2020-08-11,El Dorado,017,186661,896,786,0,786,2
2020-08-11,Fresno,019,978130,24495,18344,222,18566,187
2020-08-11,Glenn,021,27897,412,380,0,380,1
2020-08-11,Humboldt,023,135768,319,283,1,284,4
2020-08-11,Imperial,025,180216,10788,8518,5,8523,165
2020-08-11,Inyo,027,18085,122,97,0,97,1
2020-08-11,Kern,029,883053,27533,25042,155,25197,230
2020-08-11,Kings,031,150075,5402,4696,31,4727,50
2020-08-11,Lake,033,64148,280,243,0,243,2
2020-08-11,Lassen,035,31185,701,605,2,607,0
2020-08-11,Los Angeles,037,10098052,222511,212421,803,213224,5065
2020-08-11,Madera,039,155013,3365,2673,16,2689,22
2020-08-11,Marin,041,260295,5795,5287,11,5298,44
2020-08-11,Mariposa,043,17540,68,60,0,60,2
2020-08-11,Mendocino,045,87422,479,385,0,385,9
2020-08-11,Merced,047,269075,6978,5322,2,5324,65
2020-08-11,Modoc,049,8938,7,5,0,5,0
2020-08-11,Mono,051,14174,161,124,1,125,1
2020-08-11,Monterey,053,433212,6759,5624,18,5642,36
2020-08-11,Napa,055,140530,1317,1143,1,1144,11
2020-08-11,Nevada,057,99092,393,358,12,370,1
2020-08-11,Orange,059,3164182,47125,41205,965,42170,742
2020-08-11,Placer,061,380077,2678,2393,2,2395,24
2020-08-11,Plumas,063,18699,38,31,0,31,0
2020-08-11,Riverside,065,2383286,49224,44237,39,44276,836
2020-08-11,Sacramento,067,1510023,15336,12298,9,12307,182
2020-08-11,San Benito,069,59416,844,750,0,750,2
2020-08-11,San Bernardino,071,2135413,44767,38467,222,38689,584
2020-08-11,San Diego,073,3302833,35447,33159,119,33278,602
2020-08-11,San Francisco,075,870044,8395,6988,8,6996,66
2020-08-11,San Joaquin,077,732212,16525,13997,20,14017,251
2020-08-11,San Luis Obispo,079,281455,2582,2234,11,2245,15
2020-08-11,San Mateo,081,765935,7493,6339,4,6343,117
2020-08-11,Santa Barbara,083,443738,8063,6942,54,6996,70
2020-08-11,Santa Clara,085,1922200,15414,12920,19,12939,183
2020-08-11,Santa Cruz,087,273765,1546,1352,12,1364,4
2020-08-11,Shasta,089,179085,553,416,3,419,9
2020-08-11,Sierra,091,2930,5,4,0,4,0
2020-08-11,Siskiyou,093,43540,115,90,0,90,0
2020-08-11,Solano,095,438530,4855,4206,31,4237,31
2020-08-11,Sonoma,097,501317,4700,3752,13,3765,45
2020-08-11,Stanislaus,099,539301,13542,11592,154,11746,128
2020-08-11,Sutter,101,95872,1090,964,1,965,7
2020-08-11,Tehama,103,63373,334,289,2,291,1
2020-08-11,Trinity,105,12862,21,5,5,10,0
2020-08-11,Tulare,107,460477,12841,11392,34,11426,201
2020-08-11,Tuolumne,109,53932,163,146,3,149,1
2020-08-11,Ventura,111,848112,9878,8953,42,8995,88
2020-08-11,Yolo,113,214977,2141,1912,4,1916,44
2020-08-11,Yuba,115,75493,665,540,1,541,1
2020-08-10,Alameda,001,1643700,15733,13420,119,13539,203
2020-08-10,Alpine,003,1148,3,2,0,2,0
2020-08-10,Amador,005,37829,248,172,0,172,2
2020-08-10,Butte,007,227075,1453,1174,16,1190,15
2020-08-10,Calaveras,009,45235,171,121,0,121,1
2020-08-10,Colusa,011,21464,414,387,0,387,4
2020-08-10,Contra Costa,013,1133247,12225,9454,35,9489,130
2020-08-10,Del Norte,015,27424,98,69,0,69,0
2020-08-10,El Dorado,017,186661,884,771,0,771,2
2020-08-10,Fresno,019,978130,24214,17978,221,18199,183
2020-08-10,Glenn,021,27897,409,381,0,381,1
2020-08-10,Humboldt,023,135768,313,277,1,278,4
2020-08-10,Imperial,025,180216,10744,8465,5,8470,165
2020-08-10,Inyo,027,18085,122,97,0,97,1
2020-08-10,Kern,029,883053,27307,24499,154,24653,215
2020-08-10,Kings,031,150075,5296,4588,31,4619,50
2020-08-10,Lake,033,64148,273,239,0,239,2
2020-08-10,Lassen,035,31185,701,588,2,590,0
2020-08-10,Los Angeles,037,10098052,220925,211035,785,211820,5003
2020-08-10,Madera,039,155013,3332,2365,15,2380,22
2020-08-10,Marin,041,260295,5750,5242,10,5252,44
2020-08-10,Mariposa,043,17540,68,57,0,57,2
2020-08-10,Mendocino,045,87422,455,364,0,364,1
2020-08-10,Merced,047,269075,6897,4913,2,4915,51
2020-08-10,Modoc,049,8938,7,5,0,5,0
2020-08-10,Mono,051,14174,161,123,1,124,1
2020-08-10,Monterey,053,433212,6649,5358,18,5376,34
2020-08-10,Napa,055,140530,1299,1084,1,1085,8
2020-08-10,Nevada,057,99092,385,356,12,368,1
2020-08-10,Orange,059,3164182,46857,40445,947,41392,721
2020-08-10,Placer,061,380077,2639,2298,2,2300,21
2020-08-10,Plumas,063,18699,38,27,0,27,0
2020-08-10,Riverside,065,2383286,48838,43296,38,43334,830
2020-08-10,Sacramento,067,1510023,15025,12059,9,12068,168
2020-08-10,San Benito,069,59416,831,743,0,743,2
2020-08-10,San Bernardino,071,2135413,44389,37367,213,37580,579
2020-08-10,San Diego,073,3302833,35181,32977,103,33080,594
2020-08-10,San Francisco,075,870044,8305,6816,7,6823,66
2020-08-10,San Joaquin,077,732212,16343,13308,20,13328,240
2020-08-10,San Luis Obispo,079,281455,2483,2208,11,2219,15
2020-08-10,San Mateo,081,765935,7416,6222,4,6226,117
2020-08-10,Santa Barbara,083,443738,8008,6869,54,6923,66
2020-08-10,Santa Clara,085,1922200,15154,12615,19,12634,182
2020-08-10,Santa Cruz,087,273765,1526,1239,11,1250,4
2020-08-10,Shasta,089,179085,549,384,3,387,9
2020-08-10,Sierra,091,2930,5,3,0,3,0
2020-08-10,Siskiyou,093,43540,112,88,0,88,0
2020-08-10,Solano,095,438530,4795,4101,31,4132,31
2020-08-10,Sonoma,097,501317,4531,3640,9,3649,42
2020-08-10,Stanislaus,099,539301,13360,10855,137,10992,106
2020-08-10,Sutter,101,95872,1065,865,1,866,7
2020-08-10,Tehama,103,63373,327,282,2,284,1
2020-08-10,Trinity,105,12862,19,5,5,10,0
2020-08-10,Tulare,107,460477,12668,10750,32,10782,194
2020-08-10,Tuolumne,109,53932,163,143,2,145,1
2020-08-10,Ventura,111,848112,9794,8851,41,8892,85
2020-08-10,Yolo,113,214977,2118,1840,4,1844,45
2020-08-10,Yuba,115,75493,648,527,1,528,1
2020-08-09,Alameda,001,1643700,15453,13241,117,13358,203
2020-08-09,Alpine,003,1148,3,2,0,2,0
2020-08-09,Amador,005,37829,243,153,0,153,2
2020-08-09,Butte,007,227075,1409,1155,15,1170,15
2020-08-09,Calaveras,009,45235,166,122,0,122,1
2020-08-09,Colusa,011,21464,410,371,0,371,4
2020-08-09,Contra Costa,013,1133247,11998,9214,33,9247,130
2020-08-09,Del Norte,015,27424,98,69,0,69,0
2020-08-09,El Dorado,017,186661,876,748,0,748,2
2020-08-09,Fresno,019,978130,23906,17846,217,18063,183
2020-08-09,Glenn,021,27897,407,354,0,354,1
2020-08-09,Humboldt,023,135768,307,279,1,280,4
2020-08-09,Imperial,025,180216,10700,8310,4,8314,165
2020-08-09,Inyo,027,18085,117,86,0,86,1
2020-08-09,Kern,029,883053,27051,23680,154,23834,215
2020-08-09,Kings,031,150075,5253,4446,30,4476,50
2020-08-09,Lake,033,64148,266,225,0,225,2
2020-08-09,Lassen,035,31185,695,589,2,591,0
2020-08-09,Los Angeles,037,10098052,218858,208810,763,209573,4984
2020-08-09,Madera,039,155013,3273,2322,11,2333,22
2020-08-09,Marin,041,260295,5707,5204,10,5214,44
2020-08-09,Mariposa,043,17540,66,56,0,56,2
2020-08-09,Mendocino,045,87422,445,283,0,283,1
2020-08-09,Merced,047,269075,6799,4735,1,4736,51
2020-08-09,Modoc,049,8938,7,4,0,4,0
2020-08-09,Mono,051,14174,160,113,1,114,1
2020-08-09,Monterey,053,433212,6525,5199,18,5217,34
2020-08-09,Napa,055,140530,1280,1062,1,1063,8
2020-08-09,Nevada,057,99092,377,332,12,344,1
2020-08-09,Orange,059,3164182,46557,39244,932,40176,722
2020-08-09,Placer,061,380077,2610,2211,2,2213,20
2020-08-09,Plumas,063,18699,38,27,0,27,0
2020-08-09,Riverside,065,2383286,48493,41894,37,41931,828
2020-08-09,Sacramento,067,1510023,14745,11301,9,11310,167
2020-08-09,San Benito,069,59416,812,687,0,687,2
2020-08-09,San Bernardino,071,2135413,43914,36092,213,36305,579
2020-08-09,San Diego,073,3302833,34890,32749,92,32841,594
2020-08-09,San Francisco,075,870044,8190,6820,7,6827,66
2020-08-09,San Joaquin,077,732212,16138,12933,19,12952,240
2020-08-09,San Luis Obispo,079,281455,2447,2124,11,2135,15
2020-08-09,San Mateo,081,765935,7321,6094,4,6098,117
2020-08-09,Santa Barbara,083,443738,7921,6669,54,6723,66
2020-08-09,Santa Clara,085,1922200,14884,11878,19,11897,181
2020-08-09,Santa Cruz,087,273765,1502,1246,11,1257,4
2020-08-09,Shasta,089,179085,545,361,3,364,9
2020-08-09,Sierra,091,2930,5,3,0,3,0
2020-08-09,Siskiyou,093,43540,111,74,0,74,0
2020-08-09,Solano,095,438530,4742,3954,30,3984,31
2020-08-09,Sonoma,097,501317,4395,3531,7,3538,41
2020-08-09,Stanislaus,099,539301,13152,10264,124,10388,106
2020-08-09,Sutter,101,95872,1031,857,1,858,7
2020-08-09,Tehama,103,63373,319,265,2,267,1
2020-08-09,Trinity,105,12862,19,5,5,10,0
2020-08-09,Tulare,107,460477,12476,10630,29,10659,194
2020-08-09,Tuolumne,109,53932,160,143,2,145,1
2020-08-09,Ventura,111,848112,9646,8633,40,8673,85
2020-08-09,Yolo,113,214977,2087,1765,4,1769,44
2020-08-09,Yuba,115,75493,628,442,1,443,1
2020-08-08,Alameda,001,1643700,15343,13087,117,13204,204
2020-08-08,Alpine,003,1148,3,2,0,2,0
2020-08-08,Amador,005,37829,243,139,0,139,2
2020-08-08,Butte,007,227075,1391,1140,15,1155,15
2020-08-08,Calaveras,009,45235,165,122,0,122,1
2020-08-08,Colusa,011,21464,409,368,0,368,4
2020-08-08,Contra Costa,013,1133247,11889,9104,33,9137,129
2020-08-08,Del Norte,015,27424,97,69,0,69,0
2020-08-08,El Dorado,017,186661,869,734,0,734,2
2020-08-08,Fresno,019,978130,23770,17538,215,17753,183
2020-08-08,Glenn,021,27897,407,344,0,344,1
2020-08-08,Humboldt,023,135768,304,277,1,278,4
2020-08-08,Imperial,025,180216,10685,8213,4,8217,165
2020-08-08,Inyo,027,18085,113,86,0,86,1
2020-08-08,Kern,029,883053,26937,22803,154,22957,215
2020-08-08,Kings,031,150075,5239,4367,30,4397,49
2020-08-08,Lake,033,64148,264,221,0,221,2
2020-08-08,Lassen,035,31185,695,589,2,591,0
2020-08-08,Los Angeles,037,10098052,217971,206971,752,207723,4974
2020-08-08,Madera,039,155013,3242,2275,11,2286,22
2020-08-08,Marin,041,260295,5687,5118,10,5128,44
2020-08-08,Mariposa,043,17540,65,55,0,55,2
2020-08-08,Mendocino,045,87422,443,264,0,264,1
2020-08-08,Merced,047,269075,6759,4570,1,4571,51
2020-08-08,Modoc,049,8938,7,4,0,4,0
2020-08-08,Mono,051,14174,160,113,1,114,1
2020-08-08,Monterey,053,433212,6467,5101,18,5119,33
2020-08-08,Napa,055,140530,1272,1062,1,1063,8
2020-08-08,Nevada,057,99092,375,325,12,337,1
2020-08-08,Orange,059,3164182,46427,38688,923,39611,718
2020-08-08,Placer,061,380077,2593,2153,2,2155,20
2020-08-08,Plumas,063,18699,38,27,0,27,0
2020-08-08,Riverside,065,2383286,48289,41412,37,41449,823
2020-08-08,Sacramento,067,1510023,14616,11144,9,11153,166
2020-08-08,San Benito,069,59416,804,684,0,684,2
2020-08-08,San Bernardino,071,2135413,43718,35691,212,35903,531
2020-08-08,San Diego,073,3302833,34701,32332,83,32415,593
2020-08-08,San Francisco,075,870044,8124,6820,7,6827,66
2020-08-08,San Joaquin,077,732212,16057,12559,18,12577,240
2020-08-08,San Luis Obispo,079,281455,2424,2081,11,2092,15
2020-08-08,San Mateo,081,765935,7263,6021,4,6025,117
2020-08-08,Santa Barbara,083,443738,7883,6598,54,6652,66
2020-08-08,Santa Clara,085,1922200,14732,11615,19,11634,181
2020-08-08,Santa Cruz,087,273765,1488,1247,11,1258,4
2020-08-08,Shasta,089,179085,543,343,3,346,9
2020-08-08,Sierra,091,2930,5,3,0,3,0
2020-08-08,Siskiyou,093,43540,111,73,0,73,0
2020-08-08,Solano,095,438530,4721,3889,29,3918,31
2020-08-08,Sonoma,097,501317,4363,3399,7,3406,41
2020-08-08,Stanislaus,099,539301,13077,9963,118,10081,105
2020-08-08,Sutter,101,95872,1021,830,1,831,7
2020-08-08,Tehama,103,63373,318,251,2,253,1
2020-08-08,Trinity,105,12862,19,5,5,10,0
2020-08-08,Tulare,107,460477,12400,10505,29,10534,192
2020-08-08,Tuolumne,109,53932,160,143,2,145,1
2020-08-08,Ventura,111,848112,9592,8462,39,8501,85
2020-08-08,Yolo,113,214977,2074,1725,4,1729,44
2020-08-08,Yuba,115,75493,619,430,1,431,1
2020-08-07,Alameda,001,1643700,15234,12805,117,12922,204
2020-08-07,Alpine,003,1148,3,2,0,2,0
2020-08-07,Amador,005,37829,241,125,0,125,2
2020-08-07,Butte,007,227075,1373,1092,15,1107,13
2020-08-07,Calaveras,009,45235,165,119,0,119,1
2020-08-07,Colusa,011,21464,408,358,0,358,4
2020-08-07,Contra Costa,013,1133247,11740,8810,33,8843,126
2020-08-07,Del Norte,015,27424,97,69,0,69,0
2020-08-07,El Dorado,017,186661,864,724,0,724,2
2020-08-07,Fresno,019,978130,23610,17290,215,17505,171
2020-08-07,Glenn,021,27897,406,339,0,339,1
2020-08-07,Humboldt,023,135768,300,274,1,275,4
2020-08-07,Imperial,025,180216,10660,8085,4,8089,164
2020-08-07,Inyo,027,18085,112,81,0,81,1
2020-08-07,Kern,029,883053,26811,22143,151,22294,206
2020-08-07,Kings,031,150075,5222,4315,30,4345,48
2020-08-07,Lake,033,64148,262,215,0,215,1
2020-08-07,Lassen,035,31185,694,588,2,590,0
2020-08-07,Los Angeles,037,10098052,216513,204406,740,205146,4924
2020-08-07,Madera,039,155013,3210,2245,11,2256,20
2020-08-07,Marin,041,260295,5658,5094,10,5104,43
2020-08-07,Mariposa,043,17540,65,53,0,53,2
2020-08-07,Mendocino,045,87422,429,262,0,262,1
2020-08-07,Merced,047,269075,6716,4358,1,4359,30
2020-08-07,Modoc,049,8938,7,4,0,4,0
2020-08-07,Mono,051,14174,160,112,1,113,1
2020-08-07,Monterey,053,433212,6392,5041,18,5059,33
2020-08-07,Napa,055,140530,1267,1055,1,1056,8
2020-08-07,Nevada,057,99092,372,324,12,336,1
2020-08-07,Orange,059,3164182,46215,38459,906,39365,701
2020-08-07,Placer,061,380077,2576,2078,2,2080,20
2020-08-07,Plumas,063,18699,38,25,0,25,0
2020-08-07,Riverside,065,2383286,48026,40902,36,40938,810
2020-08-07,Sacramento,067,1510023,14471,10798,9,10807,160
2020-08-07,San Benito,069,59416,798,647,0,647,2
2020-08-07,San Bernardino,071,2135413,43471,35200,211,35411,524
2020-08-07,San Diego,073,3302833,34516,31781,80,31861,586
2020-08-07,San Francisco,075,870044,8046,6765,7,6772,66
2020-08-07,San Joaquin,077,732212,15973,12392,18,12410,223
2020-08-07,San Luis Obispo,079,281455,2393,2050,11,2061,14
2020-08-07,San Mateo,081,765935,7204,5948,4,5952,117
2020-08-07,Santa Barbara,083,443738,7832,6509,54,6563,66
2020-08-07,Santa Clara,085,1922200,14533,11409,19,11428,180
2020-08-07,Santa Cruz,087,273765,1470,1234,11,1245,5
2020-08-07,Shasta,089,179085,538,342,3,345,9
2020-08-07,Sierra,091,2930,5,3,0,3,0
2020-08-07,Siskiyou,093,43540,108,73,0,73,0
2020-08-07,Solano,095,438530,4689,3844,28,3872,31
2020-08-07,Sonoma,097,501317,4299,3329,7,3336,34
2020-08-07,Stanislaus,099,539301,12956,9665,107,9772,98
2020-08-07,Sutter,101,95872,1017,807,1,808,6
2020-08-07,Tehama,103,63373,314,246,2,248,1
2020-08-07,Trinity,105,12862,18,5,5,10,0
2020-08-07,Tulare,107,460477,12323,10292,29,10321,195
2020-08-07,Tuolumne,109,53932,159,136,2,138,1
2020-08-07,Ventura,111,848112,9532,8356,37,8393,84
2020-08-07,Yolo,113,214977,2047,1689,4,1693,37
2020-08-07,Yuba,115,75493,614,413,1,414,1
2020-08-06,Alameda,001,1643700,15012,12474,116,12590,200
2020-08-06,Alpine,003,1148,3,2,0,2,0
2020-08-06,Amador,005,37829,227,125,0,125,0
2020-08-06,Butte,007,227075,1354,1060,15,1075,13
2020-08-06,Calaveras,009,45235,163,117,0,117,1
2020-08-06,Colusa,011,21464,405,358,0,358,3
2020-08-06,Contra Costa,013,1133247,11546,8583,32,8615,124
2020-08-06,Del Norte,015,27424,97,69,0,69,0
2020-08-06,El Dorado,017,186661,853,703,0,703,1
2020-08-06,Fresno,019,978130,23313,17031,208,17239,161
2020-08-06,Glenn,021,27897,401,332,0,332,1
2020-08-06,Humboldt,023,135768,295,266,1,267,4
2020-08-06,Imperial,025,180216,10617,8064,4,8068,163
2020-08-06,Inyo,027,18085,104,83,0,83,1
2020-08-06,Kern,029,883053,26575,21843,150,21993,197
2020-08-06,Kings,031,150075,5162,4264,28,4292,47
2020-08-06,Lake,033,64148,259,209,0,209,1
2020-08-06,Lassen,035,31185,692,588,2,590,0
2020-08-06,Los Angeles,037,10098052,214432,201372,723,202095,4874
2020-08-06,Madera,039,155013,3162,2240,10,2250,19
2020-08-06,Marin,041,260295,5626,5058,10,5068,43
2020-08-06,Mariposa,043,17540,64,52,0,52,2
2020-08-06,Mendocino,045,87422,415,260,0,260,1
2020-08-06,Merced,047,269075,6615,4235,1,4236,30
2020-08-06,Modoc,049,8938,7,4,0,4,0
2020-08-06,Mono,051,14174,159,111,1,112,1
2020-08-06,Monterey,053,433212,6283,5001,17,5018,33
2020-08-06,Napa,055,140530,1253,1032,1,1033,8
2020-08-06,Nevada,057,99092,367,321,12,333,1
2020-08-06,Orange,059,3164182,45922,38399,901,39300,694
2020-08-06,Placer,061,380077,2550,2045,2,2047,20
2020-08-06,Plumas,063,18699,37,25,0,25,0
2020-08-06,Riverside,065,2383286,47631,40269,36,40305,781
2020-08-06,Sacramento,067,1510023,14242,10548,9,10557,153
2020-08-06,San Benito,069,59416,790,626,0,626,2
2020-08-06,San Bernardino,071,2135413,43067,34819,209,35028,516
2020-08-06,San Diego,073,3302833,34249,31129,73,31202,583
2020-08-06,San Francisco,075,870044,7953,6737,6,6743,60
2020-08-06,San Joaquin,077,732212,15814,12269,18,12287,203
2020-08-06,San Luis Obispo,079,281455,2369,2000,10,2010,13
2020-08-06,San Mateo,081,765935,7104,5885,4,5889,117
2020-08-06,Santa Barbara,083,443738,7772,6620,54,6674,65
2020-08-06,Santa Clara,085,1922200,14304,11280,19,11299,178
2020-08-06,Santa Cruz,087,273765,1449,1215,11,1226,4
2020-08-06,Shasta,089,179085,529,343,3,346,9
2020-08-06,Sierra,091,2930,5,3,0,3,0
2020-08-06,Siskiyou,093,43540,108,73,0,73,0
2020-08-06,Solano,095,438530,4646,3784,28,3812,29
2020-08-06,Sonoma,097,501317,4235,3259,7,3266,33
2020-08-06,Stanislaus,099,539301,12807,9566,90,9656,98
2020-08-06,Sutter,101,95872,986,797,1,798,6
2020-08-06,Tehama,103,63373,311,242,2,244,1
2020-08-06,Trinity,105,12862,16,5,5,10,0
2020-08-06,Tulare,107,460477,12164,10169,29,10198,195
2020-08-06,Tuolumne,109,53932,158,136,2,138,1
2020-08-06,Ventura,111,848112,9421,8245,34,8279,80
2020-08-06,Yolo,113,214977,2023,1662,4,1666,36
2020-08-06,Yuba,115,75493,605,407,0,407,1
2020-08-05,Alameda,001,1643700,14799,12140,115,12255,193
2020-08-05,Alpine,003,1148,3,2,0,2,0
2020-08-05,Amador,005,37829,217,123,0,123,0
2020-08-05,Butte,007,227075,1320,1038,14,1052,13
2020-08-05,Calaveras,009,45235,160,116,0,116,1
2020-08-05,Colusa,011,21464,401,354,0,354,3
2020-08-05,Contra Costa,013,1133247,11382,8362,32,8394,122
2020-08-05,Del Norte,015,27424,96,69,0,69,0
2020-08-05,El Dorado,017,186661,845,692,0,692,1
2020-08-05,Fresno,019,978130,23070,16625,201,16826,159
2020-08-05,Glenn,021,27897,398,330,0,330,1
2020-08-05,Humboldt,023,135768,293,249,1,250,4
2020-08-05,Imperial,025,180216,10582,8036,4,8040,163
2020-08-05,Inyo,027,18085,102,62,0,62,1
2020-08-05,Kern,029,883053,26387,21540,145,21685,194
2020-08-05,Kings,031,150075,5117,4192,26,4218,47
2020-08-05,Lake,033,64148,252,209,0,209,1
2020-08-05,Lassen,035,31185,645,557,2,559,0
2020-08-05,Los Angeles,037,10098052,212513,198355,702,199057,4832
2020-08-05,Madera,039,155013,3120,2172,10,2182,19
2020-08-05,Marin,041,260295,5594,5036,10,5046,43
2020-08-05,Mariposa,043,17540,64,52,0,52,2
2020-08-05,Mendocino,045,87422,403,248,0,248,1
2020-08-05,Merced,047,269075,6480,4119,1,4120,30
2020-08-05,Modoc,049,8938,7,3,0,3,0
2020-08-05,Mono,051,14174,159,104,1,105,1
2020-08-05,Monterey,053,433212,6168,4936,17,4953,32
2020-08-05,Napa,055,140530,1241,1020,1,1021,8
2020-08-05,Nevada,057,99092,358,327,12,339,2
2020-08-05,Orange,059,3164182,45613,37907,893,38800,663
2020-08-05,Placer,061,380077,2509,1989,2,1991,18
2020-08-05,Plumas,063,18699,36,25,0,25,0
2020-08-05,Riverside,065,2383286,47240,39454,34,39488,761
2020-08-05,Sacramento,067,1510023,14023,10261,8,10269,151
2020-08-05,San Benito,069,59416,781,613,0,613,2
2020-08-05,San Bernardino,071,2135413,42604,34442,204,34646,504
2020-08-05,San Diego,073,3302833,34025,30866,57,30923,578
2020-08-05,San Francisco,075,870044,7860,6701,6,6707,60
2020-08-05,San Joaquin,077,732212,15651,12148,18,12166,199
2020-08-05,San Luis Obispo,079,281455,2346,1928,10,1938,13
2020-08-05,San Mateo,081,765935,7008,5695,4,5699,116
2020-08-05,Santa Barbara,083,443738,7711,6597,54,6651,63
2020-08-05,Santa Clara,085,1922200,14069,11074,19,11093,176
2020-08-05,Santa Cruz,087,273765,1429,1192,9,1201,4
2020-08-05,Shasta,089,179085,523,338,3,341,9
2020-08-05,Sierra,091,2930,5,3,0,3,0
2020-08-05,Siskiyou,093,43540,104,72,0,72,0
2020-08-05,Solano,095,438530,4595,3750,27,3777,29
2020-08-05,Sonoma,097,501317,4153,3173,7,3180,33
2020-08-05,Stanislaus,099,539301,12648,9408,85,9493,97
2020-08-05,Sutter,101,95872,975,780,1,781,6
2020-08-05,Tehama,103,63373,308,231,2,233,1
2020-08-05,Trinity,105,12862,16,5,5,10,0
2020-08-05,Tulare,107,460477,12024,9924,29,9953,192
2020-08-05,Tuolumne,109,53932,158,137,2,139,0
2020-08-05,Ventura,111,848112,9311,8162,31,8193,75
2020-08-05,Yolo,113,214977,1995,1634,4,1638,36
2020-08-05,Yuba,115,75493,588,400,0,400,1
2020-08-04,Alameda,001,1643700,14582,11983,114,12097,192
2020-08-04,Alpine,003,1148,3,2,0,2,0
2020-08-04,Amador,005,37829,202,123,0,123,0
2020-08-04,Butte,007,227075,1296,1011,14,1025,10
2020-08-04,Calaveras,009,45235,156,116,0,116,1
2020-08-04,Colusa,011,21464,396,354,0,354,3
2020-08-04,Contra Costa,013,1133247,11215,8210,32,8242,122
2020-08-04,Del Norte,015,27424,94,69,0,69,0
2020-08-04,El Dorado,017,186661,835,668,0,668,1
2020-08-04,Fresno,019,978130,22786,16272,193,16465,154
2020-08-04,Glenn,021,27897,397,325,0,325,1
2020-08-04,Humboldt,023,135768,283,241,1,242,4
2020-08-04,Imperial,025,180216,10545,7974,4,7978,163
2020-08-04,Inyo,027,18085,88,59,0,59,1
2020-08-04,Kern,029,883053,26103,21403,145,21548,190
2020-08-04,Kings,031,150075,5055,4163,26,4189,47
2020-08-04,Lake,033,64148,252,206,0,206,1
2020-08-04,Lassen,035,31185,642,556,2,558,0
2020-08-04,Los Angeles,037,10098052,210553,196014,671,196685,4764
2020-08-04,Madera,039,155013,3077,2161,5,2166,19
2020-08-04,Marin,041,260295,5563,5020,9,5029,43
2020-08-04,Mariposa,043,17540,64,51,0,51,2
2020-08-04,Mendocino,045,87422,378,248,0,248,1
2020-08-04,Merced,047,269075,6366,4085,1,4086,30
2020-08-04,Modoc,049,8938,7,3,0,3,0
2020-08-04,Mono,051,14174,158,104,0,104,1
2020-08-04,Monterey,053,433212,6054,4892,17,4909,32
2020-08-04,Napa,055,140530,1228,994,0,994,8
2020-08-04,Nevada,057,99092,357,322,12,334,2
2020-08-04,Orange,059,3164182,45239,37844,887,38731,659
2020-08-04,Placer,061,380077,2472,1964,2,1966,17
2020-08-04,Plumas,063,18699,36,25,0,25,0
2020-08-04,Riverside,065,2383286,46855,38991,33,39024,743
2020-08-04,Sacramento,067,1510023,13806,10205,8,10213,146
2020-08-04,San Benito,069,59416,765,608,0,608,2
2020-08-04,San Bernardino,071,2135413,42056,34215,198,34413,495
2020-08-04,San Diego,073,3302833,33732,30518,45,30563,568
2020-08-04,San Francisco,075,870044,7773,6568,6,6574,60
2020-08-04,San Joaquin,077,732212,15522,12087,15,12102,189
2020-08-04,San Luis Obispo,079,281455,2316,1886,10,1896,13
2020-08-04,San Mateo,081,765935,6902,5690,4,5694,116
2020-08-04,Santa Barbara,083,443738,7651,6591,54,6645,61
2020-08-04,Santa Clara,085,1922200,13769,10986,19,11005,175
2020-08-04,Santa Cruz,087,273765,1410,1202,9,1211,4
2020-08-04,Shasta,089,179085,517,335,3,338,9
2020-08-04,Sierra,091,2930,5,1,0,1,0
2020-08-04,Siskiyou,093,43540,102,71,0,71,0
2020-08-04,Solano,095,438530,4524,3690,27,3717,29
2020-08-04,Sonoma,097,501317,4086,3108,7,3115,33
2020-08-04,Stanislaus,099,539301,12479,9359,77,9436,97
2020-08-04,Sutter,101,95872,961,761,1,762,6
2020-08-04,Tehama,103,63373,301,226,2,228,1
2020-08-04,Trinity,105,12862,16,5,5,10,0
2020-08-04,Tulare,107,460477,11844,9866,29,9895,192
2020-08-04,Tuolumne,109,53932,157,127,2,129,0
2020-08-04,Ventura,111,848112,9200,8134,29,8163,75
2020-08-04,Yolo,113,214977,1969,1626,4,1630,37
2020-08-04,Yuba,115,75493,573,398,0,398,1
2020-08-03,Alameda,001,1643700,14399,11817,110,11927,189
2020-08-03,Alpine,003,1148,3,2,0,2,0
2020-08-03,Amador,005,37829,198,119,0,119,0
2020-08-03,Butte,007,227075,1250,989,13,1002,9
2020-08-03,Calaveras,009,45235,153,117,0,117,1
2020-08-03,Colusa,011,21464,392,336,0,336,2
2020-08-03,Contra Costa,013,1133247,11019,8069,28,8097,120
2020-08-03,Del Norte,015,27424,90,68,0,68,0
2020-08-03,El Dorado,017,186661,824,645,0,645,1
2020-08-03,Fresno,019,978130,22492,15945,187,16132,151
2020-08-03,Glenn,021,27897,390,316,0,316,1
2020-08-03,Humboldt,023,135768,276,234,1,235,4
2020-08-03,Imperial,025,180216,10491,7953,4,7957,161
2020-08-03,Inyo,027,18085,85,57,0,57,1
2020-08-03,Kern,029,883053,25736,21285,138,21423,176
2020-08-03,Kings,031,150075,4943,4107,26,4133,47
2020-08-03,Lake,033,64148,245,201,0,201,1
2020-08-03,Lassen,035,31185,642,555,2,557,0
2020-08-03,Los Angeles,037,10098052,208511,194103,640,194743,4706
2020-08-03,Madera,039,155013,3028,2143,4,2147,18
2020-08-03,Marin,041,260295,5516,5001,9,5010,43
2020-08-03,Mariposa,043,17540,63,52,0,52,2
2020-08-03,Mendocino,045,87422,355,248,0,248,1
2020-08-03,Merced,047,269075,6244,4028,1,4029,29
2020-08-03,Modoc,049,8938,7,2,0,2,0
2020-08-03,Mono,051,14174,158,104,0,104,1
2020-08-03,Monterey,053,433212,5903,4806,14,4820,28
2020-08-03,Napa,055,140530,1213,973,0,973,8
2020-08-03,Nevada,057,99092,352,315,12,327,2
2020-08-03,Orange,059,3164182,44844,37705,878,38583,651
2020-08-03,Placer,061,380077,2417,1947,1,1948,16
2020-08-03,Plumas,063,18699,36,25,0,25,0
2020-08-03,Riverside,065,2383286,46387,38642,33,38675,740
2020-08-03,Sacramento,067,1510023,13612,10143,8,10151,142
2020-08-03,San Benito,069,59416,753,603,0,603,2
2020-08-03,San Bernardino,071,2135413,41529,33979,192,34171,444
2020-08-03,San Diego,073,3302833,33418,30228,35,30263,565
2020-08-03,San Francisco,075,870044,7679,6319,6,6325,60
2020-08-03,San Joaquin,077,732212,15324,12007,14,12021,189
2020-08-03,San Luis Obispo,079,281455,2274,1863,7,1870,14
2020-08-03,San Mateo,081,765935,6821,5661,4,5665,115
2020-08-03,Santa Barbara,083,443738,7607,6580,54,6634,59
2020-08-03,Santa Clara,085,1922200,13493,10747,19,10766,172
2020-08-03,Santa Cruz,087,273765,1390,1154,9,1163,4
2020-08-03,Shasta,089,179085,510,322,3,325,9
2020-08-03,Sierra,091,2930,5,1,0,1,0
2020-08-03,Siskiyou,093,43540,98,67,0,67,0
2020-08-03,Solano,095,438530,4455,3610,26,3636,29
2020-08-03,Sonoma,097,501317,3987,3079,6,3085,33
2020-08-03,Stanislaus,099,539301,12272,9308,69,9377,96
2020-08-03,Sutter,101,95872,937,713,1,714,6
2020-08-03,Tehama,103,63373,293,225,2,227,1
2020-08-03,Trinity,105,12862,16,5,5,10,0
2020-08-03,Tulare,107,460477,11660,9703,29,9732,188
2020-08-03,Tuolumne,109,53932,157,123,2,125,0
2020-08-03,Ventura,111,848112,9111,8084,26,8110,74
2020-08-03,Yolo,113,214977,1934,1598,3,1601,37
2020-08-03,Yuba,115,75493,549,393,0,393,1
2020-08-02,Alameda,001,1643700,14155,11696,96,11792,188
2020-08-02,Alpine,003,1148,3,2,0,2,0
2020-08-02,Amador,005,37829,193,117,0,117,0
2020-08-02,Butte,007,227075,1215,987,13,1000,9
2020-08-02,Calaveras,009,45235,150,116,0,116,1
2020-08-02,Colusa,011,21464,387,335,0,335,2
2020-08-02,Contra Costa,013,1133247,10780,7995,28,8023,118
2020-08-02,Del Norte,015,27424,89,68,0,68,0
2020-08-02,El Dorado,017,186661,814,643,0,643,1
2020-08-02,Fresno,019,978130,22216,15759,181,15940,151
2020-08-02,Glenn,021,27897,389,315,0,315,1
2020-08-02,Humboldt,023,135768,271,232,1,233,4
2020-08-02,Imperial,025,180216,10428,7919,4,7923,157
2020-08-02,Inyo,027,18085,84,45,0,45,1
2020-08-02,Kern,029,883053,25438,21162,136,21298,176
2020-08-02,Kings,031,150075,4881,3964,25,3989,47
2020-08-02,Lake,033,64148,240,201,0,201,1
2020-08-02,Lassen,035,31185,642,555,2,557,0
2020-08-02,Los Angeles,037,10098052,206415,192480,622,193102,4698
2020-08-02,Madera,039,155013,2962,2123,2,2125,18
2020-08-02,Marin,041,260295,5481,4985,9,4994,43
2020-08-02,Mariposa,043,17540,61,52,0,52,2
2020-08-02,Mendocino,045,87422,345,247,0,247,1
2020-08-02,Merced,047,269075,6103,4011,1,4012,29
2020-08-02,Modoc,049,8938,7,2,0,2,0
2020-08-02,Mono,051,14174,151,104,0,104,1
2020-08-02,Monterey,053,433212,5777,4698,14,4712,28
2020-08-02,Napa,055,140530,1198,956,0,956,8
2020-08-02,Nevada,057,99092,349,314,12,326,2
2020-08-02,Orange,059,3164182,44463,37266,867,38133,651
2020-08-02,Placer,061,380077,2378,1920,1,1921,15
2020-08-02,Plumas,063,18699,36,25,0,25,0
2020-08-02,Riverside,065,2383286,45954,38507,32,38539,735
2020-08-02,Sacramento,067,1510023,13333,10099,8,10107,142
2020-08-02,San Benito,069,59416,739,599,0,599,2
2020-08-02,San Bernardino,071,2135413,40928,33643,188,33831,443
2020-08-02,San Diego,073,3302833,33078,29885,26,29911,565
2020-08-02,San Francisco,075,870044,7561,6297,6,6303,60
2020-08-02,San Joaquin,077,732212,15038,11937,12,11949,189
2020-08-02,San Luis Obispo,079,281455,2211,1821,7,1828,14
2020-08-02,San Mateo,081,765935,6706,5618,4,5622,115
2020-08-02,Santa Barbara,083,443738,7516,6532,54,6586,59
2020-08-02,Santa Clara,085,1922200,13275,10577,19,10596,172
2020-08-02,Santa Cruz,087,273765,1370,1162,9,1171,4
2020-08-02,Shasta,089,179085,506,318,3,321,9
2020-08-02,Sierra,091,2930,4,1,0,1,0
2020-08-02,Siskiyou,093,43540,98,65,0,65,0
2020-08-02,Solano,095,438530,4396,3609,26,3635,29
2020-08-02,Sonoma,097,501317,3903,3005,6,3011,33
2020-08-02,Stanislaus,099,539301,12057,9277,63,9340,96
2020-08-02,Sutter,101,95872,902,714,1,715,6
2020-08-02,Tehama,103,63373,287,222,2,224,1
2020-08-02,Trinity,105,12862,16,5,5,10,0
2020-08-02,Tulare,107,460477,11451,9593,29,9622,188
2020-08-02,Tuolumne,109,53932,154,123,2,125,0
2020-08-02,Ventura,111,848112,8969,8014,26,8040,73
2020-08-02,Yolo,113,214977,1909,1588,3,1591,37
2020-08-02,Yuba,115,75493,529,393,0,393,1
2020-08-01,Alameda,001,1643700,14043,11590,96,11686,188
2020-08-01,Alpine,003,1148,3,2,0,2,0
2020-08-01,Amador,005,37829,189,109,0,109,0
2020-08-01,Butte,007,227075,1201,976,13,989,9
2020-08-01,Calaveras,009,45235,146,116,0,116,1
2020-08-01,Colusa,011,21464,386,327,0,327,2
2020-08-01,Contra Costa,013,1133247,10647,7867,27,7894,116
2020-08-01,Del Norte,015,27424,89,68,0,68,0
2020-08-01,El Dorado,017,186661,811,637,0,637,1
2020-08-01,Fresno,019,978130,22079,15448,181,15629,149
2020-08-01,Glenn,021,27897,388,311,0,311,1
2020-08-01,Humboldt,023,135768,270,232,1,233,4
2020-08-01,Imperial,025,180216,10392,7919,4,7923,156
2020-08-01,Inyo,027,18085,82,45,0,45,1
2020-08-01,Kern,029,883053,25278,20796,132,20928,176
2020-08-01,Kings,031,150075,4855,3948,25,3973,47
2020-08-01,Lake,033,64148,238,194,0,194,1
2020-08-01,Lassen,035,31185,641,555,2,557,0
2020-08-01,Los Angeles,037,10098052,205523,191023,594,191617,4674
2020-08-01,Madera,039,155013,2923,2103,2,2105,18
2020-08-01,Marin,041,260295,5466,4945,8,4953,43
2020-08-01,Mariposa,043,17540,61,50,0,50,2
2020-08-01,Mendocino,045,87422,338,243,0,243,1
2020-08-01,Merced,047,269075,6055,3972,1,3973,29
2020-08-01,Modoc,049,8938,7,2,0,2,0
2020-08-01,Mono,051,14174,150,104,0,104,1
2020-08-01,Monterey,053,433212,5710,4611,13,4624,28
2020-08-01,Napa,055,140530,1189,923,0,923,8
2020-08-01,Nevada,057,99092,345,305,12,317,2
2020-08-01,Orange,059,3164182,44236,36703,861,37564,648
2020-08-01,Placer,061,380077,2344,1891,1,1892,14
2020-08-01,Plumas,063,18699,35,25,0,25,0
2020-08-01,Riverside,065,2383286,45742,38216,30,38246,704
2020-08-01,Sacramento,067,1510023,13182,10044,8,10052,141
2020-08-01,San Benito,069,59416,728,579,0,579,2
2020-08-01,San Bernardino,071,2135413,40692,32947,187,33134,440
2020-08-01,San Diego,073,3302833,32861,29579,18,29597,565
2020-08-01,San Francisco,075,870044,7499,6296,6,6302,60
2020-08-01,San Joaquin,077,732212,14966,11807,11,11818,189
2020-08-01,San Luis Obispo,079,281455,2184,1798,7,1805,13
2020-08-01,San Mateo,081,765935,6652,5520,4,5524,115
2020-08-01,Santa Barbara,083,443738,7476,6465,54,6519,59
2020-08-01,Santa Clara,085,1922200,13124,10281,19,10300,171
2020-08-01,Santa Cruz,087,273765,1354,1164,9,1173,4
2020-08-01,Shasta,089,179085,501,312,3,315,9
2020-08-01,Sierra,091,2930,3,1,0,1,0
2020-08-01,Siskiyou,093,43540,98,64,0,64,0
2020-08-01,Solano,095,438530,4362,3591,25,3616,29
2020-08-01,Sonoma,097,501317,3857,2890,6,2896,29
2020-08-01,Stanislaus,099,539301,11939,9221,55,9276,96
2020-08-01,Sutter,101,95872,898,714,1,715,6
2020-08-01,Tehama,103,63373,284,220,2,222,1
2020-08-01,Trinity,105,12862,16,5,5,10,0
2020-08-01,Tulare,107,460477,11383,9520,29,9549,188
2020-08-01,Tuolumne,109,53932,154,123,2,125,0
2020-08-01,Ventura,111,848112,8923,7819,26,7845,73
2020-08-01,Yolo,113,214977,1899,1557,3,1560,37
2020-08-01,Yuba,115,75493,524,387,0,387,1
2020-07-31,Alameda,001,1643700,13912,11441,96,11537,187
2020-07-31,Alpine,003,1148,3,2,0,2,0
2020-07-31,Amador,005,37829,188,98,0,98,0
2020-07-31,Butte,007,227075,1178,925,13,938,7
2020-07-31,Calaveras,009,45235,146,112,0,112,1
2020-07-31,Colusa,011,21464,376,319,0,319,2
2020-07-31,Contra Costa,013,1133247,10499,7697,26,7723,113
2020-07-31,Del Norte,015,27424,88,68,0,68,0
2020-07-31,El Dorado,017,186661,800,616,0,616,1
2020-07-31,Fresno,019,978130,21860,15083,181,15264,133
2020-07-31,Glenn,021,27897,381,304,0,304,1
2020-07-31,Humboldt,023,135768,263,229,1,230,4
2020-07-31,Imperial,025,180216,10360,7886,4,7890,155
2020-07-31,Inyo,027,18085,72,45,0,45,1
2020-07-31,Kern,029,883053,25037,20061,127,20188,173
2020-07-31,Kings,031,150075,4827,3807,25,3832,45
2020-07-31,Lake,033,64148,237,191,0,191,1
2020-07-31,Lassen,035,31185,636,544,2,546,0
2020-07-31,Los Angeles,037,10098052,203914,188688,581,189269,4628
2020-07-31,Madera,039,155013,2876,2036,2,2038,19
2020-07-31,Marin,041,260295,5422,4885,5,4890,43
2020-07-31,Mariposa,043,17540,61,49,0,49,2
2020-07-31,Mendocino,045,87422,323,232,0,232,1
2020-07-31,Merced,047,269075,5972,3789,1,3790,30
2020-07-31,Modoc,049,8938,6,0,0,0,0
2020-07-31,Mono,051,14174,149,104,0,104,1
2020-07-31,Monterey,053,433212,5618,4493,13,4506,24
2020-07-31,Napa,055,140530,1177,897,0,897,7
2020-07-31,Nevada,057,99092,343,302,12,314,2
2020-07-31,Orange,059,3164182,43935,36196,846,37042,620
2020-07-31,Placer,061,380077,2319,1853,1,1854,14
2020-07-31,Plumas,063,18699,34,25,0,25,0
2020-07-31,Riverside,065,2383286,45352,37612,29,37641,694
2020-07-31,Sacramento,067,1510023,13004,9872,8,9880,132
2020-07-31,San Benito,069,59416,720,567,0,567,2
2020-07-31,San Bernardino,071,2135413,40363,32332,185,32517,434
2020-07-31,San Diego,073,3302833,32627,29050,10,29060,561
2020-07-31,San Francisco,075,870044,7400,6126,6,6132,60
2020-07-31,San Joaquin,077,732212,14829,11561,11,11572,177
2020-07-31,San Luis Obispo,079,281455,2115,1746,7,1753,12
2020-07-31,San Mateo,081,765935,6580,5416,4,5420,115
2020-07-31,Santa Barbara,083,443738,7409,6375,54,6429,58
2020-07-31,Santa Clara,085,1922200,12903,9863,19,9882,171
2020-07-31,Santa Cruz,087,273765,1331,1118,9,1127,4
2020-07-31,Shasta,089,179085,491,305,3,308,9
2020-07-31,Sierra,091,2930,3,1,0,1,0
2020-07-31,Siskiyou,093,43540,96,61,0,61,0
2020-07-31,Solano,095,438530,4315,3510,24,3534,29
2020-07-31,Sonoma,097,501317,3799,2745,6,2751,27
2020-07-31,Stanislaus,099,539301,11832,9061,50,9111,94
2020-07-31,Sutter,101,95872,893,714,1,715,6
2020-07-31,Tehama,103,63373,281,213,2,215,1
2020-07-31,Trinity,105,12862,16,5,5,10,0
2020-07-31,Tulare,107,460477,11262,9365,29,9394,184
2020-07-31,Tuolumne,109,53932,154,120,2,122,0
2020-07-31,Ventura,111,848112,8848,7521,26,7547,71
2020-07-31,Yolo,113,214977,1873,1522,3,1525,38
2020-07-31,Yuba,115,75493,515,369,0,369,1
2020-07-30,Alameda,001,1643700,13710,11303,54,11357,185
2020-07-30,Alpine,003,1148,3,2,0,2,0
2020-07-30,Amador,005,37829,170,97,0,97,0
2020-07-30,Butte,007,227075,1162,915,13,928,7
2020-07-30,Calaveras,009,45235,142,111,0,111,1
2020-07-30,Colusa,011,21464,373,315,0,315,2
2020-07-30,Contra Costa,013,1133247,10314,7615,25,7640,112
2020-07-30,Del Norte,015,27424,88,68,0,68,0
2020-07-30,El Dorado,017,186661,793,608,0,608,1
2020-07-30,Fresno,019,978130,21525,14793,175,14968,133
2020-07-30,Glenn,021,27897,374,297,0,297,1
2020-07-30,Humboldt,023,135768,261,228,1,229,4
2020-07-30,Imperial,025,180216,10301,7849,4,7853,151
2020-07-30,Inyo,027,18085,68,44,0,44,1
2020-07-30,Kern,029,883053,24744,19552,123,19675,171
2020-07-30,Kings,031,150075,4723,3785,25,3810,43
2020-07-30,Lake,033,64148,231,181,0,181,1
2020-07-30,Lassen,035,31185,633,544,2,546,0
2020-07-30,Los Angeles,037,10098052,201878,186177,548,186725,4564
2020-07-30,Madera,039,155013,2806,2007,2,2009,18
2020-07-30,Marin,041,260295,5380,4835,4,4839,39
2020-07-30,Mariposa,043,17540,61,49,0,49,1
2020-07-30,Mendocino,045,87422,316,232,0,232,1
2020-07-30,Merced,047,269075,5807,3695,1,3696,30
2020-07-30,Modoc,049,8938,6,0,0,0,0
2020-07-30,Mono,051,14174,148,104,0,104,1
2020-07-30,Monterey,053,433212,5506,4352,13,4365,24
2020-07-30,Napa,055,140530,1160,874,0,874,7
2020-07-30,Nevada,057,99092,338,292,12,304,2
2020-07-30,Orange,059,3164182,43519,36105,821,36926,607
2020-07-30,Placer,061,380077,2268,1821,1,1822,14
2020-07-30,Plumas,063,18699,33,25,0,25,0
2020-07-30,Riverside,065,2383286,44811,37308,29,37337,685
2020-07-30,Sacramento,067,1510023,12785,9704,8,9712,126
2020-07-30,San Benito,069,59416,707,558,0,558,2
2020-07-30,San Bernardino,071,2135413,39838,32010,185,32195,427
2020-07-30,San Diego,073,3302833,32280,28670,8,28678,558
2020-07-30,San Francisco,075,870044,7300,6107,6,6113,59
2020-07-30,San Joaquin,077,732212,14635,11435,11,11446,161
2020-07-30,San Luis Obispo,079,281455,2080,1703,7,1710,12
2020-07-30,San Mateo,081,765935,6485,5369,4,5373,115
2020-07-30,Santa Barbara,083,443738,7329,6273,54,6327,52
2020-07-30,Santa Clara,085,1922200,12665,9708,18,9726,170
2020-07-30,Santa Cruz,087,273765,1304,1087,9,1096,4
2020-07-30,Shasta,089,179085,487,306,3,309,8
2020-07-30,Sierra,091,2930,3,1,0,1,0
2020-07-30,Siskiyou,093,43540,95,60,0,60,0
2020-07-30,Solano,095,438530,4264,3463,24,3487,29
2020-07-30,Sonoma,097,501317,3727,2684,6,2690,25
2020-07-30,Stanislaus,099,539301,11619,8890,42,8932,94
2020-07-30,Sutter,101,95872,874,698,1,699,6
2020-07-30,Tehama,103,63373,278,208,2,210,1
2020-07-30,Trinity,105,12862,16,4,5,9,0
2020-07-30,Tulare,107,460477,11133,9167,29,9196,177
2020-07-30,Tuolumne,109,53932,153,119,2,121,0
2020-07-30,Ventura,111,848112,8736,7304,24,7328,69
2020-07-30,Yolo,113,214977,1853,1511,3,1514,37
2020-07-30,Yuba,115,75493,502,362,0,362,1
2020-07-29,Alameda,001,1643700,13491,11177,49,11226,180
2020-07-29,Alpine,003,1148,3,2,0,2,0
2020-07-29,Amador,005,37829,162,80,0,80,0
2020-07-29,Butte,007,227075,1136,889,11,900,7
2020-07-29,Calaveras,009,45235,136,107,0,107,1
2020-07-29,Colusa,011,21464,369,302,0,302,2
2020-07-29,Contra Costa,013,1133247,10111,7520,25,7545,108
2020-07-29,Del Norte,015,27424,88,68,0,68,0
2020-07-29,El Dorado,017,186661,783,588,0,588,1
2020-07-29,Fresno,019,978130,21234,14312,175,14487,125
2020-07-29,Glenn,021,27897,367,294,0,294,1
2020-07-29,Humboldt,023,135768,258,221,1,222,4
2020-07-29,Imperial,025,180216,10253,7825,4,7829,147
2020-07-29,Inyo,027,18085,63,44,0,44,1
2020-07-29,Kern,029,883053,24406,19073,120,19193,162
2020-07-29,Kings,031,150075,4675,3755,25,3780,43
2020-07-29,Lake,033,64148,229,179,0,179,1
2020-07-29,Lassen,035,31185,618,513,2,515,0
2020-07-29,Los Angeles,037,10098052,199842,183600,531,184131,4523
2020-07-29,Madera,039,155013,2752,1941,2,1943,18
2020-07-29,Marin,041,260295,5342,4747,4,4751,34
2020-07-29,Mariposa,043,17540,60,47,0,47,1
2020-07-29,Mendocino,045,87422,308,228,0,228,0
2020-07-29,Merced,047,269075,5667,3605,1,3606,25
2020-07-29,Modoc,049,8938,5,0,0,0,0
2020-07-29,Mono,051,14174,145,102,0,102,1
2020-07-29,Monterey,053,433212,5407,4252,13,4265,24
2020-07-29,Napa,055,140530,1132,866,0,866,7
2020-07-29,Nevada,057,99092,334,288,12,300,1
2020-07-29,Orange,059,3164182,43085,35339,809,36148,589
2020-07-29,Placer,061,380077,2236,1798,1,1799,14
2020-07-29,Plumas,063,18699,33,25,0,25,0
2020-07-29,Riverside,065,2383286,44220,36968,29,36997,678
2020-07-29,Sacramento,067,1510023,12539,9538,8,9546,122
2020-07-29,San Benito,069,59416,692,537,0,537,2
2020-07-29,San Bernardino,071,2135413,39349,31168,174,31342,417
2020-07-29,San Diego,073,3302833,31955,28289,7,28296,552
2020-07-29,San Francisco,075,870044,7206,6041,6,6047,56
2020-07-29,San Joaquin,077,732212,14387,11249,8,11257,154
2020-07-29,San Luis Obispo,079,281455,2060,1673,7,1680,11
2020-07-29,San Mateo,081,765935,6397,5305,4,5309,114
2020-07-29,Santa Barbara,083,443738,7259,6215,54,6269,31
2020-07-29,Santa Clara,085,1922200,12457,9567,18,9585,165
2020-07-29,Santa Cruz,087,273765,1280,1051,9,1060,4
2020-07-29,Shasta,089,179085,475,297,3,300,8
2020-07-29,Sierra,091,2930,2,1,0,1,0
2020-07-29,Siskiyou,093,43540,93,58,0,58,0
2020-07-29,Solano,095,438530,4210,3380,24,3404,29
2020-07-29,Sonoma,097,501317,3650,2598,6,2604,26
2020-07-29,Stanislaus,099,539301,11398,8745,36,8781,94
2020-07-29,Sutter,101,95872,846,678,1,679,6
2020-07-29,Tehama,103,63373,274,206,2,208,1
2020-07-29,Trinity,105,12862,16,4,5,9,0
2020-07-29,Tulare,107,460477,10962,9028,29,9057,156
2020-07-29,Tuolumne,109,53932,153,118,2,120,0
2020-07-29,Ventura,111,848112,8631,7161,24,7185,68
2020-07-29,Yolo,113,214977,1827,1488,3,1491,36
2020-07-29,Yuba,115,75493,486,350,0,350,1
2020-07-28,Alameda,001,1643700,13264,10875,48,10923,180
2020-07-28,Alpine,003,1148,3,2,0,2,0
2020-07-28,Amador,005,37829,152,77,0,77,0
2020-07-28,Butte,007,227075,1101,857,11,868,7
2020-07-28,Calaveras,009,45235,135,105,0,105,1
2020-07-28,Colusa,011,21464,363,290,0,290,2
2020-07-28,Contra Costa,013,1133247,9889,7426,25,7451,107
2020-07-28,Del Norte,015,27424,87,68,0,68,0
2020-07-28,El Dorado,017,186661,768,558,0,558,1
2020-07-28,Fresno,019,978130,20899,13933,169,14102,125
2020-07-28,Glenn,021,27897,365,289,0,289,1
2020-07-28,Humboldt,023,135768,257,218,1,219,4
2020-07-28,Imperial,025,180216,10217,7804,4,7808,145
2020-07-28,Inyo,027,18085,61,43,0,43,1
2020-07-28,Kern,029,883053,24043,18834,114,18948,155
2020-07-28,Kings,031,150075,4629,3721,25,3746,41
2020-07-28,Lake,033,64148,225,179,0,179,1
2020-07-28,Lassen,035,31185,612,508,2,510,0
2020-07-28,Los Angeles,037,10098052,197611,179107,508,179615,4435
2020-07-28,Madera,039,155013,2686,1889,2,1891,18
2020-07-28,Marin,041,260295,5273,4698,4,4702,23
2020-07-28,Mariposa,043,17540,58,45,0,45,1
2020-07-28,Mendocino,045,87422,297,222,0,222,0
2020-07-28,Merced,047,269075,5522,3446,1,3447,23
2020-07-28,Modoc,049,8938,4,0,0,0,0
2020-07-28,Mono,051,14174,144,102,0,102,1
2020-07-28,Monterey,053,433212,5286,4047,13,4060,22
2020-07-28,Napa,055,140530,1110,824,0,824,6
2020-07-28,Nevada,057,99092,329,278,12,290,1
2020-07-28,Orange,059,3164182,42627,34832,795,35627,582
2020-07-28,Placer,061,380077,2201,1759,1,1760,14
2020-07-28,Plumas,063,18699,33,22,0,22,0
2020-07-28,Riverside,065,2383286,43620,36458,29,36487,668
2020-07-28,Sacramento,067,1510023,12280,9429,8,9437,117
2020-07-28,San Benito,069,59416,682,503,0,503,2
2020-07-28,San Bernardino,071,2135413,38827,30493,170,30663,412
2020-07-28,San Diego,073,3302833,31605,28007,5,28012,547
2020-07-28,San Francisco,075,870044,7093,5888,6,5894,56
2020-07-28,San Joaquin,077,732212,14104,10958,6,10964,141
2020-07-28,San Luis Obispo,079,281455,2029,1636,7,1643,9
2020-07-28,San Mateo,081,765935,6323,5171,4,5175,114
2020-07-28,Santa Barbara,083,443738,7196,6110,52,6162,31
2020-07-28,Santa Clara,085,1922200,12222,9307,18,9325,165
2020-07-28,Santa Cruz,087,273765,1253,1018,9,1027,4
2020-07-28,Shasta,089,179085,463,275,3,278,8
2020-07-28,Sierra,091,2930,2,1,0,1,0
2020-07-28,Siskiyou,093,43540,89,57,0,57,0
2020-07-28,Solano,095,438530,4163,3292,23,3315,29
2020-07-28,Sonoma,097,501317,3577,2553,6,2559,20
2020-07-28,Stanislaus,099,539301,11177,8492,27,8519,92
2020-07-28,Sutter,101,95872,809,653,0,653,2
2020-07-28,Tehama,103,63373,269,199,2,201,1
2020-07-28,Trinity,105,12862,16,3,5,8,0
2020-07-28,Tulare,107,460477,10775,8787,29,8816,96
2020-07-28,Tuolumne,109,53932,152,116,2,118,0
2020-07-28,Ventura,111,848112,8505,7045,23,7068,68
2020-07-28,Yolo,113,214977,1799,1459,3,1462,36
2020-07-28,Yuba,115,75493,469,333,0,333,1
2020-07-27,Alameda,001,1643700,13037,10645,45,10690,176
2020-07-27,Alpine,003,1148,3,2,0,2,0
2020-07-27,Amador,005,37829,147,72,0,72,0
2020-07-27,Butte,007,227075,1074,843,11,854,7
2020-07-27,Calaveras,009,45235,131,103,0,103,1
2020-07-27,Colusa,011,21464,356,271,0,271,2
2020-07-27,Contra Costa,013,1133247,9667,7256,25,7281,104
2020-07-27,Del Norte,015,27424,86,67,0,67,0
2020-07-27,El Dorado,017,186661,756,548,0,548,1
2020-07-27,Fresno,019,978130,20553,13485,163,13648,117
2020-07-27,Glenn,021,27897,363,277,0,277,1
2020-07-27,Humboldt,023,135768,252,218,1,219,4
2020-07-27,Imperial,025,180216,10167,7789,4,7793,144
2020-07-27,Inyo,027,18085,61,43,0,43,1
2020-07-27,Kern,029,883053,23541,17994,108,18102,148
2020-07-27,Kings,031,150075,4380,3685,25,3710,39
2020-07-27,Lake,033,64148,221,176,0,176,1
2020-07-27,Lassen,035,31185,612,503,2,505,0
2020-07-27,Los Angeles,037,10098052,195158,176351,487,176838,4379
2020-07-27,Madera,039,155013,2621,1793,2,1795,17
2020-07-27,Marin,041,260295,5185,4669,4,4673,22
2020-07-27,Mariposa,043,17540,58,43,0,43,1
2020-07-27,Mendocino,045,87422,284,209,0,209,0
2020-07-27,Merced,047,269075,5382,3292,1,3293,23
2020-07-27,Modoc,049,8938,3,0,0,0,0
2020-07-27,Mono,051,14174,140,99,0,99,1
2020-07-27,Monterey,053,433212,5096,3960,13,3973,21
2020-07-27,Napa,055,140530,1095,769,0,769,6
2020-07-27,Nevada,057,99092,325,268,12,280,1
2020-07-27,Orange,059,3164182,42187,34649,779,35428,566
2020-07-27,Placer,061,380077,2151,1679,1,1680,12
2020-07-27,Plumas,063,18699,33,22,0,22,0
2020-07-27,Riverside,065,2383286,42943,35822,29,35851,667
2020-07-27,Sacramento,067,1510023,11988,9091,8,9099,114
2020-07-27,San Benito,069,59416,667,498,0,498,2
2020-07-27,San Bernardino,071,2135413,38235,29928,160,30088,401
2020-07-27,San Diego,073,3302833,31231,27509,4,27513,533
2020-07-27,San Francisco,075,870044,7006,5825,6,5831,55
2020-07-27,San Joaquin,077,732212,13813,10728,6,10734,129
2020-07-27,San Luis Obispo,079,281455,1984,1612,7,1619,9
2020-07-27,San Mateo,081,765935,6214,5108,4,5112,113
2020-07-27,Santa Barbara,083,443738,7114,6026,50,6076,30
2020-07-27,Santa Clara,085,1922200,11954,9157,17,9174,166
2020-07-27,Santa Cruz,087,273765,1231,984,9,993,4
2020-07-27,Shasta,089,179085,456,275,3,278,8
2020-07-27,Sierra,091,2930,2,1,0,1,0
2020-07-27,Siskiyou,093,43540,87,54,0,54,0
2020-07-27,Solano,095,438530,4096,3198,22,3220,29
2020-07-27,Sonoma,097,501317,3486,2504,6,2510,20
2020-07-27,Stanislaus,099,539301,10950,8288,19,8307,84
2020-07-27,Sutter,101,95872,783,620,0,620,2
2020-07-27,Tehama,103,63373,261,192,2,194,1
2020-07-27,Trinity,105,12862,16,3,5,8,0
2020-07-27,Tulare,107,460477,10557,8462,29,8491,172
2020-07-27,Tuolumne,109,53932,149,115,2,117,0
2020-07-27,Ventura,111,848112,8377,6998,23,7021,68
2020-07-27,Yolo,113,214977,1754,1439,3,1442,33
2020-07-27,Yuba,115,75493,449,328,0,328,1
2020-07-26,Alameda,001,1643700,12799,10489,45,10534,176
2020-07-26,Alpine,003,1148,3,2,0,2,0
2020-07-26,Amador,005,37829,141,67,0,67,0
2020-07-26,Butte,007,227075,1037,822,11,833,5
2020-07-26,Calaveras,009,45235,128,103,0,103,1
2020-07-26,Colusa,011,21464,347,270,0,270,2
2020-07-26,Contra Costa,013,1133247,9430,7095,25,7120,104
2020-07-26,Del Norte,015,27424,84,67,0,67,0
2020-07-26,El Dorado,017,186661,738,539,0,539,1
2020-07-26,Fresno,019,978130,20162,13209,155,13364,117
2020-07-26,Glenn,021,27897,355,265,0,265,1
2020-07-26,Humboldt,023,135768,246,214,1,215,4
2020-07-26,Imperial,025,180216,10094,7781,4,7785,144
2020-07-26,Inyo,027,18085,56,43,0,43,1
2020-07-26,Kern,029,883053,23017,17394,105,17499,148
2020-07-26,Kings,031,150075,4321,3591,25,3616,39
2020-07-26,Lake,033,64148,213,174,0,174,1
2020-07-26,Lassen,035,31185,571,503,2,505,0
2020-07-26,Los Angeles,037,10098052,192584,174322,469,174791,4364
2020-07-26,Madera,039,155013,2534,1744,2,1746,17
2020-07-26,Marin,041,260295,5139,4595,4,4599,22
2020-07-26,Mariposa,043,17540,56,43,0,43,1
2020-07-26,Mendocino,045,87422,275,206,0,206,0
2020-07-26,Merced,047,269075,5202,3251,1,3252,23
2020-07-26,Modoc,049,8938,3,0,0,0,0
2020-07-26,Mono,051,14174,136,82,0,82,1
2020-07-26,Monterey,053,433212,4930,3901,13,3914,21
2020-07-26,Napa,055,140530,1076,769,0,769,6
2020-07-26,Nevada,057,99092,322,261,12,273,1
2020-07-26,Orange,059,3164182,41661,34352,747,35099,564
2020-07-26,Placer,061,380077,2086,1628,1,1629,12
2020-07-26,Plumas,063,18699,33,22,0,22,0
2020-07-26,Riverside,065,2383286,42383,35636,29,35665,665
2020-07-26,Sacramento,067,1510023,11684,8972,8,8980,114
2020-07-26,San Benito,069,59416,655,495,0,495,2
2020-07-26,San Bernardino,071,2135413,37594,29545,151,29696,400
2020-07-26,San Diego,073,3302833,30835,26986,3,26989,533
2020-07-26,San Francisco,075,870044,6898,5823,6,5829,55
2020-07-26,San Joaquin,077,732212,13520,10637,6,10643,129
2020-07-26,San Luis Obispo,079,281455,1941,1565,7,1572,8
2020-07-26,San Mateo,081,765935,6108,5078,4,5082,113
2020-07-26,Santa Barbara,083,443738,7011,5939,50,5989,30
2020-07-26,Santa Clara,085,1922200,11725,8986,17,9003,166
2020-07-26,Santa Cruz,087,273765,1204,970,9,979,4
2020-07-26,Shasta,089,179085,449,265,3,268,8
2020-07-26,Sierra,091,2930,2,1,0,1,0
2020-07-26,Siskiyou,093,43540,85,54,0,54,0
2020-07-26,Solano,095,438530,4016,3197,20,3217,29
2020-07-26,Sonoma,097,501317,3397,2503,5,2508,20
2020-07-26,Stanislaus,099,539301,10690,8228,17,8245,84
2020-07-26,Sutter,101,95872,769,612,0,612,2
2020-07-26,Tehama,103,63373,254,175,2,177,1
2020-07-26,Trinity,105,12862,16,3,5,8,0
2020-07-26,Tulare,107,460477,10350,8392,29,8421,172
2020-07-26,Tuolumne,109,53932,144,113,2,115,0
2020-07-26,Ventura,111,848112,8171,6844,23,6867,67
2020-07-26,Yolo,113,214977,1723,1408,3,1411,33
2020-07-26,Yuba,115,75493,430,313,0,313,1
2020-07-25,Alameda,001,1643700,12702,10361,43,10404,176
2020-07-25,Alpine,003,1148,3,2,0,2,0
2020-07-25,Amador,005,37829,138,67,0,67,0
2020-07-25,Butte,007,227075,1028,810,11,821,5
2020-07-25,Calaveras,009,45235,124,103,0,103,1
2020-07-25,Colusa,011,21464,340,265,0,265,2
2020-07-25,Contra Costa,013,1133247,9285,6920,25,6945,104
2020-07-25,Del Norte,015,27424,84,67,0,67,0
2020-07-25,El Dorado,017,186661,727,528,0,528,1
2020-07-25,Fresno,019,978130,19976,12866,155,13021,117
2020-07-25,Glenn,021,27897,353,260,0,260,1
2020-07-25,Humboldt,023,135768,243,212,1,213,4
2020-07-25,Imperial,025,180216,10068,7727,4,7731,144
2020-07-25,Inyo,027,18085,55,43,0,43,1
2020-07-25,Kern,029,883053,22799,16910,104,17014,148
2020-07-25,Kings,031,150075,4304,3516,25,3541,39
2020-07-25,Lake,033,64148,211,173,0,173,1
2020-07-25,Lassen,035,31185,571,503,2,505,0
2020-07-25,Los Angeles,037,10098052,191453,172611,462,173073,4357
2020-07-25,Madera,039,155013,2502,1724,2,1726,17
2020-07-25,Marin,041,260295,5123,4562,4,4566,22
2020-07-25,Mariposa,043,17540,55,43,0,43,1
2020-07-25,Mendocino,045,87422,269,190,0,190,0
2020-07-25,Merced,047,269075,5123,3176,1,3177,23
2020-07-25,Modoc,049,8938,3,0,0,0,0
2020-07-25,Mono,051,14174,136,82,0,82,1
2020-07-25,Monterey,053,433212,4853,3805,13,3818,21
2020-07-25,Napa,055,140530,1063,746,0,746,6
2020-07-25,Nevada,057,99092,320,257,12,269,1
2020-07-25,Orange,059,3164182,41441,33978,725,34703,561
2020-07-25,Placer,061,380077,2070,1596,1,1597,12
2020-07-25,Plumas,063,18699,33,22,0,22,0
2020-07-25,Riverside,065,2383286,42115,34921,29,34950,655
2020-07-25,Sacramento,067,1510023,11538,8674,8,8682,113
2020-07-25,San Benito,069,59416,639,492,0,492,2
2020-07-25,San Bernardino,071,2135413,37315,29265,148,29413,394
2020-07-25,San Diego,073,3302833,30574,26703,3,26706,533
2020-07-25,San Francisco,075,870044,6840,5644,6,5650,55
2020-07-25,San Joaquin,077,732212,13394,10347,6,10353,129
2020-07-25,San Luis Obispo,079,281455,1921,1530,6,1536,8
2020-07-25,San Mateo,081,765935,6045,5023,4,5027,113
2020-07-25,Santa Barbara,083,443738,6976,5880,50,5930,30
2020-07-25,Santa Clara,085,1922200,11591,8767,17,8784,166
2020-07-25,Santa Cruz,087,273765,1187,939,9,948,4
2020-07-25,Shasta,089,179085,444,263,1,264,8
2020-07-25,Sierra,091,2930,2,1,0,1,0
2020-07-25,Siskiyou,093,43540,83,54,0,54,0
2020-07-25,Solano,095,438530,3976,3107,18,3125,29
2020-07-25,Sonoma,097,501317,3358,2412,5,2417,20
2020-07-25,Stanislaus,099,539301,10587,7994,14,8008,84
2020-07-25,Sutter,101,95872,750,603,0,603,2
2020-07-25,Tehama,103,63373,253,169,2,171,1
2020-07-25,Trinity,105,12862,16,3,5,8,0
2020-07-25,Tulare,107,460477,10250,8310,29,8339,172
2020-07-25,Tuolumne,109,53932,143,99,2,101,0
2020-07-25,Ventura,111,848112,8098,6662,23,6685,62
2020-07-25,Yolo,113,214977,1708,1357,3,1360,35
2020-07-25,Yuba,115,75493,424,312,0,312,1
2020-07-24,Alameda,001,1643700,12560,10216,40,10256,176
2020-07-24,Alpine,003,1148,3,2,0,2,0
2020-07-24,Amador,005,37829,136,66,0,66,0
2020-07-24,Butte,007,227075,1016,751,11,762,5
2020-07-24,Calaveras,009,45235,120,102,0,102,0
2020-07-24,Colusa,011,21464,337,255,0,255,2
2020-07-24,Contra Costa,013,1133247,9139,6814,25,6839,100
2020-07-24,Del Norte,015,27424,84,66,0,66,0
2020-07-24,El Dorado,017,186661,705,516,0,516,1
2020-07-24,Fresno,019,978130,19750,12564,155,12719,115
2020-07-24,Glenn,021,27897,350,251,0,251,1
2020-07-24,Humboldt,023,135768,240,210,1,211,4
2020-07-24,Imperial,025,180216,10046,7686,4,7690,141
2020-07-24,Inyo,027,18085,55,41,0,41,1
2020-07-24,Kern,029,883053,22558,16124,104,16228,143
2020-07-24,Kings,031,150075,4275,3471,25,3496,39
2020-07-24,Lake,033,64148,209,167,0,167,1
2020-07-24,Lassen,035,31185,571,503,2,505,0
2020-07-24,Los Angeles,037,10098052,189433,169078,450,169528,4302
2020-07-24,Madera,039,155013,2469,1679,2,1681,16
2020-07-24,Marin,041,260295,5096,4517,4,4521,22
2020-07-24,Mariposa,043,17540,55,41,0,41,1
2020-07-24,Mendocino,045,87422,262,188,0,188,0
2020-07-24,Merced,047,269075,5038,3100,1,3101,23
2020-07-24,Modoc,049,8938,3,0,0,0,0
2020-07-24,Mono,051,14174,135,82,0,82,1
2020-07-24,Monterey,053,433212,4781,3748,13,3761,21
2020-07-24,Napa,055,140530,1050,741,0,741,6
2020-07-24,Nevada,057,99092,317,255,12,267,1
2020-07-24,Orange,059,3164182,41153,33530,709,34239,557
2020-07-24,Placer,061,380077,2039,1551,1,1552,12
2020-07-24,Plumas,063,18699,33,22,0,22,0
2020-07-24,Riverside,065,2383286,41692,34513,28,34541,631
2020-07-24,Sacramento,067,1510023,11350,8570,8,8578,110
2020-07-24,San Benito,069,59416,632,485,0,485,2
2020-07-24,San Bernardino,071,2135413,36942,28990,142,29132,386
2020-07-24,San Diego,073,3302833,30274,26100,3,26103,524
2020-07-24,San Francisco,075,870044,6746,5611,6,5617,55
2020-07-24,San Joaquin,077,732212,13245,10190,6,10196,118
2020-07-24,San Luis Obispo,079,281455,1897,1476,6,1482,8
2020-07-24,San Mateo,081,765935,5982,4954,4,4958,112
2020-07-24,Santa Barbara,083,443738,6922,5776,48,5824,30
2020-07-24,Santa Clara,085,1922200,11427,8658,17,8675,165
2020-07-24,Santa Cruz,087,273765,1167,930,9,939,4
2020-07-24,Shasta,089,179085,436,262,1,263,8
2020-07-24,Sierra,091,2930,2,1,0,1,0
2020-07-24,Siskiyou,093,43540,83,53,0,53,0
2020-07-24,Solano,095,438530,3940,3062,15,3077,29
2020-07-24,Sonoma,097,501317,3305,2345,5,2350,20
2020-07-24,Stanislaus,099,539301,10415,7861,11,7872,82
2020-07-24,Sutter,101,95872,739,593,0,593,2
2020-07-24,Tehama,103,63373,245,170,2,172,1
2020-07-24,Trinity,105,12862,15,3,5,8,0
2020-07-24,Tulare,107,460477,10156,8167,27,8194,167
2020-07-24,Tuolumne,109,53932,137,99,2,101,0
2020-07-24,Ventura,111,848112,8013,6553,23,6576,60
2020-07-24,Yolo,113,214977,1694,1329,3,1332,35
2020-07-24,Yuba,115,75493,409,307,0,307,1
2020-07-23,Alameda,001,1643700,12320,9924,40,9964,171
2020-07-23,Alpine,003,1148,3,2,0,2,0
2020-07-23,Amador,005,37829,119,61,0,61,0
2020-07-23,Butte,007,227075,1001,726,11,737,5
2020-07-23,Calaveras,009,45235,113,102,0,102,0
2020-07-23,Colusa,011,21464,329,242,0,242,2
2020-07-23,Contra Costa,013,1133247,8939,6619,23,6642,98
2020-07-23,Del Norte,015,27424,84,66,0,66,0
2020-07-23,El Dorado,017,186661,694,491,0,491,1
2020-07-23,Fresno,019,978130,19394,12164,152,12316,112
2020-07-23,Glenn,021,27897,345,246,0,246,1
2020-07-23,Humboldt,023,135768,239,208,1,209,4
2020-07-23,Imperial,025,180216,9996,7604,4,7608,138
2020-07-23,Inyo,027,18085,53,38,0,38,1
2020-07-23,Kern,029,883053,22151,14491,100,14591,128
2020-07-23,Kings,031,150075,4165,3371,25,3396,39
2020-07-23,Lake,033,64148,200,160,0,160,1
2020-07-23,Lassen,035,31185,568,503,2,505,0
2020-07-23,Los Angeles,037,10098052,186886,167198,423,167621,4265
2020-07-23,Madera,039,155013,2403,1659,2,1661,13
2020-07-23,Marin,041,260295,5044,4423,4,4427,22
2020-07-23,Mariposa,043,17540,55,40,0,40,1
2020-07-23,Mendocino,045,87422,252,178,0,178,0
2020-07-23,Merced,047,269075,4882,2972,1,2973,22
2020-07-23,Modoc,049,8938,3,0,0,0,0
2020-07-23,Mono,051,14174,131,82,0,82,1
2020-07-23,Monterey,053,433212,4664,3655,13,3668,21
2020-07-23,Napa,055,140530,1026,713,0,713,5
2020-07-23,Nevada,057,99092,314,247,12,259,1
2020-07-23,Orange,059,3164182,40657,32863,678,33541,544
2020-07-23,Placer,061,380077,1996,1519,1,1520,12
2020-07-23,Plumas,063,18699,32,21,0,21,0
2020-07-23,Riverside,065,2383286,41086,33833,28,33861,630
2020-07-23,Sacramento,067,1510023,11119,8222,8,8230,108
2020-07-23,San Benito,069,59416,617,478,0,478,2
2020-07-23,San Bernardino,071,2135413,36422,28121,136,28257,369
2020-07-23,San Diego,073,3302833,29900,25109,3,25112,505
2020-07-23,San Francisco,075,870044,6644,5543,6,5549,55
2020-07-23,San Joaquin,077,732212,13026,9861,6,9867,111
2020-07-23,San Luis Obispo,079,281455,1870,1438,6,1444,7
2020-07-23,San Mateo,081,765935,5877,4895,4,4899,113
2020-07-23,Santa Barbara,083,443738,6846,5628,48,5676,30
2020-07-23,Santa Clara,085,1922200,11208,8458,17,8475,165
2020-07-23,Santa Cruz,087,273765,1131,887,9,896,3
2020-07-23,Shasta,089,179085,425,254,1,255,9
2020-07-23,Sierra,091,2930,2,1,0,1,0
2020-07-23,Siskiyou,093,43540,81,53,0,53,0
2020-07-23,Solano,095,438530,3876,2962,13,2975,29
2020-07-23,Sonoma,097,501317,3229,2289,5,2294,18
2020-07-23,Stanislaus,099,539301,10173,7603,11,7614,71
2020-07-23,Sutter,101,95872,706,570,0,570,2
2020-07-23,Tehama,103,63373,239,158,2,160,1
2020-07-23,Trinity,105,12862,14,3,5,8,0
2020-07-23,Tulare,107,460477,9967,7898,27,7925,168
2020-07-23,Tuolumne,109,53932,137,93,2,95,0
2020-07-23,Ventura,111,848112,7889,6303,23,6326,56
2020-07-23,Yolo,113,214977,1676,1279,3,1282,35
2020-07-23,Yuba,115,75493,389,297,0,297,1
2020-07-22,Alameda,001,1643700,12101,9678,39,9717,169
2020-07-22,Alpine,003,1148,3,2,0,2,0
2020-07-22,Amador,005,37829,117,58,0,58,0
2020-07-22,Butte,007,227075,966,694,10,704,5
2020-07-22,Calaveras,009,45235,113,98,0,98,0
2020-07-22,Colusa,011,21464,322,236,0,236,0
2020-07-22,Contra Costa,013,1133247,8713,6401,23,6424,98
2020-07-22,Del Norte,015,27424,84,66,0,66,0
2020-07-22,El Dorado,017,186661,681,466,0,466,1
2020-07-22,Fresno,019,978130,19033,11756,146,11902,110
2020-07-22,Glenn,021,27897,339,236,0,236,1
2020-07-22,Humboldt,023,135768,237,201,1,202,4
2020-07-22,Imperial,025,180216,9937,7533,4,7537,134
2020-07-22,Inyo,027,18085,49,38,0,38,1
2020-07-22,Kern,029,883053,21718,13513,93,13606,127
2020-07-22,Kings,031,150075,4111,3271,25,3296,38
2020-07-22,Lake,033,64148,197,160,0,160,1
2020-07-22,Lassen,035,31185,565,500,2,502,0
2020-07-22,Los Angeles,037,10098052,184228,165242,400,165642,4218
2020-07-22,Madera,039,155013,2328,1578,2,1580,10
2020-07-22,Marin,041,260295,4988,4373,4,4377,23
2020-07-22,Mariposa,043,17540,55,38,0,38,1
2020-07-22,Mendocino,045,87422,245,166,0,166,0
2020-07-22,Merced,047,269075,4755,2828,1,2829,15
2020-07-22,Modoc,049,8938,3,0,0,0,0
2020-07-22,Mono,051,14174,128,82,0,82,1
2020-07-22,Monterey,053,433212,4563,3533,13,3546,20
2020-07-22,Napa,055,140530,1004,687,0,687,5
2020-07-22,Nevada,057,99092,308,239,11,250,1
2020-07-22,Orange,059,3164182,40158,32047,669,32716,522
2020-07-22,Placer,061,380077,1940,1469,1,1470,12
2020-07-22,Plumas,063,18699,31,20,0,20,0
2020-07-22,Riverside,065,2383286,40451,33093,28,33121,612
2020-07-22,Sacramento,067,1510023,10855,8028,7,8035,106
2020-07-22,San Benito,069,59416,603,465,0,465,2
2020-07-22,San Bernardino,071,2135413,35901,26820,125,26945,348
2020-07-22,San Diego,073,3302833,29512,25109,2,25111,505
2020-07-22,San Francisco,075,870044,6540,5473,5,5478,53
2020-07-22,San Joaquin,077,732212,12750,9628,6,9634,102
2020-07-22,San Luis Obispo,079,281455,1824,1373,6,1379,7
2020-07-22,San Mateo,081,765935,5788,4796,4,4800,112
2020-07-22,Santa Barbara,083,443738,6758,5508,46,5554,29
2020-07-22,Santa Clara,085,1922200,10963,8266,17,8283,166
2020-07-22,Santa Cruz,087,273765,1108,866,9,875,3
2020-07-22,Shasta,089,179085,415,246,1,247,9
2020-07-22,Sierra,091,2930,1,1,0,1,0
2020-07-22,Siskiyou,093,43540,80,52,0,52,0
2020-07-22,Solano,095,438530,3815,2839,12,2851,29
2020-07-22,Sonoma,097,501317,3152,2255,5,2260,17
2020-07-22,Stanislaus,099,539301,10002,7401,11,7412,71
2020-07-22,Sutter,101,95872,682,551,0,551,2
2020-07-22,Tehama,103,63373,231,155,2,157,1
2020-07-22,Trinity,105,12862,14,3,5,8,0
2020-07-22,Tulare,107,460477,9734,7640,27,7667,167
2020-07-22,Tuolumne,109,53932,133,91,2,93,0
2020-07-22,Ventura,111,848112,7761,6223,21,6244,56
2020-07-22,Yolo,113,214977,1633,1233,3,1236,34
2020-07-22,Yuba,115,75493,374,288,0,288,1
2020-07-21,Alameda,001,1643700,11887,9390,39,9429,166
2020-07-21,Alpine,003,1148,3,2,0,2,0
2020-07-21,Amador,005,37829,112,55,0,55,0
2020-07-21,Butte,007,227075,921,659,9,668,5
2020-07-21,Calaveras,009,45235,107,96,0,96,0
2020-07-21,Colusa,011,21464,298,227,0,227,0
2020-07-21,Contra Costa,013,1133247,8472,6210,23,6233,98
2020-07-21,Del Norte,015,27424,84,66,0,66,0
2020-07-21,El Dorado,017,186661,673,440,0,440,1
2020-07-21,Fresno,019,978130,18633,11412,140,11552,107
2020-07-21,Glenn,021,27897,332,229,0,229,1
2020-07-21,Humboldt,023,135768,235,198,1,199,4
2020-07-21,Imperial,025,180216,9888,7458,4,7462,128
2020-07-21,Inyo,027,18085,48,38,0,38,1
2020-07-21,Kern,029,883053,21296,11998,87,12085,119
2020-07-21,Kings,031,150075,4047,3187,24,3211,38
2020-07-21,Lake,033,64148,197,157,0,157,1
2020-07-21,Lassen,035,31185,563,474,2,476,0
2020-07-21,Los Angeles,037,10098052,181226,162205,378,162583,4159
2020-07-21,Madera,039,155013,2263,1508,2,1510,10
2020-07-21,Marin,041,260295,4916,4318,4,4322,21
2020-07-21,Mariposa,043,17540,54,37,0,37,1
2020-07-21,Mendocino,045,87422,234,160,0,160,0
2020-07-21,Merced,047,269075,4576,2725,1,2726,15
2020-07-21,Modoc,049,8938,3,0,0,0,0
2020-07-21,Mono,051,14174,124,79,0,79,1
2020-07-21,Monterey,053,433212,4431,3404,12,3416,20
2020-07-21,Napa,055,140530,977,660,0,660,5
2020-07-21,Nevada,057,99092,306,228,9,237,1
2020-07-21,Orange,059,3164182,39659,31356,636,31992,515
2020-07-21,Placer,061,380077,1899,1413,1,1414,11
2020-07-21,Plumas,063,18699,31,19,0,19,0
2020-07-21,Riverside,065,2383286,39751,32231,28,32259,583
2020-07-21,Sacramento,067,1510023,10583,7789,6,7795,102
2020-07-21,San Benito,069,59416,592,444,0,444,2
2020-07-21,San Bernardino,071,2135413,35253,25323,117,25440,343
2020-07-21,San Diego,073,3302833,29063,24522,2,24524,487
2020-07-21,San Francisco,075,870044,6431,5377,5,5382,53
2020-07-21,San Joaquin,077,732212,12421,9150,6,9156,99
2020-07-21,San Luis Obispo,079,281455,1775,1338,6,1344,7
2020-07-21,San Mateo,081,765935,5696,4733,4,4737,111
2020-07-21,Santa Barbara,083,443738,6675,5422,45,5467,29
2020-07-21,Santa Clara,085,1922200,10700,7989,17,8006,164
2020-07-21,Santa Cruz,087,273765,1075,835,9,844,3
2020-07-21,Shasta,089,179085,407,241,1,242,9
2020-07-21,Sierra,091,2930,1,1,0,1,0
2020-07-21,Siskiyou,093,43540,80,48,0,48,0
2020-07-21,Solano,095,438530,3742,2727,12,2739,27
2020-07-21,Sonoma,097,501317,3095,2200,5,2205,17
2020-07-21,Stanislaus,099,539301,9739,6984,11,6995,69
2020-07-21,Sutter,101,95872,666,533,0,533,2
2020-07-21,Tehama,103,63373,221,150,2,152,1
2020-07-21,Trinity,105,12862,14,2,5,7,0
2020-07-21,Tulare,107,460477,9532,7447,27,7474,167
2020-07-21,Tuolumne,109,53932,131,75,2,77,0
2020-07-21,Ventura,111,848112,7629,6131,21,6152,55
2020-07-21,Yolo,113,214977,1580,1204,3,1207,34
2020-07-21,Yuba,115,75493,368,269,0,269,1
2020-07-20,Alameda,001,1643700,11633,9244,38,9282,162
2020-07-20,Alpine,003,1148,3,2,0,2,0
2020-07-20,Amador,005,37829,109,53,0,53,0
2020-07-20,Butte,007,227075,883,586,9,595,4
2020-07-20,Calaveras,009,45235,104,90,0,90,0
2020-07-20,Colusa,011,21464,287,217,0,217,0
2020-07-20,Contra Costa,013,1133247,8264,5823,23,5846,97
2020-07-20,Del Norte,015,27424,84,61,0,61,0
2020-07-20,El Dorado,017,186661,650,407,0,407,0
2020-07-20,Fresno,019,978130,18192,10891,139,11030,106
2020-07-20,Glenn,021,27897,324,225,0,225,1
2020-07-20,Humboldt,023,135768,228,194,1,195,4
2020-07-20,Imperial,025,180216,9848,7337,4,7341,124
2020-07-20,Inyo,027,18085,46,38,0,38,1
2020-07-20,Kern,029,883053,20786,10908,83,10991,118
2020-07-20,Kings,031,150075,3998,3093,24,3117,37
2020-07-20,Lake,033,64148,194,147,0,147,1
2020-07-20,Lassen,035,31185,561,474,2,476,0
2020-07-20,Los Angeles,037,10098052,178254,159202,351,159553,4108
2020-07-20,Madera,039,155013,2188,1433,2,1435,10
2020-07-20,Marin,041,260295,4835,4255,4,4259,21
2020-07-20,Mariposa,043,17540,53,36,0,36,1
2020-07-20,Mendocino,045,87422,221,153,0,153,0
2020-07-20,Merced,047,269075,4406,2584,1,2585,15
2020-07-20,Modoc,049,8938,3,0,0,0,0
2020-07-20,Mono,051,14174,118,78,0,78,1
2020-07-20,Monterey,053,433212,4325,3205,12,3217,19
2020-07-20,Napa,055,140530,940,632,0,632,5
2020-07-20,Nevada,057,99092,298,218,9,227,1
2020-07-20,Orange,059,3164182,39050,30337,605,30942,507
2020-07-20,Placer,061,380077,1847,1364,1,1365,11
2020-07-20,Plumas,063,18699,30,17,0,17,0
2020-07-20,Riverside,065,2383286,38922,31163,28,31191,581
2020-07-20,Sacramento,067,1510023,10255,7369,6,7375,99
2020-07-20,San Benito,069,59416,574,433,0,433,2
2020-07-20,San Bernardino,071,2135413,34443,24226,113,24339,338
2020-07-20,San Diego,073,3302833,28621,24137,2,24139,478
2020-07-20,San Francisco,075,870044,6310,5090,5,5095,53
2020-07-20,San Joaquin,077,732212,12065,8583,6,8589,97
2020-07-20,San Luis Obispo,079,281455,1735,1282,6,1288,6
2020-07-20,San Mateo,081,765935,5595,4609,4,4613,111
2020-07-20,Santa Barbara,083,443738,6548,5266,43,5309,29
2020-07-20,Santa Clara,085,1922200,10471,7711,16,7727,164
2020-07-20,Santa Cruz,087,273765,1043,758,9,767,3
2020-07-20,Shasta,089,179085,392,233,1,234,9
2020-07-20,Sierra,091,2930,1,1,0,1,0
2020-07-20,Siskiyou,093,43540,76,42,0,42,0
2020-07-20,Solano,095,438530,3659,2537,12,2549,26
2020-07-20,Sonoma,097,501317,2988,2148,5,2153,17
2020-07-20,Stanislaus,099,539301,9456,6835,11,6846,58
2020-07-20,Sutter,101,95872,633,507,0,507,2
2020-07-20,Tehama,103,63373,211,146,2,148,1
2020-07-20,Trinity,105,12862,14,2,5,7,0
2020-07-20,Tulare,107,460477,9298,6974,27,7001,166
2020-07-20,Tuolumne,109,53932,130,75,2,77,0
2020-07-20,Ventura,111,848112,7496,5912,21,5933,52
2020-07-20,Yolo,113,214977,1540,1155,3,1158,30
2020-07-20,Yuba,115,75493,348,258,0,258,1
2020-07-19,Alameda,001,1643700,11395,9227,32,9259,162
2020-07-19,Alpine,003,1148,3,2,0,2,0
2020-07-19,Amador,005,37829,102,51,0,51,0
2020-07-19,Butte,007,227075,858,555,9,564,4
2020-07-19,Calaveras,009,45235,102,89,0,89,0
2020-07-19,Colusa,011,21464,279,187,0,187,0
2020-07-19,Contra Costa,013,1133247,7973,5691,21,5712,95
2020-07-19,Del Norte,015,27424,83,61,0,61,0
2020-07-19,El Dorado,017,186661,632,385,0,385,0
2020-07-19,Fresno,019,978130,17670,10639,126,10765,106
2020-07-19,Glenn,021,27897,310,215,0,215,0
2020-07-19,Humboldt,023,135768,220,195,1,196,4
2020-07-19,Imperial,025,180216,9757,7280,4,7284,124
2020-07-19,Inyo,027,18085,42,38,0,38,1
2020-07-19,Kern,029,883053,20169,10094,76,10170,115
2020-07-19,Kings,031,150075,3912,3035,24,3059,37
2020-07-19,Lake,033,64148,189,144,0,144,1
2020-07-19,Lassen,035,31185,542,474,2,476,0
2020-07-19,Los Angeles,037,10098052,174810,156039,328,156367,4100
2020-07-19,Madera,039,155013,2111,1301,2,1303,10
2020-07-19,Marin,041,260295,4780,4172,4,4176,21
2020-07-19,Mariposa,043,17540,49,35,0,35,1
2020-07-19,Mendocino,045,87422,216,137,0,137,0
2020-07-19,Merced,047,269075,4199,2460,1,2461,15
2020-07-19,Modoc,049,8938,3,0,0,0,0
2020-07-19,Mono,051,14174,107,63,0,63,1
2020-07-19,Monterey,053,433212,4205,3079,12,3091,18
2020-07-19,Napa,055,140530,911,612,0,612,5
2020-07-19,Nevada,057,99092,292,210,9,219,1
2020-07-19,Orange,059,3164182,38486,29941,592,30533,505
2020-07-19,Placer,061,380077,1799,1246,1,1247,11
2020-07-19,Plumas,063,18699,30,17,0,17,0
2020-07-19,Riverside,065,2383286,38217,30340,28,30368,581
2020-07-19,Sacramento,067,1510023,9863,6985,6,6991,97
2020-07-19,San Benito,069,59416,558,412,0,412,2
2020-07-19,San Bernardino,071,2135413,33672,23928,103,24031,337
2020-07-19,San Diego,073,3302833,28120,23684,2,23686,478
2020-07-19,San Francisco,075,870044,6163,5094,5,5099,52
2020-07-19,San Joaquin,077,732212,11660,8308,6,8314,93
2020-07-19,San Luis Obispo,079,281455,1691,1262,5,1267,6
2020-07-19,San Mateo,081,765935,5488,4522,4,4526,110
2020-07-19,Santa Barbara,083,443738,6441,5145,40,5185,29
2020-07-19,Santa Clara,085,1922200,10227,7403,16,7419,164
2020-07-19,Santa Cruz,087,273765,999,753,9,762,3
2020-07-19,Shasta,089,179085,379,218,1,219,9
2020-07-19,Sierra,091,2930,1,1,0,1,0
2020-07-19,Siskiyou,093,43540,74,42,0,42,0
2020-07-19,Solano,095,438530,3554,2551,12,2563,26
2020-07-19,Sonoma,097,501317,2887,2074,5,2079,17
2020-07-19,Stanislaus,099,539301,9160,6508,11,6519,58
2020-07-19,Sutter,101,95872,602,480,0,480,2
2020-07-19,Tehama,103,63373,207,138,2,140,1
2020-07-19,Trinity,105,12862,14,2,5,7,0
2020-07-19,Tulare,107,460477,9049,6856,27,6883,166
2020-07-19,Tuolumne,109,53932,125,75,2,77,0
2020-07-19,Ventura,111,848112,7306,5706,21,5727,52
2020-07-19,Yolo,113,214977,1501,1127,3,1130,30
2020-07-19,Yuba,115,75493,328,240,0,240,1
2020-07-18,Alameda,001,1643700,11259,9089,30,9119,162
2020-07-18,Alpine,003,1148,3,2,0,2,0
2020-07-18,Amador,005,37829,98,49,0,49,0
2020-07-18,Butte,007,227075,849,551,9,560,4
2020-07-18,Calaveras,009,45235,98,89,0,89,0
2020-07-18,Colusa,011,21464,274,182,0,182,0
2020-07-18,Contra Costa,013,1133247,7838,5617,21,5638,95
2020-07-18,Del Norte,015,27424,83,61,0,61,0
2020-07-18,El Dorado,017,186661,629,385,0,385,0
2020-07-18,Fresno,019,978130,17421,10381,124,10505,106
2020-07-18,Glenn,021,27897,304,212,0,212,0
2020-07-18,Humboldt,023,135768,217,189,1,190,4
2020-07-18,Imperial,025,180216,9726,7268,4,7272,124
2020-07-18,Inyo,027,18085,42,38,0,38,1
2020-07-18,Kern,029,883053,19866,9250,73,9323,114
2020-07-18,Kings,031,150075,3872,2996,23,3019,37
2020-07-18,Lake,033,64148,186,142,0,142,1
2020-07-18,Lassen,035,31185,541,474,2,476,0
2020-07-18,Los Angeles,037,10098052,173362,153265,315,153580,4088
2020-07-18,Madera,039,155013,2065,1260,2,1262,9
2020-07-18,Marin,041,260295,4751,4089,4,4093,21
2020-07-18,Mariposa,043,17540,49,35,0,35,1
2020-07-18,Mendocino,045,87422,209,137,0,137,0
2020-07-18,Merced,047,269075,4080,2424,1,2425,15
2020-07-18,Modoc,049,8938,3,0,0,0,0
2020-07-18,Mono,051,14174,105,54,0,54,1
2020-07-18,Monterey,053,433212,4137,3020,12,3032,17
2020-07-18,Napa,055,140530,900,609,0,609,5
2020-07-18,Nevada,057,99092,288,204,8,212,1
2020-07-18,Orange,059,3164182,38165,29603,570,30173,493
2020-07-18,Placer,061,380077,1776,1233,1,1234,11
2020-07-18,Plumas,063,18699,30,17,0,17,0
2020-07-18,Riverside,065,2383286,37864,30245,27,30272,581
2020-07-18,Sacramento,067,1510023,9618,6739,6,6745,95
2020-07-18,San Benito,069,59416,543,407,0,407,2
2020-07-18,San Bernardino,071,2135413,33212,23680,97,23777,336
2020-07-18,San Diego,073,3302833,27817,23116,2,23118,478
2020-07-18,San Francisco,075,870044,6061,5051,5,5056,52
2020-07-18,San Joaquin,077,732212,11447,8118,6,8124,93
2020-07-18,San Luis Obispo,079,281455,1658,1234,5,1239,6
2020-07-18,San Mateo,081,765935,5428,4488,4,4492,110
2020-07-18,Santa Barbara,083,443738,6381,5110,38,5148,29
2020-07-18,Santa Clara,085,1922200,10077,7255,15,7270,164
2020-07-18,Santa Cruz,087,273765,982,751,9,760,3
2020-07-18,Shasta,089,179085,370,216,1,217,9
2020-07-18,Sierra,091,2930,1,1,0,1,0
2020-07-18,Siskiyou,093,43540,70,42,0,42,0
2020-07-18,Solano,095,438530,3513,2503,12,2515,26
2020-07-18,Sonoma,097,501317,2836,2019,5,2024,15
2020-07-18,Stanislaus,099,539301,9025,6344,11,6355,58
2020-07-18,Sutter,101,95872,596,473,0,473,2
2020-07-18,Tehama,103,63373,202,136,2,138,1
2020-07-18,Trinity,105,12862,14,2,5,7,0
2020-07-18,Tulare,107,460477,8958,6810,26,6836,167
2020-07-18,Tuolumne,109,53932,122,75,2,77,0
2020-07-18,Ventura,111,848112,7224,5630,21,5651,52
2020-07-18,Yolo,113,214977,1473,1077,3,1080,30
2020-07-18,Yuba,115,75493,317,237,0,237,1
2020-07-17,Alameda,001,1643700,11118,8893,29,8922,160
2020-07-17,Alpine,003,1148,3,1,0,1,0
2020-07-17,Amador,005,37829,96,48,0,48,0
2020-07-17,Butte,007,227075,835,497,9,506,4
2020-07-17,Calaveras,009,45235,96,86,0,86,0
2020-07-17,Colusa,011,21464,272,146,0,146,0
2020-07-17,Contra Costa,013,1133247,7690,5483,21,5504,93
2020-07-17,Del Norte,015,27424,82,60,0,60,0
2020-07-17,El Dorado,017,186661,613,368,0,368,0
2020-07-17,Fresno,019,978130,17123,9954,124,10078,104
2020-07-17,Glenn,021,27897,297,203,0,203,0
2020-07-17,Humboldt,023,135768,216,185,1,186,4
2020-07-17,Imperial,025,180216,9704,7193,4,7197,120
2020-07-17,Inyo,027,18085,42,38,0,38,1
2020-07-17,Kern,029,883053,19546,8291,72,8363,113
2020-07-17,Kings,031,150075,3834,2978,23,3001,37
2020-07-17,Lake,033,64148,184,139,0,139,1
2020-07-17,Lassen,035,31185,522,391,2,393,0
2020-07-17,Los Angeles,037,10098052,170989,150481,302,150783,4052
2020-07-17,Madera,039,155013,2021,1214,2,1216,9
2020-07-17,Marin,041,260295,4714,3839,4,3843,21
2020-07-17,Mariposa,043,17540,47,35,0,35,1
2020-07-17,Mendocino,045,87422,201,126,0,126,0
2020-07-17,Merced,047,269075,4004,2328,1,2329,12
2020-07-17,Modoc,049,8938,2,0,0,0,0
2020-07-17,Mono,051,14174,100,54,0,54,1
2020-07-17,Monterey,053,433212,4008,2922,12,2934,18
2020-07-17,Napa,055,140530,886,598,0,598,5
2020-07-17,Nevada,057,99092,281,200,8,208,1
2020-07-17,Orange,059,3164182,37702,28962,536,29498,485
2020-07-17,Placer,061,380077,1747,1207,1,1208,11
2020-07-17,Plumas,063,18699,27,16,0,16,0
2020-07-17,Riverside,065,2383286,37266,29639,27,29666,580
2020-07-17,Sacramento,067,1510023,9374,6563,6,6569,95
2020-07-17,San Benito,069,59416,528,399,0,399,2
2020-07-17,San Bernardino,071,2135413,32693,23057,94,23151,322
2020-07-17,San Diego,073,3302833,27428,22491,2,22493,472
2020-07-17,San Francisco,075,870044,5967,4967,5,4972,52
2020-07-17,San Joaquin,077,732212,11202,7925,6,7931,86
2020-07-17,San Luis Obispo,079,281455,1622,1190,5,1195,6
2020-07-17,San Mateo,081,765935,5332,4407,4,4411,110
2020-07-17,Santa Barbara,083,443738,6308,5001,37,5038,29
2020-07-17,Santa Clara,085,1922200,9859,7080,15,7095,164
2020-07-17,Santa Cruz,087,273765,960,716,9,725,3
2020-07-17,Shasta,089,179085,358,213,1,214,8
2020-07-17,Sierra,091,2930,1,1,0,1,0
2020-07-17,Siskiyou,093,43540,69,40,0,40,0
2020-07-17,Solano,095,438530,3464,2452,12,2464,26
2020-07-17,Sonoma,097,501317,2788,1982,5,1987,15
2020-07-17,Stanislaus,099,539301,8851,6220,11,6231,56
2020-07-17,Sutter,101,95872,583,458,0,458,2
2020-07-17,Tehama,103,63373,198,128,2,130,1
2020-07-17,Trinity,105,12862,14,2,5,7,0
2020-07-17,Tulare,107,460477,8822,6671,26,6697,166
2020-07-17,Tuolumne,109,53932,121,73,2,75,0
2020-07-17,Ventura,111,848112,7141,5451,21,5472,51
2020-07-17,Yolo,113,214977,1449,1055,3,1058,30
2020-07-17,Yuba,115,75493,307,231,0,231,1
2020-07-16,Alameda,001,1643700,10884,8719,23,8742,153
2020-07-16,Alpine,003,1148,3,1,0,1,0
2020-07-16,Amador,005,37829,93,46,0,46,0
2020-07-16,Butte,007,227075,798,465,8,473,4
2020-07-16,Calaveras,009,45235,94,82,0,82,0
2020-07-16,Colusa,011,21464,263,140,0,140,0
2020-07-16,Contra Costa,013,1133247,7478,5338,15,5353,91
2020-07-16,Del Norte,015,27424,82,60,0,60,0
2020-07-16,El Dorado,017,186661,596,357,0,357,0
2020-07-16,Fresno,019,978130,16612,9481,115,9596,101
2020-07-16,Glenn,021,27897,288,190,0,190,0
2020-07-16,Humboldt,023,135768,214,184,1,185,4
2020-07-16,Imperial,025,180216,9609,7148,4,7152,113
2020-07-16,Inyo,027,18085,42,38,0,38,1
2020-07-16,Kern,029,883053,19024,7435,70,7505,112
2020-07-16,Kings,031,150075,3667,2937,23,2960,37
2020-07-16,Lake,033,64148,179,128,0,128,1
2020-07-16,Lassen,035,31185,521,355,2,357,0
2020-07-16,Los Angeles,037,10098052,167741,147759,278,148037,3994
2020-07-16,Madera,039,155013,1957,1192,2,1194,8
2020-07-16,Marin,041,260295,4642,3546,4,3550,21
2020-07-16,Mariposa,043,17540,45,34,0,34,1
2020-07-16,Mendocino,045,87422,196,121,0,121,0
2020-07-16,Merced,047,269075,3842,2228,1,2229,12
2020-07-16,Modoc,049,8938,1,0,0,0,0
2020-07-16,Mono,051,14174,97,53,0,53,1
2020-07-16,Monterey,053,433212,3903,2857,11,2868,18
2020-07-16,Napa,055,140530,857,581,0,581,5
2020-07-16,Nevada,057,99092,278,191,8,199,1
2020-07-16,Orange,059,3164182,37001,28525,498,29023,471
2020-07-16,Placer,061,380077,1699,1168,1,1169,11
2020-07-16,Plumas,063,18699,25,16,0,16,0
2020-07-16,Riverside,065,2383286,36522,28904,25,28929,577
2020-07-16,Sacramento,067,1510023,9061,6440,6,6446,91
2020-07-16,San Benito,069,59416,511,389,0,389,2
2020-07-16,San Bernardino,071,2135413,31831,22355,76,22431,321
2020-07-16,San Diego,073,3302833,26941,21857,2,21859,465
2020-07-16,San Francisco,075,870044,5826,4838,5,4843,52
2020-07-16,San Joaquin,077,732212,10839,7713,6,7719,82
2020-07-16,San Luis Obispo,079,281455,1578,1146,5,1151,6
2020-07-16,San Mateo,081,765935,5228,4336,4,4340,110
2020-07-16,Santa Barbara,083,443738,6211,4872,36,4908,28
2020-07-16,Santa Clara,085,1922200,9579,6990,13,7003,164
2020-07-16,Santa Cruz,087,273765,919,698,9,707,3
2020-07-16,Shasta,089,179085,343,208,1,209,7
2020-07-16,Sierra,091,2930,1,1,0,1,0
2020-07-16,Siskiyou,093,43540,66,39,0,39,0
2020-07-16,Solano,095,438530,3370,2372,12,2384,25
2020-07-16,Sonoma,097,501317,2698,1954,5,1959,14
2020-07-16,Stanislaus,099,539301,8569,6077,10,6087,56
2020-07-16,Sutter,101,95872,567,444,0,444,2
2020-07-16,Tehama,103,63373,188,126,2,128,1
2020-07-16,Trinity,105,12862,14,2,4,6,0
2020-07-16,Tulare,107,460477,8606,6467,25,6492,163
2020-07-16,Tuolumne,109,53932,116,71,2,73,0
2020-07-16,Ventura,111,848112,6979,5231,21,5252,50
2020-07-16,Yolo,113,214977,1407,1034,3,1037,29
2020-07-16,Yuba,115,75493,289,221,0,221,1
2020-07-15,Alameda,001,1643700,10681,8615,17,8632,153
2020-07-15,Alpine,003,1148,3,1,0,1,0
2020-07-15,Amador,005,37829,72,44,0,44,0
2020-07-15,Butte,007,227075,756,420,8,428,4
2020-07-15,Calaveras,009,45235,94,75,0,75,0
2020-07-15,Colusa,011,21464,258,135,0,135,0
2020-07-15,Contra Costa,013,1133247,7247,5246,15,5261,90
2020-07-15,Del Norte,015,27424,81,60,0,60,0
2020-07-15,El Dorado,017,186661,572,339,0,339,0
2020-07-15,Fresno,019,978130,16139,9124,108,9232,101
2020-07-15,Glenn,021,27897,279,184,0,184,0
2020-07-15,Humboldt,023,135768,212,181,1,182,4
2020-07-15,Imperial,025,180216,9542,7110,4,7114,110
2020-07-15,Inyo,027,18085,42,36,0,36,1
2020-07-15,Kern,029,883053,18404,7155,67,7222,108
2020-07-15,Kings,031,150075,3606,2906,23,2929,37
2020-07-15,Lake,033,64148,177,122,0,122,1
2020-07-15,Lassen,035,31185,517,319,2,321,0
2020-07-15,Los Angeles,037,10098052,164274,143343,263,143606,3946
2020-07-15,Madera,039,155013,1888,1147,2,1149,4
2020-07-15,Marin,041,260295,4587,3458,4,3462,21
2020-07-15,Mariposa,043,17540,45,34,0,34,1
2020-07-15,Mendocino,045,87422,193,119,0,119,0
2020-07-15,Merced,047,269075,3692,2156,1,2157,12
2020-07-15,Modoc,049,8938,1,0,0,0,0
2020-07-15,Mono,051,14174,95,52,0,52,1
2020-07-15,Monterey,053,433212,3792,2780,11,2791,18
2020-07-15,Napa,055,140530,831,573,0,573,5
2020-07-15,Nevada,057,99092,274,185,6,191,1
2020-07-15,Orange,059,3164182,36201,27718,463,28181,454
2020-07-15,Placer,061,380077,1641,1145,1,1146,11
2020-07-15,Plumas,063,18699,25,16,0,16,0
2020-07-15,Riverside,065,2383286,35741,28492,23,28515,568
2020-07-15,Sacramento,067,1510023,8680,6217,6,6223,91
2020-07-15,San Benito,069,59416,502,388,0,388,2
2020-07-15,San Bernardino,071,2135413,31042,21508,59,21567,317
2020-07-15,San Diego,073,3302833,26474,21448,2,21450,448
2020-07-15,San Francisco,075,870044,5712,4757,5,4762,50
2020-07-15,San Joaquin,077,732212,10407,7381,5,7386,75
2020-07-15,San Luis Obispo,079,281455,1535,1097,5,1102,6
2020-07-15,San Mateo,081,765935,5115,4258,4,4262,109
2020-07-15,Santa Barbara,083,443738,6095,4733,36,4769,28
2020-07-15,Santa Clara,085,1922200,9276,6900,13,6913,164
2020-07-15,Santa Cruz,087,273765,883,660,8,668,3
2020-07-15,Shasta,089,179085,334,193,1,194,7
2020-07-15,Sierra,091,2930,1,1,0,1,0
2020-07-15,Siskiyou,093,43540,65,38,0,38,0
2020-07-15,Solano,095,438530,3276,2343,12,2355,25
2020-07-15,Sonoma,097,501317,2600,1920,5,1925,14
2020-07-15,Stanislaus,099,539301,8272,5777,10,5787,56
2020-07-15,Sutter,101,95872,541,433,0,433,2
2020-07-15,Tehama,103,63373,180,126,2,128,1
2020-07-15,Trinity,105,12862,13,2,4,6,0
2020-07-15,Tulare,107,460477,8394,6320,24,6344,156
2020-07-15,Tuolumne,109,53932,109,68,2,70,0
2020-07-15,Ventura,111,848112,6802,5087,21,5108,50
2020-07-15,Yolo,113,214977,1374,1002,3,1005,27
2020-07-15,Yuba,115,75493,277,221,0,221,1
2020-07-14,Alameda,001,1643700,10339,8388,11,8399,151
2020-07-14,Alpine,003,1148,3,1,0,1,0
2020-07-14,Amador,005,37829,68,44,0,44,0
2020-07-14,Butte,007,227075,710,382,8,390,4
2020-07-14,Calaveras,009,45235,92,74,0,74,0
2020-07-14,Colusa,011,21464,248,128,0,128,0
2020-07-14,Contra Costa,013,1133247,7010,5110,13,5123,90
2020-07-14,Del Norte,015,27424,80,60,0,60,0
2020-07-14,El Dorado,017,186661,557,324,0,324,0
2020-07-14,Fresno,019,978130,15718,8941,104,9045,98
2020-07-14,Glenn,021,27897,269,177,0,177,0
2020-07-14,Humboldt,023,135768,209,175,1,176,4
2020-07-14,Imperial,025,180216,9415,7095,4,7099,109
2020-07-14,Inyo,027,18085,42,35,0,35,1
2020-07-14,Kern,029,883053,17645,6979,54,7033,107
2020-07-14,Kings,031,150075,3539,2867,22,2889,37
2020-07-14,Lake,033,64148,171,120,0,120,1
2020-07-14,Lassen,035,31185,500,263,2,265,0
2020-07-14,Los Angeles,037,10098052,161138,140632,233,140865,3900
2020-07-14,Madera,039,155013,1814,1118,2,1120,4
2020-07-14,Marin,041,260295,4473,3451,4,3455,21
2020-07-14,Mariposa,043,17540,41,32,0,32,1
2020-07-14,Mendocino,045,87422,185,110,0,110,0
2020-07-14,Merced,047,269075,3513,2084,1,2085,12
2020-07-14,Modoc,049,8938,1,0,0,0,0
2020-07-14,Mono,051,14174,85,48,0,48,1
2020-07-14,Monterey,053,433212,3678,2724,11,2735,18
2020-07-14,Napa,055,140530,775,557,0,557,4
2020-07-14,Nevada,057,99092,257,180,5,185,1
2020-07-14,Orange,059,3164182,35322,26915,416,27331,432
2020-07-14,Placer,061,380077,1583,1122,1,1123,11
2020-07-14,Plumas,063,18699,24,14,0,14,0
2020-07-14,Riverside,065,2383286,34984,27850,22,27872,547
2020-07-14,Sacramento,067,1510023,8326,5978,6,5984,87
2020-07-14,San Benito,069,59416,483,360,0,360,2
2020-07-14,San Bernardino,071,2135413,30191,20489,48,20537,316
2020-07-14,San Diego,073,3302833,25855,20887,2,20889,436
2020-07-14,San Francisco,075,870044,5562,4659,4,4663,50
2020-07-14,San Joaquin,077,732212,9980,7143,5,7148,75
2020-07-14,San Luis Obispo,079,281455,1497,1060,5,1065,5
2020-07-14,San Mateo,081,765935,5022,4173,4,4177,108
2020-07-14,Santa Barbara,083,443738,5971,4641,34,4675,28
2020-07-14,Santa Clara,085,1922200,8949,6686,10,6696,164
2020-07-14,Santa Cruz,087,273765,844,639,8,647,3
2020-07-14,Shasta,089,179085,325,190,1,191,7
2020-07-14,Sierra,091,2930,1,1,0,1,0
2020-07-14,Siskiyou,093,43540,64,38,0,38,0
2020-07-14,Solano,095,438530,3176,2266,10,2276,25
2020-07-14,Sonoma,097,501317,2508,1866,5,1871,14
2020-07-14,Stanislaus,099,539301,7898,5631,9,5640,53
2020-07-14,Sutter,101,95872,522,405,0,405,2
2020-07-14,Tehama,103,63373,168,123,2,125,1
2020-07-14,Trinity,105,12862,13,2,4,6,0
2020-07-14,Tulare,107,460477,8148,6199,24,6223,156
2020-07-14,Tuolumne,109,53932,104,68,2,70,0
2020-07-14,Ventura,111,848112,6641,4950,21,4971,50
2020-07-14,Yolo,113,214977,1326,966,3,969,27
2020-07-14,Yuba,115,75493,260,210,0,210,1
2020-07-13,Alameda,001,1643700,10031,8115,11,8126,148
2020-07-13,Alpine,003,1148,3,1,0,1,0
2020-07-13,Amador,005,37829,64,42,0,42,0
2020-07-13,Butte,007,227075,674,354,8,362,4
2020-07-13,Calaveras,009,45235,83,63,0,63,0
2020-07-13,Colusa,011,21464,242,116,0,116,0
2020-07-13,Contra Costa,013,1133247,6737,4882,11,4893,88
2020-07-13,Del Norte,015,27424,74,59,0,59,0
2020-07-13,El Dorado,017,186661,526,298,0,298,0
2020-07-13,Fresno,019,978130,15290,8666,99,8765,95
2020-07-13,Glenn,021,27897,262,168,0,168,0
2020-07-13,Humboldt,023,135768,204,174,1,175,4
2020-07-13,Imperial,025,180216,9330,7052,4,7056,109
2020-07-13,Inyo,027,18085,41,35,0,35,1
2020-07-13,Kern,029,883053,16960,6808,50,6858,107
2020-07-13,Kings,031,150075,3488,2824,22,2846,37
2020-07-13,Lake,033,64148,166,118,0,118,1
2020-07-13,Lassen,035,31185,495,237,2,239,0
2020-07-13,Los Angeles,037,10098052,157902,136368,219,136587,3829
2020-07-13,Madera,039,155013,1745,1059,2,1061,4
2020-07-13,Marin,041,260295,4370,3402,4,3406,21
2020-07-13,Mariposa,043,17540,40,31,0,31,1
2020-07-13,Mendocino,045,87422,181,87,0,87,0
2020-07-13,Merced,047,269075,3364,2007,1,2008,12
2020-07-13,Modoc,049,8938,1,0,0,0,0
2020-07-13,Mono,051,14174,81,47,0,47,1
2020-07-13,Monterey,053,433212,3555,2613,8,2621,18
2020-07-13,Napa,055,140530,739,534,0,534,4
2020-07-13,Nevada,057,99092,243,172,5,177,1
2020-07-13,Orange,059,3164182,34457,25978,386,26364,423
2020-07-13,Placer,061,380077,1538,1096,1,1097,11
2020-07-13,Plumas,063,18699,22,14,0,14,0
2020-07-13,Riverside,065,2383286,34060,27136,20,27156,545
2020-07-13,Sacramento,067,1510023,8029,5747,6,5753,85
2020-07-13,San Benito,069,59416,470,343,0,343,2
2020-07-13,San Bernardino,071,2135413,29313,19610,42,19652,313
2020-07-13,San Diego,073,3302833,25288,20348,2,20350,422
2020-07-13,San Francisco,075,870044,5434,4534,3,4537,50
2020-07-13,San Joaquin,077,732212,9563,6927,5,6932,71
2020-07-13,San Luis Obispo,079,281455,1466,989,5,994,5
2020-07-13,San Mateo,081,765935,4891,4057,4,4061,108
2020-07-13,Santa Barbara,083,443738,5857,4441,33,4474,28
2020-07-13,Santa Clara,085,1922200,8626,6488,9,6497,164
2020-07-13,Santa Cruz,087,273765,806,574,8,582,3
2020-07-13,Shasta,089,179085,314,185,1,186,6
2020-07-13,Sierra,091,2930,1,1,0,1,0
2020-07-13,Siskiyou,093,43540,60,37,0,37,0
2020-07-13,Solano,095,438530,3064,2046,10,2056,23
2020-07-13,Sonoma,097,501317,2397,1818,5,1823,14
2020-07-13,Stanislaus,099,539301,7595,5324,7,5331,53
2020-07-13,Sutter,101,95872,484,379,0,379,2
2020-07-13,Tehama,103,63373,155,112,2,114,1
2020-07-13,Trinity,105,12862,13,2,4,6,0
2020-07-13,Tulare,107,460477,7887,5930,22,5952,147
2020-07-13,Tuolumne,109,53932,96,56,2,58,0
2020-07-13,Ventura,111,848112,6451,4800,18,4818,50
2020-07-13,Yolo,113,214977,1281,941,3,944,27
2020-07-13,Yuba,115,75493,245,194,0,194,1
2020-07-12,Alameda,001,1643700,9760,8056,11,8067,148
2020-07-12,Alpine,003,1148,3,1,0,1,0
2020-07-12,Amador,005,37829,54,40,0,40,0
2020-07-12,Butte,007,227075,624,341,7,348,4
2020-07-12,Calaveras,009,45235,83,62,0,62,0
2020-07-12,Colusa,011,21464,208,116,0,116,0
2020-07-12,Contra Costa,013,1133247,6466,4708,9,4717,88
2020-07-12,Del Norte,015,27424,63,59,0,59,0
2020-07-12,El Dorado,017,186661,504,290,0,290,0
2020-07-12,Fresno,019,978130,14864,8407,96,8503,95
2020-07-12,Glenn,021,27897,249,166,0,166,0
2020-07-12,Humboldt,023,135768,200,174,1,175,4
2020-07-12,Imperial,025,180216,9211,6999,4,7003,109
2020-07-12,Inyo,027,18085,39,35,0,35,1
2020-07-12,Kern,029,883053,16216,6662,47,6709,105
2020-07-12,Kings,031,150075,3426,2779,22,2801,34
2020-07-12,Lake,033,64148,157,114,0,114,1
2020-07-12,Lassen,035,31185,488,237,2,239,0
2020-07-12,Los Angeles,037,10098052,154481,133830,190,134020,3816
2020-07-12,Madera,039,155013,1690,1025,2,1027,4
2020-07-12,Marin,041,260295,4293,3358,4,3362,21
2020-07-12,Mariposa,043,17540,39,31,0,31,1
2020-07-12,Mendocino,045,87422,162,88,0,88,0
2020-07-12,Merced,047,269075,3234,1908,1,1909,12
2020-07-12,Modoc,049,8938,1,0,0,0,0
2020-07-12,Mono,051,14174,71,45,0,45,1
2020-07-12,Monterey,053,433212,3440,2521,8,2529,18
2020-07-12,Napa,055,140530,707,519,0,519,4
2020-07-12,Nevada,057,99092,233,166,5,171,1
2020-07-12,Orange,059,3164182,33583,25399,377,25776,422
2020-07-12,Placer,061,380077,1482,1058,1,1059,11
2020-07-12,Plumas,063,18699,21,14,0,14,0
2020-07-12,Riverside,065,2383286,33301,26404,20,26424,542
2020-07-12,Sacramento,067,1510023,7717,5515,4,5519,85
2020-07-12,San Benito,069,59416,455,324,0,324,2
2020-07-12,San Bernardino,071,2135413,28401,19042,37,19079,312
2020-07-12,San Diego,073,3302833,24659,19929,2,19931,422
2020-07-12,San Francisco,075,870044,5284,4535,3,4538,50
2020-07-12,San Joaquin,077,732212,9201,6703,5,6708,71
2020-07-12,San Luis Obispo,079,281455,1419,972,5,977,5
2020-07-12,San Mateo,081,765935,4773,3988,4,3992,108
2020-07-12,Santa Barbara,083,443738,5727,4353,32,4385,28
2020-07-12,Santa Clara,085,1922200,8388,6252,9,6261,164
2020-07-12,Santa Cruz,087,273765,764,573,6,579,3
2020-07-12,Shasta,089,179085,308,173,1,174,6
2020-07-12,Sierra,091,2930,1,1,0,1,0
2020-07-12,Siskiyou,093,43540,58,36,0,36,0
2020-07-12,Solano,095,438530,2939,2037,10,2047,23
2020-07-12,Sonoma,097,501317,2302,1743,5,1748,13
2020-07-12,Stanislaus,099,539301,7291,5177,7,5184,53
2020-07-12,Sutter,101,95872,466,362,0,362,2
2020-07-12,Tehama,103,63373,148,111,2,113,1
2020-07-12,Trinity,105,12862,13,2,4,6,0
2020-07-12,Tulare,107,460477,7632,5864,21,5885,146
2020-07-12,Tuolumne,109,53932,88,52,2,54,0
2020-07-12,Ventura,111,848112,6235,4724,17,4741,50
2020-07-12,Yolo,113,214977,1240,889,3,892,27
2020-07-12,Yuba,115,75493,234,188,0,188,1
2020-07-11,Alameda,001,1643700,9658,7845,11,7856,148
2020-07-11,Alpine,003,1148,3,1,0,1,0
2020-07-11,Amador,005,37829,50,37,0,37,0
2020-07-11,Butte,007,227075,608,325,7,332,4
2020-07-11,Calaveras,009,45235,80,62,0,62,0
2020-07-11,Colusa,011,21464,203,110,0,110,0
2020-07-11,Contra Costa,013,1133247,6349,4650,9,4659,87
2020-07-11,Del Norte,015,27424,63,59,0,59,0
2020-07-11,El Dorado,017,186661,493,283,0,283,0
2020-07-11,Fresno,019,978130,14604,8086,94,8180,95
2020-07-11,Glenn,021,27897,241,161,0,161,0
2020-07-11,Humboldt,023,135768,199,174,1,175,4
2020-07-11,Imperial,025,180216,9172,6884,4,6888,109
2020-07-11,Inyo,027,18085,39,35,0,35,1
2020-07-11,Kern,029,883053,15859,6509,46,6555,103
2020-07-11,Kings,031,150075,3399,2753,22,2775,33
2020-07-11,Lake,033,64148,156,110,0,110,1
2020-07-11,Lassen,035,31185,487,237,2,239,0
2020-07-11,Los Angeles,037,10098052,152762,130479,180,130659,3802
2020-07-11,Madera,039,155013,1649,988,2,990,4
2020-07-11,Marin,041,260295,4265,3191,4,3195,21
2020-07-11,Mariposa,043,17540,39,31,0,31,1
2020-07-11,Mendocino,045,87422,158,88,0,88,0
2020-07-11,Merced,047,269075,3153,1851,1,1852,12
2020-07-11,Modoc,049,8938,1,0,0,0,0
2020-07-11,Mono,051,14174,68,45,0,45,1
2020-07-11,Monterey,053,433212,3351,2376,7,2383,18
2020-07-11,Napa,055,140530,695,509,0,509,4
2020-07-11,Nevada,057,99092,224,163,4,167,1
2020-07-11,Orange,059,3164182,33206,24430,363,24793,422
2020-07-11,Placer,061,380077,1447,1029,1,1030,11
2020-07-11,Plumas,063,18699,21,12,0,12,0
2020-07-11,Riverside,065,2383286,32910,25994,20,26014,538
2020-07-11,Sacramento,067,1510023,7543,5367,4,5371,84
2020-07-11,San Benito,069,59416,440,314,0,314,2
2020-07-11,San Bernardino,071,2135413,27964,18907,35,18942,310
2020-07-11,San Diego,073,3302833,24274,19371,2,19373,422
2020-07-11,San Francisco,075,870044,5188,4430,2,4432,50
2020-07-11,San Joaquin,077,732212,9023,6518,5,6523,72
2020-07-11,San Luis Obispo,079,281455,1371,930,5,935,4
2020-07-11,San Mateo,081,765935,4705,3956,4,3960,108
2020-07-11,Santa Barbara,083,443738,5658,4283,31,4314,28
2020-07-11,Santa Clara,085,1922200,8229,5959,9,5968,164
2020-07-11,Santa Cruz,087,273765,733,571,6,577,3
2020-07-11,Shasta,089,179085,301,168,1,169,6
2020-07-11,Sierra,091,2930,1,1,0,1,0
2020-07-11,Siskiyou,093,43540,58,36,0,36,0
2020-07-11,Solano,095,438530,2898,2034,10,2044,23
2020-07-11,Sonoma,097,501317,2265,1690,5,1695,13
2020-07-11,Stanislaus,099,539301,7150,4911,7,4918,51
2020-07-11,Sutter,101,95872,450,352,0,352,2
2020-07-11,Tehama,103,63373,146,111,2,113,1
2020-07-11,Trinity,105,12862,13,2,4,6,0
2020-07-11,Tulare,107,460477,7526,5780,21,5801,149
2020-07-11,Tuolumne,109,53932,86,50,2,52,0
2020-07-11,Ventura,111,848112,6139,4545,16,4561,49
2020-07-11,Yolo,113,214977,1210,833,3,836,27
2020-07-11,Yuba,115,75493,224,175,0,175,1
2020-07-10,Alameda,001,1643700,9501,7551,11,7562,147
2020-07-10,Alpine,003,1148,3,1,0,1,0
2020-07-10,Amador,005,37829,46,37,0,37,0
2020-07-10,Butte,007,227075,597,318,7,325,4
2020-07-10,Calaveras,009,45235,80,61,0,61,0
2020-07-10,Colusa,011,21464,197,103,0,103,0
2020-07-10,Contra Costa,013,1133247,6206,4482,9,4491,86
2020-07-10,Del Norte,015,27424,63,57,0,57,0
2020-07-10,El Dorado,017,186661,475,266,0,266,0
2020-07-10,Fresno,019,978130,14272,7760,91,7851,93
2020-07-10,Glenn,021,27897,236,157,0,157,0
2020-07-10,Humboldt,023,135768,198,168,1,169,4
2020-07-10,Imperial,025,180216,9127,6878,4,6882,98
2020-07-10,Inyo,027,18085,39,35,0,35,1
2020-07-10,Kern,029,883053,15426,6344,45,6389,102
2020-07-10,Kings,031,150075,3364,2707,22,2729,33
2020-07-10,Lake,033,64148,149,104,0,104,1
2020-07-10,Lassen,035,31185,486,235,2,237,0
2020-07-10,Los Angeles,037,10098052,150343,127503,174,127677,3750
2020-07-10,Madera,039,155013,1603,914,2,916,4
2020-07-10,Marin,041,260295,4202,3101,4,3105,21
2020-07-10,Mariposa,043,17540,38,31,0,31,1
2020-07-10,Mendocino,045,87422,150,88,0,88,0
2020-07-10,Merced,047,269075,3074,1802,1,1803,12
2020-07-10,Modoc,049,8938,1,0,0,0,0
2020-07-10,Mono,051,14174,67,45,0,45,1
2020-07-10,Monterey,053,433212,3272,2285,7,2292,18
2020-07-10,Napa,055,140530,684,496,0,496,4
2020-07-10,Nevada,057,99092,219,161,4,165,1
2020-07-10,Orange,059,3164182,32616,23692,360,24052,416
2020-07-10,Placer,061,380077,1407,1002,1,1003,11
2020-07-10,Plumas,063,18699,19,12,0,12,0
2020-07-10,Riverside,065,2383286,32393,25481,20,25501,533
2020-07-10,Sacramento,067,1510023,7288,5181,4,5185,81
2020-07-10,San Benito,069,59416,431,302,0,302,2
2020-07-10,San Bernardino,071,2135413,27438,18242,32,18274,308
2020-07-10,San Diego,073,3302833,23893,18862,2,18864,420
2020-07-10,San Francisco,075,870044,5097,4305,2,4307,50
2020-07-10,San Joaquin,077,732212,8790,6225,5,6230,67
2020-07-10,San Luis Obispo,079,281455,1333,891,5,896,4
2020-07-10,San Mateo,081,765935,4640,3844,4,3848,107
2020-07-10,Santa Barbara,083,443738,5561,4177,30,4207,28
2020-07-10,Santa Clara,085,1922200,8005,5819,9,5828,164
2020-07-10,Santa Cruz,087,273765,706,540,6,546,3
2020-07-10,Shasta,089,179085,297,158,1,159,6
2020-07-10,Sierra,091,2930,1,1,0,1,0
2020-07-10,Siskiyou,093,43540,58,31,0,31,0
2020-07-10,Solano,095,438530,2851,1950,10,1960,23
2020-07-10,Sonoma,097,501317,2218,1606,4,1610,13
2020-07-10,Stanislaus,099,539301,6980,4781,7,4788,46
2020-07-10,Sutter,101,95872,443,338,0,338,2
2020-07-10,Tehama,103,63373,145,107,2,109,1
2020-07-10,Trinity,105,12862,13,2,4,6,0
2020-07-10,Tulare,107,460477,7389,5677,21,5698,150
2020-07-10,Tuolumne,109,53932,85,49,2,51,0
2020-07-10,Ventura,111,848112,6025,4416,16,4432,48
2020-07-10,Yolo,113,214977,1186,794,3,797,27
2020-07-10,Yuba,115,75493,210,164,0,164,1
2020-07-09,Alameda,001,1643700,9265,7433,11,7444,146
2020-07-09,Alpine,003,1148,3,1,0,1,0
2020-07-09,Amador,005,37829,43,36,0,36,0
2020-07-09,Butte,007,227075,565,295,7,302,4
2020-07-09,Calaveras,009,45235,79,59,0,59,0
2020-07-09,Colusa,011,21464,189,97,0,97,0
2020-07-09,Contra Costa,013,1133247,5962,4388,9,4397,86
2020-07-09,Del Norte,015,27424,63,57,0,57,0
2020-07-09,El Dorado,017,186661,451,255,0,255,0
2020-07-09,Fresno,019,978130,13816,7385,89,7474,90
2020-07-09,Glenn,021,27897,226,150,0,150,0
2020-07-09,Humboldt,023,135768,195,166,1,167,4
2020-07-09,Imperial,025,180216,9032,6778,4,6782,87
2020-07-09,Inyo,027,18085,37,35,0,35,1
2020-07-09,Kern,029,883053,14781,6100,43,6143,95
2020-07-09,Kings,031,150075,3301,2686,21,2707,33
2020-07-09,Lake,033,64148,146,99,0,99,1
2020-07-09,Lassen,035,31185,430,221,2,223,0
2020-07-09,Los Angeles,037,10098052,147077,125062,148,125210,3698
2020-07-09,Madera,039,155013,1526,850,2,852,4
2020-07-09,Marin,041,260295,4051,2975,4,2979,20
2020-07-09,Mariposa,043,17540,38,32,0,32,1
2020-07-09,Mendocino,045,87422,146,88,0,88,0
2020-07-09,Merced,047,269075,2941,1728,1,1729,11
2020-07-09,Modoc,049,8938,1,0,0,0,0
2020-07-09,Mono,051,14174,63,45,0,45,1
2020-07-09,Monterey,053,433212,3147,2223,7,2230,17
2020-07-09,Napa,055,140530,667,468,0,468,4
2020-07-09,Nevada,057,99092,213,156,4,160,1
2020-07-09,Orange,059,3164182,31646,22960,342,23302,407
2020-07-09,Placer,061,380077,1364,982,1,983,11
2020-07-09,Plumas,063,18699,19,12,0,12,0
2020-07-09,Riverside,065,2383286,31499,24980,19,24999,529
2020-07-09,Sacramento,067,1510023,6961,4950,4,4954,81
2020-07-09,San Benito,069,59416,415,295,0,295,2
2020-07-09,San Bernardino,071,2135413,26566,17339,27,17366,307
2020-07-09,San Diego,073,3302833,23301,18404,2,18406,415
2020-07-09,San Francisco,075,870044,4965,4143,2,4145,50
2020-07-09,San Joaquin,077,732212,8431,6004,5,6009,66
2020-07-09,San Luis Obispo,079,281455,1294,869,5,874,3
2020-07-09,San Mateo,081,765935,4513,3792,4,3796,106
2020-07-09,Santa Barbara,083,443738,5428,4068,30,4098,28
2020-07-09,Santa Clara,085,1922200,7748,5638,9,5647,164
2020-07-09,Santa Cruz,087,273765,679,526,6,532,3
2020-07-09,Shasta,089,179085,291,155,1,156,5
2020-07-09,Sierra,091,2930,1,1,0,1,0
2020-07-09,Siskiyou,093,43540,54,31,0,31,0
2020-07-09,Solano,095,438530,2753,1892,10,1902,23
2020-07-09,Sonoma,097,501317,2132,1584,4,1588,13
2020-07-09,Stanislaus,099,539301,6664,4633,6,4639,46
2020-07-09,Sutter,101,95872,426,321,0,321,2
2020-07-09,Tehama,103,63373,140,102,2,104,1
2020-07-09,Trinity,105,12862,13,2,4,6,0
2020-07-09,Tulare,107,460477,7171,5501,18,5519,146
2020-07-09,Tuolumne,109,53932,84,47,2,49,0
2020-07-09,Ventura,111,848112,5857,4278,16,4294,47
2020-07-09,Yolo,113,214977,1139,764,3,767,27
2020-07-09,Yuba,115,75493,193,152,0,152,1
2020-07-08,Alameda,001,1643700,8973,7335,11,7346,142
2020-07-08,Alpine,003,1148,3,1,0,1,0
2020-07-08,Amador,005,37829,40,35,0,35,0
2020-07-08,Butte,007,227075,528,281,7,288,3
2020-07-08,Calaveras,009,45235,74,58,0,58,0
2020-07-08,Colusa,011,21464,176,90,0,90,0
2020-07-08,Contra Costa,013,1133247,5716,4268,7,4275,84
2020-07-08,Del Norte,015,27424,61,57,0,57,0
2020-07-08,El Dorado,017,186661,430,248,0,248,0
2020-07-08,Fresno,019,978130,13400,7102,83,7185,86
2020-07-08,Glenn,021,27897,215,146,0,146,0
2020-07-08,Humboldt,023,135768,192,162,1,163,4
2020-07-08,Imperial,025,180216,8944,6727,4,6731,76
2020-07-08,Inyo,027,18085,37,35,0,35,1
2020-07-08,Kern,029,883053,14203,5873,41,5914,91
2020-07-08,Kings,031,150075,3241,2629,19,2648,33
2020-07-08,Lake,033,64148,139,97,0,97,1
2020-07-08,Lassen,035,31185,334,221,2,223,0
2020-07-08,Los Angeles,037,10098052,143860,123462,119,123581,3650
2020-07-08,Madera,039,155013,1456,828,2,830,4
2020-07-08,Marin,041,260295,3952,2756,4,2760,17
2020-07-08,Mariposa,043,17540,38,31,0,31,1
2020-07-08,Mendocino,045,87422,133,84,0,84,0
2020-07-08,Merced,047,269075,2822,1578,1,1579,11
2020-07-08,Modoc,049,8938,1,0,0,0,0
2020-07-08,Mono,051,14174,60,45,0,45,1
2020-07-08,Monterey,053,433212,3029,2182,6,2188,17
2020-07-08,Napa,055,140530,644,468,0,468,4
2020-07-08,Nevada,057,99092,204,156,4,160,1
2020-07-08,Orange,059,3164182,30689,22088,337,22425,378
2020-07-08,Placer,061,380077,1318,948,1,949,11
2020-07-08,Plumas,063,18699,19,12,0,12,0
2020-07-08,Riverside,065,2383286,30534,24042,17,24059,508
2020-07-08,Sacramento,067,1510023,6673,4799,4,4803,80
2020-07-08,San Benito,069,59416,399,282,0,282,2
2020-07-08,San Bernardino,071,2135413,25713,16510,23,16533,296
2020-07-08,San Diego,073,3302833,22734,17844,2,17846,406
2020-07-08,San Francisco,075,870044,4876,4093,2,4095,50
2020-07-08,San Joaquin,077,732212,8088,5759,5,5764,61
2020-07-08,San Luis Obispo,079,281455,1243,825,5,830,2
2020-07-08,San Mateo,081,765935,4392,3733,4,3737,106
2020-07-08,Santa Barbara,083,443738,5309,3985,30,4015,28
2020-07-08,Santa Clara,085,1922200,7515,5510,9,5519,164
2020-07-08,Santa Cruz,087,273765,646,509,5,514,3
2020-07-08,Shasta,089,179085,282,148,1,149,6
2020-07-08,Sierra,091,2930,1,1,0,1,0
2020-07-08,Siskiyou,093,43540,54,31,0,31,0
2020-07-08,Solano,095,438530,2637,1821,10,1831,23
2020-07-08,Sonoma,097,501317,2057,1495,4,1499,9
2020-07-08,Stanislaus,099,539301,6364,4344,6,4350,46
2020-07-08,Sutter,101,95872,401,298,0,298,2
2020-07-08,Tehama,103,63373,134,100,2,102,1
2020-07-08,Trinity,105,12862,12,2,4,6,0
2020-07-08,Tulare,107,460477,6979,5307,13,5320,138
2020-07-08,Tuolumne,109,53932,80,42,2,44,0
2020-07-08,Ventura,111,848112,5692,4139,16,4155,47
2020-07-08,Yolo,113,214977,1096,727,3,730,26
2020-07-08,Yuba,115,75493,180,145,0,145,1
2020-07-07,Alameda,001,1643700,8654,7097,10,7107,141
2020-07-07,Alpine,003,1148,3,1,0,1,0
2020-07-07,Amador,005,37829,40,33,0,33,0
2020-07-07,Butte,007,227075,485,269,7,276,3
2020-07-07,Calaveras,009,45235,72,58,0,58,0
2020-07-07,Colusa,011,21464,143,84,0,84,0
2020-07-07,Contra Costa,013,1133247,5479,4131,6,4137,84
2020-07-07,Del Norte,015,27424,61,57,0,57,0
2020-07-07,El Dorado,017,186661,410,244,0,244,0
2020-07-07,Fresno,019,978130,12947,6738,83,6821,84
2020-07-07,Glenn,021,27897,206,145,0,145,0
2020-07-07,Humboldt,023,135768,189,150,1,151,4
2020-07-07,Imperial,025,180216,8845,6678,4,6682,51
2020-07-07,Inyo,027,18085,36,32,0,32,1
2020-07-07,Kern,029,883053,13504,5645,37,5682,88
2020-07-07,Kings,031,150075,3179,2623,15,2638,33
2020-07-07,Lake,033,64148,129,94,0,94,1
2020-07-07,Lassen,035,31185,263,219,2,221,0
2020-07-07,Los Angeles,037,10098052,140291,121026,110,121136,3588
2020-07-07,Madera,039,155013,1412,794,2,796,4
2020-07-07,Marin,041,260295,3863,2627,4,2631,17
2020-07-07,Mariposa,043,17540,38,31,0,31,1
2020-07-07,Mendocino,045,87422,125,82,0,82,0
2020-07-07,Merced,047,269075,2648,1531,1,1532,10
2020-07-07,Modoc,049,8938,1,0,0,0,0
2020-07-07,Mono,051,14174,59,42,0,42,1
2020-07-07,Monterey,053,433212,2886,2166,6,2172,17
2020-07-07,Napa,055,140530,625,459,0,459,4
2020-07-07,Nevada,057,99092,198,150,4,154,1
2020-07-07,Orange,059,3164182,29678,21741,323,22064,373
2020-07-07,Placer,061,380077,1277,930,1,931,11
2020-07-07,Plumas,063,18699,17,12,0,12,0
2020-07-07,Riverside,065,2383286,29519,23279,17,23296,499
2020-07-07,Sacramento,067,1510023,6330,4592,4,4596,76
2020-07-07,San Benito,069,59416,381,274,0,274,2
2020-07-07,San Bernardino,071,2135413,24843,16004,19,16023,277
2020-07-07,San Diego,073,3302833,22019,17580,2,17582,399
2020-07-07,San Francisco,075,870044,4784,4045,1,4046,50
2020-07-07,San Joaquin,077,732212,7745,5547,5,5552,59
2020-07-07,San Luis Obispo,079,281455,1182,795,5,800,2
2020-07-07,San Mateo,081,765935,4277,3691,4,3695,106
2020-07-07,Santa Barbara,083,443738,5180,3866,29,3895,27
2020-07-07,Santa Clara,085,1922200,7246,5438,9,5447,164
2020-07-07,Santa Cruz,087,273765,612,502,4,506,2
2020-07-07,Shasta,089,179085,269,144,1,145,6
2020-07-07,Sierra,091,2930,1,1,0,1,0
2020-07-07,Siskiyou,093,43540,53,30,0,30,0
2020-07-07,Solano,095,438530,2526,1776,9,1785,22
2020-07-07,Sonoma,097,501317,1986,1473,4,1477,8
2020-07-07,Stanislaus,099,539301,6025,4101,6,4107,46
2020-07-07,Sutter,101,95872,375,273,0,273,2
2020-07-07,Tehama,103,63373,125,95,2,97,1
2020-07-07,Trinity,105,12862,12,2,4,6,0
2020-07-07,Tulare,107,460477,6801,5189,11,5200,137
2020-07-07,Tuolumne,109,53932,74,40,2,42,0
2020-07-07,Ventura,111,848112,5523,3992,14,4006,46
2020-07-07,Yolo,113,214977,1028,706,3,709,26
2020-07-07,Yuba,115,75493,160,138,0,138,1
2020-07-06,Alameda,001,1643700,8416,6970,10,6980,141
2020-07-06,Alpine,003,1148,2,1,0,1,0
2020-07-06,Amador,005,37829,38,33,0,33,0
2020-07-06,Butte,007,227075,429,257,7,264,2
2020-07-06,Calaveras,009,45235,69,45,0,45,0
2020-07-06,Colusa,011,21464,134,80,0,80,0
2020-07-06,Contra Costa,013,1133247,5249,3901,5,3906,83
2020-07-06,Del Norte,015,27424,60,57,0,57,0
2020-07-06,El Dorado,017,186661,395,232,0,232,0
2020-07-06,Fresno,019,978130,12479,6364,77,6441,82
2020-07-06,Glenn,021,27897,198,129,0,129,0
2020-07-06,Humboldt,023,135768,187,148,1,149,3
2020-07-06,Imperial,025,180216,8726,6443,4,6447,47
2020-07-06,Inyo,027,18085,36,32,0,32,1
2020-07-06,Kern,029,883053,12698,5491,35,5526,82
2020-07-06,Kings,031,150075,3130,2583,9,2592,33
2020-07-06,Lake,033,64148,122,93,0,93,1
2020-07-06,Lassen,035,31185,261,219,2,221,0
2020-07-06,Los Angeles,037,10098052,136680,116707,96,116803,3541
2020-07-06,Madera,039,155013,1342,734,2,736,4
2020-07-06,Marin,041,260295,3623,2136,4,2140,17
2020-07-06,Mariposa,043,17540,36,31,0,31,1
2020-07-06,Mendocino,045,87422,108,72,0,72,0
2020-07-06,Merced,047,269075,2497,1396,1,1397,10
2020-07-06,Modoc,049,8938,1,0,0,0,0
2020-07-06,Mono,051,14174,58,40,0,40,1
2020-07-06,Monterey,053,433212,2798,2078,6,2084,15
2020-07-06,Napa,055,140530,607,454,0,454,4
2020-07-06,Nevada,057,99092,192,146,4,150,1
2020-07-06,Orange,059,3164182,28617,20167,285,20452,372
2020-07-06,Placer,061,380077,1215,904,1,905,11
2020-07-06,Plumas,063,18699,17,11,0,11,0
2020-07-06,Riverside,065,2383286,28469,22485,16,22501,477
2020-07-06,Sacramento,067,1510023,5980,4420,4,4424,71
2020-07-06,San Benito,069,59416,366,264,0,264,2
2020-07-06,San Bernardino,071,2135413,23987,15346,16,15362,272
2020-07-06,San Diego,073,3302833,21305,17002,2,17004,387
2020-07-06,San Francisco,075,870044,4663,3861,1,3862,50
2020-07-06,San Joaquin,077,732212,7375,5104,5,5109,57
2020-07-06,San Luis Obispo,079,281455,1124,751,5,756,2
2020-07-06,San Mateo,081,765935,4185,3650,4,3654,106
2020-07-06,Santa Barbara,083,443738,5043,3763,28,3791,27
2020-07-06,Santa Clara,085,1922200,6975,5369,9,5378,165
2020-07-06,Santa Cruz,087,273765,590,466,3,469,2
2020-07-06,Shasta,089,179085,259,143,1,144,6
2020-07-06,Sierra,091,2930,1,1,0,1,0
2020-07-06,Siskiyou,093,43540,49,30,0,30,0
2020-07-06,Solano,095,438530,2393,1668,9,1677,22
2020-07-06,Sonoma,097,501317,1922,1369,4,1373,8
2020-07-06,Stanislaus,099,539301,5623,3983,6,3989,46
2020-07-06,Sutter,101,95872,348,250,0,250,2
2020-07-06,Tehama,103,63373,122,95,2,97,1
2020-07-06,Trinity,105,12862,11,2,4,6,0
2020-07-06,Tulare,107,460477,6596,5039,9,5048,136
2020-07-06,Tuolumne,109,53932,71,30,2,32,0
2020-07-06,Ventura,111,848112,5330,3912,14,3926,44
2020-07-06,Yolo,113,214977,972,685,3,688,26
2020-07-06,Yuba,115,75493,146,124,0,124,1
2020-07-05,Alameda,001,1643700,8164,6861,10,6871,141
2020-07-05,Alpine,003,1148,2,1,0,1,0
2020-07-05,Amador,005,37829,36,31,0,31,0
2020-07-05,Butte,007,227075,394,248,7,255,2
2020-07-05,Calaveras,009,45235,66,45,0,45,0
2020-07-05,Colusa,011,21464,124,79,0,79,0
2020-07-05,Contra Costa,013,1133247,5009,3665,4,3669,80
2020-07-05,Del Norte,015,27424,60,57,0,57,0
2020-07-05,El Dorado,017,186661,377,227,0,227,0
2020-07-05,Fresno,019,978130,11914,6186,75,6261,82
2020-07-05,Glenn,021,27897,195,129,0,129,0
2020-07-05,Humboldt,023,135768,183,147,1,148,3
2020-07-05,Imperial,025,180216,8592,6441,4,6445,47
2020-07-05,Inyo,027,18085,35,32,0,32,1
2020-07-05,Kern,029,883053,11988,5351,35,5386,82
2020-07-05,Kings,031,150075,3047,2546,8,2554,31
2020-07-05,Lake,033,64148,122,92,0,92,1
2020-07-05,Lassen,035,31185,255,219,2,221,0
2020-07-05,Los Angeles,037,10098052,133460,115133,90,115223,3495
2020-07-05,Madera,039,155013,1263,564,2,566,4
2020-07-05,Marin,041,260295,3440,2080,4,2084,17
2020-07-05,Mariposa,043,17540,36,31,0,31,1
2020-07-05,Mendocino,045,87422,105,72,0,72,0
2020-07-05,Merced,047,269075,2352,1340,1,1341,10
2020-07-05,Modoc,049,8938,1,0,0,0,0
2020-07-05,Mono,051,14174,54,39,0,39,1
2020-07-05,Monterey,053,433212,2695,1994,6,2000,15
2020-07-05,Napa,055,140530,577,450,0,450,4
2020-07-05,Nevada,057,99092,186,141,4,145,1
2020-07-05,Orange,059,3164182,27674,19430,270,19700,372
2020-07-05,Placer,061,380077,1158,855,1,856,11
2020-07-05,Plumas,063,18699,16,11,0,11,0
2020-07-05,Riverside,065,2383286,27612,21511,16,21527,474
2020-07-05,Sacramento,067,1510023,5665,4265,3,4268,71
2020-07-05,San Benito,069,59416,347,258,0,258,2
2020-07-05,San Bernardino,071,2135413,23109,15026,16,15042,270
2020-07-05,San Diego,073,3302833,20617,16728,2,16730,387
2020-07-05,San Francisco,075,870044,4545,3861,1,3862,50
2020-07-05,San Joaquin,077,732212,7056,5015,5,5020,57
2020-07-05,San Luis Obispo,079,281455,1045,730,5,735,2
2020-07-05,San Mateo,081,765935,4074,3575,4,3579,106
2020-07-05,Santa Barbara,083,443738,4896,3671,25,3696,27
2020-07-05,Santa Clara,085,1922200,6686,5237,9,5246,162
2020-07-05,Santa Cruz,087,273765,572,467,1,468,2
2020-07-05,Shasta,089,179085,253,138,1,139,6
2020-07-05,Sierra,091,2930,1,1,0,1,0
2020-07-05,Siskiyou,093,43540,45,30,0,30,0
2020-07-05,Solano,095,438530,2273,1547,9,1556,22
2020-07-05,Sonoma,097,501317,1841,1369,4,1373,8
2020-07-05,Stanislaus,099,539301,5292,3777,6,3783,45
2020-07-05,Sutter,101,95872,320,241,0,241,2
2020-07-05,Tehama,103,63373,120,95,2,97,1
2020-07-05,Trinity,105,12862,11,2,4,6,0
2020-07-05,Tulare,107,460477,6337,4981,7,4988,135
2020-07-05,Tuolumne,109,53932,66,30,2,32,0
2020-07-05,Ventura,111,848112,5127,3866,14,3880,44
2020-07-05,Yolo,113,214977,932,644,3,647,26
2020-07-05,Yuba,115,75493,136,115,0,115,1
2020-07-04,Alameda,001,1643700,8052,6737,10,6747,141
2020-07-04,Alpine,003,1148,2,1,0,1,0
2020-07-04,Amador,005,37829,35,31,0,31,0
2020-07-04,Butte,007,227075,376,224,7,231,2
2020-07-04,Calaveras,009,45235,66,45,0,45,0
2020-07-04,Colusa,011,21464,123,76,0,76,0
2020-07-04,Contra Costa,013,1133247,4862,3583,4,3587,80
2020-07-04,Del Norte,015,27424,60,50,0,50,0
2020-07-04,El Dorado,017,186661,357,211,0,211,0
2020-07-04,Fresno,019,978130,11598,5999,73,6072,82
2020-07-04,Glenn,021,27897,188,128,0,128,0
2020-07-04,Humboldt,023,135768,176,144,1,145,3
2020-07-04,Imperial,025,180216,8544,6441,4,6445,47
2020-07-04,Inyo,027,18085,35,32,0,32,1
2020-07-04,Kern,029,883053,11684,5231,35,5266,81
2020-07-04,Kings,031,150075,3004,2509,8,2517,31
2020-07-04,Lake,033,64148,115,86,0,86,1
2020-07-04,Lassen,035,31185,255,219,2,221,0
2020-07-04,Los Angeles,037,10098052,131644,107256,79,107335,3462
2020-07-04,Madera,039,155013,1217,568,2,570,4
2020-07-04,Marin,041,260295,3411,1962,4,1966,17
2020-07-04,Mariposa,043,17540,36,28,0,28,1
2020-07-04,Mendocino,045,87422,105,72,0,72,0
2020-07-04,Merced,047,269075,2249,1252,1,1253,10
2020-07-04,Modoc,049,8938,1,0,0,0,0
2020-07-04,Mono,051,14174,54,37,0,37,1
2020-07-04,Monterey,053,433212,2615,1878,6,1884,15
2020-07-04,Napa,055,140530,568,426,0,426,4
2020-07-04,Nevada,057,99092,183,125,4,129,1
2020-07-04,Orange,059,3164182,27240,19247,255,19502,372
2020-07-04,Placer,061,380077,1123,796,1,797,11
2020-07-04,Plumas,063,18699,16,11,0,11,0
2020-07-04,Riverside,065,2383286,27245,21508,16,21524,474
2020-07-04,Sacramento,067,1510023,5494,4039,3,4042,71
2020-07-04,San Benito,069,59416,334,255,0,255,2
2020-07-04,San Bernardino,071,2135413,22682,14636,14,14650,270
2020-07-04,San Diego,073,3302833,20157,16166,2,16168,387
2020-07-04,San Francisco,075,870044,4453,3861,1,3862,50
2020-07-04,San Joaquin,077,732212,6843,4807,5,4812,57
2020-07-04,San Luis Obispo,079,281455,1005,699,5,704,2
2020-07-04,San Mateo,081,765935,4011,3532,4,3536,106
2020-07-04,Santa Barbara,083,443738,4821,3520,23,3543,27
2020-07-04,Santa Clara,085,1922200,6494,5045,8,5053,161
2020-07-04,Santa Cruz,087,273765,562,466,1,467,2
2020-07-04,Shasta,089,179085,250,135,1,136,6
2020-07-04,Sierra,091,2930,1,1,0,1,0
2020-07-04,Siskiyou,093,43540,38,30,0,30,0
2020-07-04,Solano,095,438530,2237,1548,9,1557,22
2020-07-04,Sonoma,097,501317,1815,1370,4,1374,8
2020-07-04,Stanislaus,099,539301,5134,3572,6,3578,44
2020-07-04,Sutter,101,95872,301,225,0,225,2
2020-07-04,Tehama,103,63373,117,92,2,94,1
2020-07-04,Trinity,105,12862,11,2,4,6,0
2020-07-04,Tulare,107,460477,6225,4802,6,4808,135
2020-07-04,Tuolumne,109,53932,62,30,2,32,0
2020-07-04,Ventura,111,848112,5003,3687,14,3701,44
2020-07-04,Yolo,113,214977,907,615,3,618,26
2020-07-04,Yuba,115,75493,129,102,0,102,1
2020-07-03,Alameda,001,1643700,7931,6486,10,6496,141
2020-07-03,Alpine,003,1148,2,1,0,1,0
2020-07-03,Amador,005,37829,35,25,0,25,0
2020-07-03,Butte,007,227075,364,212,7,219,2
2020-07-03,Calaveras,009,45235,66,44,0,44,0
2020-07-03,Colusa,011,21464,117,70,0,70,0
2020-07-03,Contra Costa,013,1133247,4728,3447,4,3451,78
2020-07-03,Del Norte,015,27424,60,50,0,50,0
2020-07-03,El Dorado,017,186661,345,201,0,201,0
2020-07-03,Fresno,019,978130,11293,5783,71,5854,81
2020-07-03,Glenn,021,27897,183,122,0,122,0
2020-07-03,Humboldt,023,135768,172,143,1,144,3
2020-07-03,Imperial,025,180216,8496,6345,4,6349,47
2020-07-03,Inyo,027,18085,35,32,0,32,1
2020-07-03,Kern,029,883053,11423,5213,35,5248,81
2020-07-03,Kings,031,150075,2968,2492,8,2500,31
2020-07-03,Lake,033,64148,108,83,0,83,0
2020-07-03,Lassen,035,31185,255,219,2,221,0
2020-07-03,Los Angeles,037,10098052,130127,107236,75,107311,3461
2020-07-03,Madera,039,155013,1172,565,2,567,4
2020-07-03,Marin,041,260295,3382,1776,4,1780,17
2020-07-03,Mariposa,043,17540,36,28,0,28,1
2020-07-03,Mendocino,045,87422,104,72,0,72,0
2020-07-03,Merced,047,269075,2183,1188,1,1189,10
2020-07-03,Modoc,049,8938,1,0,0,0,0
2020-07-03,Mono,051,14174,54,37,0,37,1
2020-07-03,Monterey,053,433212,2544,1804,6,1810,15
2020-07-03,Napa,055,140530,550,388,0,388,4
2020-07-03,Nevada,057,99092,182,125,4,129,1
2020-07-03,Orange,059,3164182,26848,18819,247,19066,366
2020-07-03,Placer,061,380077,1096,745,1,746,11
2020-07-03,Plumas,063,18699,16,11,0,11,0
2020-07-03,Riverside,065,2383286,26939,21171,16,21187,472
2020-07-03,Sacramento,067,1510023,5360,3711,3,3714,71
2020-07-03,San Benito,069,59416,327,243,0,243,2
2020-07-03,San Bernardino,071,2135413,22293,14040,14,14054,269
2020-07-03,San Diego,073,3302833,19701,15698,2,15700,387
2020-07-03,San Francisco,075,870044,4406,3781,1,3782,50
2020-07-03,San Joaquin,077,732212,6705,4416,4,4420,56
2020-07-03,San Luis Obispo,079,281455,970,676,5,681,2
2020-07-03,San Mateo,081,765935,3954,3439,4,3443,106
2020-07-03,Santa Barbara,083,443738,4734,3406,22,3428,27
2020-07-03,Santa Clara,085,1922200,6383,4820,8,4828,161
2020-07-03,Santa Cruz,087,273765,549,436,1,437,2
2020-07-03,Shasta,089,179085,242,113,1,114,6
2020-07-03,Sierra,091,2930,1,1,0,1,0
2020-07-03,Siskiyou,093,43540,35,30,0,30,0
2020-07-03,Solano,095,438530,2193,1496,8,1504,22
2020-07-03,Sonoma,097,501317,1767,1282,4,1286,8
2020-07-03,Stanislaus,099,539301,5009,3021,6,3027,43
2020-07-03,Sutter,101,95872,291,205,0,205,2
2020-07-03,Tehama,103,63373,115,89,2,91,1
2020-07-03,Trinity,105,12862,11,2,4,6,0
2020-07-03,Tulare,107,460477,6110,4656,6,4662,134
2020-07-03,Tuolumne,109,53932,60,27,2,29,0
2020-07-03,Ventura,111,848112,4907,3536,14,3550,44
2020-07-03,Yolo,113,214977,873,586,3,589,25
2020-07-03,Yuba,115,75493,124,96,0,96,1
2020-07-02,Alameda,001,1643700,7805,6386,10,6396,139
2020-07-02,Alpine,003,1148,2,1,0,1,0
2020-07-02,Amador,005,37829,34,23,0,23,0
2020-07-02,Butte,007,227075,347,199,7,206,2
2020-07-02,Calaveras,009,45235,62,42,0,42,0
2020-07-02,Colusa,011,21464,109,60,0,60,0
2020-07-02,Contra Costa,013,1133247,4545,3347,4,3351,77
2020-07-02,Del Norte,015,27424,59,50,0,50,0
2020-07-02,El Dorado,017,186661,334,193,0,193,0
2020-07-02,Fresno,019,978130,10835,5402,70,5472,78
2020-07-02,Glenn,021,27897,177,114,0,114,0
2020-07-02,Humboldt,023,135768,168,138,1,139,3
2020-07-02,Imperial,025,180216,8393,6236,4,6240,47
2020-07-02,Inyo,027,18085,35,29,0,29,1
2020-07-02,Kern,029,883053,10887,5036,33,5069,78
2020-07-02,Kings,031,150075,2918,2419,8,2427,31
2020-07-02,Lake,033,64148,104,81,0,81,0
2020-07-02,Lassen,035,31185,253,218,2,220,0
2020-07-02,Los Angeles,037,10098052,128108,107144,52,107196,3458
2020-07-02,Madera,039,155013,1104,548,2,550,4
2020-07-02,Marin,041,260295,3297,1706,4,1710,17
2020-07-02,Mariposa,043,17540,35,28,0,28,1
2020-07-02,Mendocino,045,87422,100,71,0,71,0
2020-07-02,Merced,047,269075,2086,1122,1,1123,10
2020-07-02,Modoc,049,8938,1,0,0,0,0
2020-07-02,Mono,051,14174,54,37,0,37,1
2020-07-02,Monterey,053,433212,2484,1796,6,1802,15
2020-07-02,Napa,055,140530,533,352,0,352,4
2020-07-02,Nevada,057,99092,176,118,4,122,1
2020-07-02,Orange,059,3164182,26081,17056,234,17290,360
2020-07-02,Placer,061,380077,1072,740,1,741,11
2020-07-02,Plumas,063,18699,15,8,0,8,0
2020-07-02,Riverside,065,2383286,26368,20253,16,20269,458
2020-07-02,Sacramento,067,1510023,5133,3587,3,3590,70
2020-07-02,San Benito,069,59416,319,236,0,236,2
2020-07-02,San Bernardino,071,2135413,21756,13185,14,13199,260
2020-07-02,San Diego,073,3302833,19239,15208,2,15210,377
2020-07-02,San Francisco,075,870044,4311,3676,1,3677,50
2020-07-02,San Joaquin,077,732212,6358,4243,4,4247,56
2020-07-02,San Luis Obispo,079,281455,925,659,5,664,2
2020-07-02,San Mateo,081,765935,3873,3390,4,3394,107
2020-07-02,Santa Barbara,083,443738,4634,3385,20,3405,27
2020-07-02,Santa Clara,085,1922200,6257,4722,8,4730,160
2020-07-02,Santa Cruz,087,273765,526,414,1,415,2
2020-07-02,Shasta,089,179085,239,110,1,111,5
2020-07-02,Sierra,091,2930,1,1,0,1,0
2020-07-02,Siskiyou,093,43540,35,30,0,30,0
2020-07-02,Solano,095,438530,2110,1429,8,1437,21
2020-07-02,Sonoma,097,501317,1709,1244,4,1248,6
2020-07-02,Stanislaus,099,539301,4837,2850,6,2856,41
2020-07-02,Sutter,101,95872,279,195,0,195,2
2020-07-02,Tehama,103,63373,113,86,2,88,1
2020-07-02,Trinity,105,12862,11,2,4,6,0
2020-07-02,Tulare,107,460477,5944,4559,5,4564,132
2020-07-02,Tuolumne,109,53932,57,23,2,25,0
2020-07-02,Ventura,111,848112,4751,3394,14,3408,42
2020-07-02,Yolo,113,214977,841,554,3,557,24
2020-07-02,Yuba,115,75493,114,93,0,93,1
2020-07-01,Alameda,001,1643700,7583,6125,10,6135,137
2020-07-01,Alpine,003,1148,2,1,0,1,0
2020-07-01,Amador,005,37829,33,22,0,22,0
2020-07-01,Butte,007,227075,322,185,7,192,2
2020-07-01,Calaveras,009,45235,60,37,0,37,0
2020-07-01,Colusa,011,21464,103,53,0,53,0
2020-07-01,Contra Costa,013,1133247,4333,3259,4,3263,76
2020-07-01,Del Norte,015,27424,59,50,0,50,0
2020-07-01,El Dorado,017,186661,307,183,0,183,0
2020-07-01,Fresno,019,978130,10402,5111,67,5178,76
2020-07-01,Glenn,021,27897,170,110,0,110,0
2020-07-01,Humboldt,023,135768,163,134,0,134,3
2020-07-01,Imperial,025,180216,8295,6150,4,6154,46
2020-07-01,Inyo,027,18085,34,30,0,30,1
2020-07-01,Kern,029,883053,10254,4853,31,4884,78
2020-07-01,Kings,031,150075,2850,2360,8,2368,30
2020-07-01,Lake,033,64148,103,75,0,75,0
2020-07-01,Lassen,035,31185,252,217,2,219,0
2020-07-01,Los Angeles,037,10098052,124903,105325,42,105367,3408
2020-07-01,Madera,039,155013,1063,519,2,521,4
2020-07-01,Marin,041,260295,3140,1636,4,1640,17
2020-07-01,Mariposa,043,17540,35,29,0,29,1
2020-07-01,Mendocino,045,87422,96,70,0,70,0
2020-07-01,Merced,047,269075,1986,1052,1,1053,10
2020-07-01,Modoc,049,8938,1,0,0,0,0
2020-07-01,Mono,051,14174,51,37,0,37,1
2020-07-01,Monterey,053,433212,2376,1703,6,1709,15
2020-07-01,Napa,055,140530,510,347,0,347,4
2020-07-01,Nevada,057,99092,166,115,4,119,1
2020-07-01,Orange,059,3164182,25194,15662,212,15874,343
2020-07-01,Placer,061,380077,1025,713,1,714,11
2020-07-01,Plumas,063,18699,13,8,0,8,0
2020-07-01,Riverside,065,2383286,25527,19537,15,19552,457
2020-07-01,Sacramento,067,1510023,4878,3425,3,3428,64
2020-07-01,San Benito,069,59416,310,219,0,219,2
2020-07-01,San Bernardino,071,2135413,20859,12712,11,12723,253
2020-07-01,San Diego,073,3302833,18680,14624,2,14626,372
2020-07-01,San Francisco,075,870044,4218,3626,1,3627,50
2020-07-01,San Joaquin,077,732212,6000,3990,4,3994,54
2020-07-01,San Luis Obispo,079,281455,899,613,5,618,1
2020-07-01,San Mateo,081,765935,3811,3326,4,3330,84
2020-07-01,Santa Barbara,083,443738,4514,3268,19,3287,27
2020-07-01,Santa Clara,085,1922200,6071,4547,7,4554,159
2020-07-01,Santa Cruz,087,273765,505,398,0,398,2
2020-07-01,Shasta,089,179085,234,104,1,105,5
2020-07-01,Sierra,091,2930,1,1,0,1,0
2020-07-01,Siskiyou,093,43540,35,28,0,28,0
2020-07-01,Solano,095,438530,2021,1350,8,1358,21
2020-07-01,Sonoma,097,501317,1613,1178,4,1182,6
2020-07-01,Stanislaus,099,539301,4558,2619,6,2625,41
2020-07-01,Sutter,101,95872,266,188,0,188,2
2020-07-01,Tehama,103,63373,106,80,2,82,1
2020-07-01,Trinity,105,12862,11,2,3,5,0
2020-07-01,Tulare,107,460477,5765,4359,5,4364,128
2020-07-01,Tuolumne,109,53932,54,17,2,19,0
2020-07-01,Ventura,111,848112,4608,3224,12,3236,41
2020-07-01,Yolo,113,214977,791,526,3,529,24
2020-07-01,Yuba,115,75493,109,57,0,57,1
2020-06-30,Alameda,001,1643700,7334,5959,8,5967,137
2020-06-30,Alpine,003,1148,2,1,0,1,0
2020-06-30,Amador,005,37829,33,21,0,21,0
2020-06-30,Butte,007,227075,305,163,7,170,2
2020-06-30,Calaveras,009,45235,55,31,0,31,0
2020-06-30,Colusa,011,21464,94,33,0,33,0
2020-06-30,Contra Costa,013,1133247,4127,3140,4,3144,75
2020-06-30,Del Norte,015,27424,59,48,0,48,0
2020-06-30,El Dorado,017,186661,294,175,0,175,0
2020-06-30,Fresno,019,978130,9954,4826,63,4889,75
2020-06-30,Glenn,021,27897,165,96,0,96,0
2020-06-30,Humboldt,023,135768,159,132,0,132,3
2020-06-30,Imperial,025,180216,8198,5968,4,5972,45
2020-06-30,Inyo,027,18085,34,30,0,30,1
2020-06-30,Kern,029,883053,9606,4721,27,4748,75
2020-06-30,Kings,031,150075,2801,2315,5,2320,30
2020-06-30,Lake,033,64148,95,56,0,56,0
2020-06-30,Lassen,035,31185,245,215,2,217,0
2020-06-30,Los Angeles,037,10098052,121313,103640,39,103679,3378
2020-06-30,Madera,039,155013,1006,475,2,477,4
2020-06-30,Marin,041,260295,3069,1614,4,1618,17
2020-06-30,Mariposa,043,17540,34,27,0,27,1
2020-06-30,Mendocino,045,87422,91,65,0,65,0
2020-06-30,Merced,047,269075,1849,970,1,971,10
2020-06-30,Modoc,049,8938,1,0,0,0,0
2020-06-30,Mono,051,14174,49,36,0,36,1
2020-06-30,Monterey,053,433212,2278,1657,6,1663,15
2020-06-30,Napa,055,140530,485,342,0,342,4
2020-06-30,Nevada,057,99092,158,113,4,117,1
2020-06-30,Orange,059,3164182,24263,14354,202,14556,335
2020-06-30,Placer,061,380077,998,667,1,668,11
2020-06-30,Plumas,063,18699,12,8,0,8,0
2020-06-30,Riverside,065,2383286,24811,18656,14,18670,449
2020-06-30,Sacramento,067,1510023,4589,3246,3,3249,64
2020-06-30,San Benito,069,59416,299,200,0,200,2
2020-06-30,San Bernardino,071,2135413,19875,12375,11,12386,249
2020-06-30,San Diego,073,3302833,17976,14150,2,14152,365
2020-06-30,San Francisco,075,870044,4112,3555,1,3556,50
2020-06-30,San Joaquin,077,732212,5625,3744,4,3748,52
2020-06-30,San Luis Obispo,079,281455,862,583,5,588,1
2020-06-30,San Mateo,081,765935,3733,3268,4,3272,84
2020-06-30,Santa Barbara,083,443738,4397,3102,19,3121,25
2020-06-30,Santa Clara,085,1922200,5870,4346,7,4353,157
2020-06-30,Santa Cruz,087,273765,480,379,0,379,2
2020-06-30,Shasta,089,179085,218,100,1,101,5
2020-06-30,Sierra,091,2930,1,1,0,1,0
2020-06-30,Siskiyou,093,43540,34,26,0,26,0
2020-06-30,Solano,095,438530,1929,1256,8,1264,21
2020-06-30,Sonoma,097,501317,1548,1122,4,1126,6
2020-06-30,Stanislaus,099,539301,4260,2578,6,2584,41
2020-06-30,Sutter,101,95872,243,168,0,168,2
2020-06-30,Tehama,103,63373,104,75,2,77,1
2020-06-30,Trinity,105,12862,11,2,3,5,0
2020-06-30,Tulare,107,460477,5558,4207,5,4212,117
2020-06-30,Tuolumne,109,53932,50,16,2,18,0
2020-06-30,Ventura,111,848112,4474,3030,12,3042,40
2020-06-30,Yolo,113,214977,753,515,3,518,24
2020-06-30,Yuba,115,75493,105,55,0,55,1
2020-06-29,Alameda,001,1643700,7124,5766,8,5774,135
2020-06-29,Alpine,003,1148,2,1,0,1,0
2020-06-29,Amador,005,37829,30,20,0,20,0
2020-06-29,Butte,007,227075,284,157,7,164,2
2020-06-29,Calaveras,009,45235,53,30,0,30,0
2020-06-29,Colusa,011,21464,89,17,0,17,0
2020-06-29,Contra Costa,013,1133247,3964,2976,3,2979,75
2020-06-29,Del Norte,015,27424,59,47,0,47,0
2020-06-29,El Dorado,017,186661,280,163,0,163,0
2020-06-29,Fresno,019,978130,9606,4531,62,4593,74
2020-06-29,Glenn,021,27897,156,77,0,77,0
2020-06-29,Humboldt,023,135768,158,128,0,128,3
2020-06-29,Imperial,025,180216,8067,5512,4,5516,45
2020-06-29,Inyo,027,18085,33,29,0,29,1
2020-06-29,Kern,029,883053,8942,4613,25,4638,73
2020-06-29,Kings,031,150075,2737,2280,5,2285,20
2020-06-29,Lake,033,64148,88,53,0,53,0
2020-06-29,Lassen,035,31185,237,77,2,79,0
2020-06-29,Los Angeles,037,10098052,118266,100846,33,100879,3337
2020-06-29,Madera,039,155013,949,422,2,424,4
2020-06-29,Marin,041,260295,2993,1517,4,1521,17
2020-06-29,Mariposa,043,17540,32,25,0,25,1
2020-06-29,Mendocino,045,87422,88,63,0,63,0
2020-06-29,Merced,047,269075,1743,848,1,849,10
2020-06-29,Modoc,049,8938,1,0,0,0,0
2020-06-29,Mono,051,14174,47,35,0,35,1
2020-06-29,Monterey,053,433212,2206,1614,6,1620,14
2020-06-29,Napa,055,140530,464,317,0,317,4
2020-06-29,Nevada,057,99092,155,107,3,110,1
2020-06-29,Orange,059,3164182,23273,13682,186,13868,324
2020-06-29,Placer,061,380077,962,628,1,629,11
2020-06-29,Plumas,063,18699,12,6,0,6,0
2020-06-29,Riverside,065,2383286,23778,17683,14,17697,432
2020-06-29,Sacramento,067,1510023,4302,2985,3,2988,62
2020-06-29,San Benito,069,59416,284,193,0,193,2
2020-06-29,San Bernardino,071,2135413,18914,11643,11,11654,245
2020-06-29,San Diego,073,3302833,17400,13834,2,13836,361
2020-06-29,San Francisco,075,870044,4035,3389,1,3390,50
2020-06-29,San Joaquin,077,732212,5267,3202,4,3206,52
2020-06-29,San Luis Obispo,079,281455,828,544,5,549,1
2020-06-29,San Mateo,081,765935,3679,3170,4,3174,84
2020-06-29,Santa Barbara,083,443738,4287,2933,18,2951,25
2020-06-29,Santa Clara,085,1922200,5698,4231,7,4238,157
2020-06-29,Santa Cruz,087,273765,462,348,0,348,2
2020-06-29,Shasta,089,179085,210,94,1,95,5
2020-06-29,Sierra,091,2930,1,1,0,1,0
2020-06-29,Siskiyou,093,43540,34,25,0,25,0
2020-06-29,Solano,095,438530,1827,1077,8,1085,21
2020-06-29,Sonoma,097,501317,1476,1103,4,1107,5
2020-06-29,Stanislaus,099,539301,4054,2400,5,2405,36
2020-06-29,Sutter,101,95872,221,152,0,152,2
2020-06-29,Tehama,103,63373,100,63,2,65,1
2020-06-29,Trinity,105,12862,10,2,3,5,0
2020-06-29,Tulare,107,460477,5405,3906,4,3910,117
2020-06-29,Tuolumne,109,53932,46,16,2,18,0
2020-06-29,Ventura,111,848112,4327,2794,12,2806,40
2020-06-29,Yolo,113,214977,720,483,3,486,24
2020-06-29,Yuba,115,75493,92,55,0,55,1
2020-06-28,Alameda,001,1643700,6865,5698,8,5706,135
2020-06-28,Alpine,003,1148,2,1,0,1,0
2020-06-28,Amador,005,37829,28,20,0,20,0
2020-06-28,Butte,007,227075,264,150,7,157,2
2020-06-28,Calaveras,009,45235,48,30,0,30,0
2020-06-28,Colusa,011,21464,74,17,0,17,0
2020-06-28,Contra Costa,013,1133247,3774,2803,3,2806,73
2020-06-28,Del Norte,015,27424,58,47,0,47,0
2020-06-28,El Dorado,017,186661,268,162,0,162,0
2020-06-28,Fresno,019,978130,9245,4365,62,4427,74
2020-06-28,Glenn,021,27897,148,77,0,77,0
2020-06-28,Humboldt,023,135768,155,127,0,127,3
2020-06-28,Imperial,025,180216,7879,5513,4,5517,45
2020-06-28,Inyo,027,18085,33,29,0,29,1
2020-06-28,Kern,029,883053,8389,4541,23,4564,72
2020-06-28,Kings,031,150075,2678,2234,5,2239,18
2020-06-28,Lake,033,64148,84,53,0,53,0
2020-06-28,Lassen,035,31185,237,77,2,79,0
2020-06-28,Los Angeles,037,10098052,115062,98003,29,98032,3316
2020-06-28,Madera,039,155013,901,424,2,426,4
2020-06-28,Marin,041,260295,2647,1473,4,1477,17
2020-06-28,Mariposa,043,17540,32,24,0,24,1
2020-06-28,Mendocino,045,87422,86,63,0,63,0
2020-06-28,Merced,047,269075,1630,814,1,815,10
2020-06-28,Modoc,049,8938,1,0,0,0,0
2020-06-28,Mono,051,14174,47,35,0,35,1
2020-06-28,Monterey,053,433212,2124,1560,6,1566,13
2020-06-28,Napa,055,140530,430,307,0,307,4
2020-06-28,Nevada,057,99092,144,102,3,105,1
2020-06-28,Orange,059,3164182,22297,13213,167,13380,324
2020-06-28,Placer,061,380077,923,618,1,619,11
2020-06-28,Plumas,063,18699,11,6,0,6,0
2020-06-28,Riverside,065,2383286,22951,16848,13,16861,432
2020-06-28,Sacramento,067,1510023,4074,2803,3,2806,63
2020-06-28,San Benito,069,59416,273,190,0,190,2
2020-06-28,San Bernardino,071,2135413,18160,11344,10,11354,245
2020-06-28,San Diego,073,3302833,16855,13333,2,13335,361
2020-06-28,San Francisco,075,870044,3956,3388,1,3389,50
2020-06-28,San Joaquin,077,732212,4930,3201,4,3205,52
2020-06-28,San Luis Obispo,079,281455,789,531,4,535,1
2020-06-28,San Mateo,081,765935,3601,3124,4,3128,84
2020-06-28,Santa Barbara,083,443738,4142,2872,18,2890,25
2020-06-28,Santa Clara,085,1922200,5536,4131,7,4138,156
2020-06-28,Santa Cruz,087,273765,439,349,0,349,2
2020-06-28,Shasta,089,179085,197,89,0,89,5
2020-06-28,Sierra,091,2930,1,1,0,1,0
2020-06-28,Siskiyou,093,43540,34,25,0,25,0
2020-06-28,Solano,095,438530,1752,1077,8,1085,21
2020-06-28,Sonoma,097,501317,1422,1084,4,1088,5
2020-06-28,Stanislaus,099,539301,3848,2376,5,2381,36
2020-06-28,Sutter,101,95872,195,145,0,145,2
2020-06-28,Tehama,103,63373,93,63,2,65,1
2020-06-28,Trinity,105,12862,10,2,3,5,0
2020-06-28,Tulare,107,460477,5240,3812,4,3816,117
2020-06-28,Tuolumne,109,53932,41,14,2,16,0
2020-06-28,Ventura,111,848112,4169,2650,12,2662,40
2020-06-28,Yolo,113,214977,685,468,3,471,24
2020-06-28,Yuba,115,75493,88,39,0,39,1
2020-06-27,Alameda,001,1643700,6770,5581,8,5589,135
2020-06-27,Alpine,003,1148,2,1,0,1,0
2020-06-27,Amador,005,37829,26,20,0,20,0
2020-06-27,Butte,007,227075,256,137,7,144,2
2020-06-27,Calaveras,009,45235,46,30,0,30,0
2020-06-27,Colusa,011,21464,68,17,0,17,0
2020-06-27,Contra Costa,013,1133247,3679,2717,2,2719,72
2020-06-27,Del Norte,015,27424,58,47,0,47,0
2020-06-27,El Dorado,017,186661,262,159,0,159,0
2020-06-27,Fresno,019,978130,8999,4238,62,4300,74
2020-06-27,Glenn,021,27897,144,77,0,77,0
2020-06-27,Humboldt,023,135768,153,127,0,127,3
2020-06-27,Imperial,025,180216,7817,5513,4,5517,45
2020-06-27,Inyo,027,18085,33,29,0,29,1
2020-06-27,Kern,029,883053,8125,4411,22,4433,70
2020-06-27,Kings,031,150075,2652,2187,5,2192,18
2020-06-27,Lake,033,64148,81,42,0,42,0
2020-06-27,Lassen,035,31185,237,33,2,35,0
2020-06-27,Los Angeles,037,10098052,113321,95341,26,95367,3291
2020-06-27,Madera,039,155013,858,427,1,428,4
2020-06-27,Marin,041,260295,2602,1423,4,1427,17
2020-06-27,Mariposa,043,17540,31,22,0,22,1
2020-06-27,Mendocino,045,87422,86,63,0,63,0
2020-06-27,Merced,047,269075,1572,807,0,807,10
2020-06-27,Modoc,049,8938,1,0,0,0,0
2020-06-27,Mono,051,14174,46,35,0,35,1
2020-06-27,Monterey,053,433212,2060,1455,6,1461,12
2020-06-27,Napa,055,140530,420,282,0,282,3
2020-06-27,Nevada,057,99092,140,102,2,104,1
2020-06-27,Orange,059,3164182,21785,12951,162,13113,320
2020-06-27,Placer,061,380077,902,584,1,585,10
2020-06-27,Plumas,063,18699,11,6,0,6,0
2020-06-27,Riverside,065,2383286,22561,16209,13,16222,432
2020-06-27,Sacramento,067,1510023,3957,2685,3,2688,63
2020-06-27,San Benito,069,59416,266,182,0,182,2
2020-06-27,San Bernardino,071,2135413,17782,11238,10,11248,243
2020-06-27,San Diego,073,3302833,16490,12836,2,12838,360
2020-06-27,San Francisco,075,870044,3901,3332,1,3333,49
2020-06-27,San Joaquin,077,732212,4765,2995,4,2999,52
2020-06-27,San Luis Obispo,079,281455,765,505,4,509,1
2020-06-27,San Mateo,081,765935,3544,3083,4,3087,83
2020-06-27,Santa Barbara,083,443738,4070,2799,18,2817,25
2020-06-27,Santa Clara,085,1922200,5431,4006,7,4013,157
2020-06-27,Santa Cruz,087,273765,432,347,0,347,2
2020-06-27,Shasta,089,179085,192,87,0,87,5
2020-06-27,Sierra,091,2930,1,1,0,1,0
2020-06-27,Siskiyou,093,43540,34,25,0,25,0
2020-06-27,Solano,095,438530,1719,1076,8,1084,21
2020-06-27,Sonoma,097,501317,1391,1004,4,1008,5
2020-06-27,Stanislaus,099,539301,3748,2164,5,2169,36
2020-06-27,Sutter,101,95872,188,141,0,141,2
2020-06-27,Tehama,103,63373,90,63,2,65,1
2020-06-27,Trinity,105,12862,10,2,3,5,0
2020-06-27,Tulare,107,460477,5144,3810,4,3814,117
2020-06-27,Tuolumne,109,53932,40,13,2,15,0
2020-06-27,Ventura,111,848112,4070,2471,12,2483,40
2020-06-27,Yolo,113,214977,660,432,3,435,24
2020-06-27,Yuba,115,75493,80,39,0,39,1
2020-06-26,Alameda,001,1643700,6684,5502,7,5509,132
2020-06-26,Alpine,003,1148,2,1,0,1,0
2020-06-26,Amador,005,37829,25,20,0,20,0
2020-06-26,Butte,007,227075,241,135,7,142,2
2020-06-26,Calaveras,009,45235,44,30,0,30,0
2020-06-26,Colusa,011,21464,63,17,0,17,0
2020-06-26,Contra Costa,013,1133247,3566,2676,2,2678,72
2020-06-26,Del Norte,015,27424,57,47,0,47,0
2020-06-26,El Dorado,017,186661,254,159,0,159,0
2020-06-26,Fresno,019,978130,8773,4166,62,4228,74
2020-06-26,Glenn,021,27897,137,71,0,71,0
2020-06-26,Humboldt,023,135768,151,126,0,126,3
2020-06-26,Imperial,025,180216,7754,5400,4,5404,44
2020-06-26,Inyo,027,18085,32,29,0,29,1
2020-06-26,Kern,029,883053,7794,4366,22,4388,70
2020-06-26,Kings,031,150075,2620,2176,4,2180,18
2020-06-26,Lake,033,64148,80,42,0,42,0
2020-06-26,Lassen,035,31185,236,30,2,32,0
2020-06-26,Los Angeles,037,10098052,111156,93328,26,93354,3275
2020-06-26,Madera,039,155013,826,409,1,410,4
2020-06-26,Marin,041,260295,2566,1406,4,1410,17
2020-06-26,Mariposa,043,17540,30,21,0,21,1
2020-06-26,Mendocino,045,87422,83,63,0,63,0
2020-06-26,Merced,047,269075,1526,797,0,797,10
2020-06-26,Modoc,049,8938,1,0,0,0,0
2020-06-26,Mono,051,14174,45,35,0,35,1
2020-06-26,Monterey,053,433212,2008,1449,6,1455,12
2020-06-26,Napa,055,140530,410,277,0,277,3
2020-06-26,Nevada,057,99092,136,101,1,102,1
2020-06-26,Orange,059,3164182,21108,12659,160,12819,320
2020-06-26,Placer,061,380077,874,584,1,585,10
2020-06-26,Plumas,063,18699,11,6,0,6,0
2020-06-26,Riverside,065,2383286,22099,15858,13,15871,430
2020-06-26,Sacramento,067,1510023,3792,2687,3,2690,63
2020-06-26,San Benito,069,59416,262,176,0,176,2
2020-06-26,San Bernardino,071,2135413,17405,11111,10,11121,243
2020-06-26,San Diego,073,3302833,16125,12402,2,12404,358
2020-06-26,San Francisco,075,870044,3845,3330,1,3331,49
2020-06-26,San Joaquin,077,732212,4551,2943,4,2947,52
2020-06-26,San Luis Obispo,079,281455,750,498,4,502,1
2020-06-26,San Mateo,081,765935,3492,3055,4,3059,83
2020-06-26,Santa Barbara,083,443738,3980,2784,16,2800,25
2020-06-26,Santa Clara,085,1922200,5330,3968,7,3975,156
2020-06-26,Santa Cruz,087,273765,425,344,0,344,2
2020-06-26,Shasta,089,179085,185,86,0,86,5
2020-06-26,Sierra,091,2930,1,1,0,1,0
2020-06-26,Siskiyou,093,43540,33,24,0,24,0
2020-06-26,Solano,095,438530,1677,1068,8,1076,21
2020-06-26,Sonoma,097,501317,1359,977,4,981,5
2020-06-26,Stanislaus,099,539301,3635,2157,5,2162,36
2020-06-26,Sutter,101,95872,181,138,0,138,2
2020-06-26,Tehama,103,63373,87,63,2,65,1
2020-06-26,Trinity,105,12862,10,2,3,5,0
2020-06-26,Tulare,107,460477,5055,3720,4,3724,117
2020-06-26,Tuolumne,109,53932,38,10,2,12,0
2020-06-26,Ventura,111,848112,3984,2444,12,2456,40
2020-06-26,Yolo,113,214977,636,418,3,421,24
2020-06-26,Yuba,115,75493,74,38,0,38,1
2020-06-25,Alameda,001,1643700,6493,5398,7,5405,130
2020-06-25,Alpine,003,1148,2,1,0,1,0
2020-06-25,Amador,005,37829,24,18,0,18,0
2020-06-25,Butte,007,227075,236,127,7,134,1
2020-06-25,Calaveras,009,45235,39,26,0,26,0
2020-06-25,Colusa,011,21464,53,14,0,14,0
2020-06-25,Contra Costa,013,1133247,3381,2591,2,2593,71
2020-06-25,Del Norte,015,27424,55,47,0,47,0
2020-06-25,El Dorado,017,186661,246,150,0,150,0
2020-06-25,Fresno,019,978130,8461,3938,61,3999,71
2020-06-25,Glenn,021,27897,132,59,0,59,0
2020-06-25,Humboldt,023,135768,150,121,0,121,3
2020-06-25,Imperial,025,180216,7626,5192,4,5196,44
2020-06-25,Inyo,027,18085,29,27,0,27,1
2020-06-25,Kern,029,883053,7369,4236,19,4255,69
2020-06-25,Kings,031,150075,2568,2110,4,2114,17
2020-06-25,Lake,033,64148,79,42,0,42,0
2020-06-25,Lassen,035,31185,230,13,2,15,0
2020-06-25,Los Angeles,037,10098052,108388,91524,26,91550,3239
2020-06-25,Madera,039,155013,782,380,1,381,4
2020-06-25,Marin,041,260295,2464,1321,4,1325,17
2020-06-25,Mariposa,043,17540,29,20,0,20,1
2020-06-25,Mendocino,045,87422,80,61,0,61,0
2020-06-25,Merced,047,269075,1439,747,0,747,10
2020-06-25,Modoc,049,8938,1,0,0,0,0
2020-06-25,Mono,051,14174,44,35,0,35,1
2020-06-25,Monterey,053,433212,1920,1426,5,1431,12
2020-06-25,Napa,055,140530,392,260,0,260,3
2020-06-25,Nevada,057,99092,128,92,1,93,1
2020-06-25,Orange,059,3164182,20186,12221,158,12379,311
2020-06-25,Placer,061,380077,820,574,1,575,10
2020-06-25,Plumas,063,18699,10,6,0,6,0
2020-06-25,Riverside,065,2383286,21344,15224,13,15237,427
2020-06-25,Sacramento,067,1510023,3569,2519,3,2522,62
2020-06-25,San Benito,069,59416,254,174,0,174,2
2020-06-25,San Bernardino,071,2135413,16653,10590,10,10600,242
2020-06-25,San Diego,073,3302833,15586,11963,2,11965,352
2020-06-25,San Francisco,075,870044,3780,3252,1,3253,48
2020-06-25,San Joaquin,077,732212,4278,2803,4,2807,50
2020-06-25,San Luis Obispo,079,281455,718,473,4,477,1
2020-06-25,San Mateo,081,765935,3424,2996,4,3000,82
2020-06-25,Santa Barbara,083,443738,3874,2622,15,2637,25
2020-06-25,Santa Clara,085,1922200,5182,3871,7,3878,156
2020-06-25,Santa Cruz,087,273765,413,335,0,335,2
2020-06-25,Shasta,089,179085,175,84,0,84,5
2020-06-25,Sierra,091,2930,1,1,0,1,0
2020-06-25,Siskiyou,093,43540,32,24,0,24,0
2020-06-25,Solano,095,438530,1624,1034,8,1042,21
2020-06-25,Sonoma,097,501317,1312,953,3,956,5
2020-06-25,Stanislaus,099,539301,3423,2130,5,2135,36
2020-06-25,Sutter,101,95872,169,126,0,126,2
2020-06-25,Tehama,103,63373,83,59,2,61,1
2020-06-25,Trinity,105,12862,10,2,3,5,0
2020-06-25,Tulare,107,460477,4925,3656,4,3660,117
2020-06-25,Tuolumne,109,53932,37,10,2,12,0
2020-06-25,Ventura,111,848112,3802,2346,11,2357,40
2020-06-25,Yolo,113,214977,606,397,3,400,24
2020-06-25,Yuba,115,75493,63,38,0,38,1
2020-06-24,Alameda,001,1643700,6331,5242,7,5249,123
2020-06-24,Alpine,003,1148,2,1,0,1,0
2020-06-24,Amador,005,37829,22,16,0,16,0
2020-06-24,Butte,007,227075,220,119,7,126,1
2020-06-24,Calaveras,009,45235,37,26,0,26,0
2020-06-24,Colusa,011,21464,44,11,0,11,0
2020-06-24,Contra Costa,013,1133247,3226,2520,2,2522,66
2020-06-24,Del Norte,015,27424,49,47,0,47,0
2020-06-24,El Dorado,017,186661,230,149,0,149,0
2020-06-24,Fresno,019,978130,8130,3765,61,3826,71
2020-06-24,Glenn,021,27897,124,54,0,54,0
2020-06-24,Humboldt,023,135768,150,117,0,117,3
2020-06-24,Imperial,025,180216,7508,5138,4,5142,38
2020-06-24,Inyo,027,18085,29,28,0,28,1
2020-06-24,Kern,029,883053,6976,4155,17,4172,67
2020-06-24,Kings,031,150075,2506,2063,4,2067,16
2020-06-24,Lake,033,64148,66,40,0,40,0
2020-06-24,Lassen,035,31185,229,9,2,11,0
2020-06-24,Los Angeles,037,10098052,105629,89566,26,89592,3186
2020-06-24,Madera,039,155013,760,373,1,374,4
2020-06-24,Marin,041,260295,2236,1261,4,1265,17
2020-06-24,Mariposa,043,17540,28,19,0,19,1
2020-06-24,Mendocino,045,87422,80,60,0,60,0
2020-06-24,Merced,047,269075,1353,696,0,696,8
2020-06-24,Modoc,049,8938,1,0,0,0,0
2020-06-24,Mono,051,14174,42,35,0,35,1
2020-06-24,Monterey,053,433212,1843,1407,5,1412,12
2020-06-24,Napa,055,140530,374,258,0,258,3
2020-06-24,Nevada,057,99092,122,92,1,93,1
2020-06-24,Orange,059,3164182,19189,11804,139,11943,303
2020-06-24,Placer,061,380077,781,548,1,549,10
2020-06-24,Plumas,063,18699,10,6,0,6,0
2020-06-24,Riverside,065,2383286,20498,14946,13,14959,410
2020-06-24,Sacramento,067,1510023,3364,2446,3,2449,62
2020-06-24,San Benito,069,59416,250,171,0,171,2
2020-06-24,San Bernardino,071,2135413,15842,10211,9,10220,239
2020-06-24,San Diego,073,3302833,15083,11628,2,11630,347
2020-06-24,San Francisco,075,870044,3717,3216,1,3217,48
2020-06-24,San Joaquin,077,732212,4057,2680,4,2684,49
2020-06-24,San Luis Obispo,079,281455,686,461,3,464,1
2020-06-24,San Mateo,081,765935,3367,2964,4,2968,82
2020-06-24,Santa Barbara,083,443738,3754,2569,13,2582,22
2020-06-24,Santa Clara,085,1922200,5051,3812,7,3819,155
2020-06-24,Santa Cruz,087,273765,401,329,0,329,2
2020-06-24,Shasta,089,179085,167,83,0,83,5
2020-06-24,Sierra,091,2930,1,1,0,1,0
2020-06-24,Siskiyou,093,43540,31,24,0,24,0
2020-06-24,Solano,095,438530,1534,979,7,986,21
2020-06-24,Sonoma,097,501317,1263,933,3,936,4
2020-06-24,Stanislaus,099,539301,3244,2039,5,2044,36
2020-06-24,Sutter,101,95872,156,118,0,118,2
2020-06-24,Tehama,103,63373,81,55,2,57,1
2020-06-24,Trinity,105,12862,10,2,2,4,0
2020-06-24,Tulare,107,460477,4772,3541,4,3545,116
2020-06-24,Tuolumne,109,53932,32,9,2,11,0
2020-06-24,Ventura,111,848112,3461,2314,11,2325,42
2020-06-24,Yolo,113,214977,571,376,3,379,24
2020-06-24,Yuba,115,75493,57,37,0,37,1
2020-06-23,Alameda,001,1643700,6150,5159,7,5166,121
2020-06-23,Alpine,003,1148,2,1,0,1,0
2020-06-23,Amador,005,37829,21,13,0,13,0
2020-06-23,Butte,007,227075,202,111,7,118,1
2020-06-23,Calaveras,009,45235,37,26,0,26,0
2020-06-23,Colusa,011,21464,40,7,0,7,0
2020-06-23,Contra Costa,013,1133247,3100,2453,2,2455,60
2020-06-23,Del Norte,015,27424,48,46,0,46,0
2020-06-23,El Dorado,017,186661,221,142,0,142,0
2020-06-23,Fresno,019,978130,7480,3569,59,3628,67
2020-06-23,Glenn,021,27897,120,47,0,47,0
2020-06-23,Humboldt,023,135768,150,110,0,110,3
2020-06-23,Imperial,025,180216,7344,5025,4,5029,38
2020-06-23,Inyo,027,18085,29,26,0,26,1
2020-06-23,Kern,029,883053,6608,4087,14,4101,64
2020-06-23,Kings,031,150075,2441,1727,4,1731,16
2020-06-23,Lake,033,64148,60,40,0,40,0
2020-06-23,Lassen,035,31185,225,9,2,11,0
2020-06-23,Los Angeles,037,10098052,102690,88433,24,88457,3152
2020-06-23,Madera,039,155013,721,369,1,370,4
2020-06-23,Marin,041,260295,1968,1139,4,1143,17
2020-06-23,Mariposa,043,17540,26,18,0,18,1
2020-06-23,Mendocino,045,87422,79,61,0,61,0
2020-06-23,Merced,047,269075,1256,656,0,656,8
2020-06-23,Modoc,049,8938,1,0,0,0,0
2020-06-23,Mono,051,14174,42,35,0,35,1
2020-06-23,Monterey,053,433212,1773,1346,5,1351,12
2020-06-23,Napa,055,140530,359,230,0,230,3
2020-06-23,Nevada,057,99092,116,81,1,82,1
2020-06-23,Orange,059,3164182,18221,11071,136,11207,278
2020-06-23,Placer,061,380077,755,525,1,526,10
2020-06-23,Plumas,063,18699,9,6,0,6,0
2020-06-23,Riverside,065,2383286,19479,14469,13,14482,406
2020-06-23,Sacramento,067,1510023,3185,2374,3,2377,62
2020-06-23,San Benito,069,59416,236,167,0,167,2
2020-06-23,San Bernardino,071,2135413,15059,9771,9,9780,229
2020-06-23,San Diego,073,3302833,14563,11296,2,11298,341
2020-06-23,San Francisco,075,870044,3644,3177,1,3178,48
2020-06-23,San Joaquin,077,732212,3798,2502,4,2506,48
2020-06-23,San Luis Obispo,079,281455,655,445,3,448,1
2020-06-23,San Mateo,081,765935,3302,2907,4,2911,81
2020-06-23,Santa Barbara,083,443738,3658,2498,13,2511,22
2020-06-23,Santa Clara,085,1922200,4905,3700,7,3707,155
2020-06-23,Santa Cruz,087,273765,391,313,0,313,2
2020-06-23,Shasta,089,179085,158,81,0,81,5
2020-06-23,Sierra,091,2930,1,1,0,1,0
2020-06-23,Siskiyou,093,43540,29,24,0,24,0
2020-06-23,Solano,095,438530,1477,941,6,947,21
2020-06-23,Sonoma,097,501317,1210,912,3,915,4
2020-06-23,Stanislaus,099,539301,3067,1850,5,1855,35
2020-06-23,Sutter,101,95872,146,112,0,112,2
2020-06-23,Tehama,103,63373,79,50,2,52,1
2020-06-23,Trinity,105,12862,10,2,2,4,0
2020-06-23,Tulare,107,460477,4650,3456,4,3460,111
2020-06-23,Tuolumne,109,53932,27,9,1,10,0
2020-06-23,Ventura,111,848112,3301,2209,10,2219,40
2020-06-23,Yolo,113,214977,545,350,0,350,24
2020-06-23,Yuba,115,75493,54,35,0,35,1
2020-06-22,Alameda,001,1643700,5999,4944,7,4951,121
2020-06-22,Alpine,003,1148,2,1,0,1,0
2020-06-22,Amador,005,37829,18,12,0,12,0
2020-06-22,Butte,007,227075,183,104,7,111,1
2020-06-22,Calaveras,009,45235,35,20,0,20,0
2020-06-22,Colusa,011,21464,37,7,0,7,0
2020-06-22,Contra Costa,013,1133247,2958,2363,2,2365,60
2020-06-22,Del Norte,015,27424,48,46,0,46,0
2020-06-22,El Dorado,017,186661,212,137,0,137,0
2020-06-22,Fresno,019,978130,6947,3425,59,3484,67
2020-06-22,Glenn,021,27897,111,40,0,40,0
2020-06-22,Humboldt,023,135768,147,110,0,110,3
2020-06-22,Imperial,025,180216,7188,4700,4,4704,38
2020-06-22,Inyo,027,18085,29,26,0,26,1
2020-06-22,Kern,029,883053,6256,3982,12,3994,60
2020-06-22,Kings,031,150075,2393,1513,4,1517,13
2020-06-22,Lake,033,64148,54,37,0,37,0
2020-06-22,Lassen,035,31185,115,7,2,9,0
2020-06-22,Los Angeles,037,10098052,99793,85925,23,85948,3117
2020-06-22,Madera,039,155013,696,333,1,334,4
2020-06-22,Marin,041,260295,1711,1029,4,1033,17
2020-06-22,Mariposa,043,17540,25,18,0,18,1
2020-06-22,Mendocino,045,87422,74,48,0,48,0
2020-06-22,Merced,047,269075,1167,619,0,619,8
2020-06-22,Modoc,049,8938,1,0,0,0,0
2020-06-22,Mono,051,14174,42,34,0,34,1
2020-06-22,Monterey,053,433212,1712,1293,5,1298,12
2020-06-22,Napa,055,140530,335,222,0,222,3
2020-06-22,Nevada,057,99092,111,79,1,80,1
2020-06-22,Orange,059,3164182,17289,10711,133,10844,275
2020-06-22,Placer,061,380077,729,512,1,513,9
2020-06-22,Plumas,063,18699,7,6,0,6,0
2020-06-22,Riverside,065,2383286,18507,13948,13,13961,403
2020-06-22,Sacramento,067,1510023,2968,2243,3,2246,62
2020-06-22,San Benito,069,59416,227,164,0,164,2
2020-06-22,San Bernardino,071,2135413,14283,9133,9,9142,229
2020-06-22,San Diego,073,3302833,14071,11098,2,11100,338
2020-06-22,San Francisco,075,870044,3551,3000,1,3001,47
2020-06-22,San Joaquin,077,732212,3550,2332,4,2336,48
2020-06-22,San Luis Obispo,079,281455,622,422,3,425,1
2020-06-22,San Mateo,081,765935,3229,2813,4,2817,81
2020-06-22,Santa Barbara,083,443738,3566,2447,13,2460,21
2020-06-22,Santa Clara,085,1922200,4745,3580,7,3587,155
2020-06-22,Santa Cruz,087,273765,378,290,0,290,3
2020-06-22,Shasta,089,179085,155,77,0,77,5
2020-06-22,Sierra,091,2930,1,1,0,1,0
2020-06-22,Siskiyou,093,43540,29,23,0,23,0
2020-06-22,Solano,095,438530,1399,784,5,789,21
2020-06-22,Sonoma,097,501317,1165,860,1,861,4
2020-06-22,Stanislaus,099,539301,2882,1784,5,1789,35
2020-06-22,Sutter,101,95872,137,100,0,100,2
2020-06-22,Tehama,103,63373,75,38,2,40,1
2020-06-22,Trinity,105,12862,10,2,2,4,0
2020-06-22,Tulare,107,460477,4512,3185,4,3189,111
2020-06-22,Tuolumne,109,53932,18,8,1,9,0
2020-06-22,Ventura,111,848112,3152,2065,10,2075,39
2020-06-22,Yolo,113,214977,518,333,0,333,24
2020-06-22,Yuba,115,75493,49,36,0,36,1
2020-06-21,Alameda,001,1643700,5803,4835,7,4842,121
2020-06-21,Alpine,003,1148,2,1,0,1,0
2020-06-21,Amador,005,37829,13,12,0,12,0
2020-06-21,Butte,007,227075,169,97,7,104,1
2020-06-21,Calaveras,009,45235,35,20,0,20,0
2020-06-21,Colusa,011,21464,29,7,0,7,0
2020-06-21,Contra Costa,013,1133247,2832,2282,2,2284,60
2020-06-21,Del Norte,015,27424,47,46,0,46,0
2020-06-21,El Dorado,017,186661,203,132,0,132,0
2020-06-21,Fresno,019,978130,6377,3296,58,3354,67
2020-06-21,Glenn,021,27897,102,40,0,40,0
2020-06-21,Humboldt,023,135768,142,108,0,108,3
2020-06-21,Imperial,025,180216,7005,4701,4,4705,38
2020-06-21,Inyo,027,18085,27,26,0,26,1
2020-06-21,Kern,029,883053,5964,3918,11,3929,60
2020-06-21,Kings,031,150075,2329,1334,4,1338,11
2020-06-21,Lake,033,64148,49,36,0,36,0
2020-06-21,Lassen,035,31185,22,7,2,9,0
2020-06-21,Los Angeles,037,10098052,96912,83383,23,83406,3101
2020-06-21,Madera,039,155013,662,319,1,320,4
2020-06-21,Marin,041,260295,1554,907,4,911,17
2020-06-21,Mariposa,043,17540,22,18,0,18,1
2020-06-21,Mendocino,045,87422,71,48,0,48,0
2020-06-21,Merced,047,269075,1072,577,0,577,8
2020-06-21,Modoc,049,8938,1,0,0,0,0
2020-06-21,Mono,051,14174,42,34,0,34,1
2020-06-21,Monterey,053,433212,1639,1227,5,1232,12
2020-06-21,Napa,055,140530,320,218,0,218,3
2020-06-21,Nevada,057,99092,108,79,1,80,1
2020-06-21,Orange,059,3164182,16450,10563,129,10692,275
2020-06-21,Placer,061,380077,689,498,1,499,9
2020-06-21,Plumas,063,18699,7,6,0,6,0
2020-06-21,Riverside,065,2383286,17801,13528,12,13540,402
2020-06-21,Sacramento,067,1510023,2767,2156,3,2159,62
2020-06-21,San Benito,069,59416,213,151,0,151,2
2020-06-21,San Bernardino,071,2135413,13507,8925,8,8933,229
2020-06-21,San Diego,073,3302833,13525,10796,2,10798,338
2020-06-21,San Francisco,075,870044,3445,3000,1,3001,47
2020-06-21,San Joaquin,077,732212,3314,2188,4,2192,48
2020-06-21,San Luis Obispo,079,281455,597,418,3,421,1
2020-06-21,San Mateo,081,765935,3171,2781,4,2785,81
2020-06-21,Santa Barbara,083,443738,3459,2430,12,2442,21
2020-06-21,Santa Clara,085,1922200,4607,3514,7,3521,154
2020-06-21,Santa Cruz,087,273765,368,290,0,290,3
2020-06-21,Shasta,089,179085,145,75,0,75,5
2020-06-21,Sierra,091,2930,1,1,0,1,0
2020-06-21,Siskiyou,093,43540,29,23,0,23,0
2020-06-21,Solano,095,438530,1299,783,4,787,21
2020-06-21,Sonoma,097,501317,1115,836,1,837,4
2020-06-21,Stanislaus,099,539301,2696,1688,5,1693,35
2020-06-21,Sutter,101,95872,129,96,0,96,2
2020-06-21,Tehama,103,63373,64,35,2,37,1
2020-06-21,Trinity,105,12862,10,2,2,4,0
2020-06-21,Tulare,107,460477,4344,3173,4,3177,111
2020-06-21,Tuolumne,109,53932,16,8,1,9,0
2020-06-21,Ventura,111,848112,2974,2021,10,2031,39
2020-06-21,Yolo,113,214977,486,323,0,323,24
2020-06-21,Yuba,115,75493,45,35,0,35,1
2020-06-20,Alameda,001,1643700,5741,4758,7,4765,119
2020-06-20,Alpine,003,1148,2,1,0,1,0
2020-06-20,Amador,005,37829,13,12,0,12,0
2020-06-20,Butte,007,227075,162,94,7,101,1
2020-06-20,Calaveras,009,45235,35,20,0,20,0
2020-06-20,Colusa,011,21464,26,7,0,7,0
2020-06-20,Contra Costa,013,1133247,2773,2231,2,2233,54
2020-06-20,Del Norte,015,27424,47,46,0,46,0
2020-06-20,El Dorado,017,186661,198,130,0,130,0
2020-06-20,Fresno,019,978130,6252,3222,56,3278,67
2020-06-20,Glenn,021,27897,97,40,0,40,0
2020-06-20,Humboldt,023,135768,142,108,0,108,3
2020-06-20,Imperial,025,180216,6924,4616,4,4620,37
2020-06-20,Inyo,027,18085,27,26,0,26,1
2020-06-20,Kern,029,883053,5799,3836,11,3847,59
2020-06-20,Kings,031,150075,2305,1331,4,1335,9
2020-06-20,Lake,033,64148,49,37,0,37,0
2020-06-20,Lassen,035,31185,21,7,2,9,0
2020-06-20,Los Angeles,037,10098052,95339,81604,22,81626,3093
2020-06-20,Madera,039,155013,629,321,1,322,4
2020-06-20,Marin,041,260295,1534,879,4,883,17
2020-06-20,Mariposa,043,17540,22,18,0,18,1
2020-06-20,Mendocino,045,87422,70,48,0,48,0
2020-06-20,Merced,047,269075,1032,566,0,566,8
2020-06-20,Modoc,049,8938,1,0,0,0,0
2020-06-20,Mono,051,14174,42,34,0,34,1
2020-06-20,Monterey,053,433212,1603,1181,5,1186,12
2020-06-20,Napa,055,140530,311,212,0,212,3
2020-06-20,Nevada,057,99092,105,73,1,74,1
2020-06-20,Orange,059,3164182,16099,10284,125,10409,273
2020-06-20,Placer,061,380077,664,483,1,484,9
2020-06-20,Plumas,063,18699,6,6,0,6,0
2020-06-20,Riverside,065,2383286,17502,13021,12,13033,402
2020-06-20,Sacramento,067,1510023,2696,2069,3,2072,63
2020-06-20,San Benito,069,59416,209,139,0,139,2
2020-06-20,San Bernardino,071,2135413,13145,8718,8,8726,229
2020-06-20,San Diego,073,3302833,13202,10486,2,10488,338
2020-06-20,San Francisco,075,870044,3401,2999,1,3000,47
2020-06-20,San Joaquin,077,732212,3231,2046,4,2050,48
2020-06-20,San Luis Obispo,079,281455,584,405,3,408,1
2020-06-20,San Mateo,081,765935,3123,2755,4,2759,81
2020-06-20,Santa Barbara,083,443738,3403,2358,11,2369,21
2020-06-20,Santa Clara,085,1922200,4534,3435,7,3442,154
2020-06-20,Santa Cruz,087,273765,366,287,0,287,3
2020-06-20,Shasta,089,179085,139,66,0,66,5
2020-06-20,Sierra,091,2930,1,1,0,1,0
2020-06-20,Siskiyou,093,43540,28,22,0,22,0
2020-06-20,Solano,095,438530,1275,784,4,788,21
2020-06-20,Sonoma,097,501317,1079,806,1,807,4
2020-06-20,Stanislaus,099,539301,2588,1598,5,1603,35
2020-06-20,Sutter,101,95872,127,89,0,89,2
2020-06-20,Tehama,103,63373,62,35,2,37,1
2020-06-20,Trinity,105,12862,10,2,2,4,0
2020-06-20,Tulare,107,460477,4271,3172,4,3176,111
2020-06-20,Tuolumne,109,53932,13,8,1,9,0
2020-06-20,Ventura,111,848112,2909,1946,10,1956,37
2020-06-20,Yolo,113,214977,470,309,0,309,24
2020-06-20,Yuba,115,75493,43,34,0,34,1
2020-06-19,Alameda,001,1643700,5670,4646,7,4653,119
2020-06-19,Alpine,003,1148,2,1,0,1,0
2020-06-19,Amador,005,37829,13,12,0,12,0
2020-06-19,Butte,007,227075,157,91,7,98,1
2020-06-19,Calaveras,009,45235,34,20,0,20,0
2020-06-19,Colusa,011,21464,24,7,0,7,0
2020-06-19,Contra Costa,013,1133247,2694,2106,2,2108,54
2020-06-19,Del Norte,015,27424,47,46,0,46,0
2020-06-19,El Dorado,017,186661,189,124,0,124,0
2020-06-19,Fresno,019,978130,6090,3109,54,3163,61
2020-06-19,Glenn,021,27897,91,40,0,40,0
2020-06-19,Humboldt,023,135768,140,106,0,106,3
2020-06-19,Imperial,025,180216,6833,4504,4,4508,36
2020-06-19,Inyo,027,18085,27,26,0,26,1
2020-06-19,Kern,029,883053,5576,3742,10,3752,57
2020-06-19,Kings,031,150075,2284,1285,4,1289,9
2020-06-19,Lake,033,64148,46,36,0,36,0
2020-06-19,Lassen,035,31185,20,7,2,9,0
2020-06-19,Los Angeles,037,10098052,93359,79572,22,79594,3047
2020-06-19,Madera,039,155013,610,300,1,301,4
2020-06-19,Marin,041,260295,1505,829,4,833,17
2020-06-19,Mariposa,043,17540,21,18,0,18,1
2020-06-19,Mendocino,045,87422,69,48,0,48,0
2020-06-19,Merced,047,269075,987,529,0,529,8
2020-06-19,Modoc,049,8938,1,0,0,0,0
2020-06-19,Mono,051,14174,42,34,0,34,1
2020-06-19,Monterey,053,433212,1574,1159,5,1164,12
2020-06-19,Napa,055,140530,301,209,0,209,3
2020-06-19,Nevada,057,99092,102,71,1,72,1
2020-06-19,Orange,059,3164182,15565,9972,118,10090,260
2020-06-19,Placer,061,380077,646,464,1,465,9
2020-06-19,Plumas,063,18699,6,5,0,5,0
2020-06-19,Riverside,065,2383286,17097,12710,12,12722,398
2020-06-19,Sacramento,067,1510023,2613,1976,3,1979,64
2020-06-19,San Benito,069,59416,208,136,0,136,2
2020-06-19,San Bernardino,071,2135413,12739,8454,7,8461,226
2020-06-19,San Diego,073,3302833,12839,10352,2,10354,332
2020-06-19,San Francisco,075,870044,3346,2968,1,2969,47
2020-06-19,San Joaquin,077,732212,3108,1969,4,1973,48
2020-06-19,San Luis Obispo,079,281455,569,392,3,395,1
2020-06-19,San Mateo,081,765935,3084,2713,4,2717,81
2020-06-19,Santa Barbara,083,443738,3330,2284,9,2293,21
2020-06-19,Santa Clara,085,1922200,4460,3376,7,3383,154
2020-06-19,Santa Cruz,087,273765,356,283,0,283,3
2020-06-19,Shasta,089,179085,135,58,0,58,5
2020-06-19,Sierra,091,2930,1,1,0,1,0
2020-06-19,Siskiyou,093,43540,28,21,0,21,0
2020-06-19,Solano,095,438530,1237,755,4,759,21
2020-06-19,Sonoma,097,501317,1052,803,1,804,4
2020-06-19,Stanislaus,099,539301,2478,1549,5,1554,35
2020-06-19,Sutter,101,95872,126,89,0,89,2
2020-06-19,Tehama,103,63373,61,35,2,37,1
2020-06-19,Trinity,105,12862,10,2,2,4,0
2020-06-19,Tulare,107,460477,4200,3053,4,3057,107
2020-06-19,Tuolumne,109,53932,12,8,1,9,0
2020-06-19,Ventura,111,848112,2825,1865,10,1875,37
2020-06-19,Yolo,113,214977,451,303,0,303,24
2020-06-19,Yuba,115,75493,42,33,0,33,1
2020-06-18,Alameda,001,1643700,5541,4589,7,4596,118
2020-06-18,Alpine,003,1148,2,1,0,1,0
2020-06-18,Amador,005,37829,12,12,0,12,0
2020-06-18,Butte,007,227075,152,88,7,95,1
2020-06-18,Calaveras,009,45235,34,20,0,20,0
2020-06-18,Colusa,011,21464,20,7,0,7,0
2020-06-18,Contra Costa,013,1133247,2588,2072,2,2074,53
2020-06-18,Del Norte,015,27424,47,46,0,46,0
2020-06-18,El Dorado,017,186661,185,121,0,121,0
2020-06-18,Fresno,019,978130,5822,2947,53,3000,57
2020-06-18,Glenn,021,27897,82,35,0,35,0
2020-06-18,Humboldt,023,135768,139,106,0,106,3
2020-06-18,Imperial,025,180216,6684,4366,4,4370,36
2020-06-18,Inyo,027,18085,26,25,0,25,1
2020-06-18,Kern,029,883053,5358,3634,10,3644,57
2020-06-18,Kings,031,150075,2225,1141,4,1145,8
2020-06-18,Lake,033,64148,45,36,0,36,0
2020-06-18,Lassen,035,31185,19,5,2,7,0
2020-06-18,Los Angeles,037,10098052,91092,78244,22,78266,3009
2020-06-18,Madera,039,155013,575,288,1,289,4
2020-06-18,Marin,041,260295,1442,819,4,823,17
2020-06-18,Mariposa,043,17540,19,18,0,18,1
2020-06-18,Mendocino,045,87422,65,45,0,45,0
2020-06-18,Merced,047,269075,934,486,0,486,7
2020-06-18,Modoc,049,8938,1,0,0,0,0
2020-06-18,Mono,051,14174,42,34,0,34,1
2020-06-18,Monterey,053,433212,1506,1127,5,1132,12
2020-06-18,Napa,055,140530,286,205,0,205,3
2020-06-18,Nevada,057,99092,98,68,1,69,1
2020-06-18,Orange,059,3164182,14908,9597,100,9697,255
2020-06-18,Placer,061,380077,623,457,1,458,9
2020-06-18,Plumas,063,18699,6,5,0,5,0
2020-06-18,Riverside,065,2383286,16482,12410,12,12422,392
2020-06-18,Sacramento,067,1510023,2497,1938,3,1941,63
2020-06-18,San Benito,069,59416,202,134,0,134,2
2020-06-18,San Bernardino,071,2135413,12100,8141,7,8148,226
2020-06-18,San Diego,073,3302833,12417,10094,2,10096,331
2020-06-18,San Francisco,075,870044,3297,2951,1,2952,47
2020-06-18,San Joaquin,077,732212,2956,1908,4,1912,47
2020-06-18,San Luis Obispo,079,281455,550,378,3,381,1
2020-06-18,San Mateo,081,765935,3045,2674,4,2678,78
2020-06-18,Santa Barbara,083,443738,3256,2201,9,2210,19
2020-06-18,Santa Clara,085,1922200,4358,3338,7,3345,152
2020-06-18,Santa Cruz,087,273765,339,275,0,275,3
2020-06-18,Shasta,089,179085,124,51,0,51,4
2020-06-18,Sierra,091,2930,1,1,0,1,0
2020-06-18,Siskiyou,093,43540,28,18,0,18,0
2020-06-18,Solano,095,438530,1199,735,4,739,21
2020-06-18,Sonoma,097,501317,1010,789,1,790,4
2020-06-18,Stanislaus,099,539301,2344,1495,5,1500,35
2020-06-18,Sutter,101,95872,122,85,0,85,2
2020-06-18,Tehama,103,63373,56,31,2,33,1
2020-06-18,Trinity,105,12862,10,2,2,4,0
2020-06-18,Tulare,107,460477,4080,3005,4,3009,107
2020-06-18,Tuolumne,109,53932,11,8,1,9,0
2020-06-18,Ventura,111,848112,2699,1781,10,1791,37
2020-06-18,Yolo,113,214977,418,294,0,294,24
2020-06-18,Yuba,115,75493,41,32,0,32,1
2020-06-17,Alameda,001,1643700,5418,4485,7,4492,117
2020-06-17,Alpine,003,1148,2,1,0,1,0
2020-06-17,Amador,005,37829,11,10,0,10,0
2020-06-17,Butte,007,227075,143,81,7,88,1
2020-06-17,Calaveras,009,45235,34,20,0,20,0
2020-06-17,Colusa,011,21464,19,7,0,7,0
2020-06-17,Contra Costa,013,1133247,2491,2020,2,2022,45
2020-06-17,Del Norte,015,27424,47,45,0,45,0
2020-06-17,El Dorado,017,186661,178,116,0,116,0
2020-06-17,Fresno,019,978130,5597,2801,50,2851,56
2020-06-17,Glenn,021,27897,75,31,0,31,0
2020-06-17,Humboldt,023,135768,137,105,0,105,3
2020-06-17,Imperial,025,180216,6512,4108,4,4112,36
2020-06-17,Inyo,027,18085,25,25,0,25,1
2020-06-17,Kern,029,883053,5157,3547,10,3557,56
2020-06-17,Kings,031,150075,2195,1097,4,1101,7
2020-06-17,Lake,033,64148,44,32,0,32,0
2020-06-17,Lassen,035,31185,15,5,2,7,0
2020-06-17,Los Angeles,037,10098052,88785,77166,22,77188,2973
2020-06-17,Madera,039,155013,553,258,1,259,4
2020-06-17,Marin,041,260295,1250,771,3,774,17
2020-06-17,Mariposa,043,17540,18,18,0,18,1
2020-06-17,Mendocino,045,87422,63,42,0,42,0
2020-06-17,Merced,047,269075,862,460,0,460,7
2020-06-17,Modoc,049,8938,1,0,0,0,0
2020-06-17,Mono,051,14174,42,34,0,34,1
2020-06-17,Monterey,053,433212,1454,1077,5,1082,12
2020-06-17,Napa,055,140530,271,202,0,202,3
2020-06-17,Nevada,057,99092,94,57,1,58,1
2020-06-17,Orange,059,3164182,14302,9278,96,9374,230
2020-06-17,Placer,061,380077,603,427,1,428,9
2020-06-17,Plumas,063,18699,6,5,0,5,0
2020-06-17,Riverside,065,2383286,15847,11859,12,11871,370
2020-06-17,Sacramento,067,1510023,2390,1889,3,1892,63
2020-06-17,San Benito,069,59416,197,116,0,116,2
2020-06-17,San Bernardino,071,2135413,11548,7670,7,7677,225
2020-06-17,San Diego,073,3302833,12038,9856,2,9858,327
2020-06-17,San Francisco,075,870044,3258,2906,1,2907,46
2020-06-17,San Joaquin,077,732212,2783,1825,4,1829,46
2020-06-17,San Luis Obispo,079,281455,533,362,3,365,1
2020-06-17,San Mateo,081,765935,2998,2649,4,2653,78
2020-06-17,Santa Barbara,083,443738,3183,2147,7,2154,19
2020-06-17,Santa Clara,085,1922200,4266,3264,6,3270,148
2020-06-17,Santa Cruz,087,273765,333,265,0,265,2
2020-06-17,Shasta,089,179085,122,51,0,51,4
2020-06-17,Sierra,091,2930,1,1,0,1,0
2020-06-17,Siskiyou,093,43540,27,16,0,16,0
2020-06-17,Solano,095,438530,1149,722,4,726,21
2020-06-17,Sonoma,097,501317,985,748,1,749,4
2020-06-17,Stanislaus,099,539301,2221,1387,5,1392,35
2020-06-17,Sutter,101,95872,116,79,0,79,2
2020-06-17,Tehama,103,63373,41,24,2,26,1
2020-06-17,Trinity,105,12862,10,2,2,4,0
2020-06-17,Tulare,107,460477,3971,2882,4,2886,106
2020-06-17,Tuolumne,109,53932,11,7,1,8,0
2020-06-17,Ventura,111,848112,2599,1729,10,1739,37
2020-06-17,Yolo,113,214977,398,277,0,277,24
2020-06-17,Yuba,115,75493,40,30,0,30,1
2020-06-16,Alameda,001,1643700,5302,4428,7,4435,113
2020-06-16,Alpine,003,1148,2,1,0,1,0
2020-06-16,Amador,005,37829,11,10,0,10,0
2020-06-16,Butte,007,227075,139,79,7,86,1
2020-06-16,Calaveras,009,45235,31,19,0,19,0
2020-06-16,Colusa,011,21464,16,7,0,7,0
2020-06-16,Contra Costa,013,1133247,2400,1971,1,1972,45
2020-06-16,Del Norte,015,27424,47,45,0,45,0
2020-06-16,El Dorado,017,186661,172,115,0,115,0
2020-06-16,Fresno,019,978130,5360,2731,49,2780,50
2020-06-16,Glenn,021,27897,71,30,0,30,0
2020-06-16,Humboldt,023,135768,134,105,0,105,3
2020-06-16,Imperial,025,180216,6353,3939,4,3943,36
2020-06-16,Inyo,027,18085,25,24,0,24,1
2020-06-16,Kern,029,883053,4933,3496,10,3506,55
2020-06-16,Kings,031,150075,2149,1044,4,1048,6
2020-06-16,Lake,033,64148,44,31,0,31,0
2020-06-16,Lassen,035,31185,12,5,2,7,0
2020-06-16,Los Angeles,037,10098052,86463,75051,22,75073,2942
2020-06-16,Madera,039,155013,527,239,1,240,3
2020-06-16,Marin,041,260295,1197,725,3,728,17
2020-06-16,Mariposa,043,17540,18,17,0,17,1
2020-06-16,Mendocino,045,87422,62,35,0,35,0
2020-06-16,Merced,047,269075,814,436,0,436,7
2020-06-16,Modoc,049,8938,1,0,0,0,0
2020-06-16,Mono,051,14174,42,34,0,34,1
2020-06-16,Monterey,053,433212,1406,1019,5,1024,12
2020-06-16,Napa,055,140530,256,196,0,196,3
2020-06-16,Nevada,057,99092,91,53,1,54,1
2020-06-16,Orange,059,3164182,13718,9163,93,9256,223
2020-06-16,Placer,061,380077,571,392,1,393,9
2020-06-16,Plumas,063,18699,6,5,0,5,0
2020-06-16,Riverside,065,2383286,15172,11638,12,11650,364
2020-06-16,Sacramento,067,1510023,2281,1825,3,1828,60
2020-06-16,San Benito,069,59416,189,110,0,110,2
2020-06-16,San Bernardino,071,2135413,11005,7463,7,7470,225
2020-06-16,San Diego,073,3302833,11676,9732,1,9733,323
2020-06-16,San Francisco,075,870044,3207,2893,1,2894,46
2020-06-16,San Joaquin,077,732212,2631,1718,4,1722,47
2020-06-16,San Luis Obispo,079,281455,509,343,3,346,1
2020-06-16,San Mateo,081,765935,2944,2618,4,2622,77
2020-06-16,Santa Barbara,083,443738,3116,2090,7,2097,16
2020-06-16,Santa Clara,085,1922200,4157,3228,5,3233,148
2020-06-16,Santa Cruz,087,273765,317,257,0,257,2
2020-06-16,Shasta,089,179085,113,51,0,51,4
2020-06-16,Sierra,091,2930,1,1,0,1,0
2020-06-16,Siskiyou,093,43540,26,15,0,15,0
2020-06-16,Solano,095,438530,1059,694,4,698,19
2020-06-16,Sonoma,097,501317,953,739,1,740,4
2020-06-16,Stanislaus,099,539301,2068,1278,5,1283,36
2020-06-16,Sutter,101,95872,109,73,0,73,2
2020-06-16,Tehama,103,63373,37,24,2,26,1
2020-06-16,Trinity,105,12862,10,2,2,4,0
2020-06-16,Tulare,107,460477,3853,2802,4,2806,96
2020-06-16,Tuolumne,109,53932,11,7,1,8,0
2020-06-16,Ventura,111,848112,2498,1676,10,1686,37
2020-06-16,Yolo,113,214977,374,262,0,262,24
2020-06-16,Yuba,115,75493,39,29,0,29,1
2020-06-15,Alameda,001,1643700,5176,4323,7,4330,112
2020-06-15,Alpine,003,1148,2,1,0,1,0
2020-06-15,Amador,005,37829,11,10,0,10,0
2020-06-15,Butte,007,227075,131,78,7,85,1
2020-06-15,Calaveras,009,45235,31,18,0,18,0
2020-06-15,Colusa,011,21464,14,7,0,7,0
2020-06-15,Contra Costa,013,1133247,2323,1918,1,1919,43
2020-06-15,Del Norte,015,27424,47,45,0,45,0
2020-06-15,El Dorado,017,186661,162,114,0,114,0
2020-06-15,Fresno,019,978130,5147,2616,48,2664,48
2020-06-15,Glenn,021,27897,66,21,0,21,0
2020-06-15,Humboldt,023,135768,132,105,0,105,3
2020-06-15,Imperial,025,180216,6178,3726,4,3730,36
2020-06-15,Inyo,027,18085,25,23,0,23,1
2020-06-15,Kern,029,883053,4709,3417,10,3427,55
2020-06-15,Kings,031,150075,2072,1022,4,1026,6
2020-06-15,Lake,033,64148,44,31,0,31,0
2020-06-15,Lassen,035,31185,12,5,2,7,0
2020-06-15,Los Angeles,037,10098052,84274,73705,22,73727,2908
2020-06-15,Madera,039,155013,505,203,1,204,3
2020-06-15,Marin,041,260295,1030,708,3,711,17
2020-06-15,Mariposa,043,17540,18,17,0,17,1
2020-06-15,Mendocino,045,87422,53,33,0,33,0
2020-06-15,Merced,047,269075,768,414,0,414,7
2020-06-15,Modoc,049,8938,1,0,0,0,0
2020-06-15,Mono,051,14174,42,34,0,34,1
2020-06-15,Monterey,053,433212,1340,998,5,1003,12
2020-06-15,Napa,055,140530,248,187,0,187,3
2020-06-15,Nevada,057,99092,85,52,1,53,1
2020-06-15,Orange,059,3164182,13149,8944,85,9029,212
2020-06-15,Placer,061,380077,549,386,1,387,9
2020-06-15,Plumas,063,18699,6,4,0,4,0
2020-06-15,Riverside,065,2383286,14553,11376,12,11388,364
2020-06-15,Sacramento,067,1510023,2165,1791,3,1794,60
2020-06-15,San Benito,069,59416,183,108,0,108,2
2020-06-15,San Bernardino,071,2135413,10501,7189,7,7196,224
2020-06-15,San Diego,073,3302833,11336,9612,1,9613,320
2020-06-15,San Francisco,075,870044,3163,2833,1,2834,45
2020-06-15,San Joaquin,077,732212,2495,1667,4,1671,43
2020-06-15,San Luis Obispo,079,281455,494,332,3,335,1
2020-06-15,San Mateo,081,765935,2897,2591,4,2595,75
2020-06-15,Santa Barbara,083,443738,3048,2054,7,2061,16
2020-06-15,Santa Clara,085,1922200,4058,3204,5,3209,148
2020-06-15,Santa Cruz,087,273765,306,254,0,254,2
2020-06-15,Shasta,089,179085,107,50,0,50,4
2020-06-15,Sierra,091,2930,1,1,0,1,0
2020-06-15,Siskiyou,093,43540,25,14,0,14,0
2020-06-15,Solano,095,438530,999,638,4,642,19
2020-06-15,Sonoma,097,501317,924,726,1,727,4
2020-06-15,Stanislaus,099,539301,1951,1253,5,1258,35
2020-06-15,Sutter,101,95872,99,71,0,71,2
2020-06-15,Tehama,103,63373,37,17,2,19,1
2020-06-15,Trinity,105,12862,9,2,2,4,0
2020-06-15,Tulare,107,460477,3739,2662,4,2666,96
2020-06-15,Tuolumne,109,53932,10,7,1,8,0
2020-06-15,Ventura,111,848112,2417,1656,10,1666,37
2020-06-15,Yolo,113,214977,354,255,0,255,24
2020-06-15,Yuba,115,75493,39,28,0,28,1
2020-06-14,Alameda,001,1643700,5031,4271,7,4278,112
2020-06-14,Alpine,003,1148,2,1,0,1,0
2020-06-14,Amador,005,37829,11,10,0,10,0
2020-06-14,Butte,007,227075,123,78,7,85,1
2020-06-14,Calaveras,009,45235,30,18,0,18,0
2020-06-14,Colusa,011,21464,13,7,0,7,0
2020-06-14,Contra Costa,013,1133247,2254,1893,1,1894,43
2020-06-14,Del Norte,015,27424,47,45,0,45,0
2020-06-14,El Dorado,017,186661,158,110,0,110,0
2020-06-14,Fresno,019,978130,4962,2585,47,2632,48
2020-06-14,Glenn,021,27897,51,21,0,21,0
2020-06-14,Humboldt,023,135768,128,105,0,105,3
2020-06-14,Imperial,025,180216,5947,3730,4,3734,36
2020-06-14,Inyo,027,18085,24,23,0,23,1
2020-06-14,Kern,029,883053,4498,3328,10,3338,55
2020-06-14,Kings,031,150075,2021,1022,4,1026,6
2020-06-14,Lake,033,64148,41,31,0,31,0
2020-06-14,Lassen,035,31185,12,5,2,7,0
2020-06-14,Los Angeles,037,10098052,81947,72932,22,72954,2887
2020-06-14,Madera,039,155013,487,203,1,204,3
2020-06-14,Marin,041,260295,865,689,2,691,17
2020-06-14,Mariposa,043,17540,18,16,0,16,1
2020-06-14,Mendocino,045,87422,50,33,0,33,0
2020-06-14,Merced,047,269075,717,403,0,403,7
2020-06-14,Modoc,049,8938,1,0,0,0,0
2020-06-14,Mono,051,14174,42,34,0,34,1
2020-06-14,Monterey,053,433212,1279,949,5,954,12
2020-06-14,Napa,055,140530,226,181,0,181,3
2020-06-14,Nevada,057,99092,81,52,1,53,1
2020-06-14,Orange,059,3164182,12723,8744,81,8825,211
2020-06-14,Placer,061,380077,523,369,1,370,9
2020-06-14,Plumas,063,18699,5,4,0,4,0
2020-06-14,Riverside,065,2383286,14111,11218,12,11230,364
2020-06-14,Sacramento,067,1510023,2078,1750,3,1753,60
2020-06-14,San Benito,069,59416,172,104,0,104,2
2020-06-14,San Bernardino,071,2135413,9960,7015,7,7022,224
2020-06-14,San Diego,073,3302833,10961,9442,1,9443,319
2020-06-14,San Francisco,075,870044,3123,2834,1,2835,45
2020-06-14,San Joaquin,077,732212,2344,1603,4,1607,43
2020-06-14,San Luis Obispo,079,281455,479,330,3,333,1
2020-06-14,San Mateo,081,765935,2839,2571,4,2575,75
2020-06-14,Santa Barbara,083,443738,2971,2049,7,2056,17
2020-06-14,Santa Clara,085,1922200,3963,3178,5,3183,148
2020-06-14,Santa Cruz,087,273765,292,254,0,254,2
2020-06-14,Shasta,089,179085,101,48,0,48,4
2020-06-14,Sierra,091,2930,1,1,0,1,0
2020-06-14,Siskiyou,093,43540,24,13,0,13,0
2020-06-14,Solano,095,438530,950,638,4,642,19
2020-06-14,Sonoma,097,501317,896,724,1,725,4
2020-06-14,Stanislaus,099,539301,1803,1159,5,1164,35
2020-06-14,Sutter,101,95872,94,63,0,63,2
2020-06-14,Tehama,103,63373,34,17,2,19,1
2020-06-14,Trinity,105,12862,9,2,2,4,0
2020-06-14,Tulare,107,460477,3607,2646,4,2650,96
2020-06-14,Tuolumne,109,53932,10,7,1,8,0
2020-06-14,Ventura,111,848112,2319,1610,9,1619,37
2020-06-14,Yolo,113,214977,338,254,0,254,24
2020-06-14,Yuba,115,75493,38,28,0,28,1
2020-06-13,Alameda,001,1643700,4968,4196,7,4203,112
2020-06-13,Alpine,003,1148,2,1,0,1,0
2020-06-13,Amador,005,37829,10,10,0,10,0
2020-06-13,Butte,007,227075,114,72,7,79,1
2020-06-13,Calaveras,009,45235,28,18,0,18,0
2020-06-13,Colusa,011,21464,12,7,0,7,0
2020-06-13,Contra Costa,013,1133247,2218,1868,1,1869,43
2020-06-13,Del Norte,015,27424,47,45,0,45,0
2020-06-13,El Dorado,017,186661,154,110,0,110,0
2020-06-13,Fresno,019,978130,4864,2499,47,2546,48
2020-06-13,Glenn,021,27897,49,21,0,21,0
2020-06-13,Humboldt,023,135768,127,104,0,104,3
2020-06-13,Imperial,025,180216,5874,3646,4,3650,36
2020-06-13,Inyo,027,18085,24,23,0,23,1
2020-06-13,Kern,029,883053,4389,3239,10,3249,55
2020-06-13,Kings,031,150075,2001,1023,4,1027,6
2020-06-13,Lake,033,64148,40,29,0,29,0
2020-06-13,Lassen,035,31185,12,5,2,7,0
2020-06-13,Los Angeles,037,10098052,80909,71938,21,71959,2874
2020-06-13,Madera,039,155013,483,203,1,204,3
2020-06-13,Marin,041,260295,834,677,2,679,17
2020-06-13,Mariposa,043,17540,18,16,0,16,1
2020-06-13,Mendocino,045,87422,50,33,0,33,0
2020-06-13,Merced,047,269075,699,376,0,376,7
2020-06-13,Modoc,049,8938,1,0,0,0,0
2020-06-13,Mono,051,14174,42,35,0,35,1
2020-06-13,Monterey,053,433212,1241,900,5,905,11
2020-06-13,Napa,055,140530,223,171,0,171,3
2020-06-13,Nevada,057,99092,79,52,1,53,1
2020-06-13,Orange,059,3164182,12480,8581,77,8658,211
2020-06-13,Placer,061,380077,506,346,1,347,9
2020-06-13,Plumas,063,18699,5,4,0,4,0
2020-06-13,Riverside,065,2383286,13832,10931,12,10943,364
2020-06-13,Sacramento,067,1510023,2024,1713,3,1716,60
2020-06-13,San Benito,069,59416,165,99,0,99,2
2020-06-13,San Bernardino,071,2135413,9735,6885,7,6892,224
2020-06-13,San Diego,073,3302833,10789,9316,1,9317,319
2020-06-13,San Francisco,075,870044,3103,2834,1,2835,44
2020-06-13,San Joaquin,077,732212,2263,1461,4,1465,43
2020-06-13,San Luis Obispo,079,281455,468,326,3,329,1
2020-06-13,San Mateo,081,765935,2816,2551,4,2555,75
2020-06-13,Santa Barbara,083,443738,2913,1999,7,2006,15
2020-06-13,Santa Clara,085,1922200,3921,3141,5,3146,148
2020-06-13,Santa Cruz,087,273765,286,254,0,254,2
2020-06-13,Shasta,089,179085,99,48,0,48,4
2020-06-13,Sierra,091,2930,1,1,0,1,0
2020-06-13,Siskiyou,093,43540,24,13,0,13,0
2020-06-13,Solano,095,438530,922,637,4,641,19
2020-06-13,Sonoma,097,501317,881,711,1,712,4
2020-06-13,Stanislaus,099,539301,1746,1122,5,1127,33
2020-06-13,Sutter,101,95872,93,62,0,62,2
2020-06-13,Tehama,103,63373,33,17,2,19,1
2020-06-13,Trinity,105,12862,9,2,2,4,0
2020-06-13,Tulare,107,460477,3575,2626,4,2630,96
2020-06-13,Tuolumne,109,53932,9,7,1,8,0
2020-06-13,Ventura,111,848112,2273,1567,9,1576,37
2020-06-13,Yolo,113,214977,317,251,0,251,24
2020-06-13,Yuba,115,75493,38,28,0,28,1
2020-06-12,Alameda,001,1643700,4895,4167,7,4174,109
2020-06-12,Alpine,003,1148,2,1,0,1,0
2020-06-12,Amador,005,37829,10,10,0,10,0
2020-06-12,Butte,007,227075,110,71,7,78,1
2020-06-12,Calaveras,009,45235,25,18,0,18,0
2020-06-12,Colusa,011,21464,12,7,0,7,0
2020-06-12,Contra Costa,013,1133247,2181,1827,1,1828,43
2020-06-12,Del Norte,015,27424,47,45,0,45,0
2020-06-12,El Dorado,017,186661,154,110,0,110,0
2020-06-12,Fresno,019,978130,4728,2428,47,2475,47
2020-06-12,Glenn,021,27897,46,21,0,21,0
2020-06-12,Humboldt,023,135768,125,105,0,105,3
2020-06-12,Imperial,025,180216,5790,3543,4,3547,36
2020-06-12,Inyo,027,18085,24,23,0,23,1
2020-06-12,Kern,029,883053,4272,3152,10,3162,54
2020-06-12,Kings,031,150075,1988,987,4,991,6
2020-06-12,Lake,033,64148,39,29,0,29,0
2020-06-12,Lassen,035,31185,12,5,2,7,0
2020-06-12,Los Angeles,037,10098052,79503,70385,21,70406,2814
2020-06-12,Madera,039,155013,458,187,1,188,3
2020-06-12,Marin,041,260295,831,649,2,651,17
2020-06-12,Mariposa,043,17540,18,16,0,16,1
2020-06-12,Mendocino,045,87422,50,33,0,33,0
2020-06-12,Merced,047,269075,665,372,0,372,7
2020-06-12,Modoc,049,8938,1,0,0,0,0
2020-06-12,Mono,051,14174,39,35,0,35,1
2020-06-12,Monterey,053,433212,1200,864,4,868,11
2020-06-12,Napa,055,140530,220,162,0,162,3
2020-06-12,Nevada,057,99092,73,52,1,53,1
2020-06-12,Orange,059,3164182,12175,8440,76,8516,203
2020-06-12,Placer,061,380077,489,333,1,334,9
2020-06-12,Plumas,063,18699,5,4,0,4,0
2020-06-12,Riverside,065,2383286,13495,10616,12,10628,364
2020-06-12,Sacramento,067,1510023,1969,1702,3,1705,60
2020-06-12,San Benito,069,59416,158,96,0,96,2
2020-06-12,San Bernardino,071,2135413,9467,6707,7,6714,223
2020-06-12,San Diego,073,3302833,10619,9132,1,9133,313
2020-06-12,San Francisco,075,870044,3069,2823,1,2824,44
2020-06-12,San Joaquin,077,732212,2183,1406,4,1410,43
2020-06-12,San Luis Obispo,079,281455,452,321,3,324,1
2020-06-12,San Mateo,081,765935,2781,2533,4,2537,75
2020-06-12,Santa Barbara,083,443738,2858,1969,7,1976,14
2020-06-12,Santa Clara,085,1922200,3878,3099,5,3104,149
2020-06-12,Santa Cruz,087,273765,278,251,0,251,2
2020-06-12,Shasta,089,179085,92,48,0,48,5
2020-06-12,Sierra,091,2930,1,1,0,1,0
2020-06-12,Siskiyou,093,43540,24,13,0,13,0
2020-06-12,Solano,095,438530,908,620,4,624,19
2020-06-12,Sonoma,097,501317,862,696,1,697,4
2020-06-12,Stanislaus,099,539301,1687,1092,5,1097,33
2020-06-12,Sutter,101,95872,92,56,0,56,2
2020-06-12,Tehama,103,63373,32,13,2,15,1
2020-06-12,Trinity,105,12862,9,2,2,4,0
2020-06-12,Tulare,107,460477,3521,2552,4,2556,95
2020-06-12,Tuolumne,109,53932,9,7,1,8,0
2020-06-12,Ventura,111,848112,2221,1534,9,1543,35
2020-06-12,Yolo,113,214977,305,243,0,243,24
2020-06-12,Yuba,115,75493,36,27,0,27,1
2020-06-11,Alameda,001,1643700,4765,4073,6,4079,108
2020-06-11,Alpine,003,1148,2,1,0,1,0
2020-06-11,Amador,005,37829,9,10,0,10,0
2020-06-11,Butte,007,227075,104,72,7,79,1
2020-06-11,Calaveras,009,45235,24,16,0,16,0
2020-06-11,Colusa,011,21464,12,7,0,7,0
2020-06-11,Contra Costa,013,1133247,2128,1797,1,1798,43
2020-06-11,Del Norte,015,27424,47,45,0,45,0
2020-06-11,El Dorado,017,186661,146,109,0,109,0
2020-06-11,Fresno,019,978130,4573,2338,47,2385,45
2020-06-11,Glenn,021,27897,42,21,0,21,0
2020-06-11,Humboldt,023,135768,121,113,0,113,3
2020-06-11,Imperial,025,180216,5634,3463,4,3467,36
2020-06-11,Inyo,027,18085,22,23,0,23,1
2020-06-11,Kern,029,883053,4120,3047,8,3055,54
2020-06-11,Kings,031,150075,1955,963,4,967,6
2020-06-11,Lake,033,64148,39,28,0,28,0
2020-06-11,Lassen,035,31185,12,5,2,7,0
2020-06-11,Los Angeles,037,10098052,77836,68807,20,68827,2800
2020-06-11,Madera,039,155013,440,178,1,179,3
2020-06-11,Marin,041,260295,783,637,2,639,17
2020-06-11,Mariposa,043,17540,18,16,0,16,1
2020-06-11,Mendocino,045,87422,41,35,0,35,0
2020-06-11,Merced,047,269075,625,370,0,370,7
2020-06-11,Modoc,049,8938,1,0,0,0,0
2020-06-11,Mono,051,14174,39,35,0,35,1
2020-06-11,Monterey,053,433212,1153,813,4,817,11
2020-06-11,Napa,055,140530,211,162,0,162,3
2020-06-11,Nevada,057,99092,67,50,1,51,1
2020-06-11,Orange,059,3164182,11866,8304,75,8379,188
2020-06-11,Placer,061,380077,470,321,1,322,9
2020-06-11,Plumas,063,18699,5,4,0,4,0
2020-06-11,Riverside,065,2383286,13143,10014,12,10026,361
2020-06-11,Sacramento,067,1510023,1921,1669,3,1672,60
2020-06-11,San Benito,069,59416,152,94,0,94,2
2020-06-11,San Bernardino,071,2135413,9170,6509,7,6516,221
2020-06-11,San Diego,073,3302833,10389,9000,0,9000,308
2020-06-11,San Francisco,075,870044,3040,2766,1,2767,44
2020-06-11,San Joaquin,077,732212,2071,1351,4,1355,43
2020-06-11,San Luis Obispo,079,281455,438,307,3,310,1
2020-06-11,San Mateo,081,765935,2743,2499,4,2503,74
2020-06-11,Santa Barbara,083,443738,2793,1895,7,1902,14
2020-06-11,Santa Clara,085,1922200,3812,3049,5,3054,149
2020-06-11,Santa Cruz,087,273765,274,247,0,247,2
2020-06-11,Shasta,089,179085,85,47,0,47,5
2020-06-11,Sierra,091,2930,1,1,0,1,0
2020-06-11,Siskiyou,093,43540,24,14,0,14,0
2020-06-11,Solano,095,438530,882,616,4,620,19
2020-06-11,Sonoma,097,501317,839,682,1,683,4
2020-06-11,Stanislaus,099,539301,1596,1062,5,1067,30
2020-06-11,Sutter,101,95872,89,56,0,56,2
2020-06-11,Tehama,103,63373,27,10,2,12,1
2020-06-11,Trinity,105,12862,7,2,2,4,0
2020-06-11,Tulare,107,460477,3422,2473,4,2477,95
2020-06-11,Tuolumne,109,53932,9,7,1,8,0
2020-06-11,Ventura,111,848112,2144,1491,8,1499,34
2020-06-11,Yolo,113,214977,297,230,0,230,24
2020-06-11,Yuba,115,75493,36,27,0,27,1
2020-06-10,Alameda,001,1643700,4665,4027,5,4032,107
2020-06-10,Alpine,003,1148,2,1,0,1,0
2020-06-10,Amador,005,37829,9,10,0,10,0
2020-06-10,Butte,007,227075,101,71,7,78,1
2020-06-10,Calaveras,009,45235,24,16,0,16,0
2020-06-10,Colusa,011,21464,11,7,0,7,0
2020-06-10,Contra Costa,013,1133247,2084,1778,1,1779,43
2020-06-10,Del Norte,015,27424,47,45,0,45,0
2020-06-10,El Dorado,017,186661,143,109,0,109,0
2020-06-10,Fresno,019,978130,4397,2324,47,2371,45
2020-06-10,Glenn,021,27897,39,21,0,21,0
2020-06-10,Humboldt,023,135768,117,112,0,112,3
2020-06-10,Imperial,025,180216,5486,3454,4,3458,36
2020-06-10,Inyo,027,18085,22,23,0,23,1
2020-06-10,Kern,029,883053,3995,3000,8,3008,54
2020-06-10,Kings,031,150075,1908,952,3,955,6
2020-06-10,Lake,033,64148,39,28,0,28,0
2020-06-10,Lassen,035,31185,12,5,2,7,0
2020-06-10,Los Angeles,037,10098052,76315,67018,20,67038,2752
2020-06-10,Madera,039,155013,426,176,1,177,3
2020-06-10,Marin,041,260295,752,633,2,635,17
2020-06-10,Mariposa,043,17540,17,16,0,16,1
2020-06-10,Mendocino,045,87422,40,35,0,35,0
2020-06-10,Merced,047,269075,592,370,0,370,7
2020-06-10,Modoc,049,8938,1,0,0,0,0
2020-06-10,Mono,051,14174,39,35,0,35,1
2020-06-10,Monterey,053,433212,1099,791,4,795,11
2020-06-10,Napa,055,140530,208,159,0,159,3
2020-06-10,Nevada,057,99092,65,50,1,51,1
2020-06-10,Orange,059,3164182,11590,8222,72,8294,184
2020-06-10,Placer,061,380077,445,309,1,310,9
2020-06-10,Plumas,063,18699,5,4,0,4,0
2020-06-10,Riverside,065,2383286,12820,9857,12,9869,361
2020-06-10,Sacramento,067,1510023,1882,1643,2,1645,59
2020-06-10,San Benito,069,59416,143,94,0,94,2
2020-06-10,San Bernardino,071,2135413,8878,6438,7,6445,219
2020-06-10,San Diego,073,3302833,10225,8839,0,8839,305
2020-06-10,San Francisco,075,870044,3015,2774,1,2775,44
2020-06-10,San Joaquin,077,732212,1942,1282,4,1286,41
2020-06-10,San Luis Obispo,079,281455,419,306,3,309,1
2020-06-10,San Mateo,081,765935,2703,2492,4,2496,74
2020-06-10,Santa Barbara,083,443738,2737,1878,7,1885,13
2020-06-10,Santa Clara,085,1922200,3761,3032,5,3037,149
2020-06-10,Santa Cruz,087,273765,270,242,0,242,2
2020-06-10,Shasta,089,179085,80,45,0,45,5
2020-06-10,Sierra,091,2930,1,1,0,1,0
2020-06-10,Siskiyou,093,43540,24,14,0,14,0
2020-06-10,Solano,095,438530,846,608,4,612,19
2020-06-10,Sonoma,097,501317,821,673,1,674,4
2020-06-10,Stanislaus,099,539301,1506,1030,5,1035,29
2020-06-10,Sutter,101,95872,88,56,0,56,2
2020-06-10,Tehama,103,63373,25,10,2,12,1
2020-06-10,Trinity,105,12862,7,2,2,4,0
2020-06-10,Tulare,107,460477,3330,2455,4,2459,95
2020-06-10,Tuolumne,109,53932,9,7,1,8,0
2020-06-10,Ventura,111,848112,2098,1446,7,1453,34
2020-06-10,Yolo,113,214977,289,226,0,226,24
2020-06-10,Yuba,115,75493,35,27,0,27,1
2020-06-09,Alameda,001,1643700,4555,3963,5,3968,103
2020-06-09,Alpine,003,1148,2,1,0,1,0
2020-06-09,Amador,005,37829,9,10,0,10,0
2020-06-09,Butte,007,227075,100,70,7,77,1
2020-06-09,Calaveras,009,45235,24,16,0,16,0
2020-06-09,Colusa,011,21464,10,7,0,7,0
2020-06-09,Contra Costa,013,1133247,2043,1744,1,1745,42
2020-06-09,Del Norte,015,27424,47,45,0,45,0
2020-06-09,El Dorado,017,186661,136,108,0,108,0
2020-06-09,Fresno,019,978130,4245,2278,47,2325,43
2020-06-09,Glenn,021,27897,38,19,0,19,0
2020-06-09,Humboldt,023,135768,115,113,0,113,2
2020-06-09,Imperial,025,180216,5334,3067,4,3071,36
2020-06-09,Inyo,027,18085,22,22,0,22,1
2020-06-09,Kern,029,883053,3867,2920,8,2928,51
2020-06-09,Kings,031,150075,1876,934,3,937,6
2020-06-09,Lake,033,64148,39,28,0,28,0
2020-06-09,Lassen,035,31185,12,5,2,7,0
2020-06-09,Los Angeles,037,10098052,74657,65827,20,65847,2692
2020-06-09,Madera,039,155013,411,172,1,173,3
2020-06-09,Marin,041,260295,716,616,2,618,17
2020-06-09,Mariposa,043,17540,17,16,0,16,1
2020-06-09,Mendocino,045,87422,36,35,0,35,0
2020-06-09,Merced,047,269075,563,349,0,349,7
2020-06-09,Modoc,049,8938,1,0,0,0,0
2020-06-09,Mono,051,14174,39,35,0,35,1
2020-06-09,Monterey,053,433212,1058,772,4,776,11
2020-06-09,Napa,055,140530,198,156,0,156,3
2020-06-09,Nevada,057,99092,57,50,1,51,1
2020-06-09,Orange,059,3164182,11347,7991,70,8061,174
2020-06-09,Placer,061,380077,432,301,1,302,9
2020-06-09,Plumas,063,18699,5,4,0,4,0
2020-06-09,Riverside,065,2383286,12442,9511,12,9523,354
2020-06-09,Sacramento,067,1510023,1828,1625,2,1627,59
2020-06-09,San Benito,069,59416,137,95,0,95,2
2020-06-09,San Bernardino,071,2135413,8554,6268,6,6274,217
2020-06-09,San Diego,073,3302833,10040,8731,0,8731,301
2020-06-09,San Francisco,075,870044,2990,2749,1,2750,44
2020-06-09,San Joaquin,077,732212,1836,1240,4,1244,41
2020-06-09,San Luis Obispo,079,281455,406,301,2,303,1
2020-06-09,San Mateo,081,765935,2672,2463,4,2467,74
2020-06-09,Santa Barbara,083,443738,2673,1854,7,1861,13
2020-06-09,Santa Clara,085,1922200,3694,3006,5,3011,147
2020-06-09,Santa Cruz,087,273765,264,237,0,237,2
2020-06-09,Shasta,089,179085,76,44,0,44,4
2020-06-09,Sierra,091,2930,1,1,0,1,0
2020-06-09,Siskiyou,093,43540,19,10,0,10,0
2020-06-09,Solano,095,438530,811,596,4,600,18
2020-06-09,Sonoma,097,501317,798,661,1,662,4
2020-06-09,Stanislaus,099,539301,1405,993,5,998,25
2020-06-09,Sutter,101,95872,85,56,0,56,2
2020-06-09,Tehama,103,63373,25,9,2,11,1
2020-06-09,Trinity,105,12862,6,2,2,4,0
2020-06-09,Tulare,107,460477,3264,2393,4,2397,91
2020-06-09,Tuolumne,109,53932,9,8,1,9,0
2020-06-09,Ventura,111,848112,2032,1407,7,1414,34
2020-06-09,Yolo,113,214977,278,226,0,226,24
2020-06-09,Yuba,115,75493,34,27,0,27,1
2020-06-08,Alameda,001,1643700,4475,3937,5,3942,103
2020-06-08,Alpine,003,1148,2,1,0,1,0
2020-06-08,Amador,005,37829,9,10,0,10,0
2020-06-08,Butte,007,227075,96,68,7,75,1
2020-06-08,Calaveras,009,45235,24,16,0,16,0
2020-06-08,Colusa,011,21464,9,7,0,7,0
2020-06-08,Contra Costa,013,1133247,2000,1714,1,1715,41
2020-06-08,Del Norte,015,27424,47,45,0,45,0
2020-06-08,El Dorado,017,186661,132,107,0,107,0
2020-06-08,Fresno,019,978130,4120,2194,46,2240,42
2020-06-08,Glenn,021,27897,36,17,0,17,0
2020-06-08,Humboldt,023,135768,115,112,0,112,2
2020-06-08,Imperial,025,180216,5182,3051,4,3055,21
2020-06-08,Inyo,027,18085,22,22,0,22,1
2020-06-08,Kern,029,883053,3736,2853,8,2861,49
2020-06-08,Kings,031,150075,1800,892,3,895,6
2020-06-08,Lake,033,64148,39,28,0,28,0
2020-06-08,Lassen,035,31185,12,4,2,6,0
2020-06-08,Los Angeles,037,10098052,73195,64634,20,64654,2640
2020-06-08,Madera,039,155013,381,154,1,155,3
2020-06-08,Marin,041,260295,675,596,2,598,17
2020-06-08,Mariposa,043,17540,16,16,0,16,1
2020-06-08,Mendocino,045,87422,34,32,0,32,0
2020-06-08,Merced,047,269075,529,331,0,331,7
2020-06-08,Modoc,049,8938,1,0,0,0,0
2020-06-08,Mono,051,14174,39,35,0,35,1
2020-06-08,Monterey,053,433212,1007,751,3,754,10
2020-06-08,Napa,055,140530,182,151,0,151,3
2020-06-08,Nevada,057,99092,56,50,1,51,1
2020-06-08,Orange,059,3164182,11095,7786,68,7854,160
2020-06-08,Placer,061,380077,415,290,1,291,9
2020-06-08,Plumas,063,18699,5,4,0,4,0
2020-06-08,Riverside,065,2383286,12073,9246,12,9258,347
2020-06-08,Sacramento,067,1510023,1778,1591,2,1593,59
2020-06-08,San Benito,069,59416,130,93,0,93,2
2020-06-08,San Bernardino,071,2135413,8233,6122,6,6128,214
2020-06-08,San Diego,073,3302833,9883,8621,0,8621,296
2020-06-08,San Francisco,075,870044,2963,2715,1,2716,43
2020-06-08,San Joaquin,077,732212,1729,1198,4,1202,40
2020-06-08,San Luis Obispo,079,281455,400,300,2,302,1
2020-06-08,San Mateo,081,765935,2641,2431,3,2434,74
2020-06-08,Santa Barbara,083,443738,2609,1824,6,1830,13
2020-06-08,Santa Clara,085,1922200,3649,2971,5,2976,146
2020-06-08,Santa Cruz,087,273765,263,234,0,234,2
2020-06-08,Shasta,089,179085,72,43,0,43,4
2020-06-08,Sierra,091,2930,1,1,0,1,0
2020-06-08,Siskiyou,093,43540,19,8,0,8,0
2020-06-08,Solano,095,438530,784,560,4,564,19
2020-06-08,Sonoma,097,501317,782,654,1,655,4
2020-06-08,Stanislaus,099,539301,1323,956,5,961,28
2020-06-08,Sutter,101,95872,78,55,0,55,2
2020-06-08,Tehama,103,63373,19,8,2,10,1
2020-06-08,Trinity,105,12862,6,2,2,4,0
2020-06-08,Tulare,107,460477,3181,2301,4,2305,91
2020-06-08,Tuolumne,109,53932,8,8,1,9,0
2020-06-08,Ventura,111,848112,1974,1382,7,1389,30
2020-06-08,Yolo,113,214977,267,228,0,228,24
2020-06-08,Yuba,115,75493,32,27,0,27,1
2020-06-07,Alameda,001,1643700,4362,3866,5,3871,102
2020-06-07,Alpine,003,1148,2,1,0,1,0
2020-06-07,Amador,005,37829,9,10,0,10,0
2020-06-07,Butte,007,227075,94,64,5,69,1
2020-06-07,Calaveras,009,45235,22,16,0,16,0
2020-06-07,Colusa,011,21464,9,7,0,7,0
2020-06-07,Contra Costa,013,1133247,1949,1653,0,1653,38
2020-06-07,Del Norte,015,27424,45,45,0,45,0
2020-06-07,El Dorado,017,186661,132,104,0,104,0
2020-06-07,Fresno,019,978130,3990,2144,46,2190,41
2020-06-07,Glenn,021,27897,29,16,0,16,0
2020-06-07,Humboldt,023,135768,115,112,0,112,2
2020-06-07,Imperial,025,180216,5031,3048,4,3052,19
2020-06-07,Inyo,027,18085,22,21,0,21,1
2020-06-07,Kern,029,883053,3605,2771,8,2779,46
2020-06-07,Kings,031,150075,1751,882,3,885,6
2020-06-07,Lake,033,64148,36,28,0,28,0
2020-06-07,Lassen,035,31185,11,4,2,6,0
2020-06-07,Los Angeles,037,10098052,71492,63750,20,63770,2629
2020-06-07,Madera,039,155013,364,149,1,150,3
2020-06-07,Marin,041,260295,661,584,2,586,17
2020-06-07,Mariposa,043,17540,16,16,0,16,1
2020-06-07,Mendocino,045,87422,34,32,0,32,0
2020-06-07,Merced,047,269075,496,318,0,318,7
2020-06-07,Modoc,049,8938,1,0,0,0,0
2020-06-07,Mono,051,14174,39,35,0,35,1
2020-06-07,Monterey,053,433212,960,732,3,735,10
2020-06-07,Napa,055,140530,174,142,0,142,3
2020-06-07,Nevada,057,99092,55,50,1,51,1
2020-06-07,Orange,059,3164182,10837,7643,66,7709,158
2020-06-07,Placer,061,380077,394,273,1,274,9
2020-06-07,Plumas,063,18699,5,4,0,4,0
2020-06-07,Riverside,065,2383286,11777,9105,12,9117,344
2020-06-07,Sacramento,067,1510023,1730,1568,2,1570,59
2020-06-07,San Benito,069,59416,127,92,0,92,2
2020-06-07,San Bernardino,071,2135413,7948,6033,6,6039,214
2020-06-07,San Diego,073,3302833,9704,8478,0,8478,296
2020-06-07,San Francisco,075,870044,2919,2674,0,2674,43
2020-06-07,San Joaquin,077,732212,1628,1126,4,1130,37
2020-06-07,San Luis Obispo,079,281455,390,296,2,298,1
2020-06-07,San Mateo,081,765935,2614,2399,3,2402,73
2020-06-07,Santa Barbara,083,443738,2543,1818,6,1824,13
2020-06-07,Santa Clara,085,1922200,3598,2947,5,2952,146
2020-06-07,Santa Cruz,087,273765,255,230,0,230,2
2020-06-07,Shasta,089,179085,71,41,0,41,4
2020-06-07,Sierra,091,2930,1,1,0,1,0
2020-06-07,Siskiyou,093,43540,19,8,0,8,0
2020-06-07,Solano,095,438530,761,560,4,564,19
2020-06-07,Sonoma,097,501317,751,639,1,640,4
2020-06-07,Stanislaus,099,539301,1243,905,5,910,28
2020-06-07,Sutter,101,95872,70,55,0,55,2
2020-06-07,Tehama,103,63373,16,8,2,10,1
2020-06-07,Trinity,105,12862,5,2,2,4,0
2020-06-07,Tulare,107,460477,3059,2219,4,2223,90
2020-06-07,Tuolumne,109,53932,8,4,1,5,0
2020-06-07,Ventura,111,848112,1909,1337,7,1344,30
2020-06-07,Yolo,113,214977,257,224,0,224,24
2020-06-07,Yuba,115,75493,32,27,0,27,1
2020-06-06,Alameda,001,1643700,4317,3801,5,3806,102
2020-06-06,Alpine,003,1148,2,1,0,1,0
2020-06-06,Amador,005,37829,9,10,0,10,0
2020-06-06,Butte,007,227075,93,63,5,68,1
2020-06-06,Calaveras,009,45235,20,16,0,16,0
2020-06-06,Colusa,011,21464,9,7,0,7,0
2020-06-06,Contra Costa,013,1133247,1928,1619,0,1619,37
2020-06-06,Del Norte,015,27424,45,45,0,45,0
2020-06-06,El Dorado,017,186661,128,104,0,104,0
2020-06-06,Fresno,019,978130,3936,2117,46,2163,41
2020-06-06,Glenn,021,27897,27,16,0,16,0
2020-06-06,Humboldt,023,135768,115,112,0,112,2
2020-06-06,Imperial,025,180216,4955,3047,4,3051,19
2020-06-06,Inyo,027,18085,22,21,0,21,1
2020-06-06,Kern,029,883053,3535,2695,8,2703,46
2020-06-06,Kings,031,150075,1732,882,3,885,6
2020-06-06,Lake,033,64148,36,28,0,28,0
2020-06-06,Lassen,035,31185,11,4,2,6,0
2020-06-06,Los Angeles,037,10098052,70745,62269,20,62289,2607
2020-06-06,Madera,039,155013,355,149,1,150,3
2020-06-06,Marin,041,260295,656,556,2,558,17
2020-06-06,Mariposa,043,17540,16,16,0,16,1
2020-06-06,Mendocino,045,87422,34,32,0,32,0
2020-06-06,Merced,047,269075,494,315,0,315,7
2020-06-06,Modoc,049,8938,1,0,0,0,0
2020-06-06,Mono,051,14174,39,35,0,35,1
2020-06-06,Monterey,053,433212,936,679,3,682,10
2020-06-06,Napa,055,140530,168,136,0,136,3
2020-06-06,Nevada,057,99092,54,50,1,51,1
2020-06-06,Orange,059,3164182,10678,7576,65,7641,157
2020-06-06,Placer,061,380077,382,270,1,271,9
2020-06-06,Plumas,063,18699,5,4,0,4,0
2020-06-06,Riverside,065,2383286,11599,8935,12,8947,345
2020-06-06,Sacramento,067,1510023,1707,1533,2,1535,59
2020-06-06,San Benito,069,59416,117,92,0,92,2
2020-06-06,San Bernardino,071,2135413,7800,5946,6,5952,214
2020-06-06,San Diego,073,3302833,9583,8347,0,8347,296
2020-06-06,San Francisco,075,870044,2904,2674,0,2674,43
2020-06-06,San Joaquin,077,732212,1588,1076,4,1080,37
2020-06-06,San Luis Obispo,079,281455,384,295,2,297,1
2020-06-06,San Mateo,081,765935,2599,2342,3,2345,72
2020-06-06,Santa Barbara,083,443738,2502,1815,6,1821,13
2020-06-06,Santa Clara,085,1922200,3557,2934,5,2939,144
2020-06-06,Santa Cruz,087,273765,253,226,0,226,2
2020-06-06,Shasta,089,179085,71,40,0,40,4
2020-06-06,Sierra,091,2930,1,1,0,1,0
2020-06-06,Siskiyou,093,43540,17,8,0,8,0
2020-06-06,Solano,095,438530,746,560,4,564,19
2020-06-06,Sonoma,097,501317,739,622,1,623,4
2020-06-06,Stanislaus,099,539301,1209,858,5,863,27
2020-06-06,Sutter,101,95872,70,51,0,51,2
2020-06-06,Tehama,103,63373,15,8,2,10,1
2020-06-06,Trinity,105,12862,5,2,1,3,0
2020-06-06,Tulare,107,460477,3026,2213,4,2217,90
2020-06-06,Tuolumne,109,53932,8,4,1,5,0
2020-06-06,Ventura,111,848112,1885,1303,7,1310,30
2020-06-06,Yolo,113,214977,255,223,0,223,24
2020-06-06,Yuba,115,75493,32,27,0,27,1
2020-06-05,Alameda,001,1643700,4266,3734,5,3739,102
2020-06-05,Alpine,003,1148,2,1,0,1,0
2020-06-05,Amador,005,37829,9,10,0,10,0
2020-06-05,Butte,007,227075,90,61,5,66,1
2020-06-05,Calaveras,009,45235,19,16,0,16,0
2020-06-05,Colusa,011,21464,9,7,0,7,0
2020-06-05,Contra Costa,013,1133247,1913,1575,0,1575,37
2020-06-05,Del Norte,015,27424,45,45,0,45,0
2020-06-05,El Dorado,017,186661,127,101,0,101,0
2020-06-05,Fresno,019,978130,3872,2051,45,2096,38
2020-06-05,Glenn,021,27897,25,16,0,16,0
2020-06-05,Humboldt,023,135768,114,111,0,111,2
2020-06-05,Imperial,025,180216,4849,2778,4,2782,19
2020-06-05,Inyo,027,18085,22,21,0,21,1
2020-06-05,Kern,029,883053,3446,2624,8,2632,46
2020-06-05,Kings,031,150075,1717,865,3,868,6
2020-06-05,Lake,033,64148,35,28,0,28,0
2020-06-05,Lassen,035,31185,10,4,2,6,0
2020-06-05,Los Angeles,037,10098052,69598,60955,20,60975,2553
2020-06-05,Madera,039,155013,333,144,1,145,3
2020-06-05,Marin,041,260295,647,546,2,548,17
2020-06-05,Mariposa,043,17540,16,16,0,16,1
2020-06-05,Mendocino,045,87422,34,32,0,32,0
2020-06-05,Merced,047,269075,492,309,0,309,7
2020-06-05,Modoc,049,8938,1,0,0,0,0
2020-06-05,Mono,051,14174,39,35,0,35,1
2020-06-05,Monterey,053,433212,904,649,3,652,10
2020-06-05,Napa,055,140530,165,123,0,123,3
2020-06-05,Nevada,057,99092,54,50,1,51,1
2020-06-05,Orange,059,3164182,10481,7391,63,7454,153
2020-06-05,Placer,061,380077,372,265,1,266,9
2020-06-05,Plumas,063,18699,5,4,0,4,0
2020-06-05,Riverside,065,2383286,11340,8700,12,8712,345
2020-06-05,Sacramento,067,1510023,1685,1514,2,1516,59
2020-06-05,San Benito,069,59416,115,92,0,92,2
2020-06-05,San Bernardino,071,2135413,7618,5869,5,5874,212
2020-06-05,San Diego,073,3302833,9468,8182,0,8182,294
2020-06-05,San Francisco,075,870044,2886,2675,0,2675,43
2020-06-05,San Joaquin,077,732212,1509,1046,4,1050,36
2020-06-05,San Luis Obispo,079,281455,377,293,2,295,1
2020-06-05,San Mateo,081,765935,2574,2331,3,2334,72
2020-06-05,Santa Barbara,083,443738,2463,1795,6,1801,13
2020-06-05,Santa Clara,085,1922200,3528,2902,5,2907,144
2020-06-05,Santa Cruz,087,273765,250,222,0,222,2
2020-06-05,Shasta,089,179085,70,40,0,40,4
2020-06-05,Sierra,091,2930,1,1,0,1,0
2020-06-05,Siskiyou,093,43540,15,8,0,8,0
2020-06-05,Solano,095,438530,739,558,4,562,19
2020-06-05,Sonoma,097,501317,718,618,1,619,4
2020-06-05,Stanislaus,099,539301,1176,842,5,847,27
2020-06-05,Sutter,101,95872,70,49,0,49,2
2020-06-05,Tehama,103,63373,15,7,2,9,1
2020-06-05,Trinity,105,12862,5,1,1,2,0
2020-06-05,Tulare,107,460477,2977,2180,4,2184,90
2020-06-05,Tuolumne,109,53932,8,4,1,5,0
2020-06-05,Ventura,111,848112,1852,1274,7,1281,30
2020-06-05,Yolo,113,214977,254,216,0,216,24
2020-06-05,Yuba,115,75493,32,27,0,27,1
2020-06-04,Alameda,001,1643700,4167,3643,5,3648,99
2020-06-04,Alpine,003,1148,2,1,0,1,0
2020-06-04,Amador,005,37829,9,10,0,10,0
2020-06-04,Butte,007,227075,86,57,4,61,1
2020-06-04,Calaveras,009,45235,19,15,0,15,0
2020-06-04,Colusa,011,21464,9,7,0,7,0
2020-06-04,Contra Costa,013,1133247,1855,1551,0,1551,37
2020-06-04,Del Norte,015,27424,45,45,0,45,0
2020-06-04,El Dorado,017,186661,125,101,0,101,0
2020-06-04,Fresno,019,978130,3766,2007,45,2052,35
2020-06-04,Glenn,021,27897,22,16,0,16,0
2020-06-04,Humboldt,023,135768,114,109,0,109,2
2020-06-04,Imperial,025,180216,4666,2631,4,2635,19
2020-06-04,Inyo,027,18085,22,20,0,20,1
2020-06-04,Kern,029,883053,3330,2530,8,2538,46
2020-06-04,Kings,031,150075,1647,842,3,845,6
2020-06-04,Lake,033,64148,34,27,0,27,0
2020-06-04,Lassen,035,31185,8,4,2,6,0
2020-06-04,Los Angeles,037,10098052,68130,59596,20,59616,2515
2020-06-04,Madera,039,155013,325,127,1,128,3
2020-06-04,Marin,041,260295,625,533,2,535,14
2020-06-04,Mariposa,043,17540,16,16,0,16,1
2020-06-04,Mendocino,045,87422,34,29,0,29,0
2020-06-04,Merced,047,269075,472,304,0,304,7
2020-06-04,Modoc,049,8938,1,0,0,0,0
2020-06-04,Mono,051,14174,39,35,0,35,1
2020-06-04,Monterey,053,433212,869,621,2,623,10
2020-06-04,Napa,055,140530,161,117,0,117,3
2020-06-04,Nevada,057,99092,53,49,1,50,1
2020-06-04,Orange,059,3164182,10227,7192,62,7254,148
2020-06-04,Placer,061,380077,356,256,1,257,9
2020-06-04,Plumas,063,18699,4,4,0,4,0
2020-06-04,Riverside,065,2383286,11062,8473,12,8485,341
2020-06-04,Sacramento,067,1510023,1658,1492,2,1494,58
2020-06-04,San Benito,069,59416,113,88,0,88,2
2020-06-04,San Bernardino,071,2135413,7350,5726,5,5731,207
2020-06-04,San Diego,073,3302833,9305,7942,0,7942,288
2020-06-04,San Francisco,075,870044,2853,2636,0,2636,43
2020-06-04,San Joaquin,077,732212,1447,1016,4,1020,36
2020-06-04,San Luis Obispo,079,281455,368,288,2,290,1
2020-06-04,San Mateo,081,765935,2548,2284,3,2287,72
2020-06-04,Santa Barbara,083,443738,2417,1750,6,1756,13
2020-06-04,Santa Clara,085,1922200,3496,2871,5,2876,144
2020-06-04,Santa Cruz,087,273765,244,218,0,218,2
2020-06-04,Shasta,089,179085,64,40,0,40,4
2020-06-04,Sierra,091,2930,1,1,0,1,0
2020-06-04,Siskiyou,093,43540,14,8,0,8,0
2020-06-04,Solano,095,438530,722,551,4,555,19
2020-06-04,Sonoma,097,501317,699,591,1,592,4
2020-06-04,Stanislaus,099,539301,1100,806,5,811,28
2020-06-04,Sutter,101,95872,65,46,0,46,2
2020-06-04,Tehama,103,63373,14,6,1,7,1
2020-06-04,Trinity,105,12862,5,1,1,2,0
2020-06-04,Tulare,107,460477,2861,2086,4,2090,90
2020-06-04,Tuolumne,109,53932,7,4,1,5,0
2020-06-04,Ventura,111,848112,1809,1236,7,1243,30
2020-06-04,Yolo,113,214977,249,216,0,216,24
2020-06-04,Yuba,115,75493,31,27,0,27,1
2020-06-03,Alameda,001,1643700,4108,3589,4,3593,99
2020-06-03,Alpine,003,1148,2,1,0,1,0
2020-06-03,Amador,005,37829,9,10,0,10,0
2020-06-03,Butte,007,227075,84,53,4,57,1
2020-06-03,Calaveras,009,45235,18,15,0,15,0
2020-06-03,Colusa,011,21464,9,7,0,7,0
2020-06-03,Contra Costa,013,1133247,1807,1511,0,1511,37
2020-06-03,Del Norte,015,27424,45,39,0,39,0
2020-06-03,El Dorado,017,186661,122,90,0,90,0
2020-06-03,Fresno,019,978130,3669,1943,45,1988,35
2020-06-03,Glenn,021,27897,22,16,0,16,0
2020-06-03,Humboldt,023,135768,114,103,0,103,2
2020-06-03,Imperial,025,180216,4494,2540,4,2544,19
2020-06-03,Inyo,027,18085,22,20,0,20,1
2020-06-03,Kern,029,883053,3234,2452,8,2460,44
2020-06-03,Kings,031,150075,1582,744,3,747,6
2020-06-03,Lake,033,64148,32,26,0,26,0
2020-06-03,Lassen,035,31185,8,4,2,6,0
2020-06-03,Los Angeles,037,10098052,66524,58166,20,58186,2472
2020-06-03,Madera,039,155013,317,117,1,118,3
2020-06-03,Marin,041,260295,607,527,2,529,14
2020-06-03,Mariposa,043,17540,16,16,0,16,1
2020-06-03,Mendocino,045,87422,33,29,0,29,0
2020-06-03,Merced,047,269075,458,299,0,299,7
2020-06-03,Modoc,049,8938,1,0,0,0,0
2020-06-03,Mono,051,14174,39,35,0,35,1
2020-06-03,Monterey,053,433212,841,592,2,594,10
2020-06-03,Napa,055,140530,160,116,0,116,3
2020-06-03,Nevada,057,99092,52,43,1,44,1
2020-06-03,Orange,059,3164182,9998,6939,61,7000,145
2020-06-03,Placer,061,380077,336,243,1,244,9
2020-06-03,Plumas,063,18699,4,4,0,4,0
2020-06-03,Riverside,065,2383286,10787,8208,12,8220,335
2020-06-03,Sacramento,067,1510023,1628,1457,2,1459,58
2020-06-03,San Benito,069,59416,107,88,0,88,2
2020-06-03,San Bernardino,071,2135413,7127,5565,5,5570,203
2020-06-03,San Diego,073,3302833,9157,7800,0,7800,283
2020-06-03,San Francisco,075,870044,2822,2608,0,2608,43
2020-06-03,San Joaquin,077,732212,1383,1004,4,1008,35
2020-06-03,San Luis Obispo,079,281455,363,279,2,281,1
2020-06-03,San Mateo,081,765935,2520,2243,3,2246,71
2020-06-03,Santa Barbara,083,443738,2369,1722,6,1728,12
2020-06-03,Santa Clara,085,1922200,3456,2836,5,2841,144
2020-06-03,Santa Cruz,087,273765,238,217,0,217,2
2020-06-03,Shasta,089,179085,61,40,0,40,4
2020-06-03,Sierra,091,2930,1,1,0,1,0
2020-06-03,Siskiyou,093,43540,13,8,0,8,0
2020-06-03,Solano,095,438530,697,543,2,545,18
2020-06-03,Sonoma,097,501317,687,578,1,579,4
2020-06-03,Stanislaus,099,539301,1060,780,5,785,27
2020-06-03,Sutter,101,95872,57,45,0,45,2
2020-06-03,Tehama,103,63373,14,6,1,7,1
2020-06-03,Trinity,105,12862,5,1,1,2,0
2020-06-03,Tulare,107,460477,2792,2041,4,2045,88
2020-06-03,Tuolumne,109,53932,5,4,1,5,0
2020-06-03,Ventura,111,848112,1744,1202,7,1209,30
2020-06-03,Yolo,113,214977,245,213,0,213,24
2020-06-03,Yuba,115,75493,31,27,0,27,1
2020-06-02,Alameda,001,1643700,4032,3517,4,3521,99
2020-06-02,Alpine,003,1148,2,1,0,1,0
2020-06-02,Amador,005,37829,9,10,0,10,0
2020-06-02,Butte,007,227075,80,51,3,54,1
2020-06-02,Calaveras,009,45235,18,15,0,15,0
2020-06-02,Colusa,011,21464,9,7,0,7,0
2020-06-02,Contra Costa,013,1133247,1775,1505,0,1505,37
2020-06-02,Del Norte,015,27424,45,39,0,39,0
2020-06-02,El Dorado,017,186661,121,88,0,88,0
2020-06-02,Fresno,019,978130,3557,1917,45,1962,34
2020-06-02,Glenn,021,27897,21,16,0,16,0
2020-06-02,Humboldt,023,135768,114,101,0,101,2
2020-06-02,Imperial,025,180216,4301,2459,4,2463,19
2020-06-02,Inyo,027,18085,20,20,0,20,1
2020-06-02,Kern,029,883053,3135,2406,6,2412,41
2020-06-02,Kings,031,150075,1554,720,3,723,5
2020-06-02,Lake,033,64148,32,25,0,25,0
2020-06-02,Lassen,035,31185,7,4,2,6,0
2020-06-02,Los Angeles,037,10098052,65121,57144,20,57164,2430
2020-06-02,Madera,039,155013,296,110,1,111,2
2020-06-02,Marin,041,260295,580,509,2,511,14
2020-06-02,Mariposa,043,17540,16,16,0,16,1
2020-06-02,Mendocino,045,87422,33,29,0,29,0
2020-06-02,Merced,047,269075,442,297,0,297,6
2020-06-02,Modoc,049,8938,1,0,0,0,0
2020-06-02,Mono,051,14174,39,35,0,35,1
2020-06-02,Monterey,053,433212,811,582,2,584,10
2020-06-02,Napa,055,140530,151,116,0,116,3
2020-06-02,Nevada,057,99092,51,41,1,42,1
2020-06-02,Orange,059,3164182,9797,6790,60,6850,142
2020-06-02,Placer,061,380077,322,226,1,227,9
2020-06-02,Plumas,063,18699,4,4,0,4,0
2020-06-02,Riverside,065,2383286,10491,8091,11,8102,330
2020-06-02,Sacramento,067,1510023,1599,1428,2,1430,58
2020-06-02,San Benito,069,59416,106,86,0,86,2
2020-06-02,San Bernardino,071,2135413,6919,5438,5,5443,202
2020-06-02,San Diego,073,3302833,9011,7676,0,7676,276
2020-06-02,San Francisco,075,870044,2787,2554,0,2554,43
2020-06-02,San Joaquin,077,732212,1317,985,4,989,35
2020-06-02,San Luis Obispo,079,281455,358,275,2,277,1
2020-06-02,San Mateo,081,765935,2485,2203,3,2206,71
2020-06-02,Santa Barbara,083,443738,2321,1703,6,1709,12
2020-06-02,Santa Clara,085,1922200,3406,2819,5,2824,144
2020-06-02,Santa Cruz,087,273765,233,215,0,215,2
2020-06-02,Shasta,089,179085,60,38,0,38,4
2020-06-02,Sierra,091,2930,1,1,0,1,0
2020-06-02,Siskiyou,093,43540,12,8,0,8,0
2020-06-02,Solano,095,438530,682,537,1,538,18
2020-06-02,Sonoma,097,501317,676,571,1,572,4
2020-06-02,Stanislaus,099,539301,1001,772,5,777,27
2020-06-02,Sutter,101,95872,54,43,0,43,2
2020-06-02,Tehama,103,63373,14,6,1,7,1
2020-06-02,Trinity,105,12862,5,1,1,2,0
2020-06-02,Tulare,107,460477,2712,2012,4,2016,86
2020-06-02,Tuolumne,109,53932,5,4,1,5,0
2020-06-02,Ventura,111,848112,1692,1178,7,1185,30
2020-06-02,Yolo,113,214977,243,213,0,213,24
2020-06-02,Yuba,115,75493,31,27,0,27,1
2020-06-01,Alameda,001,1643700,3967,3460,4,3464,98
2020-06-01,Alpine,003,1148,2,1,0,1,0
2020-06-01,Amador,005,37829,9,10,0,10,0
2020-06-01,Butte,007,227075,79,50,2,52,1
2020-06-01,Calaveras,009,45235,18,15,0,15,0
2020-06-01,Colusa,011,21464,9,7,0,7,0
2020-06-01,Contra Costa,013,1133247,1739,1486,0,1486,37
2020-06-01,Del Norte,015,27424,45,38,0,38,0
2020-06-01,El Dorado,017,186661,119,88,0,88,0
2020-06-01,Fresno,019,978130,3462,1854,43,1897,33
2020-06-01,Glenn,021,27897,21,16,0,16,0
2020-06-01,Humboldt,023,135768,114,98,0,98,2
2020-06-01,Imperial,025,180216,4078,2366,4,2370,14
2020-06-01,Inyo,027,18085,20,20,0,20,1
2020-06-01,Kern,029,883053,3052,2366,6,2372,38
2020-06-01,Kings,031,150075,1286,703,3,706,4
2020-06-01,Lake,033,64148,32,22,0,22,0
2020-06-01,Lassen,035,31185,7,4,2,6,0
2020-06-01,Los Angeles,037,10098052,63655,55899,20,55919,2367
2020-06-01,Madera,039,155013,284,103,1,104,2
2020-06-01,Marin,041,260295,539,495,2,497,14
2020-06-01,Mariposa,043,17540,16,16,0,16,1
2020-06-01,Mendocino,045,87422,33,28,0,28,0
2020-06-01,Merced,047,269075,423,289,0,289,6
2020-06-01,Modoc,049,8938,1,0,0,0,0
2020-06-01,Mono,051,14174,39,35,0,35,1
2020-06-01,Monterey,053,433212,786,554,2,556,10
2020-06-01,Napa,055,140530,148,114,0,114,3
2020-06-01,Nevada,057,99092,51,41,1,42,1
2020-06-01,Orange,059,3164182,9600,6640,59,6699,135
2020-06-01,Placer,061,380077,310,218,1,219,9
2020-06-01,Plumas,063,18699,4,4,0,4,0
2020-06-01,Riverside,065,2383286,10040,7921,11,7932,322
2020-06-01,Sacramento,067,1510023,1560,1415,2,1417,58
2020-06-01,San Benito,069,59416,103,86,0,86,2
2020-06-01,San Bernardino,071,2135413,6712,5310,5,5315,202
2020-06-01,San Diego,073,3302833,8831,7556,0,7556,269
2020-06-01,San Francisco,075,870044,2750,2546,0,2546,43
2020-06-01,San Joaquin,077,732212,1252,957,4,961,35
2020-06-01,San Luis Obispo,079,281455,354,275,2,277,1
2020-06-01,San Mateo,081,765935,2455,2190,3,2193,71
2020-06-01,Santa Barbara,083,443738,2276,1671,5,1676,10
2020-06-01,Santa Clara,085,1922200,3368,2797,4,2801,142
2020-06-01,Santa Cruz,087,273765,229,215,0,215,2
2020-06-01,Shasta,089,179085,60,38,0,38,4
2020-06-01,Sierra,091,2930,1,1,0,1,0
2020-06-01,Siskiyou,093,43540,12,7,0,7,0
2020-06-01,Solano,095,438530,658,529,1,530,17
2020-06-01,Sonoma,097,501317,660,565,1,566,4
2020-06-01,Stanislaus,099,539301,964,758,5,763,27
2020-06-01,Sutter,101,95872,49,43,0,43,2
2020-06-01,Tehama,103,63373,11,5,1,6,1
2020-06-01,Trinity,105,12862,4,1,1,2,0
2020-06-01,Tulare,107,460477,2597,1976,4,1980,84
2020-06-01,Tuolumne,109,53932,4,4,1,5,0
2020-06-01,Ventura,111,848112,1642,1163,7,1170,29
2020-06-01,Yolo,113,214977,240,212,0,212,24
2020-06-01,Yuba,115,75493,30,26,0,26,1
2020-05-31,Alameda,001,1643700,3861,3362,4,3366,98
2020-05-31,Alpine,003,1148,2,1,0,1,0
2020-05-31,Amador,005,37829,9,10,0,10,0
2020-05-31,Butte,007,227075,77,51,2,53,0
2020-05-31,Calaveras,009,45235,15,15,0,15,0
2020-05-31,Colusa,011,21464,9,5,0,5,0
2020-05-31,Contra Costa,013,1133247,1705,1458,0,1458,37
2020-05-31,Del Norte,015,27424,45,37,0,37,0
2020-05-31,El Dorado,017,186661,115,88,0,88,0
2020-05-31,Fresno,019,978130,3300,1780,41,1821,31
2020-05-31,Glenn,021,27897,20,16,0,16,0
2020-05-31,Humboldt,023,135768,112,98,0,98,2
2020-05-31,Imperial,025,180216,3811,2197,4,2201,14
2020-05-31,Inyo,027,18085,20,20,0,20,1
2020-05-31,Kern,029,883053,2917,2300,6,2306,38
2020-05-31,Kings,031,150075,1249,703,3,706,3
2020-05-31,Lake,033,64148,32,19,0,19,0
2020-05-31,Lassen,035,31185,7,4,2,6,0
2020-05-31,Los Angeles,037,10098052,62365,54925,20,54945,2344
2020-05-31,Madera,039,155013,266,101,1,102,2
2020-05-31,Marin,041,260295,529,486,2,488,14
2020-05-31,Mariposa,043,17540,16,16,0,16,1
2020-05-31,Mendocino,045,87422,33,24,0,24,0
2020-05-31,Merced,047,269075,396,288,0,288,6
2020-05-31,Modoc,049,8938,0,0,0,0,0
2020-05-31,Mono,051,14174,39,34,0,34,1
2020-05-31,Monterey,053,433212,713,545,2,547,10
2020-05-31,Napa,055,140530,146,114,0,114,3
2020-05-31,Nevada,057,99092,50,41,1,42,1
2020-05-31,Orange,059,3164182,9389,6532,58,6590,135
2020-05-31,Placer,061,380077,288,215,1,216,9
2020-05-31,Plumas,063,18699,4,4,0,4,0
2020-05-31,Riverside,065,2383286,9784,7704,11,7715,321
2020-05-31,Sacramento,067,1510023,1529,1398,2,1400,57
2020-05-31,San Benito,069,59416,97,85,0,85,2
2020-05-31,San Bernardino,071,2135413,6444,5185,5,5190,198
2020-05-31,San Diego,073,3302833,8637,7483,0,7483,269
2020-05-31,San Francisco,075,870044,2714,2501,0,2501,43
2020-05-31,San Joaquin,077,732212,1187,888,4,892,34
2020-05-31,San Luis Obispo,079,281455,344,271,2,273,1
2020-05-31,San Mateo,081,765935,2409,2169,3,2172,71
2020-05-31,Santa Barbara,083,443738,2215,1662,5,1667,9
2020-05-31,Santa Clara,085,1922200,3324,2785,4,2789,142
2020-05-31,Santa Cruz,087,273765,226,210,0,210,2
2020-05-31,Shasta,089,179085,58,38,0,38,4
2020-05-31,Sierra,091,2930,1,1,0,1,0
2020-05-31,Siskiyou,093,43540,11,7,0,7,0
2020-05-31,Solano,095,438530,632,512,1,513,6
2020-05-31,Sonoma,097,501317,640,555,1,556,4
2020-05-31,Stanislaus,099,539301,910,738,5,743,27
2020-05-31,Sutter,101,95872,47,42,0,42,2
2020-05-31,Tehama,103,63373,10,4,1,5,1
2020-05-31,Trinity,105,12862,4,1,1,2,0
2020-05-31,Tulare,107,460477,2525,1884,4,1888,82
2020-05-31,Tuolumne,109,53932,4,4,1,5,0
2020-05-31,Ventura,111,848112,1585,1151,7,1158,30
2020-05-31,Yolo,113,214977,234,211,0,211,24
2020-05-31,Yuba,115,75493,30,26,0,26,1
2020-05-30,Alameda,001,1643700,3835,3304,4,3308,96
2020-05-30,Alpine,003,1148,2,1,0,1,0
2020-05-30,Amador,005,37829,9,10,0,10,0
2020-05-30,Butte,007,227075,76,44,2,46,0
2020-05-30,Calaveras,009,45235,14,15,0,15,0
2020-05-30,Colusa,011,21464,8,5,0,5,0
2020-05-30,Contra Costa,013,1133247,1690,1429,0,1429,37
2020-05-30,Del Norte,015,27424,45,37,0,37,0
2020-05-30,El Dorado,017,186661,114,86,0,86,0
2020-05-30,Fresno,019,978130,3239,1744,40,1784,31
2020-05-30,Glenn,021,27897,19,16,0,16,0
2020-05-30,Humboldt,023,135768,111,98,0,98,2
2020-05-30,Imperial,025,180216,3721,2091,4,2095,14
2020-05-30,Inyo,027,18085,20,20,0,20,1
2020-05-30,Kern,029,883053,2848,2217,6,2223,38
2020-05-30,Kings,031,150075,1235,703,3,706,3
2020-05-30,Lake,033,64148,31,18,0,18,0
2020-05-30,Lassen,035,31185,7,4,2,6,0
2020-05-30,Los Angeles,037,10098052,61829,53627,20,53647,2319
2020-05-30,Madera,039,155013,261,101,1,102,2
2020-05-30,Marin,041,260295,529,462,2,464,14
2020-05-30,Mariposa,043,17540,16,16,0,16,1
2020-05-30,Mendocino,045,87422,33,24,0,24,0
2020-05-30,Merced,047,269075,395,285,0,285,6
2020-05-30,Modoc,049,8938,0,0,0,0,0
2020-05-30,Mono,051,14174,39,34,0,34,1
2020-05-30,Monterey,053,433212,697,520,2,522,10
2020-05-30,Napa,055,140530,144,113,0,113,3
2020-05-30,Nevada,057,99092,50,41,1,42,1
2020-05-30,Orange,059,3164182,9231,6354,58,6412,134
2020-05-30,Placer,061,380077,280,199,0,199,9
2020-05-30,Plumas,063,18699,4,4,0,4,0
2020-05-30,Riverside,065,2383286,9640,7492,11,7503,316
2020-05-30,Sacramento,067,1510023,1518,1384,2,1386,57
2020-05-30,San Benito,069,59416,96,85,0,85,2
2020-05-30,San Bernardino,071,2135413,6335,5122,5,5127,198
2020-05-30,San Diego,073,3302833,8544,7387,0,7387,269
2020-05-30,San Francisco,075,870044,2689,2496,0,2496,41
2020-05-30,San Joaquin,077,732212,1149,888,4,892,34
2020-05-30,San Luis Obispo,079,281455,339,270,2,272,1
2020-05-30,San Mateo,081,765935,2385,2129,3,2132,71
2020-05-30,Santa Barbara,083,443738,2183,1660,5,1665,9
2020-05-30,Santa Clara,085,1922200,3308,2741,4,2745,141
2020-05-30,Santa Cruz,087,273765,226,206,0,206,2
2020-05-30,Shasta,089,179085,58,36,0,36,4
2020-05-30,Sierra,091,2930,1,1,0,1,0
2020-05-30,Siskiyou,093,43540,10,7,0,7,0
2020-05-30,Solano,095,438530,625,512,1,513,6
2020-05-30,Sonoma,097,501317,630,551,1,552,4
2020-05-30,Stanislaus,099,539301,893,712,5,717,27
2020-05-30,Sutter,101,95872,46,40,0,40,2
2020-05-30,Tehama,103,63373,10,4,1,5,1
2020-05-30,Trinity,105,12862,4,1,1,2,0
2020-05-30,Tulare,107,460477,2488,1879,4,1883,81
2020-05-30,Tuolumne,109,53932,4,4,1,5,0
2020-05-30,Ventura,111,848112,1568,1116,7,1123,30
2020-05-30,Yolo,113,214977,230,210,0,210,24
2020-05-30,Yuba,115,75493,30,25,0,25,1
2020-05-29,Alameda,001,1643700,3800,3209,4,3213,96
2020-05-29,Alpine,003,1148,2,1,0,1,0
2020-05-29,Amador,005,37829,9,10,0,10,0
2020-05-29,Butte,007,227075,71,41,2,43,0
2020-05-29,Calaveras,009,45235,14,15,0,15,0
2020-05-29,Colusa,011,21464,8,5,0,5,0
2020-05-29,Contra Costa,013,1133247,1674,1411,0,1411,37
2020-05-29,Del Norte,015,27424,45,37,0,37,0
2020-05-29,El Dorado,017,186661,113,85,0,85,0
2020-05-29,Fresno,019,978130,3190,1687,40,1727,31
2020-05-29,Glenn,021,27897,19,14,0,14,0
2020-05-29,Humboldt,023,135768,110,98,0,98,2
2020-05-29,Imperial,025,180216,3603,1607,4,1611,14
2020-05-29,Inyo,027,18085,20,20,0,20,1
2020-05-29,Kern,029,883053,2790,2128,6,2134,36
2020-05-29,Kings,031,150075,1224,693,3,696,3
2020-05-29,Lake,033,64148,30,17,0,17,0
2020-05-29,Lassen,035,31185,7,0,2,2,0
2020-05-29,Los Angeles,037,10098052,60874,51578,20,51598,2273
2020-05-29,Madera,039,155013,246,98,1,99,2
2020-05-29,Marin,041,260295,521,448,2,450,14
2020-05-29,Mariposa,043,17540,16,16,0,16,1
2020-05-29,Mendocino,045,87422,31,25,0,25,0
2020-05-29,Merced,047,269075,390,285,0,285,7
2020-05-29,Modoc,049,8938,0,0,0,0,0
2020-05-29,Mono,051,14174,38,34,0,34,1
2020-05-29,Monterey,053,433212,667,479,2,481,10
2020-05-29,Napa,055,140530,141,113,0,113,3
2020-05-29,Nevada,057,99092,50,41,1,42,1
2020-05-29,Orange,059,3164182,9034,6176,56,6232,133
2020-05-29,Placer,061,380077,258,199,0,199,9
2020-05-29,Plumas,063,18699,4,4,0,4,0
2020-05-29,Riverside,065,2383286,9454,7376,11,7387,313
2020-05-29,Sacramento,067,1510023,1495,1360,2,1362,57
2020-05-29,San Benito,069,59416,96,84,0,84,2
2020-05-29,San Bernardino,071,2135413,6227,4983,5,4988,196
2020-05-29,San Diego,073,3302833,8421,7242,0,7242,266
2020-05-29,San Francisco,075,870044,2665,2453,0,2453,41
2020-05-29,San Joaquin,077,732212,1112,855,4,859,34
2020-05-29,San Luis Obispo,079,281455,335,270,2,272,1
2020-05-29,San Mateo,081,765935,2369,2103,3,2106,71
2020-05-29,Santa Barbara,083,443738,2148,1656,5,1661,9
2020-05-29,Santa Clara,085,1922200,3280,2707,4,2711,141
2020-05-29,Santa Cruz,087,273765,223,203,0,203,2
2020-05-29,Shasta,089,179085,58,36,0,36,4
2020-05-29,Sierra,091,2930,1,1,0,1,0
2020-05-29,Siskiyou,093,43540,10,7,0,7,0
2020-05-29,Solano,095,438530,617,498,1,499,6
2020-05-29,Sonoma,097,501317,619,537,1,538,4
2020-05-29,Stanislaus,099,539301,863,698,5,703,27
2020-05-29,Sutter,101,95872,44,40,0,40,2
2020-05-29,Tehama,103,63373,9,4,1,5,1
2020-05-29,Trinity,105,12862,4,1,1,2,0
2020-05-29,Tulare,107,460477,2450,1852,4,1856,80
2020-05-29,Tuolumne,109,53932,4,4,1,5,0
2020-05-29,Ventura,111,848112,1545,1093,7,1100,29
2020-05-29,Yolo,113,214977,226,211,0,211,24
2020-05-29,Yuba,115,75493,29,25,0,25,1
2020-05-28,Alameda,001,1643700,3700,3083,4,3087,94
2020-05-28,Alpine,003,1148,2,1,0,1,0
2020-05-28,Amador,005,37829,9,10,0,10,0
2020-05-28,Butte,007,227075,70,40,2,42,0
2020-05-28,Calaveras,009,45235,13,15,0,15,0
2020-05-28,Colusa,011,21464,8,5,0,5,0
2020-05-28,Contra Costa,013,1133247,1635,1392,0,1392,37
2020-05-28,Del Norte,015,27424,45,37,0,37,0
2020-05-28,El Dorado,017,186661,110,82,0,82,0
2020-05-28,Fresno,019,978130,3109,1653,39,1692,31
2020-05-28,Glenn,021,27897,18,14,0,14,0
2020-05-28,Humboldt,023,135768,109,97,0,97,2
2020-05-28,Imperial,025,180216,3408,1430,4,1434,14
2020-05-28,Inyo,027,18085,20,20,0,20,1
2020-05-28,Kern,029,883053,2712,2069,6,2075,36
2020-05-28,Kings,031,150075,887,626,3,629,3
2020-05-28,Lake,033,64148,29,17,0,17,0
2020-05-28,Lassen,035,31185,7,0,2,2,0
2020-05-28,Los Angeles,037,10098052,59295,49861,20,49881,2222
2020-05-28,Madera,039,155013,228,93,1,94,2
2020-05-28,Marin,041,260295,496,443,2,445,14
2020-05-28,Mariposa,043,17540,16,16,0,16,1
2020-05-28,Mendocino,045,87422,29,24,0,24,0
2020-05-28,Merced,047,269075,381,283,0,283,7
2020-05-28,Modoc,049,8938,0,0,0,0,0
2020-05-28,Mono,051,14174,38,34,0,34,1
2020-05-28,Monterey,053,433212,635,471,2,473,10
2020-05-28,Napa,055,140530,138,113,0,113,3
2020-05-28,Nevada,057,99092,45,41,1,42,1
2020-05-28,Orange,059,3164182,8836,6045,56,6101,130
2020-05-28,Placer,061,380077,251,196,0,196,9
2020-05-28,Plumas,063,18699,4,4,0,4,0
2020-05-28,Riverside,065,2383286,9052,7240,10,7250,304
2020-05-28,Sacramento,067,1510023,1475,1339,2,1341,57
2020-05-28,San Benito,069,59416,95,82,0,82,2
2020-05-28,San Bernardino,071,2135413,6062,4831,5,4836,191
2020-05-28,San Diego,073,3302833,8264,7102,0,7102,260
2020-05-28,San Francisco,075,870044,2631,2417,0,2417,40
2020-05-28,San Joaquin,077,732212,1077,840,4,844,34
2020-05-28,San Luis Obispo,079,281455,332,267,2,269,1
2020-05-28,San Mateo,081,765935,2342,2070,3,2073,71
2020-05-28,Santa Barbara,083,443738,2091,1642,4,1646,9
2020-05-28,Santa Clara,085,1922200,3240,2698,4,2702,140
2020-05-28,Santa Cruz,087,273765,222,201,0,201,2
2020-05-28,Shasta,089,179085,56,36,0,36,4
2020-05-28,Sierra,091,2930,1,1,0,1,0
2020-05-28,Siskiyou,093,43540,8,6,0,6,0
2020-05-28,Solano,095,438530,600,489,1,490,6
2020-05-28,Sonoma,097,501317,597,529,1,530,4
2020-05-28,Stanislaus,099,539301,822,684,5,689,27
2020-05-28,Sutter,101,95872,44,40,0,40,2
2020-05-28,Tehama,103,63373,9,4,1,5,1
2020-05-28,Trinity,105,12862,4,1,1,2,0
2020-05-28,Tulare,107,460477,2414,1832,4,1836,79
2020-05-28,Tuolumne,109,53932,4,4,1,5,0
2020-05-28,Ventura,111,848112,1513,1083,7,1090,29
2020-05-28,Yolo,113,214977,223,206,0,206,22
2020-05-28,Yuba,115,75493,28,24,0,24,1
2020-05-27,Alameda,001,1643700,3617,3037,4,3041,94
2020-05-27,Alpine,003,1148,2,1,0,1,0
2020-05-27,Amador,005,37829,9,10,0,10,0
2020-05-27,Butte,007,227075,67,40,1,41,0
2020-05-27,Calaveras,009,45235,12,15,0,15,0
2020-05-27,Colusa,011,21464,8,5,0,5,0
2020-05-27,Contra Costa,013,1133247,1595,1373,0,1373,37
2020-05-27,Del Norte,015,27424,45,34,0,34,0
2020-05-27,El Dorado,017,186661,109,82,0,82,0
2020-05-27,Fresno,019,978130,3021,1620,39,1659,27
2020-05-27,Glenn,021,27897,18,14,0,14,0
2020-05-27,Humboldt,023,135768,109,86,0,86,2
2020-05-27,Imperial,025,180216,3228,1369,4,1373,14
2020-05-27,Inyo,027,18085,20,20,0,20,1
2020-05-27,Kern,029,883053,2647,1999,6,2005,37
2020-05-27,Kings,031,150075,860,586,3,589,3
2020-05-27,Lake,033,64148,29,13,0,13,0
2020-05-27,Lassen,035,31185,7,0,2,2,0
2020-05-27,Los Angeles,037,10098052,57918,48711,20,48731,2177
2020-05-27,Madera,039,155013,219,91,1,92,2
2020-05-27,Marin,041,260295,467,439,2,441,14
2020-05-27,Mariposa,043,17540,16,16,0,16,1
2020-05-27,Mendocino,045,87422,28,21,0,21,0
2020-05-27,Merced,047,269075,377,278,0,278,7
2020-05-27,Modoc,049,8938,0,0,0,0,0
2020-05-27,Mono,051,14174,38,34,0,34,1
2020-05-27,Monterey,053,433212,595,443,2,445,8
2020-05-27,Napa,055,140530,133,112,0,112,3
2020-05-27,Nevada,057,99092,44,41,1,42,1
2020-05-27,Orange,059,3164182,8680,5849,56,5905,121
2020-05-27,Placer,061,380077,232,196,0,196,9
2020-05-27,Plumas,063,18699,4,4,0,4,0
2020-05-27,Riverside,065,2383286,8673,7156,10,7166,299
2020-05-27,Sacramento,067,1510023,1447,1318,2,1320,50
2020-05-27,San Benito,069,59416,92,74,0,74,2
2020-05-27,San Bernardino,071,2135413,5878,4708,5,4713,183
2020-05-27,San Diego,073,3302833,8114,6985,0,6985,255
2020-05-27,San Francisco,075,870044,2602,2394,0,2394,40
2020-05-27,San Joaquin,077,732212,1036,825,4,829,34
2020-05-27,San Luis Obispo,079,281455,327,266,2,268,1
2020-05-27,San Mateo,081,765935,2302,2045,3,2048,71
2020-05-27,Santa Barbara,083,443738,2069,1629,4,1633,9
2020-05-27,Santa Clara,085,1922200,3207,2680,4,2684,140
2020-05-27,Santa Cruz,087,273765,218,202,0,202,2
2020-05-27,Shasta,089,179085,53,36,0,36,4
2020-05-27,Sierra,091,2930,1,1,0,1,0
2020-05-27,Siskiyou,093,43540,8,6,0,6,0
2020-05-27,Solano,095,438530,580,477,1,478,5
2020-05-27,Sonoma,097,501317,583,521,1,522,4
2020-05-27,Stanislaus,099,539301,797,675,5,680,27
2020-05-27,Sutter,101,95872,43,40,0,40,2
2020-05-27,Tehama,103,63373,9,3,1,4,1
2020-05-27,Trinity,105,12862,4,1,1,2,0
2020-05-27,Tulare,107,460477,2362,1817,4,1821,77
2020-05-27,Tuolumne,109,53932,4,4,1,5,0
2020-05-27,Ventura,111,848112,1490,1065,7,1072,28
2020-05-27,Yolo,113,214977,222,204,0,204,22
2020-05-27,Yuba,115,75493,28,24,0,24,1
2020-05-26,Alameda,001,1643700,3522,2956,4,2960,92
2020-05-26,Alpine,003,1148,2,1,0,1,0
2020-05-26,Amador,005,37829,9,10,0,10,0
2020-05-26,Butte,007,227075,65,37,1,38,0
2020-05-26,Calaveras,009,45235,12,13,0,13,0
2020-05-26,Colusa,011,21464,8,4,0,4,0
2020-05-26,Contra Costa,013,1133247,1560,1352,0,1352,37
2020-05-26,Del Norte,015,27424,44,30,0,30,0
2020-05-26,El Dorado,017,186661,105,79,0,79,0
2020-05-26,Fresno,019,978130,2935,1496,39,1535,22
2020-05-26,Glenn,021,27897,16,12,0,12,0
2020-05-26,Humboldt,023,135768,107,81,0,81,2
2020-05-26,Imperial,025,180216,3012,1369,4,1373,14
2020-05-26,Inyo,027,18085,20,20,0,20,1
2020-05-26,Kern,029,883053,2569,1890,6,1896,31
2020-05-26,Kings,031,150075,792,449,2,451,2
2020-05-26,Lake,033,64148,27,12,0,12,0
2020-05-26,Lassen,035,31185,6,0,2,2,0
2020-05-26,Los Angeles,037,10098052,56451,47760,20,47780,2121
2020-05-26,Madera,039,155013,203,83,1,84,2
2020-05-26,Marin,041,260295,455,424,2,426,14
2020-05-26,Mariposa,043,17540,16,16,0,16,1
2020-05-26,Mendocino,045,87422,26,20,0,20,0
2020-05-26,Merced,047,269075,363,266,0,266,7
2020-05-26,Modoc,049,8938,0,1,0,1,0
2020-05-26,Mono,051,14174,37,34,0,34,1
2020-05-26,Monterey,053,433212,567,424,1,425,8
2020-05-26,Napa,055,140530,128,109,0,109,3
2020-05-26,Nevada,057,99092,43,41,1,42,1
2020-05-26,Orange,059,3164182,8410,5651,55,5706,115
2020-05-26,Placer,061,380077,227,188,0,188,9
2020-05-26,Plumas,063,18699,4,4,0,4,0
2020-05-26,Riverside,065,2383286,8226,6917,10,6927,284
2020-05-26,Sacramento,067,1510023,1421,1298,2,1300,50
2020-05-26,San Benito,069,59416,87,69,0,69,2
2020-05-26,San Bernardino,071,2135413,5710,4430,5,4435,175
2020-05-26,San Diego,073,3302833,7971,6884,0,6884,249
2020-05-26,San Francisco,075,870044,2569,2363,0,2363,40
2020-05-26,San Joaquin,077,732212,989,760,4,764,33
2020-05-26,San Luis Obispo,079,281455,325,260,2,262,1
2020-05-26,San Mateo,081,765935,2264,1967,2,1969,71
2020-05-26,Santa Barbara,083,443738,2041,1590,4,1594,9
2020-05-26,Santa Clara,085,1922200,3174,2659,4,2663,139
2020-05-26,Santa Cruz,087,273765,216,197,0,197,2
2020-05-26,Shasta,089,179085,53,36,0,36,4
2020-05-26,Sierra,091,2930,1,1,0,1,0
2020-05-26,Siskiyou,093,43540,7,6,0,6,0
2020-05-26,Solano,095,438530,562,470,1,471,5
2020-05-26,Sonoma,097,501317,575,509,0,509,4
2020-05-26,Stanislaus,099,539301,776,663,5,668,27
2020-05-26,Sutter,101,95872,42,39,0,39,2
2020-05-26,Tehama,103,63373,8,2,1,3,1
2020-05-26,Trinity,105,12862,4,1,1,2,0
2020-05-26,Tulare,107,460477,2306,1768,4,1772,76
2020-05-26,Tuolumne,109,53932,4,2,1,3,0
2020-05-26,Ventura,111,848112,1454,1033,4,1037,27
2020-05-26,Yolo,113,214977,216,198,0,198,22
2020-05-26,Yuba,115,75493,27,24,0,24,1
2020-05-25,Alameda,001,1643700,3429,2900,3,2903,92
2020-05-25,Alpine,003,1148,2,1,0,1,0
2020-05-25,Amador,005,37829,9,10,0,10,0
2020-05-25,Butte,007,227075,62,37,1,38,0
2020-05-25,Calaveras,009,45235,12,13,0,13,0
2020-05-25,Colusa,011,21464,7,4,0,4,0
2020-05-25,Contra Costa,013,1133247,1527,1348,0,1348,37
2020-05-25,Del Norte,015,27424,44,20,0,20,0
2020-05-25,El Dorado,017,186661,97,78,0,78,0
2020-05-25,Fresno,019,978130,2832,1496,36,1532,22
2020-05-25,Glenn,021,27897,16,12,0,12,0
2020-05-25,Humboldt,023,135768,106,81,0,81,2
2020-05-25,Imperial,025,180216,2801,1369,4,1373,14
2020-05-25,Inyo,027,18085,19,20,0,20,1
2020-05-25,Kern,029,883053,2498,1890,6,1896,31
2020-05-25,Kings,031,150075,763,447,2,449,2
2020-05-25,Lake,033,64148,25,13,0,13,0
2020-05-25,Lassen,035,31185,6,0,2,2,0
2020-05-25,Los Angeles,037,10098052,54637,45952,20,45972,2094
2020-05-25,Madera,039,155013,190,83,1,84,2
2020-05-25,Marin,041,260295,437,415,2,417,14
2020-05-25,Mariposa,043,17540,16,15,0,15,1
2020-05-25,Mendocino,045,87422,23,19,0,19,0
2020-05-25,Merced,047,269075,356,262,0,262,6
2020-05-25,Modoc,049,8938,0,1,0,1,0
2020-05-25,Mono,051,14174,37,34,0,34,1
2020-05-25,Monterey,053,433212,537,418,1,419,8
2020-05-25,Napa,055,140530,128,107,0,107,3
2020-05-25,Nevada,057,99092,43,41,1,42,1
2020-05-25,Orange,059,3164182,8187,5601,54,5655,115
2020-05-25,Placer,061,380077,223,186,0,186,9
2020-05-25,Plumas,063,18699,4,4,0,4,0
2020-05-25,Riverside,065,2383286,7995,6900,10,6910,284
2020-05-25,Sacramento,067,1510023,1401,1290,1,1291,50
2020-05-25,San Benito,069,59416,86,70,0,70,2
2020-05-25,San Bernardino,071,2135413,5520,4393,4,4397,175
2020-05-25,San Diego,073,3302833,7795,6799,0,6799,249
2020-05-25,San Francisco,075,870044,2532,2358,0,2358,40
2020-05-25,San Joaquin,077,732212,963,760,4,764,33
2020-05-25,San Luis Obispo,079,281455,323,260,2,262,1
2020-05-25,San Mateo,081,765935,2228,1938,2,1940,71
2020-05-25,Santa Barbara,083,443738,2020,1590,4,1594,9
2020-05-25,Santa Clara,085,1922200,3142,2647,4,2651,139
2020-05-25,Santa Cruz,087,273765,214,191,0,191,2
2020-05-25,Shasta,089,179085,52,36,0,36,4
2020-05-25,Sierra,091,2930,1,1,0,1,0
2020-05-25,Siskiyou,093,43540,7,6,0,6,0
2020-05-25,Solano,095,438530,548,437,1,438,5
2020-05-25,Sonoma,097,501317,563,496,0,496,4
2020-05-25,Stanislaus,099,539301,746,651,5,656,27
2020-05-25,Sutter,101,95872,42,38,0,38,2
2020-05-25,Tehama,103,63373,7,2,1,3,1
2020-05-25,Trinity,105,12862,4,1,1,2,0
2020-05-25,Tulare,107,460477,2243,1747,4,1751,76
2020-05-25,Tuolumne,109,53932,4,2,1,3,0
2020-05-25,Ventura,111,848112,1413,1020,4,1024,27
2020-05-25,Yolo,113,214977,214,197,0,197,22
2020-05-25,Yuba,115,75493,26,24,0,24,1
2020-05-24,Alameda,001,1643700,3356,2830,3,2833,92
2020-05-24,Alpine,003,1148,2,1,0,1,0
2020-05-24,Amador,005,37829,9,9,0,9,0
2020-05-24,Butte,007,227075,60,35,1,36,0
2020-05-24,Calaveras,009,45235,12,13,0,13,0
2020-05-24,Colusa,011,21464,7,4,0,4,0
2020-05-24,Contra Costa,013,1133247,1499,1325,0,1325,37
2020-05-24,Del Norte,015,27424,43,16,0,16,0
2020-05-24,El Dorado,017,186661,96,76,0,76,0
2020-05-24,Fresno,019,978130,2766,1455,34,1489,22
2020-05-24,Glenn,021,27897,15,12,0,12,0
2020-05-24,Humboldt,023,135768,106,81,0,81,2
2020-05-24,Imperial,025,180216,2675,1369,4,1373,14
2020-05-24,Inyo,027,18085,19,20,0,20,1
2020-05-24,Kern,029,883053,2425,1861,5,1866,31
2020-05-24,Kings,031,150075,752,446,2,448,2
2020-05-24,Lake,033,64148,24,12,0,12,0
2020-05-24,Lassen,035,31185,5,0,2,2,0
2020-05-24,Los Angeles,037,10098052,53623,44954,20,44974,2085
2020-05-24,Madera,039,155013,184,83,1,84,2
2020-05-24,Marin,041,260295,435,401,2,403,14
2020-05-24,Mariposa,043,17540,16,15,0,15,1
2020-05-24,Mendocino,045,87422,22,19,0,19,0
2020-05-24,Merced,047,269075,355,258,0,258,6
2020-05-24,Modoc,049,8938,0,0,0,0,0
2020-05-24,Mono,051,14174,37,34,0,34,1
2020-05-24,Monterey,053,433212,509,405,1,406,8
2020-05-24,Napa,055,140530,126,104,0,104,3
2020-05-24,Nevada,057,99092,43,41,1,42,1
2020-05-24,Orange,059,3164182,8031,5439,53,5492,113
2020-05-24,Placer,061,380077,215,184,0,184,9
2020-05-24,Plumas,063,18699,4,4,0,4,0
2020-05-24,Riverside,065,2383286,7854,6571,10,6581,284
2020-05-24,Sacramento,067,1510023,1385,1283,1,1284,50
2020-05-24,San Benito,069,59416,85,67,0,67,2
2020-05-24,San Bernardino,071,2135413,5412,4262,4,4266,175
2020-05-24,San Diego,073,3302833,7652,6703,0,6703,249
2020-05-24,San Francisco,075,870044,2508,2318,0,2318,40
2020-05-24,San Joaquin,077,732212,944,760,4,764,33
2020-05-24,San Luis Obispo,079,281455,321,257,2,259,1
2020-05-24,San Mateo,081,765935,2193,1925,2,1927,71
2020-05-24,Santa Barbara,083,443738,2003,1573,4,1577,9
2020-05-24,Santa Clara,085,1922200,3122,2623,4,2627,139
2020-05-24,Santa Cruz,087,273765,211,185,0,185,2
2020-05-24,Shasta,089,179085,51,36,0,36,4
2020-05-24,Sierra,091,2930,1,1,0,1,0
2020-05-24,Siskiyou,093,43540,6,6,0,6,0
2020-05-24,Solano,095,438530,540,436,0,436,5
2020-05-24,Sonoma,097,501317,552,485,0,485,4
2020-05-24,Stanislaus,099,539301,726,634,5,639,27
2020-05-24,Sutter,101,95872,42,38,0,38,2
2020-05-24,Tehama,103,63373,5,2,1,3,1
2020-05-24,Trinity,105,12862,4,1,1,2,0
2020-05-24,Tulare,107,460477,2197,1684,4,1688,74
2020-05-24,Tuolumne,109,53932,4,2,0,2,0
2020-05-24,Ventura,111,848112,1401,982,4,986,27
2020-05-24,Yolo,113,214977,212,192,0,192,22
2020-05-24,Yuba,115,75493,26,24,0,24,1
2020-05-23,Alameda,001,1643700,3315,2783,3,2786,91
2020-05-23,Alpine,003,1148,2,1,0,1,0
2020-05-23,Amador,005,37829,9,9,0,9,0
2020-05-23,Butte,007,227075,59,34,1,35,0
2020-05-23,Calaveras,009,45235,12,13,0,13,0
2020-05-23,Colusa,011,21464,7,4,0,4,0
2020-05-23,Contra Costa,013,1133247,1488,1302,0,1302,36
2020-05-23,Del Norte,015,27424,43,10,0,10,0
2020-05-23,El Dorado,017,186661,96,74,0,74,0
2020-05-23,Fresno,019,978130,2746,1447,34,1481,21
2020-05-23,Glenn,021,27897,15,12,0,12,0
2020-05-23,Humboldt,023,135768,104,80,0,80,2
2020-05-23,Imperial,025,180216,2587,1283,4,1287,14
2020-05-23,Inyo,027,18085,19,20,0,20,1
2020-05-23,Kern,029,883053,2382,1806,5,1811,31
2020-05-23,Kings,031,150075,748,444,2,446,2
2020-05-23,Lake,033,64148,23,10,0,10,0
2020-05-23,Lassen,035,31185,5,0,2,2,0
2020-05-23,Los Angeles,037,10098052,53082,44029,20,44049,2069
2020-05-23,Madera,039,155013,180,83,1,84,2
2020-05-23,Marin,041,260295,435,393,1,394,14
2020-05-23,Mariposa,043,17540,16,15,0,15,1
2020-05-23,Mendocino,045,87422,22,13,0,13,0
2020-05-23,Merced,047,269075,352,247,0,247,6
2020-05-23,Modoc,049,8938,0,0,0,0,0
2020-05-23,Mono,051,14174,36,34,0,34,1
2020-05-23,Monterey,053,433212,495,397,1,398,8
2020-05-23,Napa,055,140530,122,101,0,101,3
2020-05-23,Nevada,057,99092,43,41,1,42,1
2020-05-23,Orange,059,3164182,7871,5313,52,5365,113
2020-05-23,Placer,061,380077,209,184,0,184,9
2020-05-23,Plumas,063,18699,4,4,0,4,0
2020-05-23,Riverside,065,2383286,7763,6460,10,6470,284
2020-05-23,Sacramento,067,1510023,1369,1275,1,1276,50
2020-05-23,San Benito,069,59416,80,67,0,67,2
2020-05-23,San Bernardino,071,2135413,5319,4172,4,4176,175
2020-05-23,San Diego,073,3302833,7561,6561,0,6561,249
2020-05-23,San Francisco,075,870044,2489,2312,0,2312,40
2020-05-23,San Joaquin,077,732212,929,759,4,763,33
2020-05-23,San Luis Obispo,079,281455,318,256,2,258,1
2020-05-23,San Mateo,081,765935,2165,1862,2,1864,71
2020-05-23,Santa Barbara,083,443738,1991,1566,4,1570,9
2020-05-23,Santa Clara,085,1922200,3109,2593,4,2597,139
2020-05-23,Santa Cruz,087,273765,209,177,0,177,2
2020-05-23,Shasta,089,179085,51,35,0,35,4
2020-05-23,Sierra,091,2930,1,1,0,1,0
2020-05-23,Siskiyou,093,43540,6,6,0,6,0
2020-05-23,Solano,095,438530,535,435,0,435,5
2020-05-23,Sonoma,097,501317,538,462,0,462,4
2020-05-23,Stanislaus,099,539301,718,625,5,630,27
2020-05-23,Sutter,101,95872,41,38,0,38,2
2020-05-23,Tehama,103,63373,5,2,1,3,1
2020-05-23,Trinity,105,12862,4,1,1,2,0
2020-05-23,Tulare,107,460477,2176,1682,4,1686,73
2020-05-23,Tuolumne,109,53932,4,2,0,2,0
2020-05-23,Ventura,111,848112,1381,961,4,965,27
2020-05-23,Yolo,113,214977,211,188,0,188,22
2020-05-23,Yuba,115,75493,26,24,0,24,1
2020-05-22,Alameda,001,1643700,3261,2722,3,2725,91
2020-05-22,Alpine,003,1148,2,1,0,1,0
2020-05-22,Amador,005,37829,9,9,0,9,0
2020-05-22,Butte,007,227075,57,34,1,35,0
2020-05-22,Calaveras,009,45235,12,13,0,13,0
2020-05-22,Colusa,011,21464,7,4,0,4,0
2020-05-22,Contra Costa,013,1133247,1476,1272,0,1272,36
2020-05-22,Del Norte,015,27424,41,9,0,9,0
2020-05-22,El Dorado,017,186661,93,74,0,74,0
2020-05-22,Fresno,019,978130,2687,1399,33,1432,20
2020-05-22,Glenn,021,27897,15,12,0,12,0
2020-05-22,Humboldt,023,135768,104,80,0,80,2
2020-05-22,Imperial,025,180216,2487,1214,4,1218,14
2020-05-22,Inyo,027,18085,19,20,0,20,1
2020-05-22,Kern,029,883053,2334,1749,5,1754,28
2020-05-22,Kings,031,150075,745,428,2,430,2
2020-05-22,Lake,033,64148,22,10,0,10,0
2020-05-22,Lassen,035,31185,3,0,2,2,0
2020-05-22,Los Angeles,037,10098052,52290,43025,20,43045,2027
2020-05-22,Madera,039,155013,176,82,1,83,2
2020-05-22,Marin,041,260295,431,372,1,373,14
2020-05-22,Mariposa,043,17540,16,15,0,15,1
2020-05-22,Mendocino,045,87422,21,13,0,13,0
2020-05-22,Merced,047,269075,352,233,0,233,6
2020-05-22,Modoc,049,8938,0,0,0,0,0
2020-05-22,Mono,051,14174,36,34,0,34,1
2020-05-22,Monterey,053,433212,484,372,1,373,8
2020-05-22,Napa,055,140530,120,97,0,97,3
2020-05-22,Nevada,057,99092,42,41,1,42,1
2020-05-22,Orange,059,3164182,7675,5144,50,5194,113
2020-05-22,Placer,061,380077,209,181,0,181,9
2020-05-22,Plumas,063,18699,4,4,0,4,0
2020-05-22,Riverside,065,2383286,7648,6351,10,6361,283
2020-05-22,Sacramento,067,1510023,1353,1262,1,1263,50
2020-05-22,San Benito,069,59416,79,64,0,64,2
2020-05-22,San Bernardino,071,2135413,5244,4107,4,4111,173
2020-05-22,San Diego,073,3302833,7475,6436,0,6436,242
2020-05-22,San Francisco,075,870044,2471,2251,0,2251,40
2020-05-22,San Joaquin,077,732212,916,747,4,751,33
2020-05-22,San Luis Obispo,079,281455,318,254,2,256,1
2020-05-22,San Mateo,081,765935,2146,1847,2,1849,71
2020-05-22,Santa Barbara,083,443738,1972,1554,4,1558,9
2020-05-22,Santa Clara,085,1922200,3089,2537,4,2541,139
2020-05-22,Santa Cruz,087,273765,206,171,0,171,2
2020-05-22,Shasta,089,179085,51,34,0,34,4
2020-05-22,Sierra,091,2930,1,0,0,0,0
2020-05-22,Siskiyou,093,43540,6,6,0,6,0
2020-05-22,Solano,095,438530,532,431,0,431,4
2020-05-22,Sonoma,097,501317,534,444,0,444,4
2020-05-22,Stanislaus,099,539301,708,616,5,621,27
2020-05-22,Sutter,101,95872,41,38,0,38,2
2020-05-22,Tehama,103,63373,5,2,0,2,1
2020-05-22,Trinity,105,12862,4,1,1,2,0
2020-05-22,Tulare,107,460477,2146,1662,4,1666,73
2020-05-22,Tuolumne,109,53932,4,2,0,2,0
2020-05-22,Ventura,111,848112,1363,937,4,941,27
2020-05-22,Yolo,113,214977,209,187,0,187,22
2020-05-22,Yuba,115,75493,26,24,0,24,1
2020-05-21,Alameda,001,1643700,3196,2606,3,2609,89
2020-05-21,Alpine,003,1148,2,1,0,1,0
2020-05-21,Amador,005,37829,9,9,0,9,0
2020-05-21,Butte,007,227075,56,31,1,32,0
2020-05-21,Calaveras,009,45235,11,13,0,13,0
2020-05-21,Colusa,011,21464,7,4,0,4,0
2020-05-21,Contra Costa,013,1133247,1440,1243,0,1243,36
2020-05-21,Del Norte,015,27424,38,9,0,9,0
2020-05-21,El Dorado,017,186661,91,67,0,67,0
2020-05-21,Fresno,019,978130,2597,1362,33,1395,20
2020-05-21,Glenn,021,27897,14,12,0,12,0
2020-05-21,Humboldt,023,135768,103,79,0,79,0
2020-05-21,Imperial,025,180216,2327,1096,4,1100,14
2020-05-21,Inyo,027,18085,19,20,0,20,1
2020-05-21,Kern,029,883053,2258,1684,4,1688,27
2020-05-21,Kings,031,150075,724,417,2,419,2
2020-05-21,Lake,033,64148,17,10,0,10,0
2020-05-21,Lassen,035,31185,3,0,2,2,0
2020-05-21,Los Angeles,037,10098052,51256,42063,20,42083,1996
2020-05-21,Madera,039,155013,173,82,1,83,2
2020-05-21,Marin,041,260295,420,359,1,360,14
2020-05-21,Mariposa,043,17540,16,15,0,15,1
2020-05-21,Mendocino,045,87422,21,12,0,12,0
2020-05-21,Merced,047,269075,341,226,0,226,6
2020-05-21,Modoc,049,8938,0,0,0,0,0
2020-05-21,Mono,051,14174,36,33,0,33,1
2020-05-21,Monterey,053,433212,473,363,1,364,8
2020-05-21,Napa,055,140530,118,96,0,96,3
2020-05-21,Nevada,057,99092,42,41,1,42,1
2020-05-21,Orange,059,3164182,7470,4975,50,5025,106
2020-05-21,Placer,061,380077,202,176,0,176,8
2020-05-21,Plumas,063,18699,4,4,0,4,0
2020-05-21,Riverside,065,2383286,7461,6245,10,6255,279
2020-05-21,Sacramento,067,1510023,1340,1258,1,1259,56
2020-05-21,San Benito,069,59416,76,61,0,61,2
2020-05-21,San Bernardino,071,2135413,5097,3950,4,3954,167
2020-05-21,San Diego,073,3302833,7339,6317,0,6317,241
2020-05-21,San Francisco,075,870044,2447,2248,0,2248,37
2020-05-21,San Joaquin,077,732212,880,730,4,734,33
2020-05-21,San Luis Obispo,079,281455,318,251,1,252,1
2020-05-21,San Mateo,081,765935,2109,1791,2,1793,74
2020-05-21,Santa Barbara,083,443738,1951,1541,4,1545,10
2020-05-21,Santa Clara,085,1922200,3068,2520,4,2524,138
2020-05-21,Santa Cruz,087,273765,198,164,0,164,3
2020-05-21,Shasta,089,179085,49,34,0,34,4
2020-05-21,Sierra,091,2930,1,0,0,0,0
2020-05-21,Siskiyou,093,43540,6,6,0,6,0
2020-05-21,Solano,095,438530,523,424,0,424,4
2020-05-21,Sonoma,097,501317,516,427,0,427,4
2020-05-21,Stanislaus,099,539301,697,602,5,607,27
2020-05-21,Sutter,101,95872,40,38,0,38,2
2020-05-21,Tehama,103,63373,4,2,0,2,1
2020-05-21,Trinity,105,12862,3,1,1,2,0
2020-05-21,Tulare,107,460477,2096,1606,4,1610,73
2020-05-21,Tuolumne,109,53932,2,2,0,2,0
2020-05-21,Ventura,111,848112,1315,907,4,911,30
2020-05-21,Yolo,113,214977,206,185,0,185,22
2020-05-21,Yuba,115,75493,26,24,0,24,1
2020-05-20,Alameda,001,1643700,3122,2554,3,2557,89
2020-05-20,Alpine,003,1148,2,1,0,1,0
2020-05-20,Amador,005,37829,9,9,0,9,0
2020-05-20,Butte,007,227075,53,30,1,31,0
2020-05-20,Calaveras,009,45235,11,13,0,13,0
2020-05-20,Colusa,011,21464,7,3,0,3,0
2020-05-20,Contra Costa,013,1133247,1410,1223,0,1223,33
2020-05-20,Del Norte,015,27424,31,9,0,9,0
2020-05-20,El Dorado,017,186661,90,67,0,67,0
2020-05-20,Fresno,019,978130,2525,1329,32,1361,17
2020-05-20,Glenn,021,27897,13,12,0,12,0
2020-05-20,Humboldt,023,135768,100,73,0,73,0
2020-05-20,Imperial,025,180216,2216,1047,4,1051,14
2020-05-20,Inyo,027,18085,19,20,0,20,1
2020-05-20,Kern,029,883053,2195,1639,3,1642,27
2020-05-20,Kings,031,150075,581,403,2,405,2
2020-05-20,Lake,033,64148,17,9,0,9,0
2020-05-20,Lassen,035,31185,2,0,2,2,0
2020-05-20,Los Angeles,037,10098052,50260,40932,20,40952,1955
2020-05-20,Madera,039,155013,171,82,1,83,2
2020-05-20,Marin,041,260295,393,348,1,349,14
2020-05-20,Mariposa,043,17540,16,15,0,15,1
2020-05-20,Mendocino,045,87422,21,12,0,12,0
2020-05-20,Merced,047,269075,334,225,0,225,6
2020-05-20,Modoc,049,8938,0,0,0,0,0
2020-05-20,Mono,051,14174,36,33,0,33,1
2020-05-20,Monterey,053,433212,459,356,1,357,8
2020-05-20,Napa,055,140530,111,93,0,93,3
2020-05-20,Nevada,057,99092,42,41,1,42,1
2020-05-20,Orange,059,3164182,7260,4866,48,4914,96
2020-05-20,Placer,061,380077,200,176,0,176,8
2020-05-20,Plumas,063,18699,4,4,0,4,0
2020-05-20,Riverside,065,2383286,7318,6090,10,6100,265
2020-05-20,Sacramento,067,1510023,1330,1244,1,1245,56
2020-05-20,San Benito,069,59416,75,61,0,61,2
2020-05-20,San Bernardino,071,2135413,4970,3771,4,3775,161
2020-05-20,San Diego,073,3302833,7222,6142,0,6142,230
2020-05-20,San Francisco,075,870044,2424,2199,0,2199,37
2020-05-20,San Joaquin,077,732212,843,713,4,717,33
2020-05-20,San Luis Obispo,079,281455,312,249,1,250,1
2020-05-20,San Mateo,081,765935,2056,1739,2,1741,74
2020-05-20,Santa Barbara,083,443738,1928,1524,4,1528,10
2020-05-20,Santa Clara,085,1922200,3047,2508,4,2512,138
2020-05-20,Santa Cruz,087,273765,195,163,0,163,3
2020-05-20,Shasta,089,179085,49,34,0,34,4
2020-05-20,Sierra,091,2930,1,0,0,0,0
2020-05-20,Siskiyou,093,43540,6,6,0,6,0
2020-05-20,Solano,095,438530,518,418,0,418,4
2020-05-20,Sonoma,097,501317,507,411,0,411,4
2020-05-20,Stanislaus,099,539301,681,584,4,588,25
2020-05-20,Sutter,101,95872,40,38,0,38,2
2020-05-20,Tehama,103,63373,4,2,0,2,1
2020-05-20,Trinity,105,12862,3,1,1,2,0
2020-05-20,Tulare,107,460477,2058,1585,4,1589,71
2020-05-20,Tuolumne,109,53932,2,2,0,2,0
2020-05-20,Ventura,111,848112,1279,879,4,883,29
2020-05-20,Yolo,113,214977,203,184,0,184,22
2020-05-20,Yuba,115,75493,26,23,0,23,1
2020-05-19,Alameda,001,1643700,3045,2493,1,2494,88
2020-05-19,Alpine,003,1148,2,1,0,1,0
2020-05-19,Amador,005,37829,9,9,0,9,0
2020-05-19,Butte,007,227075,51,25,1,26,0
2020-05-19,Calaveras,009,45235,11,13,0,13,0
2020-05-19,Colusa,011,21464,5,3,0,3,0
2020-05-19,Contra Costa,013,1133247,1387,1205,0,1205,33
2020-05-19,Del Norte,015,27424,28,8,0,8,0
2020-05-19,El Dorado,017,186661,87,67,0,67,0
2020-05-19,Fresno,019,978130,2416,1288,31,1319,15
2020-05-19,Glenn,021,27897,13,12,0,12,0
2020-05-19,Humboldt,023,135768,100,72,0,72,0
2020-05-19,Imperial,025,180216,2056,1012,4,1016,14
2020-05-19,Inyo,027,18085,19,20,0,20,1
2020-05-19,Kern,029,883053,2097,1601,3,1604,26
2020-05-19,Kings,031,150075,570,393,2,395,2
2020-05-19,Lake,033,64148,14,11,0,11,0
2020-05-19,Lassen,035,31185,2,0,2,2,0
2020-05-19,Los Angeles,037,10098052,49054,39670,20,39690,1906
2020-05-19,Madera,039,155013,167,80,1,81,2
2020-05-19,Marin,041,260295,369,340,1,341,14
2020-05-19,Mariposa,043,17540,16,15,0,15,1
2020-05-19,Mendocino,045,87422,21,12,0,12,0
2020-05-19,Merced,047,269075,326,222,0,222,5
2020-05-19,Modoc,049,8938,0,0,0,0,0
2020-05-19,Mono,051,14174,36,33,0,33,1
2020-05-19,Monterey,053,433212,447,350,1,351,8
2020-05-19,Napa,055,140530,110,93,0,93,3
2020-05-19,Nevada,057,99092,42,41,1,42,1
2020-05-19,Orange,059,3164182,7062,4746,46,4792,90
2020-05-19,Placer,061,380077,198,177,0,177,8
2020-05-19,Plumas,063,18699,4,5,0,5,0
2020-05-19,Riverside,065,2383286,7159,5963,10,5973,265
2020-05-19,Sacramento,067,1510023,1316,1239,1,1240,57
2020-05-19,San Benito,069,59416,73,59,0,59,2
2020-05-19,San Bernardino,071,2135413,4820,3656,4,3660,158
2020-05-19,San Diego,073,3302833,7078,6028,0,6028,222
2020-05-19,San Francisco,075,870044,2390,2186,0,2186,37
2020-05-19,San Joaquin,077,732212,821,705,4,709,33
2020-05-19,San Luis Obispo,079,281455,311,245,1,246,1
2020-05-19,San Mateo,081,765935,2015,1704,2,1706,71
2020-05-19,Santa Barbara,083,443738,1909,1521,4,1525,10
2020-05-19,Santa Clara,085,1922200,2999,2480,4,2484,138
2020-05-19,Santa Cruz,087,273765,184,161,0,161,3
2020-05-19,Shasta,089,179085,49,34,0,34,4
2020-05-19,Sierra,091,2930,0,0,0,0,0
2020-05-19,Siskiyou,093,43540,6,6,0,6,0
2020-05-19,Solano,095,438530,504,415,0,415,4
2020-05-19,Sonoma,097,501317,496,389,0,389,4
2020-05-19,Stanislaus,099,539301,667,582,4,586,25
2020-05-19,Sutter,101,95872,40,38,0,38,2
2020-05-19,Tehama,103,63373,4,2,0,2,1
2020-05-19,Trinity,105,12862,2,1,0,1,0
2020-05-19,Tulare,107,460477,2011,1551,4,1555,68
2020-05-19,Tuolumne,109,53932,2,2,0,2,0
2020-05-19,Ventura,111,848112,1239,861,3,864,28
2020-05-19,Yolo,113,214977,201,183,0,183,22
2020-05-19,Yuba,115,75493,26,23,0,23,1
2020-05-18,Alameda,001,1643700,2973,2442,1,2443,84
2020-05-18,Alpine,003,1148,1,1,0,1,0
2020-05-18,Amador,005,37829,9,8,0,8,0
2020-05-18,Butte,007,227075,49,24,1,25,0
2020-05-18,Calaveras,009,45235,11,13,0,13,0
2020-05-18,Colusa,011,21464,5,3,0,3,0
2020-05-18,Contra Costa,013,1133247,1356,1173,0,1173,33
2020-05-18,Del Norte,015,27424,23,8,0,8,0
2020-05-18,El Dorado,017,186661,85,67,0,67,0
2020-05-18,Fresno,019,978130,2336,1244,30,1274,14
2020-05-18,Glenn,021,27897,13,11,0,11,0
2020-05-18,Humboldt,023,135768,100,70,0,70,0
2020-05-18,Imperial,025,180216,1901,767,4,771,14
2020-05-18,Inyo,027,18085,19,20,0,20,1
2020-05-18,Kern,029,883053,2048,1566,3,1569,26
2020-05-18,Kings,031,150075,539,381,2,383,2
2020-05-18,Lake,033,64148,13,9,0,9,0
2020-05-18,Lassen,035,31185,2,0,2,2,0
2020-05-18,Los Angeles,037,10098052,48033,38477,20,38497,1825
2020-05-18,Madera,039,155013,161,74,1,75,2
2020-05-18,Marin,041,260295,356,329,1,330,14
2020-05-18,Mariposa,043,17540,16,15,0,15,1
2020-05-18,Mendocino,045,87422,16,12,0,12,0
2020-05-18,Merced,047,269075,316,217,0,217,5
2020-05-18,Modoc,049,8938,0,0,0,0,0
2020-05-18,Mono,051,14174,36,33,0,33,1
2020-05-18,Monterey,053,433212,436,345,1,346,8
2020-05-18,Napa,055,140530,106,92,0,92,3
2020-05-18,Nevada,057,99092,42,41,1,42,1
2020-05-18,Orange,059,3164182,6871,4558,43,4601,88
2020-05-18,Placer,061,380077,196,176,0,176,8
2020-05-18,Plumas,063,18699,4,5,0,5,0
2020-05-18,Riverside,065,2383286,6959,5873,10,5883,253
2020-05-18,Sacramento,067,1510023,1310,1233,0,1233,57
2020-05-18,San Benito,069,59416,71,59,0,59,2
2020-05-18,San Bernardino,071,2135413,4673,3558,4,3562,156
2020-05-18,San Diego,073,3302833,6945,5948,0,5948,211
2020-05-18,San Francisco,075,870044,2367,2183,0,2183,36
2020-05-18,San Joaquin,077,732212,809,697,4,701,33
2020-05-18,San Luis Obispo,079,281455,307,243,1,244,1
2020-05-18,San Mateo,081,765935,1977,1701,2,1703,68
2020-05-18,Santa Barbara,083,443738,1888,1501,4,1505,10
2020-05-18,Santa Clara,085,1922200,2968,2468,4,2472,137
2020-05-18,Santa Cruz,087,273765,182,160,0,160,3
2020-05-18,Shasta,089,179085,48,34,0,34,4
2020-05-18,Sierra,091,2930,0,0,0,0,0
2020-05-18,Siskiyou,093,43540,6,6,0,6,0
2020-05-18,Solano,095,438530,494,398,0,398,4
2020-05-18,Sonoma,097,501317,478,387,0,387,4
2020-05-18,Stanislaus,099,539301,655,572,4,576,25
2020-05-18,Sutter,101,95872,40,38,0,38,2
2020-05-18,Tehama,103,63373,4,2,0,2,1
2020-05-18,Trinity,105,12862,2,1,0,1,0
2020-05-18,Tulare,107,460477,1966,1491,4,1495,63
2020-05-18,Tuolumne,109,53932,2,2,0,2,0
2020-05-18,Ventura,111,848112,1217,850,2,852,27
2020-05-18,Yolo,113,214977,196,183,0,183,22
2020-05-18,Yuba,115,75493,26,23,0,23,1
2020-05-17,Alameda,001,1643700,2878,2389,1,2390,83
2020-05-17,Alpine,003,1148,1,1,0,1,0
2020-05-17,Amador,005,37829,9,8,0,8,0
2020-05-17,Butte,007,227075,48,23,1,24,0
2020-05-17,Calaveras,009,45235,11,13,0,13,0
2020-05-17,Colusa,011,21464,3,3,0,3,0
2020-05-17,Contra Costa,013,1133247,1317,1155,0,1155,33
2020-05-17,Del Norte,015,27424,23,7,0,7,0
2020-05-17,El Dorado,017,186661,85,65,0,65,0
2020-05-17,Fresno,019,978130,2235,1213,27,1240,14
2020-05-17,Glenn,021,27897,13,9,0,9,0
2020-05-17,Humboldt,023,135768,93,70,0,70,0
2020-05-17,Imperial,025,180216,1752,715,4,719,14
2020-05-17,Inyo,027,18085,19,20,0,20,1
2020-05-17,Kern,029,883053,1970,1546,3,1549,26
2020-05-17,Kings,031,150075,492,356,2,358,2
2020-05-17,Lake,033,64148,13,7,0,7,0
2020-05-17,Lassen,035,31185,2,0,2,2,0
2020-05-17,Los Angeles,037,10098052,46795,37996,20,38016,1807
2020-05-17,Madera,039,155013,159,69,1,70,2
2020-05-17,Marin,041,260295,345,315,1,316,14
2020-05-17,Mariposa,043,17540,15,15,0,15,1
2020-05-17,Mendocino,045,87422,15,10,0,10,0
2020-05-17,Merced,047,269075,305,214,0,214,5
2020-05-17,Modoc,049,8938,0,0,0,0,0
2020-05-17,Mono,051,14174,36,32,0,32,1
2020-05-17,Monterey,053,433212,416,342,1,343,8
2020-05-17,Napa,055,140530,102,89,0,89,3
2020-05-17,Nevada,057,99092,42,41,1,42,1
2020-05-17,Orange,059,3164182,6686,4466,42,4508,88
2020-05-17,Placer,061,380077,191,175,0,175,8
2020-05-17,Plumas,063,18699,4,4,0,4,0
2020-05-17,Riverside,065,2383286,6786,5776,10,5786,245
2020-05-17,Sacramento,067,1510023,1299,1224,0,1224,56
2020-05-17,San Benito,069,59416,70,59,0,59,2
2020-05-17,San Bernardino,071,2135413,4523,3467,4,3471,155
2020-05-17,San Diego,073,3302833,6813,5838,0,5838,209
2020-05-17,San Francisco,075,870044,2340,2132,0,2132,36
2020-05-17,San Joaquin,077,732212,779,688,4,692,32
2020-05-17,San Luis Obispo,079,281455,305,242,1,243,1
2020-05-17,San Mateo,081,765935,1940,1680,2,1682,68
2020-05-17,Santa Barbara,083,443738,1857,1457,4,1461,10
2020-05-17,Santa Clara,085,1922200,2930,2453,4,2457,135
2020-05-17,Santa Cruz,087,273765,171,155,0,155,3
2020-05-17,Shasta,089,179085,47,34,0,34,4
2020-05-17,Sierra,091,2930,0,0,0,0,0
2020-05-17,Siskiyou,093,43540,6,6,0,6,0
2020-05-17,Solano,095,438530,482,392,0,392,4
2020-05-17,Sonoma,097,501317,457,376,0,376,4
2020-05-17,Stanislaus,099,539301,644,566,4,570,25
2020-05-17,Sutter,101,95872,39,38,0,38,2
2020-05-17,Tehama,103,63373,3,2,0,2,1
2020-05-17,Trinity,105,12862,1,1,0,1,0
2020-05-17,Tulare,107,460477,1899,1430,3,1433,63
2020-05-17,Tuolumne,109,53932,2,2,0,2,0
2020-05-17,Ventura,111,848112,1173,838,2,840,27
2020-05-17,Yolo,113,214977,194,182,0,182,22
2020-05-17,Yuba,115,75493,26,21,0,21,1
2020-05-16,Alameda,001,1643700,2828,2327,1,2328,83
2020-05-16,Alpine,003,1148,1,1,0,1,0
2020-05-16,Amador,005,37829,9,8,0,8,0
2020-05-16,Butte,007,227075,43,22,1,23,0
2020-05-16,Calaveras,009,45235,11,13,0,13,0
2020-05-16,Colusa,011,21464,3,3,0,3,0
2020-05-16,Contra Costa,013,1133247,1299,1136,0,1136,33
2020-05-16,Del Norte,015,27424,19,4,0,4,0
2020-05-16,El Dorado,017,186661,85,65,0,65,0
2020-05-16,Fresno,019,978130,2180,1177,27,1204,14
2020-05-16,Glenn,021,27897,13,9,0,9,0
2020-05-16,Humboldt,023,135768,91,69,0,69,0
2020-05-16,Imperial,025,180216,1688,712,4,716,14
2020-05-16,Inyo,027,18085,19,20,0,20,1
2020-05-16,Kern,029,883053,1934,1509,3,1512,26
2020-05-16,Kings,031,150075,483,356,2,358,2
2020-05-16,Lake,033,64148,13,7,0,7,0
2020-05-16,Lassen,035,31185,1,0,2,2,0
2020-05-16,Los Angeles,037,10098052,46218,37352,20,37372,1778
2020-05-16,Madera,039,155013,157,70,1,71,2
2020-05-16,Marin,041,260295,341,297,1,298,14
2020-05-16,Mariposa,043,17540,15,15,0,15,1
2020-05-16,Mendocino,045,87422,15,10,0,10,0
2020-05-16,Merced,047,269075,303,201,0,201,5
2020-05-16,Modoc,049,8938,0,0,0,0,0
2020-05-16,Mono,051,14174,36,32,0,32,1
2020-05-16,Monterey,053,433212,401,329,1,330,8
2020-05-16,Napa,055,140530,102,86,0,86,3
2020-05-16,Nevada,057,99092,42,41,1,42,1
2020-05-16,Orange,059,3164182,6610,4396,42,4438,87
2020-05-16,Placer,061,380077,189,174,0,174,8
2020-05-16,Plumas,063,18699,4,4,0,4,0
2020-05-16,Riverside,065,2383286,6701,5633,10,5643,243
2020-05-16,Sacramento,067,1510023,1292,1209,0,1209,55
2020-05-16,San Benito,069,59416,65,58,0,58,2
2020-05-16,San Bernardino,071,2135413,4451,3362,4,3366,155
2020-05-16,San Diego,073,3302833,6727,5664,0,5664,209
2020-05-16,San Francisco,075,870044,2317,2094,0,2094,36
2020-05-16,San Joaquin,077,732212,771,668,4,672,32
2020-05-16,San Luis Obispo,079,281455,304,240,1,241,1
2020-05-16,San Mateo,081,765935,1925,1652,2,1654,68
2020-05-16,Santa Barbara,083,443738,1845,1422,3,1425,10
2020-05-16,Santa Clara,085,1922200,2914,2420,3,2423,135
2020-05-16,Santa Cruz,087,273765,168,154,0,154,3
2020-05-16,Shasta,089,179085,47,33,0,33,4
2020-05-16,Sierra,091,2930,0,0,0,0,0
2020-05-16,Siskiyou,093,43540,6,6,0,6,0
2020-05-16,Solano,095,438530,477,392,0,392,4
2020-05-16,Sonoma,097,501317,444,356,0,356,4
2020-05-16,Stanislaus,099,539301,635,546,4,550,24
2020-05-16,Sutter,101,95872,39,35,0,35,2
2020-05-16,Tehama,103,63373,3,2,0,2,1
2020-05-16,Trinity,105,12862,1,1,0,1,0
2020-05-16,Tulare,107,460477,1881,1426,3,1429,63
2020-05-16,Tuolumne,109,53932,2,2,0,2,0
2020-05-16,Ventura,111,848112,1148,813,2,815,25
2020-05-16,Yolo,113,214977,193,181,0,181,22
2020-05-16,Yuba,115,75493,26,21,0,21,1
2020-05-15,Alameda,001,1643700,2794,2289,1,2290,83
2020-05-15,Alpine,003,1148,1,1,0,1,0
2020-05-15,Amador,005,37829,9,8,0,8,0
2020-05-15,Butte,007,227075,41,22,1,23,0
2020-05-15,Calaveras,009,45235,11,13,0,13,0
2020-05-15,Colusa,011,21464,3,3,0,3,0
2020-05-15,Contra Costa,013,1133247,1281,1106,0,1106,33
2020-05-15,Del Norte,015,27424,14,4,0,4,0
2020-05-15,El Dorado,017,186661,85,64,0,64,0
2020-05-15,Fresno,019,978130,2113,1126,27,1153,14
2020-05-15,Glenn,021,27897,13,9,0,9,0
2020-05-15,Humboldt,023,135768,90,60,0,60,0
2020-05-15,Imperial,025,180216,1605,680,0,680,14
2020-05-15,Inyo,027,18085,19,20,0,20,1
2020-05-15,Kern,029,883053,1878,1472,3,1475,25
2020-05-15,Kings,031,150075,480,347,2,349,2
2020-05-15,Lake,033,64148,13,7,0,7,0
2020-05-15,Lassen,035,31185,1,0,2,2,0
2020-05-15,Los Angeles,037,10098052,45432,36317,20,36337,1734
2020-05-15,Madera,039,155013,156,71,1,72,2
2020-05-15,Marin,041,260295,333,295,1,296,14
2020-05-15,Mariposa,043,17540,15,15,0,15,1
2020-05-15,Mendocino,045,87422,15,10,0,10,0
2020-05-15,Merced,047,269075,300,191,0,191,5
2020-05-15,Modoc,049,8938,0,0,0,0,0
2020-05-15,Mono,051,14174,36,31,0,31,1
2020-05-15,Monterey,053,433212,395,321,1,322,8
2020-05-15,Napa,055,140530,102,83,0,83,3
2020-05-15,Nevada,057,99092,42,41,1,42,1
2020-05-15,Orange,059,3164182,6439,4281,42,4323,87
2020-05-15,Placer,061,380077,187,174,0,174,8
2020-05-15,Plumas,063,18699,4,4,0,4,0
2020-05-15,Riverside,065,2383286,6587,5496,10,5506,233
2020-05-15,Sacramento,067,1510023,1282,1203,0,1203,55
2020-05-15,San Benito,069,59416,62,57,0,57,2
2020-05-15,San Bernardino,071,2135413,4373,3225,4,3229,153
2020-05-15,San Diego,073,3302833,6620,5525,0,5525,208
2020-05-15,San Francisco,075,870044,2301,2062,0,2062,36
2020-05-15,San Joaquin,077,732212,765,656,4,660,32
2020-05-15,San Luis Obispo,079,281455,302,237,1,238,1
2020-05-15,San Mateo,081,765935,1903,1612,2,1614,68
2020-05-15,Santa Barbara,083,443738,1828,1409,3,1412,10
2020-05-15,Santa Clara,085,1922200,2883,2395,3,2398,135
2020-05-15,Santa Cruz,087,273765,167,146,0,146,3
2020-05-15,Shasta,089,179085,46,33,0,33,4
2020-05-15,Sierra,091,2930,0,0,0,0,0
2020-05-15,Siskiyou,093,43540,5,5,0,5,0
2020-05-15,Solano,095,438530,473,388,0,388,4
2020-05-15,Sonoma,097,501317,436,349,0,349,4
2020-05-15,Stanislaus,099,539301,628,540,4,544,23
2020-05-15,Sutter,101,95872,38,35,0,35,2
2020-05-15,Tehama,103,63373,3,1,0,1,1
2020-05-15,Trinity,105,12862,1,1,0,1,0
2020-05-15,Tulare,107,460477,1853,1356,3,1359,61
2020-05-15,Tuolumne,109,53932,2,2,0,2,0
2020-05-15,Ventura,111,848112,1131,789,1,790,25
2020-05-15,Yolo,113,214977,192,182,0,182,22
2020-05-15,Yuba,115,75493,26,21,0,21,1
2020-05-14,Alameda,001,1643700,2701,2255,1,2256,80
2020-05-14,Alpine,003,1148,1,1,0,1,0
2020-05-14,Amador,005,37829,9,8,0,8,0
2020-05-14,Butte,007,227075,39,22,1,23,0
2020-05-14,Calaveras,009,45235,11,13,0,13,0
2020-05-14,Colusa,011,21464,3,3,0,3,0
2020-05-14,Contra Costa,013,1133247,1255,1090,0,1090,32
2020-05-14,Del Norte,015,27424,14,4,0,4,0
2020-05-14,El Dorado,017,186661,76,59,0,59,0
2020-05-14,Fresno,019,978130,2056,1038,24,1062,12
2020-05-14,Glenn,021,27897,12,8,0,8,0
2020-05-14,Humboldt,023,135768,88,59,0,59,0
2020-05-14,Imperial,025,180216,1488,652,0,652,13
2020-05-14,Inyo,027,18085,19,20,0,20,1
2020-05-14,Kern,029,883053,1836,1430,3,1433,21
2020-05-14,Kings,031,150075,464,342,2,344,1
2020-05-14,Lake,033,64148,13,7,0,7,0
2020-05-14,Lassen,035,31185,1,0,2,2,0
2020-05-14,Los Angeles,037,10098052,44258,35427,20,35447,1693
2020-05-14,Madera,039,155013,147,69,1,70,2
2020-05-14,Marin,041,260295,315,283,1,284,14
2020-05-14,Mariposa,043,17540,15,15,0,15,0
2020-05-14,Mendocino,045,87422,14,10,0,10,0
2020-05-14,Merced,047,269075,290,182,0,182,3
2020-05-14,Modoc,049,8938,0,0,0,0,0
2020-05-14,Mono,051,14174,36,31,0,31,1
2020-05-14,Monterey,053,433212,385,317,1,318,7
2020-05-14,Napa,055,140530,100,83,0,83,3
2020-05-14,Nevada,057,99092,41,41,1,42,1
2020-05-14,Orange,059,3164182,6262,4163,40,4203,83
2020-05-14,Placer,061,380077,187,172,0,172,8
2020-05-14,Plumas,063,18699,4,4,0,4,0
2020-05-14,Riverside,065,2383286,6404,5339,10,5349,224
2020-05-14,Sacramento,067,1510023,1270,1181,0,1181,55
2020-05-14,San Benito,069,59416,60,56,0,56,2
2020-05-14,San Bernardino,071,2135413,4195,3149,4,3153,149
2020-05-14,San Diego,073,3302833,6485,5393,0,5393,200
2020-05-14,San Francisco,075,870044,2268,2029,0,2029,36
2020-05-14,San Joaquin,077,732212,750,643,4,647,31
2020-05-14,San Luis Obispo,079,281455,299,236,1,237,1
2020-05-14,San Mateo,081,765935,1871,1588,2,1590,67
2020-05-14,Santa Barbara,083,443738,1807,1395,3,1398,11
2020-05-14,Santa Clara,085,1922200,2861,2380,3,2383,134
2020-05-14,Santa Cruz,087,273765,165,145,0,145,3
2020-05-14,Shasta,089,179085,46,33,0,33,4
2020-05-14,Sierra,091,2930,0,0,0,0,0
2020-05-14,Siskiyou,093,43540,5,5,0,5,0
2020-05-14,Solano,095,438530,464,372,0,372,4
2020-05-14,Sonoma,097,501317,419,333,0,333,4
2020-05-14,Stanislaus,099,539301,609,533,4,537,23
2020-05-14,Sutter,101,95872,38,34,0,34,2
2020-05-14,Tehama,103,63373,3,1,0,1,1
2020-05-14,Trinity,105,12862,1,1,0,1,0
2020-05-14,Tulare,107,460477,1820,1317,3,1320,55
2020-05-14,Tuolumne,109,53932,2,2,0,2,0
2020-05-14,Ventura,111,848112,1102,760,1,761,25
2020-05-14,Yolo,113,214977,192,180,0,180,22
2020-05-14,Yuba,115,75493,26,21,0,21,1
2020-05-13,Alameda,001,1643700,2643,2181,1,2182,78
2020-05-13,Alpine,003,1148,1,1,0,1,0
2020-05-13,Amador,005,37829,9,8,0,8,0
2020-05-13,Butte,007,227075,39,21,1,22,0
2020-05-13,Calaveras,009,45235,11,13,0,13,0
2020-05-13,Colusa,011,21464,3,3,0,3,0
2020-05-13,Contra Costa,013,1133247,1233,1082,0,1082,32
2020-05-13,Del Norte,015,27424,13,4,0,4,0
2020-05-13,El Dorado,017,186661,75,58,0,58,0
2020-05-13,Fresno,019,978130,1964,993,24,1017,10
2020-05-13,Glenn,021,27897,11,6,0,6,0
2020-05-13,Humboldt,023,135768,82,58,0,58,0
2020-05-13,Imperial,025,180216,1418,610,0,610,11
2020-05-13,Inyo,027,18085,19,20,0,20,1
2020-05-13,Kern,029,883053,1790,1390,3,1393,19
2020-05-13,Kings,031,150075,451,314,2,316,1
2020-05-13,Lake,033,64148,13,7,0,7,0
2020-05-13,Lassen,035,31185,1,0,2,2,0
2020-05-13,Los Angeles,037,10098052,42952,34574,20,34594,1643
2020-05-13,Madera,039,155013,138,69,1,70,2
2020-05-13,Marin,041,260295,302,278,1,279,14
2020-05-13,Mariposa,043,17540,15,15,0,15,0
2020-05-13,Mendocino,045,87422,14,10,0,10,0
2020-05-13,Merced,047,269075,287,176,0,176,3
2020-05-13,Modoc,049,8938,0,0,0,0,0
2020-05-13,Mono,051,14174,35,31,0,31,1
2020-05-13,Monterey,053,433212,375,309,1,310,6
2020-05-13,Napa,055,140530,100,81,0,81,3
2020-05-13,Nevada,057,99092,41,41,1,42,1
2020-05-13,Orange,059,3164182,6014,4025,38,4063,79
2020-05-13,Placer,061,380077,186,170,0,170,8
2020-05-13,Plumas,063,18699,4,4,0,4,0
2020-05-13,Riverside,065,2383286,6281,5204,10,5214,216
2020-05-13,Sacramento,067,1510023,1255,1173,0,1173,53
2020-05-13,San Benito,069,59416,60,55,0,55,2
2020-05-13,San Bernardino,071,2135413,3940,3064,3,3067,140
2020-05-13,San Diego,073,3302833,6349,5280,0,5280,194
2020-05-13,San Francisco,075,870044,2240,2004,0,2004,35
2020-05-13,San Joaquin,077,732212,729,639,3,642,31
2020-05-13,San Luis Obispo,079,281455,297,231,1,232,1
2020-05-13,San Mateo,081,765935,1839,1550,2,1552,66
2020-05-13,Santa Barbara,083,443738,1788,1382,3,1385,10
2020-05-13,Santa Clara,085,1922200,2842,2370,3,2373,132
2020-05-13,Santa Cruz,087,273765,161,142,0,142,2
2020-05-13,Shasta,089,179085,46,32,0,32,4
2020-05-13,Sierra,091,2930,0,0,0,0,0
2020-05-13,Siskiyou,093,43540,5,5,0,5,0
2020-05-13,Solano,095,438530,451,368,0,368,4
2020-05-13,Sonoma,097,501317,409,330,0,330,4
2020-05-13,Stanislaus,099,539301,600,521,4,525,15
2020-05-13,Sutter,101,95872,38,33,0,33,2
2020-05-13,Tehama,103,63373,3,1,0,1,1
2020-05-13,Trinity,105,12862,1,2,0,2,0
2020-05-13,Tulare,107,460477,1787,1283,3,1286,54
2020-05-13,Tuolumne,109,53932,2,2,0,2,0
2020-05-13,Ventura,111,848112,1073,742,1,743,25
2020-05-13,Yolo,113,214977,190,178,0,178,22
2020-05-13,Yuba,115,75493,24,19,0,19,1
2020-05-12,Alameda,001,1643700,2579,2146,1,2147,74
2020-05-12,Alpine,003,1148,1,1,0,1,0
2020-05-12,Amador,005,37829,9,8,0,8,0
2020-05-12,Butte,007,227075,37,20,1,21,0
2020-05-12,Calaveras,009,45235,10,13,0,13,0
2020-05-12,Colusa,011,21464,3,3,0,3,0
2020-05-12,Contra Costa,013,1133247,1202,1067,0,1067,32
2020-05-12,Del Norte,015,27424,10,3,0,3,0
2020-05-12,El Dorado,017,186661,72,56,0,56,0
2020-05-12,Fresno,019,978130,1881,978,24,1002,9
2020-05-12,Glenn,021,27897,10,6,0,6,0
2020-05-12,Humboldt,023,135768,79,58,0,58,0
2020-05-12,Imperial,025,180216,1287,602,0,602,9
2020-05-12,Inyo,027,18085,19,20,0,20,1
2020-05-12,Kern,029,883053,1749,1363,3,1366,18
2020-05-12,Kings,031,150075,430,302,2,304,1
2020-05-12,Lake,033,64148,13,7,0,7,0
2020-05-12,Lassen,035,31185,1,0,2,2,0
2020-05-12,Los Angeles,037,10098052,41957,33281,19,33300,1601
2020-05-12,Madera,039,155013,134,69,1,70,2
2020-05-12,Marin,041,260295,297,274,1,275,14
2020-05-12,Mariposa,043,17540,15,15,0,15,0
2020-05-12,Mendocino,045,87422,14,10,0,10,0
2020-05-12,Merced,047,269075,276,175,0,175,3
2020-05-12,Modoc,049,8938,0,0,0,0,0
2020-05-12,Mono,051,14174,35,31,0,31,1
2020-05-12,Monterey,053,433212,368,298,1,299,6
2020-05-12,Napa,055,140530,98,80,0,80,3
2020-05-12,Nevada,057,99092,41,41,1,42,1
2020-05-12,Orange,059,3164182,5827,3843,36,3879,78
2020-05-12,Placer,061,380077,185,170,0,170,8
2020-05-12,Plumas,063,18699,4,4,0,4,0
2020-05-12,Riverside,065,2383286,6159,5134,10,5144,210
2020-05-12,Sacramento,067,1510023,1235,1166,0,1166,52
2020-05-12,San Benito,069,59416,60,55,0,55,2
2020-05-12,San Bernardino,071,2135413,3789,2997,3,3000,131
2020-05-12,San Diego,073,3302833,6205,3,0,3,0
2020-05-12,San Francisco,075,870044,2205,1981,0,1981,35
2020-05-12,San Joaquin,077,732212,714,625,3,628,30
2020-05-12,San Luis Obispo,079,281455,294,226,1,227,1
2020-05-12,San Mateo,081,765935,1813,1533,2,1535,66
2020-05-12,Santa Barbara,083,443738,1744,1377,3,1380,10
2020-05-12,Santa Clara,085,1922200,2812,2362,3,2365,131
2020-05-12,Santa Cruz,087,273765,159,141,0,141,2
2020-05-12,Shasta,089,179085,45,33,0,33,4
2020-05-12,Sierra,091,2930,0,0,0,0,0
2020-05-12,Siskiyou,093,43540,5,5,0,5,0
2020-05-12,Solano,095,438530,443,361,0,361,4
2020-05-12,Sonoma,097,501317,386,308,0,308,4
2020-05-12,Stanislaus,099,539301,593,515,4,519,15
2020-05-12,Sutter,101,95872,38,33,0,33,2
2020-05-12,Tehama,103,63373,3,1,0,1,1
2020-05-12,Trinity,105,12862,1,1,0,1,0
2020-05-12,Tulare,107,460477,1756,1261,3,1264,52
2020-05-12,Tuolumne,109,53932,2,2,0,2,0
2020-05-12,Ventura,111,848112,1028,718,1,719,20
2020-05-12,Yolo,113,214977,189,176,0,176,22
2020-05-12,Yuba,115,75493,24,19,0,19,1
2020-05-11,Alameda,001,1643700,2529,2103,1,2104,71
2020-05-11,Alpine,003,1148,1,1,0,1,0
2020-05-11,Amador,005,37829,9,8,0,8,0
2020-05-11,Butte,007,227075,36,19,1,20,0
2020-05-11,Calaveras,009,45235,10,13,0,13,0
2020-05-11,Colusa,011,21464,3,3,0,3,0
2020-05-11,Contra Costa,013,1133247,1188,1052,0,1052,32
2020-05-11,Del Norte,015,27424,8,3,0,3,0
2020-05-11,El Dorado,017,186661,72,55,0,55,0
2020-05-11,Fresno,019,978130,1794,937,22,959,8
2020-05-11,Glenn,021,27897,10,6,0,6,0
2020-05-11,Humboldt,023,135768,76,56,0,56,0
2020-05-11,Imperial,025,180216,1181,562,0,562,9
2020-05-11,Inyo,027,18085,19,20,0,20,1
2020-05-11,Kern,029,883053,1697,1331,3,1334,17
2020-05-11,Kings,031,150075,407,289,1,290,1
2020-05-11,Lake,033,64148,12,7,0,7,0
2020-05-11,Lassen,035,31185,1,0,2,2,0
2020-05-11,Los Angeles,037,10098052,40778,32279,19,32298,1553
2020-05-11,Madera,039,155013,125,68,1,69,2
2020-05-11,Marin,041,260295,288,271,1,272,14
2020-05-11,Mariposa,043,17540,15,15,0,15,0
2020-05-11,Mendocino,045,87422,14,10,0,10,0
2020-05-11,Merced,047,269075,261,158,0,158,3
2020-05-11,Modoc,049,8938,0,0,0,0,0
2020-05-11,Mono,051,14174,35,30,0,30,1
2020-05-11,Monterey,053,433212,365,286,1,287,6
2020-05-11,Napa,055,140530,92,79,0,79,2
2020-05-11,Nevada,057,99092,41,41,1,42,1
2020-05-11,Orange,059,3164182,5605,3699,31,3730,77
2020-05-11,Placer,061,380077,185,170,0,170,8
2020-05-11,Plumas,063,18699,4,4,0,4,0
2020-05-11,Riverside,065,2383286,6002,5082,10,5092,203
2020-05-11,Sacramento,067,1510023,1220,1160,0,1160,52
2020-05-11,San Benito,069,59416,58,52,0,52,2
2020-05-11,San Bernardino,071,2135413,3679,2945,3,2948,124
2020-05-11,San Diego,073,3302833,6052,5067,0,5067,175
2020-05-11,San Francisco,075,870044,2158,1974,0,1974,35
2020-05-11,San Joaquin,077,732212,704,620,3,623,30
2020-05-11,San Luis Obispo,079,281455,292,224,1,225,1
2020-05-11,San Mateo,081,765935,1787,1499,2,1501,66
2020-05-11,Santa Barbara,083,443738,1719,1372,3,1375,10
2020-05-11,Santa Clara,085,1922200,2796,2340,3,2343,129
2020-05-11,Santa Cruz,087,273765,156,140,0,140,2
2020-05-11,Shasta,089,179085,45,31,0,31,4
2020-05-11,Sierra,091,2930,0,0,0,0,0
2020-05-11,Siskiyou,093,43540,5,5,0,5,0
2020-05-11,Solano,095,438530,438,354,0,354,4
2020-05-11,Sonoma,097,501317,376,303,0,303,3
2020-05-11,Stanislaus,099,539301,583,507,4,511,14
2020-05-11,Sutter,101,95872,37,32,0,32,2
2020-05-11,Tehama,103,63373,3,1,0,1,1
2020-05-11,Trinity,105,12862,1,1,0,1,0
2020-05-11,Tulare,107,460477,1707,1203,3,1206,49
2020-05-11,Tuolumne,109,53932,2,2,0,2,0
2020-05-11,Ventura,111,848112,979,698,1,699,19
2020-05-11,Yolo,113,214977,189,174,0,174,20
2020-05-11,Yuba,115,75493,24,18,0,18,1
2020-05-10,Alameda,001,1643700,2452,2047,1,2048,71
2020-05-10,Alpine,003,1148,1,1,0,1,0
2020-05-10,Amador,005,37829,9,8,0,8,0
2020-05-10,Butte,007,227075,32,18,1,19,0
2020-05-10,Calaveras,009,45235,10,13,0,13,0
2020-05-10,Colusa,011,21464,3,3,0,3,0
2020-05-10,Contra Costa,013,1133247,1174,1046,0,1046,31
2020-05-10,Del Norte,015,27424,7,3,0,3,0
2020-05-10,El Dorado,017,186661,72,55,0,55,0
2020-05-10,Fresno,019,978130,1712,894,22,916,8
2020-05-10,Glenn,021,27897,10,6,0,6,0
2020-05-10,Humboldt,023,135768,72,56,0,56,0
2020-05-10,Imperial,025,180216,1085,509,0,509,7
2020-05-10,Inyo,027,18085,19,20,0,20,1
2020-05-10,Kern,029,883053,1646,1300,2,1302,16
2020-05-10,Kings,031,150075,394,266,1,267,1
2020-05-10,Lake,033,64148,12,7,0,7,0
2020-05-10,Lassen,035,31185,1,0,2,2,0
2020-05-10,Los Angeles,037,10098052,39518,31711,19,31730,1514
2020-05-10,Madera,039,155013,123,65,1,66,2
2020-05-10,Marin,041,260295,280,267,1,268,14
2020-05-10,Mariposa,043,17540,15,15,0,15,0
2020-05-10,Mendocino,045,87422,13,10,0,10,0
2020-05-10,Merced,047,269075,246,154,0,154,3
2020-05-10,Modoc,049,8938,0,0,0,0,0
2020-05-10,Mono,051,14174,35,27,0,27,1
2020-05-10,Monterey,053,433212,351,282,1,283,6
2020-05-10,Napa,055,140530,86,79,0,79,2
2020-05-10,Nevada,057,99092,41,41,1,42,1
2020-05-10,Orange,059,3164182,5460,3627,31,3658,76
2020-05-10,Placer,061,380077,184,168,0,168,8
2020-05-10,Plumas,063,18699,4,4,0,4,0
2020-05-10,Riverside,065,2383286,5880,4951,10,4961,193
2020-05-10,Sacramento,067,1510023,1204,1152,0,1152,52
2020-05-10,San Benito,069,59416,58,52,0,52,2
2020-05-10,San Bernardino,071,2135413,3581,2910,3,2913,121
2020-05-10,San Diego,073,3302833,5900,4928,0,4928,175
2020-05-10,San Francisco,075,870044,2140,1953,0,1953,35
2020-05-10,San Joaquin,077,732212,689,611,3,614,29
2020-05-10,San Luis Obispo,079,281455,289,218,1,219,1
2020-05-10,San Mateo,081,765935,1765,1463,2,1465,65
2020-05-10,Santa Barbara,083,443738,1693,1323,3,1326,10
2020-05-10,Santa Clara,085,1922200,2771,2331,3,2334,129
2020-05-10,Santa Cruz,087,273765,155,139,0,139,2
2020-05-10,Shasta,089,179085,45,31,0,31,4
2020-05-10,Sierra,091,2930,0,0,0,0,0
2020-05-10,Siskiyou,093,43540,5,5,0,5,0
2020-05-10,Solano,095,438530,428,322,0,322,4
2020-05-10,Sonoma,097,501317,366,290,0,290,3
2020-05-10,Stanislaus,099,539301,576,498,4,502,14
2020-05-10,Sutter,101,95872,34,31,0,31,2
2020-05-10,Tehama,103,63373,3,1,0,1,1
2020-05-10,Trinity,105,12862,1,1,0,1,0
2020-05-10,Tulare,107,460477,1638,1143,3,1146,47
2020-05-10,Tuolumne,109,53932,2,2,0,2,0
2020-05-10,Ventura,111,848112,929,690,1,691,19
2020-05-10,Yolo,113,214977,189,173,0,173,20
2020-05-10,Yuba,115,75493,23,17,0,17,1
2020-05-09,Alameda,001,1643700,2409,2011,1,2012,71
2020-05-09,Alpine,003,1148,1,1,0,1,0
2020-05-09,Amador,005,37829,8,8,0,8,0
2020-05-09,Butte,007,227075,31,18,1,19,0
2020-05-09,Calaveras,009,45235,10,13,0,13,0
2020-05-09,Colusa,011,21464,3,3,0,3,0
2020-05-09,Contra Costa,013,1133247,1160,1039,0,1039,31
2020-05-09,Del Norte,015,27424,7,3,0,3,0
2020-05-09,El Dorado,017,186661,69,54,0,54,0
2020-05-09,Fresno,019,978130,1674,861,21,882,8
2020-05-09,Glenn,021,27897,9,6,0,6,0
2020-05-09,Humboldt,023,135768,70,55,0,55,0
2020-05-09,Imperial,025,180216,1029,474,0,474,7
2020-05-09,Inyo,027,18085,19,20,0,20,1
2020-05-09,Kern,029,883053,1610,1262,1,1263,15
2020-05-09,Kings,031,150075,389,264,1,265,1
2020-05-09,Lake,033,64148,12,7,0,7,0
2020-05-09,Lassen,035,31185,1,0,2,2,0
2020-05-09,Los Angeles,037,10098052,38896,31268,19,31287,1499
2020-05-09,Madera,039,155013,122,61,1,62,2
2020-05-09,Marin,041,260295,279,261,1,262,14
2020-05-09,Mariposa,043,17540,15,15,0,15,0
2020-05-09,Mendocino,045,87422,13,10,0,10,0
2020-05-09,Merced,047,269075,242,153,0,153,3
2020-05-09,Modoc,049,8938,0,0,0,0,0
2020-05-09,Mono,051,14174,35,27,0,27,1
2020-05-09,Monterey,053,433212,344,273,1,274,6
2020-05-09,Napa,055,140530,85,78,0,78,2
2020-05-09,Nevada,057,99092,41,41,1,42,1
2020-05-09,Orange,059,3164182,5378,3506,30,3536,75
2020-05-09,Placer,061,380077,183,168,0,168,8
2020-05-09,Plumas,063,18699,4,4,0,4,0
2020-05-09,Riverside,065,2383286,5786,4871,10,4881,183
2020-05-09,Sacramento,067,1510023,1200,1150,0,1150,52
2020-05-09,San Benito,069,59416,57,52,0,52,2
2020-05-09,San Bernardino,071,2135413,3525,2825,3,2828,121
2020-05-09,San Diego,073,3302833,5788,4778,0,4778,175
2020-05-09,San Francisco,075,870044,2125,1944,0,1944,34
2020-05-09,San Joaquin,077,732212,680,605,3,608,28
2020-05-09,San Luis Obispo,079,281455,285,213,1,214,1
2020-05-09,San Mateo,081,765935,1746,1453,2,1455,65
2020-05-09,Santa Barbara,083,443738,1678,1245,3,1248,10
2020-05-09,Santa Clara,085,1922200,2758,2317,3,2320,128
2020-05-09,Santa Cruz,087,273765,154,138,0,138,2
2020-05-09,Shasta,089,179085,45,31,0,31,4
2020-05-09,Sierra,091,2930,0,0,0,0,0
2020-05-09,Siskiyou,093,43540,5,5,0,5,0
2020-05-09,Solano,095,438530,422,321,0,321,4
2020-05-09,Sonoma,097,501317,362,288,0,288,3
2020-05-09,Stanislaus,099,539301,568,491,4,495,12
2020-05-09,Sutter,101,95872,34,31,0,31,2
2020-05-09,Tehama,103,63373,2,1,0,1,1
2020-05-09,Trinity,105,12862,1,1,0,1,0
2020-05-09,Tulare,107,460477,1610,1083,3,1086,47
2020-05-09,Tuolumne,109,53932,2,2,0,2,0
2020-05-09,Ventura,111,848112,908,679,1,680,19
2020-05-09,Yolo,113,214977,189,172,0,172,18
2020-05-09,Yuba,115,75493,23,17,0,17,1
2020-05-08,Alameda,001,1643700,2366,1955,1,1956,70
2020-05-08,Alpine,003,1148,1,1,0,1,0
2020-05-08,Amador,005,37829,8,8,0,8,0
2020-05-08,Butte,007,227075,31,18,1,19,0
2020-05-08,Calaveras,009,45235,10,13,0,13,0
2020-05-08,Colusa,011,21464,3,3,0,3,0
2020-05-08,Contra Costa,013,1133247,1148,1024,0,1024,29
2020-05-08,Del Norte,015,27424,7,3,0,3,0
2020-05-08,El Dorado,017,186661,68,54,0,54,0
2020-05-08,Fresno,019,978130,1638,838,20,858,8
2020-05-08,Glenn,021,27897,8,6,0,6,0
2020-05-08,Humboldt,023,135768,67,54,0,54,0
2020-05-08,Imperial,025,180216,983,467,0,467,7
2020-05-08,Inyo,027,18085,19,20,0,20,1
2020-05-08,Kern,029,883053,1579,1214,1,1215,13
2020-05-08,Kings,031,150075,380,236,1,237,1
2020-05-08,Lake,033,64148,12,7,0,7,0
2020-05-08,Lassen,035,31185,1,0,2,2,0
2020-05-08,Los Angeles,037,10098052,38164,30357,19,30376,1447
2020-05-08,Madera,039,155013,119,57,1,58,2
2020-05-08,Marin,041,260295,279,257,1,258,14
2020-05-08,Mariposa,043,17540,15,15,0,15,0
2020-05-08,Mendocino,045,87422,13,10,0,10,0
2020-05-08,Merced,047,269075,241,151,0,151,3
2020-05-08,Modoc,049,8938,0,0,0,0,0
2020-05-08,Mono,051,14174,32,27,0,27,1
2020-05-08,Monterey,053,433212,336,265,1,266,6
2020-05-08,Napa,055,140530,84,78,0,78,2
2020-05-08,Nevada,057,99092,41,41,1,42,1
2020-05-08,Orange,059,3164182,5229,3395,30,3425,72
2020-05-08,Placer,061,380077,181,166,0,166,8
2020-05-08,Plumas,063,18699,4,4,0,4,0
2020-05-08,Riverside,065,2383286,5688,4672,9,4681,181
2020-05-08,Sacramento,067,1510023,1195,1145,0,1145,51
2020-05-08,San Benito,069,59416,57,51,0,51,2
2020-05-08,San Bernardino,071,2135413,3477,2631,3,2634,119
2020-05-08,San Diego,073,3302833,5681,4664,0,4664,169
2020-05-08,San Francisco,075,870044,2107,1890,0,1890,33
2020-05-08,San Joaquin,077,732212,673,595,3,598,28
2020-05-08,San Luis Obispo,079,281455,282,210,1,211,1
2020-05-08,San Mateo,081,765935,1661,1423,2,1425,62
2020-05-08,Santa Barbara,083,443738,1663,1054,2,1056,8
2020-05-08,Santa Clara,085,1922200,2735,2285,3,2288,128
2020-05-08,Santa Cruz,087,273765,150,137,0,137,2
2020-05-08,Shasta,089,179085,45,31,0,31,4
2020-05-08,Sierra,091,2930,0,0,0,0,0
2020-05-08,Siskiyou,093,43540,5,5,0,5,0
2020-05-08,Solano,095,438530,417,314,0,314,4
2020-05-08,Sonoma,097,501317,357,285,0,285,3
2020-05-08,Stanislaus,099,539301,554,487,4,491,12
2020-05-08,Sutter,101,95872,34,30,0,30,2
2020-05-08,Tehama,103,63373,2,1,0,1,1
2020-05-08,Trinity,105,12862,1,0,0,0,0
2020-05-08,Tulare,107,460477,1565,1050,3,1053,43
2020-05-08,Tuolumne,109,53932,2,2,0,2,0
2020-05-08,Ventura,111,848112,890,665,1,666,19
2020-05-08,Yolo,113,214977,188,172,0,172,18
2020-05-08,Yuba,115,75493,22,16,0,16,1
2020-05-07,Alameda,001,1643700,2306,1914,1,1915,68
2020-05-07,Alpine,003,1148,1,1,0,1,0
2020-05-07,Amador,005,37829,8,8,0,8,0
2020-05-07,Butte,007,227075,31,19,1,20,0
2020-05-07,Calaveras,009,45235,10,13,0,13,0
2020-05-07,Colusa,011,21464,3,3,0,3,0
2020-05-07,Contra Costa,013,1133247,1134,1005,0,1005,29
2020-05-07,Del Norte,015,27424,6,3,0,3,0
2020-05-07,El Dorado,017,186661,67,54,0,54,0
2020-05-07,Fresno,019,978130,1558,812,19,831,8
2020-05-07,Glenn,021,27897,8,5,0,5,0
2020-05-07,Humboldt,023,135768,66,54,0,54,0
2020-05-07,Imperial,025,180216,920,442,0,442,6
2020-05-07,Inyo,027,18085,19,20,0,20,1
2020-05-07,Kern,029,883053,1535,1176,1,1177,13
2020-05-07,Kings,031,150075,357,219,1,220,1
2020-05-07,Lake,033,64148,11,7,0,7,0
2020-05-07,Lassen,035,31185,1,0,2,2,0
2020-05-07,Los Angeles,037,10098052,37041,29544,19,29563,1399
2020-05-07,Madera,039,155013,115,54,1,55,2
2020-05-07,Marin,041,260295,272,252,1,253,14
2020-05-07,Mariposa,043,17540,15,15,0,15,0
2020-05-07,Mendocino,045,87422,13,10,0,10,0
2020-05-07,Merced,047,269075,233,146,0,146,3
2020-05-07,Modoc,049,8938,0,0,0,0,0
2020-05-07,Mono,051,14174,32,26,0,26,1
2020-05-07,Monterey,053,433212,328,249,1,250,6
2020-05-07,Napa,055,140530,84,78,0,78,2
2020-05-07,Nevada,057,99092,41,41,1,42,1
2020-05-07,Orange,059,3164182,5044,3283,29,3312,69
2020-05-07,Placer,061,380077,181,165,0,165,8
2020-05-07,Plumas,063,18699,4,4,0,4,0
2020-05-07,Riverside,065,2383286,5572,4608,9,4617,170
2020-05-07,Sacramento,067,1510023,1189,1139,0,1139,50
2020-05-07,San Benito,069,59416,57,50,0,50,2
2020-05-07,San Bernardino,071,2135413,3385,2522,3,2525,115
2020-05-07,San Diego,073,3302833,5524,4431,0,4431,165
2020-05-07,San Francisco,075,870044,2076,1852,0,1852,33
2020-05-07,San Joaquin,077,732212,660,583,3,586,28
2020-05-07,San Luis Obispo,079,281455,271,209,1,210,1
2020-05-07,San Mateo,081,765935,1639,1398,2,1400,58
2020-05-07,Santa Barbara,083,443738,1629,720,2,722,8
2020-05-07,Santa Clara,085,1922200,2698,2281,3,2284,127
2020-05-07,Santa Cruz,087,273765,147,136,0,136,2
2020-05-07,Shasta,089,179085,44,31,0,31,4
2020-05-07,Sierra,091,2930,0,0,0,0,0
2020-05-07,Siskiyou,093,43540,5,5,0,5,0
2020-05-07,Solano,095,438530,411,307,0,307,4
2020-05-07,Sonoma,097,501317,345,282,0,282,3
2020-05-07,Stanislaus,099,539301,545,466,4,470,10
2020-05-07,Sutter,101,95872,34,29,0,29,2
2020-05-07,Tehama,103,63373,2,1,0,1,1
2020-05-07,Trinity,105,12862,1,0,0,0,0
2020-05-07,Tulare,107,460477,1499,1001,3,1004,41
2020-05-07,Tuolumne,109,53932,2,2,0,2,0
2020-05-07,Ventura,111,848112,866,647,0,647,19
2020-05-07,Yolo,113,214977,187,172,0,172,18
2020-05-07,Yuba,115,75493,22,16,0,16,1
2020-05-06,Alameda,001,1643700,2268,1864,1,1865,67
2020-05-06,Alpine,003,1148,1,1,0,1,0
2020-05-06,Amador,005,37829,8,8,0,8,0
2020-05-06,Butte,007,227075,30,19,1,20,0
2020-05-06,Calaveras,009,45235,10,13,0,13,0
2020-05-06,Colusa,011,21464,3,3,0,3,0
2020-05-06,Contra Costa,013,1133247,1113,990,0,990,29
2020-05-06,Del Norte,015,27424,6,3,0,3,0
2020-05-06,El Dorado,017,186661,65,53,0,53,0
2020-05-06,Fresno,019,978130,1497,773,17,790,8
2020-05-06,Glenn,021,27897,8,3,0,3,0
2020-05-06,Humboldt,023,135768,65,54,0,54,0
2020-05-06,Imperial,025,180216,852,399,0,399,6
2020-05-06,Inyo,027,18085,19,20,0,20,1
2020-05-06,Kern,029,883053,1480,1112,1,1113,12
2020-05-06,Kings,031,150075,339,208,1,209,1
2020-05-06,Lake,033,64148,11,7,0,7,0
2020-05-06,Lassen,035,31185,1,0,2,2,0
2020-05-06,Los Angeles,037,10098052,36036,28687,19,28706,1347
2020-05-06,Madera,039,155013,113,55,1,56,2
2020-05-06,Marin,041,260295,265,244,1,245,14
2020-05-06,Mariposa,043,17540,15,14,0,14,0
2020-05-06,Mendocino,045,87422,13,10,0,10,0
2020-05-06,Merced,047,269075,226,140,0,140,3
2020-05-06,Modoc,049,8938,0,0,0,0,0
2020-05-06,Mono,051,14174,32,26,0,26,1
2020-05-06,Monterey,053,433212,320,246,1,247,6
2020-05-06,Napa,055,140530,83,78,0,78,2
2020-05-06,Nevada,057,99092,41,41,1,42,1
2020-05-06,Orange,059,3164182,4860,3156,28,3184,66
2020-05-06,Placer,061,380077,178,164,0,164,8
2020-05-06,Plumas,063,18699,4,4,0,4,0
2020-05-06,Riverside,065,2383286,5428,4535,9,4544,163
2020-05-06,Sacramento,067,1510023,1183,1135,0,1135,49
2020-05-06,San Benito,069,59416,56,50,0,50,2
2020-05-06,San Bernardino,071,2135413,3263,2426,2,2428,110
2020-05-06,San Diego,073,3302833,5391,4321,0,4321,158
2020-05-06,San Francisco,075,870044,2051,1804,0,1804,32
2020-05-06,San Joaquin,077,732212,647,581,3,584,28
2020-05-06,San Luis Obispo,079,281455,268,207,1,208,1
2020-05-06,San Mateo,081,765935,1608,1348,2,1350,57
2020-05-06,Santa Barbara,083,443738,1579,565,2,567,8
2020-05-06,Santa Clara,085,1922200,2682,2270,3,2273,127
2020-05-06,Santa Cruz,087,273765,143,135,0,135,2
2020-05-06,Shasta,089,179085,44,31,0,31,4
2020-05-06,Sierra,091,2930,0,0,0,0,0
2020-05-06,Siskiyou,093,43540,5,5,0,5,0
2020-05-06,Solano,095,438530,401,300,0,300,4
2020-05-06,Sonoma,097,501317,329,269,0,269,3
2020-05-06,Stanislaus,099,539301,529,434,4,438,9
2020-05-06,Sutter,101,95872,34,29,0,29,2
2020-05-06,Tehama,103,63373,2,1,0,1,1
2020-05-06,Trinity,105,12862,1,0,0,0,0
2020-05-06,Tulare,107,460477,1451,963,3,966,40
2020-05-06,Tuolumne,109,53932,2,2,0,2,0
2020-05-06,Ventura,111,848112,841,619,0,619,19
2020-05-06,Yolo,113,214977,186,172,0,172,18
2020-05-06,Yuba,115,75493,22,15,0,15,1
2020-05-05,Alameda,001,1643700,2225,1819,1,1820,67
2020-05-05,Alpine,003,1148,1,1,0,1,0
2020-05-05,Amador,005,37829,8,8,0,8,0
2020-05-05,Butte,007,227075,29,19,1,20,0
2020-05-05,Calaveras,009,45235,10,13,0,13,0
2020-05-05,Colusa,011,21464,3,3,0,3,0
2020-05-05,Contra Costa,013,1133247,1095,976,0,976,29
2020-05-05,Del Norte,015,27424,6,3,0,3,0
2020-05-05,El Dorado,017,186661,63,54,0,54,0
2020-05-05,Fresno,019,978130,1424,726,15,741,8
2020-05-05,Glenn,021,27897,8,3,0,3,0
2020-05-05,Humboldt,023,135768,62,54,0,54,0
2020-05-05,Imperial,025,180216,797,389,0,389,6
2020-05-05,Inyo,027,18085,19,20,0,20,1
2020-05-05,Kern,029,883053,1429,1084,1,1085,11
2020-05-05,Kings,031,150075,323,187,1,188,1
2020-05-05,Lake,033,64148,10,7,0,7,0
2020-05-05,Lassen,035,31185,1,0,2,2,0
2020-05-05,Los Angeles,037,10098052,34966,27867,19,27886,1289
2020-05-05,Madera,039,155013,110,53,1,54,2
2020-05-05,Marin,041,260295,259,244,1,245,14
2020-05-05,Mariposa,043,17540,15,14,0,14,0
2020-05-05,Mendocino,045,87422,13,10,0,10,0
2020-05-05,Merced,047,269075,221,141,0,141,3
2020-05-05,Modoc,049,8938,0,0,0,0,0
2020-05-05,Mono,051,14174,32,25,0,25,1
2020-05-05,Monterey,053,433212,306,240,1,241,6
2020-05-05,Napa,055,140530,83,74,0,74,2
2020-05-05,Nevada,057,99092,41,41,1,42,1
2020-05-05,Orange,059,3164182,4736,3041,28,3069,63
2020-05-05,Placer,061,380077,178,162,0,162,8
2020-05-05,Plumas,063,18699,4,4,0,4,0
2020-05-05,Riverside,065,2383286,5318,4309,9,4318,161
2020-05-05,Sacramento,067,1510023,1176,1125,0,1125,48
2020-05-05,San Benito,069,59416,55,50,0,50,2
2020-05-05,San Bernardino,071,2135413,3170,2345,2,2347,104
2020-05-05,San Diego,073,3302833,5248,4162,0,4162,150
2020-05-05,San Francisco,075,870044,2016,1779,0,1779,31
2020-05-05,San Joaquin,077,732212,638,577,3,580,26
2020-05-05,San Luis Obispo,079,281455,267,203,1,204,1
2020-05-05,San Mateo,081,765935,1576,1335,2,1337,56
2020-05-05,Santa Barbara,083,443738,1351,541,2,543,7
2020-05-05,Santa Clara,085,1922200,2638,2249,3,2252,124
2020-05-05,Santa Cruz,087,273765,140,134,0,134,2
2020-05-05,Shasta,089,179085,43,31,0,31,4
2020-05-05,Sierra,091,2930,0,0,0,0,0
2020-05-05,Siskiyou,093,43540,5,5,0,5,0
2020-05-05,Solano,095,438530,385,299,0,299,4
2020-05-05,Sonoma,097,501317,326,263,0,263,3
2020-05-05,Stanislaus,099,539301,517,430,4,434,9
2020-05-05,Sutter,101,95872,34,29,0,29,2
2020-05-05,Tehama,103,63373,2,1,0,1,1
2020-05-05,Trinity,105,12862,1,0,0,0,0
2020-05-05,Tulare,107,460477,1362,869,3,872,40
2020-05-05,Tuolumne,109,53932,2,2,0,2,0
2020-05-05,Ventura,111,848112,818,607,0,607,19
2020-05-05,Yolo,113,214977,184,171,0,171,18
2020-05-05,Yuba,115,75493,22,15,0,15,1
2020-05-04,Alameda,001,1643700,2166,1762,1,1763,65
2020-05-04,Alpine,003,1148,1,1,0,1,0
2020-05-04,Amador,005,37829,7,8,0,8,0
2020-05-04,Butte,007,227075,28,16,1,17,0
2020-05-04,Calaveras,009,45235,10,13,0,13,0
2020-05-04,Colusa,011,21464,3,3,0,3,0
2020-05-04,Contra Costa,013,1133247,1077,949,0,949,28
2020-05-04,Del Norte,015,27424,5,3,0,3,0
2020-05-04,El Dorado,017,186661,62,51,0,51,0
2020-05-04,Fresno,019,978130,1356,680,14,694,8
2020-05-04,Glenn,021,27897,8,4,0,4,0
2020-05-04,Humboldt,023,135768,60,54,0,54,0
2020-05-04,Imperial,025,180216,744,351,0,351,6
2020-05-04,Inyo,027,18085,19,20,0,20,1
2020-05-04,Kern,029,883053,1388,1047,1,1048,8
2020-05-04,Kings,031,150075,306,153,1,154,1
2020-05-04,Lake,033,64148,9,7,0,7,0
2020-05-04,Lassen,035,31185,1,0,2,2,0
2020-05-04,Los Angeles,037,10098052,33664,26243,18,26261,1235
2020-05-04,Madera,039,155013,109,52,1,53,2
2020-05-04,Marin,041,260295,254,244,1,245,13
2020-05-04,Mariposa,043,17540,15,13,0,13,0
2020-05-04,Mendocino,045,87422,13,10,0,10,0
2020-05-04,Merced,047,269075,221,138,0,138,3
2020-05-04,Modoc,049,8938,0,0,0,0,0
2020-05-04,Mono,051,14174,32,25,0,25,1
2020-05-04,Monterey,053,433212,295,237,1,238,6
2020-05-04,Napa,055,140530,83,72,0,72,2
2020-05-04,Nevada,057,99092,41,41,1,42,1
2020-05-04,Orange,059,3164182,4594,2931,25,2956,57
2020-05-04,Placer,061,380077,176,162,0,162,8
2020-05-04,Plumas,063,18699,4,4,0,4,0
2020-05-04,Riverside,065,2383286,5225,4221,9,4230,147
2020-05-04,Sacramento,067,1510023,1166,1119,0,1119,44
2020-05-04,San Benito,069,59416,53,49,0,49,2
2020-05-04,San Bernardino,071,2135413,3029,2184,2,2186,99
2020-05-04,San Diego,073,3302833,5107,4022,0,4022,144
2020-05-04,San Francisco,075,870044,1978,1760,0,1760,31
2020-05-04,San Joaquin,077,732212,624,574,3,577,26
2020-05-04,San Luis Obispo,079,281455,264,202,1,203,1
2020-05-04,San Mateo,081,765935,1551,1313,2,1315,53
2020-05-04,Santa Barbara,083,443738,1089,524,2,526,7
2020-05-04,Santa Clara,085,1922200,2625,2238,3,2241,119
2020-05-04,Santa Cruz,087,273765,139,133,0,133,2
2020-05-04,Shasta,089,179085,41,31,0,31,4
2020-05-04,Sierra,091,2930,0,0,0,0,0
2020-05-04,Siskiyou,093,43540,5,5,0,5,0
2020-05-04,Solano,095,438530,371,293,0,293,4
2020-05-04,Sonoma,097,501317,312,256,0,256,4
2020-05-04,Stanislaus,099,539301,511,422,4,426,8
2020-05-04,Sutter,101,95872,31,28,0,28,2
2020-05-04,Tehama,103,63373,2,1,0,1,1
2020-05-04,Trinity,105,12862,0,0,0,0,0
2020-05-04,Tulare,107,460477,1285,760,3,763,40
2020-05-04,Tuolumne,109,53932,2,3,0,3,0
2020-05-04,Ventura,111,848112,798,590,0,590,19
2020-05-04,Yolo,113,214977,183,171,0,171,18
2020-05-04,Yuba,115,75493,19,16,0,16,1
2020-05-03,Alameda,001,1643700,2110,1731,1,1732,64
2020-05-03,Alpine,003,1148,1,1,0,1,0
2020-05-03,Amador,005,37829,7,8,0,8,0
2020-05-03,Butte,007,227075,28,17,1,18,0
2020-05-03,Calaveras,009,45235,10,13,0,13,0
2020-05-03,Colusa,011,21464,3,3,0,3,0
2020-05-03,Contra Costa,013,1133247,1061,945,0,945,28
2020-05-03,Del Norte,015,27424,5,3,0,3,0
2020-05-03,El Dorado,017,186661,60,49,0,49,0
2020-05-03,Fresno,019,978130,1264,646,12,658,8
2020-05-03,Glenn,021,27897,7,5,0,5,0
2020-05-03,Humboldt,023,135768,59,54,0,54,0
2020-05-03,Imperial,025,180216,687,351,0,351,6
2020-05-03,Inyo,027,18085,19,20,0,20,1
2020-05-03,Kern,029,883053,1333,1025,1,1026,8
2020-05-03,Kings,031,150075,286,137,1,138,1
2020-05-03,Lake,033,64148,9,7,0,7,0
2020-05-03,Lassen,035,31185,1,0,2,2,0
2020-05-03,Los Angeles,037,10098052,32681,25708,18,25726,1210
2020-05-03,Madera,039,155013,102,46,1,47,2
2020-05-03,Marin,041,260295,249,243,1,244,13
2020-05-03,Mariposa,043,17540,15,13,0,13,0
2020-05-03,Mendocino,045,87422,13,10,0,10,0
2020-05-03,Merced,047,269075,213,134,0,134,3
2020-05-03,Modoc,049,8938,0,0,0,0,0
2020-05-03,Mono,051,14174,32,25,0,25,1
2020-05-03,Monterey,053,433212,286,235,1,236,6
2020-05-03,Napa,055,140530,83,72,0,72,2
2020-05-03,Nevada,057,99092,41,41,1,42,1
2020-05-03,Orange,059,3164182,4418,2859,24,2883,55
2020-05-03,Placer,061,380077,176,161,0,161,8
2020-05-03,Plumas,063,18699,4,4,0,4,0
2020-05-03,Riverside,065,2383286,5120,4034,9,4043,139
2020-05-03,Sacramento,067,1510023,1157,1109,0,1109,43
2020-05-03,San Benito,069,59416,53,49,0,49,2
2020-05-03,San Bernardino,071,2135413,2968,2123,2,2125,99
2020-05-03,San Diego,073,3302833,4970,3929,0,3929,142
2020-05-03,San Francisco,075,870044,1950,1692,0,1692,30
2020-05-03,San Joaquin,077,732212,617,570,3,573,26
2020-05-03,San Luis Obispo,079,281455,261,200,1,201,1
2020-05-03,San Mateo,081,765935,1523,1277,2,1279,53
2020-05-03,Santa Barbara,083,443738,717,512,2,514,7
2020-05-03,Santa Clara,085,1922200,2597,2235,3,2238,116
2020-05-03,Santa Cruz,087,273765,139,133,0,133,2
2020-05-03,Shasta,089,179085,39,31,0,31,4
2020-05-03,Sierra,091,2930,0,0,0,0,0
2020-05-03,Siskiyou,093,43540,5,5,0,5,0
2020-05-03,Solano,095,438530,361,266,0,266,4
2020-05-03,Sonoma,097,501317,303,254,0,254,4
2020-05-03,Stanislaus,099,539301,483,411,4,415,8
2020-05-03,Sutter,101,95872,30,28,0,28,2
2020-05-03,Tehama,103,63373,2,1,0,1,1
2020-05-03,Trinity,105,12862,0,0,0,0,0
2020-05-03,Tulare,107,460477,1207,736,3,739,40
2020-05-03,Tuolumne,109,53932,2,3,0,3,0
2020-05-03,Ventura,111,848112,766,583,0,583,19
2020-05-03,Yolo,113,214977,182,171,0,171,18
2020-05-03,Yuba,115,75493,19,16,0,16,1
2020-05-02,Alameda,001,1643700,2073,1678,1,1679,63
2020-05-02,Alpine,003,1148,1,1,0,1,0
2020-05-02,Amador,005,37829,7,8,0,8,0
2020-05-02,Butte,007,227075,28,17,1,18,0
2020-05-02,Calaveras,009,45235,10,13,0,13,0
2020-05-02,Colusa,011,21464,3,3,0,3,0
2020-05-02,Contra Costa,013,1133247,1044,929,0,929,28
2020-05-02,Del Norte,015,27424,5,3,0,3,0
2020-05-02,El Dorado,017,186661,60,47,0,47,0
2020-05-02,Fresno,019,978130,1240,629,11,640,8
2020-05-02,Glenn,021,27897,7,5,0,5,0
2020-05-02,Humboldt,023,135768,59,54,0,54,0
2020-05-02,Imperial,025,180216,660,345,0,345,6
2020-05-02,Inyo,027,18085,19,20,0,20,1
2020-05-02,Kern,029,883053,1307,1007,1,1008,8
2020-05-02,Kings,031,150075,283,120,1,121,1
2020-05-02,Lake,033,64148,9,7,0,7,0
2020-05-02,Lassen,035,31185,1,0,2,2,0
2020-05-02,Los Angeles,037,10098052,32152,24955,18,24973,1192
2020-05-02,Madera,039,155013,102,46,1,47,2
2020-05-02,Marin,041,260295,248,243,1,244,13
2020-05-02,Mariposa,043,17540,15,13,0,13,0
2020-05-02,Mendocino,045,87422,13,10,0,10,0
2020-05-02,Merced,047,269075,210,131,0,131,3
2020-05-02,Modoc,049,8938,0,0,0,0,0
2020-05-02,Mono,051,14174,32,25,0,25,1
2020-05-02,Monterey,053,433212,280,225,1,226,5
2020-05-02,Napa,055,140530,83,71,0,71,2
2020-05-02,Nevada,057,99092,41,41,1,42,1
2020-05-02,Orange,059,3164182,4303,2774,24,2798,52
2020-05-02,Placer,061,380077,174,150,0,150,8
2020-05-02,Plumas,063,18699,4,4,0,4,0
2020-05-02,Riverside,065,2383286,5054,3997,9,4006,137
2020-05-02,Sacramento,067,1510023,1154,1097,0,1097,43
2020-05-02,San Benito,069,59416,53,49,0,49,2
2020-05-02,San Bernardino,071,2135413,2929,2124,2,2126,99
2020-05-02,San Diego,073,3302833,4868,3844,0,3844,138
2020-05-02,San Francisco,075,870044,1927,1632,0,1632,29
2020-05-02,San Joaquin,077,732212,609,559,3,562,25
2020-05-02,San Luis Obispo,079,281455,255,193,1,194,1
2020-05-02,San Mateo,081,765935,1507,1272,2,1274,52
2020-05-02,Santa Barbara,083,443738,704,506,2,508,7
2020-05-02,Santa Clara,085,1922200,2587,2203,3,2206,115
2020-05-02,Santa Cruz,087,273765,138,131,0,131,2
2020-05-02,Shasta,089,179085,39,31,0,31,4
2020-05-02,Sierra,091,2930,0,0,0,0,0
2020-05-02,Siskiyou,093,43540,5,5,0,5,0
2020-05-02,Solano,095,438530,354,267,0,267,4
2020-05-02,Sonoma,097,501317,300,250,0,250,3
2020-05-02,Stanislaus,099,539301,475,388,4,392,8
2020-05-02,Sutter,101,95872,30,28,0,28,2
2020-05-02,Tehama,103,63373,2,1,0,1,1
2020-05-02,Trinity,105,12862,0,0,0,0,0
2020-05-02,Tulare,107,460477,1166,711,3,714,35
2020-05-02,Tuolumne,109,53932,2,3,0,3,0
2020-05-02,Ventura,111,848112,752,564,0,564,19
2020-05-02,Yolo,113,214977,182,169,0,169,17
2020-05-02,Yuba,115,75493,19,16,0,16,1
2020-05-01,Alameda,001,1643700,2035,1630,1,1631,63
2020-05-01,Alpine,003,1148,1,1,0,1,0
2020-05-01,Amador,005,37829,7,8,0,8,0
2020-05-01,Butte,007,227075,28,17,1,18,0
2020-05-01,Calaveras,009,45235,10,13,0,13,0
2020-05-01,Colusa,011,21464,3,3,0,3,0
2020-05-01,Contra Costa,013,1133247,1030,915,0,915,28
2020-05-01,Del Norte,015,27424,5,3,0,3,0
2020-05-01,El Dorado,017,186661,60,47,0,47,0
2020-05-01,Fresno,019,978130,1209,617,11,628,7
2020-05-01,Glenn,021,27897,7,4,0,4,0
2020-05-01,Humboldt,023,135768,59,54,0,54,0
2020-05-01,Imperial,025,180216,623,337,0,337,6
2020-05-01,Inyo,027,18085,19,20,0,20,1
2020-05-01,Kern,029,883053,1280,972,1,973,8
2020-05-01,Kings,031,150075,266,112,1,113,1
2020-05-01,Lake,033,64148,9,6,0,6,0
2020-05-01,Lassen,035,31185,1,0,2,2,0
2020-05-01,Los Angeles,037,10098052,31397,24306,18,24324,1155
2020-05-01,Madera,039,155013,98,46,1,47,2
2020-05-01,Marin,041,260295,248,242,1,243,13
2020-05-01,Mariposa,043,17540,15,10,0,10,0
2020-05-01,Mendocino,045,87422,13,11,0,11,0
2020-05-01,Merced,047,269075,207,131,0,131,3
2020-05-01,Modoc,049,8938,0,0,0,0,0
2020-05-01,Mono,051,14174,32,25,0,25,1
2020-05-01,Monterey,053,433212,276,222,1,223,5
2020-05-01,Napa,055,140530,83,69,0,69,2
2020-05-01,Nevada,057,99092,41,41,1,42,1
2020-05-01,Orange,059,3164182,4224,2660,23,2683,51
2020-05-01,Placer,061,380077,173,149,0,149,8
2020-05-01,Plumas,063,18699,4,4,0,4,0
2020-05-01,Riverside,065,2383286,4990,3893,9,3902,132
2020-05-01,Sacramento,067,1510023,1149,1081,0,1081,43
2020-05-01,San Benito,069,59416,53,49,0,49,2
2020-05-01,San Bernardino,071,2135413,2874,2084,2,2086,98
2020-05-01,San Diego,073,3302833,4777,3713,0,3713,134
2020-05-01,San Francisco,075,870044,1883,1552,0,1552,29
2020-05-01,San Joaquin,077,732212,605,554,3,557,25
2020-05-01,San Luis Obispo,079,281455,252,186,1,187,1
2020-05-01,San Mateo,081,765935,1485,1222,2,1224,52
2020-05-01,Santa Barbara,083,443738,694,499,2,501,7
2020-05-01,Santa Clara,085,1922200,2575,2176,3,2179,112
2020-05-01,Santa Cruz,087,273765,138,127,0,127,2
2020-05-01,Shasta,089,179085,39,31,0,31,4
2020-05-01,Sierra,091,2930,0,0,0,0,0
2020-05-01,Siskiyou,093,43540,5,5,0,5,0
2020-05-01,Solano,095,438530,346,266,0,266,4
2020-05-01,Sonoma,097,501317,297,242,0,242,3
2020-05-01,Stanislaus,099,539301,470,384,4,388,8
2020-05-01,Sutter,101,95872,30,28,0,28,2
2020-05-01,Tehama,103,63373,2,1,0,1,1
2020-05-01,Trinity,105,12862,0,0,0,0,0
2020-05-01,Tulare,107,460477,1122,685,3,688,32
2020-05-01,Tuolumne,109,53932,2,3,0,3,0
2020-05-01,Ventura,111,848112,739,556,0,556,18
2020-05-01,Yolo,113,214977,182,165,0,165,18
2020-05-01,Yuba,115,75493,19,16,0,16,1
2020-04-30,Alameda,001,1643700,1975,1599,1,1600,60
2020-04-30,Alpine,003,1148,1,1,0,1,0
2020-04-30,Amador,005,37829,7,8,0,8,0
2020-04-30,Butte,007,227075,28,16,1,17,0
2020-04-30,Calaveras,009,45235,10,13,0,13,0
2020-04-30,Colusa,011,21464,3,3,0,3,0
2020-04-30,Contra Costa,013,1133247,1008,900,0,900,25
2020-04-30,Del Norte,015,27424,4,3,0,3,0
2020-04-30,El Dorado,017,186661,60,44,0,44,0
2020-04-30,Fresno,019,978130,1145,562,8,570,7
2020-04-30,Glenn,021,27897,7,4,0,4,0
2020-04-30,Humboldt,023,135768,59,54,0,54,0
2020-04-30,Imperial,025,180216,577,322,0,322,6
2020-04-30,Inyo,027,18085,19,20,0,20,1
2020-04-30,Kern,029,883053,1248,941,1,942,8
2020-04-30,Kings,031,150075,254,87,1,88,1
2020-04-30,Lake,033,64148,9,6,0,6,0
2020-04-30,Lassen,035,31185,1,0,2,2,0
2020-04-30,Los Angeles,037,10098052,30390,23284,18,23302,1099
2020-04-30,Madera,039,155013,87,46,1,47,2
2020-04-30,Marin,041,260295,248,240,1,241,13
2020-04-30,Mariposa,043,17540,15,3,0,3,0
2020-04-30,Mendocino,045,87422,13,11,0,11,0
2020-04-30,Merced,047,269075,200,122,0,122,3
2020-04-30,Modoc,049,8938,0,0,0,0,0
2020-04-30,Mono,051,14174,31,25,0,25,1
2020-04-30,Monterey,053,433212,266,213,1,214,5
2020-04-30,Napa,055,140530,81,69,0,69,2
2020-04-30,Nevada,057,99092,41,41,1,42,1
2020-04-30,Orange,059,3164182,4002,2591,20,2611,46
2020-04-30,Placer,061,380077,172,148,0,148,8
2020-04-30,Plumas,063,18699,4,4,0,4,0
2020-04-30,Riverside,065,2383286,4890,3820,8,3828,124
2020-04-30,Sacramento,067,1510023,1143,1071,0,1071,43
2020-04-30,San Benito,069,59416,53,48,0,48,2
2020-04-30,San Bernardino,071,2135413,2673,2020,2,2022,96
2020-04-30,San Diego,073,3302833,4606,3566,0,3566,124
2020-04-30,San Francisco,075,870044,1849,1518,0,1518,26
2020-04-30,San Joaquin,077,732212,598,548,3,551,25
2020-04-30,San Luis Obispo,079,281455,249,182,1,183,1
2020-04-30,San Mateo,081,765935,1455,1194,2,1196,52
2020-04-30,Santa Barbara,083,443738,670,490,2,492,7
2020-04-30,Santa Clara,085,1922200,2538,2172,3,2175,111
2020-04-30,Santa Cruz,087,273765,137,126,0,126,2
2020-04-30,Shasta,089,179085,38,31,0,31,4
2020-04-30,Sierra,091,2930,0,0,0,0,0
2020-04-30,Siskiyou,093,43540,5,5,0,5,0
2020-04-30,Solano,095,438530,336,262,0,262,4
2020-04-30,Sonoma,097,501317,288,233,0,233,3
2020-04-30,Stanislaus,099,539301,463,378,4,382,7
2020-04-30,Sutter,101,95872,30,28,0,28,2
2020-04-30,Tehama,103,63373,1,1,0,1,1
2020-04-30,Trinity,105,12862,0,0,0,0,0
2020-04-30,Tulare,107,460477,1059,637,3,640,31
2020-04-30,Tuolumne,109,53932,2,3,0,3,0
2020-04-30,Ventura,111,848112,711,547,0,547,18
2020-04-30,Yolo,113,214977,181,164,0,164,16
2020-04-30,Yuba,115,75493,19,15,0,15,1
2020-04-29,Alameda,001,1643700,1917,1564,1,1565,60
2020-04-29,Alpine,003,1148,1,1,0,1,0
2020-04-29,Amador,005,37829,7,8,0,8,0
2020-04-29,Butte,007,227075,28,16,1,17,0
2020-04-29,Calaveras,009,45235,10,13,0,13,0
2020-04-29,Colusa,011,21464,3,3,0,3,0
2020-04-29,Contra Costa,013,1133247,989,885,0,885,25
2020-04-29,Del Norte,015,27424,4,3,0,3,0
2020-04-29,El Dorado,017,186661,58,44,0,44,0
2020-04-29,Fresno,019,978130,1093,544,8,552,7
2020-04-29,Glenn,021,27897,7,4,0,4,0
2020-04-29,Humboldt,023,135768,59,53,0,53,0
2020-04-29,Imperial,025,180216,548,300,0,300,6
2020-04-29,Inyo,027,18085,19,20,0,20,1
2020-04-29,Kern,029,883053,1205,910,1,911,6
2020-04-29,Kings,031,150075,235,80,1,81,1
2020-04-29,Lake,033,64148,9,6,0,6,0
2020-04-29,Lassen,035,31185,1,0,2,2,0
2020-04-29,Los Angeles,037,10098052,29412,22560,18,22578,1043
2020-04-29,Madera,039,155013,85,45,1,46,2
2020-04-29,Marin,041,260295,245,234,1,235,13
2020-04-29,Mariposa,043,17540,15,1,0,1,0
2020-04-29,Mendocino,045,87422,13,11,0,11,0
2020-04-29,Merced,047,269075,193,116,0,116,3
2020-04-29,Modoc,049,8938,0,0,0,0,0
2020-04-29,Mono,051,14174,31,25,0,25,1
2020-04-29,Monterey,053,433212,258,204,1,205,5
2020-04-29,Napa,055,140530,79,68,0,68,2
2020-04-29,Nevada,057,99092,41,41,1,42,1
2020-04-29,Orange,059,3164182,3867,2421,19,2440,43
2020-04-29,Placer,061,380077,170,145,0,145,8
2020-04-29,Plumas,063,18699,4,4,0,4,0
2020-04-29,Riverside,065,2383286,4814,3700,8,3708,116
2020-04-29,Sacramento,067,1510023,1121,1055,0,1055,41
2020-04-29,San Benito,069,59416,53,48,0,48,2
2020-04-29,San Bernardino,071,2135413,2586,1975,1,1976,91
2020-04-29,San Diego,073,3302833,4464,3434,0,3434,120
2020-04-29,San Francisco,075,870044,1821,1489,0,1489,23
2020-04-29,San Joaquin,077,732212,590,540,3,543,25
2020-04-29,San Luis Obispo,079,281455,247,181,1,182,1
2020-04-29,San Mateo,081,765935,1429,1170,2,1172,50
2020-04-29,Santa Barbara,083,443738,656,477,2,479,7
2020-04-29,Santa Clara,085,1922200,2516,2147,3,2150,108
2020-04-29,Santa Cruz,087,273765,136,124,0,124,2
2020-04-29,Shasta,089,179085,37,31,0,31,4
2020-04-29,Sierra,091,2930,0,0,0,0,0
2020-04-29,Siskiyou,093,43540,5,5,0,5,0
2020-04-29,Solano,095,438530,313,252,0,252,3
2020-04-29,Sonoma,097,501317,280,230,0,230,2
2020-04-29,Stanislaus,099,539301,450,374,4,378,5
2020-04-29,Sutter,101,95872,30,28,0,28,2
2020-04-29,Tehama,103,63373,1,1,0,1,1
2020-04-29,Trinity,105,12862,0,0,0,0,0
2020-04-29,Tulare,107,460477,989,615,3,618,30
2020-04-29,Tuolumne,109,53932,2,4,0,4,0
2020-04-29,Ventura,111,848112,688,530,0,530,18
2020-04-29,Yolo,113,214977,178,161,0,161,11
2020-04-29,Yuba,115,75493,19,15,0,15,1
2020-04-28,Alameda,001,1643700,1860,1525,1,1526,55
2020-04-28,Alpine,003,1148,1,1,0,1,0
2020-04-28,Amador,005,37829,7,8,0,8,0
2020-04-28,Butte,007,227075,28,16,1,17,0
2020-04-28,Calaveras,009,45235,10,13,0,13,0
2020-04-28,Colusa,011,21464,3,3,0,3,0
2020-04-28,Contra Costa,013,1133247,982,866,0,866,25
2020-04-28,Del Norte,015,27424,4,3,0,3,0
2020-04-28,El Dorado,017,186661,57,43,0,43,0
2020-04-28,Fresno,019,978130,1042,525,7,532,7
2020-04-28,Glenn,021,27897,5,4,0,4,0
2020-04-28,Humboldt,023,135768,58,53,0,53,0
2020-04-28,Imperial,025,180216,514,295,0,295,6
2020-04-28,Inyo,027,18085,19,20,0,20,1
2020-04-28,Kern,029,883053,1162,882,1,883,5
2020-04-28,Kings,031,150075,222,57,1,58,1
2020-04-28,Lake,033,64148,9,6,0,6,0
2020-04-28,Lassen,035,31185,1,0,2,2,0
2020-04-28,Los Angeles,037,10098052,28346,21029,18,21047,984
2020-04-28,Madera,039,155013,85,44,1,45,2
2020-04-28,Marin,041,260295,244,228,1,229,12
2020-04-28,Mariposa,043,17540,15,0,0,0,0
2020-04-28,Mendocino,045,87422,13,10,0,10,0
2020-04-28,Merced,047,269075,186,108,0,108,3
2020-04-28,Modoc,049,8938,0,0,0,0,0
2020-04-28,Mono,051,14174,31,25,0,25,1
2020-04-28,Monterey,053,433212,252,191,1,192,5
2020-04-28,Napa,055,140530,78,67,0,67,2
2020-04-28,Nevada,057,99092,41,41,1,42,1
2020-04-28,Orange,059,3164182,3699,2324,18,2342,42
2020-04-28,Placer,061,380077,160,143,0,143,8
2020-04-28,Plumas,063,18699,4,4,0,4,0
2020-04-28,Riverside,065,2383286,4719,3504,8,3512,113
2020-04-28,Sacramento,067,1510023,1106,1044,0,1044,41
2020-04-28,San Benito,069,59416,52,46,0,46,2
2020-04-28,San Bernardino,071,2135413,2509,1891,1,1892,89
2020-04-28,San Diego,073,3302833,4334,3316,0,3316,118
2020-04-28,San Francisco,075,870044,1786,1471,0,1471,23
2020-04-28,San Joaquin,077,732212,584,532,3,535,25
2020-04-28,San Luis Obispo,079,281455,240,172,1,173,1
2020-04-28,San Mateo,081,765935,1416,1129,2,1131,48
2020-04-28,Santa Barbara,083,443738,649,469,2,471,7
2020-04-28,Santa Clara,085,1922200,2484,2130,3,2133,106
2020-04-28,Santa Cruz,087,273765,136,123,0,123,2
2020-04-28,Shasta,089,179085,37,29,0,29,4
2020-04-28,Sierra,091,2930,0,0,0,0,0
2020-04-28,Siskiyou,093,43540,5,5,0,5,0
2020-04-28,Solano,095,438530,294,246,0,246,3
2020-04-28,Sonoma,097,501317,277,226,0,226,1
2020-04-28,Stanislaus,099,539301,434,330,4,334,5
2020-04-28,Sutter,101,95872,30,25,0,25,2
2020-04-28,Tehama,103,63373,1,1,0,1,1
2020-04-28,Trinity,105,12862,0,0,0,0,0
2020-04-28,Tulare,107,460477,895,579,3,582,30
2020-04-28,Tuolumne,109,53932,2,4,0,4,0
2020-04-28,Ventura,111,848112,668,517,0,517,17
2020-04-28,Yolo,113,214977,178,160,0,160,10
2020-04-28,Yuba,115,75493,19,15,0,15,1
2020-04-27,Alameda,001,1643700,1800,1494,1,1495,53
2020-04-27,Alpine,003,1148,1,1,0,1,0
2020-04-27,Amador,005,37829,7,8,0,8,0
2020-04-27,Butte,007,227075,27,16,1,17,0
2020-04-27,Calaveras,009,45235,10,13,0,13,0
2020-04-27,Colusa,011,21464,3,3,0,3,0
2020-04-27,Contra Costa,013,1133247,970,843,0,843,25
2020-04-27,Del Norte,015,27424,4,3,0,3,0
2020-04-27,El Dorado,017,186661,56,43,0,43,0
2020-04-27,Fresno,019,978130,939,504,6,510,7
2020-04-27,Glenn,021,27897,5,4,0,4,0
2020-04-27,Humboldt,023,135768,58,52,0,52,0
2020-04-27,Imperial,025,180216,484,290,0,290,6
2020-04-27,Inyo,027,18085,19,20,0,20,1
2020-04-27,Kern,029,883053,1124,865,1,866,4
2020-04-27,Kings,031,150075,199,48,1,49,1
2020-04-27,Lake,033,64148,8,6,0,6,0
2020-04-27,Lassen,035,31185,1,0,2,2,0
2020-04-27,Los Angeles,037,10098052,27329,20456,18,20474,931
2020-04-27,Madera,039,155013,83,42,1,43,2
2020-04-27,Marin,041,260295,239,227,1,228,12
2020-04-27,Mariposa,043,17540,14,0,0,0,0
2020-04-27,Mendocino,045,87422,13,10,0,10,0
2020-04-27,Merced,047,269075,183,108,0,108,3
2020-04-27,Modoc,049,8938,0,0,0,0,0
2020-04-27,Mono,051,14174,31,23,0,23,1
2020-04-27,Monterey,053,433212,245,185,1,186,4
2020-04-27,Napa,055,140530,75,64,0,64,2
2020-04-27,Nevada,057,99092,41,39,1,40,1
2020-04-27,Orange,059,3164182,3528,2198,18,2216,42
2020-04-27,Placer,061,380077,160,142,0,142,8
2020-04-27,Plumas,063,18699,4,4,0,4,0
2020-04-27,Riverside,065,2383286,4596,3381,8,3389,100
2020-04-27,Sacramento,067,1510023,1091,1035,0,1035,41
2020-04-27,San Benito,069,59416,50,45,0,45,2
2020-04-27,San Bernardino,071,2135413,2395,1742,1,1743,82
2020-04-27,San Diego,073,3302833,4208,3143,0,3143,113
2020-04-27,San Francisco,075,870044,1732,1453,0,1453,23
2020-04-27,San Joaquin,077,732212,578,522,3,525,25
2020-04-27,San Luis Obispo,079,281455,232,166,1,167,1
2020-04-27,San Mateo,081,765935,1394,1092,2,1094,46
2020-04-27,Santa Barbara,083,443738,634,466,2,468,7
2020-04-27,Santa Clara,085,1922200,2463,2104,2,2106,105
2020-04-27,Santa Cruz,087,273765,136,123,0,123,2
2020-04-27,Shasta,089,179085,37,29,0,29,4
2020-04-27,Sierra,091,2930,0,0,0,0,0
2020-04-27,Siskiyou,093,43540,5,5,0,5,0
2020-04-27,Solano,095,438530,294,222,0,222,3
2020-04-27,Sonoma,097,501317,268,220,0,220,1
2020-04-27,Stanislaus,099,539301,418,316,4,320,5
2020-04-27,Sutter,101,95872,29,26,0,26,2
2020-04-27,Tehama,103,63373,1,1,0,1,1
2020-04-27,Trinity,105,12862,0,0,0,0,0
2020-04-27,Tulare,107,460477,824,535,3,538,28
2020-04-27,Tuolumne,109,53932,2,3,0,3,0
2020-04-27,Ventura,111,848112,651,513,0,513,17
2020-04-27,Yolo,113,214977,175,160,0,160,9
2020-04-27,Yuba,115,75493,19,15,0,15,1
2020-04-26,Alameda,001,1643700,1739,1449,1,1450,52
2020-04-26,Alpine,003,1148,1,1,0,1,0
2020-04-26,Amador,005,37829,7,8,0,8,0
2020-04-26,Butte,007,227075,27,16,1,17,0
2020-04-26,Calaveras,009,45235,10,13,0,13,0
2020-04-26,Colusa,011,21464,3,3,0,3,0
2020-04-26,Contra Costa,013,1133247,954,830,0,830,25
2020-04-26,Del Norte,015,27424,3,3,0,3,0
2020-04-26,El Dorado,017,186661,54,41,0,41,0
2020-04-26,Fresno,019,978130,847,476,6,482,7
2020-04-26,Glenn,021,27897,5,4,0,4,0
2020-04-26,Humboldt,023,135768,58,53,0,53,0
2020-04-26,Imperial,025,180216,450,272,0,272,6
2020-04-26,Inyo,027,18085,19,20,0,20,1
2020-04-26,Kern,029,883053,1074,831,1,832,4
2020-04-26,Kings,031,150075,174,33,1,34,1
2020-04-26,Lake,033,64148,8,6,0,6,0
2020-04-26,Lassen,035,31185,1,0,2,2,0
2020-04-26,Los Angeles,037,10098052,26180,19570,18,19588,901
2020-04-26,Madera,039,155013,81,39,1,40,2
2020-04-26,Marin,041,260295,233,225,1,226,12
2020-04-26,Mariposa,043,17540,14,0,0,0,0
2020-04-26,Mendocino,045,87422,13,5,0,5,0
2020-04-26,Merced,047,269075,166,104,0,104,3
2020-04-26,Modoc,049,8938,0,0,0,0,0
2020-04-26,Mono,051,14174,31,23,0,23,1
2020-04-26,Monterey,053,433212,238,182,1,183,4
2020-04-26,Napa,055,140530,74,62,0,62,2
2020-04-26,Nevada,057,99092,41,37,1,38,1
2020-04-26,Orange,059,3164182,3361,2124,18,2142,40
2020-04-26,Placer,061,380077,160,141,0,141,8
2020-04-26,Plumas,063,18699,4,4,0,4,0
2020-04-26,Riverside,065,2383286,4454,3301,8,3309,95
2020-04-26,Sacramento,067,1510023,1082,1027,0,1027,41
2020-04-26,San Benito,069,59416,50,45,0,45,2
2020-04-26,San Bernardino,071,2135413,2298,1681,1,1682,82
2020-04-26,San Diego,073,3302833,4066,3045,0,3045,111
2020-04-26,San Francisco,075,870044,1693,1403,0,1403,23
2020-04-26,San Joaquin,077,732212,570,514,3,517,25
2020-04-26,San Luis Obispo,079,281455,229,165,1,166,1
2020-04-26,San Mateo,081,765935,1368,1070,2,1072,46
2020-04-26,Santa Barbara,083,443738,621,464,2,466,7
2020-04-26,Santa Clara,085,1922200,2444,2097,1,2098,102
2020-04-26,Santa Cruz,087,273765,136,116,0,116,2
2020-04-26,Shasta,089,179085,34,29,0,29,4
2020-04-26,Sierra,091,2930,0,0,0,0,0
2020-04-26,Siskiyou,093,43540,5,5,0,5,0
2020-04-26,Solano,095,438530,285,205,0,205,3
2020-04-26,Sonoma,097,501317,257,216,0,216,1
2020-04-26,Stanislaus,099,539301,403,294,4,298,4
2020-04-26,Sutter,101,95872,29,26,0,26,2
2020-04-26,Tehama,103,63373,1,1,0,1,1
2020-04-26,Trinity,105,12862,0,0,0,0,0
2020-04-26,Tulare,107,460477,766,497,3,500,28
2020-04-26,Tuolumne,109,53932,2,3,0,3,0
2020-04-26,Ventura,111,848112,635,509,0,509,17
2020-04-26,Yolo,113,214977,174,158,0,158,8
2020-04-26,Yuba,115,75493,18,15,0,15,1
2020-04-25,Alameda,001,1643700,1714,1396,1,1397,52
2020-04-25,Alpine,003,1148,1,1,0,1,0
2020-04-25,Amador,005,37829,7,8,0,8,0
2020-04-25,Butte,007,227075,26,16,1,17,0
2020-04-25,Calaveras,009,45235,10,12,0,12,0
2020-04-25,Colusa,011,21464,3,3,0,3,0
2020-04-25,Contra Costa,013,1133247,940,821,0,821,24
2020-04-25,Del Norte,015,27424,2,2,0,2,0
2020-04-25,El Dorado,017,186661,53,41,0,41,0
2020-04-25,Fresno,019,978130,817,459,5,464,7
2020-04-25,Glenn,021,27897,5,4,0,4,0
2020-04-25,Humboldt,023,135768,58,53,0,53,0
2020-04-25,Imperial,025,180216,433,232,0,232,6
2020-04-25,Inyo,027,18085,19,20,0,20,1
2020-04-25,Kern,029,883053,1043,802,1,803,4
2020-04-25,Kings,031,150075,162,33,1,34,1
2020-04-25,Lake,033,64148,6,6,0,6,0
2020-04-25,Lassen,035,31185,1,0,2,2,0
2020-04-25,Los Angeles,037,10098052,25546,19144,18,19162,881
2020-04-25,Madera,039,155013,78,39,1,40,2
2020-04-25,Marin,041,260295,233,215,1,216,12
2020-04-25,Mariposa,043,17540,14,0,0,0,0
2020-04-25,Mendocino,045,87422,12,5,0,5,0
2020-04-25,Merced,047,269075,166,103,0,103,3
2020-04-25,Modoc,049,8938,0,0,0,0,0
2020-04-25,Mono,051,14174,31,23,0,23,1
2020-04-25,Monterey,053,433212,236,173,1,174,4
2020-04-25,Napa,055,140530,74,60,0,60,2
2020-04-25,Nevada,057,99092,41,37,1,38,1
2020-04-25,Orange,059,3164182,3254,2047,18,2065,40
2020-04-25,Placer,061,380077,160,137,0,137,8
2020-04-25,Plumas,063,18699,4,4,0,4,0
2020-04-25,Riverside,065,2383286,4365,3037,8,3045,93
2020-04-25,Sacramento,067,1510023,1080,1015,0,1015,41
2020-04-25,San Benito,069,59416,50,45,0,45,2
2020-04-25,San Bernardino,071,2135413,2253,1675,1,1676,82
2020-04-25,San Diego,073,3302833,3966,2945,0,2945,111
2020-04-25,San Francisco,075,870044,1668,1341,0,1341,22
2020-04-25,San Joaquin,077,732212,563,497,3,500,24
2020-04-25,San Luis Obispo,079,281455,228,159,1,160,1
2020-04-25,San Mateo,081,765935,1349,1054,2,1056,46
2020-04-25,Santa Barbara,083,443738,613,457,2,459,7
2020-04-25,Santa Clara,085,1922200,2426,2045,1,2046,99
2020-04-25,Santa Cruz,087,273765,136,112,0,112,2
2020-04-25,Shasta,089,179085,34,29,0,29,4
2020-04-25,Sierra,091,2930,0,0,0,0,0
2020-04-25,Siskiyou,093,43540,5,5,0,5,0
2020-04-25,Solano,095,438530,281,203,0,203,3
2020-04-25,Sonoma,097,501317,253,199,0,199,1
2020-04-25,Stanislaus,099,539301,395,276,4,280,4
2020-04-25,Sutter,101,95872,29,24,0,24,2
2020-04-25,Tehama,103,63373,1,1,0,1,1
2020-04-25,Trinity,105,12862,0,0,0,0,0
2020-04-25,Tulare,107,460477,733,478,3,481,28
2020-04-25,Tuolumne,109,53932,2,2,0,2,0
2020-04-25,Ventura,111,848112,621,494,0,494,16
2020-04-25,Yolo,113,214977,174,157,0,157,8
2020-04-25,Yuba,115,75493,17,15,0,15,1
2020-04-24,Alameda,001,1643700,1683,1385,1,1386,50
2020-04-24,Alpine,003,1148,1,1,0,1,0
2020-04-24,Amador,005,37829,7,8,0,8,0
2020-04-24,Butte,007,227075,25,15,1,16,0
2020-04-24,Calaveras,009,45235,10,12,0,12,0
2020-04-24,Colusa,011,21464,3,3,0,3,0
2020-04-24,Contra Costa,013,1133247,931,806,0,806,23
2020-04-24,Del Norte,015,27424,2,2,0,2,0
2020-04-24,El Dorado,017,186661,52,41,0,41,0
2020-04-24,Fresno,019,978130,796,449,5,454,7
2020-04-24,Glenn,021,27897,5,4,0,4,0
2020-04-24,Humboldt,023,135768,58,53,0,53,0
2020-04-24,Imperial,025,180216,417,232,0,232,6
2020-04-24,Inyo,027,18085,19,20,0,20,0
2020-04-24,Kern,029,883053,1019,770,1,771,4
2020-04-24,Kings,031,150075,133,30,1,31,1
2020-04-24,Lake,033,64148,6,6,0,6,0
2020-04-24,Lassen,035,31185,1,0,2,2,0
2020-04-24,Los Angeles,037,10098052,24614,18553,18,18571,836
2020-04-24,Madera,039,155013,78,39,1,40,2
2020-04-24,Marin,041,260295,233,211,1,212,11
2020-04-24,Mariposa,043,17540,8,0,0,0,0
2020-04-24,Mendocino,045,87422,12,5,0,5,0
2020-04-24,Merced,047,269075,163,102,0,102,3
2020-04-24,Modoc,049,8938,0,0,0,0,0
2020-04-24,Mono,051,14174,30,23,0,23,1
2020-04-24,Monterey,053,433212,229,167,1,168,4
2020-04-24,Napa,055,140530,73,59,0,59,2
2020-04-24,Nevada,057,99092,41,36,1,37,1
2020-04-24,Orange,059,3164182,3143,1945,18,1963,39
2020-04-24,Placer,061,380077,158,137,0,137,8
2020-04-24,Plumas,063,18699,4,4,0,4,0
2020-04-24,Riverside,065,2383286,4284,3044,8,3052,87
2020-04-24,Sacramento,067,1510023,1074,1009,0,1009,41
2020-04-24,San Benito,069,59416,50,45,0,45,2
2020-04-24,San Bernardino,071,2135413,2218,1667,1,1668,80
2020-04-24,San Diego,073,3302833,3855,2828,0,2828,102
2020-04-24,San Francisco,075,870044,1610,1345,0,1345,22
2020-04-24,San Joaquin,077,732212,556,484,3,487,24
2020-04-24,San Luis Obispo,079,281455,225,151,1,152,1
2020-04-24,San Mateo,081,765935,1326,1004,2,1006,43
2020-04-24,Santa Barbara,083,443738,606,450,2,452,6
2020-04-24,Santa Clara,085,1922200,2394,2026,1,2027,98
2020-04-24,Santa Cruz,087,273765,132,111,0,111,2
2020-04-24,Shasta,089,179085,34,28,0,28,4
2020-04-24,Sierra,091,2930,0,0,0,0,0
2020-04-24,Siskiyou,093,43540,5,5,0,5,0
2020-04-24,Solano,095,438530,279,203,0,203,3
2020-04-24,Sonoma,097,501317,249,199,0,199,1
2020-04-24,Stanislaus,099,539301,392,273,4,277,4
2020-04-24,Sutter,101,95872,28,24,0,24,2
2020-04-24,Tehama,103,63373,1,1,0,1,1
2020-04-24,Trinity,105,12862,0,0,0,0,0
2020-04-24,Tulare,107,460477,705,459,3,462,27
2020-04-24,Tuolumne,109,53932,2,2,0,2,0
2020-04-24,Ventura,111,848112,612,489,0,489,16
2020-04-24,Yolo,113,214977,173,155,0,155,8
2020-04-24,Yuba,115,75493,16,15,0,15,1
2020-04-23,Alameda,001,1643700,1645,1336,1,1337,46
2020-04-23,Alpine,003,1148,1,1,0,1,0
2020-04-23,Amador,005,37829,7,8,0,8,0
2020-04-23,Butte,007,227075,25,15,1,16,0
2020-04-23,Calaveras,009,45235,10,12,0,12,0
2020-04-23,Colusa,011,21464,3,3,0,3,0
2020-04-23,Contra Costa,013,1133247,910,786,0,786,23
2020-04-23,Del Norte,015,27424,2,2,0,2,0
2020-04-23,El Dorado,017,186661,51,39,0,39,0
2020-04-23,Fresno,019,978130,758,426,5,431,7
2020-04-23,Glenn,021,27897,5,3,0,3,0
2020-04-23,Humboldt,023,135768,58,53,0,53,0
2020-04-23,Imperial,025,180216,397,181,0,181,4
2020-04-23,Inyo,027,18085,19,19,0,19,0
2020-04-23,Kern,029,883053,971,732,1,733,4
2020-04-23,Kings,031,150075,118,28,1,29,1
2020-04-23,Lake,033,64148,6,6,0,6,0
2020-04-23,Lassen,035,31185,1,0,2,2,0
2020-04-23,Los Angeles,037,10098052,23554,17548,17,17565,784
2020-04-23,Madera,039,155013,76,37,1,38,2
2020-04-23,Marin,041,260295,220,209,1,210,11
2020-04-23,Mariposa,043,17540,7,0,0,0,0
2020-04-23,Mendocino,045,87422,10,5,0,5,0
2020-04-23,Merced,047,269075,159,98,0,98,3
2020-04-23,Modoc,049,8938,0,0,0,0,0
2020-04-23,Mono,051,14174,30,23,0,23,1
2020-04-23,Monterey,053,433212,225,161,1,162,4
2020-04-23,Napa,055,140530,66,59,0,59,2
2020-04-23,Nevada,057,99092,41,36,1,37,1
2020-04-23,Orange,059,3164182,2965,1841,17,1858,37
2020-04-23,Placer,061,380077,155,136,0,136,8
2020-04-23,Plumas,063,18699,4,4,0,4,0
2020-04-23,Riverside,065,2383286,4170,2935,7,2942,78
2020-04-23,Sacramento,067,1510023,1062,978,0,978,41
2020-04-23,San Benito,069,59416,47,43,0,43,2
2020-04-23,San Bernardino,071,2135413,2153,1604,1,1605,79
2020-04-23,San Diego,073,3302833,3694,2645,0,2645,100
2020-04-23,San Francisco,075,870044,1585,1312,0,1312,21
2020-04-23,San Joaquin,077,732212,546,479,3,482,20
2020-04-23,San Luis Obispo,079,281455,221,146,1,147,1
2020-04-23,San Mateo,081,765935,1286,970,2,972,42
2020-04-23,Santa Barbara,083,443738,596,445,2,447,6
2020-04-23,Santa Clara,085,1922200,2363,1996,1,1997,95
2020-04-23,Santa Cruz,087,273765,131,110,0,110,2
2020-04-23,Shasta,089,179085,34,27,0,27,3
2020-04-23,Sierra,091,2930,0,0,0,0,0
2020-04-23,Siskiyou,093,43540,5,5,0,5,0
2020-04-23,Solano,095,438530,265,196,0,196,3
2020-04-23,Sonoma,097,501317,237,187,0,187,1
2020-04-23,Stanislaus,099,539301,388,254,4,258,4
2020-04-23,Sutter,101,95872,28,24,0,24,2
2020-04-23,Tehama,103,63373,1,1,0,1,1
2020-04-23,Trinity,105,12862,0,0,0,0,0
2020-04-23,Tulare,107,460477,676,440,3,443,25
2020-04-23,Tuolumne,109,53932,2,2,0,2,0
2020-04-23,Ventura,111,848112,598,479,0,479,16
2020-04-23,Yolo,113,214977,170,151,0,151,8
2020-04-23,Yuba,115,75493,16,15,0,15,1
2020-04-22,Alameda,001,1643700,1596,1275,1,1276,46
2020-04-22,Alpine,003,1148,1,1,0,1,0
2020-04-22,Amador,005,37829,7,7,0,7,0
2020-04-22,Butte,007,227075,24,15,1,16,0
2020-04-22,Calaveras,009,45235,10,12,0,12,0
2020-04-22,Colusa,011,21464,3,3,0,3,0
2020-04-22,Contra Costa,013,1133247,895,772,0,772,22
2020-04-22,Del Norte,015,27424,2,2,0,2,0
2020-04-22,El Dorado,017,186661,51,39,0,39,0
2020-04-22,Fresno,019,978130,720,388,5,393,7
2020-04-22,Glenn,021,27897,5,3,0,3,0
2020-04-22,Humboldt,023,135768,58,53,0,53,0
2020-04-22,Imperial,025,180216,386,170,0,170,3
2020-04-22,Inyo,027,18085,19,18,0,18,0
2020-04-22,Kern,029,883053,949,713,1,714,4
2020-04-22,Kings,031,150075,97,28,1,29,1
2020-04-22,Lake,033,64148,6,6,0,6,0
2020-04-22,Lassen,035,31185,1,0,2,2,0
2020-04-22,Los Angeles,037,10098052,22528,16400,17,16417,715
2020-04-22,Madera,039,155013,74,37,1,38,2
2020-04-22,Marin,041,260295,218,202,1,203,11
2020-04-22,Mariposa,043,17540,6,0,0,0,0
2020-04-22,Mendocino,045,87422,7,5,0,5,0
2020-04-22,Merced,047,269075,147,92,0,92,3
2020-04-22,Modoc,049,8938,0,0,0,0,0
2020-04-22,Mono,051,14174,29,23,0,23,1
2020-04-22,Monterey,053,433212,218,154,1,155,4
2020-04-22,Napa,055,140530,65,58,0,58,2
2020-04-22,Nevada,057,99092,41,36,1,37,1
2020-04-22,Orange,059,3164182,2870,1785,17,1802,36
2020-04-22,Placer,061,380077,153,133,0,133,8
2020-04-22,Plumas,063,18699,4,4,0,4,0
2020-04-22,Riverside,065,2383286,4067,2822,7,2829,76
2020-04-22,Sacramento,067,1510023,1057,959,0,959,36
2020-04-22,San Benito,069,59416,46,43,0,43,2
2020-04-22,San Bernardino,071,2135413,2090,1564,1,1565,74
2020-04-22,San Diego,073,3302833,3566,2493,0,2493,96
2020-04-22,San Francisco,075,870044,1548,1255,0,1255,21
2020-04-22,San Joaquin,077,732212,535,462,3,465,20
2020-04-22,San Luis Obispo,079,281455,212,142,1,143,1
2020-04-22,San Mateo,081,765935,1263,945,2,947,40
2020-04-22,Santa Barbara,083,443738,588,437,2,439,6
2020-04-22,Santa Clara,085,1922200,2350,1969,1,1970,95
2020-04-22,Santa Cruz,087,273765,127,106,0,106,2
2020-04-22,Shasta,089,179085,33,26,0,26,3
2020-04-22,Sierra,091,2930,0,0,0,0,0
2020-04-22,Siskiyou,093,43540,5,5,0,5,0
2020-04-22,Solano,095,438530,246,195,0,195,3
2020-04-22,Sonoma,097,501317,234,185,0,185,1
2020-04-22,Stanislaus,099,539301,331,247,4,251,4
2020-04-22,Sutter,101,95872,28,22,0,22,2
2020-04-22,Tehama,103,63373,1,1,0,1,1
2020-04-22,Trinity,105,12862,0,0,0,0,0
2020-04-22,Tulare,107,460477,643,425,3,428,23
2020-04-22,Tuolumne,109,53932,2,2,0,2,0
2020-04-22,Ventura,111,848112,588,465,0,465,15
2020-04-22,Yolo,113,214977,170,147,0,147,8
2020-04-22,Yuba,115,75493,16,15,0,15,1
2020-04-21,Alameda,001,1643700,1566,1234,1,1235,46
2020-04-21,Alpine,003,1148,1,1,0,1,0
2020-04-21,Amador,005,37829,7,7,0,7,0
2020-04-21,Butte,007,227075,23,15,1,16,0
2020-04-21,Calaveras,009,45235,9,12,0,12,0
2020-04-21,Colusa,011,21464,3,3,0,3,0
2020-04-21,Contra Costa,013,1133247,881,766,0,766,22
2020-04-21,Del Norte,015,27424,2,2,0,2,0
2020-04-21,El Dorado,017,186661,50,36,0,36,0
2020-04-21,Fresno,019,978130,686,372,5,377,7
2020-04-21,Glenn,021,27897,5,3,0,3,0
2020-04-21,Humboldt,023,135768,57,53,0,53,0
2020-04-21,Imperial,025,180216,366,165,0,165,2
2020-04-21,Inyo,027,18085,19,18,0,18,0
2020-04-21,Kern,029,883053,907,676,1,677,4
2020-04-21,Kings,031,150075,84,28,1,29,1
2020-04-21,Lake,033,64148,6,6,0,6,0
2020-04-21,Lassen,035,31185,1,0,2,2,0
2020-04-21,Los Angeles,037,10098052,21668,15096,17,15113,650
2020-04-21,Madera,039,155013,74,37,1,38,2
2020-04-21,Marin,041,260295,212,202,1,203,10
2020-04-21,Mariposa,043,17540,5,0,0,0,0
2020-04-21,Mendocino,045,87422,7,5,0,5,0
2020-04-21,Merced,047,269075,143,89,0,89,3
2020-04-21,Modoc,049,8938,0,0,0,0,0
2020-04-21,Mono,051,14174,29,23,0,23,1
2020-04-21,Monterey,053,433212,215,151,1,152,4
2020-04-21,Napa,055,140530,64,58,0,58,2
2020-04-21,Nevada,057,99092,41,36,1,37,1
2020-04-21,Orange,059,3164182,2746,1717,16,1733,36
2020-04-21,Placer,061,380077,151,133,0,133,8
2020-04-21,Plumas,063,18699,4,4,0,4,0
2020-04-21,Riverside,065,2383286,3936,2631,7,2638,68
2020-04-21,Sacramento,067,1510023,1047,941,0,941,33
2020-04-21,San Benito,069,59416,45,43,0,43,2
2020-04-21,San Bernardino,071,2135413,2029,1499,1,1500,71
2020-04-21,San Diego,073,3302833,3410,2436,0,2436,87
2020-04-21,San Francisco,075,870044,1518,1232,0,1232,20
2020-04-21,San Joaquin,077,732212,525,447,3,450,20
2020-04-21,San Luis Obispo,079,281455,207,134,1,135,1
2020-04-21,San Mateo,081,765935,1217,933,2,935,34
2020-04-21,Santa Barbara,083,443738,576,414,1,415,5
2020-04-21,Santa Clara,085,1922200,2304,1943,1,1944,91
2020-04-21,Santa Cruz,087,273765,125,104,0,104,2
2020-04-21,Shasta,089,179085,32,26,0,26,3
2020-04-21,Sierra,091,2930,0,0,0,0,0
2020-04-21,Siskiyou,093,43540,5,5,0,5,0
2020-04-21,Solano,095,438530,238,193,0,193,3
2020-04-21,Sonoma,097,501317,224,182,0,182,1
2020-04-21,Stanislaus,099,539301,312,235,4,239,4
2020-04-21,Sutter,101,95872,28,22,0,22,2
2020-04-21,Tehama,103,63373,1,1,0,1,1
2020-04-21,Trinity,105,12862,0,0,0,0,0
2020-04-21,Tulare,107,460477,607,410,3,413,23
2020-04-21,Tuolumne,109,53932,2,2,0,2,0
2020-04-21,Ventura,111,848112,576,455,0,455,14
2020-04-21,Yolo,113,214977,168,143,0,143,8
2020-04-21,Yuba,115,75493,16,15,0,15,1
2020-04-20,Alameda,001,1643700,1533,1181,1,1182,42
2020-04-20,Alpine,003,1148,1,1,0,1,0
2020-04-20,Amador,005,37829,7,7,0,7,0
2020-04-20,Butte,007,227075,23,15,1,16,0
2020-04-20,Calaveras,009,45235,9,12,0,12,0
2020-04-20,Colusa,011,21464,3,3,0,3,0
2020-04-20,Contra Costa,013,1133247,871,753,0,753,22
2020-04-20,Del Norte,015,27424,2,2,0,2,0
2020-04-20,El Dorado,017,186661,50,36,0,36,0
2020-04-20,Fresno,019,978130,668,356,5,361,7
2020-04-20,Glenn,021,27897,4,3,0,3,0
2020-04-20,Humboldt,023,135768,57,53,0,53,0
2020-04-20,Imperial,025,180216,346,149,0,149,2
2020-04-20,Inyo,027,18085,19,17,0,17,0
2020-04-20,Kern,029,883053,875,651,1,652,3
2020-04-20,Kings,031,150075,73,19,1,20,1
2020-04-20,Lake,033,64148,6,6,0,6,0
2020-04-20,Lassen,035,31185,1,0,2,2,0
2020-04-20,Los Angeles,037,10098052,20754,13787,17,13804,608
2020-04-20,Madera,039,155013,73,35,1,36,2
2020-04-20,Marin,041,260295,208,200,1,201,10
2020-04-20,Mariposa,043,17540,5,0,0,0,0
2020-04-20,Mendocino,045,87422,7,5,0,5,0
2020-04-20,Merced,047,269075,136,88,0,88,3
2020-04-20,Modoc,049,8938,0,0,0,0,0
2020-04-20,Mono,051,14174,29,23,0,23,1
2020-04-20,Monterey,053,433212,206,147,1,148,4
2020-04-20,Napa,055,140530,64,55,0,55,2
2020-04-20,Nevada,057,99092,41,34,1,35,1
2020-04-20,Orange,059,3164182,2664,1679,16,1695,33
2020-04-20,Placer,061,380077,150,132,0,132,8
2020-04-20,Plumas,063,18699,4,4,0,4,0
2020-04-20,Riverside,065,2383286,3811,2477,7,2484,61
2020-04-20,Sacramento,067,1510023,1037,924,0,924,32
2020-04-20,San Benito,069,59416,45,43,0,43,2
2020-04-20,San Bernardino,071,2135413,1942,1344,1,1345,63
2020-04-20,San Diego,073,3302833,3268,2327,0,2327,72
2020-04-20,San Francisco,075,870044,1486,1223,0,1223,19
2020-04-20,San Joaquin,077,732212,521,422,3,425,17
2020-04-20,San Luis Obispo,079,281455,193,132,1,133,1
2020-04-20,San Mateo,081,765935,1194,890,2,892,31
2020-04-20,Santa Barbara,083,443738,565,388,1,389,4
2020-04-20,Santa Clara,085,1922200,2279,1920,1,1921,84
2020-04-20,Santa Cruz,087,273765,123,102,0,102,2
2020-04-20,Shasta,089,179085,32,26,0,26,3
2020-04-20,Sierra,091,2930,0,0,0,0,0
2020-04-20,Siskiyou,093,43540,5,5,0,5,0
2020-04-20,Solano,095,438530,235,185,0,185,2
2020-04-20,Sonoma,097,501317,216,178,0,178,1
2020-04-20,Stanislaus,099,539301,298,228,4,232,3
2020-04-20,Sutter,101,95872,27,22,0,22,2
2020-04-20,Tehama,103,63373,1,1,0,1,1
2020-04-20,Trinity,105,12862,0,0,0,0,0
2020-04-20,Tulare,107,460477,597,401,3,404,20
2020-04-20,Tuolumne,109,53932,2,2,0,2,0
2020-04-20,Ventura,111,848112,564,426,0,426,13
2020-04-20,Yolo,113,214977,167,125,0,125,5
2020-04-20,Yuba,115,75493,16,15,0,15,1
2020-04-19,Alameda,001,1643700,1483,1134,1,1135,41
2020-04-19,Alpine,003,1148,1,1,0,1,0
2020-04-19,Amador,005,37829,6,7,0,7,0
2020-04-19,Butte,007,227075,22,15,1,16,0
2020-04-19,Calaveras,009,45235,9,12,0,12,0
2020-04-19,Colusa,011,21464,3,3,0,3,0
2020-04-19,Contra Costa,013,1133247,857,731,0,731,20
2020-04-19,Del Norte,015,27424,2,2,0,2,0
2020-04-19,El Dorado,017,186661,50,36,0,36,0
2020-04-19,Fresno,019,978130,632,326,5,331,7
2020-04-19,Glenn,021,27897,4,3,0,3,0
2020-04-19,Humboldt,023,135768,57,53,0,53,0
2020-04-19,Imperial,025,180216,320,144,0,144,2
2020-04-19,Inyo,027,18085,19,17,0,17,0
2020-04-19,Kern,029,883053,850,629,1,630,3
2020-04-19,Kings,031,150075,63,17,1,18,1
2020-04-19,Lake,033,64148,6,6,0,6,0
2020-04-19,Lassen,035,31185,1,0,2,2,0
2020-04-19,Los Angeles,037,10098052,19759,12299,17,12316,589
2020-04-19,Madera,039,155013,71,34,1,35,2
2020-04-19,Marin,041,260295,207,194,1,195,10
2020-04-19,Mariposa,043,17540,2,0,0,0,0
2020-04-19,Mendocino,045,87422,7,4,0,4,0
2020-04-19,Merced,047,269075,131,85,0,85,3
2020-04-19,Modoc,049,8938,0,0,0,0,0
2020-04-19,Mono,051,14174,29,23,0,23,1
2020-04-19,Monterey,053,433212,198,140,1,141,4
2020-04-19,Napa,055,140530,62,49,0,49,2
2020-04-19,Nevada,057,99092,40,34,1,35,1
2020-04-19,Orange,059,3164182,2564,1591,14,1605,32
2020-04-19,Placer,061,380077,149,131,0,131,8
2020-04-19,Plumas,063,18699,4,4,0,4,0
2020-04-19,Riverside,065,2383286,3668,2316,7,2323,56
2020-04-19,Sacramento,067,1510023,1010,912,0,912,32
2020-04-19,San Benito,069,59416,43,40,0,40,2
2020-04-19,San Bernardino,071,2135413,1879,1262,1,1263,58
2020-04-19,San Diego,073,3302833,3101,2270,0,2270,71
2020-04-19,San Francisco,075,870044,1453,1153,0,1153,19
2020-04-19,San Joaquin,077,732212,503,404,3,407,17
2020-04-19,San Luis Obispo,079,281455,188,132,1,133,1
2020-04-19,San Mateo,081,765935,1158,845,2,847,31
2020-04-19,Santa Barbara,083,443738,554,377,1,378,3
2020-04-19,Santa Clara,085,1922200,2241,1878,1,1879,81
2020-04-19,Santa Cruz,087,273765,120,98,0,98,2
2020-04-19,Shasta,089,179085,30,26,0,26,3
2020-04-19,Sierra,091,2930,0,0,0,0,0
2020-04-19,Siskiyou,093,43540,5,5,0,5,0
2020-04-19,Solano,095,438530,227,174,0,174,2
2020-04-19,Sonoma,097,501317,210,172,0,172,1
2020-04-19,Stanislaus,099,539301,290,221,4,225,3
2020-04-19,Sutter,101,95872,26,21,0,21,2
2020-04-19,Tehama,103,63373,1,1,0,1,1
2020-04-19,Trinity,105,12862,0,0,0,0,0
2020-04-19,Tulare,107,460477,553,391,3,394,17
2020-04-19,Tuolumne,109,53932,2,2,0,2,0
2020-04-19,Ventura,111,848112,556,418,0,418,13
2020-04-19,Yolo,113,214977,167,120,0,120,5
2020-04-19,Yuba,115,75493,16,15,0,15,1
2020-04-18,Alameda,001,1643700,1458,1085,1,1086,40
2020-04-18,Alpine,003,1148,1,1,0,1,0
2020-04-18,Amador,005,37829,6,7,0,7,0
2020-04-18,Butte,007,227075,21,15,1,16,0
2020-04-18,Calaveras,009,45235,9,12,0,12,0
2020-04-18,Colusa,011,21464,3,3,0,3,0
2020-04-18,Contra Costa,013,1133247,845,721,0,721,17
2020-04-18,Del Norte,015,27424,2,2,0,2,0
2020-04-18,El Dorado,017,186661,50,36,0,36,0
2020-04-18,Fresno,019,978130,612,319,5,324,7
2020-04-18,Glenn,021,27897,4,3,0,3,0
2020-04-18,Humboldt,023,135768,57,52,0,52,0
2020-04-18,Imperial,025,180216,311,137,0,137,2
2020-04-18,Inyo,027,18085,19,17,0,17,0
2020-04-18,Kern,029,883053,828,626,1,627,3
2020-04-18,Kings,031,150075,62,17,1,18,1
2020-04-18,Lake,033,64148,6,6,0,6,0
2020-04-18,Lassen,035,31185,1,0,2,2,0
2020-04-18,Los Angeles,037,10098052,19234,11984,16,12000,566
2020-04-18,Madera,039,155013,70,34,1,35,2
2020-04-18,Marin,041,260295,205,193,1,194,10
2020-04-18,Mariposa,043,17540,2,0,0,0,0
2020-04-18,Mendocino,045,87422,7,4,0,4,0
2020-04-18,Merced,047,269075,129,82,0,82,3
2020-04-18,Modoc,049,8938,0,0,0,0,0
2020-04-18,Mono,051,14174,29,22,0,22,1
2020-04-18,Monterey,053,433212,194,135,1,136,3
2020-04-18,Napa,055,140530,62,49,0,49,2
2020-04-18,Nevada,057,99092,39,34,1,35,1
2020-04-18,Orange,059,3164182,2500,1569,13,1582,32
2020-04-18,Placer,061,380077,147,130,0,130,8
2020-04-18,Plumas,063,18699,4,4,0,4,0
2020-04-18,Riverside,065,2383286,3595,2257,7,2264,56
2020-04-18,Sacramento,067,1510023,998,901,0,901,32
2020-04-18,San Benito,069,59416,43,40,0,40,2
2020-04-18,San Bernardino,071,2135413,1834,1255,1,1256,58
2020-04-18,San Diego,073,3302833,2999,2215,0,2215,71
2020-04-18,San Francisco,075,870044,1414,1144,0,1144,19
2020-04-18,San Joaquin,077,732212,494,392,3,395,17
2020-04-18,San Luis Obispo,079,281455,184,129,1,130,1
2020-04-18,San Mateo,081,765935,1136,821,2,823,31
2020-04-18,Santa Barbara,083,443738,548,372,1,373,3
2020-04-18,Santa Clara,085,1922200,2211,1862,1,1863,79
2020-04-18,Santa Cruz,087,273765,118,96,0,96,2
2020-04-18,Shasta,089,179085,30,26,0,26,3
2020-04-18,Sierra,091,2930,0,0,0,0,0
2020-04-18,Siskiyou,093,43540,5,5,0,5,0
2020-04-18,Solano,095,438530,224,175,0,175,2
2020-04-18,Sonoma,097,501317,206,168,0,168,1
2020-04-18,Stanislaus,099,539301,282,216,4,220,3
2020-04-18,Sutter,101,95872,26,21,0,21,2
2020-04-18,Tehama,103,63373,1,1,0,1,1
2020-04-18,Trinity,105,12862,0,0,0,0,0
2020-04-18,Tulare,107,460477,544,385,3,388,17
2020-04-18,Tuolumne,109,53932,2,2,0,2,0
2020-04-18,Ventura,111,848112,548,416,0,416,13
2020-04-18,Yolo,113,214977,165,118,0,118,5
2020-04-18,Yuba,115,75493,16,14,0,14,1
2020-04-17,Alameda,001,1643700,1403,1043,1,1044,40
2020-04-17,Alpine,003,1148,1,1,0,1,0
2020-04-17,Amador,005,37829,6,7,0,7,0
2020-04-17,Butte,007,227075,21,15,1,16,0
2020-04-17,Calaveras,009,45235,9,11,0,11,0
2020-04-17,Colusa,011,21464,3,3,0,3,0
2020-04-17,Contra Costa,013,1133247,835,687,0,687,15
2020-04-17,Del Norte,015,27424,2,2,0,2,0
2020-04-17,El Dorado,017,186661,50,35,0,35,0
2020-04-17,Fresno,019,978130,590,315,5,320,7
2020-04-17,Glenn,021,27897,4,3,0,3,0
2020-04-17,Humboldt,023,135768,56,52,0,52,0
2020-04-17,Imperial,025,180216,302,135,0,135,2
2020-04-17,Inyo,027,18085,19,17,0,17,0
2020-04-17,Kern,029,883053,808,612,1,613,3
2020-04-17,Kings,031,150075,60,15,1,16,1
2020-04-17,Lake,033,64148,6,6,0,6,0
2020-04-17,Lassen,035,31185,1,0,2,2,0
2020-04-17,Los Angeles,037,10098052,18591,11354,16,11370,489
2020-04-17,Madera,039,155013,70,34,1,35,2
2020-04-17,Marin,041,260295,202,189,1,190,10
2020-04-17,Mariposa,043,17540,1,0,0,0,0
2020-04-17,Mendocino,045,87422,7,4,0,4,0
2020-04-17,Merced,047,269075,128,80,0,80,3
2020-04-17,Modoc,049,8938,0,0,0,0,0
2020-04-17,Mono,051,14174,29,22,0,22,1
2020-04-17,Monterey,053,433212,189,119,1,120,3
2020-04-17,Napa,055,140530,60,46,0,46,2
2020-04-17,Nevada,057,99092,38,34,1,35,1
2020-04-17,Orange,059,3164182,2449,1496,13,1509,31
2020-04-17,Placer,061,380077,147,130,0,130,8
2020-04-17,Plumas,063,18699,4,4,0,4,0
2020-04-17,Riverside,065,2383286,3469,2080,7,2087,50
2020-04-17,Sacramento,067,1510023,991,882,0,882,32
2020-04-17,San Benito,069,59416,43,38,0,38,2
2020-04-17,San Bernardino,071,2135413,1795,1229,1,1230,57
2020-04-17,San Diego,073,3302833,2909,2160,0,2160,70
2020-04-17,San Francisco,075,870044,1388,1090,0,1090,19
2020-04-17,San Joaquin,077,732212,483,356,3,359,17
2020-04-17,San Luis Obispo,079,281455,177,116,1,117,1
2020-04-17,San Mateo,081,765935,1120,768,2,770,31
2020-04-17,Santa Barbara,083,443738,543,349,1,350,3
2020-04-17,Santa Clara,085,1922200,2181,1834,1,1835,74
2020-04-17,Santa Cruz,087,273765,117,94,0,94,2
2020-04-17,Shasta,089,179085,30,26,0,26,3
2020-04-17,Sierra,091,2930,0,0,0,0,0
2020-04-17,Siskiyou,093,43540,5,5,0,5,0
2020-04-17,Solano,095,438530,223,173,0,173,2
2020-04-17,Sonoma,097,501317,203,167,0,167,1
2020-04-17,Stanislaus,099,539301,280,201,4,205,3
2020-04-17,Sutter,101,95872,26,20,0,20,2
2020-04-17,Tehama,103,63373,1,1,0,1,1
2020-04-17,Trinity,105,12862,0,0,0,0,0
2020-04-17,Tulare,107,460477,537,370,3,373,17
2020-04-17,Tuolumne,109,53932,2,2,0,2,0
2020-04-17,Ventura,111,848112,543,398,0,398,13
2020-04-17,Yolo,113,214977,164,117,0,117,5
2020-04-17,Yuba,115,75493,16,14,0,14,1
2020-04-16,Alameda,001,1643700,1370,981,1,982,39
2020-04-16,Alpine,003,1148,1,1,0,1,0
2020-04-16,Amador,005,37829,6,7,0,7,0
2020-04-16,Butte,007,227075,20,15,1,16,0
2020-04-16,Calaveras,009,45235,9,10,0,10,0
2020-04-16,Colusa,011,21464,3,3,0,3,0
2020-04-16,Contra Costa,013,1133247,821,675,0,675,14
2020-04-16,Del Norte,015,27424,2,2,0,2,0
2020-04-16,El Dorado,017,186661,49,34,0,34,0
2020-04-16,Fresno,019,978130,561,289,5,294,7
2020-04-16,Glenn,021,27897,4,3,0,3,0
2020-04-16,Humboldt,023,135768,56,47,0,47,0
2020-04-16,Imperial,025,180216,288,132,0,132,2
2020-04-16,Inyo,027,18085,17,17,0,17,0
2020-04-16,Kern,029,883053,781,587,1,588,3
2020-04-16,Kings,031,150075,56,12,1,13,1
2020-04-16,Lake,033,64148,6,6,0,6,0
2020-04-16,Lassen,035,31185,1,0,2,2,0
2020-04-16,Los Angeles,037,10098052,17707,10786,16,10802,447
2020-04-16,Madera,039,155013,68,34,1,35,2
2020-04-16,Marin,041,260295,198,170,1,171,10
2020-04-16,Mariposa,043,17540,1,1,0,1,0
2020-04-16,Mendocino,045,87422,7,4,0,4,0
2020-04-16,Merced,047,269075,122,76,0,76,3
2020-04-16,Modoc,049,8938,0,0,0,0,0
2020-04-16,Mono,051,14174,29,22,0,22,1
2020-04-16,Monterey,053,433212,186,116,1,117,3
2020-04-16,Napa,055,140530,57,44,0,44,2
2020-04-16,Nevada,057,99092,38,34,1,35,1
2020-04-16,Orange,059,3164182,2383,1439,12,1451,28
2020-04-16,Placer,061,380077,145,129,0,129,7
2020-04-16,Plumas,063,18699,4,4,0,4,0
2020-04-16,Riverside,065,2383286,3351,1913,7,1920,45
2020-04-16,Sacramento,067,1510023,983,865,0,865,32
2020-04-16,San Benito,069,59416,43,36,0,36,2
2020-04-16,San Bernardino,071,2135413,1712,1143,0,1143,54
2020-04-16,San Diego,073,3302833,2801,2089,0,2089,63
2020-04-16,San Francisco,075,870044,1344,1039,0,1039,16
2020-04-16,San Joaquin,077,732212,468,345,3,348,17
2020-04-16,San Luis Obispo,079,281455,173,113,1,114,1
2020-04-16,San Mateo,081,765935,1091,745,2,747,29
2020-04-16,Santa Barbara,083,443738,530,331,1,332,3
2020-04-16,Santa Clara,085,1922200,2149,1789,1,1790,70
2020-04-16,Santa Cruz,087,273765,115,90,0,90,2
2020-04-16,Shasta,089,179085,30,25,0,25,3
2020-04-16,Sierra,091,2930,0,0,0,0,0
2020-04-16,Siskiyou,093,43540,5,5,0,5,0
2020-04-16,Solano,095,438530,220,162,0,162,2
2020-04-16,Sonoma,097,501317,198,145,0,145,1
2020-04-16,Stanislaus,099,539301,277,185,4,189,3
2020-04-16,Sutter,101,95872,25,21,0,21,2
2020-04-16,Tehama,103,63373,1,1,0,1,1
2020-04-16,Trinity,105,12862,0,0,0,0,0
2020-04-16,Tulare,107,460477,521,305,3,308,16
2020-04-16,Tuolumne,109,53932,2,1,0,1,0
2020-04-16,Ventura,111,848112,531,384,0,384,13
2020-04-16,Yolo,113,214977,162,98,0,98,4
2020-04-16,Yuba,115,75493,15,14,0,14,1
2020-04-15,Alameda,001,1643700,1320,915,1,916,38
2020-04-15,Alpine,003,1148,1,1,0,1,0
2020-04-15,Amador,005,37829,6,7,0,7,0
2020-04-15,Butte,007,227075,20,14,1,15,0
2020-04-15,Calaveras,009,45235,8,9,0,9,0
2020-04-15,Colusa,011,21464,3,3,0,3,0
2020-04-15,Contra Costa,013,1133247,799,645,0,645,14
2020-04-15,Del Norte,015,27424,2,2,0,2,0
2020-04-15,El Dorado,017,186661,47,33,0,33,0
2020-04-15,Fresno,019,978130,536,264,5,269,7
2020-04-15,Glenn,021,27897,4,3,0,3,0
2020-04-15,Humboldt,023,135768,56,47,0,47,0
2020-04-15,Imperial,025,180216,262,115,0,115,2
2020-04-15,Inyo,027,18085,17,12,0,12,0
2020-04-15,Kern,029,883053,759,500,1,501,3
2020-04-15,Kings,031,150075,52,12,1,13,1
2020-04-15,Lake,033,64148,6,4,0,4,0
2020-04-15,Lassen,035,31185,1,0,2,2,0
2020-04-15,Los Angeles,037,10098052,16887,10416,16,10432,394
2020-04-15,Madera,039,155013,68,30,1,31,2
2020-04-15,Marin,041,260295,195,162,1,163,10
2020-04-15,Mariposa,043,17540,0,0,0,0,0
2020-04-15,Mendocino,045,87422,6,4,0,4,0
2020-04-15,Merced,047,269075,120,74,0,74,3
2020-04-15,Modoc,049,8938,0,0,0,0,0
2020-04-15,Mono,051,14174,29,22,0,22,1
2020-04-15,Monterey,053,433212,178,106,1,107,3
2020-04-15,Napa,055,140530,55,34,0,34,2
2020-04-15,Nevada,057,99092,37,34,1,35,1
2020-04-15,Orange,059,3164182,2280,1377,12,1389,24
2020-04-15,Placer,061,380077,144,123,0,123,6
2020-04-15,Plumas,063,18699,4,4,0,4,0
2020-04-15,Riverside,065,2383286,3156,1723,7,1730,42
2020-04-15,Sacramento,067,1510023,974,839,0,839,32
2020-04-15,San Benito,069,59416,43,34,0,34,2
2020-04-15,San Bernardino,071,2135413,1642,1063,0,1063,45
2020-04-15,San Diego,073,3302833,2713,2014,0,2014,60
2020-04-15,San Francisco,075,870044,1308,1006,0,1006,16
2020-04-15,San Joaquin,077,732212,460,329,3,332,17
2020-04-15,San Luis Obispo,079,281455,166,112,1,113,1
2020-04-15,San Mateo,081,765935,1042,707,2,709,28
2020-04-15,Santa Barbara,083,443738,511,317,1,318,2
2020-04-15,Santa Clara,085,1922200,2113,1692,1,1693,69
2020-04-15,Santa Cruz,087,273765,111,92,0,92,2
2020-04-15,Shasta,089,179085,30,25,0,25,3
2020-04-15,Sierra,091,2930,0,0,0,0,0
2020-04-15,Siskiyou,093,43540,5,5,0,5,0
2020-04-15,Solano,095,438530,215,153,0,153,2
2020-04-15,Sonoma,097,501317,196,140,0,140,1
2020-04-15,Stanislaus,099,539301,270,174,4,178,3
2020-04-15,Sutter,101,95872,25,19,0,19,2
2020-04-15,Tehama,103,63373,1,1,0,1,1
2020-04-15,Trinity,105,12862,0,0,0,0,0
2020-04-15,Tulare,107,460477,504,289,3,292,14
2020-04-15,Tuolumne,109,53932,2,1,0,1,0
2020-04-15,Ventura,111,848112,516,365,0,365,13
2020-04-15,Yolo,113,214977,158,93,0,93,3
2020-04-15,Yuba,115,75493,15,15,0,15,1
2020-04-14,Alameda,001,1643700,1275,843,1,844,30
2020-04-14,Alpine,003,1148,1,1,0,1,0
2020-04-14,Amador,005,37829,6,6,0,6,0
2020-04-14,Butte,007,227075,20,13,1,14,0
2020-04-14,Calaveras,009,45235,8,5,0,5,0
2020-04-14,Colusa,011,21464,3,3,0,3,0
2020-04-14,Contra Costa,013,1133247,787,617,0,617,12
2020-04-14,Del Norte,015,27424,2,2,0,2,0
2020-04-14,El Dorado,017,186661,47,30,0,30,0
2020-04-14,Fresno,019,978130,513,244,5,249,6
2020-04-14,Glenn,021,27897,4,3,0,3,0
2020-04-14,Humboldt,023,135768,56,44,0,44,0
2020-04-14,Imperial,025,180216,242,86,0,86,2
2020-04-14,Inyo,027,18085,17,12,0,12,0
2020-04-14,Kern,029,883053,736,453,1,454,3
2020-04-14,Kings,031,150075,51,12,1,13,1
2020-04-14,Lake,033,64148,6,3,0,3,0
2020-04-14,Lassen,035,31185,1,0,2,2,0
2020-04-14,Los Angeles,037,10098052,15993,9948,15,9963,357
2020-04-14,Madera,039,155013,67,29,1,30,2
2020-04-14,Marin,041,260295,191,147,1,148,9
2020-04-14,Mariposa,043,17540,0,0,0,0,0
2020-04-14,Mendocino,045,87422,6,4,0,4,0
2020-04-14,Merced,047,269075,113,61,0,61,3
2020-04-14,Modoc,049,8938,0,0,0,0,0
2020-04-14,Mono,051,14174,29,22,0,22,1
2020-04-14,Monterey,053,433212,173,98,1,99,3
2020-04-14,Napa,055,140530,55,33,0,33,2
2020-04-14,Nevada,057,99092,37,34,1,35,1
2020-04-14,Orange,059,3164182,2175,1362,12,1374,24
2020-04-14,Placer,061,380077,143,117,0,117,5
2020-04-14,Plumas,063,18699,4,3,0,3,0
2020-04-14,Riverside,065,2383286,3021,1467,7,1474,40
2020-04-14,Sacramento,067,1510023,965,737,0,737,29
2020-04-14,San Benito,069,59416,40,34,0,34,2
2020-04-14,San Bernardino,071,2135413,1587,933,0,933,37
2020-04-14,San Diego,073,3302833,2618,1932,0,1932,53
2020-04-14,San Francisco,075,870044,1254,968,0,968,14
2020-04-14,San Joaquin,077,732212,450,280,3,283,17
2020-04-14,San Luis Obispo,079,281455,164,109,1,110,1
2020-04-14,San Mateo,081,765935,1008,681,2,683,28
2020-04-14,Santa Barbara,083,443738,486,292,1,293,2
2020-04-14,Santa Clara,085,1922200,2080,1561,1,1562,63
2020-04-14,Santa Cruz,087,273765,103,84,0,84,2
2020-04-14,Shasta,089,179085,30,24,0,24,3
2020-04-14,Sierra,091,2930,0,0,0,0,0
2020-04-14,Siskiyou,093,43540,5,5,0,5,0
2020-04-14,Solano,095,438530,212,140,0,140,2
2020-04-14,Sonoma,097,501317,192,133,0,133,1
2020-04-14,Stanislaus,099,539301,257,136,4,140,3
2020-04-14,Sutter,101,95872,24,19,0,19,2
2020-04-14,Tehama,103,63373,1,1,0,1,1
2020-04-14,Trinity,105,12862,0,0,0,0,0
2020-04-14,Tulare,107,460477,481,228,3,231,12
2020-04-14,Tuolumne,109,53932,2,0,0,0,0
2020-04-14,Ventura,111,848112,503,328,0,328,11
2020-04-14,Yolo,113,214977,154,81,0,81,3
2020-04-14,Yuba,115,75493,14,14,0,14,1
2020-04-13,Alameda,001,1643700,1236,821,1,822,23
2020-04-13,Alpine,003,1148,1,1,0,1,0
2020-04-13,Amador,005,37829,6,6,0,6,0
2020-04-13,Butte,007,227075,20,13,1,14,0
2020-04-13,Calaveras,009,45235,7,5,0,5,0
2020-04-13,Colusa,011,21464,3,3,0,3,0
2020-04-13,Contra Costa,013,1133247,771,569,0,569,12
2020-04-13,Del Norte,015,27424,2,2,0,2,0
2020-04-13,El Dorado,017,186661,45,29,0,29,0
2020-04-13,Fresno,019,978130,491,205,4,209,4
2020-04-13,Glenn,021,27897,4,3,0,3,0
2020-04-13,Humboldt,023,135768,56,44,0,44,0
2020-04-13,Imperial,025,180216,224,82,0,82,2
2020-04-13,Inyo,027,18085,17,12,0,12,0
2020-04-13,Kern,029,883053,711,346,1,347,3
2020-04-13,Kings,031,150075,47,9,1,10,0
2020-04-13,Lake,033,64148,6,3,0,3,0
2020-04-13,Lassen,035,31185,1,0,2,2,0
2020-04-13,Los Angeles,037,10098052,15279,9367,15,9382,317
2020-04-13,Madera,039,155013,65,29,1,30,2
2020-04-13,Marin,041,260295,187,144,1,145,6
2020-04-13,Mariposa,043,17540,0,0,0,0,0
2020-04-13,Mendocino,045,87422,6,4,0,4,0
2020-04-13,Merced,047,269075,112,60,0,60,3
2020-04-13,Modoc,049,8938,0,0,0,0,0
2020-04-13,Mono,051,14174,29,21,0,21,1
2020-04-13,Monterey,053,433212,166,86,1,87,3
2020-04-13,Napa,055,140530,54,30,0,30,2
2020-04-13,Nevada,057,99092,37,24,1,25,1
2020-04-13,Orange,059,3164182,2101,1313,12,1325,21
2020-04-13,Placer,061,380077,142,116,0,116,5
2020-04-13,Plumas,063,18699,4,3,0,3,0
2020-04-13,Riverside,065,2383286,2880,1460,6,1466,35
2020-04-13,Sacramento,067,1510023,953,723,0,723,25
2020-04-13,San Benito,069,59416,39,33,0,33,2
2020-04-13,San Bernardino,071,2135413,1512,920,0,920,30
2020-04-13,San Diego,073,3302833,2535,1849,0,1849,47
2020-04-13,San Francisco,075,870044,1216,948,0,948,12
2020-04-13,San Joaquin,077,732212,436,255,3,258,16
2020-04-13,San Luis Obispo,079,281455,159,106,1,107,1
2020-04-13,San Mateo,081,765935,968,679,2,681,25
2020-04-13,Santa Barbara,083,443738,465,271,0,271,2
2020-04-13,Santa Clara,085,1922200,2039,1540,1,1541,58
2020-04-13,Santa Cruz,087,273765,97,82,0,82,1
2020-04-13,Shasta,089,179085,29,24,0,24,3
2020-04-13,Sierra,091,2930,0,0,0,0,0
2020-04-13,Siskiyou,093,43540,5,5,0,5,0
2020-04-13,Solano,095,438530,209,136,0,136,2
2020-04-13,Sonoma,097,501317,185,133,0,133,1
2020-04-13,Stanislaus,099,539301,251,130,4,134,1
2020-04-13,Sutter,101,95872,24,18,0,18,2
2020-04-13,Tehama,103,63373,1,1,0,1,0
2020-04-13,Trinity,105,12862,0,0,0,0,0
2020-04-13,Tulare,107,460477,445,185,3,188,11
2020-04-13,Tuolumne,109,53932,2,0,0,0,0
2020-04-13,Ventura,111,848112,482,309,0,309,9
2020-04-13,Yolo,113,214977,148,81,0,81,3
2020-04-13,Yuba,115,75493,14,13,0,13,1
2020-04-12,Alameda,001,1643700,1193,774,1,775,23
2020-04-12,Alpine,003,1148,1,1,0,1,0
2020-04-12,Amador,005,37829,6,6,0,6,0
2020-04-12,Butte,007,227075,20,13,1,14,0
2020-04-12,Calaveras,009,45235,7,5,0,5,0
2020-04-12,Colusa,011,21464,3,3,0,3,0
2020-04-12,Contra Costa,013,1133247,759,553,0,553,12
2020-04-12,Del Norte,015,27424,2,2,0,2,0
2020-04-12,El Dorado,017,186661,45,28,0,28,0
2020-04-12,Fresno,019,978130,462,205,4,209,4
2020-04-12,Glenn,021,27897,4,3,0,3,0
2020-04-12,Humboldt,023,135768,56,43,0,43,0
2020-04-12,Imperial,025,180216,201,78,0,78,2
2020-04-12,Inyo,027,18085,15,12,0,12,0
2020-04-12,Kern,029,883053,679,319,0,319,3
2020-04-12,Kings,031,150075,45,9,1,10,0
2020-04-12,Lake,033,64148,6,3,0,3,0
2020-04-12,Lassen,035,31185,1,0,2,2,0
2020-04-12,Los Angeles,037,10098052,14566,9133,15,9148,294
2020-04-12,Madera,039,155013,64,29,1,30,2
2020-04-12,Marin,041,260295,176,138,1,139,6
2020-04-12,Mariposa,043,17540,0,0,0,0,0
2020-04-12,Mendocino,045,87422,6,4,0,4,0
2020-04-12,Merced,047,269075,106,58,0,58,3
2020-04-12,Modoc,049,8938,0,0,0,0,0
2020-04-12,Mono,051,14174,29,20,0,20,1
2020-04-12,Monterey,053,433212,152,85,1,86,3
2020-04-12,Napa,055,140530,52,29,0,29,2
2020-04-12,Nevada,057,99092,37,24,1,25,1
2020-04-12,Orange,059,3164182,2041,1283,11,1294,21
2020-04-12,Placer,061,380077,141,114,0,114,4
2020-04-12,Plumas,063,18699,4,3,0,3,0
2020-04-12,Riverside,065,2383286,2698,1330,6,1336,34
2020-04-12,Sacramento,067,1510023,916,689,0,689,25
2020-04-12,San Benito,069,59416,37,33,0,33,2
2020-04-12,San Bernardino,071,2135413,1436,827,0,827,30
2020-04-12,San Diego,073,3302833,2445,1806,0,1806,45
2020-04-12,San Francisco,075,870044,1189,886,0,886,11
2020-04-12,San Joaquin,077,732212,418,246,3,249,15
2020-04-12,San Luis Obispo,079,281455,156,102,1,103,1
2020-04-12,San Mateo,081,765935,942,664,2,666,25
2020-04-12,Santa Barbara,083,443738,439,261,0,261,2
2020-04-12,Santa Clara,085,1922200,2015,1461,1,1462,53
2020-04-12,Santa Cruz,087,273765,96,80,0,80,1
2020-04-12,Shasta,089,179085,29,24,0,24,3
2020-04-12,Sierra,091,2930,0,0,0,0,0
2020-04-12,Siskiyou,093,43540,5,5,0,5,0
2020-04-12,Solano,095,438530,203,136,0,136,2
2020-04-12,Sonoma,097,501317,182,131,0,131,1
2020-04-12,Stanislaus,099,539301,243,117,4,121,1
2020-04-12,Sutter,101,95872,23,18,0,18,2
2020-04-12,Tehama,103,63373,1,1,0,1,0
2020-04-12,Trinity,105,12862,0,0,0,0,0
2020-04-12,Tulare,107,460477,434,166,3,169,11
2020-04-12,Tuolumne,109,53932,2,0,0,0,0
2020-04-12,Ventura,111,848112,473,306,0,306,9
2020-04-12,Yolo,113,214977,135,67,0,67,3
2020-04-12,Yuba,115,75493,14,13,0,13,1
2020-04-11,Alameda,001,1643700,1152,751,1,752,23
2020-04-11,Alpine,003,1148,1,1,0,1,0
2020-04-11,Amador,005,37829,6,6,0,6,0
2020-04-11,Butte,007,227075,20,13,1,14,0
2020-04-11,Calaveras,009,45235,7,5,0,5,0
2020-04-11,Colusa,011,21464,3,3,0,3,0
2020-04-11,Contra Costa,013,1133247,750,550,0,550,12
2020-04-11,Del Norte,015,27424,2,2,0,2,0
2020-04-11,El Dorado,017,186661,44,29,0,29,0
2020-04-11,Fresno,019,978130,452,201,4,205,4
2020-04-11,Glenn,021,27897,4,3,0,3,0
2020-04-11,Humboldt,023,135768,56,38,0,38,0
2020-04-11,Imperial,025,180216,190,78,0,78,2
2020-04-11,Inyo,027,18085,15,12,0,12,0
2020-04-11,Kern,029,883053,651,304,0,304,3
2020-04-11,Kings,031,150075,42,9,1,10,0
2020-04-11,Lake,033,64148,6,3,0,3,0
2020-04-11,Lassen,035,31185,1,0,2,2,0
2020-04-11,Los Angeles,037,10098052,14096,8823,15,8838,262
2020-04-11,Madera,039,155013,63,29,1,30,2
2020-04-11,Marin,041,260295,173,136,1,137,6
2020-04-11,Mariposa,043,17540,0,0,0,0,0
2020-04-11,Mendocino,045,87422,6,4,0,4,0
2020-04-11,Merced,047,269075,103,59,0,59,3
2020-04-11,Modoc,049,8938,0,0,0,0,0
2020-04-11,Mono,051,14174,29,20,0,20,1
2020-04-11,Monterey,053,433212,146,78,1,79,3
2020-04-11,Napa,055,140530,52,29,0,29,2
2020-04-11,Nevada,057,99092,37,24,1,25,1
2020-04-11,Orange,059,3164182,1979,1267,11,1278,21
2020-04-11,Placer,061,380077,141,113,0,113,4
2020-04-11,Plumas,063,18699,4,3,0,3,0
2020-04-11,Riverside,065,2383286,2618,1260,6,1266,33
2020-04-11,Sacramento,067,1510023,905,685,0,685,25
2020-04-11,San Benito,069,59416,37,33,0,33,2
2020-04-11,San Bernardino,071,2135413,1400,826,0,826,28
2020-04-11,San Diego,073,3302833,2379,1763,0,1763,45
2020-04-11,San Francisco,075,870044,1167,860,0,860,11
2020-04-11,San Joaquin,077,732212,413,244,3,247,15
2020-04-11,San Luis Obispo,079,281455,156,100,0,100,1
2020-04-11,San Mateo,081,765935,930,662,2,664,25
2020-04-11,Santa Barbara,083,443738,431,258,0,258,2
2020-04-11,Santa Clara,085,1922200,1969,1441,1,1442,51
2020-04-11,Santa Cruz,087,273765,96,79,0,79,1
2020-04-11,Shasta,089,179085,29,24,0,24,3
2020-04-11,Sierra,091,2930,0,0,0,0,0
2020-04-11,Siskiyou,093,43540,5,5,0,5,0
2020-04-11,Solano,095,438530,199,138,0,138,2
2020-04-11,Sonoma,097,501317,180,131,0,131,1
2020-04-11,Stanislaus,099,539301,236,119,3,122,1
2020-04-11,Sutter,101,95872,23,18,0,18,2
2020-04-11,Tehama,103,63373,1,1,0,1,0
2020-04-11,Trinity,105,12862,0,0,0,0,0
2020-04-11,Tulare,107,460477,412,168,3,171,10
2020-04-11,Tuolumne,109,53932,2,0,0,0,0
2020-04-11,Ventura,111,848112,463,304,0,304,9
2020-04-11,Yolo,113,214977,132,67,0,67,3
2020-04-11,Yuba,115,75493,14,13,0,13,1
2020-04-10,Alameda,001,1643700,1111,706,1,707,21
2020-04-10,Alpine,003,1148,1,1,0,1,0
2020-04-10,Amador,005,37829,6,5,0,5,0
2020-04-10,Butte,007,227075,20,13,1,14,0
2020-04-10,Calaveras,009,45235,7,5,0,5,0
2020-04-10,Colusa,011,21464,3,3,0,3,0
2020-04-10,Contra Costa,013,1133247,737,537,0,537,10
2020-04-10,Del Norte,015,27424,2,2,0,2,0
2020-04-10,El Dorado,017,186661,44,26,0,26,0
2020-04-10,Fresno,019,978130,445,186,3,189,3
2020-04-10,Glenn,021,27897,4,3,0,3,0
2020-04-10,Humboldt,023,135768,56,36,0,36,0
2020-04-10,Imperial,025,180216,183,70,0,70,2
2020-04-10,Inyo,027,18085,13,11,0,11,0
2020-04-10,Kern,029,883053,627,272,0,272,3
2020-04-10,Kings,031,150075,39,7,1,8,0
2020-04-10,Lake,033,64148,6,3,0,3,0
2020-04-10,Lassen,035,31185,1,0,2,2,0
2020-04-10,Los Angeles,037,10098052,13583,8384,14,8398,239
2020-04-10,Madera,039,155013,62,29,1,30,2
2020-04-10,Marin,041,260295,168,128,1,129,6
2020-04-10,Mariposa,043,17540,0,0,0,0,0
2020-04-10,Mendocino,045,87422,6,4,0,4,0
2020-04-10,Merced,047,269075,100,56,0,56,3
2020-04-10,Modoc,049,8938,0,0,0,0,0
2020-04-10,Mono,051,14174,29,20,0,20,1
2020-04-10,Monterey,053,433212,135,78,1,79,3
2020-04-10,Napa,055,140530,49,28,0,28,2
2020-04-10,Nevada,057,99092,37,23,1,24,1
2020-04-10,Orange,059,3164182,1930,1167,11,1178,21
2020-04-10,Placer,061,380077,140,112,0,112,4
2020-04-10,Plumas,063,18699,4,3,0,3,0
2020-04-10,Riverside,065,2383286,2552,1162,6,1168,30
2020-04-10,Sacramento,067,1510023,896,642,0,642,24
2020-04-10,San Benito,069,59416,37,32,0,32,2
2020-04-10,San Bernardino,071,2135413,1352,779,0,779,27
2020-04-10,San Diego,073,3302833,2319,1695,0,1695,44
2020-04-10,San Francisco,075,870044,1136,797,0,797,10
2020-04-10,San Joaquin,077,732212,401,234,3,237,14
2020-04-10,San Luis Obispo,079,281455,156,97,0,97,1
2020-04-10,San Mateo,081,765935,914,642,2,644,24
2020-04-10,Santa Barbara,083,443738,419,254,0,254,2
2020-04-10,Santa Clara,085,1922200,1918,1351,1,1352,50
2020-04-10,Santa Cruz,087,273765,95,75,0,75,1
2020-04-10,Shasta,089,179085,29,24,0,24,3
2020-04-10,Sierra,091,2930,0,0,0,0,0
2020-04-10,Siskiyou,093,43540,5,5,0,5,0
2020-04-10,Solano,095,438530,196,129,0,129,2
2020-04-10,Sonoma,097,501317,179,129,0,129,1
2020-04-10,Stanislaus,099,539301,229,101,3,104,0
2020-04-10,Sutter,101,95872,23,18,0,18,2
2020-04-10,Tehama,103,63373,1,1,0,1,0
2020-04-10,Trinity,105,12862,0,0,0,0,0
2020-04-10,Tulare,107,460477,370,163,3,166,10
2020-04-10,Tuolumne,109,53932,2,0,0,0,0
2020-04-10,Ventura,111,848112,454,290,0,290,9
2020-04-10,Yolo,113,214977,130,62,0,62,3
2020-04-10,Yuba,115,75493,14,13,0,13,1
2020-04-09,Alameda,001,1643700,1061,641,1,642,17
2020-04-09,Alpine,003,1148,1,1,0,1,0
2020-04-09,Amador,005,37829,6,2,0,2,0
2020-04-09,Butte,007,227075,19,12,1,13,0
2020-04-09,Calaveras,009,45235,7,5,0,5,0
2020-04-09,Colusa,011,21464,3,3,0,3,0
2020-04-09,Contra Costa,013,1133247,694,505,0,505,7
2020-04-09,Del Norte,015,27424,2,2,0,2,0
2020-04-09,El Dorado,017,186661,43,25,0,25,0
2020-04-09,Fresno,019,978130,421,165,3,168,3
2020-04-09,Glenn,021,27897,4,2,0,2,0
2020-04-09,Humboldt,023,135768,56,36,0,36,0
2020-04-09,Imperial,025,180216,162,67,0,67,2
2020-04-09,Inyo,027,18085,12,11,0,11,0
2020-04-09,Kern,029,883053,591,241,0,241,2
2020-04-09,Kings,031,150075,36,5,1,6,0
2020-04-09,Lake,033,64148,5,1,0,1,0
2020-04-09,Lassen,035,31185,1,0,2,2,0
2020-04-09,Los Angeles,037,10098052,12956,7919,14,7933,220
2020-04-09,Madera,039,155013,62,28,1,29,2
2020-04-09,Marin,041,260295,166,126,1,127,7
2020-04-09,Mariposa,043,17540,0,0,0,0,0
2020-04-09,Mendocino,045,87422,6,4,0,4,0
2020-04-09,Merced,047,269075,97,41,0,41,3
2020-04-09,Modoc,049,8938,0,0,0,0,0
2020-04-09,Mono,051,14174,29,19,0,19,1
2020-04-09,Monterey,053,433212,117,70,1,71,3
2020-04-09,Napa,055,140530,45,27,0,27,2
2020-04-09,Nevada,057,99092,36,23,1,24,1
2020-04-09,Orange,059,3164182,1854,1105,10,1115,19
2020-04-09,Placer,061,380077,139,107,0,107,4
2020-04-09,Plumas,063,18699,4,3,0,3,0
2020-04-09,Riverside,065,2383286,2410,1083,6,1089,29
2020-04-09,Sacramento,067,1510023,873,601,0,601,21
2020-04-09,San Benito,069,59416,37,32,0,32,2
2020-04-09,San Bernardino,071,2135413,1283,717,0,717,27
2020-04-09,San Diego,073,3302833,2223,1630,0,1630,40
2020-04-09,San Francisco,075,870044,1116,748,0,748,8
2020-04-09,San Joaquin,077,732212,380,223,3,226,14
2020-04-09,San Luis Obispo,079,281455,148,93,0,93,1
2020-04-09,San Mateo,081,765935,898,630,2,632,23
2020-04-09,Santa Barbara,083,443738,408,232,0,232,2
2020-04-09,Santa Clara,085,1922200,1849,1301,1,1302,49
2020-04-09,Santa Cruz,087,273765,95,73,0,73,1
2020-04-09,Shasta,089,179085,29,22,0,22,3
2020-04-09,Sierra,091,2930,0,0,0,0,0
2020-04-09,Siskiyou,093,43540,5,4,0,4,0
2020-04-09,Solano,095,438530,187,118,0,118,2
2020-04-09,Sonoma,097,501317,175,113,0,113,1
2020-04-09,Stanislaus,099,539301,217,93,3,96,0
2020-04-09,Sutter,101,95872,23,17,0,17,2
2020-04-09,Tehama,103,63373,1,1,0,1,0
2020-04-09,Trinity,105,12862,0,0,0,0,0
2020-04-09,Tulare,107,460477,344,147,3,150,9
2020-04-09,Tuolumne,109,53932,2,0,0,0,0
2020-04-09,Ventura,111,848112,435,273,0,273,9
2020-04-09,Yolo,113,214977,121,59,0,59,3
2020-04-09,Yuba,115,75493,14,13,0,13,0
2020-04-08,Alameda,001,1643700,1020,594,1,595,15
2020-04-08,Alpine,003,1148,1,1,0,1,0
2020-04-08,Amador,005,37829,6,2,0,2,0
2020-04-08,Butte,007,227075,18,11,1,12,0
2020-04-08,Calaveras,009,45235,7,5,0,5,0
2020-04-08,Colusa,011,21464,3,3,0,3,0
2020-04-08,Contra Costa,013,1133247,681,481,0,481,7
2020-04-08,Del Norte,015,27424,2,2,0,2,0
2020-04-08,El Dorado,017,186661,43,25,0,25,0
2020-04-08,Fresno,019,978130,401,151,3,154,3
2020-04-08,Glenn,021,27897,4,2,0,2,0
2020-04-08,Humboldt,023,135768,56,40,0,40,0
2020-04-08,Imperial,025,180216,151,59,0,59,2
2020-04-08,Inyo,027,18085,12,11,0,11,0
2020-04-08,Kern,029,883053,550,198,0,198,2
2020-04-08,Kings,031,150075,36,5,1,6,0
2020-04-08,Lake,033,64148,5,1,0,1,0
2020-04-08,Lassen,035,31185,1,0,2,2,0
2020-04-08,Los Angeles,037,10098052,12355,7505,14,7519,196
2020-04-08,Madera,039,155013,61,28,1,29,2
2020-04-08,Marin,041,260295,160,125,1,126,7
2020-04-08,Mariposa,043,17540,0,0,0,0,0
2020-04-08,Mendocino,045,87422,6,4,0,4,0
2020-04-08,Merced,047,269075,82,35,0,35,1
2020-04-08,Modoc,049,8938,0,0,0,0,0
2020-04-08,Mono,051,14174,29,19,0,19,1
2020-04-08,Monterey,053,433212,108,68,1,69,3
2020-04-08,Napa,055,140530,43,21,0,21,2
2020-04-08,Nevada,057,99092,36,21,1,22,1
2020-04-08,Orange,059,3164182,1791,1034,10,1044,19
2020-04-08,Placer,061,380077,139,102,0,102,4
2020-04-08,Plumas,063,18699,4,3,0,3,0
2020-04-08,Riverside,065,2383286,2254,974,6,980,28
2020-04-08,Sacramento,067,1510023,839,565,0,565,21
2020-04-08,San Benito,069,59416,37,31,0,31,2
2020-04-08,San Bernardino,071,2135413,1226,635,0,635,22
2020-04-08,San Diego,073,3302833,2149,1532,0,1532,36
2020-04-08,San Francisco,075,870044,1048,687,0,687,7
2020-04-08,San Joaquin,077,732212,363,211,3,214,12
2020-04-08,San Luis Obispo,079,281455,146,90,0,90,1
2020-04-08,San Mateo,081,765935,883,608,2,610,22
2020-04-08,Santa Barbara,083,443738,389,221,0,221,2
2020-04-08,Santa Clara,085,1922200,1805,1257,1,1258,47
2020-04-08,Santa Cruz,087,273765,94,69,0,69,1
2020-04-08,Shasta,089,179085,29,18,0,18,3
2020-04-08,Sierra,091,2930,0,0,0,0,0
2020-04-08,Siskiyou,093,43540,5,4,0,4,0
2020-04-08,Solano,095,438530,174,111,0,111,2
2020-04-08,Sonoma,097,501317,170,107,0,107,1
2020-04-08,Stanislaus,099,539301,201,86,3,89,0
2020-04-08,Sutter,101,95872,22,17,0,17,2
2020-04-08,Tehama,103,63373,1,1,0,1,0
2020-04-08,Trinity,105,12862,0,0,0,0,0
2020-04-08,Tulare,107,460477,314,145,3,148,6
2020-04-08,Tuolumne,109,53932,2,0,0,0,0
2020-04-08,Ventura,111,848112,426,263,0,263,7
2020-04-08,Yolo,113,214977,104,56,0,56,3
2020-04-08,Yuba,115,75493,14,10,0,10,0
2020-04-07,Alameda,001,1643700,985,560,1,561,14
2020-04-07,Alpine,003,1148,1,1,0,1,0
2020-04-07,Amador,005,37829,6,2,0,2,0
2020-04-07,Butte,007,227075,17,11,1,12,0
2020-04-07,Calaveras,009,45235,6,5,0,5,0
2020-04-07,Colusa,011,21464,3,2,0,2,0
2020-04-07,Contra Costa,013,1133247,661,471,0,471,7
2020-04-07,Del Norte,015,27424,2,2,0,2,0
2020-04-07,El Dorado,017,186661,42,22,0,22,0
2020-04-07,Fresno,019,978130,385,138,3,141,3
2020-04-07,Glenn,021,27897,4,2,0,2,0
2020-04-07,Humboldt,023,135768,55,40,0,40,0
2020-04-07,Imperial,025,180216,133,53,0,53,2
2020-04-07,Inyo,027,18085,12,11,0,11,0
2020-04-07,Kern,029,883053,507,134,0,134,2
2020-04-07,Kings,031,150075,34,5,1,6,0
2020-04-07,Lake,033,64148,4,1,0,1,0
2020-04-07,Lassen,035,31185,1,0,2,2,0
2020-04-07,Los Angeles,037,10098052,11705,6885,14,6899,170
2020-04-07,Madera,039,155013,59,28,0,28,2
2020-04-07,Marin,041,260295,158,122,1,123,7
2020-04-07,Mariposa,043,17540,0,0,0,0,0
2020-04-07,Mendocino,045,87422,6,4,0,4,0
2020-04-07,Merced,047,269075,67,27,0,27,1
2020-04-07,Modoc,049,8938,0,0,0,0,0
2020-04-07,Mono,051,14174,28,18,0,18,1
2020-04-07,Monterey,053,433212,100,63,1,64,2
2020-04-07,Napa,055,140530,41,18,0,18,2
2020-04-07,Nevada,057,99092,36,20,1,21,1
2020-04-07,Orange,059,3164182,1744,971,9,980,19
2020-04-07,Placer,061,380077,134,94,0,94,3
2020-04-07,Plumas,063,18699,4,3,0,3,0
2020-04-07,Riverside,065,2383286,2097,905,6,911,25
2020-04-07,Sacramento,067,1510023,809,513,0,513,18
2020-04-07,San Benito,069,59416,37,26,0,26,2
2020-04-07,San Bernardino,071,2135413,1159,554,0,554,19
2020-04-07,San Diego,073,3302833,2072,1456,0,1456,31
2020-04-07,San Francisco,075,870044,988,636,0,636,6
2020-04-07,San Joaquin,077,732212,345,198,3,201,12
2020-04-07,San Luis Obispo,079,281455,140,87,0,87,1
2020-04-07,San Mateo,081,765935,862,573,2,575,22
2020-04-07,Santa Barbara,083,443738,372,209,0,209,2
2020-04-07,Santa Clara,085,1922200,1736,1193,1,1194,46
2020-04-07,Santa Cruz,087,273765,94,67,0,67,1
2020-04-07,Shasta,089,179085,28,16,0,16,3
2020-04-07,Sierra,091,2930,0,0,0,0,0
2020-04-07,Siskiyou,093,43540,5,4,0,4,0
2020-04-07,Solano,095,438530,169,99,0,99,1
2020-04-07,Sonoma,097,501317,167,102,0,102,1
2020-04-07,Stanislaus,099,539301,184,83,3,86,0
2020-04-07,Sutter,101,95872,22,16,0,16,2
2020-04-07,Tehama,103,63373,1,1,0,1,0
2020-04-07,Trinity,105,12862,0,0,0,0,0
2020-04-07,Tulare,107,460477,287,144,3,147,5
2020-04-07,Tuolumne,109,53932,2,1,0,1,0
2020-04-07,Ventura,111,848112,409,247,0,247,6
2020-04-07,Yolo,113,214977,97,51,0,51,2
2020-04-07,Yuba,115,75493,14,10,0,10,0
2020-04-06,Alameda,001,1643700,955,527,1,528,13
2020-04-06,Alpine,003,1148,1,1,0,1,0
2020-04-06,Amador,005,37829,5,2,0,2,0
2020-04-06,Butte,007,227075,16,11,1,12,0
2020-04-06,Calaveras,009,45235,6,4,0,4,0
2020-04-06,Colusa,011,21464,3,1,0,1,0
2020-04-06,Contra Costa,013,1133247,636,447,0,447,7
2020-04-06,Del Norte,015,27424,2,2,0,2,0
2020-04-06,El Dorado,017,186661,40,23,0,23,0
2020-04-06,Fresno,019,978130,364,122,3,125,1
2020-04-06,Glenn,021,27897,4,2,0,2,0
2020-04-06,Humboldt,023,135768,54,37,0,37,0
2020-04-06,Imperial,025,180216,126,47,0,47,1
2020-04-06,Inyo,027,18085,11,11,0,11,0
2020-04-06,Kern,029,883053,470,117,0,117,2
2020-04-06,Kings,031,150075,34,3,1,4,0
2020-04-06,Lake,033,64148,4,1,0,1,0
2020-04-06,Lassen,035,31185,1,0,2,2,0
2020-04-06,Los Angeles,037,10098052,10972,6346,14,6360,145
2020-04-06,Madera,039,155013,57,29,0,29,2
2020-04-06,Marin,041,260295,155,119,1,120,7
2020-04-06,Mariposa,043,17540,0,0,0,0,0
2020-04-06,Mendocino,045,87422,6,4,0,4,0
2020-04-06,Merced,047,269075,60,25,0,25,1
2020-04-06,Modoc,049,8938,0,0,0,0,0
2020-04-06,Mono,051,14174,28,18,0,18,1
2020-04-06,Monterey,053,433212,95,62,1,63,2
2020-04-06,Napa,055,140530,41,18,0,18,2
2020-04-06,Nevada,057,99092,36,19,1,20,1
2020-04-06,Orange,059,3164182,1699,910,8,918,17
2020-04-06,Placer,061,380077,134,90,0,90,3
2020-04-06,Plumas,063,18699,4,2,0,2,0
2020-04-06,Riverside,065,2383286,1971,854,6,860,17
2020-04-06,Sacramento,067,1510023,779,448,0,448,15
2020-04-06,San Benito,069,59416,35,25,0,25,1
2020-04-06,San Bernardino,071,2135413,1100,550,0,550,13
2020-04-06,San Diego,073,3302833,1990,1406,0,1406,19
2020-04-06,San Francisco,075,870044,948,586,0,586,6
2020-04-06,San Joaquin,077,732212,330,191,3,194,10
2020-04-06,San Luis Obispo,079,281455,138,85,0,85,1
2020-04-06,San Mateo,081,765935,844,569,2,571,20
2020-04-06,Santa Barbara,083,443738,360,189,0,189,2
2020-04-06,Santa Clara,085,1922200,1683,1128,1,1129,43
2020-04-06,Santa Cruz,087,273765,92,65,0,65,1
2020-04-06,Shasta,089,179085,28,16,0,16,3
2020-04-06,Sierra,091,2930,0,0,0,0,0
2020-04-06,Siskiyou,093,43540,4,4,0,4,0
2020-04-06,Solano,095,438530,162,95,0,95,1
2020-04-06,Sonoma,097,501317,166,102,0,102,1
2020-04-06,Stanislaus,099,539301,168,72,3,75,0
2020-04-06,Sutter,101,95872,22,14,0,14,2
2020-04-06,Tehama,103,63373,1,1,0,1,0
2020-04-06,Trinity,105,12862,0,0,0,0,0
2020-04-06,Tulare,107,460477,274,126,3,129,5
2020-04-06,Tuolumne,109,53932,2,1,0,1,0
2020-04-06,Ventura,111,848112,391,234,0,234,6
2020-04-06,Yolo,113,214977,93,43,0,43,1
2020-04-06,Yuba,115,75493,14,8,0,8,0
2020-04-05,Alameda,001,1643700,913,475,1,476,12
2020-04-05,Alpine,003,1148,1,1,0,1,0
2020-04-05,Amador,005,37829,5,2,0,2,0
2020-04-05,Butte,007,227075,16,10,1,11,0
2020-04-05,Calaveras,009,45235,6,3,0,3,0
2020-04-05,Colusa,011,21464,3,1,0,1,0
2020-04-05,Contra Costa,013,1133247,619,415,0,415,6
2020-04-05,Del Norte,015,27424,2,1,0,1,0
2020-04-05,El Dorado,017,186661,39,19,0,19,0
2020-04-05,Fresno,019,978130,331,102,3,105,1
2020-04-05,Glenn,021,27897,4,2,0,2,0
2020-04-05,Humboldt,023,135768,54,29,0,29,0
2020-04-05,Imperial,025,180216,118,42,0,42,1
2020-04-05,Inyo,027,18085,11,10,0,10,0
2020-04-05,Kern,029,883053,415,109,0,109,2
2020-04-05,Kings,031,150075,33,4,1,5,0
2020-04-05,Lake,033,64148,4,0,0,0,0
2020-04-05,Lassen,035,31185,1,0,2,2,0
2020-04-05,Los Angeles,037,10098052,10401,5892,14,5906,130
2020-04-05,Madera,039,155013,56,27,0,27,2
2020-04-05,Marin,041,260295,155,113,1,114,6
2020-04-05,Mariposa,043,17540,0,0,0,0,0
2020-04-05,Mendocino,045,87422,6,4,0,4,0
2020-04-05,Merced,047,269075,53,16,0,16,0
2020-04-05,Modoc,049,8938,0,0,0,0,0
2020-04-05,Mono,051,14174,28,18,0,18,1
2020-04-05,Monterey,053,433212,88,61,1,62,2
2020-04-05,Napa,055,140530,39,15,0,15,2
2020-04-05,Nevada,057,99092,36,19,1,20,1
2020-04-05,Orange,059,3164182,1640,820,8,828,15
2020-04-05,Placer,061,380077,131,86,0,86,3
2020-04-05,Plumas,063,18699,3,2,0,2,0
2020-04-05,Riverside,065,2383286,1842,669,6,675,17
2020-04-05,Sacramento,067,1510023,748,393,0,393,11
2020-04-05,San Benito,069,59416,35,22,0,22,1
2020-04-05,San Bernardino,071,2135413,1026,375,0,375,13
2020-04-05,San Diego,073,3302833,1908,1328,0,1328,19
2020-04-05,San Francisco,075,870044,901,559,0,559,6
2020-04-05,San Joaquin,077,732212,315,179,3,182,10
2020-04-05,San Luis Obispo,079,281455,136,83,0,83,1
2020-04-05,San Mateo,081,765935,824,528,2,530,19
2020-04-05,Santa Barbara,083,443738,340,171,0,171,1
2020-04-05,Santa Clara,085,1922200,1635,1052,1,1053,42
2020-04-05,Santa Cruz,087,273765,92,59,0,59,1
2020-04-05,Shasta,089,179085,27,11,0,11,2
2020-04-05,Sierra,091,2930,0,0,0,0,0
2020-04-05,Siskiyou,093,43540,4,3,0,3,0
2020-04-05,Solano,095,438530,158,78,0,78,1
2020-04-05,Sonoma,097,501317,164,88,0,88,1
2020-04-05,Stanislaus,099,539301,154,51,3,54,0
2020-04-05,Sutter,101,95872,22,14,0,14,1
2020-04-05,Tehama,103,63373,1,1,0,1,0
2020-04-05,Trinity,105,12862,0,0,0,0,0
2020-04-05,Tulare,107,460477,242,81,3,84,4
2020-04-05,Tuolumne,109,53932,2,1,0,1,0
2020-04-05,Ventura,111,848112,377,196,0,196,6
2020-04-05,Yolo,113,214977,75,37,0,37,2
2020-04-05,Yuba,115,75493,14,7,0,7,0
2020-04-04,Alameda,001,1643700,890,468,1,469,12
2020-04-04,Alpine,003,1148,1,1,0,1,0
2020-04-04,Amador,005,37829,4,2,0,2,0
2020-04-04,Butte,007,227075,16,10,1,11,0
2020-04-04,Calaveras,009,45235,6,3,0,3,0
2020-04-04,Colusa,011,21464,3,1,0,1,0
2020-04-04,Contra Costa,013,1133247,611,382,0,382,5
2020-04-04,Del Norte,015,27424,2,1,0,1,0
2020-04-04,El Dorado,017,186661,39,19,0,19,0
2020-04-04,Fresno,019,978130,321,102,3,105,1
2020-04-04,Glenn,021,27897,4,2,0,2,0
2020-04-04,Humboldt,023,135768,54,29,0,29,0
2020-04-04,Imperial,025,180216,117,42,0,42,1
2020-04-04,Inyo,027,18085,11,10,0,10,0
2020-04-04,Kern,029,883053,385,103,0,103,2
2020-04-04,Kings,031,150075,33,3,1,4,0
2020-04-04,Lake,033,64148,4,0,0,0,0
2020-04-04,Lassen,035,31185,1,0,2,2,0
2020-04-04,Los Angeles,037,10098052,9784,5275,14,5289,117
2020-04-04,Madera,039,155013,54,27,0,27,2
2020-04-04,Marin,041,260295,153,111,0,111,6
2020-04-04,Mariposa,043,17540,0,0,0,0,0
2020-04-04,Mendocino,045,87422,6,4,0,4,0
2020-04-04,Merced,047,269075,49,11,0,11,0
2020-04-04,Modoc,049,8938,0,0,0,0,0
2020-04-04,Mono,051,14174,28,18,0,18,1
2020-04-04,Monterey,053,433212,85,61,1,62,2
2020-04-04,Napa,055,140530,39,15,0,15,2
2020-04-04,Nevada,057,99092,36,19,1,20,1
2020-04-04,Orange,059,3164182,1598,781,7,788,15
2020-04-04,Placer,061,380077,130,87,0,87,2
2020-04-04,Plumas,063,18699,3,2,0,2,0
2020-04-04,Riverside,065,2383286,1741,652,6,658,15
2020-04-04,Sacramento,067,1510023,730,393,0,393,11
2020-04-04,San Benito,069,59416,35,22,0,22,1
2020-04-04,San Bernardino,071,2135413,978,373,0,373,13
2020-04-04,San Diego,073,3302833,1860,1211,0,1211,18
2020-04-04,San Francisco,075,870044,863,537,0,537,6
2020-04-04,San Joaquin,077,732212,292,171,3,174,10
2020-04-04,San Luis Obispo,079,281455,136,82,0,82,0
2020-04-04,San Mateo,081,765935,813,520,2,522,17
2020-04-04,Santa Barbara,083,443738,331,167,0,167,1
2020-04-04,Santa Clara,085,1922200,1583,1045,1,1046,39
2020-04-04,Santa Cruz,087,273765,92,56,0,56,1
2020-04-04,Shasta,089,179085,26,11,0,11,2
2020-04-04,Sierra,091,2930,0,0,0,0,0
2020-04-04,Siskiyou,093,43540,4,3,0,3,0
2020-04-04,Solano,095,438530,153,79,0,79,1
2020-04-04,Sonoma,097,501317,161,88,0,88,1
2020-04-04,Stanislaus,099,539301,143,51,3,54,0
2020-04-04,Sutter,101,95872,22,14,0,14,1
2020-04-04,Tehama,103,63373,1,1,0,1,0
2020-04-04,Trinity,105,12862,0,0,0,0,0
2020-04-04,Tulare,107,460477,228,79,3,82,4
2020-04-04,Tuolumne,109,53932,2,1,0,1,0
2020-04-04,Ventura,111,848112,364,194,0,194,6
2020-04-04,Yolo,113,214977,73,40,0,40,2
2020-04-04,Yuba,115,75493,13,7,0,7,0
2020-04-03,Alameda,001,1643700,854,395,1,396,11
2020-04-03,Alpine,003,1148,1,1,0,1,0
2020-04-03,Amador,005,37829,4,2,0,2,0
2020-04-03,Butte,007,227075,16,8,1,9,0
2020-04-03,Calaveras,009,45235,6,3,0,3,0
2020-04-03,Colusa,011,21464,3,1,0,1,0
2020-04-03,Contra Costa,013,1133247,588,327,0,327,5
2020-04-03,Del Norte,015,27424,2,1,0,1,0
2020-04-03,El Dorado,017,186661,37,16,0,16,0
2020-04-03,Fresno,019,978130,309,98,3,101,1
2020-04-03,Glenn,021,27897,4,2,0,2,0
2020-04-03,Humboldt,023,135768,54,34,0,34,0
2020-04-03,Imperial,025,180216,108,35,0,35,0
2020-04-03,Inyo,027,18085,11,10,0,10,0
2020-04-03,Kern,029,883053,359,87,0,87,1
2020-04-03,Kings,031,150075,31,3,1,4,0
2020-04-03,Lake,033,64148,3,0,0,0,0
2020-04-03,Lassen,035,31185,1,0,2,2,0
2020-04-03,Los Angeles,037,10098052,9168,4566,14,4580,91
2020-04-03,Madera,039,155013,53,28,0,28,2
2020-04-03,Marin,041,260295,151,106,0,106,6
2020-04-03,Mariposa,043,17540,0,0,0,0,0
2020-04-03,Mendocino,045,87422,6,4,0,4,0
2020-04-03,Merced,047,269075,46,9,0,9,0
2020-04-03,Modoc,049,8938,0,0,0,0,0
2020-04-03,Mono,051,14174,28,18,0,18,1
2020-04-03,Monterey,053,433212,82,58,1,59,2
2020-04-03,Napa,055,140530,38,13,0,13,1
2020-04-03,Nevada,057,99092,36,19,1,20,1
2020-04-03,Orange,059,3164182,1559,713,7,720,13
2020-04-03,Placer,061,380077,126,76,0,76,2
2020-04-03,Plumas,063,18699,3,2,0,2,0
2020-04-03,Riverside,065,2383286,1661,540,6,546,14
2020-04-03,Sacramento,067,1510023,709,363,0,363,11
2020-04-03,San Benito,069,59416,35,22,0,22,1
2020-04-03,San Bernardino,071,2135413,933,356,0,356,11
2020-04-03,San Diego,073,3302833,1800,1114,0,1114,17
2020-04-03,San Francisco,075,870044,838,506,0,506,6
2020-04-03,San Joaquin,077,732212,280,162,3,165,10
2020-04-03,San Luis Obispo,079,281455,136,82,0,82,0
2020-04-03,San Mateo,081,765935,796,474,2,476,13
2020-04-03,Santa Barbara,083,443738,319,154,0,154,1
2020-04-03,Santa Clara,085,1922200,1549,983,1,984,39
2020-04-03,Santa Cruz,087,273765,92,52,0,52,1
2020-04-03,Shasta,089,179085,26,10,0,10,1
2020-04-03,Sierra,091,2930,0,0,0,0,0
2020-04-03,Siskiyou,093,43540,4,3,0,3,0
2020-04-03,Solano,095,438530,145,72,0,72,1
2020-04-03,Sonoma,097,501317,161,84,0,84,1
2020-04-03,Stanislaus,099,539301,137,48,3,51,0
2020-04-03,Sutter,101,95872,22,12,0,12,1
2020-04-03,Tehama,103,63373,1,1,0,1,0
2020-04-03,Trinity,105,12862,0,0,0,0,0
2020-04-03,Tulare,107,460477,215,73,3,76,3
2020-04-03,Tuolumne,109,53932,2,1,0,1,0
2020-04-03,Ventura,111,848112,354,186,0,186,6
2020-04-03,Yolo,113,214977,72,33,0,33,1
2020-04-03,Yuba,115,75493,13,6,0,6,0
2020-04-02,Alameda,001,1643700,803,345,1,346,10
2020-04-02,Alpine,003,1148,1,1,0,1,0
2020-04-02,Amador,005,37829,4,2,0,2,0
2020-04-02,Butte,007,227075,16,7,0,7,0
2020-04-02,Calaveras,009,45235,4,3,0,3,0
2020-04-02,Colusa,011,21464,3,1,0,1,0
2020-04-02,Contra Costa,013,1133247,558,297,0,297,3
2020-04-02,Del Norte,015,27424,2,0,0,0,0
2020-04-02,El Dorado,017,186661,35,16,0,16,0
2020-04-02,Fresno,019,978130,293,92,3,95,0
2020-04-02,Glenn,021,27897,3,2,0,2,0
2020-04-02,Humboldt,023,135768,50,23,0,23,0
2020-04-02,Imperial,025,180216,104,24,0,24,0
2020-04-02,Inyo,027,18085,10,8,0,8,0
2020-04-02,Kern,029,883053,332,74,0,74,0
2020-04-02,Kings,031,150075,31,3,1,4,0
2020-04-02,Lake,033,64148,3,0,0,0,0
2020-04-02,Lassen,035,31185,1,0,2,2,0
2020-04-02,Los Angeles,037,10098052,8336,4040,14,4054,79
2020-04-02,Madera,039,155013,51,25,0,25,1
2020-04-02,Marin,041,260295,145,102,0,102,1
2020-04-02,Mariposa,043,17540,0,0,0,0,0
2020-04-02,Mendocino,045,87422,6,4,0,4,0
2020-04-02,Merced,047,269075,41,9,0,9,0
2020-04-02,Modoc,049,8938,0,0,0,0,0
2020-04-02,Mono,051,14174,28,16,0,16,1
2020-04-02,Monterey,053,433212,80,50,1,51,2
2020-04-02,Napa,055,140530,38,13,0,13,0
2020-04-02,Nevada,057,99092,35,17,1,18,0
2020-04-02,Orange,059,3164182,1505,640,7,647,12
2020-04-02,Placer,061,380077,125,72,0,72,2
2020-04-02,Plumas,063,18699,3,1,0,1,0
2020-04-02,Riverside,065,2383286,1545,438,6,444,13
2020-04-02,Sacramento,067,1510023,691,322,0,322,9
2020-04-02,San Benito,069,59416,33,18,0,18,1
2020-04-02,San Bernardino,071,2135413,878,335,0,335,8
2020-04-02,San Diego,073,3302833,1733,968,0,968,16
2020-04-02,San Francisco,075,870044,811,473,0,473,6
2020-04-02,San Joaquin,077,732212,261,148,3,151,9
2020-04-02,San Luis Obispo,079,281455,131,79,0,79,0
2020-04-02,San Mateo,081,765935,775,423,2,425,13
2020-04-02,Santa Barbara,083,443738,306,125,0,125,1
2020-04-02,Santa Clara,085,1922200,1498,908,1,909,38
2020-04-02,Santa Cruz,087,273765,90,49,0,49,1
2020-04-02,Shasta,089,179085,25,7,0,7,1
2020-04-02,Sierra,091,2930,0,0,0,0,0
2020-04-02,Siskiyou,093,43540,4,3,0,3,0
2020-04-02,Solano,095,438530,135,65,0,65,0
2020-04-02,Sonoma,097,501317,157,76,0,76,1
2020-04-02,Stanislaus,099,539301,126,40,3,43,0
2020-04-02,Sutter,101,95872,21,10,0,10,1
2020-04-02,Tehama,103,63373,1,1,0,1,0
2020-04-02,Trinity,105,12862,0,0,0,0,0
2020-04-02,Tulare,107,460477,187,64,3,67,1
2020-04-02,Tuolumne,109,53932,2,1,0,1,0
2020-04-02,Ventura,111,848112,336,178,0,178,5
2020-04-02,Yolo,113,214977,70,29,0,29,1
2020-04-02,Yuba,115,75493,10,5,0,5,0
2020-04-01,Alameda,001,1643700,777,287,1,288,8
2020-04-01,Alpine,003,1148,1,1,0,1,0
2020-04-01,Amador,005,37829,4,1,0,1,0
2020-04-01,Butte,007,227075,16,6,0,6,0
2020-04-01,Calaveras,009,45235,3,3,0,3,0
2020-04-01,Colusa,011,21464,3,1,0,1,0
2020-04-01,Contra Costa,013,1133247,514,267,0,267,3
2020-04-01,Del Norte,015,27424,2,0,0,0,0
2020-04-01,El Dorado,017,186661,34,14,0,14,0
2020-04-01,Fresno,019,978130,273,75,2,77,0
2020-04-01,Glenn,021,27897,3,2,0,2,0
2020-04-01,Humboldt,023,135768,50,19,0,19,0
2020-04-01,Imperial,025,180216,97,25,0,25,0
2020-04-01,Inyo,027,18085,10,8,0,8,0
2020-04-01,Kern,029,883053,305,53,0,53,0
2020-04-01,Kings,031,150075,29,3,1,4,0
2020-04-01,Lake,033,64148,3,0,0,0,0
2020-04-01,Lassen,035,31185,1,0,2,2,0
2020-04-01,Los Angeles,037,10098052,7686,3502,14,3516,66
2020-04-01,Madera,039,155013,49,17,0,17,1
2020-04-01,Marin,041,260295,141,87,0,87,1
2020-04-01,Mariposa,043,17540,0,0,0,0,0
2020-04-01,Mendocino,045,87422,6,4,0,4,0
2020-04-01,Merced,047,269075,38,7,0,7,0
2020-04-01,Modoc,049,8938,0,0,0,0,0
2020-04-01,Mono,051,14174,28,12,0,12,1
2020-04-01,Monterey,053,433212,79,47,1,48,2
2020-04-01,Napa,055,140530,36,11,0,11,0
2020-04-01,Nevada,057,99092,35,15,1,16,0
2020-04-01,Orange,059,3164182,1453,579,7,586,11
2020-04-01,Placer,061,380077,124,52,0,52,2
2020-04-01,Plumas,063,18699,3,1,0,1,0
2020-04-01,Riverside,065,2383286,1377,306,6,312,11
2020-04-01,Sacramento,067,1510023,658,299,0,299,8
2020-04-01,San Benito,069,59416,30,14,0,14,1
2020-04-01,San Bernardino,071,2135413,829,245,0,245,5
2020-04-01,San Diego,073,3302833,1663,851,0,851,11
2020-04-01,San Francisco,075,870044,783,432,0,432,6
2020-04-01,San Joaquin,077,732212,250,132,3,135,8
2020-04-01,San Luis Obispo,079,281455,125,69,0,69,0
2020-04-01,San Mateo,081,765935,757,354,2,356,13
2020-04-01,Santa Barbara,083,443738,287,103,0,103,0
2020-04-01,Santa Clara,085,1922200,1457,805,1,806,33
2020-04-01,Santa Cruz,087,273765,85,44,0,44,1
2020-04-01,Shasta,089,179085,24,5,0,5,1
2020-04-01,Sierra,091,2930,0,0,0,0,0
2020-04-01,Siskiyou,093,43540,4,3,0,3,0
2020-04-01,Solano,095,438530,130,57,0,57,0
2020-04-01,Sonoma,097,501317,153,60,0,60,1
2020-04-01,Stanislaus,099,539301,115,29,3,32,0
2020-04-01,Sutter,101,95872,21,9,0,9,1
2020-04-01,Tehama,103,63373,1,0,0,0,0
2020-04-01,Trinity,105,12862,0,0,0,0,0
2020-04-01,Tulare,107,460477,152,43,3,46,1
2020-04-01,Tuolumne,109,53932,2,1,0,1,0
2020-04-01,Ventura,111,848112,323,154,0,154,5
2020-04-01,Yolo,113,214977,65,22,0,22,1
2020-04-01,Yuba,115,75493,9,5,0,5,0
2020-03-31,Alameda,001,1643700,709,269,1,270,7
2020-03-31,Alpine,003,1148,1,1,0,1,0
2020-03-31,Amador,005,37829,4,1,0,1,0
2020-03-31,Butte,007,227075,16,6,0,6,0
2020-03-31,Calaveras,009,45235,3,3,0,3,0
2020-03-31,Colusa,011,21464,3,1,0,1,0
2020-03-31,Contra Costa,013,1133247,489,246,0,246,3
2020-03-31,Del Norte,015,27424,1,0,0,0,0
2020-03-31,El Dorado,017,186661,30,14,0,14,0
2020-03-31,Fresno,019,978130,248,59,2,61,0
2020-03-31,Glenn,021,27897,3,2,0,2,0
2020-03-31,Humboldt,023,135768,50,18,0,18,0
2020-03-31,Imperial,025,180216,92,17,0,17,0
2020-03-31,Inyo,027,18085,10,8,0,8,0
2020-03-31,Kern,029,883053,281,47,0,47,0
2020-03-31,Kings,031,150075,27,2,1,3,0
2020-03-31,Lake,033,64148,1,0,0,0,0
2020-03-31,Lassen,035,31185,1,0,2,2,0
2020-03-31,Los Angeles,037,10098052,7021,3001,14,3015,53
2020-03-31,Madera,039,155013,48,17,0,17,1
2020-03-31,Marin,041,260295,132,85,0,85,1
2020-03-31,Mariposa,043,17540,0,0,0,0,0
2020-03-31,Mendocino,045,87422,6,4,0,4,0
2020-03-31,Merced,047,269075,33,6,0,6,0
2020-03-31,Modoc,049,8938,0,0,0,0,0
2020-03-31,Mono,051,14174,26,12,0,12,0
2020-03-31,Monterey,053,433212,77,43,1,44,2
2020-03-31,Napa,055,140530,35,9,0,9,0
2020-03-31,Nevada,057,99092,35,15,1,16,0
2020-03-31,Orange,059,3164182,1382,506,7,513,7
2020-03-31,Placer,061,380077,117,49,0,49,2
2020-03-31,Plumas,063,18699,1,0,0,0,0
2020-03-31,Riverside,065,2383286,1231,284,6,290,8
2020-03-31,Sacramento,067,1510023,606,271,0,271,8
2020-03-31,San Benito,069,59416,30,14,0,14,1
2020-03-31,San Bernardino,071,2135413,745,193,0,193,5
2020-03-31,San Diego,073,3302833,1581,736,0,736,9
2020-03-31,San Francisco,075,870044,748,404,0,404,5
2020-03-31,San Joaquin,077,732212,234,122,3,125,7
2020-03-31,San Luis Obispo,079,281455,122,67,0,67,0
2020-03-31,San Mateo,081,765935,738,297,2,299,12
2020-03-31,Santa Barbara,083,443738,270,89,0,89,0
2020-03-31,Santa Clara,085,1922200,1408,777,1,778,30
2020-03-31,Santa Cruz,087,273765,79,40,0,40,1
2020-03-31,Shasta,089,179085,21,5,0,5,1
2020-03-31,Sierra,091,2930,0,0,0,0,0
2020-03-31,Siskiyou,093,43540,4,3,0,3,0
2020-03-31,Solano,095,438530,116,56,0,56,0
2020-03-31,Sonoma,097,501317,148,58,0,58,1
2020-03-31,Stanislaus,099,539301,100,28,3,31,0
2020-03-31,Sutter,101,95872,21,8,0,8,0
2020-03-31,Tehama,103,63373,1,0,0,0,0
2020-03-31,Trinity,105,12862,0,0,0,0,0
2020-03-31,Tulare,107,460477,130,42,2,44,1
2020-03-31,Tuolumne,109,53932,2,1,0,1,0
2020-03-31,Ventura,111,848112,312,143,0,143,4
2020-03-31,Yolo,113,214977,58,21,0,21,1
2020-03-31,Yuba,115,75493,9,5,0,5,0
2020-03-30,Alameda,001,1643700,669,250,1,251,7
2020-03-30,Alpine,003,1148,1,1,0,1,0
2020-03-30,Amador,005,37829,4,1,0,1,0
2020-03-30,Butte,007,227075,14,5,0,5,0
2020-03-30,Calaveras,009,45235,3,3,0,3,0
2020-03-30,Colusa,011,21464,3,1,0,1,0
2020-03-30,Contra Costa,013,1133247,463,212,0,212,3
2020-03-30,Del Norte,015,27424,0,0,0,0,0
2020-03-30,El Dorado,017,186661,30,11,0,11,0
2020-03-30,Fresno,019,978130,224,46,2,48,0
2020-03-30,Glenn,021,27897,3,2,0,2,0
2020-03-30,Humboldt,023,135768,48,11,0,11,0
2020-03-30,Imperial,025,180216,88,9,0,9,0
2020-03-30,Inyo,027,18085,10,5,0,5,0
2020-03-30,Kern,029,883053,248,30,0,30,0
2020-03-30,Kings,031,150075,27,1,1,2,0
2020-03-30,Lake,033,64148,1,0,0,0,0
2020-03-30,Lassen,035,31185,1,0,1,1,0
2020-03-30,Los Angeles,037,10098052,6366,2467,14,2481,44
2020-03-30,Madera,039,155013,47,14,0,14,1
2020-03-30,Marin,041,260295,125,78,0,78,0
2020-03-30,Mariposa,043,17540,0,0,0,0,0
2020-03-30,Mendocino,045,87422,5,2,0,2,0
2020-03-30,Merced,047,269075,29,6,0,6,0
2020-03-30,Modoc,049,8938,0,0,0,0,0
2020-03-30,Mono,051,14174,26,11,0,11,0
2020-03-30,Monterey,053,433212,72,41,1,42,1
2020-03-30,Napa,055,140530,34,9,0,9,0
2020-03-30,Nevada,057,99092,34,14,1,15,0
2020-03-30,Orange,059,3164182,1315,418,7,425,5
2020-03-30,Placer,061,380077,114,44,0,44,2
2020-03-30,Plumas,063,18699,1,0,0,0,0
2020-03-30,Riverside,065,2383286,1151,204,6,210,7
2020-03-30,Sacramento,067,1510023,582,238,0,238,8
2020-03-30,San Benito,069,59416,30,11,0,11,1
2020-03-30,San Bernardino,071,2135413,701,145,0,145,4
2020-03-30,San Diego,073,3302833,1511,605,0,605,7
2020-03-30,San Francisco,075,870044,708,368,0,368,5
2020-03-30,San Joaquin,077,732212,227,112,3,115,5
2020-03-30,San Luis Obispo,079,281455,120,62,0,62,0
2020-03-30,San Mateo,081,765935,714,257,2,259,11
2020-03-30,Santa Barbara,083,443738,260,79,0,79,0
2020-03-30,Santa Clara,085,1922200,1377,745,1,746,31
2020-03-30,Santa Cruz,087,273765,76,36,0,36,1
2020-03-30,Shasta,089,179085,20,4,0,4,1
2020-03-30,Sierra,091,2930,0,0,0,0,0
2020-03-30,Siskiyou,093,43540,4,2,0,2,0
2020-03-30,Solano,095,438530,110,50,0,50,0
2020-03-30,Sonoma,097,501317,145,57,0,57,1
2020-03-30,Stanislaus,099,539301,93,28,3,31,0
2020-03-30,Sutter,101,95872,20,6,0,6,0
2020-03-30,Tehama,103,63373,1,0,0,0,0
2020-03-30,Trinity,105,12862,0,0,0,0,0
2020-03-30,Tulare,107,460477,120,40,2,42,1
2020-03-30,Tuolumne,109,53932,2,1,0,1,0
2020-03-30,Ventura,111,848112,301,118,0,118,2
2020-03-30,Yolo,113,214977,56,17,0,17,1
2020-03-30,Yuba,115,75493,8,5,0,5,0
2020-03-29,Alameda,001,1643700,635,207,1,208,6
2020-03-29,Alpine,003,1148,1,0,0,0,0
2020-03-29,Amador,005,37829,4,1,0,1,0
2020-03-29,Butte,007,227075,14,4,0,4,0
2020-03-29,Calaveras,009,45235,3,2,0,2,0
2020-03-29,Colusa,011,21464,3,1,0,1,0
2020-03-29,Contra Costa,013,1133247,433,187,0,187,3
2020-03-29,Del Norte,015,27424,0,0,0,0,0
2020-03-29,El Dorado,017,186661,29,9,0,9,0
2020-03-29,Fresno,019,978130,200,31,2,33,0
2020-03-29,Glenn,021,27897,2,1,0,1,0
2020-03-29,Humboldt,023,135768,45,9,0,9,0
2020-03-29,Imperial,025,180216,82,9,0,9,0
2020-03-29,Inyo,027,18085,9,0,0,0,0
2020-03-29,Kern,029,883053,230,20,0,20,0
2020-03-29,Kings,031,150075,24,1,1,2,0
2020-03-29,Lake,033,64148,0,0,0,0,0
2020-03-29,Lassen,035,31185,1,0,1,1,0
2020-03-29,Los Angeles,037,10098052,5720,2119,14,2133,37
2020-03-29,Madera,039,155013,42,11,0,11,1
2020-03-29,Marin,041,260295,120,60,0,60,0
2020-03-29,Mariposa,043,17540,0,0,0,0,0
2020-03-29,Mendocino,045,87422,5,2,0,2,0
2020-03-29,Merced,047,269075,28,4,0,4,0
2020-03-29,Modoc,049,8938,0,0,0,0,0
2020-03-29,Mono,051,14174,26,8,0,8,0
2020-03-29,Monterey,053,433212,67,36,1,37,1
2020-03-29,Napa,055,140530,32,5,0,5,0
2020-03-29,Nevada,057,99092,32,13,1,14,0
2020-03-29,Orange,059,3164182,1239,343,7,350,2
2020-03-29,Placer,061,380077,113,35,0,35,2
2020-03-29,Plumas,063,18699,1,0,0,0,0
2020-03-29,Riverside,065,2383286,1027,122,6,128,7
2020-03-29,Sacramento,067,1510023,542,217,0,217,7
2020-03-29,San Benito,069,59416,29,10,0,10,1
2020-03-29,San Bernardino,071,2135413,649,94,0,94,2
2020-03-29,San Diego,073,3302833,1439,521,0,521,7
2020-03-29,San Francisco,075,870044,664,333,0,333,5
2020-03-29,San Joaquin,077,732212,218,86,3,89,4
2020-03-29,San Luis Obispo,079,281455,114,55,0,55,0
2020-03-29,San Mateo,081,765935,689,234,2,236,12
2020-03-29,Santa Barbara,083,443738,249,52,0,52,0
2020-03-29,Santa Clara,085,1922200,1321,591,1,592,30
2020-03-29,Santa Cruz,087,273765,76,33,0,33,1
2020-03-29,Shasta,089,179085,19,4,0,4,1
2020-03-29,Sierra,091,2930,0,0,0,0,0
2020-03-29,Siskiyou,093,43540,4,2,0,2,0
2020-03-29,Solano,095,438530,102,48,0,48,0
2020-03-29,Sonoma,097,501317,143,35,0,35,1
2020-03-29,Stanislaus,099,539301,88,19,3,22,0
2020-03-29,Sutter,101,95872,17,6,0,6,0
2020-03-29,Tehama,103,63373,1,0,0,0,0
2020-03-29,Trinity,105,12862,0,0,0,0,0
2020-03-29,Tulare,107,460477,100,24,2,26,1
2020-03-29,Tuolumne,109,53932,1,1,0,1,0
2020-03-29,Ventura,111,848112,274,92,0,92,2
2020-03-29,Yolo,113,214977,51,13,0,13,1
2020-03-29,Yuba,115,75493,8,3,0,3,0
2020-03-28,Alameda,001,1643700,608,410,1,411,12
2020-03-28,Alpine,003,1148,1,0,0,0,0
2020-03-28,Amador,005,37829,4,2,0,2,0
2020-03-28,Butte,007,227075,14,8,0,8,0
2020-03-28,Calaveras,009,45235,3,4,0,4,0
2020-03-28,Colusa,011,21464,3,2,0,2,0
2020-03-28,Contra Costa,013,1133247,410,350,0,350,4
2020-03-28,Del Norte,015,27424,0,0,0,0,0
2020-03-28,El Dorado,017,186661,28,18,0,18,0
2020-03-28,Fresno,019,978130,190,62,2,64,0
2020-03-28,Glenn,021,27897,2,2,0,2,0
2020-03-28,Humboldt,023,135768,45,18,0,18,0
2020-03-28,Imperial,025,180216,77,18,0,18,0
2020-03-28,Inyo,027,18085,9,0,0,0,0
2020-03-28,Kern,029,883053,213,40,0,40,0
2020-03-28,Kings,031,150075,23,2,1,3,0
2020-03-28,Lake,033,64148,0,0,0,0,0
2020-03-28,Lassen,035,31185,1,0,1,1,0
2020-03-28,Los Angeles,037,10098052,5334,3600,13,3613,64
2020-03-28,Madera,039,155013,42,22,0,22,2
2020-03-28,Marin,041,260295,115,116,0,116,0
2020-03-28,Mariposa,043,17540,0,0,0,0,0
2020-03-28,Mendocino,045,87422,5,4,0,4,0
2020-03-28,Merced,047,269075,27,8,0,8,0
2020-03-28,Modoc,049,8938,0,0,0,0,0
2020-03-28,Mono,051,14174,24,12,0,12,0
2020-03-28,Monterey,053,433212,66,64,1,65,2
2020-03-28,Napa,055,140530,27,10,0,10,0
2020-03-28,Nevada,057,99092,32,22,1,23,0
2020-03-28,Orange,059,3164182,1203,656,7,663,4
2020-03-28,Placer,061,380077,108,70,0,70,2
2020-03-28,Plumas,063,18699,1,0,0,0,0
2020-03-28,Riverside,065,2383286,959,242,6,248,14
2020-03-28,Sacramento,067,1510023,524,406,0,406,14
2020-03-28,San Benito,069,59416,29,20,0,20,2
2020-03-28,San Bernardino,071,2135413,601,162,0,162,4
2020-03-28,San Diego,073,3302833,1380,980,0,980,14
2020-03-28,San Francisco,075,870044,640,600,0,600,6
2020-03-28,San Joaquin,077,732212,210,166,3,169,8
2020-03-28,San Luis Obispo,079,281455,112,104,0,104,0
2020-03-28,San Mateo,081,765935,669,462,2,464,17
2020-03-28,Santa Barbara,083,443738,238,98,0,98,0
2020-03-28,Santa Clara,085,1922200,1302,1174,1,1175,54
2020-03-28,Santa Cruz,087,273765,75,62,0,62,0
2020-03-28,Shasta,089,179085,19,8,0,8,2
2020-03-28,Sierra,091,2930,0,0,0,0,0
2020-03-28,Siskiyou,093,43540,4,4,0,4,0
2020-03-28,Solano,095,438530,98,96,0,96,0
2020-03-28,Sonoma,097,501317,141,70,0,70,2
2020-03-28,Stanislaus,099,539301,83,34,3,37,0
2020-03-28,Sutter,101,95872,17,6,0,6,0
2020-03-28,Tehama,103,63373,1,0,0,0,0
2020-03-28,Trinity,105,12862,0,0,0,0,0
2020-03-28,Tulare,107,460477,94,46,2,48,0
2020-03-28,Tuolumne,109,53932,1,2,0,2,0
2020-03-28,Ventura,111,848112,270,178,0,178,4
2020-03-28,Yolo,113,214977,50,26,0,26,2
2020-03-28,Yuba,115,75493,8,6,0,6,0
2020-03-27,Alameda,001,1643700,590,185,1,186,4
2020-03-27,Alpine,003,1148,1,0,0,0,0
2020-03-27,Amador,005,37829,3,1,0,1,0
2020-03-27,Butte,007,227075,12,4,0,4,0
2020-03-27,Calaveras,009,45235,3,2,0,2,0
2020-03-27,Colusa,011,21464,3,0,0,0,0
2020-03-27,Contra Costa,013,1133247,389,161,0,161,2
2020-03-27,Del Norte,015,27424,0,0,0,0,0
2020-03-27,El Dorado,017,186661,26,9,0,9,0
2020-03-27,Fresno,019,978130,178,29,1,30,0
2020-03-27,Glenn,021,27897,2,0,0,0,0
2020-03-27,Humboldt,023,135768,41,9,0,9,0
2020-03-27,Imperial,025,180216,72,9,0,9,0
2020-03-27,Inyo,027,18085,9,0,0,0,0
2020-03-27,Kern,029,883053,200,20,0,20,0
2020-03-27,Kings,031,150075,22,0,1,1,0
2020-03-27,Lake,033,64148,0,0,0,0,0
2020-03-27,Lassen,035,31185,1,0,1,1,0
2020-03-27,Los Angeles,037,10098052,4922,1474,13,1487,26
2020-03-27,Madera,039,155013,40,10,0,10,1
2020-03-27,Marin,041,260295,110,58,0,58,0
2020-03-27,Mariposa,043,17540,0,0,0,0,0
2020-03-27,Mendocino,045,87422,5,2,0,2,0
2020-03-27,Merced,047,269075,26,3,0,3,0
2020-03-27,Modoc,049,8938,0,0,0,0,0
2020-03-27,Mono,051,14174,24,6,0,6,0
2020-03-27,Monterey,053,433212,63,26,1,27,1
2020-03-27,Napa,055,140530,27,5,0,5,0
2020-03-27,Nevada,057,99092,32,6,1,7,0
2020-03-27,Orange,059,3164182,1150,299,7,306,2
2020-03-27,Placer,061,380077,105,33,0,33,1
2020-03-27,Plumas,063,18699,0,0,0,0,0
2020-03-27,Riverside,065,2383286,903,121,6,127,7
2020-03-27,Sacramento,067,1510023,501,163,0,163,6
2020-03-27,San Benito,069,59416,28,9,0,9,1
2020-03-27,San Bernardino,071,2135413,511,77,0,77,2
2020-03-27,San Diego,073,3302833,1323,419,0,419,5
2020-03-27,San Francisco,075,870044,615,285,0,285,2
2020-03-27,San Joaquin,077,732212,199,73,3,76,3
2020-03-27,San Luis Obispo,079,281455,110,46,0,46,0
2020-03-27,San Mateo,081,765935,643,213,2,215,7
2020-03-27,Santa Barbara,083,443738,222,37,0,37,0
2020-03-27,Santa Clara,085,1922200,1264,557,1,558,25
2020-03-27,Santa Cruz,087,273765,74,31,0,31,0
2020-03-27,Shasta,089,179085,16,3,0,3,1
2020-03-27,Sierra,091,2930,0,0,0,0,0
2020-03-27,Siskiyou,093,43540,4,2,0,2,0
2020-03-27,Solano,095,438530,92,48,0,48,0
2020-03-27,Sonoma,097,501317,133,35,0,35,1
2020-03-27,Stanislaus,099,539301,81,16,3,19,0
2020-03-27,Sutter,101,95872,16,2,0,2,0
2020-03-27,Tehama,103,63373,1,0,0,0,0
2020-03-27,Trinity,105,12862,0,0,0,0,0
2020-03-27,Tulare,107,460477,86,15,2,17,0
2020-03-27,Tuolumne,109,53932,1,1,0,1,0
2020-03-27,Ventura,111,848112,261,80,0,80,2
2020-03-27,Yolo,113,214977,49,13,0,13,1
2020-03-27,Yuba,115,75493,7,3,0,3,0
2020-03-26,Alameda,001,1643700,550,172,1,173,4
2020-03-26,Alpine,003,1148,1,0,0,0,0
2020-03-26,Amador,005,37829,3,1,0,1,0
2020-03-26,Butte,007,227075,12,4,0,4,0
2020-03-26,Calaveras,009,45235,3,2,0,2,0
2020-03-26,Colusa,011,21464,3,0,0,0,0
2020-03-26,Contra Costa,013,1133247,379,147,0,147,2
2020-03-26,Del Norte,015,27424,0,0,0,0,0
2020-03-26,El Dorado,017,186661,25,7,0,7,0
2020-03-26,Fresno,019,978130,169,25,1,26,0
2020-03-26,Glenn,021,27897,2,0,0,0,0
2020-03-26,Humboldt,023,135768,37,8,0,8,0
2020-03-26,Imperial,025,180216,68,8,0,8,0
2020-03-26,Inyo,027,18085,8,0,0,0,0
2020-03-26,Kern,029,883053,184,20,0,20,0
2020-03-26,Kings,031,150075,22,0,1,1,0
2020-03-26,Lake,033,64148,0,0,0,0,0
2020-03-26,Lassen,035,31185,1,0,1,1,0
2020-03-26,Los Angeles,037,10098052,4520,1075,13,1088,19
2020-03-26,Madera,039,155013,38,8,0,8,0
2020-03-26,Marin,041,260295,101,56,0,56,0
2020-03-26,Mariposa,043,17540,0,0,0,0,0
2020-03-26,Mendocino,045,87422,4,1,0,1,0
2020-03-26,Merced,047,269075,23,1,0,1,0
2020-03-26,Modoc,049,8938,0,0,0,0,0
2020-03-26,Mono,051,14174,23,5,0,5,0
2020-03-26,Monterey,053,433212,60,25,1,26,1
2020-03-26,Napa,055,140530,26,5,0,5,0
2020-03-26,Nevada,057,99092,32,7,1,8,0
2020-03-26,Orange,059,3164182,1087,279,7,286,1
2020-03-26,Placer,061,380077,102,34,0,34,1
2020-03-26,Plumas,063,18699,0,0,0,0,0
2020-03-26,Riverside,065,2383286,832,118,6,124,7
2020-03-26,Sacramento,067,1510023,468,147,0,147,5
2020-03-26,San Benito,069,59416,28,8,0,8,1
2020-03-26,San Bernardino,071,2135413,445,57,0,57,1
2020-03-26,San Diego,073,3302833,1256,299,0,299,2
2020-03-26,San Francisco,075,870044,588,261,0,261,1
2020-03-26,San Joaquin,077,732212,188,69,3,72,3
2020-03-26,San Luis Obispo,079,281455,105,38,0,38,0
2020-03-26,San Mateo,081,765935,609,122,2,124,5
2020-03-26,Santa Barbara,083,443738,206,33,0,33,0
2020-03-26,Santa Clara,085,1922200,1220,487,1,488,20
2020-03-26,Santa Cruz,087,273765,70,30,0,30,0
2020-03-26,Shasta,089,179085,16,3,0,3,1
2020-03-26,Sierra,091,2930,0,0,0,0,0
2020-03-26,Siskiyou,093,43540,4,2,0,2,0
2020-03-26,Solano,095,438530,84,41,0,41,0
2020-03-26,Sonoma,097,501317,128,33,0,33,1
2020-03-26,Stanislaus,099,539301,79,15,3,18,0
2020-03-26,Sutter,101,95872,12,2,0,2,0
2020-03-26,Tehama,103,63373,1,0,0,0,0
2020-03-26,Trinity,105,12862,0,0,0,0,0
2020-03-26,Tulare,107,460477,79,15,2,17,0
2020-03-26,Tuolumne,109,53932,1,0,0,0,0
2020-03-26,Ventura,111,848112,245,70,0,70,1
2020-03-26,Yolo,113,214977,45,13,0,13,1
2020-03-26,Yuba,115,75493,7,3,0,3,0
2020-03-25,Alameda,001,1643700,529,134,1,135,3
2020-03-25,Alpine,003,1148,1,0,0,0,0
2020-03-25,Amador,005,37829,3,1,0,1,0
2020-03-25,Butte,007,227075,12,4,0,4,0
2020-03-25,Calaveras,009,45235,3,2,0,2,0
2020-03-25,Colusa,011,21464,2,0,0,0,0
2020-03-25,Contra Costa,013,1133247,365,131,0,131,1
2020-03-25,Del Norte,015,27424,0,0,0,0,0
2020-03-25,El Dorado,017,186661,25,5,0,5,0
2020-03-25,Fresno,019,978130,153,21,1,22,0
2020-03-25,Glenn,021,27897,2,0,0,0,0
2020-03-25,Humboldt,023,135768,34,3,0,3,0
2020-03-25,Imperial,025,180216,60,8,0,8,0
2020-03-25,Inyo,027,18085,5,0,0,0,0
2020-03-25,Kern,029,883053,164,13,0,13,0
2020-03-25,Kings,031,150075,20,0,1,1,0
2020-03-25,Lake,033,64148,0,0,0,0,0
2020-03-25,Lassen,035,31185,1,0,1,1,0
2020-03-25,Los Angeles,037,10098052,4125,725,13,738,10
2020-03-25,Madera,039,155013,36,6,0,6,0
2020-03-25,Marin,041,260295,95,47,0,47,0
2020-03-25,Mariposa,043,17540,0,0,0,0,0
2020-03-25,Mendocino,045,87422,3,1,0,1,0
2020-03-25,Merced,047,269075,19,0,0,0,0
2020-03-25,Modoc,049,8938,0,0,0,0,0
2020-03-25,Mono,051,14174,22,4,0,4,0
2020-03-25,Monterey,053,433212,57,23,1,24,1
2020-03-25,Napa,055,140530,26,5,0,5,0
2020-03-25,Nevada,057,99092,31,5,1,6,0
2020-03-25,Orange,059,3164182,1028,214,7,221,1
2020-03-25,Placer,061,380077,96,30,0,30,1
2020-03-25,Plumas,063,18699,0,1,0,1,0
2020-03-25,Riverside,065,2383286,761,87,6,93,5
2020-03-25,Sacramento,067,1510023,442,114,0,114,5
2020-03-25,San Benito,069,59416,27,4,0,4,1
2020-03-25,San Bernardino,071,2135413,406,46,0,46,1
2020-03-25,San Diego,073,3302833,1194,238,0,238,2
2020-03-25,San Francisco,075,870044,547,212,0,212,1
2020-03-25,San Joaquin,077,732212,175,64,3,67,2
2020-03-25,San Luis Obispo,079,281455,100,35,0,35,0
2020-03-25,San Mateo,081,765935,574,111,2,113,5
2020-03-25,Santa Barbara,083,443738,195,25,0,25,0
2020-03-25,Santa Clara,085,1922200,1176,452,1,453,20
2020-03-25,Santa Cruz,087,273765,67,26,0,26,0
2020-03-25,Shasta,089,179085,15,3,0,3,1
2020-03-25,Sierra,091,2930,0,0,0,0,0
2020-03-25,Siskiyou,093,43540,4,2,0,2,0
2020-03-25,Solano,095,438530,79,39,0,39,0
2020-03-25,Sonoma,097,501317,123,31,0,31,1
2020-03-25,Stanislaus,099,539301,72,14,3,17,0
2020-03-25,Sutter,101,95872,9,1,0,1,0
2020-03-25,Tehama,103,63373,1,0,0,0,0
2020-03-25,Trinity,105,12862,0,0,0,0,0
2020-03-25,Tulare,107,460477,69,11,2,13,0
2020-03-25,Tuolumne,109,53932,1,0,0,0,0
2020-03-25,Ventura,111,848112,229,53,0,53,1
2020-03-25,Yolo,113,214977,43,9,0,9,1
2020-03-25,Yuba,115,75493,7,2,0,2,0
2020-03-24,Alameda,001,1643700,497,96,1,97,2
2020-03-24,Alpine,003,1148,1,0,0,0,0
2020-03-24,Amador,005,37829,1,1,0,1,0
2020-03-24,Butte,007,227075,11,3,0,3,0
2020-03-24,Calaveras,009,45235,2,2,0,2,0
2020-03-24,Colusa,011,21464,2,0,0,0,0
2020-03-24,Contra Costa,013,1133247,351,108,0,108,1
2020-03-24,Del Norte,015,27424,0,0,0,0,0
2020-03-24,El Dorado,017,186661,25,3,0,3,0
2020-03-24,Fresno,019,978130,134,18,1,19,0
2020-03-24,Glenn,021,27897,2,0,0,0,0
2020-03-24,Humboldt,023,135768,32,2,0,2,0
2020-03-24,Imperial,025,180216,57,3,0,3,0
2020-03-24,Inyo,027,18085,5,0,0,0,0
2020-03-24,Kern,029,883053,144,5,0,5,0
2020-03-24,Kings,031,150075,19,0,1,1,0
2020-03-24,Lake,033,64148,0,0,0,0,0
2020-03-24,Lassen,035,31185,1,0,1,1,0
2020-03-24,Los Angeles,037,10098052,3673,633,13,646,7
2020-03-24,Madera,039,155013,35,6,0,6,0
2020-03-24,Marin,041,260295,84,44,0,44,0
2020-03-24,Mariposa,043,17540,0,0,0,0,0
2020-03-24,Mendocino,045,87422,3,1,0,1,0
2020-03-24,Merced,047,269075,17,0,0,0,0
2020-03-24,Modoc,049,8938,0,0,0,0,0
2020-03-24,Mono,051,14174,21,1,0,1,0
2020-03-24,Monterey,053,433212,53,23,1,24,1
2020-03-24,Napa,055,140530,23,2,0,2,0
2020-03-24,Nevada,057,99092,30,4,1,5,0
2020-03-24,Orange,059,3164182,964,166,7,173,0
2020-03-24,Placer,061,380077,89,22,0,22,1
2020-03-24,Plumas,063,18699,0,1,0,1,0
2020-03-24,Riverside,065,2383286,694,56,6,62,5
2020-03-24,Sacramento,067,1510023,423,93,0,93,4
2020-03-24,San Benito,069,59416,26,4,0,4,1
2020-03-24,San Bernardino,071,2135413,362,27,0,27,0
2020-03-24,San Diego,073,3302833,1127,231,0,231,2
2020-03-24,San Francisco,075,870044,515,181,0,181,1
2020-03-24,San Joaquin,077,732212,164,52,3,55,2
2020-03-24,San Luis Obispo,079,281455,97,32,0,32,0
2020-03-24,San Mateo,081,765935,533,100,2,102,2
2020-03-24,Santa Barbara,083,443738,189,20,0,20,0
2020-03-24,Santa Clara,085,1922200,1107,389,1,390,17
2020-03-24,Santa Cruz,087,273765,62,22,0,22,0
2020-03-24,Shasta,089,179085,14,3,0,3,0
2020-03-24,Sierra,091,2930,0,0,0,0,0
2020-03-24,Siskiyou,093,43540,4,2,0,2,0
2020-03-24,Solano,095,438530,77,34,0,34,0
2020-03-24,Sonoma,097,501317,116,27,0,27,1
2020-03-24,Stanislaus,099,539301,63,13,3,16,0
2020-03-24,Sutter,101,95872,9,0,0,0,0
2020-03-24,Tehama,103,63373,1,0,0,0,0
2020-03-24,Trinity,105,12862,0,0,0,0,0
2020-03-24,Tulare,107,460477,61,10,2,12,0
2020-03-24,Tuolumne,109,53932,1,0,0,0,0
2020-03-24,Ventura,111,848112,213,44,0,44,1
2020-03-24,Yolo,113,214977,39,8,0,8,0
2020-03-24,Yuba,115,75493,7,2,0,2,0
2020-03-23,Alameda,001,1643700,466,88,1,89,1
2020-03-23,Alpine,003,1148,1,0,0,0,0
2020-03-23,Amador,005,37829,1,1,0,1,0
2020-03-23,Butte,007,227075,11,2,0,2,0
2020-03-23,Calaveras,009,45235,2,2,0,2,0
2020-03-23,Colusa,011,21464,1,0,0,0,0
2020-03-23,Contra Costa,013,1133247,331,91,0,91,2
2020-03-23,Del Norte,015,27424,0,0,0,0,0
2020-03-23,El Dorado,017,186661,24,3,0,3,0
2020-03-23,Fresno,019,978130,124,10,1,11,0
2020-03-23,Glenn,021,27897,2,0,0,0,0
2020-03-23,Humboldt,023,135768,30,2,0,2,0
2020-03-23,Imperial,025,180216,53,2,0,2,0
2020-03-23,Inyo,027,18085,3,0,0,0,0
2020-03-23,Kern,029,883053,130,5,0,5,0
2020-03-23,Kings,031,150075,19,0,1,1,0
2020-03-23,Lake,033,64148,0,0,0,0,0
2020-03-23,Lassen,035,31185,1,0,1,1,0
2020-03-23,Los Angeles,037,10098052,3369,389,13,402,4
2020-03-23,Madera,039,155013,35,4,0,4,0
2020-03-23,Marin,041,260295,79,30,0,30,0
2020-03-23,Mariposa,043,17540,0,0,0,0,0
2020-03-23,Mendocino,045,87422,3,1,0,1,0
2020-03-23,Merced,047,269075,11,0,0,0,0
2020-03-23,Modoc,049,8938,0,0,0,0,0
2020-03-23,Mono,051,14174,19,1,0,1,0
2020-03-23,Monterey,053,433212,48,14,1,15,1
2020-03-23,Napa,055,140530,21,1,0,1,0
2020-03-23,Nevada,057,99092,27,2,1,3,0
2020-03-23,Orange,059,3164182,908,138,7,145,0
2020-03-23,Placer,061,380077,86,19,0,19,1
2020-03-23,Plumas,063,18699,0,0,0,0,0
2020-03-23,Riverside,065,2383286,652,39,6,45,5
2020-03-23,Sacramento,067,1510023,390,87,0,87,4
2020-03-23,San Benito,069,59416,25,4,0,4,1
2020-03-23,San Bernardino,071,2135413,332,17,0,17,0
2020-03-23,San Diego,073,3302833,1068,178,0,178,1
2020-03-23,San Francisco,075,870044,486,152,0,152,0
2020-03-23,San Joaquin,077,732212,153,37,3,40,2
2020-03-23,San Luis Obispo,079,281455,91,23,0,23,0
2020-03-23,San Mateo,081,765935,495,88,2,90,1
2020-03-23,Santa Barbara,083,443738,168,18,0,18,0
2020-03-23,Santa Clara,085,1922200,1059,336,1,337,13
2020-03-23,Santa Cruz,087,273765,60,21,0,21,0
2020-03-23,Shasta,089,179085,12,2,0,2,0
2020-03-23,Sierra,091,2930,0,0,0,0,0
2020-03-23,Siskiyou,093,43540,4,2,0,2,0
2020-03-23,Solano,095,438530,73,33,0,33,0
2020-03-23,Sonoma,097,501317,104,19,0,19,1
2020-03-23,Stanislaus,099,539301,55,10,3,13,0
2020-03-23,Sutter,101,95872,9,0,0,0,0
2020-03-23,Tehama,103,63373,1,0,0,0,0
2020-03-23,Trinity,105,12862,0,0,0,0,0
2020-03-23,Tulare,107,460477,55,9,2,11,0
2020-03-23,Tuolumne,109,53932,1,0,0,0,0
2020-03-23,Ventura,111,848112,196,30,0,30,0
2020-03-23,Yolo,113,214977,38,8,0,8,0
2020-03-23,Yuba,115,75493,7,2,0,2,0
2020-03-22,Alameda,001,1643700,427,72,1,73,1
2020-03-22,Alpine,003,1148,1,0,0,0,0
2020-03-22,Amador,005,37829,1,1,0,1,0
2020-03-22,Butte,007,227075,8,1,0,1,0
2020-03-22,Calaveras,009,45235,2,2,0,2,0
2020-03-22,Colusa,011,21464,1,0,0,0,0
2020-03-22,Contra Costa,013,1133247,304,79,0,79,1
2020-03-22,Del Norte,015,27424,0,0,0,0,0
2020-03-22,El Dorado,017,186661,22,1,0,1,0
2020-03-22,Fresno,019,978130,104,8,1,9,0
2020-03-22,Glenn,021,27897,2,0,0,0,0
2020-03-22,Humboldt,023,135768,27,1,0,1,0
2020-03-22,Imperial,025,180216,51,2,0,2,0
2020-03-22,Inyo,027,18085,1,0,0,0,0
2020-03-22,Kern,029,883053,114,3,0,3,0
2020-03-22,Kings,031,150075,17,0,1,1,0
2020-03-22,Lake,033,64148,0,0,0,0,0
2020-03-22,Lassen,035,31185,1,0,1,1,0
2020-03-22,Los Angeles,037,10098052,3048,384,13,397,3
2020-03-22,Madera,039,155013,32,4,0,4,0
2020-03-22,Marin,041,260295,69,30,0,30,0
2020-03-22,Mariposa,043,17540,0,0,0,0,0
2020-03-22,Mendocino,045,87422,3,1,0,1,0
2020-03-22,Merced,047,269075,7,0,0,0,0
2020-03-22,Modoc,049,8938,0,0,0,0,0
2020-03-22,Mono,051,14174,14,1,0,1,0
2020-03-22,Monterey,053,433212,45,14,1,15,1
2020-03-22,Napa,055,140530,17,1,0,1,0
2020-03-22,Nevada,057,99092,23,2,1,3,0
2020-03-22,Orange,059,3164182,827,102,7,109,0
2020-03-22,Placer,061,380077,83,18,0,18,1
2020-03-22,Plumas,063,18699,0,0,0,0,0
2020-03-22,Riverside,065,2383286,568,26,4,30,5
2020-03-22,Sacramento,067,1510023,358,82,0,82,4
2020-03-22,San Benito,069,59416,20,4,0,4,1
2020-03-22,San Bernardino,071,2135413,289,16,0,16,0
2020-03-22,San Diego,073,3302833,980,161,0,161,0
2020-03-22,San Francisco,075,870044,449,134,0,134,0
2020-03-22,San Joaquin,077,732212,139,30,3,33,2
2020-03-22,San Luis Obispo,079,281455,86,19,0,19,0
2020-03-22,San Mateo,081,765935,462,82,2,84,1
2020-03-22,Santa Barbara,083,443738,150,16,0,16,0
2020-03-22,Santa Clara,085,1922200,997,284,1,285,13
2020-03-22,Santa Cruz,087,273765,59,19,0,19,0
2020-03-22,Shasta,089,179085,12,1,0,1,0
2020-03-22,Sierra,091,2930,0,0,0,0,0
2020-03-22,Siskiyou,093,43540,4,2,0,2,0
2020-03-22,Solano,095,438530,64,30,0,30,0
2020-03-22,Sonoma,097,501317,99,18,0,18,1
2020-03-22,Stanislaus,099,539301,49,8,3,11,0
2020-03-22,Sutter,101,95872,8,0,0,0,0
2020-03-22,Tehama,103,63373,0,0,0,0,0
2020-03-22,Trinity,105,12862,0,0,0,0,0
2020-03-22,Tulare,107,460477,51,5,2,7,0
2020-03-22,Tuolumne,109,53932,1,0,0,0,0
2020-03-22,Ventura,111,848112,174,26,0,26,0
2020-03-22,Yolo,113,214977,32,6,0,6,0
2020-03-22,Yuba,115,75493,7,2,0,2,0
2020-03-21,Alameda,001,1643700,403,62,1,63,0
2020-03-21,Alpine,003,1148,1,0,0,0,0
2020-03-21,Amador,005,37829,1,1,0,1,0
2020-03-21,Butte,007,227075,7,1,0,1,0
2020-03-21,Calaveras,009,45235,2,2,0,2,0
2020-03-21,Colusa,011,21464,1,0,0,0,0
2020-03-21,Contra Costa,013,1133247,293,62,0,62,1
2020-03-21,Del Norte,015,27424,0,0,0,0,0
2020-03-21,El Dorado,017,186661,19,1,0,1,0
2020-03-21,Fresno,019,978130,100,8,1,9,0
2020-03-21,Glenn,021,27897,2,0,0,0,0
2020-03-21,Humboldt,023,135768,25,1,0,1,0
2020-03-21,Imperial,025,180216,47,2,0,2,0
2020-03-21,Inyo,027,18085,1,0,0,0,0
2020-03-21,Kern,029,883053,108,3,0,3,0
2020-03-21,Kings,031,150075,17,0,1,1,0
2020-03-21,Lake,033,64148,0,0,0,0,0
2020-03-21,Lassen,035,31185,1,0,1,1,0
2020-03-21,Los Angeles,037,10098052,2775,322,13,335,2
2020-03-21,Madera,039,155013,32,4,0,4,0
2020-03-21,Marin,041,260295,64,30,0,30,0
2020-03-21,Mariposa,043,17540,0,0,0,0,0
2020-03-21,Mendocino,045,87422,3,1,0,1,0
2020-03-21,Merced,047,269075,6,0,0,0,0
2020-03-21,Modoc,049,8938,0,0,0,0,0
2020-03-21,Mono,051,14174,14,1,0,1,0
2020-03-21,Monterey,053,433212,43,8,1,9,1
2020-03-21,Napa,055,140530,17,0,0,0,0
2020-03-21,Nevada,057,99092,23,2,1,3,0
2020-03-21,Orange,059,3164182,778,85,7,92,0
2020-03-21,Placer,061,380077,74,11,0,11,1
2020-03-21,Plumas,063,18699,0,0,0,0,0
2020-03-21,Riverside,065,2383286,524,20,4,24,3
2020-03-21,Sacramento,067,1510023,331,66,0,66,3
2020-03-21,San Benito,069,59416,18,4,0,4,1
2020-03-21,San Bernardino,071,2135413,269,13,0,13,0
2020-03-21,San Diego,073,3302833,903,121,0,121,0
2020-03-21,San Francisco,075,870044,413,106,0,106,0
2020-03-21,San Joaquin,077,732212,130,26,3,29,2
2020-03-21,San Luis Obispo,079,281455,82,16,0,16,0
2020-03-21,San Mateo,081,765935,424,78,2,80,1
2020-03-21,Santa Barbara,083,443738,135,8,0,8,0
2020-03-21,Santa Clara,085,1922200,937,269,1,270,10
2020-03-21,Santa Cruz,087,273765,57,17,0,17,0
2020-03-21,Shasta,089,179085,11,1,0,1,0
2020-03-21,Sierra,091,2930,0,0,0,0,0
2020-03-21,Siskiyou,093,43540,4,0,0,0,0
2020-03-21,Solano,095,438530,62,30,0,30,0
2020-03-21,Sonoma,097,501317,98,15,0,15,1
2020-03-21,Stanislaus,099,539301,43,7,3,10,0
2020-03-21,Sutter,101,95872,7,0,0,0,0
2020-03-21,Tehama,103,63373,0,0,0,0,0
2020-03-21,Trinity,105,12862,0,0,0,0,0
2020-03-21,Tulare,107,460477,46,5,2,7,0
2020-03-21,Tuolumne,109,53932,1,0,0,0,0
2020-03-21,Ventura,111,848112,166,22,0,22,0
2020-03-21,Yolo,113,214977,32,6,0,6,0
2020-03-21,Yuba,115,75493,7,1,0,1,0
2020-03-20,Alameda,001,1643700,382,42,1,43,0
2020-03-20,Alpine,003,1148,1,0,0,0,0
2020-03-20,Amador,005,37829,0,0,0,0,0
2020-03-20,Butte,007,227075,7,0,0,0,0
2020-03-20,Calaveras,009,45235,2,2,0,2,0
2020-03-20,Colusa,011,21464,1,0,0,0,0
2020-03-20,Contra Costa,013,1133247,264,52,0,52,1
2020-03-20,Del Norte,015,27424,0,0,0,0,0
2020-03-20,El Dorado,017,186661,18,1,0,1,0
2020-03-20,Fresno,019,978130,97,7,1,8,0
2020-03-20,Glenn,021,27897,1,0,0,0,0
2020-03-20,Humboldt,023,135768,25,1,0,1,0
2020-03-20,Imperial,025,180216,46,2,0,2,0
2020-03-20,Inyo,027,18085,0,0,0,0,0
2020-03-20,Kern,029,883053,93,3,0,3,0
2020-03-20,Kings,031,150075,17,0,1,1,0
2020-03-20,Lake,033,64148,0,0,0,0,0
2020-03-20,Lassen,035,31185,1,0,1,1,0
2020-03-20,Los Angeles,037,10098052,2550,267,12,279,1
2020-03-20,Madera,039,155013,31,4,0,4,0
2020-03-20,Marin,041,260295,61,30,0,30,0
2020-03-20,Mariposa,043,17540,0,0,0,0,0
2020-03-20,Mendocino,045,87422,3,1,0,1,0
2020-03-20,Merced,047,269075,6,0,0,0,0
2020-03-20,Modoc,049,8938,0,0,0,0,0
2020-03-20,Mono,051,14174,14,0,0,0,0
2020-03-20,Monterey,053,433212,42,4,1,5,0
2020-03-20,Napa,055,140530,16,0,0,0,0
2020-03-20,Nevada,057,99092,20,2,1,3,0
2020-03-20,Orange,059,3164182,731,71,7,78,2
2020-03-20,Placer,061,380077,68,9,0,9,1
2020-03-20,Plumas,063,18699,0,0,0,0,0
2020-03-20,Riverside,065,2383286,471,19,4,23,3
2020-03-20,Sacramento,067,1510023,310,56,0,56,4
2020-03-20,San Benito,069,59416,18,4,0,4,1
2020-03-20,San Bernardino,071,2135413,242,9,0,9,0
2020-03-20,San Diego,073,3302833,851,98,0,98,0
2020-03-20,San Francisco,075,870044,381,87,0,87,0
2020-03-20,San Joaquin,077,732212,115,18,3,21,2
2020-03-20,San Luis Obispo,079,281455,79,11,0,11,0
2020-03-20,San Mateo,081,765935,394,71,2,73,1
2020-03-20,Santa Barbara,083,443738,118,7,0,7,0
2020-03-20,Santa Clara,085,1922200,900,246,1,247,8
2020-03-20,Santa Cruz,087,273765,55,13,0,13,0
2020-03-20,Shasta,089,179085,10,1,0,1,0
2020-03-20,Sierra,091,2930,0,0,0,0,0
2020-03-20,Siskiyou,093,43540,4,0,0,0,0
2020-03-20,Solano,095,438530,58,29,0,29,0
2020-03-20,Sonoma,097,501317,90,7,0,7,0
2020-03-20,Stanislaus,099,539301,37,7,3,10,0
2020-03-20,Sutter,101,95872,7,0,0,0,0
2020-03-20,Tehama,103,63373,0,0,0,0,0
2020-03-20,Trinity,105,12862,0,0,0,0,0
2020-03-20,Tulare,107,460477,42,4,2,6,0
2020-03-20,Tuolumne,109,53932,1,0,0,0,0
2020-03-20,Ventura,111,848112,156,18,0,18,0
2020-03-20,Yolo,113,214977,30,5,0,5,0
2020-03-20,Yuba,115,75493,6,0,0,0,0
2020-03-19,Alameda,001,1643700,346,36,1,37,0
2020-03-19,Alpine,003,1148,1,0,0,0,0
2020-03-19,Amador,005,37829,0,0,0,0,0
2020-03-19,Butte,007,227075,5,0,0,0,0
2020-03-19,Calaveras,009,45235,2,2,0,2,0
2020-03-19,Colusa,011,21464,0,0,0,0,0
2020-03-19,Contra Costa,013,1133247,248,46,0,46,0
2020-03-19,Del Norte,015,27424,0,0,0,0,0
2020-03-19,El Dorado,017,186661,17,0,0,0,0
2020-03-19,Fresno,019,978130,88,6,1,7,0
2020-03-19,Glenn,021,27897,1,0,0,0,0
2020-03-19,Humboldt,023,135768,23,1,0,1,0
2020-03-19,Imperial,025,180216,39,2,0,2,0
2020-03-19,Inyo,027,18085,0,0,0,0,0
2020-03-19,Kern,029,883053,81,3,0,3,0
2020-03-19,Kings,031,150075,14,0,1,1,0
2020-03-19,Lake,033,64148,0,0,0,0,0
2020-03-19,Lassen,035,31185,0,0,1,1,0
2020-03-19,Los Angeles,037,10098052,2263,233,12,245,0
2020-03-19,Madera,039,155013,30,3,0,3,0
2020-03-19,Marin,041,260295,58,19,0,19,0
2020-03-19,Mariposa,043,17540,0,0,0,0,0
2020-03-19,Mendocino,045,87422,2,1,0,1,0
2020-03-19,Merced,047,269075,5,0,0,0,0
2020-03-19,Modoc,049,8938,0,0,0,0,0
2020-03-19,Mono,051,14174,12,0,0,0,0
2020-03-19,Monterey,053,433212,34,3,1,4,0
2020-03-19,Napa,055,140530,14,0,0,0,0
2020-03-19,Nevada,057,99092,18,2,1,3,0
2020-03-19,Orange,059,3164182,649,59,6,65,0
2020-03-19,Placer,061,380077,60,8,0,8,1
2020-03-19,Plumas,063,18699,0,0,0,0,0
2020-03-19,Riverside,065,2383286,371,14,3,17,3
2020-03-19,Sacramento,067,1510023,277,52,0,52,3
2020-03-19,San Benito,069,59416,15,3,0,3,0
2020-03-19,San Bernardino,071,2135413,212,7,0,7,0
2020-03-19,San Diego,073,3302833,768,68,0,68,0
2020-03-19,San Francisco,075,870044,345,80,0,80,0
2020-03-19,San Joaquin,077,732212,102,15,3,18,2
2020-03-19,San Luis Obispo,079,281455,76,6,0,6,0
2020-03-19,San Mateo,081,765935,359,58,2,60,1
2020-03-19,Santa Barbara,083,443738,102,5,0,5,0
2020-03-19,Santa Clara,085,1922200,834,183,1,184,8
2020-03-19,Santa Cruz,087,273765,52,13,0,13,0
2020-03-19,Shasta,089,179085,9,1,0,1,0
2020-03-19,Sierra,091,2930,0,0,0,0,0
2020-03-19,Siskiyou,093,43540,3,0,0,0,0
2020-03-19,Solano,095,438530,54,26,0,26,0
2020-03-19,Sonoma,097,501317,87,8,0,8,0
2020-03-19,Stanislaus,099,539301,36,7,3,10,0
2020-03-19,Sutter,101,95872,7,0,0,0,0
2020-03-19,Tehama,103,63373,0,0,0,0,0
2020-03-19,Trinity,105,12862,0,0,0,0,0
2020-03-19,Tulare,107,460477,37,3,2,5,0
2020-03-19,Tuolumne,109,53932,1,0,0,0,0
2020-03-19,Ventura,111,848112,134,15,0,15,0
2020-03-19,Yolo,113,214977,26,5,0,5,0
2020-03-19,Yuba,115,75493,5,0,0,0,0
2020-03-18,Alameda,001,1643700,318,29,1,30,0
2020-03-18,Alpine,003,1148,1,0,0,0,0
2020-03-18,Amador,005,37829,0,0,0,0,0
2020-03-18,Butte,007,227075,4,0,0,0,0
2020-03-18,Calaveras,009,45235,2,2,0,2,0
2020-03-18,Colusa,011,21464,0,0,0,0,0
2020-03-18,Contra Costa,013,1133247,227,44,0,44,0
2020-03-18,Del Norte,015,27424,0,0,0,0,0
2020-03-18,El Dorado,017,186661,16,0,0,0,0
2020-03-18,Fresno,019,978130,78,3,1,4,0
2020-03-18,Glenn,021,27897,1,0,0,0,0
2020-03-18,Humboldt,023,135768,19,1,0,1,0
2020-03-18,Imperial,025,180216,33,2,0,2,0
2020-03-18,Inyo,027,18085,0,0,0,0,0
2020-03-18,Kern,029,883053,66,1,0,1,0
2020-03-18,Kings,031,150075,12,0,1,1,0
2020-03-18,Lake,033,64148,0,0,0,0,0
2020-03-18,Lassen,035,31185,0,0,1,1,0
2020-03-18,Los Angeles,037,10098052,2024,47,12,59,0
2020-03-18,Madera,039,155013,29,2,0,2,0
2020-03-18,Marin,041,260295,53,10,0,10,0
2020-03-18,Mariposa,043,17540,0,0,0,0,0
2020-03-18,Mendocino,045,87422,2,0,0,0,0
2020-03-18,Merced,047,269075,5,0,0,0,0
2020-03-18,Modoc,049,8938,0,0,0,0,0
2020-03-18,Mono,051,14174,11,0,0,0,0
2020-03-18,Monterey,053,433212,28,1,1,2,0
2020-03-18,Napa,055,140530,11,0,0,0,0
2020-03-18,Nevada,057,99092,16,2,1,3,0
2020-03-18,Orange,059,3164182,590,38,6,44,0
2020-03-18,Placer,061,380077,53,8,0,8,1
2020-03-18,Plumas,063,18699,0,0,0,0,0
2020-03-18,Riverside,065,2383286,314,11,3,14,2
2020-03-18,Sacramento,067,1510023,254,46,0,46,3
2020-03-18,San Benito,069,59416,14,3,0,3,0
2020-03-18,San Bernardino,071,2135413,190,3,0,3,0
2020-03-18,San Diego,073,3302833,683,40,0,40,0
2020-03-18,San Francisco,075,870044,326,65,0,65,0
2020-03-18,San Joaquin,077,732212,90,14,3,17,2
2020-03-18,San Luis Obispo,079,281455,69,5,0,5,0
2020-03-18,San Mateo,081,765935,337,57,2,59,1
2020-03-18,Santa Barbara,083,443738,88,2,0,2,0
2020-03-18,Santa Clara,085,1922200,785,151,1,152,6
2020-03-18,Santa Cruz,087,273765,50,11,0,11,0
2020-03-18,Shasta,089,179085,8,1,0,1,0
2020-03-18,Sierra,091,2930,0,0,0,0,0
2020-03-18,Siskiyou,093,43540,3,0,0,0,0
2020-03-18,Solano,095,438530,50,26,0,26,0
2020-03-18,Sonoma,097,501317,78,6,0,6,0
2020-03-18,Stanislaus,099,539301,32,5,2,7,0
2020-03-18,Sutter,101,95872,5,0,0,0,0
2020-03-18,Tehama,103,63373,0,0,0,0,0
2020-03-18,Trinity,105,12862,0,0,0,0,0
2020-03-18,Tulare,107,460477,28,3,2,5,0
2020-03-18,Tuolumne,109,53932,1,0,0,0,0
2020-03-18,Ventura,111,848112,115,11,0,11,0
2020-03-18,Yolo,113,214977,23,4,0,4,0
2020-03-18,Yuba,115,75493,4,0,0,0,0
2020-03-17,Alameda,001,1643700,286,19,0,19,0
2020-03-17,Alpine,003,1148,0,0,0,0,0
2020-03-17,Amador,005,37829,0,0,0,0,0
2020-03-17,Butte,007,227075,4,0,0,0,0
2020-03-17,Calaveras,009,45235,2,2,0,2,0
2020-03-17,Colusa,011,21464,0,0,0,0,0
2020-03-17,Contra Costa,013,1133247,205,37,0,37,0
2020-03-17,Del Norte,015,27424,0,0,0,0,0
2020-03-17,El Dorado,017,186661,15,0,0,0,0
2020-03-17,Fresno,019,978130,68,2,1,3,0
2020-03-17,Glenn,021,27897,1,0,0,0,0
2020-03-17,Humboldt,023,135768,17,1,0,1,0
2020-03-17,Imperial,025,180216,27,2,0,2,0
2020-03-17,Inyo,027,18085,0,0,0,0,0
2020-03-17,Kern,029,883053,52,0,0,0,0
2020-03-17,Kings,031,150075,11,0,1,1,0
2020-03-17,Lake,033,64148,0,0,0,0,0
2020-03-17,Lassen,035,31185,0,0,1,1,0
2020-03-17,Los Angeles,037,10098052,1823,41,12,53,0
2020-03-17,Madera,039,155013,22,2,0,2,0
2020-03-17,Marin,041,260295,46,4,0,4,0
2020-03-17,Mariposa,043,17540,0,0,0,0,0
2020-03-17,Mendocino,045,87422,2,0,0,0,0
2020-03-17,Merced,047,269075,5,0,0,0,0
2020-03-17,Modoc,049,8938,0,0,0,0,0
2020-03-17,Mono,051,14174,9,0,0,0,0
2020-03-17,Monterey,053,433212,26,0,1,1,0
2020-03-17,Napa,055,140530,8,0,0,0,0
2020-03-17,Nevada,057,99092,15,1,1,2,0
2020-03-17,Orange,059,3164182,512,24,6,30,0
2020-03-17,Placer,061,380077,43,7,0,7,1
2020-03-17,Plumas,063,18699,0,0,0,0,0
2020-03-17,Riverside,065,2383286,254,11,3,14,0
2020-03-17,Sacramento,067,1510023,234,36,0,36,1
2020-03-17,San Benito,069,59416,12,2,0,2,0
2020-03-17,San Bernardino,071,2135413,162,2,0,2,0
2020-03-17,San Diego,073,3302833,616,17,0,17,0
2020-03-17,San Francisco,075,870044,299,46,0,46,0
2020-03-17,San Joaquin,077,732212,84,11,3,14,0
2020-03-17,San Luis Obispo,079,281455,62,1,0,1,0
2020-03-17,San Mateo,081,765935,305,46,2,48,1
2020-03-17,Santa Barbara,083,443738,75,0,0,0,0
2020-03-17,Santa Clara,085,1922200,727,121,1,122,4
2020-03-17,Santa Cruz,087,273765,47,10,0,10,0
2020-03-17,Shasta,089,179085,4,1,0,1,0
2020-03-17,Sierra,091,2930,0,0,0,0,0
2020-03-17,Siskiyou,093,43540,3,0,0,0,0
2020-03-17,Solano,095,438530,47,27,0,27,0
2020-03-17,Sonoma,097,501317,70,4,0,4,0
2020-03-17,Stanislaus,099,539301,29,4,2,6,0
2020-03-17,Sutter,101,95872,5,0,0,0,0
2020-03-17,Tehama,103,63373,0,0,0,0,0
2020-03-17,Trinity,105,12862,0,0,0,0,0
2020-03-17,Tulare,107,460477,25,2,2,4,0
2020-03-17,Tuolumne,109,53932,1,0,0,0,0
2020-03-17,Ventura,111,848112,98,7,0,7,0
2020-03-17,Yolo,113,214977,19,2,0,2,0
2020-03-17,Yuba,115,75493,4,0,0,0,0
2020-03-16,Alameda,001,1643700,258,17,0,17,0
2020-03-16,Alpine,003,1148,0,0,0,0,0
2020-03-16,Amador,005,37829,0,0,0,0,0
2020-03-16,Butte,007,227075,3,0,0,0,0
2020-03-16,Calaveras,009,45235,2,2,0,2,0
2020-03-16,Colusa,011,21464,0,0,0,0,0
2020-03-16,Contra Costa,013,1133247,183,36,0,36,0
2020-03-16,Del Norte,015,27424,0,0,0,0,0
2020-03-16,El Dorado,017,186661,14,0,0,0,0
2020-03-16,Fresno,019,978130,53,2,1,3,0
2020-03-16,Glenn,021,27897,0,0,0,0,0
2020-03-16,Humboldt,023,135768,13,1,0,1,0
2020-03-16,Imperial,025,180216,22,2,0,2,0
2020-03-16,Inyo,027,18085,0,0,0,0,0
2020-03-16,Kern,029,883053,43,0,0,0,0
2020-03-16,Kings,031,150075,10,0,1,1,0
2020-03-16,Lake,033,64148,0,0,0,0,0
2020-03-16,Lassen,035,31185,0,0,0,0,0
2020-03-16,Los Angeles,037,10098052,1588,43,12,55,0
2020-03-16,Madera,039,155013,21,2,0,2,0
2020-03-16,Marin,041,260295,43,4,0,4,0
2020-03-16,Mariposa,043,17540,0,0,0,0,0
2020-03-16,Mendocino,045,87422,2,0,0,0,0
2020-03-16,Merced,047,269075,5,0,0,0,0
2020-03-16,Modoc,049,8938,0,0,0,0,0
2020-03-16,Mono,051,14174,7,0,0,0,0
2020-03-16,Monterey,053,433212,25,0,1,1,0
2020-03-16,Napa,055,140530,7,0,0,0,0
2020-03-16,Nevada,057,99092,11,1,1,2,0
2020-03-16,Orange,059,3164182,428,18,6,24,0
2020-03-16,Placer,061,380077,36,7,0,7,1
2020-03-16,Plumas,063,18699,0,0,0,0,0
2020-03-16,Riverside,065,2383286,220,10,3,13,0
2020-03-16,Sacramento,067,1510023,207,34,0,34,1
2020-03-16,San Benito,069,59416,8,2,0,2,0
2020-03-16,San Bernardino,071,2135413,142,1,0,1,0
2020-03-16,San Diego,073,3302833,525,17,0,17,0
2020-03-16,San Francisco,075,870044,262,40,0,40,0
2020-03-16,San Joaquin,077,732212,74,9,3,12,0
2020-03-16,San Luis Obispo,079,281455,55,1,0,1,0
2020-03-16,San Mateo,081,765935,269,42,2,44,1
2020-03-16,Santa Barbara,083,443738,63,0,0,0,0
2020-03-16,Santa Clara,085,1922200,652,115,1,116,2
2020-03-16,Santa Cruz,087,273765,43,9,0,9,0
2020-03-16,Shasta,089,179085,4,1,0,1,0
2020-03-16,Sierra,091,2930,0,0,0,0,0
2020-03-16,Siskiyou,093,43540,2,0,0,0,0
2020-03-16,Solano,095,438530,43,27,0,27,0
2020-03-16,Sonoma,097,501317,63,4,0,4,0
2020-03-16,Stanislaus,099,539301,26,2,2,4,0
2020-03-16,Sutter,101,95872,3,0,0,0,0
2020-03-16,Tehama,103,63373,0,0,0,0,0
2020-03-16,Trinity,105,12862,0,0,0,0,0
2020-03-16,Tulare,107,460477,21,2,2,4,0
2020-03-16,Tuolumne,109,53932,1,0,0,0,0
2020-03-16,Ventura,111,848112,88,7,0,7,0
2020-03-16,Yolo,113,214977,18,2,0,2,0
2020-03-16,Yuba,115,75493,3,0,0,0,0
2020-03-15,Alameda,001,1643700,212,17,0,17,0
2020-03-15,Alpine,003,1148,0,0,0,0,0
2020-03-15,Amador,005,37829,0,0,0,0,0
2020-03-15,Butte,007,227075,3,0,0,0,0
2020-03-15,Calaveras,009,45235,2,2,0,2,0
2020-03-15,Colusa,011,21464,0,0,0,0,0
2020-03-15,Contra Costa,013,1133247,160,34,0,34,0
2020-03-15,Del Norte,015,27424,0,0,0,0,0
2020-03-15,El Dorado,017,186661,13,0,0,0,0
2020-03-15,Fresno,019,978130,33,1,1,2,0
2020-03-15,Glenn,021,27897,0,0,0,0,0
2020-03-15,Humboldt,023,135768,11,1,0,1,0
2020-03-15,Imperial,025,180216,17,2,0,2,0
2020-03-15,Inyo,027,18085,0,0,0,0,0
2020-03-15,Kern,029,883053,37,0,0,0,0
2020-03-15,Kings,031,150075,10,0,1,1,0
2020-03-15,Lake,033,64148,0,0,0,0,0
2020-03-15,Lassen,035,31185,0,0,0,0,0
2020-03-15,Los Angeles,037,10098052,1349,41,12,53,0
2020-03-15,Madera,039,155013,20,2,0,2,0
2020-03-15,Marin,041,260295,37,3,0,3,0
2020-03-15,Mariposa,043,17540,0,0,0,0,0
2020-03-15,Mendocino,045,87422,2,0,0,0,0
2020-03-15,Merced,047,269075,3,0,0,0,0
2020-03-15,Modoc,049,8938,0,0,0,0,0
2020-03-15,Mono,051,14174,6,0,0,0,0
2020-03-15,Monterey,053,433212,19,0,0,0,0
2020-03-15,Napa,055,140530,7,0,0,0,0
2020-03-15,Nevada,057,99092,11,0,1,1,0
2020-03-15,Orange,059,3164182,355,16,3,19,0
2020-03-15,Placer,061,380077,31,7,0,7,1
2020-03-15,Plumas,063,18699,0,0,0,0,0
2020-03-15,Riverside,065,2383286,172,10,3,13,0
2020-03-15,Sacramento,067,1510023,171,30,0,30,1
2020-03-15,San Benito,069,59416,8,2,0,2,0
2020-03-15,San Bernardino,071,2135413,120,0,0,0,0
2020-03-15,San Diego,073,3302833,438,16,0,16,0
2020-03-15,San Francisco,075,870044,206,31,0,31,0
2020-03-15,San Joaquin,077,732212,63,6,3,9,0
2020-03-15,San Luis Obispo,079,281455,45,1,0,1,0
2020-03-15,San Mateo,081,765935,236,29,1,30,1
2020-03-15,Santa Barbara,083,443738,53,0,0,0,0
2020-03-15,Santa Clara,085,1922200,581,79,1,80,2
2020-03-15,Santa Cruz,087,273765,38,8,0,8,0
2020-03-15,Shasta,089,179085,4,1,0,1,0
2020-03-15,Sierra,091,2930,0,0,0,0,0
2020-03-15,Siskiyou,093,43540,2,0,0,0,0
2020-03-15,Solano,095,438530,42,26,0,26,0
2020-03-15,Sonoma,097,501317,54,4,0,4,0
2020-03-15,Stanislaus,099,539301,26,2,2,4,0
2020-03-15,Sutter,101,95872,2,0,0,0,0
2020-03-15,Tehama,103,63373,0,0,0,0,0
2020-03-15,Trinity,105,12862,0,0,0,0,0
2020-03-15,Tulare,107,460477,16,2,2,4,0
2020-03-15,Tuolumne,109,53932,1,0,0,0,0
2020-03-15,Ventura,111,848112,77,5,0,5,0
2020-03-15,Yolo,113,214977,15,2,0,2,0
2020-03-15,Yuba,115,75493,2,0,0,0,0
2020-03-14,Alameda,001,1643700,193,11,0,11,0
2020-03-14,Alpine,003,1148,0,0,0,0,0
2020-03-14,Amador,005,37829,0,0,0,0,0
2020-03-14,Butte,007,227075,2,0,0,0,0
2020-03-14,Calaveras,009,45235,2,2,0,2,0
2020-03-14,Colusa,011,21464,0,0,0,0,0
2020-03-14,Contra Costa,013,1133247,138,30,0,30,0
2020-03-14,Del Norte,015,27424,0,0,0,0,0
2020-03-14,El Dorado,017,186661,11,0,0,0,0
2020-03-14,Fresno,019,978130,25,1,1,2,0
2020-03-14,Glenn,021,27897,0,0,0,0,0
2020-03-14,Humboldt,023,135768,7,1,0,1,0
2020-03-14,Imperial,025,180216,13,2,0,2,0
2020-03-14,Inyo,027,18085,0,0,0,0,0
2020-03-14,Kern,029,883053,32,0,0,0,0
2020-03-14,Kings,031,150075,10,0,1,1,0
2020-03-14,Lake,033,64148,0,0,0,0,0
2020-03-14,Lassen,035,31185,0,0,0,0,0
2020-03-14,Los Angeles,037,10098052,1171,35,12,47,0
2020-03-14,Madera,039,155013,19,2,0,2,0
2020-03-14,Marin,041,260295,36,3,0,3,0
2020-03-14,Mariposa,043,17540,0,0,0,0,0
2020-03-14,Mendocino,045,87422,2,0,0,0,0
2020-03-14,Merced,047,269075,3,0,0,0,0
2020-03-14,Modoc,049,8938,0,0,0,0,0
2020-03-14,Mono,051,14174,5,0,0,0,0
2020-03-14,Monterey,053,433212,13,0,0,0,0
2020-03-14,Napa,055,140530,5,0,0,0,0
2020-03-14,Nevada,057,99092,8,0,1,1,0
2020-03-14,Orange,059,3164182,315,14,2,16,0
2020-03-14,Placer,061,380077,28,6,0,6,1
2020-03-14,Plumas,063,18699,0,0,0,0,0
2020-03-14,Riverside,065,2383286,152,10,3,13,0
2020-03-14,Sacramento,067,1510023,150,31,0,31,1
2020-03-14,San Benito,069,59416,8,2,0,2,0
2020-03-14,San Bernardino,071,2135413,102,0,0,0,0
2020-03-14,San Diego,073,3302833,363,10,0,10,0
2020-03-14,San Francisco,075,870044,185,29,0,29,0
2020-03-14,San Joaquin,077,732212,54,6,3,9,0
2020-03-14,San Luis Obispo,079,281455,40,0,0,0,0
2020-03-14,San Mateo,081,765935,213,27,1,28,0
2020-03-14,Santa Barbara,083,443738,41,0,0,0,0
2020-03-14,Santa Clara,085,1922200,525,62,1,63,2
2020-03-14,Santa Cruz,087,273765,33,8,0,8,0
2020-03-14,Shasta,089,179085,4,1,0,1,0
2020-03-14,Sierra,091,2930,0,0,0,0,0
2020-03-14,Siskiyou,093,43540,1,0,0,0,0
2020-03-14,Solano,095,438530,40,26,0,26,0
2020-03-14,Sonoma,097,501317,41,2,0,2,0
2020-03-14,Stanislaus,099,539301,22,2,2,4,0
2020-03-14,Sutter,101,95872,2,0,0,0,0
2020-03-14,Tehama,103,63373,0,0,0,0,0
2020-03-14,Trinity,105,12862,0,0,0,0,0
2020-03-14,Tulare,107,460477,14,2,2,4,0
2020-03-14,Tuolumne,109,53932,1,0,0,0,0
2020-03-14,Ventura,111,848112,68,5,0,5,0
2020-03-14,Yolo,113,214977,15,2,0,2,0
2020-03-14,Yuba,115,75493,1,0,0,0,0
2020-03-13,Alameda,001,1643700,174,12,0,12,0
2020-03-13,Alpine,003,1148,0,0,0,0,0
2020-03-13,Amador,005,37829,0,0,0,0,0
2020-03-13,Butte,007,227075,0,0,0,0,0
2020-03-13,Calaveras,009,45235,2,2,0,2,0
2020-03-13,Colusa,011,21464,0,0,0,0,0
2020-03-13,Contra Costa,013,1133247,125,22,0,22,0
2020-03-13,Del Norte,015,27424,0,0,0,0,0
2020-03-13,El Dorado,017,186661,10,0,0,0,0
2020-03-13,Fresno,019,978130,20,1,1,2,0
2020-03-13,Glenn,021,27897,0,0,0,0,0
2020-03-13,Humboldt,023,135768,7,1,0,1,0
2020-03-13,Imperial,025,180216,12,2,0,2,0
2020-03-13,Inyo,027,18085,0,0,0,0,0
2020-03-13,Kern,029,883053,27,0,0,0,0
2020-03-13,Kings,031,150075,9,0,1,1,0
2020-03-13,Lake,033,64148,0,0,0,0,0
2020-03-13,Lassen,035,31185,0,0,0,0,0
2020-03-13,Los Angeles,037,10098052,1018,30,11,41,0
2020-03-13,Madera,039,155013,18,1,0,1,0
2020-03-13,Marin,041,260295,34,3,0,3,0
2020-03-13,Mariposa,043,17540,0,0,0,0,0
2020-03-13,Mendocino,045,87422,2,0,0,0,0
2020-03-13,Merced,047,269075,2,0,0,0,0
2020-03-13,Modoc,049,8938,0,0,0,0,0
2020-03-13,Mono,051,14174,3,0,0,0,0
2020-03-13,Monterey,053,433212,8,0,0,0,0
2020-03-13,Napa,055,140530,3,0,0,0,0
2020-03-13,Nevada,057,99092,7,0,1,1,0
2020-03-13,Orange,059,3164182,273,10,2,12,0
2020-03-13,Placer,061,380077,27,6,0,6,1
2020-03-13,Plumas,063,18699,0,0,0,0,0
2020-03-13,Riverside,065,2383286,124,5,2,7,0
2020-03-13,Sacramento,067,1510023,129,18,0,18,1
2020-03-13,San Benito,069,59416,6,2,0,2,0
2020-03-13,San Bernardino,071,2135413,95,0,0,0,0
2020-03-13,San Diego,073,3302833,313,8,0,8,0
2020-03-13,San Francisco,075,870044,171,28,0,28,0
2020-03-13,San Joaquin,077,732212,50,6,3,9,0
2020-03-13,San Luis Obispo,079,281455,32,0,0,0,0
2020-03-13,San Mateo,081,765935,192,24,1,25,0
2020-03-13,Santa Barbara,083,443738,37,0,0,0,0
2020-03-13,Santa Clara,085,1922200,463,59,1,60,1
2020-03-13,Santa Cruz,087,273765,32,7,0,7,0
2020-03-13,Shasta,089,179085,3,1,0,1,0
2020-03-13,Sierra,091,2930,0,0,0,0,0
2020-03-13,Siskiyou,093,43540,0,0,0,0,0
2020-03-13,Solano,095,438530,39,26,0,26,0
2020-03-13,Sonoma,097,501317,40,2,0,2,0
2020-03-13,Stanislaus,099,539301,17,2,2,4,0
2020-03-13,Sutter,101,95872,2,0,0,0,0
2020-03-13,Tehama,103,63373,0,0,0,0,0
2020-03-13,Trinity,105,12862,0,0,0,0,0
2020-03-13,Tulare,107,460477,11,2,2,4,0
2020-03-13,Tuolumne,109,53932,1,0,0,0,0
2020-03-13,Ventura,111,848112,54,5,0,5,0
2020-03-13,Yolo,113,214977,15,1,0,1,0
2020-03-13,Yuba,115,75493,1,0,0,0,0
2020-03-12,Alameda,001,1643700,150,9,0,9,0
2020-03-12,Alpine,003,1148,0,0,0,0,0
2020-03-12,Amador,005,37829,0,0,0,0,0
2020-03-12,Butte,007,227075,0,0,0,0,0
2020-03-12,Calaveras,009,45235,2,2,0,2,0
2020-03-12,Colusa,011,21464,0,0,0,0,0
2020-03-12,Contra Costa,013,1133247,108,18,0,18,0
2020-03-12,Del Norte,015,27424,0,0,0,0,0
2020-03-12,El Dorado,017,186661,8,0,0,0,0
2020-03-12,Fresno,019,978130,12,1,1,2,0
2020-03-12,Glenn,021,27897,0,0,0,0,0
2020-03-12,Humboldt,023,135768,6,1,0,1,0
2020-03-12,Imperial,025,180216,11,2,0,2,0
2020-03-12,Inyo,027,18085,0,0,0,0,0
2020-03-12,Kern,029,883053,18,0,0,0,0
2020-03-12,Kings,031,150075,6,0,1,1,0
2020-03-12,Lake,033,64148,0,0,0,0,0
2020-03-12,Lassen,035,31185,0,0,0,0,0
2020-03-12,Los Angeles,037,10098052,859,30,11,41,0
2020-03-12,Madera,039,155013,15,1,0,1,0
2020-03-12,Marin,041,260295,24,1,0,1,0
2020-03-12,Mariposa,043,17540,0,0,0,0,0
2020-03-12,Mendocino,045,87422,2,0,0,0,0
2020-03-12,Merced,047,269075,2,0,0,0,0
2020-03-12,Modoc,049,8938,0,0,0,0,0
2020-03-12,Mono,051,14174,3,0,0,0,0
2020-03-12,Monterey,053,433212,6,0,0,0,0
2020-03-12,Napa,055,140530,3,0,0,0,0
2020-03-12,Nevada,057,99092,4,0,1,1,0
2020-03-12,Orange,059,3164182,235,7,1,8,0
2020-03-12,Placer,061,380077,23,6,0,6,1
2020-03-12,Plumas,063,18699,0,0,0,0,0
2020-03-12,Riverside,065,2383286,100,5,1,6,0
2020-03-12,Sacramento,067,1510023,105,17,0,17,1
2020-03-12,San Benito,069,59416,5,2,0,2,0
2020-03-12,San Bernardino,071,2135413,79,0,0,0,0
2020-03-12,San Diego,073,3302833,258,9,0,9,0
2020-03-12,San Francisco,075,870044,147,20,0,20,0
2020-03-12,San Joaquin,077,732212,44,3,3,6,1
2020-03-12,San Luis Obispo,079,281455,25,0,0,0,0
2020-03-12,San Mateo,081,765935,158,21,1,22,0
2020-03-12,Santa Barbara,083,443738,25,0,0,0,0
2020-03-12,Santa Clara,085,1922200,405,51,1,52,1
2020-03-12,Santa Cruz,087,273765,29,5,0,5,0
2020-03-12,Shasta,089,179085,2,1,0,1,0
2020-03-12,Sierra,091,2930,0,0,0,0,0
2020-03-12,Siskiyou,093,43540,0,0,0,0,0
2020-03-12,Solano,095,438530,34,26,0,26,0
2020-03-12,Sonoma,097,501317,34,2,0,2,0
2020-03-12,Stanislaus,099,539301,15,2,2,4,0
2020-03-12,Sutter,101,95872,0,0,0,0,0
2020-03-12,Tehama,103,63373,0,0,0,0,0
2020-03-12,Trinity,105,12862,0,0,0,0,0
2020-03-12,Tulare,107,460477,11,1,1,2,0
2020-03-12,Tuolumne,109,53932,1,0,0,0,0
2020-03-12,Ventura,111,848112,45,3,0,3,0
2020-03-12,Yolo,113,214977,14,1,0,1,0
2020-03-12,Yuba,115,75493,1,0,0,0,0
2020-03-11,Alameda,001,1643700,119,5,0,5,0
2020-03-11,Alpine,003,1148,0,0,0,0,0
2020-03-11,Amador,005,37829,0,0,0,0,0
2020-03-11,Butte,007,227075,0,0,0,0,0
2020-03-11,Calaveras,009,45235,2,2,0,2,0
2020-03-11,Colusa,011,21464,0,0,0,0,0
2020-03-11,Contra Costa,013,1133247,93,16,0,16,0
2020-03-11,Del Norte,015,27424,0,0,0,0,0
2020-03-11,El Dorado,017,186661,7,0,0,0,0
2020-03-11,Fresno,019,978130,8,1,1,2,0
2020-03-11,Glenn,021,27897,0,0,0,0,0
2020-03-11,Humboldt,023,135768,6,1,0,1,0
2020-03-11,Imperial,025,180216,9,0,0,0,0
2020-03-11,Inyo,027,18085,0,0,0,0,0
2020-03-11,Kern,029,883053,16,0,0,0,0
2020-03-11,Kings,031,150075,4,0,1,1,0
2020-03-11,Lake,033,64148,0,0,0,0,0
2020-03-11,Lassen,035,31185,0,0,0,0,0
2020-03-11,Los Angeles,037,10098052,691,21,11,32,0
2020-03-11,Madera,039,155013,13,1,0,1,0
2020-03-11,Marin,041,260295,17,1,0,1,0
2020-03-11,Mariposa,043,17540,0,0,0,0,0
2020-03-11,Mendocino,045,87422,1,0,0,0,0
2020-03-11,Merced,047,269075,2,0,0,0,0
2020-03-11,Modoc,049,8938,0,0,0,0,0
2020-03-11,Mono,051,14174,3,0,0,0,0
2020-03-11,Monterey,053,433212,5,0,0,0,0
2020-03-11,Napa,055,140530,2,0,0,0,0
2020-03-11,Nevada,057,99092,4,0,1,1,0
2020-03-11,Orange,059,3164182,204,6,1,7,0
2020-03-11,Placer,061,380077,18,6,0,6,1
2020-03-11,Plumas,063,18699,0,0,0,0,0
2020-03-11,Riverside,065,2383286,76,4,1,5,0
2020-03-11,Sacramento,067,1510023,87,9,0,9,1
2020-03-11,San Benito,069,59416,5,2,0,2,0
2020-03-11,San Bernardino,071,2135413,72,0,0,0,0
2020-03-11,San Diego,073,3302833,208,4,0,4,0
2020-03-11,San Francisco,075,870044,124,17,0,17,0
2020-03-11,San Joaquin,077,732212,33,1,3,4,0
2020-03-11,San Luis Obispo,079,281455,22,0,0,0,0
2020-03-11,San Mateo,081,765935,140,16,0,16,0
2020-03-11,Santa Barbara,083,443738,15,0,0,0,0
2020-03-11,Santa Clara,085,1922200,365,48,1,49,1
2020-03-11,Santa Cruz,087,273765,26,2,0,2,0
2020-03-11,Shasta,089,179085,2,1,0,1,0
2020-03-11,Sierra,091,2930,0,0,0,0,0
2020-03-11,Siskiyou,093,43540,0,0,0,0,0
2020-03-11,Solano,095,438530,29,26,0,26,0
2020-03-11,Sonoma,097,501317,30,2,0,2,0
2020-03-11,Stanislaus,099,539301,15,2,2,4,0
2020-03-11,Sutter,101,95872,0,0,0,0,0
2020-03-11,Tehama,103,63373,0,0,0,0,0
2020-03-11,Trinity,105,12862,0,0,0,0,0
2020-03-11,Tulare,107,460477,10,0,1,1,0
2020-03-11,Tuolumne,109,53932,1,0,0,0,0
2020-03-11,Ventura,111,848112,37,3,0,3,0
2020-03-11,Yolo,113,214977,10,1,0,1,0
2020-03-11,Yuba,115,75493,1,0,0,0,0
2020-03-10,Alameda,001,1643700,98,4,0,4,0
2020-03-10,Alpine,003,1148,0,0,0,0,0
2020-03-10,Amador,005,37829,0,0,0,0,0
2020-03-10,Butte,007,227075,0,0,0,0,0
2020-03-10,Calaveras,009,45235,2,2,0,2,0
2020-03-10,Colusa,011,21464,0,0,0,0,0
2020-03-10,Contra Costa,013,1133247,84,11,0,11,0
2020-03-10,Del Norte,015,27424,0,0,0,0,0
2020-03-10,El Dorado,017,186661,6,0,0,0,0
2020-03-10,Fresno,019,978130,6,1,1,2,0
2020-03-10,Glenn,021,27897,0,0,0,0,0
2020-03-10,Humboldt,023,135768,6,1,0,1,0
2020-03-10,Imperial,025,180216,8,0,0,0,0
2020-03-10,Inyo,027,18085,0,0,0,0,0
2020-03-10,Kern,029,883053,11,0,0,0,0
2020-03-10,Kings,031,150075,4,0,1,1,0
2020-03-10,Lake,033,64148,0,0,0,0,0
2020-03-10,Lassen,035,31185,0,0,0,0,0
2020-03-10,Los Angeles,037,10098052,555,20,11,31,0
2020-03-10,Madera,039,155013,7,1,0,1,0
2020-03-10,Marin,041,260295,16,1,0,1,0
2020-03-10,Mariposa,043,17540,0,0,0,0,0
2020-03-10,Mendocino,045,87422,0,0,0,0,0
2020-03-10,Merced,047,269075,2,0,0,0,0
2020-03-10,Modoc,049,8938,0,0,0,0,0
2020-03-10,Mono,051,14174,3,0,0,0,0
2020-03-10,Monterey,053,433212,3,0,0,0,0
2020-03-10,Napa,055,140530,2,0,0,0,0
2020-03-10,Nevada,057,99092,3,0,1,1,0
2020-03-10,Orange,059,3164182,183,5,0,5,1
2020-03-10,Placer,061,380077,14,7,0,7,1
2020-03-10,Plumas,063,18699,0,0,0,0,0
2020-03-10,Riverside,065,2383286,57,4,1,5,0
2020-03-10,Sacramento,067,1510023,78,8,0,8,0
2020-03-10,San Benito,069,59416,5,2,0,2,0
2020-03-10,San Bernardino,071,2135413,64,0,0,0,0
2020-03-10,San Diego,073,3302833,165,3,0,3,0
2020-03-10,San Francisco,075,870044,92,16,0,16,0
2020-03-10,San Joaquin,077,732212,30,1,3,4,0
2020-03-10,San Luis Obispo,079,281455,15,0,0,0,0
2020-03-10,San Mateo,081,765935,124,11,0,11,0
2020-03-10,Santa Barbara,083,443738,11,0,0,0,0
2020-03-10,Santa Clara,085,1922200,318,45,1,46,1
2020-03-10,Santa Cruz,087,273765,22,2,0,2,0
2020-03-10,Shasta,089,179085,2,1,0,1,0
2020-03-10,Sierra,091,2930,0,0,0,0,0
2020-03-10,Siskiyou,093,43540,0,0,0,0,0
2020-03-10,Solano,095,438530,27,26,0,26,0
2020-03-10,Sonoma,097,501317,27,2,0,2,0
2020-03-10,Stanislaus,099,539301,11,0,2,2,0
2020-03-10,Sutter,101,95872,0,0,0,0,0
2020-03-10,Tehama,103,63373,0,0,0,0,0
2020-03-10,Trinity,105,12862,0,0,0,0,0
2020-03-10,Tulare,107,460477,9,0,1,1,0
2020-03-10,Tuolumne,109,53932,1,0,0,0,0
2020-03-10,Ventura,111,848112,29,1,0,1,0
2020-03-10,Yolo,113,214977,7,2,0,2,0
2020-03-10,Yuba,115,75493,1,0,0,0,0
2020-03-09,Alameda,001,1643700,70,4,0,4,0
2020-03-09,Alpine,003,1148,0,0,0,0,0
2020-03-09,Amador,005,37829,0,0,0,0,0
2020-03-09,Butte,007,227075,0,0,0,0,0
2020-03-09,Calaveras,009,45235,2,0,0,0,0
2020-03-09,Colusa,011,21464,0,0,0,0,0
2020-03-09,Contra Costa,013,1133247,72,9,0,9,0
2020-03-09,Del Norte,015,27424,0,0,0,0,0
2020-03-09,El Dorado,017,186661,4,0,0,0,0
2020-03-09,Fresno,019,978130,6,1,1,2,0
2020-03-09,Glenn,021,27897,0,0,0,0,0
2020-03-09,Humboldt,023,135768,5,1,0,1,0
2020-03-09,Imperial,025,180216,8,0,0,0,0
2020-03-09,Inyo,027,18085,0,0,0,0,0
2020-03-09,Kern,029,883053,8,0,0,0,0
2020-03-09,Kings,031,150075,3,0,1,1,0
2020-03-09,Lake,033,64148,0,0,0,0,0
2020-03-09,Lassen,035,31185,0,0,0,0,0
2020-03-09,Los Angeles,037,10098052,453,17,10,27,0
2020-03-09,Madera,039,155013,7,1,0,1,0
2020-03-09,Marin,041,260295,15,1,0,1,0
2020-03-09,Mariposa,043,17540,0,0,0,0,0
2020-03-09,Mendocino,045,87422,0,0,0,0,0
2020-03-09,Merced,047,269075,2,0,0,0,0
2020-03-09,Modoc,049,8938,0,0,0,0,0
2020-03-09,Mono,051,14174,3,0,0,0,0
2020-03-09,Monterey,053,433212,1,0,0,0,0
2020-03-09,Napa,055,140530,2,0,0,0,0
2020-03-09,Nevada,057,99092,2,0,1,1,0
2020-03-09,Orange,059,3164182,155,4,0,4,0
2020-03-09,Placer,061,380077,12,7,0,7,1
2020-03-09,Plumas,063,18699,0,0,0,0,0
2020-03-09,Riverside,065,2383286,48,4,1,5,0
2020-03-09,Sacramento,067,1510023,74,8,0,8,0
2020-03-09,San Benito,069,59416,3,2,0,2,0
2020-03-09,San Bernardino,071,2135413,53,0,0,0,0
2020-03-09,San Diego,073,3302833,126,2,0,2,0
2020-03-09,San Francisco,075,870044,72,14,0,14,0
2020-03-09,San Joaquin,077,732212,21,0,3,3,0
2020-03-09,San Luis Obispo,079,281455,15,0,0,0,0
2020-03-09,San Mateo,081,765935,110,6,0,6,0
2020-03-09,Santa Barbara,083,443738,9,0,0,0,0
2020-03-09,Santa Clara,085,1922200,274,42,1,43,1
2020-03-09,Santa Cruz,087,273765,19,2,0,2,0
2020-03-09,Shasta,089,179085,2,1,0,1,0
2020-03-09,Sierra,091,2930,0,0,0,0,0
2020-03-09,Siskiyou,093,43540,0,0,0,0,0
2020-03-09,Solano,095,438530,25,26,0,26,0
2020-03-09,Sonoma,097,501317,22,2,0,2,0
2020-03-09,Stanislaus,099,539301,11,0,2,2,0
2020-03-09,Sutter,101,95872,0,0,0,0,0
2020-03-09,Tehama,103,63373,0,0,0,0,0
2020-03-09,Trinity,105,12862,0,0,0,0,0
2020-03-09,Tulare,107,460477,9,0,1,1,0
2020-03-09,Tuolumne,109,53932,1,0,0,0,0
2020-03-09,Ventura,111,848112,25,1,0,1,0
2020-03-09,Yolo,113,214977,6,2,0,2,0
2020-03-09,Yuba,115,75493,0,0,0,0,0
2020-03-08,Alameda,001,1643700,45,4,0,4,0
2020-03-08,Alpine,003,1148,0,0,0,0,0
2020-03-08,Amador,005,37829,0,0,0,0,0
2020-03-08,Butte,007,227075,0,0,0,0,0
2020-03-08,Calaveras,009,45235,2,0,0,0,0
2020-03-08,Colusa,011,21464,0,0,0,0,0
2020-03-08,Contra Costa,013,1133247,58,9,0,9,0
2020-03-08,Del Norte,015,27424,0,0,0,0,0
2020-03-08,El Dorado,017,186661,4,0,0,0,0
2020-03-08,Fresno,019,978130,4,1,1,2,0
2020-03-08,Glenn,021,27897,0,0,0,0,0
2020-03-08,Humboldt,023,135768,5,1,0,1,0
2020-03-08,Imperial,025,180216,8,0,0,0,0
2020-03-08,Inyo,027,18085,0,0,0,0,0
2020-03-08,Kern,029,883053,8,0,0,0,0
2020-03-08,Kings,031,150075,2,0,1,1,0
2020-03-08,Lake,033,64148,0,0,0,0,0
2020-03-08,Lassen,035,31185,0,0,0,0,0
2020-03-08,Los Angeles,037,10098052,360,14,10,24,0
2020-03-08,Madera,039,155013,7,1,0,1,0
2020-03-08,Marin,041,260295,13,1,0,1,0
2020-03-08,Mariposa,043,17540,0,0,0,0,0
2020-03-08,Mendocino,045,87422,0,0,0,0,0
2020-03-08,Merced,047,269075,2,0,0,0,0
2020-03-08,Modoc,049,8938,0,0,0,0,0
2020-03-08,Mono,051,14174,3,0,0,0,0
2020-03-08,Monterey,053,433212,1,0,0,0,0
2020-03-08,Napa,055,140530,2,0,0,0,0
2020-03-08,Nevada,057,99092,1,0,1,1,0
2020-03-08,Orange,059,3164182,130,4,0,4,0
2020-03-08,Placer,061,380077,11,7,0,7,1
2020-03-08,Plumas,063,18699,0,0,0,0,0
2020-03-08,Riverside,065,2383286,40,1,1,2,0
2020-03-08,Sacramento,067,1510023,64,5,0,5,0
2020-03-08,San Benito,069,59416,3,2,0,2,0
2020-03-08,San Bernardino,071,2135413,42,0,0,0,0
2020-03-08,San Diego,073,3302833,92,2,0,2,0
2020-03-08,San Francisco,075,870044,53,9,0,9,0
2020-03-08,San Joaquin,077,732212,18,0,3,3,0
2020-03-08,San Luis Obispo,079,281455,9,0,0,0,0
2020-03-08,San Mateo,081,765935,97,4,0,4,0
2020-03-08,Santa Barbara,083,443738,6,0,0,0,0
2020-03-08,Santa Clara,085,1922200,232,36,1,37,0
2020-03-08,Santa Cruz,087,273765,17,1,0,1,0
2020-03-08,Shasta,089,179085,2,0,0,0,0
2020-03-08,Sierra,091,2930,0,0,0,0,0
2020-03-08,Siskiyou,093,43540,0,0,0,0,0
2020-03-08,Solano,095,438530,24,26,0,26,0
2020-03-08,Sonoma,097,501317,17,2,0,2,0
2020-03-08,Stanislaus,099,539301,10,0,2,2,0
2020-03-08,Sutter,101,95872,0,0,0,0,0
2020-03-08,Tehama,103,63373,0,0,0,0,0
2020-03-08,Trinity,105,12862,0,0,0,0,0
2020-03-08,Tulare,107,460477,9,0,0,0,0
2020-03-08,Tuolumne,109,53932,1,0,0,0,0
2020-03-08,Ventura,111,848112,21,1,0,1,0
2020-03-08,Yolo,113,214977,3,2,0,2,0
2020-03-08,Yuba,115,75493,0,0,0,0,0
2020-03-07,Alameda,001,1643700,40,3,0,3,0
2020-03-07,Alpine,003,1148,0,0,0,0,0
2020-03-07,Amador,005,37829,0,0,0,0,0
2020-03-07,Butte,007,227075,0,0,0,0,0
2020-03-07,Calaveras,009,45235,2,0,0,0,0
2020-03-07,Colusa,011,21464,0,0,0,0,0
2020-03-07,Contra Costa,013,1133247,55,4,0,4,0
2020-03-07,Del Norte,015,27424,0,0,0,0,0
2020-03-07,El Dorado,017,186661,3,0,0,0,0
2020-03-07,Fresno,019,978130,3,1,1,2,0
2020-03-07,Glenn,021,27897,0,0,0,0,0
2020-03-07,Humboldt,023,135768,5,1,0,1,0
2020-03-07,Imperial,025,180216,7,0,0,0,0
2020-03-07,Inyo,027,18085,0,0,0,0,0
2020-03-07,Kern,029,883053,7,0,0,0,0
2020-03-07,Kings,031,150075,2,0,1,1,0
2020-03-07,Lake,033,64148,0,0,0,0,0
2020-03-07,Lassen,035,31185,0,0,0,0,0
2020-03-07,Los Angeles,037,10098052,310,14,10,24,0
2020-03-07,Madera,039,155013,6,1,0,1,0
2020-03-07,Marin,041,260295,11,0,0,0,0
2020-03-07,Mariposa,043,17540,0,0,0,0,0
2020-03-07,Mendocino,045,87422,0,0,0,0,0
2020-03-07,Merced,047,269075,2,0,0,0,0
2020-03-07,Modoc,049,8938,0,0,0,0,0
2020-03-07,Mono,051,14174,3,0,0,0,0
2020-03-07,Monterey,053,433212,1,0,0,0,0
2020-03-07,Napa,055,140530,1,0,0,0,0
2020-03-07,Nevada,057,99092,1,0,1,1,0
2020-03-07,Orange,059,3164182,122,4,0,4,0
2020-03-07,Placer,061,380077,11,6,0,6,1
2020-03-07,Plumas,063,18699,0,0,0,0,0
2020-03-07,Riverside,065,2383286,30,0,1,1,0
2020-03-07,Sacramento,067,1510023,51,4,0,4,0
2020-03-07,San Benito,069,59416,3,2,0,2,0
2020-03-07,San Bernardino,071,2135413,40,0,0,0,0
2020-03-07,San Diego,073,3302833,74,2,0,2,0
2020-03-07,San Francisco,075,870044,47,9,0,9,0
2020-03-07,San Joaquin,077,732212,16,0,3,3,0
2020-03-07,San Luis Obispo,079,281455,6,0,0,0,0
2020-03-07,San Mateo,081,765935,87,1,0,1,0
2020-03-07,Santa Barbara,083,443738,5,0,0,0,0
2020-03-07,Santa Clara,085,1922200,202,31,1,32,0
2020-03-07,Santa Cruz,087,273765,17,1,0,1,0
2020-03-07,Shasta,089,179085,2,0,0,0,0
2020-03-07,Sierra,091,2930,0,0,0,0,0
2020-03-07,Siskiyou,093,43540,0,0,0,0,0
2020-03-07,Solano,095,438530,23,25,0,25,0
2020-03-07,Sonoma,097,501317,13,2,0,2,0
2020-03-07,Stanislaus,099,539301,9,0,2,2,0
2020-03-07,Sutter,101,95872,0,0,0,0,0
2020-03-07,Tehama,103,63373,0,0,0,0,0
2020-03-07,Trinity,105,12862,0,0,0,0,0
2020-03-07,Tulare,107,460477,6,0,0,0,0
2020-03-07,Tuolumne,109,53932,1,0,0,0,0
2020-03-07,Ventura,111,848112,18,1,0,1,0
2020-03-07,Yolo,113,214977,3,2,0,2,0
2020-03-07,Yuba,115,75493,0,0,0,0,0
2020-03-06,Alameda,001,1643700,38,3,0,3,0
2020-03-06,Alpine,003,1148,0,0,0,0,0
2020-03-06,Amador,005,37829,0,0,0,0,0
2020-03-06,Butte,007,227075,0,0,0,0,0
2020-03-06,Calaveras,009,45235,2,0,0,0,0
2020-03-06,Colusa,011,21464,0,0,0,0,0
2020-03-06,Contra Costa,013,1133247,46,4,0,4,0
2020-03-06,Del Norte,015,27424,0,0,0,0,0
2020-03-06,El Dorado,017,186661,3,0,0,0,0
2020-03-06,Fresno,019,978130,2,0,1,1,0
2020-03-06,Glenn,021,27897,0,0,0,0,0
2020-03-06,Humboldt,023,135768,4,1,0,1,0
2020-03-06,Imperial,025,180216,6,0,0,0,0
2020-03-06,Inyo,027,18085,0,0,0,0,0
2020-03-06,Kern,029,883053,6,0,0,0,0
2020-03-06,Kings,031,150075,2,0,1,1,0
2020-03-06,Lake,033,64148,0,0,0,0,0
2020-03-06,Lassen,035,31185,0,0,0,0,0
2020-03-06,Los Angeles,037,10098052,267,13,10,23,0
2020-03-06,Madera,039,155013,5,0,0,0,0
2020-03-06,Marin,041,260295,10,0,0,0,0
2020-03-06,Mariposa,043,17540,0,0,0,0,0
2020-03-06,Mendocino,045,87422,0,0,0,0,0
2020-03-06,Merced,047,269075,2,0,0,0,0
2020-03-06,Modoc,049,8938,0,0,0,0,0
2020-03-06,Mono,051,14174,1,0,0,0,0
2020-03-06,Monterey,053,433212,1,0,0,0,0
2020-03-06,Napa,055,140530,1,0,0,0,0
2020-03-06,Nevada,057,99092,1,0,1,1,0
2020-03-06,Orange,059,3164182,96,4,0,4,0
2020-03-06,Placer,061,380077,10,5,0,5,1
2020-03-06,Plumas,063,18699,0,0,0,0,0
2020-03-06,Riverside,065,2383286,30,0,1,1,0
2020-03-06,Sacramento,067,1510023,42,2,0,2,0
2020-03-06,San Benito,069,59416,3,2,0,2,0
2020-03-06,San Bernardino,071,2135413,38,0,0,0,0
2020-03-06,San Diego,073,3302833,61,2,0,2,0
2020-03-06,San Francisco,075,870044,41,2,0,2,0
2020-03-06,San Joaquin,077,732212,13,0,3,3,0
2020-03-06,San Luis Obispo,079,281455,4,0,0,0,0
2020-03-06,San Mateo,081,765935,79,1,0,1,0
2020-03-06,Santa Barbara,083,443738,3,0,0,0,0
2020-03-06,Santa Clara,085,1922200,184,20,1,21,0
2020-03-06,Santa Cruz,087,273765,15,0,0,0,0
2020-03-06,Shasta,089,179085,2,0,0,0,0
2020-03-06,Sierra,091,2930,0,0,0,0,0
2020-03-06,Siskiyou,093,43540,0,0,0,0,0
2020-03-06,Solano,095,438530,22,25,0,25,0
2020-03-06,Sonoma,097,501317,13,2,0,2,0
2020-03-06,Stanislaus,099,539301,5,0,2,2,0
2020-03-06,Sutter,101,95872,0,0,0,0,0
2020-03-06,Tehama,103,63373,0,0,0,0,0
2020-03-06,Trinity,105,12862,0,0,0,0,0
2020-03-06,Tulare,107,460477,6,0,0,0,0
2020-03-06,Tuolumne,109,53932,1,0,0,0,0
2020-03-06,Ventura,111,848112,15,1,0,1,0
2020-03-06,Yolo,113,214977,3,1,0,1,0
2020-03-06,Yuba,115,75493,0,0,0,0,0
2020-03-05,Alameda,001,1643700,33,2,0,2,0
2020-03-05,Alpine,003,1148,0,0,0,0,0
2020-03-05,Amador,005,37829,0,0,0,0,0
2020-03-05,Butte,007,227075,0,0,0,0,0
2020-03-05,Calaveras,009,45235,2,0,0,0,0
2020-03-05,Colusa,011,21464,0,0,0,0,0
2020-03-05,Contra Costa,013,1133247,39,1,0,1,0
2020-03-05,Del Norte,015,27424,0,0,0,0,0
2020-03-05,El Dorado,017,186661,1,0,0,0,0
2020-03-05,Fresno,019,978130,2,0,1,1,0
2020-03-05,Glenn,021,27897,0,0,0,0,0
2020-03-05,Humboldt,023,135768,4,1,0,1,0
2020-03-05,Imperial,025,180216,5,0,0,0,0
2020-03-05,Inyo,027,18085,0,0,0,0,0
2020-03-05,Kern,029,883053,6,0,0,0,0
2020-03-05,Kings,031,150075,2,0,1,1,0
2020-03-05,Lake,033,64148,0,0,0,0,0
2020-03-05,Lassen,035,31185,0,0,0,0,0
2020-03-05,Los Angeles,037,10098052,220,11,10,21,0
2020-03-05,Madera,039,155013,5,0,0,0,0
2020-03-05,Marin,041,260295,10,0,0,0,0
2020-03-05,Mariposa,043,17540,0,0,0,0,0
2020-03-05,Mendocino,045,87422,0,0,0,0,0
2020-03-05,Merced,047,269075,2,0,0,0,0
2020-03-05,Modoc,049,8938,0,0,0,0,0
2020-03-05,Mono,051,14174,1,0,0,0,0
2020-03-05,Monterey,053,433212,1,0,0,0,0
2020-03-05,Napa,055,140530,1,0,0,0,0
2020-03-05,Nevada,057,99092,0,0,1,1,0
2020-03-05,Orange,059,3164182,81,3,0,3,0
2020-03-05,Placer,061,380077,10,2,0,2,1
2020-03-05,Plumas,063,18699,0,0,0,0,0
2020-03-05,Riverside,065,2383286,27,0,1,1,0
2020-03-05,Sacramento,067,1510023,36,2,0,2,0
2020-03-05,San Benito,069,59416,1,2,0,2,0
2020-03-05,San Bernardino,071,2135413,33,0,0,0,0
2020-03-05,San Diego,073,3302833,54,2,0,2,0
2020-03-05,San Francisco,075,870044,31,2,0,2,0
2020-03-05,San Joaquin,077,732212,10,0,3,3,0
2020-03-05,San Luis Obispo,079,281455,4,0,0,0,0
2020-03-05,San Mateo,081,765935,65,1,0,1,0
2020-03-05,Santa Barbara,083,443738,2,0,0,0,0
2020-03-05,Santa Clara,085,1922200,162,14,1,15,0
2020-03-05,Santa Cruz,087,273765,13,0,0,0,0
2020-03-05,Shasta,089,179085,2,0,0,0,0
2020-03-05,Sierra,091,2930,0,0,0,0,0
2020-03-05,Siskiyou,093,43540,0,0,0,0,0
2020-03-05,Solano,095,438530,22,24,0,24,0
2020-03-05,Sonoma,097,501317,12,2,0,2,0
2020-03-05,Stanislaus,099,539301,4,0,2,2,0
2020-03-05,Sutter,101,95872,0,0,0,0,0
2020-03-05,Tehama,103,63373,0,0,0,0,0
2020-03-05,Trinity,105,12862,0,0,0,0,0
2020-03-05,Tulare,107,460477,6,0,0,0,0
2020-03-05,Tuolumne,109,53932,1,0,0,0,0
2020-03-05,Ventura,111,848112,13,0,0,0,0
2020-03-05,Yolo,113,214977,3,0,0,0,0
2020-03-05,Yuba,115,75493,0,0,0,0,0
2020-03-04,Alameda,001,1643700,29,2,0,2,0
2020-03-04,Alpine,003,1148,0,0,0,0,0
2020-03-04,Amador,005,37829,0,0,0,0,0
2020-03-04,Butte,007,227075,0,0,0,0,0
2020-03-04,Calaveras,009,45235,0,0,0,0,0
2020-03-04,Colusa,011,21464,0,0,0,0,0
2020-03-04,Contra Costa,013,1133247,34,1,0,1,0
2020-03-04,Del Norte,015,27424,0,0,0,0,0
2020-03-04,El Dorado,017,186661,1,0,0,0,0
2020-03-04,Fresno,019,978130,2,0,1,1,0
2020-03-04,Glenn,021,27897,0,0,0,0,0
2020-03-04,Humboldt,023,135768,1,1,0,1,0
2020-03-04,Imperial,025,180216,5,0,0,0,0
2020-03-04,Inyo,027,18085,0,0,0,0,0
2020-03-04,Kern,029,883053,6,0,0,0,0
2020-03-04,Kings,031,150075,2,0,1,1,0
2020-03-04,Lake,033,64148,0,0,0,0,0
2020-03-04,Lassen,035,31185,0,0,0,0,0
2020-03-04,Los Angeles,037,10098052,185,7,10,17,0
2020-03-04,Madera,039,155013,5,0,0,0,0
2020-03-04,Marin,041,260295,10,0,0,0,0
2020-03-04,Mariposa,043,17540,0,0,0,0,0
2020-03-04,Mendocino,045,87422,0,0,0,0,0
2020-03-04,Merced,047,269075,2,0,0,0,0
2020-03-04,Modoc,049,8938,0,0,0,0,0
2020-03-04,Mono,051,14174,1,0,0,0,0
2020-03-04,Monterey,053,433212,1,0,0,0,0
2020-03-04,Napa,055,140530,1,0,0,0,0
2020-03-04,Nevada,057,99092,0,0,1,1,0
2020-03-04,Orange,059,3164182,78,3,0,3,0
2020-03-04,Placer,061,380077,9,2,0,2,1
2020-03-04,Plumas,063,18699,0,0,0,0,0
2020-03-04,Riverside,065,2383286,23,0,1,1,0
2020-03-04,Sacramento,067,1510023,31,1,0,1,0
2020-03-04,San Benito,069,59416,1,2,0,2,0
2020-03-04,San Bernardino,071,2135413,30,0,0,0,0
2020-03-04,San Diego,073,3302833,41,2,0,2,0
2020-03-04,San Francisco,075,870044,26,0,0,0,0
2020-03-04,San Joaquin,077,732212,9,0,3,3,0
2020-03-04,San Luis Obispo,079,281455,4,0,0,0,0
2020-03-04,San Mateo,081,765935,60,1,0,1,0
2020-03-04,Santa Barbara,083,443738,2,0,0,0,0
2020-03-04,Santa Clara,085,1922200,145,12,1,13,0
2020-03-04,Santa Cruz,087,273765,13,0,0,0,0
2020-03-04,Shasta,089,179085,2,0,0,0,0
2020-03-04,Sierra,091,2930,0,0,0,0,0
2020-03-04,Siskiyou,093,43540,0,0,0,0,0
2020-03-04,Solano,095,438530,21,24,0,24,0
2020-03-04,Sonoma,097,501317,11,2,0,2,0
2020-03-04,Stanislaus,099,539301,4,0,2,2,0
2020-03-04,Sutter,101,95872,0,0,0,0,0
2020-03-04,Tehama,103,63373,0,0,0,0,0
2020-03-04,Trinity,105,12862,0,0,0,0,0
2020-03-04,Tulare,107,460477,6,0,0,0,0
2020-03-04,Tuolumne,109,53932,0,0,0,0,0
2020-03-04,Ventura,111,848112,12,0,0,0,0
2020-03-04,Yolo,113,214977,3,0,0,0,0
2020-03-04,Yuba,115,75493,0,0,0,0,0
2020-03-03,Alameda,001,1643700,24,2,0,2,0
2020-03-03,Alpine,003,1148,0,0,0,0,0
2020-03-03,Amador,005,37829,0,0,0,0,0
2020-03-03,Butte,007,227075,0,0,0,0,0
2020-03-03,Calaveras,009,45235,0,0,0,0,0
2020-03-03,Colusa,011,21464,0,0,0,0,0
2020-03-03,Contra Costa,013,1133247,30,0,0,0,0
2020-03-03,Del Norte,015,27424,0,0,0,0,0
2020-03-03,El Dorado,017,186661,1,0,0,0,0
2020-03-03,Fresno,019,978130,1,0,1,1,0
2020-03-03,Glenn,021,27897,0,0,0,0,0
2020-03-03,Humboldt,023,135768,1,1,0,1,0
2020-03-03,Imperial,025,180216,5,0,0,0,0
2020-03-03,Inyo,027,18085,0,0,0,0,0
2020-03-03,Kern,029,883053,4,0,0,0,0
2020-03-03,Kings,031,150075,2,0,1,1,0
2020-03-03,Lake,033,64148,0,0,0,0,0
2020-03-03,Lassen,035,31185,0,0,0,0,0
2020-03-03,Los Angeles,037,10098052,166,5,10,15,0
2020-03-03,Madera,039,155013,4,0,0,0,0
2020-03-03,Marin,041,260295,6,0,0,0,0
2020-03-03,Mariposa,043,17540,0,0,0,0,0
2020-03-03,Mendocino,045,87422,0,0,0,0,0
2020-03-03,Merced,047,269075,2,0,0,0,0
2020-03-03,Modoc,049,8938,0,0,0,0,0
2020-03-03,Mono,051,14174,1,0,0,0,0
2020-03-03,Monterey,053,433212,0,0,0,0,0
2020-03-03,Napa,055,140530,1,0,0,0,0
2020-03-03,Nevada,057,99092,0,0,1,1,0
2020-03-03,Orange,059,3164182,70,1,0,1,0
2020-03-03,Placer,061,380077,8,2,0,2,0
2020-03-03,Plumas,063,18699,0,0,0,0,0
2020-03-03,Riverside,065,2383286,20,0,1,1,0
2020-03-03,Sacramento,067,1510023,30,1,0,1,0
2020-03-03,San Benito,069,59416,1,2,0,2,0
2020-03-03,San Bernardino,071,2135413,27,0,0,0,0
2020-03-03,San Diego,073,3302833,34,2,0,2,0
2020-03-03,San Francisco,075,870044,24,0,0,0,0
2020-03-03,San Joaquin,077,732212,8,0,3,3,0
2020-03-03,San Luis Obispo,079,281455,2,0,0,0,0
2020-03-03,San Mateo,081,765935,53,1,0,1,0
2020-03-03,Santa Barbara,083,443738,1,0,0,0,0
2020-03-03,Santa Clara,085,1922200,130,11,1,12,0
2020-03-03,Santa Cruz,087,273765,10,0,0,0,0
2020-03-03,Shasta,089,179085,2,0,0,0,0
2020-03-03,Sierra,091,2930,0,0,0,0,0
2020-03-03,Siskiyou,093,43540,0,0,0,0,0
2020-03-03,Solano,095,438530,20,24,0,24,0
2020-03-03,Sonoma,097,501317,11,1,0,1,0
2020-03-03,Stanislaus,099,539301,4,0,2,2,0
2020-03-03,Sutter,101,95872,0,0,0,0,0
2020-03-03,Tehama,103,63373,0,0,0,0,0
2020-03-03,Trinity,105,12862,0,0,0,0,0
2020-03-03,Tulare,107,460477,6,0,0,0,0
2020-03-03,Tuolumne,109,53932,0,0,0,0,0
2020-03-03,Ventura,111,848112,11,0,0,0,0
2020-03-03,Yolo,113,214977,2,0,0,0,0
2020-03-03,Yuba,115,75493,0,0,0,0,0
2020-03-02,Alameda,001,1643700,21,1,0,1,0
2020-03-02,Alpine,003,1148,0,0,0,0,0
2020-03-02,Amador,005,37829,0,0,0,0,0
2020-03-02,Butte,007,227075,0,0,0,0,0
2020-03-02,Calaveras,009,45235,0,0,0,0,0
2020-03-02,Colusa,011,21464,0,0,0,0,0
2020-03-02,Contra Costa,013,1133247,27,0,0,0,0
2020-03-02,Del Norte,015,27424,0,0,0,0,0
2020-03-02,El Dorado,017,186661,1,0,0,0,0
2020-03-02,Fresno,019,978130,1,0,1,1,0
2020-03-02,Glenn,021,27897,0,0,0,0,0
2020-03-02,Humboldt,023,135768,1,1,0,1,0
2020-03-02,Imperial,025,180216,5,0,0,0,0
2020-03-02,Inyo,027,18085,0,0,0,0,0
2020-03-02,Kern,029,883053,4,0,0,0,0
2020-03-02,Kings,031,150075,2,0,1,1,0
2020-03-02,Lake,033,64148,0,0,0,0,0
2020-03-02,Lassen,035,31185,0,0,0,0,0
2020-03-02,Los Angeles,037,10098052,151,1,10,11,0
2020-03-02,Madera,039,155013,4,0,0,0,0
2020-03-02,Marin,041,260295,6,0,0,0,0
2020-03-02,Mariposa,043,17540,0,0,0,0,0
2020-03-02,Mendocino,045,87422,0,0,0,0,0
2020-03-02,Merced,047,269075,1,0,0,0,0
2020-03-02,Modoc,049,8938,0,0,0,0,0
2020-03-02,Mono,051,14174,1,0,0,0,0
2020-03-02,Monterey,053,433212,0,0,0,0,0
2020-03-02,Napa,055,140530,1,0,0,0,0
2020-03-02,Nevada,057,99092,0,0,1,1,0
2020-03-02,Orange,059,3164182,65,1,0,1,0
2020-03-02,Placer,061,380077,8,1,0,1,0
2020-03-02,Plumas,063,18699,0,0,0,0,0
2020-03-02,Riverside,065,2383286,19,0,1,1,0
2020-03-02,Sacramento,067,1510023,25,1,0,1,0
2020-03-02,San Benito,069,59416,1,2,0,2,0
2020-03-02,San Bernardino,071,2135413,27,0,0,0,0
2020-03-02,San Diego,073,3302833,28,2,0,2,0
2020-03-02,San Francisco,075,870044,17,0,0,0,0
2020-03-02,San Joaquin,077,732212,7,0,3,3,0
2020-03-02,San Luis Obispo,079,281455,2,0,0,0,0
2020-03-02,San Mateo,081,765935,44,1,0,1,0
2020-03-02,Santa Barbara,083,443738,1,0,0,0,0
2020-03-02,Santa Clara,085,1922200,108,7,1,8,0
2020-03-02,Santa Cruz,087,273765,9,0,0,0,0
2020-03-02,Shasta,089,179085,2,0,0,0,0
2020-03-02,Sierra,091,2930,0,0,0,0,0
2020-03-02,Siskiyou,093,43540,0,0,0,0,0
2020-03-02,Solano,095,438530,19,24,0,24,0
2020-03-02,Sonoma,097,501317,10,1,0,1,0
2020-03-02,Stanislaus,099,539301,2,0,2,2,0
2020-03-02,Sutter,101,95872,0,0,0,0,0
2020-03-02,Tehama,103,63373,0,0,0,0,0
2020-03-02,Trinity,105,12862,0,0,0,0,0
2020-03-02,Tulare,107,460477,6,0,0,0,0
2020-03-02,Tuolumne,109,53932,0,0,0,0,0
2020-03-02,Ventura,111,848112,10,0,0,0,0
2020-03-02,Yolo,113,214977,2,0,0,0,0
2020-03-02,Yuba,115,75493,0,0,0,0,0
2020-03-01,Alameda,001,1643700,20,1,0,1,0
2020-03-01,Alpine,003,1148,0,0,0,0,0
2020-03-01,Amador,005,37829,0,0,0,0,0
2020-03-01,Butte,007,227075,0,0,0,0,0
2020-03-01,Calaveras,009,45235,0,0,0,0,0
2020-03-01,Colusa,011,21464,0,0,0,0,0
2020-03-01,Contra Costa,013,1133247,24,0,0,0,0
2020-03-01,Del Norte,015,27424,0,0,0,0,0
2020-03-01,El Dorado,017,186661,1,0,0,0,0
2020-03-01,Fresno,019,978130,0,0,1,1,0
2020-03-01,Glenn,021,27897,0,0,0,0,0
2020-03-01,Humboldt,023,135768,1,1,0,1,0
2020-03-01,Imperial,025,180216,5,0,0,0,0
2020-03-01,Inyo,027,18085,0,0,0,0,0
2020-03-01,Kern,029,883053,2,0,0,0,0
2020-03-01,Kings,031,150075,2,0,1,1,0
2020-03-01,Lake,033,64148,0,0,0,0,0
2020-03-01,Lassen,035,31185,0,0,0,0,0
2020-03-01,Los Angeles,037,10098052,132,1,10,11,0
2020-03-01,Madera,039,155013,2,0,0,0,0
2020-03-01,Marin,041,260295,5,0,0,0,0
2020-03-01,Mariposa,043,17540,0,0,0,0,0
2020-03-01,Mendocino,045,87422,0,0,0,0,0
2020-03-01,Merced,047,269075,1,0,0,0,0
2020-03-01,Modoc,049,8938,0,0,0,0,0
2020-03-01,Mono,051,14174,1,0,0,0,0
2020-03-01,Monterey,053,433212,0,0,0,0,0
2020-03-01,Napa,055,140530,1,0,0,0,0
2020-03-01,Nevada,057,99092,0,0,1,1,0
2020-03-01,Orange,059,3164182,62,1,0,1,0
2020-03-01,Placer,061,380077,8,0,0,0,0
2020-03-01,Plumas,063,18699,0,0,0,0,0
2020-03-01,Riverside,065,2383286,18,0,1,1,0
2020-03-01,Sacramento,067,1510023,21,1,0,1,0
2020-03-01,San Benito,069,59416,0,2,0,2,0
2020-03-01,San Bernardino,071,2135413,25,0,0,0,0
2020-03-01,San Diego,073,3302833,21,2,0,2,0
2020-03-01,San Francisco,075,870044,13,0,0,0,0
2020-03-01,San Joaquin,077,732212,7,0,3,3,0
2020-03-01,San Luis Obispo,079,281455,2,0,0,0,0
2020-03-01,San Mateo,081,765935,36,0,0,0,0
2020-03-01,Santa Barbara,083,443738,1,0,0,0,0
2020-03-01,Santa Clara,085,1922200,95,6,1,7,0
2020-03-01,Santa Cruz,087,273765,8,0,0,0,0
2020-03-01,Shasta,089,179085,2,0,0,0,0
2020-03-01,Sierra,091,2930,0,0,0,0,0
2020-03-01,Siskiyou,093,43540,0,0,0,0,0
2020-03-01,Solano,095,438530,19,24,0,24,0
2020-03-01,Sonoma,097,501317,9,0,0,0,0
2020-03-01,Stanislaus,099,539301,2,0,2,2,0
2020-03-01,Sutter,101,95872,0,0,0,0,0
2020-03-01,Tehama,103,63373,0,0,0,0,0
2020-03-01,Trinity,105,12862,0,0,0,0,0
2020-03-01,Tulare,107,460477,6,0,0,0,0
2020-03-01,Tuolumne,109,53932,0,0,0,0,0
2020-03-01,Ventura,111,848112,8,0,0,0,0
2020-03-01,Yolo,113,214977,2,0,0,0,0
2020-03-01,Yuba,115,75493,0,0,0,0,0
2020-02-29,Alameda,001,1643700,16,0,0,0,0
2020-02-29,Alpine,003,1148,0,0,0,0,0
2020-02-29,Amador,005,37829,0,0,0,0,0
2020-02-29,Butte,007,227075,0,0,0,0,0
2020-02-29,Calaveras,009,45235,0,0,0,0,0
2020-02-29,Colusa,011,21464,0,0,0,0,0
2020-02-29,Contra Costa,013,1133247,20,0,0,0,0
2020-02-29,Del Norte,015,27424,0,0,0,0,0
2020-02-29,El Dorado,017,186661,1,0,0,0,0
2020-02-29,Fresno,019,978130,0,0,0,0,0
2020-02-29,Glenn,021,27897,0,0,0,0,0
2020-02-29,Humboldt,023,135768,1,1,0,1,0
2020-02-29,Imperial,025,180216,3,0,0,0,0
2020-02-29,Inyo,027,18085,0,0,0,0,0
2020-02-29,Kern,029,883053,2,0,0,0,0
2020-02-29,Kings,031,150075,2,0,1,1,0
2020-02-29,Lake,033,64148,0,0,0,0,0
2020-02-29,Lassen,035,31185,0,0,0,0,0
2020-02-29,Los Angeles,037,10098052,104,1,10,11,0
2020-02-29,Madera,039,155013,2,0,0,0,0
2020-02-29,Marin,041,260295,4,0,0,0,0
2020-02-29,Mariposa,043,17540,0,0,0,0,0
2020-02-29,Mendocino,045,87422,0,0,0,0,0
2020-02-29,Merced,047,269075,1,0,0,0,0
2020-02-29,Modoc,049,8938,0,0,0,0,0
2020-02-29,Mono,051,14174,1,0,0,0,0
2020-02-29,Monterey,053,433212,0,0,0,0,0
2020-02-29,Napa,055,140530,1,0,0,0,0
2020-02-29,Nevada,057,99092,0,0,1,1,0
2020-02-29,Orange,059,3164182,57,1,0,1,0
2020-02-29,Placer,061,380077,7,0,0,0,0
2020-02-29,Plumas,063,18699,0,0,0,0,0
2020-02-29,Riverside,065,2383286,15,0,1,1,0
2020-02-29,Sacramento,067,1510023,16,1,0,1,0
2020-02-29,San Benito,069,59416,0,2,0,2,0
2020-02-29,San Bernardino,071,2135413,23,0,0,0,0
2020-02-29,San Diego,073,3302833,16,2,0,2,0
2020-02-29,San Francisco,075,870044,12,0,0,0,0
2020-02-29,San Joaquin,077,732212,6,0,3,3,0
2020-02-29,San Luis Obispo,079,281455,2,0,0,0,0
2020-02-29,San Mateo,081,765935,29,0,0,0,0
2020-02-29,Santa Barbara,083,443738,0,0,0,0,0
2020-02-29,Santa Clara,085,1922200,73,3,1,4,0
2020-02-29,Santa Cruz,087,273765,8,0,0,0,0
2020-02-29,Shasta,089,179085,2,0,0,0,0
2020-02-29,Sierra,091,2930,0,0,0,0,0
2020-02-29,Siskiyou,093,43540,0,0,0,0,0
2020-02-29,Solano,095,438530,18,23,0,23,0
2020-02-29,Sonoma,097,501317,6,0,0,0,0
2020-02-29,Stanislaus,099,539301,2,0,2,2,0
2020-02-29,Sutter,101,95872,0,0,0,0,0
2020-02-29,Tehama,103,63373,0,0,0,0,0
2020-02-29,Trinity,105,12862,0,0,0,0,0
2020-02-29,Tulare,107,460477,4,0,0,0,0
2020-02-29,Tuolumne,109,53932,0,0,0,0,0
2020-02-29,Ventura,111,848112,6,0,0,0,0
2020-02-29,Yolo,113,214977,2,0,0,0,0
2020-02-29,Yuba,115,75493,0,0,0,0,0
2020-02-28,Alameda,001,1643700,14,0,0,0,0
2020-02-28,Alpine,003,1148,0,0,0,0,0
2020-02-28,Amador,005,37829,0,0,0,0,0
2020-02-28,Butte,007,227075,0,0,0,0,0
2020-02-28,Calaveras,009,45235,0,0,0,0,0
2020-02-28,Colusa,011,21464,0,0,0,0,0
2020-02-28,Contra Costa,013,1133247,20,0,0,0,0
2020-02-28,Del Norte,015,27424,0,0,0,0,0
2020-02-28,El Dorado,017,186661,0,0,0,0,0
2020-02-28,Fresno,019,978130,0,0,0,0,0
2020-02-28,Glenn,021,27897,0,0,0,0,0
2020-02-28,Humboldt,023,135768,1,1,0,1,0
2020-02-28,Imperial,025,180216,3,0,0,0,0
2020-02-28,Inyo,027,18085,0,0,0,0,0
2020-02-28,Kern,029,883053,2,0,0,0,0
2020-02-28,Kings,031,150075,2,0,1,1,0
2020-02-28,Lake,033,64148,0,0,0,0,0
2020-02-28,Lassen,035,31185,0,0,0,0,0
2020-02-28,Los Angeles,037,10098052,96,1,10,11,0
2020-02-28,Madera,039,155013,2,0,0,0,0
2020-02-28,Marin,041,260295,2,0,0,0,0
2020-02-28,Mariposa,043,17540,0,0,0,0,0
2020-02-28,Mendocino,045,87422,0,0,0,0,0
2020-02-28,Merced,047,269075,1,0,0,0,0
2020-02-28,Modoc,049,8938,0,0,0,0,0
2020-02-28,Mono,051,14174,0,0,0,0,0
2020-02-28,Monterey,053,433212,0,0,0,0,0
2020-02-28,Napa,055,140530,1,0,0,0,0
2020-02-28,Nevada,057,99092,0,0,1,1,0
2020-02-28,Orange,059,3164182,55,1,0,1,0
2020-02-28,Placer,061,380077,7,0,0,0,0
2020-02-28,Plumas,063,18699,0,0,0,0,0
2020-02-28,Riverside,065,2383286,13,0,1,1,0
2020-02-28,Sacramento,067,1510023,10,1,0,1,0
2020-02-28,San Benito,069,59416,0,2,0,2,0
2020-02-28,San Bernardino,071,2135413,23,0,0,0,0
2020-02-28,San Diego,073,3302833,13,2,0,2,0
2020-02-28,San Francisco,075,870044,10,0,0,0,0
2020-02-28,San Joaquin,077,732212,6,0,3,3,0
2020-02-28,San Luis Obispo,079,281455,2,0,0,0,0
2020-02-28,San Mateo,081,765935,24,0,0,0,0
2020-02-28,Santa Barbara,083,443738,0,0,0,0,0
2020-02-28,Santa Clara,085,1922200,68,3,1,4,0
2020-02-28,Santa Cruz,087,273765,8,0,0,0,0
2020-02-28,Shasta,089,179085,2,0,0,0,0
2020-02-28,Sierra,091,2930,0,0,0,0,0
2020-02-28,Siskiyou,093,43540,0,0,0,0,0
2020-02-28,Solano,095,438530,17,23,0,23,0
2020-02-28,Sonoma,097,501317,6,0,0,0,0
2020-02-28,Stanislaus,099,539301,2,0,2,2,0
2020-02-28,Sutter,101,95872,0,0,0,0,0
2020-02-28,Tehama,103,63373,0,0,0,0,0
2020-02-28,Trinity,105,12862,0,0,0,0,0
2020-02-28,Tulare,107,460477,3,0,0,0,0
2020-02-28,Tuolumne,109,53932,0,0,0,0,0
2020-02-28,Ventura,111,848112,6,0,0,0,0
2020-02-28,Yolo,113,214977,2,0,0,0,0
2020-02-28,Yuba,115,75493,0,0,0,0,0
2020-02-27,Alameda,001,1643700,13,0,0,0,0
2020-02-27,Alpine,003,1148,0,0,0,0,0
2020-02-27,Amador,005,37829,0,0,0,0,0
2020-02-27,Butte,007,227075,0,0,0,0,0
2020-02-27,Calaveras,009,45235,0,0,0,0,0
2020-02-27,Colusa,011,21464,0,0,0,0,0
2020-02-27,Contra Costa,013,1133247,14,0,0,0,0
2020-02-27,Del Norte,015,27424,0,0,0,0,0
2020-02-27,El Dorado,017,186661,0,0,0,0,0
2020-02-27,Fresno,019,978130,0,0,0,0,0
2020-02-27,Glenn,021,27897,0,0,0,0,0
2020-02-27,Humboldt,023,135768,1,1,0,1,0
2020-02-27,Imperial,025,180216,3,0,0,0,0
2020-02-27,Inyo,027,18085,0,0,0,0,0
2020-02-27,Kern,029,883053,2,0,0,0,0
2020-02-27,Kings,031,150075,2,0,1,1,0
2020-02-27,Lake,033,64148,0,0,0,0,0
2020-02-27,Lassen,035,31185,0,0,0,0,0
2020-02-27,Los Angeles,037,10098052,89,1,10,11,0
2020-02-27,Madera,039,155013,2,0,0,0,0
2020-02-27,Marin,041,260295,1,0,0,0,0
2020-02-27,Mariposa,043,17540,0,0,0,0,0
2020-02-27,Mendocino,045,87422,0,0,0,0,0
2020-02-27,Merced,047,269075,1,0,0,0,0
2020-02-27,Modoc,049,8938,0,0,0,0,0
2020-02-27,Mono,051,14174,0,0,0,0,0
2020-02-27,Monterey,053,433212,0,0,0,0,0
2020-02-27,Napa,055,140530,1,0,0,0,0
2020-02-27,Nevada,057,99092,0,0,1,1,0
2020-02-27,Orange,059,3164182,49,1,0,1,0
2020-02-27,Placer,061,380077,6,0,0,0,0
2020-02-27,Plumas,063,18699,0,0,0,0,0
2020-02-27,Riverside,065,2383286,12,0,1,1,0
2020-02-27,Sacramento,067,1510023,10,1,0,1,0
2020-02-27,San Benito,069,59416,0,2,0,2,0
2020-02-27,San Bernardino,071,2135413,23,0,0,0,0
2020-02-27,San Diego,073,3302833,12,2,0,2,0
2020-02-27,San Francisco,075,870044,9,0,0,0,0
2020-02-27,San Joaquin,077,732212,5,0,3,3,0
2020-02-27,San Luis Obispo,079,281455,2,0,0,0,0
2020-02-27,San Mateo,081,765935,20,0,0,0,0
2020-02-27,Santa Barbara,083,443738,0,0,0,0,0
2020-02-27,Santa Clara,085,1922200,57,2,1,3,0
2020-02-27,Santa Cruz,087,273765,6,0,0,0,0
2020-02-27,Shasta,089,179085,0,0,0,0,0
2020-02-27,Sierra,091,2930,0,0,0,0,0
2020-02-27,Siskiyou,093,43540,0,0,0,0,0
2020-02-27,Solano,095,438530,17,23,0,23,0
2020-02-27,Sonoma,097,501317,5,0,0,0,0
2020-02-27,Stanislaus,099,539301,2,0,2,2,0
2020-02-27,Sutter,101,95872,0,0,0,0,0
2020-02-27,Tehama,103,63373,0,0,0,0,0
2020-02-27,Trinity,105,12862,0,0,0,0,0
2020-02-27,Tulare,107,460477,3,0,0,0,0
2020-02-27,Tuolumne,109,53932,0,0,0,0,0
2020-02-27,Ventura,111,848112,4,0,0,0,0
2020-02-27,Yolo,113,214977,2,0,0,0,0
2020-02-27,Yuba,115,75493,0,0,0,0,0
2020-02-26,Alameda,001,1643700,13,0,0,0,0
2020-02-26,Alpine,003,1148,0,0,0,0,0
2020-02-26,Amador,005,37829,0,0,0,0,0
2020-02-26,Butte,007,227075,0,0,0,0,0
2020-02-26,Calaveras,009,45235,0,0,0,0,0
2020-02-26,Colusa,011,21464,0,0,0,0,0
2020-02-26,Contra Costa,013,1133247,13,0,0,0,0
2020-02-26,Del Norte,015,27424,0,0,0,0,0
2020-02-26,El Dorado,017,186661,0,0,0,0,0
2020-02-26,Fresno,019,978130,0,0,0,0,0
2020-02-26,Glenn,021,27897,0,0,0,0,0
2020-02-26,Humboldt,023,135768,1,1,0,1,0
2020-02-26,Imperial,025,180216,3,0,0,0,0
2020-02-26,Inyo,027,18085,0,0,0,0,0
2020-02-26,Kern,029,883053,2,0,0,0,0
2020-02-26,Kings,031,150075,2,0,1,1,0
2020-02-26,Lake,033,64148,0,0,0,0,0
2020-02-26,Lassen,035,31185,0,0,0,0,0
2020-02-26,Los Angeles,037,10098052,83,1,10,11,0
2020-02-26,Madera,039,155013,2,0,0,0,0
2020-02-26,Marin,041,260295,1,0,0,0,0
2020-02-26,Mariposa,043,17540,0,0,0,0,0
2020-02-26,Mendocino,045,87422,0,0,0,0,0
2020-02-26,Merced,047,269075,1,0,0,0,0
2020-02-26,Modoc,049,8938,0,0,0,0,0
2020-02-26,Mono,051,14174,0,0,0,0,0
2020-02-26,Monterey,053,433212,0,0,0,0,0
2020-02-26,Napa,055,140530,0,0,0,0,0
2020-02-26,Nevada,057,99092,0,0,1,1,0
2020-02-26,Orange,059,3164182,48,1,0,1,0
2020-02-26,Placer,061,380077,5,0,0,0,0
2020-02-26,Plumas,063,18699,0,0,0,0,0
2020-02-26,Riverside,065,2383286,10,0,1,1,0
2020-02-26,Sacramento,067,1510023,10,1,0,1,0
2020-02-26,San Benito,069,59416,0,2,0,2,0
2020-02-26,San Bernardino,071,2135413,21,0,0,0,0
2020-02-26,San Diego,073,3302833,11,2,0,2,0
2020-02-26,San Francisco,075,870044,9,0,0,0,0
2020-02-26,San Joaquin,077,732212,5,0,3,3,0
2020-02-26,San Luis Obispo,079,281455,2,0,0,0,0
2020-02-26,San Mateo,081,765935,18,0,0,0,0
2020-02-26,Santa Barbara,083,443738,0,0,0,0,0
2020-02-26,Santa Clara,085,1922200,49,2,1,3,0
2020-02-26,Santa Cruz,087,273765,6,0,0,0,0
2020-02-26,Shasta,089,179085,0,0,0,0,0
2020-02-26,Sierra,091,2930,0,0,0,0,0
2020-02-26,Siskiyou,093,43540,0,0,0,0,0
2020-02-26,Solano,095,438530,17,23,0,23,0
2020-02-26,Sonoma,097,501317,5,0,0,0,0
2020-02-26,Stanislaus,099,539301,2,0,2,2,0
2020-02-26,Sutter,101,95872,0,0,0,0,0
2020-02-26,Tehama,103,63373,0,0,0,0,0
2020-02-26,Trinity,105,12862,0,0,0,0,0
2020-02-26,Tulare,107,460477,3,0,0,0,0
2020-02-26,Tuolumne,109,53932,0,0,0,0,0
2020-02-26,Ventura,111,848112,4,0,0,0,0
2020-02-26,Yolo,113,214977,2,0,0,0,0
2020-02-26,Yuba,115,75493,0,0,0,0,0
2020-02-25,Alameda,001,1643700,13,0,0,0,0
2020-02-25,Alpine,003,1148,0,0,0,0,0
2020-02-25,Amador,005,37829,0,0,0,0,0
2020-02-25,Butte,007,227075,0,0,0,0,0
2020-02-25,Calaveras,009,45235,0,0,0,0,0
2020-02-25,Colusa,011,21464,0,0,0,0,0
2020-02-25,Contra Costa,013,1133247,11,0,0,0,0
2020-02-25,Del Norte,015,27424,0,0,0,0,0
2020-02-25,El Dorado,017,186661,0,0,0,0,0
2020-02-25,Fresno,019,978130,0,0,0,0,0
2020-02-25,Glenn,021,27897,0,0,0,0,0
2020-02-25,Humboldt,023,135768,1,1,0,1,0
2020-02-25,Imperial,025,180216,3,0,0,0,0
2020-02-25,Inyo,027,18085,0,0,0,0,0
2020-02-25,Kern,029,883053,2,0,0,0,0
2020-02-25,Kings,031,150075,2,0,1,1,0
2020-02-25,Lake,033,64148,0,0,0,0,0
2020-02-25,Lassen,035,31185,0,0,0,0,0
2020-02-25,Los Angeles,037,10098052,71,1,10,11,0
2020-02-25,Madera,039,155013,2,0,0,0,0
2020-02-25,Marin,041,260295,1,0,0,0,0
2020-02-25,Mariposa,043,17540,0,0,0,0,0
2020-02-25,Mendocino,045,87422,0,0,0,0,0
2020-02-25,Merced,047,269075,0,0,0,0,0
2020-02-25,Modoc,049,8938,0,0,0,0,0
2020-02-25,Mono,051,14174,0,0,0,0,0
2020-02-25,Monterey,053,433212,0,0,0,0,0
2020-02-25,Napa,055,140530,0,0,0,0,0
2020-02-25,Nevada,057,99092,0,0,1,1,0
2020-02-25,Orange,059,3164182,47,1,0,1,0
2020-02-25,Placer,061,380077,5,0,0,0,0
2020-02-25,Plumas,063,18699,0,0,0,0,0
2020-02-25,Riverside,065,2383286,10,0,1,1,0
2020-02-25,Sacramento,067,1510023,8,1,0,1,0
2020-02-25,San Benito,069,59416,0,2,0,2,0
2020-02-25,San Bernardino,071,2135413,19,0,0,0,0
2020-02-25,San Diego,073,3302833,7,2,0,2,0
2020-02-25,San Francisco,075,870044,7,0,0,0,0
2020-02-25,San Joaquin,077,732212,5,0,2,2,0
2020-02-25,San Luis Obispo,079,281455,2,0,0,0,0
2020-02-25,San Mateo,081,765935,17,0,0,0,0
2020-02-25,Santa Barbara,083,443738,0,0,0,0,0
2020-02-25,Santa Clara,085,1922200,40,2,1,3,0
2020-02-25,Santa Cruz,087,273765,5,0,0,0,0
2020-02-25,Shasta,089,179085,0,0,0,0,0
2020-02-25,Sierra,091,2930,0,0,0,0,0
2020-02-25,Siskiyou,093,43540,0,0,0,0,0
2020-02-25,Solano,095,438530,16,21,0,21,0
2020-02-25,Sonoma,097,501317,5,0,0,0,0
2020-02-25,Stanislaus,099,539301,2,0,2,2,0
2020-02-25,Sutter,101,95872,0,0,0,0,0
2020-02-25,Tehama,103,63373,0,0,0,0,0
2020-02-25,Trinity,105,12862,0,0,0,0,0
2020-02-25,Tulare,107,460477,3,0,0,0,0
2020-02-25,Tuolumne,109,53932,0,0,0,0,0
2020-02-25,Ventura,111,848112,4,0,0,0,0
2020-02-25,Yolo,113,214977,2,0,0,0,0
2020-02-25,Yuba,115,75493,0,0,0,0,0
2020-02-24,Alameda,001,1643700,13,0,0,0,0
2020-02-24,Alpine,003,1148,0,0,0,0,0
2020-02-24,Amador,005,37829,0,0,0,0,0
2020-02-24,Butte,007,227075,0,0,0,0,0
2020-02-24,Calaveras,009,45235,0,0,0,0,0
2020-02-24,Colusa,011,21464,0,0,0,0,0
2020-02-24,Contra Costa,013,1133247,9,0,0,0,0
2020-02-24,Del Norte,015,27424,0,0,0,0,0
2020-02-24,El Dorado,017,186661,0,0,0,0,0
2020-02-24,Fresno,019,978130,0,0,0,0,0
2020-02-24,Glenn,021,27897,0,0,0,0,0
2020-02-24,Humboldt,023,135768,1,1,0,1,0
2020-02-24,Imperial,025,180216,3,0,0,0,0
2020-02-24,Inyo,027,18085,0,0,0,0,0
2020-02-24,Kern,029,883053,2,0,0,0,0
2020-02-24,Kings,031,150075,2,0,1,1,0
2020-02-24,Lake,033,64148,0,0,0,0,0
2020-02-24,Lassen,035,31185,0,0,0,0,0
2020-02-24,Los Angeles,037,10098052,66,1,10,11,0
2020-02-24,Madera,039,155013,1,0,0,0,0
2020-02-24,Marin,041,260295,1,0,0,0,0
2020-02-24,Mariposa,043,17540,0,0,0,0,0
2020-02-24,Mendocino,045,87422,0,0,0,0,0
2020-02-24,Merced,047,269075,0,0,0,0,0
2020-02-24,Modoc,049,8938,0,0,0,0,0
2020-02-24,Mono,051,14174,0,0,0,0,0
2020-02-24,Monterey,053,433212,0,0,0,0,0
2020-02-24,Napa,055,140530,0,0,0,0,0
2020-02-24,Nevada,057,99092,0,0,1,1,0
2020-02-24,Orange,059,3164182,45,1,0,1,0
2020-02-24,Placer,061,380077,3,0,0,0,0
2020-02-24,Plumas,063,18699,0,0,0,0,0
2020-02-24,Riverside,065,2383286,9,0,1,1,0
2020-02-24,Sacramento,067,1510023,7,1,0,1,0
2020-02-24,San Benito,069,59416,0,2,0,2,0
2020-02-24,San Bernardino,071,2135413,19,0,0,0,0
2020-02-24,San Diego,073,3302833,7,2,0,2,0
2020-02-24,San Francisco,075,870044,6,0,0,0,0
2020-02-24,San Joaquin,077,732212,5,0,1,1,0
2020-02-24,San Luis Obispo,079,281455,2,0,0,0,0
2020-02-24,San Mateo,081,765935,13,0,0,0,0
2020-02-24,Santa Barbara,083,443738,0,0,0,0,0
2020-02-24,Santa Clara,085,1922200,38,2,1,3,0
2020-02-24,Santa Cruz,087,273765,5,0,0,0,0
2020-02-24,Shasta,089,179085,0,0,0,0,0
2020-02-24,Sierra,091,2930,0,0,0,0,0
2020-02-24,Siskiyou,093,43540,0,0,0,0,0
2020-02-24,Solano,095,438530,13,15,0,15,0
2020-02-24,Sonoma,097,501317,5,0,0,0,0
2020-02-24,Stanislaus,099,539301,2,0,2,2,0
2020-02-24,Sutter,101,95872,0,0,0,0,0
2020-02-24,Tehama,103,63373,0,0,0,0,0
2020-02-24,Trinity,105,12862,0,0,0,0,0
2020-02-24,Tulare,107,460477,3,0,0,0,0
2020-02-24,Tuolumne,109,53932,0,0,0,0,0
2020-02-24,Ventura,111,848112,4,0,0,0,0
2020-02-24,Yolo,113,214977,2,0,0,0,0
2020-02-24,Yuba,115,75493,0,0,0,0,0
2020-02-23,Alameda,001,1643700,11,0,0,0,0
2020-02-23,Alpine,003,1148,0,0,0,0,0
2020-02-23,Amador,005,37829,0,0,0,0,0
2020-02-23,Butte,007,227075,0,0,0,0,0
2020-02-23,Calaveras,009,45235,0,0,0,0,0
2020-02-23,Colusa,011,21464,0,0,0,0,0
2020-02-23,Contra Costa,013,1133247,6,0,0,0,0
2020-02-23,Del Norte,015,27424,0,0,0,0,0
2020-02-23,El Dorado,017,186661,0,0,0,0,0
2020-02-23,Fresno,019,978130,0,0,0,0,0
2020-02-23,Glenn,021,27897,0,0,0,0,0
2020-02-23,Humboldt,023,135768,1,1,0,1,0
2020-02-23,Imperial,025,180216,3,0,0,0,0
2020-02-23,Inyo,027,18085,0,0,0,0,0
2020-02-23,Kern,029,883053,2,0,0,0,0
2020-02-23,Kings,031,150075,2,0,1,1,0
2020-02-23,Lake,033,64148,0,0,0,0,0
2020-02-23,Lassen,035,31185,0,0,0,0,0
2020-02-23,Los Angeles,037,10098052,58,1,10,11,0
2020-02-23,Madera,039,155013,1,0,0,0,0
2020-02-23,Marin,041,260295,1,0,0,0,0
2020-02-23,Mariposa,043,17540,0,0,0,0,0
2020-02-23,Mendocino,045,87422,0,0,0,0,0
2020-02-23,Merced,047,269075,0,0,0,0,0
2020-02-23,Modoc,049,8938,0,0,0,0,0
2020-02-23,Mono,051,14174,0,0,0,0,0
2020-02-23,Monterey,053,433212,0,0,0,0,0
2020-02-23,Napa,055,140530,0,0,0,0,0
2020-02-23,Nevada,057,99092,0,0,1,1,0
2020-02-23,Orange,059,3164182,45,1,0,1,0
2020-02-23,Placer,061,380077,3,0,0,0,0
2020-02-23,Plumas,063,18699,0,0,0,0,0
2020-02-23,Riverside,065,2383286,9,0,0,0,0
2020-02-23,Sacramento,067,1510023,6,1,0,1,0
2020-02-23,San Benito,069,59416,0,2,0,2,0
2020-02-23,San Bernardino,071,2135413,18,0,0,0,0
2020-02-23,San Diego,073,3302833,6,2,0,2,0
2020-02-23,San Francisco,075,870044,5,0,0,0,0
2020-02-23,San Joaquin,077,732212,4,0,1,1,0
2020-02-23,San Luis Obispo,079,281455,2,0,0,0,0
2020-02-23,San Mateo,081,765935,10,0,0,0,0
2020-02-23,Santa Barbara,083,443738,0,0,0,0,0
2020-02-23,Santa Clara,085,1922200,26,2,1,3,0
2020-02-23,Santa Cruz,087,273765,2,0,0,0,0
2020-02-23,Shasta,089,179085,0,0,0,0,0
2020-02-23,Sierra,091,2930,0,0,0,0,0
2020-02-23,Siskiyou,093,43540,0,0,0,0,0
2020-02-23,Solano,095,438530,11,15,0,15,0
2020-02-23,Sonoma,097,501317,5,0,0,0,0
2020-02-23,Stanislaus,099,539301,2,0,2,2,0
2020-02-23,Sutter,101,95872,0,0,0,0,0
2020-02-23,Tehama,103,63373,0,0,0,0,0
2020-02-23,Trinity,105,12862,0,0,0,0,0
2020-02-23,Tulare,107,460477,2,0,0,0,0
2020-02-23,Tuolumne,109,53932,0,0,0,0,0
2020-02-23,Ventura,111,848112,4,0,0,0,0
2020-02-23,Yolo,113,214977,2,0,0,0,0
2020-02-23,Yuba,115,75493,0,0,0,0,0
2020-02-22,Alameda,001,1643700,10,0,0,0,0
2020-02-22,Alpine,003,1148,0,0,0,0,0
2020-02-22,Amador,005,37829,0,0,0,0,0
2020-02-22,Butte,007,227075,0,0,0,0,0
2020-02-22,Calaveras,009,45235,0,0,0,0,0
2020-02-22,Colusa,011,21464,0,0,0,0,0
2020-02-22,Contra Costa,013,1133247,5,0,0,0,0
2020-02-22,Del Norte,015,27424,0,0,0,0,0
2020-02-22,El Dorado,017,186661,0,0,0,0,0
2020-02-22,Fresno,019,978130,0,0,0,0,0
2020-02-22,Glenn,021,27897,0,0,0,0,0
2020-02-22,Humboldt,023,135768,1,1,0,1,0
2020-02-22,Imperial,025,180216,2,0,0,0,0
2020-02-22,Inyo,027,18085,0,0,0,0,0
2020-02-22,Kern,029,883053,2,0,0,0,0
2020-02-22,Kings,031,150075,2,0,1,1,0
2020-02-22,Lake,033,64148,0,0,0,0,0
2020-02-22,Lassen,035,31185,0,0,0,0,0
2020-02-22,Los Angeles,037,10098052,56,1,10,11,0
2020-02-22,Madera,039,155013,0,0,0,0,0
2020-02-22,Marin,041,260295,1,0,0,0,0
2020-02-22,Mariposa,043,17540,0,0,0,0,0
2020-02-22,Mendocino,045,87422,0,0,0,0,0
2020-02-22,Merced,047,269075,0,0,0,0,0
2020-02-22,Modoc,049,8938,0,0,0,0,0
2020-02-22,Mono,051,14174,0,0,0,0,0
2020-02-22,Monterey,053,433212,0,0,0,0,0
2020-02-22,Napa,055,140530,0,0,0,0,0
2020-02-22,Nevada,057,99092,0,0,1,1,0
2020-02-22,Orange,059,3164182,44,1,0,1,0
2020-02-22,Placer,061,380077,3,0,0,0,0
2020-02-22,Plumas,063,18699,0,0,0,0,0
2020-02-22,Riverside,065,2383286,9,0,0,0,0
2020-02-22,Sacramento,067,1510023,6,1,0,1,0
2020-02-22,San Benito,069,59416,0,2,0,2,0
2020-02-22,San Bernardino,071,2135413,16,0,0,0,0
2020-02-22,San Diego,073,3302833,5,2,0,2,0
2020-02-22,San Francisco,075,870044,3,0,0,0,0
2020-02-22,San Joaquin,077,732212,4,0,1,1,0
2020-02-22,San Luis Obispo,079,281455,2,0,0,0,0
2020-02-22,San Mateo,081,765935,8,0,0,0,0
2020-02-22,Santa Barbara,083,443738,0,0,0,0,0
2020-02-22,Santa Clara,085,1922200,23,2,1,3,0
2020-02-22,Santa Cruz,087,273765,2,0,0,0,0
2020-02-22,Shasta,089,179085,0,0,0,0,0
2020-02-22,Sierra,091,2930,0,0,0,0,0
2020-02-22,Siskiyou,093,43540,0,0,0,0,0
2020-02-22,Solano,095,438530,11,11,0,11,0
2020-02-22,Sonoma,097,501317,4,0,0,0,0
2020-02-22,Stanislaus,099,539301,2,0,2,2,0
2020-02-22,Sutter,101,95872,0,0,0,0,0
2020-02-22,Tehama,103,63373,0,0,0,0,0
2020-02-22,Trinity,105,12862,0,0,0,0,0
2020-02-22,Tulare,107,460477,2,0,0,0,0
2020-02-22,Tuolumne,109,53932,0,0,0,0,0
2020-02-22,Ventura,111,848112,4,0,0,0,0
2020-02-22,Yolo,113,214977,1,0,0,0,0
2020-02-22,Yuba,115,75493,0,0,0,0,0
2020-02-21,Alameda,001,1643700,9,0,0,0,0
2020-02-21,Alpine,003,1148,0,0,0,0,0
2020-02-21,Amador,005,37829,0,0,0,0,0
2020-02-21,Butte,007,227075,0,0,0,0,0
2020-02-21,Calaveras,009,45235,0,0,0,0,0
2020-02-21,Colusa,011,21464,0,0,0,0,0
2020-02-21,Contra Costa,013,1133247,4,0,0,0,0
2020-02-21,Del Norte,015,27424,0,0,0,0,0
2020-02-21,El Dorado,017,186661,0,0,0,0,0
2020-02-21,Fresno,019,978130,0,0,0,0,0
2020-02-21,Glenn,021,27897,0,0,0,0,0
2020-02-21,Humboldt,023,135768,1,1,0,1,0
2020-02-21,Imperial,025,180216,2,0,0,0,0
2020-02-21,Inyo,027,18085,0,0,0,0,0
2020-02-21,Kern,029,883053,2,0,0,0,0
2020-02-21,Kings,031,150075,2,0,1,1,0
2020-02-21,Lake,033,64148,0,0,0,0,0
2020-02-21,Lassen,035,31185,0,0,0,0,0
2020-02-21,Los Angeles,037,10098052,52,1,10,11,0
2020-02-21,Madera,039,155013,0,0,0,0,0
2020-02-21,Marin,041,260295,1,0,0,0,0
2020-02-21,Mariposa,043,17540,0,0,0,0,0
2020-02-21,Mendocino,045,87422,0,0,0,0,0
2020-02-21,Merced,047,269075,0,0,0,0,0
2020-02-21,Modoc,049,8938,0,0,0,0,0
2020-02-21,Mono,051,14174,0,0,0,0,0
2020-02-21,Monterey,053,433212,0,0,0,0,0
2020-02-21,Napa,055,140530,0,0,0,0,0
2020-02-21,Nevada,057,99092,0,0,1,1,0
2020-02-21,Orange,059,3164182,42,1,0,1,0
2020-02-21,Placer,061,380077,2,0,0,0,0
2020-02-21,Plumas,063,18699,0,0,0,0,0
2020-02-21,Riverside,065,2383286,9,0,0,0,0
2020-02-21,Sacramento,067,1510023,5,1,0,1,0
2020-02-21,San Benito,069,59416,0,2,0,2,0
2020-02-21,San Bernardino,071,2135413,15,0,0,0,0
2020-02-21,San Diego,073,3302833,5,2,0,2,0
2020-02-21,San Francisco,075,870044,3,0,0,0,0
2020-02-21,San Joaquin,077,732212,2,0,1,1,0
2020-02-21,San Luis Obispo,079,281455,2,0,0,0,0
2020-02-21,San Mateo,081,765935,8,0,0,0,0
2020-02-21,Santa Barbara,083,443738,0,0,0,0,0
2020-02-21,Santa Clara,085,1922200,21,2,1,3,0
2020-02-21,Santa Cruz,087,273765,2,0,0,0,0
2020-02-21,Shasta,089,179085,0,0,0,0,0
2020-02-21,Sierra,091,2930,0,0,0,0,0
2020-02-21,Siskiyou,093,43540,0,0,0,0,0
2020-02-21,Solano,095,438530,10,11,0,11,0
2020-02-21,Sonoma,097,501317,3,0,0,0,0
2020-02-21,Stanislaus,099,539301,2,0,2,2,0
2020-02-21,Sutter,101,95872,0,0,0,0,0
2020-02-21,Tehama,103,63373,0,0,0,0,0
2020-02-21,Trinity,105,12862,0,0,0,0,0
2020-02-21,Tulare,107,460477,2,0,0,0,0
2020-02-21,Tuolumne,109,53932,0,0,0,0,0
2020-02-21,Ventura,111,848112,4,0,0,0,0
2020-02-21,Yolo,113,214977,1,0,0,0,0
2020-02-21,Yuba,115,75493,0,0,0,0,0
2020-02-20,Alameda,001,1643700,7,0,0,0,0
2020-02-20,Alpine,003,1148,0,0,0,0,0
2020-02-20,Amador,005,37829,0,0,0,0,0
2020-02-20,Butte,007,227075,0,0,0,0,0
2020-02-20,Calaveras,009,45235,0,0,0,0,0
2020-02-20,Colusa,011,21464,0,0,0,0,0
2020-02-20,Contra Costa,013,1133247,3,0,0,0,0
2020-02-20,Del Norte,015,27424,0,0,0,0,0
2020-02-20,El Dorado,017,186661,0,0,0,0,0
2020-02-20,Fresno,019,978130,0,0,0,0,0
2020-02-20,Glenn,021,27897,0,0,0,0,0
2020-02-20,Humboldt,023,135768,1,1,0,1,0
2020-02-20,Imperial,025,180216,2,0,0,0,0
2020-02-20,Inyo,027,18085,0,0,0,0,0
2020-02-20,Kern,029,883053,2,0,0,0,0
2020-02-20,Kings,031,150075,2,0,1,1,0
2020-02-20,Lake,033,64148,0,0,0,0,0
2020-02-20,Lassen,035,31185,0,0,0,0,0
2020-02-20,Los Angeles,037,10098052,51,1,9,10,0
2020-02-20,Madera,039,155013,0,0,0,0,0
2020-02-20,Marin,041,260295,0,0,0,0,0
2020-02-20,Mariposa,043,17540,0,0,0,0,0
2020-02-20,Mendocino,045,87422,0,0,0,0,0
2020-02-20,Merced,047,269075,0,0,0,0,0
2020-02-20,Modoc,049,8938,0,0,0,0,0
2020-02-20,Mono,051,14174,0,0,0,0,0
2020-02-20,Monterey,053,433212,0,0,0,0,0
2020-02-20,Napa,055,140530,0,0,0,0,0
2020-02-20,Nevada,057,99092,0,0,1,1,0
2020-02-20,Orange,059,3164182,42,1,0,1,0
2020-02-20,Placer,061,380077,2,0,0,0,0
2020-02-20,Plumas,063,18699,0,0,0,0,0
2020-02-20,Riverside,065,2383286,7,0,0,0,0
2020-02-20,Sacramento,067,1510023,2,1,0,1,0
2020-02-20,San Benito,069,59416,0,2,0,2,0
2020-02-20,San Bernardino,071,2135413,14,0,0,0,0
2020-02-20,San Diego,073,3302833,5,2,0,2,0
2020-02-20,San Francisco,075,870044,3,0,0,0,0
2020-02-20,San Joaquin,077,732212,2,0,1,1,0
2020-02-20,San Luis Obispo,079,281455,2,0,0,0,0
2020-02-20,San Mateo,081,765935,7,0,0,0,0
2020-02-20,Santa Barbara,083,443738,0,0,0,0,0
2020-02-20,Santa Clara,085,1922200,17,2,1,3,0
2020-02-20,Santa Cruz,087,273765,2,0,0,0,0
2020-02-20,Shasta,089,179085,0,0,0,0,0
2020-02-20,Sierra,091,2930,0,0,0,0,0
2020-02-20,Siskiyou,093,43540,0,0,0,0,0
2020-02-20,Solano,095,438530,8,7,0,7,0
2020-02-20,Sonoma,097,501317,2,0,0,0,0
2020-02-20,Stanislaus,099,539301,2,0,2,2,0
2020-02-20,Sutter,101,95872,0,0,0,0,0
2020-02-20,Tehama,103,63373,0,0,0,0,0
2020-02-20,Trinity,105,12862,0,0,0,0,0
2020-02-20,Tulare,107,460477,2,0,0,0,0
2020-02-20,Tuolumne,109,53932,0,0,0,0,0
2020-02-20,Ventura,111,848112,4,0,0,0,0
2020-02-20,Yolo,113,214977,1,0,0,0,0
2020-02-20,Yuba,115,75493,0,0,0,0,0
2020-02-19,Alameda,001,1643700,6,0,0,0,0
2020-02-19,Alpine,003,1148,0,0,0,0,0
2020-02-19,Amador,005,37829,0,0,0,0,0
2020-02-19,Butte,007,227075,0,0,0,0,0
2020-02-19,Calaveras,009,45235,0,0,0,0,0
2020-02-19,Colusa,011,21464,0,0,0,0,0
2020-02-19,Contra Costa,013,1133247,3,0,0,0,0
2020-02-19,Del Norte,015,27424,0,0,0,0,0
2020-02-19,El Dorado,017,186661,0,0,0,0,0
2020-02-19,Fresno,019,978130,0,0,0,0,0
2020-02-19,Glenn,021,27897,0,0,0,0,0
2020-02-19,Humboldt,023,135768,1,0,0,0,0
2020-02-19,Imperial,025,180216,2,0,0,0,0
2020-02-19,Inyo,027,18085,0,0,0,0,0
2020-02-19,Kern,029,883053,2,0,0,0,0
2020-02-19,Kings,031,150075,2,0,1,1,0
2020-02-19,Lake,033,64148,0,0,0,0,0
2020-02-19,Lassen,035,31185,0,0,0,0,0
2020-02-19,Los Angeles,037,10098052,48,1,9,10,0
2020-02-19,Madera,039,155013,0,0,0,0,0
2020-02-19,Marin,041,260295,0,0,0,0,0
2020-02-19,Mariposa,043,17540,0,0,0,0,0
2020-02-19,Mendocino,045,87422,0,0,0,0,0
2020-02-19,Merced,047,269075,0,0,0,0,0
2020-02-19,Modoc,049,8938,0,0,0,0,0
2020-02-19,Mono,051,14174,0,0,0,0,0
2020-02-19,Monterey,053,433212,0,0,0,0,0
2020-02-19,Napa,055,140530,0,0,0,0,0
2020-02-19,Nevada,057,99092,0,0,1,1,0
2020-02-19,Orange,059,3164182,41,1,0,1,0
2020-02-19,Placer,061,380077,2,0,0,0,0
2020-02-19,Plumas,063,18699,0,0,0,0,0
2020-02-19,Riverside,065,2383286,5,0,0,0,0
2020-02-19,Sacramento,067,1510023,2,0,0,0,0
2020-02-19,San Benito,069,59416,0,2,0,2,0
2020-02-19,San Bernardino,071,2135413,13,0,0,0,0
2020-02-19,San Diego,073,3302833,4,2,0,2,0
2020-02-19,San Francisco,075,870044,2,0,0,0,0
2020-02-19,San Joaquin,077,732212,2,0,1,1,0
2020-02-19,San Luis Obispo,079,281455,2,0,0,0,0
2020-02-19,San Mateo,081,765935,6,0,0,0,0
2020-02-19,Santa Barbara,083,443738,0,0,0,0,0
2020-02-19,Santa Clara,085,1922200,15,2,1,3,0
2020-02-19,Santa Cruz,087,273765,0,0,0,0,0
2020-02-19,Shasta,089,179085,0,0,0,0,0
2020-02-19,Sierra,091,2930,0,0,0,0,0
2020-02-19,Siskiyou,093,43540,0,0,0,0,0
2020-02-19,Solano,095,438530,5,7,0,7,0
2020-02-19,Sonoma,097,501317,2,0,0,0,0
2020-02-19,Stanislaus,099,539301,1,0,2,2,0
2020-02-19,Sutter,101,95872,0,0,0,0,0
2020-02-19,Tehama,103,63373,0,0,0,0,0
2020-02-19,Trinity,105,12862,0,0,0,0,0
2020-02-19,Tulare,107,460477,2,0,0,0,0
2020-02-19,Tuolumne,109,53932,0,0,0,0,0
2020-02-19,Ventura,111,848112,2,0,0,0,0
2020-02-19,Yolo,113,214977,1,0,0,0,0
2020-02-19,Yuba,115,75493,0,0,0,0,0
2020-02-18,Alameda,001,1643700,6,0,0,0,0
2020-02-18,Alpine,003,1148,0,0,0,0,0
2020-02-18,Amador,005,37829,0,0,0,0,0
2020-02-18,Butte,007,227075,0,0,0,0,0
2020-02-18,Calaveras,009,45235,0,0,0,0,0
2020-02-18,Colusa,011,21464,0,0,0,0,0
2020-02-18,Contra Costa,013,1133247,3,0,0,0,0
2020-02-18,Del Norte,015,27424,0,0,0,0,0
2020-02-18,El Dorado,017,186661,0,0,0,0,0
2020-02-18,Fresno,019,978130,0,0,0,0,0
2020-02-18,Glenn,021,27897,0,0,0,0,0
2020-02-18,Humboldt,023,135768,1,0,0,0,0
2020-02-18,Imperial,025,180216,1,0,0,0,0
2020-02-18,Inyo,027,18085,0,0,0,0,0
2020-02-18,Kern,029,883053,2,0,0,0,0
2020-02-18,Kings,031,150075,2,0,1,1,0
2020-02-18,Lake,033,64148,0,0,0,0,0
2020-02-18,Lassen,035,31185,0,0,0,0,0
2020-02-18,Los Angeles,037,10098052,45,1,8,9,0
2020-02-18,Madera,039,155013,0,0,0,0,0
2020-02-18,Marin,041,260295,0,0,0,0,0
2020-02-18,Mariposa,043,17540,0,0,0,0,0
2020-02-18,Mendocino,045,87422,0,0,0,0,0
2020-02-18,Merced,047,269075,0,0,0,0,0
2020-02-18,Modoc,049,8938,0,0,0,0,0
2020-02-18,Mono,051,14174,0,0,0,0,0
2020-02-18,Monterey,053,433212,0,0,0,0,0
2020-02-18,Napa,055,140530,0,0,0,0,0
2020-02-18,Nevada,057,99092,0,0,1,1,0
2020-02-18,Orange,059,3164182,40,1,0,1,0
2020-02-18,Placer,061,380077,0,0,0,0,0
2020-02-18,Plumas,063,18699,0,0,0,0,0
2020-02-18,Riverside,065,2383286,5,0,0,0,0
2020-02-18,Sacramento,067,1510023,2,0,0,0,0
2020-02-18,San Benito,069,59416,0,2,0,2,0
2020-02-18,San Bernardino,071,2135413,13,0,0,0,0
2020-02-18,San Diego,073,3302833,4,2,0,2,0
2020-02-18,San Francisco,075,870044,2,0,0,0,0
2020-02-18,San Joaquin,077,732212,1,0,1,1,0
2020-02-18,San Luis Obispo,079,281455,2,0,0,0,0
2020-02-18,San Mateo,081,765935,5,0,0,0,0
2020-02-18,Santa Barbara,083,443738,0,0,0,0,0
2020-02-18,Santa Clara,085,1922200,14,2,1,3,0
2020-02-18,Santa Cruz,087,273765,0,0,0,0,0
2020-02-18,Shasta,089,179085,0,0,0,0,0
2020-02-18,Sierra,091,2930,0,0,0,0,0
2020-02-18,Siskiyou,093,43540,0,0,0,0,0
2020-02-18,Solano,095,438530,5,7,0,7,0
2020-02-18,Sonoma,097,501317,1,0,0,0,0
2020-02-18,Stanislaus,099,539301,1,0,2,2,0
2020-02-18,Sutter,101,95872,0,0,0,0,0
2020-02-18,Tehama,103,63373,0,0,0,0,0
2020-02-18,Trinity,105,12862,0,0,0,0,0
2020-02-18,Tulare,107,460477,2,0,0,0,0
2020-02-18,Tuolumne,109,53932,0,0,0,0,0
2020-02-18,Ventura,111,848112,2,0,0,0,0
2020-02-18,Yolo,113,214977,1,0,0,0,0
2020-02-18,Yuba,115,75493,0,0,0,0,0
2020-02-17,Alameda,001,1643700,6,0,0,0,0
2020-02-17,Alpine,003,1148,0,0,0,0,0
2020-02-17,Amador,005,37829,0,0,0,0,0
2020-02-17,Butte,007,227075,0,0,0,0,0
2020-02-17,Calaveras,009,45235,0,0,0,0,0
2020-02-17,Colusa,011,21464,0,0,0,0,0
2020-02-17,Contra Costa,013,1133247,3,0,0,0,0
2020-02-17,Del Norte,015,27424,0,0,0,0,0
2020-02-17,El Dorado,017,186661,0,0,0,0,0
2020-02-17,Fresno,019,978130,0,0,0,0,0
2020-02-17,Glenn,021,27897,0,0,0,0,0
2020-02-17,Humboldt,023,135768,1,0,0,0,0
2020-02-17,Imperial,025,180216,1,0,0,0,0
2020-02-17,Inyo,027,18085,0,0,0,0,0
2020-02-17,Kern,029,883053,2,0,0,0,0
2020-02-17,Kings,031,150075,2,0,0,0,0
2020-02-17,Lake,033,64148,0,0,0,0,0
2020-02-17,Lassen,035,31185,0,0,0,0,0
2020-02-17,Los Angeles,037,10098052,42,1,7,8,0
2020-02-17,Madera,039,155013,0,0,0,0,0
2020-02-17,Marin,041,260295,0,0,0,0,0
2020-02-17,Mariposa,043,17540,0,0,0,0,0
2020-02-17,Mendocino,045,87422,0,0,0,0,0
2020-02-17,Merced,047,269075,0,0,0,0,0
2020-02-17,Modoc,049,8938,0,0,0,0,0
2020-02-17,Mono,051,14174,0,0,0,0,0
2020-02-17,Monterey,053,433212,0,0,0,0,0
2020-02-17,Napa,055,140530,0,0,0,0,0
2020-02-17,Nevada,057,99092,0,0,1,1,0
2020-02-17,Orange,059,3164182,40,1,0,1,0
2020-02-17,Placer,061,380077,0,0,0,0,0
2020-02-17,Plumas,063,18699,0,0,0,0,0
2020-02-17,Riverside,065,2383286,5,0,0,0,0
2020-02-17,Sacramento,067,1510023,2,0,0,0,0
2020-02-17,San Benito,069,59416,0,2,0,2,0
2020-02-17,San Bernardino,071,2135413,11,0,0,0,0
2020-02-17,San Diego,073,3302833,4,2,0,2,0
2020-02-17,San Francisco,075,870044,2,0,0,0,0
2020-02-17,San Joaquin,077,732212,1,0,1,1,0
2020-02-17,San Luis Obispo,079,281455,1,0,0,0,0
2020-02-17,San Mateo,081,765935,5,0,0,0,0
2020-02-17,Santa Barbara,083,443738,0,0,0,0,0
2020-02-17,Santa Clara,085,1922200,12,2,1,3,0
2020-02-17,Santa Cruz,087,273765,0,0,0,0,0
2020-02-17,Shasta,089,179085,0,0,0,0,0
2020-02-17,Sierra,091,2930,0,0,0,0,0
2020-02-17,Siskiyou,093,43540,0,0,0,0,0
2020-02-17,Solano,095,438530,3,5,0,5,0
2020-02-17,Sonoma,097,501317,1,0,0,0,0
2020-02-17,Stanislaus,099,539301,1,0,2,2,0
2020-02-17,Sutter,101,95872,0,0,0,0,0
2020-02-17,Tehama,103,63373,0,0,0,0,0
2020-02-17,Trinity,105,12862,0,0,0,0,0
2020-02-17,Tulare,107,460477,2,0,0,0,0
2020-02-17,Tuolumne,109,53932,0,0,0,0,0
2020-02-17,Ventura,111,848112,2,0,0,0,0
2020-02-17,Yolo,113,214977,1,0,0,0,0
2020-02-17,Yuba,115,75493,0,0,0,0,0
2020-02-16,Alameda,001,1643700,5,0,0,0,0
2020-02-16,Alpine,003,1148,0,0,0,0,0
2020-02-16,Amador,005,37829,0,0,0,0,0
2020-02-16,Butte,007,227075,0,0,0,0,0
2020-02-16,Calaveras,009,45235,0,0,0,0,0
2020-02-16,Colusa,011,21464,0,0,0,0,0
2020-02-16,Contra Costa,013,1133247,3,0,0,0,0
2020-02-16,Del Norte,015,27424,0,0,0,0,0
2020-02-16,El Dorado,017,186661,0,0,0,0,0
2020-02-16,Fresno,019,978130,0,0,0,0,0
2020-02-16,Glenn,021,27897,0,0,0,0,0
2020-02-16,Humboldt,023,135768,1,0,0,0,0
2020-02-16,Imperial,025,180216,1,0,0,0,0
2020-02-16,Inyo,027,18085,0,0,0,0,0
2020-02-16,Kern,029,883053,2,0,0,0,0
2020-02-16,Kings,031,150075,2,0,0,0,0
2020-02-16,Lake,033,64148,0,0,0,0,0
2020-02-16,Lassen,035,31185,0,0,0,0,0
2020-02-16,Los Angeles,037,10098052,36,1,7,8,0
2020-02-16,Madera,039,155013,0,0,0,0,0
2020-02-16,Marin,041,260295,0,0,0,0,0
2020-02-16,Mariposa,043,17540,0,0,0,0,0
2020-02-16,Mendocino,045,87422,0,0,0,0,0
2020-02-16,Merced,047,269075,0,0,0,0,0
2020-02-16,Modoc,049,8938,0,0,0,0,0
2020-02-16,Mono,051,14174,0,0,0,0,0
2020-02-16,Monterey,053,433212,0,0,0,0,0
2020-02-16,Napa,055,140530,0,0,0,0,0
2020-02-16,Nevada,057,99092,0,0,0,0,0
2020-02-16,Orange,059,3164182,39,1,0,1,0
2020-02-16,Placer,061,380077,0,0,0,0,0
2020-02-16,Plumas,063,18699,0,0,0,0,0
2020-02-16,Riverside,065,2383286,5,0,0,0,0
2020-02-16,Sacramento,067,1510023,2,0,0,0,0
2020-02-16,San Benito,069,59416,0,2,0,2,0
2020-02-16,San Bernardino,071,2135413,10,0,0,0,0
2020-02-16,San Diego,073,3302833,4,2,0,2,0
2020-02-16,San Francisco,075,870044,2,0,0,0,0
2020-02-16,San Joaquin,077,732212,1,0,1,1,0
2020-02-16,San Luis Obispo,079,281455,1,0,0,0,0
2020-02-16,San Mateo,081,765935,4,0,0,0,0
2020-02-16,Santa Barbara,083,443738,0,0,0,0,0
2020-02-16,Santa Clara,085,1922200,10,2,1,3,0
2020-02-16,Santa Cruz,087,273765,0,0,0,0,0
2020-02-16,Shasta,089,179085,0,0,0,0,0
2020-02-16,Sierra,091,2930,0,0,0,0,0
2020-02-16,Siskiyou,093,43540,0,0,0,0,0
2020-02-16,Solano,095,438530,1,0,0,0,0
2020-02-16,Sonoma,097,501317,1,0,0,0,0
2020-02-16,Stanislaus,099,539301,1,0,2,2,0
2020-02-16,Sutter,101,95872,0,0,0,0,0
2020-02-16,Tehama,103,63373,0,0,0,0,0
2020-02-16,Trinity,105,12862,0,0,0,0,0
2020-02-16,Tulare,107,460477,2,0,0,0,0
2020-02-16,Tuolumne,109,53932,0,0,0,0,0
2020-02-16,Ventura,111,848112,2,0,0,0,0
2020-02-16,Yolo,113,214977,1,0,0,0,0
2020-02-16,Yuba,115,75493,0,0,0,0,0
2020-02-15,Alameda,001,1643700,5,0,0,0,0
2020-02-15,Alpine,003,1148,0,0,0,0,0
2020-02-15,Amador,005,37829,0,0,0,0,0
2020-02-15,Butte,007,227075,0,0,0,0,0
2020-02-15,Calaveras,009,45235,0,0,0,0,0
2020-02-15,Colusa,011,21464,0,0,0,0,0
2020-02-15,Contra Costa,013,1133247,3,0,0,0,0
2020-02-15,Del Norte,015,27424,0,0,0,0,0
2020-02-15,El Dorado,017,186661,0,0,0,0,0
2020-02-15,Fresno,019,978130,0,0,0,0,0
2020-02-15,Glenn,021,27897,0,0,0,0,0
2020-02-15,Humboldt,023,135768,1,0,0,0,0
2020-02-15,Imperial,025,180216,1,0,0,0,0
2020-02-15,Inyo,027,18085,0,0,0,0,0
2020-02-15,Kern,029,883053,2,0,0,0,0
2020-02-15,Kings,031,150075,2,0,0,0,0
2020-02-15,Lake,033,64148,0,0,0,0,0
2020-02-15,Lassen,035,31185,0,0,0,0,0
2020-02-15,Los Angeles,037,10098052,33,1,7,8,0
2020-02-15,Madera,039,155013,0,0,0,0,0
2020-02-15,Marin,041,260295,0,0,0,0,0
2020-02-15,Mariposa,043,17540,0,0,0,0,0
2020-02-15,Mendocino,045,87422,0,0,0,0,0
2020-02-15,Merced,047,269075,0,0,0,0,0
2020-02-15,Modoc,049,8938,0,0,0,0,0
2020-02-15,Mono,051,14174,0,0,0,0,0
2020-02-15,Monterey,053,433212,0,0,0,0,0
2020-02-15,Napa,055,140530,0,0,0,0,0
2020-02-15,Nevada,057,99092,0,0,0,0,0
2020-02-15,Orange,059,3164182,38,1,0,1,0
2020-02-15,Placer,061,380077,0,0,0,0,0
2020-02-15,Plumas,063,18699,0,0,0,0,0
2020-02-15,Riverside,065,2383286,4,0,0,0,0
2020-02-15,Sacramento,067,1510023,2,0,0,0,0
2020-02-15,San Benito,069,59416,0,2,0,2,0
2020-02-15,San Bernardino,071,2135413,9,0,0,0,0
2020-02-15,San Diego,073,3302833,4,2,0,2,0
2020-02-15,San Francisco,075,870044,2,0,0,0,0
2020-02-15,San Joaquin,077,732212,1,0,1,1,0
2020-02-15,San Luis Obispo,079,281455,1,0,0,0,0
2020-02-15,San Mateo,081,765935,4,0,0,0,0
2020-02-15,Santa Barbara,083,443738,0,0,0,0,0
2020-02-15,Santa Clara,085,1922200,10,2,1,3,0
2020-02-15,Santa Cruz,087,273765,0,0,0,0,0
2020-02-15,Shasta,089,179085,0,0,0,0,0
2020-02-15,Sierra,091,2930,0,0,0,0,0
2020-02-15,Siskiyou,093,43540,0,0,0,0,0
2020-02-15,Solano,095,438530,1,0,0,0,0
2020-02-15,Sonoma,097,501317,0,0,0,0,0
2020-02-15,Stanislaus,099,539301,1,0,2,2,0
2020-02-15,Sutter,101,95872,0,0,0,0,0
2020-02-15,Tehama,103,63373,0,0,0,0,0
2020-02-15,Trinity,105,12862,0,0,0,0,0
2020-02-15,Tulare,107,460477,2,0,0,0,0
2020-02-15,Tuolumne,109,53932,0,0,0,0,0
2020-02-15,Ventura,111,848112,2,0,0,0,0
2020-02-15,Yolo,113,214977,1,0,0,0,0
2020-02-15,Yuba,115,75493,0,0,0,0,0
2020-02-14,Alameda,001,1643700,4,0,0,0,0
2020-02-14,Alpine,003,1148,0,0,0,0,0
2020-02-14,Amador,005,37829,0,0,0,0,0
2020-02-14,Butte,007,227075,0,0,0,0,0
2020-02-14,Calaveras,009,45235,0,0,0,0,0
2020-02-14,Colusa,011,21464,0,0,0,0,0
2020-02-14,Contra Costa,013,1133247,3,0,0,0,0
2020-02-14,Del Norte,015,27424,0,0,0,0,0
2020-02-14,El Dorado,017,186661,0,0,0,0,0
2020-02-14,Fresno,019,978130,0,0,0,0,0
2020-02-14,Glenn,021,27897,0,0,0,0,0
2020-02-14,Humboldt,023,135768,1,0,0,0,0
2020-02-14,Imperial,025,180216,1,0,0,0,0
2020-02-14,Inyo,027,18085,0,0,0,0,0
2020-02-14,Kern,029,883053,2,0,0,0,0
2020-02-14,Kings,031,150075,1,0,0,0,0
2020-02-14,Lake,033,64148,0,0,0,0,0
2020-02-14,Lassen,035,31185,0,0,0,0,0
2020-02-14,Los Angeles,037,10098052,28,1,7,8,0
2020-02-14,Madera,039,155013,0,0,0,0,0
2020-02-14,Marin,041,260295,0,0,0,0,0
2020-02-14,Mariposa,043,17540,0,0,0,0,0
2020-02-14,Mendocino,045,87422,0,0,0,0,0
2020-02-14,Merced,047,269075,0,0,0,0,0
2020-02-14,Modoc,049,8938,0,0,0,0,0
2020-02-14,Mono,051,14174,0,0,0,0,0
2020-02-14,Monterey,053,433212,0,0,0,0,0
2020-02-14,Napa,055,140530,0,0,0,0,0
2020-02-14,Nevada,057,99092,0,0,0,0,0
2020-02-14,Orange,059,3164182,38,1,0,1,0
2020-02-14,Placer,061,380077,0,0,0,0,0
2020-02-14,Plumas,063,18699,0,0,0,0,0
2020-02-14,Riverside,065,2383286,4,0,0,0,0
2020-02-14,Sacramento,067,1510023,1,0,0,0,0
2020-02-14,San Benito,069,59416,0,2,0,2,0
2020-02-14,San Bernardino,071,2135413,9,0,0,0,0
2020-02-14,San Diego,073,3302833,3,2,0,2,0
2020-02-14,San Francisco,075,870044,2,0,0,0,0
2020-02-14,San Joaquin,077,732212,1,0,1,1,0
2020-02-14,San Luis Obispo,079,281455,0,0,0,0,0
2020-02-14,San Mateo,081,765935,3,0,0,0,0
2020-02-14,Santa Barbara,083,443738,0,0,0,0,0
2020-02-14,Santa Clara,085,1922200,8,2,1,3,0
2020-02-14,Santa Cruz,087,273765,0,0,0,0,0
2020-02-14,Shasta,089,179085,0,0,0,0,0
2020-02-14,Sierra,091,2930,0,0,0,0,0
2020-02-14,Siskiyou,093,43540,0,0,0,0,0
2020-02-14,Solano,095,438530,1,0,0,0,0
2020-02-14,Sonoma,097,501317,0,0,0,0,0
2020-02-14,Stanislaus,099,539301,1,0,2,2,0
2020-02-14,Sutter,101,95872,0,0,0,0,0
2020-02-14,Tehama,103,63373,0,0,0,0,0
2020-02-14,Trinity,105,12862,0,0,0,0,0
2020-02-14,Tulare,107,460477,2,0,0,0,0
2020-02-14,Tuolumne,109,53932,0,0,0,0,0
2020-02-14,Ventura,111,848112,2,0,0,0,0
2020-02-14,Yolo,113,214977,1,0,0,0,0
2020-02-14,Yuba,115,75493,0,0,0,0,0
2020-02-13,Alameda,001,1643700,4,0,0,0,0
2020-02-13,Alpine,003,1148,0,0,0,0,0
2020-02-13,Amador,005,37829,0,0,0,0,0
2020-02-13,Butte,007,227075,0,0,0,0,0
2020-02-13,Calaveras,009,45235,0,0,0,0,0
2020-02-13,Colusa,011,21464,0,0,0,0,0
2020-02-13,Contra Costa,013,1133247,3,0,0,0,0
2020-02-13,Del Norte,015,27424,0,0,0,0,0
2020-02-13,El Dorado,017,186661,0,0,0,0,0
2020-02-13,Fresno,019,978130,0,0,0,0,0
2020-02-13,Glenn,021,27897,0,0,0,0,0
2020-02-13,Humboldt,023,135768,1,0,0,0,0
2020-02-13,Imperial,025,180216,1,0,0,0,0
2020-02-13,Inyo,027,18085,0,0,0,0,0
2020-02-13,Kern,029,883053,2,0,0,0,0
2020-02-13,Kings,031,150075,1,0,0,0,0
2020-02-13,Lake,033,64148,0,0,0,0,0
2020-02-13,Lassen,035,31185,0,0,0,0,0
2020-02-13,Los Angeles,037,10098052,24,1,6,7,0
2020-02-13,Madera,039,155013,0,0,0,0,0
2020-02-13,Marin,041,260295,0,0,0,0,0
2020-02-13,Mariposa,043,17540,0,0,0,0,0
2020-02-13,Mendocino,045,87422,0,0,0,0,0
2020-02-13,Merced,047,269075,0,0,0,0,0
2020-02-13,Modoc,049,8938,0,0,0,0,0
2020-02-13,Mono,051,14174,0,0,0,0,0
2020-02-13,Monterey,053,433212,0,0,0,0,0
2020-02-13,Napa,055,140530,0,0,0,0,0
2020-02-13,Nevada,057,99092,0,0,0,0,0
2020-02-13,Orange,059,3164182,37,1,0,1,0
2020-02-13,Placer,061,380077,0,0,0,0,0
2020-02-13,Plumas,063,18699,0,0,0,0,0
2020-02-13,Riverside,065,2383286,4,0,0,0,0
2020-02-13,Sacramento,067,1510023,1,0,0,0,0
2020-02-13,San Benito,069,59416,0,2,0,2,0
2020-02-13,San Bernardino,071,2135413,8,0,0,0,0
2020-02-13,San Diego,073,3302833,2,2,0,2,0
2020-02-13,San Francisco,075,870044,2,0,0,0,0
2020-02-13,San Joaquin,077,732212,1,0,1,1,0
2020-02-13,San Luis Obispo,079,281455,0,0,0,0,0
2020-02-13,San Mateo,081,765935,2,0,0,0,0
2020-02-13,Santa Barbara,083,443738,0,0,0,0,0
2020-02-13,Santa Clara,085,1922200,7,2,0,2,0
2020-02-13,Santa Cruz,087,273765,0,0,0,0,0
2020-02-13,Shasta,089,179085,0,0,0,0,0
2020-02-13,Sierra,091,2930,0,0,0,0,0
2020-02-13,Siskiyou,093,43540,0,0,0,0,0
2020-02-13,Solano,095,438530,0,0,0,0,0
2020-02-13,Sonoma,097,501317,0,0,0,0,0
2020-02-13,Stanislaus,099,539301,1,0,1,1,0
2020-02-13,Sutter,101,95872,0,0,0,0,0
2020-02-13,Tehama,103,63373,0,0,0,0,0
2020-02-13,Trinity,105,12862,0,0,0,0,0
2020-02-13,Tulare,107,460477,2,0,0,0,0
2020-02-13,Tuolumne,109,53932,0,0,0,0,0
2020-02-13,Ventura,111,848112,2,0,0,0,0
2020-02-13,Yolo,113,214977,1,0,0,0,0
2020-02-13,Yuba,115,75493,0,0,0,0,0
2020-02-12,Alameda,001,1643700,4,0,0,0,0
2020-02-12,Alpine,003,1148,0,0,0,0,0
2020-02-12,Amador,005,37829,0,0,0,0,0
2020-02-12,Butte,007,227075,0,0,0,0,0
2020-02-12,Calaveras,009,45235,0,0,0,0,0
2020-02-12,Colusa,011,21464,0,0,0,0,0
2020-02-12,Contra Costa,013,1133247,3,0,0,0,0
2020-02-12,Del Norte,015,27424,0,0,0,0,0
2020-02-12,El Dorado,017,186661,0,0,0,0,0
2020-02-12,Fresno,019,978130,0,0,0,0,0
2020-02-12,Glenn,021,27897,0,0,0,0,0
2020-02-12,Humboldt,023,135768,1,0,0,0,0
2020-02-12,Imperial,025,180216,1,0,0,0,0
2020-02-12,Inyo,027,18085,0,0,0,0,0
2020-02-12,Kern,029,883053,2,0,0,0,0
2020-02-12,Kings,031,150075,1,0,0,0,0
2020-02-12,Lake,033,64148,0,0,0,0,0
2020-02-12,Lassen,035,31185,0,0,0,0,0
2020-02-12,Los Angeles,037,10098052,23,1,6,7,0
2020-02-12,Madera,039,155013,0,0,0,0,0
2020-02-12,Marin,041,260295,0,0,0,0,0
2020-02-12,Mariposa,043,17540,0,0,0,0,0
2020-02-12,Mendocino,045,87422,0,0,0,0,0
2020-02-12,Merced,047,269075,0,0,0,0,0
2020-02-12,Modoc,049,8938,0,0,0,0,0
2020-02-12,Mono,051,14174,0,0,0,0,0
2020-02-12,Monterey,053,433212,0,0,0,0,0
2020-02-12,Napa,055,140530,0,0,0,0,0
2020-02-12,Nevada,057,99092,0,0,0,0,0
2020-02-12,Orange,059,3164182,37,1,0,1,0
2020-02-12,Placer,061,380077,0,0,0,0,0
2020-02-12,Plumas,063,18699,0,0,0,0,0
2020-02-12,Riverside,065,2383286,4,0,0,0,0
2020-02-12,Sacramento,067,1510023,1,0,0,0,0
2020-02-12,San Benito,069,59416,0,2,0,2,0
2020-02-12,San Bernardino,071,2135413,8,0,0,0,0
2020-02-12,San Diego,073,3302833,2,2,0,2,0
2020-02-12,San Francisco,075,870044,2,0,0,0,0
2020-02-12,San Joaquin,077,732212,1,0,1,1,0
2020-02-12,San Luis Obispo,079,281455,0,0,0,0,0
2020-02-12,San Mateo,081,765935,2,0,0,0,0
2020-02-12,Santa Barbara,083,443738,0,0,0,0,0
2020-02-12,Santa Clara,085,1922200,6,2,0,2,0
2020-02-12,Santa Cruz,087,273765,0,0,0,0,0
2020-02-12,Shasta,089,179085,0,0,0,0,0
2020-02-12,Sierra,091,2930,0,0,0,0,0
2020-02-12,Siskiyou,093,43540,0,0,0,0,0
2020-02-12,Solano,095,438530,0,0,0,0,0
2020-02-12,Sonoma,097,501317,0,0,0,0,0
2020-02-12,Stanislaus,099,539301,1,0,1,1,0
2020-02-12,Sutter,101,95872,0,0,0,0,0
2020-02-12,Tehama,103,63373,0,0,0,0,0
2020-02-12,Trinity,105,12862,0,0,0,0,0
2020-02-12,Tulare,107,460477,2,0,0,0,0
2020-02-12,Tuolumne,109,53932,0,0,0,0,0
2020-02-12,Ventura,111,848112,2,0,0,0,0
2020-02-12,Yolo,113,214977,1,0,0,0,0
2020-02-12,Yuba,115,75493,0,0,0,0,0
2020-02-11,Alameda,001,1643700,4,0,0,0,0
2020-02-11,Alpine,003,1148,0,0,0,0,0
2020-02-11,Amador,005,37829,0,0,0,0,0
2020-02-11,Butte,007,227075,0,0,0,0,0
2020-02-11,Calaveras,009,45235,0,0,0,0,0
2020-02-11,Colusa,011,21464,0,0,0,0,0
2020-02-11,Contra Costa,013,1133247,3,0,0,0,0
2020-02-11,Del Norte,015,27424,0,0,0,0,0
2020-02-11,El Dorado,017,186661,0,0,0,0,0
2020-02-11,Fresno,019,978130,0,0,0,0,0
2020-02-11,Glenn,021,27897,0,0,0,0,0
2020-02-11,Humboldt,023,135768,1,0,0,0,0
2020-02-11,Imperial,025,180216,1,0,0,0,0
2020-02-11,Inyo,027,18085,0,0,0,0,0
2020-02-11,Kern,029,883053,2,0,0,0,0
2020-02-11,Kings,031,150075,1,0,0,0,0
2020-02-11,Lake,033,64148,0,0,0,0,0
2020-02-11,Lassen,035,31185,0,0,0,0,0
2020-02-11,Los Angeles,037,10098052,23,1,6,7,0
2020-02-11,Madera,039,155013,0,0,0,0,0
2020-02-11,Marin,041,260295,0,0,0,0,0
2020-02-11,Mariposa,043,17540,0,0,0,0,0
2020-02-11,Mendocino,045,87422,0,0,0,0,0
2020-02-11,Merced,047,269075,0,0,0,0,0
2020-02-11,Modoc,049,8938,0,0,0,0,0
2020-02-11,Mono,051,14174,0,0,0,0,0
2020-02-11,Monterey,053,433212,0,0,0,0,0
2020-02-11,Napa,055,140530,0,0,0,0,0
2020-02-11,Nevada,057,99092,0,0,0,0,0
2020-02-11,Orange,059,3164182,36,1,0,1,0
2020-02-11,Placer,061,380077,0,0,0,0,0
2020-02-11,Plumas,063,18699,0,0,0,0,0
2020-02-11,Riverside,065,2383286,4,0,0,0,0
2020-02-11,Sacramento,067,1510023,1,0,0,0,0
2020-02-11,San Benito,069,59416,0,2,0,2,0
2020-02-11,San Bernardino,071,2135413,8,0,0,0,0
2020-02-11,San Diego,073,3302833,2,1,0,1,0
2020-02-11,San Francisco,075,870044,2,0,0,0,0
2020-02-11,San Joaquin,077,732212,0,0,1,1,0
2020-02-11,San Luis Obispo,079,281455,0,0,0,0,0
2020-02-11,San Mateo,081,765935,2,0,0,0,0
2020-02-11,Santa Barbara,083,443738,0,0,0,0,0
2020-02-11,Santa Clara,085,1922200,5,2,0,2,0
2020-02-11,Santa Cruz,087,273765,0,0,0,0,0
2020-02-11,Shasta,089,179085,0,0,0,0,0
2020-02-11,Sierra,091,2930,0,0,0,0,0
2020-02-11,Siskiyou,093,43540,0,0,0,0,0
2020-02-11,Solano,095,438530,0,0,0,0,0
2020-02-11,Sonoma,097,501317,0,0,0,0,0
2020-02-11,Stanislaus,099,539301,1,0,1,1,0
2020-02-11,Sutter,101,95872,0,0,0,0,0
2020-02-11,Tehama,103,63373,0,0,0,0,0
2020-02-11,Trinity,105,12862,0,0,0,0,0
2020-02-11,Tulare,107,460477,2,0,0,0,0
2020-02-11,Tuolumne,109,53932,0,0,0,0,0
2020-02-11,Ventura,111,848112,2,0,0,0,0
2020-02-11,Yolo,113,214977,1,0,0,0,0
2020-02-11,Yuba,115,75493,0,0,0,0,0
2020-02-10,Alameda,001,1643700,4,0,0,0,0
2020-02-10,Alpine,003,1148,0,0,0,0,0
2020-02-10,Amador,005,37829,0,0,0,0,0
2020-02-10,Butte,007,227075,0,0,0,0,0
2020-02-10,Calaveras,009,45235,0,0,0,0,0
2020-02-10,Colusa,011,21464,0,0,0,0,0
2020-02-10,Contra Costa,013,1133247,3,0,0,0,0
2020-02-10,Del Norte,015,27424,0,0,0,0,0
2020-02-10,El Dorado,017,186661,0,0,0,0,0
2020-02-10,Fresno,019,978130,0,0,0,0,0
2020-02-10,Glenn,021,27897,0,0,0,0,0
2020-02-10,Humboldt,023,135768,0,0,0,0,0
2020-02-10,Imperial,025,180216,1,0,0,0,0
2020-02-10,Inyo,027,18085,0,0,0,0,0
2020-02-10,Kern,029,883053,2,0,0,0,0
2020-02-10,Kings,031,150075,1,0,0,0,0
2020-02-10,Lake,033,64148,0,0,0,0,0
2020-02-10,Lassen,035,31185,0,0,0,0,0
2020-02-10,Los Angeles,037,10098052,21,1,6,7,0
2020-02-10,Madera,039,155013,0,0,0,0,0
2020-02-10,Marin,041,260295,0,0,0,0,0
2020-02-10,Mariposa,043,17540,0,0,0,0,0
2020-02-10,Mendocino,045,87422,0,0,0,0,0
2020-02-10,Merced,047,269075,0,0,0,0,0
2020-02-10,Modoc,049,8938,0,0,0,0,0
2020-02-10,Mono,051,14174,0,0,0,0,0
2020-02-10,Monterey,053,433212,0,0,0,0,0
2020-02-10,Napa,055,140530,0,0,0,0,0
2020-02-10,Nevada,057,99092,0,0,0,0,0
2020-02-10,Orange,059,3164182,36,1,0,1,0
2020-02-10,Placer,061,380077,0,0,0,0,0
2020-02-10,Plumas,063,18699,0,0,0,0,0
2020-02-10,Riverside,065,2383286,4,0,0,0,0
2020-02-10,Sacramento,067,1510023,1,0,0,0,0
2020-02-10,San Benito,069,59416,0,2,0,2,0
2020-02-10,San Bernardino,071,2135413,7,0,0,0,0
2020-02-10,San Diego,073,3302833,2,0,0,0,0
2020-02-10,San Francisco,075,870044,2,0,0,0,0
2020-02-10,San Joaquin,077,732212,0,0,1,1,0
2020-02-10,San Luis Obispo,079,281455,0,0,0,0,0
2020-02-10,San Mateo,081,765935,2,0,0,0,0
2020-02-10,Santa Barbara,083,443738,0,0,0,0,0
2020-02-10,Santa Clara,085,1922200,5,2,0,2,0
2020-02-10,Santa Cruz,087,273765,0,0,0,0,0
2020-02-10,Shasta,089,179085,0,0,0,0,0
2020-02-10,Sierra,091,2930,0,0,0,0,0
2020-02-10,Siskiyou,093,43540,0,0,0,0,0
2020-02-10,Solano,095,438530,0,0,0,0,0
2020-02-10,Sonoma,097,501317,0,0,0,0,0
2020-02-10,Stanislaus,099,539301,1,0,0,0,0
2020-02-10,Sutter,101,95872,0,0,0,0,0
2020-02-10,Tehama,103,63373,0,0,0,0,0
2020-02-10,Trinity,105,12862,0,0,0,0,0
2020-02-10,Tulare,107,460477,2,0,0,0,0
2020-02-10,Tuolumne,109,53932,0,0,0,0,0
2020-02-10,Ventura,111,848112,2,0,0,0,0
2020-02-10,Yolo,113,214977,1,0,0,0,0
2020-02-10,Yuba,115,75493,0,0,0,0,0
2020-02-09,Alameda,001,1643700,4,0,0,0,0
2020-02-09,Alpine,003,1148,0,0,0,0,0
2020-02-09,Amador,005,37829,0,0,0,0,0
2020-02-09,Butte,007,227075,0,0,0,0,0
2020-02-09,Calaveras,009,45235,0,0,0,0,0
2020-02-09,Colusa,011,21464,0,0,0,0,0
2020-02-09,Contra Costa,013,1133247,3,0,0,0,0
2020-02-09,Del Norte,015,27424,0,0,0,0,0
2020-02-09,El Dorado,017,186661,0,0,0,0,0
2020-02-09,Fresno,019,978130,0,0,0,0,0
2020-02-09,Glenn,021,27897,0,0,0,0,0
2020-02-09,Humboldt,023,135768,0,0,0,0,0
2020-02-09,Imperial,025,180216,1,0,0,0,0
2020-02-09,Inyo,027,18085,0,0,0,0,0
2020-02-09,Kern,029,883053,2,0,0,0,0
2020-02-09,Kings,031,150075,1,0,0,0,0
2020-02-09,Lake,033,64148,0,0,0,0,0
2020-02-09,Lassen,035,31185,0,0,0,0,0
2020-02-09,Los Angeles,037,10098052,20,1,6,7,0
2020-02-09,Madera,039,155013,0,0,0,0,0
2020-02-09,Marin,041,260295,0,0,0,0,0
2020-02-09,Mariposa,043,17540,0,0,0,0,0
2020-02-09,Mendocino,045,87422,0,0,0,0,0
2020-02-09,Merced,047,269075,0,0,0,0,0
2020-02-09,Modoc,049,8938,0,0,0,0,0
2020-02-09,Mono,051,14174,0,0,0,0,0
2020-02-09,Monterey,053,433212,0,0,0,0,0
2020-02-09,Napa,055,140530,0,0,0,0,0
2020-02-09,Nevada,057,99092,0,0,0,0,0
2020-02-09,Orange,059,3164182,36,1,0,1,0
2020-02-09,Placer,061,380077,0,0,0,0,0
2020-02-09,Plumas,063,18699,0,0,0,0,0
2020-02-09,Riverside,065,2383286,4,0,0,0,0
2020-02-09,Sacramento,067,1510023,0,0,0,0,0
2020-02-09,San Benito,069,59416,0,2,0,2,0
2020-02-09,San Bernardino,071,2135413,7,0,0,0,0
2020-02-09,San Diego,073,3302833,2,0,0,0,0
2020-02-09,San Francisco,075,870044,1,0,0,0,0
2020-02-09,San Joaquin,077,732212,0,0,1,1,0
2020-02-09,San Luis Obispo,079,281455,0,0,0,0,0
2020-02-09,San Mateo,081,765935,2,0,0,0,0
2020-02-09,Santa Barbara,083,443738,0,0,0,0,0
2020-02-09,Santa Clara,085,1922200,4,2,0,2,0
2020-02-09,Santa Cruz,087,273765,0,0,0,0,0
2020-02-09,Shasta,089,179085,0,0,0,0,0
2020-02-09,Sierra,091,2930,0,0,0,0,0
2020-02-09,Siskiyou,093,43540,0,0,0,0,0
2020-02-09,Solano,095,438530,0,0,0,0,0
2020-02-09,Sonoma,097,501317,0,0,0,0,0
2020-02-09,Stanislaus,099,539301,0,0,0,0,0
2020-02-09,Sutter,101,95872,0,0,0,0,0
2020-02-09,Tehama,103,63373,0,0,0,0,0
2020-02-09,Trinity,105,12862,0,0,0,0,0
2020-02-09,Tulare,107,460477,2,0,0,0,0
2020-02-09,Tuolumne,109,53932,0,0,0,0,0
2020-02-09,Ventura,111,848112,1,0,0,0,0
2020-02-09,Yolo,113,214977,1,0,0,0,0
2020-02-09,Yuba,115,75493,0,0,0,0,0
2020-02-08,Alameda,001,1643700,3,0,0,0,0
2020-02-08,Alpine,003,1148,0,0,0,0,0
2020-02-08,Amador,005,37829,0,0,0,0,0
2020-02-08,Butte,007,227075,0,0,0,0,0
2020-02-08,Calaveras,009,45235,0,0,0,0,0
2020-02-08,Colusa,011,21464,0,0,0,0,0
2020-02-08,Contra Costa,013,1133247,2,0,0,0,0
2020-02-08,Del Norte,015,27424,0,0,0,0,0
2020-02-08,El Dorado,017,186661,0,0,0,0,0
2020-02-08,Fresno,019,978130,0,0,0,0,0
2020-02-08,Glenn,021,27897,0,0,0,0,0
2020-02-08,Humboldt,023,135768,0,0,0,0,0
2020-02-08,Imperial,025,180216,1,0,0,0,0
2020-02-08,Inyo,027,18085,0,0,0,0,0
2020-02-08,Kern,029,883053,2,0,0,0,0
2020-02-08,Kings,031,150075,1,0,0,0,0
2020-02-08,Lake,033,64148,0,0,0,0,0
2020-02-08,Lassen,035,31185,0,0,0,0,0
2020-02-08,Los Angeles,037,10098052,17,1,3,4,0
2020-02-08,Madera,039,155013,0,0,0,0,0
2020-02-08,Marin,041,260295,0,0,0,0,0
2020-02-08,Mariposa,043,17540,0,0,0,0,0
2020-02-08,Mendocino,045,87422,0,0,0,0,0
2020-02-08,Merced,047,269075,0,0,0,0,0
2020-02-08,Modoc,049,8938,0,0,0,0,0
2020-02-08,Mono,051,14174,0,0,0,0,0
2020-02-08,Monterey,053,433212,0,0,0,0,0
2020-02-08,Napa,055,140530,0,0,0,0,0
2020-02-08,Nevada,057,99092,0,0,0,0,0
2020-02-08,Orange,059,3164182,36,1,0,1,0
2020-02-08,Placer,061,380077,0,0,0,0,0
2020-02-08,Plumas,063,18699,0,0,0,0,0
2020-02-08,Riverside,065,2383286,4,0,0,0,0
2020-02-08,Sacramento,067,1510023,0,0,0,0,0
2020-02-08,San Benito,069,59416,0,2,0,2,0
2020-02-08,San Bernardino,071,2135413,7,0,0,0,0
2020-02-08,San Diego,073,3302833,1,0,0,0,0
2020-02-08,San Francisco,075,870044,1,0,0,0,0
2020-02-08,San Joaquin,077,732212,0,0,1,1,0
2020-02-08,San Luis Obispo,079,281455,0,0,0,0,0
2020-02-08,San Mateo,081,765935,2,0,0,0,0
2020-02-08,Santa Barbara,083,443738,0,0,0,0,0
2020-02-08,Santa Clara,085,1922200,4,2,0,2,0
2020-02-08,Santa Cruz,087,273765,0,0,0,0,0
2020-02-08,Shasta,089,179085,0,0,0,0,0
2020-02-08,Sierra,091,2930,0,0,0,0,0
2020-02-08,Siskiyou,093,43540,0,0,0,0,0
2020-02-08,Solano,095,438530,0,0,0,0,0
2020-02-08,Sonoma,097,501317,0,0,0,0,0
2020-02-08,Stanislaus,099,539301,0,0,0,0,0
2020-02-08,Sutter,101,95872,0,0,0,0,0
2020-02-08,Tehama,103,63373,0,0,0,0,0
2020-02-08,Trinity,105,12862,0,0,0,0,0
2020-02-08,Tulare,107,460477,2,0,0,0,0
2020-02-08,Tuolumne,109,53932,0,0,0,0,0
2020-02-08,Ventura,111,848112,1,0,0,0,0
2020-02-08,Yolo,113,214977,1,0,0,0,0
2020-02-08,Yuba,115,75493,0,0,0,0,0
2020-02-07,Alameda,001,1643700,3,0,0,0,0
2020-02-07,Alpine,003,1148,0,0,0,0,0
2020-02-07,Amador,005,37829,0,0,0,0,0
2020-02-07,Butte,007,227075,0,0,0,0,0
2020-02-07,Calaveras,009,45235,0,0,0,0,0
2020-02-07,Colusa,011,21464,0,0,0,0,0
2020-02-07,Contra Costa,013,1133247,2,0,0,0,0
2020-02-07,Del Norte,015,27424,0,0,0,0,0
2020-02-07,El Dorado,017,186661,0,0,0,0,0
2020-02-07,Fresno,019,978130,0,0,0,0,0
2020-02-07,Glenn,021,27897,0,0,0,0,0
2020-02-07,Humboldt,023,135768,0,0,0,0,0
2020-02-07,Imperial,025,180216,1,0,0,0,0
2020-02-07,Inyo,027,18085,0,0,0,0,0
2020-02-07,Kern,029,883053,2,0,0,0,0
2020-02-07,Kings,031,150075,1,0,0,0,0
2020-02-07,Lake,033,64148,0,0,0,0,0
2020-02-07,Lassen,035,31185,0,0,0,0,0
2020-02-07,Los Angeles,037,10098052,16,1,2,3,0
2020-02-07,Madera,039,155013,0,0,0,0,0
2020-02-07,Marin,041,260295,0,0,0,0,0
2020-02-07,Mariposa,043,17540,0,0,0,0,0
2020-02-07,Mendocino,045,87422,0,0,0,0,0
2020-02-07,Merced,047,269075,0,0,0,0,0
2020-02-07,Modoc,049,8938,0,0,0,0,0
2020-02-07,Mono,051,14174,0,0,0,0,0
2020-02-07,Monterey,053,433212,0,0,0,0,0
2020-02-07,Napa,055,140530,0,0,0,0,0
2020-02-07,Nevada,057,99092,0,0,0,0,0
2020-02-07,Orange,059,3164182,34,1,0,1,0
2020-02-07,Placer,061,380077,0,0,0,0,0
2020-02-07,Plumas,063,18699,0,0,0,0,0
2020-02-07,Riverside,065,2383286,4,0,0,0,0
2020-02-07,Sacramento,067,1510023,0,0,0,0,0
2020-02-07,San Benito,069,59416,0,2,0,2,0
2020-02-07,San Bernardino,071,2135413,4,0,0,0,0
2020-02-07,San Diego,073,3302833,1,0,0,0,0
2020-02-07,San Francisco,075,870044,1,0,0,0,0
2020-02-07,San Joaquin,077,732212,0,0,1,1,0
2020-02-07,San Luis Obispo,079,281455,0,0,0,0,0
2020-02-07,San Mateo,081,765935,1,0,0,0,0
2020-02-07,Santa Barbara,083,443738,0,0,0,0,0
2020-02-07,Santa Clara,085,1922200,4,2,0,2,0
2020-02-07,Santa Cruz,087,273765,0,0,0,0,0
2020-02-07,Shasta,089,179085,0,0,0,0,0
2020-02-07,Sierra,091,2930,0,0,0,0,0
2020-02-07,Siskiyou,093,43540,0,0,0,0,0
2020-02-07,Solano,095,438530,0,0,0,0,0
2020-02-07,Sonoma,097,501317,0,0,0,0,0
2020-02-07,Stanislaus,099,539301,0,0,0,0,0
2020-02-07,Sutter,101,95872,0,0,0,0,0
2020-02-07,Tehama,103,63373,0,0,0,0,0
2020-02-07,Trinity,105,12862,0,0,0,0,0
2020-02-07,Tulare,107,460477,2,0,0,0,0
2020-02-07,Tuolumne,109,53932,0,0,0,0,0
2020-02-07,Ventura,111,848112,1,0,0,0,0
2020-02-07,Yolo,113,214977,1,0,0,0,0
2020-02-07,Yuba,115,75493,0,0,0,0,0
2020-02-06,Alameda,001,1643700,3,0,0,0,0
2020-02-06,Alpine,003,1148,0,0,0,0,0
2020-02-06,Amador,005,37829,0,0,0,0,0
2020-02-06,Butte,007,227075,0,0,0,0,0
2020-02-06,Calaveras,009,45235,0,0,0,0,0
2020-02-06,Colusa,011,21464,0,0,0,0,0
2020-02-06,Contra Costa,013,1133247,2,0,0,0,0
2020-02-06,Del Norte,015,27424,0,0,0,0,0
2020-02-06,El Dorado,017,186661,0,0,0,0,0
2020-02-06,Fresno,019,978130,0,0,0,0,0
2020-02-06,Glenn,021,27897,0,0,0,0,0
2020-02-06,Humboldt,023,135768,0,0,0,0,0
2020-02-06,Imperial,025,180216,1,0,0,0,0
2020-02-06,Inyo,027,18085,0,0,0,0,0
2020-02-06,Kern,029,883053,2,0,0,0,0
2020-02-06,Kings,031,150075,0,0,0,0,0
2020-02-06,Lake,033,64148,0,0,0,0,0
2020-02-06,Lassen,035,31185,0,0,0,0,0
2020-02-06,Los Angeles,037,10098052,15,1,2,3,0
2020-02-06,Madera,039,155013,0,0,0,0,0
2020-02-06,Marin,041,260295,0,0,0,0,0
2020-02-06,Mariposa,043,17540,0,0,0,0,0
2020-02-06,Mendocino,045,87422,0,0,0,0,0
2020-02-06,Merced,047,269075,0,0,0,0,0
2020-02-06,Modoc,049,8938,0,0,0,0,0
2020-02-06,Mono,051,14174,0,0,0,0,0
2020-02-06,Monterey,053,433212,0,0,0,0,0
2020-02-06,Napa,055,140530,0,0,0,0,0
2020-02-06,Nevada,057,99092,0,0,0,0,0
2020-02-06,Orange,059,3164182,4,1,0,1,0
2020-02-06,Placer,061,380077,0,0,0,0,0
2020-02-06,Plumas,063,18699,0,0,0,0,0
2020-02-06,Riverside,065,2383286,4,0,0,0,0
2020-02-06,Sacramento,067,1510023,0,0,0,0,0
2020-02-06,San Benito,069,59416,0,2,0,2,0
2020-02-06,San Bernardino,071,2135413,4,0,0,0,0
2020-02-06,San Diego,073,3302833,1,0,0,0,0
2020-02-06,San Francisco,075,870044,1,0,0,0,0
2020-02-06,San Joaquin,077,732212,0,0,1,1,0
2020-02-06,San Luis Obispo,079,281455,0,0,0,0,0
2020-02-06,San Mateo,081,765935,1,0,0,0,0
2020-02-06,Santa Barbara,083,443738,0,0,0,0,0
2020-02-06,Santa Clara,085,1922200,4,2,0,2,0
2020-02-06,Santa Cruz,087,273765,0,0,0,0,0
2020-02-06,Shasta,089,179085,0,0,0,0,0
2020-02-06,Sierra,091,2930,0,0,0,0,0
2020-02-06,Siskiyou,093,43540,0,0,0,0,0
2020-02-06,Solano,095,438530,0,0,0,0,0
2020-02-06,Sonoma,097,501317,0,0,0,0,0
2020-02-06,Stanislaus,099,539301,0,0,0,0,0
2020-02-06,Sutter,101,95872,0,0,0,0,0
2020-02-06,Tehama,103,63373,0,0,0,0,0
2020-02-06,Trinity,105,12862,0,0,0,0,0
2020-02-06,Tulare,107,460477,2,0,0,0,0
2020-02-06,Tuolumne,109,53932,0,0,0,0,0
2020-02-06,Ventura,111,848112,1,0,0,0,0
2020-02-06,Yolo,113,214977,1,0,0,0,0
2020-02-06,Yuba,115,75493,0,0,0,0,0
2020-02-05,Alameda,001,1643700,3,0,0,0,0
2020-02-05,Alpine,003,1148,0,0,0,0,0
2020-02-05,Amador,005,37829,0,0,0,0,0
2020-02-05,Butte,007,227075,0,0,0,0,0
2020-02-05,Calaveras,009,45235,0,0,0,0,0
2020-02-05,Colusa,011,21464,0,0,0,0,0
2020-02-05,Contra Costa,013,1133247,2,0,0,0,0
2020-02-05,Del Norte,015,27424,0,0,0,0,0
2020-02-05,El Dorado,017,186661,0,0,0,0,0
2020-02-05,Fresno,019,978130,0,0,0,0,0
2020-02-05,Glenn,021,27897,0,0,0,0,0
2020-02-05,Humboldt,023,135768,0,0,0,0,0
2020-02-05,Imperial,025,180216,1,0,0,0,0
2020-02-05,Inyo,027,18085,0,0,0,0,0
2020-02-05,Kern,029,883053,1,0,0,0,0
2020-02-05,Kings,031,150075,0,0,0,0,0
2020-02-05,Lake,033,64148,0,0,0,0,0
2020-02-05,Lassen,035,31185,0,0,0,0,0
2020-02-05,Los Angeles,037,10098052,15,1,1,2,0
2020-02-05,Madera,039,155013,0,0,0,0,0
2020-02-05,Marin,041,260295,0,0,0,0,0
2020-02-05,Mariposa,043,17540,0,0,0,0,0
2020-02-05,Mendocino,045,87422,0,0,0,0,0
2020-02-05,Merced,047,269075,0,0,0,0,0
2020-02-05,Modoc,049,8938,0,0,0,0,0
2020-02-05,Mono,051,14174,0,0,0,0,0
2020-02-05,Monterey,053,433212,0,0,0,0,0
2020-02-05,Napa,055,140530,0,0,0,0,0
2020-02-05,Nevada,057,99092,0,0,0,0,0
2020-02-05,Orange,059,3164182,2,1,0,1,0
2020-02-05,Placer,061,380077,0,0,0,0,0
2020-02-05,Plumas,063,18699,0,0,0,0,0
2020-02-05,Riverside,065,2383286,4,0,0,0,0
2020-02-05,Sacramento,067,1510023,0,0,0,0,0
2020-02-05,San Benito,069,59416,0,2,0,2,0
2020-02-05,San Bernardino,071,2135413,4,0,0,0,0
2020-02-05,San Diego,073,3302833,0,0,0,0,0
2020-02-05,San Francisco,075,870044,1,0,0,0,0
2020-02-05,San Joaquin,077,732212,0,0,1,1,0
2020-02-05,San Luis Obispo,079,281455,0,0,0,0,0
2020-02-05,San Mateo,081,765935,1,0,0,0,0
2020-02-05,Santa Barbara,083,443738,0,0,0,0,0
2020-02-05,Santa Clara,085,1922200,2,2,0,2,0
2020-02-05,Santa Cruz,087,273765,0,0,0,0,0
2020-02-05,Shasta,089,179085,0,0,0,0,0
2020-02-05,Sierra,091,2930,0,0,0,0,0
2020-02-05,Siskiyou,093,43540,0,0,0,0,0
2020-02-05,Solano,095,438530,0,0,0,0,0
2020-02-05,Sonoma,097,501317,0,0,0,0,0
2020-02-05,Stanislaus,099,539301,0,0,0,0,0
2020-02-05,Sutter,101,95872,0,0,0,0,0
2020-02-05,Tehama,103,63373,0,0,0,0,0
2020-02-05,Trinity,105,12862,0,0,0,0,0
2020-02-05,Tulare,107,460477,2,0,0,0,0
2020-02-05,Tuolumne,109,53932,0,0,0,0,0
2020-02-05,Ventura,111,848112,0,0,0,0,0
2020-02-05,Yolo,113,214977,1,0,0,0,0
2020-02-05,Yuba,115,75493,0,0,0,0,0
2020-02-04,Alameda,001,1643700,3,0,0,0,0
2020-02-04,Alpine,003,1148,0,0,0,0,0
2020-02-04,Amador,005,37829,0,0,0,0,0
2020-02-04,Butte,007,227075,0,0,0,0,0
2020-02-04,Calaveras,009,45235,0,0,0,0,0
2020-02-04,Colusa,011,21464,0,0,0,0,0
2020-02-04,Contra Costa,013,1133247,2,0,0,0,0
2020-02-04,Del Norte,015,27424,0,0,0,0,0
2020-02-04,El Dorado,017,186661,0,0,0,0,0
2020-02-04,Fresno,019,978130,0,0,0,0,0
2020-02-04,Glenn,021,27897,0,0,0,0,0
2020-02-04,Humboldt,023,135768,0,0,0,0,0
2020-02-04,Imperial,025,180216,1,0,0,0,0
2020-02-04,Inyo,027,18085,0,0,0,0,0
2020-02-04,Kern,029,883053,0,0,0,0,0
2020-02-04,Kings,031,150075,0,0,0,0,0
2020-02-04,Lake,033,64148,0,0,0,0,0
2020-02-04,Lassen,035,31185,0,0,0,0,0
2020-02-04,Los Angeles,037,10098052,15,1,1,2,0
2020-02-04,Madera,039,155013,0,0,0,0,0
2020-02-04,Marin,041,260295,0,0,0,0,0
2020-02-04,Mariposa,043,17540,0,0,0,0,0
2020-02-04,Mendocino,045,87422,0,0,0,0,0
2020-02-04,Merced,047,269075,0,0,0,0,0
2020-02-04,Modoc,049,8938,0,0,0,0,0
2020-02-04,Mono,051,14174,0,0,0,0,0
2020-02-04,Monterey,053,433212,0,0,0,0,0
2020-02-04,Napa,055,140530,0,0,0,0,0
2020-02-04,Nevada,057,99092,0,0,0,0,0
2020-02-04,Orange,059,3164182,2,1,0,1,0
2020-02-04,Placer,061,380077,0,0,0,0,0
2020-02-04,Plumas,063,18699,0,0,0,0,0
2020-02-04,Riverside,065,2383286,4,0,0,0,0
2020-02-04,Sacramento,067,1510023,0,0,0,0,0
2020-02-04,San Benito,069,59416,0,2,0,2,0
2020-02-04,San Bernardino,071,2135413,3,0,0,0,0
2020-02-04,San Diego,073,3302833,0,0,0,0,0
2020-02-04,San Francisco,075,870044,1,0,0,0,0
2020-02-04,San Joaquin,077,732212,0,0,1,1,0
2020-02-04,San Luis Obispo,079,281455,0,0,0,0,0
2020-02-04,San Mateo,081,765935,0,0,0,0,0
2020-02-04,Santa Barbara,083,443738,0,0,0,0,0
2020-02-04,Santa Clara,085,1922200,2,2,0,2,0
2020-02-04,Santa Cruz,087,273765,0,0,0,0,0
2020-02-04,Shasta,089,179085,0,0,0,0,0
2020-02-04,Sierra,091,2930,0,0,0,0,0
2020-02-04,Siskiyou,093,43540,0,0,0,0,0
2020-02-04,Solano,095,438530,0,0,0,0,0
2020-02-04,Sonoma,097,501317,0,0,0,0,0
2020-02-04,Stanislaus,099,539301,0,0,0,0,0
2020-02-04,Sutter,101,95872,0,0,0,0,0
2020-02-04,Tehama,103,63373,0,0,0,0,0
2020-02-04,Trinity,105,12862,0,0,0,0,0
2020-02-04,Tulare,107,460477,2,0,0,0,0
2020-02-04,Tuolumne,109,53932,0,0,0,0,0
2020-02-04,Ventura,111,848112,0,0,0,0,0
2020-02-04,Yolo,113,214977,1,0,0,0,0
2020-02-04,Yuba,115,75493,0,0,0,0,0
2020-02-03,Alameda,001,1643700,3,0,0,0,0
2020-02-03,Alpine,003,1148,0,0,0,0,0
2020-02-03,Amador,005,37829,0,0,0,0,0
2020-02-03,Butte,007,227075,0,0,0,0,0
2020-02-03,Calaveras,009,45235,0,0,0,0,0
2020-02-03,Colusa,011,21464,0,0,0,0,0
2020-02-03,Contra Costa,013,1133247,2,0,0,0,0
2020-02-03,Del Norte,015,27424,0,0,0,0,0
2020-02-03,El Dorado,017,186661,0,0,0,0,0
2020-02-03,Fresno,019,978130,0,0,0,0,0
2020-02-03,Glenn,021,27897,0,0,0,0,0
2020-02-03,Humboldt,023,135768,0,0,0,0,0
2020-02-03,Imperial,025,180216,1,0,0,0,0
2020-02-03,Inyo,027,18085,0,0,0,0,0
2020-02-03,Kern,029,883053,0,0,0,0,0
2020-02-03,Kings,031,150075,0,0,0,0,0
2020-02-03,Lake,033,64148,0,0,0,0,0
2020-02-03,Lassen,035,31185,0,0,0,0,0
2020-02-03,Los Angeles,037,10098052,15,1,0,1,0
2020-02-03,Madera,039,155013,0,0,0,0,0
2020-02-03,Marin,041,260295,0,0,0,0,0
2020-02-03,Mariposa,043,17540,0,0,0,0,0
2020-02-03,Mendocino,045,87422,0,0,0,0,0
2020-02-03,Merced,047,269075,0,0,0,0,0
2020-02-03,Modoc,049,8938,0,0,0,0,0
2020-02-03,Mono,051,14174,0,0,0,0,0
2020-02-03,Monterey,053,433212,0,0,0,0,0
2020-02-03,Napa,055,140530,0,0,0,0,0
2020-02-03,Nevada,057,99092,0,0,0,0,0
2020-02-03,Orange,059,3164182,1,1,0,1,0
2020-02-03,Placer,061,380077,0,0,0,0,0
2020-02-03,Plumas,063,18699,0,0,0,0,0
2020-02-03,Riverside,065,2383286,4,0,0,0,0
2020-02-03,Sacramento,067,1510023,0,0,0,0,0
2020-02-03,San Benito,069,59416,0,2,0,2,0
2020-02-03,San Bernardino,071,2135413,3,0,0,0,0
2020-02-03,San Diego,073,3302833,0,0,0,0,0
2020-02-03,San Francisco,075,870044,1,0,0,0,0
2020-02-03,San Joaquin,077,732212,0,0,1,1,0
2020-02-03,San Luis Obispo,079,281455,0,0,0,0,0
2020-02-03,San Mateo,081,765935,0,0,0,0,0
2020-02-03,Santa Barbara,083,443738,0,0,0,0,0
2020-02-03,Santa Clara,085,1922200,2,2,0,2,0
2020-02-03,Santa Cruz,087,273765,0,0,0,0,0
2020-02-03,Shasta,089,179085,0,0,0,0,0
2020-02-03,Sierra,091,2930,0,0,0,0,0
2020-02-03,Siskiyou,093,43540,0,0,0,0,0
2020-02-03,Solano,095,438530,0,0,0,0,0
2020-02-03,Sonoma,097,501317,0,0,0,0,0
2020-02-03,Stanislaus,099,539301,0,0,0,0,0
2020-02-03,Sutter,101,95872,0,0,0,0,0
2020-02-03,Tehama,103,63373,0,0,0,0,0
2020-02-03,Trinity,105,12862,0,0,0,0,0
2020-02-03,Tulare,107,460477,2,0,0,0,0
2020-02-03,Tuolumne,109,53932,0,0,0,0,0
2020-02-03,Ventura,111,848112,0,0,0,0,0
2020-02-03,Yolo,113,214977,1,0,0,0,0
2020-02-03,Yuba,115,75493,0,0,0,0,0
2020-02-02,Alameda,001,1643700,3,0,0,0,0
2020-02-02,Alpine,003,1148,0,0,0,0,0
2020-02-02,Amador,005,37829,0,0,0,0,0
2020-02-02,Butte,007,227075,0,0,0,0,0
2020-02-02,Calaveras,009,45235,0,0,0,0,0
2020-02-02,Colusa,011,21464,0,0,0,0,0
2020-02-02,Contra Costa,013,1133247,1,0,0,0,0
2020-02-02,Del Norte,015,27424,0,0,0,0,0
2020-02-02,El Dorado,017,186661,0,0,0,0,0
2020-02-02,Fresno,019,978130,0,0,0,0,0
2020-02-02,Glenn,021,27897,0,0,0,0,0
2020-02-02,Humboldt,023,135768,0,0,0,0,0
2020-02-02,Imperial,025,180216,1,0,0,0,0
2020-02-02,Inyo,027,18085,0,0,0,0,0
2020-02-02,Kern,029,883053,0,0,0,0,0
2020-02-02,Kings,031,150075,0,0,0,0,0
2020-02-02,Lake,033,64148,0,0,0,0,0
2020-02-02,Lassen,035,31185,0,0,0,0,0
2020-02-02,Los Angeles,037,10098052,13,1,0,1,0
2020-02-02,Madera,039,155013,0,0,0,0,0
2020-02-02,Marin,041,260295,0,0,0,0,0
2020-02-02,Mariposa,043,17540,0,0,0,0,0
2020-02-02,Mendocino,045,87422,0,0,0,0,0
2020-02-02,Merced,047,269075,0,0,0,0,0
2020-02-02,Modoc,049,8938,0,0,0,0,0
2020-02-02,Mono,051,14174,0,0,0,0,0
2020-02-02,Monterey,053,433212,0,0,0,0,0
2020-02-02,Napa,055,140530,0,0,0,0,0
2020-02-02,Nevada,057,99092,0,0,0,0,0
2020-02-02,Orange,059,3164182,1,1,0,1,0
2020-02-02,Placer,061,380077,0,0,0,0,0
2020-02-02,Plumas,063,18699,0,0,0,0,0
2020-02-02,Riverside,065,2383286,3,0,0,0,0
2020-02-02,Sacramento,067,1510023,0,0,0,0,0
2020-02-02,San Benito,069,59416,0,2,0,2,0
2020-02-02,San Bernardino,071,2135413,2,0,0,0,0
2020-02-02,San Diego,073,3302833,0,0,0,0,0
2020-02-02,San Francisco,075,870044,1,0,0,0,0
2020-02-02,San Joaquin,077,732212,0,0,1,1,0
2020-02-02,San Luis Obispo,079,281455,0,0,0,0,0
2020-02-02,San Mateo,081,765935,0,0,0,0,0
2020-02-02,Santa Barbara,083,443738,0,0,0,0,0
2020-02-02,Santa Clara,085,1922200,2,2,0,2,0
2020-02-02,Santa Cruz,087,273765,0,0,0,0,0
2020-02-02,Shasta,089,179085,0,0,0,0,0
2020-02-02,Sierra,091,2930,0,0,0,0,0
2020-02-02,Siskiyou,093,43540,0,0,0,0,0
2020-02-02,Solano,095,438530,0,0,0,0,0
2020-02-02,Sonoma,097,501317,0,0,0,0,0
2020-02-02,Stanislaus,099,539301,0,0,0,0,0
2020-02-02,Sutter,101,95872,0,0,0,0,0
2020-02-02,Tehama,103,63373,0,0,0,0,0
2020-02-02,Trinity,105,12862,0,0,0,0,0
2020-02-02,Tulare,107,460477,2,0,0,0,0
2020-02-02,Tuolumne,109,53932,0,0,0,0,0
2020-02-02,Ventura,111,848112,0,0,0,0,0
2020-02-02,Yolo,113,214977,1,0,0,0,0
2020-02-02,Yuba,115,75493,0,0,0,0,0
2020-02-01,Alameda,001,1643700,3,0,0,0,0
2020-02-01,Alpine,003,1148,0,0,0,0,0
2020-02-01,Amador,005,37829,0,0,0,0,0
2020-02-01,Butte,007,227075,0,0,0,0,0
2020-02-01,Calaveras,009,45235,0,0,0,0,0
2020-02-01,Colusa,011,21464,0,0,0,0,0
2020-02-01,Contra Costa,013,1133247,0,0,0,0,0
2020-02-01,Del Norte,015,27424,0,0,0,0,0
2020-02-01,El Dorado,017,186661,0,0,0,0,0
2020-02-01,Fresno,019,978130,0,0,0,0,0
2020-02-01,Glenn,021,27897,0,0,0,0,0
2020-02-01,Humboldt,023,135768,0,0,0,0,0
2020-02-01,Imperial,025,180216,0,0,0,0,0
2020-02-01,Inyo,027,18085,0,0,0,0,0
2020-02-01,Kern,029,883053,0,0,0,0,0
2020-02-01,Kings,031,150075,0,0,0,0,0
2020-02-01,Lake,033,64148,0,0,0,0,0
2020-02-01,Lassen,035,31185,0,0,0,0,0
2020-02-01,Los Angeles,037,10098052,12,1,0,1,0
2020-02-01,Madera,039,155013,0,0,0,0,0
2020-02-01,Marin,041,260295,0,0,0,0,0
2020-02-01,Mariposa,043,17540,0,0,0,0,0
2020-02-01,Mendocino,045,87422,0,0,0,0,0
2020-02-01,Merced,047,269075,0,0,0,0,0
2020-02-01,Modoc,049,8938,0,0,0,0,0
2020-02-01,Mono,051,14174,0,0,0,0,0
2020-02-01,Monterey,053,433212,0,0,0,0,0
2020-02-01,Napa,055,140530,0,0,0,0,0
2020-02-01,Nevada,057,99092,0,0,0,0,0
2020-02-01,Orange,059,3164182,1,1,0,1,0
2020-02-01,Placer,061,380077,0,0,0,0,0
2020-02-01,Plumas,063,18699,0,0,0,0,0
2020-02-01,Riverside,065,2383286,2,0,0,0,0
2020-02-01,Sacramento,067,1510023,0,0,0,0,0
2020-02-01,San Benito,069,59416,0,0,0,0,0
2020-02-01,San Bernardino,071,2135413,1,0,0,0,0
2020-02-01,San Diego,073,3302833,0,0,0,0,0
2020-02-01,San Francisco,075,870044,1,0,0,0,0
2020-02-01,San Joaquin,077,732212,0,0,1,1,0
2020-02-01,San Luis Obispo,079,281455,0,0,0,0,0
2020-02-01,San Mateo,081,765935,0,0,0,0,0
2020-02-01,Santa Barbara,083,443738,0,0,0,0,0
2020-02-01,Santa Clara,085,1922200,2,1,0,1,0
2020-02-01,Santa Cruz,087,273765,0,0,0,0,0
2020-02-01,Shasta,089,179085,0,0,0,0,0
2020-02-01,Sierra,091,2930,0,0,0,0,0
2020-02-01,Siskiyou,093,43540,0,0,0,0,0
2020-02-01,Solano,095,438530,0,0,0,0,0
2020-02-01,Sonoma,097,501317,0,0,0,0,0
2020-02-01,Stanislaus,099,539301,0,0,0,0,0
2020-02-01,Sutter,101,95872,0,0,0,0,0
2020-02-01,Tehama,103,63373,0,0,0,0,0
2020-02-01,Trinity,105,12862,0,0,0,0,0
2020-02-01,Tulare,107,460477,1,0,0,0,0
2020-02-01,Tuolumne,109,53932,0,0,0,0,0
2020-02-01,Ventura,111,848112,0,0,0,0,0
2020-02-01,Yolo,113,214977,0,0,0,0,0
2020-02-01,Yuba,115,75493,0,0,0,0,0
