date,county,fips,population,confirmed_cases,reported_cases,probable_cases,reported_and_probable_cases,reported_deaths
2021-11-17,Alameda,001,1643700,120905,120913,3039,123952,1472
2021-11-17,Alpine,003,1148,105,105,0,105,0
2021-11-17,Amador,005,37829,5644,5646,67,5713,66
2021-11-17,Butte,007,227075,21230,21230,3910,25140,300
2021-11-17,Calaveras,009,45235,4259,4259,62,4321,84
2021-11-17,Colusa,011,21464,2545,2546,667,3213,19
2021-11-17,Contra Costa,013,1133247,100387,100387,2331,102718,1039
2021-11-17,Del Norte,015,27424,3630,3630,51,3681,42
2021-11-17,El Dorado,017,186661,16269,16269,1767,18036,161
2021-11-17,Fresno,019,978130,142366,142366,12512,154878,2230
2021-11-17,Glenn,021,27897,3527,3527,1019,4546,34
2021-11-17,Humboldt,023,135768,9268,9270,644,9914,115
2021-11-17,Imperial,025,180216,34255,34256,3515,37771,766
2021-11-17,Inyo,027,18085,2457,2457,37,2494,44
2021-11-17,Kern,029,883053,129306,129307,23536,152843,1743
2021-11-17,Kings,031,150075,32667,32669,2142,34811,352
2021-11-17,Lake,033,64148,6795,6795,154,6949,110
2021-11-17,Lassen,035,31185,6918,6918,427,7345,47
2021-11-17,Los Angeles,037,10098052,1447781,1447947,57833,1505780,26721
2021-11-17,Madera,039,155013,23673,23673,2125,25798,287
2021-11-17,Marin,041,260295,17753,17757,485,18242,248
2021-11-17,Mariposa,043,17540,1353,1353,46,1399,6
2021-11-17,Mendocino,045,87422,7735,7735,617,8352,89
2021-11-17,Merced,047,269075,42609,42612,1886,44498,654
2021-11-17,Modoc,049,8938,540,540,196,736,5
2021-11-17,Mono,051,14174,1765,1765,19,1784,5
2021-11-17,Monterey,053,433212,48221,48221,3939,52160,609
2021-11-17,Napa,055,140530,13166,13167,116,13283,103
2021-11-17,Nevada,057,99092,9442,9447,330,9777,92
2021-11-17,Orange,059,3164182,309394,309396,15776,325172,5651
2021-11-17,Placer,061,380077,37726,37725,3880,41605,460
2021-11-17,Plumas,063,18699,1833,1833,52,1885,7
2021-11-17,Riverside,065,2383286,365355,365406,17342,382748,5229
2021-11-17,Sacramento,067,1510023,161266,161269,5072,166341,2302
2021-11-17,San Benito,069,59416,7522,7524,184,7708,77
2021-11-17,San Bernardino,071,2135413,357906,357947,11838,369785,5893
2021-11-17,San Diego,073,3302833,379769,379769,22074,401843,4301
2021-11-17,San Francisco,075,870044,53461,53469,2784,56253,667
2021-11-17,San Joaquin,077,732212,100757,100764,5632,106396,1828
2021-11-17,San Luis Obispo,079,281455,29720,29731,1311,31042,354
2021-11-17,San Mateo,081,765935,54087,54092,1698,55790,577
2021-11-17,Santa Barbara,083,443738,45000,45000,1717,46717,542
2021-11-17,Santa Clara,085,1922200,148613,148626,1469,150095,1915
2021-11-17,Santa Cruz,087,273765,20700,20700,1099,21799,222
2021-11-17,Shasta,089,179085,21883,21883,3766,25649,382
2021-11-17,Sierra,091,2930,189,189,23,212,0
2021-11-17,Siskiyou,093,43540,3307,3307,1373,4680,54
2021-11-17,Solano,095,438530,45937,45948,1259,47207,353
2021-11-17,Sonoma,097,501317,42086,42093,544,42637,403
2021-11-17,Stanislaus,099,539301,80255,80276,9188,89464,1199
2021-11-17,Sutter,101,95872,14059,14064,367,14431,181
2021-11-17,Tehama,103,63373,8633,8633,1555,10188,125
2021-11-17,Trinity,105,12862,765,765,199,964,17
2021-11-17,Tulare,107,460477,68978,68977,16237,85214,1047
2021-11-17,Tuolumne,109,53932,7485,7485,103,7588,90
2021-11-17,Ventura,111,848112,98811,98812,4482,103294,1183
2021-11-17,Yolo,113,214977,20100,20100,1214,21314,257
2021-11-17,Yuba,115,75493,10273,10275,365,10640,88
2021-11-16,Alameda,001,1643700,120905,120809,3039,123848,1467
2021-11-16,Alpine,003,1148,105,105,0,105,0
2021-11-16,Amador,005,37829,5644,5644,67,5711,66
2021-11-16,Butte,007,227075,21230,21208,3910,25118,297
2021-11-16,Calaveras,009,45235,4259,4249,62,4311,83
2021-11-16,Colusa,011,21464,2545,2538,667,3205,19
2021-11-16,Contra Costa,013,1133247,100387,100320,2331,102651,1038
2021-11-16,Del Norte,015,27424,3630,3630,51,3681,42
2021-11-16,El Dorado,017,186661,16269,16248,1767,18015,159
2021-11-16,Fresno,019,978130,142366,142200,12512,154712,2218
2021-11-16,Glenn,021,27897,3527,3527,1019,4546,34
2021-11-16,Humboldt,023,135768,9268,9252,644,9896,115
2021-11-16,Imperial,025,180216,34255,34177,3515,37692,766
2021-11-16,Inyo,027,18085,2457,2449,37,2486,42
2021-11-16,Kern,029,883053,129306,129136,23536,152672,1735
2021-11-16,Kings,031,150075,32667,32614,2142,34756,350
2021-11-16,Lake,033,64148,6795,6789,154,6943,110
2021-11-16,Lassen,035,31185,6918,6915,427,7342,47
2021-11-16,Los Angeles,037,10098052,1447781,1446815,57833,1504648,26703
2021-11-16,Madera,039,155013,23673,23642,2125,25767,287
2021-11-16,Marin,041,260295,17753,17736,485,18221,248
2021-11-16,Mariposa,043,17540,1353,1349,46,1395,6
2021-11-16,Mendocino,045,87422,7735,7723,617,8340,89
2021-11-16,Merced,047,269075,42609,42578,1886,44464,653
2021-11-16,Modoc,049,8938,540,539,196,735,5
2021-11-16,Mono,051,14174,1765,1767,19,1786,4
2021-11-16,Monterey,053,433212,48221,48195,3939,52134,609
2021-11-16,Napa,055,140530,13166,13151,116,13267,103
2021-11-16,Nevada,057,99092,9442,9435,330,9765,92
2021-11-16,Orange,059,3164182,309394,309170,15776,324946,5651
2021-11-16,Placer,061,380077,37726,37676,3880,41556,459
2021-11-16,Plumas,063,18699,1833,1832,52,1884,7
2021-11-16,Riverside,065,2383286,365355,365078,17342,382420,5208
2021-11-16,Sacramento,067,1510023,161266,161102,5072,166174,2299
2021-11-16,San Benito,069,59416,7522,7513,184,7697,77
2021-11-16,San Bernardino,071,2135413,357906,357528,11838,369366,5901
2021-11-16,San Diego,073,3302833,379769,379435,22074,401509,4287
2021-11-16,San Francisco,075,870044,53461,53415,2784,56199,667
2021-11-16,San Joaquin,077,732212,100757,100637,5632,106269,1807
2021-11-16,San Luis Obispo,079,281455,29720,29703,1311,31014,356
2021-11-16,San Mateo,081,765935,54087,54034,1698,55732,577
2021-11-16,Santa Barbara,083,443738,45000,44932,1717,46649,539
2021-11-16,Santa Clara,085,1922200,148613,148452,1469,149921,1916
2021-11-16,Santa Cruz,087,273765,20700,20684,1099,21783,222
2021-11-16,Shasta,089,179085,21883,21853,3766,25619,379
2021-11-16,Sierra,091,2930,189,189,23,212,0
2021-11-16,Siskiyou,093,43540,3307,3304,1373,4677,54
2021-11-16,Solano,095,438530,45937,45908,1259,47167,351
2021-11-16,Sonoma,097,501317,42086,42056,544,42600,401
2021-11-16,Stanislaus,099,539301,80255,80214,9188,89402,1196
2021-11-16,Sutter,101,95872,14059,14058,367,14425,181
2021-11-16,Tehama,103,63373,8633,8621,1555,10176,125
2021-11-16,Trinity,105,12862,765,762,199,961,17
2021-11-16,Tulare,107,460477,68978,68881,16237,85118,1039
2021-11-16,Tuolumne,109,53932,7485,7478,103,7581,90
2021-11-16,Ventura,111,848112,98811,98731,4482,103213,1183
2021-11-16,Yolo,113,214977,20100,20077,1214,21291,257
2021-11-16,Yuba,115,75493,10273,10262,365,10627,85
2021-11-15,Alameda,001,1643700,120893,120731,3039,123770,1464
2021-11-15,Alpine,003,1148,105,105,0,105,0
2021-11-15,Amador,005,37829,5644,5637,67,5704,66
2021-11-15,Butte,007,227075,21228,21182,3910,25092,296
2021-11-15,Calaveras,009,45235,4255,4237,62,4299,83
2021-11-15,Colusa,011,21464,2543,2535,664,3199,19
2021-11-15,Contra Costa,013,1133247,100383,100251,2331,102582,1038
2021-11-15,Del Norte,015,27424,3630,3630,51,3681,42
2021-11-15,El Dorado,017,186661,16262,16236,1767,18003,159
2021-11-15,Fresno,019,978130,142351,142015,12511,154526,2210
2021-11-15,Glenn,021,27897,3527,3526,1018,4544,34
2021-11-15,Humboldt,023,135768,9267,9230,643,9873,115
2021-11-15,Imperial,025,180216,34226,34130,3515,37645,766
2021-11-15,Inyo,027,18085,2455,2442,37,2479,42
2021-11-15,Kern,029,883053,129289,128928,23536,152464,1730
2021-11-15,Kings,031,150075,32660,32584,2141,34725,348
2021-11-15,Lake,033,64148,6794,6784,154,6938,109
2021-11-15,Lassen,035,31185,6918,6915,424,7339,47
2021-11-15,Los Angeles,037,10098052,1447722,1446114,57818,1503932,26677
2021-11-15,Madera,039,155013,23671,23605,2125,25730,287
2021-11-15,Marin,041,260295,17752,17723,484,18207,248
2021-11-15,Mariposa,043,17540,1353,1347,45,1392,6
2021-11-15,Mendocino,045,87422,7731,7694,617,8311,89
2021-11-15,Merced,047,269075,42604,42552,1881,44433,648
2021-11-15,Modoc,049,8938,540,538,196,734,5
2021-11-15,Mono,051,14174,1763,1763,19,1782,4
2021-11-15,Monterey,053,433212,48214,48154,3938,52092,609
2021-11-15,Napa,055,140530,13160,13143,116,13259,103
2021-11-15,Nevada,057,99092,9442,9420,330,9750,92
2021-11-15,Orange,059,3164182,309359,308859,15776,324635,5646
2021-11-15,Placer,061,380077,37717,37610,3880,41490,452
2021-11-15,Plumas,063,18699,1833,1829,52,1881,7
2021-11-15,Riverside,065,2383286,365327,364750,17340,382090,5199
2021-11-15,Sacramento,067,1510023,161249,160937,5072,166009,2293
2021-11-15,San Benito,069,59416,7521,7511,184,7695,77
2021-11-15,San Bernardino,071,2135413,357872,357306,11836,369142,5898
2021-11-15,San Diego,073,3302833,379740,378845,22054,400899,4284
2021-11-15,San Francisco,075,870044,53455,53374,2784,56158,667
2021-11-15,San Joaquin,077,732212,100741,100587,5626,106213,1799
2021-11-15,San Luis Obispo,079,281455,29718,29669,1310,30979,351
2021-11-15,San Mateo,081,765935,54079,54010,1698,55708,576
2021-11-15,Santa Barbara,083,443738,44989,44879,1717,46596,539
2021-11-15,Santa Clara,085,1922200,148588,148313,1469,149782,1914
2021-11-15,Santa Cruz,087,273765,20694,20630,1099,21729,223
2021-11-15,Shasta,089,179085,21883,21779,3762,25541,374
2021-11-15,Sierra,091,2930,189,189,23,212,0
2021-11-15,Siskiyou,093,43540,3305,3302,1373,4675,54
2021-11-15,Solano,095,438530,45936,45885,1259,47144,351
2021-11-15,Sonoma,097,501317,42080,42021,544,42565,401
2021-11-15,Stanislaus,099,539301,80241,80129,9179,89308,1174
2021-11-15,Sutter,101,95872,14057,14043,366,14409,181
2021-11-15,Tehama,103,63373,8632,8615,1555,10170,125
2021-11-15,Trinity,105,12862,765,757,199,956,17
2021-11-15,Tulare,107,460477,68963,68826,16236,85062,1039
2021-11-15,Tuolumne,109,53932,7479,7461,103,7564,90
2021-11-15,Ventura,111,848112,98804,98605,4482,103087,1183
2021-11-15,Yolo,113,214977,20098,20065,1214,21279,255
2021-11-15,Yuba,115,75493,10269,10254,365,10619,85
2021-11-14,Alameda,001,1643700,120806,120629,3038,123667,1461
2021-11-14,Alpine,003,1148,105,105,0,105,0
2021-11-14,Amador,005,37829,5644,5632,67,5699,66
2021-11-14,Butte,007,227075,21213,21146,3904,25050,296
2021-11-14,Calaveras,009,45235,4246,4222,62,4284,83
2021-11-14,Colusa,011,21464,2537,2532,663,3195,19
2021-11-14,Contra Costa,013,1133247,100336,100188,2331,102519,1038
2021-11-14,Del Norte,015,27424,3630,3629,51,3680,42
2021-11-14,El Dorado,017,186661,16254,16212,1764,17976,159
2021-11-14,Fresno,019,978130,142216,141869,12499,154368,2209
2021-11-14,Glenn,021,27897,3527,3521,1015,4536,34
2021-11-14,Humboldt,023,135768,9253,9215,640,9855,115
2021-11-14,Imperial,025,180216,34158,34078,3497,37575,766
2021-11-14,Inyo,027,18085,2447,2441,37,2478,42
2021-11-14,Kern,029,883053,129218,128842,23530,152372,1730
2021-11-14,Kings,031,150075,32626,32545,2134,34679,349
2021-11-14,Lake,033,64148,6790,6777,154,6931,109
2021-11-14,Lassen,035,31185,6917,6911,422,7333,47
2021-11-14,Los Angeles,037,10098052,1447007,1445284,57755,1503039,26667
2021-11-14,Madera,039,155013,23647,23566,2124,25690,287
2021-11-14,Marin,041,260295,17737,17712,483,18195,247
2021-11-14,Mariposa,043,17540,1351,1337,44,1381,6
2021-11-14,Mendocino,045,87422,7721,7684,614,8298,89
2021-11-14,Merced,047,269075,42584,42513,1881,44394,648
2021-11-14,Modoc,049,8938,539,538,196,734,5
2021-11-14,Mono,051,14174,1762,1760,19,1779,4
2021-11-14,Monterey,053,433212,48193,48135,3934,52069,609
2021-11-14,Napa,055,140530,13149,13132,116,13248,103
2021-11-14,Nevada,057,99092,9435,9408,330,9738,92
2021-11-14,Orange,059,3164182,309244,308699,15762,324461,5646
2021-11-14,Placer,061,380077,37679,37569,3876,41445,452
2021-11-14,Plumas,063,18699,1830,1829,52,1881,7
2021-11-14,Riverside,065,2383286,365108,364490,17324,381814,5199
2021-11-14,Sacramento,067,1510023,161144,160761,5068,165829,2295
2021-11-14,San Benito,069,59416,7518,7507,184,7691,77
2021-11-14,San Bernardino,071,2135413,357587,357014,11834,368848,5897
2021-11-14,San Diego,073,3302833,379450,377633,22009,399642,4280
2021-11-14,San Francisco,075,870044,53423,53338,2781,56119,667
2021-11-14,San Joaquin,077,732212,100657,100518,5615,106133,1799
2021-11-14,San Luis Obispo,079,281455,29697,29645,1308,30953,352
2021-11-14,San Mateo,081,765935,54039,53978,1695,55673,576
2021-11-14,Santa Barbara,083,443738,44947,44842,1714,46556,539
2021-11-14,Santa Clara,085,1922200,148455,148152,1465,149617,1913
2021-11-14,Santa Cruz,087,273765,20683,20609,1098,21707,223
2021-11-14,Shasta,089,179085,21869,21771,3757,25528,373
2021-11-14,Sierra,091,2930,189,189,23,212,0
2021-11-14,Siskiyou,093,43540,3304,3302,1373,4675,54
2021-11-14,Solano,095,438530,45901,45860,1258,47118,351
2021-11-14,Sonoma,097,501317,42043,41974,543,42517,401
2021-11-14,Stanislaus,099,539301,80197,80076,9172,89248,1174
2021-11-14,Sutter,101,95872,14046,14031,364,14395,181
2021-11-14,Tehama,103,63373,8625,8607,1555,10162,125
2021-11-14,Trinity,105,12862,764,754,199,953,17
2021-11-14,Tulare,107,460477,68895,68772,16199,84971,1037
2021-11-14,Tuolumne,109,53932,7471,7439,103,7542,90
2021-11-14,Ventura,111,848112,98741,98550,4480,103030,1183
2021-11-14,Yolo,113,214977,20082,20040,1213,21253,255
2021-11-14,Yuba,115,75493,10260,10238,362,10600,85
2021-11-13,Alameda,001,1643700,120771,120407,3032,123439,1454
2021-11-13,Alpine,003,1148,105,105,0,105,0
2021-11-13,Amador,005,37829,5644,5614,67,5681,66
2021-11-13,Butte,007,227075,21204,21104,3902,25006,296
2021-11-13,Calaveras,009,45235,4239,4203,62,4265,83
2021-11-13,Colusa,011,21464,2536,2522,663,3185,19
2021-11-13,Contra Costa,013,1133247,100292,100004,2328,102332,1028
2021-11-13,Del Norte,015,27424,3630,3629,51,3680,42
2021-11-13,El Dorado,017,186661,16245,16163,1762,17925,159
2021-11-13,Fresno,019,978130,142160,141452,12490,153942,2205
2021-11-13,Glenn,021,27897,3527,3514,1015,4529,34
2021-11-13,Humboldt,023,135768,9243,9177,640,9817,115
2021-11-13,Imperial,025,180216,34131,33990,3484,37474,766
2021-11-13,Inyo,027,18085,2446,2436,37,2473,42
2021-11-13,Kern,029,883053,129171,128472,23530,152002,1719
2021-11-13,Kings,031,150075,32608,32452,2133,34585,347
2021-11-13,Lake,033,64148,6790,6769,154,6923,109
2021-11-13,Lassen,035,31185,6916,6897,422,7319,47
2021-11-13,Los Angeles,037,10098052,1446675,1443088,57726,1500814,26649
2021-11-13,Madera,039,155013,23629,23462,2118,25580,287
2021-11-13,Marin,041,260295,17728,17684,483,18167,247
2021-11-13,Mariposa,043,17540,1347,1323,44,1367,6
2021-11-13,Mendocino,045,87422,7717,7652,614,8266,89
2021-11-13,Merced,047,269075,42569,42411,1880,44291,644
2021-11-13,Modoc,049,8938,539,536,196,732,5
2021-11-13,Mono,051,14174,1762,1750,19,1769,4
2021-11-13,Monterey,053,433212,48188,48087,3933,52020,609
2021-11-13,Napa,055,140530,13148,13110,116,13226,103
2021-11-13,Nevada,057,99092,9432,9369,330,9699,92
2021-11-13,Orange,059,3164182,309123,308211,15737,323948,5641
2021-11-13,Placer,061,380077,37641,37453,3871,41324,445
2021-11-13,Plumas,063,18699,1829,1828,52,1880,8
2021-11-13,Riverside,065,2383286,364926,363801,17315,381116,5187
2021-11-13,Sacramento,067,1510023,161059,160397,5053,165450,2291
2021-11-13,San Benito,069,59416,7506,7491,184,7675,77
2021-11-13,San Bernardino,071,2135413,357487,356325,11831,368156,5873
2021-11-13,San Diego,073,3302833,379253,377633,21993,399626,4280
2021-11-13,San Francisco,075,870044,53399,53195,2779,55974,667
2021-11-13,San Joaquin,077,732212,100627,100263,5607,105870,1799
2021-11-13,San Luis Obispo,079,281455,29687,29589,1308,30897,351
2021-11-13,San Mateo,081,765935,54018,53853,1693,55546,574
2021-11-13,Santa Barbara,083,443738,44917,44734,1714,46448,537
2021-11-13,Santa Clara,085,1922200,148373,147821,1465,149286,1905
2021-11-13,Santa Cruz,087,273765,20674,20565,1098,21663,223
2021-11-13,Shasta,089,179085,21851,21713,3755,25468,366
2021-11-13,Sierra,091,2930,189,188,23,211,0
2021-11-13,Siskiyou,093,43540,3303,3299,1373,4672,54
2021-11-13,Solano,095,438530,45892,45774,1257,47031,350
2021-11-13,Sonoma,097,501317,42025,41882,543,42425,399
2021-11-13,Stanislaus,099,539301,80156,79872,9158,89030,1174
2021-11-13,Sutter,101,95872,14045,14017,364,14381,181
2021-11-13,Tehama,103,63373,8622,8592,1552,10144,125
2021-11-13,Trinity,105,12862,764,749,199,948,17
2021-11-13,Tulare,107,460477,68872,68619,16186,84805,1033
2021-11-13,Tuolumne,109,53932,7456,7392,103,7495,90
2021-11-13,Ventura,111,848112,98702,98452,4476,102928,1183
2021-11-13,Yolo,113,214977,20072,20009,1209,21218,255
2021-11-13,Yuba,115,75493,10254,10218,362,10580,85
2021-11-12,Alameda,001,1643700,120709,120407,3030,123437,1454
2021-11-12,Alpine,003,1148,105,105,0,105,0
2021-11-12,Amador,005,37829,5634,5614,67,5681,66
2021-11-12,Butte,007,227075,21194,21104,3900,25004,296
2021-11-12,Calaveras,009,45235,4235,4203,62,4265,83
2021-11-12,Colusa,011,21464,2535,2522,663,3185,19
2021-11-12,Contra Costa,013,1133247,100246,100004,2328,102332,1028
2021-11-12,Del Norte,015,27424,3630,3629,51,3680,42
2021-11-12,El Dorado,017,186661,16236,16163,1761,17924,159
2021-11-12,Fresno,019,978130,142019,141452,12477,153929,2205
2021-11-12,Glenn,021,27897,3521,3514,1014,4528,34
2021-11-12,Humboldt,023,135768,9228,9177,640,9817,115
2021-11-12,Imperial,025,180216,34107,33990,3477,37467,766
2021-11-12,Inyo,027,18085,2442,2436,37,2473,42
2021-11-12,Kern,029,883053,129065,128472,23527,151999,1719
2021-11-12,Kings,031,150075,32600,32452,2131,34583,347
2021-11-12,Lake,033,64148,6789,6769,154,6923,109
2021-11-12,Lassen,035,31185,6914,6897,422,7319,47
2021-11-12,Los Angeles,037,10098052,1446035,1443088,57681,1500769,26649
2021-11-12,Madera,039,155013,23612,23462,2117,25579,287
2021-11-12,Marin,041,260295,17719,17684,481,18165,247
2021-11-12,Mariposa,043,17540,1344,1323,44,1367,6
2021-11-12,Mendocino,045,87422,7703,7652,614,8266,89
2021-11-12,Merced,047,269075,42558,42411,1878,44289,644
2021-11-12,Modoc,049,8938,539,536,196,732,5
2021-11-12,Mono,051,14174,1761,1750,19,1769,4
2021-11-12,Monterey,053,433212,48182,48087,3914,52001,609
2021-11-12,Napa,055,140530,13140,13110,116,13226,103
2021-11-12,Nevada,057,99092,9421,9369,330,9699,92
2021-11-12,Orange,059,3164182,308958,308211,15727,323938,5641
2021-11-12,Placer,061,380077,37623,37453,3868,41321,445
2021-11-12,Plumas,063,18699,1827,1828,51,1879,8
2021-11-12,Riverside,065,2383286,364737,363801,17310,381111,5187
2021-11-12,Sacramento,067,1510023,160920,160397,5047,165444,2291
2021-11-12,San Benito,069,59416,7506,7491,184,7675,77
2021-11-12,San Bernardino,071,2135413,357337,356325,11823,368148,5873
2021-11-12,San Diego,073,3302833,379006,377633,21982,399615,4280
2021-11-12,San Francisco,075,870044,53379,53195,2777,55972,667
2021-11-12,San Joaquin,077,732212,100599,100263,5602,105865,1799
2021-11-12,San Luis Obispo,079,281455,29675,29589,1307,30896,351
2021-11-12,San Mateo,081,765935,53999,53853,1691,55544,574
2021-11-12,Santa Barbara,083,443738,44871,44734,1713,46447,537
2021-11-12,Santa Clara,085,1922200,148283,147821,1460,149281,1905
2021-11-12,Santa Cruz,087,273765,20655,20565,1097,21662,223
2021-11-12,Shasta,089,179085,21832,21713,3752,25465,366
2021-11-12,Sierra,091,2930,189,188,23,211,0
2021-11-12,Siskiyou,093,43540,3303,3299,1372,4671,54
2021-11-12,Solano,095,438530,45885,45774,1255,47029,350
2021-11-12,Sonoma,097,501317,41997,41882,542,42424,399
2021-11-12,Stanislaus,099,539301,80121,79872,9153,89025,1174
2021-11-12,Sutter,101,95872,14039,14017,364,14381,181
2021-11-12,Tehama,103,63373,8616,8592,1551,10143,125
2021-11-12,Trinity,105,12862,763,749,198,947,17
2021-11-12,Tulare,107,460477,68848,68619,16168,84787,1033
2021-11-12,Tuolumne,109,53932,7448,7392,102,7494,90
2021-11-12,Ventura,111,848112,98654,98452,4472,102924,1183
2021-11-12,Yolo,113,214977,20063,20009,1207,21216,255
2021-11-12,Yuba,115,75493,10240,10218,362,10580,85
2021-11-11,Alameda,001,1643700,120583,120147,3020,123167,1453
2021-11-11,Alpine,003,1148,105,105,0,105,0
2021-11-11,Amador,005,37829,5629,5603,66,5669,66
2021-11-11,Butte,007,227075,21157,21047,3896,24943,293
2021-11-11,Calaveras,009,45235,4219,4179,62,4241,83
2021-11-11,Colusa,011,21464,2534,2518,663,3181,19
2021-11-11,Contra Costa,013,1133247,100164,99808,2324,102132,1028
2021-11-11,Del Norte,015,27424,3629,3622,51,3673,42
2021-11-11,El Dorado,017,186661,16200,16085,1758,17843,159
2021-11-11,Fresno,019,978130,141827,140833,12455,153288,2202
2021-11-11,Glenn,021,27897,3518,3503,1014,4517,34
2021-11-11,Humboldt,023,135768,9215,9125,637,9762,115
2021-11-11,Imperial,025,180216,34053,33844,3453,37297,766
2021-11-11,Inyo,027,18085,2442,2428,37,2465,42
2021-11-11,Kern,029,883053,128937,128023,23520,151543,1709
2021-11-11,Kings,031,150075,32565,32318,2127,34445,345
2021-11-11,Lake,033,64148,6786,6745,154,6899,107
2021-11-11,Lassen,035,31185,6911,6875,422,7297,47
2021-11-11,Los Angeles,037,10098052,1444996,1440436,57623,1498059,26614
2021-11-11,Madera,039,155013,23550,23316,2109,25425,287
2021-11-11,Marin,041,260295,17710,17639,481,18120,247
2021-11-11,Mariposa,043,17540,1337,1317,43,1360,6
2021-11-11,Mendocino,045,87422,7695,7612,606,8218,89
2021-11-11,Merced,047,269075,42505,42292,1876,44168,643
2021-11-11,Modoc,049,8938,539,536,196,732,5
2021-11-11,Mono,051,14174,1752,1743,19,1762,4
2021-11-11,Monterey,053,433212,48154,48008,3902,51910,609
2021-11-11,Napa,055,140530,13132,13075,116,13191,103
2021-11-11,Nevada,057,99092,9410,9308,327,9635,92
2021-11-11,Orange,059,3164182,308734,307674,15700,323374,5633
2021-11-11,Placer,061,380077,37577,37333,3859,41192,440
2021-11-11,Plumas,063,18699,1826,1814,51,1865,7
2021-11-11,Riverside,065,2383286,364395,362930,17296,380226,5175
2021-11-11,Sacramento,067,1510023,160743,159962,5022,164984,2289
2021-11-11,San Benito,069,59416,7498,7473,184,7657,76
2021-11-11,San Bernardino,071,2135413,357031,355413,11811,367224,5849
2021-11-11,San Diego,073,3302833,378593,376428,21965,398393,4272
2021-11-11,San Francisco,075,870044,53333,53063,2774,55837,666
2021-11-11,San Joaquin,077,732212,100512,99937,5583,105520,1799
2021-11-11,San Luis Obispo,079,281455,29642,29532,1306,30838,351
2021-11-11,San Mateo,081,765935,53967,53722,1676,55398,574
2021-11-11,Santa Barbara,083,443738,44836,44603,1710,46313,534
2021-11-11,Santa Clara,085,1922200,148136,147458,1455,148913,1901
2021-11-11,Santa Cruz,087,273765,20621,20479,1096,21575,222
2021-11-11,Shasta,089,179085,21811,21600,3748,25348,364
2021-11-11,Sierra,091,2930,188,186,23,209,0
2021-11-11,Siskiyou,093,43540,3302,3297,1371,4668,53
2021-11-11,Solano,095,438530,45858,45679,1255,46934,350
2021-11-11,Sonoma,097,501317,41958,41774,542,42316,395
2021-11-11,Stanislaus,099,539301,80050,79570,9139,88709,1166
2021-11-11,Sutter,101,95872,14029,13993,363,14356,181
2021-11-11,Tehama,103,63373,8611,8565,1548,10113,125
2021-11-11,Trinity,105,12862,762,748,198,946,17
2021-11-11,Tulare,107,460477,68777,68367,16133,84500,1028
2021-11-11,Tuolumne,109,53932,7441,7354,102,7456,90
2021-11-11,Ventura,111,848112,98574,98297,4468,102765,1182
2021-11-11,Yolo,113,214977,20042,19946,1207,21153,255
2021-11-11,Yuba,115,75493,10229,10191,361,10552,85
2021-11-10,Alameda,001,1643700,120496,120147,3010,123157,1453
2021-11-10,Alpine,003,1148,105,105,0,105,0
2021-11-10,Amador,005,37829,5627,5603,65,5668,66
2021-11-10,Butte,007,227075,21142,21047,3892,24939,293
2021-11-10,Calaveras,009,45235,4214,4179,62,4241,83
2021-11-10,Colusa,011,21464,2531,2518,663,3181,19
2021-11-10,Contra Costa,013,1133247,100090,99808,2323,102131,1028
2021-11-10,Del Norte,015,27424,3629,3622,51,3673,42
2021-11-10,El Dorado,017,186661,16183,16085,1758,17843,159
2021-11-10,Fresno,019,978130,141674,140833,12444,153277,2202
2021-11-10,Glenn,021,27897,3514,3503,1013,4516,34
2021-11-10,Humboldt,023,135768,9206,9125,636,9761,115
2021-11-10,Imperial,025,180216,34009,33844,3433,37277,766
2021-11-10,Inyo,027,18085,2437,2428,37,2465,42
2021-11-10,Kern,029,883053,128819,128023,23491,151514,1709
2021-11-10,Kings,031,150075,32546,32318,2125,34443,345
2021-11-10,Lake,033,64148,6778,6745,154,6899,107
2021-11-10,Lassen,035,31185,6906,6875,422,7297,47
2021-11-10,Los Angeles,037,10098052,1444188,1440436,57573,1498009,26614
2021-11-10,Madera,039,155013,23516,23316,2105,25421,287
2021-11-10,Marin,041,260295,17700,17639,480,18119,247
2021-11-10,Mariposa,043,17540,1333,1317,43,1360,6
2021-11-10,Mendocino,045,87422,7690,7612,605,8217,89
2021-11-10,Merced,047,269075,42484,42292,1875,44167,643
2021-11-10,Modoc,049,8938,539,536,195,731,5
2021-11-10,Mono,051,14174,1749,1743,19,1762,4
2021-11-10,Monterey,053,433212,48137,48008,3886,51894,609
2021-11-10,Napa,055,140530,13120,13075,116,13191,103
2021-11-10,Nevada,057,99092,9405,9308,326,9634,92
2021-11-10,Orange,059,3164182,308533,307674,15681,323355,5633
2021-11-10,Placer,061,380077,37536,37333,3848,41181,440
2021-11-10,Plumas,063,18699,1824,1814,50,1864,7
2021-11-10,Riverside,065,2383286,364119,362930,17292,380222,5175
2021-11-10,Sacramento,067,1510023,160597,159962,5011,164973,2289
2021-11-10,San Benito,069,59416,7489,7473,184,7657,76
2021-11-10,San Bernardino,071,2135413,356816,355413,11807,367220,5849
2021-11-10,San Diego,073,3302833,378262,376428,21949,398377,4272
2021-11-10,San Francisco,075,870044,53278,53063,2772,55835,666
2021-11-10,San Joaquin,077,732212,100413,99937,5577,105514,1799
2021-11-10,San Luis Obispo,079,281455,29629,29532,1304,30836,351
2021-11-10,San Mateo,081,765935,53935,53722,1673,55395,574
2021-11-10,Santa Barbara,083,443738,44814,44603,1709,46312,534
2021-11-10,Santa Clara,085,1922200,148030,147458,1449,148907,1901
2021-11-10,Santa Cruz,087,273765,20607,20479,1095,21574,222
2021-11-10,Shasta,089,179085,21768,21600,3747,25347,364
2021-11-10,Sierra,091,2930,188,186,23,209,0
2021-11-10,Siskiyou,093,43540,3302,3297,1371,4668,53
2021-11-10,Solano,095,438530,45834,45679,1255,46934,350
2021-11-10,Sonoma,097,501317,41920,41774,542,42316,395
2021-11-10,Stanislaus,099,539301,79974,79570,9126,88696,1166
2021-11-10,Sutter,101,95872,14023,13993,363,14356,181
2021-11-10,Tehama,103,63373,8607,8565,1542,10107,125
2021-11-10,Trinity,105,12862,760,748,197,945,17
2021-11-10,Tulare,107,460477,68734,68367,16098,84465,1028
2021-11-10,Tuolumne,109,53932,7430,7354,102,7456,90
2021-11-10,Ventura,111,848112,98507,98297,4467,102764,1182
2021-11-10,Yolo,113,214977,20026,19946,1207,21153,255
2021-11-10,Yuba,115,75493,10221,10191,361,10552,85
2021-11-09,Alameda,001,1643700,120389,120051,3006,123057,1450
2021-11-09,Alpine,003,1148,105,105,0,105,0
2021-11-09,Amador,005,37829,5623,5596,65,5661,66
2021-11-09,Butte,007,227075,21122,21022,3890,24912,291
2021-11-09,Calaveras,009,45235,4208,4174,62,4236,84
2021-11-09,Colusa,011,21464,2526,2517,662,3179,19
2021-11-09,Contra Costa,013,1133247,100008,99732,2314,102046,1028
2021-11-09,Del Norte,015,27424,3628,3620,51,3671,42
2021-11-09,El Dorado,017,186661,16160,16073,1756,17829,160
2021-11-09,Fresno,019,978130,141428,140666,12427,153093,2188
2021-11-09,Glenn,021,27897,3508,3499,1009,4508,34
2021-11-09,Humboldt,023,135768,9188,9112,632,9744,115
2021-11-09,Imperial,025,180216,33963,33751,3425,37176,766
2021-11-09,Inyo,027,18085,2434,2404,37,2441,42
2021-11-09,Kern,029,883053,128618,127901,23453,151354,1694
2021-11-09,Kings,031,150075,32490,32279,2121,34400,344
2021-11-09,Lake,033,64148,6770,6743,153,6896,106
2021-11-09,Lassen,035,31185,6896,6846,421,7267,47
2021-11-09,Los Angeles,037,10098052,1443164,1439125,57520,1496645,26581
2021-11-09,Madera,039,155013,23474,23285,2099,25384,287
2021-11-09,Marin,041,260295,17686,17630,478,18108,247
2021-11-09,Mariposa,043,17540,1327,1317,42,1359,5
2021-11-09,Mendocino,045,87422,7672,7598,599,8197,85
2021-11-09,Merced,047,269075,42446,42251,1870,44121,613
2021-11-09,Modoc,049,8938,538,536,193,729,5
2021-11-09,Mono,051,14174,1745,1738,19,1757,4
2021-11-09,Monterey,053,433212,48106,47975,3865,51840,609
2021-11-09,Napa,055,140530,13104,13051,116,13167,103
2021-11-09,Nevada,057,99092,9389,9288,326,9614,92
2021-11-09,Orange,059,3164182,308292,307412,15657,323069,5621
2021-11-09,Placer,061,380077,37492,37291,3838,41129,440
2021-11-09,Plumas,063,18699,1822,1802,50,1852,7
2021-11-09,Riverside,065,2383286,363743,362557,17284,379841,5160
2021-11-09,Sacramento,067,1510023,160397,159856,4996,164852,2286
2021-11-09,San Benito,069,59416,7480,7471,183,7654,76
2021-11-09,San Bernardino,071,2135413,356491,354972,11792,366764,5839
2021-11-09,San Diego,073,3302833,377832,375997,21918,397915,4272
2021-11-09,San Francisco,075,870044,53224,52996,2762,55758,666
2021-11-09,San Joaquin,077,732212,100260,99848,5558,105406,1794
2021-11-09,San Luis Obispo,079,281455,29596,29488,1302,30790,350
2021-11-09,San Mateo,081,765935,53894,53697,1658,55355,574
2021-11-09,Santa Barbara,083,443738,44754,44579,1702,46281,533
2021-11-09,Santa Clara,085,1922200,147865,147281,1443,148724,1901
2021-11-09,Santa Cruz,087,273765,20579,20463,1094,21557,222
2021-11-09,Shasta,089,179085,21714,21558,3740,25298,364
2021-11-09,Sierra,091,2930,188,186,23,209,0
2021-11-09,Siskiyou,093,43540,3302,3295,1370,4665,52
2021-11-09,Solano,095,438530,45794,45639,1254,46893,350
2021-11-09,Sonoma,097,501317,41883,41727,541,42268,395
2021-11-09,Stanislaus,099,539301,79892,79505,9113,88618,1165
2021-11-09,Sutter,101,95872,14010,13988,362,14350,180
2021-11-09,Tehama,103,63373,8596,8555,1540,10095,125
2021-11-09,Trinity,105,12862,759,746,197,943,17
2021-11-09,Tulare,107,460477,68641,68298,16062,84360,1024
2021-11-09,Tuolumne,109,53932,7418,7347,102,7449,90
2021-11-09,Ventura,111,848112,98440,98202,4463,102665,1182
2021-11-09,Yolo,113,214977,20006,19931,1205,21136,255
2021-11-09,Yuba,115,75493,10203,10175,357,10532,85
2021-11-08,Alameda,001,1643700,120279,119983,3000,122983,1447
2021-11-08,Alpine,003,1148,105,105,0,105,0
2021-11-08,Amador,005,37829,5618,5590,65,5655,66
2021-11-08,Butte,007,227075,21093,21000,3883,24883,288
2021-11-08,Calaveras,009,45235,4197,4166,62,4228,82
2021-11-08,Colusa,011,21464,2525,2514,661,3175,19
2021-11-08,Contra Costa,013,1133247,99926,99669,2309,101978,1028
2021-11-08,Del Norte,015,27424,3624,3619,51,3670,42
2021-11-08,El Dorado,017,186661,16139,16055,1754,17809,156
2021-11-08,Fresno,019,978130,141139,140466,12412,152878,2179
2021-11-08,Glenn,021,27897,3505,3496,1009,4505,34
2021-11-08,Humboldt,023,135768,9166,9095,625,9720,109
2021-11-08,Imperial,025,180216,33894,33690,3409,37099,766
2021-11-08,Inyo,027,18085,2430,2398,37,2435,41
2021-11-08,Kern,029,883053,128406,127722,23394,151116,1692
2021-11-08,Kings,031,150075,32450,32248,2120,34368,344
2021-11-08,Lake,033,64148,6768,6737,153,6890,106
2021-11-08,Lassen,035,31185,6884,6830,416,7246,46
2021-11-08,Los Angeles,037,10098052,1442004,1438322,57474,1495796,26575
2021-11-08,Madera,039,155013,23423,23253,2087,25340,287
2021-11-08,Marin,041,260295,17670,17617,476,18093,247
2021-11-08,Mariposa,043,17540,1321,1316,41,1357,5
2021-11-08,Mendocino,045,87422,7659,7581,591,8172,85
2021-11-08,Merced,047,269075,42378,42224,1862,44086,607
2021-11-08,Modoc,049,8938,537,529,193,722,5
2021-11-08,Mono,051,14174,1739,1739,19,1758,4
2021-11-08,Monterey,053,433212,48083,47942,3834,51776,602
2021-11-08,Napa,055,140530,13097,13045,116,13161,103
2021-11-08,Nevada,057,99092,9372,9278,325,9603,92
2021-11-08,Orange,059,3164182,308054,307156,15624,322780,5616
2021-11-08,Placer,061,380077,37448,37250,3835,41085,439
2021-11-08,Plumas,063,18699,1821,1788,49,1837,7
2021-11-08,Riverside,065,2383286,363374,362201,17271,379472,5152
2021-11-08,Sacramento,067,1510023,160192,159735,4971,164706,2275
2021-11-08,San Benito,069,59416,7478,7461,183,7644,75
2021-11-08,San Bernardino,071,2135413,356086,354741,11770,366511,5836
2021-11-08,San Diego,073,3302833,377316,375557,21877,397434,4259
2021-11-08,San Francisco,075,870044,53182,52942,2754,55696,666
2021-11-08,San Joaquin,077,732212,100156,99736,5553,105289,1794
2021-11-08,San Luis Obispo,079,281455,29556,29464,1297,30761,350
2021-11-08,San Mateo,081,765935,53822,53658,1650,55308,574
2021-11-08,Santa Barbara,083,443738,44707,44548,1701,46249,532
2021-11-08,Santa Clara,085,1922200,147673,147183,1439,148622,1899
2021-11-08,Santa Cruz,087,273765,20553,20435,1094,21529,222
2021-11-08,Shasta,089,179085,21665,21504,3731,25235,354
2021-11-08,Sierra,091,2930,187,183,23,206,0
2021-11-08,Siskiyou,093,43540,3299,3290,1360,4650,50
2021-11-08,Solano,095,438530,45754,45613,1252,46865,350
2021-11-08,Sonoma,097,501317,41826,41669,539,42208,395
2021-11-08,Stanislaus,099,539301,79756,79417,9098,88515,1150
2021-11-08,Sutter,101,95872,14004,13976,359,14335,180
2021-11-08,Tehama,103,63373,8587,8534,1540,10074,123
2021-11-08,Trinity,105,12862,759,743,196,939,13
2021-11-08,Tulare,107,460477,68532,68199,16023,84222,1020
2021-11-08,Tuolumne,109,53932,7404,7328,102,7430,90
2021-11-08,Ventura,111,848112,98356,98144,4459,102603,1182
2021-11-08,Yolo,113,214977,19973,19916,1202,21118,255
2021-11-08,Yuba,115,75493,10192,10172,354,10526,83
2021-11-07,Alameda,001,1643700,120157,119902,2992,122894,1444
2021-11-07,Alpine,003,1148,105,105,0,105,0
2021-11-07,Amador,005,37829,5614,5580,64,5644,66
2021-11-07,Butte,007,227075,21059,20969,3876,24845,288
2021-11-07,Calaveras,009,45235,4173,4158,61,4219,82
2021-11-07,Colusa,011,21464,2521,2511,660,3171,19
2021-11-07,Contra Costa,013,1133247,99828,99596,2303,101899,1028
2021-11-07,Del Norte,015,27424,3623,3617,50,3667,42
2021-11-07,El Dorado,017,186661,16108,16040,1750,17790,156
2021-11-07,Fresno,019,978130,140806,140263,12391,152654,2179
2021-11-07,Glenn,021,27897,3499,3493,1009,4502,34
2021-11-07,Humboldt,023,135768,9144,9074,621,9695,109
2021-11-07,Imperial,025,180216,33825,33674,3394,37068,766
2021-11-07,Inyo,027,18085,2419,2394,37,2431,41
2021-11-07,Kern,029,883053,128170,127583,23316,150899,1692
2021-11-07,Kings,031,150075,32362,32221,2114,34335,343
2021-11-07,Lake,033,64148,6753,6734,152,6886,106
2021-11-07,Lassen,035,31185,6876,6819,410,7229,46
2021-11-07,Los Angeles,037,10098052,1440711,1437314,57408,1494722,26573
2021-11-07,Madera,039,155013,23376,23225,2082,25307,287
2021-11-07,Marin,041,260295,17652,17594,475,18069,247
2021-11-07,Mariposa,043,17540,1319,1306,41,1347,5
2021-11-07,Mendocino,045,87422,7635,7567,585,8152,85
2021-11-07,Merced,047,269075,42309,42186,1833,44019,607
2021-11-07,Modoc,049,8938,534,528,192,720,5
2021-11-07,Mono,051,14174,1735,1739,19,1758,4
2021-11-07,Monterey,053,433212,48052,47924,3818,51742,602
2021-11-07,Napa,055,140530,13080,13041,116,13157,103
2021-11-07,Nevada,057,99092,9328,9254,325,9579,92
2021-11-07,Orange,059,3164182,307806,306954,15589,322543,5616
2021-11-07,Placer,061,380077,37386,37202,3820,41022,439
2021-11-07,Plumas,063,18699,1814,1787,48,1835,7
2021-11-07,Riverside,065,2383286,362953,361960,17252,379212,5152
2021-11-07,Sacramento,067,1510023,159968,159549,4950,164499,2277
2021-11-07,San Benito,069,59416,7466,7460,183,7643,75
2021-11-07,San Bernardino,071,2135413,355695,354488,11747,366235,5832
2021-11-07,San Diego,073,3302833,376796,375165,21843,397008,4250
2021-11-07,San Francisco,075,870044,53112,52868,2745,55613,666
2021-11-07,San Joaquin,077,732212,99988,99696,5547,105243,1794
2021-11-07,San Luis Obispo,079,281455,29506,29454,1292,30746,350
2021-11-07,San Mateo,081,765935,53767,53600,1649,55249,574
2021-11-07,Santa Barbara,083,443738,44657,44501,1701,46202,532
2021-11-07,Santa Clara,085,1922200,147501,147054,1425,148479,1898
2021-11-07,Santa Cruz,087,273765,20502,20397,1093,21490,222
2021-11-07,Shasta,089,179085,21610,21479,3726,25205,354
2021-11-07,Sierra,091,2930,186,183,23,206,0
2021-11-07,Siskiyou,093,43540,3296,3289,1357,4646,51
2021-11-07,Solano,095,438530,45712,45582,1247,46829,350
2021-11-07,Sonoma,097,501317,41786,41630,539,42169,395
2021-11-07,Stanislaus,099,539301,79622,79351,9082,88433,1150
2021-11-07,Sutter,101,95872,13993,13964,356,14320,180
2021-11-07,Tehama,103,63373,8569,8528,1538,10066,121
2021-11-07,Trinity,105,12862,758,742,195,937,13
2021-11-07,Tulare,107,460477,68389,68145,15982,84127,1020
2021-11-07,Tuolumne,109,53932,7387,7300,100,7400,90
2021-11-07,Ventura,111,848112,98254,98085,4458,102543,1182
2021-11-07,Yolo,113,214977,19956,19899,1200,21099,255
2021-11-07,Yuba,115,75493,10182,10162,348,10510,83
2021-11-06,Alameda,001,1643700,120108,119499,2990,122489,1436
2021-11-06,Alpine,003,1148,105,105,0,105,0
2021-11-06,Amador,005,37829,5610,5557,64,5621,66
2021-11-06,Butte,007,227075,21042,20796,3874,24670,288
2021-11-06,Calaveras,009,45235,4167,4105,61,4166,82
2021-11-06,Colusa,011,21464,2520,2501,659,3160,19
2021-11-06,Contra Costa,013,1133247,99778,99282,2301,101583,1025
2021-11-06,Del Norte,015,27424,3620,3607,50,3657,42
2021-11-06,El Dorado,017,186661,16101,15958,1750,17708,156
2021-11-06,Fresno,019,978130,140721,139249,12389,151638,2170
2021-11-06,Glenn,021,27897,3499,3479,1009,4488,33
2021-11-06,Humboldt,023,135768,9132,8972,616,9588,109
2021-11-06,Imperial,025,180216,33787,33471,3389,36860,766
2021-11-06,Inyo,027,18085,2414,2353,37,2390,41
2021-11-06,Kern,029,883053,128065,126848,23273,150121,1684
2021-11-06,Kings,031,150075,32334,32018,2109,34127,342
2021-11-06,Lake,033,64148,6752,6695,152,6847,106
2021-11-06,Lassen,035,31185,6872,6796,409,7205,46
2021-11-06,Los Angeles,037,10098052,1440057,1433081,57365,1490446,26533
2021-11-06,Madera,039,155013,23352,22994,2075,25069,287
2021-11-06,Marin,041,260295,17636,17520,472,17992,247
2021-11-06,Mariposa,043,17540,1319,1282,41,1323,5
2021-11-06,Mendocino,045,87422,7616,7486,585,8071,85
2021-11-06,Merced,047,269075,42288,41958,1826,43784,604
2021-11-06,Modoc,049,8938,534,523,191,714,5
2021-11-06,Mono,051,14174,1734,1725,19,1744,4
2021-11-06,Monterey,053,433212,48031,47830,3803,51633,602
2021-11-06,Napa,055,140530,13073,12950,116,13066,103
2021-11-06,Nevada,057,99092,9312,9169,322,9491,91
2021-11-06,Orange,059,3164182,307645,306049,15570,321619,5611
2021-11-06,Placer,061,380077,37357,36967,3818,40785,438
2021-11-06,Plumas,063,18699,1811,1755,47,1802,7
2021-11-06,Riverside,065,2383286,362694,360584,17244,377828,5138
2021-11-06,Sacramento,067,1510023,159889,158766,4943,163709,2263
2021-11-06,San Benito,069,59416,7460,7429,183,7612,75
2021-11-06,San Bernardino,071,2135413,355483,353142,11742,364884,5813
2021-11-06,San Diego,073,3302833,376497,373423,21827,395250,4246
2021-11-06,San Francisco,075,870044,53062,52556,2742,55298,666
2021-11-06,San Joaquin,077,732212,99939,99372,5544,104916,1782
2021-11-06,San Luis Obispo,079,281455,29490,29335,1286,30621,350
2021-11-06,San Mateo,081,765935,53744,53442,1645,55087,574
2021-11-06,Santa Barbara,083,443738,44625,44301,1700,46001,532
2021-11-06,Santa Clara,085,1922200,147369,146519,1420,147939,1894
2021-11-06,Santa Cruz,087,273765,20485,20311,1091,21402,222
2021-11-06,Shasta,089,179085,21597,21281,3721,25002,349
2021-11-06,Sierra,091,2930,186,181,23,204,0
2021-11-06,Siskiyou,093,43540,3296,3279,1355,4634,48
2021-11-06,Solano,095,438530,45685,45465,1247,46712,350
2021-11-06,Sonoma,097,501317,41740,41398,539,41937,395
2021-11-06,Stanislaus,099,539301,79561,78902,9077,87979,1193
2021-11-06,Sutter,101,95872,13989,13908,356,14264,180
2021-11-06,Tehama,103,63373,8559,8474,1535,10009,120
2021-11-06,Trinity,105,12862,757,732,194,926,11
2021-11-06,Tulare,107,460477,68351,67767,15957,83724,1010
2021-11-06,Tuolumne,109,53932,7377,7245,100,7345,90
2021-11-06,Ventura,111,848112,98191,97770,4454,102224,1180
2021-11-06,Yolo,113,214977,19940,19827,1198,21025,255
2021-11-06,Yuba,115,75493,10173,10107,348,10455,83
2021-11-05,Alameda,001,1643700,120038,119499,2988,122487,1436
2021-11-05,Alpine,003,1148,105,105,0,105,0
2021-11-05,Amador,005,37829,5606,5557,64,5621,66
2021-11-05,Butte,007,227075,21032,20796,3872,24668,288
2021-11-05,Calaveras,009,45235,4165,4105,61,4166,82
2021-11-05,Colusa,011,21464,2520,2501,658,3159,19
2021-11-05,Contra Costa,013,1133247,99718,99282,2299,101581,1025
2021-11-05,Del Norte,015,27424,3618,3607,50,3657,42
2021-11-05,El Dorado,017,186661,16090,15958,1745,17703,156
2021-11-05,Fresno,019,978130,140571,139249,12381,151630,2170
2021-11-05,Glenn,021,27897,3498,3479,1009,4488,33
2021-11-05,Humboldt,023,135768,9122,8972,615,9587,109
2021-11-05,Imperial,025,180216,33761,33471,3386,36857,766
2021-11-05,Inyo,027,18085,2408,2353,37,2390,41
2021-11-05,Kern,029,883053,127961,126848,23224,150072,1684
2021-11-05,Kings,031,150075,32313,32018,2108,34126,342
2021-11-05,Lake,033,64148,6748,6695,152,6847,106
2021-11-05,Lassen,035,31185,6869,6796,409,7205,46
2021-11-05,Los Angeles,037,10098052,1439322,1433081,57324,1490405,26533
2021-11-05,Madera,039,155013,23330,22994,2074,25068,287
2021-11-05,Marin,041,260295,17616,17520,470,17990,247
2021-11-05,Mariposa,043,17540,1316,1282,41,1323,5
2021-11-05,Mendocino,045,87422,7606,7486,584,8070,85
2021-11-05,Merced,047,269075,42267,41958,1821,43779,604
2021-11-05,Modoc,049,8938,534,523,191,714,5
2021-11-05,Mono,051,14174,1734,1725,19,1744,4
2021-11-05,Monterey,053,433212,48009,47830,3794,51624,602
2021-11-05,Napa,055,140530,13054,12950,116,13066,103
2021-11-05,Nevada,057,99092,9300,9169,322,9491,91
2021-11-05,Orange,059,3164182,307483,306049,15548,321597,5611
2021-11-05,Placer,061,380077,37334,36967,3808,40775,438
2021-11-05,Plumas,063,18699,1805,1755,47,1802,7
2021-11-05,Riverside,065,2383286,362422,360584,17232,377816,5138
2021-11-05,Sacramento,067,1510023,159778,158766,4934,163700,2263
2021-11-05,San Benito,069,59416,7458,7429,182,7611,75
2021-11-05,San Bernardino,071,2135413,355207,353142,11732,364874,5813
2021-11-05,San Diego,073,3302833,376173,373423,21814,395237,4246
2021-11-05,San Francisco,075,870044,53014,52556,2739,55295,666
2021-11-05,San Joaquin,077,732212,99891,99372,5535,104907,1782
2021-11-05,San Luis Obispo,079,281455,29475,29335,1286,30621,350
2021-11-05,San Mateo,081,765935,53709,53442,1644,55086,574
2021-11-05,Santa Barbara,083,443738,44588,44301,1700,46001,532
2021-11-05,Santa Clara,085,1922200,147244,146519,1417,147936,1894
2021-11-05,Santa Cruz,087,273765,20463,20311,1090,21401,222
2021-11-05,Shasta,089,179085,21576,21281,3716,24997,349
2021-11-05,Sierra,091,2930,186,181,23,204,0
2021-11-05,Siskiyou,093,43540,3296,3279,1352,4631,48
2021-11-05,Solano,095,438530,45650,45465,1244,46709,350
2021-11-05,Sonoma,097,501317,41703,41398,539,41937,395
2021-11-05,Stanislaus,099,539301,79506,78902,9067,87969,1193
2021-11-05,Sutter,101,95872,13981,13908,355,14263,180
2021-11-05,Tehama,103,63373,8553,8474,1534,10008,120
2021-11-05,Trinity,105,12862,757,732,194,926,11
2021-11-05,Tulare,107,460477,68299,67767,15923,83690,1010
2021-11-05,Tuolumne,109,53932,7364,7245,100,7345,90
2021-11-05,Ventura,111,848112,98149,97770,4451,102221,1180
2021-11-05,Yolo,113,214977,19930,19827,1197,21024,255
2021-11-05,Yuba,115,75493,10165,10107,346,10453,83
2021-11-04,Alameda,001,1643700,119950,119499,2980,122479,1436
2021-11-04,Alpine,003,1148,105,105,0,105,0
2021-11-04,Amador,005,37829,5599,5557,64,5621,66
2021-11-04,Butte,007,227075,20995,20796,3865,24661,288
2021-11-04,Calaveras,009,45235,4153,4105,59,4164,82
2021-11-04,Colusa,011,21464,2515,2501,656,3157,19
2021-11-04,Contra Costa,013,1133247,99634,99282,2294,101576,1025
2021-11-04,Del Norte,015,27424,3615,3607,50,3657,42
2021-11-04,El Dorado,017,186661,16071,15958,1743,17701,156
2021-11-04,Fresno,019,978130,140310,139249,12376,151625,2170
2021-11-04,Glenn,021,27897,3494,3479,1008,4487,33
2021-11-04,Humboldt,023,135768,9101,8972,612,9584,109
2021-11-04,Imperial,025,180216,33711,33471,3381,36852,766
2021-11-04,Inyo,027,18085,2401,2353,37,2390,41
2021-11-04,Kern,029,883053,127770,126848,23161,150009,1684
2021-11-04,Kings,031,150075,32238,32018,2100,34118,342
2021-11-04,Lake,033,64148,6741,6695,150,6845,106
2021-11-04,Lassen,035,31185,6861,6796,405,7201,46
2021-11-04,Los Angeles,037,10098052,1438117,1433081,57238,1490319,26533
2021-11-04,Madera,039,155013,23284,22994,2065,25059,287
2021-11-04,Marin,041,260295,17606,17520,468,17988,247
2021-11-04,Mariposa,043,17540,1309,1282,41,1323,5
2021-11-04,Mendocino,045,87422,7593,7486,578,8064,85
2021-11-04,Merced,047,269075,42217,41958,1818,43776,604
2021-11-04,Modoc,049,8938,533,523,191,714,5
2021-11-04,Mono,051,14174,1731,1725,19,1744,4
2021-11-04,Monterey,053,433212,47974,47830,3771,51601,602
2021-11-04,Napa,055,140530,13035,12950,116,13066,103
2021-11-04,Nevada,057,99092,9273,9169,321,9490,91
2021-11-04,Orange,059,3164182,307266,306049,15530,321579,5611
2021-11-04,Placer,061,380077,37270,36967,3800,40767,438
2021-11-04,Plumas,063,18699,1798,1755,43,1798,7
2021-11-04,Riverside,065,2383286,362094,360584,17225,377809,5138
2021-11-04,Sacramento,067,1510023,159552,158766,4912,163678,2263
2021-11-04,San Benito,069,59416,7452,7429,182,7611,75
2021-11-04,San Bernardino,071,2135413,354824,353142,11724,364866,5813
2021-11-04,San Diego,073,3302833,375724,373423,21792,395215,4246
2021-11-04,San Francisco,075,870044,52936,52556,2735,55291,666
2021-11-04,San Joaquin,077,732212,99782,99372,5521,104893,1782
2021-11-04,San Luis Obispo,079,281455,29447,29335,1279,30614,350
2021-11-04,San Mateo,081,765935,53658,53442,1630,55072,574
2021-11-04,Santa Barbara,083,443738,44537,44301,1700,46001,532
2021-11-04,Santa Clara,085,1922200,147104,146519,1413,147932,1894
2021-11-04,Santa Cruz,087,273765,20429,20311,1090,21401,222
2021-11-04,Shasta,089,179085,21521,21281,3710,24991,349
2021-11-04,Sierra,091,2930,184,181,23,204,0
2021-11-04,Siskiyou,093,43540,3292,3279,1345,4624,48
2021-11-04,Solano,095,438530,45610,45465,1243,46708,350
2021-11-04,Sonoma,097,501317,41647,41398,539,41937,395
2021-11-04,Stanislaus,099,539301,79376,78902,9062,87964,1193
2021-11-04,Sutter,101,95872,13971,13908,353,14261,180
2021-11-04,Tehama,103,63373,8546,8474,1530,10004,120
2021-11-04,Trinity,105,12862,756,732,194,926,11
2021-11-04,Tulare,107,460477,68193,67767,15877,83644,1010
2021-11-04,Tuolumne,109,53932,7345,7245,98,7343,90
2021-11-04,Ventura,111,848112,98058,97770,4446,102216,1180
2021-11-04,Yolo,113,214977,19906,19827,1192,21019,255
2021-11-04,Yuba,115,75493,10155,10107,343,10450,83
2021-11-03,Alameda,001,1643700,119821,119356,2977,122333,1428
2021-11-03,Alpine,003,1148,105,105,0,105,0
2021-11-03,Amador,005,37829,5593,5545,63,5608,66
2021-11-03,Butte,007,227075,20955,20769,3855,24624,284
2021-11-03,Calaveras,009,45235,4135,4087,58,4145,82
2021-11-03,Colusa,011,21464,2509,2499,656,3155,20
2021-11-03,Contra Costa,013,1133247,99539,99168,2289,101457,1025
2021-11-03,Del Norte,015,27424,3613,3600,49,3649,42
2021-11-03,El Dorado,017,186661,16049,15915,1740,17655,156
2021-11-03,Fresno,019,978130,139944,138873,12360,151233,2166
2021-11-03,Glenn,021,27897,3489,3470,1008,4478,33
2021-11-03,Humboldt,023,135768,9083,8949,606,9555,109
2021-11-03,Imperial,025,180216,33648,33402,3373,36775,766
2021-11-03,Inyo,027,18085,2382,2344,37,2381,41
2021-11-03,Kern,029,883053,127541,126523,23066,149589,1681
2021-11-03,Kings,031,150075,32190,31923,2091,34014,341
2021-11-03,Lake,033,64148,6733,6685,149,6834,106
2021-11-03,Lassen,035,31185,6853,6782,401,7183,46
2021-11-03,Los Angeles,037,10098052,1436808,1431209,57160,1488369,26517
2021-11-03,Madera,039,155013,23224,22893,2055,24948,287
2021-11-03,Marin,041,260295,17585,17491,466,17957,247
2021-11-03,Mariposa,043,17540,1300,1276,41,1317,5
2021-11-03,Mendocino,045,87422,7576,7457,570,8027,84
2021-11-03,Merced,047,269075,42151,41849,1807,43656,597
2021-11-03,Modoc,049,8938,533,521,189,710,5
2021-11-03,Mono,051,14174,1728,1719,19,1738,4
2021-11-03,Monterey,053,433212,47936,47794,3748,51542,601
2021-11-03,Napa,055,140530,13025,12937,114,13051,103
2021-11-03,Nevada,057,99092,9248,9131,321,9452,91
2021-11-03,Orange,059,3164182,306983,305661,15499,321160,5607
2021-11-03,Placer,061,380077,37206,36868,3795,40663,438
2021-11-03,Plumas,063,18699,1790,1739,42,1781,7
2021-11-03,Riverside,065,2383286,361669,360060,17220,377280,5131
2021-11-03,Sacramento,067,1510023,159344,158311,4897,163208,2259
2021-11-03,San Benito,069,59416,7444,7419,182,7601,75
2021-11-03,San Bernardino,071,2135413,354403,352225,11703,363928,5813
2021-11-03,San Diego,073,3302833,375245,372951,21764,394715,4241
2021-11-03,San Francisco,075,870044,52841,52493,2729,55222,663
2021-11-03,San Joaquin,077,732212,99670,99188,5507,104695,1776
2021-11-03,San Luis Obispo,079,281455,29411,29276,1273,30549,348
2021-11-03,San Mateo,081,765935,53598,53396,1620,55016,571
2021-11-03,Santa Barbara,083,443738,44481,44220,1697,45917,531
2021-11-03,Santa Clara,085,1922200,146939,146259,1408,147667,1897
2021-11-03,Santa Cruz,087,273765,20397,20275,1090,21365,222
2021-11-03,Shasta,089,179085,21479,21215,3703,24918,346
2021-11-03,Sierra,091,2930,183,180,23,203,0
2021-11-03,Siskiyou,093,43540,3288,3276,1343,4619,46
2021-11-03,Solano,095,438530,45586,45411,1241,46652,351
2021-11-03,Sonoma,097,501317,41576,41326,538,41864,395
2021-11-03,Stanislaus,099,539301,79250,78736,9051,87787,1193
2021-11-03,Sutter,101,95872,13958,13876,351,14227,179
2021-11-03,Tehama,103,63373,8532,8438,1530,9968,118
2021-11-03,Trinity,105,12862,755,730,194,924,11
2021-11-03,Tulare,107,460477,68081,67588,15836,83424,1007
2021-11-03,Tuolumne,109,53932,7329,7218,96,7314,90
2021-11-03,Ventura,111,848112,97952,97682,4442,102124,1178
2021-11-03,Yolo,113,214977,19890,19758,1184,20942,250
2021-11-03,Yuba,115,75493,10143,10092,343,10435,83
2021-11-02,Alameda,001,1643700,119689,119241,2970,122211,1425
2021-11-02,Alpine,003,1148,105,105,0,105,0
2021-11-02,Amador,005,37829,5588,5535,63,5598,66
2021-11-02,Butte,007,227075,20912,20744,3844,24588,282
2021-11-02,Calaveras,009,45235,4116,4075,57,4132,82
2021-11-02,Colusa,011,21464,2505,2497,655,3152,19
2021-11-02,Contra Costa,013,1133247,99442,99080,2277,101357,1025
2021-11-02,Del Norte,015,27424,3611,3596,49,3645,42
2021-11-02,El Dorado,017,186661,16027,15883,1740,17623,154
2021-11-02,Fresno,019,978130,139627,138644,12335,150979,2158
2021-11-02,Glenn,021,27897,3480,3469,1006,4475,33
2021-11-02,Humboldt,023,135768,9047,8937,601,9538,109
2021-11-02,Imperial,025,180216,33582,33371,3363,36734,766
2021-11-02,Inyo,027,18085,2376,2324,37,2361,41
2021-11-02,Kern,029,883053,127309,126311,22944,149255,1665
2021-11-02,Kings,031,150075,32136,31896,2085,33981,339
2021-11-02,Lake,033,64148,6728,6681,149,6830,106
2021-11-02,Lassen,035,31185,6843,6777,397,7174,45
2021-11-02,Los Angeles,037,10098052,1435391,1429601,57085,1486686,26496
2021-11-02,Madera,039,155013,23146,22837,2043,24880,287
2021-11-02,Marin,041,260295,17559,17482,466,17948,247
2021-11-02,Mariposa,043,17540,1291,1270,39,1309,5
2021-11-02,Mendocino,045,87422,7555,7447,558,8005,84
2021-11-02,Merced,047,269075,42087,41785,1799,43584,596
2021-11-02,Modoc,049,8938,532,520,188,708,5
2021-11-02,Mono,051,14174,1724,1718,19,1737,4
2021-11-02,Monterey,053,433212,47893,47775,3725,51500,599
2021-11-02,Napa,055,140530,13011,12930,114,13044,104
2021-11-02,Nevada,057,99092,9220,9122,320,9442,91
2021-11-02,Orange,059,3164182,306697,305369,15451,320820,5600
2021-11-02,Placer,061,380077,37135,36817,3783,40600,438
2021-11-02,Plumas,063,18699,1779,1721,42,1763,7
2021-11-02,Riverside,065,2383286,361273,359586,17195,376781,5116
2021-11-02,Sacramento,067,1510023,159101,158112,4869,162981,2250
2021-11-02,San Benito,069,59416,7428,7407,182,7589,75
2021-11-02,San Bernardino,071,2135413,353980,351832,11642,363474,5813
2021-11-02,San Diego,073,3302833,374685,372440,21732,394172,4232
2021-11-02,San Francisco,075,870044,52726,52450,2725,55175,663
2021-11-02,San Joaquin,077,732212,99539,99076,5493,104569,1772
2021-11-02,San Luis Obispo,079,281455,29379,29224,1270,30494,348
2021-11-02,San Mateo,081,765935,53538,53351,1608,54959,571
2021-11-02,Santa Barbara,083,443738,44426,44177,1693,45870,531
2021-11-02,Santa Clara,085,1922200,146759,146115,1403,147518,1896
2021-11-02,Santa Cruz,087,273765,20368,20266,1087,21353,222
2021-11-02,Shasta,089,179085,21431,21127,3691,24818,344
2021-11-02,Sierra,091,2930,183,180,22,202,0
2021-11-02,Siskiyou,093,43540,3287,3272,1340,4612,46
2021-11-02,Solano,095,438530,45552,45378,1236,46614,350
2021-11-02,Sonoma,097,501317,41505,41288,537,41825,395
2021-11-02,Stanislaus,099,539301,79105,78629,9034,87663,1193
2021-11-02,Sutter,101,95872,13937,13868,351,14219,179
2021-11-02,Tehama,103,63373,8516,8422,1528,9950,116
2021-11-02,Trinity,105,12862,755,729,194,923,11
2021-11-02,Tulare,107,460477,67968,67502,15780,83282,1002
2021-11-02,Tuolumne,109,53932,7309,7204,94,7298,90
2021-11-02,Ventura,111,848112,97842,97574,4438,102012,1178
2021-11-02,Yolo,113,214977,19859,19736,1181,20917,250
2021-11-02,Yuba,115,75493,10125,10080,341,10421,83
2021-11-01,Alameda,001,1643700,119562,119159,2968,122127,1421
2021-11-01,Alpine,003,1148,105,105,0,105,0
2021-11-01,Amador,005,37829,5584,5532,63,5595,64
2021-11-01,Butte,007,227075,20864,20710,3840,24550,281
2021-11-01,Calaveras,009,45235,4107,4059,56,4115,82
2021-11-01,Colusa,011,21464,2503,2494,652,3146,19
2021-11-01,Contra Costa,013,1133247,99324,99011,2265,101276,1025
2021-11-01,Del Norte,015,27424,3610,3594,49,3643,42
2021-11-01,El Dorado,017,186661,16005,15858,1734,17592,154
2021-11-01,Fresno,019,978130,139250,138421,12313,150734,2149
2021-11-01,Glenn,021,27897,3476,3461,1005,4466,33
2021-11-01,Humboldt,023,135768,9019,8929,597,9526,108
2021-11-01,Imperial,025,180216,33534,33342,3356,36698,766
2021-11-01,Inyo,027,18085,2364,2307,37,2344,41
2021-11-01,Kern,029,883053,127040,126092,22851,148943,1660
2021-11-01,Kings,031,150075,32086,31866,2082,33948,337
2021-11-01,Lake,033,64148,6720,6676,148,6824,106
2021-11-01,Lassen,035,31185,6829,6775,394,7169,42
2021-11-01,Los Angeles,037,10098052,1434042,1428891,56992,1485883,26483
2021-11-01,Madera,039,155013,23069,22801,2038,24839,283
2021-11-01,Marin,041,260295,17542,17460,465,17925,247
2021-11-01,Mariposa,043,17540,1285,1266,38,1304,5
2021-11-01,Mendocino,045,87422,7523,7422,541,7963,84
2021-11-01,Merced,047,269075,42002,41740,1797,43537,594
2021-11-01,Modoc,049,8938,529,520,187,707,5
2021-11-01,Mono,051,14174,1716,1714,19,1733,3
2021-11-01,Monterey,053,433212,47860,47756,3707,51463,597
2021-11-01,Napa,055,140530,12987,12916,113,13029,101
2021-11-01,Nevada,057,99092,9200,9108,319,9427,91
2021-11-01,Orange,059,3164182,306403,305192,15413,320605,5596
2021-11-01,Placer,061,380077,37055,36747,3771,40518,435
2021-11-01,Plumas,063,18699,1761,1719,40,1759,7
2021-11-01,Riverside,065,2383286,360814,359263,17177,376440,5115
2021-11-01,Sacramento,067,1510023,158835,157893,4841,162734,2239
2021-11-01,San Benito,069,59416,7418,7406,181,7587,73
2021-11-01,San Bernardino,071,2135413,353531,351620,11622,363242,5815
2021-11-01,San Diego,073,3302833,374125,372043,21711,393754,4232
2021-11-01,San Francisco,075,870044,52643,52418,2714,55132,661
2021-11-01,San Joaquin,077,732212,99390,98969,5486,104455,1772
2021-11-01,San Luis Obispo,079,281455,29338,29199,1267,30466,343
2021-11-01,San Mateo,081,765935,53474,53314,1602,54916,571
2021-11-01,Santa Barbara,083,443738,44358,44146,1689,45835,529
2021-11-01,Santa Clara,085,1922200,146574,145978,1400,147378,1907
2021-11-01,Santa Cruz,087,273765,20334,20238,1087,21325,221
2021-11-01,Shasta,089,179085,21382,21104,3684,24788,338
2021-11-01,Sierra,091,2930,183,180,22,202,0
2021-11-01,Siskiyou,093,43540,3281,3272,1336,4608,46
2021-11-01,Solano,095,438530,45505,45358,1235,46593,350
2021-11-01,Sonoma,097,501317,41435,41234,537,41771,395
2021-11-01,Stanislaus,099,539301,78979,78534,9020,87554,1193
2021-11-01,Sutter,101,95872,13913,13852,349,14201,179
2021-11-01,Tehama,103,63373,8489,8412,1525,9937,116
2021-11-01,Trinity,105,12862,753,727,194,921,11
2021-11-01,Tulare,107,460477,67837,67388,15728,83116,1002
2021-11-01,Tuolumne,109,53932,7293,7175,93,7268,90
2021-11-01,Ventura,111,848112,97770,97507,4433,101940,1178
2021-11-01,Yolo,113,214977,19839,19708,1173,20881,250
2021-11-01,Yuba,115,75493,10107,10066,338,10404,83
2021-10-31,Alameda,001,1643700,119435,119071,2965,122036,1419
2021-10-31,Alpine,003,1148,105,105,0,105,0
2021-10-31,Amador,005,37829,5572,5518,63,5581,64
2021-10-31,Butte,007,227075,20806,20689,3834,24523,281
2021-10-31,Calaveras,009,45235,4090,4052,55,4107,82
2021-10-31,Colusa,011,21464,2501,2493,651,3144,18
2021-10-31,Contra Costa,013,1133247,99202,98936,2262,101198,1025
2021-10-31,Del Norte,015,27424,3606,3591,49,3640,42
2021-10-31,El Dorado,017,186661,15963,15841,1732,17573,154
2021-10-31,Fresno,019,978130,138858,138165,12286,150451,2147
2021-10-31,Glenn,021,27897,3469,3459,1004,4463,33
2021-10-31,Humboldt,023,135768,8974,8919,590,9509,108
2021-10-31,Imperial,025,180216,33465,33334,3346,36680,766
2021-10-31,Inyo,027,18085,2345,2309,37,2346,41
2021-10-31,Kern,029,883053,126707,125917,22730,148647,1666
2021-10-31,Kings,031,150075,32002,31814,2069,33883,338
2021-10-31,Lake,033,64148,6711,6665,148,6813,106
2021-10-31,Lassen,035,31185,6815,6768,391,7159,42
2021-10-31,Los Angeles,037,10098052,1432529,1427933,56903,1484836,26474
2021-10-31,Madera,039,155013,22993,22744,2029,24773,283
2021-10-31,Marin,041,260295,17514,17443,464,17907,247
2021-10-31,Mariposa,043,17540,1281,1257,38,1295,5
2021-10-31,Mendocino,045,87422,7483,7403,524,7927,84
2021-10-31,Merced,047,269075,41913,41699,1776,43475,589
2021-10-31,Modoc,049,8938,526,517,187,704,5
2021-10-31,Mono,051,14174,1711,1711,19,1730,3
2021-10-31,Monterey,053,433212,47826,47744,3683,51427,596
2021-10-31,Napa,055,140530,12970,12906,111,13017,101
2021-10-31,Nevada,057,99092,9163,9084,314,9398,91
2021-10-31,Orange,059,3164182,306089,305032,15339,320371,5596
2021-10-31,Placer,061,380077,36962,36698,3757,40455,435
2021-10-31,Plumas,063,18699,1746,1716,39,1755,7
2021-10-31,Riverside,065,2383286,360271,359005,17166,376171,5104
2021-10-31,Sacramento,067,1510023,158500,157667,4824,162491,2243
2021-10-31,San Benito,069,59416,7408,7397,177,7574,73
2021-10-31,San Bernardino,071,2135413,353017,351411,11608,363019,5810
2021-10-31,San Diego,073,3302833,373590,371603,21680,393283,4218
2021-10-31,San Francisco,075,870044,52540,52370,2706,55076,661
2021-10-31,San Joaquin,077,732212,99236,98893,5473,104366,1772
2021-10-31,San Luis Obispo,079,281455,29287,29176,1266,30442,343
2021-10-31,San Mateo,081,765935,53427,53284,1594,54878,571
2021-10-31,Santa Barbara,083,443738,44291,44113,1683,45796,529
2021-10-31,Santa Clara,085,1922200,146369,145829,1386,147215,1908
2021-10-31,Santa Cruz,087,273765,20302,20218,1085,21303,221
2021-10-31,Shasta,089,179085,21300,21086,3673,24759,338
2021-10-31,Sierra,091,2930,183,180,22,202,0
2021-10-31,Siskiyou,093,43540,3279,3271,1335,4606,46
2021-10-31,Solano,095,438530,45460,45310,1230,46540,350
2021-10-31,Sonoma,097,501317,41366,41183,534,41717,395
2021-10-31,Stanislaus,099,539301,78792,78426,9005,87431,1193
2021-10-31,Sutter,101,95872,13894,13838,346,14184,179
2021-10-31,Tehama,103,63373,8456,8391,1521,9912,116
2021-10-31,Trinity,105,12862,753,724,194,918,11
2021-10-31,Tulare,107,460477,67650,67310,15635,82945,1002
2021-10-31,Tuolumne,109,53932,7266,7141,92,7233,90
2021-10-31,Ventura,111,848112,97661,97460,4427,101887,1178
2021-10-31,Yolo,113,214977,19799,19662,1166,20828,250
2021-10-31,Yuba,115,75493,10090,10051,328,10379,83
2021-10-30,Alameda,001,1643700,119381,118632,2962,121594,1419
2021-10-30,Alpine,003,1148,105,105,0,105,0
2021-10-30,Amador,005,37829,5563,5480,63,5543,64
2021-10-30,Butte,007,227075,20793,20516,3828,24344,277
2021-10-30,Calaveras,009,45235,4083,3992,55,4047,82
2021-10-30,Colusa,011,21464,2501,2484,650,3134,19
2021-10-30,Contra Costa,013,1133247,99141,98562,2261,100823,1024
2021-10-30,Del Norte,015,27424,3603,3574,49,3623,42
2021-10-30,El Dorado,017,186661,15949,15752,1728,17480,154
2021-10-30,Fresno,019,978130,138754,136901,12281,149182,2131
2021-10-30,Glenn,021,27897,3466,3442,1004,4446,33
2021-10-30,Humboldt,023,135768,8959,8871,588,9459,105
2021-10-30,Imperial,025,180216,33423,33156,3344,36500,766
2021-10-30,Inyo,027,18085,2342,2249,37,2286,41
2021-10-30,Kern,029,883053,126574,124892,22659,147551,1653
2021-10-30,Kings,031,150075,31965,31578,2065,33643,337
2021-10-30,Lake,033,64148,6707,6610,148,6758,106
2021-10-30,Lassen,035,31185,6811,6719,389,7108,42
2021-10-30,Los Angeles,037,10098052,1431849,1424257,56850,1481107,26625
2021-10-30,Madera,039,155013,22958,22524,2022,24546,283
2021-10-30,Marin,041,260295,17499,17380,462,17842,247
2021-10-30,Mariposa,043,17540,1278,1228,38,1266,5
2021-10-30,Mendocino,045,87422,7462,7338,522,7860,84
2021-10-30,Merced,047,269075,41873,41428,1774,43202,586
2021-10-30,Modoc,049,8938,526,513,186,699,5
2021-10-30,Mono,051,14174,1711,1684,19,1703,3
2021-10-30,Monterey,053,433212,47814,47649,3671,51320,588
2021-10-30,Napa,055,140530,12957,12863,110,12973,101
2021-10-30,Nevada,057,99092,9144,9015,314,9329,91
2021-10-30,Orange,059,3164182,305929,304120,15324,319444,5588
2021-10-30,Placer,061,380077,36920,36400,3751,40151,434
2021-10-30,Plumas,063,18699,1741,1695,39,1734,7
2021-10-30,Riverside,065,2383286,360001,357645,17157,374802,5088
2021-10-30,Sacramento,067,1510023,158348,157125,4812,161937,2233
2021-10-30,San Benito,069,59416,7401,7362,177,7539,71
2021-10-30,San Bernardino,071,2135413,352767,350076,11594,361670,5777
2021-10-30,San Diego,073,3302833,373244,370006,21657,391663,4213
2021-10-30,San Francisco,075,870044,52511,52161,2704,54865,661
2021-10-30,San Joaquin,077,732212,99182,98314,5473,103787,1768
2021-10-30,San Luis Obispo,079,281455,29265,29053,1263,30316,341
2021-10-30,San Mateo,081,765935,53392,53083,1589,54672,571
2021-10-30,Santa Barbara,083,443738,44256,43972,1682,45654,528
2021-10-30,Santa Clara,085,1922200,146267,145262,1382,146644,1903
2021-10-30,Santa Cruz,087,273765,20284,20134,1083,21217,221
2021-10-30,Shasta,089,179085,21262,20878,3668,24546,332
2021-10-30,Sierra,091,2930,183,175,22,197,0
2021-10-30,Siskiyou,093,43540,3278,3257,1332,4589,46
2021-10-30,Solano,095,438530,45440,45146,1230,46376,346
2021-10-30,Sonoma,097,501317,41330,40924,534,41458,393
2021-10-30,Stanislaus,099,539301,78728,77871,8998,86869,1191
2021-10-30,Sutter,101,95872,13882,13773,346,14119,178
2021-10-30,Tehama,103,63373,8448,8307,1516,9823,114
2021-10-30,Trinity,105,12862,752,708,193,901,11
2021-10-30,Tulare,107,460477,67592,66745,15585,82330,995
2021-10-30,Tuolumne,109,53932,7242,7050,91,7141,90
2021-10-30,Ventura,111,848112,97618,97182,4426,101608,1174
2021-10-30,Yolo,113,214977,19783,19568,1163,20731,250
2021-10-30,Yuba,115,75493,10080,9969,328,10297,82
2021-10-29,Alameda,001,1643700,119306,118632,2957,121589,1419
2021-10-29,Alpine,003,1148,105,105,0,105,0
2021-10-29,Amador,005,37829,5553,5480,63,5543,64
2021-10-29,Butte,007,227075,20772,20516,3820,24336,277
2021-10-29,Calaveras,009,45235,4076,3992,55,4047,82
2021-10-29,Colusa,011,21464,2501,2484,648,3132,19
2021-10-29,Contra Costa,013,1133247,99074,98562,2260,100822,1024
2021-10-29,Del Norte,015,27424,3596,3574,49,3623,42
2021-10-29,El Dorado,017,186661,15935,15752,1728,17480,154
2021-10-29,Fresno,019,978130,138562,136901,12270,149171,2131
2021-10-29,Glenn,021,27897,3464,3442,1003,4445,33
2021-10-29,Humboldt,023,135768,8953,8871,587,9458,105
2021-10-29,Imperial,025,180216,33396,33156,3341,36497,766
2021-10-29,Inyo,027,18085,2339,2249,37,2286,41
2021-10-29,Kern,029,883053,126427,124892,22563,147455,1653
2021-10-29,Kings,031,150075,31929,31578,2063,33641,337
2021-10-29,Lake,033,64148,6700,6610,146,6756,106
2021-10-29,Lassen,035,31185,6807,6719,384,7103,42
2021-10-29,Los Angeles,037,10098052,1431054,1424257,56802,1481059,26625
2021-10-29,Madera,039,155013,22916,22524,2019,24543,283
2021-10-29,Marin,041,260295,17482,17380,461,17841,247
2021-10-29,Mariposa,043,17540,1274,1228,38,1266,5
2021-10-29,Mendocino,045,87422,7454,7338,522,7860,84
2021-10-29,Merced,047,269075,41828,41428,1769,43197,586
2021-10-29,Modoc,049,8938,526,513,185,698,5
2021-10-29,Mono,051,14174,1707,1684,19,1703,3
2021-10-29,Monterey,053,433212,47798,47649,3663,51312,588
2021-10-29,Napa,055,140530,12937,12863,109,12972,101
2021-10-29,Nevada,057,99092,9133,9015,314,9329,91
2021-10-29,Orange,059,3164182,305726,304120,15310,319430,5588
2021-10-29,Placer,061,380077,36884,36400,3740,40140,434
2021-10-29,Plumas,063,18699,1736,1695,39,1734,7
2021-10-29,Riverside,065,2383286,359680,357645,17153,374798,5088
2021-10-29,Sacramento,067,1510023,158167,157125,4801,161926,2233
2021-10-29,San Benito,069,59416,7398,7362,177,7539,71
2021-10-29,San Bernardino,071,2135413,352498,350076,11584,361660,5777
2021-10-29,San Diego,073,3302833,372875,370006,21626,391632,4213
2021-10-29,San Francisco,075,870044,52453,52161,2697,54858,661
2021-10-29,San Joaquin,077,732212,99126,98314,5468,103782,1768
2021-10-29,San Luis Obispo,079,281455,29241,29053,1261,30314,341
2021-10-29,San Mateo,081,765935,53357,53083,1583,54666,571
2021-10-29,Santa Barbara,083,443738,44218,43972,1679,45651,528
2021-10-29,Santa Clara,085,1922200,146153,145262,1374,146636,1903
2021-10-29,Santa Cruz,087,273765,20278,20134,1082,21216,221
2021-10-29,Shasta,089,179085,21234,20878,3662,24540,332
2021-10-29,Sierra,091,2930,181,175,22,197,0
2021-10-29,Siskiyou,093,43540,3277,3257,1331,4588,46
2021-10-29,Solano,095,438530,45405,45146,1229,46375,346
2021-10-29,Sonoma,097,501317,41311,40924,534,41458,393
2021-10-29,Stanislaus,099,539301,78647,77871,8989,86860,1191
2021-10-29,Sutter,101,95872,13864,13773,346,14119,178
2021-10-29,Tehama,103,63373,8435,8307,1515,9822,114
2021-10-29,Trinity,105,12862,751,708,193,901,11
2021-10-29,Tulare,107,460477,67503,66745,15538,82283,995
2021-10-29,Tuolumne,109,53932,7229,7050,91,7141,90
2021-10-29,Ventura,111,848112,97566,97182,4424,101606,1174
2021-10-29,Yolo,113,214977,19765,19568,1160,20728,250
2021-10-29,Yuba,115,75493,10072,9969,324,10293,82
2021-10-28,Alameda,001,1643700,119187,118632,2950,121582,1419
2021-10-28,Alpine,003,1148,105,105,0,105,0
2021-10-28,Amador,005,37829,5540,5480,63,5543,64
2021-10-28,Butte,007,227075,20734,20516,3814,24330,277
2021-10-28,Calaveras,009,45235,4063,3992,55,4047,82
2021-10-28,Colusa,011,21464,2498,2484,647,3131,19
2021-10-28,Contra Costa,013,1133247,98946,98562,2253,100815,1024
2021-10-28,Del Norte,015,27424,3595,3574,49,3623,42
2021-10-28,El Dorado,017,186661,15912,15752,1724,17476,154
2021-10-28,Fresno,019,978130,138252,136901,12236,149137,2131
2021-10-28,Glenn,021,27897,3460,3442,1002,4444,33
2021-10-28,Humboldt,023,135768,8939,8871,581,9452,105
2021-10-28,Imperial,025,180216,33337,33156,3335,36491,766
2021-10-28,Inyo,027,18085,2322,2249,37,2286,41
2021-10-28,Kern,029,883053,126215,124892,22447,147339,1653
2021-10-28,Kings,031,150075,31863,31578,2057,33635,337
2021-10-28,Lake,033,64148,6692,6610,146,6756,106
2021-10-28,Lassen,035,31185,6801,6719,379,7098,42
2021-10-28,Los Angeles,037,10098052,1429963,1424257,56726,1480983,26625
2021-10-28,Madera,039,155013,22867,22524,2009,24533,283
2021-10-28,Marin,041,260295,17464,17380,460,17840,247
2021-10-28,Mariposa,043,17540,1269,1228,38,1266,5
2021-10-28,Mendocino,045,87422,7441,7338,511,7849,84
2021-10-28,Merced,047,269075,41750,41428,1757,43185,586
2021-10-28,Modoc,049,8938,526,513,185,698,5
2021-10-28,Mono,051,14174,1705,1684,19,1703,3
2021-10-28,Monterey,053,433212,47776,47649,3638,51287,588
2021-10-28,Napa,055,140530,12928,12863,108,12971,101
2021-10-28,Nevada,057,99092,9116,9015,314,9329,91
2021-10-28,Orange,059,3164182,305462,304120,15249,319369,5588
2021-10-28,Placer,061,380077,36811,36400,3731,40131,434
2021-10-28,Plumas,063,18699,1728,1695,39,1734,7
2021-10-28,Riverside,065,2383286,359286,357645,17127,374772,5088
2021-10-28,Sacramento,067,1510023,157905,157125,4787,161912,2233
2021-10-28,San Benito,069,59416,7391,7362,177,7539,71
2021-10-28,San Bernardino,071,2135413,352121,350076,11561,361637,5777
2021-10-28,San Diego,073,3302833,372421,370006,21606,391612,4213
2021-10-28,San Francisco,075,870044,52407,52161,2690,54851,661
2021-10-28,San Joaquin,077,732212,99003,98314,5467,103781,1768
2021-10-28,San Luis Obispo,079,281455,29212,29053,1258,30311,341
2021-10-28,San Mateo,081,765935,53318,53083,1577,54660,571
2021-10-28,Santa Barbara,083,443738,44180,43972,1677,45649,528
2021-10-28,Santa Clara,085,1922200,146000,145262,1368,146630,1903
2021-10-28,Santa Cruz,087,273765,20255,20134,1082,21216,221
2021-10-28,Shasta,089,179085,21176,20878,3654,24532,332
2021-10-28,Sierra,091,2930,180,175,22,197,0
2021-10-28,Siskiyou,093,43540,3276,3257,1331,4588,46
2021-10-28,Solano,095,438530,45365,45146,1228,46374,346
2021-10-28,Sonoma,097,501317,41248,40924,533,41457,393
2021-10-28,Stanislaus,099,539301,78501,77871,8974,86845,1191
2021-10-28,Sutter,101,95872,13851,13773,342,14115,178
2021-10-28,Tehama,103,63373,8397,8307,1512,9819,114
2021-10-28,Trinity,105,12862,748,708,193,901,11
2021-10-28,Tulare,107,460477,67379,66745,15480,82225,995
2021-10-28,Tuolumne,109,53932,7199,7050,91,7141,90
2021-10-28,Ventura,111,848112,97477,97182,4422,101604,1174
2021-10-28,Yolo,113,214977,19727,19568,1156,20724,250
2021-10-28,Yuba,115,75493,10044,9969,321,10290,82
2021-10-27,Alameda,001,1643700,119071,118487,2945,121432,1414
2021-10-27,Alpine,003,1148,105,105,0,105,0
2021-10-27,Amador,005,37829,5527,5470,62,5532,64
2021-10-27,Butte,007,227075,20690,20446,3802,24248,274
2021-10-27,Calaveras,009,45235,4046,3970,54,4024,82
2021-10-27,Colusa,011,21464,2497,2480,646,3126,18
2021-10-27,Contra Costa,013,1133247,98841,98442,2240,100682,1018
2021-10-27,Del Norte,015,27424,3589,3571,48,3619,42
2021-10-27,El Dorado,017,186661,15881,15723,1723,17446,154
2021-10-27,Fresno,019,978130,137857,136447,12205,148652,2128
2021-10-27,Glenn,021,27897,3455,3435,1001,4436,33
2021-10-27,Humboldt,023,135768,8925,8851,575,9426,105
2021-10-27,Imperial,025,180216,33299,33068,3332,36400,766
2021-10-27,Inyo,027,18085,2302,2236,37,2273,41
2021-10-27,Kern,029,883053,125982,124557,22338,146895,1647
2021-10-27,Kings,031,150075,31800,31437,2052,33489,335
2021-10-27,Lake,033,64148,6672,6589,146,6735,105
2021-10-27,Lassen,035,31185,6791,6706,377,7083,42
2021-10-27,Los Angeles,037,10098052,1428786,1422615,56662,1479277,26604
2021-10-27,Madera,039,155013,22793,22413,1987,24400,283
2021-10-27,Marin,041,260295,17450,17362,460,17822,247
2021-10-27,Mariposa,043,17540,1257,1228,38,1266,5
2021-10-27,Mendocino,045,87422,7429,7321,504,7825,84
2021-10-27,Merced,047,269075,41649,41310,1742,43052,583
2021-10-27,Modoc,049,8938,523,513,185,698,5
2021-10-27,Mono,051,14174,1703,1682,19,1701,3
2021-10-27,Monterey,053,433212,47744,47610,3612,51222,588
2021-10-27,Napa,055,140530,12915,12856,107,12963,101
2021-10-27,Nevada,057,99092,9100,8987,313,9300,90
2021-10-27,Orange,059,3164182,305162,303825,15204,319029,5584
2021-10-27,Placer,061,380077,36743,36296,3724,40020,434
2021-10-27,Plumas,063,18699,1720,1686,39,1725,7
2021-10-27,Riverside,065,2383286,358890,357152,17118,374270,5081
2021-10-27,Sacramento,067,1510023,157641,156830,4766,161596,2230
2021-10-27,San Benito,069,59416,7385,7337,177,7514,71
2021-10-27,San Bernardino,071,2135413,351718,349624,11540,361164,5770
2021-10-27,San Diego,073,3302833,371874,369579,21582,391161,4207
2021-10-27,San Francisco,075,870044,52357,52108,2685,54793,655
2021-10-27,San Joaquin,077,732212,98846,98168,5452,103620,1753
2021-10-27,San Luis Obispo,079,281455,29177,29002,1255,30257,341
2021-10-27,San Mateo,081,765935,53267,53032,1565,54597,571
2021-10-27,Santa Barbara,083,443738,44128,43901,1674,45575,527
2021-10-27,Santa Clara,085,1922200,145837,145081,1362,146443,1902
2021-10-27,Santa Cruz,087,273765,20228,20091,1081,21172,221
2021-10-27,Shasta,089,179085,21110,20813,3645,24458,331
2021-10-27,Sierra,091,2930,179,176,22,198,0
2021-10-27,Siskiyou,093,43540,3274,3256,1326,4582,46
2021-10-27,Solano,095,438530,45322,45089,1220,46309,346
2021-10-27,Sonoma,097,501317,41176,40829,532,41361,393
2021-10-27,Stanislaus,099,539301,78351,77687,8959,86646,1191
2021-10-27,Sutter,101,95872,13838,13754,342,14096,177
2021-10-27,Tehama,103,63373,8377,8265,1511,9776,113
2021-10-27,Trinity,105,12862,748,706,192,898,11
2021-10-27,Tulare,107,460477,67238,66568,15418,81986,991
2021-10-27,Tuolumne,109,53932,7173,7009,90,7099,90
2021-10-27,Ventura,111,848112,97388,97108,4417,101525,1172
2021-10-27,Yolo,113,214977,19699,19517,1149,20666,250
2021-10-27,Yuba,115,75493,10024,9945,319,10264,82
2021-10-26,Alameda,001,1643700,118935,118360,2940,121300,1407
2021-10-26,Alpine,003,1148,105,105,0,105,0
2021-10-26,Amador,005,37829,5519,5465,61,5526,64
2021-10-26,Butte,007,227075,20635,20387,3790,24177,274
2021-10-26,Calaveras,009,45235,4035,3966,54,4020,81
2021-10-26,Colusa,011,21464,2495,2478,645,3123,18
2021-10-26,Contra Costa,013,1133247,98724,98352,2228,100580,1017
2021-10-26,Del Norte,015,27424,3584,3563,48,3611,42
2021-10-26,El Dorado,017,186661,15856,15690,1718,17408,153
2021-10-26,Fresno,019,978130,137413,136211,12168,148379,2122
2021-10-26,Glenn,021,27897,3443,3431,999,4430,33
2021-10-26,Humboldt,023,135768,8908,8830,569,9399,105
2021-10-26,Imperial,025,180216,33242,33012,3327,36339,766
2021-10-26,Inyo,027,18085,2287,2200,37,2237,41
2021-10-26,Kern,029,883053,125657,124351,22227,146578,1645
2021-10-26,Kings,031,150075,31738,31382,2045,33427,336
2021-10-26,Lake,033,64148,6660,6584,144,6728,105
2021-10-26,Lassen,035,31185,6773,6689,375,7064,42
2021-10-26,Los Angeles,037,10098052,1427461,1421795,56587,1478382,26599
2021-10-26,Madera,039,155013,22701,22363,1976,24339,283
2021-10-26,Marin,041,260295,17433,17354,459,17813,244
2021-10-26,Mariposa,043,17540,1251,1225,37,1262,5
2021-10-26,Mendocino,045,87422,7401,7308,487,7795,83
2021-10-26,Merced,047,269075,41566,41267,1734,43001,583
2021-10-26,Modoc,049,8938,523,513,185,698,5
2021-10-26,Mono,051,14174,1695,1680,19,1699,3
2021-10-26,Monterey,053,433212,47711,47572,3598,51170,588
2021-10-26,Napa,055,140530,12903,12849,107,12956,101
2021-10-26,Nevada,057,99092,9068,8971,312,9283,90
2021-10-26,Orange,059,3164182,304902,303533,15170,318703,5580
2021-10-26,Placer,061,380077,36649,36245,3718,39963,434
2021-10-26,Plumas,063,18699,1711,1645,39,1684,7
2021-10-26,Riverside,065,2383286,358413,356775,17108,373883,5068
2021-10-26,Sacramento,067,1510023,157351,156643,4743,161386,2228
2021-10-26,San Benito,069,59416,7362,7325,177,7502,71
2021-10-26,San Bernardino,071,2135413,351306,349346,11524,360870,5764
2021-10-26,San Diego,073,3302833,371366,369043,21551,390594,4198
2021-10-26,San Francisco,075,870044,52282,52063,2682,54745,655
2021-10-26,San Joaquin,077,732212,98674,98036,5437,103473,1748
2021-10-26,San Luis Obispo,079,281455,29141,28928,1249,30177,337
2021-10-26,San Mateo,081,765935,53202,52974,1555,54529,571
2021-10-26,Santa Barbara,083,443738,44083,43835,1673,45508,525
2021-10-26,Santa Clara,085,1922200,145647,144932,1356,146288,1903
2021-10-26,Santa Cruz,087,273765,20196,20067,1080,21147,221
2021-10-26,Shasta,089,179085,21057,20725,3628,24353,330
2021-10-26,Sierra,091,2930,179,169,22,191,0
2021-10-26,Siskiyou,093,43540,3268,3254,1324,4578,46
2021-10-26,Solano,095,438530,45264,45044,1220,46264,344
2021-10-26,Sonoma,097,501317,41095,40794,530,41324,393
2021-10-26,Stanislaus,099,539301,78179,77552,8934,86486,1157
2021-10-26,Sutter,101,95872,13808,13739,341,14080,176
2021-10-26,Tehama,103,63373,8351,8247,1503,9750,112
2021-10-26,Trinity,105,12862,744,705,192,897,11
2021-10-26,Tulare,107,460477,67088,66476,15356,81832,991
2021-10-26,Tuolumne,109,53932,7148,6995,88,7083,90
2021-10-26,Ventura,111,848112,97281,97014,4412,101426,1170
2021-10-26,Yolo,113,214977,19673,19490,1147,20637,248
2021-10-26,Yuba,115,75493,10006,9927,314,10241,82
2021-10-25,Alameda,001,1643700,118792,118319,2937,121256,1404
2021-10-25,Alpine,003,1148,105,105,0,105,0
2021-10-25,Amador,005,37829,5505,5455,61,5516,64
2021-10-25,Butte,007,227075,20560,20331,3785,24116,273
2021-10-25,Calaveras,009,45235,4006,3942,53,3995,82
2021-10-25,Colusa,011,21464,2493,2471,643,3114,18
2021-10-25,Contra Costa,013,1133247,98612,98267,2223,100490,1017
2021-10-25,Del Norte,015,27424,3577,3562,48,3610,42
2021-10-25,El Dorado,017,186661,15823,15663,1717,17380,149
2021-10-25,Fresno,019,978130,136958,135974,12127,148101,2112
2021-10-25,Glenn,021,27897,3438,3421,998,4419,33
2021-10-25,Humboldt,023,135768,8885,8825,564,9389,105
2021-10-25,Imperial,025,180216,33183,32968,3316,36284,766
2021-10-25,Inyo,027,18085,2269,2183,37,2220,41
2021-10-25,Kern,029,883053,125316,124078,22088,146166,1649
2021-10-25,Kings,031,150075,31654,31329,2036,33365,335
2021-10-25,Lake,033,64148,6646,6571,144,6715,105
2021-10-25,Lassen,035,31185,6764,6688,373,7061,42
2021-10-25,Los Angeles,037,10098052,1426119,1421061,56520,1477581,26579
2021-10-25,Madera,039,155013,22648,22325,1967,24292,281
2021-10-25,Marin,041,260295,17411,17334,457,17791,244
2021-10-25,Mariposa,043,17540,1237,1220,36,1256,5
2021-10-25,Mendocino,045,87422,7371,7296,483,7779,82
2021-10-25,Merced,047,269075,41500,41207,1705,42912,583
2021-10-25,Modoc,049,8938,521,512,183,695,5
2021-10-25,Mono,051,14174,1679,1677,19,1696,3
2021-10-25,Monterey,053,433212,47684,47547,3594,51141,587
2021-10-25,Napa,055,140530,12890,12841,107,12948,100
2021-10-25,Nevada,057,99092,9044,8958,312,9270,90
2021-10-25,Orange,059,3164182,304617,303279,15135,318414,5574
2021-10-25,Placer,061,380077,36543,36153,3707,39860,431
2021-10-25,Plumas,063,18699,1700,1641,39,1680,7
2021-10-25,Riverside,065,2383286,357986,356381,17094,373475,5056
2021-10-25,Sacramento,067,1510023,157052,156516,4714,161230,2235
2021-10-25,San Benito,069,59416,7348,7314,176,7490,71
2021-10-25,San Bernardino,071,2135413,350815,349075,11512,360587,5748
2021-10-25,San Diego,073,3302833,370799,368386,21521,389907,4196
2021-10-25,San Francisco,075,870044,52210,52041,2673,54714,649
2021-10-25,San Joaquin,077,732212,98475,97980,5425,103405,1740
2021-10-25,San Luis Obispo,079,281455,29093,28907,1244,30151,336
2021-10-25,San Mateo,081,765935,53150,52927,1543,54470,571
2021-10-25,Santa Barbara,083,443738,44025,43775,1673,45448,525
2021-10-25,Santa Clara,085,1922200,145459,144895,1352,146247,1901
2021-10-25,Santa Cruz,087,273765,20166,20053,1079,21132,221
2021-10-25,Shasta,089,179085,20992,20666,3621,24287,326
2021-10-25,Sierra,091,2930,179,168,22,190,0
2021-10-25,Siskiyou,093,43540,3265,3248,1317,4565,46
2021-10-25,Solano,095,438530,45212,45022,1218,46240,344
2021-10-25,Sonoma,097,501317,41025,40746,528,41274,393
2021-10-25,Stanislaus,099,539301,77994,77452,8903,86355,1145
2021-10-25,Sutter,101,95872,13795,13721,338,14059,176
2021-10-25,Tehama,103,63373,8323,8224,1498,9722,111
2021-10-25,Trinity,105,12862,739,699,191,890,11
2021-10-25,Tulare,107,460477,66898,66357,15294,81651,986
2021-10-25,Tuolumne,109,53932,7114,6952,87,7039,90
2021-10-25,Ventura,111,848112,97187,96932,4408,101340,1167
2021-10-25,Yolo,113,214977,19625,19457,1144,20601,248
2021-10-25,Yuba,115,75493,9990,9924,311,10235,82
2021-10-24,Alameda,001,1643700,118663,117816,2932,120748,1397
2021-10-24,Alpine,003,1148,105,105,0,105,0
2021-10-24,Amador,005,37829,5500,5412,61,5473,64
2021-10-24,Butte,007,227075,20492,20101,3776,23877,273
2021-10-24,Calaveras,009,45235,3987,3865,52,3917,81
2021-10-24,Colusa,011,21464,2489,2458,640,3098,18
2021-10-24,Contra Costa,013,1133247,98498,97855,2214,100069,1008
2021-10-24,Del Norte,015,27424,3573,3540,48,3588,42
2021-10-24,El Dorado,017,186661,15788,15540,1712,17252,149
2021-10-24,Fresno,019,978130,136524,134466,12093,146559,2094
2021-10-24,Glenn,021,27897,3426,3399,997,4396,33
2021-10-24,Humboldt,023,135768,8868,8753,558,9311,105
2021-10-24,Imperial,025,180216,33113,32777,3308,36085,766
2021-10-24,Inyo,027,18085,2237,2108,37,2145,41
2021-10-24,Kern,029,883053,124993,122939,21970,144909,1636
2021-10-24,Kings,031,150075,31525,30942,2019,32961,325
2021-10-24,Lake,033,64148,6623,6501,144,6645,105
2021-10-24,Lassen,035,31185,6748,6632,372,7004,27
2021-10-24,Los Angeles,037,10098052,1424707,1415919,56450,1472369,26527
2021-10-24,Madera,039,155013,22575,22062,1955,24017,281
2021-10-24,Marin,041,260295,17395,17264,456,17720,244
2021-10-24,Mariposa,043,17540,1234,1184,36,1220,5
2021-10-24,Mendocino,045,87422,7347,7220,472,7692,82
2021-10-24,Merced,047,269075,41373,40808,1699,42507,581
2021-10-24,Modoc,049,8938,520,507,183,690,5
2021-10-24,Mono,051,14174,1677,1655,19,1674,3
2021-10-24,Monterey,053,433212,47643,47456,3576,51032,586
2021-10-24,Napa,055,140530,12879,12789,107,12896,100
2021-10-24,Nevada,057,99092,9019,8861,309,9170,90
2021-10-24,Orange,059,3164182,304281,302237,15103,317340,5546
2021-10-24,Placer,061,380077,36441,35822,3694,39516,426
2021-10-24,Plumas,063,18699,1690,1623,38,1661,7
2021-10-24,Riverside,065,2383286,357514,354688,17074,371762,5041
2021-10-24,Sacramento,067,1510023,156708,155125,4690,159815,2232
2021-10-24,San Benito,069,59416,7328,7280,176,7456,71
2021-10-24,San Bernardino,071,2135413,350274,347681,11500,359181,5688
2021-10-24,San Diego,073,3302833,370202,366085,21490,387575,4183
2021-10-24,San Francisco,075,870044,52149,51820,2666,54486,649
2021-10-24,San Joaquin,077,732212,98301,97440,5420,102860,1721
2021-10-24,San Luis Obispo,079,281455,29035,28755,1237,29992,333
2021-10-24,San Mateo,081,765935,53083,52719,1537,54256,571
2021-10-24,Santa Barbara,083,443738,43961,43552,1671,45223,523
2021-10-24,Santa Clara,085,1922200,145275,144276,1342,145618,1897
2021-10-24,Santa Cruz,087,273765,20129,19967,1078,21045,221
2021-10-24,Shasta,089,179085,20891,20386,3615,24001,321
2021-10-24,Sierra,091,2930,179,168,22,190,0
2021-10-24,Siskiyou,093,43540,3259,3231,1312,4543,46
2021-10-24,Solano,095,438530,45163,44861,1216,46077,341
2021-10-24,Sonoma,097,501317,40944,40476,528,41004,393
2021-10-24,Stanislaus,099,539301,77805,76812,8894,85706,1145
2021-10-24,Sutter,101,95872,13769,13616,335,13951,175
2021-10-24,Tehama,103,63373,8269,8105,1487,9592,110
2021-10-24,Trinity,105,12862,735,696,188,884,11
2021-10-24,Tulare,107,460477,66728,65585,15220,80805,978
2021-10-24,Tuolumne,109,53932,7074,6840,85,6925,90
2021-10-24,Ventura,111,848112,97086,96664,4406,101070,1167
2021-10-24,Yolo,113,214977,19572,19280,1141,20421,248
2021-10-24,Yuba,115,75493,9965,9838,309,10147,82
2021-10-23,Alameda,001,1643700,118576,117816,2928,120744,1397
2021-10-23,Alpine,003,1148,105,105,0,105,0
2021-10-23,Amador,005,37829,5493,5412,61,5473,64
2021-10-23,Butte,007,227075,20459,20101,3772,23873,273
2021-10-23,Calaveras,009,45235,3980,3865,51,3916,81
2021-10-23,Colusa,011,21464,2487,2458,640,3098,18
2021-10-23,Contra Costa,013,1133247,98448,97855,2211,100066,1008
2021-10-23,Del Norte,015,27424,3571,3540,48,3588,42
2021-10-23,El Dorado,017,186661,15762,15540,1710,17250,149
2021-10-23,Fresno,019,978130,136370,134466,12087,146553,2094
2021-10-23,Glenn,021,27897,3425,3399,997,4396,33
2021-10-23,Humboldt,023,135768,8852,8753,553,9306,105
2021-10-23,Imperial,025,180216,33065,32777,3304,36081,766
2021-10-23,Inyo,027,18085,2226,2108,37,2145,41
2021-10-23,Kern,029,883053,124832,122939,21882,144821,1636
2021-10-23,Kings,031,150075,31479,30942,2017,32959,325
2021-10-23,Lake,033,64148,6618,6501,144,6645,105
2021-10-23,Lassen,035,31185,6745,6632,370,7002,27
2021-10-23,Los Angeles,037,10098052,1424065,1415919,56393,1472312,26527
2021-10-23,Madera,039,155013,22526,22062,1946,24008,281
2021-10-23,Marin,041,260295,17378,17264,455,17719,244
2021-10-23,Mariposa,043,17540,1232,1184,36,1220,5
2021-10-23,Mendocino,045,87422,7342,7220,471,7691,82
2021-10-23,Merced,047,269075,41339,40808,1697,42505,581
2021-10-23,Modoc,049,8938,518,507,183,690,5
2021-10-23,Mono,051,14174,1676,1655,19,1674,3
2021-10-23,Monterey,053,433212,47627,47456,3570,51026,586
2021-10-23,Napa,055,140530,12875,12789,107,12896,100
2021-10-23,Nevada,057,99092,9008,8861,307,9168,90
2021-10-23,Orange,059,3164182,304098,302237,15088,317325,5546
2021-10-23,Placer,061,380077,36378,35822,3688,39510,426
2021-10-23,Plumas,063,18699,1689,1623,38,1661,7
2021-10-23,Riverside,065,2383286,357197,354688,17067,371755,5041
2021-10-23,Sacramento,067,1510023,156580,155125,4682,159807,2232
2021-10-23,San Benito,069,59416,7318,7280,176,7456,71
2021-10-23,San Bernardino,071,2135413,350011,347681,11493,359174,5688
2021-10-23,San Diego,073,3302833,369847,366085,21461,387546,4183
2021-10-23,San Francisco,075,870044,52116,51820,2663,54483,649
2021-10-23,San Joaquin,077,732212,98233,97440,5411,102851,1721
2021-10-23,San Luis Obispo,079,281455,28998,28755,1235,29990,333
2021-10-23,San Mateo,081,765935,53053,52719,1527,54246,571
2021-10-23,Santa Barbara,083,443738,43930,43552,1669,45221,523
2021-10-23,Santa Clara,085,1922200,145168,144276,1338,145614,1897
2021-10-23,Santa Cruz,087,273765,20117,19967,1078,21045,221
2021-10-23,Shasta,089,179085,20858,20386,3603,23989,321
2021-10-23,Sierra,091,2930,178,168,22,190,0
2021-10-23,Siskiyou,093,43540,3258,3231,1312,4543,46
2021-10-23,Solano,095,438530,45139,44861,1213,46074,341
2021-10-23,Sonoma,097,501317,40904,40476,528,41004,393
2021-10-23,Stanislaus,099,539301,77716,76812,8875,85687,1145
2021-10-23,Sutter,101,95872,13764,13616,334,13950,175
2021-10-23,Tehama,103,63373,8258,8105,1486,9591,110
2021-10-23,Trinity,105,12862,734,696,188,884,11
2021-10-23,Tulare,107,460477,66644,65585,15159,80744,978
2021-10-23,Tuolumne,109,53932,7054,6840,85,6925,90
2021-10-23,Ventura,111,848112,97028,96664,4405,101069,1167
2021-10-23,Yolo,113,214977,19554,19280,1138,20418,248
2021-10-23,Yuba,115,75493,9957,9838,309,10147,82
2021-10-22,Alameda,001,1643700,118492,117816,2924,120740,1397
2021-10-22,Alpine,003,1148,105,105,0,105,0
2021-10-22,Amador,005,37829,5481,5412,61,5473,64
2021-10-22,Butte,007,227075,20427,20101,3770,23871,273
2021-10-22,Calaveras,009,45235,3972,3865,51,3916,81
2021-10-22,Colusa,011,21464,2484,2458,640,3098,18
2021-10-22,Contra Costa,013,1133247,98357,97855,2209,100064,1008
2021-10-22,Del Norte,015,27424,3567,3540,48,3588,42
2021-10-22,El Dorado,017,186661,15749,15540,1708,17248,149
2021-10-22,Fresno,019,978130,136178,134466,12084,146550,2094
2021-10-22,Glenn,021,27897,3415,3399,997,4396,33
2021-10-22,Humboldt,023,135768,8840,8753,552,9305,105
2021-10-22,Imperial,025,180216,33024,32777,3303,36080,766
2021-10-22,Inyo,027,18085,2213,2108,37,2145,41
2021-10-22,Kern,029,883053,124652,122939,21816,144755,1636
2021-10-22,Kings,031,150075,31444,30942,2016,32958,325
2021-10-22,Lake,033,64148,6609,6501,144,6645,105
2021-10-22,Lassen,035,31185,6738,6632,367,6999,27
2021-10-22,Los Angeles,037,10098052,1423337,1415919,56333,1472252,26527
2021-10-22,Madera,039,155013,22477,22062,1935,23997,281
2021-10-22,Marin,041,260295,17366,17264,455,17719,244
2021-10-22,Mariposa,043,17540,1228,1184,36,1220,5
2021-10-22,Mendocino,045,87422,7328,7220,470,7690,82
2021-10-22,Merced,047,269075,41302,40808,1692,42500,581
2021-10-22,Modoc,049,8938,518,507,183,690,5
2021-10-22,Mono,051,14174,1676,1655,19,1674,3
2021-10-22,Monterey,053,433212,47606,47456,3556,51012,586
2021-10-22,Napa,055,140530,12869,12789,107,12896,100
2021-10-22,Nevada,057,99092,8991,8861,306,9167,90
2021-10-22,Orange,059,3164182,303883,302237,15068,317305,5546
2021-10-22,Placer,061,380077,36348,35822,3679,39501,426
2021-10-22,Plumas,063,18699,1683,1623,38,1661,7
2021-10-22,Riverside,065,2383286,356887,354688,17062,371750,5041
2021-10-22,Sacramento,067,1510023,156397,155125,4670,159795,2232
2021-10-22,San Benito,069,59416,7313,7280,176,7456,71
2021-10-22,San Bernardino,071,2135413,349691,347681,11477,359158,5688
2021-10-22,San Diego,073,3302833,369439,366085,21442,387527,4183
2021-10-22,San Francisco,075,870044,52084,51820,2656,54476,649
2021-10-22,San Joaquin,077,732212,98175,97440,5408,102848,1721
2021-10-22,San Luis Obispo,079,281455,28968,28755,1235,29990,333
2021-10-22,San Mateo,081,765935,53009,52719,1515,54234,571
2021-10-22,Santa Barbara,083,443738,43889,43552,1669,45221,523
2021-10-22,Santa Clara,085,1922200,145015,144276,1330,145606,1897
2021-10-22,Santa Cruz,087,273765,20095,19967,1078,21045,221
2021-10-22,Shasta,089,179085,20830,20386,3600,23986,321
2021-10-22,Sierra,091,2930,177,168,21,189,0
2021-10-22,Siskiyou,093,43540,3256,3231,1309,4540,46
2021-10-22,Solano,095,438530,45104,44861,1209,46070,341
2021-10-22,Sonoma,097,501317,40848,40476,528,41004,393
2021-10-22,Stanislaus,099,539301,77614,76812,8856,85668,1145
2021-10-22,Sutter,101,95872,13749,13616,334,13950,175
2021-10-22,Tehama,103,63373,8242,8105,1478,9583,110
2021-10-22,Trinity,105,12862,733,696,188,884,11
2021-10-22,Tulare,107,460477,66563,65585,15104,80689,978
2021-10-22,Tuolumne,109,53932,7019,6840,85,6925,90
2021-10-22,Ventura,111,848112,96976,96664,4399,101063,1167
2021-10-22,Yolo,113,214977,19527,19280,1135,20415,248
2021-10-22,Yuba,115,75493,9943,9838,307,10145,82
2021-10-21,Alameda,001,1643700,118378,117816,2920,120736,1397
2021-10-21,Alpine,003,1148,105,105,0,105,0
2021-10-21,Amador,005,37829,5473,5412,61,5473,64
2021-10-21,Butte,007,227075,20344,20101,3760,23861,273
2021-10-21,Calaveras,009,45235,3953,3865,51,3916,81
2021-10-21,Colusa,011,21464,2481,2458,633,3091,18
2021-10-21,Contra Costa,013,1133247,98244,97855,2203,100058,1008
2021-10-21,Del Norte,015,27424,3561,3540,47,3587,42
2021-10-21,El Dorado,017,186661,15722,15540,1701,17241,149
2021-10-21,Fresno,019,978130,135855,134466,12047,146513,2094
2021-10-21,Glenn,021,27897,3412,3399,993,4392,33
2021-10-21,Humboldt,023,135768,8826,8753,548,9301,105
2021-10-21,Imperial,025,180216,32971,32777,3298,36075,766
2021-10-21,Inyo,027,18085,2191,2108,37,2145,41
2021-10-21,Kern,029,883053,124411,122939,21704,144643,1636
2021-10-21,Kings,031,150075,31344,30942,2010,32952,325
2021-10-21,Lake,033,64148,6596,6501,144,6645,105
2021-10-21,Lassen,035,31185,6725,6632,363,6995,27
2021-10-21,Los Angeles,037,10098052,1422240,1415919,56281,1472200,26527
2021-10-21,Madera,039,155013,22418,22062,1926,23988,281
2021-10-21,Marin,041,260295,17349,17264,455,17719,244
2021-10-21,Mariposa,043,17540,1221,1184,35,1219,5
2021-10-21,Mendocino,045,87422,7310,7220,462,7682,82
2021-10-21,Merced,047,269075,41198,40808,1686,42494,581
2021-10-21,Modoc,049,8938,518,507,183,690,5
2021-10-21,Mono,051,14174,1667,1655,18,1673,3
2021-10-21,Monterey,053,433212,47579,47456,3537,50993,586
2021-10-21,Napa,055,140530,12857,12789,107,12896,100
2021-10-21,Nevada,057,99092,8966,8861,306,9167,90
2021-10-21,Orange,059,3164182,303614,302237,15043,317280,5546
2021-10-21,Placer,061,380077,36263,35822,3666,39488,426
2021-10-21,Plumas,063,18699,1669,1623,38,1661,7
2021-10-21,Riverside,065,2383286,356440,354688,17050,371738,5041
2021-10-21,Sacramento,067,1510023,156082,155125,4644,159769,2232
2021-10-21,San Benito,069,59416,7306,7280,174,7454,71
2021-10-21,San Bernardino,071,2135413,349317,347681,11441,359122,5688
2021-10-21,San Diego,073,3302833,368917,366085,21410,387495,4183
2021-10-21,San Francisco,075,870044,52029,51820,2655,54475,649
2021-10-21,San Joaquin,077,732212,98037,97440,5400,102840,1721
2021-10-21,San Luis Obispo,079,281455,28926,28755,1233,29988,333
2021-10-21,San Mateo,081,765935,52967,52719,1511,54230,571
2021-10-21,Santa Barbara,083,443738,43824,43552,1667,45219,523
2021-10-21,Santa Clara,085,1922200,144842,144276,1328,145604,1897
2021-10-21,Santa Cruz,087,273765,20071,19967,1078,21045,221
2021-10-21,Shasta,089,179085,20769,20386,3585,23971,321
2021-10-21,Sierra,091,2930,176,168,20,188,0
2021-10-21,Siskiyou,093,43540,3251,3231,1307,4538,46
2021-10-21,Solano,095,438530,45054,44861,1207,46068,341
2021-10-21,Sonoma,097,501317,40781,40476,527,41003,393
2021-10-21,Stanislaus,099,539301,77446,76812,8845,85657,1145
2021-10-21,Sutter,101,95872,13721,13616,330,13946,175
2021-10-21,Tehama,103,63373,8219,8105,1471,9576,110
2021-10-21,Trinity,105,12862,731,696,188,884,11
2021-10-21,Tulare,107,460477,66374,65585,15032,80617,978
2021-10-21,Tuolumne,109,53932,6982,6840,84,6924,90
2021-10-21,Ventura,111,848112,96884,96664,4398,101062,1167
2021-10-21,Yolo,113,214977,19482,19280,1133,20413,248
2021-10-21,Yuba,115,75493,9919,9838,306,10144,82
2021-10-20,Alameda,001,1643700,118261,117654,2918,120572,1390
2021-10-20,Alpine,003,1148,105,103,0,103,0
2021-10-20,Amador,005,37829,5465,5379,61,5440,64
2021-10-20,Butte,007,227075,20290,20021,3747,23768,270
2021-10-20,Calaveras,009,45235,3933,3844,50,3894,81
2021-10-20,Colusa,011,21464,2477,2454,632,3086,18
2021-10-20,Contra Costa,013,1133247,98132,97721,2197,99918,1008
2021-10-20,Del Norte,015,27424,3557,3536,47,3583,42
2021-10-20,El Dorado,017,186661,15692,15502,1697,17199,149
2021-10-20,Fresno,019,978130,135463,134025,12023,146048,2084
2021-10-20,Glenn,021,27897,3404,3382,991,4373,33
2021-10-20,Humboldt,023,135768,8805,8727,546,9273,105
2021-10-20,Imperial,025,180216,32900,32705,3289,35994,766
2021-10-20,Inyo,027,18085,2171,2077,36,2113,40
2021-10-20,Kern,029,883053,124119,122630,21581,144211,1623
2021-10-20,Kings,031,150075,31270,30805,2000,32805,322
2021-10-20,Lake,033,64148,6576,6475,144,6619,104
2021-10-20,Lassen,035,31185,6710,6622,363,6985,27
2021-10-20,Los Angeles,037,10098052,1421142,1414931,56200,1471131,26506
2021-10-20,Madera,039,155013,22350,21983,1918,23901,281
2021-10-20,Marin,041,260295,17328,17250,453,17703,244
2021-10-20,Mariposa,043,17540,1213,1174,35,1209,5
2021-10-20,Mendocino,045,87422,7282,7189,459,7648,82
2021-10-20,Merced,047,269075,41112,40685,1675,42360,581
2021-10-20,Modoc,049,8938,518,504,183,687,5
2021-10-20,Mono,051,14174,1666,1653,18,1671,3
2021-10-20,Monterey,053,433212,47556,47430,3523,50953,587
2021-10-20,Napa,055,140530,12845,12773,106,12879,100
2021-10-20,Nevada,057,99092,8939,8836,306,9142,90
2021-10-20,Orange,059,3164182,303332,301957,15028,316985,5534
2021-10-20,Placer,061,380077,36175,35729,3657,39386,425
2021-10-20,Plumas,063,18699,1662,1604,38,1642,7
2021-10-20,Riverside,065,2383286,356000,354311,17032,371343,5030
2021-10-20,Sacramento,067,1510023,155784,154822,4619,159441,2222
2021-10-20,San Benito,069,59416,7303,7275,172,7447,71
2021-10-20,San Bernardino,071,2135413,348935,347217,11410,358627,5663
2021-10-20,San Diego,073,3302833,368406,365698,21385,387083,4178
2021-10-20,San Francisco,075,870044,51983,51755,2650,54405,646
2021-10-20,San Joaquin,077,732212,97893,97246,5392,102638,1721
2021-10-20,San Luis Obispo,079,281455,28881,28727,1228,29955,332
2021-10-20,San Mateo,081,765935,52905,52663,1493,54156,571
2021-10-20,Santa Barbara,083,443738,43765,43489,1666,45155,523
2021-10-20,Santa Clara,085,1922200,144710,144124,1324,145448,1896
2021-10-20,Santa Cruz,087,273765,20058,19951,1078,21029,219
2021-10-20,Shasta,089,179085,20712,20313,3557,23870,320
2021-10-20,Sierra,091,2930,176,168,20,188,0
2021-10-20,Siskiyou,093,43540,3251,3224,1301,4525,46
2021-10-20,Solano,095,438530,45022,44819,1205,46024,341
2021-10-20,Sonoma,097,501317,40737,40404,527,40931,393
2021-10-20,Stanislaus,099,539301,77295,76631,8827,85458,1145
2021-10-20,Sutter,101,95872,13697,13592,327,13919,175
2021-10-20,Tehama,103,63373,8185,8081,1464,9545,110
2021-10-20,Trinity,105,12862,731,693,187,880,11
2021-10-20,Tulare,107,460477,66200,65413,14981,80394,967
2021-10-20,Tuolumne,109,53932,6961,6803,84,6887,89
2021-10-20,Ventura,111,848112,96793,96610,4395,101005,1166
2021-10-20,Yolo,113,214977,19439,19236,1132,20368,248
2021-10-20,Yuba,115,75493,9902,9808,303,10111,82
2021-10-19,Alameda,001,1643700,118150,117542,2912,120454,1383
2021-10-19,Alpine,003,1148,105,103,0,103,0
2021-10-19,Amador,005,37829,5449,5367,61,5428,64
2021-10-19,Butte,007,227075,20235,19974,3740,23714,268
2021-10-19,Calaveras,009,45235,3916,3826,49,3875,80
2021-10-19,Colusa,011,21464,2474,2447,630,3077,18
2021-10-19,Contra Costa,013,1133247,98042,97613,2191,99804,1004
2021-10-19,Del Norte,015,27424,3550,3531,47,3578,42
2021-10-19,El Dorado,017,186661,15667,15478,1692,17170,149
2021-10-19,Fresno,019,978130,135112,133813,11998,145811,2073
2021-10-19,Glenn,021,27897,3403,3380,987,4367,33
2021-10-19,Humboldt,023,135768,8781,8714,540,9254,105
2021-10-19,Imperial,025,180216,32833,32632,3285,35917,764
2021-10-19,Inyo,027,18085,2140,2045,36,2081,40
2021-10-19,Kern,029,883053,123806,122391,21455,143846,1613
2021-10-19,Kings,031,150075,31176,30757,1993,32750,322
2021-10-19,Lake,033,64148,6572,6465,144,6609,104
2021-10-19,Lassen,035,31185,6704,6612,358,6970,27
2021-10-19,Los Angeles,037,10098052,1419912,1413882,56117,1469999,26473
2021-10-19,Madera,039,155013,22287,21950,1910,23860,281
2021-10-19,Marin,041,260295,17315,17241,450,17691,244
2021-10-19,Mariposa,043,17540,1207,1171,33,1204,5
2021-10-19,Mendocino,045,87422,7266,7172,456,7628,82
2021-10-19,Merced,047,269075,40996,40628,1656,42284,580
2021-10-19,Modoc,049,8938,516,502,183,685,5
2021-10-19,Mono,051,14174,1662,1651,18,1669,3
2021-10-19,Monterey,053,433212,47527,47412,3503,50915,583
2021-10-19,Napa,055,140530,12838,12769,106,12875,100
2021-10-19,Nevada,057,99092,8917,8829,305,9134,90
2021-10-19,Orange,059,3164182,303082,301700,15001,316701,5527
2021-10-19,Placer,061,380077,36054,35663,3642,39305,422
2021-10-19,Plumas,063,18699,1644,1586,38,1624,8
2021-10-19,Riverside,065,2383286,355581,353891,17024,370915,5020
2021-10-19,Sacramento,067,1510023,155480,154570,4590,159160,2227
2021-10-19,San Benito,069,59416,7287,7264,172,7436,71
2021-10-19,San Bernardino,071,2135413,348539,346814,11380,358194,5627
2021-10-19,San Diego,073,3302833,367811,365285,21353,386638,4170
2021-10-19,San Francisco,075,870044,51926,51704,2647,54351,645
2021-10-19,San Joaquin,077,732212,97725,97105,5380,102485,1721
2021-10-19,San Luis Obispo,079,281455,28837,28670,1226,29896,332
2021-10-19,San Mateo,081,765935,52853,52617,1485,54102,571
2021-10-19,Santa Barbara,083,443738,43699,43413,1664,45077,522
2021-10-19,Santa Clara,085,1922200,144537,143989,1316,145305,1898
2021-10-19,Santa Cruz,087,273765,20035,19895,1076,20971,218
2021-10-19,Shasta,089,179085,20631,20209,3548,23757,319
2021-10-19,Sierra,091,2930,173,168,20,188,0
2021-10-19,Siskiyou,093,43540,3247,3216,1295,4511,46
2021-10-19,Solano,095,438530,44982,44782,1201,45983,341
2021-10-19,Sonoma,097,501317,40664,40379,526,40905,392
2021-10-19,Stanislaus,099,539301,77156,76526,8812,85338,1145
2021-10-19,Sutter,101,95872,13672,13569,326,13895,174
2021-10-19,Tehama,103,63373,8155,8057,1448,9505,108
2021-10-19,Trinity,105,12862,724,691,187,878,11
2021-10-19,Tulare,107,460477,66020,65253,14913,80166,958
2021-10-19,Tuolumne,109,53932,6933,6782,83,6865,89
2021-10-19,Ventura,111,848112,96714,96539,4392,100931,1166
2021-10-19,Yolo,113,214977,19396,19206,1127,20333,248
2021-10-19,Yuba,115,75493,9885,9796,301,10097,82
2021-10-18,Alameda,001,1643700,118016,117506,2903,120409,1381
2021-10-18,Alpine,003,1148,105,103,0,103,0
2021-10-18,Amador,005,37829,5438,5345,61,5406,64
2021-10-18,Butte,007,227075,20187,19921,3732,23653,265
2021-10-18,Calaveras,009,45235,3891,3819,48,3867,80
2021-10-18,Colusa,011,21464,2473,2444,628,3072,18
2021-10-18,Contra Costa,013,1133247,97932,97585,2188,99773,995
2021-10-18,Del Norte,015,27424,3543,3529,47,3576,41
2021-10-18,El Dorado,017,186661,15637,15452,1689,17141,149
2021-10-18,Fresno,019,978130,134746,133688,11966,145654,2063
2021-10-18,Glenn,021,27897,3396,3370,981,4351,32
2021-10-18,Humboldt,023,135768,8764,8699,531,9230,104
2021-10-18,Imperial,025,180216,32741,32558,3285,35843,764
2021-10-18,Inyo,027,18085,2122,2020,36,2056,40
2021-10-18,Kern,029,883053,123509,122231,21359,143590,1605
2021-10-18,Kings,031,150075,31059,30698,1980,32678,320
2021-10-18,Lake,033,64148,6553,6455,142,6597,104
2021-10-18,Lassen,035,31185,6684,6607,355,6962,26
2021-10-18,Los Angeles,037,10098052,1418685,1413291,56038,1469329,26446
2021-10-18,Madera,039,155013,22233,21909,1899,23808,277
2021-10-18,Marin,041,260295,17295,17232,447,17679,244
2021-10-18,Mariposa,043,17540,1198,1160,33,1193,5
2021-10-18,Mendocino,045,87422,7247,7156,447,7603,82
2021-10-18,Merced,047,269075,40879,40573,1646,42219,579
2021-10-18,Modoc,049,8938,516,498,183,681,5
2021-10-18,Mono,051,14174,1651,1648,17,1665,3
2021-10-18,Monterey,053,433212,47510,47389,3493,50882,583
2021-10-18,Napa,055,140530,12823,12762,106,12868,100
2021-10-18,Nevada,057,99092,8898,8816,305,9121,90
2021-10-18,Orange,059,3164182,302750,301573,14970,316543,5524
2021-10-18,Placer,061,380077,35976,35598,3638,39236,420
2021-10-18,Plumas,063,18699,1636,1579,38,1617,6
2021-10-18,Riverside,065,2383286,355164,353699,17011,370710,5008
2021-10-18,Sacramento,067,1510023,155175,154428,4556,158984,2203
2021-10-18,San Benito,069,59416,7275,7253,171,7424,71
2021-10-18,San Bernardino,071,2135413,348117,346742,11365,358107,5606
2021-10-18,San Diego,073,3302833,367252,364948,21311,386259,4169
2021-10-18,San Francisco,075,870044,51863,51671,2640,54311,644
2021-10-18,San Joaquin,077,732212,97560,97041,5370,102411,1721
2021-10-18,San Luis Obispo,079,281455,28798,28644,1223,29867,331
2021-10-18,San Mateo,081,765935,52792,52594,1483,54077,571
2021-10-18,Santa Barbara,083,443738,43642,43386,1662,45048,522
2021-10-18,Santa Clara,085,1922200,144384,143891,1307,145198,1895
2021-10-18,Santa Cruz,087,273765,20021,19876,1074,20950,218
2021-10-18,Shasta,089,179085,20545,20146,3537,23683,313
2021-10-18,Sierra,091,2930,173,166,20,186,0
2021-10-18,Siskiyou,093,43540,3244,3210,1287,4497,42
2021-10-18,Solano,095,438530,44938,44758,1199,45957,339
2021-10-18,Sonoma,097,501317,40602,40349,522,40871,392
2021-10-18,Stanislaus,099,539301,76993,76466,8798,85264,1145
2021-10-18,Sutter,101,95872,13638,13557,324,13881,172
2021-10-18,Tehama,103,63373,8118,8042,1435,9477,107
2021-10-18,Trinity,105,12862,723,688,187,875,11
2021-10-18,Tulare,107,460477,65846,65171,14848,80019,958
2021-10-18,Tuolumne,109,53932,6904,6755,83,6838,89
2021-10-18,Ventura,111,848112,96621,96506,4390,100896,1165
2021-10-18,Yolo,113,214977,19360,19197,1124,20321,248
2021-10-18,Yuba,115,75493,9859,9782,298,10080,82
2021-10-17,Alameda,001,1643700,117871,117423,2898,120321,1376
2021-10-17,Alpine,003,1148,105,103,0,103,0
2021-10-17,Amador,005,37829,5415,5341,61,5402,64
2021-10-17,Butte,007,227075,20099,19897,3723,23620,265
2021-10-17,Calaveras,009,45235,3875,3805,48,3853,80
2021-10-17,Colusa,011,21464,2468,2442,621,3063,18
2021-10-17,Contra Costa,013,1133247,97806,97485,2177,99662,995
2021-10-17,Del Norte,015,27424,3538,3526,47,3573,41
2021-10-17,El Dorado,017,186661,15580,15438,1682,17120,149
2021-10-17,Fresno,019,978130,134308,133429,11934,145363,2063
2021-10-17,Glenn,021,27897,3380,3364,979,4343,32
2021-10-17,Humboldt,023,135768,8744,8690,528,9218,104
2021-10-17,Imperial,025,180216,32661,32520,3279,35799,764
2021-10-17,Inyo,027,18085,2094,2000,36,2036,40
2021-10-17,Kern,029,883053,123162,122085,21260,143345,1603
2021-10-17,Kings,031,150075,30948,30636,1970,32606,315
2021-10-17,Lake,033,64148,6537,6437,141,6578,104
2021-10-17,Lassen,035,31185,6672,6605,350,6955,26
2021-10-17,Los Angeles,037,10098052,1417364,1412371,55958,1468329,26443
2021-10-17,Madera,039,155013,22172,21869,1890,23759,277
2021-10-17,Marin,041,260295,17274,17211,447,17658,243
2021-10-17,Mariposa,043,17540,1192,1150,33,1183,5
2021-10-17,Mendocino,045,87422,7220,7148,440,7588,82
2021-10-17,Merced,047,269075,40749,40531,1631,42162,579
2021-10-17,Modoc,049,8938,513,498,181,679,5
2021-10-17,Mono,051,14174,1650,1640,16,1656,3
2021-10-17,Monterey,053,433212,47478,47369,3471,50840,583
2021-10-17,Napa,055,140530,12808,12753,103,12856,100
2021-10-17,Nevada,057,99092,8881,8794,304,9098,90
2021-10-17,Orange,059,3164182,302442,301414,14943,316357,5524
2021-10-17,Placer,061,380077,35875,35559,3623,39182,420
2021-10-17,Plumas,063,18699,1613,1571,35,1606,6
2021-10-17,Riverside,065,2383286,354685,353500,16995,370495,5008
2021-10-17,Sacramento,067,1510023,154782,154080,4533,158613,2213
2021-10-17,San Benito,069,59416,7266,7250,170,7420,71
2021-10-17,San Bernardino,071,2135413,347692,346524,11346,357870,5597
2021-10-17,San Diego,073,3302833,366647,364675,21283,385958,4163
2021-10-17,San Francisco,075,870044,51790,51625,2631,54256,644
2021-10-17,San Joaquin,077,732212,97386,96950,5361,102311,1721
2021-10-17,San Luis Obispo,079,281455,28747,28604,1215,29819,331
2021-10-17,San Mateo,081,765935,52750,52541,1471,54012,571
2021-10-17,Santa Barbara,083,443738,43580,43344,1661,45005,522
2021-10-17,Santa Clara,085,1922200,144213,143768,1297,145065,1895
2021-10-17,Santa Cruz,087,273765,19993,19861,1072,20933,218
2021-10-17,Shasta,089,179085,20457,20116,3525,23641,312
2021-10-17,Sierra,091,2930,171,165,20,185,0
2021-10-17,Siskiyou,093,43540,3236,3204,1284,4488,42
2021-10-17,Solano,095,438530,44882,44722,1198,45920,340
2021-10-17,Sonoma,097,501317,40528,40306,521,40827,392
2021-10-17,Stanislaus,099,539301,76796,76354,8784,85138,1145
2021-10-17,Sutter,101,95872,13621,13543,322,13865,172
2021-10-17,Tehama,103,63373,8080,8015,1418,9433,107
2021-10-17,Trinity,105,12862,720,686,186,872,11
2021-10-17,Tulare,107,460477,65664,65057,14772,79829,958
2021-10-17,Tuolumne,109,53932,6869,6735,82,6817,89
2021-10-17,Ventura,111,848112,96527,96458,4387,100845,1165
2021-10-17,Yolo,113,214977,19320,19171,1115,20286,248
2021-10-17,Yuba,115,75493,9833,9771,296,10067,82
2021-10-16,Alameda,001,1643700,117785,117027,2897,119924,1365
2021-10-16,Alpine,003,1148,104,102,0,102,0
2021-10-16,Amador,005,37829,5408,5310,61,5371,64
2021-10-16,Butte,007,227075,20068,19612,3716,23328,260
2021-10-16,Calaveras,009,45235,3868,3771,48,3819,80
2021-10-16,Colusa,011,21464,2464,2431,618,3049,18
2021-10-16,Contra Costa,013,1133247,97717,97107,2174,99281,982
2021-10-16,Del Norte,015,27424,3535,3516,47,3563,41
2021-10-16,El Dorado,017,186661,15558,15315,1680,16995,149
2021-10-16,Fresno,019,978130,134167,132433,11926,144359,2051
2021-10-16,Glenn,021,27897,3378,3331,979,4310,26
2021-10-16,Humboldt,023,135768,8731,8621,523,9144,104
2021-10-16,Imperial,025,180216,32646,32368,3278,35646,764
2021-10-16,Inyo,027,18085,2080,1932,36,1968,39
2021-10-16,Kern,029,883053,123009,121354,21172,142526,1590
2021-10-16,Kings,031,150075,30900,30418,1967,32385,314
2021-10-16,Lake,033,64148,6526,6378,141,6519,104
2021-10-16,Lassen,035,31185,6664,6559,345,6904,26
2021-10-16,Los Angeles,037,10098052,1416719,1409418,55900,1465318,26398
2021-10-16,Madera,039,155013,22128,21707,1888,23595,277
2021-10-16,Marin,041,260295,17265,17148,447,17595,243
2021-10-16,Mariposa,043,17540,1190,1096,33,1129,5
2021-10-16,Mendocino,045,87422,7209,7099,440,7539,82
2021-10-16,Merced,047,269075,40719,40265,1630,41895,577
2021-10-16,Modoc,049,8938,510,492,181,673,5
2021-10-16,Mono,051,14174,1649,1628,16,1644,3
2021-10-16,Monterey,053,433212,47464,47293,3460,50753,582
2021-10-16,Napa,055,140530,12797,12706,103,12809,100
2021-10-16,Nevada,057,99092,8861,8739,304,9043,90
2021-10-16,Orange,059,3164182,302267,300722,14923,315645,5509
2021-10-16,Placer,061,380077,35792,35343,3616,38959,412
2021-10-16,Plumas,063,18699,1608,1542,34,1576,6
2021-10-16,Riverside,065,2383286,354419,352435,16983,369418,4990
2021-10-16,Sacramento,067,1510023,154581,153264,4528,157792,2192
2021-10-16,San Benito,069,59416,7253,7210,169,7379,71
2021-10-16,San Bernardino,071,2135413,347489,345418,11339,356757,5566
2021-10-16,San Diego,073,3302833,366327,363109,21267,384376,4151
2021-10-16,San Francisco,075,870044,51743,51436,2627,54063,645
2021-10-16,San Joaquin,077,732212,97318,96507,5358,101865,1708
2021-10-16,San Luis Obispo,079,281455,28721,28460,1214,29674,329
2021-10-16,San Mateo,081,765935,52707,52399,1465,53864,569
2021-10-16,Santa Barbara,083,443738,43544,43175,1660,44835,521
2021-10-16,Santa Clara,085,1922200,144112,143282,1289,144571,1890
2021-10-16,Santa Cruz,087,273765,19977,19794,1071,20865,218
2021-10-16,Shasta,089,179085,20408,19932,3513,23445,309
2021-10-16,Sierra,091,2930,169,160,20,180,0
2021-10-16,Siskiyou,093,43540,3234,3173,1278,4451,42
2021-10-16,Solano,095,438530,44857,44585,1194,45779,334
2021-10-16,Sonoma,097,501317,40488,40195,521,40716,390
2021-10-16,Stanislaus,099,539301,76710,75868,8775,84643,1142
2021-10-16,Sutter,101,95872,13602,13471,321,13792,169
2021-10-16,Tehama,103,63373,8066,7907,1413,9320,104
2021-10-16,Trinity,105,12862,720,679,186,865,11
2021-10-16,Tulare,107,460477,65532,64489,14737,79226,951
2021-10-16,Tuolumne,109,53932,6837,6666,82,6748,89
2021-10-16,Ventura,111,848112,96498,96181,4382,100563,1164
2021-10-16,Yolo,113,214977,19294,19078,1109,20187,247
2021-10-16,Yuba,115,75493,9810,9705,292,9997,82
2021-10-15,Alameda,001,1643700,117715,117027,2893,119920,1365
2021-10-15,Alpine,003,1148,104,102,0,102,0
2021-10-15,Amador,005,37829,5384,5310,61,5371,64
2021-10-15,Butte,007,227075,20033,19612,3709,23321,260
2021-10-15,Calaveras,009,45235,3862,3771,48,3819,80
2021-10-15,Colusa,011,21464,2462,2431,614,3045,18
2021-10-15,Contra Costa,013,1133247,97636,97107,2171,99278,982
2021-10-15,Del Norte,015,27424,3533,3516,47,3563,41
2021-10-15,El Dorado,017,186661,15538,15315,1675,16990,149
2021-10-15,Fresno,019,978130,133927,132433,11922,144355,2051
2021-10-15,Glenn,021,27897,3374,3331,978,4309,26
2021-10-15,Humboldt,023,135768,8722,8621,521,9142,104
2021-10-15,Imperial,025,180216,32599,32368,3275,35643,764
2021-10-15,Inyo,027,18085,2062,1932,36,1968,39
2021-10-15,Kern,029,883053,122874,121354,21098,142452,1590
2021-10-15,Kings,031,150075,30845,30418,1963,32381,314
2021-10-15,Lake,033,64148,6518,6378,141,6519,104
2021-10-15,Lassen,035,31185,6652,6559,344,6903,26
2021-10-15,Los Angeles,037,10098052,1416038,1409418,55851,1465269,26398
2021-10-15,Madera,039,155013,22083,21707,1882,23589,277
2021-10-15,Marin,041,260295,17254,17148,447,17595,243
2021-10-15,Mariposa,043,17540,1182,1096,33,1129,5
2021-10-15,Mendocino,045,87422,7194,7099,440,7539,82
2021-10-15,Merced,047,269075,40691,40265,1627,41892,577
2021-10-15,Modoc,049,8938,509,492,181,673,5
2021-10-15,Mono,051,14174,1648,1628,16,1644,3
2021-10-15,Monterey,053,433212,47444,47293,3456,50749,582
2021-10-15,Napa,055,140530,12793,12706,103,12809,100
2021-10-15,Nevada,057,99092,8847,8739,304,9043,90
2021-10-15,Orange,059,3164182,302103,300722,14909,315631,5509
2021-10-15,Placer,061,380077,35739,35343,3610,38953,412
2021-10-15,Plumas,063,18699,1600,1542,34,1576,6
2021-10-15,Riverside,065,2383286,354178,352435,16978,369413,4990
2021-10-15,Sacramento,067,1510023,154396,153264,4518,157782,2192
2021-10-15,San Benito,069,59416,7250,7210,169,7379,71
2021-10-15,San Bernardino,071,2135413,347254,345418,11337,356755,5566
2021-10-15,San Diego,073,3302833,365961,363109,21242,384351,4151
2021-10-15,San Francisco,075,870044,51705,51436,2620,54056,645
2021-10-15,San Joaquin,077,732212,97240,96507,5351,101858,1708
2021-10-15,San Luis Obispo,079,281455,28700,28460,1212,29672,329
2021-10-15,San Mateo,081,765935,52671,52399,1458,53857,569
2021-10-15,Santa Barbara,083,443738,43508,43175,1660,44835,521
2021-10-15,Santa Clara,085,1922200,143991,143282,1280,144562,1890
2021-10-15,Santa Cruz,087,273765,19966,19794,1071,20865,218
2021-10-15,Shasta,089,179085,20355,19932,3506,23438,309
2021-10-15,Sierra,091,2930,168,160,20,180,0
2021-10-15,Siskiyou,093,43540,3233,3173,1275,4448,42
2021-10-15,Solano,095,438530,44831,44585,1194,45779,334
2021-10-15,Sonoma,097,501317,40454,40195,520,40715,390
2021-10-15,Stanislaus,099,539301,76630,75868,8759,84627,1142
2021-10-15,Sutter,101,95872,13585,13471,319,13790,169
2021-10-15,Tehama,103,63373,8049,7907,1408,9315,104
2021-10-15,Trinity,105,12862,720,679,186,865,11
2021-10-15,Tulare,107,460477,65456,64489,14698,79187,951
2021-10-15,Tuolumne,109,53932,6814,6666,80,6746,89
2021-10-15,Ventura,111,848112,96457,96181,4378,100559,1164
2021-10-15,Yolo,113,214977,19281,19078,1105,20183,247
2021-10-15,Yuba,115,75493,9800,9705,291,9996,82
2021-10-14,Alameda,001,1643700,117609,117027,2887,119914,1365
2021-10-14,Alpine,003,1148,104,102,0,102,0
2021-10-14,Amador,005,37829,5374,5310,61,5371,64
2021-10-14,Butte,007,227075,19980,19612,3704,23316,260
2021-10-14,Calaveras,009,45235,3849,3771,47,3818,80
2021-10-14,Colusa,011,21464,2460,2431,612,3043,18
2021-10-14,Contra Costa,013,1133247,97503,97107,2165,99272,982
2021-10-14,Del Norte,015,27424,3527,3516,47,3563,41
2021-10-14,El Dorado,017,186661,15499,15315,1672,16987,149
2021-10-14,Fresno,019,978130,133653,132433,11902,144335,2051
2021-10-14,Glenn,021,27897,3371,3331,977,4308,26
2021-10-14,Humboldt,023,135768,8704,8621,518,9139,104
2021-10-14,Imperial,025,180216,32535,32368,3268,35636,764
2021-10-14,Inyo,027,18085,2043,1932,36,1968,39
2021-10-14,Kern,029,883053,122605,121354,20997,142351,1590
2021-10-14,Kings,031,150075,30779,30418,1955,32373,314
2021-10-14,Lake,033,64148,6497,6378,140,6518,104
2021-10-14,Lassen,035,31185,6646,6559,343,6902,26
2021-10-14,Los Angeles,037,10098052,1415091,1409418,55795,1465213,26398
2021-10-14,Madera,039,155013,22018,21707,1877,23584,277
2021-10-14,Marin,041,260295,17249,17148,445,17593,243
2021-10-14,Mariposa,043,17540,1170,1096,32,1128,5
2021-10-14,Mendocino,045,87422,7180,7099,439,7538,82
2021-10-14,Merced,047,269075,40608,40265,1613,41878,577
2021-10-14,Modoc,049,8938,509,492,181,673,5
2021-10-14,Mono,051,14174,1642,1628,16,1644,3
2021-10-14,Monterey,053,433212,47420,47293,3449,50742,582
2021-10-14,Napa,055,140530,12778,12706,103,12809,100
2021-10-14,Nevada,057,99092,8820,8739,302,9041,90
2021-10-14,Orange,059,3164182,301905,300722,14894,315616,5509
2021-10-14,Placer,061,380077,35674,35343,3596,38939,412
2021-10-14,Plumas,063,18699,1585,1542,34,1576,6
2021-10-14,Riverside,065,2383286,353781,352435,16968,369403,4990
2021-10-14,Sacramento,067,1510023,154144,153264,4495,157759,2192
2021-10-14,San Benito,069,59416,7239,7210,169,7379,71
2021-10-14,San Bernardino,071,2135413,346897,345418,11329,356747,5566
2021-10-14,San Diego,073,3302833,365517,363109,21214,384323,4151
2021-10-14,San Francisco,075,870044,51652,51436,2614,54050,645
2021-10-14,San Joaquin,077,732212,97111,96507,5342,101849,1708
2021-10-14,San Luis Obispo,079,281455,28657,28460,1208,29668,329
2021-10-14,San Mateo,081,765935,52626,52399,1454,53853,569
2021-10-14,Santa Barbara,083,443738,43452,43175,1655,44830,521
2021-10-14,Santa Clara,085,1922200,143855,143282,1275,144557,1890
2021-10-14,Santa Cruz,087,273765,19943,19794,1071,20865,218
2021-10-14,Shasta,089,179085,20298,19932,3494,23426,309
2021-10-14,Sierra,091,2930,168,160,20,180,0
2021-10-14,Siskiyou,093,43540,3230,3173,1267,4440,42
2021-10-14,Solano,095,438530,44781,44585,1188,45773,334
2021-10-14,Sonoma,097,501317,40404,40195,517,40712,390
2021-10-14,Stanislaus,099,539301,76484,75868,8746,84614,1142
2021-10-14,Sutter,101,95872,13565,13471,318,13789,169
2021-10-14,Tehama,103,63373,8013,7907,1400,9307,104
2021-10-14,Trinity,105,12862,719,679,185,864,11
2021-10-14,Tulare,107,460477,65278,64489,14651,79140,951
2021-10-14,Tuolumne,109,53932,6785,6666,79,6745,89
2021-10-14,Ventura,111,848112,96392,96181,4371,100552,1164
2021-10-14,Yolo,113,214977,19250,19078,1098,20176,247
2021-10-14,Yuba,115,75493,9786,9705,282,9987,82
2021-10-13,Alameda,001,1643700,117509,116914,2881,119795,1360
2021-10-13,Alpine,003,1148,104,102,0,102,0
2021-10-13,Amador,005,37829,5360,5305,61,5366,63
2021-10-13,Butte,007,227075,19907,19546,3700,23246,257
2021-10-13,Calaveras,009,45235,3828,3756,45,3801,79
2021-10-13,Colusa,011,21464,2453,2430,608,3038,18
2021-10-13,Contra Costa,013,1133247,97389,96975,2164,99139,969
2021-10-13,Del Norte,015,27424,3522,3512,47,3559,39
2021-10-13,El Dorado,017,186661,15477,15302,1667,16969,149
2021-10-13,Fresno,019,978130,133336,132055,11882,143937,2048
2021-10-13,Glenn,021,27897,3360,3327,974,4301,26
2021-10-13,Humboldt,023,135768,8695,8604,510,9114,102
2021-10-13,Imperial,025,180216,32479,32317,3265,35582,762
2021-10-13,Inyo,027,18085,2006,1907,36,1943,39
2021-10-13,Kern,029,883053,122364,120956,20906,141862,1586
2021-10-13,Kings,031,150075,30698,30246,1948,32194,312
2021-10-13,Lake,033,64148,6477,6371,140,6511,103
2021-10-13,Lassen,035,31185,6636,6535,337,6872,25
2021-10-13,Los Angeles,037,10098052,1414058,1408384,55738,1464122,26379
2021-10-13,Madera,039,155013,21963,21609,1861,23470,277
2021-10-13,Marin,041,260295,17225,17137,444,17581,243
2021-10-13,Mariposa,043,17540,1155,1090,32,1122,5
2021-10-13,Mendocino,045,87422,7165,7088,431,7519,82
2021-10-13,Merced,047,269075,40522,40164,1601,41765,577
2021-10-13,Modoc,049,8938,507,490,179,669,5
2021-10-13,Mono,051,14174,1641,1612,16,1628,3
2021-10-13,Monterey,053,433212,47403,47273,3440,50713,582
2021-10-13,Napa,055,140530,12768,12695,101,12796,100
2021-10-13,Nevada,057,99092,8798,8725,302,9027,90
2021-10-13,Orange,059,3164182,301707,300468,14878,315346,5503
2021-10-13,Placer,061,380077,35610,35254,3585,38839,412
2021-10-13,Plumas,063,18699,1568,1514,34,1548,6
2021-10-13,Riverside,065,2383286,353452,352044,16955,368999,4978
2021-10-13,Sacramento,067,1510023,153897,153141,4470,157611,2182
2021-10-13,San Benito,069,59416,7233,7196,168,7364,71
2021-10-13,San Bernardino,071,2135413,346577,344951,11312,356263,5562
2021-10-13,San Diego,073,3302833,365079,362564,21193,383757,4141
2021-10-13,San Francisco,075,870044,51611,51379,2609,53988,644
2021-10-13,San Joaquin,077,732212,96971,96343,5337,101680,1696
2021-10-13,San Luis Obispo,079,281455,28619,28397,1205,29602,330
2021-10-13,San Mateo,081,765935,52576,52352,1449,53801,569
2021-10-13,Santa Barbara,083,443738,43401,43109,1655,44764,518
2021-10-13,Santa Clara,085,1922200,143719,143064,1274,144338,1886
2021-10-13,Santa Cruz,087,273765,19917,19763,1070,20833,217
2021-10-13,Shasta,089,179085,20231,19802,3472,23274,307
2021-10-13,Sierra,091,2930,168,155,20,175,0
2021-10-13,Siskiyou,093,43540,3222,3173,1266,4439,42
2021-10-13,Solano,095,438530,44743,44558,1186,45744,334
2021-10-13,Sonoma,097,501317,40352,40122,517,40639,390
2021-10-13,Stanislaus,099,539301,76342,75698,8737,84435,1136
2021-10-13,Sutter,101,95872,13535,13458,316,13774,169
2021-10-13,Tehama,103,63373,7974,7849,1395,9244,103
2021-10-13,Trinity,105,12862,716,677,185,862,11
2021-10-13,Tulare,107,460477,65098,64297,14596,78893,945
2021-10-13,Tuolumne,109,53932,6771,6644,78,6722,89
2021-10-13,Ventura,111,848112,96318,96099,4366,100465,1162
2021-10-13,Yolo,113,214977,19220,19023,1095,20118,247
2021-10-13,Yuba,115,75493,9763,9690,266,9956,80
2021-10-12,Alameda,001,1643700,117408,116813,2876,119689,1357
2021-10-12,Alpine,003,1148,104,102,0,102,0
2021-10-12,Amador,005,37829,5350,5301,61,5362,63
2021-10-12,Butte,007,227075,19838,19506,3688,23194,256
2021-10-12,Calaveras,009,45235,3813,3750,45,3795,75
2021-10-12,Colusa,011,21464,2450,2428,606,3034,18
2021-10-12,Contra Costa,013,1133247,97277,96894,2154,99048,960
2021-10-12,Del Norte,015,27424,3517,3511,46,3557,39
2021-10-12,El Dorado,017,186661,15444,15287,1665,16952,148
2021-10-12,Fresno,019,978130,132986,131848,11856,143704,2042
2021-10-12,Glenn,021,27897,3351,3321,971,4292,26
2021-10-12,Humboldt,023,135768,8669,8587,503,9090,102
2021-10-12,Imperial,025,180216,32427,32267,3263,35530,762
2021-10-12,Inyo,027,18085,1974,1889,36,1925,39
2021-10-12,Kern,029,883053,122080,120826,20797,141623,1580
2021-10-12,Kings,031,150075,30626,30200,1937,32137,312
2021-10-12,Lake,033,64148,6462,6372,140,6512,97
2021-10-12,Lassen,035,31185,6627,6526,335,6861,25
2021-10-12,Los Angeles,037,10098052,1413008,1407462,55686,1463148,26362
2021-10-12,Madera,039,155013,21890,21574,1855,23429,277
2021-10-12,Marin,041,260295,17202,17126,444,17570,242
2021-10-12,Mariposa,043,17540,1141,1088,32,1120,5
2021-10-12,Mendocino,045,87422,7136,7077,429,7506,82
2021-10-12,Merced,047,269075,40443,40113,1596,41709,567
2021-10-12,Modoc,049,8938,502,485,178,663,5
2021-10-12,Mono,051,14174,1636,1608,16,1624,3
2021-10-12,Monterey,053,433212,47375,47254,3429,50683,582
2021-10-12,Napa,055,140530,12755,12671,101,12772,97
2021-10-12,Nevada,057,99092,8786,8720,301,9021,89
2021-10-12,Orange,059,3164182,301452,300256,14853,315109,5499
2021-10-12,Placer,061,380077,35548,35214,3577,38791,404
2021-10-12,Plumas,063,18699,1547,1488,33,1521,6
2021-10-12,Riverside,065,2383286,353127,351771,16941,368712,4973
2021-10-12,Sacramento,067,1510023,153605,152935,4437,157372,2170
2021-10-12,San Benito,069,59416,7219,7193,168,7361,71
2021-10-12,San Bernardino,071,2135413,346264,344788,11303,356091,5563
2021-10-12,San Diego,073,3302833,364553,362256,21163,383419,4137
2021-10-12,San Francisco,075,870044,51552,51301,2606,53907,643
2021-10-12,San Joaquin,077,732212,96834,96237,5332,101569,1690
2021-10-12,San Luis Obispo,079,281455,28572,28379,1204,29583,327
2021-10-12,San Mateo,081,765935,52529,52328,1445,53773,569
2021-10-12,Santa Barbara,083,443738,43341,43076,1655,44731,515
2021-10-12,Santa Clara,085,1922200,143569,142954,1272,144226,1882
2021-10-12,Santa Cruz,087,273765,19892,19757,1070,20827,218
2021-10-12,Shasta,089,179085,20159,19731,3450,23181,304
2021-10-12,Sierra,091,2930,168,153,20,173,0
2021-10-12,Siskiyou,093,43540,3212,3166,1259,4425,42
2021-10-12,Solano,095,438530,44700,44516,1182,45698,329
2021-10-12,Sonoma,097,501317,40309,40105,517,40622,390
2021-10-12,Stanislaus,099,539301,76192,75589,8722,84311,1126
2021-10-12,Sutter,101,95872,13512,13436,312,13748,168
2021-10-12,Tehama,103,63373,7945,7820,1391,9211,103
2021-10-12,Trinity,105,12862,713,676,185,861,11
2021-10-12,Tulare,107,460477,64922,64216,14536,78752,944
2021-10-12,Tuolumne,109,53932,6754,6637,77,6714,89
2021-10-12,Ventura,111,848112,96210,96022,4363,100385,1160
2021-10-12,Yolo,113,214977,19192,18987,1087,20074,247
2021-10-12,Yuba,115,75493,9748,9676,262,9938,70
2021-10-11,Alameda,001,1643700,117270,116759,2874,119633,1358
2021-10-11,Alpine,003,1148,103,102,0,102,0
2021-10-11,Amador,005,37829,5338,5286,61,5347,62
2021-10-11,Butte,007,227075,19780,19452,3682,23134,253
2021-10-11,Calaveras,009,45235,3792,3750,45,3795,75
2021-10-11,Colusa,011,21464,2446,2427,599,3026,18
2021-10-11,Contra Costa,013,1133247,97141,96832,2148,98980,960
2021-10-11,Del Norte,015,27424,3514,3510,42,3552,39
2021-10-11,El Dorado,017,186661,15416,15273,1661,16934,146
2021-10-11,Fresno,019,978130,132667,131703,11828,143531,2036
2021-10-11,Glenn,021,27897,3333,3308,970,4278,26
2021-10-11,Humboldt,023,135768,8644,8571,496,9067,101
2021-10-11,Imperial,025,180216,32377,32207,3258,35465,762
2021-10-11,Inyo,027,18085,1951,1862,35,1897,39
2021-10-11,Kern,029,883053,121847,120684,20700,141384,1575
2021-10-11,Kings,031,150075,30537,30180,1927,32107,309
2021-10-11,Lake,033,64148,6446,6361,136,6497,97
2021-10-11,Lassen,035,31185,6607,6499,332,6831,25
2021-10-11,Los Angeles,037,10098052,1411972,1406826,55632,1462458,26346
2021-10-11,Madera,039,155013,21832,21555,1841,23396,272
2021-10-11,Marin,041,260295,17184,17121,440,17561,242
2021-10-11,Mariposa,043,17540,1112,1083,32,1115,5
2021-10-11,Mendocino,045,87422,7120,7064,425,7489,82
2021-10-11,Merced,047,269075,40320,40064,1572,41636,566
2021-10-11,Modoc,049,8938,499,482,175,657,5
2021-10-11,Mono,051,14174,1626,1604,16,1620,3
2021-10-11,Monterey,053,433212,47347,47241,3422,50663,580
2021-10-11,Napa,055,140530,12732,12654,99,12753,96
2021-10-11,Nevada,057,99092,8765,8716,300,9016,90
2021-10-11,Orange,059,3164182,301225,299941,14826,314767,5499
2021-10-11,Placer,061,380077,35480,35173,3559,38732,404
2021-10-11,Plumas,063,18699,1530,1469,31,1500,6
2021-10-11,Riverside,065,2383286,352788,351444,16936,368380,4973
2021-10-11,Sacramento,067,1510023,153317,152681,4406,157087,2169
2021-10-11,San Benito,069,59416,7197,7184,166,7350,71
2021-10-11,San Bernardino,071,2135413,345886,344594,11295,355889,5549
2021-10-11,San Diego,073,3302833,364036,361712,21129,382841,4124
2021-10-11,San Francisco,075,870044,51482,51275,2600,53875,643
2021-10-11,San Joaquin,077,732212,96682,96152,5321,101473,1681
2021-10-11,San Luis Obispo,079,281455,28526,28355,1199,29554,327
2021-10-11,San Mateo,081,765935,52481,52298,1444,53742,569
2021-10-11,Santa Barbara,083,443738,43296,43018,1654,44672,515
2021-10-11,Santa Clara,085,1922200,143410,142836,1269,144105,1882
2021-10-11,Santa Cruz,087,273765,19867,19745,1069,20814,217
2021-10-11,Shasta,089,179085,20079,19662,3434,23096,295
2021-10-11,Sierra,091,2930,163,147,19,166,0
2021-10-11,Siskiyou,093,43540,3204,3159,1255,4414,42
2021-10-11,Solano,095,438530,44653,44474,1179,45653,329
2021-10-11,Sonoma,097,501317,40264,40067,517,40584,390
2021-10-11,Stanislaus,099,539301,76019,75478,8702,84180,1118
2021-10-11,Sutter,101,95872,13493,13427,310,13737,165
2021-10-11,Tehama,103,63373,7904,7795,1381,9176,102
2021-10-11,Trinity,105,12862,708,675,183,858,11
2021-10-11,Tulare,107,460477,64742,64094,14469,78563,942
2021-10-11,Tuolumne,109,53932,6718,6602,77,6679,89
2021-10-11,Ventura,111,848112,96108,95876,4355,100231,1160
2021-10-11,Yolo,113,214977,19146,18977,1084,20061,247
2021-10-11,Yuba,115,75493,9732,9657,249,9906,69
2021-10-10,Alameda,001,1643700,117151,116679,2869,119548,1358
2021-10-10,Alpine,003,1148,103,102,0,102,0
2021-10-10,Amador,005,37829,5323,5278,61,5339,62
2021-10-10,Butte,007,227075,19718,19430,3668,23098,253
2021-10-10,Calaveras,009,45235,3780,3747,45,3792,75
2021-10-10,Colusa,011,21464,2445,2425,598,3023,18
2021-10-10,Contra Costa,013,1133247,97042,96760,2142,98902,960
2021-10-10,Del Norte,015,27424,3510,3507,42,3549,39
2021-10-10,El Dorado,017,186661,15385,15250,1654,16904,146
2021-10-10,Fresno,019,978130,132346,131434,11804,143238,2035
2021-10-10,Glenn,021,27897,3331,3297,968,4265,26
2021-10-10,Humboldt,023,135768,8624,8554,492,9046,101
2021-10-10,Imperial,025,180216,32303,32167,3257,35424,762
2021-10-10,Inyo,027,18085,1930,1857,35,1892,39
2021-10-10,Kern,029,883053,121523,120552,20593,141145,1573
2021-10-10,Kings,031,150075,30450,30122,1917,32039,308
2021-10-10,Lake,033,64148,6430,6349,135,6484,97
2021-10-10,Lassen,035,31185,6587,6495,331,6826,26
2021-10-10,Los Angeles,037,10098052,1410814,1406034,55551,1461585,26338
2021-10-10,Madera,039,155013,21786,21486,1832,23318,272
2021-10-10,Marin,041,260295,17167,17112,440,17552,242
2021-10-10,Mariposa,043,17540,1110,1074,32,1106,5
2021-10-10,Mendocino,045,87422,7105,7060,417,7477,81
2021-10-10,Merced,047,269075,40239,40036,1554,41590,566
2021-10-10,Modoc,049,8938,499,482,175,657,5
2021-10-10,Mono,051,14174,1625,1596,16,1612,3
2021-10-10,Monterey,053,433212,47322,47228,3416,50644,580
2021-10-10,Napa,055,140530,12709,12641,99,12740,96
2021-10-10,Nevada,057,99092,8752,8689,300,8989,90
2021-10-10,Orange,059,3164182,300960,299787,14800,314587,5499
2021-10-10,Placer,061,380077,35386,35128,3547,38675,404
2021-10-10,Plumas,063,18699,1514,1468,29,1497,6
2021-10-10,Riverside,065,2383286,352417,351248,16917,368165,4973
2021-10-10,Sacramento,067,1510023,153052,152405,4389,156794,2178
2021-10-10,San Benito,069,59416,7193,7180,164,7344,71
2021-10-10,San Bernardino,071,2135413,345583,344423,11286,355709,5551
2021-10-10,San Diego,073,3302833,363519,361038,21073,382111,4113
2021-10-10,San Francisco,075,870044,51438,51216,2595,53811,643
2021-10-10,San Joaquin,077,732212,96512,96084,5303,101387,1681
2021-10-10,San Luis Obispo,079,281455,28487,28343,1199,29542,326
2021-10-10,San Mateo,081,765935,52440,52273,1443,53716,569
2021-10-10,Santa Barbara,083,443738,43257,42987,1652,44639,515
2021-10-10,Santa Clara,085,1922200,143246,142768,1262,144030,1881
2021-10-10,Santa Cruz,087,273765,19847,19727,1069,20796,217
2021-10-10,Shasta,089,179085,19991,19635,3422,23057,296
2021-10-10,Sierra,091,2930,161,147,19,166,0
2021-10-10,Siskiyou,093,43540,3191,3155,1247,4402,42
2021-10-10,Solano,095,438530,44597,44431,1179,45610,329
2021-10-10,Sonoma,097,501317,40212,40027,517,40544,390
2021-10-10,Stanislaus,099,539301,75841,75403,8687,84090,1118
2021-10-10,Sutter,101,95872,13470,13412,305,13717,165
2021-10-10,Tehama,103,63373,7867,7764,1371,9135,102
2021-10-10,Trinity,105,12862,707,669,182,851,11
2021-10-10,Tulare,107,460477,64573,63930,14418,78348,940
2021-10-10,Tuolumne,109,53932,6695,6580,76,6656,89
2021-10-10,Ventura,111,848112,96022,95829,4353,100182,1160
2021-10-10,Yolo,113,214977,19114,18952,1079,20031,247
2021-10-10,Yuba,115,75493,9715,9641,245,9886,69
2021-10-09,Alameda,001,1643700,117058,116253,2866,119119,1356
2021-10-09,Alpine,003,1148,102,102,0,102,0
2021-10-09,Amador,005,37829,5321,5237,60,5297,62
2021-10-09,Butte,007,227075,19688,19277,3665,22942,250
2021-10-09,Calaveras,009,45235,3775,3716,45,3761,75
2021-10-09,Colusa,011,21464,2441,2419,597,3016,18
2021-10-09,Contra Costa,013,1133247,96978,96378,2135,98513,958
2021-10-09,Del Norte,015,27424,3509,3495,42,3537,39
2021-10-09,El Dorado,017,186661,15367,15153,1651,16804,144
2021-10-09,Fresno,019,978130,132218,130508,11788,142296,2018
2021-10-09,Glenn,021,27897,3327,3277,967,4244,26
2021-10-09,Humboldt,023,135768,8611,8448,489,8937,97
2021-10-09,Imperial,025,180216,32269,31989,3255,35244,760
2021-10-09,Inyo,027,18085,1921,1808,35,1843,39
2021-10-09,Kern,029,883053,121386,119795,20564,140359,1559
2021-10-09,Kings,031,150075,30402,29894,1914,31808,308
2021-10-09,Lake,033,64148,6412,6283,133,6416,97
2021-10-09,Lassen,035,31185,6582,6442,330,6772,25
2021-10-09,Los Angeles,037,10098052,1410233,1402810,55510,1458320,26280
2021-10-09,Madera,039,155013,21753,21313,1820,23133,271
2021-10-09,Marin,041,260295,17161,17049,438,17487,242
2021-10-09,Mariposa,043,17540,1104,1042,31,1073,5
2021-10-09,Mendocino,045,87422,7098,7011,417,7428,82
2021-10-09,Merced,047,269075,40201,39784,1554,41338,565
2021-10-09,Modoc,049,8938,497,477,174,651,5
2021-10-09,Mono,051,14174,1625,1577,16,1593,3
2021-10-09,Monterey,053,433212,47310,47168,3412,50580,577
2021-10-09,Napa,055,140530,12705,12586,99,12685,96
2021-10-09,Nevada,057,99092,8742,8613,299,8912,90
2021-10-09,Orange,059,3164182,300782,299089,14781,313870,5457
2021-10-09,Placer,061,380077,35347,34877,3540,38417,393
2021-10-09,Plumas,063,18699,1505,1418,29,1447,6
2021-10-09,Riverside,065,2383286,352167,350082,16900,366982,4965
2021-10-09,Sacramento,067,1510023,152847,151566,4373,155939,2160
2021-10-09,San Benito,069,59416,7185,7123,164,7287,71
2021-10-09,San Bernardino,071,2135413,345402,343452,11283,354735,5556
2021-10-09,San Diego,073,3302833,363207,359909,21066,380975,4111
2021-10-09,San Francisco,075,870044,51393,50960,2588,53548,643
2021-10-09,San Joaquin,077,732212,96446,95606,5298,100904,1669
2021-10-09,San Luis Obispo,079,281455,28470,28197,1197,29394,324
2021-10-09,San Mateo,081,765935,52408,52121,1441,53562,569
2021-10-09,Santa Barbara,083,443738,43230,42735,1652,44387,514
2021-10-09,Santa Clara,085,1922200,143126,142298,1256,143554,1873
2021-10-09,Santa Cruz,087,273765,19838,19635,1068,20703,217
2021-10-09,Shasta,089,179085,19943,19437,3417,22854,290
2021-10-09,Sierra,091,2930,158,141,19,160,0
2021-10-09,Siskiyou,093,43540,3189,3124,1246,4370,42
2021-10-09,Solano,095,438530,44580,44265,1178,45443,329
2021-10-09,Sonoma,097,501317,40168,39848,517,40365,387
2021-10-09,Stanislaus,099,539301,75751,74899,8676,83575,1114
2021-10-09,Sutter,101,95872,13461,13314,303,13617,165
2021-10-09,Tehama,103,63373,7856,7670,1365,9035,99
2021-10-09,Trinity,105,12862,706,660,182,842,11
2021-10-09,Tulare,107,460477,64467,63398,14397,77795,932
2021-10-09,Tuolumne,109,53932,6676,6521,76,6597,89
2021-10-09,Ventura,111,848112,95966,95542,4350,99892,1158
2021-10-09,Yolo,113,214977,19094,18850,1076,19926,247
2021-10-09,Yuba,115,75493,9703,9551,243,9794,69
2021-10-08,Alameda,001,1643700,116977,116253,2863,119116,1356
2021-10-08,Alpine,003,1148,102,102,0,102,0
2021-10-08,Amador,005,37829,5308,5237,60,5297,62
2021-10-08,Butte,007,227075,19659,19277,3661,22938,250
2021-10-08,Calaveras,009,45235,3770,3716,45,3761,75
2021-10-08,Colusa,011,21464,2439,2419,597,3016,18
2021-10-08,Contra Costa,013,1133247,96934,96378,2130,98508,958
2021-10-08,Del Norte,015,27424,3508,3495,42,3537,39
2021-10-08,El Dorado,017,186661,15348,15153,1647,16800,144
2021-10-08,Fresno,019,978130,132025,130508,11770,142278,2018
2021-10-08,Glenn,021,27897,3317,3277,966,4243,26
2021-10-08,Humboldt,023,135768,8600,8448,486,8934,97
2021-10-08,Imperial,025,180216,32239,31989,3251,35240,760
2021-10-08,Inyo,027,18085,1903,1808,35,1843,39
2021-10-08,Kern,029,883053,121248,119795,20520,140315,1559
2021-10-08,Kings,031,150075,30308,29894,1913,31807,308
2021-10-08,Lake,033,64148,6403,6283,133,6416,97
2021-10-08,Lassen,035,31185,6569,6442,326,6768,25
2021-10-08,Los Angeles,037,10098052,1409580,1402810,55468,1458278,26280
2021-10-08,Madera,039,155013,21695,21313,1813,23126,271
2021-10-08,Marin,041,260295,17150,17049,437,17486,242
2021-10-08,Mariposa,043,17540,1097,1042,29,1071,5
2021-10-08,Mendocino,045,87422,7085,7011,417,7428,82
2021-10-08,Merced,047,269075,40171,39784,1551,41335,565
2021-10-08,Modoc,049,8938,495,477,174,651,5
2021-10-08,Mono,051,14174,1623,1577,16,1593,3
2021-10-08,Monterey,053,433212,47287,47168,3407,50575,577
2021-10-08,Napa,055,140530,12689,12586,99,12685,96
2021-10-08,Nevada,057,99092,8731,8613,299,8912,90
2021-10-08,Orange,059,3164182,300636,299089,14764,313853,5457
2021-10-08,Placer,061,380077,35309,34877,3532,38409,393
2021-10-08,Plumas,063,18699,1493,1418,29,1447,6
2021-10-08,Riverside,065,2383286,351897,350082,16889,366971,4965
2021-10-08,Sacramento,067,1510023,152681,151566,4361,155927,2160
2021-10-08,San Benito,069,59416,7181,7123,162,7285,71
2021-10-08,San Bernardino,071,2135413,345201,343452,11276,354728,5556
2021-10-08,San Diego,073,3302833,362874,359909,21044,380953,4111
2021-10-08,San Francisco,075,870044,51345,50960,2579,53539,643
2021-10-08,San Joaquin,077,732212,96378,95606,5291,100897,1669
2021-10-08,San Luis Obispo,079,281455,28443,28197,1196,29393,324
2021-10-08,San Mateo,081,765935,52383,52121,1440,53561,569
2021-10-08,Santa Barbara,083,443738,43195,42735,1651,44386,514
2021-10-08,Santa Clara,085,1922200,143017,142298,1251,143549,1873
2021-10-08,Santa Cruz,087,273765,19823,19635,1068,20703,217
2021-10-08,Shasta,089,179085,19901,19437,3411,22848,290
2021-10-08,Sierra,091,2930,156,141,17,158,0
2021-10-08,Siskiyou,093,43540,3181,3124,1245,4369,42
2021-10-08,Solano,095,438530,44543,44265,1177,45442,329
2021-10-08,Sonoma,097,501317,40134,39848,517,40365,387
2021-10-08,Stanislaus,099,539301,75682,74899,8668,83567,1114
2021-10-08,Sutter,101,95872,13448,13314,300,13614,165
2021-10-08,Tehama,103,63373,7840,7670,1361,9031,99
2021-10-08,Trinity,105,12862,705,660,182,842,11
2021-10-08,Tulare,107,460477,64350,63398,14363,77761,932
2021-10-08,Tuolumne,109,53932,6653,6521,76,6597,89
2021-10-08,Ventura,111,848112,95921,95542,4345,99887,1158
2021-10-08,Yolo,113,214977,19081,18850,1072,19922,247
2021-10-08,Yuba,115,75493,9682,9551,242,9793,69
2021-10-07,Alameda,001,1643700,116861,116253,2861,119114,1356
2021-10-07,Alpine,003,1148,102,102,0,102,0
2021-10-07,Amador,005,37829,5301,5237,60,5297,62
2021-10-07,Butte,007,227075,19609,19277,3650,22927,250
2021-10-07,Calaveras,009,45235,3759,3716,45,3761,75
2021-10-07,Colusa,011,21464,2437,2419,590,3009,18
2021-10-07,Contra Costa,013,1133247,96814,96378,2124,98502,958
2021-10-07,Del Norte,015,27424,3504,3495,42,3537,39
2021-10-07,El Dorado,017,186661,15313,15153,1643,16796,144
2021-10-07,Fresno,019,978130,131755,130508,11747,142255,2018
2021-10-07,Glenn,021,27897,3310,3277,963,4240,26
2021-10-07,Humboldt,023,135768,8575,8448,482,8930,97
2021-10-07,Imperial,025,180216,32166,31989,3238,35227,760
2021-10-07,Inyo,027,18085,1884,1808,35,1843,39
2021-10-07,Kern,029,883053,121021,119795,20451,140246,1559
2021-10-07,Kings,031,150075,30244,29894,1907,31801,308
2021-10-07,Lake,033,64148,6392,6283,133,6416,97
2021-10-07,Lassen,035,31185,6551,6442,324,6766,25
2021-10-07,Los Angeles,037,10098052,1408627,1402810,55421,1458231,26280
2021-10-07,Madera,039,155013,21622,21313,1800,23113,271
2021-10-07,Marin,041,260295,17132,17049,437,17486,242
2021-10-07,Mariposa,043,17540,1089,1042,29,1071,5
2021-10-07,Mendocino,045,87422,7075,7011,413,7424,82
2021-10-07,Merced,047,269075,40106,39784,1535,41319,565
2021-10-07,Modoc,049,8938,492,477,173,650,5
2021-10-07,Mono,051,14174,1613,1577,16,1593,3
2021-10-07,Monterey,053,433212,47267,47168,3394,50562,577
2021-10-07,Napa,055,140530,12674,12586,99,12685,96
2021-10-07,Nevada,057,99092,8703,8613,299,8912,90
2021-10-07,Orange,059,3164182,300414,299089,14751,313840,5457
2021-10-07,Placer,061,380077,35248,34877,3525,38402,393
2021-10-07,Plumas,063,18699,1475,1418,29,1447,6
2021-10-07,Riverside,065,2383286,351565,350082,16877,366959,4965
2021-10-07,Sacramento,067,1510023,152400,151566,4332,155898,2160
2021-10-07,San Benito,069,59416,7164,7123,160,7283,71
2021-10-07,San Bernardino,071,2135413,344929,343452,11269,354721,5556
2021-10-07,San Diego,073,3302833,362463,359909,21023,380932,4111
2021-10-07,San Francisco,075,870044,51275,50960,2576,53536,643
2021-10-07,San Joaquin,077,732212,96226,95606,5283,100889,1669
2021-10-07,San Luis Obispo,079,281455,28393,28197,1194,29391,324
2021-10-07,San Mateo,081,765935,52346,52121,1436,53557,569
2021-10-07,Santa Barbara,083,443738,43128,42735,1645,44380,514
2021-10-07,Santa Clara,085,1922200,142870,142298,1245,143543,1873
2021-10-07,Santa Cruz,087,273765,19803,19635,1067,20702,217
2021-10-07,Shasta,089,179085,19813,19437,3395,22832,290
2021-10-07,Sierra,091,2930,156,141,17,158,0
2021-10-07,Siskiyou,093,43540,3179,3124,1240,4364,42
2021-10-07,Solano,095,438530,44502,44265,1173,45438,329
2021-10-07,Sonoma,097,501317,40097,39848,515,40363,387
2021-10-07,Stanislaus,099,539301,75523,74899,8639,83538,1114
2021-10-07,Sutter,101,95872,13426,13314,297,13611,165
2021-10-07,Tehama,103,63373,7805,7670,1357,9027,99
2021-10-07,Trinity,105,12862,703,660,182,842,11
2021-10-07,Tulare,107,460477,64189,63398,14324,77722,932
2021-10-07,Tuolumne,109,53932,6631,6521,76,6597,89
2021-10-07,Ventura,111,848112,95839,95542,4342,99884,1158
2021-10-07,Yolo,113,214977,19048,18850,1067,19917,247
2021-10-07,Yuba,115,75493,9656,9551,235,9786,69
2021-10-06,Alameda,001,1643700,116727,116058,2855,118913,1353
2021-10-06,Alpine,003,1148,102,102,0,102,0
2021-10-06,Amador,005,37829,5298,5205,60,5265,62
2021-10-06,Butte,007,227075,19546,19208,3643,22851,247
2021-10-06,Calaveras,009,45235,3750,3669,45,3714,75
2021-10-06,Colusa,011,21464,2435,2414,583,2997,18
2021-10-06,Contra Costa,013,1133247,96687,96184,2120,98304,953
2021-10-06,Del Norte,015,27424,3502,3490,39,3529,39
2021-10-06,El Dorado,017,186661,15288,15078,1641,16719,140
2021-10-06,Fresno,019,978130,131471,130074,11722,141796,2008
2021-10-06,Glenn,021,27897,3300,3270,960,4230,26
2021-10-06,Humboldt,023,135768,8561,8416,475,8891,94
2021-10-06,Imperial,025,180216,32113,31930,3227,35157,760
2021-10-06,Inyo,027,18085,1869,1806,35,1841,39
2021-10-06,Kern,029,883053,120767,119491,20356,139847,1552
2021-10-06,Kings,031,150075,30181,29785,1897,31682,308
2021-10-06,Lake,033,64148,6378,6271,133,6404,97
2021-10-06,Lassen,035,31185,6534,6429,323,6752,25
2021-10-06,Los Angeles,037,10098052,1407674,1401675,55375,1457050,26252
2021-10-06,Madera,039,155013,21567,21230,1791,23021,269
2021-10-06,Marin,041,260295,17123,17042,434,17476,242
2021-10-06,Mariposa,043,17540,1082,1036,29,1065,5
2021-10-06,Mendocino,045,87422,7066,6986,412,7398,81
2021-10-06,Merced,047,269075,40026,39666,1526,41192,563
2021-10-06,Modoc,049,8938,492,477,171,648,5
2021-10-06,Mono,051,14174,1601,1568,16,1584,3
2021-10-06,Monterey,053,433212,47236,47136,3388,50524,577
2021-10-06,Napa,055,140530,12650,12552,98,12650,96
2021-10-06,Nevada,057,99092,8687,8582,298,8880,90
2021-10-06,Orange,059,3164182,300183,298785,14738,313523,5448
2021-10-06,Placer,061,380077,35198,34764,3518,38282,390
2021-10-06,Plumas,063,18699,1453,1383,29,1412,6
2021-10-06,Riverside,065,2383286,351210,349645,16856,366501,4953
2021-10-06,Sacramento,067,1510023,152148,151164,4300,155464,2141
2021-10-06,San Benito,069,59416,7149,7108,160,7268,69
2021-10-06,San Bernardino,071,2135413,344639,343022,11262,354284,5551
2021-10-06,San Diego,073,3302833,361965,359564,20995,380559,4104
2021-10-06,San Francisco,075,870044,51212,50894,2572,53466,641
2021-10-06,San Joaquin,077,732212,96092,95418,5271,100689,1658
2021-10-06,San Luis Obispo,079,281455,28345,28170,1188,29358,323
2021-10-06,San Mateo,081,765935,52301,52056,1426,53482,569
2021-10-06,Santa Barbara,083,443738,43045,42687,1643,44330,513
2021-10-06,Santa Clara,085,1922200,142723,142124,1240,143364,1872
2021-10-06,Santa Cruz,087,273765,19774,19604,1065,20669,217
2021-10-06,Shasta,089,179085,19740,19325,3383,22708,287
2021-10-06,Sierra,091,2930,154,138,17,155,0
2021-10-06,Siskiyou,093,43540,3170,3116,1232,4348,42
2021-10-06,Solano,095,438530,44469,44185,1172,45357,328
2021-10-06,Sonoma,097,501317,40047,39787,515,40302,383
2021-10-06,Stanislaus,099,539301,75381,74699,8626,83325,1114
2021-10-06,Sutter,101,95872,13406,13284,294,13578,164
2021-10-06,Tehama,103,63373,7766,7629,1350,8979,99
2021-10-06,Trinity,105,12862,700,656,182,838,11
2021-10-06,Tulare,107,460477,64016,63198,14268,77466,926
2021-10-06,Tuolumne,109,53932,6606,6486,76,6562,89
2021-10-06,Ventura,111,848112,95750,95449,4335,99784,1158
2021-10-06,Yolo,113,214977,19016,18815,1062,19877,247
2021-10-06,Yuba,115,75493,9632,9520,234,9754,69
2021-10-05,Alameda,001,1643700,116587,115968,2849,118817,1350
2021-10-05,Alpine,003,1148,102,102,0,102,0
2021-10-05,Amador,005,37829,5277,5194,59,5253,61
2021-10-05,Butte,007,227075,19498,19137,3633,22770,246
2021-10-05,Calaveras,009,45235,3734,3657,45,3702,73
2021-10-05,Colusa,011,21464,2428,2414,582,2996,18
2021-10-05,Contra Costa,013,1133247,96573,96108,2112,98220,941
2021-10-05,Del Norte,015,27424,3500,3485,38,3523,39
2021-10-05,El Dorado,017,186661,15248,15052,1638,16690,140
2021-10-05,Fresno,019,978130,131135,129957,11693,141650,1987
2021-10-05,Glenn,021,27897,3291,3270,956,4226,26
2021-10-05,Humboldt,023,135768,8529,8398,471,8869,94
2021-10-05,Imperial,025,180216,32065,31909,3222,35131,759
2021-10-05,Inyo,027,18085,1852,1800,35,1835,39
2021-10-05,Kern,029,883053,120501,119260,20255,139515,1540
2021-10-05,Kings,031,150075,30107,29749,1890,31639,301
2021-10-05,Lake,033,64148,6357,6264,132,6396,97
2021-10-05,Lassen,035,31185,6515,6417,321,6738,25
2021-10-05,Los Angeles,037,10098052,1406537,1400300,55323,1455623,26223
2021-10-05,Madera,039,155013,21509,21183,1779,22962,269
2021-10-05,Marin,041,260295,17111,17024,434,17458,242
2021-10-05,Mariposa,043,17540,1063,1033,26,1059,5
2021-10-05,Mendocino,045,87422,7048,6972,405,7377,79
2021-10-05,Merced,047,269075,39960,39608,1517,41125,562
2021-10-05,Modoc,049,8938,488,475,170,645,5
2021-10-05,Mono,051,14174,1595,1565,16,1581,3
2021-10-05,Monterey,053,433212,47223,47087,3374,50461,573
2021-10-05,Napa,055,140530,12626,12533,98,12631,96
2021-10-05,Nevada,057,99092,8657,8576,298,8874,90
2021-10-05,Orange,059,3164182,299909,298589,14706,313295,5441
2021-10-05,Placer,061,380077,35118,34728,3511,38239,382
2021-10-05,Plumas,063,18699,1427,1357,29,1386,6
2021-10-05,Riverside,065,2383286,350851,349365,16841,366206,4942
2021-10-05,Sacramento,067,1510023,151886,151111,4264,155375,2126
2021-10-05,San Benito,069,59416,7130,7103,158,7261,69
2021-10-05,San Bernardino,071,2135413,344310,342711,11255,353966,5557
2021-10-05,San Diego,073,3302833,361383,359194,20966,380160,4092
2021-10-05,San Francisco,075,870044,51121,50826,2566,53392,641
2021-10-05,San Joaquin,077,732212,95941,95276,5244,100520,1651
2021-10-05,San Luis Obispo,079,281455,28301,28113,1186,29299,324
2021-10-05,San Mateo,081,765935,52259,52008,1425,53433,569
2021-10-05,Santa Barbara,083,443738,42967,42595,1639,44234,511
2021-10-05,Santa Clara,085,1922200,142567,141971,1233,143204,1873
2021-10-05,Santa Cruz,087,273765,19733,19582,1064,20646,216
2021-10-05,Shasta,089,179085,19669,19285,3369,22654,286
2021-10-05,Sierra,091,2930,150,136,17,153,0
2021-10-05,Siskiyou,093,43540,3156,3107,1232,4339,42
2021-10-05,Solano,095,438530,44400,44149,1170,45319,325
2021-10-05,Sonoma,097,501317,39993,39756,510,40266,383
2021-10-05,Stanislaus,099,539301,75219,74599,8608,83207,1114
2021-10-05,Sutter,101,95872,13378,13270,293,13563,164
2021-10-05,Tehama,103,63373,7736,7607,1343,8950,98
2021-10-05,Trinity,105,12862,697,655,182,837,11
2021-10-05,Tulare,107,460477,63813,63093,14214,77307,920
2021-10-05,Tuolumne,109,53932,6591,6473,75,6548,89
2021-10-05,Ventura,111,848112,95645,95351,4334,99685,1155
2021-10-05,Yolo,113,214977,18982,18782,1056,19838,245
2021-10-05,Yuba,115,75493,9600,9504,231,9735,69
2021-10-04,Alameda,001,1643700,116430,115845,2845,118690,1347
2021-10-04,Alpine,003,1148,102,102,0,102,0
2021-10-04,Amador,005,37829,5267,5163,58,5221,61
2021-10-04,Butte,007,227075,19421,19081,3622,22703,245
2021-10-04,Calaveras,009,45235,3724,3641,45,3686,73
2021-10-04,Colusa,011,21464,2427,2414,581,2995,18
2021-10-04,Contra Costa,013,1133247,96433,95958,2107,98065,937
2021-10-04,Del Norte,015,27424,3498,3485,34,3519,39
2021-10-04,El Dorado,017,186661,15201,15031,1631,16662,138
2021-10-04,Fresno,019,978130,130830,129665,11675,141340,1978
2021-10-04,Glenn,021,27897,3285,3270,950,4220,26
2021-10-04,Humboldt,023,135768,8495,8355,463,8818,94
2021-10-04,Imperial,025,180216,32017,31866,3214,35080,757
2021-10-04,Inyo,027,18085,1840,1792,32,1824,39
2021-10-04,Kern,029,883053,120219,118984,20126,139110,1531
2021-10-04,Kings,031,150075,30016,29702,1886,31588,303
2021-10-04,Lake,033,64148,6345,6248,132,6380,97
2021-10-04,Lassen,035,31185,6499,6405,321,6726,25
2021-10-04,Los Angeles,037,10098052,1405431,1399604,55263,1454867,26186
2021-10-04,Madera,039,155013,21445,21126,1769,22895,266
2021-10-04,Marin,041,260295,17095,17008,433,17441,242
2021-10-04,Mariposa,043,17540,1051,1024,26,1050,5
2021-10-04,Mendocino,045,87422,7031,6947,401,7348,79
2021-10-04,Merced,047,269075,39846,39565,1500,41065,558
2021-10-04,Modoc,049,8938,485,473,170,643,5
2021-10-04,Mono,051,14174,1585,1561,16,1577,3
2021-10-04,Monterey,053,433212,47203,47058,3366,50424,571
2021-10-04,Napa,055,140530,12601,12506,98,12604,96
2021-10-04,Nevada,057,99092,8637,8563,298,8861,90
2021-10-04,Orange,059,3164182,299618,298165,14673,312838,5438
2021-10-04,Placer,061,380077,35034,34630,3483,38113,379
2021-10-04,Plumas,063,18699,1403,1329,29,1358,6
2021-10-04,Riverside,065,2383286,350471,348828,16831,365659,4923
2021-10-04,Sacramento,067,1510023,151563,150887,4237,155124,2115
2021-10-04,San Benito,069,59416,7118,7099,158,7257,69
2021-10-04,San Bernardino,071,2135413,343957,342418,11242,353660,5551
2021-10-04,San Diego,073,3302833,360807,358525,20934,379459,4090
2021-10-04,San Francisco,075,870044,51027,50798,2561,53359,638
2021-10-04,San Joaquin,077,732212,95744,95198,5223,100421,1649
2021-10-04,San Luis Obispo,079,281455,28257,28090,1180,29270,323
2021-10-04,San Mateo,081,765935,52207,51958,1417,53375,569
2021-10-04,Santa Barbara,083,443738,42887,42585,1638,44223,511
2021-10-04,Santa Clara,085,1922200,142426,141840,1227,143067,1869
2021-10-04,Santa Cruz,087,273765,19704,19559,1063,20622,216
2021-10-04,Shasta,089,179085,19565,19170,3356,22526,279
2021-10-04,Sierra,091,2930,143,136,16,152,0
2021-10-04,Siskiyou,093,43540,3147,3103,1217,4320,42
2021-10-04,Solano,095,438530,44344,44092,1168,45260,322
2021-10-04,Sonoma,097,501317,39931,39720,509,40229,381
2021-10-04,Stanislaus,099,539301,75066,74444,8589,83033,1106
2021-10-04,Sutter,101,95872,13349,13261,292,13553,164
2021-10-04,Tehama,103,63373,7698,7585,1337,8922,95
2021-10-04,Trinity,105,12862,696,649,181,830,11
2021-10-04,Tulare,107,460477,63625,62957,14145,77102,920
2021-10-04,Tuolumne,109,53932,6565,6442,75,6517,89
2021-10-04,Ventura,111,848112,95558,95170,4328,99498,1153
2021-10-04,Yolo,113,214977,18938,18761,1051,19812,242
2021-10-04,Yuba,115,75493,9561,9481,229,9710,68
2021-10-03,Alameda,001,1643700,116289,115751,2836,118587,1349
2021-10-03,Alpine,003,1148,102,102,0,102,0
2021-10-03,Amador,005,37829,5249,5160,56,5216,61
2021-10-03,Butte,007,227075,19347,19066,3606,22672,245
2021-10-03,Calaveras,009,45235,3707,3632,45,3677,73
2021-10-03,Colusa,011,21464,2426,2413,578,2991,18
2021-10-03,Contra Costa,013,1133247,96306,95890,2100,97990,937
2021-10-03,Del Norte,015,27424,3492,3483,33,3516,39
2021-10-03,El Dorado,017,186661,15143,15014,1624,16638,139
2021-10-03,Fresno,019,978130,130452,129365,11643,141008,1978
2021-10-03,Glenn,021,27897,3273,3266,942,4208,26
2021-10-03,Humboldt,023,135768,8450,8352,459,8811,94
2021-10-03,Imperial,025,180216,31950,31844,3207,35051,757
2021-10-03,Inyo,027,18085,1820,1788,31,1819,39
2021-10-03,Kern,029,883053,119914,118851,20004,138855,1535
2021-10-03,Kings,031,150075,29918,29623,1878,31501,300
2021-10-03,Lake,033,64148,6319,6239,132,6371,97
2021-10-03,Lassen,035,31185,6477,6400,319,6719,25
2021-10-03,Los Angeles,037,10098052,1404164,1398790,55206,1453996,26179
2021-10-03,Madera,039,155013,21373,21066,1760,22826,266
2021-10-03,Marin,041,260295,17072,16995,428,17423,242
2021-10-03,Mariposa,043,17540,1044,1011,26,1037,5
2021-10-03,Mendocino,045,87422,7010,6939,392,7331,79
2021-10-03,Merced,047,269075,39736,39516,1484,41000,558
2021-10-03,Modoc,049,8938,484,472,169,641,5
2021-10-03,Mono,051,14174,1574,1554,16,1570,3
2021-10-03,Monterey,053,433212,47183,47049,3350,50399,571
2021-10-03,Napa,055,140530,12573,12489,96,12585,96
2021-10-03,Nevada,057,99092,8602,8545,298,8843,90
2021-10-03,Orange,059,3164182,299336,298027,14656,312683,5447
2021-10-03,Placer,061,380077,34897,34596,3466,38062,379
2021-10-03,Plumas,063,18699,1378,1328,29,1357,6
2021-10-03,Riverside,065,2383286,350039,348593,16811,365404,4924
2021-10-03,Sacramento,067,1510023,151275,150664,4207,154871,2120
2021-10-03,San Benito,069,59416,7109,7095,158,7253,69
2021-10-03,San Bernardino,071,2135413,343553,342302,11233,353535,5555
2021-10-03,San Diego,073,3302833,360215,358153,20897,379050,4081
2021-10-03,San Francisco,075,870044,50942,50733,2555,53288,638
2021-10-03,San Joaquin,077,732212,95559,95133,5216,100349,1649
2021-10-03,San Luis Obispo,079,281455,28190,28065,1175,29240,325
2021-10-03,San Mateo,081,765935,52151,51923,1406,53329,569
2021-10-03,Santa Barbara,083,443738,42793,42550,1630,44180,511
2021-10-03,Santa Clara,085,1922200,142257,141737,1219,142956,1869
2021-10-03,Santa Cruz,087,273765,19665,19548,1060,20608,216
2021-10-03,Shasta,089,179085,19461,19132,3326,22458,279
2021-10-03,Sierra,091,2930,140,136,16,152,0
2021-10-03,Siskiyou,093,43540,3134,3096,1206,4302,42
2021-10-03,Solano,095,438530,44285,44051,1165,45216,322
2021-10-03,Sonoma,097,501317,39867,39679,509,40188,381
2021-10-03,Stanislaus,099,539301,74878,74366,8571,82937,1106
2021-10-03,Sutter,101,95872,13334,13248,288,13536,164
2021-10-03,Tehama,103,63373,7653,7564,1330,8894,94
2021-10-03,Trinity,105,12862,692,647,179,826,11
2021-10-03,Tulare,107,460477,63434,62860,14071,76931,924
2021-10-03,Tuolumne,109,53932,6536,6430,73,6503,89
2021-10-03,Ventura,111,848112,95448,95108,4325,99433,1153
2021-10-03,Yolo,113,214977,18906,18720,1044,19764,242
2021-10-03,Yuba,115,75493,9543,9462,228,9690,68
2021-10-02,Alameda,001,1643700,116187,115185,2832,118017,1343
2021-10-02,Alpine,003,1148,102,102,0,102,0
2021-10-02,Amador,005,37829,5240,5105,56,5161,61
2021-10-02,Butte,007,227075,19317,18911,3599,22510,243
2021-10-02,Calaveras,009,45235,3700,3585,45,3630,72
2021-10-02,Colusa,011,21464,2426,2403,575,2978,18
2021-10-02,Contra Costa,013,1133247,96235,95369,2096,97465,933
2021-10-02,Del Norte,015,27424,3487,3468,33,3501,39
2021-10-02,El Dorado,017,186661,15118,14887,1623,16510,136
2021-10-02,Fresno,019,978130,130283,128450,11632,140082,1964
2021-10-02,Glenn,021,27897,3273,3234,942,4176,26
2021-10-02,Humboldt,023,135768,8432,8244,458,8702,94
2021-10-02,Imperial,025,180216,31916,31674,3203,34877,757
2021-10-02,Inyo,027,18085,1811,1746,31,1777,39
2021-10-02,Kern,029,883053,119781,117962,19920,137882,1524
2021-10-02,Kings,031,150075,29868,29339,1875,31214,301
2021-10-02,Lake,033,64148,6310,6191,132,6323,97
2021-10-02,Lassen,035,31185,6472,6360,319,6679,25
2021-10-02,Los Angeles,037,10098052,1403556,1395070,55169,1450239,26126
2021-10-02,Madera,039,155013,21348,20931,1751,22682,266
2021-10-02,Marin,041,260295,17067,16936,425,17361,242
2021-10-02,Mariposa,043,17540,1043,967,26,993,5
2021-10-02,Mendocino,045,87422,7000,6869,392,7261,78
2021-10-02,Merced,047,269075,39711,39196,1481,40677,552
2021-10-02,Modoc,049,8938,482,468,169,637,5
2021-10-02,Mono,051,14174,1572,1540,16,1556,3
2021-10-02,Monterey,053,433212,47138,46964,3341,50305,571
2021-10-02,Napa,055,140530,12563,12433,96,12529,96
2021-10-02,Nevada,057,99092,8591,8474,297,8771,87
2021-10-02,Orange,059,3164182,299173,297307,14636,311943,5435
2021-10-02,Placer,061,380077,34831,34377,3457,37834,381
2021-10-02,Plumas,063,18699,1369,1298,29,1327,6
2021-10-02,Riverside,065,2383286,349800,347227,16800,364027,4895
2021-10-02,Sacramento,067,1510023,151101,149897,4198,154095,2099
2021-10-02,San Benito,069,59416,7102,7055,158,7213,69
2021-10-02,San Bernardino,071,2135413,343368,341212,11184,352396,5540
2021-10-02,San Diego,073,3302833,359896,356454,20873,377327,4078
2021-10-02,San Francisco,075,870044,50896,50393,2547,52940,634
2021-10-02,San Joaquin,077,732212,95495,94599,5210,99809,1646
2021-10-02,San Luis Obispo,079,281455,28167,27915,1175,29090,323
2021-10-02,San Mateo,081,765935,52112,51767,1401,53168,573
2021-10-02,Santa Barbara,083,443738,42753,42423,1630,44053,508
2021-10-02,Santa Clara,085,1922200,142145,141231,1215,142446,1862
2021-10-02,Santa Cruz,087,273765,19648,19461,1059,20520,214
2021-10-02,Shasta,089,179085,19415,18912,3320,22232,270
2021-10-02,Sierra,091,2930,139,131,16,147,0
2021-10-02,Siskiyou,093,43540,3133,3053,1203,4256,42
2021-10-02,Solano,095,438530,44240,43800,1164,44964,321
2021-10-02,Sonoma,097,501317,39833,39497,508,40005,382
2021-10-02,Stanislaus,099,539301,74791,73859,8559,82418,1099
2021-10-02,Sutter,101,95872,13325,13160,287,13447,160
2021-10-02,Tehama,103,63373,7640,7453,1330,8783,93
2021-10-02,Trinity,105,12862,689,625,179,804,10
2021-10-02,Tulare,107,460477,63359,62247,14044,76291,908
2021-10-02,Tuolumne,109,53932,6522,6369,73,6442,89
2021-10-02,Ventura,111,848112,95386,94854,4321,99175,1148
2021-10-02,Yolo,113,214977,18881,18640,1040,19680,242
2021-10-02,Yuba,115,75493,9524,9370,227,9597,66
2021-10-01,Alameda,001,1643700,116116,115185,2826,118011,1343
2021-10-01,Alpine,003,1148,102,102,0,102,0
2021-10-01,Amador,005,37829,5220,5105,56,5161,61
2021-10-01,Butte,007,227075,19276,18911,3593,22504,243
2021-10-01,Calaveras,009,45235,3690,3585,45,3630,72
2021-10-01,Colusa,011,21464,2424,2403,575,2978,18
2021-10-01,Contra Costa,013,1133247,96138,95369,2092,97461,933
2021-10-01,Del Norte,015,27424,3484,3468,32,3500,39
2021-10-01,El Dorado,017,186661,15101,14887,1619,16506,136
2021-10-01,Fresno,019,978130,130099,128450,11622,140072,1964
2021-10-01,Glenn,021,27897,3273,3234,940,4174,26
2021-10-01,Humboldt,023,135768,8416,8244,457,8701,94
2021-10-01,Imperial,025,180216,31897,31674,3195,34869,757
2021-10-01,Inyo,027,18085,1802,1746,31,1777,39
2021-10-01,Kern,029,883053,119632,117962,19858,137820,1524
2021-10-01,Kings,031,150075,29834,29339,1869,31208,301
2021-10-01,Lake,033,64148,6300,6191,132,6323,97
2021-10-01,Lassen,035,31185,6461,6360,317,6677,25
2021-10-01,Los Angeles,037,10098052,1402801,1395070,55123,1450193,26126
2021-10-01,Madera,039,155013,21299,20931,1741,22672,266
2021-10-01,Marin,041,260295,17052,16936,424,17360,242
2021-10-01,Mariposa,043,17540,1036,967,26,993,5
2021-10-01,Mendocino,045,87422,6988,6869,392,7261,78
2021-10-01,Merced,047,269075,39671,39196,1471,40667,552
2021-10-01,Modoc,049,8938,481,468,169,637,5
2021-10-01,Mono,051,14174,1570,1540,16,1556,3
2021-10-01,Monterey,053,433212,47119,46964,3336,50300,571
2021-10-01,Napa,055,140530,12553,12433,95,12528,96
2021-10-01,Nevada,057,99092,8577,8474,296,8770,87
2021-10-01,Orange,059,3164182,298988,297307,14619,311926,5435
2021-10-01,Placer,061,380077,34796,34377,3453,37830,381
2021-10-01,Plumas,063,18699,1363,1298,29,1327,6
2021-10-01,Riverside,065,2383286,349506,347227,16793,364020,4895
2021-10-01,Sacramento,067,1510023,150950,149897,4187,154084,2099
2021-10-01,San Benito,069,59416,7100,7055,156,7211,69
2021-10-01,San Bernardino,071,2135413,343170,341212,11181,352393,5540
2021-10-01,San Diego,073,3302833,359527,356454,20852,377306,4078
2021-10-01,San Francisco,075,870044,50853,50393,2545,52938,634
2021-10-01,San Joaquin,077,732212,95426,94599,5206,99805,1646
2021-10-01,San Luis Obispo,079,281455,28145,27915,1173,29088,323
2021-10-01,San Mateo,081,765935,52078,51767,1392,53159,573
2021-10-01,Santa Barbara,083,443738,42718,42423,1630,44053,508
2021-10-01,Santa Clara,085,1922200,142054,141231,1209,142440,1862
2021-10-01,Santa Cruz,087,273765,19628,19461,1058,20519,214
2021-10-01,Shasta,089,179085,19361,18912,3312,22224,270
2021-10-01,Sierra,091,2930,139,131,16,147,0
2021-10-01,Siskiyou,093,43540,3132,3053,1200,4253,42
2021-10-01,Solano,095,438530,44188,43800,1158,44958,321
2021-10-01,Sonoma,097,501317,39801,39497,507,40004,382
2021-10-01,Stanislaus,099,539301,74709,73859,8547,82406,1099
2021-10-01,Sutter,101,95872,13309,13160,285,13445,160
2021-10-01,Tehama,103,63373,7631,7453,1328,8781,93
2021-10-01,Trinity,105,12862,687,625,179,804,10
2021-10-01,Tulare,107,460477,63256,62247,14009,76256,908
2021-10-01,Tuolumne,109,53932,6505,6369,73,6442,89
2021-10-01,Ventura,111,848112,95328,94854,4314,99168,1148
2021-10-01,Yolo,113,214977,18857,18640,1037,19677,242
2021-10-01,Yuba,115,75493,9502,9370,227,9597,66
2021-09-30,Alameda,001,1643700,115975,115185,2822,118007,1343
2021-09-30,Alpine,003,1148,102,102,0,102,0
2021-09-30,Amador,005,37829,5208,5105,56,5161,61
2021-09-30,Butte,007,227075,19227,18911,3585,22496,243
2021-09-30,Calaveras,009,45235,3675,3585,45,3630,72
2021-09-30,Colusa,011,21464,2421,2403,574,2977,18
2021-09-30,Contra Costa,013,1133247,96035,95369,2087,97456,933
2021-09-30,Del Norte,015,27424,3480,3468,29,3497,39
2021-09-30,El Dorado,017,186661,15076,14887,1611,16498,136
2021-09-30,Fresno,019,978130,129824,128450,11591,140041,1964
2021-09-30,Glenn,021,27897,3262,3234,940,4174,26
2021-09-30,Humboldt,023,135768,8384,8244,451,8695,94
2021-09-30,Imperial,025,180216,31846,31674,3193,34867,757
2021-09-30,Inyo,027,18085,1792,1746,31,1777,39
2021-09-30,Kern,029,883053,119390,117962,19776,137738,1524
2021-09-30,Kings,031,150075,29746,29339,1865,31204,301
2021-09-30,Lake,033,64148,6283,6191,132,6323,97
2021-09-30,Lassen,035,31185,6449,6360,317,6677,25
2021-09-30,Los Angeles,037,10098052,1401598,1395070,55061,1450131,26126
2021-09-30,Madera,039,155013,21216,20931,1726,22657,266
2021-09-30,Marin,041,260295,17032,16936,423,17359,242
2021-09-30,Mariposa,043,17540,1014,967,26,993,5
2021-09-30,Mendocino,045,87422,6979,6869,383,7252,78
2021-09-30,Merced,047,269075,39574,39196,1468,40664,552
2021-09-30,Modoc,049,8938,481,468,168,636,5
2021-09-30,Mono,051,14174,1561,1540,16,1556,3
2021-09-30,Monterey,053,433212,47102,46964,3311,50275,571
2021-09-30,Napa,055,140530,12533,12433,95,12528,96
2021-09-30,Nevada,057,99092,8560,8474,296,8770,87
2021-09-30,Orange,059,3164182,298721,297307,14584,311891,5435
2021-09-30,Placer,061,380077,34744,34377,3432,37809,381
2021-09-30,Plumas,063,18699,1346,1298,29,1327,6
2021-09-30,Riverside,065,2383286,349074,347227,16771,363998,4895
2021-09-30,Sacramento,067,1510023,150696,149897,4159,154056,2099
2021-09-30,San Benito,069,59416,7094,7055,156,7211,69
2021-09-30,San Bernardino,071,2135413,342859,341212,11165,352377,5540
2021-09-30,San Diego,073,3302833,359035,356454,20824,377278,4078
2021-09-30,San Francisco,075,870044,50778,50393,2541,52934,634
2021-09-30,San Joaquin,077,732212,95299,94599,5198,99797,1646
2021-09-30,San Luis Obispo,079,281455,28098,27915,1169,29084,323
2021-09-30,San Mateo,081,765935,52034,51767,1387,53154,573
2021-09-30,Santa Barbara,083,443738,42665,42423,1629,44052,508
2021-09-30,Santa Clara,085,1922200,141908,141231,1205,142436,1862
2021-09-30,Santa Cruz,087,273765,19589,19461,1056,20517,214
2021-09-30,Shasta,089,179085,19299,18912,3297,22209,270
2021-09-30,Sierra,091,2930,138,131,16,147,0
2021-09-30,Siskiyou,093,43540,3124,3053,1195,4248,42
2021-09-30,Solano,095,438530,44140,43800,1155,44955,321
2021-09-30,Sonoma,097,501317,39752,39497,507,40004,382
2021-09-30,Stanislaus,099,539301,74551,73859,8529,82388,1099
2021-09-30,Sutter,101,95872,13288,13160,285,13445,160
2021-09-30,Tehama,103,63373,7591,7453,1317,8770,93
2021-09-30,Trinity,105,12862,683,625,179,804,10
2021-09-30,Tulare,107,460477,63091,62247,13946,76193,908
2021-09-30,Tuolumne,109,53932,6482,6369,73,6442,89
2021-09-30,Ventura,111,848112,95234,94854,4308,99162,1148
2021-09-30,Yolo,113,214977,18818,18640,1033,19673,242
2021-09-30,Yuba,115,75493,9479,9370,226,9596,66
2021-09-29,Alameda,001,1643700,115832,114998,2818,117816,1339
2021-09-29,Alpine,003,1148,102,101,0,101,0
2021-09-29,Amador,005,37829,5186,5058,56,5114,61
2021-09-29,Butte,007,227075,19173,18835,3578,22413,242
2021-09-29,Calaveras,009,45235,3657,3553,44,3597,72
2021-09-29,Colusa,011,21464,2419,2401,574,2975,18
2021-09-29,Contra Costa,013,1133247,95921,95213,2080,97293,929
2021-09-29,Del Norte,015,27424,3474,3467,29,3496,39
2021-09-29,El Dorado,017,186661,15047,14834,1604,16438,136
2021-09-29,Fresno,019,978130,129527,128068,11574,139642,1957
2021-09-29,Glenn,021,27897,3255,3213,938,4151,26
2021-09-29,Humboldt,023,135768,8361,8203,450,8653,94
2021-09-29,Imperial,025,180216,31779,31600,3188,34788,757
2021-09-29,Inyo,027,18085,1782,1740,30,1770,39
2021-09-29,Kern,029,883053,119156,117605,19700,137305,1513
2021-09-29,Kings,031,150075,29661,29195,1850,31045,299
2021-09-29,Lake,033,64148,6264,6164,132,6296,97
2021-09-29,Lassen,035,31185,6436,6347,317,6664,25
2021-09-29,Los Angeles,037,10098052,1400399,1393617,54987,1448604,26098
2021-09-29,Madera,039,155013,21171,20818,1711,22529,266
2021-09-29,Marin,041,260295,17014,16921,421,17342,242
2021-09-29,Mariposa,043,17540,1001,963,26,989,5
2021-09-29,Mendocino,045,87422,6967,6821,375,7196,78
2021-09-29,Merced,047,269075,39481,39026,1455,40481,552
2021-09-29,Modoc,049,8938,479,468,168,636,5
2021-09-29,Mono,051,14174,1560,1527,16,1543,3
2021-09-29,Monterey,053,433212,47073,46917,3291,50208,571
2021-09-29,Napa,055,140530,12513,12416,91,12507,96
2021-09-29,Nevada,057,99092,8547,8434,296,8730,87
2021-09-29,Orange,059,3164182,298459,296936,14550,311486,5429
2021-09-29,Placer,061,380077,34681,34271,3409,37680,379
2021-09-29,Plumas,063,18699,1328,1289,29,1318,6
2021-09-29,Riverside,065,2383286,348636,346558,16760,363318,4886
2021-09-29,Sacramento,067,1510023,150446,149686,4150,153836,2099
2021-09-29,San Benito,069,59416,7083,7039,156,7195,69
2021-09-29,San Bernardino,071,2135413,342539,340672,11152,351824,5539
2021-09-29,San Diego,073,3302833,358536,355899,20792,376691,4066
2021-09-29,San Francisco,075,870044,50693,50286,2538,52824,629
2021-09-29,San Joaquin,077,732212,95140,94356,5181,99537,1645
2021-09-29,San Luis Obispo,079,281455,28052,27800,1163,28963,323
2021-09-29,San Mateo,081,765935,51979,51673,1380,53053,573
2021-09-29,Santa Barbara,083,443738,42593,42328,1626,43954,507
2021-09-29,Santa Clara,085,1922200,141776,141036,1199,142235,1861
2021-09-29,Santa Cruz,087,273765,19572,19425,1054,20479,214
2021-09-29,Shasta,089,179085,19233,18805,3285,22090,271
2021-09-29,Sierra,091,2930,134,130,16,146,0
2021-09-29,Siskiyou,093,43540,3112,3043,1188,4231,42
2021-09-29,Solano,095,438530,44085,43724,1148,44872,321
2021-09-29,Sonoma,097,501317,39692,39426,505,39931,370
2021-09-29,Stanislaus,099,539301,74421,73634,8516,82150,1096
2021-09-29,Sutter,101,95872,13261,13135,282,13417,155
2021-09-29,Tehama,103,63373,7562,7409,1303,8712,88
2021-09-29,Trinity,105,12862,680,616,179,795,10
2021-09-29,Tulare,107,460477,62922,62046,13886,75932,908
2021-09-29,Tuolumne,109,53932,6465,6336,72,6408,89
2021-09-29,Ventura,111,848112,95146,94753,4304,99057,1144
2021-09-29,Yolo,113,214977,18785,18587,1028,19615,239
2021-09-29,Yuba,115,75493,9448,9351,222,9573,66
2021-09-28,Alameda,001,1643700,115675,114869,2811,117680,1333
2021-09-28,Alpine,003,1148,102,101,0,101,0
2021-09-28,Amador,005,37829,5164,5049,56,5105,61
2021-09-28,Butte,007,227075,19121,18764,3565,22329,241
2021-09-28,Calaveras,009,45235,3637,3530,44,3574,72
2021-09-28,Colusa,011,21464,2416,2399,572,2971,18
2021-09-28,Contra Costa,013,1133247,95780,95115,2075,97190,929
2021-09-28,Del Norte,015,27424,3472,3462,29,3491,39
2021-09-28,El Dorado,017,186661,15000,14793,1600,16393,133
2021-09-28,Fresno,019,978130,129181,127877,11546,139423,1948
2021-09-28,Glenn,021,27897,3249,3205,937,4142,26
2021-09-28,Humboldt,023,135768,8319,8159,447,8606,91
2021-09-28,Imperial,025,180216,31735,31543,3184,34727,757
2021-09-28,Inyo,027,18085,1768,1708,29,1737,39
2021-09-28,Kern,029,883053,118889,117420,19603,137023,1506
2021-09-28,Kings,031,150075,29564,29141,1840,30981,295
2021-09-28,Lake,033,64148,6249,6155,132,6287,95
2021-09-28,Lassen,035,31185,6431,6340,313,6653,25
2021-09-28,Los Angeles,037,10098052,1399114,1392445,54917,1447362,26068
2021-09-28,Madera,039,155013,21118,20764,1697,22461,266
2021-09-28,Marin,041,260295,16995,16887,419,17306,242
2021-09-28,Mariposa,043,17540,996,952,26,978,5
2021-09-28,Mendocino,045,87422,6946,6804,373,7177,78
2021-09-28,Merced,047,269075,39389,38953,1441,40394,551
2021-09-28,Modoc,049,8938,478,467,168,635,5
2021-09-28,Mono,051,14174,1550,1527,16,1543,3
2021-09-28,Monterey,053,433212,47042,46859,3276,50135,571
2021-09-28,Napa,055,140530,12497,12388,90,12478,96
2021-09-28,Nevada,057,99092,8524,8409,295,8704,84
2021-09-28,Orange,059,3164182,298213,296596,14524,311120,5421
2021-09-28,Placer,061,380077,34617,34187,3391,37578,370
2021-09-28,Plumas,063,18699,1318,1276,29,1305,6
2021-09-28,Riverside,065,2383286,348176,346096,16737,362833,4874
2021-09-28,Sacramento,067,1510023,150169,149310,4118,153428,2086
2021-09-28,San Benito,069,59416,7066,7028,155,7183,69
2021-09-28,San Bernardino,071,2135413,342190,340342,11133,351475,5540
2021-09-28,San Diego,073,3302833,357974,355373,20761,376134,4054
2021-09-28,San Francisco,075,870044,50596,50234,2532,52766,627
2021-09-28,San Joaquin,077,732212,94988,94194,5172,99366,1639
2021-09-28,San Luis Obispo,079,281455,28017,27755,1158,28913,321
2021-09-28,San Mateo,081,765935,51939,51620,1375,52995,571
2021-09-28,Santa Barbara,083,443738,42521,42226,1622,43848,506
2021-09-28,Santa Clara,085,1922200,141614,140886,1190,142076,1858
2021-09-28,Santa Cruz,087,273765,19531,19324,1053,20377,214
2021-09-28,Shasta,089,179085,19171,18701,3272,21973,267
2021-09-28,Sierra,091,2930,133,130,15,145,0
2021-09-28,Siskiyou,093,43540,3100,3032,1184,4216,42
2021-09-28,Solano,095,438530,44012,43652,1145,44797,316
2021-09-28,Sonoma,097,501317,39648,39395,504,39899,370
2021-09-28,Stanislaus,099,539301,74252,73528,8502,82030,1094
2021-09-28,Sutter,101,95872,13242,13102,278,13380,155
2021-09-28,Tehama,103,63373,7543,7382,1288,8670,88
2021-09-28,Trinity,105,12862,677,613,179,792,10
2021-09-28,Tulare,107,460477,62762,61916,13827,75743,905
2021-09-28,Tuolumne,109,53932,6439,6308,72,6380,89
2021-09-28,Ventura,111,848112,95028,94632,4301,98933,1143
2021-09-28,Yolo,113,214977,18759,18564,1025,19589,239
2021-09-28,Yuba,115,75493,9429,9323,221,9544,66
2021-09-27,Alameda,001,1643700,115489,114731,2802,117533,1327
2021-09-27,Alpine,003,1148,102,101,0,101,0
2021-09-27,Amador,005,37829,5150,5017,56,5073,59
2021-09-27,Butte,007,227075,19063,18687,3549,22236,239
2021-09-27,Calaveras,009,45235,3617,3514,43,3557,70
2021-09-27,Colusa,011,21464,2415,2393,571,2964,18
2021-09-27,Contra Costa,013,1133247,95649,94979,2066,97045,924
2021-09-27,Del Norte,015,27424,3470,3468,27,3495,37
2021-09-27,El Dorado,017,186661,14961,14764,1593,16357,132
2021-09-27,Fresno,019,978130,128862,127475,11515,138990,1942
2021-09-27,Glenn,021,27897,3235,3189,933,4122,26
2021-09-27,Humboldt,023,135768,8279,8118,447,8565,91
2021-09-27,Imperial,025,180216,31671,31491,3177,34668,756
2021-09-27,Inyo,027,18085,1756,1698,29,1727,39
2021-09-27,Kern,029,883053,118616,117064,19504,136568,1503
2021-09-27,Kings,031,150075,29466,28998,1828,30826,297
2021-09-27,Lake,033,64148,6228,6126,132,6258,95
2021-09-27,Lassen,035,31185,6416,6327,309,6636,25
2021-09-27,Los Angeles,037,10098052,1397786,1391538,54846,1446384,26040
2021-09-27,Madera,039,155013,21052,20691,1689,22380,262
2021-09-27,Marin,041,260295,16973,16861,418,17279,242
2021-09-27,Mariposa,043,17540,986,931,26,957,5
2021-09-27,Mendocino,045,87422,6921,6761,366,7127,74
2021-09-27,Merced,047,269075,39293,38840,1435,40275,548
2021-09-27,Modoc,049,8938,477,465,166,631,5
2021-09-27,Mono,051,14174,1535,1525,16,1541,3
2021-09-27,Monterey,053,433212,47003,46811,3263,50074,571
2021-09-27,Napa,055,140530,12473,12354,89,12443,95
2021-09-27,Nevada,057,99092,8501,8379,292,8671,84
2021-09-27,Orange,059,3164182,297908,296334,14494,310828,5409
2021-09-27,Placer,061,380077,34529,34087,3386,37473,370
2021-09-27,Plumas,063,18699,1308,1269,29,1298,6
2021-09-27,Riverside,065,2383286,347735,345529,16727,362256,4864
2021-09-27,Sacramento,067,1510023,149854,149096,4095,153191,2076
2021-09-27,San Benito,069,59416,7049,7017,155,7172,67
2021-09-27,San Bernardino,071,2135413,341782,339952,11110,351062,5544
2021-09-27,San Diego,073,3302833,357319,354755,20736,375491,4054
2021-09-27,San Francisco,075,870044,50512,50157,2529,52686,622
2021-09-27,San Joaquin,077,732212,94807,94085,5169,99254,1633
2021-09-27,San Luis Obispo,079,281455,27963,27674,1155,28829,320
2021-09-27,San Mateo,081,765935,51874,51552,1366,52918,571
2021-09-27,Santa Barbara,083,443738,42455,42012,1618,43630,505
2021-09-27,Santa Clara,085,1922200,141436,140802,1180,141982,1853
2021-09-27,Santa Cruz,087,273765,19508,19292,1052,20344,214
2021-09-27,Shasta,089,179085,19089,18599,3245,21844,267
2021-09-27,Sierra,091,2930,133,128,15,143,0
2021-09-27,Siskiyou,093,43540,3088,3015,1179,4194,42
2021-09-27,Solano,095,438530,43941,43582,1140,44722,314
2021-09-27,Sonoma,097,501317,39597,39347,504,39851,370
2021-09-27,Stanislaus,099,539301,74096,73370,8483,81853,1091
2021-09-27,Sutter,101,95872,13212,13082,274,13356,155
2021-09-27,Tehama,103,63373,7506,7345,1278,8623,88
2021-09-27,Trinity,105,12862,666,605,178,783,9
2021-09-27,Tulare,107,460477,62566,61708,13756,75464,904
2021-09-27,Tuolumne,109,53932,6421,6264,72,6336,89
2021-09-27,Ventura,111,848112,94906,94477,4297,98774,1138
2021-09-27,Yolo,113,214977,18728,18524,1024,19548,239
2021-09-27,Yuba,115,75493,9392,9292,217,9509,64
2021-09-26,Alameda,001,1643700,115294,114601,2796,117397,1326
2021-09-26,Alpine,003,1148,101,101,0,101,0
2021-09-26,Amador,005,37829,5118,5001,55,5056,59
2021-09-26,Butte,007,227075,18987,18634,3532,22166,238
2021-09-26,Calaveras,009,45235,3595,3505,43,3548,70
2021-09-26,Colusa,011,21464,2409,2392,568,2960,18
2021-09-26,Contra Costa,013,1133247,95478,94877,2053,96930,924
2021-09-26,Del Norte,015,27424,3464,3466,26,3492,37
2021-09-26,El Dorado,017,186661,14920,14738,1585,16323,132
2021-09-26,Fresno,019,978130,128510,127235,11480,138715,1939
2021-09-26,Glenn,021,27897,3222,3182,933,4115,26
2021-09-26,Humboldt,023,135768,8244,8098,446,8544,91
2021-09-26,Imperial,025,180216,31609,31462,3176,34638,756
2021-09-26,Inyo,027,18085,1741,1685,29,1714,39
2021-09-26,Kern,029,883053,118282,116927,19392,136319,1502
2021-09-26,Kings,031,150075,29365,28930,1816,30746,293
2021-09-26,Lake,033,64148,6211,6113,132,6245,95
2021-09-26,Lassen,035,31185,6406,6319,304,6623,25
2021-09-26,Los Angeles,037,10098052,1396312,1390577,54772,1445349,26035
2021-09-26,Madera,039,155013,20978,20629,1670,22299,262
2021-09-26,Marin,041,260295,16950,16860,418,17278,242
2021-09-26,Mariposa,043,17540,981,929,26,955,5
2021-09-26,Mendocino,045,87422,6888,6744,351,7095,74
2021-09-26,Merced,047,269075,39128,38717,1430,40147,548
2021-09-26,Modoc,049,8938,477,465,165,630,5
2021-09-26,Mono,051,14174,1533,1516,16,1532,3
2021-09-26,Monterey,053,433212,46957,46792,3249,50041,571
2021-09-26,Napa,055,140530,12449,12340,88,12428,95
2021-09-26,Nevada,057,99092,8471,8356,290,8646,84
2021-09-26,Orange,059,3164182,297578,296085,14465,310550,5409
2021-09-26,Placer,061,380077,34434,34043,3376,37419,370
2021-09-26,Plumas,063,18699,1288,1268,29,1297,6
2021-09-26,Riverside,065,2383286,347206,345257,16713,361970,4864
2021-09-26,Sacramento,067,1510023,149452,148745,4076,152821,2071
2021-09-26,San Benito,069,59416,7032,7012,154,7166,67
2021-09-26,San Bernardino,071,2135413,341326,339771,11095,350866,5545
2021-09-26,San Diego,073,3302833,356682,354414,20693,375107,4051
2021-09-26,San Francisco,075,870044,50389,50092,2518,52610,622
2021-09-26,San Joaquin,077,732212,94604,93935,5157,99092,1633
2021-09-26,San Luis Obispo,079,281455,27890,27624,1150,28774,319
2021-09-26,San Mateo,081,765935,51820,51496,1352,52848,571
2021-09-26,Santa Barbara,083,443738,42369,41946,1615,43561,505
2021-09-26,Santa Clara,085,1922200,141239,140667,1175,141842,1852
2021-09-26,Santa Cruz,087,273765,19483,19279,1052,20331,214
2021-09-26,Shasta,089,179085,18980,18566,3221,21787,266
2021-09-26,Sierra,091,2930,133,128,15,143,0
2021-09-26,Siskiyou,093,43540,3074,2998,1169,4167,42
2021-09-26,Solano,095,438530,43876,43537,1139,44676,314
2021-09-26,Sonoma,097,501317,39540,39302,504,39806,370
2021-09-26,Stanislaus,099,539301,73894,73243,8456,81699,1091
2021-09-26,Sutter,101,95872,13175,13045,273,13318,155
2021-09-26,Tehama,103,63373,7451,7323,1268,8591,88
2021-09-26,Trinity,105,12862,663,591,178,769,9
2021-09-26,Tulare,107,460477,62348,61560,13677,75237,904
2021-09-26,Tuolumne,109,53932,6393,6236,70,6306,89
2021-09-26,Ventura,111,848112,94794,94391,4291,98682,1138
2021-09-26,Yolo,113,214977,18693,18496,1016,19512,239
2021-09-26,Yuba,115,75493,9365,9275,217,9492,64
2021-09-25,Alameda,001,1643700,115218,114014,2792,116806,1324
2021-09-25,Alpine,003,1148,101,101,0,101,0
2021-09-25,Amador,005,37829,5105,4934,54,4988,59
2021-09-25,Butte,007,227075,18958,18396,3523,21919,236
2021-09-25,Calaveras,009,45235,3591,3461,43,3504,70
2021-09-25,Colusa,011,21464,2407,2387,566,2953,16
2021-09-25,Contra Costa,013,1133247,95407,94337,2049,96386,924
2021-09-25,Del Norte,015,27424,3463,3404,26,3430,35
2021-09-25,El Dorado,017,186661,14897,14641,1581,16222,130
2021-09-25,Fresno,019,978130,128367,126299,11469,137768,1927
2021-09-25,Glenn,021,27897,3220,3144,932,4076,25
2021-09-25,Humboldt,023,135768,8225,8014,444,8458,88
2021-09-25,Imperial,025,180216,31582,31280,3176,34456,755
2021-09-25,Inyo,027,18085,1733,1657,29,1686,39
2021-09-25,Kern,029,883053,118130,116021,19321,135342,1485
2021-09-25,Kings,031,150075,29314,28636,1813,30449,293
2021-09-25,Lake,033,64148,6206,6046,130,6176,92
2021-09-25,Lassen,035,31185,6394,6248,303,6551,25
2021-09-25,Los Angeles,037,10098052,1395602,1386417,54730,1441147,25964
2021-09-25,Madera,039,155013,20953,20432,1664,22096,262
2021-09-25,Marin,041,260295,16941,16802,416,17218,242
2021-09-25,Mariposa,043,17540,976,906,26,932,5
2021-09-25,Mendocino,045,87422,6869,6657,350,7007,74
2021-09-25,Merced,047,269075,39084,38393,1428,39821,546
2021-09-25,Modoc,049,8938,477,460,165,625,5
2021-09-25,Mono,051,14174,1532,1501,16,1517,3
2021-09-25,Monterey,053,433212,46932,46653,3242,49895,567
2021-09-25,Napa,055,140530,12430,12266,88,12354,95
2021-09-25,Nevada,057,99092,8454,8285,290,8575,84
2021-09-25,Orange,059,3164182,297405,294514,14447,308961,5374
2021-09-25,Placer,061,380077,34370,33764,3373,37137,367
2021-09-25,Plumas,063,18699,1285,1238,29,1267,6
2021-09-25,Riverside,065,2383286,346883,343463,16705,360168,4843
2021-09-25,Sacramento,067,1510023,149276,147728,4065,151793,2049
2021-09-25,San Benito,069,59416,7027,6965,154,7119,67
2021-09-25,San Bernardino,071,2135413,341091,338413,11081,349494,5540
2021-09-25,San Diego,073,3302833,356333,352017,20667,372684,4039
2021-09-25,San Francisco,075,870044,50345,49840,2517,52357,615
2021-09-25,San Joaquin,077,732212,94518,93273,5156,98429,1628
2021-09-25,San Luis Obispo,079,281455,27852,27447,1146,28593,318
2021-09-25,San Mateo,081,765935,51767,51266,1341,52607,568
2021-09-25,Santa Barbara,083,443738,42311,41728,1615,43343,505
2021-09-25,Santa Clara,085,1922200,141134,140023,1172,141195,1844
2021-09-25,Santa Cruz,087,273765,19467,19200,1050,20250,214
2021-09-25,Shasta,089,179085,18928,18256,3212,21468,262
2021-09-25,Sierra,091,2930,132,127,15,142,0
2021-09-25,Siskiyou,093,43540,3067,2956,1159,4115,41
2021-09-25,Solano,095,438530,43835,43331,1136,44467,312
2021-09-25,Sonoma,097,501317,39502,39112,504,39616,369
2021-09-25,Stanislaus,099,539301,73784,72628,8442,81070,1091
2021-09-25,Sutter,101,95872,13157,12976,270,13246,154
2021-09-25,Tehama,103,63373,7437,7200,1267,8467,86
2021-09-25,Trinity,105,12862,663,576,178,754,9
2021-09-25,Tulare,107,460477,62265,60909,13628,74537,898
2021-09-25,Tuolumne,109,53932,6383,6168,70,6238,89
2021-09-25,Ventura,111,848112,94730,94059,4287,98346,1129
2021-09-25,Yolo,113,214977,18671,18393,1015,19408,239
2021-09-25,Yuba,115,75493,9345,9191,217,9408,61
2021-09-24,Alameda,001,1643700,115115,114014,2787,116801,1324
2021-09-24,Alpine,003,1148,101,101,0,101,0
2021-09-24,Amador,005,37829,5075,4934,54,4988,59
2021-09-24,Butte,007,227075,18907,18396,3514,21910,236
2021-09-24,Calaveras,009,45235,3584,3461,42,3503,70
2021-09-24,Colusa,011,21464,2404,2387,565,2952,16
2021-09-24,Contra Costa,013,1133247,95299,94337,2045,96382,924
2021-09-24,Del Norte,015,27424,3460,3404,26,3430,35
2021-09-24,El Dorado,017,186661,14881,14641,1577,16218,130
2021-09-24,Fresno,019,978130,128167,126299,11458,137757,1927
2021-09-24,Glenn,021,27897,3215,3144,932,4076,25
2021-09-24,Humboldt,023,135768,8206,8014,441,8455,88
2021-09-24,Imperial,025,180216,31543,31280,3174,34454,755
2021-09-24,Inyo,027,18085,1724,1657,29,1686,39
2021-09-24,Kern,029,883053,117993,116021,19255,135276,1485
2021-09-24,Kings,031,150075,29273,28636,1808,30444,293
2021-09-24,Lake,033,64148,6198,6046,130,6176,92
2021-09-24,Lassen,035,31185,6386,6248,302,6550,25
2021-09-24,Los Angeles,037,10098052,1394727,1386417,54685,1441102,25964
2021-09-24,Madera,039,155013,20922,20432,1657,22089,262
2021-09-24,Marin,041,260295,16927,16802,415,17217,242
2021-09-24,Mariposa,043,17540,964,906,26,932,5
2021-09-24,Mendocino,045,87422,6856,6657,350,7007,74
2021-09-24,Merced,047,269075,39040,38393,1427,39820,546
2021-09-24,Modoc,049,8938,477,460,164,624,5
2021-09-24,Mono,051,14174,1529,1501,16,1517,3
2021-09-24,Monterey,053,433212,46917,46653,3230,49883,567
2021-09-24,Napa,055,140530,12411,12266,88,12354,95
2021-09-24,Nevada,057,99092,8440,8285,288,8573,84
2021-09-24,Orange,059,3164182,297203,294514,14429,308943,5374
2021-09-24,Placer,061,380077,34315,33764,3360,37124,367
2021-09-24,Plumas,063,18699,1281,1238,29,1267,6
2021-09-24,Riverside,065,2383286,346549,343463,16696,360159,4843
2021-09-24,Sacramento,067,1510023,149090,147728,4060,151788,2049
2021-09-24,San Benito,069,59416,7021,6965,154,7119,67
2021-09-24,San Bernardino,071,2135413,340827,338413,11071,349484,5540
2021-09-24,San Diego,073,3302833,355978,352017,20652,372669,4039
2021-09-24,San Francisco,075,870044,50283,49840,2507,52347,615
2021-09-24,San Joaquin,077,732212,94407,93273,5154,98427,1628
2021-09-24,San Luis Obispo,079,281455,27821,27447,1141,28588,318
2021-09-24,San Mateo,081,765935,51714,51266,1334,52600,568
2021-09-24,Santa Barbara,083,443738,42272,41728,1614,43342,505
2021-09-24,Santa Clara,085,1922200,141024,140023,1171,141194,1844
2021-09-24,Santa Cruz,087,273765,19444,19200,1049,20249,214
2021-09-24,Shasta,089,179085,18873,18256,3198,21454,262
2021-09-24,Sierra,091,2930,131,127,15,142,0
2021-09-24,Siskiyou,093,43540,3058,2956,1153,4109,41
2021-09-24,Solano,095,438530,43798,43331,1134,44465,312
2021-09-24,Sonoma,097,501317,39470,39112,504,39616,369
2021-09-24,Stanislaus,099,539301,73671,72628,8427,81055,1091
2021-09-24,Sutter,101,95872,13138,12976,269,13245,154
2021-09-24,Tehama,103,63373,7426,7200,1262,8462,86
2021-09-24,Trinity,105,12862,660,576,178,754,9
2021-09-24,Tulare,107,460477,62176,60909,13583,74492,898
2021-09-24,Tuolumne,109,53932,6354,6168,70,6238,89
2021-09-24,Ventura,111,848112,94652,94059,4281,98340,1129
2021-09-24,Yolo,113,214977,18639,18393,1012,19405,239
2021-09-24,Yuba,115,75493,9326,9191,217,9408,61
2021-09-23,Alameda,001,1643700,114962,114014,2782,116796,1324
2021-09-23,Alpine,003,1148,101,101,0,101,0
2021-09-23,Amador,005,37829,5062,4934,54,4988,59
2021-09-23,Butte,007,227075,18845,18396,3489,21885,236
2021-09-23,Calaveras,009,45235,3563,3461,42,3503,70
2021-09-23,Colusa,011,21464,2402,2387,563,2950,16
2021-09-23,Contra Costa,013,1133247,95159,94337,2037,96374,924
2021-09-23,Del Norte,015,27424,3451,3404,25,3429,35
2021-09-23,El Dorado,017,186661,14855,14641,1571,16212,130
2021-09-23,Fresno,019,978130,127872,126299,11446,137745,1927
2021-09-23,Glenn,021,27897,3200,3144,929,4073,25
2021-09-23,Humboldt,023,135768,8182,8014,439,8453,88
2021-09-23,Imperial,025,180216,31509,31280,3174,34454,755
2021-09-23,Inyo,027,18085,1710,1657,29,1686,39
2021-09-23,Kern,029,883053,117736,116021,19173,135194,1485
2021-09-23,Kings,031,150075,29170,28636,1798,30434,293
2021-09-23,Lake,033,64148,6188,6046,130,6176,92
2021-09-23,Lassen,035,31185,6377,6248,297,6545,25
2021-09-23,Los Angeles,037,10098052,1393540,1386417,54620,1441037,25964
2021-09-23,Madera,039,155013,20841,20432,1653,22085,262
2021-09-23,Marin,041,260295,16912,16802,414,17216,242
2021-09-23,Mariposa,043,17540,951,906,26,932,5
2021-09-23,Mendocino,045,87422,6835,6657,348,7005,74
2021-09-23,Merced,047,269075,38939,38393,1421,39814,546
2021-09-23,Modoc,049,8938,476,460,164,624,5
2021-09-23,Mono,051,14174,1527,1501,16,1517,3
2021-09-23,Monterey,053,433212,46878,46653,3210,49863,567
2021-09-23,Napa,055,140530,12394,12266,88,12354,95
2021-09-23,Nevada,057,99092,8413,8285,288,8573,84
2021-09-23,Orange,059,3164182,296905,294514,14407,308921,5374
2021-09-23,Placer,061,380077,34240,33764,3353,37117,367
2021-09-23,Plumas,063,18699,1263,1238,28,1266,6
2021-09-23,Riverside,065,2383286,346098,343463,16688,360151,4843
2021-09-23,Sacramento,067,1510023,148754,147728,4036,151764,2049
2021-09-23,San Benito,069,59416,7010,6965,154,7119,67
2021-09-23,San Bernardino,071,2135413,340469,338413,11055,349468,5540
2021-09-23,San Diego,073,3302833,355517,352017,20613,372630,4039
2021-09-23,San Francisco,075,870044,50212,49840,2503,52343,615
2021-09-23,San Joaquin,077,732212,94238,93273,5143,98416,1628
2021-09-23,San Luis Obispo,079,281455,27778,27447,1139,28586,318
2021-09-23,San Mateo,081,765935,51649,51266,1325,52591,568
2021-09-23,Santa Barbara,083,443738,42194,41728,1611,43339,505
2021-09-23,Santa Clara,085,1922200,140877,140023,1163,141186,1844
2021-09-23,Santa Cruz,087,273765,19413,19200,1049,20249,214
2021-09-23,Shasta,089,179085,18795,18256,3181,21437,262
2021-09-23,Sierra,091,2930,131,127,15,142,0
2021-09-23,Siskiyou,093,43540,3054,2956,1142,4098,41
2021-09-23,Solano,095,438530,43732,43331,1131,44462,312
2021-09-23,Sonoma,097,501317,39412,39112,501,39613,369
2021-09-23,Stanislaus,099,539301,73514,72628,8394,81022,1091
2021-09-23,Sutter,101,95872,13109,12976,269,13245,154
2021-09-23,Tehama,103,63373,7387,7200,1257,8457,86
2021-09-23,Trinity,105,12862,646,576,177,753,9
2021-09-23,Tulare,107,460477,62001,60909,13526,74435,898
2021-09-23,Tuolumne,109,53932,6329,6168,69,6237,89
2021-09-23,Ventura,111,848112,94551,94059,4273,98332,1129
2021-09-23,Yolo,113,214977,18610,18393,1007,19400,239
2021-09-23,Yuba,115,75493,9298,9191,216,9407,61
2021-09-22,Alameda,001,1643700,114807,113862,2778,116640,1322
2021-09-22,Alpine,003,1148,101,100,0,100,0
2021-09-22,Amador,005,37829,5046,4915,54,4969,59
2021-09-22,Butte,007,227075,18786,18337,3474,21811,235
2021-09-22,Calaveras,009,45235,3547,3448,42,3490,70
2021-09-22,Colusa,011,21464,2397,2384,562,2946,16
2021-09-22,Contra Costa,013,1133247,94978,94209,2027,96236,924
2021-09-22,Del Norte,015,27424,3440,3386,25,3411,35
2021-09-22,El Dorado,017,186661,14820,14605,1564,16169,127
2021-09-22,Fresno,019,978130,127618,126006,11435,137441,1908
2021-09-22,Glenn,021,27897,3194,3138,928,4066,25
2021-09-22,Humboldt,023,135768,8159,7998,431,8429,80
2021-09-22,Imperial,025,180216,31457,31243,3167,34410,755
2021-09-22,Inyo,027,18085,1700,1651,29,1680,39
2021-09-22,Kern,029,883053,117494,115757,19051,134808,1477
2021-09-22,Kings,031,150075,29087,28589,1792,30381,292
2021-09-22,Lake,033,64148,6175,6035,130,6165,93
2021-09-22,Lassen,035,31185,6357,6209,293,6502,25
2021-09-22,Los Angeles,037,10098052,1392222,1384719,54561,1439280,25930
2021-09-22,Madera,039,155013,20784,20382,1645,22027,262
2021-09-22,Marin,041,260295,16903,16782,411,17193,242
2021-09-22,Mariposa,043,17540,945,901,26,927,5
2021-09-22,Mendocino,045,87422,6808,6624,342,6966,70
2021-09-22,Merced,047,269075,38804,38305,1418,39723,541
2021-09-22,Modoc,049,8938,473,458,164,622,5
2021-09-22,Mono,051,14174,1518,1496,15,1511,3
2021-09-22,Monterey,053,433212,46834,46615,3197,49812,566
2021-09-22,Napa,055,140530,12371,12248,87,12335,95
2021-09-22,Nevada,057,99092,8391,8273,287,8560,84
2021-09-22,Orange,059,3164182,296632,294214,14393,308607,5366
2021-09-22,Placer,061,380077,34153,33661,3340,37001,367
2021-09-22,Plumas,063,18699,1249,1230,28,1258,6
2021-09-22,Riverside,065,2383286,345565,342946,16664,359610,4830
2021-09-22,Sacramento,067,1510023,148438,147533,4003,151536,2043
2021-09-22,San Benito,069,59416,6999,6961,152,7113,67
2021-09-22,San Bernardino,071,2135413,340075,337938,11048,348986,5528
2021-09-22,San Diego,073,3302833,355054,351132,20591,371723,4027
2021-09-22,San Francisco,075,870044,50128,49734,2498,52232,610
2021-09-22,San Joaquin,077,732212,94012,93010,5119,98129,1626
2021-09-22,San Luis Obispo,079,281455,27730,27398,1136,28534,315
2021-09-22,San Mateo,081,765935,51582,51197,1315,52512,568
2021-09-22,Santa Barbara,083,443738,42131,41678,1610,43288,504
2021-09-22,Santa Clara,085,1922200,140716,139803,1156,140959,1844
2021-09-22,Santa Cruz,087,273765,19374,19177,1049,20226,214
2021-09-22,Shasta,089,179085,18706,18153,3169,21322,260
2021-09-22,Sierra,091,2930,131,127,15,142,0
2021-09-22,Siskiyou,093,43540,3037,2947,1132,4079,41
2021-09-22,Solano,095,438530,43671,43269,1130,44399,312
2021-09-22,Sonoma,097,501317,39360,39063,500,39563,369
2021-09-22,Stanislaus,099,539301,73349,72355,8374,80729,1091
2021-09-22,Sutter,101,95872,13089,12960,266,13226,153
2021-09-22,Tehama,103,63373,7359,7173,1251,8424,86
2021-09-22,Trinity,105,12862,645,572,177,749,9
2021-09-22,Tulare,107,460477,61792,60776,13452,74228,896
2021-09-22,Tuolumne,109,53932,6308,6155,68,6223,89
2021-09-22,Ventura,111,848112,94448,93978,4266,98244,1122
2021-09-22,Yolo,113,214977,18571,18342,999,19341,239
2021-09-22,Yuba,115,75493,9269,9169,211,9380,61
2021-09-21,Alameda,001,1643700,114660,113765,2778,116543,1321
2021-09-21,Alpine,003,1148,101,100,0,100,0
2021-09-21,Amador,005,37829,5024,4897,54,4951,59
2021-09-21,Butte,007,227075,18691,18229,3434,21663,232
2021-09-21,Calaveras,009,45235,3529,3437,42,3479,70
2021-09-21,Colusa,011,21464,2394,2378,561,2939,16
2021-09-21,Contra Costa,013,1133247,94786,94101,2011,96112,924
2021-09-21,Del Norte,015,27424,3430,3378,25,3403,34
2021-09-21,El Dorado,017,186661,14790,14578,1557,16135,127
2021-09-21,Fresno,019,978130,127267,125789,11421,137210,1892
2021-09-21,Glenn,021,27897,3186,3134,920,4054,25
2021-09-21,Humboldt,023,135768,8127,7955,426,8381,80
2021-09-21,Imperial,025,180216,31398,31185,3166,34351,755
2021-09-21,Inyo,027,18085,1690,1646,29,1675,39
2021-09-21,Kern,029,883053,117203,115534,18936,134470,1467
2021-09-21,Kings,031,150075,28999,28545,1784,30329,291
2021-09-21,Lake,033,64148,6153,6013,130,6143,90
2021-09-21,Lassen,035,31185,6339,6159,289,6448,25
2021-09-21,Los Angeles,037,10098052,1390782,1383277,54503,1437780,25893
2021-09-21,Madera,039,155013,20723,20317,1633,21950,262
2021-09-21,Marin,041,260295,16888,16748,410,17158,242
2021-09-21,Mariposa,043,17540,940,894,25,919,5
2021-09-21,Mendocino,045,87422,6768,6580,331,6911,68
2021-09-21,Merced,047,269075,38675,38225,1414,39639,539
2021-09-21,Modoc,049,8938,470,458,164,622,5
2021-09-21,Mono,051,14174,1516,1495,13,1508,3
2021-09-21,Monterey,053,433212,46775,46583,3179,49762,565
2021-09-21,Napa,055,140530,12350,12238,87,12325,95
2021-09-21,Nevada,057,99092,8365,8259,284,8543,84
2021-09-21,Orange,059,3164182,296311,293898,14363,308261,5357
2021-09-21,Placer,061,380077,34052,33609,3329,36938,365
2021-09-21,Plumas,063,18699,1246,1225,28,1253,5
2021-09-21,Riverside,065,2383286,345003,342460,16638,359098,4817
2021-09-21,Sacramento,067,1510023,148055,147378,3970,151348,2027
2021-09-21,San Benito,069,59416,6988,6950,151,7101,67
2021-09-21,San Bernardino,071,2135413,339637,337387,11029,348416,5520
2021-09-21,San Diego,073,3302833,354438,350265,20566,370831,4021
2021-09-21,San Francisco,075,870044,50036,49653,2493,52146,609
2021-09-21,San Joaquin,077,732212,93778,92762,5107,97869,1621
2021-09-21,San Luis Obispo,079,281455,27673,27318,1132,28450,314
2021-09-21,San Mateo,081,765935,51520,51136,1307,52443,568
2021-09-21,Santa Barbara,083,443738,42064,41644,1605,43249,503
2021-09-21,Santa Clara,085,1922200,140504,139657,1152,140809,1843
2021-09-21,Santa Cruz,087,273765,19344,19140,1048,20188,212
2021-09-21,Shasta,089,179085,18579,18027,3146,21173,258
2021-09-21,Sierra,091,2930,131,127,15,142,0
2021-09-21,Siskiyou,093,43540,3025,2927,1117,4044,36
2021-09-21,Solano,095,438530,43601,43220,1130,44350,311
2021-09-21,Sonoma,097,501317,39308,39042,500,39542,369
2021-09-21,Stanislaus,099,539301,73164,72211,8352,80563,1091
2021-09-21,Sutter,101,95872,13066,12930,263,13193,153
2021-09-21,Tehama,103,63373,7312,7151,1247,8398,85
2021-09-21,Trinity,105,12862,634,572,175,747,9
2021-09-21,Tulare,107,460477,61577,60607,13391,73998,896
2021-09-21,Tuolumne,109,53932,6277,6139,68,6207,89
2021-09-21,Ventura,111,848112,94344,93818,4260,98078,1120
2021-09-21,Yolo,113,214977,18535,18313,995,19308,239
2021-09-21,Yuba,115,75493,9241,9135,211,9346,61
2021-09-20,Alameda,001,1643700,114481,113637,2774,116411,1320
2021-09-20,Alpine,003,1148,101,100,0,100,0
2021-09-20,Amador,005,37829,5006,4883,53,4936,59
2021-09-20,Butte,007,227075,18609,18135,3419,21554,231
2021-09-20,Calaveras,009,45235,3507,3395,41,3436,66
2021-09-20,Colusa,011,21464,2392,2376,558,2934,16
2021-09-20,Contra Costa,013,1133247,94638,93919,2004,95923,924
2021-09-20,Del Norte,015,27424,3422,3374,24,3398,34
2021-09-20,El Dorado,017,186661,14756,14545,1546,16091,127
2021-09-20,Fresno,019,978130,126856,125287,11403,136690,1889
2021-09-20,Glenn,021,27897,3175,3112,917,4029,25
2021-09-20,Humboldt,023,135768,8091,7938,421,8359,80
2021-09-20,Imperial,025,180216,31315,31146,3165,34311,755
2021-09-20,Inyo,027,18085,1682,1641,28,1669,39
2021-09-20,Kern,029,883053,116860,115271,18802,134073,1459
2021-09-20,Kings,031,150075,28911,28471,1778,30249,285
2021-09-20,Lake,033,64148,6139,5984,129,6113,87
2021-09-20,Lassen,035,31185,6310,6132,288,6420,25
2021-09-20,Los Angeles,037,10098052,1389285,1382206,54417,1436623,25858
2021-09-20,Madera,039,155013,20673,20203,1625,21828,257
2021-09-20,Marin,041,260295,16864,16732,408,17140,242
2021-09-20,Mariposa,043,17540,929,887,25,912,5
2021-09-20,Mendocino,045,87422,6734,6568,326,6894,67
2021-09-20,Merced,047,269075,38566,38144,1404,39548,536
2021-09-20,Modoc,049,8938,469,457,162,619,5
2021-09-20,Mono,051,14174,1511,1480,13,1493,3
2021-09-20,Monterey,053,433212,46741,46506,3153,49659,565
2021-09-20,Napa,055,140530,12325,12209,86,12295,95
2021-09-20,Nevada,057,99092,8345,8228,283,8511,84
2021-09-20,Orange,059,3164182,295970,293642,14339,307981,5354
2021-09-20,Placer,061,380077,33961,33531,3314,36845,364
2021-09-20,Plumas,063,18699,1240,1211,28,1239,5
2021-09-20,Riverside,065,2383286,344504,341961,16624,358585,4802
2021-09-20,Sacramento,067,1510023,147685,147016,3937,150953,2016
2021-09-20,San Benito,069,59416,6979,6947,150,7097,67
2021-09-20,San Bernardino,071,2135413,339245,337059,11014,348073,5507
2021-09-20,San Diego,073,3302833,353765,349579,20529,370108,4009
2021-09-20,San Francisco,075,870044,49935,49559,2487,52046,605
2021-09-20,San Joaquin,077,732212,93534,92614,5099,97713,1615
2021-09-20,San Luis Obispo,079,281455,27599,27259,1123,28382,313
2021-09-20,San Mateo,081,765935,51444,51100,1297,52397,567
2021-09-20,Santa Barbara,083,443738,41973,41589,1601,43190,500
2021-09-20,Santa Clara,085,1922200,140304,139578,1150,140728,1841
2021-09-20,Santa Cruz,087,273765,19312,19121,1048,20169,211
2021-09-20,Shasta,089,179085,18481,17893,3116,21009,258
2021-09-20,Sierra,091,2930,129,126,15,141,0
2021-09-20,Siskiyou,093,43540,3004,2902,1103,4005,35
2021-09-20,Solano,095,438530,43535,43152,1123,44275,312
2021-09-20,Sonoma,097,501317,39264,38991,500,39491,369
2021-09-20,Stanislaus,099,539301,72961,72031,8333,80364,1091
2021-09-20,Sutter,101,95872,13031,12896,258,13154,153
2021-09-20,Tehama,103,63373,7275,7121,1234,8355,84
2021-09-20,Trinity,105,12862,628,568,174,742,7
2021-09-20,Tulare,107,460477,61374,60302,13335,73637,896
2021-09-20,Tuolumne,109,53932,6252,6113,67,6180,89
2021-09-20,Ventura,111,848112,94233,93700,4254,97954,1120
2021-09-20,Yolo,113,214977,18491,18287,993,19280,239
2021-09-20,Yuba,115,75493,9205,9107,209,9316,61
2021-09-19,Alameda,001,1643700,114275,113446,2770,116216,1320
2021-09-19,Alpine,003,1148,100,100,0,100,0
2021-09-19,Amador,005,37829,4966,4875,52,4927,59
2021-09-19,Butte,007,227075,18516,18063,3393,21456,230
2021-09-19,Calaveras,009,45235,3482,3390,38,3428,66
2021-09-19,Colusa,011,21464,2390,2375,556,2931,16
2021-09-19,Contra Costa,013,1133247,94454,93788,1994,95782,924
2021-09-19,Del Norte,015,27424,3395,3344,23,3367,34
2021-09-19,El Dorado,017,186661,14704,14512,1540,16052,127
2021-09-19,Fresno,019,978130,126456,124985,11375,136360,1888
2021-09-19,Glenn,021,27897,3165,3102,912,4014,25
2021-09-19,Humboldt,023,135768,8046,7914,419,8333,80
2021-09-19,Imperial,025,180216,31246,31122,3162,34284,755
2021-09-19,Inyo,027,18085,1673,1639,28,1667,39
2021-09-19,Kern,029,883053,116549,115074,18695,133769,1459
2021-09-19,Kings,031,150075,28783,28416,1769,30185,284
2021-09-19,Lake,033,64148,6108,5962,129,6091,87
2021-09-19,Lassen,035,31185,6293,6129,282,6411,25
2021-09-19,Los Angeles,037,10098052,1387327,1381200,54312,1435512,25852
2021-09-19,Madera,039,155013,20595,20161,1613,21774,257
2021-09-19,Marin,041,260295,16835,16711,406,17117,242
2021-09-19,Mariposa,043,17540,921,881,25,906,5
2021-09-19,Mendocino,045,87422,6689,6538,320,6858,67
2021-09-19,Merced,047,269075,38409,38068,1396,39464,535
2021-09-19,Modoc,049,8938,466,457,160,617,5
2021-09-19,Mono,051,14174,1507,1480,13,1493,3
2021-09-19,Monterey,053,433212,46699,46486,3140,49626,565
2021-09-19,Napa,055,140530,12304,12190,84,12274,95
2021-09-19,Nevada,057,99092,8317,8203,281,8484,84
2021-09-19,Orange,059,3164182,295607,293258,14319,307577,5354
2021-09-19,Placer,061,380077,33848,33406,3296,36702,364
2021-09-19,Plumas,063,18699,1227,1211,28,1239,5
2021-09-19,Riverside,065,2383286,343912,341566,16614,358180,4804
2021-09-19,Sacramento,067,1510023,147325,146603,3888,150491,2012
2021-09-19,San Benito,069,59416,6960,6942,150,7092,67
2021-09-19,San Bernardino,071,2135413,338761,336688,11002,347690,5506
2021-09-19,San Diego,073,3302833,353051,349225,20493,369718,4006
2021-09-19,San Francisco,075,870044,49827,49458,2479,51937,605
2021-09-19,San Joaquin,077,732212,93239,92467,5088,97555,1615
2021-09-19,San Luis Obispo,079,281455,27498,27208,1114,28322,313
2021-09-19,San Mateo,081,765935,51360,51028,1282,52310,567
2021-09-19,Santa Barbara,083,443738,41872,41512,1601,43113,500
2021-09-19,Santa Clara,085,1922200,140122,139410,1145,140555,1841
2021-09-19,Santa Cruz,087,273765,19274,19096,1048,20144,211
2021-09-19,Shasta,089,179085,18367,17813,3081,20894,258
2021-09-19,Sierra,091,2930,128,126,15,141,0
2021-09-19,Siskiyou,093,43540,2979,2882,1094,3976,35
2021-09-19,Solano,095,438530,43450,43056,1118,44174,312
2021-09-19,Sonoma,097,501317,39193,38956,496,39452,369
2021-09-19,Stanislaus,099,539301,72716,71830,8310,80140,1091
2021-09-19,Sutter,101,95872,13004,12868,251,13119,153
2021-09-19,Tehama,103,63373,7215,7081,1222,8303,84
2021-09-19,Trinity,105,12862,617,562,172,734,7
2021-09-19,Tulare,107,460477,61117,60160,13241,73401,896
2021-09-19,Tuolumne,109,53932,6210,6097,67,6164,89
2021-09-19,Ventura,111,848112,94075,93491,4247,97738,1120
2021-09-19,Yolo,113,214977,18441,18238,987,19225,239
2021-09-19,Yuba,115,75493,9179,9087,208,9295,61
2021-09-18,Alameda,001,1643700,114178,113300,2769,116069,1320
2021-09-18,Alpine,003,1148,100,100,0,100,0
2021-09-18,Amador,005,37829,4956,4850,52,4902,59
2021-09-18,Butte,007,227075,18479,17961,3379,21340,230
2021-09-18,Calaveras,009,45235,3476,3361,37,3398,66
2021-09-18,Colusa,011,21464,2390,2373,555,2928,16
2021-09-18,Contra Costa,013,1133247,94364,93656,1991,95647,924
2021-09-18,Del Norte,015,27424,3387,3326,21,3347,34
2021-09-18,El Dorado,017,186661,14681,14472,1536,16008,127
2021-09-18,Fresno,019,978130,126314,124771,11361,136132,1889
2021-09-18,Glenn,021,27897,3160,3086,911,3997,25
2021-09-18,Humboldt,023,135768,8033,7881,417,8298,80
2021-09-18,Imperial,025,180216,31223,31096,3161,34257,755
2021-09-18,Inyo,027,18085,1667,1636,28,1664,39
2021-09-18,Kern,029,883053,116396,114781,18630,133411,1459
2021-09-18,Kings,031,150075,28735,28330,1764,30094,285
2021-09-18,Lake,033,64148,6091,5936,129,6065,87
2021-09-18,Lassen,035,31185,6283,6121,279,6400,25
2021-09-18,Los Angeles,037,10098052,1386570,1379880,54260,1434140,25849
2021-09-18,Madera,039,155013,20552,20126,1604,21730,257
2021-09-18,Marin,041,260295,16818,16685,405,17090,242
2021-09-18,Mariposa,043,17540,918,871,25,896,5
2021-09-18,Mendocino,045,87422,6668,6523,320,6843,67
2021-09-18,Merced,047,269075,38373,37977,1391,39368,535
2021-09-18,Modoc,049,8938,466,457,159,616,5
2021-09-18,Mono,051,14174,1505,1480,13,1493,3
2021-09-18,Monterey,053,433212,46667,46466,3131,49597,565
2021-09-18,Napa,055,140530,12292,12168,84,12252,95
2021-09-18,Nevada,057,99092,8300,8183,281,8464,84
2021-09-18,Orange,059,3164182,295413,293005,14305,307310,5354
2021-09-18,Placer,061,380077,33777,33309,3293,36602,364
2021-09-18,Plumas,063,18699,1227,1204,28,1232,5
2021-09-18,Riverside,065,2383286,343526,341136,16601,357737,4802
2021-09-18,Sacramento,067,1510023,147144,146162,3879,150041,2016
2021-09-18,San Benito,069,59416,6955,6937,150,7087,67
2021-09-18,San Bernardino,071,2135413,338493,336380,10989,347369,5501
2021-09-18,San Diego,073,3302833,352652,348848,20482,369330,4006
2021-09-18,San Francisco,075,870044,49765,49359,2473,51832,605
2021-09-18,San Joaquin,077,732212,93131,92242,5079,97321,1615
2021-09-18,San Luis Obispo,079,281455,27461,27181,1111,28292,313
2021-09-18,San Mateo,081,765935,51311,50961,1278,52239,567
2021-09-18,Santa Barbara,083,443738,41809,41465,1601,43066,500
2021-09-18,Santa Clara,085,1922200,140001,139233,1142,140375,1841
2021-09-18,Santa Cruz,087,273765,19254,19079,1048,20127,211
2021-09-18,Shasta,089,179085,18304,17777,3063,20840,258
2021-09-18,Sierra,091,2930,127,125,15,140,0
2021-09-18,Siskiyou,093,43540,2976,2875,1088,3963,35
2021-09-18,Solano,095,438530,43410,42966,1115,44081,312
2021-09-18,Sonoma,097,501317,39160,38891,494,39385,369
2021-09-18,Stanislaus,099,539301,72569,71587,8285,79872,1091
2021-09-18,Sutter,101,95872,12990,12829,251,13080,153
2021-09-18,Tehama,103,63373,7201,7055,1214,8269,84
2021-09-18,Trinity,105,12862,615,561,172,733,7
2021-09-18,Tulare,107,460477,61042,60003,13187,73190,896
2021-09-18,Tuolumne,109,53932,6195,6069,67,6136,89
2021-09-18,Ventura,111,848112,94007,93424,4242,97666,1120
2021-09-18,Yolo,113,214977,18414,18213,981,19194,239
2021-09-18,Yuba,115,75493,9165,9061,207,9268,61
2021-09-17,Alameda,001,1643700,114057,113070,2767,115837,1320
2021-09-17,Alpine,003,1148,100,99,0,99,0
2021-09-17,Amador,005,37829,4940,4835,51,4886,58
2021-09-17,Butte,007,227075,18428,17870,3370,21240,230
2021-09-17,Calaveras,009,45235,3464,3338,36,3374,66
2021-09-17,Colusa,011,21464,2389,2369,550,2919,16
2021-09-17,Contra Costa,013,1133247,94263,93485,1988,95473,924
2021-09-17,Del Norte,015,27424,3382,3311,19,3330,34
2021-09-17,El Dorado,017,186661,14662,14421,1534,15955,127
2021-09-17,Fresno,019,978130,126096,124296,11353,135649,1882
2021-09-17,Glenn,021,27897,3146,3072,909,3981,25
2021-09-17,Humboldt,023,135768,8012,7850,417,8267,80
2021-09-17,Imperial,025,180216,31196,31031,3160,34191,755
2021-09-17,Inyo,027,18085,1659,1634,28,1662,39
2021-09-17,Kern,029,883053,116205,114303,18533,132836,1456
2021-09-17,Kings,031,150075,28670,28240,1762,30002,281
2021-09-17,Lake,033,64148,6078,5915,129,6044,87
2021-09-17,Lassen,035,31185,6268,6080,277,6357,25
2021-09-17,Los Angeles,037,10098052,1385604,1377905,54189,1432094,25820
2021-09-17,Madera,039,155013,20500,20040,1595,21635,257
2021-09-17,Marin,041,260295,16805,16658,403,17061,242
2021-09-17,Mariposa,043,17540,916,869,25,894,5
2021-09-17,Mendocino,045,87422,6649,6498,320,6818,67
2021-09-17,Merced,047,269075,38334,37803,1390,39193,533
2021-09-17,Modoc,049,8938,466,456,159,615,5
2021-09-17,Mono,051,14174,1501,1457,13,1470,3
2021-09-17,Monterey,053,433212,46647,46421,3127,49548,564
2021-09-17,Napa,055,140530,12271,12153,84,12237,95
2021-09-17,Nevada,057,99092,8285,8157,281,8438,84
2021-09-17,Orange,059,3164182,295199,292685,14288,306973,5346
2021-09-17,Placer,061,380077,33714,33188,3282,36470,362
2021-09-17,Plumas,063,18699,1222,1192,27,1219,5
2021-09-17,Riverside,065,2383286,343122,340445,16591,357036,4792
2021-09-17,Sacramento,067,1510023,146945,145985,3867,149852,1999
2021-09-17,San Benito,069,59416,6952,6929,150,7079,67
2021-09-17,San Bernardino,071,2135413,338140,335810,10982,346792,5488
2021-09-17,San Diego,073,3302833,352221,348098,20464,368562,4002
2021-09-17,San Francisco,075,870044,49715,49249,2466,51715,605
2021-09-17,San Joaquin,077,732212,92996,91977,5072,97049,1610
2021-09-17,San Luis Obispo,079,281455,27428,27102,1100,28202,311
2021-09-17,San Mateo,081,765935,51262,50854,1272,52126,564
2021-09-17,Santa Barbara,083,443738,41747,41354,1601,42955,498
2021-09-17,Santa Clara,085,1922200,139854,138939,1141,140080,1838
2021-09-17,Santa Cruz,087,273765,19229,19039,1048,20087,211
2021-09-17,Shasta,089,179085,18233,17617,3050,20667,254
2021-09-17,Sierra,091,2930,127,124,15,139,0
2021-09-17,Siskiyou,093,43540,2962,2852,1087,3939,35
2021-09-17,Solano,095,438530,43348,42898,1111,44009,312
2021-09-17,Sonoma,097,501317,39122,38808,493,39301,369
2021-09-17,Stanislaus,099,539301,72464,71408,8267,79675,1091
2021-09-17,Sutter,101,95872,12973,12799,249,13048,153
2021-09-17,Tehama,103,63373,7180,7020,1204,8224,84
2021-09-17,Trinity,105,12862,610,556,171,727,7
2021-09-17,Tulare,107,460477,60926,59689,13152,72841,895
2021-09-17,Tuolumne,109,53932,6177,6047,66,6113,89
2021-09-17,Ventura,111,848112,93895,93273,4239,97512,1116
2021-09-17,Yolo,113,214977,18383,18177,977,19154,239
2021-09-17,Yuba,115,75493,9138,9019,206,9225,61
2021-09-16,Alameda,001,1643700,113880,112770,2764,115534,1318
2021-09-16,Alpine,003,1148,100,99,0,99,0
2021-09-16,Amador,005,37829,4920,4819,51,4870,58
2021-09-16,Butte,007,227075,18354,17750,3353,21103,230
2021-09-16,Calaveras,009,45235,3430,3313,36,3349,66
2021-09-16,Colusa,011,21464,2387,2363,548,2911,16
2021-09-16,Contra Costa,013,1133247,94095,93213,1978,95191,917
2021-09-16,Del Norte,015,27424,3364,3285,19,3304,34
2021-09-16,El Dorado,017,186661,14622,14372,1526,15898,127
2021-09-16,Fresno,019,978130,125743,123853,11314,135167,1868
2021-09-16,Glenn,021,27897,3134,3068,907,3975,24
2021-09-16,Humboldt,023,135768,7978,7809,407,8216,80
2021-09-16,Imperial,025,180216,31154,30966,3151,34117,753
2021-09-16,Inyo,027,18085,1657,1623,28,1651,39
2021-09-16,Kern,029,883053,115935,113828,18465,132293,1448
2021-09-16,Kings,031,150075,28584,28114,1753,29867,280
2021-09-16,Lake,033,64148,6054,5890,126,6016,87
2021-09-16,Lassen,035,31185,6234,6028,270,6298,25
2021-09-16,Los Angeles,037,10098052,1384223,1376277,54123,1430400,25796
2021-09-16,Madera,039,155013,20423,19974,1589,21563,257
2021-09-16,Marin,041,260295,16778,16625,402,17027,242
2021-09-16,Mariposa,043,17540,910,849,25,874,6
2021-09-16,Mendocino,045,87422,6617,6445,311,6756,67
2021-09-16,Merced,047,269075,38226,37675,1387,39062,532
2021-09-16,Modoc,049,8938,464,455,159,614,5
2021-09-16,Mono,051,14174,1492,1449,13,1462,3
2021-09-16,Monterey,053,433212,46600,46342,3113,49455,562
2021-09-16,Napa,055,140530,12246,12115,80,12195,95
2021-09-16,Nevada,057,99092,8257,8121,280,8401,84
2021-09-16,Orange,059,3164182,294858,292183,14269,306452,5340
2021-09-16,Placer,061,380077,33621,33037,3260,36297,354
2021-09-16,Plumas,063,18699,1212,1178,27,1205,5
2021-09-16,Riverside,065,2383286,342592,339770,16577,356347,4786
2021-09-16,Sacramento,067,1510023,146586,145754,3834,149588,1996
2021-09-16,San Benito,069,59416,6939,6913,149,7062,67
2021-09-16,San Bernardino,071,2135413,337718,335129,10976,346105,5474
2021-09-16,San Diego,073,3302833,351596,347472,20430,367902,3994
2021-09-16,San Francisco,075,870044,49631,49133,2456,51589,605
2021-09-16,San Joaquin,077,732212,92758,91650,5026,96676,1608
2021-09-16,San Luis Obispo,079,281455,27356,27044,1096,28140,310
2021-09-16,San Mateo,081,765935,51202,50773,1255,52028,564
2021-09-16,Santa Barbara,083,443738,41681,41272,1598,42870,497
2021-09-16,Santa Clara,085,1922200,139704,138685,1137,139822,1835
2021-09-16,Santa Cruz,087,273765,19201,19011,1048,20059,211
2021-09-16,Shasta,089,179085,18109,17438,3015,20453,251
2021-09-16,Sierra,091,2930,127,123,15,138,0
2021-09-16,Siskiyou,093,43540,2944,2819,1079,3898,35
2021-09-16,Solano,095,438530,43278,42792,1105,43897,312
2021-09-16,Sonoma,097,501317,39059,38707,492,39199,369
2021-09-16,Stanislaus,099,539301,72231,71105,8251,79356,1091
2021-09-16,Sutter,101,95872,12929,12729,243,12972,152
2021-09-16,Tehama,103,63373,7139,6953,1193,8146,83
2021-09-16,Trinity,105,12862,607,547,170,717,7
2021-09-16,Tulare,107,460477,60705,59459,13077,72536,894
2021-09-16,Tuolumne,109,53932,6157,5999,65,6064,89
2021-09-16,Ventura,111,848112,93756,93087,4237,97324,1110
2021-09-16,Yolo,113,214977,18351,18135,975,19110,239
2021-09-16,Yuba,115,75493,9104,8981,203,9184,61
2021-09-15,Alameda,001,1643700,113709,112498,2756,115254,1317
2021-09-15,Alpine,003,1148,100,99,0,99,0
2021-09-15,Amador,005,37829,4912,4792,51,4843,58
2021-09-15,Butte,007,227075,18256,17664,3333,20997,228
2021-09-15,Calaveras,009,45235,3397,3293,34,3327,66
2021-09-15,Colusa,011,21464,2385,2352,545,2897,16
2021-09-15,Contra Costa,013,1133247,93915,92989,1966,94955,913
2021-09-15,Del Norte,015,27424,3351,3271,17,3288,34
2021-09-15,El Dorado,017,186661,14597,14309,1518,15827,127
2021-09-15,Fresno,019,978130,125365,123370,11279,134649,1867
2021-09-15,Glenn,021,27897,3121,3051,903,3954,20
2021-09-15,Humboldt,023,135768,7943,7754,402,8156,52
2021-09-15,Imperial,025,180216,31100,30891,3148,34039,753
2021-09-15,Inyo,027,18085,1653,1614,28,1642,39
2021-09-15,Kern,029,883053,115588,113546,18364,131910,1434
2021-09-15,Kings,031,150075,28505,27991,1743,29734,279
2021-09-15,Lake,033,64148,6022,5852,125,5977,85
2021-09-15,Lassen,035,31185,6174,6018,265,6283,25
2021-09-15,Los Angeles,037,10098052,1382732,1374307,54049,1428356,25767
2021-09-15,Madera,039,155013,20349,19880,1583,21463,257
2021-09-15,Marin,041,260295,16743,16592,397,16989,242
2021-09-15,Mariposa,043,17540,899,843,25,868,5
2021-09-15,Mendocino,045,87422,6587,6399,306,6705,66
2021-09-15,Merced,047,269075,38116,37508,1385,38893,529
2021-09-15,Modoc,049,8938,464,454,159,613,5
2021-09-15,Mono,051,14174,1488,1445,13,1458,3
2021-09-15,Monterey,053,433212,46535,46317,3096,49413,562
2021-09-15,Napa,055,140530,12225,12082,80,12162,95
2021-09-15,Nevada,057,99092,8235,8081,277,8358,84
2021-09-15,Orange,059,3164182,294530,291834,14254,306088,5328
2021-09-15,Placer,061,380077,33508,32860,3238,36098,352
2021-09-15,Plumas,063,18699,1203,1164,26,1190,5
2021-09-15,Riverside,065,2383286,342011,339077,16553,355630,4769
2021-09-15,Sacramento,067,1510023,146161,145202,3800,149002,1981
2021-09-15,San Benito,069,59416,6936,6902,149,7051,67
2021-09-15,San Bernardino,071,2135413,337260,334556,10961,345517,5470
2021-09-15,San Diego,073,3302833,350967,346933,20404,367337,3983
2021-09-15,San Francisco,075,870044,49522,48999,2450,51449,605
2021-09-15,San Joaquin,077,732212,92484,91322,4983,96305,1607
2021-09-15,San Luis Obispo,079,281455,27273,26943,1090,28033,306
2021-09-15,San Mateo,081,765935,51124,50691,1249,51940,564
2021-09-15,Santa Barbara,083,443738,41581,41077,1594,42671,497
2021-09-15,Santa Clara,085,1922200,139531,138410,1132,139542,1833
2021-09-15,Santa Cruz,087,273765,19163,18984,1046,20030,210
2021-09-15,Shasta,089,179085,18000,17317,2992,20309,250
2021-09-15,Sierra,091,2930,127,123,15,138,0
2021-09-15,Siskiyou,093,43540,2925,2804,1047,3851,35
2021-09-15,Solano,095,438530,43206,42682,1100,43782,312
2021-09-15,Sonoma,097,501317,39001,38629,492,39121,369
2021-09-15,Stanislaus,099,539301,72011,70852,8230,79082,1091
2021-09-15,Sutter,101,95872,12896,12699,238,12937,151
2021-09-15,Tehama,103,63373,7096,6894,1183,8077,79
2021-09-15,Trinity,105,12862,605,541,168,709,7
2021-09-15,Tulare,107,460477,60449,59149,13013,72162,890
2021-09-15,Tuolumne,109,53932,6131,5969,65,6034,89
2021-09-15,Ventura,111,848112,93616,92960,4232,97192,1109
2021-09-15,Yolo,113,214977,18318,18064,967,19031,239
2021-09-15,Yuba,115,75493,9070,8953,203,9156,61
2021-09-14,Alameda,001,1643700,113503,112329,2750,115079,1316
2021-09-14,Alpine,003,1148,100,98,0,98,0
2021-09-14,Amador,005,37829,4892,4790,51,4841,57
2021-09-14,Butte,007,227075,18124,17516,3309,20825,226
2021-09-14,Calaveras,009,45235,3374,3280,31,3311,66
2021-09-14,Colusa,011,21464,2381,2344,541,2885,16
2021-09-14,Contra Costa,013,1133247,93717,92822,1956,94778,908
2021-09-14,Del Norte,015,27424,3335,3252,16,3268,32
2021-09-14,El Dorado,017,186661,14545,14247,1510,15757,123
2021-09-14,Fresno,019,978130,124892,123151,11240,134391,1856
2021-09-14,Glenn,021,27897,3101,3045,898,3943,20
2021-09-14,Humboldt,023,135768,7909,7717,397,8114,52
2021-09-14,Imperial,025,180216,31048,30845,3145,33990,752
2021-09-14,Inyo,027,18085,1644,1605,28,1633,39
2021-09-14,Kern,029,883053,115210,113250,18238,131488,1428
2021-09-14,Kings,031,150075,28431,27955,1733,29688,278
2021-09-14,Lake,033,64148,5990,5845,125,5970,83
2021-09-14,Lassen,035,31185,6160,5977,260,6237,25
2021-09-14,Los Angeles,037,10098052,1380904,1372831,53964,1426795,25729
2021-09-14,Madera,039,155013,20267,19800,1576,21376,254
2021-09-14,Marin,041,260295,16716,16584,395,16979,242
2021-09-14,Mariposa,043,17540,888,834,24,858,5
2021-09-14,Mendocino,045,87422,6552,6372,294,6666,65
2021-09-14,Merced,047,269075,37965,37430,1382,38812,526
2021-09-14,Modoc,049,8938,463,453,159,612,5
2021-09-14,Mono,051,14174,1476,1440,13,1453,4
2021-09-14,Monterey,053,433212,46505,46224,3071,49295,558
2021-09-14,Napa,055,140530,12192,12070,79,12149,91
2021-09-14,Nevada,057,99092,8201,8056,277,8333,83
2021-09-14,Orange,059,3164182,294144,291423,14233,305656,5319
2021-09-14,Placer,061,380077,33381,32735,3217,35952,350
2021-09-14,Plumas,063,18699,1197,1148,26,1174,5
2021-09-14,Riverside,065,2383286,341370,338534,16522,355056,4748
2021-09-14,Sacramento,067,1510023,145800,145051,3748,148799,1977
2021-09-14,San Benito,069,59416,6927,6887,148,7035,64
2021-09-14,San Bernardino,071,2135413,336765,333968,10936,344904,5465
2021-09-14,San Diego,073,3302833,350296,346204,20359,366563,3966
2021-09-14,San Francisco,075,870044,49400,48998,2435,51433,603
2021-09-14,San Joaquin,077,732212,92247,91128,4979,96107,1596
2021-09-14,San Luis Obispo,079,281455,27201,26845,1085,27930,304
2021-09-14,San Mateo,081,765935,51034,50602,1237,51839,564
2021-09-14,Santa Barbara,083,443738,41487,40783,1585,42368,495
2021-09-14,Santa Clara,085,1922200,139301,138321,1128,139449,1828
2021-09-14,Santa Cruz,087,273765,19123,18965,1044,20009,210
2021-09-14,Shasta,089,179085,17869,17152,2972,20124,246
2021-09-14,Sierra,091,2930,127,123,15,138,0
2021-09-14,Siskiyou,093,43540,2900,2756,1030,3786,35
2021-09-14,Solano,095,438530,43124,42599,1097,43696,307
2021-09-14,Sonoma,097,501317,38933,38595,488,39083,369
2021-09-14,Stanislaus,099,539301,71753,70697,8204,78901,1091
2021-09-14,Sutter,101,95872,12854,12670,231,12901,149
2021-09-14,Tehama,103,63373,7043,6859,1172,8031,80
2021-09-14,Trinity,105,12862,599,538,167,705,7
2021-09-14,Tulare,107,460477,60200,58961,12943,71904,888
2021-09-14,Tuolumne,109,53932,6110,5951,64,6015,89
2021-09-14,Ventura,111,848112,93437,92841,4215,97056,1107
2021-09-14,Yolo,113,214977,18274,18039,962,19001,239
2021-09-14,Yuba,115,75493,9034,8928,203,9131,61
2021-09-13,Alameda,001,1643700,113286,112159,2745,114904,1309
2021-09-13,Alpine,003,1148,99,98,0,98,0
2021-09-13,Amador,005,37829,4874,4761,51,4812,56
2021-09-13,Butte,007,227075,18000,17393,3282,20675,225
2021-09-13,Calaveras,009,45235,3344,3253,29,3282,65
2021-09-13,Colusa,011,21464,2371,2346,536,2882,16
2021-09-13,Contra Costa,013,1133247,93470,92658,1951,94609,908
2021-09-13,Del Norte,015,27424,3300,3232,16,3248,28
2021-09-13,El Dorado,017,186661,14486,14194,1501,15695,119
2021-09-13,Fresno,019,978130,124426,122650,11195,133845,1853
2021-09-13,Glenn,021,27897,3094,3026,889,3915,20
2021-09-13,Humboldt,023,135768,7878,7659,394,8053,52
2021-09-13,Imperial,025,180216,30996,30802,3142,33944,751
2021-09-13,Inyo,027,18085,1637,1602,28,1630,39
2021-09-13,Kern,029,883053,114829,112930,18111,131041,1424
2021-09-13,Kings,031,150075,28321,27858,1721,29579,275
2021-09-13,Lake,033,64148,5968,5809,125,5934,82
2021-09-13,Lassen,035,31185,6124,5953,259,6212,25
2021-09-13,Los Angeles,037,10098052,1379052,1371423,53895,1425318,25703
2021-09-13,Madera,039,155013,20196,19735,1569,21304,252
2021-09-13,Marin,041,260295,16681,16557,394,16951,242
2021-09-13,Mariposa,043,17540,874,825,24,849,5
2021-09-13,Mendocino,045,87422,6519,6323,284,6607,61
2021-09-13,Merced,047,269075,37822,37291,1378,38669,521
2021-09-13,Modoc,049,8938,462,451,159,610,5
2021-09-13,Mono,051,14174,1470,1435,13,1448,3
2021-09-13,Monterey,053,433212,46424,46188,3049,49237,558
2021-09-13,Napa,055,140530,12174,12039,79,12118,91
2021-09-13,Nevada,057,99092,8175,8021,275,8296,83
2021-09-13,Orange,059,3164182,293713,291128,14220,305348,5312
2021-09-13,Placer,061,380077,33215,32617,3200,35817,343
2021-09-13,Plumas,063,18699,1186,1142,26,1168,5
2021-09-13,Riverside,065,2383286,340727,337876,16504,354380,4731
2021-09-13,Sacramento,067,1510023,145312,144537,3715,148252,1956
2021-09-13,San Benito,069,59416,6912,6867,147,7014,64
2021-09-13,San Bernardino,071,2135413,336277,333613,10912,344525,5441
2021-09-13,San Diego,073,3302833,349506,345647,20309,365956,3961
2021-09-13,San Francisco,075,870044,49272,48914,2428,51342,603
2021-09-13,San Joaquin,077,732212,91963,90966,4944,95910,1581
2021-09-13,San Luis Obispo,079,281455,27104,26805,1082,27887,300
2021-09-13,San Mateo,081,765935,50955,50525,1223,51748,564
2021-09-13,Santa Barbara,083,443738,41370,40661,1578,42239,494
2021-09-13,Santa Clara,085,1922200,139061,138152,1123,139275,1820
2021-09-13,Santa Cruz,087,273765,19083,18917,1043,19960,210
2021-09-13,Shasta,089,179085,17742,17033,2931,19964,243
2021-09-13,Sierra,091,2930,127,123,15,138,0
2021-09-13,Siskiyou,093,43540,2885,2745,1018,3763,35
2021-09-13,Solano,095,438530,43025,42501,1093,43594,306
2021-09-13,Sonoma,097,501317,38866,38513,485,38998,368
2021-09-13,Stanislaus,099,539301,71503,70477,8164,78641,1091
2021-09-13,Sutter,101,95872,12796,12624,227,12851,145
2021-09-13,Tehama,103,63373,6978,6803,1160,7963,79
2021-09-13,Trinity,105,12862,597,533,165,698,7
2021-09-13,Tulare,107,460477,59916,58768,12876,71644,887
2021-09-13,Tuolumne,109,53932,6079,5909,64,5973,89
2021-09-13,Ventura,111,848112,93286,92679,4207,96886,1107
2021-09-13,Yolo,113,214977,18233,17974,957,18931,239
2021-09-13,Yuba,115,75493,8989,8884,202,9086,61
2021-09-12,Alameda,001,1643700,113024,111961,2741,114702,1309
2021-09-12,Alpine,003,1148,99,98,0,98,0
2021-09-12,Amador,005,37829,4853,4752,51,4803,56
2021-09-12,Butte,007,227075,17857,17257,3237,20494,221
2021-09-12,Calaveras,009,45235,3312,3236,25,3261,65
2021-09-12,Colusa,011,21464,2368,2344,535,2879,16
2021-09-12,Contra Costa,013,1133247,93202,92498,1939,94437,908
2021-09-12,Del Norte,015,27424,3267,3200,16,3216,28
2021-09-12,El Dorado,017,186661,14414,14167,1484,15651,119
2021-09-12,Fresno,019,978130,123912,122407,11155,133562,1853
2021-09-12,Glenn,021,27897,3074,3016,882,3898,20
2021-09-12,Humboldt,023,135768,7808,7636,383,8019,52
2021-09-12,Imperial,025,180216,30934,30790,3136,33926,751
2021-09-12,Inyo,027,18085,1627,1596,28,1624,39
2021-09-12,Kern,029,883053,114421,112602,17948,130550,1424
2021-09-12,Kings,031,150075,28211,27764,1704,29468,274
2021-09-12,Lake,033,64148,5928,5781,123,5904,82
2021-09-12,Lassen,035,31185,6087,5943,248,6191,25
2021-09-12,Los Angeles,037,10098052,1377008,1365968,53814,1419782,25630
2021-09-12,Madera,039,155013,20109,19691,1559,21250,252
2021-09-12,Marin,041,260295,16658,16526,394,16920,242
2021-09-12,Mariposa,043,17540,863,811,24,835,5
2021-09-12,Mendocino,045,87422,6478,6283,276,6559,61
2021-09-12,Merced,047,269075,37656,37172,1367,38539,521
2021-09-12,Modoc,049,8938,462,451,158,609,5
2021-09-12,Mono,051,14174,1460,1431,13,1444,3
2021-09-12,Monterey,053,433212,46344,46167,3021,49188,558
2021-09-12,Napa,055,140530,12144,12011,79,12090,91
2021-09-12,Nevada,057,99092,8136,7987,272,8259,83
2021-09-12,Orange,059,3164182,293255,290718,14196,304914,5312
2021-09-12,Placer,061,380077,33068,32520,3174,35694,343
2021-09-12,Plumas,063,18699,1170,1138,26,1164,5
2021-09-12,Riverside,065,2383286,340043,337332,16471,353803,4731
2021-09-12,Sacramento,067,1510023,144810,144030,3673,147703,1959
2021-09-12,San Benito,069,59416,6893,6852,146,6998,64
2021-09-12,San Bernardino,071,2135413,335670,333049,10898,343947,5439
2021-09-12,San Diego,073,3302833,348681,345058,20237,365295,3942
2021-09-12,San Francisco,075,870044,49161,48819,2420,51239,603
2021-09-12,San Joaquin,077,732212,91635,90730,4928,95658,1581
2021-09-12,San Luis Obispo,079,281455,26987,26729,1069,27798,299
2021-09-12,San Mateo,081,765935,50858,50432,1209,51641,564
2021-09-12,Santa Barbara,083,443738,41264,40600,1571,42171,494
2021-09-12,Santa Clara,085,1922200,138813,137899,1119,139018,1820
2021-09-12,Santa Cruz,087,273765,19051,18892,1042,19934,210
2021-09-12,Shasta,089,179085,17580,16957,2872,19829,243
2021-09-12,Sierra,091,2930,127,123,15,138,0
2021-09-12,Siskiyou,093,43540,2858,2730,1003,3733,35
2021-09-12,Solano,095,438530,42921,42409,1088,43497,306
2021-09-12,Sonoma,097,501317,38791,38456,483,38939,368
2021-09-12,Stanislaus,099,539301,71206,70184,8126,78310,1091
2021-09-12,Sutter,101,95872,12754,12589,221,12810,145
2021-09-12,Tehama,103,63373,6915,6732,1149,7881,79
2021-09-12,Trinity,105,12862,593,529,163,692,7
2021-09-12,Tulare,107,460477,59561,58582,12811,71393,887
2021-09-12,Tuolumne,109,53932,6046,5888,64,5952,89
2021-09-12,Ventura,111,848112,93169,92496,4201,96697,1107
2021-09-12,Yolo,113,214977,18168,17943,949,18892,239
2021-09-12,Yuba,115,75493,8952,8842,202,9044,61
2021-09-11,Alameda,001,1643700,112898,111715,2739,114454,1309
2021-09-11,Alpine,003,1148,99,98,0,98,0
2021-09-11,Amador,005,37829,4840,4728,50,4778,56
2021-09-11,Butte,007,227075,17777,17218,3208,20426,221
2021-09-11,Calaveras,009,45235,3309,3208,24,3232,65
2021-09-11,Colusa,011,21464,2367,2338,532,2870,16
2021-09-11,Contra Costa,013,1133247,93083,92269,1934,94203,908
2021-09-11,Del Norte,015,27424,3252,3184,16,3200,28
2021-09-11,El Dorado,017,186661,14395,14117,1477,15594,119
2021-09-11,Fresno,019,978130,123734,122224,11132,133356,1853
2021-09-11,Glenn,021,27897,3070,3007,880,3887,20
2021-09-11,Humboldt,023,135768,7786,7615,380,7995,52
2021-09-11,Imperial,025,180216,30909,30760,3132,33892,751
2021-09-11,Inyo,027,18085,1624,1590,28,1618,39
2021-09-11,Kern,029,883053,114176,112205,17827,130032,1424
2021-09-11,Kings,031,150075,28162,27631,1698,29329,275
2021-09-11,Lake,033,64148,5908,5761,123,5884,82
2021-09-11,Lassen,035,31185,6072,5930,244,6174,25
2021-09-11,Los Angeles,037,10098052,1376047,1365831,53748,1419579,25630
2021-09-11,Madera,039,155013,20056,19648,1553,21201,252
2021-09-11,Marin,041,260295,16630,16496,393,16889,242
2021-09-11,Mariposa,043,17540,858,799,24,823,5
2021-09-11,Mendocino,045,87422,6454,6257,276,6533,61
2021-09-11,Merced,047,269075,37604,37042,1364,38406,521
2021-09-11,Modoc,049,8938,462,449,158,607,5
2021-09-11,Mono,051,14174,1456,1431,13,1444,3
2021-09-11,Monterey,053,433212,46313,46140,3013,49153,558
2021-09-11,Napa,055,140530,12121,11991,79,12070,91
2021-09-11,Nevada,057,99092,8121,7967,272,8239,83
2021-09-11,Orange,059,3164182,292958,290429,14179,304608,5306
2021-09-11,Placer,061,380077,32985,32414,3163,35577,344
2021-09-11,Plumas,063,18699,1167,1112,26,1138,5
2021-09-11,Riverside,065,2383286,339606,336585,16457,353042,4731
2021-09-11,Sacramento,067,1510023,144514,143557,3659,147216,1955
2021-09-11,San Benito,069,59416,6880,6844,146,6990,64
2021-09-11,San Bernardino,071,2135413,335327,332512,10886,343398,5430
2021-09-11,San Diego,073,3302833,348191,344355,20214,364569,3942
2021-09-11,San Francisco,075,870044,49105,48660,2414,51074,603
2021-09-11,San Joaquin,077,732212,91494,90482,4925,95407,1581
2021-09-11,San Luis Obispo,079,281455,26941,26651,1068,27719,299
2021-09-11,San Mateo,081,765935,50794,50341,1207,51548,564
2021-09-11,Santa Barbara,083,443738,41191,40451,1571,42022,494
2021-09-11,Santa Clara,085,1922200,138665,137659,1116,138775,1820
2021-09-11,Santa Cruz,087,273765,19022,18865,1042,19907,210
2021-09-11,Shasta,089,179085,17490,16877,2850,19727,243
2021-09-11,Sierra,091,2930,127,123,15,138,0
2021-09-11,Siskiyou,093,43540,2841,2717,1000,3717,35
2021-09-11,Solano,095,438530,42870,42344,1085,43429,306
2021-09-11,Sonoma,097,501317,38745,38399,481,38880,368
2021-09-11,Stanislaus,099,539301,71082,69974,8110,78084,1091
2021-09-11,Sutter,101,95872,12728,12538,218,12756,145
2021-09-11,Tehama,103,63373,6897,6703,1144,7847,79
2021-09-11,Trinity,105,12862,586,526,163,689,7
2021-09-11,Tulare,107,460477,59449,58321,12764,71085,889
2021-09-11,Tuolumne,109,53932,6027,5879,61,5940,89
2021-09-11,Ventura,111,848112,93090,92328,4196,96524,1107
2021-09-11,Yolo,113,214977,18144,17906,944,18850,239
2021-09-11,Yuba,115,75493,8927,8813,202,9015,61
2021-09-10,Alameda,001,1643700,112707,111386,2738,114124,1306
2021-09-10,Alpine,003,1148,98,97,0,97,0
2021-09-10,Amador,005,37829,4828,4706,50,4756,56
2021-09-10,Butte,007,227075,17702,17051,3193,20244,222
2021-09-10,Calaveras,009,45235,3303,3183,24,3207,65
2021-09-10,Colusa,011,21464,2363,2327,529,2856,16
2021-09-10,Contra Costa,013,1133247,92964,92024,1932,93956,908
2021-09-10,Del Norte,015,27424,3237,3128,15,3143,28
2021-09-10,El Dorado,017,186661,14364,14051,1472,15523,119
2021-09-10,Fresno,019,978130,123412,121659,11114,132773,1846
2021-09-10,Glenn,021,27897,3065,2977,880,3857,20
2021-09-10,Humboldt,023,135768,7753,7543,376,7919,52
2021-09-10,Imperial,025,180216,30885,30716,3130,33846,751
2021-09-10,Inyo,027,18085,1620,1590,28,1618,39
2021-09-10,Kern,029,883053,113922,111832,17708,129540,1419
2021-09-10,Kings,031,150075,28088,27473,1690,29163,274
2021-09-10,Lake,033,64148,5892,5713,121,5834,79
2021-09-10,Lassen,035,31185,6064,5914,241,6155,25
2021-09-10,Los Angeles,037,10098052,1374842,1365709,53680,1419389,25630
2021-09-10,Madera,039,155013,20010,19520,1549,21069,252
2021-09-10,Marin,041,260295,16611,16458,390,16848,242
2021-09-10,Mariposa,043,17540,853,795,24,819,5
2021-09-10,Mendocino,045,87422,6423,6184,275,6459,61
2021-09-10,Merced,047,269075,37552,36884,1363,38247,521
2021-09-10,Modoc,049,8938,462,448,158,606,5
2021-09-10,Mono,051,14174,1453,1422,13,1435,3
2021-09-10,Monterey,053,433212,46285,46084,2994,49078,557
2021-09-10,Napa,055,140530,12097,11948,79,12027,90
2021-09-10,Nevada,057,99092,8103,7932,271,8203,83
2021-09-10,Orange,059,3164182,292656,290022,14170,304192,5302
2021-09-10,Placer,061,380077,32885,32264,3149,35413,343
2021-09-10,Plumas,063,18699,1162,1111,26,1137,5
2021-09-10,Riverside,065,2383286,339132,335988,16450,352438,4720
2021-09-10,Sacramento,067,1510023,144168,143244,3650,146894,1950
2021-09-10,San Benito,069,59416,6876,6824,146,6970,64
2021-09-10,San Bernardino,071,2135413,334907,331894,10876,342770,5422
2021-09-10,San Diego,073,3302833,347630,343173,20172,363345,3941
2021-09-10,San Francisco,075,870044,49028,48518,2405,50923,602
2021-09-10,San Joaquin,077,732212,91318,90208,4918,95126,1573
2021-09-10,San Luis Obispo,079,281455,26908,26526,1066,27592,299
2021-09-10,San Mateo,081,765935,50737,50251,1201,51452,564
2021-09-10,Santa Barbara,083,443738,41138,40321,1568,41889,492
2021-09-10,Santa Clara,085,1922200,138486,137337,1115,138452,1817
2021-09-10,Santa Cruz,087,273765,19003,18785,1041,19826,210
2021-09-10,Shasta,089,179085,17395,16667,2822,19489,242
2021-09-10,Sierra,091,2930,127,117,15,132,0
2021-09-10,Siskiyou,093,43540,2829,2702,996,3698,35
2021-09-10,Solano,095,438530,42797,42230,1077,43307,305
2021-09-10,Sonoma,097,501317,38688,38271,480,38751,368
2021-09-10,Stanislaus,099,539301,70923,69617,8087,77704,1091
2021-09-10,Sutter,101,95872,12694,12468,218,12686,145
2021-09-10,Tehama,103,63373,6866,6652,1138,7790,77
2021-09-10,Trinity,105,12862,582,524,163,687,7
2021-09-10,Tulare,107,460477,59304,57930,12718,70648,883
2021-09-10,Tuolumne,109,53932,6009,5842,60,5902,89
2021-09-10,Ventura,111,848112,93003,92145,4191,96336,1104
2021-09-10,Yolo,113,214977,18120,17825,939,18764,239
2021-09-10,Yuba,115,75493,8909,8760,201,8961,62
2021-09-09,Alameda,001,1643700,112492,111014,2730,113744,1306
2021-09-09,Alpine,003,1148,98,94,0,94,0
2021-09-09,Amador,005,37829,4807,4698,49,4747,56
2021-09-09,Butte,007,227075,17557,16874,3167,20041,221
2021-09-09,Calaveras,009,45235,3269,3165,24,3189,65
2021-09-09,Colusa,011,21464,2356,2321,527,2848,16
2021-09-09,Contra Costa,013,1133247,92755,91687,1927,93614,904
2021-09-09,Del Norte,015,27424,3214,3102,15,3117,28
2021-09-09,El Dorado,017,186661,14307,13970,1462,15432,119
2021-09-09,Fresno,019,978130,122939,121040,11084,132124,1838
2021-09-09,Glenn,021,27897,3052,2947,873,3820,20
2021-09-09,Humboldt,023,135768,7704,7471,369,7840,52
2021-09-09,Imperial,025,180216,30847,30661,3127,33788,751
2021-09-09,Inyo,027,18085,1613,1586,28,1614,39
2021-09-09,Kern,029,883053,113572,111390,17548,128938,1414
2021-09-09,Kings,031,150075,27987,27282,1679,28961,273
2021-09-09,Lake,033,64148,5868,5638,119,5757,79
2021-09-09,Lassen,035,31185,6014,5860,235,6095,25
2021-09-09,Los Angeles,037,10098052,1372987,1363735,53603,1417338,25583
2021-09-09,Madera,039,155013,19937,19401,1537,20938,252
2021-09-09,Marin,041,260295,16587,16416,387,16803,242
2021-09-09,Mariposa,043,17540,840,779,23,802,5
2021-09-09,Mendocino,045,87422,6391,6089,266,6355,61
2021-09-09,Merced,047,269075,37399,36634,1350,37984,516
2021-09-09,Modoc,049,8938,462,448,158,606,5
2021-09-09,Mono,051,14174,1447,1420,13,1433,3
2021-09-09,Monterey,053,433212,46244,45991,2970,48961,556
2021-09-09,Napa,055,140530,12066,11878,79,11957,90
2021-09-09,Nevada,057,99092,8065,7855,271,8126,82
2021-09-09,Orange,059,3164182,292252,289109,14143,303252,5299
2021-09-09,Placer,061,380077,32769,32048,3133,35181,342
2021-09-09,Plumas,063,18699,1151,1098,24,1122,5
2021-09-09,Riverside,065,2383286,338494,334774,16432,351206,4701
2021-09-09,Sacramento,067,1510023,143687,142728,3603,146331,1929
2021-09-09,San Benito,069,59416,6866,6820,145,6965,64
2021-09-09,San Bernardino,071,2135413,334346,331040,10864,341904,5417
2021-09-09,San Diego,073,3302833,346902,342149,20115,362264,3929
2021-09-09,San Francisco,075,870044,48918,48404,2392,50796,597
2021-09-09,San Joaquin,077,732212,91047,89874,4884,94758,1570
2021-09-09,San Luis Obispo,079,281455,26826,26472,1063,27535,296
2021-09-09,San Mateo,081,765935,50625,50143,1189,51332,561
2021-09-09,Santa Barbara,083,443738,41033,40180,1563,41743,490
2021-09-09,Santa Clara,085,1922200,138268,137017,1111,138128,1816
2021-09-09,Santa Cruz,087,273765,18957,18728,1041,19769,210
2021-09-09,Shasta,089,179085,17249,16401,2779,19180,238
2021-09-09,Sierra,091,2930,127,115,15,130,0
2021-09-09,Siskiyou,093,43540,2806,2683,982,3665,35
2021-09-09,Solano,095,438530,42689,42081,1073,43154,303
2021-09-09,Sonoma,097,501317,38621,38171,479,38650,360
2021-09-09,Stanislaus,099,539301,70637,69178,8055,77233,1074
2021-09-09,Sutter,101,95872,12639,12396,216,12612,144
2021-09-09,Tehama,103,63373,6813,6554,1133,7687,75
2021-09-09,Trinity,105,12862,576,523,161,684,6
2021-09-09,Tulare,107,460477,59060,57564,12658,70222,879
2021-09-09,Tuolumne,109,53932,5981,5802,59,5861,89
2021-09-09,Ventura,111,848112,92860,91610,4182,95792,1098
2021-09-09,Yolo,113,214977,18064,17724,936,18660,239
2021-09-09,Yuba,115,75493,8863,8707,198,8905,55
2021-09-08,Alameda,001,1643700,112238,110781,2726,113507,1305
2021-09-08,Alpine,003,1148,98,94,0,94,0
2021-09-08,Amador,005,37829,4795,4693,49,4742,56
2021-09-08,Butte,007,227075,17424,16775,3149,19924,220
2021-09-08,Calaveras,009,45235,3250,3157,24,3181,63
2021-09-08,Colusa,011,21464,2354,2308,525,2833,16
2021-09-08,Contra Costa,013,1133247,92485,91471,1922,93393,900
2021-09-08,Del Norte,015,27424,3190,3085,15,3100,25
2021-09-08,El Dorado,017,186661,14228,13928,1440,15368,119
2021-09-08,Fresno,019,978130,122448,120644,11035,131679,1831
2021-09-08,Glenn,021,27897,3033,2942,861,3803,20
2021-09-08,Humboldt,023,135768,7661,7438,360,7798,52
2021-09-08,Imperial,025,180216,30814,30609,3114,33723,751
2021-09-08,Inyo,027,18085,1602,1580,28,1608,39
2021-09-08,Kern,029,883053,113177,110933,17407,128340,1409
2021-09-08,Kings,031,150075,27858,27235,1664,28899,267
2021-09-08,Lake,033,64148,5838,5618,117,5735,79
2021-09-08,Lassen,035,31185,5996,5848,227,6075,25
2021-09-08,Los Angeles,037,10098052,1370926,1362029,53512,1415541,25533
2021-09-08,Madera,039,155013,19877,19352,1524,20876,252
2021-09-08,Marin,041,260295,16559,16386,386,16772,242
2021-09-08,Mariposa,043,17540,828,777,22,799,5
2021-09-08,Mendocino,045,87422,6346,6069,257,6326,61
2021-09-08,Merced,047,269075,37239,36500,1337,37837,516
2021-09-08,Modoc,049,8938,462,448,158,606,5
2021-09-08,Mono,051,14174,1444,1418,13,1431,3
2021-09-08,Monterey,053,433212,46204,45959,2952,48911,554
2021-09-08,Napa,055,140530,12031,11842,77,11919,90
2021-09-08,Nevada,057,99092,8029,7843,270,8113,82
2021-09-08,Orange,059,3164182,291851,288511,14124,302635,5290
2021-09-08,Placer,061,380077,32632,31852,3116,34968,337
2021-09-08,Plumas,063,18699,1147,1072,23,1095,5
2021-09-08,Riverside,065,2383286,337737,334037,16404,350441,4683
2021-09-08,Sacramento,067,1510023,143209,142448,3552,146000,1921
2021-09-08,San Benito,069,59416,6849,6800,144,6944,64
2021-09-08,San Bernardino,071,2135413,333746,330279,10847,341126,5411
2021-09-08,San Diego,073,3302833,345966,341437,20069,361506,3926
2021-09-08,San Francisco,075,870044,48778,48263,2389,50652,589
2021-09-08,San Joaquin,077,732212,90770,89631,4851,94482,1561
2021-09-08,San Luis Obispo,079,281455,26733,26303,1058,27361,294
2021-09-08,San Mateo,081,765935,50528,50051,1186,51237,561
2021-09-08,Santa Barbara,083,443738,40923,40000,1558,41558,490
2021-09-08,Santa Clara,085,1922200,138048,136836,1105,137941,1810
2021-09-08,Santa Cruz,087,273765,18920,18699,1041,19740,210
2021-09-08,Shasta,089,179085,17094,16227,2735,18962,234
2021-09-08,Sierra,091,2930,127,113,15,128,0
2021-09-08,Siskiyou,093,43540,2774,2643,971,3614,35
2021-09-08,Solano,095,438530,42599,41971,1070,43041,302
2021-09-08,Sonoma,097,501317,38539,38075,478,38553,360
2021-09-08,Stanislaus,099,539301,70392,68945,8018,76963,1074
2021-09-08,Sutter,101,95872,12574,12349,213,12562,144
2021-09-08,Tehama,103,63373,6747,6520,1116,7636,75
2021-09-08,Trinity,105,12862,573,520,157,677,6
2021-09-08,Tulare,107,460477,58735,57425,12601,70026,876
2021-09-08,Tuolumne,109,53932,5948,5783,57,5840,89
2021-09-08,Ventura,111,848112,92710,91345,4164,95509,1096
2021-09-08,Yolo,113,214977,17983,17680,931,18611,239
2021-09-08,Yuba,115,75493,8821,8675,196,8871,55
2021-09-07,Alameda,001,1643700,111936,110550,2719,113269,1301
2021-09-07,Alpine,003,1148,97,94,0,94,0
2021-09-07,Amador,005,37829,4768,4679,49,4728,53
2021-09-07,Butte,007,227075,17268,16723,3116,19839,220
2021-09-07,Calaveras,009,45235,3208,3140,22,3162,63
2021-09-07,Colusa,011,21464,2343,2306,524,2830,16
2021-09-07,Contra Costa,013,1133247,92225,91167,1916,93083,891
2021-09-07,Del Norte,015,27424,3177,3081,15,3096,24
2021-09-07,El Dorado,017,186661,14157,13892,1424,15316,119
2021-09-07,Fresno,019,978130,121901,120268,10982,131250,1828
2021-09-07,Glenn,021,27897,3013,2937,853,3790,20
2021-09-07,Humboldt,023,135768,7603,7397,343,7740,52
2021-09-07,Imperial,025,180216,30775,30584,3106,33690,751
2021-09-07,Inyo,027,18085,1596,1579,27,1606,39
2021-09-07,Kern,029,883053,112747,110674,17242,127916,1408
2021-09-07,Kings,031,150075,27733,27169,1646,28815,267
2021-09-07,Lake,033,64148,5796,5597,109,5706,78
2021-09-07,Lassen,035,31185,5978,5842,221,6063,21
2021-09-07,Los Angeles,037,10098052,1368704,1360407,53413,1413820,25486
2021-09-07,Madera,039,155013,19790,19316,1518,20834,249
2021-09-07,Marin,041,260295,16521,16363,386,16749,242
2021-09-07,Mariposa,043,17540,813,771,22,793,5
2021-09-07,Mendocino,045,87422,6290,6036,246,6282,61
2021-09-07,Merced,047,269075,37065,36400,1332,37732,513
2021-09-07,Modoc,049,8938,460,449,158,607,5
2021-09-07,Mono,051,14174,1435,1416,13,1429,3
2021-09-07,Monterey,053,433212,46138,45911,2921,48832,543
2021-09-07,Napa,055,140530,11990,11814,77,11891,90
2021-09-07,Nevada,057,99092,8001,7829,270,8099,82
2021-09-07,Orange,059,3164182,291424,288225,14097,302322,5274
2021-09-07,Placer,061,380077,32480,31710,3087,34797,337
2021-09-07,Plumas,063,18699,1129,1071,23,1094,5
2021-09-07,Riverside,065,2383286,336950,333390,16385,349775,4666
2021-09-07,Sacramento,067,1510023,142671,142364,3505,145869,1905
2021-09-07,San Benito,069,59416,6831,6786,144,6930,64
2021-09-07,San Bernardino,071,2135413,333007,329962,10819,340781,5407
2021-09-07,San Diego,073,3302833,344958,340709,20005,360714,3922
2021-09-07,San Francisco,075,870044,48641,48175,2381,50556,589
2021-09-07,San Joaquin,077,732212,90439,89468,4837,94305,1548
2021-09-07,San Luis Obispo,079,281455,26615,26253,1049,27302,287
2021-09-07,San Mateo,081,765935,50440,49913,1180,51093,561
2021-09-07,Santa Barbara,083,443738,40798,39957,1553,41510,489
2021-09-07,Santa Clara,085,1922200,137771,136631,1098,137729,1807
2021-09-07,Santa Cruz,087,273765,18871,18669,1038,19707,210
2021-09-07,Shasta,089,179085,16939,16096,2681,18777,226
2021-09-07,Sierra,091,2930,127,111,15,126,0
2021-09-07,Siskiyou,093,43540,2749,2607,953,3560,34
2021-09-07,Solano,095,438530,42479,41862,1066,42928,300
2021-09-07,Sonoma,097,501317,38455,38013,475,38488,358
2021-09-07,Stanislaus,099,539301,70105,68831,7995,76826,1074
2021-09-07,Sutter,101,95872,12500,12310,207,12517,138
2021-09-07,Tehama,103,63373,6696,6482,1096,7578,74
2021-09-07,Trinity,105,12862,568,517,157,674,6
2021-09-07,Tulare,107,460477,58384,57228,12519,69747,874
2021-09-07,Tuolumne,109,53932,5911,5759,57,5816,88
2021-09-07,Ventura,111,848112,92500,91246,4153,95399,1093
2021-09-07,Yolo,113,214977,17914,17653,926,18579,235
2021-09-07,Yuba,115,75493,8778,8642,191,8833,55
2021-09-06,Alameda,001,1643700,111628,110357,2710,113067,1301
2021-09-06,Alpine,003,1148,95,94,0,94,0
2021-09-06,Amador,005,37829,4752,4648,48,4696,53
2021-09-06,Butte,007,227075,17076,16588,3072,19660,218
2021-09-06,Calaveras,009,45235,3190,3122,22,3144,63
2021-09-06,Colusa,011,21464,2336,2306,519,2825,16
2021-09-06,Contra Costa,013,1133247,91931,90971,1906,92877,891
2021-09-06,Del Norte,015,27424,3137,3037,14,3051,24
2021-09-06,El Dorado,017,186661,14088,13848,1408,15256,119
2021-09-06,Fresno,019,978130,121333,119738,10923,130661,1828
2021-09-06,Glenn,021,27897,2980,2912,838,3750,20
2021-09-06,Humboldt,023,135768,7528,7320,325,7645,52
2021-09-06,Imperial,025,180216,30712,30576,3101,33677,751
2021-09-06,Inyo,027,18085,1590,1578,11,1589,39
2021-09-06,Kern,029,883053,112240,110347,17051,127398,1408
2021-09-06,Kings,031,150075,27593,27094,1628,28722,264
2021-09-06,Lake,033,64148,5733,5548,102,5650,78
2021-09-06,Lassen,035,31185,5952,5822,210,6032,21
2021-09-06,Los Angeles,037,10098052,1366336,1359348,53293,1412641,25477
2021-09-06,Madera,039,155013,19687,19191,1499,20690,249
2021-09-06,Marin,041,260295,16481,16356,386,16742,242
2021-09-06,Mariposa,043,17540,801,764,22,786,5
2021-09-06,Mendocino,045,87422,6223,5984,232,6216,61
2021-09-06,Merced,047,269075,36851,36300,1323,37623,513
2021-09-06,Modoc,049,8938,457,449,158,607,5
2021-09-06,Mono,051,14174,1432,1416,13,1429,3
2021-09-06,Monterey,053,433212,46074,45833,2876,48709,541
2021-09-06,Napa,055,140530,11947,11792,76,11868,90
2021-09-06,Nevada,057,99092,7953,7748,268,8016,82
2021-09-06,Orange,059,3164182,290930,287948,14044,301992,5274
2021-09-06,Placer,061,380077,32304,31595,3047,34642,337
2021-09-06,Plumas,063,18699,1106,1068,21,1089,5
2021-09-06,Riverside,065,2383286,336134,333052,16364,349416,4666
2021-09-06,Sacramento,067,1510023,142030,141730,3433,145163,1905
2021-09-06,San Benito,069,59416,6808,6777,141,6918,64
2021-09-06,San Bernardino,071,2135413,332125,329693,10788,340481,5398
2021-09-06,San Diego,073,3302833,343943,340222,19909,360131,3922
2021-09-06,San Francisco,075,870044,48507,48120,2375,50495,589
2021-09-06,San Joaquin,077,732212,90099,89293,4816,94109,1548
2021-09-06,San Luis Obispo,079,281455,26487,26183,1046,27229,286
2021-09-06,San Mateo,081,765935,50329,49859,1162,51021,561
2021-09-06,Santa Barbara,083,443738,40669,39876,1544,41420,489
2021-09-06,Santa Clara,085,1922200,137486,136458,1095,137553,1807
2021-09-06,Santa Cruz,087,273765,18819,18615,1035,19650,210
2021-09-06,Shasta,089,179085,16761,15985,2626,18611,226
2021-09-06,Sierra,091,2930,127,109,15,124,0
2021-09-06,Siskiyou,093,43540,2706,2595,919,3514,34
2021-09-06,Solano,095,438530,42340,41774,1060,42834,300
2021-09-06,Sonoma,097,501317,38339,37929,474,38403,358
2021-09-06,Stanislaus,099,539301,69731,68596,7947,76543,1074
2021-09-06,Sutter,101,95872,12438,12238,198,12436,138
2021-09-06,Tehama,103,63373,6634,6413,1069,7482,74
2021-09-06,Trinity,105,12862,565,515,155,670,6
2021-09-06,Tulare,107,460477,58030,57068,12438,69506,874
2021-09-06,Tuolumne,109,53932,5876,5697,57,5754,88
2021-09-06,Ventura,111,848112,92326,91132,4142,95274,1093
2021-09-06,Yolo,113,214977,17832,17576,920,18496,235
2021-09-06,Yuba,115,75493,8728,8584,187,8771,55
2021-09-05,Alameda,001,1643700,111438,110173,2707,112880,1301
2021-09-05,Alpine,003,1148,95,94,0,94,0
2021-09-05,Amador,005,37829,4740,4642,48,4690,53
2021-09-05,Butte,007,227075,16986,16504,3044,19548,218
2021-09-05,Calaveras,009,45235,3183,3106,22,3128,63
2021-09-05,Colusa,011,21464,2328,2305,517,2822,16
2021-09-05,Contra Costa,013,1133247,91747,90862,1900,92762,891
2021-09-05,Del Norte,015,27424,3117,3023,14,3037,24
2021-09-05,El Dorado,017,186661,14059,13827,1394,15221,119
2021-09-05,Fresno,019,978130,121035,119384,10889,130273,1828
2021-09-05,Glenn,021,27897,2972,2899,835,3734,20
2021-09-05,Humboldt,023,135768,7495,7312,322,7634,52
2021-09-05,Imperial,025,180216,30683,30548,3099,33647,751
2021-09-05,Inyo,027,18085,1587,1572,11,1583,39
2021-09-05,Kern,029,883053,111944,110073,16886,126959,1408
2021-09-05,Kings,031,150075,27516,26989,1624,28613,264
2021-09-05,Lake,033,64148,5713,5525,102,5627,78
2021-09-05,Lassen,035,31185,5931,5820,206,6026,21
2021-09-05,Los Angeles,037,10098052,1365058,1357748,53216,1410964,25465
2021-09-05,Madera,039,155013,19644,19155,1490,20645,249
2021-09-05,Marin,041,260295,16462,16342,385,16727,242
2021-09-05,Mariposa,043,17540,797,761,22,783,5
2021-09-05,Mendocino,045,87422,6189,5965,232,6197,61
2021-09-05,Merced,047,269075,36775,36243,1322,37565,513
2021-09-05,Modoc,049,8938,457,447,158,605,5
2021-09-05,Mono,051,14174,1432,1416,13,1429,3
2021-09-05,Monterey,053,433212,46050,45795,2863,48658,540
2021-09-05,Napa,055,140530,11922,11770,76,11846,90
2021-09-05,Nevada,057,99092,7931,7722,267,7989,82
2021-09-05,Orange,059,3164182,290644,287614,14029,301643,5274
2021-09-05,Placer,061,380077,32176,31487,3033,34520,337
2021-09-05,Plumas,063,18699,1101,1067,21,1088,5
2021-09-05,Riverside,065,2383286,335683,332604,16353,348957,4654
2021-09-05,Sacramento,067,1510023,141596,141276,3411,144687,1905
2021-09-05,San Benito,069,59416,6807,6764,141,6905,64
2021-09-05,San Bernardino,071,2135413,331742,329062,10773,339835,5392
2021-09-05,San Diego,073,3302833,343385,339427,19873,359300,3914
2021-09-05,San Francisco,075,870044,48430,48035,2370,50405,589
2021-09-05,San Joaquin,077,732212,89937,89121,4803,93924,1548
2021-09-05,San Luis Obispo,079,281455,26439,26098,1045,27143,285
2021-09-05,San Mateo,081,765935,50265,49809,1156,50965,561
2021-09-05,Santa Barbara,083,443738,40602,39762,1542,41304,489
2021-09-05,Santa Clara,085,1922200,137280,136146,1093,137239,1807
2021-09-05,Santa Cruz,087,273765,18799,18588,1033,19621,210
2021-09-05,Shasta,089,179085,16679,15960,2600,18560,226
2021-09-05,Sierra,091,2930,126,109,15,124,0
2021-09-05,Siskiyou,093,43540,2690,2585,904,3489,34
2021-09-05,Solano,095,438530,42247,41687,1055,42742,300
2021-09-05,Sonoma,097,501317,38258,37881,473,38354,358
2021-09-05,Stanislaus,099,539301,69582,68434,7923,76357,1074
2021-09-05,Sutter,101,95872,12408,12179,192,12371,138
2021-09-05,Tehama,103,63373,6610,6400,1063,7463,74
2021-09-05,Trinity,105,12862,558,505,154,659,6
2021-09-05,Tulare,107,460477,57863,56915,12393,69308,874
2021-09-05,Tuolumne,109,53932,5864,5688,57,5745,88
2021-09-05,Ventura,111,848112,92191,91004,4138,95142,1093
2021-09-05,Yolo,113,214977,17796,17557,914,18471,235
2021-09-05,Yuba,115,75493,8703,8521,185,8706,55
2021-09-04,Alameda,001,1643700,111314,109944,2700,112644,1301
2021-09-04,Alpine,003,1148,95,94,0,94,0
2021-09-04,Amador,005,37829,4722,4637,47,4684,53
2021-09-04,Butte,007,227075,16929,16403,3028,19431,218
2021-09-04,Calaveras,009,45235,3172,3087,21,3108,63
2021-09-04,Colusa,011,21464,2326,2301,517,2818,16
2021-09-04,Contra Costa,013,1133247,91635,90623,1897,92520,891
2021-09-04,Del Norte,015,27424,3106,2984,14,2998,24
2021-09-04,El Dorado,017,186661,14033,13782,1386,15168,119
2021-09-04,Fresno,019,978130,120844,119033,10873,129906,1828
2021-09-04,Glenn,021,27897,2967,2878,831,3709,20
2021-09-04,Humboldt,023,135768,7464,7298,316,7614,52
2021-09-04,Imperial,025,180216,30660,30526,3097,33623,751
2021-09-04,Inyo,027,18085,1585,1571,11,1582,39
2021-09-04,Kern,029,883053,111699,109751,16756,126507,1408
2021-09-04,Kings,031,150075,27428,26896,1618,28514,263
2021-09-04,Lake,033,64148,5695,5507,102,5609,78
2021-09-04,Lassen,035,31185,5916,5814,198,6012,21
2021-09-04,Los Angeles,037,10098052,1364116,1355634,53154,1408788,25454
2021-09-04,Madera,039,155013,19611,19112,1484,20596,249
2021-09-04,Marin,041,260295,16446,16319,384,16703,242
2021-09-04,Mariposa,043,17540,792,759,22,781,5
2021-09-04,Mendocino,045,87422,6153,5933,232,6165,61
2021-09-04,Merced,047,269075,36730,36083,1319,37402,513
2021-09-04,Modoc,049,8938,457,447,158,605,5
2021-09-04,Mono,051,14174,1432,1417,13,1430,3
2021-09-04,Monterey,053,433212,46028,45756,2850,48606,540
2021-09-04,Napa,055,140530,11897,11760,74,11834,90
2021-09-04,Nevada,057,99092,7916,7691,266,7957,82
2021-09-04,Orange,059,3164182,290382,287244,14009,301253,5274
2021-09-04,Placer,061,380077,32070,31374,3015,34389,337
2021-09-04,Plumas,063,18699,1095,1067,21,1088,5
2021-09-04,Riverside,065,2383286,335213,331958,16341,348299,4654
2021-09-04,Sacramento,067,1510023,141307,140735,3402,144137,1896
2021-09-04,San Benito,069,59416,6798,6758,141,6899,64
2021-09-04,San Bernardino,071,2135413,331411,328425,10760,339185,5393
2021-09-04,San Diego,073,3302833,342951,338748,19851,358599,3914
2021-09-04,San Francisco,075,870044,48359,47937,2357,50294,589
2021-09-04,San Joaquin,077,732212,89824,88846,4796,93642,1548
2021-09-04,San Luis Obispo,079,281455,26408,26020,1045,27065,285
2021-09-04,San Mateo,081,765935,50217,49721,1147,50868,560
2021-09-04,Santa Barbara,083,443738,40536,39667,1540,41207,489
2021-09-04,Santa Clara,085,1922200,137095,135845,1090,136935,1806
2021-09-04,Santa Cruz,087,273765,18781,18579,1029,19608,210
2021-09-04,Shasta,089,179085,16602,15924,2574,18498,226
2021-09-04,Sierra,091,2930,124,108,15,123,0
2021-09-04,Siskiyou,093,43540,2665,2563,892,3455,34
2021-09-04,Solano,095,438530,42174,41614,1053,42667,300
2021-09-04,Sonoma,097,501317,38225,37809,473,38282,358
2021-09-04,Stanislaus,099,539301,69425,68210,7899,76109,1074
2021-09-04,Sutter,101,95872,12367,12137,191,12328,138
2021-09-04,Tehama,103,63373,6584,6367,1045,7412,74
2021-09-04,Trinity,105,12862,556,497,154,651,6
2021-09-04,Tulare,107,460477,57757,56719,12350,69069,874
2021-09-04,Tuolumne,109,53932,5846,5667,55,5722,88
2021-09-04,Ventura,111,848112,92056,90904,4135,95039,1090
2021-09-04,Yolo,113,214977,17762,17522,910,18432,235
2021-09-04,Yuba,115,75493,8675,8475,184,8659,55
2021-09-03,Alameda,001,1643700,111172,109636,2699,112335,1301
2021-09-03,Alpine,003,1148,95,94,0,94,0
2021-09-03,Amador,005,37829,4700,4614,47,4661,53
2021-09-03,Butte,007,227075,16839,16259,3003,19262,215
2021-09-03,Calaveras,009,45235,3162,3069,21,3090,63
2021-09-03,Colusa,011,21464,2321,2295,516,2811,16
2021-09-03,Contra Costa,013,1133247,91484,90299,1894,92193,886
2021-09-03,Del Norte,015,27424,3078,2943,13,2956,24
2021-09-03,El Dorado,017,186661,14000,13710,1382,15092,119
2021-09-03,Fresno,019,978130,120514,118508,10858,129366,1822
2021-09-03,Glenn,021,27897,2961,2867,824,3691,20
2021-09-03,Humboldt,023,135768,7440,7194,311,7505,52
2021-09-03,Imperial,025,180216,30637,30475,3092,33567,751
2021-09-03,Inyo,027,18085,1580,1567,11,1578,39
2021-09-03,Kern,029,883053,111485,109296,16641,125937,1407
2021-09-03,Kings,031,150075,27346,26753,1613,28366,263
2021-09-03,Lake,033,64148,5675,5479,100,5579,78
2021-09-03,Lassen,035,31185,5899,5789,193,5982,21
2021-09-03,Los Angeles,037,10098052,1362790,1351185,53087,1404272,25384
2021-09-03,Madera,039,155013,19528,19021,1477,20498,247
2021-09-03,Marin,041,260295,16424,16293,383,16676,242
2021-09-03,Mariposa,043,17540,784,753,22,775,5
2021-09-03,Mendocino,045,87422,6118,5891,231,6122,61
2021-09-03,Merced,047,269075,36676,35941,1310,37251,512
2021-09-03,Modoc,049,8938,457,445,158,603,5
2021-09-03,Mono,051,14174,1431,1410,13,1423,3
2021-09-03,Monterey,053,433212,46001,45707,2835,48542,540
2021-09-03,Napa,055,140530,11876,11733,74,11807,89
2021-09-03,Nevada,057,99092,7885,7632,265,7897,82
2021-09-03,Orange,059,3164182,290060,286818,13981,300799,5253
2021-09-03,Placer,061,380077,31964,31238,2990,34228,335
2021-09-03,Plumas,063,18699,1086,1057,21,1078,5
2021-09-03,Riverside,065,2383286,334681,331011,16325,347336,4653
2021-09-03,Sacramento,067,1510023,140941,139982,3383,143365,1886
2021-09-03,San Benito,069,59416,6792,6746,141,6887,64
2021-09-03,San Bernardino,071,2135413,331002,327599,10750,338349,5381
2021-09-03,San Diego,073,3302833,342328,337627,19820,357447,3911
2021-09-03,San Francisco,075,870044,48286,47822,2348,50170,589
2021-09-03,San Joaquin,077,732212,89674,88366,4790,93156,1540
2021-09-03,San Luis Obispo,079,281455,26334,25917,1043,26960,283
2021-09-03,San Mateo,081,765935,50136,49617,1132,50749,560
2021-09-03,Santa Barbara,083,443738,40470,39507,1537,41044,489
2021-09-03,Santa Clara,085,1922200,136889,135522,1086,136608,1801
2021-09-03,Santa Cruz,087,273765,18756,18532,1029,19561,210
2021-09-03,Shasta,089,179085,16528,15778,2549,18327,226
2021-09-03,Sierra,091,2930,122,105,15,120,0
2021-09-03,Siskiyou,093,43540,2653,2529,878,3407,34
2021-09-03,Solano,095,438530,42099,41457,1050,42507,300
2021-09-03,Sonoma,097,501317,38163,37699,473,38172,358
2021-09-03,Stanislaus,099,539301,69249,67887,7872,75759,1074
2021-09-03,Sutter,101,95872,12328,12073,190,12263,139
2021-09-03,Tehama,103,63373,6546,6334,1037,7371,72
2021-09-03,Trinity,105,12862,555,490,149,639,6
2021-09-03,Tulare,107,460477,57629,56401,12297,68698,872
2021-09-03,Tuolumne,109,53932,5804,5630,55,5685,88
2021-09-03,Ventura,111,848112,91922,90742,4131,94873,1088
2021-09-03,Yolo,113,214977,17739,17446,904,18350,235
2021-09-03,Yuba,115,75493,8644,8412,183,8595,55
2021-09-02,Alameda,001,1643700,110917,109377,2695,112072,1301
2021-09-02,Alpine,003,1148,94,92,0,92,0
2021-09-02,Amador,005,37829,4684,4606,47,4653,53
2021-09-02,Butte,007,227075,16715,16154,2983,19137,215
2021-09-02,Calaveras,009,45235,3151,3042,20,3062,62
2021-09-02,Colusa,011,21464,2318,2290,514,2804,16
2021-09-02,Contra Costa,013,1133247,91304,90038,1886,91924,886
2021-09-02,Del Norte,015,27424,3048,2891,13,2904,24
2021-09-02,El Dorado,017,186661,13942,13641,1354,14995,119
2021-09-02,Fresno,019,978130,120029,117974,10821,128795,1804
2021-09-02,Glenn,021,27897,2938,2855,819,3674,20
2021-09-02,Humboldt,023,135768,7393,7141,299,7440,52
2021-09-02,Imperial,025,180216,30593,30449,3088,33537,751
2021-09-02,Inyo,027,18085,1575,1564,10,1574,39
2021-09-02,Kern,029,883053,111075,108930,16493,125423,1404
2021-09-02,Kings,031,150075,27255,26638,1603,28241,263
2021-09-02,Lake,033,64148,5645,5432,95,5527,78
2021-09-02,Lassen,035,31185,5885,5747,186,5933,21
2021-09-02,Los Angeles,037,10098052,1360938,1351105,52993,1404098,25382
2021-09-02,Madera,039,155013,19437,18937,1461,20398,247
2021-09-02,Marin,041,260295,16411,16244,381,16625,242
2021-09-02,Mariposa,043,17540,778,745,19,764,5
2021-09-02,Mendocino,045,87422,6077,5848,228,6076,61
2021-09-02,Merced,047,269075,36515,35820,1303,37123,508
2021-09-02,Modoc,049,8938,457,437,158,595,5
2021-09-02,Mono,051,14174,1431,1409,13,1422,3
2021-09-02,Monterey,053,433212,45949,45648,2808,48456,539
2021-09-02,Napa,055,140530,11847,11684,74,11758,88
2021-09-02,Nevada,057,99092,7833,7575,264,7839,82
2021-09-02,Orange,059,3164182,289604,286326,13949,300275,5240
2021-09-02,Placer,061,380077,31828,31067,2960,34027,330
2021-09-02,Plumas,063,18699,1075,1045,20,1065,5
2021-09-02,Riverside,065,2383286,333969,330190,16299,346489,4644
2021-09-02,Sacramento,067,1510023,140361,139274,3342,142616,1882
2021-09-02,San Benito,069,59416,6787,6734,140,6874,64
2021-09-02,San Bernardino,071,2135413,330394,326940,10675,337615,5369
2021-09-02,San Diego,073,3302833,341363,336382,19768,356150,3909
2021-09-02,San Francisco,075,870044,48179,47674,2342,50016,587
2021-09-02,San Joaquin,077,732212,89390,88056,4767,92823,1540
2021-09-02,San Luis Obispo,079,281455,26251,25851,1038,26889,283
2021-09-02,San Mateo,081,765935,50045,49490,1119,50609,558
2021-09-02,Santa Barbara,083,443738,40380,39386,1523,40909,486
2021-09-02,Santa Clara,085,1922200,136589,135216,1081,136297,1799
2021-09-02,Santa Cruz,087,273765,18723,18473,1027,19500,210
2021-09-02,Shasta,089,179085,16390,15670,2518,18188,224
2021-09-02,Sierra,091,2930,122,105,15,120,0
2021-09-02,Siskiyou,093,43540,2634,2513,848,3361,34
2021-09-02,Solano,095,438530,41993,41293,1047,42340,294
2021-09-02,Sonoma,097,501317,38085,37558,473,38031,352
2021-09-02,Stanislaus,099,539301,68991,67576,7850,75426,1074
2021-09-02,Sutter,101,95872,12258,11995,186,12181,138
2021-09-02,Tehama,103,63373,6487,6265,1018,7283,72
2021-09-02,Trinity,105,12862,551,484,147,631,6
2021-09-02,Tulare,107,460477,57403,56105,12242,68347,872
2021-09-02,Tuolumne,109,53932,5749,5578,55,5633,88
2021-09-02,Ventura,111,848112,91740,90610,4126,94736,1084
2021-09-02,Yolo,113,214977,17670,17357,893,18250,235
2021-09-02,Yuba,115,75493,8585,8363,183,8546,55
2021-09-01,Alameda,001,1643700,110647,109075,2690,111765,1299
2021-09-01,Alpine,003,1148,94,92,0,92,0
2021-09-01,Amador,005,37829,4668,4599,46,4645,53
2021-09-01,Butte,007,227075,16602,16046,2957,19003,215
2021-09-01,Calaveras,009,45235,3136,3023,20,3043,59
2021-09-01,Colusa,011,21464,2313,2281,514,2795,16
2021-09-01,Contra Costa,013,1133247,91077,89834,1875,91709,877
2021-09-01,Del Norte,015,27424,3016,2860,13,2873,24
2021-09-01,El Dorado,017,186661,13887,13577,1326,14903,119
2021-09-01,Fresno,019,978130,119542,117492,10770,128262,1800
2021-09-01,Glenn,021,27897,2911,2846,809,3655,20
2021-09-01,Humboldt,023,135768,7345,7090,292,7382,52
2021-09-01,Imperial,025,180216,30556,30393,3084,33477,750
2021-09-01,Inyo,027,18085,1572,1561,8,1569,39
2021-09-01,Kern,029,883053,110653,108449,16349,124798,1400
2021-09-01,Kings,031,150075,27142,26443,1591,28034,263
2021-09-01,Lake,033,64148,5603,5396,90,5486,77
2021-09-01,Lassen,035,31185,5863,5731,182,5913,21
2021-09-01,Los Angeles,037,10098052,1358722,1348589,52881,1401470,25341
2021-09-01,Madera,039,155013,19359,18852,1447,20299,247
2021-09-01,Marin,041,260295,16390,16224,376,16600,240
2021-09-01,Mariposa,043,17540,770,735,19,754,5
2021-09-01,Mendocino,045,87422,6037,5821,223,6044,59
2021-09-01,Merced,047,269075,36338,35686,1294,36980,500
2021-09-01,Modoc,049,8938,451,436,156,592,5
2021-09-01,Mono,051,14174,1431,1400,13,1413,3
2021-09-01,Monterey,053,433212,45880,45590,2782,48372,539
2021-09-01,Napa,055,140530,11816,11653,74,11727,88
2021-09-01,Nevada,057,99092,7780,7508,263,7771,82
2021-09-01,Orange,059,3164182,289135,285840,13911,299751,5233
2021-09-01,Placer,061,380077,31673,30902,2946,33848,330
2021-09-01,Plumas,063,18699,1067,1033,20,1053,5
2021-09-01,Riverside,065,2383286,333156,329388,16266,345654,4634
2021-09-01,Sacramento,067,1510023,139750,138499,3296,141795,1875
2021-09-01,San Benito,069,59416,6770,6716,140,6856,64
2021-09-01,San Bernardino,071,2135413,329749,326250,10645,336895,5364
2021-09-01,San Diego,073,3302833,340324,335302,19719,355021,3908
2021-09-01,San Francisco,075,870044,48073,47538,2332,49870,584
2021-09-01,San Joaquin,077,732212,89070,87640,4747,92387,1540
2021-09-01,San Luis Obispo,079,281455,26155,25691,1033,26724,283
2021-09-01,San Mateo,081,765935,49939,49394,1105,50499,558
2021-09-01,Santa Barbara,083,443738,40263,39263,1506,40769,483
2021-09-01,Santa Clara,085,1922200,136328,134855,1076,135931,1796
2021-09-01,Santa Cruz,087,273765,18676,18453,1025,19478,210
2021-09-01,Shasta,089,179085,16258,15552,2475,18027,221
2021-09-01,Sierra,091,2930,121,98,15,113,0
2021-09-01,Siskiyou,093,43540,2606,2482,826,3308,34
2021-09-01,Solano,095,438530,41849,41194,1042,42236,293
2021-09-01,Sonoma,097,501317,37990,37454,472,37926,352
2021-09-01,Stanislaus,099,539301,68700,67287,7820,75107,1075
2021-09-01,Sutter,101,95872,12194,11945,179,12124,136
2021-09-01,Tehama,103,63373,6453,6228,1001,7229,72
2021-09-01,Trinity,105,12862,550,482,144,626,5
2021-09-01,Tulare,107,460477,57122,55768,12205,67973,870
2021-09-01,Tuolumne,109,53932,5709,5553,55,5608,88
2021-09-01,Ventura,111,848112,91526,90471,4110,94581,1089
2021-09-01,Yolo,113,214977,17616,17264,886,18150,235
2021-09-01,Yuba,115,75493,8523,8308,183,8491,55
2021-08-31,Alameda,001,1643700,110337,108837,2683,111520,1297
2021-08-31,Alpine,003,1148,92,92,0,92,0
2021-08-31,Amador,005,37829,4647,4555,46,4601,53
2021-08-31,Butte,007,227075,16464,15896,2917,18813,216
2021-08-31,Calaveras,009,45235,3098,3008,20,3028,59
2021-08-31,Colusa,011,21464,2312,2275,512,2787,16
2021-08-31,Contra Costa,013,1133247,90784,89546,1864,91410,871
2021-08-31,Del Norte,015,27424,2979,2830,13,2843,19
2021-08-31,El Dorado,017,186661,13817,13539,1308,14847,119
2021-08-31,Fresno,019,978130,118972,117155,10704,127859,1801
2021-08-31,Glenn,021,27897,2895,2829,795,3624,20
2021-08-31,Humboldt,023,135768,7269,7030,278,7308,52
2021-08-31,Imperial,025,180216,30520,30348,3076,33424,750
2021-08-31,Inyo,027,18085,1568,1550,8,1558,39
2021-08-31,Kern,029,883053,110153,108151,16166,124317,1393
2021-08-31,Kings,031,150075,27002,26405,1576,27981,260
2021-08-31,Lake,033,64148,5560,5359,87,5446,74
2021-08-31,Lassen,035,31185,5837,5702,179,5881,21
2021-08-31,Los Angeles,037,10098052,1356226,1346686,52799,1399485,25303
2021-08-31,Madera,039,155013,19268,18811,1431,20242,247
2021-08-31,Marin,041,260295,16361,16215,373,16588,240
2021-08-31,Mariposa,043,17540,762,732,19,751,5
2021-08-31,Mendocino,045,87422,5997,5777,221,5998,59
2021-08-31,Merced,047,269075,36169,35512,1289,36801,498
2021-08-31,Modoc,049,8938,450,436,156,592,5
2021-08-31,Mono,051,14174,1415,1398,13,1411,3
2021-08-31,Monterey,053,433212,45816,45550,2749,48299,539
2021-08-31,Napa,055,140530,11769,11618,74,11692,88
2021-08-31,Nevada,057,99092,7714,7460,263,7723,82
2021-08-31,Orange,059,3164182,288538,285310,13875,299185,5229
2021-08-31,Placer,061,380077,31487,30745,2907,33652,325
2021-08-31,Plumas,063,18699,1064,1018,19,1037,5
2021-08-31,Riverside,065,2383286,332184,328556,16233,344789,4627
2021-08-31,Sacramento,067,1510023,139083,137879,3256,141135,1863
2021-08-31,San Benito,069,59416,6758,6694,138,6832,64
2021-08-31,San Bernardino,071,2135413,329010,325446,10626,336072,5350
2021-08-31,San Diego,073,3302833,339056,334377,19671,354048,3888
2021-08-31,San Francisco,075,870044,47934,47440,2309,49749,581
2021-08-31,San Joaquin,077,732212,88627,87365,4732,92097,1540
2021-08-31,San Luis Obispo,079,281455,26031,25518,1029,26547,282
2021-08-31,San Mateo,081,765935,49834,49299,1098,50397,556
2021-08-31,Santa Barbara,083,443738,40117,39091,1498,40589,481
2021-08-31,Santa Clara,085,1922200,135980,134637,1072,135709,1793
2021-08-31,Santa Cruz,087,273765,18635,18419,1022,19441,210
2021-08-31,Shasta,089,179085,16105,15368,2447,17815,220
2021-08-31,Sierra,091,2930,118,95,15,110,0
2021-08-31,Siskiyou,093,43540,2588,2435,811,3246,33
2021-08-31,Solano,095,438530,41717,41067,1035,42102,289
2021-08-31,Sonoma,097,501317,37896,37379,471,37850,352
2021-08-31,Stanislaus,099,539301,68337,67004,7786,74790,1075
2021-08-31,Sutter,101,95872,12127,11901,175,12076,136
2021-08-31,Tehama,103,63373,6394,6169,970,7139,72
2021-08-31,Trinity,105,12862,544,480,144,624,3
2021-08-31,Tulare,107,460477,56789,55567,12132,67699,870
2021-08-31,Tuolumne,109,53932,5673,5516,55,5571,88
2021-08-31,Ventura,111,848112,91310,90292,4096,94388,1081
2021-08-31,Yolo,113,214977,17536,17205,877,18082,234
2021-08-31,Yuba,115,75493,8470,8253,183,8436,54
2021-08-30,Alameda,001,1643700,110008,107734,2672,110406,1296
2021-08-30,Alpine,003,1148,92,92,0,92,0
2021-08-30,Amador,005,37829,4636,4507,46,4553,53
2021-08-30,Butte,007,227075,16313,15719,2884,18603,214
2021-08-30,Calaveras,009,45235,3079,2975,20,2995,59
2021-08-30,Colusa,011,21464,2303,2271,508,2779,16
2021-08-30,Contra Costa,013,1133247,90527,87679,1853,89532,872
2021-08-30,Del Norte,015,27424,2937,2796,12,2808,11
2021-08-30,El Dorado,017,186661,13748,13217,1291,14508,119
2021-08-30,Fresno,019,978130,118410,115867,10644,126511,1790
2021-08-30,Glenn,021,27897,2884,2804,792,3596,20
2021-08-30,Humboldt,023,135768,7215,6930,271,7201,52
2021-08-30,Imperial,025,180216,30482,30311,3071,33382,750
2021-08-30,Inyo,027,18085,1563,1544,8,1552,39
2021-08-30,Kern,029,883053,109680,107615,15996,123611,1389
2021-08-30,Kings,031,150075,26887,26236,1560,27796,259
2021-08-30,Lake,033,64148,5526,5323,83,5406,74
2021-08-30,Lassen,035,31185,5815,5667,173,5840,21
2021-08-30,Los Angeles,037,10098052,1353784,1344949,52708,1397657,25269
2021-08-30,Madera,039,155013,19187,18622,1414,20036,247
2021-08-30,Marin,041,260295,16330,16160,373,16533,240
2021-08-30,Mariposa,043,17540,756,715,18,733,5
2021-08-30,Mendocino,045,87422,5964,5721,217,5938,55
2021-08-30,Merced,047,269075,36039,35335,1287,36622,497
2021-08-30,Modoc,049,8938,448,436,155,591,5
2021-08-30,Mono,051,14174,1415,1390,13,1403,3
2021-08-30,Monterey,053,433212,45763,45463,2723,48186,539
2021-08-30,Napa,055,140530,11719,11579,72,11651,87
2021-08-30,Nevada,057,99092,7655,7356,261,7617,82
2021-08-30,Orange,059,3164182,287966,284750,13823,298573,5223
2021-08-30,Placer,061,380077,31327,29825,2882,32707,319
2021-08-30,Plumas,063,18699,1048,998,19,1017,5
2021-08-30,Riverside,065,2383286,331287,327593,16202,343795,4623
2021-08-30,Sacramento,067,1510023,138431,134571,3205,137776,1847
2021-08-30,San Benito,069,59416,6749,6663,138,6801,64
2021-08-30,San Bernardino,071,2135413,328332,324870,10596,335466,5348
2021-08-30,San Diego,073,3302833,337776,333011,19600,352611,3885
2021-08-30,San Francisco,075,870044,47798,46966,2291,49257,581
2021-08-30,San Joaquin,077,732212,88298,86203,4713,90916,1528
2021-08-30,San Luis Obispo,079,281455,25907,25422,1022,26444,280
2021-08-30,San Mateo,081,765935,49718,48839,1081,49920,554
2021-08-30,Santa Barbara,083,443738,39970,38998,1492,40490,481
2021-08-30,Santa Clara,085,1922200,135657,133281,1064,134345,1789
2021-08-30,Santa Cruz,087,273765,18580,18326,1018,19344,210
2021-08-30,Shasta,089,179085,15975,15238,2403,17641,217
2021-08-30,Sierra,091,2930,116,91,15,106,0
2021-08-30,Siskiyou,093,43540,2575,2411,800,3211,33
2021-08-30,Solano,095,438530,41577,39986,1031,41017,290
2021-08-30,Sonoma,097,501317,37793,36764,471,37235,352
2021-08-30,Stanislaus,099,539301,67994,66173,7757,73930,1074
2021-08-30,Sutter,101,95872,12056,11791,168,11959,136
2021-08-30,Tehama,103,63373,6316,6085,944,7029,71
2021-08-30,Trinity,105,12862,534,468,141,609,3
2021-08-30,Tulare,107,460477,56477,55140,12053,67193,870
2021-08-30,Tuolumne,109,53932,5627,5492,55,5547,74
2021-08-30,Ventura,111,848112,91094,90149,4084,94233,1082
2021-08-30,Yolo,113,214977,17473,17071,873,17944,231
2021-08-30,Yuba,115,75493,8397,8129,182,8311,54
2021-08-29,Alameda,001,1643700,109670,107494,2657,110151,1296
2021-08-29,Alpine,003,1148,92,92,0,92,0
2021-08-29,Amador,005,37829,4622,4501,46,4547,53
2021-08-29,Butte,007,227075,16148,15602,2845,18447,214
2021-08-29,Calaveras,009,45235,3044,2970,20,2990,59
2021-08-29,Colusa,011,21464,2293,2260,502,2762,16
2021-08-29,Contra Costa,013,1133247,90230,87439,1849,89288,872
2021-08-29,Del Norte,015,27424,2895,2752,12,2764,11
2021-08-29,El Dorado,017,186661,13693,13166,1280,14446,119
2021-08-29,Fresno,019,978130,117820,115502,10597,126099,1790
2021-08-29,Glenn,021,27897,2868,2778,786,3564,20
2021-08-29,Humboldt,023,135768,7171,6922,256,7178,52
2021-08-29,Imperial,025,180216,30421,30293,3061,33354,750
2021-08-29,Inyo,027,18085,1553,1543,7,1550,39
2021-08-29,Kern,029,883053,109237,107324,15821,123145,1389
2021-08-29,Kings,031,150075,26735,26143,1545,27688,259
2021-08-29,Lake,033,64148,5486,5293,73,5366,74
2021-08-29,Lassen,035,31185,5792,5666,169,5835,21
2021-08-29,Los Angeles,037,10098052,1351040,1342541,52591,1395132,25263
2021-08-29,Madera,039,155013,19101,18594,1398,19992,247
2021-08-29,Marin,041,260295,16300,16134,370,16504,240
2021-08-29,Mariposa,043,17540,750,709,17,726,5
2021-08-29,Mendocino,045,87422,5908,5689,204,5893,55
2021-08-29,Merced,047,269075,35801,35250,1275,36525,497
2021-08-29,Modoc,049,8938,445,436,155,591,5
2021-08-29,Mono,051,14174,1409,1387,13,1400,3
2021-08-29,Monterey,053,433212,45680,45424,2678,48102,539
2021-08-29,Napa,055,140530,11688,11552,72,11624,87
2021-08-29,Nevada,057,99092,7599,7294,260,7554,82
2021-08-29,Orange,059,3164182,287355,284432,13782,298214,5223
2021-08-29,Placer,061,380077,31155,29674,2841,32515,319
2021-08-29,Plumas,063,18699,1039,996,19,1015,5
2021-08-29,Riverside,065,2383286,330431,326987,16179,343166,4623
2021-08-29,Sacramento,067,1510023,137691,133981,3155,137136,1843
2021-08-29,San Benito,069,59416,6722,6646,138,6784,64
2021-08-29,San Bernardino,071,2135413,327545,324266,10562,334828,5347
2021-08-29,San Diego,073,3302833,336665,332014,19508,351522,3880
2021-08-29,San Francisco,075,870044,47667,46885,2274,49159,581
2021-08-29,San Joaquin,077,732212,87854,85922,4696,90618,1528
2021-08-29,San Luis Obispo,079,281455,25711,25288,1017,26305,280
2021-08-29,San Mateo,081,765935,49611,48737,1071,49808,554
2021-08-29,Santa Barbara,083,443738,39805,38900,1488,40388,481
2021-08-29,Santa Clara,085,1922200,135306,132979,1059,134038,1789
2021-08-29,Santa Cruz,087,273765,18533,18285,1016,19301,210
2021-08-29,Shasta,089,179085,15822,15198,2376,17574,217
2021-08-29,Sierra,091,2930,114,91,15,106,0
2021-08-29,Siskiyou,093,43540,2530,2407,779,3186,33
2021-08-29,Solano,095,438530,41431,39887,1026,40913,290
2021-08-29,Sonoma,097,501317,37657,36650,467,37117,352
2021-08-29,Stanislaus,099,539301,67648,65956,7723,73679,1074
2021-08-29,Sutter,101,95872,11998,11719,161,11880,136
2021-08-29,Tehama,103,63373,6247,6040,920,6960,71
2021-08-29,Trinity,105,12862,531,468,137,605,3
2021-08-29,Tulare,107,460477,56142,54974,11968,66942,870
2021-08-29,Tuolumne,109,53932,5602,5478,54,5532,74
2021-08-29,Ventura,111,848112,90838,90114,4075,94189,1082
2021-08-29,Yolo,113,214977,17374,17015,861,17876,231
2021-08-29,Yuba,115,75493,8333,8042,182,8224,54
2021-08-28,Alameda,001,1643700,109510,107007,2648,109655,1296
2021-08-28,Alpine,003,1148,92,92,0,92,0
2021-08-28,Amador,005,37829,4603,4484,46,4530,53
2021-08-28,Butte,007,227075,16090,15487,2816,18303,214
2021-08-28,Calaveras,009,45235,3036,2926,20,2946,59
2021-08-28,Colusa,011,21464,2289,2252,500,2752,16
2021-08-28,Contra Costa,013,1133247,90019,86938,1846,88784,872
2021-08-28,Del Norte,015,27424,2869,2734,11,2745,11
2021-08-28,El Dorado,017,186661,13653,13089,1274,14363,119
2021-08-28,Fresno,019,978130,117580,115079,10573,125652,1792
2021-08-28,Glenn,021,27897,2861,2773,779,3552,20
2021-08-28,Humboldt,023,135768,7136,6887,251,7138,52
2021-08-28,Imperial,025,180216,30395,30260,3057,33317,750
2021-08-28,Inyo,027,18085,1551,1539,7,1546,39
2021-08-28,Kern,029,883053,109002,107012,15675,122687,1389
2021-08-28,Kings,031,150075,26668,26059,1542,27601,257
2021-08-28,Lake,033,64148,5463,5267,69,5336,74
2021-08-28,Lassen,035,31185,5777,5665,168,5833,21
2021-08-28,Los Angeles,037,10098052,1349840,1337097,52514,1389611,25234
2021-08-28,Madera,039,155013,19051,18553,1383,19936,247
2021-08-28,Marin,041,260295,16285,16106,370,16476,240
2021-08-28,Mariposa,043,17540,748,704,17,721,5
2021-08-28,Mendocino,045,87422,5883,5658,204,5862,55
2021-08-28,Merced,047,269075,35750,35108,1271,36379,497
2021-08-28,Modoc,049,8938,445,436,154,590,5
2021-08-28,Mono,051,14174,1406,1385,13,1398,3
2021-08-28,Monterey,053,433212,45644,45394,2667,48061,539
2021-08-28,Napa,055,140530,11665,11512,71,11583,88
2021-08-28,Nevada,057,99092,7575,7238,258,7496,82
2021-08-28,Orange,059,3164182,286998,283953,13752,297705,5222
2021-08-28,Placer,061,380077,31045,29428,2828,32256,319
2021-08-28,Plumas,063,18699,1033,991,19,1010,5
2021-08-28,Riverside,065,2383286,329843,326222,16168,342390,4623
2021-08-28,Sacramento,067,1510023,137296,132985,3139,136124,1844
2021-08-28,San Benito,069,59416,6715,6636,138,6774,64
2021-08-28,San Bernardino,071,2135413,327100,323672,10553,334225,5348
2021-08-28,San Diego,073,3302833,336082,331330,19474,350804,3880
2021-08-28,San Francisco,075,870044,47593,46654,2267,48921,581
2021-08-28,San Joaquin,077,732212,87689,85481,4690,90171,1527
2021-08-28,San Luis Obispo,079,281455,25645,25138,1012,26150,280
2021-08-28,San Mateo,081,765935,49541,48575,1063,49638,554
2021-08-28,Santa Barbara,083,443738,39733,38780,1487,40267,481
2021-08-28,Santa Clara,085,1922200,135099,132488,1057,133545,1789
2021-08-28,Santa Cruz,087,273765,18516,18240,1013,19253,210
2021-08-28,Shasta,089,179085,15718,15147,2357,17504,217
2021-08-28,Sierra,091,2930,110,91,15,106,0
2021-08-28,Siskiyou,093,43540,2523,2402,767,3169,33
2021-08-28,Solano,095,438530,41382,39610,1025,40635,290
2021-08-28,Sonoma,097,501317,37584,36466,465,36931,352
2021-08-28,Stanislaus,099,539301,67487,65670,7705,73375,1074
2021-08-28,Sutter,101,95872,11977,11669,160,11829,136
2021-08-28,Tehama,103,63373,6222,6004,907,6911,71
2021-08-28,Trinity,105,12862,527,463,136,599,3
2021-08-28,Tulare,107,460477,56014,54746,11922,66668,870
2021-08-28,Tuolumne,109,53932,5586,5469,54,5523,74
2021-08-28,Ventura,111,848112,90720,89934,4073,94007,1081
2021-08-28,Yolo,113,214977,17339,16907,853,17760,231
2021-08-28,Yuba,115,75493,8300,7985,181,8166,55
2021-08-27,Alameda,001,1643700,109305,106622,2645,109267,1296
2021-08-27,Alpine,003,1148,92,92,0,92,0
2021-08-27,Amador,005,37829,4587,4458,45,4503,53
2021-08-27,Butte,007,227075,16011,15277,2796,18073,214
2021-08-27,Calaveras,009,45235,3022,2903,20,2923,59
2021-08-27,Colusa,011,21464,2283,2240,498,2738,16
2021-08-27,Contra Costa,013,1133247,89823,86386,1844,88230,872
2021-08-27,Del Norte,015,27424,2837,2695,11,2706,11
2021-08-27,El Dorado,017,186661,13615,12968,1270,14238,119
2021-08-27,Fresno,019,978130,117146,114481,10558,125039,1774
2021-08-27,Glenn,021,27897,2846,2754,770,3524,20
2021-08-27,Humboldt,023,135768,7104,6782,247,7029,52
2021-08-27,Imperial,025,180216,30375,30201,3054,33255,750
2021-08-27,Inyo,027,18085,1550,1529,7,1536,39
2021-08-27,Kern,029,883053,108709,106570,15564,122134,1385
2021-08-27,Kings,031,150075,26589,25957,1540,27497,257
2021-08-27,Lake,033,64148,5439,5228,67,5295,74
2021-08-27,Lassen,035,31185,5761,5646,163,5809,21
2021-08-27,Los Angeles,037,10098052,1348327,1337006,52447,1389453,25230
2021-08-27,Madera,039,155013,18995,18476,1370,19846,247
2021-08-27,Marin,041,260295,16269,16055,368,16423,240
2021-08-27,Mariposa,043,17540,742,690,17,707,5
2021-08-27,Mendocino,045,87422,5852,5602,203,5805,55
2021-08-27,Merced,047,269075,35696,34906,1267,36173,495
2021-08-27,Modoc,049,8938,445,434,154,588,5
2021-08-27,Mono,051,14174,1397,1385,13,1398,3
2021-08-27,Monterey,053,433212,45605,45337,2650,47987,539
2021-08-27,Napa,055,140530,11631,11460,71,11531,87
2021-08-27,Nevada,057,99092,7535,7169,256,7425,82
2021-08-27,Orange,059,3164182,286640,283407,13718,297125,5206
2021-08-27,Placer,061,380077,30915,29157,2807,31964,320
2021-08-27,Plumas,063,18699,1027,984,19,1003,5
2021-08-27,Riverside,065,2383286,329327,325379,16154,341533,4622
2021-08-27,Sacramento,067,1510023,136860,131921,3126,135047,1838
2021-08-27,San Benito,069,59416,6709,6622,138,6760,64
2021-08-27,San Bernardino,071,2135413,326576,322893,10535,333428,5342
2021-08-27,San Diego,073,3302833,335297,330162,19420,349582,3877
2021-08-27,San Francisco,075,870044,47520,46456,2246,48702,581
2021-08-27,San Joaquin,077,732212,87506,84949,4676,89625,1524
2021-08-27,San Luis Obispo,079,281455,25597,24952,1009,25961,280
2021-08-27,San Mateo,081,765935,49469,48424,1055,49479,553
2021-08-27,Santa Barbara,083,443738,39642,38675,1484,40159,480
2021-08-27,Santa Clara,085,1922200,134870,132011,1054,133065,1783
2021-08-27,Santa Cruz,087,273765,18477,18163,1009,19172,210
2021-08-27,Shasta,089,179085,15637,14996,2341,17337,217
2021-08-27,Sierra,091,2930,109,91,15,106,0
2021-08-27,Siskiyou,093,43540,2508,2358,753,3111,33
2021-08-27,Solano,095,438530,41293,39347,1021,40368,287
2021-08-27,Sonoma,097,501317,37512,36326,464,36790,342
2021-08-27,Stanislaus,099,539301,67277,65167,7674,72841,1061
2021-08-27,Sutter,101,95872,11931,11590,158,11748,135
2021-08-27,Tehama,103,63373,6189,5964,892,6856,71
2021-08-27,Trinity,105,12862,527,458,135,593,3
2021-08-27,Tulare,107,460477,55878,54443,11876,66319,870
2021-08-27,Tuolumne,109,53932,5554,5438,54,5492,74
2021-08-27,Ventura,111,848112,90592,89774,4068,93842,1076
2021-08-27,Yolo,113,214977,17299,16805,848,17653,231
2021-08-27,Yuba,115,75493,8243,7926,181,8107,54
2021-08-26,Alameda,001,1643700,109028,106146,2634,108780,1296
2021-08-26,Alpine,003,1148,92,92,0,92,0
2021-08-26,Amador,005,37829,4572,4442,44,4486,53
2021-08-26,Butte,007,227075,15877,15159,2760,17919,214
2021-08-26,Calaveras,009,45235,3013,2873,20,2893,59
2021-08-26,Colusa,011,21464,2277,2234,494,2728,16
2021-08-26,Contra Costa,013,1133247,89465,85808,1837,87645,866
2021-08-26,Del Norte,015,27424,2801,2625,11,2636,8
2021-08-26,El Dorado,017,186661,13547,12863,1255,14118,118
2021-08-26,Fresno,019,978130,116646,113854,10520,124374,1770
2021-08-26,Glenn,021,27897,2828,2740,762,3502,20
2021-08-26,Humboldt,023,135768,7046,6695,237,6932,53
2021-08-26,Imperial,025,180216,30326,30121,3046,33167,748
2021-08-26,Inyo,027,18085,1540,1521,6,1527,39
2021-08-26,Kern,029,883053,108284,106051,15416,121467,1380
2021-08-26,Kings,031,150075,26466,25838,1532,27370,260
2021-08-26,Lake,033,64148,5393,5196,64,5260,74
2021-08-26,Lassen,035,31185,5749,5626,161,5787,21
2021-08-26,Los Angeles,037,10098052,1346083,1334372,52345,1386717,25199
2021-08-26,Madera,039,155013,18925,18393,1358,19751,247
2021-08-26,Marin,041,260295,16240,15983,365,16348,240
2021-08-26,Mariposa,043,17540,732,677,17,694,5
2021-08-26,Mendocino,045,87422,5816,5533,198,5731,55
2021-08-26,Merced,047,269075,35529,34755,1252,36007,495
2021-08-26,Modoc,049,8938,445,433,154,587,5
2021-08-26,Mono,051,14174,1395,1385,13,1398,3
2021-08-26,Monterey,053,433212,45550,45265,2622,47887,539
2021-08-26,Napa,055,140530,11609,11394,70,11464,87
2021-08-26,Nevada,057,99092,7477,7086,254,7340,80
2021-08-26,Orange,059,3164182,286152,282814,13699,296513,5200
2021-08-26,Placer,061,380077,30746,28898,2781,31679,319
2021-08-26,Plumas,063,18699,1020,971,18,989,5
2021-08-26,Riverside,065,2383286,328536,324486,16133,340619,4615
2021-08-26,Sacramento,067,1510023,136330,130977,3082,134059,1827
2021-08-26,San Benito,069,59416,6700,6604,138,6742,64
2021-08-26,San Bernardino,071,2135413,325921,322100,10511,332611,5339
2021-08-26,San Diego,073,3302833,334270,328276,19355,347631,3869
2021-08-26,San Francisco,075,870044,47399,46288,2236,48524,581
2021-08-26,San Joaquin,077,732212,87131,84429,4658,89087,1513
2021-08-26,San Luis Obispo,079,281455,25449,24831,1003,25834,278
2021-08-26,San Mateo,081,765935,49348,48263,1046,49309,553
2021-08-26,Santa Barbara,083,443738,39559,38566,1483,40049,479
2021-08-26,Santa Clara,085,1922200,134545,131443,1049,132492,1782
2021-08-26,Santa Cruz,087,273765,18417,18072,1007,19079,210
2021-08-26,Shasta,089,179085,15514,14891,2313,17204,217
2021-08-26,Sierra,091,2930,107,90,15,105,0
2021-08-26,Siskiyou,093,43540,2487,2342,738,3080,33
2021-08-26,Solano,095,438530,41147,39027,1013,40040,286
2021-08-26,Sonoma,097,501317,37422,36102,464,36566,337
2021-08-26,Stanislaus,099,539301,66960,64785,7649,72434,1061
2021-08-26,Sutter,101,95872,11871,11499,155,11654,135
2021-08-26,Tehama,103,63373,6131,5913,879,6792,68
2021-08-26,Trinity,105,12862,522,450,133,583,3
2021-08-26,Tulare,107,460477,55623,54157,11823,65980,870
2021-08-26,Tuolumne,109,53932,5534,5387,54,5441,74
2021-08-26,Ventura,111,848112,90407,89595,4059,93654,1080
2021-08-26,Yolo,113,214977,17233,16727,837,17564,231
2021-08-26,Yuba,115,75493,8170,7834,179,8013,54
2021-08-25,Alameda,001,1643700,108703,105636,2626,108262,1296
2021-08-25,Alpine,003,1148,92,92,0,92,0
2021-08-25,Amador,005,37829,4557,4415,44,4459,53
2021-08-25,Butte,007,227075,15773,15039,2719,17758,214
2021-08-25,Calaveras,009,45235,2993,2851,20,2871,59
2021-08-25,Colusa,011,21464,2271,2227,485,2712,16
2021-08-25,Contra Costa,013,1133247,89084,85322,1831,87153,863
2021-08-25,Del Norte,015,27424,2757,2573,11,2584,8
2021-08-25,El Dorado,017,186661,13487,12787,1239,14026,118
2021-08-25,Fresno,019,978130,116110,113384,10477,123861,1761
2021-08-25,Glenn,021,27897,2807,2728,750,3478,20
2021-08-25,Humboldt,023,135768,6981,6653,227,6880,52
2021-08-25,Imperial,025,180216,30289,30085,3041,33126,748
2021-08-25,Inyo,027,18085,1536,1518,6,1524,39
2021-08-25,Kern,029,883053,107855,105687,15258,120945,1379
2021-08-25,Kings,031,150075,26359,25676,1525,27201,258
2021-08-25,Lake,033,64148,5363,5163,61,5224,74
2021-08-25,Lassen,035,31185,5732,5583,160,5743,21
2021-08-25,Los Angeles,037,10098052,1343493,1331400,52257,1383657,25170
2021-08-25,Madera,039,155013,18861,18311,1341,19652,247
2021-08-25,Marin,041,260295,16218,15938,359,16297,240
2021-08-25,Mariposa,043,17540,726,676,17,693,5
2021-08-25,Mendocino,045,87422,5780,5486,193,5679,53
2021-08-25,Merced,047,269075,35391,34600,1247,35847,492
2021-08-25,Modoc,049,8938,445,433,154,587,5
2021-08-25,Mono,051,14174,1391,1382,13,1395,3
2021-08-25,Monterey,053,433212,45488,45196,2595,47791,539
2021-08-25,Napa,055,140530,11575,11348,69,11417,87
2021-08-25,Nevada,057,99092,7411,7000,253,7253,77
2021-08-25,Orange,059,3164182,285633,282061,13668,295729,5193
2021-08-25,Placer,061,380077,30571,28740,2749,31489,319
2021-08-25,Plumas,063,18699,1004,962,18,980,5
2021-08-25,Riverside,065,2383286,327695,323548,16111,339659,4610
2021-08-25,Sacramento,067,1510023,135651,130046,3041,133087,1827
2021-08-25,San Benito,069,59416,6679,6587,137,6724,64
2021-08-25,San Bernardino,071,2135413,325228,321228,10490,331718,5337
2021-08-25,San Diego,073,3302833,332992,327166,19282,346448,3859
2021-08-25,San Francisco,075,870044,47253,46107,2226,48333,578
2021-08-25,San Joaquin,077,732212,86753,84002,4645,88647,1510
2021-08-25,San Luis Obispo,079,281455,25257,24607,1000,25607,276
2021-08-25,San Mateo,081,765935,49239,48153,1028,49181,553
2021-08-25,Santa Barbara,083,443738,39428,38450,1483,39933,479
2021-08-25,Santa Clara,085,1922200,134175,130995,1046,132041,1783
2021-08-25,Santa Cruz,087,273765,18356,17987,1004,18991,210
2021-08-25,Shasta,089,179085,15386,14752,2279,17031,217
2021-08-25,Sierra,091,2930,104,90,15,105,0
2021-08-25,Siskiyou,093,43540,2442,2322,719,3041,33
2021-08-25,Solano,095,438530,40984,38848,1002,39850,286
2021-08-25,Sonoma,097,501317,37298,35986,461,36447,336
2021-08-25,Stanislaus,099,539301,66670,64441,7615,72056,1061
2021-08-25,Sutter,101,95872,11803,11451,151,11602,134
2021-08-25,Tehama,103,63373,6072,5861,862,6723,68
2021-08-25,Trinity,105,12862,516,450,132,582,3
2021-08-25,Tulare,107,460477,55339,53877,11754,65631,866
2021-08-25,Tuolumne,109,53932,5508,5354,54,5408,74
2021-08-25,Ventura,111,848112,90224,89379,4045,93424,1068
2021-08-25,Yolo,113,214977,17168,16667,827,17494,231
2021-08-25,Yuba,115,75493,8104,7771,178,7949,54
2021-08-24,Alameda,001,1643700,108368,105319,2615,107934,1296
2021-08-24,Alpine,003,1148,92,92,0,92,0
2021-08-24,Amador,005,37829,4538,4380,44,4424,50
2021-08-24,Butte,007,227075,15620,14964,2684,17648,214
2021-08-24,Calaveras,009,45235,2952,2811,20,2831,59
2021-08-24,Colusa,011,21464,2263,2221,481,2702,16
2021-08-24,Contra Costa,013,1133247,88725,84963,1825,86788,857
2021-08-24,Del Norte,015,27424,2730,2543,11,2554,8
2021-08-24,El Dorado,017,186661,13411,12732,1223,13955,118
2021-08-24,Fresno,019,978130,115505,113024,10425,123449,1761
2021-08-24,Glenn,021,27897,2793,2717,742,3459,20
2021-08-24,Humboldt,023,135768,6919,6585,213,6798,52
2021-08-24,Imperial,025,180216,30228,30045,3035,33080,748
2021-08-24,Inyo,027,18085,1531,1512,6,1518,39
2021-08-24,Kern,029,883053,107395,105399,15087,120486,1375
2021-08-24,Kings,031,150075,26239,25629,1509,27138,258
2021-08-24,Lake,033,64148,5328,5135,61,5196,72
2021-08-24,Lassen,035,31185,5716,5576,158,5734,21
2021-08-24,Los Angeles,037,10098052,1340644,1328777,52154,1380931,25135
2021-08-24,Madera,039,155013,18786,18251,1324,19575,247
2021-08-24,Marin,041,260295,16182,15900,355,16255,240
2021-08-24,Mariposa,043,17540,719,670,17,687,5
2021-08-24,Mendocino,045,87422,5736,5416,186,5602,52
2021-08-24,Merced,047,269075,35222,34490,1238,35728,491
2021-08-24,Modoc,049,8938,445,432,154,586,5
2021-08-24,Mono,051,14174,1389,1382,13,1395,3
2021-08-24,Monterey,053,433212,45436,45126,2564,47690,539
2021-08-24,Napa,055,140530,11543,11299,67,11366,85
2021-08-24,Nevada,057,99092,7343,6981,249,7230,77
2021-08-24,Orange,059,3164182,285032,281461,13643,295104,5187
2021-08-24,Placer,061,380077,30368,28618,2707,31325,318
2021-08-24,Plumas,063,18699,994,953,18,971,5
2021-08-24,Riverside,065,2383286,326823,322620,16079,338699,4605
2021-08-24,Sacramento,067,1510023,134972,129542,2988,132530,1812
2021-08-24,San Benito,069,59416,6666,6576,137,6713,64
2021-08-24,San Bernardino,071,2135413,324475,320300,10459,330759,5328
2021-08-24,San Diego,073,3302833,331530,325823,19186,345009,3851
2021-08-24,San Francisco,075,870044,47085,46010,2207,48217,574
2021-08-24,San Joaquin,077,732212,86314,83684,4610,88294,1508
2021-08-24,San Luis Obispo,079,281455,25082,24443,989,25432,274
2021-08-24,San Mateo,081,765935,49102,48050,1015,49065,553
2021-08-24,Santa Barbara,083,443738,39299,38307,1482,39789,478
2021-08-24,Santa Clara,085,1922200,133750,130763,1041,131804,1779
2021-08-24,Santa Cruz,087,273765,18283,17928,997,18925,209
2021-08-24,Shasta,089,179085,15278,14664,2247,16911,217
2021-08-24,Sierra,091,2930,101,90,15,105,0
2021-08-24,Siskiyou,093,43540,2421,2294,704,2998,33
2021-08-24,Solano,095,438530,40778,38724,990,39714,283
2021-08-24,Sonoma,097,501317,37170,35849,459,36308,336
2021-08-24,Stanislaus,099,539301,66313,64195,7570,71765,1058
2021-08-24,Sutter,101,95872,11736,11384,148,11532,134
2021-08-24,Tehama,103,63373,6026,5826,847,6673,67
2021-08-24,Trinity,105,12862,506,446,124,570,3
2021-08-24,Tulare,107,460477,54986,53702,11664,65366,856
2021-08-24,Tuolumne,109,53932,5477,5287,54,5341,74
2021-08-24,Ventura,111,848112,90040,89167,4032,93199,1068
2021-08-24,Yolo,113,214977,17093,16492,814,17306,231
2021-08-24,Yuba,115,75493,8020,7723,176,7899,54
2021-08-23,Alameda,001,1643700,107970,104922,2603,107525,1294
2021-08-23,Alpine,003,1148,92,91,0,91,0
2021-08-23,Amador,005,37829,4524,4369,44,4413,50
2021-08-23,Butte,007,227075,15474,14847,2650,17497,211
2021-08-23,Calaveras,009,45235,2917,2803,20,2823,59
2021-08-23,Colusa,011,21464,2259,2206,478,2684,16
2021-08-23,Contra Costa,013,1133247,88347,84651,1819,86470,857
2021-08-23,Del Norte,015,27424,2684,2499,11,2510,8
2021-08-23,El Dorado,017,186661,13308,12684,1201,13885,118
2021-08-23,Fresno,019,978130,114946,112445,10383,122828,1759
2021-08-23,Glenn,021,27897,2775,2696,735,3431,20
2021-08-23,Humboldt,023,135768,6846,6498,197,6695,52
2021-08-23,Imperial,025,180216,30177,30011,3032,33043,748
2021-08-23,Inyo,027,18085,1524,1509,6,1515,39
2021-08-23,Kern,029,883053,106943,104995,14929,119924,1375
2021-08-23,Kings,031,150075,26108,25465,1502,26967,257
2021-08-23,Lake,033,64148,5289,5099,59,5158,69
2021-08-23,Lassen,035,31185,5704,5562,158,5720,21
2021-08-23,Los Angeles,037,10098052,1337703,1326412,52024,1378436,25096
2021-08-23,Madera,039,155013,18699,18155,1311,19466,246
2021-08-23,Marin,041,260295,16134,15856,351,16207,240
2021-08-23,Mariposa,043,17540,709,645,17,662,5
2021-08-23,Mendocino,045,87422,5669,5374,179,5553,51
2021-08-23,Merced,047,269075,35039,34322,1233,35555,488
2021-08-23,Modoc,049,8938,442,431,153,584,6
2021-08-23,Mono,051,14174,1387,1384,13,1397,3
2021-08-23,Monterey,053,433212,45359,45047,2531,47578,538
2021-08-23,Napa,055,140530,11505,11257,67,11324,85
2021-08-23,Nevada,057,99092,7264,6930,247,7177,77
2021-08-23,Orange,059,3164182,284399,280891,13607,294498,5181
2021-08-23,Placer,061,380077,30168,28540,2669,31209,314
2021-08-23,Plumas,063,18699,984,934,18,952,5
2021-08-23,Riverside,065,2383286,325910,321650,16053,337703,4598
2021-08-23,Sacramento,067,1510023,134186,128969,2916,131885,1807
2021-08-23,San Benito,069,59416,6648,6562,135,6697,64
2021-08-23,San Bernardino,071,2135413,323674,319577,10418,329995,5324
2021-08-23,San Diego,073,3302833,330072,324536,19083,343619,3848
2021-08-23,San Francisco,075,870044,46938,45945,2191,48136,573
2021-08-23,San Joaquin,077,732212,85890,83466,4579,88045,1499
2021-08-23,San Luis Obispo,079,281455,24900,24317,987,25304,274
2021-08-23,San Mateo,081,765935,48970,47935,1005,48940,553
2021-08-23,Santa Barbara,083,443738,39122,38181,1480,39661,478
2021-08-23,Santa Clara,085,1922200,133353,130489,1036,131525,1778
2021-08-23,Santa Cruz,087,273765,18227,17871,994,18865,209
2021-08-23,Shasta,089,179085,15153,14537,2207,16744,216
2021-08-23,Sierra,091,2930,101,90,15,105,0
2021-08-23,Siskiyou,093,43540,2400,2274,683,2957,33
2021-08-23,Solano,095,438530,40631,38612,982,39594,283
2021-08-23,Sonoma,097,501317,37051,35769,457,36226,336
2021-08-23,Stanislaus,099,539301,65961,63922,7531,71453,1058
2021-08-23,Sutter,101,95872,11647,11314,140,11454,133
2021-08-23,Tehama,103,63373,5972,5805,829,6634,67
2021-08-23,Trinity,105,12862,503,435,121,556,3
2021-08-23,Tulare,107,460477,54681,53370,11590,64960,856
2021-08-23,Tuolumne,109,53932,5434,5240,54,5294,73
2021-08-23,Ventura,111,848112,89822,88960,4020,92980,1063
2021-08-23,Yolo,113,214977,17006,16445,798,17243,226
2021-08-23,Yuba,115,75493,7949,7653,174,7827,54
2021-08-22,Alameda,001,1643700,107531,104539,2564,107103,1294
2021-08-22,Alpine,003,1148,92,91,0,91,0
2021-08-22,Amador,005,37829,4495,4349,44,4393,50
2021-08-22,Butte,007,227075,15336,14791,2612,17403,211
2021-08-22,Calaveras,009,45235,2876,2771,20,2791,59
2021-08-22,Colusa,011,21464,2251,2201,472,2673,16
2021-08-22,Contra Costa,013,1133247,87808,84371,1804,86175,857
2021-08-22,Del Norte,015,27424,2629,2455,11,2466,8
2021-08-22,El Dorado,017,186661,13203,12629,1181,13810,118
2021-08-22,Fresno,019,978130,114348,112057,10324,122381,1759
2021-08-22,Glenn,021,27897,2754,2678,720,3398,20
2021-08-22,Humboldt,023,135768,6769,6483,178,6661,52
2021-08-22,Imperial,025,180216,30119,29993,3028,33021,748
2021-08-22,Inyo,027,18085,1518,1505,6,1511,39
2021-08-22,Kern,029,883053,106420,104691,14771,119462,1375
2021-08-22,Kings,031,150075,25951,25391,1483,26874,257
2021-08-22,Lake,033,64148,5243,5069,56,5125,69
2021-08-22,Lassen,035,31185,5672,5556,153,5709,21
2021-08-22,Los Angeles,037,10098052,1334411,1324151,51890,1376041,25089
2021-08-22,Madera,039,155013,18580,18120,1300,19420,246
2021-08-22,Marin,041,260295,16082,15822,343,16165,240
2021-08-22,Mariposa,043,17540,699,638,15,653,5
2021-08-22,Mendocino,045,87422,5611,5336,179,5515,51
2021-08-22,Merced,047,269075,34836,34234,1221,35455,488
2021-08-22,Modoc,049,8938,441,431,153,584,6
2021-08-22,Mono,051,14174,1386,1378,13,1391,3
2021-08-22,Monterey,053,433212,45272,45017,2505,47522,538
2021-08-22,Napa,055,140530,11460,11231,67,11298,85
2021-08-22,Nevada,057,99092,7190,6864,245,7109,77
2021-08-22,Orange,059,3164182,283712,280390,13561,293951,5181
2021-08-22,Placer,061,380077,29961,28395,2631,31026,314
2021-08-22,Plumas,063,18699,961,923,17,940,5
2021-08-22,Riverside,065,2383286,324889,320836,16002,336838,4594
2021-08-22,Sacramento,067,1510023,133413,128231,2870,131101,1802
2021-08-22,San Benito,069,59416,6631,6550,135,6685,64
2021-08-22,San Bernardino,071,2135413,322707,318839,10382,329221,5324
2021-08-22,San Diego,073,3302833,328745,323591,18978,342569,3848
2021-08-22,San Francisco,075,870044,46779,45831,2173,48004,573
2021-08-22,San Joaquin,077,732212,85436,83121,4552,87673,1498
2021-08-22,San Luis Obispo,079,281455,24695,24250,980,25230,274
2021-08-22,San Mateo,081,765935,48828,47821,969,48790,553
2021-08-22,Santa Barbara,083,443738,38942,38099,1471,39570,478
2021-08-22,Santa Clara,085,1922200,132935,130189,1029,131218,1778
2021-08-22,Santa Cruz,087,273765,18166,17823,989,18812,209
2021-08-22,Shasta,089,179085,15014,14478,2171,16649,216
2021-08-22,Sierra,091,2930,101,87,15,102,0
2021-08-22,Siskiyou,093,43540,2371,2261,665,2926,33
2021-08-22,Solano,095,438530,40438,38489,969,39458,283
2021-08-22,Sonoma,097,501317,36895,35676,454,36130,336
2021-08-22,Stanislaus,099,539301,65600,63683,7442,71125,1058
2021-08-22,Sutter,101,95872,11565,11251,136,11387,133
2021-08-22,Tehama,103,63373,5927,5791,809,6600,67
2021-08-22,Trinity,105,12862,496,433,119,552,3
2021-08-22,Tulare,107,460477,54363,53220,11502,64722,856
2021-08-22,Tuolumne,109,53932,5392,5214,54,5268,73
2021-08-22,Ventura,111,848112,89613,88791,4003,92794,1063
2021-08-22,Yolo,113,214977,16905,16374,788,17162,226
2021-08-22,Yuba,115,75493,7876,7626,173,7799,54
2021-08-21,Alameda,001,1643700,107335,104281,2555,106836,1294
2021-08-21,Alpine,003,1148,92,91,0,91,0
2021-08-21,Amador,005,37829,4485,4338,42,4380,50
2021-08-21,Butte,007,227075,15268,14714,2590,17304,211
2021-08-21,Calaveras,009,45235,2863,2744,20,2764,59
2021-08-21,Colusa,011,21464,2246,2192,467,2659,16
2021-08-21,Contra Costa,013,1133247,87552,84136,1798,85934,857
2021-08-21,Del Norte,015,27424,2607,2409,11,2420,8
2021-08-21,El Dorado,017,186661,13159,12590,1177,13767,118
2021-08-21,Fresno,019,978130,114153,111765,10315,122080,1759
2021-08-21,Glenn,021,27897,2744,2654,713,3367,20
2021-08-21,Humboldt,023,135768,6733,6446,170,6616,52
2021-08-21,Imperial,025,180216,30076,29976,3025,33001,748
2021-08-21,Inyo,027,18085,1515,1500,6,1506,39
2021-08-21,Kern,029,883053,106164,104443,14645,119088,1375
2021-08-21,Kings,031,150075,25880,25313,1478,26791,257
2021-08-21,Lake,033,64148,5223,5055,54,5109,69
2021-08-21,Lassen,035,31185,5658,5553,153,5706,21
2021-08-21,Los Angeles,037,10098052,1333130,1321308,51799,1373107,25080
2021-08-21,Madera,039,155013,18543,18067,1294,19361,246
2021-08-21,Marin,041,260295,16048,15775,341,16116,240
2021-08-21,Mariposa,043,17540,689,634,15,649,5
2021-08-21,Mendocino,045,87422,5566,5307,178,5485,51
2021-08-21,Merced,047,269075,34732,34148,1216,35364,488
2021-08-21,Modoc,049,8938,441,430,153,583,6
2021-08-21,Mono,051,14174,1386,1378,13,1391,3
2021-08-21,Monterey,053,433212,45234,44969,2490,47459,538
2021-08-21,Napa,055,140530,11425,11211,67,11278,85
2021-08-21,Nevada,057,99092,7146,6810,244,7054,77
2021-08-21,Orange,059,3164182,283267,279855,13529,293384,5181
2021-08-21,Placer,061,380077,29824,28289,2606,30895,314
2021-08-21,Plumas,063,18699,957,916,16,932,5
2021-08-21,Riverside,065,2383286,324310,320086,15988,336074,4594
2021-08-21,Sacramento,067,1510023,132913,127751,2858,130609,1809
2021-08-21,San Benito,069,59416,6621,6542,134,6676,64
2021-08-21,San Bernardino,071,2135413,322257,318293,10362,328655,5324
2021-08-21,San Diego,073,3302833,328079,322620,18938,341558,3848
2021-08-21,San Francisco,075,870044,46685,45637,2158,47795,573
2021-08-21,San Joaquin,077,732212,85224,82825,4546,87371,1498
2021-08-21,San Luis Obispo,079,281455,24640,24169,980,25149,273
2021-08-21,San Mateo,081,765935,48737,47685,963,48648,553
2021-08-21,Santa Barbara,083,443738,38862,37951,1467,39418,478
2021-08-21,Santa Clara,085,1922200,132670,129911,1025,130936,1778
2021-08-21,Santa Cruz,087,273765,18129,17763,984,18747,209
2021-08-21,Shasta,089,179085,14940,14417,2157,16574,217
2021-08-21,Sierra,091,2930,96,85,15,100,0
2021-08-21,Siskiyou,093,43540,2358,2246,653,2899,33
2021-08-21,Solano,095,438530,40330,38423,959,39382,281
2021-08-21,Sonoma,097,501317,36809,35582,453,36035,336
2021-08-21,Stanislaus,099,539301,65408,63512,7423,70935,1058
2021-08-21,Sutter,101,95872,11521,11204,134,11338,133
2021-08-21,Tehama,103,63373,5902,5757,802,6559,67
2021-08-21,Trinity,105,12862,491,431,117,548,3
2021-08-21,Tulare,107,460477,54219,53045,11457,64502,857
2021-08-21,Tuolumne,109,53932,5361,5193,54,5247,73
2021-08-21,Ventura,111,848112,89468,88558,3988,92546,1063
2021-08-21,Yolo,113,214977,16858,16322,782,17104,226
2021-08-21,Yuba,115,75493,7830,7580,172,7752,54
2021-08-20,Alameda,001,1643700,107096,103812,2546,106358,1294
2021-08-20,Alpine,003,1148,92,91,0,91,0
2021-08-20,Amador,005,37829,4459,4323,42,4365,50
2021-08-20,Butte,007,227075,15196,14617,2568,17185,211
2021-08-20,Calaveras,009,45235,2848,2717,20,2737,59
2021-08-20,Colusa,011,21464,2241,2178,465,2643,16
2021-08-20,Contra Costa,013,1133247,87279,83721,1791,85512,857
2021-08-20,Del Norte,015,27424,2575,2316,11,2327,8
2021-08-20,El Dorado,017,186661,13121,12495,1169,13664,118
2021-08-20,Fresno,019,978130,113803,111315,10289,121604,1759
2021-08-20,Glenn,021,27897,2737,2642,708,3350,20
2021-08-20,Humboldt,023,135768,6682,6349,165,6514,52
2021-08-20,Imperial,025,180216,30053,29934,3025,32959,747
2021-08-20,Inyo,027,18085,1509,1495,6,1501,39
2021-08-20,Kern,029,883053,105882,104048,14513,118561,1373
2021-08-20,Kings,031,150075,25816,25241,1475,26716,256
2021-08-20,Lake,033,64148,5208,5024,51,5075,69
2021-08-20,Lassen,035,31185,5638,5539,153,5692,21
2021-08-20,Los Angeles,037,10098052,1331265,1317541,51698,1369239,25049
2021-08-20,Madera,039,155013,18496,18018,1278,19296,246
2021-08-20,Marin,041,260295,16030,15727,337,16064,240
2021-08-20,Mariposa,043,17540,684,630,15,645,5
2021-08-20,Mendocino,045,87422,5521,5241,176,5417,51
2021-08-20,Merced,047,269075,34666,34035,1209,35244,486
2021-08-20,Modoc,049,8938,441,429,153,582,6
2021-08-20,Mono,051,14174,1385,1368,13,1381,3
2021-08-20,Monterey,053,433212,45204,44890,2476,47366,538
2021-08-20,Napa,055,140530,11393,11152,67,11219,83
2021-08-20,Nevada,057,99092,7105,6753,237,6990,77
2021-08-20,Orange,059,3164182,282825,279193,13508,292701,5179
2021-08-20,Placer,061,380077,29729,28156,2577,30733,313
2021-08-20,Plumas,063,18699,950,908,16,924,5
2021-08-20,Riverside,065,2383286,323615,319072,15957,335029,4594
2021-08-20,Sacramento,067,1510023,132440,127226,2840,130066,1797
2021-08-20,San Benito,069,59416,6607,6508,134,6642,64
2021-08-20,San Bernardino,071,2135413,321645,317372,10333,327705,5322
2021-08-20,San Diego,073,3302833,327175,321102,18870,339972,3846
2021-08-20,San Francisco,075,870044,46594,45432,2138,47570,573
2021-08-20,San Joaquin,077,732212,84996,82419,4535,86954,1496
2021-08-20,San Luis Obispo,079,281455,24562,23986,976,24962,273
2021-08-20,San Mateo,081,765935,48629,47561,952,48513,551
2021-08-20,Santa Barbara,083,443738,38779,37794,1461,39255,477
2021-08-20,Santa Clara,085,1922200,132389,129510,1020,130530,1774
2021-08-20,Santa Cruz,087,273765,18089,17701,981,18682,209
2021-08-20,Shasta,089,179085,14861,14277,2138,16415,215
2021-08-20,Sierra,091,2930,94,83,15,98,0
2021-08-20,Siskiyou,093,43540,2342,2226,648,2874,33
2021-08-20,Solano,095,438530,40190,38214,948,39162,277
2021-08-20,Sonoma,097,501317,36740,35416,452,35868,336
2021-08-20,Stanislaus,099,539301,65205,63219,7401,70620,1047
2021-08-20,Sutter,101,95872,11465,11136,133,11269,133
2021-08-20,Tehama,103,63373,5886,5730,790,6520,66
2021-08-20,Trinity,105,12862,491,422,116,538,3
2021-08-20,Tulare,107,460477,54087,52855,11413,64268,856
2021-08-20,Tuolumne,109,53932,5337,5153,53,5206,73
2021-08-20,Ventura,111,848112,89302,88285,3985,92270,1061
2021-08-20,Yolo,113,214977,16805,16236,776,17012,225
2021-08-20,Yuba,115,75493,7790,7523,172,7695,54
2021-08-19,Alameda,001,1643700,106649,103276,2522,105798,1294
2021-08-19,Alpine,003,1148,92,91,0,91,0
2021-08-19,Amador,005,37829,4452,4317,41,4358,50
2021-08-19,Butte,007,227075,15063,14518,2538,17056,211
2021-08-19,Calaveras,009,45235,2829,2673,20,2693,59
2021-08-19,Colusa,011,21464,2232,2167,461,2628,16
2021-08-19,Contra Costa,013,1133247,86844,83296,1777,85073,852
2021-08-19,Del Norte,015,27424,2527,2257,11,2268,8
2021-08-19,El Dorado,017,186661,13035,12410,1148,13558,118
2021-08-19,Fresno,019,978130,113366,110947,10244,121191,1759
2021-08-19,Glenn,021,27897,2718,2629,701,3330,20
2021-08-19,Humboldt,023,135768,6621,6246,159,6405,52
2021-08-19,Imperial,025,180216,30007,29865,3019,32884,747
2021-08-19,Inyo,027,18085,1502,1494,6,1500,39
2021-08-19,Kern,029,883053,105488,103731,14369,118100,1371
2021-08-19,Kings,031,150075,25686,25128,1462,26590,256
2021-08-19,Lake,033,64148,5178,4991,47,5038,69
2021-08-19,Lassen,035,31185,5620,5520,152,5672,21
2021-08-19,Los Angeles,037,10098052,1328303,1314453,51553,1366006,25020
2021-08-19,Madera,039,155013,18432,17947,1266,19213,246
2021-08-19,Marin,041,260295,15997,15672,333,16005,240
2021-08-19,Mariposa,043,17540,670,618,15,633,5
2021-08-19,Mendocino,045,87422,5488,5167,174,5341,51
2021-08-19,Merced,047,269075,34531,33851,1195,35046,486
2021-08-19,Modoc,049,8938,441,427,153,580,6
2021-08-19,Mono,051,14174,1381,1349,13,1362,3
2021-08-19,Monterey,053,433212,45141,44821,2456,47277,538
2021-08-19,Napa,055,140530,11341,11104,67,11171,83
2021-08-19,Nevada,057,99092,7041,6695,235,6930,77
2021-08-19,Orange,059,3164182,282195,278562,13456,292018,5172
2021-08-19,Placer,061,380077,29549,27953,2559,30512,313
2021-08-19,Plumas,063,18699,940,896,16,912,5
2021-08-19,Riverside,065,2383286,322590,318056,15925,333981,4589
2021-08-19,Sacramento,067,1510023,131745,126720,2803,129523,1801
2021-08-19,San Benito,069,59416,6589,6493,132,6625,64
2021-08-19,San Bernardino,071,2135413,320825,316398,10310,326708,5318
2021-08-19,San Diego,073,3302833,325911,319582,18780,338362,3839
2021-08-19,San Francisco,075,870044,46437,45220,2120,47340,571
2021-08-19,San Joaquin,077,732212,84554,82047,4502,86549,1491
2021-08-19,San Luis Obispo,079,281455,24422,23878,969,24847,271
2021-08-19,San Mateo,081,765935,48496,47431,942,48373,551
2021-08-19,Santa Barbara,083,443738,38635,37693,1457,39150,477
2021-08-19,Santa Clara,085,1922200,131999,129133,1013,130146,1774
2021-08-19,Santa Cruz,087,273765,18026,17644,974,18618,209
2021-08-19,Shasta,089,179085,14737,14200,2115,16315,214
2021-08-19,Sierra,091,2930,90,83,15,98,0
2021-08-19,Siskiyou,093,43540,2328,2218,635,2853,33
2021-08-19,Solano,095,438530,40038,38025,937,38962,273
2021-08-19,Sonoma,097,501317,36652,35233,451,35684,336
2021-08-19,Stanislaus,099,539301,64849,62928,7353,70281,1047
2021-08-19,Sutter,101,95872,11383,11057,131,11188,133
2021-08-19,Tehama,103,63373,5850,5683,762,6445,66
2021-08-19,Trinity,105,12862,487,414,114,528,3
2021-08-19,Tulare,107,460477,53856,52685,11349,64034,856
2021-08-19,Tuolumne,109,53932,5301,5112,52,5164,64
2021-08-19,Ventura,111,848112,89100,88073,3970,92043,1060
2021-08-19,Yolo,113,214977,16720,16153,768,16921,225
2021-08-19,Yuba,115,75493,7738,7458,171,7629,51
2021-08-18,Alameda,001,1643700,106246,102696,2493,105189,1294
2021-08-18,Alpine,003,1148,91,91,0,91,0
2021-08-18,Amador,005,37829,4435,4279,40,4319,50
2021-08-18,Butte,007,227075,14953,14426,2512,16938,208
2021-08-18,Calaveras,009,45235,2788,2643,19,2662,59
2021-08-18,Colusa,011,21464,2225,2160,457,2617,16
2021-08-18,Contra Costa,013,1133247,86350,82767,1771,84538,851
2021-08-18,Del Norte,015,27424,2470,2219,11,2230,8
2021-08-18,El Dorado,017,186661,12944,12306,1133,13439,118
2021-08-18,Fresno,019,978130,112914,110523,10197,120720,1759
2021-08-18,Glenn,021,27897,2691,2623,694,3317,20
2021-08-18,Humboldt,023,135768,6550,6195,153,6348,52
2021-08-18,Imperial,025,180216,29975,29821,3016,32837,746
2021-08-18,Inyo,027,18085,1499,1494,6,1500,39
2021-08-18,Kern,029,883053,105140,103440,14273,117713,1370
2021-08-18,Kings,031,150075,25576,24984,1455,26439,256
2021-08-18,Lake,033,64148,5137,4957,46,5003,69
2021-08-18,Lassen,035,31185,5601,5506,151,5657,21
2021-08-18,Los Angeles,037,10098052,1325172,1311477,51418,1362895,24984
2021-08-18,Madera,039,155013,18372,17871,1259,19130,246
2021-08-18,Marin,041,260295,15959,15610,330,15940,240
2021-08-18,Mariposa,043,17540,657,615,15,630,5
2021-08-18,Mendocino,045,87422,5437,5129,171,5300,51
2021-08-18,Merced,047,269075,34366,33708,1185,34893,484
2021-08-18,Modoc,049,8938,441,427,152,579,6
2021-08-18,Mono,051,14174,1378,1344,13,1357,3
2021-08-18,Monterey,053,433212,45071,44735,2426,47161,532
2021-08-18,Napa,055,140530,11303,11060,66,11126,83
2021-08-18,Nevada,057,99092,6975,6633,235,6868,76
2021-08-18,Orange,059,3164182,281554,277795,13400,291195,5168
2021-08-18,Placer,061,380077,29323,27741,2529,30270,312
2021-08-18,Plumas,063,18699,931,874,16,890,5
2021-08-18,Riverside,065,2383286,321591,317107,15890,332997,4585
2021-08-18,Sacramento,067,1510023,130982,125599,2768,128367,1781
2021-08-18,San Benito,069,59416,6578,6481,131,6612,64
2021-08-18,San Bernardino,071,2135413,320025,315477,10291,325768,5304
2021-08-18,San Diego,073,3302833,324571,318152,18714,336866,3834
2021-08-18,San Francisco,075,870044,46240,44957,2104,47061,568
2021-08-18,San Joaquin,077,732212,84109,81601,4480,86081,1491
2021-08-18,San Luis Obispo,079,281455,24274,23726,958,24684,270
2021-08-18,San Mateo,081,765935,48337,47255,929,48184,551
2021-08-18,Santa Barbara,083,443738,38504,37599,1450,39049,475
2021-08-18,Santa Clara,085,1922200,131636,128563,1009,129572,1773
2021-08-18,Santa Cruz,087,273765,17972,17566,969,18535,209
2021-08-18,Shasta,089,179085,14638,14087,2096,16183,213
2021-08-18,Sierra,091,2930,89,83,15,98,0
2021-08-18,Siskiyou,093,43540,2299,2204,623,2827,33
2021-08-18,Solano,095,438530,39835,37812,925,38737,271
2021-08-18,Sonoma,097,501317,36508,35063,450,35513,333
2021-08-18,Stanislaus,099,539301,64500,62613,7310,69923,1047
2021-08-18,Sutter,101,95872,11311,11004,126,11130,130
2021-08-18,Tehama,103,63373,5814,5653,752,6405,66
2021-08-18,Trinity,105,12862,480,409,111,520,3
2021-08-18,Tulare,107,460477,53616,52486,11279,63765,856
2021-08-18,Tuolumne,109,53932,5265,5081,50,5131,64
2021-08-18,Ventura,111,848112,88869,87835,3959,91794,1055
2021-08-18,Yolo,113,214977,16638,16047,748,16795,225
2021-08-18,Yuba,115,75493,7673,7391,171,7562,51
2021-08-17,Alameda,001,1643700,105837,102379,2477,104856,1290
2021-08-17,Alpine,003,1148,91,91,0,91,0
2021-08-17,Amador,005,37829,4406,4266,40,4306,50
2021-08-17,Butte,007,227075,14848,14357,2476,16833,206
2021-08-17,Calaveras,009,45235,2747,2624,19,2643,59
2021-08-17,Colusa,011,21464,2216,2156,453,2609,16
2021-08-17,Contra Costa,013,1133247,85903,82482,1761,84243,848
2021-08-17,Del Norte,015,27424,2418,2188,11,2199,8
2021-08-17,El Dorado,017,186661,12857,12242,1118,13360,118
2021-08-17,Fresno,019,978130,112436,110263,10143,120406,1755
2021-08-17,Glenn,021,27897,2677,2608,686,3294,20
2021-08-17,Humboldt,023,135768,6473,6155,150,6305,52
2021-08-17,Imperial,025,180216,29924,29768,3012,32780,746
2021-08-17,Inyo,027,18085,1496,1492,6,1498,39
2021-08-17,Kern,029,883053,104747,103048,14147,117195,1367
2021-08-17,Kings,031,150075,25469,24930,1444,26374,254
2021-08-17,Lake,033,64148,5094,4930,40,4970,68
2021-08-17,Lassen,035,31185,5584,5499,149,5648,21
2021-08-17,Los Angeles,037,10098052,1321642,1307999,51281,1359280,24952
2021-08-17,Madera,039,155013,18298,17838,1239,19077,246
2021-08-17,Marin,041,260295,15904,15570,330,15900,240
2021-08-17,Mariposa,043,17540,649,609,14,623,5
2021-08-17,Mendocino,045,87422,5382,5097,171,5268,51
2021-08-17,Merced,047,269075,34218,33508,1173,34681,482
2021-08-17,Modoc,049,8938,438,424,150,574,6
2021-08-17,Mono,051,14174,1372,1341,13,1354,3
2021-08-17,Monterey,053,433212,44994,44672,2410,47082,528
2021-08-17,Napa,055,140530,11262,11007,65,11072,83
2021-08-17,Nevada,057,99092,6901,6605,233,6838,75
2021-08-17,Orange,059,3164182,280918,277121,13363,290484,5164
2021-08-17,Placer,061,380077,29110,27634,2499,30133,312
2021-08-17,Plumas,063,18699,920,860,16,876,5
2021-08-17,Riverside,065,2383286,320576,316051,15851,331902,4582
2021-08-17,Sacramento,067,1510023,130194,125151,2725,127876,1774
2021-08-17,San Benito,069,59416,6559,6470,131,6601,64
2021-08-17,San Bernardino,071,2135413,319090,314402,10246,324648,5302
2021-08-17,San Diego,073,3302833,322956,317058,18618,335676,3824
2021-08-17,San Francisco,075,870044,46045,44820,2093,46913,567
2021-08-17,San Joaquin,077,732212,83641,81300,4461,85761,1489
2021-08-17,San Luis Obispo,079,281455,24116,23556,955,24511,268
2021-08-17,San Mateo,081,765935,48195,47127,911,48038,551
2021-08-17,Santa Barbara,083,443738,38348,37478,1443,38921,475
2021-08-17,Santa Clara,085,1922200,131234,128354,1004,129358,1773
2021-08-17,Santa Cruz,087,273765,17886,17528,967,18495,209
2021-08-17,Shasta,089,179085,14510,14012,2078,16090,214
2021-08-17,Sierra,091,2930,88,82,15,97,0
2021-08-17,Siskiyou,093,43540,2284,2183,609,2792,33
2021-08-17,Solano,095,438530,39622,37662,915,38577,269
2021-08-17,Sonoma,097,501317,36359,34943,446,35389,333
2021-08-17,Stanislaus,099,539301,64149,62385,7251,69636,1047
2021-08-17,Sutter,101,95872,11239,10973,126,11099,130
2021-08-17,Tehama,103,63373,5781,5612,730,6342,66
2021-08-17,Trinity,105,12862,475,406,108,514,3
2021-08-17,Tulare,107,460477,53348,52362,11211,63573,856
2021-08-17,Tuolumne,109,53932,5222,5042,49,5091,64
2021-08-17,Ventura,111,848112,88629,87601,3937,91538,1053
2021-08-17,Yolo,113,214977,16549,15975,733,16708,225
2021-08-17,Yuba,115,75493,7603,7355,171,7526,51
2021-08-16,Alameda,001,1643700,105338,102052,2465,104517,1287
2021-08-16,Alpine,003,1148,91,91,0,91,0
2021-08-16,Amador,005,37829,4396,4235,40,4275,50
2021-08-16,Butte,007,227075,14730,14283,2443,16726,206
2021-08-16,Calaveras,009,45235,2687,2609,19,2628,57
2021-08-16,Colusa,011,21464,2205,2147,449,2596,16
2021-08-16,Contra Costa,013,1133247,85364,82070,1751,83821,848
2021-08-16,Del Norte,015,27424,2347,2125,11,2136,8
2021-08-16,El Dorado,017,186661,12756,12139,1104,13243,118
2021-08-16,Fresno,019,978130,111937,109623,10098,119721,1753
2021-08-16,Glenn,021,27897,2658,2593,680,3273,20
2021-08-16,Humboldt,023,135768,6403,6064,127,6191,52
2021-08-16,Imperial,025,180216,29886,29737,2997,32734,746
2021-08-16,Inyo,027,18085,1493,1490,6,1496,39
2021-08-16,Kern,029,883053,104376,102690,14023,116713,1367
2021-08-16,Kings,031,150075,25367,24817,1434,26251,254
2021-08-16,Lake,033,64148,5067,4898,39,4937,68
2021-08-16,Lassen,035,31185,5567,5481,141,5622,21
2021-08-16,Los Angeles,037,10098052,1318257,1305330,51127,1356457,24923
2021-08-16,Madera,039,155013,18223,17756,1220,18976,246
2021-08-16,Marin,041,260295,15845,15497,329,15826,239
2021-08-16,Mariposa,043,17540,632,597,14,611,5
2021-08-16,Mendocino,045,87422,5326,5037,169,5206,49
2021-08-16,Merced,047,269075,34011,33364,1167,34531,481
2021-08-16,Modoc,049,8938,436,421,149,570,5
2021-08-16,Mono,051,14174,1363,1339,13,1352,3
2021-08-16,Monterey,053,433212,44932,44595,2382,46977,527
2021-08-16,Napa,055,140530,11233,10946,65,11011,83
2021-08-16,Nevada,057,99092,6845,6535,232,6767,74
2021-08-16,Orange,059,3164182,280128,275985,13315,289300,5161
2021-08-16,Placer,061,380077,28928,27384,2465,29849,306
2021-08-16,Plumas,063,18699,910,851,16,867,5
2021-08-16,Riverside,065,2383286,319487,314774,15815,330589,4582
2021-08-16,Sacramento,067,1510023,129392,124554,2682,127236,1762
2021-08-16,San Benito,069,59416,6535,6452,131,6583,64
2021-08-16,San Bernardino,071,2135413,318131,313617,10218,323835,5301
2021-08-16,San Diego,073,3302833,321352,315348,18482,333830,3824
2021-08-16,San Francisco,075,870044,45849,44681,2076,46757,567
2021-08-16,San Joaquin,077,732212,83143,81087,4443,85530,1488
2021-08-16,San Luis Obispo,079,281455,23967,23452,946,24398,265
2021-08-16,San Mateo,081,765935,48032,47024,890,47914,548
2021-08-16,Santa Barbara,083,443738,38181,37358,1438,38796,475
2021-08-16,Santa Clara,085,1922200,130772,127978,998,128976,1773
2021-08-16,Santa Cruz,087,273765,17825,17491,960,18451,209
2021-08-16,Shasta,089,179085,14420,13862,2060,15922,211
2021-08-16,Sierra,091,2930,85,82,15,97,0
2021-08-16,Siskiyou,093,43540,2267,2169,589,2758,33
2021-08-16,Solano,095,438530,39350,37436,901,38337,263
2021-08-16,Sonoma,097,501317,36188,34844,444,35288,333
2021-08-16,Stanislaus,099,539301,63787,62033,7199,69232,1039
2021-08-16,Sutter,101,95872,11170,10902,125,11027,130
2021-08-16,Tehama,103,63373,5717,5565,725,6290,66
2021-08-16,Trinity,105,12862,469,400,107,507,3
2021-08-16,Tulare,107,460477,53107,52162,11137,63299,856
2021-08-16,Tuolumne,109,53932,5183,4984,48,5032,64
2021-08-16,Ventura,111,848112,88378,86954,3919,90873,1052
2021-08-16,Yolo,113,214977,16450,15922,725,16647,225
2021-08-16,Yuba,115,75493,7519,7314,170,7484,51
2021-08-15,Alameda,001,1643700,104847,101660,2448,104108,1287
2021-08-15,Alpine,003,1148,91,91,0,91,0
2021-08-15,Amador,005,37829,4369,4231,40,4271,49
2021-08-15,Butte,007,227075,14604,14263,2419,16682,206
2021-08-15,Calaveras,009,45235,2640,2599,19,2618,57
2021-08-15,Colusa,011,21464,2193,2140,439,2579,16
2021-08-15,Contra Costa,013,1133247,84884,81781,1734,83515,848
2021-08-15,Del Norte,015,27424,2280,2060,11,2071,8
2021-08-15,El Dorado,017,186661,12621,12057,1087,13144,118
2021-08-15,Fresno,019,978130,111464,109382,10039,119421,1753
2021-08-15,Glenn,021,27897,2634,2592,668,3260,20
2021-08-15,Humboldt,023,135768,6330,6024,120,6144,52
2021-08-15,Imperial,025,180216,29821,29711,2991,32702,746
2021-08-15,Inyo,027,18085,1492,1489,6,1495,39
2021-08-15,Kern,029,883053,103934,102524,13908,116432,1367
2021-08-15,Kings,031,150075,25217,24736,1424,26160,254
2021-08-15,Lake,033,64148,5008,4886,38,4924,68
2021-08-15,Lassen,035,31185,5551,5482,139,5621,21
2021-08-15,Los Angeles,037,10098052,1314737,1302882,50950,1353832,24918
2021-08-15,Madera,039,155013,18135,17714,1208,18922,246
2021-08-15,Marin,041,260295,15786,15461,327,15788,239
2021-08-15,Mariposa,043,17540,625,591,14,605,5
2021-08-15,Mendocino,045,87422,5269,5022,163,5185,49
2021-08-15,Merced,047,269075,33767,33305,1156,34461,481
2021-08-15,Modoc,049,8938,434,421,149,570,5
2021-08-15,Mono,051,14174,1355,1334,13,1347,3
2021-08-15,Monterey,053,433212,44820,44567,2350,46917,527
2021-08-15,Napa,055,140530,11178,10919,65,10984,83
2021-08-15,Nevada,057,99092,6761,6486,232,6718,74
2021-08-15,Orange,059,3164182,279353,275447,13276,288723,5161
2021-08-15,Placer,061,380077,28707,27220,2416,29636,306
2021-08-15,Plumas,063,18699,899,850,16,866,5
2021-08-15,Riverside,065,2383286,318350,314133,15783,329916,4582
2021-08-15,Sacramento,067,1510023,128581,123924,2649,126573,1761
2021-08-15,San Benito,069,59416,6517,6446,130,6576,64
2021-08-15,San Bernardino,071,2135413,317055,313120,10186,323306,5301
2021-08-15,San Diego,073,3302833,319870,314247,18367,332614,3824
2021-08-15,San Francisco,075,870044,45627,44531,2053,46584,567
2021-08-15,San Joaquin,077,732212,82659,80832,4414,85246,1488
2021-08-15,San Luis Obispo,079,281455,23771,23404,936,24340,265
2021-08-15,San Mateo,081,765935,47870,46897,868,47765,548
2021-08-15,Santa Barbara,083,443738,38012,37276,1431,38707,475
2021-08-15,Santa Clara,085,1922200,130339,127715,992,128707,1773
2021-08-15,Santa Cruz,087,273765,17756,17440,952,18392,209
2021-08-15,Shasta,089,179085,14317,13835,2034,15869,211
2021-08-15,Sierra,091,2930,84,82,14,96,0
2021-08-15,Siskiyou,093,43540,2246,2169,575,2744,33
2021-08-15,Solano,095,438530,39111,37320,890,38210,263
2021-08-15,Sonoma,097,501317,35993,34706,436,35142,333
2021-08-15,Stanislaus,099,539301,63397,61795,7122,68917,1039
2021-08-15,Sutter,101,95872,11079,10863,125,10988,130
2021-08-15,Tehama,103,63373,5668,5550,719,6269,66
2021-08-15,Trinity,105,12862,466,400,105,505,3
2021-08-15,Tulare,107,460477,52851,52046,11076,63122,856
2021-08-15,Tuolumne,109,53932,5145,4934,46,4980,64
2021-08-15,Ventura,111,848112,88069,86797,3904,90701,1052
2021-08-15,Yolo,113,214977,16356,15873,714,16587,225
2021-08-15,Yuba,115,75493,7442,7265,169,7434,51
2021-08-14,Alameda,001,1643700,104628,101305,2444,103749,1287
2021-08-14,Alpine,003,1148,91,91,0,91,0
2021-08-14,Amador,005,37829,4351,4206,40,4246,49
2021-08-14,Butte,007,227075,14567,14192,2403,16595,206
2021-08-14,Calaveras,009,45235,2635,2579,19,2598,57
2021-08-14,Colusa,011,21464,2183,2134,435,2569,16
2021-08-14,Contra Costa,013,1133247,84635,81458,1726,83184,848
2021-08-14,Del Norte,015,27424,2253,2015,11,2026,8
2021-08-14,El Dorado,017,186661,12585,12019,1078,13097,118
2021-08-14,Fresno,019,978130,111305,109056,10017,119073,1753
2021-08-14,Glenn,021,27897,2623,2583,666,3249,20
2021-08-14,Humboldt,023,135768,6276,5998,116,6114,52
2021-08-14,Imperial,025,180216,29793,29671,2991,32662,746
2021-08-14,Inyo,027,18085,1490,1487,6,1493,39
2021-08-14,Kern,029,883053,103740,102306,13811,116117,1367
2021-08-14,Kings,031,150075,25123,24647,1415,26062,254
2021-08-14,Lake,033,64148,4991,4850,37,4887,68
2021-08-14,Lassen,035,31185,5544,5475,138,5613,21
2021-08-14,Los Angeles,037,10098052,1312980,1299346,50810,1350156,24911
2021-08-14,Madera,039,155013,18088,17691,1204,18895,246
2021-08-14,Marin,041,260295,15752,15441,326,15767,239
2021-08-14,Mariposa,043,17540,621,584,14,598,5
2021-08-14,Mendocino,045,87422,5233,4977,160,5137,49
2021-08-14,Merced,047,269075,33703,33234,1150,34384,481
2021-08-14,Modoc,049,8938,434,421,149,570,5
2021-08-14,Mono,051,14174,1353,1332,13,1345,3
2021-08-14,Monterey,053,433212,44781,44514,2342,46856,527
2021-08-14,Napa,055,140530,11148,10878,64,10942,83
2021-08-14,Nevada,057,99092,6726,6419,231,6650,74
2021-08-14,Orange,059,3164182,278920,274732,13248,287980,5161
2021-08-14,Placer,061,380077,28562,27115,2391,29506,306
2021-08-14,Plumas,063,18699,890,849,16,865,5
2021-08-14,Riverside,065,2383286,317637,313264,15761,329025,4582
2021-08-14,Sacramento,067,1510023,128093,123438,2631,126069,1758
2021-08-14,San Benito,069,59416,6504,6428,130,6558,64
2021-08-14,San Bernardino,071,2135413,316504,312142,10165,322307,5301
2021-08-14,San Diego,073,3302833,319198,313589,18299,331888,3824
2021-08-14,San Francisco,075,870044,45501,44353,2032,46385,567
2021-08-14,San Joaquin,077,732212,82443,80585,4399,84984,1488
2021-08-14,San Luis Obispo,079,281455,23712,23328,933,24261,265
2021-08-14,San Mateo,081,765935,47763,46792,856,47648,548
2021-08-14,Santa Barbara,083,443738,37919,37118,1427,38545,475
2021-08-14,Santa Clara,085,1922200,130059,127432,989,128421,1772
2021-08-14,Santa Cruz,087,273765,17717,17384,951,18335,209
2021-08-14,Shasta,089,179085,14240,13813,2013,15826,211
2021-08-14,Sierra,091,2930,84,81,14,95,0
2021-08-14,Siskiyou,093,43540,2236,2160,565,2725,33
2021-08-14,Solano,095,438530,39024,37237,878,38115,263
2021-08-14,Sonoma,097,501317,35870,34606,434,35040,333
2021-08-14,Stanislaus,099,539301,63207,61564,7077,68641,1039
2021-08-14,Sutter,101,95872,11034,10808,124,10932,130
2021-08-14,Tehama,103,63373,5644,5530,715,6245,66
2021-08-14,Trinity,105,12862,461,399,105,504,3
2021-08-14,Tulare,107,460477,52716,51951,11030,62981,856
2021-08-14,Tuolumne,109,53932,5110,4924,46,4970,64
2021-08-14,Ventura,111,848112,87914,86569,3884,90453,1052
2021-08-14,Yolo,113,214977,16311,15815,704,16519,225
2021-08-14,Yuba,115,75493,7393,7223,169,7392,51
2021-08-13,Alameda,001,1643700,104329,100930,2435,103365,1284
2021-08-13,Alpine,003,1148,91,91,0,91,0
2021-08-13,Amador,005,37829,4323,4169,40,4209,49
2021-08-13,Butte,007,227075,14496,14100,2387,16487,206
2021-08-13,Calaveras,009,45235,2626,2564,19,2583,57
2021-08-13,Colusa,011,21464,2176,2123,430,2553,16
2021-08-13,Contra Costa,013,1133247,84323,81046,1718,82764,848
2021-08-13,Del Norte,015,27424,2212,1973,11,1984,8
2021-08-13,El Dorado,017,186661,12546,11951,1065,13016,118
2021-08-13,Fresno,019,978130,111018,108638,9996,118634,1753
2021-08-13,Glenn,021,27897,2612,2574,664,3238,20
2021-08-13,Humboldt,023,135768,6229,5882,113,5995,52
2021-08-13,Imperial,025,180216,29765,29654,2990,32644,745
2021-08-13,Inyo,027,18085,1489,1484,6,1490,39
2021-08-13,Kern,029,883053,103531,102029,13702,115731,1364
2021-08-13,Kings,031,150075,25039,24531,1407,25938,253
2021-08-13,Lake,033,64148,4968,4811,36,4847,68
2021-08-13,Lassen,035,31185,5536,5455,137,5592,21
2021-08-13,Los Angeles,037,10098052,1310678,1295406,50673,1346079,24891
2021-08-13,Madera,039,155013,18039,17614,1197,18811,246
2021-08-13,Marin,041,260295,15722,15380,326,15706,239
2021-08-13,Mariposa,043,17540,615,577,14,591,5
2021-08-13,Mendocino,045,87422,5186,4924,158,5082,49
2021-08-13,Merced,047,269075,33655,33111,1145,34256,480
2021-08-13,Modoc,049,8938,433,421,148,569,5
2021-08-13,Mono,051,14174,1350,1331,13,1344,3
2021-08-13,Monterey,053,433212,44728,44450,2334,46784,527
2021-08-13,Napa,055,140530,11112,10830,64,10894,83
2021-08-13,Nevada,057,99092,6685,6356,230,6586,74
2021-08-13,Orange,059,3164182,278426,274004,13199,287203,5159
2021-08-13,Placer,061,380077,28463,26987,2362,29349,306
2021-08-13,Plumas,063,18699,876,842,16,858,5
2021-08-13,Riverside,065,2383286,316901,312408,15736,328144,4581
2021-08-13,Sacramento,067,1510023,127629,122868,2603,125471,1758
2021-08-13,San Benito,069,59416,6498,6422,128,6550,64
2021-08-13,San Bernardino,071,2135413,315838,311378,10146,321524,5301
2021-08-13,San Diego,073,3302833,318152,312293,18219,330512,3821
2021-08-13,San Francisco,075,870044,45365,44196,2007,46203,567
2021-08-13,San Joaquin,077,732212,82229,80232,4384,84616,1481
2021-08-13,San Luis Obispo,079,281455,23651,23226,930,24156,265
2021-08-13,San Mateo,081,765935,47654,46660,847,47507,548
2021-08-13,Santa Barbara,083,443738,37836,37023,1423,38446,474
2021-08-13,Santa Clara,085,1922200,129771,126958,984,127942,1769
2021-08-13,Santa Cruz,087,273765,17678,17332,944,18276,209
2021-08-13,Shasta,089,179085,14175,13698,1999,15697,211
2021-08-13,Sierra,091,2930,83,81,14,95,0
2021-08-13,Siskiyou,093,43540,2227,2147,561,2708,33
2021-08-13,Solano,095,438530,38893,37104,870,37974,264
2021-08-13,Sonoma,097,501317,35765,34464,434,34898,333
2021-08-13,Stanislaus,099,539301,63024,61294,7035,68329,1039
2021-08-13,Sutter,101,95872,10990,10751,123,10874,130
2021-08-13,Tehama,103,63373,5620,5496,713,6209,66
2021-08-13,Trinity,105,12862,458,392,105,497,3
2021-08-13,Tulare,107,460477,52611,51770,10955,62725,856
2021-08-13,Tuolumne,109,53932,5077,4899,45,4944,64
2021-08-13,Ventura,111,848112,87752,86368,3870,90238,1052
2021-08-13,Yolo,113,214977,16258,15761,694,16455,225
2021-08-13,Yuba,115,75493,7356,7184,169,7353,51
2021-08-12,Alameda,001,1643700,103831,100472,2421,102893,1284
2021-08-12,Alpine,003,1148,91,91,0,91,0
2021-08-12,Amador,005,37829,4293,4161,39,4200,49
2021-08-12,Butte,007,227075,14419,14006,2368,16374,206
2021-08-12,Calaveras,009,45235,2606,2531,19,2550,57
2021-08-12,Colusa,011,21464,2171,2111,429,2540,17
2021-08-12,Contra Costa,013,1133247,83843,80738,1708,82446,846
2021-08-12,Del Norte,015,27424,2140,1923,11,1934,8
2021-08-12,El Dorado,017,186661,12430,11880,1057,12937,118
2021-08-12,Fresno,019,978130,110601,108193,9938,118131,1753
2021-08-12,Glenn,021,27897,2604,2559,657,3216,20
2021-08-12,Humboldt,023,135768,6159,5845,109,5954,52
2021-08-12,Imperial,025,180216,29708,29585,2984,32569,745
2021-08-12,Inyo,027,18085,1487,1483,6,1489,39
2021-08-12,Kern,029,883053,103247,101698,13619,115317,1364
2021-08-12,Kings,031,150075,24940,24423,1397,25820,252
2021-08-12,Lake,033,64148,4943,4774,35,4809,68
2021-08-12,Lassen,035,31185,5514,5428,136,5564,21
2021-08-12,Los Angeles,037,10098052,1307503,1291875,50535,1342410,24874
2021-08-12,Madera,039,155013,17975,17564,1189,18753,246
2021-08-12,Marin,041,260295,15673,15277,322,15599,239
2021-08-12,Mariposa,043,17540,606,568,13,581,5
2021-08-12,Mendocino,045,87422,5156,4873,152,5025,49
2021-08-12,Merced,047,269075,33531,32960,1138,34098,480
2021-08-12,Modoc,049,8938,432,423,148,571,5
2021-08-12,Mono,051,14174,1346,1325,13,1338,3
2021-08-12,Monterey,053,433212,44663,44383,2306,46689,527
2021-08-12,Napa,055,140530,11063,10780,63,10843,83
2021-08-12,Nevada,057,99092,6624,6283,230,6513,74
2021-08-12,Orange,059,3164182,277749,273167,13141,286308,5158
2021-08-12,Placer,061,380077,28263,26856,2338,29194,306
2021-08-12,Plumas,063,18699,868,829,16,845,5
2021-08-12,Riverside,065,2383286,315896,311304,15702,327006,4575
2021-08-12,Sacramento,067,1510023,126861,122222,2571,124793,1758
2021-08-12,San Benito,069,59416,6482,6398,125,6523,64
2021-08-12,San Bernardino,071,2135413,314965,310420,10115,320535,5297
2021-08-12,San Diego,073,3302833,316775,310596,18134,328730,3821
2021-08-12,San Francisco,075,870044,45161,43774,1990,45764,564
2021-08-12,San Joaquin,077,732212,81836,79945,4360,84305,1479
2021-08-12,San Luis Obispo,079,281455,23553,23101,916,24017,264
2021-08-12,San Mateo,081,765935,47522,46435,833,47268,548
2021-08-12,Santa Barbara,083,443738,37702,36881,1412,38293,473
2021-08-12,Santa Clara,085,1922200,129320,126614,978,127592,1769
2021-08-12,Santa Cruz,087,273765,17615,17261,942,18203,209
2021-08-12,Shasta,089,179085,14088,13621,1973,15594,211
2021-08-12,Sierra,091,2930,83,81,14,95,0
2021-08-12,Siskiyou,093,43540,2220,2134,551,2685,33
2021-08-12,Solano,095,438530,38668,36980,862,37842,262
2021-08-12,Sonoma,097,501317,35617,34299,431,34730,333
2021-08-12,Stanislaus,099,539301,62749,61026,6975,68001,1039
2021-08-12,Sutter,101,95872,10929,10695,121,10816,130
2021-08-12,Tehama,103,63373,5592,5462,703,6165,66
2021-08-12,Trinity,105,12862,454,386,104,490,3
2021-08-12,Tulare,107,460477,52467,51632,10903,62535,856
2021-08-12,Tuolumne,109,53932,5030,4845,43,4888,64
2021-08-12,Ventura,111,848112,87518,86106,3846,89952,1052
2021-08-12,Yolo,113,214977,16187,15686,681,16367,224
2021-08-12,Yuba,115,75493,7308,7128,168,7296,51
2021-08-11,Alameda,001,1643700,103296,100040,2416,102456,1281
2021-08-11,Alpine,003,1148,91,91,0,91,0
2021-08-11,Amador,005,37829,4269,4127,39,4166,49
2021-08-11,Butte,007,227075,14315,13905,2343,16248,206
2021-08-11,Calaveras,009,45235,2583,2505,19,2524,57
2021-08-11,Colusa,011,21464,2161,2101,427,2528,16
2021-08-11,Contra Costa,013,1133247,83347,80275,1694,81969,843
2021-08-11,Del Norte,015,27424,2082,1893,11,1904,8
2021-08-11,El Dorado,017,186661,12317,11799,1045,12844,119
2021-08-11,Fresno,019,978130,110144,107773,9895,117668,1751
2021-08-11,Glenn,021,27897,2596,2547,650,3197,20
2021-08-11,Humboldt,023,135768,6112,5765,108,5873,52
2021-08-11,Imperial,025,180216,29665,29565,2980,32545,745
2021-08-11,Inyo,027,18085,1487,1483,6,1489,39
2021-08-11,Kern,029,883053,102935,101448,13506,114954,1363
2021-08-11,Kings,031,150075,24827,24304,1388,25692,250
2021-08-11,Lake,033,64148,4906,4713,34,4747,68
2021-08-11,Lassen,035,31185,5505,5408,134,5542,21
2021-08-11,Los Angeles,037,10098052,1304208,1288238,50341,1338579,24851
2021-08-11,Madera,039,155013,17925,17511,1178,18689,245
2021-08-11,Marin,041,260295,15624,15235,322,15557,239
2021-08-11,Mariposa,043,17540,596,554,12,566,5
2021-08-11,Mendocino,045,87422,5087,4796,144,4940,49
2021-08-11,Merced,047,269075,33398,32802,1133,33935,479
2021-08-11,Modoc,049,8938,432,421,148,569,5
2021-08-11,Mono,051,14174,1342,1320,13,1333,3
2021-08-11,Monterey,053,433212,44573,44314,2279,46593,527
2021-08-11,Napa,055,140530,11022,10732,63,10795,83
2021-08-11,Nevada,057,99092,6570,6172,227,6399,74
2021-08-11,Orange,059,3164182,276904,272212,13103,285315,5155
2021-08-11,Placer,061,380077,28053,26687,2312,28999,305
2021-08-11,Plumas,063,18699,861,824,16,840,5
2021-08-11,Riverside,065,2383286,314913,310265,15658,325923,4570
2021-08-11,Sacramento,067,1510023,126067,121603,2527,124130,1757
2021-08-11,San Benito,069,59416,6469,6381,125,6506,64
2021-08-11,San Bernardino,071,2135413,314074,309498,10093,319591,5296
2021-08-11,San Diego,073,3302833,315291,309406,18035,327441,3818
2021-08-11,San Francisco,075,870044,44940,43555,1980,45535,564
2021-08-11,San Joaquin,077,732212,81433,79641,4336,83977,1478
2021-08-11,San Luis Obispo,079,281455,23450,22920,909,23829,264
2021-08-11,San Mateo,081,765935,47367,46300,819,47119,548
2021-08-11,Santa Barbara,083,443738,37541,36699,1402,38101,472
2021-08-11,Santa Clara,085,1922200,128841,126301,969,127270,1769
2021-08-11,Santa Cruz,087,273765,17549,17191,939,18130,209
2021-08-11,Shasta,089,179085,14014,13546,1957,15503,211
2021-08-11,Sierra,091,2930,82,81,14,95,0
2021-08-11,Siskiyou,093,43540,2206,2124,544,2668,33
2021-08-11,Solano,095,438530,38441,36862,848,37710,262
2021-08-11,Sonoma,097,501317,35441,34188,426,34614,333
2021-08-11,Stanislaus,099,539301,62406,60767,6944,67711,1037
2021-08-11,Sutter,101,95872,10858,10628,121,10749,130
2021-08-11,Tehama,103,63373,5563,5410,686,6096,66
2021-08-11,Trinity,105,12862,452,385,104,489,3
2021-08-11,Tulare,107,460477,52301,51464,10855,62319,854
2021-08-11,Tuolumne,109,53932,4998,4794,43,4837,64
2021-08-11,Ventura,111,848112,87268,85863,3824,89687,1051
2021-08-11,Yolo,113,214977,16113,15593,667,16260,218
2021-08-11,Yuba,115,75493,7249,7063,167,7230,53
2021-08-10,Alameda,001,1643700,102809,99771,2407,102178,1281
2021-08-10,Alpine,003,1148,91,91,0,91,0
2021-08-10,Amador,005,37829,4253,4093,39,4132,49
2021-08-10,Butte,007,227075,14230,13853,2321,16174,205
2021-08-10,Calaveras,009,45235,2560,2491,17,2508,57
2021-08-10,Colusa,011,21464,2148,2088,418,2506,16
2021-08-10,Contra Costa,013,1133247,82809,80018,1684,81702,840
2021-08-10,Del Norte,015,27424,2039,1870,11,1881,8
2021-08-10,El Dorado,017,186661,12218,11734,1035,12769,117
2021-08-10,Fresno,019,978130,109694,107616,9842,117458,1747
2021-08-10,Glenn,021,27897,2583,2538,643,3181,20
2021-08-10,Humboldt,023,135768,6058,5718,105,5823,52
2021-08-10,Imperial,025,180216,29629,29522,2974,32496,745
2021-08-10,Inyo,027,18085,1487,1482,6,1488,39
2021-08-10,Kern,029,883053,102612,101254,13404,114658,1359
2021-08-10,Kings,031,150075,24699,24252,1372,25624,251
2021-08-10,Lake,033,64148,4866,4700,33,4733,67
2021-08-10,Lassen,035,31185,5487,5401,134,5535,21
2021-08-10,Los Angeles,037,10098052,1300492,1285140,50170,1335310,24821
2021-08-10,Madera,039,155013,17853,17481,1168,18649,245
2021-08-10,Marin,041,260295,15577,15194,322,15516,239
2021-08-10,Mariposa,043,17540,583,550,12,562,5
2021-08-10,Mendocino,045,87422,5042,4775,141,4916,49
2021-08-10,Merced,047,269075,33250,32721,1125,33846,477
2021-08-10,Modoc,049,8938,431,421,148,569,5
2021-08-10,Mono,051,14174,1337,1320,13,1333,3
2021-08-10,Monterey,053,433212,44523,44259,2253,46512,527
2021-08-10,Napa,055,140530,10966,10703,62,10765,83
2021-08-10,Nevada,057,99092,6504,6151,226,6377,73
2021-08-10,Orange,059,3164182,276024,271688,13054,284742,5155
2021-08-10,Placer,061,380077,27833,26561,2269,28830,305
2021-08-10,Plumas,063,18699,852,816,16,832,5
2021-08-10,Riverside,065,2383286,313802,309529,15632,325161,4564
2021-08-10,Sacramento,067,1510023,125212,121159,2498,123657,1755
2021-08-10,San Benito,069,59416,6455,6371,125,6496,64
2021-08-10,San Bernardino,071,2135413,313152,308672,10076,318748,5295
2021-08-10,San Diego,073,3302833,313631,308288,17958,326246,3815
2021-08-10,San Francisco,075,870044,44701,43389,1951,45340,564
2021-08-10,San Joaquin,077,732212,81037,79391,4320,83711,1478
2021-08-10,San Luis Obispo,079,281455,23324,22776,907,23683,264
2021-08-10,San Mateo,081,765935,47208,46184,801,46985,548
2021-08-10,Santa Barbara,083,443738,37377,36574,1395,37969,472
2021-08-10,Santa Clara,085,1922200,128381,126019,960,126979,1770
2021-08-10,Santa Cruz,087,273765,17466,17142,937,18079,209
2021-08-10,Shasta,089,179085,13937,13461,1932,15393,211
2021-08-10,Sierra,091,2930,82,76,14,90,0
2021-08-10,Siskiyou,093,43540,2198,2088,536,2624,33
2021-08-10,Solano,095,438530,38205,36767,839,37606,262
2021-08-10,Sonoma,097,501317,35296,34054,423,34477,333
2021-08-10,Stanislaus,099,539301,62058,60605,6907,67512,1037
2021-08-10,Sutter,101,95872,10793,10569,121,10690,130
2021-08-10,Tehama,103,63373,5534,5392,681,6073,66
2021-08-10,Trinity,105,12862,452,384,104,488,3
2021-08-10,Tulare,107,460477,52139,51390,10803,62193,854
2021-08-10,Tuolumne,109,53932,4970,4780,41,4821,64
2021-08-10,Ventura,111,848112,86982,85714,3803,89517,1051
2021-08-10,Yolo,113,214977,16027,15568,655,16223,218
2021-08-10,Yuba,115,75493,7199,7028,167,7195,50
2021-08-09,Alameda,001,1643700,102249,99496,2403,101899,1276
2021-08-09,Alpine,003,1148,91,91,0,91,0
2021-08-09,Amador,005,37829,4227,4078,39,4117,48
2021-08-09,Butte,007,227075,14136,13813,2289,16102,205
2021-08-09,Calaveras,009,45235,2532,2472,17,2489,57
2021-08-09,Colusa,011,21464,2138,2075,410,2485,16
2021-08-09,Contra Costa,013,1133247,82265,79740,1673,81413,840
2021-08-09,Del Norte,015,27424,1971,1848,11,1859,8
2021-08-09,El Dorado,017,186661,12110,11672,1021,12693,117
2021-08-09,Fresno,019,978130,109203,107310,9806,117116,1747
2021-08-09,Glenn,021,27897,2572,2532,633,3165,20
2021-08-09,Humboldt,023,135768,5968,5632,103,5735,52
2021-08-09,Imperial,025,180216,29585,29512,2970,32482,745
2021-08-09,Inyo,027,18085,1487,1481,6,1487,39
2021-08-09,Kern,029,883053,102303,101069,13316,114385,1359
2021-08-09,Kings,031,150075,24593,24155,1356,25511,250
2021-08-09,Lake,033,64148,4831,4670,31,4701,66
2021-08-09,Lassen,035,31185,5465,5393,133,5526,21
2021-08-09,Los Angeles,037,10098052,1296500,1282891,49973,1332864,24798
2021-08-09,Madera,039,155013,17794,17429,1149,18578,245
2021-08-09,Marin,041,260295,15524,15154,321,15475,239
2021-08-09,Mariposa,043,17540,570,545,12,557,5
2021-08-09,Mendocino,045,87422,4991,4732,133,4865,49
2021-08-09,Merced,047,269075,33104,32666,1118,33784,477
2021-08-09,Modoc,049,8938,431,419,148,567,5
2021-08-09,Mono,051,14174,1334,1337,13,1350,3
2021-08-09,Monterey,053,433212,44459,44190,2228,46418,527
2021-08-09,Napa,055,140530,10919,10679,62,10741,83
2021-08-09,Nevada,057,99092,6434,6088,225,6313,73
2021-08-09,Orange,059,3164182,274993,271036,13002,284038,5153
2021-08-09,Placer,061,380077,27611,26457,2237,28694,305
2021-08-09,Plumas,063,18699,835,803,16,819,5
2021-08-09,Riverside,065,2383286,312725,308678,15612,324290,4562
2021-08-09,Sacramento,067,1510023,124376,120812,2472,123284,1748
2021-08-09,San Benito,069,59416,6435,6359,123,6482,63
2021-08-09,San Bernardino,071,2135413,312170,308038,10052,318090,5295
2021-08-09,San Diego,073,3302833,311963,306855,17864,324719,3811
2021-08-09,San Francisco,075,870044,44462,43261,1931,45192,564
2021-08-09,San Joaquin,077,732212,80655,79198,4302,83500,1469
2021-08-09,San Luis Obispo,079,281455,23187,22695,898,23593,264
2021-08-09,San Mateo,081,765935,47053,46040,780,46820,548
2021-08-09,Santa Barbara,083,443738,37194,36474,1388,37862,470
2021-08-09,Santa Clara,085,1922200,127877,125791,949,126740,2187
2021-08-09,Santa Cruz,087,273765,17405,17082,937,18019,209
2021-08-09,Shasta,089,179085,13820,13397,1921,15318,210
2021-08-09,Sierra,091,2930,81,75,14,89,0
2021-08-09,Siskiyou,093,43540,2187,2047,518,2565,32
2021-08-09,Solano,095,438530,37940,36653,836,37489,262
2021-08-09,Sonoma,097,501317,35115,33933,421,34354,333
2021-08-09,Stanislaus,099,539301,61778,60410,6854,67264,1037
2021-08-09,Sutter,101,95872,10745,10525,118,10643,129
2021-08-09,Tehama,103,63373,5491,5373,679,6052,66
2021-08-09,Trinity,105,12862,450,378,102,480,3
2021-08-09,Tulare,107,460477,51982,51274,10737,62011,854
2021-08-09,Tuolumne,109,53932,4928,4745,41,4786,64
2021-08-09,Ventura,111,848112,86712,85514,3793,89307,1047
2021-08-09,Yolo,113,214977,15948,15521,634,16155,218
2021-08-09,Yuba,115,75493,7142,6994,167,7161,50
2021-08-08,Alameda,001,1643700,101690,99135,2395,101530,1276
2021-08-08,Alpine,003,1148,91,91,0,91,0
2021-08-08,Amador,005,37829,4193,4057,38,4095,48
2021-08-08,Butte,007,227075,14050,13791,2270,16061,205
2021-08-08,Calaveras,009,45235,2500,2462,17,2479,57
2021-08-08,Colusa,011,21464,2121,2070,403,2473,16
2021-08-08,Contra Costa,013,1133247,81742,79454,1666,81120,840
2021-08-08,Del Norte,015,27424,1925,1810,11,1821,8
2021-08-08,El Dorado,017,186661,11992,11631,1010,12641,117
2021-08-08,Fresno,019,978130,108765,107078,9773,116851,1747
2021-08-08,Glenn,021,27897,2562,2527,628,3155,20
2021-08-08,Humboldt,023,135768,5877,5571,103,5674,52
2021-08-08,Imperial,025,180216,29561,29485,2960,32445,745
2021-08-08,Inyo,027,18085,1487,1481,6,1487,39
2021-08-08,Kern,029,883053,101984,100909,13203,114112,1359
2021-08-08,Kings,031,150075,24479,24095,1347,25442,250
2021-08-08,Lake,033,64148,4782,4636,30,4666,66
2021-08-08,Lassen,035,31185,5450,5391,132,5523,21
2021-08-08,Los Angeles,037,10098052,1292268,1279982,49783,1329765,24793
2021-08-08,Madera,039,155013,17718,17398,1132,18530,245
2021-08-08,Marin,041,260295,15471,15124,319,15443,239
2021-08-08,Mariposa,043,17540,566,538,12,550,5
2021-08-08,Mendocino,045,87422,4929,4702,119,4821,49
2021-08-08,Merced,047,269075,32958,32634,1107,33741,477
2021-08-08,Modoc,049,8938,430,419,147,566,5
2021-08-08,Mono,051,14174,1330,1336,13,1349,3
2021-08-08,Monterey,053,433212,44398,44171,2207,46378,527
2021-08-08,Napa,055,140530,10883,10668,62,10730,83
2021-08-08,Nevada,057,99092,6349,6009,223,6232,73
2021-08-08,Orange,059,3164182,274085,270532,12962,283494,5153
2021-08-08,Placer,061,380077,27406,26332,2194,28526,305
2021-08-08,Plumas,063,18699,826,803,16,819,5
2021-08-08,Riverside,065,2383286,311607,308042,15587,323629,4562
2021-08-08,Sacramento,067,1510023,123544,120109,2460,122569,1744
2021-08-08,San Benito,069,59416,6418,6350,122,6472,63
2021-08-08,San Bernardino,071,2135413,311024,307378,10022,317400,5295
2021-08-08,San Diego,073,3302833,310614,305983,17770,323753,3811
2021-08-08,San Francisco,075,870044,44209,43098,1904,45002,564
2021-08-08,San Joaquin,077,732212,80207,79002,4286,83288,1469
2021-08-08,San Luis Obispo,079,281455,23013,22668,890,23558,263
2021-08-08,San Mateo,081,765935,46874,45927,765,46692,548
2021-08-08,Santa Barbara,083,443738,37018,36417,1381,37798,470
2021-08-08,Santa Clara,085,1922200,127428,125553,943,126496,2187
2021-08-08,Santa Cruz,087,273765,17331,17035,931,17966,209
2021-08-08,Shasta,089,179085,13735,13381,1910,15291,210
2021-08-08,Sierra,091,2930,81,74,14,88,0
2021-08-08,Siskiyou,093,43540,2171,2041,513,2554,32
2021-08-08,Solano,095,438530,37710,36551,834,37385,262
2021-08-08,Sonoma,097,501317,34869,33805,420,34225,333
2021-08-08,Stanislaus,099,539301,61437,60269,6808,67077,1037
2021-08-08,Sutter,101,95872,10684,10481,117,10598,129
2021-08-08,Tehama,103,63373,5453,5359,676,6035,66
2021-08-08,Trinity,105,12862,445,378,102,480,3
2021-08-08,Tulare,107,460477,51802,51220,10677,61897,854
2021-08-08,Tuolumne,109,53932,4889,4731,41,4772,64
2021-08-08,Ventura,111,848112,86422,85382,3783,89165,1047
2021-08-08,Yolo,113,214977,15855,15477,627,16104,218
2021-08-08,Yuba,115,75493,7103,6967,167,7134,50
2021-08-07,Alameda,001,1643700,101441,98812,2390,101202,1276
2021-08-07,Alpine,003,1148,91,91,0,91,0
2021-08-07,Amador,005,37829,4176,4041,37,4078,48
2021-08-07,Butte,007,227075,13999,13714,2258,15972,205
2021-08-07,Calaveras,009,45235,2490,2446,17,2463,57
2021-08-07,Colusa,011,21464,2116,2067,394,2461,16
2021-08-07,Contra Costa,013,1133247,81447,79168,1662,80830,840
2021-08-07,Del Norte,015,27424,1893,1791,11,1802,8
2021-08-07,El Dorado,017,186661,11942,11575,1000,12575,117
2021-08-07,Fresno,019,978130,108565,106861,9751,116612,1747
2021-08-07,Glenn,021,27897,2556,2515,626,3141,20
2021-08-07,Humboldt,023,135768,5827,5510,100,5610,52
2021-08-07,Imperial,025,180216,29542,29470,2960,32430,745
2021-08-07,Inyo,027,18085,1485,1476,6,1482,39
2021-08-07,Kern,029,883053,101828,100693,13147,113840,1359
2021-08-07,Kings,031,150075,24421,24048,1341,25389,250
2021-08-07,Lake,033,64148,4761,4613,30,4643,66
2021-08-07,Lassen,035,31185,5446,5386,132,5518,21
2021-08-07,Los Angeles,037,10098052,1290275,1276853,49625,1326478,24786
2021-08-07,Madera,039,155013,17686,17366,1126,18492,245
2021-08-07,Marin,041,260295,15438,15085,317,15402,239
2021-08-07,Mariposa,043,17540,563,530,12,542,5
2021-08-07,Mendocino,045,87422,4892,4690,117,4807,49
2021-08-07,Merced,047,269075,32894,32569,1105,33674,477
2021-08-07,Modoc,049,8938,430,419,147,566,5
2021-08-07,Mono,051,14174,1328,1329,13,1342,3
2021-08-07,Monterey,053,433212,44350,44124,2198,46322,527
2021-08-07,Napa,055,140530,10862,10658,61,10719,83
2021-08-07,Nevada,057,99092,6299,5967,221,6188,73
2021-08-07,Orange,059,3164182,273503,269900,12930,282830,5153
2021-08-07,Placer,061,380077,27219,26244,2185,28429,305
2021-08-07,Plumas,063,18699,822,801,16,817,5
2021-08-07,Riverside,065,2383286,310937,307326,15578,322904,4562
2021-08-07,Sacramento,067,1510023,123041,119636,2455,122091,1744
2021-08-07,San Benito,069,59416,6408,6332,122,6454,63
2021-08-07,San Bernardino,071,2135413,310435,306663,10004,316667,5295
2021-08-07,San Diego,073,3302833,309862,304974,17732,322706,3811
2021-08-07,San Francisco,075,870044,44049,42926,1877,44803,564
2021-08-07,San Joaquin,077,732212,80043,78769,4272,83041,1469
2021-08-07,San Luis Obispo,079,281455,22947,22579,889,23468,263
2021-08-07,San Mateo,081,765935,46758,45804,754,46558,548
2021-08-07,Santa Barbara,083,443738,36922,36303,1375,37678,470
2021-08-07,Santa Clara,085,1922200,127157,125196,938,126134,2188
2021-08-07,Santa Cruz,087,273765,17289,16994,929,17923,209
2021-08-07,Shasta,089,179085,13680,13361,1902,15263,210
2021-08-07,Sierra,091,2930,81,74,14,88,0
2021-08-07,Siskiyou,093,43540,2159,2039,511,2550,32
2021-08-07,Solano,095,438530,37594,36458,826,37284,262
2021-08-07,Sonoma,097,501317,34747,33716,420,34136,333
2021-08-07,Stanislaus,099,539301,61249,60093,6784,66877,1037
2021-08-07,Sutter,101,95872,10647,10447,117,10564,129
2021-08-07,Tehama,103,63373,5443,5343,671,6014,66
2021-08-07,Trinity,105,12862,441,377,101,478,3
2021-08-07,Tulare,107,460477,51716,51133,10639,61772,854
2021-08-07,Tuolumne,109,53932,4859,4721,41,4762,64
2021-08-07,Ventura,111,848112,86244,85232,3767,88999,1047
2021-08-07,Yolo,113,214977,15812,15423,619,16042,218
2021-08-07,Yuba,115,75493,7079,6937,165,7102,50
2021-08-06,Alameda,001,1643700,101110,98487,2383,100870,1275
2021-08-06,Alpine,003,1148,91,91,0,91,0
2021-08-06,Amador,005,37829,4155,4002,37,4039,48
2021-08-06,Butte,007,227075,13951,13626,2246,15872,205
2021-08-06,Calaveras,009,45235,2480,2419,17,2436,57
2021-08-06,Colusa,011,21464,2110,2045,388,2433,16
2021-08-06,Contra Costa,013,1133247,81153,78796,1656,80452,840
2021-08-06,Del Norte,015,27424,1868,1755,11,1766,8
2021-08-06,El Dorado,017,186661,11893,11498,988,12486,117
2021-08-06,Fresno,019,978130,108305,106542,9725,116267,1747
2021-08-06,Glenn,021,27897,2541,2504,624,3128,20
2021-08-06,Humboldt,023,135768,5776,5421,97,5518,52
2021-08-06,Imperial,025,180216,29531,29404,2956,32360,745
2021-08-06,Inyo,027,18085,1482,1471,6,1477,39
2021-08-06,Kern,029,883053,101651,100427,13061,113488,1359
2021-08-06,Kings,031,150075,24364,23974,1337,25311,250
2021-08-06,Lake,033,64148,4738,4557,30,4587,66
2021-08-06,Lassen,035,31185,5426,5368,130,5498,21
2021-08-06,Los Angeles,037,10098052,1287799,1273081,49472,1322553,24772
2021-08-06,Madera,039,155013,17647,17324,1117,18441,245
2021-08-06,Marin,041,260295,15405,15051,317,15368,239
2021-08-06,Mariposa,043,17540,554,511,12,523,5
2021-08-06,Mendocino,045,87422,4851,4649,116,4765,49
2021-08-06,Merced,047,269075,32834,32456,1102,33558,477
2021-08-06,Modoc,049,8938,430,419,147,566,5
2021-08-06,Mono,051,14174,1326,1328,13,1341,3
2021-08-06,Monterey,053,433212,44292,44058,2175,46233,527
2021-08-06,Napa,055,140530,10835,10620,61,10681,83
2021-08-06,Nevada,057,99092,6243,5874,221,6095,73
2021-08-06,Orange,059,3164182,272941,269077,12913,281990,5151
2021-08-06,Placer,061,380077,27096,26086,2162,28248,305
2021-08-06,Plumas,063,18699,813,795,16,811,5
2021-08-06,Riverside,065,2383286,310227,306304,15567,321871,4562
2021-08-06,Sacramento,067,1510023,122560,119169,2435,121604,1740
2021-08-06,San Benito,069,59416,6391,6315,122,6437,63
2021-08-06,San Bernardino,071,2135413,309736,305806,9995,315801,5286
2021-08-06,San Diego,073,3302833,308831,303691,17682,321373,3810
2021-08-06,San Francisco,075,870044,43897,42659,1854,44513,565
2021-08-06,San Joaquin,077,732212,79896,78405,4259,82664,1469
2021-08-06,San Luis Obispo,079,281455,22881,22472,884,23356,263
2021-08-06,San Mateo,081,765935,46617,45665,739,46404,548
2021-08-06,Santa Barbara,083,443738,36833,36208,1370,37578,470
2021-08-06,Santa Clara,085,1922200,126866,124767,933,125700,2185
2021-08-06,Santa Cruz,087,273765,17247,16924,925,17849,207
2021-08-06,Shasta,089,179085,13614,13284,1896,15180,210
2021-08-06,Sierra,091,2930,81,73,14,87,0
2021-08-06,Siskiyou,093,43540,2149,2030,507,2537,32
2021-08-06,Solano,095,438530,37485,36351,817,37168,262
2021-08-06,Sonoma,097,501317,34660,33594,419,34013,333
2021-08-06,Stanislaus,099,539301,61097,59854,6762,66616,1037
2021-08-06,Sutter,101,95872,10604,10391,117,10508,128
2021-08-06,Tehama,103,63373,5420,5325,670,5995,66
2021-08-06,Trinity,105,12862,440,371,100,471,3
2021-08-06,Tulare,107,460477,51617,51018,10591,61609,854
2021-08-06,Tuolumne,109,53932,4832,4674,41,4715,64
2021-08-06,Ventura,111,848112,86075,85046,3755,88801,1047
2021-08-06,Yolo,113,214977,15760,15299,612,15911,218
2021-08-06,Yuba,115,75493,7056,6904,165,7069,50
2021-08-05,Alameda,001,1643700,100618,98052,2378,100430,1275
2021-08-05,Alpine,003,1148,91,91,0,91,0
2021-08-05,Amador,005,37829,4135,3992,37,4029,48
2021-08-05,Butte,007,227075,13896,13564,2224,15788,206
2021-08-05,Calaveras,009,45235,2462,2397,17,2414,57
2021-08-05,Colusa,011,21464,2098,2036,384,2420,16
2021-08-05,Contra Costa,013,1133247,80726,78514,1648,80162,840
2021-08-05,Del Norte,015,27424,1841,1731,11,1742,8
2021-08-05,El Dorado,017,186661,11808,11408,977,12385,117
2021-08-05,Fresno,019,978130,107936,106219,9689,115908,1747
2021-08-05,Glenn,021,27897,2536,2494,621,3115,20
2021-08-05,Humboldt,023,135768,5702,5328,96,5424,52
2021-08-05,Imperial,025,180216,29500,29383,2952,32335,745
2021-08-05,Inyo,027,18085,1478,1468,6,1474,38
2021-08-05,Kern,029,883053,101429,100091,12976,113067,1358
2021-08-05,Kings,031,150075,24280,23906,1332,25238,249
2021-08-05,Lake,033,64148,4699,4490,28,4518,66
2021-08-05,Lassen,035,31185,5418,5344,130,5474,21
2021-08-05,Los Angeles,037,10098052,1284596,1269445,49341,1318786,24756
2021-08-05,Madera,039,155013,17607,17301,1109,18410,245
2021-08-05,Marin,041,260295,15361,15005,313,15318,239
2021-08-05,Mariposa,043,17540,543,504,11,515,5
2021-08-05,Mendocino,045,87422,4808,4597,107,4704,49
2021-08-05,Merced,047,269075,32767,32381,1091,33472,477
2021-08-05,Modoc,049,8938,429,418,147,565,5
2021-08-05,Mono,051,14174,1316,1309,13,1322,3
2021-08-05,Monterey,053,433212,44240,43992,2154,46146,527
2021-08-05,Napa,055,140530,10799,10591,59,10650,83
2021-08-05,Nevada,057,99092,6162,5778,218,5996,73
2021-08-05,Orange,059,3164182,272165,268329,12888,281217,5149
2021-08-05,Placer,061,380077,26899,25965,2133,28098,305
2021-08-05,Plumas,063,18699,807,787,15,802,5
2021-08-05,Riverside,065,2383286,309312,305415,15538,320953,4562
2021-08-05,Sacramento,067,1510023,121854,118590,2422,121012,1739
2021-08-05,San Benito,069,59416,6373,6305,122,6427,63
2021-08-05,San Bernardino,071,2135413,308903,304956,9974,314930,5284
2021-08-05,San Diego,073,3302833,307555,302220,17605,319825,3806
2021-08-05,San Francisco,075,870044,43691,42301,1841,44142,564
2021-08-05,San Joaquin,077,732212,79536,78151,4243,82394,1468
2021-08-05,San Luis Obispo,079,281455,22768,22362,879,23241,263
2021-08-05,San Mateo,081,765935,46456,45554,726,46280,548
2021-08-05,Santa Barbara,083,443738,36728,36112,1367,37479,470
2021-08-05,Santa Clara,085,1922200,126532,124490,932,125422,2185
2021-08-05,Santa Cruz,087,273765,17204,16867,922,17789,207
2021-08-05,Shasta,089,179085,13557,13217,1887,15104,210
2021-08-05,Sierra,091,2930,76,73,14,87,0
2021-08-05,Siskiyou,093,43540,2128,2024,497,2521,32
2021-08-05,Solano,095,438530,37311,36250,810,37060,262
2021-08-05,Sonoma,097,501317,34524,33455,418,33873,330
2021-08-05,Stanislaus,099,539301,60851,59692,6723,66415,1037
2021-08-05,Sutter,101,95872,10549,10349,117,10466,127
2021-08-05,Tehama,103,63373,5402,5305,666,5971,66
2021-08-05,Trinity,105,12862,434,367,100,467,3
2021-08-05,Tulare,107,460477,51502,50889,10532,61421,854
2021-08-05,Tuolumne,109,53932,4802,4619,41,4660,64
2021-08-05,Ventura,111,848112,85825,84837,3741,88578,1047
2021-08-05,Yolo,113,214977,15695,15250,601,15851,218
2021-08-05,Yuba,115,75493,7013,6872,163,7035,50
2021-08-04,Alameda,001,1643700,100113,97477,2367,99844,1274
2021-08-04,Alpine,003,1148,91,91,0,91,0
2021-08-04,Amador,005,37829,4105,3962,36,3998,48
2021-08-04,Butte,007,227075,13831,13509,2206,15715,205
2021-08-04,Calaveras,009,45235,2439,2374,17,2391,57
2021-08-04,Colusa,011,21464,2086,2025,378,2403,16
2021-08-04,Contra Costa,013,1133247,80211,77966,1642,79608,840
2021-08-04,Del Norte,015,27424,1818,1701,11,1712,8
2021-08-04,El Dorado,017,186661,11729,11319,966,12285,117
2021-08-04,Fresno,019,978130,107572,105899,9652,115551,1747
2021-08-04,Glenn,021,27897,2529,2487,621,3108,20
2021-08-04,Humboldt,023,135768,5626,5271,95,5366,52
2021-08-04,Imperial,025,180216,29452,29375,2950,32325,745
2021-08-04,Inyo,027,18085,1477,1465,6,1471,38
2021-08-04,Kern,029,883053,101179,99868,12891,112759,1358
2021-08-04,Kings,031,150075,24210,23840,1324,25164,250
2021-08-04,Lake,033,64148,4668,4423,22,4445,65
2021-08-04,Lassen,035,31185,5409,5340,130,5470,21
2021-08-04,Los Angeles,037,10098052,1281133,1265788,49177,1314965,24737
2021-08-04,Madera,039,155013,17572,17251,1102,18353,245
2021-08-04,Marin,041,260295,15314,14950,312,15262,239
2021-08-04,Mariposa,043,17540,528,497,11,508,5
2021-08-04,Mendocino,045,87422,4784,4560,103,4663,49
2021-08-04,Merced,047,269075,32629,32274,1088,33362,476
2021-08-04,Modoc,049,8938,429,416,147,563,5
2021-08-04,Mono,051,14174,1313,1307,13,1320,3
2021-08-04,Monterey,053,433212,44181,43926,2137,46063,526
2021-08-04,Napa,055,140530,10761,10544,59,10603,82
2021-08-04,Nevada,057,99092,6097,5702,217,5919,73
2021-08-04,Orange,059,3164182,271301,267199,12847,280046,5146
2021-08-04,Placer,061,380077,26682,25688,2113,27801,305
2021-08-04,Plumas,063,18699,800,784,15,799,5
2021-08-04,Riverside,065,2383286,308387,304272,15512,319784,4562
2021-08-04,Sacramento,067,1510023,121098,117882,2393,120275,1736
2021-08-04,San Benito,069,59416,6358,6300,122,6422,63
2021-08-04,San Bernardino,071,2135413,308050,304164,9956,314120,5285
2021-08-04,San Diego,073,3302833,306037,301100,17544,318644,3805
2021-08-04,San Francisco,075,870044,43441,41913,1824,43737,562
2021-08-04,San Joaquin,077,732212,79182,77846,4231,82077,1466
2021-08-04,San Luis Obispo,079,281455,22661,22245,873,23118,262
2021-08-04,San Mateo,081,765935,46292,45392,718,46110,548
2021-08-04,Santa Barbara,083,443738,36601,36013,1358,37371,470
2021-08-04,Santa Clara,085,1922200,126140,124127,925,125052,2183
2021-08-04,Santa Cruz,087,273765,17142,16820,915,17735,208
2021-08-04,Shasta,089,179085,13505,13134,1876,15010,211
2021-08-04,Sierra,091,2930,76,73,14,87,0
2021-08-04,Siskiyou,093,43540,2108,2010,492,2502,32
2021-08-04,Solano,095,438530,37115,36025,801,36826,262
2021-08-04,Sonoma,097,501317,34353,33311,416,33727,330
2021-08-04,Stanislaus,099,539301,60612,59396,6694,66090,1037
2021-08-04,Sutter,101,95872,10512,10294,117,10411,127
2021-08-04,Tehama,103,63373,5376,5281,662,5943,66
2021-08-04,Trinity,105,12862,432,362,97,459,3
2021-08-04,Tulare,107,460477,51394,50797,10486,61283,855
2021-08-04,Tuolumne,109,53932,4777,4584,41,4625,64
2021-08-04,Ventura,111,848112,85569,84406,3718,88124,1047
2021-08-04,Yolo,113,214977,15617,15189,588,15777,215
2021-08-04,Yuba,115,75493,6973,6827,161,6988,50
2021-08-03,Alameda,001,1643700,99654,97275,2362,99637,1270
2021-08-03,Alpine,003,1148,91,91,0,91,0
2021-08-03,Amador,005,37829,4069,3953,36,3989,48
2021-08-03,Butte,007,227075,13766,13468,2191,15659,205
2021-08-03,Calaveras,009,45235,2416,2356,17,2373,57
2021-08-03,Colusa,011,21464,2073,2023,372,2395,16
2021-08-03,Contra Costa,013,1133247,79728,77739,1636,79375,836
2021-08-03,Del Norte,015,27424,1787,1691,10,1701,8
2021-08-03,El Dorado,017,186661,11639,11255,957,12212,117
2021-08-03,Fresno,019,978130,107213,105732,9620,115352,1746
2021-08-03,Glenn,021,27897,2522,2481,618,3099,20
2021-08-03,Humboldt,023,135768,5561,5199,90,5289,52
2021-08-03,Imperial,025,180216,29430,29333,2943,32276,745
2021-08-03,Inyo,027,18085,1474,1459,6,1465,38
2021-08-03,Kern,029,883053,100918,99708,12812,112520,1358
2021-08-03,Kings,031,150075,24121,23780,1317,25097,249
2021-08-03,Lake,033,64148,4612,4408,18,4426,66
2021-08-03,Lassen,035,31185,5399,5341,130,5471,21
2021-08-03,Los Angeles,037,10098052,1277414,1262678,48998,1311676,24721
2021-08-03,Madera,039,155013,17533,17220,1085,18305,245
2021-08-03,Marin,041,260295,15265,14906,309,15215,243
2021-08-03,Mariposa,043,17540,517,495,11,506,5
2021-08-03,Mendocino,045,87422,4735,4546,101,4647,49
2021-08-03,Merced,047,269075,32546,32197,1086,33283,476
2021-08-03,Modoc,049,8938,429,416,147,563,5
2021-08-03,Mono,051,14174,1307,1303,13,1316,3
2021-08-03,Monterey,053,433212,44121,43872,2121,45993,525
2021-08-03,Napa,055,140530,10718,10527,58,10585,82
2021-08-03,Nevada,057,99092,6016,5685,216,5901,73
2021-08-03,Orange,059,3164182,270563,266649,12816,279465,5146
2021-08-03,Placer,061,380077,26480,25624,2088,27712,305
2021-08-03,Plumas,063,18699,794,779,15,794,5
2021-08-03,Riverside,065,2383286,307465,303499,15485,318984,4562
2021-08-03,Sacramento,067,1510023,120362,117591,2371,119962,1732
2021-08-03,San Benito,069,59416,6342,6284,121,6405,63
2021-08-03,San Bernardino,071,2135413,307133,303386,9935,313321,5265
2021-08-03,San Diego,073,3302833,304588,300189,17444,317633,3803
2021-08-03,San Francisco,075,870044,43162,41758,1799,43557,562
2021-08-03,San Joaquin,077,732212,78834,77615,4212,81827,1461
2021-08-03,San Luis Obispo,079,281455,22526,22166,867,23033,264
2021-08-03,San Mateo,081,765935,46112,45255,698,45953,548
2021-08-03,Santa Barbara,083,443738,36482,35912,1352,37264,469
2021-08-03,Santa Clara,085,1922200,125719,123914,919,124833,2183
2021-08-03,Santa Cruz,087,273765,17075,16778,912,17690,207
2021-08-03,Shasta,089,179085,13431,13091,1865,14956,211
2021-08-03,Sierra,091,2930,76,72,14,86,0
2021-08-03,Siskiyou,093,43540,2097,1998,487,2485,32
2021-08-03,Solano,095,438530,36905,35953,789,36742,261
2021-08-03,Sonoma,097,501317,34170,33243,415,33658,330
2021-08-03,Stanislaus,099,539301,60380,59282,6675,65957,1037
2021-08-03,Sutter,101,95872,10472,10263,116,10379,127
2021-08-03,Tehama,103,63373,5351,5269,657,5926,66
2021-08-03,Trinity,105,12862,428,361,94,455,3
2021-08-03,Tulare,107,460477,51299,50729,10439,61168,854
2021-08-03,Tuolumne,109,53932,4742,4563,41,4604,64
2021-08-03,Ventura,111,848112,85329,84270,3695,87965,1046
2021-08-03,Yolo,113,214977,15526,15149,574,15723,215
2021-08-03,Yuba,115,75493,6937,6781,159,6940,50
2021-08-02,Alameda,001,1643700,99095,96954,2357,99311,1270
2021-08-02,Alpine,003,1148,91,91,0,91,0
2021-08-02,Amador,005,37829,4049,3927,36,3963,48
2021-08-02,Butte,007,227075,13690,13442,2172,15614,205
2021-08-02,Calaveras,009,45235,2387,2347,17,2364,57
2021-08-02,Colusa,011,21464,2061,2019,369,2388,16
2021-08-02,Contra Costa,013,1133247,79221,77516,1621,79137,836
2021-08-02,Del Norte,015,27424,1759,1653,10,1663,8
2021-08-02,El Dorado,017,186661,11535,11226,943,12169,116
2021-08-02,Fresno,019,978130,106871,105471,9583,115054,1744
2021-08-02,Glenn,021,27897,2514,2477,616,3093,20
2021-08-02,Humboldt,023,135768,5476,5161,88,5249,52
2021-08-02,Imperial,025,180216,29397,29302,2940,32242,743
2021-08-02,Inyo,027,18085,1468,1455,6,1461,38
2021-08-02,Kern,029,883053,100663,99556,12717,112273,1357
2021-08-02,Kings,031,150075,24052,23722,1310,25032,249
2021-08-02,Lake,033,64148,4570,4375,18,4393,66
2021-08-02,Lassen,035,31185,5376,5338,128,5466,21
2021-08-02,Los Angeles,037,10098052,1273708,1260807,48784,1309591,24705
2021-08-02,Madera,039,155013,17491,17158,1071,18229,245
2021-08-02,Marin,041,260295,15222,14859,307,15166,239
2021-08-02,Mariposa,043,17540,508,490,11,501,5
2021-08-02,Mendocino,045,87422,4695,4512,98,4610,49
2021-08-02,Merced,047,269075,32448,32163,1080,33243,474
2021-08-02,Modoc,049,8938,429,415,147,562,5
2021-08-02,Mono,051,14174,1303,1296,13,1309,3
2021-08-02,Monterey,053,433212,44063,43842,2111,45953,525
2021-08-02,Napa,055,140530,10675,10490,55,10545,82
2021-08-02,Nevada,057,99092,5945,5611,215,5826,73
2021-08-02,Orange,059,3164182,269654,266050,12770,278820,5146
2021-08-02,Placer,061,380077,26332,25516,2052,27568,306
2021-08-02,Plumas,063,18699,787,762,15,777,5
2021-08-02,Riverside,065,2383286,306530,302756,15469,318225,4562
2021-08-02,Sacramento,067,1510023,119664,117183,2350,119533,1728
2021-08-02,San Benito,069,59416,6323,6276,120,6396,63
2021-08-02,San Bernardino,071,2135413,306259,303000,9900,312900,5253
2021-08-02,San Diego,073,3302833,303096,299021,17375,316396,3798
2021-08-02,San Francisco,075,870044,42871,41553,1771,43324,562
2021-08-02,San Joaquin,077,732212,78495,77447,4185,81632,1461
2021-08-02,San Luis Obispo,079,281455,22433,22093,862,22955,261
2021-08-02,San Mateo,081,765935,45946,45154,675,45829,548
2021-08-02,Santa Barbara,083,443738,36344,35851,1346,37197,469
2021-08-02,Santa Clara,085,1922200,125249,123655,911,124566,2183
2021-08-02,Santa Cruz,087,273765,17018,16746,908,17654,207
2021-08-02,Shasta,089,179085,13368,13049,1851,14900,212
2021-08-02,Sierra,091,2930,76,71,14,85,0
2021-08-02,Siskiyou,093,43540,2086,1992,473,2465,31
2021-08-02,Solano,095,438530,36662,35852,780,36632,260
2021-08-02,Sonoma,097,501317,33943,33132,410,33542,330
2021-08-02,Stanislaus,099,539301,60147,59160,6648,65808,1037
2021-08-02,Sutter,101,95872,10426,10220,116,10336,127
2021-08-02,Tehama,103,63373,5327,5260,653,5913,66
2021-08-02,Trinity,105,12862,423,359,93,452,3
2021-08-02,Tulare,107,460477,51198,50640,10365,61005,854
2021-08-02,Tuolumne,109,53932,4676,4524,41,4565,64
2021-08-02,Ventura,111,848112,85145,84143,3672,87815,1044
2021-08-02,Yolo,113,214977,15427,15072,555,15627,215
2021-08-02,Yuba,115,75493,6895,6743,156,6899,50
2021-08-01,Alameda,001,1643700,98558,96775,2352,99127,1270
2021-08-01,Alpine,003,1148,91,91,0,91,0
2021-08-01,Amador,005,37829,4012,3923,35,3958,48
2021-08-01,Butte,007,227075,13609,13406,2155,15561,205
2021-08-01,Calaveras,009,45235,2362,2341,17,2358,57
2021-08-01,Colusa,011,21464,2050,2014,367,2381,16
2021-08-01,Contra Costa,013,1133247,78785,77360,1613,78973,836
2021-08-01,Del Norte,015,27424,1729,1642,10,1652,8
2021-08-01,El Dorado,017,186661,11434,11189,933,12122,116
2021-08-01,Fresno,019,978130,106545,105339,9537,114876,1744
2021-08-01,Glenn,021,27897,2508,2476,614,3090,20
2021-08-01,Humboldt,023,135768,5400,5118,84,5202,52
2021-08-01,Imperial,025,180216,29362,29297,2936,32233,743
2021-08-01,Inyo,027,18085,1466,1454,6,1460,38
2021-08-01,Kern,029,883053,100388,99396,12640,112036,1357
2021-08-01,Kings,031,150075,23964,23700,1304,25004,249
2021-08-01,Lake,033,64148,4491,4356,18,4374,66
2021-08-01,Lassen,035,31185,5363,5336,126,5462,21
2021-08-01,Los Angeles,037,10098052,1270038,1258461,48553,1307014,24700
2021-08-01,Madera,039,155013,17434,17146,1066,18212,245
2021-08-01,Marin,041,260295,15145,14844,306,15150,239
2021-08-01,Mariposa,043,17540,501,482,11,493,5
2021-08-01,Mendocino,045,87422,4649,4476,94,4570,49
2021-08-01,Merced,047,269075,32359,32144,1073,33217,474
2021-08-01,Modoc,049,8938,428,413,147,560,5
2021-08-01,Mono,051,14174,1300,1294,13,1307,3
2021-08-01,Monterey,053,433212,44017,43808,2096,45904,525
2021-08-01,Napa,055,140530,10629,10473,53,10526,82
2021-08-01,Nevada,057,99092,5861,5561,214,5775,73
2021-08-01,Orange,059,3164182,268856,265467,12726,278193,5146
2021-08-01,Placer,061,380077,26117,25464,2022,27486,306
2021-08-01,Plumas,063,18699,781,761,15,776,5
2021-08-01,Riverside,065,2383286,305602,302256,15450,317706,4562
2021-08-01,Sacramento,067,1510023,118933,116923,2333,119256,1727
2021-08-01,San Benito,069,59416,6306,6271,120,6391,63
2021-08-01,San Bernardino,071,2135413,305325,302542,9889,312431,5248
2021-08-01,San Diego,073,3302833,301901,298002,17317,315319,3798
2021-08-01,San Francisco,075,870044,42535,41432,1757,43189,562
2021-08-01,San Joaquin,077,732212,78129,77338,4158,81496,1461
2021-08-01,San Luis Obispo,079,281455,22330,22083,857,22940,261
2021-08-01,San Mateo,081,765935,45774,45036,659,45695,548
2021-08-01,Santa Barbara,083,443738,36225,35809,1342,37151,469
2021-08-01,Santa Clara,085,1922200,124839,123511,902,124413,2183
2021-08-01,Santa Cruz,087,273765,16942,16709,898,17607,207
2021-08-01,Shasta,089,179085,13297,13036,1842,14878,212
2021-08-01,Sierra,091,2930,74,71,14,85,0
2021-08-01,Siskiyou,093,43540,2080,1989,467,2456,31
2021-08-01,Solano,095,438530,36443,35800,773,36573,260
2021-08-01,Sonoma,097,501317,33751,33076,407,33483,330
2021-08-01,Stanislaus,099,539301,59906,59078,6615,65693,1037
2021-08-01,Sutter,101,95872,10371,10198,113,10311,127
2021-08-01,Tehama,103,63373,5311,5252,648,5900,66
2021-08-01,Trinity,105,12862,420,359,92,451,3
2021-08-01,Tulare,107,460477,51042,50600,10301,60901,854
2021-08-01,Tuolumne,109,53932,4638,4489,41,4530,64
2021-08-01,Ventura,111,848112,84916,84040,3657,87697,1044
2021-08-01,Yolo,113,214977,15356,15042,545,15587,215
2021-08-01,Yuba,115,75493,6857,6721,155,6876,50
2021-07-31,Alameda,001,1643700,98238,95279,2346,97625,1265
2021-07-31,Alpine,003,1148,91,89,0,89,0
2021-07-31,Amador,005,37829,3992,3877,35,3912,48
2021-07-31,Butte,007,227075,13577,13235,2134,15369,205
2021-07-31,Calaveras,009,45235,2355,2294,17,2311,57
2021-07-31,Colusa,011,21464,2044,2006,365,2371,16
2021-07-31,Contra Costa,013,1133247,78506,75866,1611,77477,832
2021-07-31,Del Norte,015,27424,1706,1576,10,1586,8
2021-07-31,El Dorado,017,186661,11381,11017,927,11944,116
2021-07-31,Fresno,019,978130,106387,104639,9522,114161,1744
2021-07-31,Glenn,021,27897,2503,2465,610,3075,20
2021-07-31,Humboldt,023,135768,5345,4978,83,5061,52
2021-07-31,Imperial,025,180216,29345,29164,2933,32097,743
2021-07-31,Inyo,027,18085,1463,1442,6,1448,38
2021-07-31,Kern,029,883053,100225,98903,12579,111482,1357
2021-07-31,Kings,031,150075,23912,23548,1299,24847,248
2021-07-31,Lake,033,64148,4467,4238,17,4255,66
2021-07-31,Lassen,035,31185,5357,5320,126,5446,21
2021-07-31,Los Angeles,037,10098052,1267857,1248545,48400,1296945,24691
2021-07-31,Madera,039,155013,17401,17058,1060,18118,245
2021-07-31,Marin,041,260295,15101,14701,305,15006,239
2021-07-31,Mariposa,043,17540,492,470,11,481,5
2021-07-31,Mendocino,045,87422,4624,4400,91,4491,49
2021-07-31,Merced,047,269075,32312,31959,1067,33026,474
2021-07-31,Modoc,049,8938,428,413,147,560,5
2021-07-31,Mono,051,14174,1299,1287,13,1300,3
2021-07-31,Monterey,053,433212,43980,43720,2087,45807,525
2021-07-31,Napa,055,140530,10609,10401,52,10453,82
2021-07-31,Nevada,057,99092,5822,5373,213,5586,72
2021-07-31,Orange,059,3164182,268286,263446,12705,276151,5144
2021-07-31,Placer,061,380077,25984,25104,2015,27119,306
2021-07-31,Plumas,063,18699,778,743,15,758,5
2021-07-31,Riverside,065,2383286,304986,300315,15441,315756,4554
2021-07-31,Sacramento,067,1510023,118523,115259,2327,117586,1720
2021-07-31,San Benito,069,59416,6295,6251,120,6371,63
2021-07-31,San Bernardino,071,2135413,304756,300726,9886,310612,5240
2021-07-31,San Diego,073,3302833,301224,295054,17280,312334,3798
2021-07-31,San Francisco,075,870044,42316,40412,1731,42143,562
2021-07-31,San Joaquin,077,732212,77964,76575,4146,80721,1443
2021-07-31,San Luis Obispo,079,281455,22275,21922,855,22777,260
2021-07-31,San Mateo,081,765935,45625,44622,647,45269,548
2021-07-31,Santa Barbara,083,443738,36145,35531,1340,36871,467
2021-07-31,Santa Clara,085,1922200,124583,122614,900,123514,2099
2021-07-31,Santa Cruz,087,273765,16903,16576,897,17473,207
2021-07-31,Shasta,089,179085,13261,12918,1834,14752,212
2021-07-31,Sierra,091,2930,74,68,14,82,0
2021-07-31,Siskiyou,093,43540,2071,1976,461,2437,31
2021-07-31,Solano,095,438530,36344,35340,767,36107,263
2021-07-31,Sonoma,097,501317,33626,32601,407,33008,329
2021-07-31,Stanislaus,099,539301,59747,58586,6591,65177,1035
2021-07-31,Sutter,101,95872,10336,10068,112,10180,127
2021-07-31,Tehama,103,63373,5296,5216,645,5861,66
2021-07-31,Trinity,105,12862,419,354,91,445,3
2021-07-31,Tulare,107,460477,50959,50409,10243,60652,854
2021-07-31,Tuolumne,109,53932,4599,4362,41,4403,64
2021-07-31,Ventura,111,848112,84756,83509,3640,87149,1044
2021-07-31,Yolo,113,214977,15308,14863,533,15396,215
2021-07-31,Yuba,115,75493,6834,6615,151,6766,50
2021-07-30,Alameda,001,1643700,97906,95279,2342,97621,1265
2021-07-30,Alpine,003,1148,91,89,0,89,0
2021-07-30,Amador,005,37829,3969,3877,35,3912,48
2021-07-30,Butte,007,227075,13522,13235,2121,15356,205
2021-07-30,Calaveras,009,45235,2350,2294,17,2311,57
2021-07-30,Colusa,011,21464,2040,2006,363,2369,16
2021-07-30,Contra Costa,013,1133247,78264,75866,1607,77473,832
2021-07-30,Del Norte,015,27424,1688,1576,10,1586,8
2021-07-30,El Dorado,017,186661,11349,11017,920,11937,116
2021-07-30,Fresno,019,978130,106192,104639,9510,114149,1744
2021-07-30,Glenn,021,27897,2498,2465,609,3074,20
2021-07-30,Humboldt,023,135768,5281,4978,80,5058,52
2021-07-30,Imperial,025,180216,29331,29164,2930,32094,743
2021-07-30,Inyo,027,18085,1462,1442,6,1448,38
2021-07-30,Kern,029,883053,100101,98903,12530,111433,1357
2021-07-30,Kings,031,150075,23871,23548,1295,24843,248
2021-07-30,Lake,033,64148,4439,4238,17,4255,66
2021-07-30,Lassen,035,31185,5353,5320,126,5446,21
2021-07-30,Los Angeles,037,10098052,1265547,1248545,48244,1296789,24691
2021-07-30,Madera,039,155013,17359,17058,1057,18115,245
2021-07-30,Marin,041,260295,15067,14701,305,15006,239
2021-07-30,Mariposa,043,17540,489,470,11,481,5
2021-07-30,Mendocino,045,87422,4594,4400,90,4490,49
2021-07-30,Merced,047,269075,32272,31959,1062,33021,474
2021-07-30,Modoc,049,8938,426,413,147,560,5
2021-07-30,Mono,051,14174,1293,1287,13,1300,3
2021-07-30,Monterey,053,433212,43948,43720,2077,45797,525
2021-07-30,Napa,055,140530,10587,10401,51,10452,82
2021-07-30,Nevada,057,99092,5765,5373,213,5586,72
2021-07-30,Orange,059,3164182,267660,263446,12676,276122,5144
2021-07-30,Placer,061,380077,25895,25104,1997,27101,306
2021-07-30,Plumas,063,18699,773,743,15,758,5
2021-07-30,Riverside,065,2383286,304349,300315,15430,315745,4554
2021-07-30,Sacramento,067,1510023,118072,115259,2323,117582,1720
2021-07-30,San Benito,069,59416,6288,6251,120,6371,63
2021-07-30,San Bernardino,071,2135413,304244,300726,9880,310606,5240
2021-07-30,San Diego,073,3302833,300452,295054,17222,312276,3798
2021-07-30,San Francisco,075,870044,42103,40412,1715,42127,562
2021-07-30,San Joaquin,077,732212,77811,76575,4140,80715,1443
2021-07-30,San Luis Obispo,079,281455,22239,21922,851,22773,260
2021-07-30,San Mateo,081,765935,45504,44622,631,45253,548
2021-07-30,Santa Barbara,083,443738,36077,35531,1334,36865,467
2021-07-30,Santa Clara,085,1922200,124358,122614,898,123512,2099
2021-07-30,Santa Cruz,087,273765,16877,16576,895,17471,207
2021-07-30,Shasta,089,179085,13214,12918,1834,14752,212
2021-07-30,Sierra,091,2930,73,68,14,82,0
2021-07-30,Siskiyou,093,43540,2062,1976,460,2436,31
2021-07-30,Solano,095,438530,36254,35340,751,36091,263
2021-07-30,Sonoma,097,501317,33532,32601,407,33008,329
2021-07-30,Stanislaus,099,539301,59602,58586,6571,65157,1035
2021-07-30,Sutter,101,95872,10300,10068,112,10180,127
2021-07-30,Tehama,103,63373,5285,5216,645,5861,66
2021-07-30,Trinity,105,12862,419,354,91,445,3
2021-07-30,Tulare,107,460477,50916,50409,10206,60615,854
2021-07-30,Tuolumne,109,53932,4581,4362,41,4403,64
2021-07-30,Ventura,111,848112,84594,83509,3623,87132,1044
2021-07-30,Yolo,113,214977,15247,14863,529,15392,215
2021-07-30,Yuba,115,75493,6798,6615,150,6765,50
2021-07-29,Alameda,001,1643700,97480,95279,2337,97616,1265
2021-07-29,Alpine,003,1148,91,89,0,89,0
2021-07-29,Amador,005,37829,3950,3877,35,3912,48
2021-07-29,Butte,007,227075,13474,13235,2113,15348,205
2021-07-29,Calaveras,009,45235,2330,2294,17,2311,57
2021-07-29,Colusa,011,21464,2033,2006,363,2369,16
2021-07-29,Contra Costa,013,1133247,77826,75866,1603,77469,832
2021-07-29,Del Norte,015,27424,1664,1576,10,1586,8
2021-07-29,El Dorado,017,186661,11284,11017,908,11925,116
2021-07-29,Fresno,019,978130,105930,104639,9483,114122,1744
2021-07-29,Glenn,021,27897,2488,2465,608,3073,20
2021-07-29,Humboldt,023,135768,5220,4978,78,5056,52
2021-07-29,Imperial,025,180216,29285,29164,2928,32092,743
2021-07-29,Inyo,027,18085,1458,1442,6,1448,38
2021-07-29,Kern,029,883053,99894,98903,12452,111355,1357
2021-07-29,Kings,031,150075,23827,23548,1290,24838,248
2021-07-29,Lake,033,64148,4404,4238,17,4255,66
2021-07-29,Lassen,035,31185,5345,5320,123,5443,21
2021-07-29,Los Angeles,037,10098052,1262473,1248545,48052,1296597,24691
2021-07-29,Madera,039,155013,17314,17058,1052,18110,245
2021-07-29,Marin,041,260295,15024,14701,305,15006,239
2021-07-29,Mariposa,043,17540,485,470,11,481,5
2021-07-29,Mendocino,045,87422,4571,4400,88,4488,49
2021-07-29,Merced,047,269075,32217,31959,1062,33021,474
2021-07-29,Modoc,049,8938,426,413,147,560,5
2021-07-29,Mono,051,14174,1291,1287,13,1300,3
2021-07-29,Monterey,053,433212,43899,43720,2066,45786,525
2021-07-29,Napa,055,140530,10555,10401,49,10450,82
2021-07-29,Nevada,057,99092,5713,5373,212,5585,72
2021-07-29,Orange,059,3164182,266955,263446,12643,276089,5144
2021-07-29,Placer,061,380077,25773,25104,1981,27085,306
2021-07-29,Plumas,063,18699,765,743,15,758,5
2021-07-29,Riverside,065,2383286,303645,300315,15406,315721,4554
2021-07-29,Sacramento,067,1510023,117518,115259,2309,117568,1720
2021-07-29,San Benito,069,59416,6277,6251,120,6371,63
2021-07-29,San Bernardino,071,2135413,303609,300726,9870,310596,5240
2021-07-29,San Diego,073,3302833,299391,295054,17162,312216,3798
2021-07-29,San Francisco,075,870044,41859,40412,1691,42103,562
2021-07-29,San Joaquin,077,732212,77556,76575,4132,80707,1443
2021-07-29,San Luis Obispo,079,281455,22185,21922,849,22771,260
2021-07-29,San Mateo,081,765935,45377,44622,621,45243,548
2021-07-29,Santa Barbara,083,443738,35993,35531,1332,36863,467
2021-07-29,Santa Clara,085,1922200,124061,122614,895,123509,2099
2021-07-29,Santa Cruz,087,273765,16824,16576,893,17469,207
2021-07-29,Shasta,089,179085,13160,12918,1825,14743,212
2021-07-29,Sierra,091,2930,73,68,14,82,0
2021-07-29,Siskiyou,093,43540,2057,1976,458,2434,31
2021-07-29,Solano,095,438530,36099,35340,741,36081,263
2021-07-29,Sonoma,097,501317,33358,32601,405,33006,329
2021-07-29,Stanislaus,099,539301,59429,58586,6553,65139,1035
2021-07-29,Sutter,101,95872,10254,10068,111,10179,127
2021-07-29,Tehama,103,63373,5273,5216,639,5855,66
2021-07-29,Trinity,105,12862,417,354,90,444,3
2021-07-29,Tulare,107,460477,50828,50409,10164,60573,854
2021-07-29,Tuolumne,109,53932,4543,4362,40,4402,64
2021-07-29,Ventura,111,848112,84426,83509,3616,87125,1044
2021-07-29,Yolo,113,214977,15179,14863,516,15379,215
2021-07-29,Yuba,115,75493,6750,6615,147,6762,50
2021-07-28,Alameda,001,1643700,97018,94965,2330,97295,1262
2021-07-28,Alpine,003,1148,91,89,0,89,0
2021-07-28,Amador,005,37829,3936,3870,35,3905,48
2021-07-28,Butte,007,227075,13418,13184,2100,15284,205
2021-07-28,Calaveras,009,45235,2315,2289,17,2306,57
2021-07-28,Colusa,011,21464,2029,2001,362,2363,16
2021-07-28,Contra Costa,013,1133247,77343,75487,1595,77082,832
2021-07-28,Del Norte,015,27424,1633,1545,10,1555,8
2021-07-28,El Dorado,017,186661,11235,10967,898,11865,116
2021-07-28,Fresno,019,978130,105684,104458,9463,113921,1744
2021-07-28,Glenn,021,27897,2484,2464,605,3069,20
2021-07-28,Humboldt,023,135768,5169,4946,77,5023,52
2021-07-28,Imperial,025,180216,29238,29096,2928,32024,743
2021-07-28,Inyo,027,18085,1452,1439,5,1444,38
2021-07-28,Kern,029,883053,99739,98781,12404,111185,1352
2021-07-28,Kings,031,150075,23763,23503,1280,24783,248
2021-07-28,Lake,033,64148,4358,4191,15,4206,65
2021-07-28,Lassen,035,31185,5337,5318,123,5441,21
2021-07-28,Los Angeles,037,10098052,1259321,1245485,47877,1293362,24673
2021-07-28,Madera,039,155013,17273,17024,1046,18070,245
2021-07-28,Marin,041,260295,14969,14652,305,14957,239
2021-07-28,Mariposa,043,17540,478,469,11,480,5
2021-07-28,Mendocino,045,87422,4543,4377,88,4465,49
2021-07-28,Merced,047,269075,32153,31886,1058,32944,474
2021-07-28,Modoc,049,8938,424,413,147,560,5
2021-07-28,Mono,051,14174,1291,1286,13,1299,3
2021-07-28,Monterey,053,433212,43852,43668,2056,45724,524
2021-07-28,Napa,055,140530,10515,10376,47,10423,82
2021-07-28,Nevada,057,99092,5658,5320,212,5532,72
2021-07-28,Orange,059,3164182,266166,262735,12611,275346,5143
2021-07-28,Placer,061,380077,25626,24978,1965,26943,306
2021-07-28,Plumas,063,18699,760,754,15,769,5
2021-07-28,Riverside,065,2383286,302877,299611,15386,314997,4554
2021-07-28,Sacramento,067,1510023,116865,114665,2287,116952,1714
2021-07-28,San Benito,069,59416,6266,6236,120,6356,63
2021-07-28,San Bernardino,071,2135413,302982,300121,9857,309978,5236
2021-07-28,San Diego,073,3302833,298107,294176,17097,311273,3798
2021-07-28,San Francisco,075,870044,41525,40144,1664,41808,561
2021-07-28,San Joaquin,077,732212,77308,76312,4101,80413,1443
2021-07-28,San Luis Obispo,079,281455,22125,21865,848,22713,260
2021-07-28,San Mateo,081,765935,45228,44477,611,45088,547
2021-07-28,Santa Barbara,083,443738,35917,35431,1327,36758,467
2021-07-28,Santa Clara,085,1922200,123800,122345,893,123238,2099
2021-07-28,Santa Cruz,087,273765,16786,16551,892,17443,207
2021-07-28,Shasta,089,179085,13115,12882,1814,14696,212
2021-07-28,Sierra,091,2930,69,67,14,81,0
2021-07-28,Siskiyou,093,43540,2048,1971,455,2426,31
2021-07-28,Solano,095,438530,35930,35204,733,35937,262
2021-07-28,Sonoma,097,501317,33215,32434,402,32836,328
2021-07-28,Stanislaus,099,539301,59231,58427,6540,64967,1035
2021-07-28,Sutter,101,95872,10222,10033,110,10143,126
2021-07-28,Tehama,103,63373,5261,5209,636,5845,66
2021-07-28,Trinity,105,12862,416,352,90,442,3
2021-07-28,Tulare,107,460477,50740,50363,10115,60478,854
2021-07-28,Tuolumne,109,53932,4504,4313,40,4353,64
2021-07-28,Ventura,111,848112,84231,83360,3600,86960,1043
2021-07-28,Yolo,113,214977,15108,14801,509,15310,215
2021-07-28,Yuba,115,75493,6717,6591,146,6737,51
2021-07-27,Alameda,001,1643700,96613,94682,2321,97003,1256
2021-07-27,Alpine,003,1148,91,89,0,89,0
2021-07-27,Amador,005,37829,3920,3861,35,3896,48
2021-07-27,Butte,007,227075,13369,13127,2089,15216,205
2021-07-27,Calaveras,009,45235,2304,2280,17,2297,57
2021-07-27,Colusa,011,21464,2021,1999,361,2360,16
2021-07-27,Contra Costa,013,1133247,76854,75227,1591,76818,830
2021-07-27,Del Norte,015,27424,1613,1538,10,1548,8
2021-07-27,El Dorado,017,186661,11175,10941,888,11829,116
2021-07-27,Fresno,019,978130,105393,104288,9438,113726,1746
2021-07-27,Glenn,021,27897,2476,2460,603,3063,20
2021-07-27,Humboldt,023,135768,5115,4925,76,5001,52
2021-07-27,Imperial,025,180216,29193,29048,2927,31975,743
2021-07-27,Inyo,027,18085,1450,1430,5,1435,38
2021-07-27,Kern,029,883053,99570,98724,12347,111071,1352
2021-07-27,Kings,031,150075,23707,23463,1269,24732,248
2021-07-27,Lake,033,64148,4319,4157,15,4172,65
2021-07-27,Lassen,035,31185,5331,5315,123,5438,21
2021-07-27,Los Angeles,037,10098052,1255895,1243336,47700,1291036,24658
2021-07-27,Madera,039,155013,17221,16998,1040,18038,245
2021-07-27,Marin,041,260295,14921,14631,302,14933,239
2021-07-27,Mariposa,043,17540,475,468,11,479,5
2021-07-27,Mendocino,045,87422,4519,4371,88,4459,49
2021-07-27,Merced,047,269075,32087,31825,1054,32879,473
2021-07-27,Modoc,049,8938,423,413,147,560,5
2021-07-27,Mono,051,14174,1287,1288,13,1301,3
2021-07-27,Monterey,053,433212,43812,43646,2045,45691,523
2021-07-27,Napa,055,140530,10485,10354,47,10401,82
2021-07-27,Nevada,057,99092,5580,5305,210,5515,72
2021-07-27,Orange,059,3164182,265427,262193,12586,274779,5143
2021-07-27,Placer,061,380077,25467,24916,1939,26855,306
2021-07-27,Plumas,063,18699,757,752,15,767,5
2021-07-27,Riverside,065,2383286,302146,299160,15367,314527,4554
2021-07-27,Sacramento,067,1510023,116262,114413,2277,116690,1710
2021-07-27,San Benito,069,59416,6257,6229,120,6349,63
2021-07-27,San Bernardino,071,2135413,302275,299593,9835,309428,5236
2021-07-27,San Diego,073,3302833,297014,293408,17024,310432,3798
2021-07-27,San Francisco,075,870044,41167,39939,1644,41583,561
2021-07-27,San Joaquin,077,732212,77047,76166,4080,80246,1442
2021-07-27,San Luis Obispo,079,281455,22070,21803,839,22642,260
2021-07-27,San Mateo,081,765935,45076,44378,606,44984,547
2021-07-27,Santa Barbara,083,443738,35818,35355,1325,36680,467
2021-07-27,Santa Clara,085,1922200,123507,122154,891,123045,2099
2021-07-27,Santa Cruz,087,273765,16740,16523,891,17414,207
2021-07-27,Shasta,089,179085,13065,12846,1801,14647,212
2021-07-27,Sierra,091,2930,69,65,14,79,0
2021-07-27,Siskiyou,093,43540,2043,1964,452,2416,31
2021-07-27,Solano,095,438530,35804,35093,723,35816,261
2021-07-27,Sonoma,097,501317,33069,32367,400,32767,328
2021-07-27,Stanislaus,099,539301,59060,58333,6525,64858,1033
2021-07-27,Sutter,101,95872,10181,9998,110,10108,115
2021-07-27,Tehama,103,63373,5240,5192,634,5826,66
2021-07-27,Trinity,105,12862,415,351,90,441,3
2021-07-27,Tulare,107,460477,50674,50324,10083,60407,854
2021-07-27,Tuolumne,109,53932,4452,4282,40,4322,64
2021-07-27,Ventura,111,848112,84025,83189,3587,86776,1043
2021-07-27,Yolo,113,214977,15034,14759,503,15262,215
2021-07-27,Yuba,115,75493,6695,6564,144,6708,51
2021-07-26,Alameda,001,1643700,96161,94436,2313,96749,1259
2021-07-26,Alpine,003,1148,91,89,0,89,0
2021-07-26,Amador,005,37829,3910,3854,35,3889,48
2021-07-26,Butte,007,227075,13316,13082,2076,15158,203
2021-07-26,Calaveras,009,45235,2299,2276,17,2293,57
2021-07-26,Colusa,011,21464,2014,1996,359,2355,16
2021-07-26,Contra Costa,013,1133247,76354,74854,1584,76438,830
2021-07-26,Del Norte,015,27424,1593,1530,10,1540,8
2021-07-26,El Dorado,017,186661,11111,10899,885,11784,116
2021-07-26,Fresno,019,978130,105191,104143,9415,113558,1742
2021-07-26,Glenn,021,27897,2474,2461,602,3063,20
2021-07-26,Humboldt,023,135768,5076,4906,74,4980,52
2021-07-26,Imperial,025,180216,29153,29034,2927,31961,743
2021-07-26,Inyo,027,18085,1445,1429,5,1434,38
2021-07-26,Kern,029,883053,99404,98633,12282,110915,1351
2021-07-26,Kings,031,150075,23658,23426,1265,24691,247
2021-07-26,Lake,033,64148,4298,4133,15,4148,65
2021-07-26,Lassen,035,31185,5326,5314,123,5437,21
2021-07-26,Los Angeles,037,10098052,1252585,1241527,47527,1289054,24647
2021-07-26,Madera,039,155013,17194,16971,1031,18002,245
2021-07-26,Marin,041,260295,14864,14579,301,14880,239
2021-07-26,Mariposa,043,17540,474,467,11,478,5
2021-07-26,Mendocino,045,87422,4499,4354,88,4442,49
2021-07-26,Merced,047,269075,32003,31774,1052,32826,473
2021-07-26,Modoc,049,8938,423,413,147,560,5
2021-07-26,Mono,051,14174,1285,1286,13,1299,3
2021-07-26,Monterey,053,433212,43769,43595,2031,45626,521
2021-07-26,Napa,055,140530,10462,10332,47,10379,82
2021-07-26,Nevada,057,99092,5493,5280,210,5490,72
2021-07-26,Orange,059,3164182,264793,261803,12565,274368,5142
2021-07-26,Placer,061,380077,25333,24842,1918,26760,304
2021-07-26,Plumas,063,18699,753,750,15,765,5
2021-07-26,Riverside,065,2383286,301454,298626,15351,313977,4553
2021-07-26,Sacramento,067,1510023,115666,113986,2259,116245,1705
2021-07-26,San Benito,069,59416,6251,6222,120,6342,63
2021-07-26,San Bernardino,071,2135413,301658,299238,9821,309059,5237
2021-07-26,San Diego,073,3302833,295901,292688,16950,309638,3793
2021-07-26,San Francisco,075,870044,40815,39800,1614,41414,561
2021-07-26,San Joaquin,077,732212,76812,76033,4076,80109,1440
2021-07-26,San Luis Obispo,079,281455,22021,21752,836,22588,260
2021-07-26,San Mateo,081,765935,44930,44297,595,44892,547
2021-07-26,Santa Barbara,083,443738,35746,35311,1313,36624,467
2021-07-26,Santa Clara,085,1922200,123195,121978,882,122860,2099
2021-07-26,Santa Cruz,087,273765,16701,16493,888,17381,207
2021-07-26,Shasta,089,179085,13016,12819,1788,14607,211
2021-07-26,Sierra,091,2930,68,65,14,79,0
2021-07-26,Siskiyou,093,43540,2040,1962,450,2412,31
2021-07-26,Solano,095,438530,35655,34990,715,35705,259
2021-07-26,Sonoma,097,501317,32933,32283,398,32681,328
2021-07-26,Stanislaus,099,539301,58914,58219,6510,64729,1033
2021-07-26,Sutter,101,95872,10141,9963,107,10070,115
2021-07-26,Tehama,103,63373,5230,5183,630,5813,66
2021-07-26,Trinity,105,12862,415,351,89,440,3
2021-07-26,Tulare,107,460477,50611,50265,10049,60314,854
2021-07-26,Tuolumne,109,53932,4422,4271,40,4311,64
2021-07-26,Ventura,111,848112,83853,83072,3571,86643,1041
2021-07-26,Yolo,113,214977,14974,14727,490,15217,215
2021-07-26,Yuba,115,75493,6661,6538,142,6680,51
2021-07-25,Alameda,001,1643700,95673,94146,2307,96453,1259
2021-07-25,Alpine,003,1148,89,89,0,89,0
2021-07-25,Amador,005,37829,3895,3848,35,3883,48
2021-07-25,Butte,007,227075,13277,13074,2066,15140,203
2021-07-25,Calaveras,009,45235,2288,2275,17,2292,57
2021-07-25,Colusa,011,21464,2005,1996,355,2351,16
2021-07-25,Contra Costa,013,1133247,75869,74634,1570,76204,830
2021-07-25,Del Norte,015,27424,1573,1526,10,1536,8
2021-07-25,El Dorado,017,186661,11053,10878,882,11760,116
2021-07-25,Fresno,019,978130,104950,104019,9399,113418,1742
2021-07-25,Glenn,021,27897,2465,2461,600,3061,20
2021-07-25,Humboldt,023,135768,5017,4892,72,4964,52
2021-07-25,Imperial,025,180216,29117,29037,2927,31964,743
2021-07-25,Inyo,027,18085,1440,1427,5,1432,38
2021-07-25,Kern,029,883053,99232,98503,12210,110713,1351
2021-07-25,Kings,031,150075,23605,23396,1261,24657,247
2021-07-25,Lake,033,64148,4245,4109,14,4123,65
2021-07-25,Lassen,035,31185,5322,5314,123,5437,21
2021-07-25,Los Angeles,037,10098052,1249200,1239596,47348,1286944,24643
2021-07-25,Madera,039,155013,17157,16947,1024,17971,245
2021-07-25,Marin,041,260295,14813,14558,298,14856,239
2021-07-25,Mariposa,043,17540,471,465,11,476,5
2021-07-25,Mendocino,045,87422,4469,4335,86,4421,49
2021-07-25,Merced,047,269075,31931,31760,1051,32811,473
2021-07-25,Modoc,049,8938,423,413,147,560,5
2021-07-25,Mono,051,14174,1283,1286,13,1299,3
2021-07-25,Monterey,053,433212,43730,43590,2023,45613,521
2021-07-25,Napa,055,140530,10425,10316,46,10362,82
2021-07-25,Nevada,057,99092,5428,5256,207,5463,72
2021-07-25,Orange,059,3164182,264090,261351,12540,273891,5142
2021-07-25,Placer,061,380077,25212,24755,1897,26652,304
2021-07-25,Plumas,063,18699,751,750,15,765,5
2021-07-25,Riverside,065,2383286,300688,298181,15335,313516,4553
2021-07-25,Sacramento,067,1510023,115120,113611,2242,115853,1704
2021-07-25,San Benito,069,59416,6244,6217,120,6337,63
2021-07-25,San Bernardino,071,2135413,301008,298982,9815,308797,5237
2021-07-25,San Diego,073,3302833,294829,290626,16881,307507,3793
2021-07-25,San Francisco,075,870044,40478,39663,1587,41250,561
2021-07-25,San Joaquin,077,732212,76558,75926,4056,79982,1440
2021-07-25,San Luis Obispo,079,281455,21950,21741,833,22574,260
2021-07-25,San Mateo,081,765935,44767,44189,589,44778,547
2021-07-25,Santa Barbara,083,443738,35669,35261,1310,36571,467
2021-07-25,Santa Clara,085,1922200,122865,121800,876,122676,2099
2021-07-25,Santa Cruz,087,273765,16654,16474,887,17361,207
2021-07-25,Shasta,089,179085,12969,12815,1783,14598,211
2021-07-25,Sierra,091,2930,68,65,14,79,0
2021-07-25,Siskiyou,093,43540,2032,1963,447,2410,31
2021-07-25,Solano,095,438530,35469,34863,712,35575,259
2021-07-25,Sonoma,097,501317,32807,32202,395,32597,328
2021-07-25,Stanislaus,099,539301,58747,58154,6505,64659,1033
2021-07-25,Sutter,101,95872,10087,9937,105,10042,115
2021-07-25,Tehama,103,63373,5214,5181,629,5810,66
2021-07-25,Trinity,105,12862,413,351,87,438,3
2021-07-25,Tulare,107,460477,50535,50221,10010,60231,854
2021-07-25,Tuolumne,109,53932,4370,4267,40,4307,64
2021-07-25,Ventura,111,848112,83639,82986,3549,86535,1041
2021-07-25,Yolo,113,214977,14914,14693,475,15168,215
2021-07-25,Yuba,115,75493,6628,6519,142,6661,51
2021-07-24,Alameda,001,1643700,95395,93170,2301,95471,1259
2021-07-24,Alpine,003,1148,89,89,0,89,0
2021-07-24,Amador,005,37829,3886,3816,35,3851,48
2021-07-24,Butte,007,227075,13248,12982,2064,15046,203
2021-07-24,Calaveras,009,45235,2284,2267,17,2284,57
2021-07-24,Colusa,011,21464,2004,1992,353,2345,16
2021-07-24,Contra Costa,013,1133247,75644,73682,1567,75249,830
2021-07-24,Del Norte,015,27424,1562,1497,10,1507,8
2021-07-24,El Dorado,017,186661,11019,10773,879,11652,116
2021-07-24,Fresno,019,978130,104832,103637,9390,113027,1736
2021-07-24,Glenn,021,27897,2464,2457,600,3057,20
2021-07-24,Humboldt,023,135768,4983,4780,71,4851,52
2021-07-24,Imperial,025,180216,29097,28996,2927,31923,742
2021-07-24,Inyo,027,18085,1437,1424,5,1429,38
2021-07-24,Kern,029,883053,99153,98261,12188,110449,1350
2021-07-24,Kings,031,150075,23574,23304,1258,24562,246
2021-07-24,Lake,033,64148,4222,3963,14,3977,64
2021-07-24,Lassen,035,31185,5321,5311,123,5434,21
2021-07-24,Los Angeles,037,10098052,1247440,1232164,47226,1279390,24623
2021-07-24,Madera,039,155013,17133,16885,1022,17907,245
2021-07-24,Marin,041,260295,14775,14454,298,14752,238
2021-07-24,Mariposa,043,17540,471,453,11,464,5
2021-07-24,Mendocino,045,87422,4444,4293,86,4379,49
2021-07-24,Merced,047,269075,31909,31661,1050,32711,473
2021-07-24,Modoc,049,8938,423,413,147,560,5
2021-07-24,Mono,051,14174,1281,1284,13,1297,3
2021-07-24,Monterey,053,433212,43705,43525,2016,45541,521
2021-07-24,Napa,055,140530,10409,10230,46,10276,81
2021-07-24,Nevada,057,99092,5395,5183,207,5390,72
2021-07-24,Orange,059,3164182,263626,259973,12527,272500,5141
2021-07-24,Placer,061,380077,25129,24530,1892,26422,303
2021-07-24,Plumas,063,18699,750,737,15,752,4
2021-07-24,Riverside,065,2383286,300220,296912,15325,312237,4552
2021-07-24,Sacramento,067,1510023,114804,112438,2237,114675,1698
2021-07-24,San Benito,069,59416,6240,6200,119,6319,63
2021-07-24,San Bernardino,071,2135413,300618,297899,9806,307705,5236
2021-07-24,San Diego,073,3302833,294363,289368,16854,306222,3788
2021-07-24,San Francisco,075,870044,40316,38954,1570,40524,561
2021-07-24,San Joaquin,077,732212,76431,75461,4045,79506,1436
2021-07-24,San Luis Obispo,079,281455,21919,21616,831,22447,260
2021-07-24,San Mateo,081,765935,44649,43880,583,44463,542
2021-07-24,Santa Barbara,083,443738,35611,35071,1305,36376,465
2021-07-24,Santa Clara,085,1922200,122653,121092,875,121967,2099
2021-07-24,Santa Cruz,087,273765,16632,16416,887,17303,207
2021-07-24,Shasta,089,179085,12941,12759,1780,14539,211
2021-07-24,Sierra,091,2930,67,64,14,78,0
2021-07-24,Siskiyou,093,43540,2032,1951,447,2398,31
2021-07-24,Solano,095,438530,35377,34499,703,35202,259
2021-07-24,Sonoma,097,501317,32683,31928,393,32321,327
2021-07-24,Stanislaus,099,539301,58656,57879,6493,64372,1030
2021-07-24,Sutter,101,95872,10060,9890,105,9995,115
2021-07-24,Tehama,103,63373,5207,5166,627,5793,65
2021-07-24,Trinity,105,12862,413,345,87,432,3
2021-07-24,Tulare,107,460477,50492,50104,9992,60096,854
2021-07-24,Tuolumne,109,53932,4344,4216,40,4256,64
2021-07-24,Ventura,111,848112,83512,82687,3532,86219,1041
2021-07-24,Yolo,113,214977,14877,14557,472,15029,214
2021-07-24,Yuba,115,75493,6609,6449,142,6591,51
2021-07-23,Alameda,001,1643700,95140,93170,2295,95465,1259
2021-07-23,Alpine,003,1148,89,89,0,89,0
2021-07-23,Amador,005,37829,3879,3816,35,3851,48
2021-07-23,Butte,007,227075,13219,12982,2056,15038,203
2021-07-23,Calaveras,009,45235,2282,2267,17,2284,57
2021-07-23,Colusa,011,21464,2003,1992,353,2345,16
2021-07-23,Contra Costa,013,1133247,75387,73682,1557,75239,830
2021-07-23,Del Norte,015,27424,1554,1497,10,1507,8
2021-07-23,El Dorado,017,186661,10990,10773,875,11648,116
2021-07-23,Fresno,019,978130,104702,103637,9380,113017,1736
2021-07-23,Glenn,021,27897,2462,2457,597,3054,20
2021-07-23,Humboldt,023,135768,4963,4780,69,4849,52
2021-07-23,Imperial,025,180216,29085,28996,2927,31923,742
2021-07-23,Inyo,027,18085,1434,1424,5,1429,38
2021-07-23,Kern,029,883053,99070,98261,12162,110423,1350
2021-07-23,Kings,031,150075,23543,23304,1255,24559,246
2021-07-23,Lake,033,64148,4192,3963,14,3977,64
2021-07-23,Lassen,035,31185,5319,5311,123,5434,21
2021-07-23,Los Angeles,037,10098052,1245519,1232164,47138,1279302,24623
2021-07-23,Madera,039,155013,17103,16885,1017,17902,245
2021-07-23,Marin,041,260295,14738,14454,296,14750,238
2021-07-23,Mariposa,043,17540,468,453,11,464,5
2021-07-23,Mendocino,045,87422,4431,4293,86,4379,49
2021-07-23,Merced,047,269075,31883,31661,1050,32711,473
2021-07-23,Modoc,049,8938,423,413,147,560,5
2021-07-23,Mono,051,14174,1280,1284,13,1297,3
2021-07-23,Monterey,053,433212,43680,43525,2016,45541,521
2021-07-23,Napa,055,140530,10388,10230,46,10276,81
2021-07-23,Nevada,057,99092,5350,5183,207,5390,72
2021-07-23,Orange,059,3164182,263173,259973,12505,272478,5141
2021-07-23,Placer,061,380077,25049,24530,1875,26405,303
2021-07-23,Plumas,063,18699,748,737,15,752,4
2021-07-23,Riverside,065,2383286,299755,296912,15313,312225,4552
2021-07-23,Sacramento,067,1510023,114447,112438,2235,114673,1698
2021-07-23,San Benito,069,59416,6234,6200,119,6319,63
2021-07-23,San Bernardino,071,2135413,300235,297899,9797,307696,5236
2021-07-23,San Diego,073,3302833,293765,289368,16806,306174,3788
2021-07-23,San Francisco,075,870044,40134,38954,1555,40509,561
2021-07-23,San Joaquin,077,732212,76331,75461,4030,79491,1436
2021-07-23,San Luis Obispo,079,281455,21882,21616,830,22446,260
2021-07-23,San Mateo,081,765935,44543,43880,578,44458,542
2021-07-23,Santa Barbara,083,443738,35547,35071,1304,36375,465
2021-07-23,Santa Clara,085,1922200,122434,121092,872,121964,2099
2021-07-23,Santa Cruz,087,273765,16608,16416,886,17302,207
2021-07-23,Shasta,089,179085,12914,12759,1777,14536,211
2021-07-23,Sierra,091,2930,67,64,14,78,0
2021-07-23,Siskiyou,093,43540,2030,1951,447,2398,31
2021-07-23,Solano,095,438530,35284,34499,699,35198,259
2021-07-23,Sonoma,097,501317,32590,31928,392,32320,327
2021-07-23,Stanislaus,099,539301,58576,57879,6483,64362,1030
2021-07-23,Sutter,101,95872,10031,9890,105,9995,115
2021-07-23,Tehama,103,63373,5198,5166,627,5793,65
2021-07-23,Trinity,105,12862,412,345,86,431,3
2021-07-23,Tulare,107,460477,50447,50104,9966,60070,854
2021-07-23,Tuolumne,109,53932,4322,4216,40,4256,64
2021-07-23,Ventura,111,848112,83350,82687,3514,86201,1041
2021-07-23,Yolo,113,214977,14838,14557,465,15022,214
2021-07-23,Yuba,115,75493,6583,6449,141,6590,51
2021-07-22,Alameda,001,1643700,94777,93170,2289,95459,1259
2021-07-22,Alpine,003,1148,89,89,0,89,0
2021-07-22,Amador,005,37829,3870,3816,35,3851,48
2021-07-22,Butte,007,227075,13185,12982,2047,15029,203
2021-07-22,Calaveras,009,45235,2279,2267,17,2284,57
2021-07-22,Colusa,011,21464,2001,1992,351,2343,16
2021-07-22,Contra Costa,013,1133247,75051,73682,1553,75235,830
2021-07-22,Del Norte,015,27424,1538,1497,10,1507,8
2021-07-22,El Dorado,017,186661,10956,10773,867,11640,116
2021-07-22,Fresno,019,978130,104572,103637,9370,113007,1736
2021-07-22,Glenn,021,27897,2459,2457,596,3053,20
2021-07-22,Humboldt,023,135768,4932,4780,66,4846,52
2021-07-22,Imperial,025,180216,29055,28996,2927,31923,742
2021-07-22,Inyo,027,18085,1432,1424,5,1429,38
2021-07-22,Kern,029,883053,98958,98261,12117,110378,1350
2021-07-22,Kings,031,150075,23504,23304,1253,24557,246
2021-07-22,Lake,033,64148,4141,3963,14,3977,64
2021-07-22,Lassen,035,31185,5316,5311,123,5434,21
2021-07-22,Los Angeles,037,10098052,1243131,1232164,46975,1279139,24623
2021-07-22,Madera,039,155013,17068,16885,1015,17900,245
2021-07-22,Marin,041,260295,14697,14454,295,14749,238
2021-07-22,Mariposa,043,17540,461,453,11,464,5
2021-07-22,Mendocino,045,87422,4418,4293,85,4378,49
2021-07-22,Merced,047,269075,31841,31661,1048,32709,473
2021-07-22,Modoc,049,8938,423,413,147,560,5
2021-07-22,Mono,051,14174,1279,1284,13,1297,3
2021-07-22,Monterey,053,433212,43651,43525,2010,45535,521
2021-07-22,Napa,055,140530,10370,10230,46,10276,81
2021-07-22,Nevada,057,99092,5324,5183,206,5389,72
2021-07-22,Orange,059,3164182,262620,259973,12496,272469,5141
2021-07-22,Placer,061,380077,24955,24530,1863,26393,303
2021-07-22,Plumas,063,18699,747,737,15,752,4
2021-07-22,Riverside,065,2383286,299246,296912,15292,312204,4552
2021-07-22,Sacramento,067,1510023,114014,112438,2226,114664,1698
2021-07-22,San Benito,069,59416,6226,6200,119,6319,63
2021-07-22,San Bernardino,071,2135413,299838,297899,9781,307680,5236
2021-07-22,San Diego,073,3302833,293049,289368,16746,306114,3788
2021-07-22,San Francisco,075,870044,39921,38954,1542,40496,561
2021-07-22,San Joaquin,077,732212,76189,75461,4016,79477,1436
2021-07-22,San Luis Obispo,079,281455,21846,21616,826,22442,260
2021-07-22,San Mateo,081,765935,44431,43880,573,44453,542
2021-07-22,Santa Barbara,083,443738,35486,35071,1302,36373,465
2021-07-22,Santa Clara,085,1922200,122192,121092,869,121961,2099
2021-07-22,Santa Cruz,087,273765,16571,16416,886,17302,207
2021-07-22,Shasta,089,179085,12890,12759,1773,14532,211
2021-07-22,Sierra,091,2930,65,64,14,78,0
2021-07-22,Siskiyou,093,43540,2027,1951,447,2398,31
2021-07-22,Solano,095,438530,35135,34499,692,35191,259
2021-07-22,Sonoma,097,501317,32481,31928,390,32318,327
2021-07-22,Stanislaus,099,539301,58447,57879,6471,64350,1030
2021-07-22,Sutter,101,95872,10010,9890,105,9995,115
2021-07-22,Tehama,103,63373,5192,5166,627,5793,65
2021-07-22,Trinity,105,12862,411,345,86,431,3
2021-07-22,Tulare,107,460477,50404,50104,9938,60042,854
2021-07-22,Tuolumne,109,53932,4310,4216,40,4256,64
2021-07-22,Ventura,111,848112,83215,82687,3501,86188,1041
2021-07-22,Yolo,113,214977,14800,14557,464,15021,214
2021-07-22,Yuba,115,75493,6553,6449,138,6587,51
2021-07-21,Alameda,001,1643700,94450,92840,2285,95125,1256
2021-07-21,Alpine,003,1148,89,89,0,89,0
2021-07-21,Amador,005,37829,3857,3813,35,3848,48
2021-07-21,Butte,007,227075,13144,12939,2042,14981,203
2021-07-21,Calaveras,009,45235,2278,2257,17,2274,57
2021-07-21,Colusa,011,21464,1997,1988,350,2338,16
2021-07-21,Contra Costa,013,1133247,74786,73320,1544,74864,827
2021-07-21,Del Norte,015,27424,1528,1492,10,1502,8
2021-07-21,El Dorado,017,186661,10921,10742,863,11605,116
2021-07-21,Fresno,019,978130,104427,103504,9360,112864,1736
2021-07-21,Glenn,021,27897,2457,2455,595,3050,20
2021-07-21,Humboldt,023,135768,4900,4763,64,4827,52
2021-07-21,Imperial,025,180216,29043,28964,2924,31888,742
2021-07-21,Inyo,027,18085,1432,1423,5,1428,38
2021-07-21,Kern,029,883053,98842,98152,12074,110226,1350
2021-07-21,Kings,031,150075,23476,23270,1249,24519,246
2021-07-21,Lake,033,64148,4076,3896,14,3910,64
2021-07-21,Lassen,035,31185,5313,5310,123,5433,21
2021-07-21,Los Angeles,037,10098052,1240657,1229598,46849,1276447,24609
2021-07-21,Madera,039,155013,17048,16858,1012,17870,245
2021-07-21,Marin,041,260295,14647,14427,295,14722,238
2021-07-21,Mariposa,043,17540,457,449,11,460,5
2021-07-21,Mendocino,045,87422,4400,4274,85,4359,49
2021-07-21,Merced,047,269075,31802,31607,1043,32650,473
2021-07-21,Modoc,049,8938,423,413,147,560,5
2021-07-21,Mono,051,14174,1276,1282,13,1295,3
2021-07-21,Monterey,053,433212,43621,43502,2006,45508,515
2021-07-21,Napa,055,140530,10345,10209,46,10255,81
2021-07-21,Nevada,057,99092,5289,5152,206,5358,72
2021-07-21,Orange,059,3164182,262072,259615,12465,272080,5139
2021-07-21,Placer,061,380077,24846,24441,1852,26293,303
2021-07-21,Plumas,063,18699,747,736,15,751,4
2021-07-21,Riverside,065,2383286,298734,296419,15275,311694,4552
2021-07-21,Sacramento,067,1510023,113601,112043,2215,114258,1696
2021-07-21,San Benito,069,59416,6216,6196,119,6315,63
2021-07-21,San Bernardino,071,2135413,299393,297519,9773,307292,5230
2021-07-21,San Diego,073,3302833,292203,288682,16682,305364,3787
2021-07-21,San Francisco,075,870044,39697,38699,1537,40236,559
2021-07-21,San Joaquin,077,732212,76000,75288,4004,79292,1434
2021-07-21,San Luis Obispo,079,281455,21810,21579,823,22402,260
2021-07-21,San Mateo,081,765935,44339,43755,569,44324,542
2021-07-21,Santa Barbara,083,443738,35429,34998,1284,36282,465
2021-07-21,Santa Clara,085,1922200,121982,120838,867,121705,2099
2021-07-21,Santa Cruz,087,273765,16537,16407,886,17293,207
2021-07-21,Shasta,089,179085,12857,12751,1770,14521,211
2021-07-21,Sierra,091,2930,65,64,14,78,0
2021-07-21,Siskiyou,093,43540,2025,1943,445,2388,31
2021-07-21,Solano,095,438530,34980,34374,687,35061,258
2021-07-21,Sonoma,097,501317,32365,31789,390,32179,327
2021-07-21,Stanislaus,099,539301,58345,57774,6462,64236,1028
2021-07-21,Sutter,101,95872,9986,9862,105,9967,113
2021-07-21,Tehama,103,63373,5188,5161,627,5788,65
2021-07-21,Trinity,105,12862,410,345,85,430,3
2021-07-21,Tulare,107,460477,50345,50066,9912,59978,854
2021-07-21,Tuolumne,109,53932,4273,4156,40,4196,64
2021-07-21,Ventura,111,848112,83093,82573,3489,86062,1041
2021-07-21,Yolo,113,214977,14759,14525,463,14988,213
2021-07-21,Yuba,115,75493,6525,6425,138,6563,52
2021-07-20,Alameda,001,1643700,94071,92625,2272,94897,1256
2021-07-20,Alpine,003,1148,89,89,0,89,0
2021-07-20,Amador,005,37829,3846,3807,35,3842,48
2021-07-20,Butte,007,227075,13107,12916,2037,14953,203
2021-07-20,Calaveras,009,45235,2275,2249,17,2266,57
2021-07-20,Colusa,011,21464,1997,1985,350,2335,16
2021-07-20,Contra Costa,013,1133247,74501,73143,1525,74668,825
2021-07-20,Del Norte,015,27424,1518,1490,10,1500,8
2021-07-20,El Dorado,017,186661,10881,10727,858,11585,116
2021-07-20,Fresno,019,978130,104291,103438,9340,112778,1736
2021-07-20,Glenn,021,27897,2457,2453,595,3048,20
2021-07-20,Humboldt,023,135768,4855,4735,62,4797,52
2021-07-20,Imperial,025,180216,29023,28933,2924,31857,742
2021-07-20,Inyo,027,18085,1428,1420,5,1425,36
2021-07-20,Kern,029,883053,98734,98082,12045,110127,1350
2021-07-20,Kings,031,150075,23435,23254,1245,24499,246
2021-07-20,Lake,033,64148,4051,3871,14,3885,64
2021-07-20,Lassen,035,31185,5313,5306,123,5429,21
2021-07-20,Los Angeles,037,10098052,1237885,1227404,46690,1274094,24603
2021-07-20,Madera,039,155013,17027,16856,1008,17864,245
2021-07-20,Marin,041,260295,14612,14396,292,14688,234
2021-07-20,Mariposa,043,17540,456,448,11,459,5
2021-07-20,Mendocino,045,87422,4383,4259,85,4344,49
2021-07-20,Merced,047,269075,31764,31578,1036,32614,473
2021-07-20,Modoc,049,8938,423,413,147,560,5
2021-07-20,Mono,051,14174,1272,1281,13,1294,3
2021-07-20,Monterey,053,433212,43590,43481,2003,45484,515
2021-07-20,Napa,055,140530,10322,10191,46,10237,81
2021-07-20,Nevada,057,99092,5270,5148,205,5353,72
2021-07-20,Orange,059,3164182,261522,259303,12433,271736,5139
2021-07-20,Placer,061,380077,24756,24408,1826,26234,303
2021-07-20,Plumas,063,18699,745,736,15,751,4
2021-07-20,Riverside,065,2383286,298200,296118,15261,311379,4543
2021-07-20,Sacramento,067,1510023,113162,111796,2184,113980,1695
2021-07-20,San Benito,069,59416,6209,6196,119,6315,63
2021-07-20,San Bernardino,071,2135413,298981,297222,9748,306970,5231
2021-07-20,San Diego,073,3302833,291286,288209,16585,304794,3786
2021-07-20,San Francisco,075,870044,39440,38536,1526,40062,558
2021-07-20,San Joaquin,077,732212,75828,75198,3991,79189,1433
2021-07-20,San Luis Obispo,079,281455,21765,21556,822,22378,259
2021-07-20,San Mateo,081,765935,44223,43670,567,44237,542
2021-07-20,Santa Barbara,083,443738,35359,34935,1277,36212,462
2021-07-20,Santa Clara,085,1922200,121725,120704,865,121569,2098
2021-07-20,Santa Cruz,087,273765,16508,16399,886,17285,207
2021-07-20,Shasta,089,179085,12831,12734,1765,14499,211
2021-07-20,Sierra,091,2930,65,64,14,78,0
2021-07-20,Siskiyou,093,43540,2021,1931,444,2375,31
2021-07-20,Solano,095,438530,34853,34337,680,35017,258
2021-07-20,Sonoma,097,501317,32246,31763,389,32152,326
2021-07-20,Stanislaus,099,539301,58229,57706,6456,64162,1028
2021-07-20,Sutter,101,95872,9960,9854,102,9956,114
2021-07-20,Tehama,103,63373,5186,5153,627,5780,65
2021-07-20,Trinity,105,12862,408,344,84,428,3
2021-07-20,Tulare,107,460477,50304,50047,9894,59941,854
2021-07-20,Tuolumne,109,53932,4254,4156,40,4196,64
2021-07-20,Ventura,111,848112,82940,82504,3472,85976,1041
2021-07-20,Yolo,113,214977,14696,14495,460,14955,213
2021-07-20,Yuba,115,75493,6500,6393,135,6528,52
2021-07-19,Alameda,001,1643700,93699,92357,2256,94613,1256
2021-07-19,Alpine,003,1148,89,89,0,89,0
2021-07-19,Amador,005,37829,3842,3802,35,3837,48
2021-07-19,Butte,007,227075,13064,12901,2031,14932,202
2021-07-19,Calaveras,009,45235,2274,2245,17,2262,57
2021-07-19,Colusa,011,21464,1995,1981,349,2330,16
2021-07-19,Contra Costa,013,1133247,74191,72935,1504,74439,825
2021-07-19,Del Norte,015,27424,1506,1484,10,1494,8
2021-07-19,El Dorado,017,186661,10851,10703,850,11553,114
2021-07-19,Fresno,019,978130,104165,103350,9323,112673,1731
2021-07-19,Glenn,021,27897,2457,2452,594,3046,20
2021-07-19,Humboldt,023,135768,4825,4719,60,4779,52
2021-07-19,Imperial,025,180216,28996,28888,2924,31812,742
2021-07-19,Inyo,027,18085,1427,1417,5,1422,36
2021-07-19,Kern,029,883053,98624,97999,12009,110008,1349
2021-07-19,Kings,031,150075,23403,23221,1239,24460,246
2021-07-19,Lake,033,64148,4015,3848,14,3862,64
2021-07-19,Lassen,035,31185,5312,5305,123,5428,21
2021-07-19,Los Angeles,037,10098052,1235306,1225946,46501,1272447,24600
2021-07-19,Madera,039,155013,17004,16846,1005,17851,244
2021-07-19,Marin,041,260295,14577,14369,289,14658,234
2021-07-19,Mariposa,043,17540,450,447,11,458,5
2021-07-19,Mendocino,045,87422,4365,4251,85,4336,49
2021-07-19,Merced,047,269075,31700,31565,1029,32594,472
2021-07-19,Modoc,049,8938,422,413,147,560,5
2021-07-19,Mono,051,14174,1270,1280,13,1293,3
2021-07-19,Monterey,053,433212,43567,43436,2002,45438,515
2021-07-19,Napa,055,140530,10297,10180,44,10224,81
2021-07-19,Nevada,057,99092,5242,5133,204,5337,72
2021-07-19,Orange,059,3164182,261007,258927,12399,271326,5138
2021-07-19,Placer,061,380077,24657,24359,1804,26163,303
2021-07-19,Plumas,063,18699,745,730,15,745,4
2021-07-19,Riverside,065,2383286,297711,295736,15223,310959,4543
2021-07-19,Sacramento,067,1510023,112798,111470,2159,113629,1696
2021-07-19,San Benito,069,59416,6206,6193,119,6312,63
2021-07-19,San Bernardino,071,2135413,298611,296929,9729,306658,5235
2021-07-19,San Diego,073,3302833,290398,287695,16484,304179,3786
2021-07-19,San Francisco,075,870044,39171,38463,1512,39975,560
2021-07-19,San Joaquin,077,732212,75662,75086,3985,79071,1431
2021-07-19,San Luis Obispo,079,281455,21720,21531,818,22349,259
2021-07-19,San Mateo,081,765935,44078,43563,558,44121,542
2021-07-19,Santa Barbara,083,443738,35287,34904,1274,36178,461
2021-07-19,Santa Clara,085,1922200,121467,120554,864,121418,2098
2021-07-19,Santa Cruz,087,273765,16492,16387,886,17273,207
2021-07-19,Shasta,089,179085,12813,12723,1763,14486,209
2021-07-19,Sierra,091,2930,64,64,14,78,0
2021-07-19,Siskiyou,093,43540,2016,1927,442,2369,31
2021-07-19,Solano,095,438530,34683,34262,669,34931,261
2021-07-19,Sonoma,097,501317,32124,31713,388,32101,325
2021-07-19,Stanislaus,099,539301,58127,57644,6445,64089,1027
2021-07-19,Sutter,101,95872,9944,9834,102,9936,114
2021-07-19,Tehama,103,63373,5180,5152,625,5777,65
2021-07-19,Trinity,105,12862,408,344,83,427,3
2021-07-19,Tulare,107,460477,50259,49994,9876,59870,855
2021-07-19,Tuolumne,109,53932,4244,4151,40,4191,64
2021-07-19,Ventura,111,848112,82844,82409,3450,85859,1041
2021-07-19,Yolo,113,214977,14665,14439,458,14897,213
2021-07-19,Yuba,115,75493,6476,6370,135,6505,52
2021-07-18,Alameda,001,1643700,93347,92162,2242,94404,1256
2021-07-18,Alpine,003,1148,89,89,0,89,0
2021-07-18,Amador,005,37829,3831,3799,35,3834,48
2021-07-18,Butte,007,227075,13023,12888,2025,14913,202
2021-07-18,Calaveras,009,45235,2273,2243,17,2260,57
2021-07-18,Colusa,011,21464,1995,1981,348,2329,16
2021-07-18,Contra Costa,013,1133247,73876,72849,1486,74335,825
2021-07-18,Del Norte,015,27424,1497,1482,10,1492,8
2021-07-18,El Dorado,017,186661,10813,10687,842,11529,114
2021-07-18,Fresno,019,978130,104013,103298,9304,112602,1731
2021-07-18,Glenn,021,27897,2456,2452,593,3045,20
2021-07-18,Humboldt,023,135768,4789,4714,60,4774,52
2021-07-18,Imperial,025,180216,28960,28877,2923,31800,742
2021-07-18,Inyo,027,18085,1423,1417,5,1422,36
2021-07-18,Kern,029,883053,98498,97963,11967,109930,1349
2021-07-18,Kings,031,150075,23382,23203,1235,24438,246
2021-07-18,Lake,033,64148,3979,3825,14,3839,64
2021-07-18,Lassen,035,31185,5312,5305,123,5428,21
2021-07-18,Los Angeles,037,10098052,1232642,1224691,46318,1271009,24598
2021-07-18,Madera,039,155013,16979,16838,1001,17839,244
2021-07-18,Marin,041,260295,14541,14358,287,14645,234
2021-07-18,Mariposa,043,17540,449,447,11,458,5
2021-07-18,Mendocino,045,87422,4345,4246,85,4331,49
2021-07-18,Merced,047,269075,31669,31537,1027,32564,471
2021-07-18,Modoc,049,8938,422,413,147,560,5
2021-07-18,Mono,051,14174,1269,1280,13,1293,3
2021-07-18,Monterey,053,433212,43549,43422,1993,45415,515
2021-07-18,Napa,055,140530,10280,10174,41,10215,81
2021-07-18,Nevada,057,99092,5216,5124,204,5328,72
2021-07-18,Orange,059,3164182,260524,258724,12369,271093,5138
2021-07-18,Placer,061,380077,24591,24313,1777,26090,303
2021-07-18,Plumas,063,18699,745,730,15,745,4
2021-07-18,Riverside,065,2383286,297221,295522,15182,310704,4543
2021-07-18,Sacramento,067,1510023,112368,111255,2128,113383,1696
2021-07-18,San Benito,069,59416,6198,6191,119,6310,63
2021-07-18,San Bernardino,071,2135413,298140,296739,9713,306452,5233
2021-07-18,San Diego,073,3302833,289583,286287,16401,302688,3786
2021-07-18,San Francisco,075,870044,38940,38367,1500,39867,560
2021-07-18,San Joaquin,077,732212,75488,74997,3972,78969,1431
2021-07-18,San Luis Obispo,079,281455,21684,21527,815,22342,259
2021-07-18,San Mateo,081,765935,43964,43506,552,44058,542
2021-07-18,Santa Barbara,083,443738,35222,34880,1272,36152,461
2021-07-18,Santa Clara,085,1922200,121254,120438,856,121294,2098
2021-07-18,Santa Cruz,087,273765,16460,16372,885,17257,207
2021-07-18,Shasta,089,179085,12788,12714,1759,14473,209
2021-07-18,Sierra,091,2930,64,64,14,78,0
2021-07-18,Siskiyou,093,43540,2010,1927,437,2364,31
2021-07-18,Solano,095,438530,34564,34215,665,34880,261
2021-07-18,Sonoma,097,501317,32019,31675,387,32062,325
2021-07-18,Stanislaus,099,539301,58016,57600,6420,64020,1028
2021-07-18,Sutter,101,95872,9912,9826,101,9927,114
2021-07-18,Tehama,103,63373,5177,5150,624,5774,65
2021-07-18,Trinity,105,12862,408,344,83,427,3
2021-07-18,Tulare,107,460477,50207,49985,9853,59838,855
2021-07-18,Tuolumne,109,53932,4226,4149,40,4189,64
2021-07-18,Ventura,111,848112,82732,82361,3424,85785,1041
2021-07-18,Yolo,113,214977,14607,14425,452,14877,213
2021-07-18,Yuba,115,75493,6435,6357,135,6492,52
2021-07-17,Alameda,001,1643700,93125,91346,2230,93576,1255
2021-07-17,Alpine,003,1148,89,89,0,89,0
2021-07-17,Amador,005,37829,3822,3785,35,3820,48
2021-07-17,Butte,007,227075,13009,12824,2020,14844,202
2021-07-17,Calaveras,009,45235,2267,2237,17,2254,57
2021-07-17,Colusa,011,21464,1992,1976,348,2324,16
2021-07-17,Contra Costa,013,1133247,73696,72254,1472,73726,824
2021-07-17,Del Norte,015,27424,1489,1475,10,1485,8
2021-07-17,El Dorado,017,186661,10786,10622,838,11460,114
2021-07-17,Fresno,019,978130,103941,103055,9291,112346,1730
2021-07-17,Glenn,021,27897,2455,2451,593,3044,20
2021-07-17,Humboldt,023,135768,4776,4654,59,4713,52
2021-07-17,Imperial,025,180216,28944,28840,2923,31763,742
2021-07-17,Inyo,027,18085,1423,1416,5,1421,36
2021-07-17,Kern,029,883053,98442,97796,11930,109726,1348
2021-07-17,Kings,031,150075,23361,23163,1234,24397,246
2021-07-17,Lake,033,64148,3954,3760,14,3774,64
2021-07-17,Lassen,035,31185,5312,5302,123,5425,21
2021-07-17,Los Angeles,037,10098052,1231139,1219733,46169,1265902,24582
2021-07-17,Madera,039,155013,16971,16804,1001,17805,240
2021-07-17,Marin,041,260295,14523,14297,285,14582,234
2021-07-17,Mariposa,043,17540,449,445,11,456,5
2021-07-17,Mendocino,045,87422,4333,4209,85,4294,49
2021-07-17,Merced,047,269075,31648,31451,1023,32474,471
2021-07-17,Modoc,049,8938,422,412,147,559,5
2021-07-17,Mono,051,14174,1267,1277,13,1290,3
2021-07-17,Monterey,053,433212,43527,43367,1987,45354,515
2021-07-17,Napa,055,140530,10264,10129,41,10170,81
2021-07-17,Nevada,057,99092,5201,5066,204,5270,72
2021-07-17,Orange,059,3164182,260216,257805,12329,270134,5136
2021-07-17,Placer,061,380077,24524,24169,1763,25932,303
2021-07-17,Plumas,063,18699,740,721,15,736,4
2021-07-17,Riverside,065,2383286,296914,294751,15150,309901,4542
2021-07-17,Sacramento,067,1510023,112133,110432,2106,112538,1694
2021-07-17,San Benito,069,59416,6192,6181,119,6300,63
2021-07-17,San Bernardino,071,2135413,297910,296048,9694,305742,5218
2021-07-17,San Diego,073,3302833,289177,285698,16334,302032,3786
2021-07-17,San Francisco,075,870044,38819,37978,1496,39474,560
2021-07-17,San Joaquin,077,732212,75402,74695,3964,78659,1430
2021-07-17,San Luis Obispo,079,281455,21657,21462,815,22277,258
2021-07-17,San Mateo,081,765935,43894,43324,550,43874,542
2021-07-17,Santa Barbara,083,443738,35182,34769,1269,36038,461
2021-07-17,Santa Clara,085,1922200,121082,119980,853,120833,2097
2021-07-17,Santa Cruz,087,273765,16453,16337,885,17222,207
2021-07-17,Shasta,089,179085,12773,12683,1754,14437,210
2021-07-17,Sierra,091,2930,64,62,14,76,0
2021-07-17,Siskiyou,093,43540,2005,1922,434,2356,29
2021-07-17,Solano,095,438530,34500,34015,657,34672,263
2021-07-17,Sonoma,097,501317,31952,31536,386,31922,322
2021-07-17,Stanislaus,099,539301,57938,57400,6406,63806,1028
2021-07-17,Sutter,101,95872,9902,9778,101,9879,114
2021-07-17,Tehama,103,63373,5174,5145,624,5769,64
2021-07-17,Trinity,105,12862,407,341,83,424,3
2021-07-17,Tulare,107,460477,50186,49937,9841,59778,854
2021-07-17,Tuolumne,109,53932,4216,4131,40,4171,64
2021-07-17,Ventura,111,848112,82665,82125,3412,85537,1041
2021-07-17,Yolo,113,214977,14577,14356,444,14800,213
2021-07-17,Yuba,115,75493,6424,6309,135,6444,52
2021-07-16,Alameda,001,1643700,92891,91346,2218,93564,1255
2021-07-16,Alpine,003,1148,89,89,0,89,0
2021-07-16,Amador,005,37829,3819,3785,35,3820,48
2021-07-16,Butte,007,227075,12984,12824,2017,14841,202
2021-07-16,Calaveras,009,45235,2267,2237,17,2254,57
2021-07-16,Colusa,011,21464,1990,1976,347,2323,16
2021-07-16,Contra Costa,013,1133247,73509,72254,1467,73721,824
2021-07-16,Del Norte,015,27424,1487,1475,10,1485,8
2021-07-16,El Dorado,017,186661,10767,10622,837,11459,114
2021-07-16,Fresno,019,978130,103889,103055,9272,112327,1730
2021-07-16,Glenn,021,27897,2455,2451,593,3044,20
2021-07-16,Humboldt,023,135768,4754,4654,59,4713,52
2021-07-16,Imperial,025,180216,28932,28840,2923,31763,742
2021-07-16,Inyo,027,18085,1421,1416,5,1421,36
2021-07-16,Kern,029,883053,98380,97796,11889,109685,1348
2021-07-16,Kings,031,150075,23338,23163,1231,24394,246
2021-07-16,Lake,033,64148,3927,3760,14,3774,64
2021-07-16,Lassen,035,31185,5311,5302,123,5425,21
2021-07-16,Los Angeles,037,10098052,1229651,1219733,46021,1265754,24582
2021-07-16,Madera,039,155013,16953,16804,1001,17805,240
2021-07-16,Marin,041,260295,14499,14297,282,14579,234
2021-07-16,Mariposa,043,17540,449,445,11,456,5
2021-07-16,Mendocino,045,87422,4324,4209,84,4293,49
2021-07-16,Merced,047,269075,31626,31451,1021,32472,471
2021-07-16,Modoc,049,8938,422,412,147,559,5
2021-07-16,Mono,051,14174,1266,1277,13,1290,3
2021-07-16,Monterey,053,433212,43505,43367,1986,45353,515
2021-07-16,Napa,055,140530,10240,10129,40,10169,81
2021-07-16,Nevada,057,99092,5191,5066,204,5270,72
2021-07-16,Orange,059,3164182,259943,257805,12289,270094,5136
2021-07-16,Placer,061,380077,24471,24169,1758,25927,303
2021-07-16,Plumas,063,18699,739,721,15,736,4
2021-07-16,Riverside,065,2383286,296638,294751,15124,309875,4542
2021-07-16,Sacramento,067,1510023,111917,110432,2093,112525,1694
2021-07-16,San Benito,069,59416,6190,6181,119,6300,63
2021-07-16,San Bernardino,071,2135413,297632,296048,9677,305725,5218
2021-07-16,San Diego,073,3302833,288731,285698,16287,301985,3786
2021-07-16,San Francisco,075,870044,38702,37978,1491,39469,560
2021-07-16,San Joaquin,077,732212,75308,74695,3961,78656,1430
2021-07-16,San Luis Obispo,079,281455,21640,21462,815,22277,258
2021-07-16,San Mateo,081,765935,43842,43324,548,43872,542
2021-07-16,Santa Barbara,083,443738,35144,34769,1269,36038,461
2021-07-16,Santa Clara,085,1922200,120934,119980,845,120825,2097
2021-07-16,Santa Cruz,087,273765,16440,16337,885,17222,207
2021-07-16,Shasta,089,179085,12763,12683,1753,14436,210
2021-07-16,Sierra,091,2930,64,62,14,76,0
2021-07-16,Siskiyou,093,43540,2003,1922,432,2354,29
2021-07-16,Solano,095,438530,34436,34015,649,34664,263
2021-07-16,Sonoma,097,501317,31900,31536,383,31919,322
2021-07-16,Stanislaus,099,539301,57890,57400,6394,63794,1028
2021-07-16,Sutter,101,95872,9890,9778,101,9879,114
2021-07-16,Tehama,103,63373,5172,5145,624,5769,64
2021-07-16,Trinity,105,12862,407,341,82,423,3
2021-07-16,Tulare,107,460477,50162,49937,9831,59768,854
2021-07-16,Tuolumne,109,53932,4210,4131,40,4171,64
2021-07-16,Ventura,111,848112,82601,82125,3405,85530,1041
2021-07-16,Yolo,113,214977,14551,14356,440,14796,213
2021-07-16,Yuba,115,75493,6402,6309,134,6443,52
2021-07-15,Alameda,001,1643700,92595,91346,2209,93555,1255
2021-07-15,Alpine,003,1148,89,89,0,89,0
2021-07-15,Amador,005,37829,3816,3785,35,3820,48
2021-07-15,Butte,007,227075,12958,12824,2015,14839,202
2021-07-15,Calaveras,009,45235,2265,2237,17,2254,57
2021-07-15,Colusa,011,21464,1989,1976,346,2322,16
2021-07-15,Contra Costa,013,1133247,73296,72254,1459,73713,824
2021-07-15,Del Norte,015,27424,1484,1475,10,1485,8
2021-07-15,El Dorado,017,186661,10740,10622,835,11457,114
2021-07-15,Fresno,019,978130,103793,103055,9251,112306,1730
2021-07-15,Glenn,021,27897,2455,2451,593,3044,20
2021-07-15,Humboldt,023,135768,4736,4654,58,4712,52
2021-07-15,Imperial,025,180216,28909,28840,2923,31763,742
2021-07-15,Inyo,027,18085,1421,1416,5,1421,36
2021-07-15,Kern,029,883053,98310,97796,11861,109657,1348
2021-07-15,Kings,031,150075,23301,23163,1228,24391,246
2021-07-15,Lake,033,64148,3888,3760,14,3774,64
2021-07-15,Lassen,035,31185,5310,5302,123,5425,21
2021-07-15,Los Angeles,037,10098052,1227684,1219733,45856,1265589,24582
2021-07-15,Madera,039,155013,16931,16804,997,17801,240
2021-07-15,Marin,041,260295,14475,14297,282,14579,234
2021-07-15,Mariposa,043,17540,449,445,11,456,5
2021-07-15,Mendocino,045,87422,4316,4209,83,4292,49
2021-07-15,Merced,047,269075,31596,31451,1021,32472,471
2021-07-15,Modoc,049,8938,422,412,147,559,5
2021-07-15,Mono,051,14174,1266,1277,13,1290,3
2021-07-15,Monterey,053,433212,43476,43367,1983,45350,515
2021-07-15,Napa,055,140530,10215,10129,39,10168,81
2021-07-15,Nevada,057,99092,5173,5066,203,5269,72
2021-07-15,Orange,059,3164182,259591,257805,12257,270062,5136
2021-07-15,Placer,061,380077,24412,24169,1741,25910,303
2021-07-15,Plumas,063,18699,738,721,15,736,4
2021-07-15,Riverside,065,2383286,296318,294751,15108,309859,4542
2021-07-15,Sacramento,067,1510023,111613,110432,2076,112508,1694
2021-07-15,San Benito,069,59416,6188,6181,119,6300,63
2021-07-15,San Bernardino,071,2135413,297320,296048,9662,305710,5218
2021-07-15,San Diego,073,3302833,288099,285698,16210,301908,3786
2021-07-15,San Francisco,075,870044,38551,37978,1482,39460,560
2021-07-15,San Joaquin,077,732212,75192,74695,3956,78651,1430
2021-07-15,San Luis Obispo,079,281455,21607,21462,815,22277,258
2021-07-15,San Mateo,081,765935,43738,43324,544,43868,542
2021-07-15,Santa Barbara,083,443738,35091,34769,1268,36037,461
2021-07-15,Santa Clara,085,1922200,120812,119980,842,120822,2097
2021-07-15,Santa Cruz,087,273765,16427,16337,885,17222,207
2021-07-15,Shasta,089,179085,12755,12683,1748,14431,210
2021-07-15,Sierra,091,2930,64,62,14,76,0
2021-07-15,Siskiyou,093,43540,2002,1922,432,2354,29
2021-07-15,Solano,095,438530,34362,34015,643,34658,263
2021-07-15,Sonoma,097,501317,31838,31536,383,31919,322
2021-07-15,Stanislaus,099,539301,57822,57400,6381,63781,1028
2021-07-15,Sutter,101,95872,9870,9778,101,9879,114
2021-07-15,Tehama,103,63373,5166,5145,623,5768,64
2021-07-15,Trinity,105,12862,407,341,82,423,3
2021-07-15,Tulare,107,460477,50141,49937,9814,59751,854
2021-07-15,Tuolumne,109,53932,4198,4131,40,4171,64
2021-07-15,Ventura,111,848112,82524,82125,3400,85525,1041
2021-07-15,Yolo,113,214977,14524,14356,439,14795,213
2021-07-15,Yuba,115,75493,6387,6309,134,6443,52
2021-07-14,Alameda,001,1643700,92336,91092,2190,93282,1255
2021-07-14,Alpine,003,1148,89,89,0,89,0
2021-07-14,Amador,005,37829,3808,3784,35,3819,48
2021-07-14,Butte,007,227075,12931,12813,2008,14821,202
2021-07-14,Calaveras,009,45235,2257,2234,17,2251,57
2021-07-14,Colusa,011,21464,1986,1974,346,2320,16
2021-07-14,Contra Costa,013,1133247,73071,72091,1446,73537,823
2021-07-14,Del Norte,015,27424,1483,1472,10,1482,8
2021-07-14,El Dorado,017,186661,10714,10598,832,11430,114
2021-07-14,Fresno,019,978130,103714,102966,9240,112206,1728
2021-07-14,Glenn,021,27897,2455,2449,593,3042,20
2021-07-14,Humboldt,023,135768,4713,4644,56,4700,52
2021-07-14,Imperial,025,180216,28880,28822,2923,31745,742
2021-07-14,Inyo,027,18085,1420,1415,5,1420,36
2021-07-14,Kern,029,883053,98247,97736,11835,109571,1346
2021-07-14,Kings,031,150075,23288,23142,1228,24370,246
2021-07-14,Lake,033,64148,3855,3739,14,3753,63
2021-07-14,Lassen,035,31185,5309,5298,123,5421,21
2021-07-14,Los Angeles,037,10098052,1225682,1218265,45708,1263973,24578
2021-07-14,Madera,039,155013,16919,16786,995,17781,240
2021-07-14,Marin,041,260295,14441,14269,280,14549,233
2021-07-14,Mariposa,043,17540,447,445,11,456,5
2021-07-14,Mendocino,045,87422,4303,4193,83,4276,49
2021-07-14,Merced,047,269075,31559,31412,1018,32430,471
2021-07-14,Modoc,049,8938,422,412,147,559,4
2021-07-14,Mono,051,14174,1266,1278,13,1291,3
2021-07-14,Monterey,053,433212,43452,43347,1981,45328,504
2021-07-14,Napa,055,140530,10193,10121,39,10160,81
2021-07-14,Nevada,057,99092,5154,5058,203,5261,72
2021-07-14,Orange,059,3164182,259274,257558,12228,269786,5137
2021-07-14,Placer,061,380077,24361,24125,1729,25854,303
2021-07-14,Plumas,063,18699,731,719,15,734,4
2021-07-14,Riverside,065,2383286,295993,294511,15091,309602,4542
2021-07-14,Sacramento,067,1510023,111288,110193,2052,112245,1688
2021-07-14,San Benito,069,59416,6185,6177,119,6296,63
2021-07-14,San Bernardino,071,2135413,297016,295820,9647,305467,5193
2021-07-14,San Diego,073,3302833,287532,285269,16128,301397,3786
2021-07-14,San Francisco,075,870044,38412,37836,1475,39311,559
2021-07-14,San Joaquin,077,732212,75101,74599,3947,78546,1416
2021-07-14,San Luis Obispo,079,281455,21585,21444,813,22257,258
2021-07-14,San Mateo,081,765935,43641,43249,540,43789,542
2021-07-14,Santa Barbara,083,443738,35051,34719,1266,35985,461
2021-07-14,Santa Clara,085,1922200,120662,119844,839,120683,2098
2021-07-14,Santa Cruz,087,273765,16413,16326,885,17211,207
2021-07-14,Shasta,089,179085,12735,12669,1745,14414,209
2021-07-14,Sierra,091,2930,64,62,14,76,0
2021-07-14,Siskiyou,093,43540,1995,1922,429,2351,29
2021-07-14,Solano,095,438530,34290,33948,643,34591,268
2021-07-14,Sonoma,097,501317,31786,31470,383,31853,322
2021-07-14,Stanislaus,099,539301,57747,57340,6369,63709,1028
2021-07-14,Sutter,101,95872,9847,9766,101,9867,114
2021-07-14,Tehama,103,63373,5164,5142,623,5765,64
2021-07-14,Trinity,105,12862,407,341,82,423,3
2021-07-14,Tulare,107,460477,50125,49908,9799,59707,853
2021-07-14,Tuolumne,109,53932,4195,4128,39,4167,64
2021-07-14,Ventura,111,848112,82431,82041,3388,85429,1040
2021-07-14,Yolo,113,214977,14491,14332,436,14768,213
2021-07-14,Yuba,115,75493,6369,6294,134,6428,52
2021-07-13,Alameda,001,1643700,92068,90874,2179,93053,1255
2021-07-13,Alpine,003,1148,89,89,0,89,0
2021-07-13,Amador,005,37829,3801,3783,35,3818,48
2021-07-13,Butte,007,227075,12918,12802,2006,14808,202
2021-07-13,Calaveras,009,45235,2253,2230,17,2247,57
2021-07-13,Colusa,011,21464,1984,1972,342,2314,16
2021-07-13,Contra Costa,013,1133247,72847,71963,1437,73400,823
2021-07-13,Del Norte,015,27424,1481,1471,10,1481,8
2021-07-13,El Dorado,017,186661,10696,10581,829,11410,114
2021-07-13,Fresno,019,978130,103638,102909,9231,112140,1727
2021-07-13,Glenn,021,27897,2453,2448,593,3041,20
2021-07-13,Humboldt,023,135768,4698,4634,56,4690,51
2021-07-13,Imperial,025,180216,28869,28792,2923,31715,741
2021-07-13,Inyo,027,18085,1419,1415,5,1420,36
2021-07-13,Kern,029,883053,98159,97698,11795,109493,1346
2021-07-13,Kings,031,150075,23270,23132,1228,24360,246
2021-07-13,Lake,033,64148,3828,3719,13,3732,63
2021-07-13,Lassen,035,31185,5307,5292,123,5415,21
2021-07-13,Los Angeles,037,10098052,1223845,1217184,45534,1262718,24569
2021-07-13,Madera,039,155013,16910,16773,991,17764,240
2021-07-13,Marin,041,260295,14412,14254,279,14533,233
2021-07-13,Mariposa,043,17540,446,443,11,454,5
2021-07-13,Mendocino,045,87422,4296,4185,83,4268,49
2021-07-13,Merced,047,269075,31538,31379,1015,32394,471
2021-07-13,Modoc,049,8938,422,411,147,558,4
2021-07-13,Mono,051,14174,1265,1277,13,1290,3
2021-07-13,Monterey,053,433212,43434,43333,1977,45310,504
2021-07-13,Napa,055,140530,10172,10118,39,10157,81
2021-07-13,Nevada,057,99092,5129,5053,203,5256,72
2021-07-13,Orange,059,3164182,258942,257339,12198,269537,5136
2021-07-13,Placer,061,380077,24315,24091,1716,25807,303
2021-07-13,Plumas,063,18699,730,716,15,731,4
2021-07-13,Riverside,065,2383286,295671,294302,15064,309366,4541
2021-07-13,Sacramento,067,1510023,110980,109990,2030,112020,1687
2021-07-13,San Benito,069,59416,6183,6173,119,6292,63
2021-07-13,San Bernardino,071,2135413,296739,295596,9625,305221,5183
2021-07-13,San Diego,073,3302833,286990,284997,16049,301046,3785
2021-07-13,San Francisco,075,870044,38268,37725,1468,39193,559
2021-07-13,San Joaquin,077,732212,74985,74500,3943,78443,1417
2021-07-13,San Luis Obispo,079,281455,21559,21423,810,22233,258
2021-07-13,San Mateo,081,765935,43573,43180,539,43719,542
2021-07-13,Santa Barbara,083,443738,35002,34679,1263,35942,461
2021-07-13,Santa Clara,085,1922200,120507,119727,835,120562,2098
2021-07-13,Santa Cruz,087,273765,16404,16315,883,17198,207
2021-07-13,Shasta,089,179085,12722,12659,1738,14397,209
2021-07-13,Sierra,091,2930,64,62,14,76,0
2021-07-13,Siskiyou,093,43540,1994,1916,427,2343,29
2021-07-13,Solano,095,438530,34228,33918,637,34555,268
2021-07-13,Sonoma,097,501317,31727,31431,383,31814,322
2021-07-13,Stanislaus,099,539301,57678,57282,6355,63637,1028
2021-07-13,Sutter,101,95872,9829,9752,100,9852,114
2021-07-13,Tehama,103,63373,5157,5144,623,5767,64
2021-07-13,Trinity,105,12862,407,341,81,422,3
2021-07-13,Tulare,107,460477,50101,49891,9783,59674,853
2021-07-13,Tuolumne,109,53932,4187,4122,38,4160,64
2021-07-13,Ventura,111,848112,82348,81982,3362,85344,1040
2021-07-13,Yolo,113,214977,14463,14320,429,14749,213
2021-07-13,Yuba,115,75493,6353,6279,134,6413,52
2021-07-12,Alameda,001,1643700,91811,90720,2171,92891,1254
2021-07-12,Alpine,003,1148,89,89,0,89,0
2021-07-12,Amador,005,37829,3794,3781,35,3816,47
2021-07-12,Butte,007,227075,12898,12796,2004,14800,202
2021-07-12,Calaveras,009,45235,2250,2228,17,2245,57
2021-07-12,Colusa,011,21464,1980,1971,341,2312,16
2021-07-12,Contra Costa,013,1133247,72645,71833,1432,73265,823
2021-07-12,Del Norte,015,27424,1478,1469,10,1479,8
2021-07-12,El Dorado,017,186661,10667,10569,827,11396,114
2021-07-12,Fresno,019,978130,103545,102853,9219,112072,1728
2021-07-12,Glenn,021,27897,2453,2446,593,3039,20
2021-07-12,Humboldt,023,135768,4682,4621,56,4677,51
2021-07-12,Imperial,025,180216,28839,28789,2923,31712,741
2021-07-12,Inyo,027,18085,1419,1415,5,1420,36
2021-07-12,Kern,029,883053,98090,97660,11770,109430,1346
2021-07-12,Kings,031,150075,23250,23124,1226,24350,246
2021-07-12,Lake,033,64148,3807,3706,13,3719,63
2021-07-12,Lassen,035,31185,5306,5292,123,5415,21
2021-07-12,Los Angeles,037,10098052,1222070,1216230,45389,1261619,24559
2021-07-12,Madera,039,155013,16899,16772,991,17763,240
2021-07-12,Marin,041,260295,14387,14238,278,14516,233
2021-07-12,Mariposa,043,17540,446,442,11,453,5
2021-07-12,Mendocino,045,87422,4285,4175,83,4258,49
2021-07-12,Merced,047,269075,31507,31374,1014,32388,471
2021-07-12,Modoc,049,8938,421,411,147,558,4
2021-07-12,Mono,051,14174,1263,1275,13,1288,3
2021-07-12,Monterey,053,433212,43413,43315,1973,45288,504
2021-07-12,Napa,055,140530,10154,10104,38,10142,81
2021-07-12,Nevada,057,99092,5106,5046,203,5249,72
2021-07-12,Orange,059,3164182,258590,257171,12173,269344,5136
2021-07-12,Placer,061,380077,24265,24052,1710,25762,302
2021-07-12,Plumas,063,18699,730,716,15,731,4
2021-07-12,Riverside,065,2383286,295363,294108,15034,309142,4541
2021-07-12,Sacramento,067,1510023,110764,109849,2004,111853,1685
2021-07-12,San Benito,069,59416,6180,6166,119,6285,63
2021-07-12,San Bernardino,071,2135413,296471,295447,9611,305058,5171
2021-07-12,San Diego,073,3302833,286526,284648,15973,300621,3785
2021-07-12,San Francisco,075,870044,38121,37656,1464,39120,559
2021-07-12,San Joaquin,077,732212,74890,74424,3933,78357,1415
2021-07-12,San Luis Obispo,079,281455,21540,21408,809,22217,258
2021-07-12,San Mateo,081,765935,43480,43138,532,43670,542
2021-07-12,Santa Barbara,083,443738,34960,34664,1261,35925,461
2021-07-12,Santa Clara,085,1922200,120343,119634,832,120466,2098
2021-07-12,Santa Cruz,087,273765,16379,16310,882,17192,207
2021-07-12,Shasta,089,179085,12714,12648,1735,14383,208
2021-07-12,Sierra,091,2930,64,62,14,76,0
2021-07-12,Siskiyou,093,43540,1989,1916,422,2338,29
2021-07-12,Solano,095,438530,34142,33859,628,34487,268
2021-07-12,Sonoma,097,501317,31679,31377,382,31759,322
2021-07-12,Stanislaus,099,539301,57605,57243,6348,63591,1028
2021-07-12,Sutter,101,95872,9812,9736,99,9835,114
2021-07-12,Tehama,103,63373,5152,5138,622,5760,63
2021-07-12,Trinity,105,12862,403,340,79,419,3
2021-07-12,Tulare,107,460477,50074,49882,9769,59651,853
2021-07-12,Tuolumne,109,53932,4183,4116,38,4154,64
2021-07-12,Ventura,111,848112,82248,81919,3340,85259,1040
2021-07-12,Yolo,113,214977,14434,14303,425,14728,213
2021-07-12,Yuba,115,75493,6338,6266,134,6400,52
2021-07-11,Alameda,001,1643700,91483,90597,2156,92753,1254
2021-07-11,Alpine,003,1148,89,89,0,89,0
2021-07-11,Amador,005,37829,3792,3779,35,3814,47
2021-07-11,Butte,007,227075,12877,12794,1997,14791,202
2021-07-11,Calaveras,009,45235,2242,2226,16,2242,57
2021-07-11,Colusa,011,21464,1980,1971,340,2311,16
2021-07-11,Contra Costa,013,1133247,72435,71744,1425,73169,823
2021-07-11,Del Norte,015,27424,1474,1467,9,1476,8
2021-07-11,El Dorado,017,186661,10638,10554,825,11379,114
2021-07-11,Fresno,019,978130,103450,102813,9200,112013,1728
2021-07-11,Glenn,021,27897,2452,2446,593,3039,20
2021-07-11,Humboldt,023,135768,4669,4611,55,4666,51
2021-07-11,Imperial,025,180216,28821,28787,2922,31709,741
2021-07-11,Inyo,027,18085,1417,1415,5,1420,36
2021-07-11,Kern,029,883053,98017,97637,11754,109391,1346
2021-07-11,Kings,031,150075,23219,23116,1223,24339,246
2021-07-11,Lake,033,64148,3776,3699,13,3712,63
2021-07-11,Lassen,035,31185,5303,5291,123,5414,21
2021-07-11,Los Angeles,037,10098052,1220330,1215182,45226,1260408,24558
2021-07-11,Madera,039,155013,16881,16766,990,17756,240
2021-07-11,Marin,041,260295,14361,14231,278,14509,233
2021-07-11,Mariposa,043,17540,445,442,11,453,5
2021-07-11,Mendocino,045,87422,4265,4167,83,4250,49
2021-07-11,Merced,047,269075,31483,31366,1009,32375,471
2021-07-11,Modoc,049,8938,420,411,147,558,4
2021-07-11,Mono,051,14174,1263,1275,13,1288,3
2021-07-11,Monterey,053,433212,43395,43307,1968,45275,504
2021-07-11,Napa,055,140530,10150,10100,38,10138,81
2021-07-11,Nevada,057,99092,5095,5035,202,5237,72
2021-07-11,Orange,059,3164182,258279,257009,12144,269153,5136
2021-07-11,Placer,061,380077,24208,24017,1698,25715,302
2021-07-11,Plumas,063,18699,730,716,15,731,4
2021-07-11,Riverside,065,2383286,295100,293969,15016,308985,4541
2021-07-11,Sacramento,067,1510023,110486,109696,1994,111690,1685
2021-07-11,San Benito,069,59416,6175,6163,119,6282,63
2021-07-11,San Bernardino,071,2135413,296166,295342,9587,304929,5167
2021-07-11,San Diego,073,3302833,286113,283819,15888,299707,3784
2021-07-11,San Francisco,075,870044,37993,37596,1458,39054,559
2021-07-11,San Joaquin,077,732212,74775,74376,3916,78292,1415
2021-07-11,San Luis Obispo,079,281455,21506,21403,808,22211,258
2021-07-11,San Mateo,081,765935,43400,43107,525,43632,542
2021-07-11,Santa Barbara,083,443738,34914,34646,1261,35907,461
2021-07-11,Santa Clara,085,1922200,120189,119549,831,120380,2098
2021-07-11,Santa Cruz,087,273765,16363,16303,882,17185,207
2021-07-11,Shasta,089,179085,12697,12647,1733,14380,208
2021-07-11,Sierra,091,2930,64,62,14,76,0
2021-07-11,Siskiyou,093,43540,1985,1915,420,2335,29
2021-07-11,Solano,095,438530,34064,33837,624,34461,268
2021-07-11,Sonoma,097,501317,31597,31352,382,31734,322
2021-07-11,Stanislaus,099,539301,57532,57230,6336,63566,1028
2021-07-11,Sutter,101,95872,9798,9728,99,9827,114
2021-07-11,Tehama,103,63373,5149,5138,622,5760,63
2021-07-11,Trinity,105,12862,402,340,79,419,3
2021-07-11,Tulare,107,460477,50050,49877,9749,59626,853
2021-07-11,Tuolumne,109,53932,4177,4116,38,4154,64
2021-07-11,Ventura,111,848112,82176,81875,3320,85195,1040
2021-07-11,Yolo,113,214977,14410,14285,417,14702,213
2021-07-11,Yuba,115,75493,6327,6260,134,6394,52
2021-07-10,Alameda,001,1643700,91333,90090,2153,92243,1252
2021-07-10,Alpine,003,1148,89,89,0,89,0
2021-07-10,Amador,005,37829,3786,3773,35,3808,47
2021-07-10,Butte,007,227075,12866,12764,1994,14758,202
2021-07-10,Calaveras,009,45235,2241,2214,16,2230,57
2021-07-10,Colusa,011,21464,1978,1969,340,2309,16
2021-07-10,Contra Costa,013,1133247,72336,71376,1424,72800,821
2021-07-10,Del Norte,015,27424,1472,1451,9,1460,8
2021-07-10,El Dorado,017,186661,10622,10508,821,11329,114
2021-07-10,Fresno,019,978130,103417,102675,9193,111868,1730
2021-07-10,Glenn,021,27897,2449,2440,592,3032,20
2021-07-10,Humboldt,023,135768,4660,4574,55,4629,51
2021-07-10,Imperial,025,180216,28808,28729,2922,31651,741
2021-07-10,Inyo,027,18085,1416,1415,5,1420,36
2021-07-10,Kern,029,883053,97978,97538,11736,109274,1346
2021-07-10,Kings,031,150075,23212,23090,1222,24312,246
2021-07-10,Lake,033,64148,3759,3667,13,3680,63
2021-07-10,Lassen,035,31185,5303,5290,123,5413,21
2021-07-10,Los Angeles,037,10098052,1219315,1212043,45121,1257164,24542
2021-07-10,Madera,039,155013,16875,16744,987,17731,241
2021-07-10,Marin,041,260295,14347,14194,278,14472,233
2021-07-10,Mariposa,043,17540,445,442,11,453,5
2021-07-10,Mendocino,045,87422,4258,4153,82,4235,49
2021-07-10,Merced,047,269075,31470,31328,1009,32337,470
2021-07-10,Modoc,049,8938,420,410,147,557,4
2021-07-10,Mono,051,14174,1263,1275,13,1288,3
2021-07-10,Monterey,053,433212,43381,43251,1966,45217,499
2021-07-10,Napa,055,140530,10138,10077,38,10115,81
2021-07-10,Nevada,057,99092,5086,5000,202,5202,72
2021-07-10,Orange,059,3164182,258106,256438,12128,268566,5135
2021-07-10,Placer,061,380077,24179,23916,1688,25604,302
2021-07-10,Plumas,063,18699,729,717,15,732,4
2021-07-10,Riverside,065,2383286,294914,293474,15002,308476,4541
2021-07-10,Sacramento,067,1510023,110337,109091,1989,111080,1682
2021-07-10,San Benito,069,59416,6170,6141,119,6260,63
2021-07-10,San Bernardino,071,2135413,295978,294932,9575,304507,5117
2021-07-10,San Diego,073,3302833,285823,283577,15835,299412,3783
2021-07-10,San Francisco,075,870044,37910,37338,1453,38791,559
2021-07-10,San Joaquin,077,732212,74718,74150,3910,78060,1412
2021-07-10,San Luis Obispo,079,281455,21495,21375,807,22182,258
2021-07-10,San Mateo,081,765935,43350,42948,523,43471,542
2021-07-10,Santa Barbara,083,443738,34888,34595,1261,35856,460
2021-07-10,Santa Clara,085,1922200,120086,119330,828,120158,2094
2021-07-10,Santa Cruz,087,273765,16356,16286,882,17168,207
2021-07-10,Shasta,089,179085,12684,12623,1728,14351,206
2021-07-10,Sierra,091,2930,64,61,14,75,0
2021-07-10,Siskiyou,093,43540,1983,1909,417,2326,29
2021-07-10,Solano,095,438530,34024,33678,618,34296,268
2021-07-10,Sonoma,097,501317,31546,31231,382,31613,317
2021-07-10,Stanislaus,099,539301,57491,57104,6326,63430,1026
2021-07-10,Sutter,101,95872,9785,9692,99,9791,114
2021-07-10,Tehama,103,63373,5146,5131,622,5753,63
2021-07-10,Trinity,105,12862,402,341,79,420,3
2021-07-10,Tulare,107,460477,50040,49850,9743,59593,853
2021-07-10,Tuolumne,109,53932,4175,4114,38,4152,64
2021-07-10,Ventura,111,848112,82131,81713,3302,85015,1039
2021-07-10,Yolo,113,214977,14389,14250,414,14664,213
2021-07-10,Yuba,115,75493,6317,6238,134,6372,52
2021-07-09,Alameda,001,1643700,91181,90090,2147,92237,1252
2021-07-09,Alpine,003,1148,89,89,0,89,0
2021-07-09,Amador,005,37829,3785,3773,35,3808,47
2021-07-09,Butte,007,227075,12855,12764,1992,14756,202
2021-07-09,Calaveras,009,45235,2239,2214,16,2230,57
2021-07-09,Colusa,011,21464,1977,1969,340,2309,16
2021-07-09,Contra Costa,013,1133247,72211,71376,1423,72799,821
2021-07-09,Del Norte,015,27424,1468,1451,9,1460,8
2021-07-09,El Dorado,017,186661,10607,10508,820,11328,114
2021-07-09,Fresno,019,978130,103361,102675,9186,111861,1730
2021-07-09,Glenn,021,27897,2448,2440,590,3030,20
2021-07-09,Humboldt,023,135768,4641,4574,55,4629,51
2021-07-09,Imperial,025,180216,28800,28729,2921,31650,741
2021-07-09,Inyo,027,18085,1415,1415,5,1420,36
2021-07-09,Kern,029,883053,97940,97538,11724,109262,1346
2021-07-09,Kings,031,150075,23202,23090,1221,24311,246
2021-07-09,Lake,033,64148,3745,3667,13,3680,63
2021-07-09,Lassen,035,31185,5301,5290,122,5412,21
2021-07-09,Los Angeles,037,10098052,1218315,1212043,45044,1257087,24542
2021-07-09,Madera,039,155013,16866,16744,986,17730,241
2021-07-09,Marin,041,260295,14327,14194,276,14470,233
2021-07-09,Mariposa,043,17540,445,442,11,453,5
2021-07-09,Mendocino,045,87422,4251,4153,82,4235,49
2021-07-09,Merced,047,269075,31455,31328,1009,32337,470
2021-07-09,Modoc,049,8938,420,410,147,557,4
2021-07-09,Mono,051,14174,1263,1275,13,1288,3
2021-07-09,Monterey,053,433212,43372,43251,1966,45217,499
2021-07-09,Napa,055,140530,10131,10077,38,10115,81
2021-07-09,Nevada,057,99092,5077,5000,202,5202,72
2021-07-09,Orange,059,3164182,257902,256438,12114,268552,5135
2021-07-09,Placer,061,380077,24157,23916,1682,25598,302
2021-07-09,Plumas,063,18699,727,717,15,732,4
2021-07-09,Riverside,065,2383286,294727,293474,14988,308462,4541
2021-07-09,Sacramento,067,1510023,110184,109091,1981,111072,1682
2021-07-09,San Benito,069,59416,6168,6141,119,6260,63
2021-07-09,San Bernardino,071,2135413,295827,294932,9568,304500,5117
2021-07-09,San Diego,073,3302833,285537,283577,15787,299364,3783
2021-07-09,San Francisco,075,870044,37831,37338,1446,38784,559
2021-07-09,San Joaquin,077,732212,74646,74150,3902,78052,1412
2021-07-09,San Luis Obispo,079,281455,21483,21375,807,22182,258
2021-07-09,San Mateo,081,765935,43304,42948,519,43467,542
2021-07-09,Santa Barbara,083,443738,34868,34595,1260,35855,460
2021-07-09,Santa Clara,085,1922200,119975,119330,828,120158,2094
2021-07-09,Santa Cruz,087,273765,16353,16286,882,17168,207
2021-07-09,Shasta,089,179085,12678,12623,1723,14346,206
2021-07-09,Sierra,091,2930,64,61,14,75,0
2021-07-09,Siskiyou,093,43540,1981,1909,416,2325,29
2021-07-09,Solano,095,438530,33989,33678,614,34292,268
2021-07-09,Sonoma,097,501317,31510,31231,382,31613,317
2021-07-09,Stanislaus,099,539301,57449,57104,6324,63428,1026
2021-07-09,Sutter,101,95872,9776,9692,99,9791,114
2021-07-09,Tehama,103,63373,5144,5131,622,5753,63
2021-07-09,Trinity,105,12862,401,341,76,417,3
2021-07-09,Tulare,107,460477,50027,49850,9737,59587,853
2021-07-09,Tuolumne,109,53932,4172,4114,38,4152,64
2021-07-09,Ventura,111,848112,82076,81713,3293,85006,1039
2021-07-09,Yolo,113,214977,14374,14250,410,14660,213
2021-07-09,Yuba,115,75493,6304,6238,134,6372,52
2021-07-08,Alameda,001,1643700,90971,90090,2142,92232,1252
2021-07-08,Alpine,003,1148,89,89,0,89,0
2021-07-08,Amador,005,37829,3783,3773,35,3808,47
2021-07-08,Butte,007,227075,12842,12764,1989,14753,202
2021-07-08,Calaveras,009,45235,2234,2214,15,2229,57
2021-07-08,Colusa,011,21464,1977,1969,340,2309,16
2021-07-08,Contra Costa,013,1133247,72083,71376,1418,72794,821
2021-07-08,Del Norte,015,27424,1466,1451,9,1460,8
2021-07-08,El Dorado,017,186661,10590,10508,815,11323,114
2021-07-08,Fresno,019,978130,103301,102675,9174,111849,1730
2021-07-08,Glenn,021,27897,2448,2440,590,3030,20
2021-07-08,Humboldt,023,135768,4626,4574,54,4628,51
2021-07-08,Imperial,025,180216,28787,28729,2920,31649,741
2021-07-08,Inyo,027,18085,1415,1415,5,1420,36
2021-07-08,Kern,029,883053,97896,97538,11706,109244,1346
2021-07-08,Kings,031,150075,23193,23090,1221,24311,246
2021-07-08,Lake,033,64148,3731,3667,13,3680,63
2021-07-08,Lassen,035,31185,5298,5290,122,5412,21
2021-07-08,Los Angeles,037,10098052,1217108,1212043,44946,1256989,24542
2021-07-08,Madera,039,155013,16851,16744,986,17730,241
2021-07-08,Marin,041,260295,14312,14194,276,14470,233
2021-07-08,Mariposa,043,17540,444,442,11,453,5
2021-07-08,Mendocino,045,87422,4248,4153,82,4235,49
2021-07-08,Merced,047,269075,31441,31328,1007,32335,470
2021-07-08,Modoc,049,8938,420,410,147,557,4
2021-07-08,Mono,051,14174,1263,1275,13,1288,3
2021-07-08,Monterey,053,433212,43352,43251,1960,45211,499
2021-07-08,Napa,055,140530,10127,10077,38,10115,81
2021-07-08,Nevada,057,99092,5071,5000,202,5202,72
2021-07-08,Orange,059,3164182,257708,256438,12093,268531,5135
2021-07-08,Placer,061,380077,24118,23916,1674,25590,302
2021-07-08,Plumas,063,18699,726,717,15,732,4
2021-07-08,Riverside,065,2383286,294526,293474,14972,308446,4541
2021-07-08,Sacramento,067,1510023,109965,109091,1974,111065,1682
2021-07-08,San Benito,069,59416,6165,6141,119,6260,63
2021-07-08,San Bernardino,071,2135413,295653,294932,9559,304491,5117
2021-07-08,San Diego,073,3302833,285209,283577,15739,299316,3783
2021-07-08,San Francisco,075,870044,37752,37338,1441,38779,559
2021-07-08,San Joaquin,077,732212,74558,74150,3891,78041,1412
2021-07-08,San Luis Obispo,079,281455,21471,21375,804,22179,258
2021-07-08,San Mateo,081,765935,43254,42948,518,43466,542
2021-07-08,Santa Barbara,083,443738,34842,34595,1258,35853,460
2021-07-08,Santa Clara,085,1922200,119882,119330,827,120157,2094
2021-07-08,Santa Cruz,087,273765,16347,16286,882,17168,207
2021-07-08,Shasta,089,179085,12672,12623,1719,14342,206
2021-07-08,Sierra,091,2930,64,61,14,75,0
2021-07-08,Siskiyou,093,43540,1976,1909,413,2322,29
2021-07-08,Solano,095,438530,33937,33678,606,34284,268
2021-07-08,Sonoma,097,501317,31479,31231,381,31612,317
2021-07-08,Stanislaus,099,539301,57415,57104,6319,63423,1026
2021-07-08,Sutter,101,95872,9761,9692,97,9789,114
2021-07-08,Tehama,103,63373,5141,5131,621,5752,63
2021-07-08,Trinity,105,12862,401,341,76,417,3
2021-07-08,Tulare,107,460477,50010,49850,9728,59578,853
2021-07-08,Tuolumne,109,53932,4170,4114,38,4152,64
2021-07-08,Ventura,111,848112,82012,81713,3276,84989,1039
2021-07-08,Yolo,113,214977,14356,14250,408,14658,213
2021-07-08,Yuba,115,75493,6296,6238,134,6372,52
2021-07-07,Alameda,001,1643700,90787,89995,2136,92131,1253
2021-07-07,Alpine,003,1148,89,89,0,89,0
2021-07-07,Amador,005,37829,3778,3770,35,3805,47
2021-07-07,Butte,007,227075,12829,12750,1984,14734,202
2021-07-07,Calaveras,009,45235,2230,2212,15,2227,57
2021-07-07,Colusa,011,21464,1973,1969,340,2309,16
2021-07-07,Contra Costa,013,1133247,71938,71308,1416,72724,821
2021-07-07,Del Norte,015,27424,1461,1446,9,1455,8
2021-07-07,El Dorado,017,186661,10570,10494,813,11307,114
2021-07-07,Fresno,019,978130,103251,102639,9167,111806,1729
2021-07-07,Glenn,021,27897,2448,2441,590,3031,20
2021-07-07,Humboldt,023,135768,4612,4566,54,4620,51
2021-07-07,Imperial,025,180216,28780,28701,2920,31621,740
2021-07-07,Inyo,027,18085,1414,1415,5,1420,36
2021-07-07,Kern,029,883053,97854,97507,11690,109197,1348
2021-07-07,Kings,031,150075,23180,23085,1218,24303,245
2021-07-07,Lake,033,64148,3712,3660,13,3673,63
2021-07-07,Lassen,035,31185,5298,5286,122,5408,21
2021-07-07,Los Angeles,037,10098052,1215937,1211316,44835,1256151,24531
2021-07-07,Madera,039,155013,16841,16733,984,17717,241
2021-07-07,Marin,041,260295,14293,14183,275,14458,233
2021-07-07,Mariposa,043,17540,442,442,11,453,5
2021-07-07,Mendocino,045,87422,4239,4145,82,4227,49
2021-07-07,Merced,047,269075,31426,31317,1007,32324,470
2021-07-07,Modoc,049,8938,420,410,147,557,4
2021-07-07,Mono,051,14174,1262,1274,13,1287,3
2021-07-07,Monterey,053,433212,43328,43233,1958,45191,494
2021-07-07,Napa,055,140530,10116,10078,38,10116,81
2021-07-07,Nevada,057,99092,5064,4996,202,5198,72
2021-07-07,Orange,059,3164182,257481,256301,12070,268371,5132
2021-07-07,Placer,061,380077,24082,23901,1664,25565,302
2021-07-07,Plumas,063,18699,726,710,15,725,4
2021-07-07,Riverside,065,2383286,294312,293331,14961,308292,4538
2021-07-07,Sacramento,067,1510023,109776,108954,1966,110920,1682
2021-07-07,San Benito,069,59416,6160,6137,119,6256,63
2021-07-07,San Bernardino,071,2135413,295485,294787,9552,304339,5087
2021-07-07,San Diego,073,3302833,284891,283377,15699,299076,3782
2021-07-07,San Francisco,075,870044,37660,37284,1438,38722,558
2021-07-07,San Joaquin,077,732212,74482,74095,3875,77970,1410
2021-07-07,San Luis Obispo,079,281455,21462,21360,802,22162,258
2021-07-07,San Mateo,081,765935,43199,42908,515,43423,542
2021-07-07,Santa Barbara,083,443738,34816,34582,1258,35840,460
2021-07-07,Santa Clara,085,1922200,119784,119250,826,120076,2094
2021-07-07,Santa Cruz,087,273765,16338,16279,881,17160,207
2021-07-07,Shasta,089,179085,12664,12613,1716,14329,206
2021-07-07,Sierra,091,2930,64,60,14,74,0
2021-07-07,Siskiyou,093,43540,1970,1908,409,2317,29
2021-07-07,Solano,095,438530,33889,33659,599,34258,268
2021-07-07,Sonoma,097,501317,31431,31172,381,31553,316
2021-07-07,Stanislaus,099,539301,57370,57102,6314,63416,1028
2021-07-07,Sutter,101,95872,9751,9683,97,9780,114
2021-07-07,Tehama,103,63373,5140,5129,621,5750,63
2021-07-07,Trinity,105,12862,401,341,76,417,3
2021-07-07,Tulare,107,460477,50006,49835,9719,59554,853
2021-07-07,Tuolumne,109,53932,4166,4115,37,4152,64
2021-07-07,Ventura,111,848112,81969,81608,3261,84869,1036
2021-07-07,Yolo,113,214977,14346,14236,405,14641,213
2021-07-07,Yuba,115,75493,6280,6233,134,6367,51
2021-07-06,Alameda,001,1643700,90592,89918,2127,92045,1253
2021-07-06,Alpine,003,1148,89,89,0,89,0
2021-07-06,Amador,005,37829,3777,3768,34,3802,47
2021-07-06,Butte,007,227075,12816,12744,1981,14725,201
2021-07-06,Calaveras,009,45235,2230,2211,15,2226,55
2021-07-06,Colusa,011,21464,1972,1967,337,2304,16
2021-07-06,Contra Costa,013,1133247,71809,71262,1414,72676,820
2021-07-06,Del Norte,015,27424,1457,1445,9,1454,8
2021-07-06,El Dorado,017,186661,10552,10484,812,11296,113
2021-07-06,Fresno,019,978130,103199,102616,9156,111772,1727
2021-07-06,Glenn,021,27897,2447,2438,590,3028,20
2021-07-06,Humboldt,023,135768,4598,4565,53,4618,49
2021-07-06,Imperial,025,180216,28765,28693,2918,31611,739
2021-07-06,Inyo,027,18085,1414,1412,5,1417,36
2021-07-06,Kern,029,883053,97813,97491,11679,109170,1346
2021-07-06,Kings,031,150075,23172,23077,1217,24294,245
2021-07-06,Lake,033,64148,3702,3659,13,3672,63
2021-07-06,Lassen,035,31185,5297,5288,121,5409,21
2021-07-06,Los Angeles,037,10098052,1214728,1210965,44735,1255700,24525
2021-07-06,Madera,039,155013,16830,16730,984,17714,241
2021-07-06,Marin,041,260295,14279,14181,275,14456,233
2021-07-06,Mariposa,043,17540,442,442,11,453,5
2021-07-06,Mendocino,045,87422,4232,4143,82,4225,49
2021-07-06,Merced,047,269075,31409,31317,1006,32323,470
2021-07-06,Modoc,049,8938,420,411,147,558,4
2021-07-06,Mono,051,14174,1260,1274,13,1287,3
2021-07-06,Monterey,053,433212,43306,43224,1957,45181,494
2021-07-06,Napa,055,140530,10105,10081,38,10119,81
2021-07-06,Nevada,057,99092,5055,4988,202,5190,72
2021-07-06,Orange,059,3164182,257239,256227,12053,268280,5129
2021-07-06,Placer,061,380077,24041,23876,1658,25534,302
2021-07-06,Plumas,063,18699,725,708,15,723,4
2021-07-06,Riverside,065,2383286,294107,293227,14943,308170,4539
2021-07-06,Sacramento,067,1510023,109565,108850,1958,110808,1679
2021-07-06,San Benito,069,59416,6156,6137,119,6256,63
2021-07-06,San Bernardino,071,2135413,295310,294712,9539,304251,5056
2021-07-06,San Diego,073,3302833,284536,283278,15640,298918,3782
2021-07-06,San Francisco,075,870044,37544,37251,1435,38686,558
2021-07-06,San Joaquin,077,732212,74413,74019,3863,77882,1410
2021-07-06,San Luis Obispo,079,281455,21445,21354,801,22155,257
2021-07-06,San Mateo,081,765935,43124,42895,515,43410,541
2021-07-06,Santa Barbara,083,443738,34798,34572,1256,35828,460
2021-07-06,Santa Clara,085,1922200,119666,119194,823,120017,2095
2021-07-06,Santa Cruz,087,273765,16333,16274,880,17154,207
2021-07-06,Shasta,089,179085,12654,12606,1714,14320,205
2021-07-06,Sierra,091,2930,63,60,14,74,0
2021-07-06,Siskiyou,093,43540,1967,1905,405,2310,29
2021-07-06,Solano,095,438530,33839,33619,596,34215,268
2021-07-06,Sonoma,097,501317,31368,31130,380,31510,316
2021-07-06,Stanislaus,099,539301,57308,57120,6302,63422,1029
2021-07-06,Sutter,101,95872,9742,9674,96,9770,114
2021-07-06,Tehama,103,63373,5137,5126,620,5746,63
2021-07-06,Trinity,105,12862,401,341,76,417,3
2021-07-06,Tulare,107,460477,49991,49826,9708,59534,853
2021-07-06,Tuolumne,109,53932,4164,4113,37,4150,64
2021-07-06,Ventura,111,848112,81929,81534,3235,84769,1033
2021-07-06,Yolo,113,214977,14325,14227,400,14627,213
2021-07-06,Yuba,115,75493,6269,6231,134,6365,51
2021-07-05,Alameda,001,1643700,90415,89892,2121,92013,1253
2021-07-05,Alpine,003,1148,89,89,0,89,0
2021-07-05,Amador,005,37829,3775,3768,34,3802,47
2021-07-05,Butte,007,227075,12808,12740,1971,14711,201
2021-07-05,Calaveras,009,45235,2228,2211,15,2226,55
2021-07-05,Colusa,011,21464,1970,1966,336,2302,16
2021-07-05,Contra Costa,013,1133247,71683,71235,1414,72649,820
2021-07-05,Del Norte,015,27424,1453,1446,9,1455,8
2021-07-05,El Dorado,017,186661,10527,10481,812,11293,113
2021-07-05,Fresno,019,978130,103142,102592,9138,111730,1727
2021-07-05,Glenn,021,27897,2444,2438,589,3027,20
2021-07-05,Humboldt,023,135768,4584,4563,53,4616,49
2021-07-05,Imperial,025,180216,28747,28689,2918,31607,739
2021-07-05,Inyo,027,18085,1414,1412,5,1417,36
2021-07-05,Kern,029,883053,97765,97479,11658,109137,1346
2021-07-05,Kings,031,150075,23164,23065,1214,24279,245
2021-07-05,Lake,033,64148,3684,3645,13,3658,63
2021-07-05,Lassen,035,31185,5294,5288,120,5408,21
2021-07-05,Los Angeles,037,10098052,1213547,1210653,44629,1255282,24522
2021-07-05,Madera,039,155013,16819,16722,983,17705,241
2021-07-05,Marin,041,260295,14257,14178,275,14453,233
2021-07-05,Mariposa,043,17540,442,441,11,452,5
2021-07-05,Mendocino,045,87422,4227,4139,82,4221,49
2021-07-05,Merced,047,269075,31389,31312,1006,32318,470
2021-07-05,Modoc,049,8938,420,410,147,557,4
2021-07-05,Mono,051,14174,1260,1273,13,1286,3
2021-07-05,Monterey,053,433212,43286,43218,1952,45170,494
2021-07-05,Napa,055,140530,10099,10074,38,10112,81
2021-07-05,Nevada,057,99092,5037,4980,201,5181,72
2021-07-05,Orange,059,3164182,257038,256173,12034,268207,5129
2021-07-05,Placer,061,380077,23994,23867,1650,25517,302
2021-07-05,Plumas,063,18699,724,708,15,723,4
2021-07-05,Riverside,065,2383286,293914,293193,14930,308123,4539
2021-07-05,Sacramento,067,1510023,109383,108758,1949,110707,1679
2021-07-05,San Benito,069,59416,6149,6137,119,6256,63
2021-07-05,San Bernardino,071,2135413,295149,294647,9532,304179,5037
2021-07-05,San Diego,073,3302833,284176,282834,15595,298429,3782
2021-07-05,San Francisco,075,870044,37457,37237,1430,38667,558
2021-07-05,San Joaquin,077,732212,74343,73999,3857,77856,1410
2021-07-05,San Luis Obispo,079,281455,21432,21351,800,22151,257
2021-07-05,San Mateo,081,765935,43072,42876,512,43388,541
2021-07-05,Santa Barbara,083,443738,34778,34569,1256,35825,460
2021-07-05,Santa Clara,085,1922200,119562,119184,821,120005,2095
2021-07-05,Santa Cruz,087,273765,16323,16273,879,17152,208
2021-07-05,Shasta,089,179085,12645,12603,1712,14315,205
2021-07-05,Sierra,091,2930,63,60,14,74,0
2021-07-05,Siskiyou,093,43540,1966,1904,403,2307,29
2021-07-05,Solano,095,438530,33770,33612,590,34202,268
2021-07-05,Sonoma,097,501317,31315,31116,380,31496,316
2021-07-05,Stanislaus,099,539301,57272,57109,6292,63401,1029
2021-07-05,Sutter,101,95872,9730,9667,96,9763,114
2021-07-05,Tehama,103,63373,5136,5125,620,5745,63
2021-07-05,Trinity,105,12862,400,341,75,416,3
2021-07-05,Tulare,107,460477,49973,49818,9705,59523,853
2021-07-05,Tuolumne,109,53932,4160,4112,37,4149,64
2021-07-05,Ventura,111,848112,81880,81519,3214,84733,1033
2021-07-05,Yolo,113,214977,14307,14225,391,14616,213
2021-07-05,Yuba,115,75493,6261,6223,134,6357,51
2021-07-04,Alameda,001,1643700,90248,89683,2117,91800,1253
2021-07-04,Alpine,003,1148,89,89,0,89,0
2021-07-04,Amador,005,37829,3774,3758,34,3792,46
2021-07-04,Butte,007,227075,12798,12684,1971,14655,201
2021-07-04,Calaveras,009,45235,2228,2200,15,2215,55
2021-07-04,Colusa,011,21464,1970,1969,336,2305,15
2021-07-04,Contra Costa,013,1133247,71577,70941,1409,72350,818
2021-07-04,Del Norte,015,27424,1450,1439,9,1448,8
2021-07-04,El Dorado,017,186661,10518,10433,811,11244,113
2021-07-04,Fresno,019,978130,103098,102512,9119,111631,1727
2021-07-04,Glenn,021,27897,2442,2442,588,3030,20
2021-07-04,Humboldt,023,135768,4576,4530,53,4583,49
2021-07-04,Imperial,025,180216,28741,28661,2918,31579,739
2021-07-04,Inyo,027,18085,1414,1412,5,1417,35
2021-07-04,Kern,029,883053,97747,97421,11648,109069,1347
2021-07-04,Kings,031,150075,23157,23051,1214,24265,245
2021-07-04,Lake,033,64148,3674,3623,13,3636,62
2021-07-04,Lassen,035,31185,5293,5277,120,5397,20
2021-07-04,Los Angeles,037,10098052,1212702,1208705,44536,1253241,24506
2021-07-04,Madera,039,155013,16807,16696,981,17677,240
2021-07-04,Marin,041,260295,14242,14143,275,14418,233
2021-07-04,Mariposa,043,17540,442,441,11,452,5
2021-07-04,Mendocino,045,87422,4217,4122,82,4204,49
2021-07-04,Merced,047,269075,31378,31297,1006,32303,469
2021-07-04,Modoc,049,8938,420,410,147,557,4
2021-07-04,Mono,051,14174,1260,1275,13,1288,3
2021-07-04,Monterey,053,433212,43270,43212,1951,45163,492
2021-07-04,Napa,055,140530,10091,10045,37,10082,81
2021-07-04,Nevada,057,99092,5028,4966,201,5167,72
2021-07-04,Orange,059,3164182,256863,255823,12013,267836,5126
2021-07-04,Placer,061,380077,23957,23764,1643,25407,299
2021-07-04,Plumas,063,18699,724,707,15,722,4
2021-07-04,Riverside,065,2383286,293756,293260,14922,308182,4536
2021-07-04,Sacramento,067,1510023,109214,108257,1943,110200,1676
2021-07-04,San Benito,069,59416,6142,6108,119,6227,63
2021-07-04,San Bernardino,071,2135413,294982,294294,9525,303819,5003
2021-07-04,San Diego,073,3302833,283952,282692,15557,298249,3780
2021-07-04,San Francisco,075,870044,37401,37107,1424,38531,558
2021-07-04,San Joaquin,077,732212,74277,73841,3849,77690,1409
2021-07-04,San Luis Obispo,079,281455,21426,21330,799,22129,256
2021-07-04,San Mateo,081,765935,43038,42691,512,43203,541
2021-07-04,Santa Barbara,083,443738,34756,34526,1255,35781,456
2021-07-04,Santa Clara,085,1922200,119472,118966,820,119786,2090
2021-07-04,Santa Cruz,087,273765,16312,16254,879,17133,208
2021-07-04,Shasta,089,179085,12641,12582,1711,14293,204
2021-07-04,Sierra,091,2930,62,60,14,74,0
2021-07-04,Siskiyou,093,43540,1962,1899,402,2301,29
2021-07-04,Solano,095,438530,33729,33486,588,34074,268
2021-07-04,Sonoma,097,501317,31285,31000,379,31379,316
2021-07-04,Stanislaus,099,539301,57249,57018,6286,63304,1018
2021-07-04,Sutter,101,95872,9719,9644,96,9740,114
2021-07-04,Tehama,103,63373,5132,5124,620,5744,63
2021-07-04,Trinity,105,12862,399,341,75,416,3
2021-07-04,Tulare,107,460477,49963,49789,9702,59491,853
2021-07-04,Tuolumne,109,53932,4152,4113,37,4150,64
2021-07-04,Ventura,111,848112,81823,81425,3203,84628,1033
2021-07-04,Yolo,113,214977,14287,14188,388,14576,213
2021-07-04,Yuba,115,75493,6253,6197,134,6331,51
2021-07-03,Alameda,001,1643700,90164,89683,2109,91792,1253
2021-07-03,Alpine,003,1148,89,89,0,89,0
2021-07-03,Amador,005,37829,3774,3758,34,3792,46
2021-07-03,Butte,007,227075,12794,12684,1970,14654,201
2021-07-03,Calaveras,009,45235,2227,2200,15,2215,55
2021-07-03,Colusa,011,21464,1970,1969,335,2304,15
2021-07-03,Contra Costa,013,1133247,71518,70941,1406,72347,818
2021-07-03,Del Norte,015,27424,1447,1439,9,1448,8
2021-07-03,El Dorado,017,186661,10511,10433,809,11242,113
2021-07-03,Fresno,019,978130,103073,102512,9110,111622,1727
2021-07-03,Glenn,021,27897,2442,2442,588,3030,20
2021-07-03,Humboldt,023,135768,4571,4530,53,4583,49
2021-07-03,Imperial,025,180216,28731,28661,2918,31579,739
2021-07-03,Inyo,027,18085,1414,1412,5,1417,35
2021-07-03,Kern,029,883053,97727,97421,11640,109061,1347
2021-07-03,Kings,031,150075,23157,23051,1213,24264,245
2021-07-03,Lake,033,64148,3664,3623,13,3636,62
2021-07-03,Lassen,035,31185,5292,5277,120,5397,20
2021-07-03,Los Angeles,037,10098052,1212276,1208705,44506,1253211,24506
2021-07-03,Madera,039,155013,16798,16696,978,17674,240
2021-07-03,Marin,041,260295,14238,14143,275,14418,233
2021-07-03,Mariposa,043,17540,442,441,11,452,5
2021-07-03,Mendocino,045,87422,4216,4122,82,4204,49
2021-07-03,Merced,047,269075,31365,31297,1005,32302,469
2021-07-03,Modoc,049,8938,419,410,147,557,4
2021-07-03,Mono,051,14174,1259,1275,13,1288,3
2021-07-03,Monterey,053,433212,43258,43212,1948,45160,492
2021-07-03,Napa,055,140530,10086,10045,37,10082,81
2021-07-03,Nevada,057,99092,5014,4966,201,5167,72
2021-07-03,Orange,059,3164182,256779,255823,12006,267829,5126
2021-07-03,Placer,061,380077,23938,23764,1640,25404,299
2021-07-03,Plumas,063,18699,724,707,15,722,4
2021-07-03,Riverside,065,2383286,293664,293260,14918,308178,4536
2021-07-03,Sacramento,067,1510023,109140,108257,1940,110197,1676
2021-07-03,San Benito,069,59416,6135,6108,119,6227,63
2021-07-03,San Bernardino,071,2135413,294892,294294,9522,303816,5003
2021-07-03,San Diego,073,3302833,283821,282692,15538,298230,3780
2021-07-03,San Francisco,075,870044,37360,37107,1421,38528,558
2021-07-03,San Joaquin,077,732212,74242,73841,3843,77684,1409
2021-07-03,San Luis Obispo,079,281455,21414,21330,799,22129,256
2021-07-03,San Mateo,081,765935,43013,42691,511,43202,541
2021-07-03,Santa Barbara,083,443738,34747,34526,1254,35780,456
2021-07-03,Santa Clara,085,1922200,119425,118966,820,119786,2090
2021-07-03,Santa Cruz,087,273765,16305,16254,879,17133,208
2021-07-03,Shasta,089,179085,12637,12582,1709,14291,204
2021-07-03,Sierra,091,2930,62,60,14,74,0
2021-07-03,Siskiyou,093,43540,1961,1899,401,2300,29
2021-07-03,Solano,095,438530,33687,33486,588,34074,268
2021-07-03,Sonoma,097,501317,31251,31000,379,31379,316
2021-07-03,Stanislaus,099,539301,57235,57018,6278,63296,1018
2021-07-03,Sutter,101,95872,9709,9644,96,9740,114
2021-07-03,Tehama,103,63373,5130,5124,620,5744,63
2021-07-03,Trinity,105,12862,399,341,75,416,3
2021-07-03,Tulare,107,460477,49957,49789,9696,59485,853
2021-07-03,Tuolumne,109,53932,4151,4113,37,4150,64
2021-07-03,Ventura,111,848112,81793,81425,3195,84620,1033
2021-07-03,Yolo,113,214977,14277,14188,385,14573,213
2021-07-03,Yuba,115,75493,6247,6197,134,6331,51
2021-07-02,Alameda,001,1643700,90082,89683,2108,91791,1253
2021-07-02,Alpine,003,1148,89,89,0,89,0
2021-07-02,Amador,005,37829,3772,3758,34,3792,46
2021-07-02,Butte,007,227075,12787,12684,1970,14654,201
2021-07-02,Calaveras,009,45235,2226,2200,15,2215,55
2021-07-02,Colusa,011,21464,1969,1969,334,2303,15
2021-07-02,Contra Costa,013,1133247,71449,70941,1402,72343,818
2021-07-02,Del Norte,015,27424,1447,1439,9,1448,8
2021-07-02,El Dorado,017,186661,10503,10433,809,11242,113
2021-07-02,Fresno,019,978130,103044,102512,9104,111616,1727
2021-07-02,Glenn,021,27897,2441,2442,587,3029,20
2021-07-02,Humboldt,023,135768,4568,4530,52,4582,49
2021-07-02,Imperial,025,180216,28725,28661,2917,31578,739
2021-07-02,Inyo,027,18085,1414,1412,5,1417,35
2021-07-02,Kern,029,883053,97709,97421,11631,109052,1347
2021-07-02,Kings,031,150075,23147,23051,1213,24264,245
2021-07-02,Lake,033,64148,3658,3623,13,3636,62
2021-07-02,Lassen,035,31185,5292,5277,120,5397,20
2021-07-02,Los Angeles,037,10098052,1211802,1208705,44467,1253172,24506
2021-07-02,Madera,039,155013,16789,16696,977,17673,240
2021-07-02,Marin,041,260295,14233,14143,275,14418,233
2021-07-02,Mariposa,043,17540,442,441,11,452,5
2021-07-02,Mendocino,045,87422,4212,4122,81,4203,49
2021-07-02,Merced,047,269075,31356,31297,1005,32302,469
2021-07-02,Modoc,049,8938,419,410,147,557,4
2021-07-02,Mono,051,14174,1258,1275,13,1288,3
2021-07-02,Monterey,053,433212,43250,43212,1947,45159,492
2021-07-02,Napa,055,140530,10081,10045,37,10082,81
2021-07-02,Nevada,057,99092,5005,4966,201,5167,72
2021-07-02,Orange,059,3164182,256666,255823,11999,267822,5126
2021-07-02,Placer,061,380077,23921,23764,1633,25397,299
2021-07-02,Plumas,063,18699,724,707,15,722,4
2021-07-02,Riverside,065,2383286,293567,293260,14913,308173,4536
2021-07-02,Sacramento,067,1510023,109062,108257,1939,110196,1676
2021-07-02,San Benito,069,59416,6132,6108,119,6227,63
2021-07-02,San Bernardino,071,2135413,294806,294294,9520,303814,5003
2021-07-02,San Diego,073,3302833,283676,282692,15512,298204,3780
2021-07-02,San Francisco,075,870044,37312,37107,1419,38526,558
2021-07-02,San Joaquin,077,732212,74210,73841,3837,77678,1409
2021-07-02,San Luis Obispo,079,281455,21408,21330,798,22128,256
2021-07-02,San Mateo,081,765935,42977,42691,511,43202,541
2021-07-02,Santa Barbara,083,443738,34738,34526,1254,35780,456
2021-07-02,Santa Clara,085,1922200,119347,118966,820,119786,2090
2021-07-02,Santa Cruz,087,273765,16301,16254,879,17133,208
2021-07-02,Shasta,089,179085,12633,12582,1709,14291,204
2021-07-02,Sierra,091,2930,61,60,14,74,0
2021-07-02,Siskiyou,093,43540,1958,1899,400,2299,29
2021-07-02,Solano,095,438530,33662,33486,588,34074,268
2021-07-02,Sonoma,097,501317,31228,31000,379,31379,316
2021-07-02,Stanislaus,099,539301,57213,57018,6277,63295,1018
2021-07-02,Sutter,101,95872,9704,9644,96,9740,114
2021-07-02,Tehama,103,63373,5128,5124,618,5742,63
2021-07-02,Trinity,105,12862,399,341,75,416,3
2021-07-02,Tulare,107,460477,49947,49789,9688,59477,853
2021-07-02,Tuolumne,109,53932,4148,4113,37,4150,64
2021-07-02,Ventura,111,848112,81750,81425,3187,84612,1033
2021-07-02,Yolo,113,214977,14262,14188,383,14571,213
2021-07-02,Yuba,115,75493,6239,6197,134,6331,51
2021-07-01,Alameda,001,1643700,89977,89683,2106,91789,1253
2021-07-01,Alpine,003,1148,89,89,0,89,0
2021-07-01,Amador,005,37829,3771,3758,34,3792,46
2021-07-01,Butte,007,227075,12775,12684,1968,14652,201
2021-07-01,Calaveras,009,45235,2224,2200,15,2215,55
2021-07-01,Colusa,011,21464,1969,1969,332,2301,15
2021-07-01,Contra Costa,013,1133247,71378,70941,1401,72342,818
2021-07-01,Del Norte,015,27424,1446,1439,9,1448,8
2021-07-01,El Dorado,017,186661,10491,10433,809,11242,113
2021-07-01,Fresno,019,978130,103005,102512,9099,111611,1727
2021-07-01,Glenn,021,27897,2441,2442,587,3029,20
2021-07-01,Humboldt,023,135768,4566,4530,52,4582,49
2021-07-01,Imperial,025,180216,28708,28661,2917,31578,739
2021-07-01,Inyo,027,18085,1414,1412,5,1417,35
2021-07-01,Kern,029,883053,97683,97421,11620,109041,1347
2021-07-01,Kings,031,150075,23133,23051,1213,24264,245
2021-07-01,Lake,033,64148,3655,3623,13,3636,62
2021-07-01,Lassen,035,31185,5290,5277,120,5397,20
2021-07-01,Los Angeles,037,10098052,1211205,1208705,44411,1253116,24506
2021-07-01,Madera,039,155013,16780,16696,976,17672,240
2021-07-01,Marin,041,260295,14229,14143,275,14418,233
2021-07-01,Mariposa,043,17540,442,441,11,452,5
2021-07-01,Mendocino,045,87422,4208,4122,80,4202,49
2021-07-01,Merced,047,269075,31350,31297,1005,32302,469
2021-07-01,Modoc,049,8938,419,410,147,557,4
2021-07-01,Mono,051,14174,1257,1275,13,1288,3
2021-07-01,Monterey,053,433212,43242,43212,1943,45155,492
2021-07-01,Napa,055,140530,10074,10045,37,10082,81
2021-07-01,Nevada,057,99092,5000,4966,201,5167,72
2021-07-01,Orange,059,3164182,256548,255823,11979,267802,5126
2021-07-01,Placer,061,380077,23903,23764,1630,25394,299
2021-07-01,Plumas,063,18699,721,707,13,720,4
2021-07-01,Riverside,065,2383286,293458,293260,14905,308165,4536
2021-07-01,Sacramento,067,1510023,108937,108257,1932,110189,1676
2021-07-01,San Benito,069,59416,6128,6108,119,6227,63
2021-07-01,San Bernardino,071,2135413,294687,294294,9514,303808,5003
2021-07-01,San Diego,073,3302833,283498,282692,15475,298167,3780
2021-07-01,San Francisco,075,870044,37276,37107,1417,38524,558
2021-07-01,San Joaquin,077,732212,74159,73841,3833,77674,1409
2021-07-01,San Luis Obispo,079,281455,21393,21330,797,22127,256
2021-07-01,San Mateo,081,765935,42949,42691,510,43201,541
2021-07-01,Santa Barbara,083,443738,34727,34526,1254,35780,456
2021-07-01,Santa Clara,085,1922200,119298,118966,820,119786,2090
2021-07-01,Santa Cruz,087,273765,16297,16254,878,17132,208
2021-07-01,Shasta,089,179085,12625,12582,1708,14290,204
2021-07-01,Sierra,091,2930,61,60,14,74,0
2021-07-01,Siskiyou,093,43540,1958,1899,400,2299,29
2021-07-01,Solano,095,438530,33621,33486,587,34073,268
2021-07-01,Sonoma,097,501317,31184,31000,379,31379,316
2021-07-01,Stanislaus,099,539301,57190,57018,6273,63291,1018
2021-07-01,Sutter,101,95872,9695,9644,96,9740,114
2021-07-01,Tehama,103,63373,5128,5124,617,5741,63
2021-07-01,Trinity,105,12862,399,341,75,416,3
2021-07-01,Tulare,107,460477,49938,49789,9681,59470,853
2021-07-01,Tuolumne,109,53932,4141,4113,37,4150,64
2021-07-01,Ventura,111,848112,81719,81425,3176,84601,1033
2021-07-01,Yolo,113,214977,14247,14188,381,14569,213
2021-07-01,Yuba,115,75493,6232,6197,134,6331,51
2021-06-30,Alameda,001,1643700,89892,89597,2102,91699,1256
2021-06-30,Alpine,003,1148,89,89,0,89,0
2021-06-30,Amador,005,37829,3769,3756,34,3790,46
2021-06-30,Butte,007,227075,12768,12676,1959,14635,201
2021-06-30,Calaveras,009,45235,2219,2198,15,2213,55
2021-06-30,Colusa,011,21464,1967,1967,329,2296,15
2021-06-30,Contra Costa,013,1133247,71314,70869,1398,72267,818
2021-06-30,Del Norte,015,27424,1441,1435,9,1444,8
2021-06-30,El Dorado,017,186661,10472,10420,809,11229,113
2021-06-30,Fresno,019,978130,102969,102490,9096,111586,1727
2021-06-30,Glenn,021,27897,2439,2440,587,3027,20
2021-06-30,Humboldt,023,135768,4550,4522,50,4572,49
2021-06-30,Imperial,025,180216,28700,28651,2917,31568,739
2021-06-30,Inyo,027,18085,1414,1409,5,1414,35
2021-06-30,Kern,029,883053,97644,97267,11608,108875,1348
2021-06-30,Kings,031,150075,23128,23038,1212,24250,245
2021-06-30,Lake,033,64148,3642,3601,13,3614,56
2021-06-30,Lassen,035,31185,5285,5269,120,5389,20
2021-06-30,Los Angeles,037,10098052,1210537,1208246,44366,1252612,24499
2021-06-30,Madera,039,155013,16773,16688,974,17662,240
2021-06-30,Marin,041,260295,14221,14133,273,14406,232
2021-06-30,Mariposa,043,17540,441,441,11,452,5
2021-06-30,Mendocino,045,87422,4198,4115,80,4195,49
2021-06-30,Merced,047,269075,31340,31286,1005,32291,469
2021-06-30,Modoc,049,8938,419,410,147,557,4
2021-06-30,Mono,051,14174,1257,1275,13,1288,3
2021-06-30,Monterey,053,433212,43237,43209,1941,45150,492
2021-06-30,Napa,055,140530,10066,10039,37,10076,81
2021-06-30,Nevada,057,99092,4989,4958,201,5159,72
2021-06-30,Orange,059,3164182,256420,255764,11969,267733,5125
2021-06-30,Placer,061,380077,23880,23721,1626,25347,299
2021-06-30,Plumas,063,18699,721,705,13,718,4
2021-06-30,Riverside,065,2383286,293346,293280,14893,308173,4535
2021-06-30,Sacramento,067,1510023,108799,108137,1927,110064,1676
2021-06-30,San Benito,069,59416,6124,6105,119,6224,63
2021-06-30,San Bernardino,071,2135413,294527,294211,9509,303720,4975
2021-06-30,San Diego,073,3302833,283362,282583,15447,298030,3780
2021-06-30,San Francisco,075,870044,37227,37065,1412,38477,558
2021-06-30,San Joaquin,077,732212,74098,73777,3831,77608,1409
2021-06-30,San Luis Obispo,079,281455,21380,21326,796,22122,256
2021-06-30,San Mateo,081,765935,42912,42599,509,43108,537
2021-06-30,Santa Barbara,083,443738,34711,34521,1254,35775,456
2021-06-30,Santa Clara,085,1922200,119251,118930,817,119747,2090
2021-06-30,Santa Cruz,087,273765,16291,16250,878,17128,208
2021-06-30,Shasta,089,179085,12619,12564,1708,14272,204
2021-06-30,Sierra,091,2930,61,60,14,74,0
2021-06-30,Siskiyou,093,43540,1956,1900,397,2297,29
2021-06-30,Solano,095,438530,33583,33453,585,34038,268
2021-06-30,Sonoma,097,501317,31154,30947,379,31326,316
2021-06-30,Stanislaus,099,539301,57168,56997,6272,63269,1018
2021-06-30,Sutter,101,95872,9685,9638,96,9734,114
2021-06-30,Tehama,103,63373,5126,5124,617,5741,63
2021-06-30,Trinity,105,12862,399,341,75,416,3
2021-06-30,Tulare,107,460477,49927,49764,9670,59434,853
2021-06-30,Tuolumne,109,53932,4138,4112,37,4149,64
2021-06-30,Ventura,111,848112,81676,81392,3171,84563,1032
2021-06-30,Yolo,113,214977,14241,14178,378,14556,213
2021-06-30,Yuba,115,75493,6225,6191,134,6325,51
2021-06-29,Alameda,001,1643700,89788,89519,2101,91620,1257
2021-06-29,Alpine,003,1148,89,89,0,89,0
2021-06-29,Amador,005,37829,3765,3754,34,3788,46
2021-06-29,Butte,007,227075,12760,12669,1959,14628,201
2021-06-29,Calaveras,009,45235,2213,2198,15,2213,55
2021-06-29,Colusa,011,21464,1965,1967,329,2296,15
2021-06-29,Contra Costa,013,1133247,71240,70775,1398,72173,817
2021-06-29,Del Norte,015,27424,1440,1435,9,1444,8
2021-06-29,El Dorado,017,186661,10459,10403,805,11208,113
2021-06-29,Fresno,019,978130,102936,102464,9093,111557,1725
2021-06-29,Glenn,021,27897,2438,2439,587,3026,20
2021-06-29,Humboldt,023,135768,4546,4514,49,4563,49
2021-06-29,Imperial,025,180216,28691,28645,2916,31561,737
2021-06-29,Inyo,027,18085,1414,1408,5,1413,35
2021-06-29,Kern,029,883053,97623,97173,11602,108775,1347
2021-06-29,Kings,031,150075,23119,23035,1211,24246,245
2021-06-29,Lake,033,64148,3636,3594,13,3607,56
2021-06-29,Lassen,035,31185,5278,5268,120,5388,20
2021-06-29,Los Angeles,037,10098052,1209934,1207895,44331,1252226,24498
2021-06-29,Madera,039,155013,16769,16680,973,17653,240
2021-06-29,Marin,041,260295,14209,14127,273,14400,232
2021-06-29,Mariposa,043,17540,441,441,11,452,5
2021-06-29,Mendocino,045,87422,4195,4107,79,4186,49
2021-06-29,Merced,047,269075,31328,31277,1005,32282,469
2021-06-29,Modoc,049,8938,418,408,147,555,3
2021-06-29,Mono,051,14174,1257,1275,13,1288,3
2021-06-29,Monterey,053,433212,43227,43196,1939,45135,471
2021-06-29,Napa,055,140530,10060,10033,37,10070,81
2021-06-29,Nevada,057,99092,4982,4952,201,5153,72
2021-06-29,Orange,059,3164182,256322,255686,11954,267640,5124
2021-06-29,Placer,061,380077,23860,23693,1624,25317,299
2021-06-29,Plumas,063,18699,721,704,13,717,4
2021-06-29,Riverside,065,2383286,293247,292962,14886,307848,4524
2021-06-29,Sacramento,067,1510023,108647,108067,1924,109991,1677
2021-06-29,San Benito,069,59416,6113,6099,119,6218,63
2021-06-29,San Bernardino,071,2135413,294419,294118,9507,303625,4940
2021-06-29,San Diego,073,3302833,283208,282499,15420,297919,3780
2021-06-29,San Francisco,075,870044,37189,37041,1409,38450,558
2021-06-29,San Joaquin,077,732212,74050,73724,3828,77552,1409
2021-06-29,San Luis Obispo,079,281455,21370,21324,795,22119,256
2021-06-29,San Mateo,081,765935,42880,42540,507,43047,540
2021-06-29,Santa Barbara,083,443738,34701,34507,1253,35760,455
2021-06-29,Santa Clara,085,1922200,119196,118893,816,119709,2090
2021-06-29,Santa Cruz,087,273765,16285,16249,878,17127,208
2021-06-29,Shasta,089,179085,12607,12564,1707,14271,204
2021-06-29,Sierra,091,2930,61,59,14,73,0
2021-06-29,Siskiyou,093,43540,1953,1897,393,2290,29
2021-06-29,Solano,095,438530,33550,33440,583,34023,268
2021-06-29,Sonoma,097,501317,31112,30950,377,31327,316
2021-06-29,Stanislaus,099,539301,57140,56980,6265,63245,1018
2021-06-29,Sutter,101,95872,9674,9634,96,9730,114
2021-06-29,Tehama,103,63373,5126,5124,617,5741,63
2021-06-29,Trinity,105,12862,399,341,75,416,3
2021-06-29,Tulare,107,460477,49914,49751,9665,59416,852
2021-06-29,Tuolumne,109,53932,4136,4111,37,4148,64
2021-06-29,Ventura,111,848112,81638,81363,3165,84528,1032
2021-06-29,Yolo,113,214977,14229,14171,377,14548,213
2021-06-29,Yuba,115,75493,6215,6188,134,6322,51
2021-06-28,Alameda,001,1643700,89695,89638,2099,91737,1259
2021-06-28,Alpine,003,1148,89,89,0,89,0
2021-06-28,Amador,005,37829,3764,3753,34,3787,46
2021-06-28,Butte,007,227075,12751,12697,1957,14654,198
2021-06-28,Calaveras,009,45235,2210,2203,15,2218,55
2021-06-28,Colusa,011,21464,1963,1974,329,2303,15
2021-06-28,Contra Costa,013,1133247,71166,70807,1396,72203,816
2021-06-28,Del Norte,015,27424,1440,1436,9,1445,8
2021-06-28,El Dorado,017,186661,10449,10422,801,11223,115
2021-06-28,Fresno,019,978130,102906,103121,9091,112212,1727
2021-06-28,Glenn,021,27897,2438,2439,587,3026,20
2021-06-28,Humboldt,023,135768,4539,4520,48,4568,49
2021-06-28,Imperial,025,180216,28683,28981,2915,31896,741
2021-06-28,Inyo,027,18085,1411,1407,5,1412,35
2021-06-28,Kern,029,883053,97604,97252,11597,108849,1348
2021-06-28,Kings,031,150075,23113,23134,1211,24345,246
2021-06-28,Lake,033,64148,3628,3591,13,3604,56
2021-06-28,Lassen,035,31185,5276,5268,120,5388,20
2021-06-28,Los Angeles,037,10098052,1209419,1207714,44293,1252007,24496
2021-06-28,Madera,039,155013,16759,16683,972,17655,240
2021-06-28,Marin,041,260295,14194,14186,273,14459,232
2021-06-28,Mariposa,043,17540,441,440,11,451,5
2021-06-28,Mendocino,045,87422,4186,4102,78,4180,49
2021-06-28,Merced,047,269075,31316,31277,1005,32282,469
2021-06-28,Modoc,049,8938,418,411,146,557,3
2021-06-28,Mono,051,14174,1257,1276,13,1289,3
2021-06-28,Monterey,053,433212,43223,43202,1938,45140,462
2021-06-28,Napa,055,140530,10051,10050,36,10086,81
2021-06-28,Nevada,057,99092,4978,4951,201,5152,72
2021-06-28,Orange,059,3164182,256233,255755,11940,267695,5123
2021-06-28,Placer,061,380077,23840,23756,1619,25375,299
2021-06-28,Plumas,063,18699,719,704,13,717,4
2021-06-28,Riverside,065,2383286,293122,292647,14873,307520,4507
2021-06-28,Sacramento,067,1510023,108515,108342,1919,110261,1675
2021-06-28,San Benito,069,59416,6111,6101,119,6220,63
2021-06-28,San Bernardino,071,2135413,294318,294151,9502,303653,4928
2021-06-28,San Diego,073,3302833,283045,282417,15391,297808,3780
2021-06-28,San Francisco,075,870044,37153,37372,1407,38779,559
2021-06-28,San Joaquin,077,732212,74002,73973,3823,77796,1411
2021-06-28,San Luis Obispo,079,281455,21366,21340,794,22134,256
2021-06-28,San Mateo,081,765935,42847,42927,506,43433,540
2021-06-28,Santa Barbara,083,443738,34694,34534,1251,35785,455
2021-06-28,Santa Clara,085,1922200,119132,120377,815,121192,2103
2021-06-28,Santa Cruz,087,273765,16280,16245,878,17123,208
2021-06-28,Shasta,089,179085,12603,12642,1705,14347,203
2021-06-28,Sierra,091,2930,61,58,14,72,0
2021-06-28,Siskiyou,093,43540,1952,1896,393,2289,29
2021-06-28,Solano,095,438530,33514,33524,581,34105,267
2021-06-28,Sonoma,097,501317,31075,31137,376,31513,315
2021-06-28,Stanislaus,099,539301,57121,57047,6261,63308,1018
2021-06-28,Sutter,101,95872,9670,9682,96,9778,114
2021-06-28,Tehama,103,63373,5124,5122,617,5739,63
2021-06-28,Trinity,105,12862,399,341,75,416,3
2021-06-28,Tulare,107,460477,49905,49751,9660,59411,850
2021-06-28,Tuolumne,109,53932,4129,4121,37,4158,64
2021-06-28,Ventura,111,848112,81581,81393,3160,84553,1032
2021-06-28,Yolo,113,214977,14220,14199,374,14573,213
2021-06-28,Yuba,115,75493,6210,6207,134,6341,51
2021-06-27,Alameda,001,1643700,89609,89611,2095,91706,1259
2021-06-27,Alpine,003,1148,89,89,0,89,0
2021-06-27,Amador,005,37829,3763,3752,34,3786,46
2021-06-27,Butte,007,227075,12742,12696,1956,14652,198
2021-06-27,Calaveras,009,45235,2209,2203,15,2218,55
2021-06-27,Colusa,011,21464,1963,1974,329,2303,15
2021-06-27,Contra Costa,013,1133247,71080,70762,1392,72154,816
2021-06-27,Del Norte,015,27424,1437,1436,9,1445,8
2021-06-27,El Dorado,017,186661,10437,10418,798,11216,115
2021-06-27,Fresno,019,978130,102877,103110,9089,112199,1727
2021-06-27,Glenn,021,27897,2437,2439,586,3025,20
2021-06-27,Humboldt,023,135768,4527,4513,45,4558,49
2021-06-27,Imperial,025,180216,28669,28987,2915,31902,741
2021-06-27,Inyo,027,18085,1411,1407,5,1412,35
2021-06-27,Kern,029,883053,97578,97249,11590,108839,1348
2021-06-27,Kings,031,150075,23103,23132,1211,24343,246
2021-06-27,Lake,033,64148,3621,3581,13,3594,56
2021-06-27,Lassen,035,31185,5275,5265,120,5385,20
2021-06-27,Los Angeles,037,10098052,1208875,1207461,44253,1251714,24493
2021-06-27,Madera,039,155013,16751,16680,972,17652,240
2021-06-27,Marin,041,260295,14185,14182,273,14455,232
2021-06-27,Mariposa,043,17540,441,440,11,451,5
2021-06-27,Mendocino,045,87422,4179,4100,78,4178,49
2021-06-27,Merced,047,269075,31304,31266,1005,32271,469
2021-06-27,Modoc,049,8938,418,411,146,557,3
2021-06-27,Mono,051,14174,1257,1279,13,1292,3
2021-06-27,Monterey,053,433212,43210,43199,1938,45137,462
2021-06-27,Napa,055,140530,10045,10046,36,10082,81
2021-06-27,Nevada,057,99092,4972,4946,201,5147,72
2021-06-27,Orange,059,3164182,256120,255710,11929,267639,5123
2021-06-27,Placer,061,380077,23807,23731,1616,25347,299
2021-06-27,Plumas,063,18699,719,704,13,717,4
2021-06-27,Riverside,065,2383286,293019,292641,14867,307508,4507
2021-06-27,Sacramento,067,1510023,108381,108279,1915,110194,1675
2021-06-27,San Benito,069,59416,6105,6101,119,6220,63
2021-06-27,San Bernardino,071,2135413,294207,294115,9500,303615,4927
2021-06-27,San Diego,073,3302833,282905,282359,15365,297724,3780
2021-06-27,San Francisco,075,870044,37116,37360,1406,38766,559
2021-06-27,San Joaquin,077,732212,73966,73960,3821,77781,1411
2021-06-27,San Luis Obispo,079,281455,21359,21340,793,22133,256
2021-06-27,San Mateo,081,765935,42818,42925,503,43428,539
2021-06-27,Santa Barbara,083,443738,34680,34533,1248,35781,455
2021-06-27,Santa Clara,085,1922200,119081,120352,813,121165,2103
2021-06-27,Santa Cruz,087,273765,16271,16241,878,17119,208
2021-06-27,Shasta,089,179085,12597,12640,1704,14344,203
2021-06-27,Sierra,091,2930,61,58,14,72,0
2021-06-27,Siskiyou,093,43540,1950,1896,392,2288,29
2021-06-27,Solano,095,438530,33486,33516,581,34097,267
2021-06-27,Sonoma,097,501317,31037,31129,376,31505,315
2021-06-27,Stanislaus,099,539301,57074,57021,6258,63279,1018
2021-06-27,Sutter,101,95872,9664,9678,96,9774,114
2021-06-27,Tehama,103,63373,5120,5122,617,5739,63
2021-06-27,Trinity,105,12862,399,341,74,415,3
2021-06-27,Tulare,107,460477,49892,49749,9653,59402,850
2021-06-27,Tuolumne,109,53932,4127,4121,37,4158,64
2021-06-27,Ventura,111,848112,81547,81361,3151,84512,1032
2021-06-27,Yolo,113,214977,14205,14194,370,14564,213
2021-06-27,Yuba,115,75493,6204,6205,134,6339,51
2021-06-26,Alameda,001,1643700,89552,89560,2093,91653,1259
2021-06-26,Alpine,003,1148,89,89,0,89,0
2021-06-26,Amador,005,37829,3763,3748,34,3782,46
2021-06-26,Butte,007,227075,12738,12693,1953,14646,198
2021-06-26,Calaveras,009,45235,2207,2202,15,2217,55
2021-06-26,Colusa,011,21464,1963,1973,329,2302,15
2021-06-26,Contra Costa,013,1133247,71037,70712,1391,72103,816
2021-06-26,Del Norte,015,27424,1436,1432,9,1441,8
2021-06-26,El Dorado,017,186661,10429,10414,797,11211,115
2021-06-26,Fresno,019,978130,102857,103091,9087,112178,1727
2021-06-26,Glenn,021,27897,2435,2441,586,3027,20
2021-06-26,Humboldt,023,135768,4524,4509,45,4554,49
2021-06-26,Imperial,025,180216,28665,28970,2915,31885,741
2021-06-26,Inyo,027,18085,1411,1407,5,1412,35
2021-06-26,Kern,029,883053,97552,97239,11581,108820,1348
2021-06-26,Kings,031,150075,23099,23128,1210,24338,246
2021-06-26,Lake,033,64148,3610,3576,13,3589,56
2021-06-26,Lassen,035,31185,5272,5263,120,5383,20
2021-06-26,Los Angeles,037,10098052,1208573,1207198,44217,1251415,24490
2021-06-26,Madera,039,155013,16744,16679,971,17650,240
2021-06-26,Marin,041,260295,14176,14180,273,14453,232
2021-06-26,Mariposa,043,17540,441,440,11,451,5
2021-06-26,Mendocino,045,87422,4177,4096,78,4174,49
2021-06-26,Merced,047,269075,31298,31259,1004,32263,469
2021-06-26,Modoc,049,8938,418,411,146,557,3
2021-06-26,Mono,051,14174,1257,1279,13,1292,3
2021-06-26,Monterey,053,433212,43207,43192,1938,45130,462
2021-06-26,Napa,055,140530,10039,10043,36,10079,81
2021-06-26,Nevada,057,99092,4967,4939,201,5140,72
2021-06-26,Orange,059,3164182,256044,255640,11922,267562,5123
2021-06-26,Placer,061,380077,23793,23702,1614,25316,299
2021-06-26,Plumas,063,18699,719,704,13,717,4
2021-06-26,Riverside,065,2383286,292962,292480,14861,307341,4505
2021-06-26,Sacramento,067,1510023,108310,108179,1913,110092,1675
2021-06-26,San Benito,069,59416,6101,6100,119,6219,63
2021-06-26,San Bernardino,071,2135413,294113,294034,9495,303529,4928
2021-06-26,San Diego,073,3302833,282820,282263,15347,297610,3780
2021-06-26,San Francisco,075,870044,37084,37348,1405,38753,559
2021-06-26,San Joaquin,077,732212,73937,73928,3820,77748,1411
2021-06-26,San Luis Obispo,079,281455,21358,21330,792,22122,256
2021-06-26,San Mateo,081,765935,42797,42898,503,43401,539
2021-06-26,Santa Barbara,083,443738,34671,34525,1248,35773,455
2021-06-26,Santa Clara,085,1922200,119048,120321,813,121134,2103
2021-06-26,Santa Cruz,087,273765,16268,16239,878,17117,208
2021-06-26,Shasta,089,179085,12593,12635,1700,14335,203
2021-06-26,Sierra,091,2930,61,58,14,72,0
2021-06-26,Siskiyou,093,43540,1949,1896,391,2287,29
2021-06-26,Solano,095,438530,33468,33489,579,34068,267
2021-06-26,Sonoma,097,501317,31011,31088,376,31464,315
2021-06-26,Stanislaus,099,539301,57054,57006,6256,63262,1018
2021-06-26,Sutter,101,95872,9663,9669,96,9765,114
2021-06-26,Tehama,103,63373,5120,5119,617,5736,63
2021-06-26,Trinity,105,12862,399,341,74,415,3
2021-06-26,Tulare,107,460477,49886,49745,9653,59398,850
2021-06-26,Tuolumne,109,53932,4127,4121,37,4158,64
2021-06-26,Ventura,111,848112,81523,81352,3150,84502,1032
2021-06-26,Yolo,113,214977,14196,14184,370,14554,213
2021-06-26,Yuba,115,75493,6201,6200,134,6334,51
2021-06-25,Alameda,001,1643700,89486,89453,2090,91543,1271
2021-06-25,Alpine,003,1148,89,89,0,89,0
2021-06-25,Amador,005,37829,3762,3746,34,3780,46
2021-06-25,Butte,007,227075,12733,12682,1950,14632,198
2021-06-25,Calaveras,009,45235,2206,2201,15,2216,55
2021-06-25,Colusa,011,21464,1963,1972,329,2301,15
2021-06-25,Contra Costa,013,1133247,71001,70659,1391,72050,815
2021-06-25,Del Norte,015,27424,1436,1426,9,1435,8
2021-06-25,El Dorado,017,186661,10421,10406,794,11200,115
2021-06-25,Fresno,019,978130,102840,103073,9083,112156,1727
2021-06-25,Glenn,021,27897,2435,2441,586,3027,20
2021-06-25,Humboldt,023,135768,4518,4503,43,4546,49
2021-06-25,Imperial,025,180216,28662,28968,2915,31883,740
2021-06-25,Inyo,027,18085,1410,1406,5,1411,35
2021-06-25,Kern,029,883053,97533,97182,11577,108759,1347
2021-06-25,Kings,031,150075,23093,23118,1210,24328,246
2021-06-25,Lake,033,64148,3604,3571,13,3584,56
2021-06-25,Lassen,035,31185,5271,5259,120,5379,20
2021-06-25,Los Angeles,037,10098052,1208297,1206909,44199,1251108,24483
2021-06-25,Madera,039,155013,16741,16670,971,17641,240
2021-06-25,Marin,041,260295,14173,14179,273,14452,232
2021-06-25,Mariposa,043,17540,441,440,11,451,5
2021-06-25,Mendocino,045,87422,4174,4089,78,4167,49
2021-06-25,Merced,047,269075,31290,31256,1004,32260,467
2021-06-25,Modoc,049,8938,418,411,146,557,3
2021-06-25,Mono,051,14174,1257,1279,13,1292,3
2021-06-25,Monterey,053,433212,43202,43184,1937,45121,462
2021-06-25,Napa,055,140530,10034,10037,36,10073,81
2021-06-25,Nevada,057,99092,4964,4932,201,5133,72
2021-06-25,Orange,059,3164182,255974,255574,11919,267493,5119
2021-06-25,Placer,061,380077,23774,23672,1613,25285,299
2021-06-25,Plumas,063,18699,719,702,12,714,4
2021-06-25,Riverside,065,2383286,292895,291663,14855,306518,4490
2021-06-25,Sacramento,067,1510023,108238,108034,1910,109944,1673
2021-06-25,San Benito,069,59416,6097,6098,119,6217,63
2021-06-25,San Bernardino,071,2135413,294058,293941,9493,303434,4911
2021-06-25,San Diego,073,3302833,282760,282157,15334,297491,3779
2021-06-25,San Francisco,075,870044,37061,37338,1404,38742,559
2021-06-25,San Joaquin,077,732212,73904,73860,3818,77678,1410
2021-06-25,San Luis Obispo,079,281455,21355,21325,791,22116,256
2021-06-25,San Mateo,081,765935,42779,42849,503,43352,537
2021-06-25,Santa Barbara,083,443738,34663,34518,1247,35765,454
2021-06-25,Santa Clara,085,1922200,119028,120272,813,121085,2103
2021-06-25,Santa Cruz,087,273765,16265,16230,876,17106,208
2021-06-25,Shasta,089,179085,12583,12633,1699,14332,202
2021-06-25,Sierra,091,2930,61,58,14,72,0
2021-06-25,Siskiyou,093,43540,1948,1894,391,2285,29
2021-06-25,Solano,095,438530,33448,33449,579,34028,267
2021-06-25,Sonoma,097,501317,30988,31043,376,31419,314
2021-06-25,Stanislaus,099,539301,57035,56973,6249,63222,1018
2021-06-25,Sutter,101,95872,9656,9664,96,9760,114
2021-06-25,Tehama,103,63373,5119,5119,617,5736,63
2021-06-25,Trinity,105,12862,399,338,74,412,3
2021-06-25,Tulare,107,460477,49880,49731,9649,59380,850
2021-06-25,Tuolumne,109,53932,4126,4121,37,4158,64
2021-06-25,Ventura,111,848112,81494,81342,3144,84486,1032
2021-06-25,Yolo,113,214977,14190,14172,370,14542,213
2021-06-25,Yuba,115,75493,6197,6195,134,6329,51
2021-06-24,Alameda,001,1643700,89415,89358,2086,91444,1268
2021-06-24,Alpine,003,1148,89,89,0,89,0
2021-06-24,Amador,005,37829,3758,3745,34,3779,46
2021-06-24,Butte,007,227075,12727,12673,1948,14621,198
2021-06-24,Calaveras,009,45235,2203,2202,15,2217,55
2021-06-24,Colusa,011,21464,1962,1972,329,2301,15
2021-06-24,Contra Costa,013,1133247,70942,70590,1391,71981,813
2021-06-24,Del Norte,015,27424,1435,1421,9,1430,8
2021-06-24,El Dorado,017,186661,10414,10402,794,11196,115
2021-06-24,Fresno,019,978130,102820,103061,9080,112141,1727
2021-06-24,Glenn,021,27897,2434,2439,586,3025,20
2021-06-24,Humboldt,023,135768,4513,4493,43,4536,49
2021-06-24,Imperial,025,180216,28659,28981,2915,31896,740
2021-06-24,Inyo,027,18085,1409,1406,5,1411,35
2021-06-24,Kern,029,883053,97514,97129,11564,108693,1346
2021-06-24,Kings,031,150075,23089,23114,1208,24322,246
2021-06-24,Lake,033,64148,3598,3571,13,3584,56
2021-06-24,Lassen,035,31185,5270,5258,120,5378,20
2021-06-24,Los Angeles,037,10098052,1207974,1206590,44175,1250765,24480
2021-06-24,Madera,039,155013,16730,16662,971,17633,240
2021-06-24,Marin,041,260295,14169,14180,273,14453,232
2021-06-24,Mariposa,043,17540,441,440,11,451,5
2021-06-24,Mendocino,045,87422,4166,4085,78,4163,49
2021-06-24,Merced,047,269075,31279,31248,1004,32252,466
2021-06-24,Modoc,049,8938,418,411,146,557,3
2021-06-24,Mono,051,14174,1257,1276,13,1289,3
2021-06-24,Monterey,053,433212,43195,43180,1937,45117,451
2021-06-24,Napa,055,140530,10032,10036,36,10072,80
2021-06-24,Nevada,057,99092,4962,4927,201,5128,72
2021-06-24,Orange,059,3164182,255910,255520,11911,267431,5117
2021-06-24,Placer,061,380077,23749,23659,1611,25270,299
2021-06-24,Plumas,063,18699,718,702,12,714,4
2021-06-24,Riverside,065,2383286,292815,291067,14844,305911,4473
2021-06-24,Sacramento,067,1510023,108150,107965,1908,109873,1672
2021-06-24,San Benito,069,59416,6094,6098,119,6217,63
2021-06-24,San Bernardino,071,2135413,293991,293895,9488,303383,4898
2021-06-24,San Diego,073,3302833,282655,282053,15322,297375,3778
2021-06-24,San Francisco,075,870044,37039,37320,1402,38722,559
2021-06-24,San Joaquin,077,732212,73856,73814,3818,77632,1408
2021-06-24,San Luis Obispo,079,281455,21349,21326,791,22117,256
2021-06-24,San Mateo,081,765935,42753,42814,502,43316,542
2021-06-24,Santa Barbara,083,443738,34657,34512,1246,35758,454
2021-06-24,Santa Clara,085,1922200,118998,120274,812,121086,2103
2021-06-24,Santa Cruz,087,273765,16264,16227,876,17103,208
2021-06-24,Shasta,089,179085,12578,12629,1695,14324,202
2021-06-24,Sierra,091,2930,61,58,14,72,0
2021-06-24,Siskiyou,093,43540,1948,1892,391,2283,28
2021-06-24,Solano,095,438530,33426,33432,577,34009,267
2021-06-24,Sonoma,097,501317,30959,31020,376,31396,314
2021-06-24,Stanislaus,099,539301,57003,56946,6249,63195,1018
2021-06-24,Sutter,101,95872,9649,9660,96,9756,113
2021-06-24,Tehama,103,63373,5116,5115,617,5732,63
2021-06-24,Trinity,105,12862,398,338,74,412,3
2021-06-24,Tulare,107,460477,49870,49730,9646,59376,850
2021-06-24,Tuolumne,109,53932,4124,4120,37,4157,64
2021-06-24,Ventura,111,848112,81466,81332,3143,84475,1032
2021-06-24,Yolo,113,214977,14182,14169,366,14535,213
2021-06-24,Yuba,115,75493,6192,6195,134,6329,51
2021-06-23,Alameda,001,1643700,89343,89338,2085,91423,1266
2021-06-23,Alpine,003,1148,89,88,0,88,0
2021-06-23,Amador,005,37829,3756,3743,34,3777,46
2021-06-23,Butte,007,227075,12720,12666,1948,14614,198
2021-06-23,Calaveras,009,45235,2202,2199,15,2214,55
2021-06-23,Colusa,011,21464,1961,1972,329,2301,15
2021-06-23,Contra Costa,013,1133247,70877,70526,1390,71916,813
2021-06-23,Del Norte,015,27424,1431,1418,9,1427,8
2021-06-23,El Dorado,017,186661,10405,10395,791,11186,115
2021-06-23,Fresno,019,978130,102791,103020,9078,112098,1724
2021-06-23,Glenn,021,27897,2434,2437,585,3022,20
2021-06-23,Humboldt,023,135768,4504,4490,43,4533,48
2021-06-23,Imperial,025,180216,28652,28908,2915,31823,740
2021-06-23,Inyo,027,18085,1409,1406,5,1411,35
2021-06-23,Kern,029,883053,97487,97078,11550,108628,1345
2021-06-23,Kings,031,150075,23082,23105,1206,24311,245
2021-06-23,Lake,033,64148,3589,3566,13,3579,53
2021-06-23,Lassen,035,31185,5267,5257,120,5377,20
2021-06-23,Los Angeles,037,10098052,1207638,1206358,44164,1250522,24472
2021-06-23,Madera,039,155013,16724,16660,971,17631,240
2021-06-23,Marin,041,260295,14163,14177,273,14450,230
2021-06-23,Mariposa,043,17540,441,439,11,450,5
2021-06-23,Mendocino,045,87422,4162,4078,78,4156,49
2021-06-23,Merced,047,269075,31270,31260,1004,32264,465
2021-06-23,Modoc,049,8938,416,407,146,553,3
2021-06-23,Mono,051,14174,1257,1279,13,1292,3
2021-06-23,Monterey,053,433212,43186,43166,1937,45103,439
2021-06-23,Napa,055,140530,10023,10032,36,10068,80
2021-06-23,Nevada,057,99092,4959,4924,201,5125,72
2021-06-23,Orange,059,3164182,255845,255479,11903,267382,5116
2021-06-23,Placer,061,380077,23720,23630,1605,25235,299
2021-06-23,Plumas,063,18699,717,701,12,713,4
2021-06-23,Riverside,065,2383286,292732,290343,14842,305185,4462
2021-06-23,Sacramento,067,1510023,108058,107868,1903,109771,1671
2021-06-23,San Benito,069,59416,6090,6097,119,6216,63
2021-06-23,San Bernardino,071,2135413,293912,293816,9483,303299,4886
2021-06-23,San Diego,073,3302833,282555,281937,15301,297238,3777
2021-06-23,San Francisco,075,870044,37015,37304,1401,38705,559
2021-06-23,San Joaquin,077,732212,73817,73764,3816,77580,1405
2021-06-23,San Luis Obispo,079,281455,21345,21323,790,22113,257
2021-06-23,San Mateo,081,765935,42737,42756,502,43258,542
2021-06-23,Santa Barbara,083,443738,34647,34505,1246,35751,454
2021-06-23,Santa Clara,085,1922200,118969,120233,812,121045,2098
2021-06-23,Santa Cruz,087,273765,16260,16215,876,17091,209
2021-06-23,Shasta,089,179085,12571,12604,1693,14297,202
2021-06-23,Sierra,091,2930,61,57,14,71,0
2021-06-23,Siskiyou,093,43540,1946,1892,391,2283,28
2021-06-23,Solano,095,438530,33382,33408,577,33985,267
2021-06-23,Sonoma,097,501317,30919,30959,374,31333,314
2021-06-23,Stanislaus,099,539301,56970,56926,6248,63174,1017
2021-06-23,Sutter,101,95872,9643,9653,96,9749,113
2021-06-23,Tehama,103,63373,5116,5119,616,5735,63
2021-06-23,Trinity,105,12862,398,338,74,412,3
2021-06-23,Tulare,107,460477,49864,49711,9641,59352,850
2021-06-23,Tuolumne,109,53932,4121,4120,37,4157,64
2021-06-23,Ventura,111,848112,81443,81312,3140,84452,1032
2021-06-23,Yolo,113,214977,14172,14161,366,14527,212
2021-06-23,Yuba,115,75493,6189,6190,134,6324,51
2021-06-22,Alameda,001,1643700,89275,89308,2085,91393,1263
2021-06-22,Alpine,003,1148,89,88,0,88,0
2021-06-22,Amador,005,37829,3753,3743,34,3777,46
2021-06-22,Butte,007,227075,12716,12662,1946,14608,198
2021-06-22,Calaveras,009,45235,2201,2198,15,2213,55
2021-06-22,Colusa,011,21464,1960,1971,329,2300,15
2021-06-22,Contra Costa,013,1133247,70821,70480,1389,71869,813
2021-06-22,Del Norte,015,27424,1428,1417,9,1426,8
2021-06-22,El Dorado,017,186661,10400,10380,790,11170,113
2021-06-22,Fresno,019,978130,102772,102996,9074,112070,1724
2021-06-22,Glenn,021,27897,2433,2435,583,3018,19
2021-06-22,Humboldt,023,135768,4494,4483,43,4526,42
2021-06-22,Imperial,025,180216,28647,28880,2915,31795,740
2021-06-22,Inyo,027,18085,1409,1405,5,1410,35
2021-06-22,Kern,029,883053,97474,97013,11546,108559,1342
2021-06-22,Kings,031,150075,23074,23098,1205,24303,245
2021-06-22,Lake,033,64148,3587,3564,13,3577,45
2021-06-22,Lassen,035,31185,5262,5254,120,5374,20
2021-06-22,Los Angeles,037,10098052,1207325,1206146,44152,1250298,24461
2021-06-22,Madera,039,155013,16719,16652,971,17623,240
2021-06-22,Marin,041,260295,14161,14174,273,14447,230
2021-06-22,Mariposa,043,17540,441,439,11,450,5
2021-06-22,Mendocino,045,87422,4156,4072,78,4150,49
2021-06-22,Merced,047,269075,31259,31267,1004,32271,464
2021-06-22,Modoc,049,8938,414,405,145,550,3
2021-06-22,Mono,051,14174,1257,1277,13,1290,3
2021-06-22,Monterey,053,433212,43183,43162,1936,45098,427
2021-06-22,Napa,055,140530,10018,10029,36,10065,80
2021-06-22,Nevada,057,99092,4953,4923,201,5124,72
2021-06-22,Orange,059,3164182,255778,255452,11892,267344,5114
2021-06-22,Placer,061,380077,23698,23603,1605,25208,299
2021-06-22,Plumas,063,18699,717,697,12,709,4
2021-06-22,Riverside,065,2383286,292671,289839,14838,304677,4456
2021-06-22,Sacramento,067,1510023,107957,107801,1898,109699,1670
2021-06-22,San Benito,069,59416,6089,6098,119,6217,63
2021-06-22,San Bernardino,071,2135413,293834,293770,9477,303247,4873
2021-06-22,San Diego,073,3302833,282451,281867,15278,297145,3771
2021-06-22,San Francisco,075,870044,37001,37287,1401,38688,556
2021-06-22,San Joaquin,077,732212,73787,73723,3815,77538,1405
2021-06-22,San Luis Obispo,079,281455,21342,21321,789,22110,257
2021-06-22,San Mateo,081,765935,42723,42725,496,43221,542
2021-06-22,Santa Barbara,083,443738,34636,34500,1245,35745,454
2021-06-22,Santa Clara,085,1922200,118937,120194,812,121006,2095
2021-06-22,Santa Cruz,087,273765,16255,16218,876,17094,209
2021-06-22,Shasta,089,179085,12561,12616,1689,14305,202
2021-06-22,Sierra,091,2930,60,57,14,71,0
2021-06-22,Siskiyou,093,43540,1946,1892,391,2283,28
2021-06-22,Solano,095,438530,33364,33397,576,33973,267
2021-06-22,Sonoma,097,501317,30879,30933,374,31307,314
2021-06-22,Stanislaus,099,539301,56950,56915,6246,63161,1017
2021-06-22,Sutter,101,95872,9636,9649,96,9745,113
2021-06-22,Tehama,103,63373,5114,5118,615,5733,63
2021-06-22,Trinity,105,12862,396,337,74,411,3
2021-06-22,Tulare,107,460477,49856,49706,9636,59342,850
2021-06-22,Tuolumne,109,53932,4119,4119,37,4156,64
2021-06-22,Ventura,111,848112,81429,81300,3139,84439,1032
2021-06-22,Yolo,113,214977,14167,14157,364,14521,212
2021-06-22,Yuba,115,75493,6185,6181,134,6315,51
2021-06-21,Alameda,001,1643700,89215,89281,2084,91365,1262
2021-06-21,Alpine,003,1148,89,88,0,88,0
2021-06-21,Amador,005,37829,3747,3742,34,3776,46
2021-06-21,Butte,007,227075,12710,12668,1944,14612,195
2021-06-21,Calaveras,009,45235,2200,2194,15,2209,55
2021-06-21,Colusa,011,21464,1959,1970,328,2298,15
2021-06-21,Contra Costa,013,1133247,70750,70439,1387,71826,813
2021-06-21,Del Norte,015,27424,1424,1416,9,1425,8
2021-06-21,El Dorado,017,186661,10394,10375,789,11164,113
2021-06-21,Fresno,019,978130,102753,102971,9071,112042,1724
2021-06-21,Glenn,021,27897,2432,2433,583,3016,19
2021-06-21,Humboldt,023,135768,4485,4478,42,4520,42
2021-06-21,Imperial,025,180216,28643,28855,2915,31770,740
2021-06-21,Inyo,027,18085,1408,1405,5,1410,35
2021-06-21,Kern,029,883053,97445,96995,11537,108532,1342
2021-06-21,Kings,031,150075,23067,23091,1202,24293,245
2021-06-21,Lake,033,64148,3581,3563,13,3576,45
2021-06-21,Lassen,035,31185,5260,5233,120,5353,19
2021-06-21,Los Angeles,037,10098052,1207038,1205994,44127,1250121,24459
2021-06-21,Madera,039,155013,16710,16647,970,17617,240
2021-06-21,Marin,041,260295,14157,14173,273,14446,230
2021-06-21,Mariposa,043,17540,441,439,11,450,5
2021-06-21,Mendocino,045,87422,4153,4085,78,4163,49
2021-06-21,Merced,047,269075,31249,31264,1003,32267,465
2021-06-21,Modoc,049,8938,414,405,145,550,3
2021-06-21,Mono,051,14174,1257,1277,13,1290,3
2021-06-21,Monterey,053,433212,43180,43157,1936,45093,427
2021-06-21,Napa,055,140530,10014,10028,36,10064,80
2021-06-21,Nevada,057,99092,4949,4921,201,5122,72
2021-06-21,Orange,059,3164182,255708,255400,11884,267284,5113
2021-06-21,Placer,061,380077,23673,23577,1605,25182,298
2021-06-21,Plumas,063,18699,715,697,12,709,4
2021-06-21,Riverside,065,2383286,292597,289797,14833,304630,4456
2021-06-21,Sacramento,067,1510023,107846,107757,1897,109654,1669
2021-06-21,San Benito,069,59416,6085,6098,119,6217,63
2021-06-21,San Bernardino,071,2135413,293749,293736,9472,303208,4850
2021-06-21,San Diego,073,3302833,282345,281811,15258,297069,3771
2021-06-21,San Francisco,075,870044,36985,37275,1400,38675,556
2021-06-21,San Joaquin,077,732212,73746,73687,3814,77501,1405
2021-06-21,San Luis Obispo,079,281455,21333,21316,789,22105,257
2021-06-21,San Mateo,081,765935,42706,42685,495,43180,542
2021-06-21,Santa Barbara,083,443738,34631,34492,1245,35737,455
2021-06-21,Santa Clara,085,1922200,118904,120192,811,121003,2093
2021-06-21,Santa Cruz,087,273765,16253,16212,876,17088,208
2021-06-21,Shasta,089,179085,12548,12617,1686,14303,201
2021-06-21,Sierra,091,2930,60,57,14,71,0
2021-06-21,Siskiyou,093,43540,1946,1892,391,2283,27
2021-06-21,Solano,095,438530,33341,33383,574,33957,266
2021-06-21,Sonoma,097,501317,30858,30912,374,31286,314
2021-06-21,Stanislaus,099,539301,56920,56891,6241,63132,1017
2021-06-21,Sutter,101,95872,9635,9649,96,9745,113
2021-06-21,Tehama,103,63373,5114,5115,614,5729,63
2021-06-21,Trinity,105,12862,396,337,74,411,3
2021-06-21,Tulare,107,460477,49846,49689,9631,59320,849
2021-06-21,Tuolumne,109,53932,4115,4119,37,4156,63
2021-06-21,Ventura,111,848112,81401,81291,3135,84426,1031
2021-06-21,Yolo,113,214977,14161,14165,364,14529,212
2021-06-21,Yuba,115,75493,6184,6172,134,6306,51
2021-06-20,Alameda,001,1643700,89152,89255,2084,91339,1263
2021-06-20,Alpine,003,1148,89,88,0,88,0
2021-06-20,Amador,005,37829,3744,3740,34,3774,46
2021-06-20,Butte,007,227075,12703,12668,1943,14611,194
2021-06-20,Calaveras,009,45235,2198,2193,15,2208,55
2021-06-20,Colusa,011,21464,1959,1970,328,2298,15
2021-06-20,Contra Costa,013,1133247,70694,70401,1385,71786,813
2021-06-20,Del Norte,015,27424,1420,1416,9,1425,8
2021-06-20,El Dorado,017,186661,10380,10372,787,11159,113
2021-06-20,Fresno,019,978130,102713,102947,9067,112014,1724
2021-06-20,Glenn,021,27897,2432,2434,583,3017,19
2021-06-20,Humboldt,023,135768,4479,4472,42,4514,42
2021-06-20,Imperial,025,180216,28634,28855,2915,31770,740
2021-06-20,Inyo,027,18085,1407,1405,5,1410,35
2021-06-20,Kern,029,883053,97424,96985,11526,108511,1342
2021-06-20,Kings,031,150075,23062,23088,1200,24288,245
2021-06-20,Lake,033,64148,3579,3563,13,3576,45
2021-06-20,Lassen,035,31185,5257,5230,120,5350,19
2021-06-20,Los Angeles,037,10098052,1206742,1205874,44117,1249991,24456
2021-06-20,Madera,039,155013,16702,16638,968,17606,240
2021-06-20,Marin,041,260295,14154,14166,273,14439,230
2021-06-20,Mariposa,043,17540,439,439,11,450,5
2021-06-20,Mendocino,045,87422,4146,4080,78,4158,49
2021-06-20,Merced,047,269075,31236,31265,1003,32268,465
2021-06-20,Modoc,049,8938,414,405,145,550,3
2021-06-20,Mono,051,14174,1257,1275,13,1288,3
2021-06-20,Monterey,053,433212,43171,43156,1935,45091,427
2021-06-20,Napa,055,140530,10007,10026,35,10061,80
2021-06-20,Nevada,057,99092,4942,4919,201,5120,72
2021-06-20,Orange,059,3164182,255646,255377,11872,267249,5113
2021-06-20,Placer,061,380077,23640,23562,1601,25163,298
2021-06-20,Plumas,063,18699,714,697,12,709,4
2021-06-20,Riverside,065,2383286,292521,289770,14823,304593,4456
2021-06-20,Sacramento,067,1510023,107735,107700,1894,109594,1669
2021-06-20,San Benito,069,59416,6085,6098,119,6217,63
2021-06-20,San Bernardino,071,2135413,293649,293713,9468,303181,4845
2021-06-20,San Diego,073,3302833,282239,281750,15236,296986,3771
2021-06-20,San Francisco,075,870044,36963,37269,1400,38669,556
2021-06-20,San Joaquin,077,732212,73703,73676,3806,77482,1405
2021-06-20,San Luis Obispo,079,281455,21331,21313,789,22102,257
2021-06-20,San Mateo,081,765935,42677,42681,495,43176,542
2021-06-20,Santa Barbara,083,443738,34622,34487,1245,35732,455
2021-06-20,Santa Clara,085,1922200,118869,120163,811,120974,2093
2021-06-20,Santa Cruz,087,273765,16246,16210,876,17086,208
2021-06-20,Shasta,089,179085,12543,12617,1684,14301,201
2021-06-20,Sierra,091,2930,60,57,14,71,0
2021-06-20,Siskiyou,093,43540,1945,1891,391,2282,27
2021-06-20,Solano,095,438530,33319,33361,572,33933,266
2021-06-20,Sonoma,097,501317,30812,30884,370,31254,314
2021-06-20,Stanislaus,099,539301,56886,56868,6240,63108,1017
2021-06-20,Sutter,101,95872,9632,9645,96,9741,113
2021-06-20,Tehama,103,63373,5110,5115,614,5729,63
2021-06-20,Trinity,105,12862,396,337,74,411,3
2021-06-20,Tulare,107,460477,49837,49685,9629,59314,849
2021-06-20,Tuolumne,109,53932,4112,4117,37,4154,63
2021-06-20,Ventura,111,848112,81385,81282,3133,84415,1031
2021-06-20,Yolo,113,214977,14154,14160,364,14524,212
2021-06-20,Yuba,115,75493,6177,6167,134,6301,51
2021-06-19,Alameda,001,1643700,89119,89202,2084,91286,1263
2021-06-19,Alpine,003,1148,89,88,0,88,0
2021-06-19,Amador,005,37829,3742,3739,34,3773,46
2021-06-19,Butte,007,227075,12699,12659,1943,14602,194
2021-06-19,Calaveras,009,45235,2198,2192,15,2207,55
2021-06-19,Colusa,011,21464,1959,1969,328,2297,15
2021-06-19,Contra Costa,013,1133247,70663,70334,1384,71718,813
2021-06-19,Del Norte,015,27424,1419,1416,9,1425,8
2021-06-19,El Dorado,017,186661,10379,10363,786,11149,113
2021-06-19,Fresno,019,978130,102700,102922,9064,111986,1724
2021-06-19,Glenn,021,27897,2431,2434,582,3016,19
2021-06-19,Humboldt,023,135768,4468,4463,42,4505,42
2021-06-19,Imperial,025,180216,28633,28813,2915,31728,740
2021-06-19,Inyo,027,18085,1407,1405,5,1410,35
2021-06-19,Kern,029,883053,97408,96966,11522,108488,1342
2021-06-19,Kings,031,150075,23059,23086,1200,24286,245
2021-06-19,Lake,033,64148,3575,3563,13,3576,45
2021-06-19,Lassen,035,31185,5256,5225,120,5345,19
2021-06-19,Los Angeles,037,10098052,1206545,1205602,44102,1249704,24454
2021-06-19,Madera,039,155013,16700,16632,968,17600,240
2021-06-19,Marin,041,260295,14146,14152,273,14425,230
2021-06-19,Mariposa,043,17540,439,439,11,450,5
2021-06-19,Mendocino,045,87422,4140,4077,78,4155,49
2021-06-19,Merced,047,269075,31234,31256,1003,32259,465
2021-06-19,Modoc,049,8938,413,402,145,547,3
2021-06-19,Mono,051,14174,1257,1275,13,1288,3
2021-06-19,Monterey,053,433212,43165,43153,1935,45088,427
2021-06-19,Napa,055,140530,10003,10025,35,10060,80
2021-06-19,Nevada,057,99092,4937,4910,201,5111,72
2021-06-19,Orange,059,3164182,255601,255329,11868,267197,5112
2021-06-19,Placer,061,380077,23624,23537,1598,25135,298
2021-06-19,Plumas,063,18699,713,697,12,709,4
2021-06-19,Riverside,065,2383286,292475,289720,14823,304543,4456
2021-06-19,Sacramento,067,1510023,107689,107631,1891,109522,1669
2021-06-19,San Benito,069,59416,6084,6098,119,6217,63
2021-06-19,San Bernardino,071,2135413,293605,293673,9465,303138,4844
2021-06-19,San Diego,073,3302833,282179,281682,15222,296904,3771
2021-06-19,San Francisco,075,870044,36951,37256,1399,38655,556
2021-06-19,San Joaquin,077,732212,73687,73652,3802,77454,1405
2021-06-19,San Luis Obispo,079,281455,21329,21308,789,22097,257
2021-06-19,San Mateo,081,765935,42659,42646,493,43139,542
2021-06-19,Santa Barbara,083,443738,34620,34472,1245,35717,455
2021-06-19,Santa Clara,085,1922200,118846,120110,810,120920,2093
2021-06-19,Santa Cruz,087,273765,16242,16206,876,17082,208
2021-06-19,Shasta,089,179085,12541,12615,1683,14298,201
2021-06-19,Sierra,091,2930,60,57,14,71,0
2021-06-19,Siskiyou,093,43540,1945,1891,390,2281,27
2021-06-19,Solano,095,438530,33309,33341,571,33912,266
2021-06-19,Sonoma,097,501317,30771,30841,369,31210,314
2021-06-19,Stanislaus,099,539301,56867,56847,6237,63084,1017
2021-06-19,Sutter,101,95872,9629,9645,96,9741,113
2021-06-19,Tehama,103,63373,5109,5115,614,5729,63
2021-06-19,Trinity,105,12862,396,337,74,411,3
2021-06-19,Tulare,107,460477,49830,49681,9624,59305,849
2021-06-19,Tuolumne,109,53932,4112,4117,37,4154,63
2021-06-19,Ventura,111,848112,81372,81270,3132,84402,1031
2021-06-19,Yolo,113,214977,14150,14156,363,14519,212
2021-06-19,Yuba,115,75493,6176,6157,134,6291,51
2021-06-18,Alameda,001,1643700,89082,89123,2084,91207,1263
2021-06-18,Alpine,003,1148,89,88,0,88,0
2021-06-18,Amador,005,37829,3742,3739,34,3773,46
2021-06-18,Butte,007,227075,12696,12653,1940,14593,194
2021-06-18,Calaveras,009,45235,2198,2191,15,2206,55
2021-06-18,Colusa,011,21464,1958,1969,328,2297,15
2021-06-18,Contra Costa,013,1133247,70621,70271,1382,71653,813
2021-06-18,Del Norte,015,27424,1419,1415,9,1424,8
2021-06-18,El Dorado,017,186661,10376,10348,784,11132,113
2021-06-18,Fresno,019,978130,102684,102894,9062,111956,1722
2021-06-18,Glenn,021,27897,2430,2430,582,3012,19
2021-06-18,Humboldt,023,135768,4460,4450,42,4492,42
2021-06-18,Imperial,025,180216,28631,28809,2915,31724,740
2021-06-18,Inyo,027,18085,1407,1405,5,1410,35
2021-06-18,Kern,029,883053,97397,96948,11516,108464,1341
2021-06-18,Kings,031,150075,23054,23082,1200,24282,245
2021-06-18,Lake,033,64148,3571,3563,13,3576,45
2021-06-18,Lassen,035,31185,5255,5224,120,5344,19
2021-06-18,Los Angeles,037,10098052,1206390,1205472,44084,1249556,24451
2021-06-18,Madera,039,155013,16694,16625,968,17593,241
2021-06-18,Marin,041,260295,14143,14147,273,14420,230
2021-06-18,Mariposa,043,17540,439,439,11,450,5
2021-06-18,Mendocino,045,87422,4135,4068,78,4146,49
2021-06-18,Merced,047,269075,31232,31262,1003,32265,464
2021-06-18,Modoc,049,8938,413,402,145,547,3
2021-06-18,Mono,051,14174,1256,1275,12,1287,3
2021-06-18,Monterey,053,433212,43162,43148,1935,45083,427
2021-06-18,Napa,055,140530,9999,10021,35,10056,80
2021-06-18,Nevada,057,99092,4929,4903,201,5104,72
2021-06-18,Orange,059,3164182,255565,255274,11865,267139,5108
2021-06-18,Placer,061,380077,23616,23500,1595,25095,298
2021-06-18,Plumas,063,18699,713,697,12,709,4
2021-06-18,Riverside,065,2383286,292427,289676,14822,304498,4457
2021-06-18,Sacramento,067,1510023,107641,107570,1891,109461,1669
2021-06-18,San Benito,069,59416,6083,6097,119,6216,63
2021-06-18,San Bernardino,071,2135413,293561,293629,9460,303089,4826
2021-06-18,San Diego,073,3302833,282103,281608,15211,296819,3771
2021-06-18,San Francisco,075,870044,36942,37246,1399,38645,556
2021-06-18,San Joaquin,077,732212,73669,73623,3800,77423,1403
2021-06-18,San Luis Obispo,079,281455,21325,21301,788,22089,257
2021-06-18,San Mateo,081,765935,42648,42630,492,43122,542
2021-06-18,Santa Barbara,083,443738,34610,34469,1245,35714,455
2021-06-18,Santa Clara,085,1922200,118825,120081,809,120890,2093
2021-06-18,Santa Cruz,087,273765,16238,16202,876,17078,208
2021-06-18,Shasta,089,179085,12537,12607,1681,14288,201
2021-06-18,Sierra,091,2930,59,57,14,71,0
2021-06-18,Siskiyou,093,43540,1945,1890,390,2280,27
2021-06-18,Solano,095,438530,33295,33323,571,33894,266
2021-06-18,Sonoma,097,501317,30754,30816,367,31183,313
2021-06-18,Stanislaus,099,539301,56852,56803,6235,63038,1012
2021-06-18,Sutter,101,95872,9626,9643,96,9739,113
2021-06-18,Tehama,103,63373,5107,5114,614,5728,63
2021-06-18,Trinity,105,12862,396,337,73,410,3
2021-06-18,Tulare,107,460477,49828,49664,9617,59281,849
2021-06-18,Tuolumne,109,53932,4110,4116,37,4153,63
2021-06-18,Ventura,111,848112,81362,81256,3127,84383,1031
2021-06-18,Yolo,113,214977,14147,14148,361,14509,212
2021-06-18,Yuba,115,75493,6170,6150,134,6284,51
2021-06-17,Alameda,001,1643700,89036,89087,2084,91171,1262
2021-06-17,Alpine,003,1148,89,88,0,88,0
2021-06-17,Amador,005,37829,3740,3731,34,3765,46
2021-06-17,Butte,007,227075,12686,12644,1939,14583,194
2021-06-17,Calaveras,009,45235,2197,2189,15,2204,55
2021-06-17,Colusa,011,21464,1957,1969,328,2297,15
2021-06-17,Contra Costa,013,1133247,70582,70190,1379,71569,810
2021-06-17,Del Norte,015,27424,1417,1413,9,1422,8
2021-06-17,El Dorado,017,186661,10366,10341,784,11125,113
2021-06-17,Fresno,019,978130,102658,102867,9058,111925,1722
2021-06-17,Glenn,021,27897,2430,2430,582,3012,19
2021-06-17,Humboldt,023,135768,4451,4438,42,4480,42
2021-06-17,Imperial,025,180216,28623,28801,2915,31716,741
2021-06-17,Inyo,027,18085,1407,1405,5,1410,35
2021-06-17,Kern,029,883053,97383,96840,11509,108349,1340
2021-06-17,Kings,031,150075,23050,23078,1199,24277,245
2021-06-17,Lake,033,64148,3568,3563,9,3572,45
2021-06-17,Lassen,035,31185,5251,5223,120,5343,19
2021-06-17,Los Angeles,037,10098052,1206180,1205301,44054,1249355,24444
2021-06-17,Madera,039,155013,16689,16618,968,17586,241
2021-06-17,Marin,041,260295,14143,14141,273,14414,229
2021-06-17,Mariposa,043,17540,439,439,11,450,5
2021-06-17,Mendocino,045,87422,4128,4054,78,4132,49
2021-06-17,Merced,047,269075,31227,31262,1003,32265,464
2021-06-17,Modoc,049,8938,412,401,145,546,3
2021-06-17,Mono,051,14174,1255,1275,12,1287,3
2021-06-17,Monterey,053,433212,43155,43140,1935,45075,416
2021-06-17,Napa,055,140530,9999,10014,35,10049,80
2021-06-17,Nevada,057,99092,4925,4898,201,5099,72
2021-06-17,Orange,059,3164182,255521,255240,11853,267093,5109
2021-06-17,Placer,061,380077,23600,23461,1593,25054,298
2021-06-17,Plumas,063,18699,712,697,12,709,4
2021-06-17,Riverside,065,2383286,292374,289627,14819,304446,4458
2021-06-17,Sacramento,067,1510023,107577,107492,1889,109381,1666
2021-06-17,San Benito,069,59416,6083,6097,119,6216,63
2021-06-17,San Bernardino,071,2135413,293521,293560,9460,303020,4811
2021-06-17,San Diego,073,3302833,282026,281531,15197,296728,3771
2021-06-17,San Francisco,075,870044,36931,37243,1398,38641,556
2021-06-17,San Joaquin,077,732212,73646,73560,3795,77355,1403
2021-06-17,San Luis Obispo,079,281455,21323,21297,788,22085,257
2021-06-17,San Mateo,081,765935,42642,42615,492,43107,542
2021-06-17,Santa Barbara,083,443738,34604,34466,1245,35711,453
2021-06-17,Santa Clara,085,1922200,118800,120032,808,120840,2093
2021-06-17,Santa Cruz,087,273765,16234,16197,876,17073,208
2021-06-17,Shasta,089,179085,12529,12597,1681,14278,201
2021-06-17,Sierra,091,2930,59,56,14,70,0
2021-06-17,Siskiyou,093,43540,1944,1889,390,2279,27
2021-06-17,Solano,095,438530,33274,33296,570,33866,266
2021-06-17,Sonoma,097,501317,30723,30793,367,31160,323
2021-06-17,Stanislaus,099,539301,56821,56752,6229,62981,1012
2021-06-17,Sutter,101,95872,9623,9629,96,9725,113
2021-06-17,Tehama,103,63373,5106,5112,612,5724,63
2021-06-17,Trinity,105,12862,395,337,73,410,3
2021-06-17,Tulare,107,460477,49823,49649,9609,59258,849
2021-06-17,Tuolumne,109,53932,4109,4116,37,4153,63
2021-06-17,Ventura,111,848112,81353,81248,3124,84372,1030
2021-06-17,Yolo,113,214977,14139,14141,361,14502,212
2021-06-17,Yuba,115,75493,6161,6140,134,6274,51
2021-06-16,Alameda,001,1643700,88985,89045,2080,91125,1265
2021-06-16,Alpine,003,1148,89,88,0,88,0
2021-06-16,Amador,005,37829,3739,3730,34,3764,46
2021-06-16,Butte,007,227075,12684,12635,1937,14572,194
2021-06-16,Calaveras,009,45235,2195,2188,15,2203,55
2021-06-16,Colusa,011,21464,1957,1967,328,2295,15
2021-06-16,Contra Costa,013,1133247,70530,70136,1378,71514,810
2021-06-16,Del Norte,015,27424,1414,1413,9,1422,8
2021-06-16,El Dorado,017,186661,10360,10334,783,11117,113
2021-06-16,Fresno,019,978130,102628,102842,9054,111896,1722
2021-06-16,Glenn,021,27897,2430,2430,582,3012,19
2021-06-16,Humboldt,023,135768,4442,4427,41,4468,42
2021-06-16,Imperial,025,180216,28620,28796,2915,31711,741
2021-06-16,Inyo,027,18085,1406,1405,5,1410,35
2021-06-16,Kern,029,883053,97362,96789,11500,108289,1339
2021-06-16,Kings,031,150075,23049,23072,1198,24270,245
2021-06-16,Lake,033,64148,3568,3562,9,3571,45
2021-06-16,Lassen,035,31185,5248,5216,120,5336,19
2021-06-16,Los Angeles,037,10098052,1205957,1205102,44042,1249144,24439
2021-06-16,Madera,039,155013,16685,16603,968,17571,240
2021-06-16,Marin,041,260295,14141,14137,273,14410,229
2021-06-16,Mariposa,043,17540,439,437,11,448,5
2021-06-16,Mendocino,045,87422,4120,4041,78,4119,49
2021-06-16,Merced,047,269075,31219,31250,1003,32253,463
2021-06-16,Modoc,049,8938,411,383,144,527,3
2021-06-16,Mono,051,14174,1255,1275,12,1287,3
2021-06-16,Monterey,053,433212,43152,43122,1935,45057,416
2021-06-16,Napa,055,140530,9995,10011,35,10046,80
2021-06-16,Nevada,057,99092,4920,4894,201,5095,72
2021-06-16,Orange,059,3164182,255472,255188,11846,267034,5109
2021-06-16,Placer,061,380077,23591,23425,1589,25014,298
2021-06-16,Plumas,063,18699,712,697,12,709,4
2021-06-16,Riverside,065,2383286,292314,289539,14817,304356,4457
2021-06-16,Sacramento,067,1510023,107507,107422,1885,109307,1665
2021-06-16,San Benito,069,59416,6083,6090,119,6209,63
2021-06-16,San Bernardino,071,2135413,293472,293499,9458,302957,4797
2021-06-16,San Diego,073,3302833,281948,281423,15184,296607,3770
2021-06-16,San Francisco,075,870044,36918,37222,1396,38618,555
2021-06-16,San Joaquin,077,732212,73609,73530,3791,77321,1399
2021-06-16,San Luis Obispo,079,281455,21318,21294,788,22082,257
2021-06-16,San Mateo,081,765935,42626,42601,492,43093,542
2021-06-16,Santa Barbara,083,443738,34598,34459,1245,35704,460
2021-06-16,Santa Clara,085,1922200,118768,119982,808,120790,2087
2021-06-16,Santa Cruz,087,273765,16231,16187,876,17063,208
2021-06-16,Shasta,089,179085,12524,12592,1680,14272,200
2021-06-16,Sierra,091,2930,59,56,14,70,0
2021-06-16,Siskiyou,093,43540,1943,1886,390,2276,26
2021-06-16,Solano,095,438530,33246,33276,570,33846,266
2021-06-16,Sonoma,097,501317,30687,30741,367,31108,323
2021-06-16,Stanislaus,099,539301,56790,56738,6227,62965,984
2021-06-16,Sutter,101,95872,9619,9620,96,9716,113
2021-06-16,Tehama,103,63373,5104,5106,612,5718,63
2021-06-16,Trinity,105,12862,394,332,73,405,3
2021-06-16,Tulare,107,460477,49818,49578,9605,59183,849
2021-06-16,Tuolumne,109,53932,4109,4110,37,4147,63
2021-06-16,Ventura,111,848112,81339,81229,3122,84351,1029
2021-06-16,Yolo,113,214977,14130,14135,360,14495,212
2021-06-16,Yuba,115,75493,6151,6134,134,6268,51
2021-06-15,Alameda,001,1643700,88943,89008,2080,91088,1262
2021-06-15,Alpine,003,1148,89,88,0,88,0
2021-06-15,Amador,005,37829,3736,3723,34,3757,46
2021-06-15,Butte,007,227075,12676,12620,1936,14556,194
2021-06-15,Calaveras,009,45235,2194,2188,15,2203,55
2021-06-15,Colusa,011,21464,1957,1967,326,2293,15
2021-06-15,Contra Costa,013,1133247,70468,70101,1378,71479,810
2021-06-15,Del Norte,015,27424,1413,1411,9,1420,8
2021-06-15,El Dorado,017,186661,10351,10330,783,11113,113
2021-06-15,Fresno,019,978130,102597,102828,9053,111881,1722
2021-06-15,Glenn,021,27897,2429,2426,582,3008,19
2021-06-15,Humboldt,023,135768,4433,4414,40,4454,42
2021-06-15,Imperial,025,180216,28614,28789,2915,31704,741
2021-06-15,Inyo,027,18085,1406,1405,5,1410,35
2021-06-15,Kern,029,883053,97334,96782,11491,108273,1338
2021-06-15,Kings,031,150075,23043,23070,1196,24266,245
2021-06-15,Lake,033,64148,3567,3559,9,3568,45
2021-06-15,Lassen,035,31185,5247,5211,120,5331,19
2021-06-15,Los Angeles,037,10098052,1205729,1204926,44033,1248959,24435
2021-06-15,Madera,039,155013,16678,16600,967,17567,240
2021-06-15,Marin,041,260295,14133,14135,273,14408,229
2021-06-15,Mariposa,043,17540,439,437,11,448,5
2021-06-15,Mendocino,045,87422,4113,4034,78,4112,49
2021-06-15,Merced,047,269075,31213,31244,1003,32247,461
2021-06-15,Modoc,049,8938,410,383,144,527,3
2021-06-15,Mono,051,14174,1255,1275,12,1287,3
2021-06-15,Monterey,053,433212,43146,43118,1935,45053,416
2021-06-15,Napa,055,140530,9993,10010,35,10045,80
2021-06-15,Nevada,057,99092,4917,4888,201,5089,72
2021-06-15,Orange,059,3164182,255435,255127,11837,266964,5105
2021-06-15,Placer,061,380077,23569,23396,1588,24984,298
2021-06-15,Plumas,063,18699,711,697,12,709,4
2021-06-15,Riverside,065,2383286,292257,289508,14813,304321,4455
2021-06-15,Sacramento,067,1510023,107432,107370,1878,109248,1662
2021-06-15,San Benito,069,59416,6082,6089,119,6208,63
2021-06-15,San Bernardino,071,2135413,293422,293463,9453,302916,4790
2021-06-15,San Diego,073,3302833,281864,281375,15169,296544,3770
2021-06-15,San Francisco,075,870044,36909,37210,1395,38605,555
2021-06-15,San Joaquin,077,732212,73570,73494,3787,77281,1399
2021-06-15,San Luis Obispo,079,281455,21313,21293,787,22080,257
2021-06-15,San Mateo,081,765935,42613,42593,492,43085,543
2021-06-15,Santa Barbara,083,443738,34593,34451,1245,35696,460
2021-06-15,Santa Clara,085,1922200,118730,119963,808,120771,2086
2021-06-15,Santa Cruz,087,273765,16224,16180,876,17056,208
2021-06-15,Shasta,089,179085,12518,12583,1680,14263,201
2021-06-15,Sierra,091,2930,58,55,14,69,0
2021-06-15,Siskiyou,093,43540,1942,1887,390,2277,26
2021-06-15,Solano,095,438530,33227,33264,570,33834,266
2021-06-15,Sonoma,097,501317,30648,30707,366,31073,323
2021-06-15,Stanislaus,099,539301,56761,56724,6224,62948,979
2021-06-15,Sutter,101,95872,9610,9616,96,9712,113
2021-06-15,Tehama,103,63373,5102,5102,612,5714,63
2021-06-15,Trinity,105,12862,393,332,73,405,3
2021-06-15,Tulare,107,460477,49812,49561,9601,59162,848
2021-06-15,Tuolumne,109,53932,4109,4111,37,4148,63
2021-06-15,Ventura,111,848112,81328,81215,3119,84334,1029
2021-06-15,Yolo,113,214977,14126,14127,358,14485,212
2021-06-15,Yuba,115,75493,6140,6130,134,6264,51
2021-06-14,Alameda,001,1643700,88893,88966,2079,91045,1264
2021-06-14,Alpine,003,1148,89,88,0,88,0
2021-06-14,Amador,005,37829,3735,3722,34,3756,46
2021-06-14,Butte,007,227075,12665,12613,1932,14545,194
2021-06-14,Calaveras,009,45235,2192,2190,15,2205,55
2021-06-14,Colusa,011,21464,1956,1966,326,2292,15
2021-06-14,Contra Costa,013,1133247,70415,70069,1376,71445,810
2021-06-14,Del Norte,015,27424,1413,1411,9,1420,8
2021-06-14,El Dorado,017,186661,10342,10327,782,11109,113
2021-06-14,Fresno,019,978130,102575,102812,9052,111864,1719
2021-06-14,Glenn,021,27897,2429,2426,582,3008,19
2021-06-14,Humboldt,023,135768,4425,4407,39,4446,42
2021-06-14,Imperial,025,180216,28602,28836,2915,31751,741
2021-06-14,Inyo,027,18085,1405,1405,5,1410,35
2021-06-14,Kern,029,883053,97315,96760,11480,108240,1337
2021-06-14,Kings,031,150075,23041,23071,1194,24265,245
2021-06-14,Lake,033,64148,3566,3557,9,3566,45
2021-06-14,Lassen,035,31185,5244,5209,119,5328,19
2021-06-14,Los Angeles,037,10098052,1205497,1204748,44023,1248771,24434
2021-06-14,Madera,039,155013,16672,16597,966,17563,240
2021-06-14,Marin,041,260295,14131,14133,273,14406,229
2021-06-14,Mariposa,043,17540,438,437,11,448,5
2021-06-14,Mendocino,045,87422,4107,4028,78,4106,49
2021-06-14,Merced,047,269075,31204,31241,1002,32243,461
2021-06-14,Modoc,049,8938,401,382,142,524,3
2021-06-14,Mono,051,14174,1255,1275,12,1287,3
2021-06-14,Monterey,053,433212,43143,43110,1935,45045,415
2021-06-14,Napa,055,140530,9989,10000,35,10035,80
2021-06-14,Nevada,057,99092,4910,4885,201,5086,72
2021-06-14,Orange,059,3164182,255397,255069,11833,266902,5103
2021-06-14,Placer,061,380077,23544,23379,1587,24966,298
2021-06-14,Plumas,063,18699,711,696,12,708,4
2021-06-14,Riverside,065,2383286,292206,289476,14811,304287,4453
2021-06-14,Sacramento,067,1510023,107380,107334,1872,109206,1661
2021-06-14,San Benito,069,59416,6082,6087,119,6206,63
2021-06-14,San Bernardino,071,2135413,293365,293446,9449,302895,4790
2021-06-14,San Diego,073,3302833,281759,281314,15149,296463,3770
2021-06-14,San Francisco,075,870044,36896,37206,1395,38601,555
2021-06-14,San Joaquin,077,732212,73541,73453,3787,77240,1398
2021-06-14,San Luis Obispo,079,281455,21311,21302,787,22089,256
2021-06-14,San Mateo,081,765935,42599,42619,491,43110,543
2021-06-14,Santa Barbara,083,443738,34590,34449,1245,35694,460
2021-06-14,Santa Clara,085,1922200,118699,119957,807,120764,2085
2021-06-14,Santa Cruz,087,273765,16222,16175,876,17051,208
2021-06-14,Shasta,089,179085,12508,12561,1677,14238,201
2021-06-14,Sierra,091,2930,57,55,14,69,0
2021-06-14,Siskiyou,093,43540,1942,1886,390,2276,26
2021-06-14,Solano,095,438530,33209,33243,569,33812,266
2021-06-14,Sonoma,097,501317,30616,30679,365,31044,323
2021-06-14,Stanislaus,099,539301,56724,56689,6223,62912,975
2021-06-14,Sutter,101,95872,9607,9607,96,9703,112
2021-06-14,Tehama,103,63373,5100,5102,612,5714,63
2021-06-14,Trinity,105,12862,393,332,73,405,3
2021-06-14,Tulare,107,460477,49808,49538,9597,59135,848
2021-06-14,Tuolumne,109,53932,4106,4108,37,4145,63
2021-06-14,Ventura,111,848112,81318,81209,3119,84328,1028
2021-06-14,Yolo,113,214977,14118,14123,358,14481,212
2021-06-14,Yuba,115,75493,6133,6127,134,6261,50
2021-06-13,Alameda,001,1643700,88837,88947,2077,91024,1264
2021-06-13,Alpine,003,1148,88,88,0,88,0
2021-06-13,Amador,005,37829,3731,3721,34,3755,46
2021-06-13,Butte,007,227075,12654,12586,1929,14515,194
2021-06-13,Calaveras,009,45235,2192,2189,15,2204,55
2021-06-13,Colusa,011,21464,1956,1965,325,2290,15
2021-06-13,Contra Costa,013,1133247,70361,70040,1374,71414,810
2021-06-13,Del Norte,015,27424,1411,1412,9,1421,8
2021-06-13,El Dorado,017,186661,10333,10324,782,11106,113
2021-06-13,Fresno,019,978130,102545,102795,9047,111842,1719
2021-06-13,Glenn,021,27897,2428,2425,580,3005,19
2021-06-13,Humboldt,023,135768,4412,4401,39,4440,42
2021-06-13,Imperial,025,180216,28593,28800,2915,31715,741
2021-06-13,Inyo,027,18085,1405,1405,5,1410,35
2021-06-13,Kern,029,883053,97292,96743,11467,108210,1337
2021-06-13,Kings,031,150075,23036,23069,1193,24262,245
2021-06-13,Lake,033,64148,3566,3556,9,3565,45
2021-06-13,Lassen,035,31185,5239,5209,119,5328,19
2021-06-13,Los Angeles,037,10098052,1205237,1204614,44010,1248624,24433
2021-06-13,Madera,039,155013,16658,16590,966,17556,240
2021-06-13,Marin,041,260295,14125,14126,273,14399,229
2021-06-13,Mariposa,043,17540,438,434,11,445,5
2021-06-13,Mendocino,045,87422,4100,4026,78,4104,49
2021-06-13,Merced,047,269075,31197,31240,1002,32242,461
2021-06-13,Modoc,049,8938,399,382,140,522,3
2021-06-13,Mono,051,14174,1255,1275,12,1287,3
2021-06-13,Monterey,053,433212,43135,43108,1935,45043,415
2021-06-13,Napa,055,140530,9983,9995,35,10030,80
2021-06-13,Nevada,057,99092,4905,4883,201,5084,72
2021-06-13,Orange,059,3164182,255344,255043,11831,266874,5103
2021-06-13,Placer,061,380077,23518,23365,1585,24950,295
2021-06-13,Plumas,063,18699,710,696,12,708,4
2021-06-13,Riverside,065,2383286,292139,289447,14808,304255,4453
2021-06-13,Sacramento,067,1510023,107304,107289,1869,109158,1658
2021-06-13,San Benito,069,59416,6082,6086,119,6205,63
2021-06-13,San Bernardino,071,2135413,293316,293416,9443,302859,4788
2021-06-13,San Diego,073,3302833,281680,281268,15133,296401,3770
2021-06-13,San Francisco,075,870044,36885,37197,1395,38592,555
2021-06-13,San Joaquin,077,732212,73510,73438,3785,77223,1398
2021-06-13,San Luis Obispo,079,281455,21305,21298,786,22084,256
2021-06-13,San Mateo,081,765935,42585,42611,491,43102,542
2021-06-13,Santa Barbara,083,443738,34579,34449,1244,35693,460
2021-06-13,Santa Clara,085,1922200,118675,119946,807,120753,2085
2021-06-13,Santa Cruz,087,273765,16215,16172,876,17048,208
2021-06-13,Shasta,089,179085,12499,12560,1676,14236,201
2021-06-13,Sierra,091,2930,57,55,14,69,0
2021-06-13,Siskiyou,093,43540,1941,1885,390,2275,26
2021-06-13,Solano,095,438530,33187,33234,569,33803,266
2021-06-13,Sonoma,097,501317,30581,30663,363,31026,323
2021-06-13,Stanislaus,099,539301,56697,56671,6222,62893,975
2021-06-13,Sutter,101,95872,9600,9603,96,9699,112
2021-06-13,Tehama,103,63373,5098,5100,612,5712,63
2021-06-13,Trinity,105,12862,392,332,73,405,3
2021-06-13,Tulare,107,460477,49799,49537,9592,59129,848
2021-06-13,Tuolumne,109,53932,4104,4107,36,4143,63
2021-06-13,Ventura,111,848112,81304,81201,3119,84320,1028
2021-06-13,Yolo,113,214977,14111,14120,356,14476,212
2021-06-13,Yuba,115,75493,6126,6125,134,6259,50
2021-06-12,Alameda,001,1643700,88808,88901,2077,90978,1271
2021-06-12,Alpine,003,1148,88,88,0,88,0
2021-06-12,Amador,005,37829,3730,3721,34,3755,46
2021-06-12,Butte,007,227075,12650,12576,1929,14505,194
2021-06-12,Calaveras,009,45235,2192,2189,15,2204,55
2021-06-12,Colusa,011,21464,1956,1965,325,2290,15
2021-06-12,Contra Costa,013,1133247,70330,69989,1371,71360,810
2021-06-12,Del Norte,015,27424,1411,1412,9,1421,8
2021-06-12,El Dorado,017,186661,10328,10320,781,11101,113
2021-06-12,Fresno,019,978130,102535,102783,9046,111829,1720
2021-06-12,Glenn,021,27897,2426,2425,580,3005,19
2021-06-12,Humboldt,023,135768,4404,4396,39,4435,42
2021-06-12,Imperial,025,180216,28590,28799,2915,31714,741
2021-06-12,Inyo,027,18085,1405,1405,5,1410,35
2021-06-12,Kern,029,883053,97277,96731,11463,108194,1337
2021-06-12,Kings,031,150075,23034,23067,1193,24260,245
2021-06-12,Lake,033,64148,3565,3552,9,3561,45
2021-06-12,Lassen,035,31185,5239,5208,119,5327,19
2021-06-12,Los Angeles,037,10098052,1205101,1204439,44002,1248441,24434
2021-06-12,Madera,039,155013,16654,16586,966,17552,240
2021-06-12,Marin,041,260295,14122,14121,273,14394,229
2021-06-12,Mariposa,043,17540,438,434,11,445,5
2021-06-12,Mendocino,045,87422,4097,4024,78,4102,49
2021-06-12,Merced,047,269075,31194,31236,1002,32238,461
2021-06-12,Modoc,049,8938,398,382,140,522,3
2021-06-12,Mono,051,14174,1255,1275,12,1287,3
2021-06-12,Monterey,053,433212,43130,43103,1935,45038,415
2021-06-12,Napa,055,140530,9979,9986,35,10021,80
2021-06-12,Nevada,057,99092,4899,4878,201,5079,72
2021-06-12,Orange,059,3164182,255315,255004,11829,266833,5103
2021-06-12,Placer,061,380077,23499,23345,1585,24930,295
2021-06-12,Plumas,063,18699,710,696,12,708,4
2021-06-12,Riverside,065,2383286,292097,289413,14805,304218,4453
2021-06-12,Sacramento,067,1510023,107244,107199,1866,109065,1658
2021-06-12,San Benito,069,59416,6080,6083,119,6202,63
2021-06-12,San Bernardino,071,2135413,293282,293375,9441,302816,4788
2021-06-12,San Diego,073,3302833,281623,281203,15124,296327,3770
2021-06-12,San Francisco,075,870044,36875,37189,1395,38584,555
2021-06-12,San Joaquin,077,732212,73491,73413,3784,77197,1398
2021-06-12,San Luis Obispo,079,281455,21302,21293,786,22079,256
2021-06-12,San Mateo,081,765935,42580,42604,491,43095,542
2021-06-12,Santa Barbara,083,443738,34575,34450,1244,35694,460
2021-06-12,Santa Clara,085,1922200,118635,119894,807,120701,2085
2021-06-12,Santa Cruz,087,273765,16207,16170,876,17046,208
2021-06-12,Shasta,089,179085,12496,12556,1675,14231,201
2021-06-12,Sierra,091,2930,57,55,14,69,0
2021-06-12,Siskiyou,093,43540,1940,1884,390,2274,25
2021-06-12,Solano,095,438530,33178,33219,569,33788,266
2021-06-12,Sonoma,097,501317,30553,30647,362,31009,323
2021-06-12,Stanislaus,099,539301,56680,56649,6221,62870,974
2021-06-12,Sutter,101,95872,9596,9603,96,9699,112
2021-06-12,Tehama,103,63373,5098,5099,611,5710,63
2021-06-12,Trinity,105,12862,392,332,73,405,3
2021-06-12,Tulare,107,460477,49794,49533,9585,59118,848
2021-06-12,Tuolumne,109,53932,4103,4105,36,4141,63
2021-06-12,Ventura,111,848112,81292,81197,3119,84316,1028
2021-06-12,Yolo,113,214977,14108,14118,354,14472,212
2021-06-12,Yuba,115,75493,6121,6120,134,6254,50
2021-06-11,Alameda,001,1643700,88780,88844,2077,90921,1278
2021-06-11,Alpine,003,1148,88,88,0,88,0
2021-06-11,Amador,005,37829,3730,3710,34,3744,46
2021-06-11,Butte,007,227075,12646,12576,1927,14503,194
2021-06-11,Calaveras,009,45235,2192,2188,15,2203,55
2021-06-11,Colusa,011,21464,1955,1964,325,2289,15
2021-06-11,Contra Costa,013,1133247,70297,69940,1369,71309,808
2021-06-11,Del Norte,015,27424,1411,1409,9,1418,8
2021-06-11,El Dorado,017,186661,10325,10316,781,11097,113
2021-06-11,Fresno,019,978130,102517,102770,9045,111815,1720
2021-06-11,Glenn,021,27897,2426,2425,580,3005,19
2021-06-11,Humboldt,023,135768,4400,4389,39,4428,42
2021-06-11,Imperial,025,180216,28585,28793,2915,31708,741
2021-06-11,Inyo,027,18085,1405,1405,5,1410,35
2021-06-11,Kern,029,883053,97265,96718,11459,108177,1340
2021-06-11,Kings,031,150075,23030,23069,1192,24261,245
2021-06-11,Lake,033,64148,3564,3550,9,3559,45
2021-06-11,Lassen,035,31185,5238,5204,119,5323,18
2021-06-11,Los Angeles,037,10098052,1204955,1204259,43988,1248247,24434
2021-06-11,Madera,039,155013,16651,16582,966,17548,240
2021-06-11,Marin,041,260295,14119,14116,273,14389,229
2021-06-11,Mariposa,043,17540,438,434,11,445,5
2021-06-11,Mendocino,045,87422,4094,4022,78,4100,49
2021-06-11,Merced,047,269075,31189,31231,1002,32233,461
2021-06-11,Modoc,049,8938,398,382,139,521,3
2021-06-11,Mono,051,14174,1255,1274,12,1286,3
2021-06-11,Monterey,053,433212,43126,43097,1935,45032,415
2021-06-11,Napa,055,140530,9976,9977,35,10012,80
2021-06-11,Nevada,057,99092,4897,4873,201,5074,72
2021-06-11,Orange,059,3164182,255289,254975,11825,266800,5101
2021-06-11,Placer,061,380077,23494,23330,1585,24915,294
2021-06-11,Plumas,063,18699,710,696,12,708,4
2021-06-11,Riverside,065,2383286,292059,289376,14802,304178,4451
2021-06-11,Sacramento,067,1510023,107184,107119,1865,108984,1659
2021-06-11,San Benito,069,59416,6079,6082,119,6201,63
2021-06-11,San Bernardino,071,2135413,293246,293335,9437,302772,4788
2021-06-11,San Diego,073,3302833,281583,281144,15117,296261,3768
2021-06-11,San Francisco,075,870044,36870,37177,1395,38572,555
2021-06-11,San Joaquin,077,732212,73474,73347,3781,77128,1397
2021-06-11,San Luis Obispo,079,281455,21301,21288,786,22074,256
2021-06-11,San Mateo,081,765935,42566,42585,491,43076,542
2021-06-11,Santa Barbara,083,443738,34572,34438,1244,35682,460
2021-06-11,Santa Clara,085,1922200,118616,119860,807,120667,2083
2021-06-11,Santa Cruz,087,273765,16199,16164,876,17040,208
2021-06-11,Shasta,089,179085,12488,12550,1673,14223,201
2021-06-11,Sierra,091,2930,57,55,14,69,0
2021-06-11,Siskiyou,093,43540,1939,1882,390,2272,25
2021-06-11,Solano,095,438530,33158,33179,568,33747,266
2021-06-11,Sonoma,097,501317,30535,30624,362,30986,323
2021-06-11,Stanislaus,099,539301,56654,56617,6217,62834,974
2021-06-11,Sutter,101,95872,9593,9600,95,9695,112
2021-06-11,Tehama,103,63373,5097,5099,611,5710,63
2021-06-11,Trinity,105,12862,392,331,73,404,3
2021-06-11,Tulare,107,460477,49788,49516,9584,59100,848
2021-06-11,Tuolumne,109,53932,4100,4104,36,4140,63
2021-06-11,Ventura,111,848112,81282,81189,3119,84308,1026
2021-06-11,Yolo,113,214977,14101,14111,350,14461,212
2021-06-11,Yuba,115,75493,6117,6113,134,6247,50
2021-06-10,Alameda,001,1643700,88735,88806,2076,90882,1275
2021-06-10,Alpine,003,1148,88,88,0,88,0
2021-06-10,Amador,005,37829,3726,3709,34,3743,46
2021-06-10,Butte,007,227075,12629,12565,1927,14492,194
2021-06-10,Calaveras,009,45235,2192,2188,15,2203,55
2021-06-10,Colusa,011,21464,1953,1964,325,2289,15
2021-06-10,Contra Costa,013,1133247,70243,69876,1369,71245,807
2021-06-10,Del Norte,015,27424,1411,1405,9,1414,8
2021-06-10,El Dorado,017,186661,10318,10314,777,11091,113
2021-06-10,Fresno,019,978130,102492,102724,9044,111768,1717
2021-06-10,Glenn,021,27897,2426,2425,580,3005,19
2021-06-10,Humboldt,023,135768,4392,4384,39,4423,42
2021-06-10,Imperial,025,180216,28579,28779,2915,31694,739
2021-06-10,Inyo,027,18085,1405,1405,5,1410,35
2021-06-10,Kern,029,883053,97251,96706,11454,108160,1336
2021-06-10,Kings,031,150075,23029,23067,1192,24259,245
2021-06-10,Lake,033,64148,3559,3550,9,3559,45
2021-06-10,Lassen,035,31185,5236,5201,119,5320,18
2021-06-10,Los Angeles,037,10098052,1204792,1204110,43971,1248081,24440
2021-06-10,Madera,039,155013,16644,16581,966,17547,240
2021-06-10,Marin,041,260295,14116,14118,273,14391,229
2021-06-10,Mariposa,043,17540,436,434,11,445,5
2021-06-10,Mendocino,045,87422,4089,4016,78,4094,48
2021-06-10,Merced,047,269075,31181,31231,999,32230,461
2021-06-10,Modoc,049,8938,397,381,139,520,3
2021-06-10,Mono,051,14174,1254,1274,12,1286,3
2021-06-10,Monterey,053,433212,43120,43090,1935,45025,415
2021-06-10,Napa,055,140530,9975,9974,35,10009,80
2021-06-10,Nevada,057,99092,4892,4866,201,5067,72
2021-06-10,Orange,059,3164182,255261,254950,11818,266768,5097
2021-06-10,Placer,061,380077,23481,23296,1585,24881,293
2021-06-10,Plumas,063,18699,710,696,12,708,4
2021-06-10,Riverside,065,2383286,292018,289335,14797,304132,4450
2021-06-10,Sacramento,067,1510023,107122,107049,1865,108914,1658
2021-06-10,San Benito,069,59416,6079,6079,119,6198,63
2021-06-10,San Bernardino,071,2135413,293205,293281,9434,302715,4782
2021-06-10,San Diego,073,3302833,281525,281052,15100,296152,3766
2021-06-10,San Francisco,075,870044,36860,37159,1393,38552,552
2021-06-10,San Joaquin,077,732212,73440,73276,3780,77056,1393
2021-06-10,San Luis Obispo,079,281455,21298,21280,786,22066,256
2021-06-10,San Mateo,081,765935,42559,42562,491,43053,666
2021-06-10,Santa Barbara,083,443738,34568,34434,1244,35678,460
2021-06-10,Santa Clara,085,1922200,118581,119832,806,120638,2075
2021-06-10,Santa Cruz,087,273765,16198,16159,876,17035,208
2021-06-10,Shasta,089,179085,12478,12536,1672,14208,201
2021-06-10,Sierra,091,2930,56,55,14,69,0
2021-06-10,Siskiyou,093,43540,1939,1881,390,2271,25
2021-06-10,Solano,095,438530,33141,33150,567,33717,265
2021-06-10,Sonoma,097,501317,30500,30571,360,30931,323
2021-06-10,Stanislaus,099,539301,56633,56588,6213,62801,974
2021-06-10,Sutter,101,95872,9586,9594,95,9689,112
2021-06-10,Tehama,103,63373,5097,5096,611,5707,63
2021-06-10,Trinity,105,12862,392,331,73,404,3
2021-06-10,Tulare,107,460477,49780,49503,9584,59087,848
2021-06-10,Tuolumne,109,53932,4100,4100,36,4136,63
2021-06-10,Ventura,111,848112,81271,81172,3118,84290,1026
2021-06-10,Yolo,113,214977,14098,14107,350,14457,212
2021-06-10,Yuba,115,75493,6113,6112,134,6246,50
2021-06-09,Alameda,001,1643700,88689,88762,2074,90836,1271
2021-06-09,Alpine,003,1148,88,88,0,88,0
2021-06-09,Amador,005,37829,3722,3706,34,3740,46
2021-06-09,Butte,007,227075,12623,12555,1925,14480,194
2021-06-09,Calaveras,009,45235,2190,2184,15,2199,55
2021-06-09,Colusa,011,21464,1953,1962,324,2286,15
2021-06-09,Contra Costa,013,1133247,70206,69829,1368,71197,803
2021-06-09,Del Norte,015,27424,1408,1403,9,1412,8
2021-06-09,El Dorado,017,186661,10315,10312,776,11088,113
2021-06-09,Fresno,019,978130,102473,102690,9039,111729,1717
2021-06-09,Glenn,021,27897,2425,2424,580,3004,19
2021-06-09,Humboldt,023,135768,4387,4379,38,4417,42
2021-06-09,Imperial,025,180216,28576,28754,2915,31669,739
2021-06-09,Inyo,027,18085,1405,1405,5,1410,35
2021-06-09,Kern,029,883053,97238,96697,11444,108141,1328
2021-06-09,Kings,031,150075,23027,23061,1192,24253,245
2021-06-09,Lake,033,64148,3556,3541,9,3550,45
2021-06-09,Lassen,035,31185,5235,5200,119,5319,18
2021-06-09,Los Angeles,037,10098052,1204608,1203955,43960,1247915,24432
2021-06-09,Madera,039,155013,16639,16580,966,17546,240
2021-06-09,Marin,041,260295,14111,14114,273,14387,229
2021-06-09,Mariposa,043,17540,436,434,11,445,5
2021-06-09,Mendocino,045,87422,4083,4008,78,4086,47
2021-06-09,Merced,047,269075,31177,31225,999,32224,461
2021-06-09,Modoc,049,8938,395,377,138,515,3
2021-06-09,Mono,051,14174,1254,1274,12,1286,3
2021-06-09,Monterey,053,433212,43113,43082,1935,45017,415
2021-06-09,Napa,055,140530,9969,9971,35,10006,80
2021-06-09,Nevada,057,99092,4882,4863,200,5063,72
2021-06-09,Orange,059,3164182,255217,254893,11814,266707,5080
2021-06-09,Placer,061,380077,23462,23237,1585,24822,293
2021-06-09,Plumas,063,18699,709,697,12,709,4
2021-06-09,Riverside,065,2383286,291974,289299,14795,304094,4450
2021-06-09,Sacramento,067,1510023,107060,106971,1862,108833,1657
2021-06-09,San Benito,069,59416,6075,6078,119,6197,63
2021-06-09,San Bernardino,071,2135413,293164,293222,9434,302656,4782
2021-06-09,San Diego,073,3302833,281460,280941,15088,296029,3765
2021-06-09,San Francisco,075,870044,36847,37143,1392,38535,552
2021-06-09,San Joaquin,077,732212,73415,73232,3779,77011,1392
2021-06-09,San Luis Obispo,079,281455,21297,21259,786,22045,256
2021-06-09,San Mateo,081,765935,42543,42502,490,42992,666
2021-06-09,Santa Barbara,083,443738,34557,34422,1244,35666,460
2021-06-09,Santa Clara,085,1922200,118543,119793,805,120598,2068
2021-06-09,Santa Cruz,087,273765,16195,16155,876,17031,208
2021-06-09,Shasta,089,179085,12468,12521,1670,14191,201
2021-06-09,Sierra,091,2930,55,55,14,69,0
2021-06-09,Siskiyou,093,43540,1938,1871,390,2261,25
2021-06-09,Solano,095,438530,33125,33137,566,33703,264
2021-06-09,Sonoma,097,501317,30478,30540,360,30900,323
2021-06-09,Stanislaus,099,539301,56613,56560,6210,62770,974
2021-06-09,Sutter,101,95872,9577,9586,94,9680,111
2021-06-09,Tehama,103,63373,5096,5093,611,5704,63
2021-06-09,Trinity,105,12862,391,331,73,404,3
2021-06-09,Tulare,107,460477,49776,49496,9582,59078,847
2021-06-09,Tuolumne,109,53932,4097,4100,36,4136,63
2021-06-09,Ventura,111,848112,81261,81154,3117,84271,1026
2021-06-09,Yolo,113,214977,14096,14102,349,14451,212
2021-06-09,Yuba,115,75493,6109,6109,134,6243,50
2021-06-08,Alameda,001,1643700,88641,88731,2074,90805,1267
2021-06-08,Alpine,003,1148,88,88,0,88,0
2021-06-08,Amador,005,37829,3721,3704,34,3738,46
2021-06-08,Butte,007,227075,12617,12540,1922,14462,194
2021-06-08,Calaveras,009,45235,2189,2181,15,2196,55
2021-06-08,Colusa,011,21464,1953,1961,324,2285,15
2021-06-08,Contra Costa,013,1133247,70157,69762,1367,71129,803
2021-06-08,Del Norte,015,27424,1406,1402,9,1411,8
2021-06-08,El Dorado,017,186661,10310,10306,774,11080,113
2021-06-08,Fresno,019,978130,102448,102680,9037,111717,1717
2021-06-08,Glenn,021,27897,2424,2423,580,3003,19
2021-06-08,Humboldt,023,135768,4382,4363,38,4401,42
2021-06-08,Imperial,025,180216,28567,28752,2915,31667,738
2021-06-08,Inyo,027,18085,1405,1405,5,1410,35
2021-06-08,Kern,029,883053,97219,96671,11437,108108,1325
2021-06-08,Kings,031,150075,23026,23036,1192,24228,245
2021-06-08,Lake,033,64148,3555,3540,9,3549,45
2021-06-08,Lassen,035,31185,5235,5200,119,5319,18
2021-06-08,Los Angeles,037,10098052,1204415,1203794,43948,1247742,24426
2021-06-08,Madera,039,155013,16633,16579,965,17544,240
2021-06-08,Marin,041,260295,14109,14111,272,14383,229
2021-06-08,Mariposa,043,17540,436,434,11,445,5
2021-06-08,Mendocino,045,87422,4076,4002,78,4080,47
2021-06-08,Merced,047,269075,31169,31225,999,32224,461
2021-06-08,Modoc,049,8938,389,377,137,514,3
2021-06-08,Mono,051,14174,1254,1274,12,1286,3
2021-06-08,Monterey,053,433212,43107,43078,1934,45012,415
2021-06-08,Napa,055,140530,9965,9962,35,9997,80
2021-06-08,Nevada,057,99092,4877,4861,200,5061,72
2021-06-08,Orange,059,3164182,255177,254852,11807,266659,5078
2021-06-08,Placer,061,380077,23444,23209,1581,24790,293
2021-06-08,Plumas,063,18699,709,692,12,704,4
2021-06-08,Riverside,065,2383286,291940,289268,14786,304054,4452
2021-06-08,Sacramento,067,1510023,106998,106901,1859,108760,1654
2021-06-08,San Benito,069,59416,6073,6076,119,6195,63
2021-06-08,San Bernardino,071,2135413,293116,293186,9430,302616,4778
2021-06-08,San Diego,073,3302833,281398,280879,15079,295958,3764
2021-06-08,San Francisco,075,870044,36832,37134,1391,38525,552
2021-06-08,San Joaquin,077,732212,73371,73186,3774,76960,1390
2021-06-08,San Luis Obispo,079,281455,21291,21251,785,22036,255
2021-06-08,San Mateo,081,765935,42531,42488,490,42978,663
2021-06-08,Santa Barbara,083,443738,34553,34418,1244,35662,459
2021-06-08,Santa Clara,085,1922200,118524,119770,804,120574,2068
2021-06-08,Santa Cruz,087,273765,16192,16160,876,17036,208
2021-06-08,Shasta,089,179085,12453,12498,1670,14168,201
2021-06-08,Sierra,091,2930,55,55,14,69,0
2021-06-08,Siskiyou,093,43540,1936,1870,388,2258,21
2021-06-08,Solano,095,438530,33104,33130,566,33696,259
2021-06-08,Sonoma,097,501317,30451,30523,358,30881,323
2021-06-08,Stanislaus,099,539301,56586,56548,6208,62756,973
2021-06-08,Sutter,101,95872,9574,9581,94,9675,111
2021-06-08,Tehama,103,63373,5093,5093,611,5704,63
2021-06-08,Trinity,105,12862,391,330,72,402,3
2021-06-08,Tulare,107,460477,49765,49485,9576,59061,847
2021-06-08,Tuolumne,109,53932,4094,4099,36,4135,63
2021-06-08,Ventura,111,848112,81245,81142,3116,84258,1026
2021-06-08,Yolo,113,214977,14091,14099,348,14447,212
2021-06-08,Yuba,115,75493,6107,6103,134,6237,50
2021-06-07,Alameda,001,1643700,88583,88688,2074,90762,1267
2021-06-07,Alpine,003,1148,88,88,0,88,0
2021-06-07,Amador,005,37829,3711,3697,34,3731,46
2021-06-07,Butte,007,227075,12610,12533,1921,14454,194
2021-06-07,Calaveras,009,45235,2188,2181,15,2196,55
2021-06-07,Colusa,011,21464,1952,1960,324,2284,15
2021-06-07,Contra Costa,013,1133247,70101,69718,1366,71084,817
2021-06-07,Del Norte,015,27424,1406,1401,9,1410,8
2021-06-07,El Dorado,017,186661,10305,10305,774,11079,113
2021-06-07,Fresno,019,978130,102419,102659,9030,111689,1717
2021-06-07,Glenn,021,27897,2424,2423,580,3003,19
2021-06-07,Humboldt,023,135768,4374,4354,38,4392,42
2021-06-07,Imperial,025,180216,28565,28754,2915,31669,738
2021-06-07,Inyo,027,18085,1405,1404,5,1409,35
2021-06-07,Kern,029,883053,97203,96645,11430,108075,1324
2021-06-07,Kings,031,150075,23022,23023,1192,24215,244
2021-06-07,Lake,033,64148,3553,3540,9,3549,45
2021-06-07,Lassen,035,31185,5230,5198,119,5317,18
2021-06-07,Los Angeles,037,10098052,1204194,1203664,43933,1247597,24413
2021-06-07,Madera,039,155013,16626,16572,965,17537,240
2021-06-07,Marin,041,260295,14105,14108,271,14379,229
2021-06-07,Mariposa,043,17540,436,434,11,445,5
2021-06-07,Mendocino,045,87422,4070,3998,78,4076,47
2021-06-07,Merced,047,269075,31157,31212,998,32210,459
2021-06-07,Modoc,049,8938,388,375,134,509,3
2021-06-07,Mono,051,14174,1254,1275,12,1287,3
2021-06-07,Monterey,053,433212,43100,43077,1934,45011,415
2021-06-07,Napa,055,140530,9957,9962,35,9997,80
2021-06-07,Nevada,057,99092,4875,4860,200,5060,72
2021-06-07,Orange,059,3164182,255137,254808,11800,266608,5073
2021-06-07,Placer,061,380077,23425,23176,1579,24755,293
2021-06-07,Plumas,063,18699,709,692,12,704,4
2021-06-07,Riverside,065,2383286,291897,289232,14783,304015,4451
2021-06-07,Sacramento,067,1510023,106922,106841,1855,108696,1655
2021-06-07,San Benito,069,59416,6072,6074,119,6193,63
2021-06-07,San Bernardino,071,2135413,293078,293129,9429,302558,4775
2021-06-07,San Diego,073,3302833,281316,280808,15066,295874,3764
2021-06-07,San Francisco,075,870044,36816,37122,1391,38513,552
2021-06-07,San Joaquin,077,732212,73326,73130,3767,76897,1388
2021-06-07,San Luis Obispo,079,281455,21278,21252,785,22037,255
2021-06-07,San Mateo,081,765935,42515,42479,490,42969,664
2021-06-07,Santa Barbara,083,443738,34547,34407,1244,35651,459
2021-06-07,Santa Clara,085,1922200,118497,119743,804,120547,2066
2021-06-07,Santa Cruz,087,273765,16190,16159,876,17035,208
2021-06-07,Shasta,089,179085,12439,12483,1665,14148,200
2021-06-07,Sierra,091,2930,55,55,14,69,0
2021-06-07,Siskiyou,093,43540,1936,1869,388,2257,21
2021-06-07,Solano,095,438530,33082,33124,565,33689,258
2021-06-07,Sonoma,097,501317,30415,30504,357,30861,323
2021-06-07,Stanislaus,099,539301,56553,56521,6205,62726,972
2021-06-07,Sutter,101,95872,9570,9571,94,9665,111
2021-06-07,Tehama,103,63373,5089,5092,611,5703,63
2021-06-07,Trinity,105,12862,391,329,72,401,3
2021-06-07,Tulare,107,460477,49759,49471,9576,59047,847
2021-06-07,Tuolumne,109,53932,4093,4098,36,4134,63
2021-06-07,Ventura,111,848112,81228,81137,3115,84252,1025
2021-06-07,Yolo,113,214977,14086,14097,347,14444,211
2021-06-07,Yuba,115,75493,6105,6099,131,6230,49
2021-06-06,Alameda,001,1643700,88544,88636,2073,90709,1267
2021-06-06,Alpine,003,1148,88,88,0,88,0
2021-06-06,Amador,005,37829,3708,3696,34,3730,46
2021-06-06,Butte,007,227075,12599,12527,1920,14447,194
2021-06-06,Calaveras,009,45235,2187,2181,15,2196,55
2021-06-06,Colusa,011,21464,1950,1959,324,2283,15
2021-06-06,Contra Costa,013,1133247,70036,69659,1364,71023,817
2021-06-06,Del Norte,015,27424,1401,1401,8,1409,8
2021-06-06,El Dorado,017,186661,10298,10294,774,11068,113
2021-06-06,Fresno,019,978130,102386,102642,9027,111669,1717
2021-06-06,Glenn,021,27897,2423,2423,580,3003,19
2021-06-06,Humboldt,023,135768,4363,4353,38,4391,42
2021-06-06,Imperial,025,180216,28559,28762,2915,31677,738
2021-06-06,Inyo,027,18085,1404,1404,5,1409,35
2021-06-06,Kern,029,883053,97185,96623,11423,108046,1324
2021-06-06,Kings,031,150075,23016,23021,1192,24213,244
2021-06-06,Lake,033,64148,3553,3535,9,3544,45
2021-06-06,Lassen,035,31185,5228,5191,119,5310,18
2021-06-06,Los Angeles,037,10098052,1203997,1203539,43920,1247459,24410
2021-06-06,Madera,039,155013,16620,16567,965,17532,240
2021-06-06,Marin,041,260295,14099,14106,270,14376,229
2021-06-06,Mariposa,043,17540,435,435,11,446,5
2021-06-06,Mendocino,045,87422,4066,3993,78,4071,47
2021-06-06,Merced,047,269075,31150,31215,998,32213,459
2021-06-06,Modoc,049,8938,388,375,133,508,3
2021-06-06,Mono,051,14174,1254,1275,12,1287,3
2021-06-06,Monterey,053,433212,43095,43078,1934,45012,415
2021-06-06,Napa,055,140530,9951,9963,35,9998,80
2021-06-06,Nevada,057,99092,4868,4854,199,5053,72
2021-06-06,Orange,059,3164182,255103,254782,11795,266577,5073
2021-06-06,Placer,061,380077,23400,23156,1576,24732,293
2021-06-06,Plumas,063,18699,709,692,12,704,4
2021-06-06,Riverside,065,2383286,291863,289201,14777,303978,4451
2021-06-06,Sacramento,067,1510023,106836,106749,1854,108603,1655
2021-06-06,San Benito,069,59416,6066,6074,119,6193,63
2021-06-06,San Bernardino,071,2135413,293026,293117,9420,302537,4773
2021-06-06,San Diego,073,3302833,281236,280743,15049,295792,3764
2021-06-06,San Francisco,075,870044,36804,37118,1390,38508,552
2021-06-06,San Joaquin,077,732212,73294,73105,3763,76868,1388
2021-06-06,San Luis Obispo,079,281455,21275,21246,785,22031,255
2021-06-06,San Mateo,081,765935,42498,42457,490,42947,664
2021-06-06,Santa Barbara,083,443738,34543,34403,1243,35646,459
2021-06-06,Santa Clara,085,1922200,118475,119711,804,120515,2066
2021-06-06,Santa Cruz,087,273765,16189,16158,876,17034,208
2021-06-06,Shasta,089,179085,12424,12478,1661,14139,200
2021-06-06,Sierra,091,2930,55,55,14,69,0
2021-06-06,Siskiyou,093,43540,1933,1869,388,2257,21
2021-06-06,Solano,095,438530,33055,33093,565,33658,258
2021-06-06,Sonoma,097,501317,30384,30478,356,30834,323
2021-06-06,Stanislaus,099,539301,56511,56486,6202,62688,972
2021-06-06,Sutter,101,95872,9563,9567,94,9661,111
2021-06-06,Tehama,103,63373,5085,5092,610,5702,63
2021-06-06,Trinity,105,12862,391,328,72,400,3
2021-06-06,Tulare,107,460477,49752,49466,9570,59036,847
2021-06-06,Tuolumne,109,53932,4091,4097,36,4133,63
2021-06-06,Ventura,111,848112,81217,81130,3112,84242,1025
2021-06-06,Yolo,113,214977,14078,14089,346,14435,210
2021-06-06,Yuba,115,75493,6097,6096,131,6227,49
2021-06-05,Alameda,001,1643700,88513,88612,2072,90684,1268
2021-06-05,Alpine,003,1148,88,88,0,88,0
2021-06-05,Amador,005,37829,3708,3694,34,3728,46
2021-06-05,Butte,007,227075,12593,12514,1919,14433,194
2021-06-05,Calaveras,009,45235,2187,2181,15,2196,55
2021-06-05,Colusa,011,21464,1950,1959,324,2283,15
2021-06-05,Contra Costa,013,1133247,70007,69601,1364,70965,817
2021-06-05,Del Norte,015,27424,1401,1400,8,1408,8
2021-06-05,El Dorado,017,186661,10296,10288,773,11061,113
2021-06-05,Fresno,019,978130,102377,102626,9027,111653,1717
2021-06-05,Glenn,021,27897,2422,2423,580,3003,19
2021-06-05,Humboldt,023,135768,4358,4346,38,4384,42
2021-06-05,Imperial,025,180216,28556,28764,2915,31679,738
2021-06-05,Inyo,027,18085,1404,1405,5,1410,35
2021-06-05,Kern,029,883053,97173,96597,11418,108015,1324
2021-06-05,Kings,031,150075,23013,23017,1192,24209,244
2021-06-05,Lake,033,64148,3550,3534,9,3543,45
2021-06-05,Lassen,035,31185,5227,5191,119,5310,18
2021-06-05,Los Angeles,037,10098052,1203871,1203338,43910,1247248,24411
2021-06-05,Madera,039,155013,16616,16563,965,17528,240
2021-06-05,Marin,041,260295,14097,14101,270,14371,229
2021-06-05,Mariposa,043,17540,435,435,11,446,5
2021-06-05,Mendocino,045,87422,4063,3989,78,4067,47
2021-06-05,Merced,047,269075,31147,31212,998,32210,459
2021-06-05,Modoc,049,8938,388,375,132,507,3
2021-06-05,Mono,051,14174,1254,1274,12,1286,3
2021-06-05,Monterey,053,433212,43091,43071,1933,45004,415
2021-06-05,Napa,055,140530,9946,9960,35,9995,80
2021-06-05,Nevada,057,99092,4866,4849,199,5048,72
2021-06-05,Orange,059,3164182,255079,254752,11792,266544,5069
2021-06-05,Placer,061,380077,23385,23133,1575,24708,293
2021-06-05,Plumas,063,18699,709,692,12,704,4
2021-06-05,Riverside,065,2383286,291828,289157,14773,303930,4451
2021-06-05,Sacramento,067,1510023,106784,106688,1851,108539,1655
2021-06-05,San Benito,069,59416,6064,6074,119,6193,63
2021-06-05,San Bernardino,071,2135413,292993,293081,9418,302499,4772
2021-06-05,San Diego,073,3302833,281195,280676,15036,295712,3764
2021-06-05,San Francisco,075,870044,36795,37111,1390,38501,552
2021-06-05,San Joaquin,077,732212,73278,73078,3756,76834,1388
2021-06-05,San Luis Obispo,079,281455,21272,21236,785,22021,255
2021-06-05,San Mateo,081,765935,42488,42433,490,42923,664
2021-06-05,Santa Barbara,083,443738,34540,34399,1242,35641,459
2021-06-05,Santa Clara,085,1922200,118453,119676,802,120478,2066
2021-06-05,Santa Cruz,087,273765,16189,16154,876,17030,208
2021-06-05,Shasta,089,179085,12415,12472,1660,14132,200
2021-06-05,Sierra,091,2930,55,55,14,69,0
2021-06-05,Siskiyou,093,43540,1933,1867,388,2255,21
2021-06-05,Solano,095,438530,33040,33074,565,33639,257
2021-06-05,Sonoma,097,501317,30357,30450,354,30804,323
2021-06-05,Stanislaus,099,539301,56490,56463,6200,62663,973
2021-06-05,Sutter,101,95872,9560,9559,94,9653,111
2021-06-05,Tehama,103,63373,5084,5092,609,5701,63
2021-06-05,Trinity,105,12862,391,328,72,400,3
2021-06-05,Tulare,107,460477,49746,49463,9570,59033,847
2021-06-05,Tuolumne,109,53932,4089,4098,36,4134,63
2021-06-05,Ventura,111,848112,81208,81119,3110,84229,1025
2021-06-05,Yolo,113,214977,14076,14088,346,14434,210
2021-06-05,Yuba,115,75493,6096,6087,131,6218,49
2021-06-04,Alameda,001,1643700,88486,88585,2070,90655,1263
2021-06-04,Alpine,003,1148,88,88,0,88,0
2021-06-04,Amador,005,37829,3708,3690,34,3724,46
2021-06-04,Butte,007,227075,12582,12494,1916,14410,193
2021-06-04,Calaveras,009,45235,2187,2179,15,2194,55
2021-06-04,Colusa,011,21464,1950,1959,324,2283,15
2021-06-04,Contra Costa,013,1133247,69972,69540,1361,70901,816
2021-06-04,Del Norte,015,27424,1401,1398,8,1406,8
2021-06-04,El Dorado,017,186661,10292,10284,771,11055,112
2021-06-04,Fresno,019,978130,102361,102601,9027,111628,1712
2021-06-04,Glenn,021,27897,2422,2423,579,3002,19
2021-06-04,Humboldt,023,135768,4353,4327,38,4365,42
2021-06-04,Imperial,025,180216,28552,28753,2915,31668,738
2021-06-04,Inyo,027,18085,1404,1404,5,1409,35
2021-06-04,Kern,029,883053,97155,96573,11416,107989,1327
2021-06-04,Kings,031,150075,23013,23002,1192,24194,244
2021-06-04,Lake,033,64148,3548,3528,9,3537,45
2021-06-04,Lassen,035,31185,5227,5180,119,5299,18
2021-06-04,Los Angeles,037,10098052,1203750,1203106,43900,1247006,24400
2021-06-04,Madera,039,155013,16614,16557,965,17522,240
2021-06-04,Marin,041,260295,14096,14099,269,14368,229
2021-06-04,Mariposa,043,17540,435,435,11,446,5
2021-06-04,Mendocino,045,87422,4054,3983,78,4061,47
2021-06-04,Merced,047,269075,31142,31204,997,32201,459
2021-06-04,Modoc,049,8938,386,375,132,507,3
2021-06-04,Mono,051,14174,1254,1275,12,1287,3
2021-06-04,Monterey,053,433212,43087,43068,1933,45001,415
2021-06-04,Napa,055,140530,9942,9958,35,9993,80
2021-06-04,Nevada,057,99092,4862,4844,199,5043,72
2021-06-04,Orange,059,3164182,255043,254730,11789,266519,5059
2021-06-04,Placer,061,380077,23370,23110,1574,24684,293
2021-06-04,Plumas,063,18699,709,691,12,703,4
2021-06-04,Riverside,065,2383286,291802,289098,14769,303867,4452
2021-06-04,Sacramento,067,1510023,106731,106616,1849,108465,1654
2021-06-04,San Benito,069,59416,6062,6073,119,6192,63
2021-06-04,San Bernardino,071,2135413,292970,293056,9416,302472,4768
2021-06-04,San Diego,073,3302833,281153,280556,15029,295585,3763
2021-06-04,San Francisco,075,870044,36790,37079,1389,38468,551
2021-06-04,San Joaquin,077,732212,73259,73039,3754,76793,1388
2021-06-04,San Luis Obispo,079,281455,21269,21234,784,22018,255
2021-06-04,San Mateo,081,765935,42476,42413,490,42903,478
2021-06-04,Santa Barbara,083,443738,34534,34402,1241,35643,459
2021-06-04,Santa Clara,085,1922200,118424,119619,802,120421,2065
2021-06-04,Santa Cruz,087,273765,16187,16150,876,17026,207
2021-06-04,Shasta,089,179085,12409,12458,1655,14113,200
2021-06-04,Sierra,091,2930,55,55,14,69,0
2021-06-04,Siskiyou,093,43540,1932,1865,388,2253,21
2021-06-04,Solano,095,438530,33029,33058,565,33623,256
2021-06-04,Sonoma,097,501317,30336,30411,354,30765,323
2021-06-04,Stanislaus,099,539301,56467,56442,6197,62639,973
2021-06-04,Sutter,101,95872,9555,9554,94,9648,111
2021-06-04,Tehama,103,63373,5079,5090,609,5699,63
2021-06-04,Trinity,105,12862,391,328,72,400,3
2021-06-04,Tulare,107,460477,49737,49452,9568,59020,847
2021-06-04,Tuolumne,109,53932,4088,4095,36,4131,63
2021-06-04,Ventura,111,848112,81201,81104,3108,84212,1023
2021-06-04,Yolo,113,214977,14074,14083,346,14429,210
2021-06-04,Yuba,115,75493,6093,6084,131,6215,49
2021-06-03,Alameda,001,1643700,88448,88555,2067,90622,1257
2021-06-03,Alpine,003,1148,88,88,0,88,0
2021-06-03,Amador,005,37829,3700,3688,34,3722,46
2021-06-03,Butte,007,227075,12578,12478,1915,14393,193
2021-06-03,Calaveras,009,45235,2187,2179,15,2194,55
2021-06-03,Colusa,011,21464,1950,1957,324,2281,15
2021-06-03,Contra Costa,013,1133247,69918,69500,1356,70856,816
2021-06-03,Del Norte,015,27424,1399,1397,8,1405,8
2021-06-03,El Dorado,017,186661,10286,10284,768,11052,112
2021-06-03,Fresno,019,978130,102345,102566,9027,111593,1709
2021-06-03,Glenn,021,27897,2422,2421,579,3000,19
2021-06-03,Humboldt,023,135768,4345,4314,38,4352,42
2021-06-03,Imperial,025,180216,28540,28737,2915,31652,738
2021-06-03,Inyo,027,18085,1404,1404,5,1409,35
2021-06-03,Kern,029,883053,97128,96507,11402,107909,1326
2021-06-03,Kings,031,150075,23009,22982,1192,24174,244
2021-06-03,Lake,033,64148,3546,3526,9,3535,45
2021-06-03,Lassen,035,31185,5218,5177,119,5296,12
2021-06-03,Los Angeles,037,10098052,1203576,1202923,43892,1246815,24386
2021-06-03,Madera,039,155013,16608,16554,965,17519,240
2021-06-03,Marin,041,260295,14091,14095,269,14364,230
2021-06-03,Mariposa,043,17540,435,435,11,446,5
2021-06-03,Mendocino,045,87422,4047,3978,78,4056,47
2021-06-03,Merced,047,269075,31139,31199,997,32196,459
2021-06-03,Modoc,049,8938,385,376,131,507,3
2021-06-03,Mono,051,14174,1254,1275,12,1287,3
2021-06-03,Monterey,053,433212,43084,43063,1933,44996,415
2021-06-03,Napa,055,140530,9935,9957,35,9992,81
2021-06-03,Nevada,057,99092,4858,4837,199,5036,72
2021-06-03,Orange,059,3164182,255015,254676,11779,266455,5056
2021-06-03,Placer,061,380077,23361,23100,1573,24673,293
2021-06-03,Plumas,063,18699,709,691,12,703,4
2021-06-03,Riverside,065,2383286,291748,289035,14765,303800,4447
2021-06-03,Sacramento,067,1510023,106653,106526,1847,108373,1654
2021-06-03,San Benito,069,59416,6062,6073,119,6192,63
2021-06-03,San Bernardino,071,2135413,292940,293021,9415,302436,4762
2021-06-03,San Diego,073,3302833,281090,280430,15019,295449,3761
2021-06-03,San Francisco,075,870044,36784,37072,1389,38461,551
2021-06-03,San Joaquin,077,732212,73231,72989,3750,76739,1388
2021-06-03,San Luis Obispo,079,281455,21264,21224,784,22008,255
2021-06-03,San Mateo,081,765935,42463,42396,490,42886,467
2021-06-03,Santa Barbara,083,443738,34531,34391,1241,35632,459
2021-06-03,Santa Clara,085,1922200,118402,119592,800,120392,2058
2021-06-03,Santa Cruz,087,273765,16185,16144,876,17020,207
2021-06-03,Shasta,089,179085,12394,12441,1652,14093,199
2021-06-03,Sierra,091,2930,55,55,14,69,0
2021-06-03,Siskiyou,093,43540,1932,1862,387,2249,21
2021-06-03,Solano,095,438530,33015,33019,565,33584,256
2021-06-03,Sonoma,097,501317,30314,30383,353,30736,322
2021-06-03,Stanislaus,099,539301,56436,56401,6190,62591,973
2021-06-03,Sutter,101,95872,9546,9539,94,9633,111
2021-06-03,Tehama,103,63373,5079,5087,609,5696,63
2021-06-03,Trinity,105,12862,391,328,72,400,3
2021-06-03,Tulare,107,460477,49734,49442,9564,59006,848
2021-06-03,Tuolumne,109,53932,4086,4095,36,4131,63
2021-06-03,Ventura,111,848112,81189,81078,3106,84184,1023
2021-06-03,Yolo,113,214977,14070,14078,343,14421,210
2021-06-03,Yuba,115,75493,6086,6077,131,6208,49
2021-06-02,Alameda,001,1643700,88403,88525,2065,90590,1254
2021-06-02,Alpine,003,1148,88,88,0,88,0
2021-06-02,Amador,005,37829,3698,3687,34,3721,46
2021-06-02,Butte,007,227075,12558,12432,1912,14344,193
2021-06-02,Calaveras,009,45235,2185,2174,14,2188,55
2021-06-02,Colusa,011,21464,1949,1957,324,2281,15
2021-06-02,Contra Costa,013,1133247,69867,69455,1354,70809,814
2021-06-02,Del Norte,015,27424,1397,1395,8,1403,8
2021-06-02,El Dorado,017,186661,10282,10275,768,11043,110
2021-06-02,Fresno,019,978130,102321,102547,9024,111571,1707
2021-06-02,Glenn,021,27897,2422,2421,579,3000,19
2021-06-02,Humboldt,023,135768,4330,4302,38,4340,42
2021-06-02,Imperial,025,180216,28535,28737,2913,31650,738
2021-06-02,Inyo,027,18085,1403,1403,5,1408,35
2021-06-02,Kern,029,883053,97102,96481,11393,107874,1326
2021-06-02,Kings,031,150075,23007,22981,1192,24173,244
2021-06-02,Lake,033,64148,3541,3522,9,3531,45
2021-06-02,Lassen,035,31185,5217,5177,119,5296,6
2021-06-02,Los Angeles,037,10098052,1203375,1202760,43883,1246643,24375
2021-06-02,Madera,039,155013,16600,16550,965,17515,240
2021-06-02,Marin,041,260295,14089,14091,269,14360,229
2021-06-02,Mariposa,043,17540,435,434,11,445,5
2021-06-02,Mendocino,045,87422,4041,3970,78,4048,47
2021-06-02,Merced,047,269075,31126,31195,996,32191,458
2021-06-02,Modoc,049,8938,384,375,130,505,3
2021-06-02,Mono,051,14174,1254,1275,12,1287,3
2021-06-02,Monterey,053,433212,43082,43056,1933,44989,380
2021-06-02,Napa,055,140530,9934,9953,35,9988,82
2021-06-02,Nevada,057,99092,4855,4833,199,5032,72
2021-06-02,Orange,059,3164182,254970,254637,11775,266412,5055
2021-06-02,Placer,061,380077,23340,23058,1571,24629,293
2021-06-02,Plumas,063,18699,709,690,12,702,4
2021-06-02,Riverside,065,2383286,291693,289012,14755,303767,4445
2021-06-02,Sacramento,067,1510023,106589,106435,1840,108275,1649
2021-06-02,San Benito,069,59416,6061,6073,119,6192,63
2021-06-02,San Bernardino,071,2135413,292892,293004,9410,302414,4760
2021-06-02,San Diego,073,3302833,281010,280347,14998,295345,3760
2021-06-02,San Francisco,075,870044,36764,37050,1388,38438,550
2021-06-02,San Joaquin,077,732212,73200,72893,3747,76640,1387
2021-06-02,San Luis Obispo,079,281455,21257,21214,783,21997,255
2021-06-02,San Mateo,081,765935,42453,42383,489,42872,464
2021-06-02,Santa Barbara,083,443738,34525,34381,1241,35622,456
2021-06-02,Santa Clara,085,1922200,118374,119553,799,120352,2058
2021-06-02,Santa Cruz,087,273765,16182,16144,876,17020,207
2021-06-02,Shasta,089,179085,12376,12426,1647,14073,199
2021-06-02,Sierra,091,2930,55,55,14,69,0
2021-06-02,Siskiyou,093,43540,1932,1861,385,2246,21
2021-06-02,Solano,095,438530,33003,33007,564,33571,256
2021-06-02,Sonoma,097,501317,30295,30359,348,30707,322
2021-06-02,Stanislaus,099,539301,56407,56377,6185,62562,973
2021-06-02,Sutter,101,95872,9543,9533,94,9627,111
2021-06-02,Tehama,103,63373,5076,5081,609,5690,63
2021-06-02,Trinity,105,12862,389,328,72,400,3
2021-06-02,Tulare,107,460477,49726,49434,9560,58994,846
2021-06-02,Tuolumne,109,53932,4086,4095,36,4131,63
2021-06-02,Ventura,111,848112,81164,81033,3106,84139,1020
2021-06-02,Yolo,113,214977,14067,14074,342,14416,210
2021-06-02,Yuba,115,75493,6080,6072,131,6203,48
2021-06-01,Alameda,001,1643700,88370,88472,2063,90535,1253
2021-06-01,Alpine,003,1148,88,88,0,88,0
2021-06-01,Amador,005,37829,3696,3687,34,3721,46
2021-06-01,Butte,007,227075,12544,12427,1911,14338,193
2021-06-01,Calaveras,009,45235,2183,2173,14,2187,55
2021-06-01,Colusa,011,21464,1948,1955,323,2278,15
2021-06-01,Contra Costa,013,1133247,69810,69404,1354,70758,813
2021-06-01,Del Norte,015,27424,1396,1394,8,1402,8
2021-06-01,El Dorado,017,186661,10276,10271,768,11039,110
2021-06-01,Fresno,019,978130,102296,102534,9021,111555,1706
2021-06-01,Glenn,021,27897,2422,2422,579,3001,18
2021-06-01,Humboldt,023,135768,4320,4299,38,4337,42
2021-06-01,Imperial,025,180216,28531,28722,2912,31634,736
2021-06-01,Inyo,027,18085,1403,1403,5,1408,35
2021-06-01,Kern,029,883053,97075,96477,11385,107862,1319
2021-06-01,Kings,031,150075,23003,22977,1192,24169,244
2021-06-01,Lake,033,64148,3540,3523,9,3532,45
2021-06-01,Lassen,035,31185,5210,5172,119,5291,6
2021-06-01,Los Angeles,037,10098052,1203142,1202673,43870,1246543,24367
2021-06-01,Madera,039,155013,16591,16549,964,17513,240
2021-06-01,Marin,041,260295,14087,14081,269,14350,229
2021-06-01,Mariposa,043,17540,435,431,11,442,5
2021-06-01,Mendocino,045,87422,4034,3966,78,4044,47
2021-06-01,Merced,047,269075,31117,31195,996,32191,456
2021-06-01,Modoc,049,8938,382,375,130,505,3
2021-06-01,Mono,051,14174,1254,1275,12,1287,3
2021-06-01,Monterey,053,433212,43076,43051,1933,44984,379
2021-06-01,Napa,055,140530,9932,9949,35,9984,82
2021-06-01,Nevada,057,99092,4850,4825,199,5024,72
2021-06-01,Orange,059,3164182,254935,254603,11767,266370,5051
2021-06-01,Placer,061,380077,23310,23021,1569,24590,293
2021-06-01,Plumas,063,18699,708,690,12,702,4
2021-06-01,Riverside,065,2383286,291642,288996,14749,303745,4442
2021-06-01,Sacramento,067,1510023,106517,106330,1838,108168,1644
2021-06-01,San Benito,069,59416,6060,6073,118,6191,63
2021-06-01,San Bernardino,071,2135413,292869,292990,9409,302399,4758
2021-06-01,San Diego,073,3302833,280906,280305,14982,295287,3756
2021-06-01,San Francisco,075,870044,36748,37031,1388,38419,550
2021-06-01,San Joaquin,077,732212,73168,72858,3745,76603,1383
2021-06-01,San Luis Obispo,079,281455,21252,21217,783,22000,256
2021-06-01,San Mateo,081,765935,42436,42383,488,42871,462
2021-06-01,Santa Barbara,083,443738,34521,34374,1241,35615,456
2021-06-01,Santa Clara,085,1922200,118346,119528,799,120327,2057
2021-06-01,Santa Cruz,087,273765,16178,16143,875,17018,207
2021-06-01,Shasta,089,179085,12367,12409,1642,14051,199
2021-06-01,Sierra,091,2930,55,55,14,69,0
2021-06-01,Siskiyou,093,43540,1925,1860,384,2244,21
2021-06-01,Solano,095,438530,32978,32974,563,33537,256
2021-06-01,Sonoma,097,501317,30256,30324,347,30671,322
2021-06-01,Stanislaus,099,539301,56383,56348,6183,62531,973
2021-06-01,Sutter,101,95872,9536,9528,94,9622,111
2021-06-01,Tehama,103,63373,5074,5079,609,5688,63
2021-06-01,Trinity,105,12862,388,328,71,399,3
2021-06-01,Tulare,107,460477,49718,49419,9556,58975,845
2021-06-01,Tuolumne,109,53932,4086,4094,36,4130,63
2021-06-01,Ventura,111,848112,81148,81018,3105,84123,1021
2021-06-01,Yolo,113,214977,14062,14067,341,14408,210
2021-06-01,Yuba,115,75493,6076,6067,131,6198,48
2021-05-31,Alameda,001,1643700,88333,88458,2059,90517,1253
2021-05-31,Alpine,003,1148,88,88,0,88,0
2021-05-31,Amador,005,37829,3690,3687,34,3721,46
2021-05-31,Butte,007,227075,12531,12429,1911,14340,193
2021-05-31,Calaveras,009,45235,2182,2171,14,2185,55
2021-05-31,Colusa,011,21464,1948,1956,322,2278,15
2021-05-31,Contra Costa,013,1133247,69773,69390,1352,70742,813
2021-05-31,Del Norte,015,27424,1393,1394,8,1402,8
2021-05-31,El Dorado,017,186661,10270,10271,766,11037,110
2021-05-31,Fresno,019,978130,102260,102507,9020,111527,1706
2021-05-31,Glenn,021,27897,2421,2422,578,3000,18
2021-05-31,Humboldt,023,135768,4308,4295,38,4333,42
2021-05-31,Imperial,025,180216,28525,28732,2909,31641,736
2021-05-31,Inyo,027,18085,1402,1403,5,1408,35
2021-05-31,Kern,029,883053,97039,96457,11376,107833,1319
2021-05-31,Kings,031,150075,22999,22977,1192,24169,244
2021-05-31,Lake,033,64148,3535,3523,9,3532,45
2021-05-31,Lassen,035,31185,5208,5172,118,5290,6
2021-05-31,Los Angeles,037,10098052,1202901,1202567,43862,1246429,24364
2021-05-31,Madera,039,155013,16590,16543,963,17506,240
2021-05-31,Marin,041,260295,14085,14080,268,14348,229
2021-05-31,Mariposa,043,17540,435,430,11,441,5
2021-05-31,Mendocino,045,87422,4025,3961,78,4039,47
2021-05-31,Merced,047,269075,31112,31194,996,32190,456
2021-05-31,Modoc,049,8938,381,374,130,504,3
2021-05-31,Mono,051,14174,1254,1275,12,1287,3
2021-05-31,Monterey,053,433212,43072,43051,1933,44984,379
2021-05-31,Napa,055,140530,9925,9948,35,9983,82
2021-05-31,Nevada,057,99092,4840,4823,198,5021,72
2021-05-31,Orange,059,3164182,254908,254572,11760,266332,5051
2021-05-31,Placer,061,380077,23284,23019,1564,24583,293
2021-05-31,Plumas,063,18699,707,690,12,702,4
2021-05-31,Riverside,065,2383286,291585,288970,14737,303707,4442
2021-05-31,Sacramento,067,1510023,106421,106278,1832,108110,1644
2021-05-31,San Benito,069,59416,6060,6072,118,6190,63
2021-05-31,San Bernardino,071,2135413,292821,292973,9408,302381,4758
2021-05-31,San Diego,073,3302833,280802,280254,14970,295224,3756
2021-05-31,San Francisco,075,870044,36733,37022,1387,38409,550
2021-05-31,San Joaquin,077,732212,73121,72856,3738,76594,1383
2021-05-31,San Luis Obispo,079,281455,21244,21215,783,21998,256
2021-05-31,San Mateo,081,765935,42420,42389,488,42877,442
2021-05-31,Santa Barbara,083,443738,34508,34369,1239,35608,456
2021-05-31,Santa Clara,085,1922200,118302,119515,799,120314,2057
2021-05-31,Santa Cruz,087,273765,16175,16139,875,17014,207
2021-05-31,Shasta,089,179085,12351,12408,1639,14047,199
2021-05-31,Sierra,091,2930,55,55,14,69,0
2021-05-31,Siskiyou,093,43540,1924,1856,383,2239,21
2021-05-31,Solano,095,438530,32927,32973,563,33536,256
2021-05-31,Sonoma,097,501317,30213,30314,347,30661,322
2021-05-31,Stanislaus,099,539301,56333,56335,6180,62515,973
2021-05-31,Sutter,101,95872,9517,9523,94,9617,111
2021-05-31,Tehama,103,63373,5072,5076,608,5684,63
2021-05-31,Trinity,105,12862,388,328,71,399,3
2021-05-31,Tulare,107,460477,49707,49404,9551,58955,845
2021-05-31,Tuolumne,109,53932,4084,4095,36,4131,63
2021-05-31,Ventura,111,848112,81133,81017,3102,84119,1021
2021-05-31,Yolo,113,214977,14058,14064,341,14405,210
2021-05-31,Yuba,115,75493,6070,6063,128,6191,48
2021-05-30,Alameda,001,1643700,88308,88429,2059,90488,1253
2021-05-30,Alpine,003,1148,88,88,0,88,0
2021-05-30,Amador,005,37829,3686,3685,34,3719,46
2021-05-30,Butte,007,227075,12521,12427,1909,14336,190
2021-05-30,Calaveras,009,45235,2178,2166,14,2180,55
2021-05-30,Colusa,011,21464,1948,1954,322,2276,15
2021-05-30,Contra Costa,013,1133247,69739,69381,1350,70731,813
2021-05-30,Del Norte,015,27424,1392,1393,8,1401,8
2021-05-30,El Dorado,017,186661,10267,10271,766,11037,110
2021-05-30,Fresno,019,978130,102243,102499,9016,111515,1706
2021-05-30,Glenn,021,27897,2421,2422,577,2999,18
2021-05-30,Humboldt,023,135768,4299,4291,38,4329,42
2021-05-30,Imperial,025,180216,28520,28732,2908,31640,736
2021-05-30,Inyo,027,18085,1402,1403,5,1408,35
2021-05-30,Kern,029,883053,97023,96443,11373,107816,1319
2021-05-30,Kings,031,150075,22998,22974,1191,24165,244
2021-05-30,Lake,033,64148,3535,3517,9,3526,45
2021-05-30,Lassen,035,31185,5206,5171,118,5289,6
2021-05-30,Los Angeles,037,10098052,1202797,1202425,43855,1246280,24360
2021-05-30,Madera,039,155013,16586,16538,963,17501,240
2021-05-30,Marin,041,260295,14081,14083,267,14350,229
2021-05-30,Mariposa,043,17540,435,430,11,441,5
2021-05-30,Mendocino,045,87422,4018,3955,78,4033,47
2021-05-30,Merced,047,269075,31108,31189,995,32184,456
2021-05-30,Modoc,049,8938,381,374,130,504,3
2021-05-30,Mono,051,14174,1254,1275,12,1287,3
2021-05-30,Monterey,053,433212,43069,43049,1933,44982,379
2021-05-30,Napa,055,140530,9924,9948,35,9983,82
2021-05-30,Nevada,057,99092,4834,4818,198,5016,72
2021-05-30,Orange,059,3164182,254884,254559,11759,266318,5051
2021-05-30,Placer,061,380077,23278,23016,1564,24580,293
2021-05-30,Plumas,063,18699,705,690,12,702,4
2021-05-30,Riverside,065,2383286,291564,288961,14735,303696,4442
2021-05-30,Sacramento,067,1510023,106376,106252,1830,108082,1644
2021-05-30,San Benito,069,59416,6060,6072,118,6190,63
2021-05-30,San Bernardino,071,2135413,292795,292981,9407,302388,4758
2021-05-30,San Diego,073,3302833,280746,280209,14965,295174,3756
2021-05-30,San Francisco,075,870044,36715,37016,1386,38402,550
2021-05-30,San Joaquin,077,732212,73104,72853,3737,76590,1383
2021-05-30,San Luis Obispo,079,281455,21236,21211,782,21993,256
2021-05-30,San Mateo,081,765935,42412,42386,488,42874,439
2021-05-30,Santa Barbara,083,443738,34504,34369,1238,35607,456
2021-05-30,Santa Clara,085,1922200,118280,119510,795,120305,2057
2021-05-30,Santa Cruz,087,273765,16173,16140,875,17015,207
2021-05-30,Shasta,089,179085,12349,12408,1636,14044,199
2021-05-30,Sierra,091,2930,55,55,14,69,0
2021-05-30,Siskiyou,093,43540,1924,1856,383,2239,21
2021-05-30,Solano,095,438530,32916,32952,562,33514,256
2021-05-30,Sonoma,097,501317,30197,30310,345,30655,322
2021-05-30,Stanislaus,099,539301,56314,56323,6179,62502,973
2021-05-30,Sutter,101,95872,9516,9519,93,9612,111
2021-05-30,Tehama,103,63373,5072,5073,608,5681,63
2021-05-30,Trinity,105,12862,388,328,71,399,3
2021-05-30,Tulare,107,460477,49700,49397,9542,58939,845
2021-05-30,Tuolumne,109,53932,4084,4094,36,4130,63
2021-05-30,Ventura,111,848112,81130,81012,3100,84112,1021
2021-05-30,Yolo,113,214977,14053,14059,340,14399,210
2021-05-30,Yuba,115,75493,6063,6063,127,6190,48
2021-05-29,Alameda,001,1643700,88285,88433,2057,90490,1253
2021-05-29,Alpine,003,1148,88,88,0,88,0
2021-05-29,Amador,005,37829,3685,3683,34,3717,46
2021-05-29,Butte,007,227075,12515,12425,1909,14334,190
2021-05-29,Calaveras,009,45235,2177,2166,14,2180,55
2021-05-29,Colusa,011,21464,1945,1954,322,2276,15
2021-05-29,Contra Costa,013,1133247,69706,69351,1350,70701,813
2021-05-29,Del Norte,015,27424,1392,1391,8,1399,8
2021-05-29,El Dorado,017,186661,10266,10269,764,11033,110
2021-05-29,Fresno,019,978130,102231,102470,9013,111483,1706
2021-05-29,Glenn,021,27897,2421,2422,576,2998,18
2021-05-29,Humboldt,023,135768,4293,4283,38,4321,42
2021-05-29,Imperial,025,180216,28517,28729,2907,31636,736
2021-05-29,Inyo,027,18085,1402,1404,5,1409,35
2021-05-29,Kern,029,883053,97013,96424,11359,107783,1319
2021-05-29,Kings,031,150075,22997,22970,1190,24160,244
2021-05-29,Lake,033,64148,3535,3515,9,3524,45
2021-05-29,Lassen,035,31185,5206,5171,118,5289,6
2021-05-29,Los Angeles,037,10098052,1202674,1202264,43852,1246116,24359
2021-05-29,Madera,039,155013,16584,16535,963,17498,240
2021-05-29,Marin,041,260295,14077,14071,266,14337,229
2021-05-29,Mariposa,043,17540,434,428,11,439,5
2021-05-29,Mendocino,045,87422,4012,3952,78,4030,47
2021-05-29,Merced,047,269075,31096,31187,995,32182,456
2021-05-29,Modoc,049,8938,381,374,130,504,3
2021-05-29,Mono,051,14174,1254,1275,12,1287,3
2021-05-29,Monterey,053,433212,43067,43042,1933,44975,379
2021-05-29,Napa,055,140530,9921,9948,35,9983,82
2021-05-29,Nevada,057,99092,4833,4816,198,5014,72
2021-05-29,Orange,059,3164182,254862,254537,11749,266286,5049
2021-05-29,Placer,061,380077,23263,23009,1563,24572,293
2021-05-29,Plumas,063,18699,705,689,12,701,4
2021-05-29,Riverside,065,2383286,291544,288908,14734,303642,4442
2021-05-29,Sacramento,067,1510023,106346,106218,1829,108047,1643
2021-05-29,San Benito,069,59416,6059,6072,118,6190,63
2021-05-29,San Bernardino,071,2135413,292763,292961,9406,302367,4757
2021-05-29,San Diego,073,3302833,280687,280151,14960,295111,3756
2021-05-29,San Francisco,075,870044,36706,37008,1386,38394,550
2021-05-29,San Joaquin,077,732212,73088,72827,3735,76562,1383
2021-05-29,San Luis Obispo,079,281455,21234,21201,782,21983,256
2021-05-29,San Mateo,081,765935,42405,42375,487,42862,439
2021-05-29,Santa Barbara,083,443738,34500,34367,1238,35605,456
2021-05-29,Santa Clara,085,1922200,118256,119498,794,120292,2056
2021-05-29,Santa Cruz,087,273765,16172,16137,875,17012,207
2021-05-29,Shasta,089,179085,12341,12401,1635,14036,199
2021-05-29,Sierra,091,2930,55,55,14,69,0
2021-05-29,Siskiyou,093,43540,1919,1856,383,2239,21
2021-05-29,Solano,095,438530,32907,32917,562,33479,256
2021-05-29,Sonoma,097,501317,30174,30298,344,30642,322
2021-05-29,Stanislaus,099,539301,56294,56305,6177,62482,974
2021-05-29,Sutter,101,95872,9512,9516,93,9609,111
2021-05-29,Tehama,103,63373,5071,5070,608,5678,63
2021-05-29,Trinity,105,12862,388,328,71,399,3
2021-05-29,Tulare,107,460477,49690,49392,9538,58930,845
2021-05-29,Tuolumne,109,53932,4084,4093,36,4129,63
2021-05-29,Ventura,111,848112,81122,81008,3100,84108,1021
2021-05-29,Yolo,113,214977,14052,14055,340,14395,210
2021-05-29,Yuba,115,75493,6063,6059,127,6186,48
2021-05-28,Alameda,001,1643700,88261,88391,2053,90444,1261
2021-05-28,Alpine,003,1148,88,88,0,88,0
2021-05-28,Amador,005,37829,3685,3680,34,3714,46
2021-05-28,Butte,007,227075,12512,12407,1908,14315,190
2021-05-28,Calaveras,009,45235,2176,2165,14,2179,55
2021-05-28,Colusa,011,21464,1945,1954,320,2274,15
2021-05-28,Contra Costa,013,1133247,69670,69290,1349,70639,813
2021-05-28,Del Norte,015,27424,1391,1390,8,1398,8
2021-05-28,El Dorado,017,186661,10263,10265,764,11029,110
2021-05-28,Fresno,019,978130,102216,102437,9013,111450,1705
2021-05-28,Glenn,021,27897,2421,2419,576,2995,18
2021-05-28,Humboldt,023,135768,4287,4265,38,4303,42
2021-05-28,Imperial,025,180216,28514,28722,2907,31629,736
2021-05-28,Inyo,027,18085,1402,1404,5,1409,35
2021-05-28,Kern,029,883053,96996,96396,11351,107747,1320
2021-05-28,Kings,031,150075,22995,22962,1190,24152,244
2021-05-28,Lake,033,64148,3533,3515,9,3524,45
2021-05-28,Lassen,035,31185,5206,5169,118,5287,6
2021-05-28,Los Angeles,037,10098052,1202566,1202103,43840,1245943,24357
2021-05-28,Madera,039,155013,16582,16530,963,17493,240
2021-05-28,Marin,041,260295,14076,14063,265,14328,229
2021-05-28,Mariposa,043,17540,434,428,11,439,5
2021-05-28,Mendocino,045,87422,4007,3947,78,4025,47
2021-05-28,Merced,047,269075,31093,31176,995,32171,455
2021-05-28,Modoc,049,8938,381,374,130,504,3
2021-05-28,Mono,051,14174,1254,1274,12,1286,3
2021-05-28,Monterey,053,433212,43066,43036,1933,44969,379
2021-05-28,Napa,055,140530,9921,9941,35,9976,82
2021-05-28,Nevada,057,99092,4831,4813,198,5011,71
2021-05-28,Orange,059,3164182,254844,254494,11747,266241,5047
2021-05-28,Placer,061,380077,23253,22987,1561,24548,293
2021-05-28,Plumas,063,18699,703,688,12,700,4
2021-05-28,Riverside,065,2383286,291522,288872,14732,303604,4442
2021-05-28,Sacramento,067,1510023,106290,106131,1828,107959,1642
2021-05-28,San Benito,069,59416,6059,6074,118,6192,63
2021-05-28,San Bernardino,071,2135413,292740,292905,9406,302311,4757
2021-05-28,San Diego,073,3302833,280625,280043,14949,294992,3756
2021-05-28,San Francisco,075,870044,36700,36987,1386,38373,546
2021-05-28,San Joaquin,077,732212,73058,72793,3733,76526,1383
2021-05-28,San Luis Obispo,079,281455,21230,21190,780,21970,256
2021-05-28,San Mateo,081,765935,42399,42364,487,42851,439
2021-05-28,Santa Barbara,083,443738,34499,34371,1237,35608,455
2021-05-28,Santa Clara,085,1922200,118232,119462,794,120256,2056
2021-05-28,Santa Cruz,087,273765,16171,16129,875,17004,207
2021-05-28,Shasta,089,179085,12332,12383,1633,14016,198
2021-05-28,Sierra,091,2930,55,54,14,68,0
2021-05-28,Siskiyou,093,43540,1917,1850,383,2233,19
2021-05-28,Solano,095,438530,32892,32892,562,33454,256
2021-05-28,Sonoma,097,501317,30155,30270,344,30614,321
2021-05-28,Stanislaus,099,539301,56271,56278,6174,62452,974
2021-05-28,Sutter,101,95872,9508,9511,93,9604,111
2021-05-28,Tehama,103,63373,5065,5064,608,5672,63
2021-05-28,Trinity,105,12862,388,328,71,399,3
2021-05-28,Tulare,107,460477,49685,49375,9528,58903,846
2021-05-28,Tuolumne,109,53932,4084,4090,36,4126,63
2021-05-28,Ventura,111,848112,81111,80985,3099,84084,1021
2021-05-28,Yolo,113,214977,14048,14050,339,14389,210
2021-05-28,Yuba,115,75493,6061,6050,126,6176,48
2021-05-27,Alameda,001,1643700,88225,88342,2052,90394,1274
2021-05-27,Alpine,003,1148,88,88,0,88,0
2021-05-27,Amador,005,37829,3683,3680,34,3714,46
2021-05-27,Butte,007,227075,12506,12401,1907,14308,190
2021-05-27,Calaveras,009,45235,2175,2163,14,2177,55
2021-05-27,Colusa,011,21464,1942,1952,320,2272,15
2021-05-27,Contra Costa,013,1133247,69628,69245,1347,70592,813
2021-05-27,Del Norte,015,27424,1391,1388,8,1396,8
2021-05-27,El Dorado,017,186661,10262,10248,764,11012,112
2021-05-27,Fresno,019,978130,102200,102413,9010,111423,1704
2021-05-27,Glenn,021,27897,2421,2415,576,2991,18
2021-05-27,Humboldt,023,135768,4279,4260,38,4298,42
2021-05-27,Imperial,025,180216,28503,28728,2907,31635,736
2021-05-27,Inyo,027,18085,1402,1404,5,1409,35
2021-05-27,Kern,029,883053,96980,96364,11343,107707,1322
2021-05-27,Kings,031,150075,22992,22953,1190,24143,245
2021-05-27,Lake,033,64148,3528,3509,9,3518,45
2021-05-27,Lassen,035,31185,5205,5170,117,5287,6
2021-05-27,Los Angeles,037,10098052,1202405,1201927,43824,1245751,24348
2021-05-27,Madera,039,155013,16573,16527,963,17490,240
2021-05-27,Marin,041,260295,14072,14061,265,14326,229
2021-05-27,Mariposa,043,17540,432,427,11,438,5
2021-05-27,Mendocino,045,87422,4001,3945,78,4023,47
2021-05-27,Merced,047,269075,31081,31161,995,32156,455
2021-05-27,Modoc,049,8938,380,374,130,504,3
2021-05-27,Mono,051,14174,1254,1276,12,1288,3
2021-05-27,Monterey,053,433212,43060,43032,1933,44965,379
2021-05-27,Napa,055,140530,9920,9934,35,9969,82
2021-05-27,Nevada,057,99092,4827,4807,196,5003,71
2021-05-27,Orange,059,3164182,254808,254438,11742,266180,5059
2021-05-27,Placer,061,380077,23244,22966,1561,24527,293
2021-05-27,Plumas,063,18699,703,687,12,699,4
2021-05-27,Riverside,065,2383286,291487,288835,14727,303562,4443
2021-05-27,Sacramento,067,1510023,106215,106015,1826,107841,1642
2021-05-27,San Benito,069,59416,6058,6074,118,6192,63
2021-05-27,San Bernardino,071,2135413,292703,292755,9404,302159,4756
2021-05-27,San Diego,073,3302833,280551,279960,14935,294895,3756
2021-05-27,San Francisco,075,870044,36695,36980,1382,38362,546
2021-05-27,San Joaquin,077,732212,73026,72714,3729,76443,1388
2021-05-27,San Luis Obispo,079,281455,21227,21171,780,21951,256
2021-05-27,San Mateo,081,765935,42390,42345,487,42832,436
2021-05-27,Santa Barbara,083,443738,34495,34355,1237,35592,456
2021-05-27,Santa Clara,085,1922200,118213,119452,794,120246,2053
2021-05-27,Santa Cruz,087,273765,16168,16134,875,17009,207
2021-05-27,Shasta,089,179085,12321,12380,1633,14013,202
2021-05-27,Sierra,091,2930,55,54,14,68,0
2021-05-27,Siskiyou,093,43540,1914,1846,383,2229,18
2021-05-27,Solano,095,438530,32851,32855,561,33416,257
2021-05-27,Sonoma,097,501317,30128,30253,340,30593,321
2021-05-27,Stanislaus,099,539301,56243,56207,6173,62380,974
2021-05-27,Sutter,101,95872,9504,9501,93,9594,111
2021-05-27,Tehama,103,63373,5062,5064,607,5671,63
2021-05-27,Trinity,105,12862,388,328,71,399,3
2021-05-27,Tulare,107,460477,49671,49366,9519,58885,840
2021-05-27,Tuolumne,109,53932,4083,4090,36,4126,66
2021-05-27,Ventura,111,848112,81098,80965,3096,84061,1023
2021-05-27,Yolo,113,214977,14045,14036,338,14374,213
2021-05-27,Yuba,115,75493,6056,6040,125,6165,48
2021-05-26,Alameda,001,1643700,88196,88297,2052,90349,1266
2021-05-26,Alpine,003,1148,88,88,0,88,0
2021-05-26,Amador,005,37829,3683,3679,34,3713,46
2021-05-26,Butte,007,227075,12497,12332,1906,14238,190
2021-05-26,Calaveras,009,45235,2173,2154,14,2168,55
2021-05-26,Colusa,011,21464,1941,1952,320,2272,15
2021-05-26,Contra Costa,013,1133247,69591,69210,1347,70557,812
2021-05-26,Del Norte,015,27424,1391,1386,7,1393,8
2021-05-26,El Dorado,017,186661,10258,10242,763,11005,112
2021-05-26,Fresno,019,978130,102168,102374,9005,111379,1702
2021-05-26,Glenn,021,27897,2420,2415,576,2991,18
2021-05-26,Humboldt,023,135768,4274,4246,38,4284,42
2021-05-26,Imperial,025,180216,28498,28712,2905,31617,734
2021-05-26,Inyo,027,18085,1402,1403,5,1408,36
2021-05-26,Kern,029,883053,96955,96343,11336,107679,1320
2021-05-26,Kings,031,150075,22988,22950,1189,24139,245
2021-05-26,Lake,033,64148,3527,3508,9,3517,45
2021-05-26,Lassen,035,31185,5204,5164,117,5281,6
2021-05-26,Los Angeles,037,10098052,1202241,1198100,43806,1241906,24221
2021-05-26,Madera,039,155013,16570,16520,963,17483,240
2021-05-26,Marin,041,260295,14069,14061,264,14325,227
2021-05-26,Mariposa,043,17540,432,427,11,438,5
2021-05-26,Mendocino,045,87422,3995,3938,78,4016,47
2021-05-26,Merced,047,269075,31072,31139,995,32134,455
2021-05-26,Modoc,049,8938,380,371,129,500,3
2021-05-26,Mono,051,14174,1254,1274,12,1286,3
2021-05-26,Monterey,053,433212,43054,43018,1932,44950,379
2021-05-26,Napa,055,140530,9913,9932,33,9965,82
2021-05-26,Nevada,057,99092,4822,4803,196,4999,70
2021-05-26,Orange,059,3164182,254773,254368,11738,266106,5058
2021-05-26,Placer,061,380077,23220,22940,1561,24501,293
2021-05-26,Plumas,063,18699,702,685,12,697,4
2021-05-26,Riverside,065,2383286,291441,288782,14720,303502,4443
2021-05-26,Sacramento,067,1510023,106129,105919,1822,107741,1637
2021-05-26,San Benito,069,59416,6058,6074,118,6192,63
2021-05-26,San Bernardino,071,2135413,292668,292662,9403,302065,4755
2021-05-26,San Diego,073,3302833,280476,279859,14925,294784,3755
2021-05-26,San Francisco,075,870044,36683,36954,1382,38336,546
2021-05-26,San Joaquin,077,732212,72985,72681,3726,76407,1388
2021-05-26,San Luis Obispo,079,281455,21222,21163,780,21943,256
2021-05-26,San Mateo,081,765935,42381,42331,486,42817,436
2021-05-26,Santa Barbara,083,443738,34486,34348,1237,35585,459
2021-05-26,Santa Clara,085,1922200,118186,119421,793,120214,2031
2021-05-26,Santa Cruz,087,273765,16167,16139,875,17014,207
2021-05-26,Shasta,089,179085,12307,12357,1630,13987,202
2021-05-26,Sierra,091,2930,55,54,14,68,0
2021-05-26,Siskiyou,093,43540,1912,1847,381,2228,18
2021-05-26,Solano,095,438530,32815,32831,561,33392,257
2021-05-26,Sonoma,097,501317,30102,30230,340,30570,321
2021-05-26,Stanislaus,099,539301,56220,56193,6170,62363,974
2021-05-26,Sutter,101,95872,9499,9495,93,9588,112
2021-05-26,Tehama,103,63373,5061,5054,604,5658,63
2021-05-26,Trinity,105,12862,388,328,71,399,3
2021-05-26,Tulare,107,460477,49664,49352,9515,58867,839
2021-05-26,Tuolumne,109,53932,4079,4088,35,4123,66
2021-05-26,Ventura,111,848112,81075,80944,3094,84038,1023
2021-05-26,Yolo,113,214977,14042,14025,338,14363,213
2021-05-26,Yuba,115,75493,6051,6036,125,6161,49
2021-05-25,Alameda,001,1643700,88167,88237,2052,90289,1263
2021-05-25,Alpine,003,1148,88,88,0,88,0
2021-05-25,Amador,005,37829,3678,3676,34,3710,46
2021-05-25,Butte,007,227075,12486,12295,1905,14200,189
2021-05-25,Calaveras,009,45235,2171,2148,14,2162,55
2021-05-25,Colusa,011,21464,1940,1949,320,2269,15
2021-05-25,Contra Costa,013,1133247,69538,69167,1342,70509,809
2021-05-25,Del Norte,015,27424,1391,1385,7,1392,8
2021-05-25,El Dorado,017,186661,10251,10240,762,11002,112
2021-05-25,Fresno,019,978130,102146,102329,9005,111334,1701
2021-05-25,Glenn,021,27897,2419,2414,575,2989,17
2021-05-25,Humboldt,023,135768,4267,4231,36,4267,42
2021-05-25,Imperial,025,180216,28491,28586,2905,31491,735
2021-05-25,Inyo,027,18085,1402,1402,5,1407,36
2021-05-25,Kern,029,883053,96924,96319,11322,107641,1319
2021-05-25,Kings,031,150075,22982,22944,1188,24132,245
2021-05-25,Lake,033,64148,3526,3508,9,3517,44
2021-05-25,Lassen,035,31185,5200,5164,117,5281,6
2021-05-25,Los Angeles,037,10098052,1202067,1197940,43787,1241727,24212
2021-05-25,Madera,039,155013,16565,16519,962,17481,240
2021-05-25,Marin,041,260295,14063,14053,264,14317,227
2021-05-25,Mariposa,043,17540,431,427,11,438,5
2021-05-25,Mendocino,045,87422,3990,3928,78,4006,47
2021-05-25,Merced,047,269075,31051,31132,995,32127,455
2021-05-25,Modoc,049,8938,379,367,129,496,3
2021-05-25,Mono,051,14174,1254,1274,12,1286,3
2021-05-25,Monterey,053,433212,43050,43012,1931,44943,379
2021-05-25,Napa,055,140530,9911,9926,33,9959,82
2021-05-25,Nevada,057,99092,4816,4795,196,4991,70
2021-05-25,Orange,059,3164182,254744,254321,11737,266058,5057
2021-05-25,Placer,061,380077,23209,22920,1559,24479,292
2021-05-25,Plumas,063,18699,702,684,12,696,4
2021-05-25,Riverside,065,2383286,291402,288725,14717,303442,4443
2021-05-25,Sacramento,067,1510023,106049,105828,1818,107646,1633
2021-05-25,San Benito,069,59416,6058,6073,118,6191,63
2021-05-25,San Bernardino,071,2135413,292609,292485,9402,301887,4755
2021-05-25,San Diego,073,3302833,280397,279786,14920,294706,3753
2021-05-25,San Francisco,075,870044,36660,36939,1382,38321,546
2021-05-25,San Joaquin,077,732212,72945,72628,3722,76350,1387
2021-05-25,San Luis Obispo,079,281455,21219,21153,780,21933,256
2021-05-25,San Mateo,081,765935,42371,42268,486,42754,435
2021-05-25,Santa Barbara,083,443738,34483,34337,1237,35574,459
2021-05-25,Santa Clara,085,1922200,118161,119393,792,120185,2032
2021-05-25,Santa Cruz,087,273765,16162,16141,875,17016,207
2021-05-25,Shasta,089,179085,12297,12328,1627,13955,202
2021-05-25,Sierra,091,2930,54,54,14,68,0
2021-05-25,Siskiyou,093,43540,1911,1845,380,2225,18
2021-05-25,Solano,095,438530,32797,32817,560,33377,256
2021-05-25,Sonoma,097,501317,30072,30207,339,30546,321
2021-05-25,Stanislaus,099,539301,56183,56168,6168,62336,974
2021-05-25,Sutter,101,95872,9495,9495,93,9588,112
2021-05-25,Tehama,103,63373,5059,5048,603,5651,63
2021-05-25,Trinity,105,12862,388,328,70,398,3
2021-05-25,Tulare,107,460477,49654,49326,9507,58833,838
2021-05-25,Tuolumne,109,53932,4079,4084,35,4119,66
2021-05-25,Ventura,111,848112,81057,80905,3094,83999,1022
2021-05-25,Yolo,113,214977,14035,14018,336,14354,213
2021-05-25,Yuba,115,75493,6044,6028,125,6153,49
2021-05-24,Alameda,001,1643700,88105,88182,2051,90233,1263
2021-05-24,Alpine,003,1148,88,88,0,88,0
2021-05-24,Amador,005,37829,3676,3675,34,3709,46
2021-05-24,Butte,007,227075,12473,12279,1902,14181,189
2021-05-24,Calaveras,009,45235,2170,2146,14,2160,54
2021-05-24,Colusa,011,21464,1940,1949,320,2269,15
2021-05-24,Contra Costa,013,1133247,69499,69107,1338,70445,809
2021-05-24,Del Norte,015,27424,1390,1384,7,1391,8
2021-05-24,El Dorado,017,186661,10241,10227,761,10988,112
2021-05-24,Fresno,019,978130,102106,102289,9003,111292,1698
2021-05-24,Glenn,021,27897,2419,2413,575,2988,17
2021-05-24,Humboldt,023,135768,4260,4225,36,4261,42
2021-05-24,Imperial,025,180216,28489,28575,2905,31480,735
2021-05-24,Inyo,027,18085,1402,1402,5,1407,36
2021-05-24,Kern,029,883053,96897,96296,11317,107613,1319
2021-05-24,Kings,031,150075,22978,22940,1188,24128,246
2021-05-24,Lake,033,64148,3524,3506,9,3515,43
2021-05-24,Lassen,035,31185,5196,5163,117,5280,6
2021-05-24,Los Angeles,037,10098052,1201895,1197782,43772,1241554,24201
2021-05-24,Madera,039,155013,16562,16513,961,17474,239
2021-05-24,Marin,041,260295,14061,14051,264,14315,227
2021-05-24,Mariposa,043,17540,430,427,11,438,5
2021-05-24,Mendocino,045,87422,3988,3919,78,3997,47
2021-05-24,Merced,047,269075,31041,31128,994,32122,455
2021-05-24,Modoc,049,8938,379,366,128,494,3
2021-05-24,Mono,051,14174,1254,1270,12,1282,3
2021-05-24,Monterey,053,433212,43045,43005,1930,44935,379
2021-05-24,Napa,055,140530,9911,9924,33,9957,82
2021-05-24,Nevada,057,99092,4813,4790,196,4986,70
2021-05-24,Orange,059,3164182,254710,254287,11727,266014,5056
2021-05-24,Placer,061,380077,23190,22895,1558,24453,292
2021-05-24,Plumas,063,18699,701,683,12,695,4
2021-05-24,Riverside,065,2383286,291349,288669,14706,303375,4442
2021-05-24,Sacramento,067,1510023,105934,105716,1817,107533,1632
2021-05-24,San Benito,069,59416,6058,6072,118,6190,63
2021-05-24,San Bernardino,071,2135413,292571,292343,9401,301744,4747
2021-05-24,San Diego,073,3302833,280288,279715,14910,294625,3749
2021-05-24,San Francisco,075,870044,36641,36934,1381,38315,547
2021-05-24,San Joaquin,077,732212,72913,72586,3721,76307,1371
2021-05-24,San Luis Obispo,079,281455,21201,21146,779,21925,256
2021-05-24,San Mateo,081,765935,42361,42249,486,42735,433
2021-05-24,Santa Barbara,083,443738,34478,34322,1237,35559,459
2021-05-24,Santa Clara,085,1922200,118129,119358,792,120150,2030
2021-05-24,Santa Cruz,087,273765,16157,16135,875,17010,207
2021-05-24,Shasta,089,179085,12281,12315,1624,13939,201
2021-05-24,Sierra,091,2930,54,54,14,68,0
2021-05-24,Siskiyou,093,43540,1908,1840,380,2220,17
2021-05-24,Solano,095,438530,32773,32792,559,33351,254
2021-05-24,Sonoma,097,501317,30057,30187,339,30526,321
2021-05-24,Stanislaus,099,539301,56149,56128,6164,62292,974
2021-05-24,Sutter,101,95872,9489,9486,93,9579,113
2021-05-24,Tehama,103,63373,5056,5043,601,5644,63
2021-05-24,Trinity,105,12862,388,328,70,398,3
2021-05-24,Tulare,107,460477,49647,49318,9503,58821,838
2021-05-24,Tuolumne,109,53932,4079,4083,35,4118,65
2021-05-24,Ventura,111,848112,81044,80876,3092,83968,1022
2021-05-24,Yolo,113,214977,14018,14012,333,14345,213
2021-05-24,Yuba,115,75493,6035,6022,125,6147,49
2021-05-23,Alameda,001,1643700,88034,88157,2048,90205,1263
2021-05-23,Alpine,003,1148,88,88,0,88,0
2021-05-23,Amador,005,37829,3675,3673,34,3707,46
2021-05-23,Butte,007,227075,12459,12271,1901,14172,189
2021-05-23,Calaveras,009,45235,2160,2144,14,2158,54
2021-05-23,Colusa,011,21464,1940,1949,318,2267,15
2021-05-23,Contra Costa,013,1133247,69454,69075,1336,70411,809
2021-05-23,Del Norte,015,27424,1386,1383,7,1390,8
2021-05-23,El Dorado,017,186661,10235,10222,761,10983,112
2021-05-23,Fresno,019,978130,102062,102270,8998,111268,1698
2021-05-23,Glenn,021,27897,2417,2413,575,2988,17
2021-05-23,Humboldt,023,135768,4242,4216,36,4252,42
2021-05-23,Imperial,025,180216,28483,28569,2904,31473,735
2021-05-23,Inyo,027,18085,1402,1402,5,1407,36
2021-05-23,Kern,029,883053,96875,96282,11308,107590,1319
2021-05-23,Kings,031,150075,22965,22939,1186,24125,246
2021-05-23,Lake,033,64148,3521,3504,9,3513,43
2021-05-23,Lassen,035,31185,5192,5163,116,5279,6
2021-05-23,Los Angeles,037,10098052,1201713,1197633,43758,1241391,24197
2021-05-23,Madera,039,155013,16557,16504,960,17464,239
2021-05-23,Marin,041,260295,14052,14048,264,14312,227
2021-05-23,Mariposa,043,17540,430,427,11,438,5
2021-05-23,Mendocino,045,87422,3982,3913,77,3990,47
2021-05-23,Merced,047,269075,31031,31118,994,32112,455
2021-05-23,Modoc,049,8938,375,366,128,494,3
2021-05-23,Mono,051,14174,1253,1270,12,1282,3
2021-05-23,Monterey,053,433212,43035,43003,1930,44933,379
2021-05-23,Napa,055,140530,9907,9923,33,9956,82
2021-05-23,Nevada,057,99092,4803,4790,196,4986,70
2021-05-23,Orange,059,3164182,254672,254277,11720,265997,5050
2021-05-23,Placer,061,380077,23170,22888,1558,24446,292
2021-05-23,Plumas,063,18699,700,683,12,695,4
2021-05-23,Riverside,065,2383286,291282,288641,14702,303343,4442
2021-05-23,Sacramento,067,1510023,105818,105663,1815,107478,1632
2021-05-23,San Benito,069,59416,6057,6072,118,6190,63
2021-05-23,San Bernardino,071,2135413,292521,292327,9399,301726,4747
2021-05-23,San Diego,073,3302833,280198,279690,14899,294589,3751
2021-05-23,San Francisco,075,870044,36630,36927,1380,38307,547
2021-05-23,San Joaquin,077,732212,72864,72571,3719,76290,1371
2021-05-23,San Luis Obispo,079,281455,21191,21141,778,21919,256
2021-05-23,San Mateo,081,765935,42344,42248,486,42734,433
2021-05-23,Santa Barbara,083,443738,34471,34319,1237,35556,459
2021-05-23,Santa Clara,085,1922200,118105,119333,792,120125,2030
2021-05-23,Santa Cruz,087,273765,16154,16130,875,17005,207
2021-05-23,Shasta,089,179085,12264,12313,1620,13933,201
2021-05-23,Sierra,091,2930,54,54,14,68,0
2021-05-23,Siskiyou,093,43540,1903,1826,373,2199,17
2021-05-23,Solano,095,438530,32755,32780,558,33338,254
2021-05-23,Sonoma,097,501317,30028,30168,338,30506,321
2021-05-23,Stanislaus,099,539301,56099,56104,6161,62265,974
2021-05-23,Sutter,101,95872,9480,9479,93,9572,113
2021-05-23,Tehama,103,63373,5049,5041,599,5640,63
2021-05-23,Trinity,105,12862,388,328,70,398,3
2021-05-23,Tulare,107,460477,49633,49310,9499,58809,838
2021-05-23,Tuolumne,109,53932,4076,4081,35,4116,65
2021-05-23,Ventura,111,848112,81014,80872,3091,83963,1022
2021-05-23,Yolo,113,214977,14006,14004,330,14334,213
2021-05-23,Yuba,115,75493,6030,6017,125,6142,49
2021-05-22,Alameda,001,1643700,88009,88101,2047,90148,1263
2021-05-22,Alpine,003,1148,88,88,0,88,0
2021-05-22,Amador,005,37829,3674,3672,34,3706,46
2021-05-22,Butte,007,227075,12447,12265,1900,14165,189
2021-05-22,Calaveras,009,45235,2158,2141,14,2155,54
2021-05-22,Colusa,011,21464,1936,1949,317,2266,15
2021-05-22,Contra Costa,013,1133247,69421,69004,1335,70339,809
2021-05-22,Del Norte,015,27424,1385,1381,7,1388,8
2021-05-22,El Dorado,017,186661,10230,10215,761,10976,112
2021-05-22,Fresno,019,978130,102048,102238,8996,111234,1698
2021-05-22,Glenn,021,27897,2417,2412,575,2987,17
2021-05-22,Humboldt,023,135768,4233,4194,35,4229,42
2021-05-22,Imperial,025,180216,28474,28574,2904,31478,735
2021-05-22,Inyo,027,18085,1402,1402,5,1407,36
2021-05-22,Kern,029,883053,96863,96260,11301,107561,1319
2021-05-22,Kings,031,150075,22965,22936,1186,24122,246
2021-05-22,Lake,033,64148,3518,3502,9,3511,43
2021-05-22,Lassen,035,31185,5192,5163,116,5279,6
2021-05-22,Los Angeles,037,10098052,1201608,1197454,43749,1241203,24192
2021-05-22,Madera,039,155013,16554,16503,960,17463,239
2021-05-22,Marin,041,260295,14049,14043,264,14307,227
2021-05-22,Mariposa,043,17540,430,427,11,438,5
2021-05-22,Mendocino,045,87422,3976,3908,77,3985,47
2021-05-22,Merced,047,269075,31021,31099,994,32093,455
2021-05-22,Modoc,049,8938,375,366,128,494,3
2021-05-22,Mono,051,14174,1251,1270,12,1282,3
2021-05-22,Monterey,053,433212,43029,42998,1930,44928,379
2021-05-22,Napa,055,140530,9905,9918,33,9951,82
2021-05-22,Nevada,057,99092,4796,4787,195,4982,70
2021-05-22,Orange,059,3164182,254651,254238,11714,265952,5048
2021-05-22,Placer,061,380077,23156,22865,1557,24422,292
2021-05-22,Plumas,063,18699,699,683,12,695,4
2021-05-22,Riverside,065,2383286,291252,288580,14701,303281,4442
2021-05-22,Sacramento,067,1510023,105743,105551,1812,107363,1632
2021-05-22,San Benito,069,59416,6057,6071,118,6189,63
2021-05-22,San Bernardino,071,2135413,292496,292292,9399,301691,4747
2021-05-22,San Diego,073,3302833,280139,279614,14891,294505,3751
2021-05-22,San Francisco,075,870044,36620,36906,1378,38284,547
2021-05-22,San Joaquin,077,732212,72842,72528,3716,76244,1371
2021-05-22,San Luis Obispo,079,281455,21183,21134,777,21911,256
2021-05-22,San Mateo,081,765935,42334,42218,486,42704,433
2021-05-22,Santa Barbara,083,443738,34467,34313,1236,35549,459
2021-05-22,Santa Clara,085,1922200,118082,119292,792,120084,2030
2021-05-22,Santa Cruz,087,273765,16154,16125,875,17000,207
2021-05-22,Shasta,089,179085,12258,12307,1617,13924,201
2021-05-22,Sierra,091,2930,54,54,14,68,0
2021-05-22,Siskiyou,093,43540,1902,1824,372,2196,17
2021-05-22,Solano,095,438530,32742,32753,558,33311,254
2021-05-22,Sonoma,097,501317,30015,30154,338,30492,321
2021-05-22,Stanislaus,099,539301,56074,56069,6159,62228,974
2021-05-22,Sutter,101,95872,9475,9476,93,9569,113
2021-05-22,Tehama,103,63373,5048,5036,599,5635,63
2021-05-22,Trinity,105,12862,388,328,70,398,3
2021-05-22,Tulare,107,460477,49627,49299,9494,58793,838
2021-05-22,Tuolumne,109,53932,4076,4078,35,4113,65
2021-05-22,Ventura,111,848112,81010,80859,3091,83950,1022
2021-05-22,Yolo,113,214977,14004,13997,330,14327,213
2021-05-22,Yuba,115,75493,6027,6010,125,6135,49
2021-05-21,Alameda,001,1643700,87982,88041,2046,90087,1263
2021-05-21,Alpine,003,1148,88,88,0,88,0
2021-05-21,Amador,005,37829,3671,3672,34,3706,46
2021-05-21,Butte,007,227075,12440,12236,1898,14134,188
2021-05-21,Calaveras,009,45235,2156,2138,14,2152,54
2021-05-21,Colusa,011,21464,1936,1947,317,2264,15
2021-05-21,Contra Costa,013,1133247,69378,68965,1334,70299,810
2021-05-21,Del Norte,015,27424,1384,1376,7,1383,8
2021-05-21,El Dorado,017,186661,10226,10204,761,10965,112
2021-05-21,Fresno,019,978130,102020,102189,8994,111183,1698
2021-05-21,Glenn,021,27897,2417,2408,575,2983,17
2021-05-21,Humboldt,023,135768,4226,4175,35,4210,42
2021-05-21,Imperial,025,180216,28467,28572,2903,31475,732
2021-05-21,Inyo,027,18085,1402,1402,5,1407,36
2021-05-21,Kern,029,883053,96849,96233,11294,107527,1318
2021-05-21,Kings,031,150075,22965,22927,1186,24113,246
2021-05-21,Lake,033,64148,3516,3500,9,3509,43
2021-05-21,Lassen,035,31185,5191,5161,116,5277,6
2021-05-21,Los Angeles,037,10098052,1201498,1197263,43740,1241003,24180
2021-05-21,Madera,039,155013,16553,16500,959,17459,238
2021-05-21,Marin,041,260295,14044,14042,264,14306,227
2021-05-21,Mariposa,043,17540,429,427,11,438,5
2021-05-21,Mendocino,045,87422,3970,3897,77,3974,47
2021-05-21,Merced,047,269075,31013,31076,994,32070,455
2021-05-21,Modoc,049,8938,375,365,128,493,3
2021-05-21,Mono,051,14174,1251,1269,12,1281,3
2021-05-21,Monterey,053,433212,43027,42995,1930,44925,379
2021-05-21,Napa,055,140530,9901,9913,33,9946,82
2021-05-21,Nevada,057,99092,4795,4779,195,4974,70
2021-05-21,Orange,059,3164182,254632,254171,11711,265882,5042
2021-05-21,Placer,061,380077,23148,22853,1557,24410,292
2021-05-21,Plumas,063,18699,699,683,11,694,4
2021-05-21,Riverside,065,2383286,291225,288499,14694,303193,4442
2021-05-21,Sacramento,067,1510023,105676,105476,1809,107285,1632
2021-05-21,San Benito,069,59416,6057,6068,118,6186,63
2021-05-21,San Bernardino,071,2135413,292465,292205,9396,301601,4744
2021-05-21,San Diego,073,3302833,280068,279554,14881,294435,3748
2021-05-21,San Francisco,075,870044,36614,36879,1378,38257,546
2021-05-21,San Joaquin,077,732212,72823,72467,3714,76181,1371
2021-05-21,San Luis Obispo,079,281455,21177,21128,774,21902,256
2021-05-21,San Mateo,081,765935,42321,42163,485,42648,432
2021-05-21,Santa Barbara,083,443738,34462,34302,1236,35538,459
2021-05-21,Santa Clara,085,1922200,118055,119247,792,120039,2029
2021-05-21,Santa Cruz,087,273765,16150,16120,875,16995,207
2021-05-21,Shasta,089,179085,12241,12289,1615,13904,201
2021-05-21,Sierra,091,2930,54,54,14,68,0
2021-05-21,Siskiyou,093,43540,1901,1815,372,2187,16
2021-05-21,Solano,095,438530,32727,32742,558,33300,254
2021-05-21,Sonoma,097,501317,30002,30126,338,30464,321
2021-05-21,Stanislaus,099,539301,56042,56036,6157,62193,975
2021-05-21,Sutter,101,95872,9473,9470,93,9563,113
2021-05-21,Tehama,103,63373,5042,5030,599,5629,63
2021-05-21,Trinity,105,12862,388,329,69,398,3
2021-05-21,Tulare,107,460477,49622,49271,9492,58763,838
2021-05-21,Tuolumne,109,53932,4074,4079,35,4114,65
2021-05-21,Ventura,111,848112,81002,80821,3088,83909,1021
2021-05-21,Yolo,113,214977,13997,13983,330,14313,213
2021-05-21,Yuba,115,75493,6021,6006,125,6131,49
2021-05-20,Alameda,001,1643700,87935,87975,2045,90020,1264
2021-05-20,Alpine,003,1148,88,88,0,88,0
2021-05-20,Amador,005,37829,3670,3671,34,3705,46
2021-05-20,Butte,007,227075,12433,12220,1895,14115,188
2021-05-20,Calaveras,009,45235,2152,2138,14,2152,54
2021-05-20,Colusa,011,21464,1935,1946,315,2261,15
2021-05-20,Contra Costa,013,1133247,69333,68913,1332,70245,809
2021-05-20,Del Norte,015,27424,1384,1373,7,1380,8
2021-05-20,El Dorado,017,186661,10217,10188,761,10949,112
2021-05-20,Fresno,019,978130,101999,102135,8992,111127,1696
2021-05-20,Glenn,021,27897,2414,2406,575,2981,17
2021-05-20,Humboldt,023,135768,4209,4162,35,4197,42
2021-05-20,Imperial,025,180216,28462,28551,2903,31454,732
2021-05-20,Inyo,027,18085,1402,1402,5,1407,36
2021-05-20,Kern,029,883053,96828,96204,11287,107491,1317
2021-05-20,Kings,031,150075,22963,22922,1186,24108,246
2021-05-20,Lake,033,64148,3513,3500,9,3509,43
2021-05-20,Lassen,035,31185,5189,5160,115,5275,6
2021-05-20,Los Angeles,037,10098052,1201344,1197073,43729,1240802,24168
2021-05-20,Madera,039,155013,16547,16499,957,17456,238
2021-05-20,Marin,041,260295,14040,14036,263,14299,227
2021-05-20,Mariposa,043,17540,429,426,11,437,5
2021-05-20,Mendocino,045,87422,3963,3897,77,3974,47
2021-05-20,Merced,047,269075,31000,31046,993,32039,454
2021-05-20,Modoc,049,8938,375,365,128,493,3
2021-05-20,Mono,051,14174,1250,1269,12,1281,3
2021-05-20,Monterey,053,433212,43021,42984,1929,44913,379
2021-05-20,Napa,055,140530,9898,9913,33,9946,82
2021-05-20,Nevada,057,99092,4794,4775,195,4970,70
2021-05-20,Orange,059,3164182,254588,254127,11708,265835,5038
2021-05-20,Placer,061,380077,23136,22823,1555,24378,292
2021-05-20,Plumas,063,18699,697,682,11,693,4
2021-05-20,Riverside,065,2383286,291180,288453,14689,303142,4442
2021-05-20,Sacramento,067,1510023,105581,105414,1805,107219,1629
2021-05-20,San Benito,069,59416,6056,6067,118,6185,63
2021-05-20,San Bernardino,071,2135413,292419,292153,9395,301548,4728
2021-05-20,San Diego,073,3302833,279980,279490,14869,294359,3749
2021-05-20,San Francisco,075,870044,36605,36860,1378,38238,546
2021-05-20,San Joaquin,077,732212,72785,72388,3712,76100,1371
2021-05-20,San Luis Obispo,079,281455,21165,21095,772,21867,256
2021-05-20,San Mateo,081,765935,42307,42152,483,42635,432
2021-05-20,Santa Barbara,083,443738,34458,34293,1236,35529,459
2021-05-20,Santa Clara,085,1922200,118034,119222,792,120014,2029
2021-05-20,Santa Cruz,087,273765,16145,16119,875,16994,207
2021-05-20,Shasta,089,179085,12229,12266,1611,13877,200
2021-05-20,Sierra,091,2930,54,54,14,68,0
2021-05-20,Siskiyou,093,43540,1894,1811,371,2182,16
2021-05-20,Solano,095,438530,32712,32725,558,33283,253
2021-05-20,Sonoma,097,501317,29985,30107,337,30444,321
2021-05-20,Stanislaus,099,539301,56011,55979,6155,62134,970
2021-05-20,Sutter,101,95872,9469,9467,93,9560,113
2021-05-20,Tehama,103,63373,5040,5029,599,5628,63
2021-05-20,Trinity,105,12862,388,329,68,397,3
2021-05-20,Tulare,107,460477,49611,49217,9489,58706,837
2021-05-20,Tuolumne,109,53932,4073,4077,35,4112,65
2021-05-20,Ventura,111,848112,80991,80800,3088,83888,1019
2021-05-20,Yolo,113,214977,13992,13973,330,14303,211
2021-05-20,Yuba,115,75493,6012,6002,125,6127,49
2021-05-19,Alameda,001,1643700,87894,87889,2043,89932,1260
2021-05-19,Alpine,003,1148,88,88,0,88,0
2021-05-19,Amador,005,37829,3670,3669,34,3703,46
2021-05-19,Butte,007,227075,12423,12198,1895,14093,188
2021-05-19,Calaveras,009,45235,2148,2132,14,2146,54
2021-05-19,Colusa,011,21464,1935,1945,313,2258,15
2021-05-19,Contra Costa,013,1133247,69286,68836,1332,70168,808
2021-05-19,Del Norte,015,27424,1382,1371,7,1378,8
2021-05-19,El Dorado,017,186661,10212,10179,760,10939,112
2021-05-19,Fresno,019,978130,101970,102085,8988,111073,1693
2021-05-19,Glenn,021,27897,2414,2404,575,2979,17
2021-05-19,Humboldt,023,135768,4199,4143,35,4178,42
2021-05-19,Imperial,025,180216,28453,28550,2903,31453,732
2021-05-19,Inyo,027,18085,1402,1402,5,1407,36
2021-05-19,Kern,029,883053,96801,96173,11279,107452,1316
2021-05-19,Kings,031,150075,22957,22919,1186,24105,246
2021-05-19,Lake,033,64148,3513,3497,9,3506,43
2021-05-19,Lassen,035,31185,5188,5157,115,5272,6
2021-05-19,Los Angeles,037,10098052,1201151,1196856,43714,1240570,24143
2021-05-19,Madera,039,155013,16544,16496,957,17453,238
2021-05-19,Marin,041,260295,14036,14033,261,14294,227
2021-05-19,Mariposa,043,17540,429,425,11,436,5
2021-05-19,Mendocino,045,87422,3959,3886,77,3963,47
2021-05-19,Merced,047,269075,30984,31044,993,32037,452
2021-05-19,Modoc,049,8938,375,364,126,490,3
2021-05-19,Mono,051,14174,1250,1266,12,1278,3
2021-05-19,Monterey,053,433212,43016,42973,1928,44901,379
2021-05-19,Napa,055,140530,9895,9906,33,9939,82
2021-05-19,Nevada,057,99092,4792,4769,195,4964,70
2021-05-19,Orange,059,3164182,254551,254087,11698,265785,5035
2021-05-19,Placer,061,380077,23118,22784,1549,24333,291
2021-05-19,Plumas,063,18699,697,682,11,693,4
2021-05-19,Riverside,065,2383286,291135,288398,14687,303085,4442
2021-05-19,Sacramento,067,1510023,105504,105225,1804,107029,1629
2021-05-19,San Benito,069,59416,6055,6064,118,6182,63
2021-05-19,San Bernardino,071,2135413,292375,292078,9392,301470,4725
2021-05-19,San Diego,073,3302833,279896,279345,14848,294193,3746
2021-05-19,San Francisco,075,870044,36592,36835,1377,38212,546
2021-05-19,San Joaquin,077,732212,72742,72338,3707,76045,1369
2021-05-19,San Luis Obispo,079,281455,21157,21085,771,21856,256
2021-05-19,San Mateo,081,765935,42300,42126,483,42609,429
2021-05-19,Santa Barbara,083,443738,34450,34292,1236,35528,459
2021-05-19,Santa Clara,085,1922200,117995,119176,791,119967,2015
2021-05-19,Santa Cruz,087,273765,16141,16121,874,16995,207
2021-05-19,Shasta,089,179085,12211,12233,1607,13840,200
2021-05-19,Sierra,091,2930,54,54,14,68,0
2021-05-19,Siskiyou,093,43540,1891,1803,370,2173,16
2021-05-19,Solano,095,438530,32685,32678,556,33234,253
2021-05-19,Sonoma,097,501317,29970,30080,337,30417,321
2021-05-19,Stanislaus,099,539301,55989,55912,6150,62062,967
2021-05-19,Sutter,101,95872,9462,9459,92,9551,113
2021-05-19,Tehama,103,63373,5032,5026,596,5622,63
2021-05-19,Trinity,105,12862,388,329,68,397,3
2021-05-19,Tulare,107,460477,49599,49163,9484,58647,837
2021-05-19,Tuolumne,109,53932,4073,4074,35,4109,64
2021-05-19,Ventura,111,848112,80975,80747,3087,83834,1019
2021-05-19,Yolo,113,214977,13986,13961,329,14290,211
2021-05-19,Yuba,115,75493,6008,5993,125,6118,49
2021-05-18,Alameda,001,1643700,87821,87816,2043,89859,1254
2021-05-18,Alpine,003,1148,88,88,0,88,0
2021-05-18,Amador,005,37829,3670,3669,34,3703,46
2021-05-18,Butte,007,227075,12411,12164,1892,14056,191
2021-05-18,Calaveras,009,45235,2144,2131,14,2145,54
2021-05-18,Colusa,011,21464,1935,1943,313,2256,14
2021-05-18,Contra Costa,013,1133247,69229,68750,1331,70081,808
2021-05-18,Del Norte,015,27424,1379,1371,7,1378,8
2021-05-18,El Dorado,017,186661,10201,10169,759,10928,112
2021-05-18,Fresno,019,978130,101934,102056,8985,111041,1690
2021-05-18,Glenn,021,27897,2408,2403,574,2977,17
2021-05-18,Humboldt,023,135768,4181,4132,35,4167,42
2021-05-18,Imperial,025,180216,28447,28538,2901,31439,730
2021-05-18,Inyo,027,18085,1402,1401,5,1406,36
2021-05-18,Kern,029,883053,96767,96128,11265,107393,1315
2021-05-18,Kings,031,150075,22951,22916,1186,24102,247
2021-05-18,Lake,033,64148,3511,3495,9,3504,43
2021-05-18,Lassen,035,31185,5187,5157,114,5271,6
2021-05-18,Los Angeles,037,10098052,1200974,1196668,43701,1240369,24133
2021-05-18,Madera,039,155013,16533,16491,957,17448,238
2021-05-18,Marin,041,260295,14033,14026,261,14287,227
2021-05-18,Mariposa,043,17540,429,424,11,435,5
2021-05-18,Mendocino,045,87422,3948,3877,76,3953,47
2021-05-18,Merced,047,269075,30966,31036,993,32029,452
2021-05-18,Modoc,049,8938,374,364,126,490,3
2021-05-18,Mono,051,14174,1249,1265,12,1277,3
2021-05-18,Monterey,053,433212,43010,43001,1928,44929,379
2021-05-18,Napa,055,140530,9895,9905,33,9938,82
2021-05-18,Nevada,057,99092,4785,4762,195,4957,70
2021-05-18,Orange,059,3164182,254511,254041,11688,265729,5031
2021-05-18,Placer,061,380077,23085,22726,1545,24271,291
2021-05-18,Plumas,063,18699,697,682,11,693,4
2021-05-18,Riverside,065,2383286,291083,288354,14680,303034,4438
2021-05-18,Sacramento,067,1510023,105403,105083,1802,106885,1629
2021-05-18,San Benito,069,59416,6054,6065,118,6183,63
2021-05-18,San Bernardino,071,2135413,292324,292014,9387,301401,4722
2021-05-18,San Diego,073,3302833,279788,279254,14839,294093,3742
2021-05-18,San Francisco,075,870044,36572,36818,1377,38195,546
2021-05-18,San Joaquin,077,732212,72696,72282,3703,75985,1368
2021-05-18,San Luis Obispo,079,281455,21147,21080,769,21849,256
2021-05-18,San Mateo,081,765935,42288,42099,482,42581,428
2021-05-18,Santa Barbara,083,443738,34441,34278,1236,35514,459
2021-05-18,Santa Clara,085,1922200,117968,119171,791,119962,2014
2021-05-18,Santa Cruz,087,273765,16133,16137,874,17011,207
2021-05-18,Shasta,089,179085,12193,12197,1601,13798,200
2021-05-18,Sierra,091,2930,54,54,14,68,0
2021-05-18,Siskiyou,093,43540,1890,1799,370,2169,16
2021-05-18,Solano,095,438530,32660,32644,556,33200,253
2021-05-18,Sonoma,097,501317,29950,30054,336,30390,321
2021-05-18,Stanislaus,099,539301,55951,55860,6150,62010,959
2021-05-18,Sutter,101,95872,9454,9453,92,9545,113
2021-05-18,Tehama,103,63373,5028,5020,593,5613,63
2021-05-18,Trinity,105,12862,388,329,67,396,3
2021-05-18,Tulare,107,460477,49591,49142,9479,58621,836
2021-05-18,Tuolumne,109,53932,4071,4073,35,4108,64
2021-05-18,Ventura,111,848112,80960,80726,3084,83810,1017
2021-05-18,Yolo,113,214977,13979,13951,328,14279,211
2021-05-18,Yuba,115,75493,6004,5989,124,6113,49
2021-05-17,Alameda,001,1643700,87769,87766,2040,89806,1253
2021-05-17,Alpine,003,1148,88,88,0,88,0
2021-05-17,Amador,005,37829,3667,3668,34,3702,46
2021-05-17,Butte,007,227075,12403,12144,1892,14036,192
2021-05-17,Calaveras,009,45235,2144,2131,14,2145,53
2021-05-17,Colusa,011,21464,1935,1943,313,2256,14
2021-05-17,Contra Costa,013,1133247,69174,68720,1330,70050,805
2021-05-17,Del Norte,015,27424,1374,1369,7,1376,8
2021-05-17,El Dorado,017,186661,10184,10163,759,10922,112
2021-05-17,Fresno,019,978130,101891,102013,8978,110991,1690
2021-05-17,Glenn,021,27897,2408,2401,574,2975,17
2021-05-17,Humboldt,023,135768,4170,4112,35,4147,42
2021-05-17,Imperial,025,180216,28442,28533,2898,31431,729
2021-05-17,Inyo,027,18085,1402,1401,5,1406,36
2021-05-17,Kern,029,883053,96738,96095,11248,107343,1315
2021-05-17,Kings,031,150075,22948,22918,1186,24104,246
2021-05-17,Lake,033,64148,3506,3489,9,3498,43
2021-05-17,Lassen,035,31185,5184,5156,113,5269,6
2021-05-17,Los Angeles,037,10098052,1200801,1196556,43695,1240251,24123
2021-05-17,Madera,039,155013,16528,16486,957,17443,238
2021-05-17,Marin,041,260295,14027,14021,261,14282,227
2021-05-17,Mariposa,043,17540,428,423,11,434,5
2021-05-17,Mendocino,045,87422,3939,3868,76,3944,46
2021-05-17,Merced,047,269075,30951,31031,993,32024,450
2021-05-17,Modoc,049,8938,373,362,126,488,3
2021-05-17,Mono,051,14174,1245,1265,12,1277,3
2021-05-17,Monterey,053,433212,43003,42995,1928,44923,379
2021-05-17,Napa,055,140530,9894,9894,33,9927,82
2021-05-17,Nevada,057,99092,4781,4761,194,4955,70
2021-05-17,Orange,059,3164182,254466,253993,11681,265674,5031
2021-05-17,Placer,061,380077,23060,22706,1538,24244,289
2021-05-17,Plumas,063,18699,697,682,11,693,4
2021-05-17,Riverside,065,2383286,291018,288304,14676,302980,4433
2021-05-17,Sacramento,067,1510023,105297,105035,1800,106835,1629
2021-05-17,San Benito,069,59416,6051,6067,118,6185,63
2021-05-17,San Bernardino,071,2135413,292276,291989,9380,301369,4724
2021-05-17,San Diego,073,3302833,279656,279146,14817,293963,3742
2021-05-17,San Francisco,075,870044,36560,36816,1375,38191,546
2021-05-17,San Joaquin,077,732212,72658,72234,3700,75934,1359
2021-05-17,San Luis Obispo,079,281455,21138,21079,767,21846,256
2021-05-17,San Mateo,081,765935,42260,42083,482,42565,428
2021-05-17,Santa Barbara,083,443738,34434,34275,1236,35511,459
2021-05-17,Santa Clara,085,1922200,117931,119116,789,119905,2015
2021-05-17,Santa Cruz,087,273765,16130,16151,874,17025,206
2021-05-17,Shasta,089,179085,12171,12163,1600,13763,200
2021-05-17,Sierra,091,2930,54,54,14,68,0
2021-05-17,Siskiyou,093,43540,1881,1795,367,2162,15
2021-05-17,Solano,095,438530,32642,32627,556,33183,253
2021-05-17,Sonoma,097,501317,29927,30043,335,30378,321
2021-05-17,Stanislaus,099,539301,55900,55839,6143,61982,951
2021-05-17,Sutter,101,95872,9447,9447,92,9539,113
2021-05-17,Tehama,103,63373,5025,5016,592,5608,63
2021-05-17,Trinity,105,12862,388,328,67,395,3
2021-05-17,Tulare,107,460477,49569,49107,9472,58579,836
2021-05-17,Tuolumne,109,53932,4071,4071,35,4106,64
2021-05-17,Ventura,111,848112,80940,80699,3084,83783,1017
2021-05-17,Yolo,113,214977,13973,13941,328,14269,211
2021-05-17,Yuba,115,75493,5996,5987,124,6111,49
2021-05-16,Alameda,001,1643700,87706,87743,2040,89783,1253
2021-05-16,Alpine,003,1148,88,88,0,88,0
2021-05-16,Amador,005,37829,3666,3667,34,3701,46
2021-05-16,Butte,007,227075,12389,12140,1892,14032,192
2021-05-16,Calaveras,009,45235,2142,2129,14,2143,53
2021-05-16,Colusa,011,21464,1933,1943,313,2256,14
2021-05-16,Contra Costa,013,1133247,69106,68694,1327,70021,805
2021-05-16,Del Norte,015,27424,1371,1365,7,1372,8
2021-05-16,El Dorado,017,186661,10168,10159,758,10917,112
2021-05-16,Fresno,019,978130,101847,101987,8972,110959,1690
2021-05-16,Glenn,021,27897,2408,2401,573,2974,17
2021-05-16,Humboldt,023,135768,4155,4104,35,4139,42
2021-05-16,Imperial,025,180216,28431,28516,2897,31413,729
2021-05-16,Inyo,027,18085,1402,1401,5,1406,36
2021-05-16,Kern,029,883053,96705,96083,11227,107310,1315
2021-05-16,Kings,031,150075,22944,22918,1183,24101,246
2021-05-16,Lake,033,64148,3503,3489,9,3498,43
2021-05-16,Lassen,035,31185,5183,5156,113,5269,6
2021-05-16,Los Angeles,037,10098052,1200582,1196397,43678,1240075,24120
2021-05-16,Madera,039,155013,16523,16483,954,17437,238
2021-05-16,Marin,041,260295,14024,14015,261,14276,227
2021-05-16,Mariposa,043,17540,428,423,11,434,5
2021-05-16,Mendocino,045,87422,3929,3863,76,3939,46
2021-05-16,Merced,047,269075,30928,31023,993,32016,450
2021-05-16,Modoc,049,8938,373,362,126,488,3
2021-05-16,Mono,051,14174,1245,1265,12,1277,3
2021-05-16,Monterey,053,433212,42998,42991,1928,44919,379
2021-05-16,Napa,055,140530,9891,9891,33,9924,82
2021-05-16,Nevada,057,99092,4777,4755,194,4949,70
2021-05-16,Orange,059,3164182,254433,253962,11678,265640,5031
2021-05-16,Placer,061,380077,23028,22696,1532,24228,289
2021-05-16,Plumas,063,18699,696,682,11,693,4
2021-05-16,Riverside,065,2383286,290946,288259,14666,302925,4433
2021-05-16,Sacramento,067,1510023,105183,105013,1798,106811,1628
2021-05-16,San Benito,069,59416,6050,6067,117,6184,63
2021-05-16,San Bernardino,071,2135413,292202,291940,9378,301318,4724
2021-05-16,San Diego,073,3302833,279538,279099,14804,293903,3742
2021-05-16,San Francisco,075,870044,36539,36808,1374,38182,546
2021-05-16,San Joaquin,077,732212,72610,72218,3695,75913,1359
2021-05-16,San Luis Obispo,079,281455,21131,21072,766,21838,256
2021-05-16,San Mateo,081,765935,42249,42063,481,42544,428
2021-05-16,Santa Barbara,083,443738,34427,34270,1236,35506,459
2021-05-16,Santa Clara,085,1922200,117902,119098,788,119886,2015
2021-05-16,Santa Cruz,087,273765,16128,16143,874,17017,206
2021-05-16,Shasta,089,179085,12155,12156,1596,13752,200
2021-05-16,Sierra,091,2930,54,54,14,68,0
2021-05-16,Siskiyou,093,43540,1877,1790,366,2156,15
2021-05-16,Solano,095,438530,32608,32619,554,33173,253
2021-05-16,Sonoma,097,501317,29908,30033,335,30368,321
2021-05-16,Stanislaus,099,539301,55845,55814,6131,61945,951
2021-05-16,Sutter,101,95872,9440,9445,92,9537,113
2021-05-16,Tehama,103,63373,5021,5013,591,5604,63
2021-05-16,Trinity,105,12862,388,328,67,395,3
2021-05-16,Tulare,107,460477,49552,49091,9469,58560,837
2021-05-16,Tuolumne,109,53932,4067,4070,35,4105,64
2021-05-16,Ventura,111,848112,80909,80689,3084,83773,1017
2021-05-16,Yolo,113,214977,13958,13938,328,14266,211
2021-05-16,Yuba,115,75493,5993,5987,124,6111,49
2021-05-15,Alameda,001,1643700,87680,87677,2039,89716,1252
2021-05-15,Alpine,003,1148,88,88,0,88,0
2021-05-15,Amador,005,37829,3666,3666,34,3700,46
2021-05-15,Butte,007,227075,12382,12095,1891,13986,192
2021-05-15,Calaveras,009,45235,2141,2126,14,2140,53
2021-05-15,Colusa,011,21464,1933,1941,311,2252,14
2021-05-15,Contra Costa,013,1133247,69060,68658,1327,69985,805
2021-05-15,Del Norte,015,27424,1366,1359,7,1366,8
2021-05-15,El Dorado,017,186661,10156,10156,757,10913,112
2021-05-15,Fresno,019,978130,101811,101957,8969,110926,1690
2021-05-15,Glenn,021,27897,2408,2400,573,2973,17
2021-05-15,Humboldt,023,135768,4145,4080,35,4115,42
2021-05-15,Imperial,025,180216,28428,28504,2896,31400,729
2021-05-15,Inyo,027,18085,1402,1402,5,1407,36
2021-05-15,Kern,029,883053,96692,96061,11211,107272,1315
2021-05-15,Kings,031,150075,22943,22913,1183,24096,246
2021-05-15,Lake,033,64148,3502,3485,9,3494,43
2021-05-15,Lassen,035,31185,5180,5156,112,5268,6
2021-05-15,Los Angeles,037,10098052,1200461,1196255,43664,1239919,24115
2021-05-15,Madera,039,155013,16520,16482,954,17436,238
2021-05-15,Marin,041,260295,14020,14012,261,14273,227
2021-05-15,Mariposa,043,17540,428,423,11,434,5
2021-05-15,Mendocino,045,87422,3926,3861,76,3937,46
2021-05-15,Merced,047,269075,30907,31012,993,32005,450
2021-05-15,Modoc,049,8938,373,362,126,488,3
2021-05-15,Mono,051,14174,1245,1265,12,1277,3
2021-05-15,Monterey,053,433212,42994,42982,1928,44910,379
2021-05-15,Napa,055,140530,9888,9887,33,9920,82
2021-05-15,Nevada,057,99092,4776,4755,194,4949,70
2021-05-15,Orange,059,3164182,254406,253919,11671,265590,5030
2021-05-15,Placer,061,380077,23007,22688,1532,24220,289
2021-05-15,Plumas,063,18699,696,681,11,692,4
2021-05-15,Riverside,065,2383286,290904,288203,14661,302864,4433
2021-05-15,Sacramento,067,1510023,105111,104929,1795,106724,1628
2021-05-15,San Benito,069,59416,6050,6066,117,6183,63
2021-05-15,San Bernardino,071,2135413,292160,291892,9376,301268,4724
2021-05-15,San Diego,073,3302833,279467,278991,14789,293780,3737
2021-05-15,San Francisco,075,870044,36523,36795,1372,38167,546
2021-05-15,San Joaquin,077,732212,72584,72197,3693,75890,1359
2021-05-15,San Luis Obispo,079,281455,21128,21061,765,21826,256
2021-05-15,San Mateo,081,765935,42233,42059,481,42540,428
2021-05-15,Santa Barbara,083,443738,34420,34259,1236,35495,459
2021-05-15,Santa Clara,085,1922200,117882,119060,788,119848,2016
2021-05-15,Santa Cruz,087,273765,16124,16137,874,17011,206
2021-05-15,Shasta,089,179085,12143,12152,1593,13745,200
2021-05-15,Sierra,091,2930,54,54,14,68,0
2021-05-15,Siskiyou,093,43540,1871,1788,364,2152,15
2021-05-15,Solano,095,438530,32599,32604,553,33157,253
2021-05-15,Sonoma,097,501317,29889,30020,335,30355,321
2021-05-15,Stanislaus,099,539301,55813,55795,6124,61919,952
2021-05-15,Sutter,101,95872,9438,9436,92,9528,113
2021-05-15,Tehama,103,63373,5017,5012,589,5601,63
2021-05-15,Trinity,105,12862,388,328,67,395,3
2021-05-15,Tulare,107,460477,49542,49080,9465,58545,837
2021-05-15,Tuolumne,109,53932,4065,4064,35,4099,63
2021-05-15,Ventura,111,848112,80898,80662,3084,83746,1017
2021-05-15,Yolo,113,214977,13951,13932,327,14259,211
2021-05-15,Yuba,115,75493,5990,5979,124,6103,49
2021-05-14,Alameda,001,1643700,87646,87621,2036,89657,1249
2021-05-14,Alpine,003,1148,88,88,0,88,0
2021-05-14,Amador,005,37829,3666,3665,34,3699,46
2021-05-14,Butte,007,227075,12373,12076,1888,13964,192
2021-05-14,Calaveras,009,45235,2137,2121,14,2135,53
2021-05-14,Colusa,011,21464,1932,1940,310,2250,14
2021-05-14,Contra Costa,013,1133247,69018,68589,1325,69914,806
2021-05-14,Del Norte,015,27424,1366,1355,7,1362,8
2021-05-14,El Dorado,017,186661,10149,10143,756,10899,113
2021-05-14,Fresno,019,978130,101782,101917,8963,110880,1688
2021-05-14,Glenn,021,27897,2407,2398,573,2971,17
2021-05-14,Humboldt,023,135768,4137,4050,35,4085,37
2021-05-14,Imperial,025,180216,28421,28485,2895,31380,728
2021-05-14,Inyo,027,18085,1402,1400,5,1405,36
2021-05-14,Kern,029,883053,96662,96033,11202,107235,1311
2021-05-14,Kings,031,150075,22942,22910,1183,24093,246
2021-05-14,Lake,033,64148,3498,3483,9,3492,43
2021-05-14,Lassen,035,31185,5180,5154,112,5266,6
2021-05-14,Los Angeles,037,10098052,1200328,1196038,43659,1239697,24101
2021-05-14,Madera,039,155013,16517,16474,954,17428,238
2021-05-14,Marin,041,260295,14016,14010,261,14271,227
2021-05-14,Mariposa,043,17540,428,422,11,433,5
2021-05-14,Mendocino,045,87422,3924,3855,76,3931,46
2021-05-14,Merced,047,269075,30897,31010,993,32003,450
2021-05-14,Modoc,049,8938,373,362,126,488,3
2021-05-14,Mono,051,14174,1244,1265,12,1277,3
2021-05-14,Monterey,053,433212,42989,42973,1928,44901,380
2021-05-14,Napa,055,140530,9885,9883,33,9916,82
2021-05-14,Nevada,057,99092,4771,4745,194,4939,70
2021-05-14,Orange,059,3164182,254373,253855,11664,265519,5028
2021-05-14,Placer,061,380077,22988,22660,1526,24186,287
2021-05-14,Plumas,063,18699,695,680,11,691,4
2021-05-14,Riverside,065,2383286,290854,288140,14658,302798,4433
2021-05-14,Sacramento,067,1510023,105022,104828,1794,106622,1627
2021-05-14,San Benito,069,59416,6050,6064,117,6181,63
2021-05-14,San Bernardino,071,2135413,292112,291834,9376,301210,4721
2021-05-14,San Diego,073,3302833,279395,278853,14777,293630,3732
2021-05-14,San Francisco,075,870044,36514,36771,1368,38139,545
2021-05-14,San Joaquin,077,732212,72551,72160,3686,75846,1359
2021-05-14,San Luis Obispo,079,281455,21125,21051,764,21815,256
2021-05-14,San Mateo,081,765935,42222,42041,481,42522,428
2021-05-14,Santa Barbara,083,443738,34410,34243,1236,35479,456
2021-05-14,Santa Clara,085,1922200,117853,119006,788,119794,2014
2021-05-14,Santa Cruz,087,273765,16119,16130,874,17004,207
2021-05-14,Shasta,089,179085,12137,12130,1588,13718,200
2021-05-14,Sierra,091,2930,54,54,14,68,0
2021-05-14,Siskiyou,093,43540,1864,1779,363,2142,14
2021-05-14,Solano,095,438530,32579,32585,552,33137,252
2021-05-14,Sonoma,097,501317,29871,30007,335,30342,321
2021-05-14,Stanislaus,099,539301,55777,55752,6118,61870,950
2021-05-14,Sutter,101,95872,9429,9433,90,9523,113
2021-05-14,Tehama,103,63373,5010,5005,589,5594,63
2021-05-14,Trinity,105,12862,388,328,67,395,3
2021-05-14,Tulare,107,460477,49526,49060,9459,58519,836
2021-05-14,Tuolumne,109,53932,4065,4060,35,4095,63
2021-05-14,Ventura,111,848112,80884,80628,3084,83712,1014
2021-05-14,Yolo,113,214977,13946,13922,323,14245,210
2021-05-14,Yuba,115,75493,5986,5970,124,6094,47
2021-05-13,Alameda,001,1643700,87601,87557,2035,89592,1250
2021-05-13,Alpine,003,1148,88,88,0,88,0
2021-05-13,Amador,005,37829,3666,3662,34,3696,46
2021-05-13,Butte,007,227075,12360,12051,1887,13938,196
2021-05-13,Calaveras,009,45235,2137,2120,14,2134,53
2021-05-13,Colusa,011,21464,1931,1939,306,2245,14
2021-05-13,Contra Costa,013,1133247,68970,68522,1324,69846,806
2021-05-13,Del Norte,015,27424,1364,1354,7,1361,8
2021-05-13,El Dorado,017,186661,10147,10133,756,10889,112
2021-05-13,Fresno,019,978130,101753,101862,8962,110824,1687
2021-05-13,Glenn,021,27897,2406,2395,573,2968,17
2021-05-13,Humboldt,023,135768,4119,4027,35,4062,37
2021-05-13,Imperial,025,180216,28406,28468,2893,31361,729
2021-05-13,Inyo,027,18085,1402,1400,5,1405,36
2021-05-13,Kern,029,883053,96639,95996,11183,107179,1311
2021-05-13,Kings,031,150075,22941,22904,1183,24087,246
2021-05-13,Lake,033,64148,3496,3479,9,3488,43
2021-05-13,Lassen,035,31185,5180,5152,111,5263,6
2021-05-13,Los Angeles,037,10098052,1200140,1195504,43645,1239149,24083
2021-05-13,Madera,039,155013,16509,16467,954,17421,238
2021-05-13,Marin,041,260295,14011,14004,259,14263,227
2021-05-13,Mariposa,043,17540,428,422,11,433,5
2021-05-13,Mendocino,045,87422,3920,3846,76,3922,46
2021-05-13,Merced,047,269075,30889,30989,993,31982,450
2021-05-13,Modoc,049,8938,373,362,126,488,3
2021-05-13,Mono,051,14174,1244,1265,12,1277,3
2021-05-13,Monterey,053,433212,42975,42966,1927,44893,380
2021-05-13,Napa,055,140530,9878,9877,33,9910,82
2021-05-13,Nevada,057,99092,4767,4743,193,4936,70
2021-05-13,Orange,059,3164182,254330,253778,11662,265440,5026
2021-05-13,Placer,061,380077,22964,22668,1519,24187,288
2021-05-13,Plumas,063,18699,695,680,11,691,4
2021-05-13,Riverside,065,2383286,290794,288067,14655,302722,4433
2021-05-13,Sacramento,067,1510023,104937,104711,1791,106502,1626
2021-05-13,San Benito,069,59416,6048,6062,117,6179,63
2021-05-13,San Bernardino,071,2135413,292047,291765,9376,301141,4722
2021-05-13,San Diego,073,3302833,279281,278592,14760,293352,3729
2021-05-13,San Francisco,075,870044,36490,36741,1366,38107,544
2021-05-13,San Joaquin,077,732212,72509,72096,3682,75778,1357
2021-05-13,San Luis Obispo,079,281455,21110,21043,763,21806,255
2021-05-13,San Mateo,081,765935,42205,42059,481,42540,426
2021-05-13,Santa Barbara,083,443738,34398,34242,1236,35478,456
2021-05-13,Santa Clara,085,1922200,117826,118952,788,119740,2013
2021-05-13,Santa Cruz,087,273765,16113,16129,874,17003,208
2021-05-13,Shasta,089,179085,12117,12111,1584,13695,200
2021-05-13,Sierra,091,2930,54,54,14,68,0
2021-05-13,Siskiyou,093,43540,1857,1769,360,2129,14
2021-05-13,Solano,095,438530,32566,32548,550,33098,252
2021-05-13,Sonoma,097,501317,29846,29991,335,30326,321
2021-05-13,Stanislaus,099,539301,55740,55678,6112,61790,949
2021-05-13,Sutter,101,95872,9425,9431,88,9519,112
2021-05-13,Tehama,103,63373,5005,4997,589,5586,63
2021-05-13,Trinity,105,12862,387,327,66,393,3
2021-05-13,Tulare,107,460477,49501,49032,9450,58482,837
2021-05-13,Tuolumne,109,53932,4064,4059,35,4094,63
2021-05-13,Ventura,111,848112,80854,80615,3083,83698,1012
2021-05-13,Yolo,113,214977,13937,13914,321,14235,210
2021-05-13,Yuba,115,75493,5977,5962,124,6086,47
2021-05-12,Alameda,001,1643700,87567,87482,2033,89515,1261
2021-05-12,Alpine,003,1148,88,88,0,88,0
2021-05-12,Amador,005,37829,3666,3658,34,3692,46
2021-05-12,Butte,007,227075,12350,12026,1887,13913,199
2021-05-12,Calaveras,009,45235,2134,2119,14,2133,53
2021-05-12,Colusa,011,21464,1929,1939,305,2244,14
2021-05-12,Contra Costa,013,1133247,68911,68462,1318,69780,805
2021-05-12,Del Norte,015,27424,1362,1352,7,1359,8
2021-05-12,El Dorado,017,186661,10138,10123,756,10879,112
2021-05-12,Fresno,019,978130,101705,101838,8951,110789,1688
2021-05-12,Glenn,021,27897,2403,2391,573,2964,17
2021-05-12,Humboldt,023,135768,4091,3982,35,4017,37
2021-05-12,Imperial,025,180216,28388,28443,2890,31333,726
2021-05-12,Inyo,027,18085,1402,1400,5,1405,36
2021-05-12,Kern,029,883053,96603,95955,11176,107131,1310
2021-05-12,Kings,031,150075,22939,22896,1183,24079,246
2021-05-12,Lake,033,64148,3494,3476,9,3485,43
2021-05-12,Lassen,035,31185,5178,5151,111,5262,6
2021-05-12,Los Angeles,037,10098052,1199960,1195318,43628,1238946,24067
2021-05-12,Madera,039,155013,16503,16462,953,17415,238
2021-05-12,Marin,041,260295,14006,13997,259,14256,227
2021-05-12,Mariposa,043,17540,428,422,11,433,5
2021-05-12,Mendocino,045,87422,3910,3836,76,3912,46
2021-05-12,Merced,047,269075,30873,30941,993,31934,450
2021-05-12,Modoc,049,8938,372,362,126,488,3
2021-05-12,Mono,051,14174,1244,1265,12,1277,3
2021-05-12,Monterey,053,433212,42963,42950,1926,44876,380
2021-05-12,Napa,055,140530,9872,9870,33,9903,82
2021-05-12,Nevada,057,99092,4763,4738,193,4931,70
2021-05-12,Orange,059,3164182,254279,253587,11659,265246,5024
2021-05-12,Placer,061,380077,22946,22652,1512,24164,288
2021-05-12,Plumas,063,18699,695,681,11,692,4
2021-05-12,Riverside,065,2383286,290725,287830,14650,302480,4431
2021-05-12,Sacramento,067,1510023,104841,104592,1790,106382,1621
2021-05-12,San Benito,069,59416,6048,6062,117,6179,63
2021-05-12,San Bernardino,071,2135413,292002,291505,9371,300876,4715
2021-05-12,San Diego,073,3302833,279177,278402,14739,293141,3729
2021-05-12,San Francisco,075,870044,36471,36720,1365,38085,544
2021-05-12,San Joaquin,077,732212,72455,72043,3678,75721,1356
2021-05-12,San Luis Obispo,079,281455,21100,21021,763,21784,255
2021-05-12,San Mateo,081,765935,42196,42038,479,42517,426
2021-05-12,Santa Barbara,083,443738,34391,34218,1236,35454,456
2021-05-12,Santa Clara,085,1922200,117783,118897,788,119685,2005
2021-05-12,Santa Cruz,087,273765,16107,16123,874,16997,207
2021-05-12,Shasta,089,179085,12097,12092,1582,13674,200
2021-05-12,Sierra,091,2930,54,54,14,68,0
2021-05-12,Siskiyou,093,43540,1853,1760,358,2118,13
2021-05-12,Solano,095,438530,32542,32519,550,33069,252
2021-05-12,Sonoma,097,501317,29834,29976,335,30311,320
2021-05-12,Stanislaus,099,539301,55701,55632,6103,61735,919
2021-05-12,Sutter,101,95872,9422,9427,88,9515,112
2021-05-12,Tehama,103,63373,5001,4989,589,5578,62
2021-05-12,Trinity,105,12862,387,327,66,393,3
2021-05-12,Tulare,107,460477,49485,49001,9442,58443,838
2021-05-12,Tuolumne,109,53932,4063,4056,35,4091,63
2021-05-12,Ventura,111,848112,80835,80577,3083,83660,1010
2021-05-12,Yolo,113,214977,13930,13910,320,14230,210
2021-05-12,Yuba,115,75493,5974,5956,124,6080,47
2021-05-11,Alameda,001,1643700,87503,87413,2029,89442,1290
2021-05-11,Alpine,003,1148,88,88,0,88,0
2021-05-11,Amador,005,37829,3664,3657,34,3691,46
2021-05-11,Butte,007,227075,12335,12008,1884,13892,199
2021-05-11,Calaveras,009,45235,2134,2118,14,2132,52
2021-05-11,Colusa,011,21464,1928,1939,305,2244,14
2021-05-11,Contra Costa,013,1133247,68851,68406,1317,69723,806
2021-05-11,Del Norte,015,27424,1360,1347,7,1354,8
2021-05-11,El Dorado,017,186661,10132,10108,755,10863,112
2021-05-11,Fresno,019,978130,101660,101792,8945,110737,1686
2021-05-11,Glenn,021,27897,2402,2387,572,2959,17
2021-05-11,Humboldt,023,135768,4070,3964,34,3998,37
2021-05-11,Imperial,025,180216,28380,28413,2886,31299,722
2021-05-11,Inyo,027,18085,1401,1402,5,1407,36
2021-05-11,Kern,029,883053,96577,95938,11162,107100,1310
2021-05-11,Kings,031,150075,22931,22887,1183,24070,246
2021-05-11,Lake,033,64148,3494,3473,9,3482,43
2021-05-11,Lassen,035,31185,5176,5148,111,5259,6
2021-05-11,Los Angeles,037,10098052,1199725,1195100,43615,1238715,24048
2021-05-11,Madera,039,155013,16499,16459,953,17412,238
2021-05-11,Marin,041,260295,13999,13987,259,14246,227
2021-05-11,Mariposa,043,17540,428,421,11,432,5
2021-05-11,Mendocino,045,87422,3902,3821,76,3897,46
2021-05-11,Merced,047,269075,30864,30893,993,31886,449
2021-05-11,Modoc,049,8938,372,362,125,487,3
2021-05-11,Mono,051,14174,1244,1265,12,1277,3
2021-05-11,Monterey,053,433212,42955,42934,1925,44859,380
2021-05-11,Napa,055,140530,9865,9870,33,9903,81
2021-05-11,Nevada,057,99092,4759,4737,193,4930,70
2021-05-11,Orange,059,3164182,254216,253545,11651,265196,5017
2021-05-11,Placer,061,380077,22925,22615,1508,24123,287
2021-05-11,Plumas,063,18699,693,679,11,690,4
2021-05-11,Riverside,065,2383286,290665,287757,14645,302402,4429
2021-05-11,Sacramento,067,1510023,104742,104496,1787,106283,1616
2021-05-11,San Benito,069,59416,6045,6058,117,6175,63
2021-05-11,San Bernardino,071,2135413,291941,291421,9369,300790,4707
2021-05-11,San Diego,073,3302833,279042,278308,14720,293028,3725
2021-05-11,San Francisco,075,870044,36451,36707,1365,38072,543
2021-05-11,San Joaquin,077,732212,72407,71999,3675,75674,1356
2021-05-11,San Luis Obispo,079,281455,21093,21008,761,21769,255
2021-05-11,San Mateo,081,765935,42177,41985,478,42463,425
2021-05-11,Santa Barbara,083,443738,34382,34207,1236,35443,456
2021-05-11,Santa Clara,085,1922200,117737,118857,787,119644,2005
2021-05-11,Santa Cruz,087,273765,16103,16113,874,16987,206
2021-05-11,Shasta,089,179085,12074,12050,1576,13626,200
2021-05-11,Sierra,091,2930,54,54,14,68,0
2021-05-11,Siskiyou,093,43540,1844,1756,356,2112,13
2021-05-11,Solano,095,438530,32525,32499,548,33047,250
2021-05-11,Sonoma,097,501317,29819,29966,335,30301,318
2021-05-11,Stanislaus,099,539301,55652,55589,6099,61688,909
2021-05-11,Sutter,101,95872,9415,9417,88,9505,112
2021-05-11,Tehama,103,63373,4997,4985,588,5573,62
2021-05-11,Trinity,105,12862,387,327,65,392,3
2021-05-11,Tulare,107,460477,49459,48974,9427,58401,837
2021-05-11,Tuolumne,109,53932,4062,4056,35,4091,63
2021-05-11,Ventura,111,848112,80811,80544,3080,83624,1008
2021-05-11,Yolo,113,214977,13917,13902,317,14219,210
2021-05-11,Yuba,115,75493,5965,5950,124,6074,46
2021-05-10,Alameda,001,1643700,87432,87366,2028,89394,1284
2021-05-10,Alpine,003,1148,88,88,0,88,0
2021-05-10,Amador,005,37829,3663,3657,34,3691,46
2021-05-10,Butte,007,227075,12320,11993,1878,13871,199
2021-05-10,Calaveras,009,45235,2127,2118,14,2132,52
2021-05-10,Colusa,011,21464,1928,1939,305,2244,14
2021-05-10,Contra Costa,013,1133247,68788,68357,1317,69674,806
2021-05-10,Del Norte,015,27424,1357,1339,7,1346,8
2021-05-10,El Dorado,017,186661,10118,10093,755,10848,113
2021-05-10,Fresno,019,978130,101629,101755,8939,110694,1682
2021-05-10,Glenn,021,27897,2401,2384,570,2954,17
2021-05-10,Humboldt,023,135768,4040,3961,34,3995,36
2021-05-10,Imperial,025,180216,28366,28397,2882,31279,722
2021-05-10,Inyo,027,18085,1401,1401,5,1406,36
2021-05-10,Kern,029,883053,96534,95920,11148,107068,1310
2021-05-10,Kings,031,150075,22920,22884,1182,24066,246
2021-05-10,Lake,033,64148,3486,3471,9,3480,43
2021-05-10,Lassen,035,31185,5172,5148,111,5259,5
2021-05-10,Los Angeles,037,10098052,1199471,1194976,43597,1238573,24030
2021-05-10,Madera,039,155013,16489,16450,953,17403,238
2021-05-10,Marin,041,260295,13996,13981,259,14240,228
2021-05-10,Mariposa,043,17540,427,420,11,431,5
2021-05-10,Mendocino,045,87422,3896,3818,76,3894,46
2021-05-10,Merced,047,269075,30854,30880,993,31873,448
2021-05-10,Modoc,049,8938,372,361,125,486,3
2021-05-10,Mono,051,14174,1244,1265,12,1277,3
2021-05-10,Monterey,053,433212,42949,42927,1920,44847,380
2021-05-10,Napa,055,140530,9863,9860,33,9893,81
2021-05-10,Nevada,057,99092,4752,4735,193,4928,70
2021-05-10,Orange,059,3164182,254164,253484,11645,265129,5008
2021-05-10,Placer,061,380077,22904,22590,1505,24095,286
2021-05-10,Plumas,063,18699,692,679,11,690,4
2021-05-10,Riverside,065,2383286,290599,287689,14639,302328,4427
2021-05-10,Sacramento,067,1510023,104631,104378,1782,106160,1613
2021-05-10,San Benito,069,59416,6044,6058,117,6175,63
2021-05-10,San Bernardino,071,2135413,291890,291360,9368,300728,4707
2021-05-10,San Diego,073,3302833,278877,278183,14693,292876,3725
2021-05-10,San Francisco,075,870044,36432,36683,1365,38048,543
2021-05-10,San Joaquin,077,732212,72370,71954,3660,75614,1356
2021-05-10,San Luis Obispo,079,281455,21075,20993,760,21753,256
2021-05-10,San Mateo,081,765935,42159,41926,478,42404,424
2021-05-10,Santa Barbara,083,443738,34375,34201,1236,35437,456
2021-05-10,Santa Clara,085,1922200,117679,118822,786,119608,2003
2021-05-10,Santa Cruz,087,273765,16097,16114,874,16988,206
2021-05-10,Shasta,089,179085,12060,12036,1572,13608,200
2021-05-10,Sierra,091,2930,54,54,14,68,0
2021-05-10,Siskiyou,093,43540,1834,1752,354,2106,13
2021-05-10,Solano,095,438530,32505,32466,546,33012,250
2021-05-10,Sonoma,097,501317,29804,29955,334,30289,318
2021-05-10,Stanislaus,099,539301,55577,55541,6093,61634,898
2021-05-10,Sutter,101,95872,9409,9412,88,9500,111
2021-05-10,Tehama,103,63373,4993,4980,588,5568,62
2021-05-10,Trinity,105,12862,387,327,63,390,3
2021-05-10,Tulare,107,460477,49435,48956,9421,58377,837
2021-05-10,Tuolumne,109,53932,4058,4054,35,4089,63
2021-05-10,Ventura,111,848112,80795,80501,3078,83579,1008
2021-05-10,Yolo,113,214977,13905,13898,315,14213,209
2021-05-10,Yuba,115,75493,5963,5942,124,6066,46
2021-05-09,Alameda,001,1643700,87361,87292,2025,89317,1284
2021-05-09,Alpine,003,1148,88,88,0,88,0
2021-05-09,Amador,005,37829,3661,3655,34,3689,46
2021-05-09,Butte,007,227075,12301,11985,1874,13859,199
2021-05-09,Calaveras,009,45235,2126,2116,14,2130,52
2021-05-09,Colusa,011,21464,1927,1940,305,2245,14
2021-05-09,Contra Costa,013,1133247,68724,68302,1315,69617,806
2021-05-09,Del Norte,015,27424,1350,1338,7,1345,8
2021-05-09,El Dorado,017,186661,10104,10089,752,10841,113
2021-05-09,Fresno,019,978130,101591,101729,8930,110659,1682
2021-05-09,Glenn,021,27897,2394,2382,567,2949,17
2021-05-09,Humboldt,023,135768,4020,3950,34,3984,36
2021-05-09,Imperial,025,180216,28343,28388,2875,31263,722
2021-05-09,Inyo,027,18085,1401,1401,4,1405,36
2021-05-09,Kern,029,883053,96506,95903,11137,107040,1310
2021-05-09,Kings,031,150075,22911,22878,1182,24060,246
2021-05-09,Lake,033,64148,3482,3471,9,3480,43
2021-05-09,Lassen,035,31185,5170,5147,111,5258,5
2021-05-09,Los Angeles,037,10098052,1199212,1194820,43582,1238402,24026
2021-05-09,Madera,039,155013,16480,16444,947,17391,238
2021-05-09,Marin,041,260295,13985,13979,258,14237,228
2021-05-09,Mariposa,043,17540,424,420,11,431,5
2021-05-09,Mendocino,045,87422,3886,3814,76,3890,46
2021-05-09,Merced,047,269075,30831,30883,993,31876,448
2021-05-09,Modoc,049,8938,372,360,125,485,3
2021-05-09,Mono,051,14174,1244,1264,12,1276,3
2021-05-09,Monterey,053,433212,42932,42918,1920,44838,380
2021-05-09,Napa,055,140530,9852,9857,33,9890,81
2021-05-09,Nevada,057,99092,4745,4727,193,4920,70
2021-05-09,Orange,059,3164182,254111,253451,11637,265088,5008
2021-05-09,Placer,061,380077,22878,22566,1502,24068,286
2021-05-09,Plumas,063,18699,691,679,11,690,4
2021-05-09,Riverside,065,2383286,290521,287644,14633,302277,4427
2021-05-09,Sacramento,067,1510023,104484,104309,1775,106084,1612
2021-05-09,San Benito,069,59416,6042,6056,117,6173,63
2021-05-09,San Bernardino,071,2135413,291809,291337,9362,300699,4707
2021-05-09,San Diego,073,3302833,278710,277950,14671,292621,3725
2021-05-09,San Francisco,075,870044,36406,36669,1363,38032,543
2021-05-09,San Joaquin,077,732212,72326,71927,3659,75586,1356
2021-05-09,San Luis Obispo,079,281455,21065,20999,760,21759,256
2021-05-09,San Mateo,081,765935,42130,41903,478,42381,424
2021-05-09,Santa Barbara,083,443738,34362,34196,1235,35431,456
2021-05-09,Santa Clara,085,1922200,117625,118798,785,119583,2003
2021-05-09,Santa Cruz,087,273765,16091,16094,874,16968,206
2021-05-09,Shasta,089,179085,12030,12034,1567,13601,200
2021-05-09,Sierra,091,2930,54,54,14,68,0
2021-05-09,Siskiyou,093,43540,1828,1741,351,2092,13
2021-05-09,Solano,095,438530,32466,32434,543,32977,250
2021-05-09,Sonoma,097,501317,29790,29953,333,30286,318
2021-05-09,Stanislaus,099,539301,55510,55511,6089,61600,898
2021-05-09,Sutter,101,95872,9403,9413,88,9501,111
2021-05-09,Tehama,103,63373,4988,4979,588,5567,62
2021-05-09,Trinity,105,12862,387,327,63,390,3
2021-05-09,Tulare,107,460477,49408,48948,9416,58364,837
2021-05-09,Tuolumne,109,53932,4057,4053,35,4088,63
2021-05-09,Ventura,111,848112,80780,80487,3077,83564,1008
2021-05-09,Yolo,113,214977,13894,13897,314,14211,209
2021-05-09,Yuba,115,75493,5957,5934,124,6058,46
2021-05-08,Alameda,001,1643700,87319,87213,2021,89234,1284
2021-05-08,Alpine,003,1148,88,88,0,88,0
2021-05-08,Amador,005,37829,3659,3652,34,3686,46
2021-05-08,Butte,007,227075,12289,11962,1873,13835,199
2021-05-08,Calaveras,009,45235,2125,2114,14,2128,52
2021-05-08,Colusa,011,21464,1927,1939,305,2244,14
2021-05-08,Contra Costa,013,1133247,68691,68223,1313,69536,803
2021-05-08,Del Norte,015,27424,1347,1335,7,1342,8
2021-05-08,El Dorado,017,186661,10090,10079,752,10831,113
2021-05-08,Fresno,019,978130,101556,101676,8925,110601,1682
2021-05-08,Glenn,021,27897,2392,2382,565,2947,17
2021-05-08,Humboldt,023,135768,4004,3939,34,3973,36
2021-05-08,Imperial,025,180216,28335,28373,2875,31248,721
2021-05-08,Inyo,027,18085,1401,1402,4,1406,36
2021-05-08,Kern,029,883053,96482,95880,11124,107004,1310
2021-05-08,Kings,031,150075,22908,22872,1181,24053,246
2021-05-08,Lake,033,64148,3481,3470,9,3479,43
2021-05-08,Lassen,035,31185,5169,5145,111,5256,5
2021-05-08,Los Angeles,037,10098052,1199065,1194584,43566,1238150,24022
2021-05-08,Madera,039,155013,16476,16442,947,17389,238
2021-05-08,Marin,041,260295,13982,13974,257,14231,228
2021-05-08,Mariposa,043,17540,424,420,11,431,5
2021-05-08,Mendocino,045,87422,3881,3810,75,3885,46
2021-05-08,Merced,047,269075,30821,30876,993,31869,448
2021-05-08,Modoc,049,8938,372,360,124,484,3
2021-05-08,Mono,051,14174,1244,1262,12,1274,3
2021-05-08,Monterey,053,433212,42927,42914,1919,44833,380
2021-05-08,Napa,055,140530,9845,9853,33,9886,81
2021-05-08,Nevada,057,99092,4742,4716,193,4909,70
2021-05-08,Orange,059,3164182,254075,253412,11634,265046,5006
2021-05-08,Placer,061,380077,22860,22547,1500,24047,286
2021-05-08,Plumas,063,18699,690,679,11,690,4
2021-05-08,Riverside,065,2383286,290479,287574,14631,302205,4427
2021-05-08,Sacramento,067,1510023,104400,104208,1771,105979,1610
2021-05-08,San Benito,069,59416,6041,6048,117,6165,63
2021-05-08,San Bernardino,071,2135413,291765,291296,9362,300658,4707
2021-05-08,San Diego,073,3302833,278626,277760,14653,292413,3725
2021-05-08,San Francisco,075,870044,36383,36642,1363,38005,543
2021-05-08,San Joaquin,077,732212,72297,71869,3650,75519,1356
2021-05-08,San Luis Obispo,079,281455,21054,20992,760,21752,256
2021-05-08,San Mateo,081,765935,42119,41871,478,42349,424
2021-05-08,Santa Barbara,083,443738,34349,34185,1235,35420,456
2021-05-08,Santa Clara,085,1922200,117594,118751,785,119536,2003
2021-05-08,Santa Cruz,087,273765,16088,16089,874,16963,206
2021-05-08,Shasta,089,179085,12020,12030,1563,13593,200
2021-05-08,Sierra,091,2930,54,54,14,68,0
2021-05-08,Siskiyou,093,43540,1827,1741,347,2088,13
2021-05-08,Solano,095,438530,32441,32395,541,32936,249
2021-05-08,Sonoma,097,501317,29777,29942,333,30275,318
2021-05-08,Stanislaus,099,539301,55477,55467,6085,61552,898
2021-05-08,Sutter,101,95872,9400,9413,88,9501,111
2021-05-08,Tehama,103,63373,4986,4977,588,5565,62
2021-05-08,Trinity,105,12862,387,327,63,390,3
2021-05-08,Tulare,107,460477,49394,48929,9406,58335,837
2021-05-08,Tuolumne,109,53932,4056,4050,35,4085,63
2021-05-08,Ventura,111,848112,80769,80481,3074,83555,1008
2021-05-08,Yolo,113,214977,13891,13894,313,14207,209
2021-05-08,Yuba,115,75493,5949,5928,124,6052,46
2021-05-07,Alameda,001,1643700,87268,87128,2020,89148,1280
2021-05-07,Alpine,003,1148,88,88,0,88,0
2021-05-07,Amador,005,37829,3656,3651,34,3685,46
2021-05-07,Butte,007,227075,12271,11943,1868,13811,199
2021-05-07,Calaveras,009,45235,2123,2114,14,2128,52
2021-05-07,Colusa,011,21464,1927,1937,305,2242,14
2021-05-07,Contra Costa,013,1133247,68645,68156,1311,69467,804
2021-05-07,Del Norte,015,27424,1342,1329,7,1336,8
2021-05-07,El Dorado,017,186661,10077,10065,750,10815,112
2021-05-07,Fresno,019,978130,101524,101625,8924,110549,1684
2021-05-07,Glenn,021,27897,2389,2381,564,2945,17
2021-05-07,Humboldt,023,135768,3989,3919,34,3953,36
2021-05-07,Imperial,025,180216,28327,28352,2874,31226,721
2021-05-07,Inyo,027,18085,1401,1402,4,1406,36
2021-05-07,Kern,029,883053,96469,95839,11112,106951,1308
2021-05-07,Kings,031,150075,22907,22857,1180,24037,246
2021-05-07,Lake,033,64148,3479,3467,9,3476,43
2021-05-07,Lassen,035,31185,5168,5144,110,5254,5
2021-05-07,Los Angeles,037,10098052,1198894,1194294,43556,1237850,24008
2021-05-07,Madera,039,155013,16471,16439,947,17386,238
2021-05-07,Marin,041,260295,13978,13968,257,14225,228
2021-05-07,Mariposa,043,17540,423,419,11,430,5
2021-05-07,Mendocino,045,87422,3875,3805,75,3880,46
2021-05-07,Merced,047,269075,30818,30862,993,31855,446
2021-05-07,Modoc,049,8938,372,360,124,484,3
2021-05-07,Mono,051,14174,1243,1261,12,1273,3
2021-05-07,Monterey,053,433212,42921,42909,1917,44826,380
2021-05-07,Napa,055,140530,9844,9849,33,9882,81
2021-05-07,Nevada,057,99092,4738,4704,193,4897,70
2021-05-07,Orange,059,3164182,254038,253338,11624,264962,5000
2021-05-07,Placer,061,380077,22841,22524,1497,24021,286
2021-05-07,Plumas,063,18699,690,678,11,689,4
2021-05-07,Riverside,065,2383286,290422,287479,14630,302109,4426
2021-05-07,Sacramento,067,1510023,104327,104068,1766,105834,1609
2021-05-07,San Benito,069,59416,6040,6048,117,6165,63
2021-05-07,San Bernardino,071,2135413,291722,291185,9357,300542,4697
2021-05-07,San Diego,073,3302833,278542,277534,14638,292172,3718
2021-05-07,San Francisco,075,870044,36370,36616,1362,37978,543
2021-05-07,San Joaquin,077,732212,72257,71804,3648,75452,1351
2021-05-07,San Luis Obispo,079,281455,21047,20979,760,21739,256
2021-05-07,San Mateo,081,765935,42103,41844,478,42322,424
2021-05-07,Santa Barbara,083,443738,34339,34166,1235,35401,453
2021-05-07,Santa Clara,085,1922200,117561,118691,784,119475,2002
2021-05-07,Santa Cruz,087,273765,16085,16074,874,16948,206
2021-05-07,Shasta,089,179085,11998,12005,1561,13566,200
2021-05-07,Sierra,091,2930,54,54,14,68,0
2021-05-07,Siskiyou,093,43540,1824,1723,347,2070,13
2021-05-07,Solano,095,438530,32414,32352,539,32891,249
2021-05-07,Sonoma,097,501317,29759,29925,331,30256,318
2021-05-07,Stanislaus,099,539301,55436,55407,6079,61486,896
2021-05-07,Sutter,101,95872,9400,9407,87,9494,111
2021-05-07,Tehama,103,63373,4979,4974,588,5562,57
2021-05-07,Trinity,105,12862,387,327,63,390,3
2021-05-07,Tulare,107,460477,49377,48913,9401,58314,837
2021-05-07,Tuolumne,109,53932,4054,4048,35,4083,63
2021-05-07,Ventura,111,848112,80745,80444,3074,83518,1008
2021-05-07,Yolo,113,214977,13886,13875,312,14187,209
2021-05-07,Yuba,115,75493,5939,5910,124,6034,46
2021-05-06,Alameda,001,1643700,87190,87028,2016,89044,1278
2021-05-06,Alpine,003,1148,88,88,0,88,0
2021-05-06,Amador,005,37829,3654,3650,34,3684,46
2021-05-06,Butte,007,227075,12251,11929,1863,13792,198
2021-05-06,Calaveras,009,45235,2122,2111,14,2125,52
2021-05-06,Colusa,011,21464,1927,1935,305,2240,14
2021-05-06,Contra Costa,013,1133247,68590,68076,1308,69384,802
2021-05-06,Del Norte,015,27424,1334,1324,7,1331,6
2021-05-06,El Dorado,017,186661,10070,10048,750,10798,112
2021-05-06,Fresno,019,978130,101483,101536,8918,110454,1680
2021-05-06,Glenn,021,27897,2388,2380,563,2943,17
2021-05-06,Humboldt,023,135768,3965,3898,33,3931,36
2021-05-06,Imperial,025,180216,28316,28311,2873,31184,720
2021-05-06,Inyo,027,18085,1401,1401,4,1405,36
2021-05-06,Kern,029,883053,96444,95801,11095,106896,1307
2021-05-06,Kings,031,150075,22900,22848,1179,24027,246
2021-05-06,Lake,033,64148,3478,3465,9,3474,43
2021-05-06,Lassen,035,31185,5167,5143,110,5253,1
2021-05-06,Los Angeles,037,10098052,1198654,1193954,43539,1237493,23991
2021-05-06,Madera,039,155013,16463,16430,947,17377,238
2021-05-06,Marin,041,260295,13974,13956,257,14213,228
2021-05-06,Mariposa,043,17540,422,419,11,430,5
2021-05-06,Mendocino,045,87422,3864,3802,75,3877,46
2021-05-06,Merced,047,269075,30803,30863,992,31855,444
2021-05-06,Modoc,049,8938,372,360,124,484,3
2021-05-06,Mono,051,14174,1241,1261,12,1273,3
2021-05-06,Monterey,053,433212,42906,42899,1917,44816,379
2021-05-06,Napa,055,140530,9838,9843,33,9876,81
2021-05-06,Nevada,057,99092,4737,4687,193,4880,70
2021-05-06,Orange,059,3164182,253970,253286,11617,264903,4991
2021-05-06,Placer,061,380077,22819,22493,1497,23990,286
2021-05-06,Plumas,063,18699,690,678,11,689,4
2021-05-06,Riverside,065,2383286,290349,287399,14625,302024,4422
2021-05-06,Sacramento,067,1510023,104211,103956,1763,105719,1609
2021-05-06,San Benito,069,59416,6039,6045,117,6162,63
2021-05-06,San Bernardino,071,2135413,291651,291085,9356,300441,4683
2021-05-06,San Diego,073,3302833,278418,277324,14615,291939,3716
2021-05-06,San Francisco,075,870044,36355,36599,1362,37961,543
2021-05-06,San Joaquin,077,732212,72202,71729,3645,75374,1350
2021-05-06,San Luis Obispo,079,281455,21035,20965,758,21723,256
2021-05-06,San Mateo,081,765935,42085,41802,477,42279,424
2021-05-06,Santa Barbara,083,443738,34326,34152,1235,35387,453
2021-05-06,Santa Clara,085,1922200,117520,118591,784,119375,2001
2021-05-06,Santa Cruz,087,273765,16078,16050,874,16924,206
2021-05-06,Shasta,089,179085,11976,11983,1555,13538,199
2021-05-06,Sierra,091,2930,54,54,14,68,0
2021-05-06,Siskiyou,093,43540,1815,1711,345,2056,12
2021-05-06,Solano,095,438530,32388,32320,531,32851,249
2021-05-06,Sonoma,097,501317,29751,29911,331,30242,318
2021-05-06,Stanislaus,099,539301,55380,55323,6076,61399,834
2021-05-06,Sutter,101,95872,9394,9396,87,9483,111
2021-05-06,Tehama,103,63373,4974,4970,588,5558,53
2021-05-06,Trinity,105,12862,387,327,63,390,3
2021-05-06,Tulare,107,460477,49354,48890,9386,58276,836
2021-05-06,Tuolumne,109,53932,4050,4047,35,4082,63
2021-05-06,Ventura,111,848112,80714,80411,3071,83482,1005
2021-05-06,Yolo,113,214977,13878,13871,308,14179,209
2021-05-06,Yuba,115,75493,5927,5901,124,6025,46
2021-05-05,Alameda,001,1643700,87129,86950,2014,88964,1278
2021-05-05,Alpine,003,1148,88,88,0,88,0
2021-05-05,Amador,005,37829,3651,3650,34,3684,46
2021-05-05,Butte,007,227075,12233,11907,1860,13767,198
2021-05-05,Calaveras,009,45235,2118,2103,14,2117,52
2021-05-05,Colusa,011,21464,1926,1933,305,2238,14
2021-05-05,Contra Costa,013,1133247,68525,67997,1303,69300,803
2021-05-05,Del Norte,015,27424,1331,1317,7,1324,6
2021-05-05,El Dorado,017,186661,10059,10020,749,10769,111
2021-05-05,Fresno,019,978130,101434,101491,8909,110400,1680
2021-05-05,Glenn,021,27897,2385,2380,562,2942,17
2021-05-05,Humboldt,023,135768,3946,3886,32,3918,36
2021-05-05,Imperial,025,180216,28275,28295,2866,31161,720
2021-05-05,Inyo,027,18085,1400,1401,4,1405,36
2021-05-05,Kern,029,883053,96400,95753,11091,106844,1304
2021-05-05,Kings,031,150075,22894,22840,1178,24018,246
2021-05-05,Lake,033,64148,3475,3458,9,3467,43
2021-05-05,Lassen,035,31185,5167,5143,109,5252,1
2021-05-05,Los Angeles,037,10098052,1198389,1193608,43526,1237134,23977
2021-05-05,Madera,039,155013,16461,16423,947,17370,235
2021-05-05,Marin,041,260295,13966,13950,256,14206,228
2021-05-05,Mariposa,043,17540,422,418,11,429,5
2021-05-05,Mendocino,045,87422,3860,3799,75,3874,46
2021-05-05,Merced,047,269075,30782,30844,992,31836,444
2021-05-05,Modoc,049,8938,371,361,123,484,3
2021-05-05,Mono,051,14174,1241,1260,12,1272,3
2021-05-05,Monterey,053,433212,42893,42870,1914,44784,379
2021-05-05,Napa,055,140530,9832,9833,33,9866,81
2021-05-05,Nevada,057,99092,4734,4666,193,4859,70
2021-05-05,Orange,059,3164182,253915,253237,11612,264849,4978
2021-05-05,Placer,061,380077,22787,22362,1493,23855,287
2021-05-05,Plumas,063,18699,690,677,11,688,4
2021-05-05,Riverside,065,2383286,290260,287353,14615,301968,4414
2021-05-05,Sacramento,067,1510023,104123,103476,1758,105234,1607
2021-05-05,San Benito,069,59416,6030,6046,117,6163,63
2021-05-05,San Bernardino,071,2135413,291578,291008,9352,300360,4677
2021-05-05,San Diego,073,3302833,278280,277098,14595,291693,3716
2021-05-05,San Francisco,075,870044,36340,36577,1361,37938,543
2021-05-05,San Joaquin,077,732212,72150,71638,3642,75280,1345
2021-05-05,San Luis Obispo,079,281455,21027,20958,758,21716,256
2021-05-05,San Mateo,081,765935,42054,41755,476,42231,415
2021-05-05,Santa Barbara,083,443738,34312,34139,1234,35373,453
2021-05-05,Santa Clara,085,1922200,117490,118482,780,119262,1992
2021-05-05,Santa Cruz,087,273765,16072,16013,874,16887,207
2021-05-05,Shasta,089,179085,11960,11939,1551,13490,200
2021-05-05,Sierra,091,2930,54,54,14,68,0
2021-05-05,Siskiyou,093,43540,1798,1706,337,2043,11
2021-05-05,Solano,095,438530,32353,32250,529,32779,249
2021-05-05,Sonoma,097,501317,29738,29879,331,30210,318
2021-05-05,Stanislaus,099,539301,55322,55231,6074,61305,807
2021-05-05,Sutter,101,95872,9388,9387,87,9474,111
2021-05-05,Tehama,103,63373,4971,4968,588,5556,53
2021-05-05,Trinity,105,12862,387,326,63,389,3
2021-05-05,Tulare,107,460477,49332,48875,9377,58252,835
2021-05-05,Tuolumne,109,53932,4047,4040,35,4075,63
2021-05-05,Ventura,111,848112,80685,80372,3067,83439,1005
2021-05-05,Yolo,113,214977,13874,13846,306,14152,209
2021-05-05,Yuba,115,75493,5917,5895,123,6018,44
2021-05-04,Alameda,001,1643700,87037,86894,2014,88908,1277
2021-05-04,Alpine,003,1148,88,88,0,88,0
2021-05-04,Amador,005,37829,3651,3650,34,3684,46
2021-05-04,Butte,007,227075,12209,11883,1858,13741,198
2021-05-04,Calaveras,009,45235,2113,2100,14,2114,52
2021-05-04,Colusa,011,21464,1925,1933,305,2238,14
2021-05-04,Contra Costa,013,1133247,68447,67931,1299,69230,799
2021-05-04,Del Norte,015,27424,1331,1314,7,1321,6
2021-05-04,El Dorado,017,186661,10048,10009,745,10754,110
2021-05-04,Fresno,019,978130,101380,101451,8902,110353,1677
2021-05-04,Glenn,021,27897,2382,2379,559,2938,17
2021-05-04,Humboldt,023,135768,3920,3877,32,3909,36
2021-05-04,Imperial,025,180216,28255,28276,2862,31138,720
2021-05-04,Inyo,027,18085,1400,1399,4,1403,36
2021-05-04,Kern,029,883053,96366,95720,11073,106793,1301
2021-05-04,Kings,031,150075,22880,22822,1175,23997,246
2021-05-04,Lake,033,64148,3474,3454,9,3463,43
2021-05-04,Lassen,035,31185,5166,5142,109,5251,1
2021-05-04,Los Angeles,037,10098052,1198100,1193453,43514,1236967,23957
2021-05-04,Madera,039,155013,16460,16418,947,17365,235
2021-05-04,Marin,041,260295,13959,13935,256,14191,228
2021-05-04,Mariposa,043,17540,422,418,11,429,5
2021-05-04,Mendocino,045,87422,3855,3794,75,3869,46
2021-05-04,Merced,047,269075,30765,30829,992,31821,444
2021-05-04,Modoc,049,8938,370,360,122,482,3
2021-05-04,Mono,051,14174,1241,1260,12,1272,3
2021-05-04,Monterey,053,433212,42881,42845,1913,44758,380
2021-05-04,Napa,055,140530,9823,9824,33,9857,81
2021-05-04,Nevada,057,99092,4727,4656,193,4849,70
2021-05-04,Orange,059,3164182,253848,253177,11602,264779,4977
2021-05-04,Placer,061,380077,22758,22326,1490,23816,287
2021-05-04,Plumas,063,18699,689,675,11,686,4
2021-05-04,Riverside,065,2383286,290177,287285,14608,301893,4411
2021-05-04,Sacramento,067,1510023,103994,103383,1753,105136,1604
2021-05-04,San Benito,069,59416,6029,6039,117,6156,63
2021-05-04,San Bernardino,071,2135413,291500,290934,9345,300279,4668
2021-05-04,San Diego,073,3302833,278114,276879,14578,291457,3713
2021-05-04,San Francisco,075,870044,36322,36550,1361,37911,541
2021-05-04,San Joaquin,077,732212,72089,71582,3638,75220,1342
2021-05-04,San Luis Obispo,079,281455,21022,20923,756,21679,255
2021-05-04,San Mateo,081,765935,42028,41708,476,42184,415
2021-05-04,Santa Barbara,083,443738,34296,34131,1234,35365,453
2021-05-04,Santa Clara,085,1922200,117427,118431,779,119210,1988
2021-05-04,Santa Cruz,087,273765,16066,16005,874,16879,207
2021-05-04,Shasta,089,179085,11940,11923,1545,13468,198
2021-05-04,Sierra,091,2930,54,54,14,68,0
2021-05-04,Siskiyou,093,43540,1791,1694,335,2029,11
2021-05-04,Solano,095,438530,32312,32220,527,32747,249
2021-05-04,Sonoma,097,501317,29718,29867,330,30197,318
2021-05-04,Stanislaus,099,539301,55267,55165,6071,61236,807
2021-05-04,Sutter,101,95872,9383,9375,87,9462,111
2021-05-04,Tehama,103,63373,4969,4959,587,5546,53
2021-05-04,Trinity,105,12862,387,326,63,389,3
2021-05-04,Tulare,107,460477,49306,48857,9367,58224,835
2021-05-04,Tuolumne,109,53932,4045,4041,35,4076,61
2021-05-04,Ventura,111,848112,80656,80351,3065,83416,1005
2021-05-04,Yolo,113,214977,13861,13820,304,14124,208
2021-05-04,Yuba,115,75493,5911,5891,123,6014,44
2021-05-03,Alameda,001,1643700,86960,86845,2008,88853,1272
2021-05-03,Alpine,003,1148,88,88,0,88,0
2021-05-03,Amador,005,37829,3651,3651,34,3685,46
2021-05-03,Butte,007,227075,12199,11864,1855,13719,198
2021-05-03,Calaveras,009,45235,2112,2099,14,2113,50
2021-05-03,Colusa,011,21464,1924,1931,303,2234,14
2021-05-03,Contra Costa,013,1133247,68388,67895,1295,69190,799
2021-05-03,Del Norte,015,27424,1326,1306,6,1312,6
2021-05-03,El Dorado,017,186661,10030,9984,740,10724,110
2021-05-03,Fresno,019,978130,101327,101405,8891,110296,1678
2021-05-03,Glenn,021,27897,2382,2375,558,2933,17
2021-05-03,Humboldt,023,135768,3905,3865,32,3897,36
2021-05-03,Imperial,025,180216,28233,28280,2859,31139,720
2021-05-03,Inyo,027,18085,1399,1398,4,1402,36
2021-05-03,Kern,029,883053,96330,95693,11060,106753,1299
2021-05-03,Kings,031,150075,22871,22821,1175,23996,246
2021-05-03,Lake,033,64148,3472,3446,9,3455,43
2021-05-03,Lassen,035,31185,5165,5142,109,5251,1
2021-05-03,Los Angeles,037,10098052,1197836,1193261,43485,1236746,23942
2021-05-03,Madera,039,155013,16456,16414,946,17360,235
2021-05-03,Marin,041,260295,13953,13927,256,14183,228
2021-05-03,Mariposa,043,17540,422,418,11,429,5
2021-05-03,Mendocino,045,87422,3848,3792,75,3867,46
2021-05-03,Merced,047,269075,30754,30814,990,31804,444
2021-05-03,Modoc,049,8938,370,360,122,482,3
2021-05-03,Mono,051,14174,1241,1259,12,1271,3
2021-05-03,Monterey,053,433212,42871,42837,1911,44748,380
2021-05-03,Napa,055,140530,9818,9815,33,9848,81
2021-05-03,Nevada,057,99092,4719,4650,193,4843,70
2021-05-03,Orange,059,3164182,253789,253107,11593,264700,4968
2021-05-03,Placer,061,380077,22727,22289,1484,23773,287
2021-05-03,Plumas,063,18699,688,675,11,686,4
2021-05-03,Riverside,065,2383286,290105,287233,14607,301840,4412
2021-05-03,Sacramento,067,1510023,103842,103303,1743,105046,1602
2021-05-03,San Benito,069,59416,6028,6038,117,6155,63
2021-05-03,San Bernardino,071,2135413,291432,290886,9342,300228,4659
2021-05-03,San Diego,073,3302833,277951,276693,14553,291246,3712
2021-05-03,San Francisco,075,870044,36297,36538,1360,37898,541
2021-05-03,San Joaquin,077,732212,72038,71504,3635,75139,1325
2021-05-03,San Luis Obispo,079,281455,21006,20915,753,21668,254
2021-05-03,San Mateo,081,765935,42005,41689,475,42164,413
2021-05-03,Santa Barbara,083,443738,34284,34119,1234,35353,453
2021-05-03,Santa Clara,085,1922200,117373,118373,778,119151,1988
2021-05-03,Santa Cruz,087,273765,16063,16000,874,16874,207
2021-05-03,Shasta,089,179085,11917,11890,1540,13430,197
2021-05-03,Sierra,091,2930,54,54,14,68,0
2021-05-03,Siskiyou,093,43540,1785,1683,329,2012,11
2021-05-03,Solano,095,438530,32271,32201,526,32727,249
2021-05-03,Sonoma,097,501317,29706,29855,327,30182,318
2021-05-03,Stanislaus,099,539301,55203,55116,6060,61176,774
2021-05-03,Sutter,101,95872,9371,9370,87,9457,111
2021-05-03,Tehama,103,63373,4960,4952,587,5539,53
2021-05-03,Trinity,105,12862,387,326,63,389,3
2021-05-03,Tulare,107,460477,49289,48844,9357,58201,835
2021-05-03,Tuolumne,109,53932,4044,4038,35,4073,61
2021-05-03,Ventura,111,848112,80634,80291,3065,83356,1005
2021-05-03,Yolo,113,214977,13848,13809,302,14111,208
2021-05-03,Yuba,115,75493,5906,5880,123,6003,44
2021-05-02,Alameda,001,1643700,86875,86784,2007,88791,1272
2021-05-02,Alpine,003,1148,88,88,0,88,0
2021-05-02,Amador,005,37829,3651,3650,34,3684,46
2021-05-02,Butte,007,227075,12175,11859,1852,13711,198
2021-05-02,Calaveras,009,45235,2108,2098,14,2112,50
2021-05-02,Colusa,011,21464,1923,1931,302,2233,14
2021-05-02,Contra Costa,013,1133247,68302,67843,1292,69135,800
2021-05-02,Del Norte,015,27424,1319,1305,6,1311,6
2021-05-02,El Dorado,017,186661,10015,9962,739,10701,110
2021-05-02,Fresno,019,978130,101256,101372,8881,110253,1678
2021-05-02,Glenn,021,27897,2381,2374,556,2930,17
2021-05-02,Humboldt,023,135768,3893,3858,31,3889,36
2021-05-02,Imperial,025,180216,28199,28275,2850,31125,721
2021-05-02,Inyo,027,18085,1397,1398,4,1402,36
2021-05-02,Kern,029,883053,96272,95668,11053,106721,1299
2021-05-02,Kings,031,150075,22853,22816,1174,23990,246
2021-05-02,Lake,033,64148,3470,3443,9,3452,43
2021-05-02,Lassen,035,31185,5164,5142,108,5250,1
2021-05-02,Los Angeles,037,10098052,1197491,1193056,43461,1236517,23943
2021-05-02,Madera,039,155013,16450,16410,946,17356,235
2021-05-02,Marin,041,260295,13943,13917,256,14173,228
2021-05-02,Mariposa,043,17540,422,419,11,430,5
2021-05-02,Mendocino,045,87422,3843,3787,75,3862,46
2021-05-02,Merced,047,269075,30732,30793,988,31781,444
2021-05-02,Modoc,049,8938,369,360,122,482,3
2021-05-02,Mono,051,14174,1240,1259,12,1271,3
2021-05-02,Monterey,053,433212,42858,42837,1909,44746,380
2021-05-02,Napa,055,140530,9814,9805,33,9838,81
2021-05-02,Nevada,057,99092,4703,4635,193,4828,70
2021-05-02,Orange,059,3164182,253714,253025,11580,264605,4968
2021-05-02,Placer,061,380077,22698,22264,1481,23745,287
2021-05-02,Plumas,063,18699,688,675,11,686,4
2021-05-02,Riverside,065,2383286,290006,287197,14597,301794,4412
2021-05-02,Sacramento,067,1510023,103708,103153,1736,104889,1602
2021-05-02,San Benito,069,59416,6023,6037,117,6154,63
2021-05-02,San Bernardino,071,2135413,291333,290859,9340,300199,4655
2021-05-02,San Diego,073,3302833,277755,276521,14526,291047,3712
2021-05-02,San Francisco,075,870044,36271,36522,1360,37882,541
2021-05-02,San Joaquin,077,732212,71974,71447,3628,75075,1325
2021-05-02,San Luis Obispo,079,281455,20986,20910,752,21662,254
2021-05-02,San Mateo,081,765935,41989,41656,474,42130,412
2021-05-02,Santa Barbara,083,443738,34270,34106,1234,35340,453
2021-05-02,Santa Clara,085,1922200,117299,118321,778,119099,1988
2021-05-02,Santa Cruz,087,273765,16058,15995,873,16868,207
2021-05-02,Shasta,089,179085,11901,11885,1532,13417,197
2021-05-02,Sierra,091,2930,54,54,14,68,0
2021-05-02,Siskiyou,093,43540,1774,1661,328,1989,11
2021-05-02,Solano,095,438530,32232,32151,522,32673,249
2021-05-02,Sonoma,097,501317,29684,29842,327,30169,318
2021-05-02,Stanislaus,099,539301,55130,55057,6053,61110,774
2021-05-02,Sutter,101,95872,9364,9363,87,9450,111
2021-05-02,Tehama,103,63373,4955,4950,585,5535,53
2021-05-02,Trinity,105,12862,387,326,63,389,3
2021-05-02,Tulare,107,460477,49271,48834,9349,58183,835
2021-05-02,Tuolumne,109,53932,4041,4038,35,4073,61
2021-05-02,Ventura,111,848112,80597,80284,3064,83348,1005
2021-05-02,Yolo,113,214977,13836,13799,301,14100,208
2021-05-02,Yuba,115,75493,5896,5879,123,6002,44
2021-05-01,Alameda,001,1643700,86831,86704,2004,88708,1270
2021-05-01,Alpine,003,1148,88,88,0,88,0
2021-05-01,Amador,005,37829,3651,3650,34,3684,46
2021-05-01,Butte,007,227075,12161,11845,1847,13692,198
2021-05-01,Calaveras,009,45235,2106,2096,14,2110,50
2021-05-01,Colusa,011,21464,1922,1931,302,2233,14
2021-05-01,Contra Costa,013,1133247,68250,67779,1289,69068,800
2021-05-01,Del Norte,015,27424,1318,1292,6,1298,6
2021-05-01,El Dorado,017,186661,10001,9944,737,10681,110
2021-05-01,Fresno,019,978130,101211,101326,8875,110201,1678
2021-05-01,Glenn,021,27897,2378,2369,555,2924,17
2021-05-01,Humboldt,023,135768,3879,3845,31,3876,36
2021-05-01,Imperial,025,180216,28192,28262,2850,31112,721
2021-05-01,Inyo,027,18085,1397,1397,4,1401,36
2021-05-01,Kern,029,883053,96245,95645,11041,106686,1299
2021-05-01,Kings,031,150075,22851,22797,1172,23969,246
2021-05-01,Lake,033,64148,3468,3441,9,3450,43
2021-05-01,Lassen,035,31185,5162,5142,108,5250,1
2021-05-01,Los Angeles,037,10098052,1197324,1192781,43446,1236227,23946
2021-05-01,Madera,039,155013,16446,16408,946,17354,235
2021-05-01,Marin,041,260295,13936,13902,256,14158,228
2021-05-01,Mariposa,043,17540,422,418,11,429,5
2021-05-01,Mendocino,045,87422,3841,3782,75,3857,46
2021-05-01,Merced,047,269075,30714,30771,988,31759,444
2021-05-01,Modoc,049,8938,369,361,122,483,3
2021-05-01,Mono,051,14174,1240,1258,12,1270,3
2021-05-01,Monterey,053,433212,42852,42828,1909,44737,379
2021-05-01,Napa,055,140530,9811,9800,33,9833,81
2021-05-01,Nevada,057,99092,4698,4625,193,4818,70
2021-05-01,Orange,059,3164182,253671,252969,11569,264538,4964
2021-05-01,Placer,061,380077,22672,22240,1479,23719,287
2021-05-01,Plumas,063,18699,687,675,11,686,4
2021-05-01,Riverside,065,2383286,289967,287129,14595,301724,4412
2021-05-01,Sacramento,067,1510023,103627,103043,1735,104778,1602
2021-05-01,San Benito,069,59416,6020,6030,117,6147,63
2021-05-01,San Bernardino,071,2135413,291291,290802,9338,300140,4652
2021-05-01,San Diego,073,3302833,277631,276367,14505,290872,3706
2021-05-01,San Francisco,075,870044,36256,36496,1360,37856,541
2021-05-01,San Joaquin,077,732212,71926,71389,3626,75015,1325
2021-05-01,San Luis Obispo,079,281455,20981,20896,752,21648,254
2021-05-01,San Mateo,081,765935,41960,41617,473,42090,411
2021-05-01,Santa Barbara,083,443738,34265,34085,1233,35318,453
2021-05-01,Santa Clara,085,1922200,117248,118265,776,119041,1988
2021-05-01,Santa Cruz,087,273765,16055,15984,873,16857,207
2021-05-01,Shasta,089,179085,11881,11878,1524,13402,197
2021-05-01,Sierra,091,2930,54,53,14,67,0
2021-05-01,Siskiyou,093,43540,1766,1653,327,1980,11
2021-05-01,Solano,095,438530,32202,32124,514,32638,249
2021-05-01,Sonoma,097,501317,29681,29835,327,30162,318
2021-05-01,Stanislaus,099,539301,55095,55005,6047,61052,774
2021-05-01,Sutter,101,95872,9361,9358,87,9445,110
2021-05-01,Tehama,103,63373,4954,4950,584,5534,53
2021-05-01,Trinity,105,12862,387,326,62,388,3
2021-05-01,Tulare,107,460477,49264,48818,9343,58161,835
2021-05-01,Tuolumne,109,53932,4035,4035,35,4070,61
2021-05-01,Ventura,111,848112,80579,80268,3064,83332,1005
2021-05-01,Yolo,113,214977,13829,13784,299,14083,208
2021-05-01,Yuba,115,75493,5894,5875,123,5998,44
2021-04-30,Alameda,001,1643700,86769,86602,2001,88603,1268
2021-04-30,Alpine,003,1148,88,88,0,88,0
2021-04-30,Amador,005,37829,3649,3650,34,3684,46
2021-04-30,Butte,007,227075,12142,11812,1843,13655,197
2021-04-30,Calaveras,009,45235,2105,2087,14,2101,50
2021-04-30,Colusa,011,21464,1922,1931,301,2232,14
2021-04-30,Contra Costa,013,1133247,68202,67684,1286,68970,800
2021-04-30,Del Norte,015,27424,1306,1276,6,1282,6
2021-04-30,El Dorado,017,186661,9987,9906,737,10643,110
2021-04-30,Fresno,019,978130,101165,101263,8871,110134,1670
2021-04-30,Glenn,021,27897,2377,2369,555,2924,17
2021-04-30,Humboldt,023,135768,3866,3834,31,3865,36
2021-04-30,Imperial,025,180216,28183,28244,2847,31091,721
2021-04-30,Inyo,027,18085,1397,1397,4,1401,36
2021-04-30,Kern,029,883053,96229,95605,11036,106641,1298
2021-04-30,Kings,031,150075,22848,22793,1171,23964,246
2021-04-30,Lake,033,64148,3464,3440,9,3449,43
2021-04-30,Lassen,035,31185,5161,5140,108,5248,1
2021-04-30,Los Angeles,037,10098052,1197117,1192393,43432,1235825,23919
2021-04-30,Madera,039,155013,16440,16395,946,17341,235
2021-04-30,Marin,041,260295,13928,13895,254,14149,228
2021-04-30,Mariposa,043,17540,422,417,11,428,5
2021-04-30,Mendocino,045,87422,3837,3777,75,3852,46
2021-04-30,Merced,047,269075,30701,30740,987,31727,444
2021-04-30,Modoc,049,8938,368,360,122,482,3
2021-04-30,Mono,051,14174,1240,1258,12,1270,3
2021-04-30,Monterey,053,433212,42838,42810,1908,44718,379
2021-04-30,Napa,055,140530,9807,9792,33,9825,81
2021-04-30,Nevada,057,99092,4690,4608,193,4801,70
2021-04-30,Orange,059,3164182,253616,252883,11563,264446,4956
2021-04-30,Placer,061,380077,22653,22190,1475,23665,287
2021-04-30,Plumas,063,18699,687,677,11,688,4
2021-04-30,Riverside,065,2383286,289913,287030,14588,301618,4412
2021-04-30,Sacramento,067,1510023,103526,102864,1731,104595,1596
2021-04-30,San Benito,069,59416,6016,6024,116,6140,63
2021-04-30,San Bernardino,071,2135413,291230,290704,9337,300041,4640
2021-04-30,San Diego,073,3302833,277537,276157,14494,290651,3702
2021-04-30,San Francisco,075,870044,36245,36453,1359,37812,538
2021-04-30,San Joaquin,077,732212,71875,71311,3623,74934,1306
2021-04-30,San Luis Obispo,079,281455,20975,20884,752,21636,255
2021-04-30,San Mateo,081,765935,41945,41583,472,42055,380
2021-04-30,Santa Barbara,083,443738,34252,34061,1233,35294,451
2021-04-30,Santa Clara,085,1922200,117190,118170,772,118942,1988
2021-04-30,Santa Cruz,087,273765,16050,15975,873,16848,207
2021-04-30,Shasta,089,179085,11860,11848,1521,13369,197
2021-04-30,Sierra,091,2930,54,53,14,67,0
2021-04-30,Siskiyou,093,43540,1755,1628,324,1952,11
2021-04-30,Solano,095,438530,32170,32050,511,32561,249
2021-04-30,Sonoma,097,501317,29671,29816,325,30141,318
2021-04-30,Stanislaus,099,539301,55044,54938,6044,60982,774
2021-04-30,Sutter,101,95872,9359,9353,87,9440,110
2021-04-30,Tehama,103,63373,4952,4944,584,5528,53
2021-04-30,Trinity,105,12862,387,326,62,388,3
2021-04-30,Tulare,107,460477,49255,48797,9326,58123,836
2021-04-30,Tuolumne,109,53932,4034,4033,35,4068,61
2021-04-30,Ventura,111,848112,80539,80232,3059,83291,1004
2021-04-30,Yolo,113,214977,13816,13756,299,14055,208
2021-04-30,Yuba,115,75493,5886,5870,123,5993,44
2021-04-29,Alameda,001,1643700,86704,86490,1998,88488,1263
2021-04-29,Alpine,003,1148,88,88,0,88,0
2021-04-29,Amador,005,37829,3649,3649,34,3683,46
2021-04-29,Butte,007,227075,12127,11787,1841,13628,196
2021-04-29,Calaveras,009,45235,2102,2082,14,2096,50
2021-04-29,Colusa,011,21464,1922,1929,301,2230,14
2021-04-29,Contra Costa,013,1133247,68147,67606,1283,68889,795
2021-04-29,Del Norte,015,27424,1302,1271,6,1277,6
2021-04-29,El Dorado,017,186661,9967,9884,734,10618,107
2021-04-29,Fresno,019,978130,101111,101189,8860,110049,1667
2021-04-29,Glenn,021,27897,2374,2369,555,2924,17
2021-04-29,Humboldt,023,135768,3852,3815,31,3846,36
2021-04-29,Imperial,025,180216,28171,28235,2846,31081,720
2021-04-29,Inyo,027,18085,1397,1396,4,1400,36
2021-04-29,Kern,029,883053,96196,95547,11032,106579,1295
2021-04-29,Kings,031,150075,22838,22777,1166,23943,245
2021-04-29,Lake,033,64148,3456,3438,9,3447,43
2021-04-29,Lassen,035,31185,5161,5140,108,5248,1
2021-04-29,Los Angeles,037,10098052,1196842,1192068,43411,1235479,23899
2021-04-29,Madera,039,155013,16435,16383,945,17328,235
2021-04-29,Marin,041,260295,13924,13884,246,14130,228
2021-04-29,Mariposa,043,17540,421,416,11,427,5
2021-04-29,Mendocino,045,87422,3831,3774,75,3849,46
2021-04-29,Merced,047,269075,30681,30706,987,31693,444
2021-04-29,Modoc,049,8938,368,360,122,482,3
2021-04-29,Mono,051,14174,1238,1259,12,1271,3
2021-04-29,Monterey,053,433212,42822,42797,1907,44704,379
2021-04-29,Napa,055,140530,9793,9789,33,9822,81
2021-04-29,Nevada,057,99092,4679,4590,193,4783,70
2021-04-29,Orange,059,3164182,253547,252823,11548,264371,4934
2021-04-29,Placer,061,380077,22628,22161,1473,23634,286
2021-04-29,Plumas,063,18699,686,676,11,687,4
2021-04-29,Riverside,065,2383286,289846,286947,14585,301532,4409
2021-04-29,Sacramento,067,1510023,103393,102686,1721,104407,1593
2021-04-29,San Benito,069,59416,6015,6023,116,6139,63
2021-04-29,San Bernardino,071,2135413,291158,290606,9332,299938,4609
2021-04-29,San Diego,073,3302833,277388,275961,14477,290438,3700
2021-04-29,San Francisco,075,870044,36219,36412,1359,37771,537
2021-04-29,San Joaquin,077,732212,71809,71225,3618,74843,1301
2021-04-29,San Luis Obispo,079,281455,20964,20876,752,21628,255
2021-04-29,San Mateo,081,765935,41917,41538,471,42009,358
2021-04-29,Santa Barbara,083,443738,34236,34039,1231,35270,448
2021-04-29,Santa Clara,085,1922200,117135,118082,770,118852,1984
2021-04-29,Santa Cruz,087,273765,16044,15961,873,16834,205
2021-04-29,Shasta,089,179085,11830,11836,1512,13348,193
2021-04-29,Sierra,091,2930,54,53,14,67,0
2021-04-29,Siskiyou,093,43540,1746,1615,321,1936,11
2021-04-29,Solano,095,438530,32130,32002,506,32508,248
2021-04-29,Sonoma,097,501317,29656,29785,322,30107,318
2021-04-29,Stanislaus,099,539301,54977,54836,6039,60875,774
2021-04-29,Sutter,101,95872,9352,9346,87,9433,110
2021-04-29,Tehama,103,63373,4944,4939,584,5523,53
2021-04-29,Trinity,105,12862,387,326,62,388,3
2021-04-29,Tulare,107,460477,49239,48785,9313,58098,832
2021-04-29,Tuolumne,109,53932,4033,4030,35,4065,58
2021-04-29,Ventura,111,848112,80505,80188,3057,83245,1002
2021-04-29,Yolo,113,214977,13796,13745,298,14043,205
2021-04-29,Yuba,115,75493,5876,5865,123,5988,44
2021-04-28,Alameda,001,1643700,86632,86390,1994,88384,1260
2021-04-28,Alpine,003,1148,88,88,0,88,0
2021-04-28,Amador,005,37829,3649,3646,34,3680,46
2021-04-28,Butte,007,227075,12107,11762,1836,13598,196
2021-04-28,Calaveras,009,45235,2098,2078,13,2091,50
2021-04-28,Colusa,011,21464,1919,1927,300,2227,14
2021-04-28,Contra Costa,013,1133247,68087,67539,1282,68821,795
2021-04-28,Del Norte,015,27424,1294,1267,6,1273,6
2021-04-28,El Dorado,017,186661,9943,9873,734,10607,107
2021-04-28,Fresno,019,978130,101064,101161,8849,110010,1666
2021-04-28,Glenn,021,27897,2371,2368,555,2923,17
2021-04-28,Humboldt,023,135768,3836,3796,31,3827,36
2021-04-28,Imperial,025,180216,28157,28177,2845,31022,720
2021-04-28,Inyo,027,18085,1397,1396,3,1399,36
2021-04-28,Kern,029,883053,96166,95494,11023,106517,1295
2021-04-28,Kings,031,150075,22827,22767,1163,23930,245
2021-04-28,Lake,033,64148,3453,3433,9,3442,43
2021-04-28,Lassen,035,31185,5161,5138,108,5246,1
2021-04-28,Los Angeles,037,10098052,1196546,1191729,43385,1235114,23858
2021-04-28,Madera,039,155013,16431,16372,945,17317,235
2021-04-28,Marin,041,260295,13913,13866,246,14112,227
2021-04-28,Mariposa,043,17540,418,415,11,426,5
2021-04-28,Mendocino,045,87422,3825,3770,73,3843,46
2021-04-28,Merced,047,269075,30662,30649,987,31636,443
2021-04-28,Modoc,049,8938,368,360,122,482,3
2021-04-28,Mono,051,14174,1238,1258,12,1270,3
2021-04-28,Monterey,053,433212,42817,42776,1907,44683,379
2021-04-28,Napa,055,140530,9782,9777,33,9810,81
2021-04-28,Nevada,057,99092,4660,4570,193,4763,70
2021-04-28,Orange,059,3164182,253469,252747,11533,264280,4931
2021-04-28,Placer,061,380077,22601,22115,1472,23587,285
2021-04-28,Plumas,063,18699,686,676,11,687,4
2021-04-28,Riverside,065,2383286,289790,286868,14580,301448,4407
2021-04-28,Sacramento,067,1510023,103272,102613,1717,104330,1591
2021-04-28,San Benito,069,59416,6013,6021,116,6137,63
2021-04-28,San Bernardino,071,2135413,291083,290548,9321,299869,4582
2021-04-28,San Diego,073,3302833,277233,275821,14463,290284,3698
2021-04-28,San Francisco,075,870044,36190,36382,1358,37740,534
2021-04-28,San Joaquin,077,732212,71729,71171,3610,74781,1301
2021-04-28,San Luis Obispo,079,281455,20956,20851,752,21603,255
2021-04-28,San Mateo,081,765935,41892,41498,469,41967,358
2021-04-28,Santa Barbara,083,443738,34222,34003,1231,35234,448
2021-04-28,Santa Clara,085,1922200,117066,117997,767,118764,1969
2021-04-28,Santa Cruz,087,273765,16040,15943,872,16815,205
2021-04-28,Shasta,089,179085,11815,11815,1504,13319,192
2021-04-28,Sierra,091,2930,54,51,14,65,0
2021-04-28,Siskiyou,093,43540,1733,1603,319,1922,11
2021-04-28,Solano,095,438530,32098,31982,502,32484,248
2021-04-28,Sonoma,097,501317,29642,29773,318,30091,318
2021-04-28,Stanislaus,099,539301,54922,54745,6035,60780,774
2021-04-28,Sutter,101,95872,9347,9343,87,9430,110
2021-04-28,Tehama,103,63373,4938,4930,583,5513,53
2021-04-28,Trinity,105,12862,387,326,62,388,3
2021-04-28,Tulare,107,460477,49222,48754,9297,58051,832
2021-04-28,Tuolumne,109,53932,4030,4029,35,4064,58
2021-04-28,Ventura,111,848112,80470,80172,3055,83227,1000
2021-04-28,Yolo,113,214977,13781,13721,297,14018,205
2021-04-28,Yuba,115,75493,5870,5857,123,5980,44
2021-04-27,Alameda,001,1643700,86533,86301,1989,88290,1260
2021-04-27,Alpine,003,1148,88,88,0,88,0
2021-04-27,Amador,005,37829,3649,3645,34,3679,46
2021-04-27,Butte,007,227075,12082,11738,1830,13568,196
2021-04-27,Calaveras,009,45235,2095,2076,13,2089,50
2021-04-27,Colusa,011,21464,1918,1926,300,2226,14
2021-04-27,Contra Costa,013,1133247,68018,67470,1278,68748,791
2021-04-27,Del Norte,015,27424,1282,1266,6,1272,6
2021-04-27,El Dorado,017,186661,9914,9866,731,10597,106
2021-04-27,Fresno,019,978130,101001,101138,8837,109975,1663
2021-04-27,Glenn,021,27897,2371,2368,555,2923,17
2021-04-27,Humboldt,023,135768,3824,3780,31,3811,35
2021-04-27,Imperial,025,180216,28141,28149,2839,30988,720
2021-04-27,Inyo,027,18085,1397,1396,3,1399,36
2021-04-27,Kern,029,883053,96111,95466,11010,106476,1295
2021-04-27,Kings,031,150075,22813,22759,1160,23919,244
2021-04-27,Lake,033,64148,3452,3431,9,3440,43
2021-04-27,Lassen,035,31185,5161,5137,108,5245,1
2021-04-27,Los Angeles,037,10098052,1196227,1191504,43354,1234858,23825
2021-04-27,Madera,039,155013,16424,16365,945,17310,235
2021-04-27,Marin,041,260295,13892,13855,245,14100,227
2021-04-27,Mariposa,043,17540,417,413,11,424,5
2021-04-27,Mendocino,045,87422,3821,3765,73,3838,46
2021-04-27,Merced,047,269075,30622,30620,987,31607,443
2021-04-27,Modoc,049,8938,367,360,122,482,3
2021-04-27,Mono,051,14174,1238,1257,12,1269,3
2021-04-27,Monterey,053,433212,42799,42752,1904,44656,379
2021-04-27,Napa,055,140530,9775,9774,33,9807,81
2021-04-27,Nevada,057,99092,4645,4557,193,4750,70
2021-04-27,Orange,059,3164182,253401,252667,11527,264194,4925
2021-04-27,Placer,061,380077,22570,22050,1469,23519,285
2021-04-27,Plumas,063,18699,685,675,11,686,4
2021-04-27,Riverside,065,2383286,289717,286820,14575,301395,4405
2021-04-27,Sacramento,067,1510023,103144,102595,1707,104302,1589
2021-04-27,San Benito,069,59416,6008,6016,116,6132,63
2021-04-27,San Bernardino,071,2135413,291015,290461,9316,299777,4575
2021-04-27,San Diego,073,3302833,277077,275685,14443,290128,3692
2021-04-27,San Francisco,075,870044,36162,36358,1357,37715,533
2021-04-27,San Joaquin,077,732212,71676,71104,3604,74708,1301
2021-04-27,San Luis Obispo,079,281455,20949,20841,752,21593,255
2021-04-27,San Mateo,081,765935,41857,41474,468,41942,358
2021-04-27,Santa Barbara,083,443738,34198,33973,1230,35203,448
2021-04-27,Santa Clara,085,1922200,117016,117945,766,118711,1969
2021-04-27,Santa Cruz,087,273765,16033,15905,871,16776,205
2021-04-27,Shasta,089,179085,11788,11802,1497,13299,192
2021-04-27,Sierra,091,2930,54,51,14,65,0
2021-04-27,Siskiyou,093,43540,1718,1597,318,1915,11
2021-04-27,Solano,095,438530,32050,31964,501,32465,248
2021-04-27,Sonoma,097,501317,29624,29761,317,30078,318
2021-04-27,Stanislaus,099,539301,54852,54695,6027,60722,752
2021-04-27,Sutter,101,95872,9342,9342,87,9429,110
2021-04-27,Tehama,103,63373,4935,4922,579,5501,53
2021-04-27,Trinity,105,12862,387,326,62,388,3
2021-04-27,Tulare,107,460477,49206,48744,9288,58032,832
2021-04-27,Tuolumne,109,53932,4027,4028,35,4063,58
2021-04-27,Ventura,111,848112,80441,80152,3053,83205,1000
2021-04-27,Yolo,113,214977,13768,13697,295,13992,205
2021-04-27,Yuba,115,75493,5870,5853,123,5976,44
2021-04-26,Alameda,001,1643700,86443,86230,1985,88215,1256
2021-04-26,Alpine,003,1148,88,88,0,88,0
2021-04-26,Amador,005,37829,3648,3645,34,3679,46
2021-04-26,Butte,007,227075,12058,11720,1826,13546,196
2021-04-26,Calaveras,009,45235,2086,2074,13,2087,50
2021-04-26,Colusa,011,21464,1918,1925,299,2224,14
2021-04-26,Contra Costa,013,1133247,67950,67392,1274,68666,789
2021-04-26,Del Norte,015,27424,1273,1263,6,1269,6
2021-04-26,El Dorado,017,186661,9893,9849,730,10579,106
2021-04-26,Fresno,019,978130,100946,101099,8824,109923,1662
2021-04-26,Glenn,021,27897,2369,2367,555,2922,17
2021-04-26,Humboldt,023,135768,3814,3764,30,3794,35
2021-04-26,Imperial,025,180216,28128,28148,2836,30984,720
2021-04-26,Inyo,027,18085,1396,1396,3,1399,36
2021-04-26,Kern,029,883053,96085,95429,11003,106432,1295
2021-04-26,Kings,031,150075,22810,22756,1157,23913,244
2021-04-26,Lake,033,64148,3447,3428,9,3437,43
2021-04-26,Lassen,035,31185,5161,5138,108,5246,1
2021-04-26,Los Angeles,037,10098052,1195904,1191253,43333,1234586,23802
2021-04-26,Madera,039,155013,16412,16353,944,17297,231
2021-04-26,Marin,041,260295,13877,13849,245,14094,227
2021-04-26,Mariposa,043,17540,416,410,11,421,5
2021-04-26,Mendocino,045,87422,3819,3757,73,3830,46
2021-04-26,Merced,047,269075,30605,30611,984,31595,443
2021-04-26,Modoc,049,8938,367,360,122,482,3
2021-04-26,Mono,051,14174,1238,1258,12,1270,3
2021-04-26,Monterey,053,433212,42783,42740,1903,44643,379
2021-04-26,Napa,055,140530,9763,9769,33,9802,79
2021-04-26,Nevada,057,99092,4624,4548,193,4741,70
2021-04-26,Orange,059,3164182,253316,252592,11516,264108,4919
2021-04-26,Placer,061,380077,22541,22032,1464,23496,285
2021-04-26,Plumas,063,18699,685,670,11,681,4
2021-04-26,Riverside,065,2383286,289657,286724,14566,301290,4401
2021-04-26,Sacramento,067,1510023,102973,102459,1693,104152,1587
2021-04-26,San Benito,069,59416,6006,6013,116,6129,63
2021-04-26,San Bernardino,071,2135413,290965,290394,9314,299708,4572
2021-04-26,San Diego,073,3302833,276903,275541,14415,289956,3692
2021-04-26,San Francisco,075,870044,36135,36330,1355,37685,532
2021-04-26,San Joaquin,077,732212,71610,71050,3596,74646,1301
2021-04-26,San Luis Obispo,079,281455,20941,20830,751,21581,255
2021-04-26,San Mateo,081,765935,41827,41457,468,41925,357
2021-04-26,Santa Barbara,083,443738,34167,33948,1230,35178,448
2021-04-26,Santa Clara,085,1922200,116917,117874,762,118636,1968
2021-04-26,Santa Cruz,087,273765,16024,15877,871,16748,205
2021-04-26,Shasta,089,179085,11771,11787,1490,13277,192
2021-04-26,Sierra,091,2930,53,51,14,65,0
2021-04-26,Siskiyou,093,43540,1708,1592,314,1906,11
2021-04-26,Solano,095,438530,32005,31913,499,32412,247
2021-04-26,Sonoma,097,501317,29601,29755,315,30070,318
2021-04-26,Stanislaus,099,539301,54762,54638,6021,60659,744
2021-04-26,Sutter,101,95872,9337,9328,87,9415,110
2021-04-26,Tehama,103,63373,4930,4920,576,5496,53
2021-04-26,Trinity,105,12862,387,326,62,388,3
2021-04-26,Tulare,107,460477,49186,48735,9279,58014,831
2021-04-26,Tuolumne,109,53932,4026,4024,35,4059,58
2021-04-26,Ventura,111,848112,80416,80137,3050,83187,999
2021-04-26,Yolo,113,214977,13748,13684,292,13976,205
2021-04-26,Yuba,115,75493,5868,5851,123,5974,44
2021-04-25,Alameda,001,1643700,86336,86162,1978,88140,1256
2021-04-25,Alpine,003,1148,88,87,0,87,0
2021-04-25,Amador,005,37829,3647,3643,34,3677,46
2021-04-25,Butte,007,227075,12029,11709,1819,13528,196
2021-04-25,Calaveras,009,45235,2080,2072,12,2084,50
2021-04-25,Colusa,011,21464,1917,1924,299,2223,14
2021-04-25,Contra Costa,013,1133247,67858,67316,1273,68589,789
2021-04-25,Del Norte,015,27424,1267,1259,6,1265,6
2021-04-25,El Dorado,017,186661,9877,9837,728,10565,106
2021-04-25,Fresno,019,978130,100888,101061,8811,109872,1662
2021-04-25,Glenn,021,27897,2369,2366,555,2921,17
2021-04-25,Humboldt,023,135768,3801,3751,30,3781,35
2021-04-25,Imperial,025,180216,28103,28136,2832,30968,720
2021-04-25,Inyo,027,18085,1396,1396,3,1399,36
2021-04-25,Kern,029,883053,96021,95398,10989,106387,1295
2021-04-25,Kings,031,150075,22796,22755,1155,23910,244
2021-04-25,Lake,033,64148,3445,3427,9,3436,43
2021-04-25,Lassen,035,31185,5159,5138,108,5246,1
2021-04-25,Los Angeles,037,10098052,1195573,1190970,43311,1234281,23799
2021-04-25,Madera,039,155013,16400,16346,944,17290,231
2021-04-25,Marin,041,260295,13868,13852,245,14097,227
2021-04-25,Mariposa,043,17540,416,410,11,421,5
2021-04-25,Mendocino,045,87422,3812,3757,73,3830,46
2021-04-25,Merced,047,269075,30570,30586,984,31570,443
2021-04-25,Modoc,049,8938,367,360,122,482,3
2021-04-25,Mono,051,14174,1238,1257,12,1269,3
2021-04-25,Monterey,053,433212,42770,42737,1901,44638,379
2021-04-25,Napa,055,140530,9758,9762,33,9795,79
2021-04-25,Nevada,057,99092,4612,4536,193,4729,70
2021-04-25,Orange,059,3164182,253238,252531,11509,264040,4919
2021-04-25,Placer,061,380077,22494,22011,1456,23467,285
2021-04-25,Plumas,063,18699,684,670,11,681,4
2021-04-25,Riverside,065,2383286,289564,286651,14560,301211,4401
2021-04-25,Sacramento,067,1510023,102805,102319,1683,104002,1587
2021-04-25,San Benito,069,59416,6004,6014,115,6129,63
2021-04-25,San Bernardino,071,2135413,290890,290357,9306,299663,4571
2021-04-25,San Diego,073,3302833,276690,275412,14382,289794,3692
2021-04-25,San Francisco,075,870044,36105,36310,1355,37665,532
2021-04-25,San Joaquin,077,732212,71515,70987,3586,74573,1301
2021-04-25,San Luis Obispo,079,281455,20922,20820,749,21569,255
2021-04-25,San Mateo,081,765935,41792,41465,467,41932,356
2021-04-25,Santa Barbara,083,443738,34141,33931,1230,35161,448
2021-04-25,Santa Clara,085,1922200,116838,117778,760,118538,1968
2021-04-25,Santa Cruz,087,273765,16018,15868,869,16737,205
2021-04-25,Shasta,089,179085,11748,11784,1485,13269,192
2021-04-25,Sierra,091,2930,53,51,14,65,0
2021-04-25,Siskiyou,093,43540,1697,1580,312,1892,11
2021-04-25,Solano,095,438530,31958,31864,491,32355,247
2021-04-25,Sonoma,097,501317,29583,29756,315,30071,318
2021-04-25,Stanislaus,099,539301,54667,54543,6012,60555,744
2021-04-25,Sutter,101,95872,9331,9326,87,9413,110
2021-04-25,Tehama,103,63373,4926,4916,574,5490,53
2021-04-25,Trinity,105,12862,387,326,62,388,3
2021-04-25,Tulare,107,460477,49171,48728,9265,57993,831
2021-04-25,Tuolumne,109,53932,4024,4022,35,4057,58
2021-04-25,Ventura,111,848112,80392,80110,3050,83160,999
2021-04-25,Yolo,113,214977,13726,13667,290,13957,205
2021-04-25,Yuba,115,75493,5865,5849,122,5971,44
2021-04-24,Alameda,001,1643700,86282,86016,1976,87992,1257
2021-04-24,Alpine,003,1148,88,86,0,86,0
2021-04-24,Amador,005,37829,3646,3640,34,3674,46
2021-04-24,Butte,007,227075,12013,11678,1817,13495,196
2021-04-24,Calaveras,009,45235,2077,2067,12,2079,50
2021-04-24,Colusa,011,21464,1916,1921,299,2220,14
2021-04-24,Contra Costa,013,1133247,67789,67222,1271,68493,789
2021-04-24,Del Norte,015,27424,1262,1255,6,1261,6
2021-04-24,El Dorado,017,186661,9866,9814,727,10541,106
2021-04-24,Fresno,019,978130,100857,100991,8805,109796,1662
2021-04-24,Glenn,021,27897,2369,2363,555,2918,17
2021-04-24,Humboldt,023,135768,3787,3722,30,3752,35
2021-04-24,Imperial,025,180216,28096,28124,2831,30955,720
2021-04-24,Inyo,027,18085,1395,1396,3,1399,36
2021-04-24,Kern,029,883053,96003,95365,10978,106343,1295
2021-04-24,Kings,031,150075,22793,22749,1155,23904,244
2021-04-24,Lake,033,64148,3444,3426,9,3435,43
2021-04-24,Lassen,035,31185,5158,5137,108,5245,1
2021-04-24,Los Angeles,037,10098052,1195351,1190603,43291,1233894,23802
2021-04-24,Madera,039,155013,16397,16338,944,17282,231
2021-04-24,Marin,041,260295,13860,13847,245,14092,227
2021-04-24,Mariposa,043,17540,416,409,11,420,5
2021-04-24,Mendocino,045,87422,3810,3754,72,3826,46
2021-04-24,Merced,047,269075,30550,30559,984,31543,443
2021-04-24,Modoc,049,8938,367,360,122,482,3
2021-04-24,Mono,051,14174,1238,1256,12,1268,3
2021-04-24,Monterey,053,433212,42758,42727,1900,44627,379
2021-04-24,Napa,055,140530,9752,9756,33,9789,79
2021-04-24,Nevada,057,99092,4605,4522,193,4715,70
2021-04-24,Orange,059,3164182,253194,252441,11503,263944,4910
2021-04-24,Placer,061,380077,22482,21983,1455,23438,285
2021-04-24,Plumas,063,18699,683,670,11,681,4
2021-04-24,Riverside,065,2383286,289496,286552,14556,301108,4400
2021-04-24,Sacramento,067,1510023,102722,102179,1676,103855,1587
2021-04-24,San Benito,069,59416,6002,6007,115,6122,63
2021-04-24,San Bernardino,071,2135413,290842,290264,9304,299568,4568
2021-04-24,San Diego,073,3302833,276586,275252,14362,289614,3688
2021-04-24,San Francisco,075,870044,36076,36285,1351,37636,532
2021-04-24,San Joaquin,077,732212,71472,70911,3582,74493,1301
2021-04-24,San Luis Obispo,079,281455,20912,20797,748,21545,255
2021-04-24,San Mateo,081,765935,41779,41424,465,41889,355
2021-04-24,Santa Barbara,083,443738,34126,33911,1229,35140,448
2021-04-24,Santa Clara,085,1922200,116783,117674,758,118432,1968
2021-04-24,Santa Cruz,087,273765,16010,15840,869,16709,205
2021-04-24,Shasta,089,179085,11730,11770,1482,13252,192
2021-04-24,Sierra,091,2930,53,51,14,65,0
2021-04-24,Siskiyou,093,43540,1687,1574,311,1885,11
2021-04-24,Solano,095,438530,31935,31821,489,32310,247
2021-04-24,Sonoma,097,501317,29581,29739,315,30054,318
2021-04-24,Stanislaus,099,539301,54618,54455,6009,60464,744
2021-04-24,Sutter,101,95872,9328,9316,87,9403,110
2021-04-24,Tehama,103,63373,4921,4907,574,5481,53
2021-04-24,Trinity,105,12862,387,326,62,388,3
2021-04-24,Tulare,107,460477,49160,48705,9255,57960,830
2021-04-24,Tuolumne,109,53932,4020,4020,35,4055,58
2021-04-24,Ventura,111,848112,80379,80097,3048,83145,999
2021-04-24,Yolo,113,214977,13715,13653,290,13943,205
2021-04-24,Yuba,115,75493,5863,5837,122,5959,44
2021-04-23,Alameda,001,1643700,86211,85935,1974,87909,1256
2021-04-23,Alpine,003,1148,87,86,0,86,0
2021-04-23,Amador,005,37829,3645,3637,34,3671,46
2021-04-23,Butte,007,227075,11992,11672,1812,13484,196
2021-04-23,Calaveras,009,45235,2075,2064,12,2076,50
2021-04-23,Colusa,011,21464,1915,1921,299,2220,14
2021-04-23,Contra Costa,013,1133247,67735,67164,1267,68431,785
2021-04-23,Del Norte,015,27424,1261,1254,6,1260,6
2021-04-23,El Dorado,017,186661,9849,9788,724,10512,106
2021-04-23,Fresno,019,978130,100817,100928,8798,109726,1662
2021-04-23,Glenn,021,27897,2369,2361,554,2915,17
2021-04-23,Humboldt,023,135768,3776,3698,30,3728,35
2021-04-23,Imperial,025,180216,28081,28108,2830,30938,720
2021-04-23,Inyo,027,18085,1395,1395,3,1398,36
2021-04-23,Kern,029,883053,95978,95330,10973,106303,1295
2021-04-23,Kings,031,150075,22790,22735,1155,23890,244
2021-04-23,Lake,033,64148,3442,3425,9,3434,43
2021-04-23,Lassen,035,31185,5158,5141,108,5249,1
2021-04-23,Los Angeles,037,10098052,1195089,1190264,43265,1233529,23785
2021-04-23,Madera,039,155013,16388,16328,944,17272,231
2021-04-23,Marin,041,260295,13855,13838,245,14083,227
2021-04-23,Mariposa,043,17540,415,405,11,416,5
2021-04-23,Mendocino,045,87422,3808,3745,71,3816,46
2021-04-23,Merced,047,269075,30532,30530,984,31514,443
2021-04-23,Modoc,049,8938,367,360,122,482,3
2021-04-23,Mono,051,14174,1236,1256,12,1268,3
2021-04-23,Monterey,053,433212,42752,42722,1900,44622,377
2021-04-23,Napa,055,140530,9746,9752,33,9785,79
2021-04-23,Nevada,057,99092,4596,4510,193,4703,70
2021-04-23,Orange,059,3164182,253151,252399,11496,263895,4904
2021-04-23,Placer,061,380077,22459,21959,1454,23413,282
2021-04-23,Plumas,063,18699,682,670,11,681,4
2021-04-23,Riverside,065,2383286,289439,286456,14551,301007,4399
2021-04-23,Sacramento,067,1510023,102635,102041,1673,103714,1586
2021-04-23,San Benito,069,59416,6000,6005,115,6120,63
2021-04-23,San Bernardino,071,2135413,290792,290189,9302,299491,4568
2021-04-23,San Diego,073,3302833,276447,275097,14339,289436,3684
2021-04-23,San Francisco,075,870044,36059,36252,1350,37602,532
2021-04-23,San Joaquin,077,732212,71416,70840,3579,74419,1295
2021-04-23,San Luis Obispo,079,281455,20903,20781,747,21528,255
2021-04-23,San Mateo,081,765935,41752,41386,465,41851,355
2021-04-23,Santa Barbara,083,443738,34116,33895,1227,35122,447
2021-04-23,Santa Clara,085,1922200,116722,117593,757,118350,1965
2021-04-23,Santa Cruz,087,273765,16003,15802,869,16671,205
2021-04-23,Shasta,089,179085,11723,11759,1481,13240,192
2021-04-23,Sierra,091,2930,53,51,14,65,0
2021-04-23,Siskiyou,093,43540,1675,1567,309,1876,11
2021-04-23,Solano,095,438530,31903,31784,485,32269,247
2021-04-23,Sonoma,097,501317,29568,29727,315,30042,318
2021-04-23,Stanislaus,099,539301,54555,54391,6001,60392,744
2021-04-23,Sutter,101,95872,9326,9312,87,9399,110
2021-04-23,Tehama,103,63373,4918,4906,574,5480,53
2021-04-23,Trinity,105,12862,387,326,62,388,3
2021-04-23,Tulare,107,460477,49143,48694,9247,57941,829
2021-04-23,Tuolumne,109,53932,4019,4020,35,4055,58
2021-04-23,Ventura,111,848112,80360,80095,3048,83143,996
2021-04-23,Yolo,113,214977,13704,13647,289,13936,205
2021-04-23,Yuba,115,75493,5860,5828,122,5950,44
2021-04-22,Alameda,001,1643700,86119,85829,1973,87802,1253
2021-04-22,Alpine,003,1148,87,86,0,86,0
2021-04-22,Amador,005,37829,3644,3633,34,3667,46
2021-04-22,Butte,007,227075,11978,11656,1809,13465,196
2021-04-22,Calaveras,009,45235,2073,2059,12,2071,50
2021-04-22,Colusa,011,21464,1913,1920,297,2217,14
2021-04-22,Contra Costa,013,1133247,67664,67029,1261,68290,782
2021-04-22,Del Norte,015,27424,1256,1252,6,1258,6
2021-04-22,El Dorado,017,186661,9838,9773,721,10494,106
2021-04-22,Fresno,019,978130,100773,100864,8786,109650,1657
2021-04-22,Glenn,021,27897,2368,2361,554,2915,17
2021-04-22,Humboldt,023,135768,3767,3680,30,3710,35
2021-04-22,Imperial,025,180216,28059,28096,2827,30923,720
2021-04-22,Inyo,027,18085,1394,1394,3,1397,36
2021-04-22,Kern,029,883053,95935,95292,10958,106250,1299
2021-04-22,Kings,031,150075,22780,22725,1155,23880,243
2021-04-22,Lake,033,64148,3440,3423,9,3432,43
2021-04-22,Lassen,035,31185,5158,5155,108,5263,1
2021-04-22,Los Angeles,037,10098052,1194772,1189878,43242,1233120,23762
2021-04-22,Madera,039,155013,16369,16316,944,17260,231
2021-04-22,Marin,041,260295,13847,13832,245,14077,227
2021-04-22,Mariposa,043,17540,414,403,11,414,5
2021-04-22,Mendocino,045,87422,3802,3729,71,3800,46
2021-04-22,Merced,047,269075,30497,30490,983,31473,443
2021-04-22,Modoc,049,8938,367,360,122,482,3
2021-04-22,Mono,051,14174,1236,1254,12,1266,3
2021-04-22,Monterey,053,433212,42745,42708,1898,44606,377
2021-04-22,Napa,055,140530,9736,9734,33,9767,79
2021-04-22,Nevada,057,99092,4587,4504,191,4695,70
2021-04-22,Orange,059,3164182,253080,252307,11484,263791,4898
2021-04-22,Placer,061,380077,22430,21916,1450,23366,282
2021-04-22,Plumas,063,18699,681,670,11,681,4
2021-04-22,Riverside,065,2383286,289346,286362,14542,300904,4398
2021-04-22,Sacramento,067,1510023,102487,101870,1663,103533,1585
2021-04-22,San Benito,069,59416,5996,5998,115,6113,63
2021-04-22,San Bernardino,071,2135413,290722,290125,9294,299419,4571
2021-04-22,San Diego,073,3302833,276281,275913,14317,290230,3684
2021-04-22,San Francisco,075,870044,36037,36218,1347,37565,532
2021-04-22,San Joaquin,077,732212,71357,70751,3573,74324,1295
2021-04-22,San Luis Obispo,079,281455,20889,20761,747,21508,255
2021-04-22,San Mateo,081,765935,41725,41345,463,41808,355
2021-04-22,Santa Barbara,083,443738,34093,33870,1226,35096,446
2021-04-22,Santa Clara,085,1922200,116634,117457,753,118210,1954
2021-04-22,Santa Cruz,087,273765,16000,15737,868,16605,205
2021-04-22,Shasta,089,179085,11708,11738,1478,13216,192
2021-04-22,Sierra,091,2930,53,51,14,65,0
2021-04-22,Siskiyou,093,43540,1671,1564,308,1872,11
2021-04-22,Solano,095,438530,31857,31731,482,32213,247
2021-04-22,Sonoma,097,501317,29553,29705,311,30016,318
2021-04-22,Stanislaus,099,539301,54482,54313,5995,60308,744
2021-04-22,Sutter,101,95872,9322,9302,87,9389,110
2021-04-22,Tehama,103,63373,4912,4896,570,5466,53
2021-04-22,Trinity,105,12862,387,326,62,388,3
2021-04-22,Tulare,107,460477,49124,48669,9237,57906,828
2021-04-22,Tuolumne,109,53932,4015,4020,35,4055,58
2021-04-22,Ventura,111,848112,80335,80073,3046,83119,996
2021-04-22,Yolo,113,214977,13683,13616,289,13905,205
2021-04-22,Yuba,115,75493,5849,5825,122,5947,44
2021-04-21,Alameda,001,1643700,86038,85762,1971,87733,1249
2021-04-21,Alpine,003,1148,87,86,0,86,0
2021-04-21,Amador,005,37829,3641,3632,34,3666,46
2021-04-21,Butte,007,227075,11958,11643,1807,13450,196
2021-04-21,Calaveras,009,45235,2062,2057,12,2069,50
2021-04-21,Colusa,011,21464,1911,1920,296,2216,14
2021-04-21,Contra Costa,013,1133247,67598,66981,1260,68241,782
2021-04-21,Del Norte,015,27424,1252,1252,6,1258,6
2021-04-21,El Dorado,017,186661,9821,9760,719,10479,106
2021-04-21,Fresno,019,978130,100717,100838,8780,109618,1654
2021-04-21,Glenn,021,27897,2367,2361,554,2915,17
2021-04-21,Humboldt,023,135768,3747,3642,30,3672,35
2021-04-21,Imperial,025,180216,28047,28052,2826,30878,719
2021-04-21,Inyo,027,18085,1394,1392,3,1395,36
2021-04-21,Kern,029,883053,95889,95257,10948,106205,1297
2021-04-21,Kings,031,150075,22773,22713,1154,23867,243
2021-04-21,Lake,033,64148,3437,3421,9,3430,43
2021-04-21,Lassen,035,31185,5157,5156,108,5264,1
2021-04-21,Los Angeles,037,10098052,1194436,1189530,43218,1232748,23729
2021-04-21,Madera,039,155013,16364,16309,944,17253,231
2021-04-21,Marin,041,260295,13832,13822,245,14067,227
2021-04-21,Mariposa,043,17540,413,402,11,413,5
2021-04-21,Mendocino,045,87422,3800,3729,71,3800,46
2021-04-21,Merced,047,269075,30476,30471,982,31453,442
2021-04-21,Modoc,049,8938,367,360,122,482,3
2021-04-21,Mono,051,14174,1236,1254,12,1266,3
2021-04-21,Monterey,053,433212,42730,42699,1896,44595,377
2021-04-21,Napa,055,140530,9730,9727,33,9760,79
2021-04-21,Nevada,057,99092,4573,4499,191,4690,70
2021-04-21,Orange,059,3164182,253005,252243,11471,263714,4889
2021-04-21,Placer,061,380077,22399,21896,1445,23341,282
2021-04-21,Plumas,063,18699,681,670,11,681,4
2021-04-21,Riverside,065,2383286,289254,286299,14535,300834,4388
2021-04-21,Sacramento,067,1510023,102360,101803,1657,103460,1579
2021-04-21,San Benito,069,59416,5993,5998,115,6113,63
2021-04-21,San Bernardino,071,2135413,290648,290049,9292,299341,4572
2021-04-21,San Diego,073,3302833,276073,275632,14279,289911,3681
2021-04-21,San Francisco,075,870044,36017,36194,1346,37540,529
2021-04-21,San Joaquin,077,732212,71303,70687,3562,74249,1295
2021-04-21,San Luis Obispo,079,281455,20874,20724,746,21470,255
2021-04-21,San Mateo,081,765935,41693,41318,462,41780,355
2021-04-21,Santa Barbara,083,443738,34074,33830,1225,35055,445
2021-04-21,Santa Clara,085,1922200,116558,117318,747,118065,1946
2021-04-21,Santa Cruz,087,273765,15991,15698,868,16566,204
2021-04-21,Shasta,089,179085,11689,11722,1476,13198,192
2021-04-21,Sierra,091,2930,53,51,14,65,0
2021-04-21,Siskiyou,093,43540,1664,1557,308,1865,11
2021-04-21,Solano,095,438530,31818,31712,481,32193,244
2021-04-21,Sonoma,097,501317,29541,29697,309,30006,318
2021-04-21,Stanislaus,099,539301,54421,54290,5989,60279,742
2021-04-21,Sutter,101,95872,9314,9297,87,9384,110
2021-04-21,Tehama,103,63373,4905,4893,569,5462,53
2021-04-21,Trinity,105,12862,387,326,62,388,3
2021-04-21,Tulare,107,460477,49109,48653,9224,57877,828
2021-04-21,Tuolumne,109,53932,4012,4019,35,4054,58
2021-04-21,Ventura,111,848112,80303,80039,3043,83082,996
2021-04-21,Yolo,113,214977,13663,13606,288,13894,200
2021-04-21,Yuba,115,75493,5842,5822,121,5943,44
2021-04-20,Alameda,001,1643700,85944,85652,1969,87621,1248
2021-04-20,Alpine,003,1148,86,85,0,85,0
2021-04-20,Amador,005,37829,3640,3631,34,3665,46
2021-04-20,Butte,007,227075,11939,11619,1805,13424,196
2021-04-20,Calaveras,009,45235,2060,2053,12,2065,50
2021-04-20,Colusa,011,21464,1911,1915,295,2210,14
2021-04-20,Contra Costa,013,1133247,67514,66889,1257,68146,782
2021-04-20,Del Norte,015,27424,1251,1250,6,1256,6
2021-04-20,El Dorado,017,186661,9793,9743,717,10460,106
2021-04-20,Fresno,019,978130,100659,100768,8770,109538,1650
2021-04-20,Glenn,021,27897,2365,2359,553,2912,17
2021-04-20,Humboldt,023,135768,3726,3612,30,3642,35
2021-04-20,Imperial,025,180216,28028,28024,2823,30847,719
2021-04-20,Inyo,027,18085,1394,1393,3,1396,36
2021-04-20,Kern,029,883053,95853,95223,10931,106154,1295
2021-04-20,Kings,031,150075,22767,22693,1151,23844,243
2021-04-20,Lake,033,64148,3435,3418,9,3427,43
2021-04-20,Lassen,035,31185,5157,5155,108,5263,1
2021-04-20,Los Angeles,037,10098052,1194093,1189256,43188,1232444,23694
2021-04-20,Madera,039,155013,16358,16301,944,17245,231
2021-04-20,Marin,041,260295,13818,13807,245,14052,227
2021-04-20,Mariposa,043,17540,412,402,11,413,5
2021-04-20,Mendocino,045,87422,3799,3726,71,3797,46
2021-04-20,Merced,047,269075,30448,30439,982,31421,441
2021-04-20,Modoc,049,8938,367,359,122,481,3
2021-04-20,Mono,051,14174,1235,1254,12,1266,3
2021-04-20,Monterey,053,433212,42719,42663,1893,44556,363
2021-04-20,Napa,055,140530,9726,9711,33,9744,79
2021-04-20,Nevada,057,99092,4556,4485,190,4675,70
2021-04-20,Orange,059,3164182,252916,252134,11459,263593,4887
2021-04-20,Placer,061,380077,22365,21846,1441,23287,282
2021-04-20,Plumas,063,18699,680,670,11,681,4
2021-04-20,Riverside,065,2383286,289161,286194,14529,300723,4388
2021-04-20,Sacramento,067,1510023,102222,101629,1649,103278,1574
2021-04-20,San Benito,069,59416,5990,5988,115,6103,63
2021-04-20,San Bernardino,071,2135413,290569,289905,9289,299194,4569
2021-04-20,San Diego,073,3302833,275843,275369,14246,289615,3674
2021-04-20,San Francisco,075,870044,35998,36117,1345,37462,529
2021-04-20,San Joaquin,077,732212,71230,70590,3553,74143,1289
2021-04-20,San Luis Obispo,079,281455,20851,20691,738,21429,254
2021-04-20,San Mateo,081,765935,41662,41251,462,41713,355
2021-04-20,Santa Barbara,083,443738,34056,33803,1225,35028,445
2021-04-20,Santa Clara,085,1922200,116461,117228,742,117970,1944
2021-04-20,Santa Cruz,087,273765,15979,15647,868,16515,204
2021-04-20,Shasta,089,179085,11673,11677,1473,13150,189
2021-04-20,Sierra,091,2930,53,51,14,65,0
2021-04-20,Siskiyou,093,43540,1656,1551,307,1858,10
2021-04-20,Solano,095,438530,31763,31673,477,32150,243
2021-04-20,Sonoma,097,501317,29532,29676,307,29983,311
2021-04-20,Stanislaus,099,539301,54356,54236,5976,60212,735
2021-04-20,Sutter,101,95872,9310,9279,87,9366,109
2021-04-20,Tehama,103,63373,4900,4887,568,5455,52
2021-04-20,Trinity,105,12862,387,326,62,388,3
2021-04-20,Tulare,107,460477,49089,48650,9213,57863,831
2021-04-20,Tuolumne,109,53932,4012,4014,35,4049,58
2021-04-20,Ventura,111,848112,80275,80018,3041,83059,995
2021-04-20,Yolo,113,214977,13644,13581,286,13867,200
2021-04-20,Yuba,115,75493,5832,5814,121,5935,44
2021-04-19,Alameda,001,1643700,85822,85583,1966,87549,1247
2021-04-19,Alpine,003,1148,86,85,0,85,0
2021-04-19,Amador,005,37829,3639,3629,34,3663,46
2021-04-19,Butte,007,227075,11920,11601,1800,13401,196
2021-04-19,Calaveras,009,45235,2057,2050,12,2062,50
2021-04-19,Colusa,011,21464,1911,1913,294,2207,14
2021-04-19,Contra Costa,013,1133247,67437,66833,1254,68087,782
2021-04-19,Del Norte,015,27424,1249,1247,6,1253,6
2021-04-19,El Dorado,017,186661,9777,9726,712,10438,106
2021-04-19,Fresno,019,978130,100591,100702,8758,109460,1646
2021-04-19,Glenn,021,27897,2365,2358,552,2910,17
2021-04-19,Humboldt,023,135768,3706,3602,28,3630,35
2021-04-19,Imperial,025,180216,28007,27995,2823,30818,719
2021-04-19,Inyo,027,18085,1394,1392,3,1395,36
2021-04-19,Kern,029,883053,95823,95162,10916,106078,1290
2021-04-19,Kings,031,150075,22751,22688,1151,23839,243
2021-04-19,Lake,033,64148,3434,3416,9,3425,43
2021-04-19,Lassen,035,31185,5156,5156,108,5264,1
2021-04-19,Los Angeles,037,10098052,1193717,1188945,43161,1232106,23666
2021-04-19,Madera,039,155013,16347,16289,943,17232,231
2021-04-19,Marin,041,260295,13807,13804,244,14048,226
2021-04-19,Mariposa,043,17540,411,401,11,412,5
2021-04-19,Mendocino,045,87422,3797,3722,71,3793,46
2021-04-19,Merced,047,269075,30419,30422,981,31403,441
2021-04-19,Modoc,049,8938,367,359,122,481,3
2021-04-19,Mono,051,14174,1234,1254,12,1266,3
2021-04-19,Monterey,053,433212,42706,42642,1888,44530,356
2021-04-19,Napa,055,140530,9718,9680,33,9713,79
2021-04-19,Nevada,057,99092,4540,4477,190,4667,70
2021-04-19,Orange,059,3164182,252798,252013,11445,263458,4883
2021-04-19,Placer,061,380077,22342,21814,1437,23251,282
2021-04-19,Plumas,063,18699,680,665,11,676,4
2021-04-19,Riverside,065,2383286,289069,286087,14519,300606,4371
2021-04-19,Sacramento,067,1510023,102088,101482,1637,103119,1572
2021-04-19,San Benito,069,59416,5982,5989,115,6104,63
2021-04-19,San Bernardino,071,2135413,290485,289738,9282,299020,4561
2021-04-19,San Diego,073,3302833,275595,275113,14213,289326,3674
2021-04-19,San Francisco,075,870044,35963,36094,1342,37436,529
2021-04-19,San Joaquin,077,732212,71151,70514,3545,74059,1289
2021-04-19,San Luis Obispo,079,281455,20825,20669,732,21401,254
2021-04-19,San Mateo,081,765935,41629,41226,461,41687,355
2021-04-19,Santa Barbara,083,443738,34042,33786,1225,35011,446
2021-04-19,Santa Clara,085,1922200,116350,117099,738,117837,1944
2021-04-19,Santa Cruz,087,273765,15967,15600,868,16468,204
2021-04-19,Shasta,089,179085,11658,11662,1465,13127,189
2021-04-19,Sierra,091,2930,53,51,14,65,0
2021-04-19,Siskiyou,093,43540,1646,1544,307,1851,10
2021-04-19,Solano,095,438530,31725,31643,472,32115,239
2021-04-19,Sonoma,097,501317,29513,29667,307,29974,311
2021-04-19,Stanislaus,099,539301,54280,54179,5972,60151,728
2021-04-19,Sutter,101,95872,9299,9269,87,9356,109
2021-04-19,Tehama,103,63373,4895,4878,568,5446,52
2021-04-19,Trinity,105,12862,387,326,62,388,3
2021-04-19,Tulare,107,460477,49073,48630,9200,57830,831
2021-04-19,Tuolumne,109,53932,4011,4010,35,4045,58
2021-04-19,Ventura,111,848112,80249,80000,3039,83039,996
2021-04-19,Yolo,113,214977,13632,13572,283,13855,200
2021-04-19,Yuba,115,75493,5825,5804,120,5924,44
2021-04-18,Alameda,001,1643700,85708,85481,1958,87439,1247
2021-04-18,Alpine,003,1148,86,85,0,85,0
2021-04-18,Amador,005,37829,3636,3627,34,3661,46
2021-04-18,Butte,007,227075,11902,11591,1795,13386,196
2021-04-18,Calaveras,009,45235,2053,2047,12,2059,50
2021-04-18,Colusa,011,21464,1907,1912,293,2205,14
2021-04-18,Contra Costa,013,1133247,67333,66750,1249,67999,782
2021-04-18,Del Norte,015,27424,1249,1240,6,1246,6
2021-04-18,El Dorado,017,186661,9754,9710,710,10420,106
2021-04-18,Fresno,019,978130,100534,100621,8752,109373,1646
2021-04-18,Glenn,021,27897,2360,2358,552,2910,17
2021-04-18,Humboldt,023,135768,3678,3590,28,3618,35
2021-04-18,Imperial,025,180216,27992,27991,2818,30809,719
2021-04-18,Inyo,027,18085,1393,1392,3,1395,36
2021-04-18,Kern,029,883053,95788,95129,10899,106028,1290
2021-04-18,Kings,031,150075,22742,22685,1151,23836,243
2021-04-18,Lake,033,64148,3433,3413,9,3422,43
2021-04-18,Lassen,035,31185,5153,5156,108,5264,1
2021-04-18,Los Angeles,037,10098052,1193266,1188620,43134,1231754,23648
2021-04-18,Madera,039,155013,16336,16277,942,17219,231
2021-04-18,Marin,041,260295,13800,13801,243,14044,226
2021-04-18,Mariposa,043,17540,410,400,10,410,5
2021-04-18,Mendocino,045,87422,3794,3722,71,3793,46
2021-04-18,Merced,047,269075,30382,30405,979,31384,441
2021-04-18,Modoc,049,8938,367,359,122,481,3
2021-04-18,Mono,051,14174,1234,1254,12,1266,3
2021-04-18,Monterey,053,433212,42694,42638,1887,44525,356
2021-04-18,Napa,055,140530,9702,9674,33,9707,79
2021-04-18,Nevada,057,99092,4525,4464,190,4654,70
2021-04-18,Orange,059,3164182,252683,251940,11437,263377,4883
2021-04-18,Placer,061,380077,22299,21783,1430,23213,282
2021-04-18,Plumas,063,18699,679,665,11,676,4
2021-04-18,Riverside,065,2383286,288980,286043,14514,300557,4371
2021-04-18,Sacramento,067,1510023,101913,101354,1631,102985,1572
2021-04-18,San Benito,069,59416,5980,5989,115,6104,63
2021-04-18,San Bernardino,071,2135413,290392,289691,9273,298964,4556
2021-04-18,San Diego,073,3302833,275316,274961,14178,289139,3674
2021-04-18,San Francisco,075,870044,35928,36073,1338,37411,525
2021-04-18,San Joaquin,077,732212,71070,70466,3536,74002,1289
2021-04-18,San Luis Obispo,079,281455,20804,20656,725,21381,254
2021-04-18,San Mateo,081,765935,41600,41201,460,41661,352
2021-04-18,Santa Barbara,083,443738,34008,33769,1224,34993,446
2021-04-18,Santa Clara,085,1922200,116222,116996,723,117719,1944
2021-04-18,Santa Cruz,087,273765,15957,15580,867,16447,204
2021-04-18,Shasta,089,179085,11637,11658,1462,13120,189
2021-04-18,Sierra,091,2930,53,51,14,65,0
2021-04-18,Siskiyou,093,43540,1635,1538,305,1843,10
2021-04-18,Solano,095,438530,31675,31606,471,32077,239
2021-04-18,Sonoma,097,501317,29497,29660,305,29965,311
2021-04-18,Stanislaus,099,539301,54200,54132,5963,60095,728
2021-04-18,Sutter,101,95872,9285,9261,87,9348,109
2021-04-18,Tehama,103,63373,4886,4877,567,5444,52
2021-04-18,Trinity,105,12862,387,326,62,388,3
2021-04-18,Tulare,107,460477,49061,48618,9194,57812,829
2021-04-18,Tuolumne,109,53932,4010,4008,34,4042,58
2021-04-18,Ventura,111,848112,80219,79984,3035,83019,996
2021-04-18,Yolo,113,214977,13620,13562,281,13843,200
2021-04-18,Yuba,115,75493,5818,5804,120,5924,44
2021-04-17,Alameda,001,1643700,85635,85367,1954,87321,1247
2021-04-17,Alpine,003,1148,86,85,0,85,0
2021-04-17,Amador,005,37829,3634,3625,34,3659,46
2021-04-17,Butte,007,227075,11882,11573,1791,13364,196
2021-04-17,Calaveras,009,45235,2050,2045,12,2057,50
2021-04-17,Colusa,011,21464,1907,1912,293,2205,14
2021-04-17,Contra Costa,013,1133247,67285,66657,1241,67898,782
2021-04-17,Del Norte,015,27424,1249,1238,6,1244,6
2021-04-17,El Dorado,017,186661,9739,9692,707,10399,106
2021-04-17,Fresno,019,978130,100502,100562,8745,109307,1646
2021-04-17,Glenn,021,27897,2360,2357,552,2909,17
2021-04-17,Humboldt,023,135768,3655,3579,28,3607,35
2021-04-17,Imperial,025,180216,27981,27987,2817,30804,719
2021-04-17,Inyo,027,18085,1390,1392,3,1395,36
2021-04-17,Kern,029,883053,95770,95102,10895,105997,1290
2021-04-17,Kings,031,150075,22737,22678,1150,23828,243
2021-04-17,Lake,033,64148,3432,3409,9,3418,43
2021-04-17,Lassen,035,31185,5153,5154,108,5262,1
2021-04-17,Los Angeles,037,10098052,1193011,1188262,43101,1231363,23653
2021-04-17,Madera,039,155013,16332,16260,941,17201,231
2021-04-17,Marin,041,260295,13796,13797,242,14039,226
2021-04-17,Mariposa,043,17540,409,398,10,408,5
2021-04-17,Mendocino,045,87422,3791,3721,71,3792,46
2021-04-17,Merced,047,269075,30367,30392,977,31369,441
2021-04-17,Modoc,049,8938,367,357,122,479,3
2021-04-17,Mono,051,14174,1234,1253,12,1265,3
2021-04-17,Monterey,053,433212,42685,42630,1885,44515,356
2021-04-17,Napa,055,140530,9698,9666,33,9699,79
2021-04-17,Nevada,057,99092,4517,4457,190,4647,70
2021-04-17,Orange,059,3164182,252614,251873,11425,263298,4878
2021-04-17,Placer,061,380077,22276,21736,1425,23161,282
2021-04-17,Plumas,063,18699,678,666,11,677,4
2021-04-17,Riverside,065,2383286,288911,285963,14506,300469,4371
2021-04-17,Sacramento,067,1510023,101804,101172,1619,102791,1572
2021-04-17,San Benito,069,59416,5974,5986,115,6101,63
2021-04-17,San Bernardino,071,2135413,290337,289624,9270,298894,4555
2021-04-17,San Diego,073,3302833,275169,274812,14144,288956,3674
2021-04-17,San Francisco,075,870044,35907,36032,1335,37367,523
2021-04-17,San Joaquin,077,732212,71031,70372,3525,73897,1288
2021-04-17,San Luis Obispo,079,281455,20793,20642,720,21362,254
2021-04-17,San Mateo,081,765935,41577,41157,460,41617,352
2021-04-17,Santa Barbara,083,443738,33977,33738,1222,34960,446
2021-04-17,Santa Clara,085,1922200,116131,116887,720,117607,1944
2021-04-17,Santa Cruz,087,273765,15951,15571,867,16438,204
2021-04-17,Shasta,089,179085,11622,11647,1461,13108,189
2021-04-17,Sierra,091,2930,53,51,14,65,0
2021-04-17,Siskiyou,093,43540,1630,1539,304,1843,10
2021-04-17,Solano,095,438530,31644,31541,468,32009,239
2021-04-17,Sonoma,097,501317,29490,29637,305,29942,311
2021-04-17,Stanislaus,099,539301,54163,54058,5958,60016,728
2021-04-17,Sutter,101,95872,9279,9252,87,9339,109
2021-04-17,Tehama,103,63373,4880,4875,566,5441,52
2021-04-17,Trinity,105,12862,387,326,62,388,3
2021-04-17,Tulare,107,460477,49049,48603,9190,57793,829
2021-04-17,Tuolumne,109,53932,4008,4005,34,4039,58
2021-04-17,Ventura,111,848112,80199,79964,3035,82999,996
2021-04-17,Yolo,113,214977,13610,13580,281,13861,200
2021-04-17,Yuba,115,75493,5813,5802,119,5921,44
2021-04-16,Alameda,001,1643700,85555,85243,1952,87195,1245
2021-04-16,Alpine,003,1148,86,85,0,85,0
2021-04-16,Amador,005,37829,3629,3621,34,3655,46
2021-04-16,Butte,007,227075,11870,11549,1789,13338,196
2021-04-16,Calaveras,009,45235,2048,2042,12,2054,50
2021-04-16,Colusa,011,21464,1905,1911,293,2204,14
2021-04-16,Contra Costa,013,1133247,67230,66569,1238,67807,782
2021-04-16,Del Norte,015,27424,1248,1237,6,1243,6
2021-04-16,El Dorado,017,186661,9719,9665,703,10368,106
2021-04-16,Fresno,019,978130,100453,100500,8738,109238,1643
2021-04-16,Glenn,021,27897,2360,2355,552,2907,17
2021-04-16,Humboldt,023,135768,3634,3570,27,3597,35
2021-04-16,Imperial,025,180216,27971,27962,2816,30778,719
2021-04-16,Inyo,027,18085,1390,1392,3,1395,36
2021-04-16,Kern,029,883053,95741,95066,10892,105958,1288
2021-04-16,Kings,031,150075,22734,22667,1148,23815,243
2021-04-16,Lake,033,64148,3426,3406,9,3415,43
2021-04-16,Lassen,035,31185,5152,5155,108,5263,1
2021-04-16,Los Angeles,037,10098052,1192713,1187818,43062,1230880,23627
2021-04-16,Madera,039,155013,16327,16250,939,17189,231
2021-04-16,Marin,041,260295,13793,13788,242,14030,226
2021-04-16,Mariposa,043,17540,408,396,9,405,5
2021-04-16,Mendocino,045,87422,3789,3719,71,3790,46
2021-04-16,Merced,047,269075,30352,30355,977,31332,438
2021-04-16,Modoc,049,8938,367,355,122,477,3
2021-04-16,Mono,051,14174,1234,1253,12,1265,3
2021-04-16,Monterey,053,433212,42674,42620,1883,44503,351
2021-04-16,Napa,055,140530,9690,9653,33,9686,79
2021-04-16,Nevada,057,99092,4508,4443,190,4633,70
2021-04-16,Orange,059,3164182,252551,251770,11416,263186,4873
2021-04-16,Placer,061,380077,22249,21680,1419,23099,282
2021-04-16,Plumas,063,18699,677,665,11,676,4
2021-04-16,Riverside,065,2383286,288835,285818,14504,300322,4369
2021-04-16,Sacramento,067,1510023,101708,100993,1614,102607,1572
2021-04-16,San Benito,069,59416,5972,5982,115,6097,63
2021-04-16,San Bernardino,071,2135413,290290,289424,9268,298692,4550
2021-04-16,San Diego,073,3302833,275015,274567,14126,288693,3662
2021-04-16,San Francisco,075,870044,35882,35993,1331,37324,517
2021-04-16,San Joaquin,077,732212,70965,70280,3516,73796,1288
2021-04-16,San Luis Obispo,079,281455,20781,20623,719,21342,253
2021-04-16,San Mateo,081,765935,41548,41107,459,41566,352
2021-04-16,Santa Barbara,083,443738,33959,33703,1222,34925,446
2021-04-16,Santa Clara,085,1922200,116031,116693,717,117410,1941
2021-04-16,Santa Cruz,087,273765,15949,15539,867,16406,204
2021-04-16,Shasta,089,179085,11610,11623,1459,13082,189
2021-04-16,Sierra,091,2930,53,51,14,65,0
2021-04-16,Siskiyou,093,43540,1626,1530,302,1832,10
2021-04-16,Solano,095,438530,31605,31470,465,31935,239
2021-04-16,Sonoma,097,501317,29479,29617,305,29922,311
2021-04-16,Stanislaus,099,539301,54115,53983,5956,59939,728
2021-04-16,Sutter,101,95872,9273,9247,87,9334,109
2021-04-16,Tehama,103,63373,4879,4866,566,5432,52
2021-04-16,Trinity,105,12862,387,326,62,388,3
2021-04-16,Tulare,107,460477,49038,48583,9187,57770,830
2021-04-16,Tuolumne,109,53932,4005,4005,34,4039,58
2021-04-16,Ventura,111,848112,80174,79942,3030,82972,994
2021-04-16,Yolo,113,214977,13597,13559,279,13838,198
2021-04-16,Yuba,115,75493,5810,5795,118,5913,44
2021-04-15,Alameda,001,1643700,85449,85089,1950,87039,1246
2021-04-15,Alpine,003,1148,86,85,0,85,0
2021-04-15,Amador,005,37829,3628,3616,34,3650,46
2021-04-15,Butte,007,227075,11855,11529,1785,13314,196
2021-04-15,Calaveras,009,45235,2047,2039,12,2051,50
2021-04-15,Colusa,011,21464,1903,1909,292,2201,14
2021-04-15,Contra Costa,013,1133247,67156,66480,1234,67714,781
2021-04-15,Del Norte,015,27424,1241,1235,6,1241,6
2021-04-15,El Dorado,017,186661,9706,9639,701,10340,106
2021-04-15,Fresno,019,978130,100394,100431,8731,109162,1642
2021-04-15,Glenn,021,27897,2360,2354,552,2906,17
2021-04-15,Humboldt,023,135768,3612,3561,27,3588,35
2021-04-15,Imperial,025,180216,27943,27920,2813,30733,718
2021-04-15,Inyo,027,18085,1390,1393,3,1396,36
2021-04-15,Kern,029,883053,95709,94989,10877,105866,1289
2021-04-15,Kings,031,150075,22720,22648,1148,23796,242
2021-04-15,Lake,033,64148,3425,3399,9,3408,43
2021-04-15,Lassen,035,31185,5151,5152,108,5260,1
2021-04-15,Los Angeles,037,10098052,1192320,1187274,43022,1230296,23598
2021-04-15,Madera,039,155013,16312,16234,939,17173,231
2021-04-15,Marin,041,260295,13789,13783,241,14024,226
2021-04-15,Mariposa,043,17540,406,395,9,404,5
2021-04-15,Mendocino,045,87422,3788,3714,71,3785,46
2021-04-15,Merced,047,269075,30326,30325,976,31301,437
2021-04-15,Modoc,049,8938,367,355,122,477,3
2021-04-15,Mono,051,14174,1233,1253,12,1265,3
2021-04-15,Monterey,053,433212,42664,42604,1881,44485,347
2021-04-15,Napa,055,140530,9682,9645,33,9678,79
2021-04-15,Nevada,057,99092,4496,4434,189,4623,70
2021-04-15,Orange,059,3164182,252456,251679,11403,263082,4857
2021-04-15,Placer,061,380077,22220,21614,1412,23026,281
2021-04-15,Plumas,063,18699,675,665,11,676,4
2021-04-15,Riverside,065,2383286,288735,285698,14497,300195,4363
2021-04-15,Sacramento,067,1510023,101578,100782,1600,102382,1570
2021-04-15,San Benito,069,59416,5969,5969,114,6083,63
2021-04-15,San Bernardino,071,2135413,290203,289288,9260,298548,4544
2021-04-15,San Diego,073,3302833,274769,274250,14067,288317,3653
2021-04-15,San Francisco,075,870044,35864,35947,1328,37275,510
2021-04-15,San Joaquin,077,732212,70884,70189,3508,73697,1288
2021-04-15,San Luis Obispo,079,281455,20765,20591,716,21307,253
2021-04-15,San Mateo,081,765935,41509,41050,458,41508,352
2021-04-15,Santa Barbara,083,443738,33941,33672,1218,34890,446
2021-04-15,Santa Clara,085,1922200,115925,116602,713,117315,1927
2021-04-15,Santa Cruz,087,273765,15939,15509,867,16376,203
2021-04-15,Shasta,089,179085,11596,11597,1455,13052,191
2021-04-15,Sierra,091,2930,53,51,14,65,0
2021-04-15,Siskiyou,093,43540,1620,1524,302,1826,10
2021-04-15,Solano,095,438530,31567,31394,464,31858,239
2021-04-15,Sonoma,097,501317,29465,29587,305,29892,311
2021-04-15,Stanislaus,099,539301,54061,53918,5948,59866,728
2021-04-15,Sutter,101,95872,9266,9237,87,9324,109
2021-04-15,Tehama,103,63373,4877,4854,565,5419,52
2021-04-15,Trinity,105,12862,387,326,62,388,3
2021-04-15,Tulare,107,460477,49017,48556,9187,57743,829
2021-04-15,Tuolumne,109,53932,4005,4003,34,4037,57
2021-04-15,Ventura,111,848112,80155,79917,3028,82945,989
2021-04-15,Yolo,113,214977,13578,13547,277,13824,198
2021-04-15,Yuba,115,75493,5807,5788,118,5906,44
2021-04-14,Alameda,001,1643700,85351,85009,1949,86958,1247
2021-04-14,Alpine,003,1148,86,85,0,85,0
2021-04-14,Amador,005,37829,3627,3613,34,3647,46
2021-04-14,Butte,007,227075,11842,11513,1784,13297,196
2021-04-14,Calaveras,009,45235,2045,2037,12,2049,50
2021-04-14,Colusa,011,21464,1903,1905,292,2197,14
2021-04-14,Contra Costa,013,1133247,67070,66400,1228,67628,781
2021-04-14,Del Norte,015,27424,1241,1228,6,1234,6
2021-04-14,El Dorado,017,186661,9691,9625,696,10321,106
2021-04-14,Fresno,019,978130,100337,100376,8718,109094,1640
2021-04-14,Glenn,021,27897,2360,2353,552,2905,17
2021-04-14,Humboldt,023,135768,3591,3551,26,3577,35
2021-04-14,Imperial,025,180216,27922,27907,2810,30717,718
2021-04-14,Inyo,027,18085,1390,1392,3,1395,36
2021-04-14,Kern,029,883053,95684,94947,10870,105817,1287
2021-04-14,Kings,031,150075,22711,22641,1146,23787,243
2021-04-14,Lake,033,64148,3420,3396,9,3405,43
2021-04-14,Lassen,035,31185,5150,5151,108,5259,1
2021-04-14,Los Angeles,037,10098052,1191925,1186821,42973,1229794,23579
2021-04-14,Madera,039,155013,16303,16218,939,17157,231
2021-04-14,Marin,041,260295,13787,13768,240,14008,226
2021-04-14,Mariposa,043,17540,405,394,9,403,5
2021-04-14,Mendocino,045,87422,3783,3711,71,3782,46
2021-04-14,Merced,047,269075,30308,30296,976,31272,436
2021-04-14,Modoc,049,8938,367,355,122,477,3
2021-04-14,Mono,051,14174,1233,1252,12,1264,3
2021-04-14,Monterey,053,433212,42648,42595,1877,44472,347
2021-04-14,Napa,055,140530,9671,9643,33,9676,79
2021-04-14,Nevada,057,99092,4489,4421,189,4610,70
2021-04-14,Orange,059,3164182,252350,251568,11383,262951,4849
2021-04-14,Placer,061,380077,22187,21575,1411,22986,280
2021-04-14,Plumas,063,18699,675,665,11,676,4
2021-04-14,Riverside,065,2383286,288627,285583,14491,300074,4358
2021-04-14,Sacramento,067,1510023,101403,100645,1586,102231,1570
2021-04-14,San Benito,069,59416,5967,5960,114,6074,62
2021-04-14,San Bernardino,071,2135413,290136,289078,9257,298335,4523
2021-04-14,San Diego,073,3302833,274558,273969,14038,288007,3648
2021-04-14,San Francisco,075,870044,35826,35898,1327,37225,510
2021-04-14,San Joaquin,077,732212,70814,70095,3502,73597,1288
2021-04-14,San Luis Obispo,079,281455,20742,20561,706,21267,253
2021-04-14,San Mateo,081,765935,41469,40982,455,41437,352
2021-04-14,Santa Barbara,083,443738,33912,33650,1218,34868,445
2021-04-14,Santa Clara,085,1922200,115808,116488,710,117198,1922
2021-04-14,Santa Cruz,087,273765,15929,15481,867,16348,203
2021-04-14,Shasta,089,179085,11570,11581,1453,13034,190
2021-04-14,Sierra,091,2930,53,51,14,65,0
2021-04-14,Siskiyou,093,43540,1612,1518,301,1819,10
2021-04-14,Solano,095,438530,31515,31357,456,31813,239
2021-04-14,Sonoma,097,501317,29457,29572,303,29875,311
2021-04-14,Stanislaus,099,539301,53990,53836,5939,59775,727
2021-04-14,Sutter,101,95872,9258,9230,87,9317,106
2021-04-14,Tehama,103,63373,4872,4853,563,5416,52
2021-04-14,Trinity,105,12862,387,326,62,388,3
2021-04-14,Tulare,107,460477,48991,48527,9184,57711,827
2021-04-14,Tuolumne,109,53932,4004,3997,34,4031,57
2021-04-14,Ventura,111,848112,80119,79891,3026,82917,986
2021-04-14,Yolo,113,214977,13562,13530,275,13805,198
2021-04-14,Yuba,115,75493,5805,5778,118,5896,44
2021-04-13,Alameda,001,1643700,85245,84921,1944,86865,1239
2021-04-13,Alpine,003,1148,86,85,0,85,0
2021-04-13,Amador,005,37829,3624,3609,34,3643,46
2021-04-13,Butte,007,227075,11824,11497,1781,13278,196
2021-04-13,Calaveras,009,45235,2042,2035,12,2047,50
2021-04-13,Colusa,011,21464,1901,1905,290,2195,14
2021-04-13,Contra Costa,013,1133247,66980,66304,1228,67532,778
2021-04-13,Del Norte,015,27424,1236,1221,6,1227,6
2021-04-13,El Dorado,017,186661,9665,9609,694,10303,106
2021-04-13,Fresno,019,978130,100257,100357,8712,109069,1636
2021-04-13,Glenn,021,27897,2359,2351,552,2903,17
2021-04-13,Humboldt,023,135768,3574,3540,26,3566,35
2021-04-13,Imperial,025,180216,27904,27887,2801,30688,718
2021-04-13,Inyo,027,18085,1390,1391,3,1394,36
2021-04-13,Kern,029,883053,95640,94908,10858,105766,1285
2021-04-13,Kings,031,150075,22695,22636,1145,23781,243
2021-04-13,Lake,033,64148,3417,3390,9,3399,43
2021-04-13,Lassen,035,31185,5149,5147,108,5255,1
2021-04-13,Los Angeles,037,10098052,1191475,1186482,42927,1229409,23526
2021-04-13,Madera,039,155013,16293,16207,937,17144,231
2021-04-13,Marin,041,260295,13779,13760,239,13999,224
2021-04-13,Mariposa,043,17540,404,394,6,400,5
2021-04-13,Mendocino,045,87422,3777,3702,71,3773,46
2021-04-13,Merced,047,269075,30277,30276,974,31250,435
2021-04-13,Modoc,049,8938,367,355,122,477,3
2021-04-13,Mono,051,14174,1233,1251,12,1263,3
2021-04-13,Monterey,053,433212,42637,42577,1877,44454,347
2021-04-13,Napa,055,140530,9661,9627,33,9660,79
2021-04-13,Nevada,057,99092,4477,4415,189,4604,69
2021-04-13,Orange,059,3164182,252254,251491,11365,262856,4836
2021-04-13,Placer,061,380077,22150,21534,1408,22942,280
2021-04-13,Plumas,063,18699,674,665,11,676,4
2021-04-13,Riverside,065,2383286,288510,285505,14484,299989,4348
2021-04-13,Sacramento,067,1510023,101229,100551,1581,102132,1569
2021-04-13,San Benito,069,59416,5964,5946,114,6060,62
2021-04-13,San Bernardino,071,2135413,290021,288929,9251,298180,4521
2021-04-13,San Diego,073,3302833,274304,273709,14003,287712,3623
2021-04-13,San Francisco,075,870044,35790,35869,1323,37192,506
2021-04-13,San Joaquin,077,732212,70706,70034,3494,73528,1288
2021-04-13,San Luis Obispo,079,281455,20715,20536,696,21232,253
2021-04-13,San Mateo,081,765935,41424,40955,455,41410,353
2021-04-13,Santa Barbara,083,443738,33890,33613,1215,34828,444
2021-04-13,Santa Clara,085,1922200,115679,116363,708,117071,1923
2021-04-13,Santa Cruz,087,273765,15922,15449,867,16316,203
2021-04-13,Shasta,089,179085,11550,11536,1450,12986,189
2021-04-13,Sierra,091,2930,53,51,14,65,0
2021-04-13,Siskiyou,093,43540,1604,1511,297,1808,10
2021-04-13,Solano,095,438530,31467,31335,452,31787,239
2021-04-13,Sonoma,097,501317,29449,29544,302,29846,311
2021-04-13,Stanislaus,099,539301,53918,53797,5929,59726,722
2021-04-13,Sutter,101,95872,9254,9226,87,9313,106
2021-04-13,Tehama,103,63373,4865,4850,560,5410,52
2021-04-13,Trinity,105,12862,387,326,62,388,3
2021-04-13,Tulare,107,460477,48979,48511,9180,57691,825
2021-04-13,Tuolumne,109,53932,4002,3995,34,4029,57
2021-04-13,Ventura,111,848112,80087,79854,3024,82878,986
2021-04-13,Yolo,113,214977,13550,13516,274,13790,198
2021-04-13,Yuba,115,75493,5796,5776,118,5894,44
2021-04-12,Alameda,001,1643700,85142,84817,1942,86759,1238
2021-04-12,Alpine,003,1148,86,85,0,85,0
2021-04-12,Amador,005,37829,3623,3607,34,3641,46
2021-04-12,Butte,007,227075,11809,11488,1777,13265,193
2021-04-12,Calaveras,009,45235,2040,2033,12,2045,50
2021-04-12,Colusa,011,21464,1899,1904,288,2192,14
2021-04-12,Contra Costa,013,1133247,66899,66176,1228,67404,777
2021-04-12,Del Norte,015,27424,1233,1216,6,1222,6
2021-04-12,El Dorado,017,186661,9648,9588,692,10280,106
2021-04-12,Fresno,019,978130,100196,100277,8688,108965,1633
2021-04-12,Glenn,021,27897,2358,2349,552,2901,17
2021-04-12,Humboldt,023,135768,3560,3533,25,3558,35
2021-04-12,Imperial,025,180216,27874,27851,2796,30647,717
2021-04-12,Inyo,027,18085,1390,1390,3,1393,36
2021-04-12,Kern,029,883053,95605,94861,10846,105707,1283
2021-04-12,Kings,031,150075,22687,22621,1144,23765,241
2021-04-12,Lake,033,64148,3413,3380,9,3389,43
2021-04-12,Lassen,035,31185,5148,5147,108,5255,1
2021-04-12,Los Angeles,037,10098052,1190980,1186145,42885,1229030,23505
2021-04-12,Madera,039,155013,16282,16174,934,17108,231
2021-04-12,Marin,041,260295,13767,13751,236,13987,224
2021-04-12,Mariposa,043,17540,403,394,6,400,5
2021-04-12,Mendocino,045,87422,3776,3699,71,3770,46
2021-04-12,Merced,047,269075,30245,30261,972,31233,435
2021-04-12,Modoc,049,8938,365,352,122,474,3
2021-04-12,Mono,051,14174,1233,1251,12,1263,3
2021-04-12,Monterey,053,433212,42623,42555,1875,44430,346
2021-04-12,Napa,055,140530,9647,9603,33,9636,80
2021-04-12,Nevada,057,99092,4466,4408,189,4597,69
2021-04-12,Orange,059,3164182,252168,251350,11344,262694,4826
2021-04-12,Placer,061,380077,22102,21475,1403,22878,278
2021-04-12,Plumas,063,18699,672,666,11,677,4
2021-04-12,Riverside,065,2383286,288403,285361,14478,299839,4336
2021-04-12,Sacramento,067,1510023,101054,100394,1576,101970,1566
2021-04-12,San Benito,069,59416,5956,5942,113,6055,62
2021-04-12,San Bernardino,071,2135413,289914,288736,9239,297975,4493
2021-04-12,San Diego,073,3302833,274045,273431,13974,287405,3621
2021-04-12,San Francisco,075,870044,35757,35841,1321,37162,506
2021-04-12,San Joaquin,077,732212,70635,69968,3485,73453,1288
2021-04-12,San Luis Obispo,079,281455,20671,20515,682,21197,253
2021-04-12,San Mateo,081,765935,41382,40920,451,41371,353
2021-04-12,Santa Barbara,083,443738,33859,33606,1215,34821,444
2021-04-12,Santa Clara,085,1922200,115551,116252,706,116958,1923
2021-04-12,Santa Cruz,087,273765,15903,15406,867,16273,203
2021-04-12,Shasta,089,179085,11533,11509,1446,12955,189
2021-04-12,Sierra,091,2930,53,51,14,65,0
2021-04-12,Siskiyou,093,43540,1593,1511,295,1806,7
2021-04-12,Solano,095,438530,31426,31305,449,31754,238
2021-04-12,Sonoma,097,501317,29421,29500,302,29802,310
2021-04-12,Stanislaus,099,539301,53853,53722,5922,59644,707
2021-04-12,Sutter,101,95872,9243,9221,87,9308,106
2021-04-12,Tehama,103,63373,4856,4834,556,5390,52
2021-04-12,Trinity,105,12862,387,324,62,386,3
2021-04-12,Tulare,107,460477,48959,48495,9170,57665,824
2021-04-12,Tuolumne,109,53932,3998,3993,34,4027,57
2021-04-12,Ventura,111,848112,80054,79818,3022,82840,985
2021-04-12,Yolo,113,214977,13536,13510,273,13783,198
2021-04-12,Yuba,115,75493,5790,5773,118,5891,43
2021-04-11,Alameda,001,1643700,85005,84756,1937,86693,1238
2021-04-11,Alpine,003,1148,86,85,0,85,0
2021-04-11,Amador,005,37829,3621,3605,34,3639,46
2021-04-11,Butte,007,227075,11774,11487,1774,13261,193
2021-04-11,Calaveras,009,45235,2035,2036,12,2048,50
2021-04-11,Colusa,011,21464,1898,1904,287,2191,14
2021-04-11,Contra Costa,013,1133247,66790,66107,1225,67332,777
2021-04-11,Del Norte,015,27424,1227,1214,6,1220,6
2021-04-11,El Dorado,017,186661,9634,9575,689,10264,106
2021-04-11,Fresno,019,978130,100130,100230,8676,108906,1633
2021-04-11,Glenn,021,27897,2354,2348,551,2899,17
2021-04-11,Humboldt,023,135768,3551,3523,25,3548,35
2021-04-11,Imperial,025,180216,27850,27841,2794,30635,717
2021-04-11,Inyo,027,18085,1390,1390,3,1393,36
2021-04-11,Kern,029,883053,95546,94830,10837,105667,1283
2021-04-11,Kings,031,150075,22678,22618,1141,23759,241
2021-04-11,Lake,033,64148,3409,3377,9,3386,43
2021-04-11,Lassen,035,31185,5144,5147,108,5255,1
2021-04-11,Los Angeles,037,10098052,1190471,1185757,42841,1228598,23503
2021-04-11,Madera,039,155013,16264,16166,932,17098,231
2021-04-11,Marin,041,260295,13761,13741,234,13975,226
2021-04-11,Mariposa,043,17540,403,394,6,400,5
2021-04-11,Mendocino,045,87422,3774,3696,71,3767,46
2021-04-11,Merced,047,269075,30207,30249,971,31220,435
2021-04-11,Modoc,049,8938,364,352,120,472,3
2021-04-11,Mono,051,14174,1232,1250,12,1262,3
2021-04-11,Monterey,053,433212,42616,42547,1868,44415,346
2021-04-11,Napa,055,140530,9636,9592,33,9625,80
2021-04-11,Nevada,057,99092,4452,4394,189,4583,69
2021-04-11,Orange,059,3164182,252043,251233,11331,262564,4826
2021-04-11,Placer,061,380077,22045,21458,1398,22856,278
2021-04-11,Plumas,063,18699,672,666,11,677,4
2021-04-11,Riverside,065,2383286,288275,285269,14467,299736,4336
2021-04-11,Sacramento,067,1510023,100885,100296,1563,101859,1566
2021-04-11,San Benito,069,59416,5948,5941,112,6053,62
2021-04-11,San Bernardino,071,2135413,289803,288686,9232,297918,4492
2021-04-11,San Diego,073,3302833,273748,273287,13916,287203,3621
2021-04-11,San Francisco,075,870044,35721,35815,1318,37133,498
2021-04-11,San Joaquin,077,732212,70547,69939,3474,73413,1288
2021-04-11,San Luis Obispo,079,281455,20645,20501,679,21180,253
2021-04-11,San Mateo,081,765935,41324,40901,450,41351,353
2021-04-11,Santa Barbara,083,443738,33825,33591,1214,34805,444
2021-04-11,Santa Clara,085,1922200,115416,116161,703,116864,1923
2021-04-11,Santa Cruz,087,273765,15891,15382,867,16249,203
2021-04-11,Shasta,089,179085,11489,11504,1445,12949,189
2021-04-11,Sierra,091,2930,53,51,14,65,0
2021-04-11,Siskiyou,093,43540,1587,1509,291,1800,7
2021-04-11,Solano,095,438530,31374,31268,445,31713,238
2021-04-11,Sonoma,097,501317,29395,29496,298,29794,310
2021-04-11,Stanislaus,099,539301,53771,53683,5912,59595,707
2021-04-11,Sutter,101,95872,9234,9222,87,9309,106
2021-04-11,Tehama,103,63373,4853,4832,554,5386,52
2021-04-11,Trinity,105,12862,387,324,62,386,3
2021-04-11,Tulare,107,460477,48945,48479,9163,57642,824
2021-04-11,Tuolumne,109,53932,3996,3993,34,4027,57
2021-04-11,Ventura,111,848112,80008,79800,3015,82815,985
2021-04-11,Yolo,113,214977,13515,13496,271,13767,198
2021-04-11,Yuba,115,75493,5780,5768,118,5886,43
2021-04-10,Alameda,001,1643700,84940,84626,1937,86563,1238
2021-04-10,Alpine,003,1148,86,85,0,85,0
2021-04-10,Amador,005,37829,3619,3603,34,3637,46
2021-04-10,Butte,007,227075,11763,11482,1773,13255,193
2021-04-10,Calaveras,009,45235,2035,2032,12,2044,50
2021-04-10,Colusa,011,21464,1898,1902,287,2189,14
2021-04-10,Contra Costa,013,1133247,66729,66001,1222,67223,778
2021-04-10,Del Norte,015,27424,1224,1212,6,1218,6
2021-04-10,El Dorado,017,186661,9622,9549,686,10235,106
2021-04-10,Fresno,019,978130,100097,100135,8669,108804,1633
2021-04-10,Glenn,021,27897,2354,2343,551,2894,17
2021-04-10,Humboldt,023,135768,3541,3508,25,3533,35
2021-04-10,Imperial,025,180216,27836,27816,2794,30610,717
2021-04-10,Inyo,027,18085,1390,1387,3,1390,36
2021-04-10,Kern,029,883053,95532,94802,10831,105633,1284
2021-04-10,Kings,031,150075,22674,22614,1139,23753,241
2021-04-10,Lake,033,64148,3404,3368,9,3377,43
2021-04-10,Lassen,035,31185,5144,5146,107,5253,1
2021-04-10,Los Angeles,037,10098052,1190201,1185246,42821,1228067,23493
2021-04-10,Madera,039,155013,16256,16143,931,17074,231
2021-04-10,Marin,041,260295,13756,13731,234,13965,226
2021-04-10,Mariposa,043,17540,400,393,6,399,5
2021-04-10,Mendocino,045,87422,3772,3696,71,3767,46
2021-04-10,Merced,047,269075,30187,30225,970,31195,435
2021-04-10,Modoc,049,8938,364,352,120,472,3
2021-04-10,Mono,051,14174,1232,1249,12,1261,3
2021-04-10,Monterey,053,433212,42605,42527,1867,44394,346
2021-04-10,Napa,055,140530,9629,9569,33,9602,79
2021-04-10,Nevada,057,99092,4445,4379,189,4568,69
2021-04-10,Orange,059,3164182,251950,251139,11323,262462,4818
2021-04-10,Placer,061,380077,22014,21402,1392,22794,278
2021-04-10,Plumas,063,18699,672,666,11,677,4
2021-04-10,Riverside,065,2383286,288196,285082,14459,299541,4336
2021-04-10,Sacramento,067,1510023,100783,100048,1561,101609,1566
2021-04-10,San Benito,069,59416,5937,5932,111,6043,62
2021-04-10,San Bernardino,071,2135413,289739,288590,9225,297815,4489
2021-04-10,San Diego,073,3302833,273532,273058,13897,286955,3613
2021-04-10,San Francisco,075,870044,35691,35774,1314,37088,498
2021-04-10,San Joaquin,077,732212,70512,69852,3464,73316,1288
2021-04-10,San Luis Obispo,079,281455,20630,20461,677,21138,253
2021-04-10,San Mateo,081,765935,41291,40878,450,41328,350
2021-04-10,Santa Barbara,083,443738,33797,33541,1212,34753,444
2021-04-10,Santa Clara,085,1922200,115320,116015,702,116717,1923
2021-04-10,Santa Cruz,087,273765,15885,15360,867,16227,203
2021-04-10,Shasta,089,179085,11481,11492,1441,12933,189
2021-04-10,Sierra,091,2930,53,51,14,65,0
2021-04-10,Siskiyou,093,43540,1584,1512,291,1803,7
2021-04-10,Solano,095,438530,31340,31218,441,31659,238
2021-04-10,Sonoma,097,501317,29380,29469,297,29766,310
2021-04-10,Stanislaus,099,539301,53737,53596,5905,59501,707
2021-04-10,Sutter,101,95872,9232,9214,87,9301,106
2021-04-10,Tehama,103,63373,4851,4820,552,5372,52
2021-04-10,Trinity,105,12862,387,324,62,386,3
2021-04-10,Tulare,107,460477,48936,48470,9157,57627,824
2021-04-10,Tuolumne,109,53932,3993,3991,34,4025,57
2021-04-10,Ventura,111,848112,79980,79758,3013,82771,985
2021-04-10,Yolo,113,214977,13506,13494,270,13764,198
2021-04-10,Yuba,115,75493,5777,5757,117,5874,43
2021-04-09,Alameda,001,1643700,84867,84404,1929,86333,1237
2021-04-09,Alpine,003,1148,86,85,0,85,0
2021-04-09,Amador,005,37829,3618,3600,34,3634,46
2021-04-09,Butte,007,227075,11753,11454,1772,13226,193
2021-04-09,Calaveras,009,45235,2034,2028,12,2040,50
2021-04-09,Colusa,011,21464,1898,1898,287,2185,14
2021-04-09,Contra Costa,013,1133247,66636,65857,1216,67073,777
2021-04-09,Del Norte,015,27424,1223,1207,6,1213,6
2021-04-09,El Dorado,017,186661,9599,9528,682,10210,106
2021-04-09,Fresno,019,978130,100063,100027,8664,108691,1630
2021-04-09,Glenn,021,27897,2354,2337,551,2888,17
2021-04-09,Humboldt,023,135768,3531,3496,25,3521,35
2021-04-09,Imperial,025,180216,27821,27764,2792,30556,717
2021-04-09,Inyo,027,18085,1389,1386,3,1389,36
2021-04-09,Kern,029,883053,95494,94675,10829,105504,1282
2021-04-09,Kings,031,150075,22665,22595,1136,23731,242
2021-04-09,Lake,033,64148,3400,3362,9,3371,43
2021-04-09,Lassen,035,31185,5144,5140,107,5247,1
2021-04-09,Los Angeles,037,10098052,1189834,1184501,42789,1227290,23458
2021-04-09,Madera,039,155013,16253,16118,931,17049,231
2021-04-09,Marin,041,260295,13749,13721,234,13955,226
2021-04-09,Mariposa,043,17540,400,393,6,399,5
2021-04-09,Mendocino,045,87422,3770,3693,71,3764,46
2021-04-09,Merced,047,269075,30158,30179,969,31148,435
2021-04-09,Modoc,049,8938,363,352,120,472,3
2021-04-09,Mono,051,14174,1232,1247,12,1259,3
2021-04-09,Monterey,053,433212,42596,42481,1863,44344,344
2021-04-09,Napa,055,140530,9610,9574,33,9607,80
2021-04-09,Nevada,057,99092,4437,4373,189,4562,69
2021-04-09,Orange,059,3164182,251876,250852,11318,262170,4813
2021-04-09,Placer,061,380077,21983,21327,1384,22711,278
2021-04-09,Plumas,063,18699,671,666,11,677,4
2021-04-09,Riverside,065,2383286,288113,284562,14453,299015,4325
2021-04-09,Sacramento,067,1510023,100630,99722,1553,101275,1564
2021-04-09,San Benito,069,59416,5932,5925,110,6035,62
2021-04-09,San Bernardino,071,2135413,289670,288000,9222,297222,4467
2021-04-09,San Diego,073,3302833,273334,272697,13855,286552,3600
2021-04-09,San Francisco,075,870044,35649,35716,1309,37025,497
2021-04-09,San Joaquin,077,732212,70449,69675,3452,73127,1281
2021-04-09,San Luis Obispo,079,281455,20617,20427,676,21103,252
2021-04-09,San Mateo,081,765935,41255,40800,449,41249,350
2021-04-09,Santa Barbara,083,443738,33774,33424,1209,34633,444
2021-04-09,Santa Clara,085,1922200,115236,115749,700,116449,1923
2021-04-09,Santa Cruz,087,273765,15880,15331,867,16198,203
2021-04-09,Shasta,089,179085,11471,11478,1438,12916,188
2021-04-09,Sierra,091,2930,53,51,14,65,0
2021-04-09,Siskiyou,093,43540,1581,1510,290,1800,7
2021-04-09,Solano,095,438530,31307,31166,436,31602,238
2021-04-09,Sonoma,097,501317,29367,29433,297,29730,310
2021-04-09,Stanislaus,099,539301,53682,53504,5896,59400,705
2021-04-09,Sutter,101,95872,9225,9201,87,9288,106
2021-04-09,Tehama,103,63373,4845,4806,552,5358,52
2021-04-09,Trinity,105,12862,386,324,62,386,3
2021-04-09,Tulare,107,460477,48932,48430,9151,57581,824
2021-04-09,Tuolumne,109,53932,3992,3986,34,4020,57
2021-04-09,Ventura,111,848112,79952,79698,3013,82711,987
2021-04-09,Yolo,113,214977,13495,13478,268,13746,198
2021-04-09,Yuba,115,75493,5770,5754,117,5871,43
2021-04-08,Alameda,001,1643700,84765,84213,1925,86138,1232
2021-04-08,Alpine,003,1148,86,85,0,85,0
2021-04-08,Amador,005,37829,3614,3595,34,3629,46
2021-04-08,Butte,007,227075,11742,11414,1771,13185,193
2021-04-08,Calaveras,009,45235,2032,2027,12,2039,50
2021-04-08,Colusa,011,21464,1897,1897,287,2184,14
2021-04-08,Contra Costa,013,1133247,66527,65706,1213,66919,775
2021-04-08,Del Norte,015,27424,1217,1201,6,1207,6
2021-04-08,El Dorado,017,186661,9583,9513,676,10189,106
2021-04-08,Fresno,019,978130,100000,99935,8657,108592,1627
2021-04-08,Glenn,021,27897,2352,2337,551,2888,17
2021-04-08,Humboldt,023,135768,3521,3486,25,3511,35
2021-04-08,Imperial,025,180216,27794,27744,2789,30533,713
2021-04-08,Inyo,027,18085,1388,1386,3,1389,36
2021-04-08,Kern,029,883053,95449,94493,10816,105309,1281
2021-04-08,Kings,031,150075,22659,22589,1133,23722,243
2021-04-08,Lake,033,64148,3393,3360,9,3369,43
2021-04-08,Lassen,035,31185,5143,5136,107,5243,1
2021-04-08,Los Angeles,037,10098052,1189336,1184443,42750,1227193,23416
2021-04-08,Madera,039,155013,16241,16103,931,17034,231
2021-04-08,Marin,041,260295,13742,13704,234,13938,226
2021-04-08,Mariposa,043,17540,399,393,6,399,5
2021-04-08,Mendocino,045,87422,3768,3690,71,3761,45
2021-04-08,Merced,047,269075,30136,30163,969,31132,430
2021-04-08,Modoc,049,8938,363,352,120,472,3
2021-04-08,Mono,051,14174,1230,1247,12,1259,3
2021-04-08,Monterey,053,433212,42575,42437,1858,44295,342
2021-04-08,Napa,055,140530,9593,9569,33,9602,80
2021-04-08,Nevada,057,99092,4426,4367,189,4556,69
2021-04-08,Orange,059,3164182,251769,250529,11302,261831,4797
2021-04-08,Placer,061,380077,21942,21258,1375,22633,277
2021-04-08,Plumas,063,18699,671,665,11,676,4
2021-04-08,Riverside,065,2383286,288002,283853,14448,298301,4296
2021-04-08,Sacramento,067,1510023,100491,99319,1541,100860,1561
2021-04-08,San Benito,069,59416,5929,5914,108,6022,62
2021-04-08,San Bernardino,071,2135413,289572,287190,9219,296409,4445
2021-04-08,San Diego,073,3302833,273105,272495,13819,286314,3592
2021-04-08,San Francisco,075,870044,35626,35657,1308,36965,494
2021-04-08,San Joaquin,077,732212,70379,69479,3446,72925,1279
2021-04-08,San Luis Obispo,079,281455,20598,20402,673,21075,252
2021-04-08,San Mateo,081,765935,41215,40749,449,41198,350
2021-04-08,Santa Barbara,083,443738,33750,33309,1208,34517,444
2021-04-08,Santa Clara,085,1922200,115130,115487,699,116186,1905
2021-04-08,Santa Cruz,087,273765,15874,15296,867,16163,203
2021-04-08,Shasta,089,179085,11461,11466,1434,12900,186
2021-04-08,Sierra,091,2930,53,51,14,65,0
2021-04-08,Siskiyou,093,43540,1578,1511,290,1801,7
2021-04-08,Solano,095,438530,31258,31120,436,31556,238
2021-04-08,Sonoma,097,501317,29347,29410,296,29706,310
2021-04-08,Stanislaus,099,539301,53604,53401,5886,59287,706
2021-04-08,Sutter,101,95872,9221,9195,87,9282,106
2021-04-08,Tehama,103,63373,4841,4802,552,5354,52
2021-04-08,Trinity,105,12862,386,324,62,386,3
2021-04-08,Tulare,107,460477,48919,48409,9140,57549,821
2021-04-08,Tuolumne,109,53932,3992,3986,34,4020,57
2021-04-08,Ventura,111,848112,79915,79626,3009,82635,986
2021-04-08,Yolo,113,214977,13486,13468,267,13735,198
2021-04-08,Yuba,115,75493,5766,5743,117,5860,43
2021-04-07,Alameda,001,1643700,84682,84130,1921,86051,1224
2021-04-07,Alpine,003,1148,86,85,0,85,0
2021-04-07,Amador,005,37829,3611,3590,34,3624,46
2021-04-07,Butte,007,227075,11738,11405,1768,13173,193
2021-04-07,Calaveras,009,45235,2028,2022,12,2034,50
2021-04-07,Colusa,011,21464,1893,1894,286,2180,14
2021-04-07,Contra Costa,013,1133247,66441,65619,1212,66831,775
2021-04-07,Del Norte,015,27424,1215,1198,6,1204,6
2021-04-07,El Dorado,017,186661,9562,9500,671,10171,106
2021-04-07,Fresno,019,978130,99935,99865,8647,108512,1627
2021-04-07,Glenn,021,27897,2349,2337,550,2887,17
2021-04-07,Humboldt,023,135768,3509,3484,25,3509,35
2021-04-07,Imperial,025,180216,27770,27704,2783,30487,713
2021-04-07,Inyo,027,18085,1387,1386,3,1389,36
2021-04-07,Kern,029,883053,95413,94456,10801,105257,1275
2021-04-07,Kings,031,150075,22657,22589,1133,23722,243
2021-04-07,Lake,033,64148,3391,3358,9,3367,43
2021-04-07,Lassen,035,31185,5143,5137,107,5244,1
2021-04-07,Los Angeles,037,10098052,1188904,1183862,42725,1226587,23372
2021-04-07,Madera,039,155013,16222,16090,930,17020,231
2021-04-07,Marin,041,260295,13731,13688,232,13920,225
2021-04-07,Mariposa,043,17540,398,391,6,397,5
2021-04-07,Mendocino,045,87422,3767,3691,71,3762,45
2021-04-07,Merced,047,269075,30112,30132,965,31097,430
2021-04-07,Modoc,049,8938,363,351,120,471,3
2021-04-07,Mono,051,14174,1230,1246,12,1258,3
2021-04-07,Monterey,053,433212,42557,42427,1857,44284,341
2021-04-07,Napa,055,140530,9579,9556,33,9589,80
2021-04-07,Nevada,057,99092,4420,4364,189,4553,69
2021-04-07,Orange,059,3164182,251647,250378,11278,261656,4778
2021-04-07,Placer,061,380077,21897,21227,1367,22594,276
2021-04-07,Plumas,063,18699,671,665,11,676,4
2021-04-07,Riverside,065,2383286,287892,283749,14438,298187,4285
2021-04-07,Sacramento,067,1510023,100323,99202,1535,100737,1544
2021-04-07,San Benito,069,59416,5924,5912,107,6019,62
2021-04-07,San Bernardino,071,2135413,289453,286978,9214,296192,4433
2021-04-07,San Diego,073,3302833,272880,272195,13790,285985,3588
2021-04-07,San Francisco,075,870044,35586,35618,1304,36922,493
2021-04-07,San Joaquin,077,732212,70310,69375,3441,72816,1278
2021-04-07,San Luis Obispo,079,281455,20572,20373,670,21043,252
2021-04-07,San Mateo,081,765935,41171,40693,449,41142,350
2021-04-07,Santa Barbara,083,443738,33725,33289,1205,34494,444
2021-04-07,Santa Clara,085,1922200,115000,115311,697,116008,1900
2021-04-07,Santa Cruz,087,273765,15864,15275,866,16141,203
2021-04-07,Shasta,089,179085,11449,11456,1429,12885,184
2021-04-07,Sierra,091,2930,53,51,14,65,0
2021-04-07,Siskiyou,093,43540,1572,1512,289,1801,7
2021-04-07,Solano,095,438530,31208,31097,435,31532,238
2021-04-07,Sonoma,097,501317,29329,29394,295,29689,310
2021-04-07,Stanislaus,099,539301,53536,53344,5876,59220,686
2021-04-07,Sutter,101,95872,9218,9188,87,9275,106
2021-04-07,Tehama,103,63373,4833,4802,550,5352,52
2021-04-07,Trinity,105,12862,386,322,62,384,3
2021-04-07,Tulare,107,460477,48906,48386,9128,57514,820
2021-04-07,Tuolumne,109,53932,3990,3982,34,4016,57
2021-04-07,Ventura,111,848112,79881,79595,3007,82602,986
2021-04-07,Yolo,113,214977,13470,13450,265,13715,198
2021-04-07,Yuba,115,75493,5762,5737,117,5854,43
2021-04-06,Alameda,001,1643700,84570,84091,1916,86007,1223
2021-04-06,Alpine,003,1148,86,85,0,85,0
2021-04-06,Amador,005,37829,3610,3587,34,3621,45
2021-04-06,Butte,007,227075,11723,11396,1767,13163,193
2021-04-06,Calaveras,009,45235,2025,2021,12,2033,50
2021-04-06,Colusa,011,21464,1891,1894,284,2178,14
2021-04-06,Contra Costa,013,1133247,66364,65575,1211,66786,774
2021-04-06,Del Norte,015,27424,1210,1197,6,1203,6
2021-04-06,El Dorado,017,186661,9532,9489,669,10158,106
2021-04-06,Fresno,019,978130,99871,99814,8641,108455,1626
2021-04-06,Glenn,021,27897,2348,2335,550,2885,17
2021-04-06,Humboldt,023,135768,3500,3477,25,3502,35
2021-04-06,Imperial,025,180216,27737,27661,2773,30434,713
2021-04-06,Inyo,027,18085,1387,1379,3,1382,36
2021-04-06,Kern,029,883053,95369,94422,10795,105217,1259
2021-04-06,Kings,031,150075,22651,22587,1133,23720,240
2021-04-06,Lake,033,64148,3388,3358,9,3367,43
2021-04-06,Lassen,035,31185,5141,5137,107,5244,1
2021-04-06,Los Angeles,037,10098052,1188399,1183499,42680,1226179,23323
2021-04-06,Madera,039,155013,16203,16085,925,17010,230
2021-04-06,Marin,041,260295,13722,13675,229,13904,224
2021-04-06,Mariposa,043,17540,398,390,6,396,5
2021-04-06,Mendocino,045,87422,3765,3686,71,3757,45
2021-04-06,Merced,047,269075,30083,30100,960,31060,430
2021-04-06,Modoc,049,8938,362,351,120,471,3
2021-04-06,Mono,051,14174,1230,1246,12,1258,3
2021-04-06,Monterey,053,433212,42548,42412,1856,44268,341
2021-04-06,Napa,055,140530,9560,9509,33,9542,78
2021-04-06,Nevada,057,99092,4410,4356,187,4543,69
2021-04-06,Orange,059,3164182,251540,250304,11263,261567,4771
2021-04-06,Placer,061,380077,21850,21184,1364,22548,276
2021-04-06,Plumas,063,18699,671,665,11,676,4
2021-04-06,Riverside,065,2383286,287715,283622,14427,298049,4264
2021-04-06,Sacramento,067,1510023,100115,99110,1526,100636,1537
2021-04-06,San Benito,069,59416,5915,5907,107,6014,62
2021-04-06,San Bernardino,071,2135413,289342,286792,9204,295996,4428
2021-04-06,San Diego,073,3302833,272618,271867,13762,285629,3585
2021-04-06,San Francisco,075,870044,35543,35572,1304,36876,488
2021-04-06,San Joaquin,077,732212,70227,69316,3428,72744,1278
2021-04-06,San Luis Obispo,079,281455,20551,20350,666,21016,252
2021-04-06,San Mateo,081,765935,41123,40649,448,41097,350
2021-04-06,Santa Barbara,083,443738,33707,33257,1204,34461,443
2021-04-06,Santa Clara,085,1922200,114830,115184,695,115879,1900
2021-04-06,Santa Cruz,087,273765,15854,15252,866,16118,203
2021-04-06,Shasta,089,179085,11428,11443,1427,12870,184
2021-04-06,Sierra,091,2930,53,51,14,65,0
2021-04-06,Siskiyou,093,43540,1568,1510,286,1796,7
2021-04-06,Solano,095,438530,31161,31078,434,31512,237
2021-04-06,Sonoma,097,501317,29304,29386,293,29679,311
2021-04-06,Stanislaus,099,539301,53479,53304,5870,59174,686
2021-04-06,Sutter,101,95872,9208,9179,87,9266,106
2021-04-06,Tehama,103,63373,4824,4798,550,5348,52
2021-04-06,Trinity,105,12862,386,321,62,383,3
2021-04-06,Tulare,107,460477,48863,48372,9124,57496,819
2021-04-06,Tuolumne,109,53932,3990,3981,34,4015,57
2021-04-06,Ventura,111,848112,79844,79556,3005,82561,983
2021-04-06,Yolo,113,214977,13457,13443,264,13707,198
2021-04-06,Yuba,115,75493,5758,5733,116,5849,43
2021-04-05,Alameda,001,1643700,84452,84007,1911,85918,1219
2021-04-05,Alpine,003,1148,86,85,0,85,0
2021-04-05,Amador,005,37829,3607,3584,34,3618,45
2021-04-05,Butte,007,227075,11708,11384,1765,13149,193
2021-04-05,Calaveras,009,45235,2021,2019,12,2031,50
2021-04-05,Colusa,011,21464,1891,1894,283,2177,14
2021-04-05,Contra Costa,013,1133247,66298,65457,1209,66666,774
2021-04-05,Del Norte,015,27424,1208,1189,6,1195,6
2021-04-05,El Dorado,017,186661,9517,9463,669,10132,106
2021-04-05,Fresno,019,978130,99784,99755,8632,108387,1622
2021-04-05,Glenn,021,27897,2347,2335,550,2885,17
2021-04-05,Humboldt,023,135768,3491,3475,25,3500,35
2021-04-05,Imperial,025,180216,27706,27604,2767,30371,710
2021-04-05,Inyo,027,18085,1384,1377,3,1380,36
2021-04-05,Kern,029,883053,95315,94401,10769,105170,1249
2021-04-05,Kings,031,150075,22647,22580,1133,23713,239
2021-04-05,Lake,033,64148,3380,3359,9,3368,43
2021-04-05,Lassen,035,31185,5141,5138,106,5244,1
2021-04-05,Los Angeles,037,10098052,1187867,1183200,42628,1225828,23302
2021-04-05,Madera,039,155013,16189,16065,924,16989,230
2021-04-05,Marin,041,260295,13708,13666,225,13891,221
2021-04-05,Mariposa,043,17540,398,390,6,396,5
2021-04-05,Mendocino,045,87422,3763,3687,71,3758,45
2021-04-05,Merced,047,269075,30056,30068,959,31027,427
2021-04-05,Modoc,049,8938,360,346,120,466,3
2021-04-05,Mono,051,14174,1230,1246,12,1258,3
2021-04-05,Monterey,053,433212,42535,42396,1852,44248,341
2021-04-05,Napa,055,140530,9537,9492,33,9525,78
2021-04-05,Nevada,057,99092,4399,4346,187,4533,69
2021-04-05,Orange,059,3164182,251426,250177,11239,261416,4759
2021-04-05,Placer,061,380077,21804,21133,1356,22489,276
2021-04-05,Plumas,063,18699,671,666,11,677,4
2021-04-05,Riverside,065,2383286,287583,283549,14415,297964,4237
2021-04-05,Sacramento,067,1510023,99953,98908,1518,100426,1533
2021-04-05,San Benito,069,59416,5909,5904,107,6011,61
2021-04-05,San Bernardino,071,2135413,289231,286597,9201,295798,4425
2021-04-05,San Diego,073,3302833,272370,271655,13721,285376,3583
2021-04-05,San Francisco,075,870044,35512,35538,1304,36842,488
2021-04-05,San Joaquin,077,732212,70140,69214,3418,72632,1268
2021-04-05,San Luis Obispo,079,281455,20514,20333,666,20999,252
2021-04-05,San Mateo,081,765935,41080,40609,447,41056,350
2021-04-05,Santa Barbara,083,443738,33674,33235,1204,34439,443
2021-04-05,Santa Clara,085,1922200,114665,115091,692,115783,1893
2021-04-05,Santa Cruz,087,273765,15847,15228,866,16094,201
2021-04-05,Shasta,089,179085,11409,11435,1422,12857,184
2021-04-05,Sierra,091,2930,53,50,14,64,0
2021-04-05,Siskiyou,093,43540,1565,1509,284,1793,7
2021-04-05,Solano,095,438530,31121,31026,432,31458,237
2021-04-05,Sonoma,097,501317,29272,29361,291,29652,311
2021-04-05,Stanislaus,099,539301,53399,53238,5867,59105,686
2021-04-05,Sutter,101,95872,9201,9169,87,9256,106
2021-04-05,Tehama,103,63373,4818,4794,550,5344,52
2021-04-05,Trinity,105,12862,385,321,62,383,3
2021-04-05,Tulare,107,460477,48851,48356,9117,57473,818
2021-04-05,Tuolumne,109,53932,3989,3980,34,4014,57
2021-04-05,Ventura,111,848112,79814,79549,3001,82550,983
2021-04-05,Yolo,113,214977,13443,13427,263,13690,198
2021-04-05,Yuba,115,75493,5753,5728,115,5843,43
2021-04-04,Alameda,001,1643700,84333,83951,1906,85857,1219
2021-04-04,Alpine,003,1148,86,85,0,85,0
2021-04-04,Amador,005,37829,3601,3582,34,3616,45
2021-04-04,Butte,007,227075,11693,11375,1764,13139,193
2021-04-04,Calaveras,009,45235,2017,2020,12,2032,50
2021-04-04,Colusa,011,21464,1890,1893,283,2176,14
2021-04-04,Contra Costa,013,1133247,66192,65408,1204,66612,774
2021-04-04,Del Norte,015,27424,1200,1186,6,1192,6
2021-04-04,El Dorado,017,186661,9498,9455,665,10120,106
2021-04-04,Fresno,019,978130,99710,99702,8619,108321,1622
2021-04-04,Glenn,021,27897,2344,2335,549,2884,17
2021-04-04,Humboldt,023,135768,3480,3472,25,3497,35
2021-04-04,Imperial,025,180216,27650,27588,2765,30353,710
2021-04-04,Inyo,027,18085,1380,1377,3,1380,36
2021-04-04,Kern,029,883053,95274,94388,10745,105133,1247
2021-04-04,Kings,031,150075,22645,22580,1132,23712,239
2021-04-04,Lake,033,64148,3374,3355,8,3363,43
2021-04-04,Lassen,035,31185,5140,5138,106,5244,1
2021-04-04,Los Angeles,037,10098052,1187328,1182872,42580,1225452,23301
2021-04-04,Madera,039,155013,16163,16052,920,16972,230
2021-04-04,Marin,041,260295,13695,13663,224,13887,221
2021-04-04,Mariposa,043,17540,398,390,6,396,5
2021-04-04,Mendocino,045,87422,3760,3684,71,3755,45
2021-04-04,Merced,047,269075,30013,30048,956,31004,427
2021-04-04,Modoc,049,8938,360,346,120,466,3
2021-04-04,Mono,051,14174,1229,1245,12,1257,3
2021-04-04,Monterey,053,433212,42518,42391,1851,44242,341
2021-04-04,Napa,055,140530,9525,9486,33,9519,78
2021-04-04,Nevada,057,99092,4387,4337,186,4523,69
2021-04-04,Orange,059,3164182,251290,250117,11224,261341,4759
2021-04-04,Placer,061,380077,21760,21104,1337,22441,276
2021-04-04,Plumas,063,18699,671,666,11,677,4
2021-04-04,Riverside,065,2383286,287460,283537,14411,297948,4237
2021-04-04,Sacramento,067,1510023,99753,98821,1510,100331,1531
2021-04-04,San Benito,069,59416,5899,5901,103,6004,61
2021-04-04,San Bernardino,071,2135413,289090,286561,9193,295754,4423
2021-04-04,San Diego,073,3302833,272059,271528,13679,285207,3583
2021-04-04,San Francisco,075,870044,35458,35525,1301,36826,488
2021-04-04,San Joaquin,077,732212,70039,69147,3406,72553,1268
2021-04-04,San Luis Obispo,079,281455,20482,20328,658,20986,252
2021-04-04,San Mateo,081,765935,41037,40587,444,41031,350
2021-04-04,Santa Barbara,083,443738,33638,33213,1204,34417,443
2021-04-04,Santa Clara,085,1922200,114499,114976,685,115661,1893
2021-04-04,Santa Cruz,087,273765,15838,15219,866,16085,201
2021-04-04,Shasta,089,179085,11383,11433,1421,12854,184
2021-04-04,Sierra,091,2930,53,50,14,64,0
2021-04-04,Siskiyou,093,43540,1562,1509,280,1789,7
2021-04-04,Solano,095,438530,31074,31002,430,31432,237
2021-04-04,Sonoma,097,501317,29240,29340,289,29629,311
2021-04-04,Stanislaus,099,539301,53306,53181,5859,59040,686
2021-04-04,Sutter,101,95872,9194,9164,87,9251,106
2021-04-04,Tehama,103,63373,4806,4792,549,5341,52
2021-04-04,Trinity,105,12862,383,321,62,383,3
2021-04-04,Tulare,107,460477,48836,48343,9109,57452,818
2021-04-04,Tuolumne,109,53932,3981,3980,34,4014,57
2021-04-04,Ventura,111,848112,79771,79526,3000,82526,983
2021-04-04,Yolo,113,214977,13422,13425,262,13687,198
2021-04-04,Yuba,115,75493,5746,5722,115,5837,43
2021-04-03,Alameda,001,1643700,84265,83861,1904,85765,1218
2021-04-03,Alpine,003,1148,86,85,0,85,0
2021-04-03,Amador,005,37829,3598,3577,34,3611,45
2021-04-03,Butte,007,227075,11689,11359,1760,13119,193
2021-04-03,Calaveras,009,45235,2015,2019,12,2031,50
2021-04-03,Colusa,011,21464,1890,1891,283,2174,14
2021-04-03,Contra Costa,013,1133247,66120,65338,1204,66542,774
2021-04-03,Del Norte,015,27424,1195,1183,6,1189,6
2021-04-03,El Dorado,017,186661,9489,9448,664,10112,106
2021-04-03,Fresno,019,978130,99653,99602,8614,108216,1622
2021-04-03,Glenn,021,27897,2344,2334,548,2882,17
2021-04-03,Humboldt,023,135768,3478,3467,25,3492,35
2021-04-03,Imperial,025,180216,27635,27572,2761,30333,710
2021-04-03,Inyo,027,18085,1379,1376,3,1379,36
2021-04-03,Kern,029,883053,95251,94369,10727,105096,1243
2021-04-03,Kings,031,150075,22643,22580,1132,23712,239
2021-04-03,Lake,033,64148,3373,3350,8,3358,43
2021-04-03,Lassen,035,31185,5139,5136,106,5242,1
2021-04-03,Los Angeles,037,10098052,1187030,1182402,42561,1224963,23301
2021-04-03,Madera,039,155013,16154,16051,918,16969,230
2021-04-03,Marin,041,260295,13687,13658,223,13881,221
2021-04-03,Mariposa,043,17540,398,390,5,395,5
2021-04-03,Mendocino,045,87422,3759,3684,71,3755,45
2021-04-03,Merced,047,269075,29998,30031,956,30987,427
2021-04-03,Modoc,049,8938,360,346,120,466,3
2021-04-03,Mono,051,14174,1229,1245,12,1257,3
2021-04-03,Monterey,053,433212,42505,42376,1849,44225,341
2021-04-03,Napa,055,140530,9516,9473,33,9506,78
2021-04-03,Nevada,057,99092,4383,4323,186,4509,69
2021-04-03,Orange,059,3164182,251211,249982,11205,261187,4755
2021-04-03,Placer,061,380077,21729,21060,1333,22393,276
2021-04-03,Plumas,063,18699,671,666,11,677,4
2021-04-03,Riverside,065,2383286,287383,283423,14408,297831,4237
2021-04-03,Sacramento,067,1510023,99644,98660,1504,100164,1531
2021-04-03,San Benito,069,59416,5896,5893,102,5995,61
2021-04-03,San Bernardino,071,2135413,289025,286473,9187,295660,4422
2021-04-03,San Diego,073,3302833,271890,271335,13662,284997,3571
2021-04-03,San Francisco,075,870044,35440,35488,1299,36787,489
2021-04-03,San Joaquin,077,732212,69998,69100,3390,72490,1268
2021-04-03,San Luis Obispo,079,281455,20463,20301,658,20959,252
2021-04-03,San Mateo,081,765935,41012,40560,444,41004,350
2021-04-03,Santa Barbara,083,443738,33612,33172,1203,34375,443
2021-04-03,Santa Clara,085,1922200,114390,114865,683,115548,1893
2021-04-03,Santa Cruz,087,273765,15831,15205,866,16071,201
2021-04-03,Shasta,089,179085,11375,11418,1421,12839,184
2021-04-03,Sierra,091,2930,53,50,14,64,0
2021-04-03,Siskiyou,093,43540,1561,1509,280,1789,7
2021-04-03,Solano,095,438530,31053,30970,427,31397,237
2021-04-03,Sonoma,097,501317,29224,29315,288,29603,311
2021-04-03,Stanislaus,099,539301,53271,53137,5853,58990,686
2021-04-03,Sutter,101,95872,9188,9158,87,9245,106
2021-04-03,Tehama,103,63373,4799,4788,549,5337,52
2021-04-03,Trinity,105,12862,383,321,62,383,3
2021-04-03,Tulare,107,460477,48826,48327,9105,57432,818
2021-04-03,Tuolumne,109,53932,3981,3980,34,4014,57
2021-04-03,Ventura,111,848112,79750,79489,2998,82487,983
2021-04-03,Yolo,113,214977,13416,13414,262,13676,198
2021-04-03,Yuba,115,75493,5740,5716,115,5831,43
2021-04-02,Alameda,001,1643700,84192,83776,1899,85675,1217
2021-04-02,Alpine,003,1148,86,85,0,85,0
2021-04-02,Amador,005,37829,3594,3573,33,3606,45
2021-04-02,Butte,007,227075,11681,11350,1760,13110,193
2021-04-02,Calaveras,009,45235,2015,2010,12,2022,50
2021-04-02,Colusa,011,21464,1890,1891,283,2174,14
2021-04-02,Contra Costa,013,1133247,66056,65299,1203,66502,774
2021-04-02,Del Norte,015,27424,1192,1174,6,1180,6
2021-04-02,El Dorado,017,186661,9476,9437,661,10098,106
2021-04-02,Fresno,019,978130,99599,99551,8603,108154,1620
2021-04-02,Glenn,021,27897,2344,2331,548,2879,17
2021-04-02,Humboldt,023,135768,3474,3465,25,3490,35
2021-04-02,Imperial,025,180216,27624,27553,2753,30306,710
2021-04-02,Inyo,027,18085,1379,1377,3,1380,36
2021-04-02,Kern,029,883053,95233,94348,10723,105071,1233
2021-04-02,Kings,031,150075,22643,22571,1129,23700,239
2021-04-02,Lake,033,64148,3371,3348,8,3356,43
2021-04-02,Lassen,035,31185,5139,5134,106,5240,1
2021-04-02,Los Angeles,037,10098052,1186721,1181682,42537,1224219,23264
2021-04-02,Madera,039,155013,16145,16036,917,16953,230
2021-04-02,Marin,041,260295,13679,13649,223,13872,221
2021-04-02,Mariposa,043,17540,396,390,5,395,5
2021-04-02,Mendocino,045,87422,3756,3682,71,3753,45
2021-04-02,Merced,047,269075,29974,29998,956,30954,426
2021-04-02,Modoc,049,8938,357,346,120,466,3
2021-04-02,Mono,051,14174,1229,1246,12,1258,3
2021-04-02,Monterey,053,433212,42495,42359,1846,44205,341
2021-04-02,Napa,055,140530,9501,9453,33,9486,78
2021-04-02,Nevada,057,99092,4379,4323,186,4509,69
2021-04-02,Orange,059,3164182,251115,249891,11191,261082,4748
2021-04-02,Placer,061,380077,21694,21035,1326,22361,275
2021-04-02,Plumas,063,18699,671,666,11,677,4
2021-04-02,Riverside,065,2383286,287299,283328,14400,297728,4213
2021-04-02,Sacramento,067,1510023,99537,98648,1497,100145,1527
2021-04-02,San Benito,069,59416,5894,5888,100,5988,61
2021-04-02,San Bernardino,071,2135413,288952,286308,9183,295491,4417
2021-04-02,San Diego,073,3302833,271703,271036,13636,284672,3568
2021-04-02,San Francisco,075,870044,35406,35451,1296,36747,488
2021-04-02,San Joaquin,077,732212,69934,68996,3374,72370,1268
2021-04-02,San Luis Obispo,079,281455,20446,20271,657,20928,252
2021-04-02,San Mateo,081,765935,40970,40514,444,40958,350
2021-04-02,Santa Barbara,083,443738,33584,33145,1203,34348,443
2021-04-02,Santa Clara,085,1922200,114279,114777,681,115458,1882
2021-04-02,Santa Cruz,087,273765,15823,15216,866,16082,202
2021-04-02,Shasta,089,179085,11370,11377,1413,12790,181
2021-04-02,Sierra,091,2930,53,50,14,64,0
2021-04-02,Siskiyou,093,43540,1561,1508,279,1787,7
2021-04-02,Solano,095,438530,31024,30951,424,31375,237
2021-04-02,Sonoma,097,501317,29203,29288,287,29575,311
2021-04-02,Stanislaus,099,539301,53227,53073,5846,58919,687
2021-04-02,Sutter,101,95872,9180,9131,87,9218,106
2021-04-02,Tehama,103,63373,4792,4775,548,5323,52
2021-04-02,Trinity,105,12862,383,320,62,382,3
2021-04-02,Tulare,107,460477,48820,48306,9099,57405,818
2021-04-02,Tuolumne,109,53932,3978,3980,34,4014,57
2021-04-02,Ventura,111,848112,79722,79434,2996,82430,982
2021-04-02,Yolo,113,214977,13406,13381,262,13643,197
2021-04-02,Yuba,115,75493,5737,5709,115,5824,44
2021-04-01,Alameda,001,1643700,84110,83574,1894,85468,1216
2021-04-01,Alpine,003,1148,86,85,0,85,0
2021-04-01,Amador,005,37829,3590,3558,33,3591,45
2021-04-01,Butte,007,227075,11663,11328,1758,13086,193
2021-04-01,Calaveras,009,45235,2014,2006,12,2018,50
2021-04-01,Colusa,011,21464,1887,1890,283,2173,14
2021-04-01,Contra Costa,013,1133247,65996,65176,1201,66377,771
2021-04-01,Del Norte,015,27424,1187,1138,6,1144,6
2021-04-01,El Dorado,017,186661,9467,9393,657,10050,106
2021-04-01,Fresno,019,978130,99547,99317,8595,107912,1616
2021-04-01,Glenn,021,27897,2344,2322,547,2869,17
2021-04-01,Humboldt,023,135768,3470,3464,25,3489,35
2021-04-01,Imperial,025,180216,27594,27520,2747,30267,710
2021-04-01,Inyo,027,18085,1378,1374,3,1377,36
2021-04-01,Kern,029,883053,95199,94244,10709,104953,1233
2021-04-01,Kings,031,150075,22636,22560,1128,23688,239
2021-04-01,Lake,033,64148,3366,3337,8,3345,43
2021-04-01,Lassen,035,31185,5138,5132,106,5238,1
2021-04-01,Los Angeles,037,10098052,1186234,1181101,42510,1223611,23220
2021-04-01,Madera,039,155013,16129,16023,917,16940,230
2021-04-01,Marin,041,260295,13669,13635,223,13858,221
2021-04-01,Mariposa,043,17540,394,389,5,394,5
2021-04-01,Mendocino,045,87422,3756,3680,71,3751,45
2021-04-01,Merced,047,269075,29940,29820,956,30776,425
2021-04-01,Modoc,049,8938,356,346,120,466,3
2021-04-01,Mono,051,14174,1229,1245,12,1257,3
2021-04-01,Monterey,053,433212,42487,42324,1844,44168,339
2021-04-01,Napa,055,140530,9489,9410,33,9443,78
2021-04-01,Nevada,057,99092,4369,4288,185,4473,68
2021-04-01,Orange,059,3164182,250996,249617,11173,260790,4742
2021-04-01,Placer,061,380077,21655,20909,1314,22223,274
2021-04-01,Plumas,063,18699,671,664,11,675,4
2021-04-01,Riverside,065,2383286,287197,283128,14398,297526,4193
2021-04-01,Sacramento,067,1510023,99394,97952,1483,99435,1521
2021-04-01,San Benito,069,59416,5886,5878,99,5977,61
2021-04-01,San Bernardino,071,2135413,288836,286086,9174,295260,4404
2021-04-01,San Diego,073,3302833,271479,270540,13605,284145,3555
2021-04-01,San Francisco,075,870044,35386,35386,1292,36678,488
2021-04-01,San Joaquin,077,732212,69852,68802,3366,72168,1262
2021-04-01,San Luis Obispo,079,281455,20417,20235,656,20891,252
2021-04-01,San Mateo,081,765935,40929,40454,444,40898,350
2021-04-01,Santa Barbara,083,443738,33539,33096,1198,34294,443
2021-04-01,Santa Clara,085,1922200,114166,114606,680,115286,1874
2021-04-01,Santa Cruz,087,273765,15808,15271,866,16137,202
2021-04-01,Shasta,089,179085,11355,11355,1407,12762,181
2021-04-01,Sierra,091,2930,53,50,14,64,0
2021-04-01,Siskiyou,093,43540,1559,1507,278,1785,7
2021-04-01,Solano,095,438530,30991,30850,421,31271,237
2021-04-01,Sonoma,097,501317,29172,29241,280,29521,311
2021-04-01,Stanislaus,099,539301,53164,52825,5840,58665,687
2021-04-01,Sutter,101,95872,9168,9105,87,9192,106
2021-04-01,Tehama,103,63373,4786,4764,545,5309,52
2021-04-01,Trinity,105,12862,383,319,62,381,3
2021-04-01,Tulare,107,460477,48797,48279,9089,57368,817
2021-04-01,Tuolumne,109,53932,3977,3978,34,4012,57
2021-04-01,Ventura,111,848112,79698,79369,2995,82364,977
2021-04-01,Yolo,113,214977,13393,13342,262,13604,197
2021-04-01,Yuba,115,75493,5732,5694,115,5809,44
2021-03-31,Alameda,001,1643700,84028,83475,1889,85364,1215
2021-03-31,Alpine,003,1148,86,85,0,85,0
2021-03-31,Amador,005,37829,3587,3556,33,3589,45
2021-03-31,Butte,007,227075,11653,11321,1755,13076,193
2021-03-31,Calaveras,009,45235,2010,2005,12,2017,50
2021-03-31,Colusa,011,21464,1887,1890,283,2173,14
2021-03-31,Contra Costa,013,1133247,65911,65109,1200,66309,769
2021-03-31,Del Norte,015,27424,1178,1129,6,1135,6
2021-03-31,El Dorado,017,186661,9450,9390,657,10047,106
2021-03-31,Fresno,019,978130,99457,99240,8579,107819,1616
2021-03-31,Glenn,021,27897,2339,2318,545,2863,17
2021-03-31,Humboldt,023,135768,3464,3460,25,3485,35
2021-03-31,Imperial,025,180216,27574,27506,2746,30252,710
2021-03-31,Inyo,027,18085,1375,1373,3,1376,35
2021-03-31,Kern,029,883053,95158,94205,10700,104905,1229
2021-03-31,Kings,031,150075,22633,22540,1128,23668,239
2021-03-31,Lake,033,64148,3362,3332,8,3340,43
2021-03-31,Lassen,035,31185,5134,5132,106,5238,1
2021-03-31,Los Angeles,037,10098052,1185772,1180538,42468,1223006,23171
2021-03-31,Madera,039,155013,16115,16015,915,16930,229
2021-03-31,Marin,041,260295,13658,13624,223,13847,221
2021-03-31,Mariposa,043,17540,394,389,5,394,5
2021-03-31,Mendocino,045,87422,3750,3675,71,3746,45
2021-03-31,Merced,047,269075,29911,29780,956,30736,423
2021-03-31,Modoc,049,8938,356,346,120,466,3
2021-03-31,Mono,051,14174,1229,1245,12,1257,3
2021-03-31,Monterey,053,433212,42470,42309,1842,44151,338
2021-03-31,Napa,055,140530,9471,9401,33,9434,78
2021-03-31,Nevada,057,99092,4363,4283,185,4468,68
2021-03-31,Orange,059,3164182,250885,249518,11158,260676,4731
2021-03-31,Placer,061,380077,21606,20885,1306,22191,271
2021-03-31,Plumas,063,18699,670,663,11,674,4
2021-03-31,Riverside,065,2383286,287098,283006,14387,297393,4171
2021-03-31,Sacramento,067,1510023,99219,97760,1475,99235,1519
2021-03-31,San Benito,069,59416,5876,5875,99,5974,61
2021-03-31,San Bernardino,071,2135413,288741,285916,9171,295087,4356
2021-03-31,San Diego,073,3302833,271248,270288,13570,283858,3555
2021-03-31,San Francisco,075,870044,35342,35347,1290,36637,474
2021-03-31,San Joaquin,077,732212,69764,68685,3349,72034,1259
2021-03-31,San Luis Obispo,079,281455,20396,20215,655,20870,251
2021-03-31,San Mateo,081,765935,40899,40423,444,40867,350
2021-03-31,Santa Barbara,083,443738,33508,33052,1196,34248,443
2021-03-31,Santa Clara,085,1922200,114039,114499,680,115179,1874
2021-03-31,Santa Cruz,087,273765,15796,15295,865,16160,201
2021-03-31,Shasta,089,179085,11343,11327,1399,12726,179
2021-03-31,Sierra,091,2930,53,50,14,64,0
2021-03-31,Siskiyou,093,43540,1558,1505,278,1783,7
2021-03-31,Solano,095,438530,30945,30824,420,31244,235
2021-03-31,Sonoma,097,501317,29145,29216,280,29496,311
2021-03-31,Stanislaus,099,539301,53096,52782,5828,58610,687
2021-03-31,Sutter,101,95872,9157,9111,87,9198,106
2021-03-31,Tehama,103,63373,4781,4762,542,5304,52
2021-03-31,Trinity,105,12862,383,319,62,381,3
2021-03-31,Tulare,107,460477,48778,48261,9072,57333,816
2021-03-31,Tuolumne,109,53932,3977,3976,34,4010,57
2021-03-31,Ventura,111,848112,79666,79326,2991,82317,969
2021-03-31,Yolo,113,214977,13375,13359,261,13620,197
2021-03-31,Yuba,115,75493,5725,5686,115,5801,44
2021-03-30,Alameda,001,1643700,83928,83395,1886,85281,1211
2021-03-30,Alpine,003,1148,86,85,0,85,0
2021-03-30,Amador,005,37829,3584,3551,33,3584,45
2021-03-30,Butte,007,227075,11640,11296,1752,13048,193
2021-03-30,Calaveras,009,45235,2006,1997,12,2009,50
2021-03-30,Colusa,011,21464,1886,1890,282,2172,14
2021-03-30,Contra Costa,013,1133247,65823,65041,1198,66239,767
2021-03-30,Del Norte,015,27424,1170,1118,5,1123,6
2021-03-30,El Dorado,017,186661,9431,9381,654,10035,105
2021-03-30,Fresno,019,978130,99394,99156,8567,107723,1609
2021-03-30,Glenn,021,27897,2338,2310,544,2854,17
2021-03-30,Humboldt,023,135768,3461,3461,25,3486,35
2021-03-30,Imperial,025,180216,27545,27471,2744,30215,706
2021-03-30,Inyo,027,18085,1375,1374,3,1377,35
2021-03-30,Kern,029,883053,95117,94151,10691,104842,1221
2021-03-30,Kings,031,150075,22629,22530,1126,23656,238
2021-03-30,Lake,033,64148,3356,3330,8,3338,43
2021-03-30,Lassen,035,31185,5134,5132,106,5238,1
2021-03-30,Los Angeles,037,10098052,1185282,1180044,42443,1222487,23136
2021-03-30,Madera,039,155013,16105,16003,911,16914,229
2021-03-30,Marin,041,260295,13649,13611,215,13826,221
2021-03-30,Mariposa,043,17540,394,388,5,393,5
2021-03-30,Mendocino,045,87422,3748,3670,71,3741,45
2021-03-30,Merced,047,269075,29875,29731,956,30687,423
2021-03-30,Modoc,049,8938,355,346,120,466,3
2021-03-30,Mono,051,14174,1228,1245,12,1257,3
2021-03-30,Monterey,053,433212,42444,42308,1839,44147,338
2021-03-30,Napa,055,140530,9456,9391,33,9424,78
2021-03-30,Nevada,057,99092,4351,4266,184,4450,68
2021-03-30,Orange,059,3164182,250757,249412,11130,260542,4727
2021-03-30,Placer,061,380077,21566,20866,1299,22165,271
2021-03-30,Plumas,063,18699,670,661,11,672,4
2021-03-30,Riverside,065,2383286,286980,282930,14377,297307,4154
2021-03-30,Sacramento,067,1510023,99082,97718,1471,99189,1516
2021-03-30,San Benito,069,59416,5870,5870,99,5969,61
2021-03-30,San Bernardino,071,2135413,288634,285758,9162,294920,4343
2021-03-30,San Diego,073,3302833,271011,269998,13532,283530,3555
2021-03-30,San Francisco,075,870044,35292,35325,1289,36614,474
2021-03-30,San Joaquin,077,732212,69677,68613,3338,71951,1232
2021-03-30,San Luis Obispo,079,281455,20376,20194,655,20849,251
2021-03-30,San Mateo,081,765935,40854,40377,444,40821,349
2021-03-30,Santa Barbara,083,443738,33483,33016,1196,34212,441
2021-03-30,Santa Clara,085,1922200,113917,114413,679,115092,1873
2021-03-30,Santa Cruz,087,273765,15790,15278,865,16143,201
2021-03-30,Shasta,089,179085,11335,11316,1398,12714,184
2021-03-30,Sierra,091,2930,53,50,14,64,0
2021-03-30,Siskiyou,093,43540,1557,1501,278,1779,7
2021-03-30,Solano,095,438530,30916,30802,419,31221,232
2021-03-30,Sonoma,097,501317,29114,29198,280,29478,311
2021-03-30,Stanislaus,099,539301,53018,52690,5820,58510,677
2021-03-30,Sutter,101,95872,9153,9107,86,9193,106
2021-03-30,Tehama,103,63373,4772,4748,541,5289,52
2021-03-30,Trinity,105,12862,383,316,62,378,3
2021-03-30,Tulare,107,460477,48765,48249,9062,57311,815
2021-03-30,Tuolumne,109,53932,3972,3972,34,4006,57
2021-03-30,Ventura,111,848112,79622,79282,2988,82270,958
2021-03-30,Yolo,113,214977,13362,13353,261,13614,195
2021-03-30,Yuba,115,75493,5714,5679,109,5788,42
2021-03-29,Alameda,001,1643700,83827,83338,1885,85223,1211
2021-03-29,Alpine,003,1148,86,85,0,85,0
2021-03-29,Amador,005,37829,3578,3549,33,3582,45
2021-03-29,Butte,007,227075,11631,11291,1749,13040,191
2021-03-29,Calaveras,009,45235,2002,1998,12,2010,50
2021-03-29,Colusa,011,21464,1886,1889,281,2170,14
2021-03-29,Contra Costa,013,1133247,65755,64971,1197,66168,767
2021-03-29,Del Norte,015,27424,1165,1116,4,1120,6
2021-03-29,El Dorado,017,186661,9411,9374,648,10022,105
2021-03-29,Fresno,019,978130,99311,99085,8555,107640,1606
2021-03-29,Glenn,021,27897,2332,2310,544,2854,17
2021-03-29,Humboldt,023,135768,3456,3459,25,3484,34
2021-03-29,Imperial,025,180216,27525,27442,2740,30182,704
2021-03-29,Inyo,027,18085,1375,1372,3,1375,35
2021-03-29,Kern,029,883053,95069,94098,10671,104769,1220
2021-03-29,Kings,031,150075,22617,22522,1125,23647,238
2021-03-29,Lake,033,64148,3353,3325,8,3333,43
2021-03-29,Lassen,035,31185,5134,5131,106,5237,1
2021-03-29,Los Angeles,037,10098052,1184791,1179736,42402,1222138,23108
2021-03-29,Madera,039,155013,16085,15987,909,16896,210
2021-03-29,Marin,041,260295,13637,13600,211,13811,220
2021-03-29,Mariposa,043,17540,393,388,5,393,5
2021-03-29,Mendocino,045,87422,3745,3667,71,3738,45
2021-03-29,Merced,047,269075,29851,29699,956,30655,422
2021-03-29,Modoc,049,8938,354,344,120,464,3
2021-03-29,Mono,051,14174,1227,1243,12,1255,3
2021-03-29,Monterey,053,433212,42428,42305,1834,44139,337
2021-03-29,Napa,055,140530,9440,9379,33,9412,78
2021-03-29,Nevada,057,99092,4344,4258,184,4442,68
2021-03-29,Orange,059,3164182,250645,249295,11117,260412,4713
2021-03-29,Placer,061,380077,21531,20827,1292,22119,267
2021-03-29,Plumas,063,18699,669,660,11,671,4
2021-03-29,Riverside,065,2383286,286891,282867,14375,297242,4133
2021-03-29,Sacramento,067,1510023,98889,97577,1463,99040,1514
2021-03-29,San Benito,069,59416,5863,5865,99,5964,61
2021-03-29,San Bernardino,071,2135413,288537,285615,9158,294773,4335
2021-03-29,San Diego,073,3302833,270745,269771,13506,283277,3547
2021-03-29,San Francisco,075,870044,35258,35291,1285,36576,474
2021-03-29,San Joaquin,077,732212,69592,68537,3324,71861,1211
2021-03-29,San Luis Obispo,079,281455,20342,20176,653,20829,250
2021-03-29,San Mateo,081,765935,40812,40357,443,40800,348
2021-03-29,Santa Barbara,083,443738,33449,32983,1195,34178,439
2021-03-29,Santa Clara,085,1922200,113811,114335,674,115009,1871
2021-03-29,Santa Cruz,087,273765,15779,15249,864,16113,201
2021-03-29,Shasta,089,179085,11317,11313,1396,12709,183
2021-03-29,Sierra,091,2930,53,50,14,64,0
2021-03-29,Siskiyou,093,43540,1556,1497,277,1774,6
2021-03-29,Solano,095,438530,30877,30762,417,31179,232
2021-03-29,Sonoma,097,501317,29091,29184,277,29461,310
2021-03-29,Stanislaus,099,539301,52934,52614,5812,58426,677
2021-03-29,Sutter,101,95872,9146,9105,86,9191,106
2021-03-29,Tehama,103,63373,4764,4742,540,5282,52
2021-03-29,Trinity,105,12862,383,314,62,376,3
2021-03-29,Tulare,107,460477,48738,48226,9051,57277,815
2021-03-29,Tuolumne,109,53932,3970,3969,34,4003,57
2021-03-29,Ventura,111,848112,79581,79252,2987,82239,956
2021-03-29,Yolo,113,214977,13344,13346,261,13607,195
2021-03-29,Yuba,115,75493,5707,5671,108,5779,42
2021-03-28,Alameda,001,1643700,83705,83239,1883,85122,1212
2021-03-28,Alpine,003,1148,86,85,0,85,0
2021-03-28,Amador,005,37829,3574,3541,33,3574,45
2021-03-28,Butte,007,227075,11618,11285,1747,13032,191
2021-03-28,Calaveras,009,45235,1999,1995,12,2007,50
2021-03-28,Colusa,011,21464,1885,1889,281,2170,14
2021-03-28,Contra Costa,013,1133247,65681,64878,1193,66071,767
2021-03-28,Del Norte,015,27424,1158,1107,2,1109,6
2021-03-28,El Dorado,017,186661,9396,9371,646,10017,105
2021-03-28,Fresno,019,978130,99229,99004,8543,107547,1606
2021-03-28,Glenn,021,27897,2329,2309,542,2851,17
2021-03-28,Humboldt,023,135768,3453,3452,24,3476,34
2021-03-28,Imperial,025,180216,27498,27426,2737,30163,704
2021-03-28,Inyo,027,18085,1374,1372,3,1375,35
2021-03-28,Kern,029,883053,95025,94084,10659,104743,1219
2021-03-28,Kings,031,150075,22613,22514,1121,23635,238
2021-03-28,Lake,033,64148,3348,3320,8,3328,43
2021-03-28,Lassen,035,31185,5134,5131,105,5236,1
2021-03-28,Los Angeles,037,10098052,1184242,1179316,42340,1221656,23101
2021-03-28,Madera,039,155013,16070,15973,908,16881,210
2021-03-28,Marin,041,260295,13624,13594,209,13803,221
2021-03-28,Mariposa,043,17540,393,388,5,393,5
2021-03-28,Mendocino,045,87422,3743,3666,71,3737,45
2021-03-28,Merced,047,269075,29794,29679,956,30635,422
2021-03-28,Modoc,049,8938,354,344,120,464,3
2021-03-28,Mono,051,14174,1226,1242,12,1254,3
2021-03-28,Monterey,053,433212,42405,42294,1830,44124,337
2021-03-28,Napa,055,140530,9426,9368,33,9401,78
2021-03-28,Nevada,057,99092,4330,4239,184,4423,68
2021-03-28,Orange,059,3164182,250492,249238,11106,260344,4713
2021-03-28,Placer,061,380077,21488,20796,1285,22081,267
2021-03-28,Plumas,063,18699,667,657,11,668,4
2021-03-28,Riverside,065,2383286,286789,282811,14367,297178,4132
2021-03-28,Sacramento,067,1510023,98715,97425,1457,98882,1514
2021-03-28,San Benito,069,59416,5858,5862,99,5961,61
2021-03-28,San Bernardino,071,2135413,288419,285570,9148,294718,4332
2021-03-28,San Diego,073,3302833,270472,269476,13478,282954,3547
2021-03-28,San Francisco,075,870044,35211,35286,1281,36567,474
2021-03-28,San Joaquin,077,732212,69467,68459,3304,71763,1211
2021-03-28,San Luis Obispo,079,281455,20307,20172,650,20822,250
2021-03-28,San Mateo,081,765935,40767,40305,442,40747,348
2021-03-28,Santa Barbara,083,443738,33410,32953,1194,34147,439
2021-03-28,Santa Clara,085,1922200,113712,114232,670,114902,1871
2021-03-28,Santa Cruz,087,273765,15765,15238,863,16101,201
2021-03-28,Shasta,089,179085,11291,11308,1385,12693,183
2021-03-28,Sierra,091,2930,53,50,14,64,0
2021-03-28,Siskiyou,093,43540,1556,1497,276,1773,6
2021-03-28,Solano,095,438530,30840,30719,415,31134,232
2021-03-28,Sonoma,097,501317,29056,29161,274,29435,310
2021-03-28,Stanislaus,099,539301,52847,52567,5797,58364,678
2021-03-28,Sutter,101,95872,9137,9094,86,9180,106
2021-03-28,Tehama,103,63373,4754,4740,536,5276,52
2021-03-28,Trinity,105,12862,381,314,61,375,3
2021-03-28,Tulare,107,460477,48709,48218,9045,57263,815
2021-03-28,Tuolumne,109,53932,3968,3969,33,4002,57
2021-03-28,Ventura,111,848112,79529,79222,2982,82204,956
2021-03-28,Yolo,113,214977,13326,13325,260,13585,194
2021-03-28,Yuba,115,75493,5703,5662,108,5770,42
2021-03-27,Alameda,001,1643700,83633,83169,1879,85048,1211
2021-03-27,Alpine,003,1148,86,85,0,85,0
2021-03-27,Amador,005,37829,3569,3538,33,3571,45
2021-03-27,Butte,007,227075,11611,11278,1746,13024,191
2021-03-27,Calaveras,009,45235,1999,1992,12,2004,50
2021-03-27,Colusa,011,21464,1885,1889,281,2170,14
2021-03-27,Contra Costa,013,1133247,65612,64804,1190,65994,767
2021-03-27,Del Norte,015,27424,1148,1104,2,1106,6
2021-03-27,El Dorado,017,186661,9382,9367,646,10013,105
2021-03-27,Fresno,019,978130,99177,98901,8538,107439,1606
2021-03-27,Glenn,021,27897,2328,2308,542,2850,17
2021-03-27,Humboldt,023,135768,3448,3442,24,3466,34
2021-03-27,Imperial,025,180216,27486,27406,2734,30140,704
2021-03-27,Inyo,027,18085,1372,1372,3,1375,35
2021-03-27,Kern,029,883053,95007,94041,10645,104686,1217
2021-03-27,Kings,031,150075,22610,22502,1121,23623,238
2021-03-27,Lake,033,64148,3346,3317,8,3325,43
2021-03-27,Lassen,035,31185,5134,5129,105,5234,1
2021-03-27,Los Angeles,037,10098052,1183929,1178831,42311,1221142,23103
2021-03-27,Madera,039,155013,16063,15968,906,16874,210
2021-03-27,Marin,041,260295,13619,13579,209,13788,222
2021-03-27,Mariposa,043,17540,393,386,5,391,5
2021-03-27,Mendocino,045,87422,3742,3666,71,3737,45
2021-03-27,Merced,047,269075,29761,29647,954,30601,422
2021-03-27,Modoc,049,8938,354,344,120,464,3
2021-03-27,Mono,051,14174,1224,1241,12,1253,3
2021-03-27,Monterey,053,433212,42395,42271,1830,44101,337
2021-03-27,Napa,055,140530,9414,9360,33,9393,78
2021-03-27,Nevada,057,99092,4320,4231,184,4415,68
2021-03-27,Orange,059,3164182,250398,249160,11090,260250,4698
2021-03-27,Placer,061,380077,21468,20717,1278,21995,267
2021-03-27,Plumas,063,18699,666,655,11,666,4
2021-03-27,Riverside,065,2383286,286727,282707,14359,297066,4132
2021-03-27,Sacramento,067,1510023,98625,97247,1455,98702,1513
2021-03-27,San Benito,069,59416,5856,5862,97,5959,61
2021-03-27,San Bernardino,071,2135413,288357,285480,9146,294626,4325
2021-03-27,San Diego,073,3302833,270302,269271,13456,282727,3540
2021-03-27,San Francisco,075,870044,35187,35244,1279,36523,474
2021-03-27,San Joaquin,077,732212,69407,68365,3295,71660,1211
2021-03-27,San Luis Obispo,079,281455,20296,20153,647,20800,250
2021-03-27,San Mateo,081,765935,40744,40264,442,40706,348
2021-03-27,Santa Barbara,083,443738,33387,32921,1194,34115,439
2021-03-27,Santa Clara,085,1922200,113615,114124,668,114792,1871
2021-03-27,Santa Cruz,087,273765,15759,15215,863,16078,201
2021-03-27,Shasta,089,179085,11280,11288,1383,12671,183
2021-03-27,Sierra,091,2930,53,50,14,64,0
2021-03-27,Siskiyou,093,43540,1556,1497,276,1773,6
2021-03-27,Solano,095,438530,30812,30669,414,31083,232
2021-03-27,Sonoma,097,501317,29041,29133,272,29405,310
2021-03-27,Stanislaus,099,539301,52783,52497,5789,58286,678
2021-03-27,Sutter,101,95872,9129,9093,86,9179,106
2021-03-27,Tehama,103,63373,4748,4738,534,5272,52
2021-03-27,Trinity,105,12862,381,313,61,374,3
2021-03-27,Tulare,107,460477,48693,48203,9037,57240,813
2021-03-27,Tuolumne,109,53932,3965,3968,33,4001,57
2021-03-27,Ventura,111,848112,79502,79184,2980,82164,956
2021-03-27,Yolo,113,214977,13321,13317,259,13576,194
2021-03-27,Yuba,115,75493,5701,5657,108,5765,42
2021-03-26,Alameda,001,1643700,83571,83043,1877,84920,1208
2021-03-26,Alpine,003,1148,86,85,0,85,0
2021-03-26,Amador,005,37829,3564,3532,33,3565,45
2021-03-26,Butte,007,227075,11601,11278,1746,13024,191
2021-03-26,Calaveras,009,45235,1998,1989,12,2001,50
2021-03-26,Colusa,011,21464,1885,1889,281,2170,14
2021-03-26,Contra Costa,013,1133247,65552,64699,1188,65887,761
2021-03-26,Del Norte,015,27424,1145,1101,2,1103,6
2021-03-26,El Dorado,017,186661,9377,9353,646,9999,105
2021-03-26,Fresno,019,978130,99117,98731,8526,107257,1601
2021-03-26,Glenn,021,27897,2328,2307,541,2848,17
2021-03-26,Humboldt,023,135768,3446,3431,24,3455,34
2021-03-26,Imperial,025,180216,27462,27374,2734,30108,701
2021-03-26,Inyo,027,18085,1371,1369,3,1372,35
2021-03-26,Kern,029,883053,94981,93949,10639,104588,1211
2021-03-26,Kings,031,150075,22602,22493,1119,23612,239
2021-03-26,Lake,033,64148,3345,3314,8,3322,43
2021-03-26,Lassen,035,31185,5133,5131,105,5236,1
2021-03-26,Los Angeles,037,10098052,1183594,1178213,42296,1220509,23080
2021-03-26,Madera,039,155013,16053,15952,906,16858,210
2021-03-26,Marin,041,260295,13613,13553,204,13757,221
2021-03-26,Mariposa,043,17540,393,386,5,391,5
2021-03-26,Mendocino,045,87422,3741,3664,71,3735,45
2021-03-26,Merced,047,269075,29738,29613,952,30565,419
2021-03-26,Modoc,049,8938,354,344,120,464,3
2021-03-26,Mono,051,14174,1223,1236,12,1248,3
2021-03-26,Monterey,053,433212,42382,42241,1826,44067,338
2021-03-26,Napa,055,140530,9404,9349,33,9382,78
2021-03-26,Nevada,057,99092,4300,4222,184,4406,83
2021-03-26,Orange,059,3164182,250335,248995,11076,260071,4671
2021-03-26,Placer,061,380077,21442,20679,1276,21955,259
2021-03-26,Plumas,063,18699,665,654,11,665,4
2021-03-26,Riverside,065,2383286,286649,282602,14353,296955,4109
2021-03-26,Sacramento,067,1510023,98525,97040,1450,98490,1509
2021-03-26,San Benito,069,59416,5853,5855,97,5952,61
2021-03-26,San Bernardino,071,2135413,288302,285313,9143,294456,4288
2021-03-26,San Diego,073,3302833,270124,269045,13430,282475,3525
2021-03-26,San Francisco,075,870044,35162,35186,1279,36465,472
2021-03-26,San Joaquin,077,732212,69345,68249,3290,71539,1202
2021-03-26,San Luis Obispo,079,281455,20283,20118,647,20765,250
2021-03-26,San Mateo,081,765935,40709,40199,442,40641,348
2021-03-26,Santa Barbara,083,443738,33357,32895,1194,34089,439
2021-03-26,Santa Clara,085,1922200,113517,113959,667,114626,1868
2021-03-26,Santa Cruz,087,273765,15745,15199,862,16061,201
2021-03-26,Shasta,089,179085,11271,11276,1377,12653,182
2021-03-26,Sierra,091,2930,53,50,14,64,0
2021-03-26,Siskiyou,093,43540,1556,1493,275,1768,6
2021-03-26,Solano,095,438530,30787,30640,414,31054,205
2021-03-26,Sonoma,097,501317,29025,29101,269,29370,310
2021-03-26,Stanislaus,099,539301,52715,52420,5785,58205,678
2021-03-26,Sutter,101,95872,9127,9082,86,9168,104
2021-03-26,Tehama,103,63373,4747,4722,533,5255,51
2021-03-26,Trinity,105,12862,381,311,61,372,3
2021-03-26,Tulare,107,460477,48679,48179,9028,57207,813
2021-03-26,Tuolumne,109,53932,3964,3965,33,3998,57
2021-03-26,Ventura,111,848112,79469,79122,2978,82100,953
2021-03-26,Yolo,113,214977,13313,13299,257,13556,194
2021-03-26,Yuba,115,75493,5691,5653,108,5761,42
2021-03-25,Alameda,001,1643700,83473,82945,1875,84820,1206
2021-03-25,Alpine,003,1148,86,84,0,84,0
2021-03-25,Amador,005,37829,3562,3530,33,3563,45
2021-03-25,Butte,007,227075,11591,11270,1746,13016,188
2021-03-25,Calaveras,009,45235,1993,1982,12,1994,50
2021-03-25,Colusa,011,21464,1885,1888,281,2169,14
2021-03-25,Contra Costa,013,1133247,65485,64606,1184,65790,757
2021-03-25,Del Norte,015,27424,1139,1095,2,1097,6
2021-03-25,El Dorado,017,186661,9367,9331,646,9977,105
2021-03-25,Fresno,019,978130,99001,98602,8511,107113,1593
2021-03-25,Glenn,021,27897,2327,2302,540,2842,17
2021-03-25,Humboldt,023,135768,3441,3423,24,3447,34
2021-03-25,Imperial,025,180216,27446,27352,2733,30085,699
2021-03-25,Inyo,027,18085,1371,1369,3,1372,35
2021-03-25,Kern,029,883053,94949,93857,10634,104491,1206
2021-03-25,Kings,031,150075,22592,22472,1119,23591,237
2021-03-25,Lake,033,64148,3340,3312,8,3320,43
2021-03-25,Lassen,035,31185,5133,5129,105,5234,1
2021-03-25,Los Angeles,037,10098052,1183167,1177490,42258,1219748,23051
2021-03-25,Madera,039,155013,16034,15937,904,16841,210
2021-03-25,Marin,041,260295,13604,13538,201,13739,219
2021-03-25,Mariposa,043,17540,393,386,5,391,5
2021-03-25,Mendocino,045,87422,3740,3664,71,3735,45
2021-03-25,Merced,047,269075,29704,29576,943,30519,416
2021-03-25,Modoc,049,8938,354,343,120,463,3
2021-03-25,Mono,051,14174,1223,1235,12,1247,3
2021-03-25,Monterey,053,433212,42361,42220,1821,44041,336
2021-03-25,Napa,055,140530,9385,9321,33,9354,78
2021-03-25,Nevada,057,99092,4282,4202,182,4384,84
2021-03-25,Orange,059,3164182,250222,248871,11055,259926,4655
2021-03-25,Placer,061,380077,21403,20639,1269,21908,252
2021-03-25,Plumas,063,18699,665,654,11,665,4
2021-03-25,Riverside,065,2383286,286552,282492,14342,296834,4078
2021-03-25,Sacramento,067,1510023,98381,96823,1447,98270,1505
2021-03-25,San Benito,069,59416,5850,5850,97,5947,61
2021-03-25,San Bernardino,071,2135413,288221,285134,9138,294272,4222
2021-03-25,San Diego,073,3302833,269897,268623,13399,282022,3520
2021-03-25,San Francisco,075,870044,35123,35154,1277,36431,468
2021-03-25,San Joaquin,077,732212,69249,68089,3241,71330,1196
2021-03-25,San Luis Obispo,079,281455,20266,20076,646,20722,250
2021-03-25,San Mateo,081,765935,40669,40147,442,40589,348
2021-03-25,Santa Barbara,083,443738,33330,32857,1194,34051,439
2021-03-25,Santa Clara,085,1922200,113414,113877,665,114542,1868
2021-03-25,Santa Cruz,087,273765,15724,15170,862,16032,201
2021-03-25,Shasta,089,179085,11254,11262,1375,12637,181
2021-03-25,Sierra,091,2930,53,50,14,64,0
2021-03-25,Siskiyou,093,43540,1554,1491,274,1765,6
2021-03-25,Solano,095,438530,30727,30583,412,30995,193
2021-03-25,Sonoma,097,501317,28991,29060,265,29325,310
2021-03-25,Stanislaus,099,539301,52648,52321,5778,58099,678
2021-03-25,Sutter,101,95872,9118,9069,86,9155,104
2021-03-25,Tehama,103,63373,4745,4719,532,5251,52
2021-03-25,Trinity,105,12862,381,310,61,371,3
2021-03-25,Tulare,107,460477,48654,48148,9015,57163,811
2021-03-25,Tuolumne,109,53932,3963,3962,33,3995,57
2021-03-25,Ventura,111,848112,79429,79045,2974,82019,952
2021-03-25,Yolo,113,214977,13306,13287,257,13544,194
2021-03-25,Yuba,115,75493,5685,5647,102,5749,42
2021-03-24,Alameda,001,1643700,83378,82871,1872,84743,1199
2021-03-24,Alpine,003,1148,86,84,0,84,0
2021-03-24,Amador,005,37829,3556,3529,33,3562,45
2021-03-24,Butte,007,227075,11581,11252,1742,12994,187
2021-03-24,Calaveras,009,45235,1989,1975,12,1987,50
2021-03-24,Colusa,011,21464,1885,1886,280,2166,14
2021-03-24,Contra Costa,013,1133247,65405,64539,1183,65722,755
2021-03-24,Del Norte,015,27424,1134,1087,2,1089,6
2021-03-24,El Dorado,017,186661,9361,9319,645,9964,105
2021-03-24,Fresno,019,978130,98912,98437,8496,106933,1585
2021-03-24,Glenn,021,27897,2326,2297,539,2836,17
2021-03-24,Humboldt,023,135768,3438,3414,24,3438,34
2021-03-24,Imperial,025,180216,27437,27325,2733,30058,699
2021-03-24,Inyo,027,18085,1371,1368,3,1371,35
2021-03-24,Kern,029,883053,94901,93800,10625,104425,1198
2021-03-24,Kings,031,150075,22577,22456,1117,23573,237
2021-03-24,Lake,033,64148,3336,3307,8,3315,43
2021-03-24,Lassen,035,31185,5131,5130,104,5234,1
2021-03-24,Los Angeles,037,10098052,1182695,1177015,42221,1219236,22993
2021-03-24,Madera,039,155013,16025,15918,903,16821,210
2021-03-24,Marin,041,260295,13591,13526,199,13725,219
2021-03-24,Mariposa,043,17540,393,384,5,389,5
2021-03-24,Mendocino,045,87422,3737,3660,71,3731,45
2021-03-24,Merced,047,269075,29663,29525,943,30468,415
2021-03-24,Modoc,049,8938,353,341,120,461,3
2021-03-24,Mono,051,14174,1222,1243,12,1255,3
2021-03-24,Monterey,053,433212,42339,42201,1818,44019,335
2021-03-24,Napa,055,140530,9365,9310,33,9343,78
2021-03-24,Nevada,057,99092,4268,4191,181,4372,85
2021-03-24,Orange,059,3164182,250106,248775,11036,259811,4638
2021-03-24,Placer,061,380077,21373,20606,1261,21867,250
2021-03-24,Plumas,063,18699,663,652,11,663,4
2021-03-24,Riverside,065,2383286,286469,282410,14340,296750,4058
2021-03-24,Sacramento,067,1510023,98208,96628,1435,98063,1500
2021-03-24,San Benito,069,59416,5849,5847,97,5944,61
2021-03-24,San Bernardino,071,2135413,288136,284983,9136,294119,4170
2021-03-24,San Diego,073,3302833,269682,268413,13371,281784,3509
2021-03-24,San Francisco,075,870044,35095,35103,1274,36377,462
2021-03-24,San Joaquin,077,732212,69178,67978,3229,71207,1196
2021-03-24,San Luis Obispo,079,281455,20236,20021,645,20666,250
2021-03-24,San Mateo,081,765935,40619,40083,442,40525,348
2021-03-24,Santa Barbara,083,443738,33303,32810,1194,34004,438
2021-03-24,Santa Clara,085,1922200,113300,113757,661,114418,1851
2021-03-24,Santa Cruz,087,273765,15711,15138,860,15998,202
2021-03-24,Shasta,089,179085,11235,11243,1373,12616,181
2021-03-24,Sierra,091,2930,53,50,14,64,0
2021-03-24,Siskiyou,093,43540,1552,1490,274,1764,6
2021-03-24,Solano,095,438530,30690,30552,411,30963,178
2021-03-24,Sonoma,097,501317,28972,29034,260,29294,310
2021-03-24,Stanislaus,099,539301,52572,52259,5770,58029,677
2021-03-24,Sutter,101,95872,9102,9049,86,9135,104
2021-03-24,Tehama,103,63373,4739,4719,531,5250,49
2021-03-24,Trinity,105,12862,380,310,61,371,3
2021-03-24,Tulare,107,460477,48644,48109,9002,57111,808
2021-03-24,Tuolumne,109,53932,3962,3961,33,3994,57
2021-03-24,Ventura,111,848112,79377,78993,2967,81960,944
2021-03-24,Yolo,113,214977,13295,13269,257,13526,194
2021-03-24,Yuba,115,75493,5679,5634,99,5733,42
2021-03-23,Alameda,001,1643700,83275,82799,1868,84667,1190
2021-03-23,Alpine,003,1148,86,84,0,84,0
2021-03-23,Amador,005,37829,3550,3524,33,3557,45
2021-03-23,Butte,007,227075,11570,11227,1741,12968,187
2021-03-23,Calaveras,009,45235,1989,1971,12,1983,50
2021-03-23,Colusa,011,21464,1883,1885,279,2164,14
2021-03-23,Contra Costa,013,1133247,65306,64491,1182,65673,750
2021-03-23,Del Norte,015,27424,1129,1082,2,1084,6
2021-03-23,El Dorado,017,186661,9351,9318,643,9961,105
2021-03-23,Fresno,019,978130,98801,98362,8471,106833,1575
2021-03-23,Glenn,021,27897,2321,2293,537,2830,17
2021-03-23,Humboldt,023,135768,3429,3405,24,3429,34
2021-03-23,Imperial,025,180216,27429,27320,2733,30053,699
2021-03-23,Inyo,027,18085,1369,1364,3,1367,35
2021-03-23,Kern,029,883053,94794,93728,10618,104346,1191
2021-03-23,Kings,031,150075,22566,22439,1115,23554,237
2021-03-23,Lake,033,64148,3334,3294,8,3302,43
2021-03-23,Lassen,035,31185,5131,5130,104,5234,1
2021-03-23,Los Angeles,037,10098052,1182182,1176572,42181,1218753,22904
2021-03-23,Madera,039,155013,16009,15908,902,16810,210
2021-03-23,Marin,041,260295,13568,13514,197,13711,221
2021-03-23,Mariposa,043,17540,392,384,5,389,5
2021-03-23,Mendocino,045,87422,3735,3652,71,3723,45
2021-03-23,Merced,047,269075,29631,29485,943,30428,415
2021-03-23,Modoc,049,8938,352,342,120,462,3
2021-03-23,Mono,051,14174,1221,1263,12,1275,3
2021-03-23,Monterey,053,433212,42328,42180,1816,43996,335
2021-03-23,Napa,055,140530,9340,9299,33,9332,78
2021-03-23,Nevada,057,99092,4249,4179,180,4359,89
2021-03-23,Orange,059,3164182,249980,248661,11017,259678,4626
2021-03-23,Placer,061,380077,21339,20567,1257,21824,248
2021-03-23,Plumas,063,18699,663,652,11,663,4
2021-03-23,Riverside,065,2383286,286375,282317,14332,296649,4035
2021-03-23,Sacramento,067,1510023,98017,96521,1430,97951,1496
2021-03-23,San Benito,069,59416,5844,5845,96,5941,61
2021-03-23,San Bernardino,071,2135413,288054,284875,9128,294003,4134
2021-03-23,San Diego,073,3302833,269437,268156,13339,281495,3498
2021-03-23,San Francisco,075,870044,35038,35071,1267,36338,462
2021-03-23,San Joaquin,077,732212,69082,67903,3211,71114,1182
2021-03-23,San Luis Obispo,079,281455,20196,20009,644,20653,250
2021-03-23,San Mateo,081,765935,40562,40032,441,40473,348
2021-03-23,Santa Barbara,083,443738,33265,32771,1193,33964,438
2021-03-23,Santa Clara,085,1922200,113183,113645,658,114303,1848
2021-03-23,Santa Cruz,087,273765,15696,15106,860,15966,201
2021-03-23,Shasta,089,179085,11222,11234,1372,12606,175
2021-03-23,Sierra,091,2930,53,50,14,64,0
2021-03-23,Siskiyou,093,43540,1547,1485,272,1757,6
2021-03-23,Solano,095,438530,30649,30524,410,30934,178
2021-03-23,Sonoma,097,501317,28936,29020,258,29278,310
2021-03-23,Stanislaus,099,539301,52472,52148,5762,57910,677
2021-03-23,Sutter,101,95872,9094,9039,86,9125,104
2021-03-23,Tehama,103,63373,4728,4707,530,5237,46
2021-03-23,Trinity,105,12862,380,310,61,371,3
2021-03-23,Tulare,107,460477,48617,48095,8985,57080,808
2021-03-23,Tuolumne,109,53932,3959,3957,33,3990,57
2021-03-23,Ventura,111,848112,79316,78930,2964,81894,932
2021-03-23,Yolo,113,214977,13284,13255,257,13512,194
2021-03-23,Yuba,115,75493,5674,5628,99,5727,42
2021-03-22,Alameda,001,1643700,83183,82748,1862,84610,1189
2021-03-22,Alpine,003,1148,85,83,0,83,0
2021-03-22,Amador,005,37829,3542,3522,33,3555,44
2021-03-22,Butte,007,227075,11561,11211,1739,12950,185
2021-03-22,Calaveras,009,45235,1986,1963,12,1975,49
2021-03-22,Colusa,011,21464,1882,1885,278,2163,13
2021-03-22,Contra Costa,013,1133247,65211,64432,1180,65612,740
2021-03-22,Del Norte,015,27424,1123,1082,2,1084,6
2021-03-22,El Dorado,017,186661,9335,9310,640,9950,105
2021-03-22,Fresno,019,978130,98705,98276,8457,106733,1556
2021-03-22,Glenn,021,27897,2313,2291,537,2828,17
2021-03-22,Humboldt,023,135768,3424,3403,24,3427,34
2021-03-22,Imperial,025,180216,27414,27302,2729,30031,699
2021-03-22,Inyo,027,18085,1366,1363,3,1366,35
2021-03-22,Kern,029,883053,94724,93675,10601,104276,1178
2021-03-22,Kings,031,150075,22553,22433,1110,23543,236
2021-03-22,Lake,033,64148,3333,3290,8,3298,43
2021-03-22,Lassen,035,31185,5129,5129,104,5233,1
2021-03-22,Los Angeles,037,10098052,1181677,1176205,42146,1218351,22843
2021-03-22,Madera,039,155013,15994,15904,902,16806,210
2021-03-22,Marin,041,260295,13559,13501,196,13697,221
2021-03-22,Mariposa,043,17540,391,381,5,386,5
2021-03-22,Mendocino,045,87422,3733,3653,71,3724,45
2021-03-22,Merced,047,269075,29588,29468,940,30408,413
2021-03-22,Modoc,049,8938,350,342,120,462,3
2021-03-22,Mono,051,14174,1216,1263,12,1275,3
2021-03-22,Monterey,053,433212,42311,42161,1814,43975,335
2021-03-22,Napa,055,140530,9329,9288,33,9321,77
2021-03-22,Nevada,057,99092,4239,4174,175,4349,89
2021-03-22,Orange,059,3164182,249830,248517,10982,259499,4599
2021-03-22,Placer,061,380077,21303,20543,1252,21795,242
2021-03-22,Plumas,063,18699,663,652,11,663,4
2021-03-22,Riverside,065,2383286,286282,282242,14321,296563,4009
2021-03-22,Sacramento,067,1510023,97839,96385,1420,97805,1493
2021-03-22,San Benito,069,59416,5841,5844,95,5939,61
2021-03-22,San Bernardino,071,2135413,287967,284771,9115,293886,4107
2021-03-22,San Diego,073,3302833,269226,267913,13319,281232,3494
2021-03-22,San Francisco,075,870044,34996,35040,1263,36303,462
2021-03-22,San Joaquin,077,732212,68991,67815,3192,71007,1182
2021-03-22,San Luis Obispo,079,281455,20172,20000,643,20643,250
2021-03-22,San Mateo,081,765935,40512,40024,439,40463,348
2021-03-22,Santa Barbara,083,443738,33220,32756,1190,33946,437
2021-03-22,Santa Clara,085,1922200,113064,113575,658,114233,1845
2021-03-22,Santa Cruz,087,273765,15684,15077,859,15936,201
2021-03-22,Shasta,089,179085,11208,11218,1371,12589,150
2021-03-22,Sierra,091,2930,53,50,14,64,0
2021-03-22,Siskiyou,093,43540,1546,1487,271,1758,5
2021-03-22,Solano,095,438530,30610,30490,406,30896,171
2021-03-22,Sonoma,097,501317,28907,29010,254,29264,310
2021-03-22,Stanislaus,099,539301,52388,52083,5757,57840,677
2021-03-22,Sutter,101,95872,9081,9024,86,9110,104
2021-03-22,Tehama,103,63373,4720,4704,530,5234,45
2021-03-22,Trinity,105,12862,380,310,61,371,3
2021-03-22,Tulare,107,460477,48602,48074,8964,57038,807
2021-03-22,Tuolumne,109,53932,3956,3954,33,3987,57
2021-03-22,Ventura,111,848112,79268,78890,2961,81851,927
2021-03-22,Yolo,113,214977,13272,13243,256,13499,190
2021-03-22,Yuba,115,75493,5663,5627,97,5724,42
2021-03-21,Alameda,001,1643700,83095,82684,1859,84543,1187
2021-03-21,Alpine,003,1148,85,83,0,83,0
2021-03-21,Amador,005,37829,3538,3519,33,3552,44
2021-03-21,Butte,007,227075,11545,11208,1733,12941,185
2021-03-21,Calaveras,009,45235,1983,1962,12,1974,49
2021-03-21,Colusa,011,21464,1882,1885,278,2163,13
2021-03-21,Contra Costa,013,1133247,65129,64382,1176,65558,740
2021-03-21,Del Norte,015,27424,1108,1076,2,1078,6
2021-03-21,El Dorado,017,186661,9325,9302,635,9937,105
2021-03-21,Fresno,019,978130,98593,98211,8433,106644,1556
2021-03-21,Glenn,021,27897,2310,2288,536,2824,17
2021-03-21,Humboldt,023,135768,3419,3402,24,3426,34
2021-03-21,Imperial,025,180216,27397,27267,2720,29987,699
2021-03-21,Inyo,027,18085,1366,1363,3,1366,35
2021-03-21,Kern,029,883053,94660,93649,10590,104239,1170
2021-03-21,Kings,031,150075,22536,22422,1109,23531,236
2021-03-21,Lake,033,64148,3329,3286,8,3294,43
2021-03-21,Lassen,035,31185,5129,5129,104,5233,1
2021-03-21,Los Angeles,037,10098052,1181154,1175684,42095,1217779,22834
2021-03-21,Madera,039,155013,15975,15895,900,16795,210
2021-03-21,Marin,041,260295,13543,13495,195,13690,220
2021-03-21,Mariposa,043,17540,391,381,5,386,5
2021-03-21,Mendocino,045,87422,3730,3651,71,3722,45
2021-03-21,Merced,047,269075,29528,29446,934,30380,413
2021-03-21,Modoc,049,8938,350,341,120,461,3
2021-03-21,Mono,051,14174,1211,1263,12,1275,3
2021-03-21,Monterey,053,433212,42286,42153,1811,43964,335
2021-03-21,Napa,055,140530,9309,9282,33,9315,77
2021-03-21,Nevada,057,99092,4226,4169,175,4344,89
2021-03-21,Orange,059,3164182,249698,248442,10954,259396,4598
2021-03-21,Placer,061,380077,21267,20520,1244,21764,242
2021-03-21,Plumas,063,18699,663,653,11,664,4
2021-03-21,Riverside,065,2383286,286177,282187,14309,296496,4009
2021-03-21,Sacramento,067,1510023,97645,96269,1412,97681,1489
2021-03-21,San Benito,069,59416,5835,5842,95,5937,61
2021-03-21,San Bernardino,071,2135413,287879,284732,9109,293841,4094
2021-03-21,San Diego,073,3302833,268966,267724,13293,281017,3494
2021-03-21,San Francisco,075,870044,34949,35012,1256,36268,460
2021-03-21,San Joaquin,077,732212,68869,67729,3174,70903,1182
2021-03-21,San Luis Obispo,079,281455,20140,19979,641,20620,250
2021-03-21,San Mateo,081,765935,40467,39988,438,40426,344
2021-03-21,Santa Barbara,083,443738,33181,32743,1188,33931,437
2021-03-21,Santa Clara,085,1922200,112935,113487,655,114142,1840
2021-03-21,Santa Cruz,087,273765,15677,15064,859,15923,199
2021-03-21,Shasta,089,179085,11188,11215,1370,12585,150
2021-03-21,Sierra,091,2930,53,50,14,64,0
2021-03-21,Siskiyou,093,43540,1546,1486,270,1756,5
2021-03-21,Solano,095,438530,30570,30474,403,30877,171
2021-03-21,Sonoma,097,501317,28878,28986,253,29239,310
2021-03-21,Stanislaus,099,539301,52298,52014,5756,57770,677
2021-03-21,Sutter,101,95872,9068,9021,86,9107,104
2021-03-21,Tehama,103,63373,4716,4701,530,5231,45
2021-03-21,Trinity,105,12862,378,310,61,371,3
2021-03-21,Tulare,107,460477,48586,48060,8952,57012,807
2021-03-21,Tuolumne,109,53932,3954,3953,33,3986,57
2021-03-21,Ventura,111,848112,79204,78863,2956,81819,927
2021-03-21,Yolo,113,214977,13251,13235,256,13491,190
2021-03-21,Yuba,115,75493,5653,5624,97,5721,42
2021-03-20,Alameda,001,1643700,83026,82614,1857,84471,1178
2021-03-20,Alpine,003,1148,85,83,0,83,0
2021-03-20,Amador,005,37829,3536,3518,33,3551,44
2021-03-20,Butte,007,227075,11539,11199,1731,12930,185
2021-03-20,Calaveras,009,45235,1979,1961,12,1973,49
2021-03-20,Colusa,011,21464,1882,1883,278,2161,12
2021-03-20,Contra Costa,013,1133247,65069,64313,1176,65489,713
2021-03-20,Del Norte,015,27424,1107,1075,2,1077,6
2021-03-20,El Dorado,017,186661,9319,9290,635,9925,105
2021-03-20,Fresno,019,978130,98533,98112,8426,106538,1532
2021-03-20,Glenn,021,27897,2309,2288,534,2822,17
2021-03-20,Humboldt,023,135768,3412,3399,24,3423,33
2021-03-20,Imperial,025,180216,27391,27239,2718,29957,695
2021-03-20,Inyo,027,18085,1366,1362,3,1365,35
2021-03-20,Kern,029,883053,94631,93606,10585,104191,1155
2021-03-20,Kings,031,150075,22531,22415,1108,23523,236
2021-03-20,Lake,033,64148,3325,3280,8,3288,43
2021-03-20,Lassen,035,31185,5129,5128,104,5232,1
2021-03-20,Los Angeles,037,10098052,1180858,1175290,42067,1217357,22810
2021-03-20,Madera,039,155013,15967,15891,899,16790,210
2021-03-20,Marin,041,260295,13531,13470,191,13661,220
2021-03-20,Mariposa,043,17540,390,381,5,386,5
2021-03-20,Mendocino,045,87422,3729,3639,71,3710,43
2021-03-20,Merced,047,269075,29497,29411,931,30342,412
2021-03-20,Modoc,049,8938,349,341,120,461,3
2021-03-20,Mono,051,14174,1211,1256,12,1268,3
2021-03-20,Monterey,053,433212,42277,42146,1810,43956,334
2021-03-20,Napa,055,140530,9301,9274,33,9307,77
2021-03-20,Nevada,057,99092,4215,4164,174,4338,89
2021-03-20,Orange,059,3164182,249617,248348,10941,259289,4522
2021-03-20,Placer,061,380077,21245,20505,1242,21747,242
2021-03-20,Plumas,063,18699,660,652,11,663,4
2021-03-20,Riverside,065,2383286,286104,282081,14305,296386,4000
2021-03-20,Sacramento,067,1510023,97535,96126,1408,97534,1488
2021-03-20,San Benito,069,59416,5831,5840,95,5935,61
2021-03-20,San Bernardino,071,2135413,287814,284690,9105,293795,3965
2021-03-20,San Diego,073,3302833,268795,267532,13286,280818,3493
2021-03-20,San Francisco,075,870044,34926,34968,1249,36217,453
2021-03-20,San Joaquin,077,732212,68828,67662,3167,70829,1161
2021-03-20,San Luis Obispo,079,281455,20124,19951,635,20586,250
2021-03-20,San Mateo,081,765935,40433,39958,437,40395,344
2021-03-20,Santa Barbara,083,443738,33157,32723,1187,33910,434
2021-03-20,Santa Clara,085,1922200,112843,113384,654,114038,1799
2021-03-20,Santa Cruz,087,273765,15661,15053,859,15912,199
2021-03-20,Shasta,089,179085,11182,11211,1370,12581,147
2021-03-20,Sierra,091,2930,53,50,14,64,0
2021-03-20,Siskiyou,093,43540,1546,1483,270,1753,5
2021-03-20,Solano,095,438530,30540,30439,403,30842,170
2021-03-20,Sonoma,097,501317,28863,28962,252,29214,309
2021-03-20,Stanislaus,099,539301,52243,51925,5748,57673,673
2021-03-20,Sutter,101,95872,9060,9014,86,9100,103
2021-03-20,Tehama,103,63373,4711,4696,528,5224,33
2021-03-20,Trinity,105,12862,377,310,61,371,3
2021-03-20,Tulare,107,460477,48571,48030,8935,56965,804
2021-03-20,Tuolumne,109,53932,3951,3950,33,3983,57
2021-03-20,Ventura,111,848112,79167,78818,2954,81772,922
2021-03-20,Yolo,113,214977,13247,13226,256,13482,190
2021-03-20,Yuba,115,75493,5650,5621,96,5717,42
2021-03-19,Alameda,001,1643700,82953,82499,1855,84354,1187
2021-03-19,Alpine,003,1148,84,82,0,82,0
2021-03-19,Amador,005,37829,3533,3515,33,3548,44
2021-03-19,Butte,007,227075,11530,11191,1728,12919,185
2021-03-19,Calaveras,009,45235,1978,1957,12,1969,49
2021-03-19,Colusa,011,21464,1881,1883,278,2161,12
2021-03-19,Contra Costa,013,1133247,65010,64195,1173,65368,737
2021-03-19,Del Norte,015,27424,1101,1071,0,1071,6
2021-03-19,El Dorado,017,186661,9310,9274,635,9909,105
2021-03-19,Fresno,019,978130,98451,97969,8411,106380,1527
2021-03-19,Glenn,021,27897,2309,2282,534,2816,17
2021-03-19,Humboldt,023,135768,3403,3388,24,3412,33
2021-03-19,Imperial,025,180216,27380,27218,2713,29931,695
2021-03-19,Inyo,027,18085,1364,1356,3,1359,35
2021-03-19,Kern,029,883053,94598,93534,10572,104106,1152
2021-03-19,Kings,031,150075,22522,22369,1105,23474,235
2021-03-19,Lake,033,64148,3319,3262,8,3270,43
2021-03-19,Lassen,035,31185,5129,5126,104,5230,1
2021-03-19,Los Angeles,037,10098052,1180523,1174818,42051,1216869,22752
2021-03-19,Madera,039,155013,15960,15877,898,16775,210
2021-03-19,Marin,041,260295,13519,13441,191,13632,220
2021-03-19,Mariposa,043,17540,389,380,5,385,5
2021-03-19,Mendocino,045,87422,3728,3639,71,3710,45
2021-03-19,Merced,047,269075,29468,29376,930,30306,412
2021-03-19,Modoc,049,8938,349,341,120,461,3
2021-03-19,Mono,051,14174,1209,1244,12,1256,3
2021-03-19,Monterey,053,433212,42268,42125,1808,43933,335
2021-03-19,Napa,055,140530,9289,9256,33,9289,77
2021-03-19,Nevada,057,99092,4204,4156,174,4330,88
2021-03-19,Orange,059,3164182,249518,248146,10928,259074,4501
2021-03-19,Placer,061,380077,21227,20451,1240,21691,242
2021-03-19,Plumas,063,18699,660,650,11,661,4
2021-03-19,Riverside,065,2383286,286022,281937,14300,296237,3989
2021-03-19,Sacramento,067,1510023,97433,95934,1405,97339,1486
2021-03-19,San Benito,069,59416,5831,5845,95,5940,61
2021-03-19,San Bernardino,071,2135413,287743,284501,9103,293604,4017
2021-03-19,San Diego,073,3302833,268660,267173,13276,280449,3491
2021-03-19,San Francisco,075,870044,34880,34936,1246,36182,461
2021-03-19,San Joaquin,077,732212,68758,67515,3153,70668,1180
2021-03-19,San Luis Obispo,079,281455,20104,19913,633,20546,249
2021-03-19,San Mateo,081,765935,40409,39893,437,40330,344
2021-03-19,Santa Barbara,083,443738,33128,32685,1186,33871,435
2021-03-19,Santa Clara,085,1922200,112769,113232,653,113885,1797
2021-03-19,Santa Cruz,087,273765,15654,15026,859,15885,199
2021-03-19,Shasta,089,179085,11175,11104,1368,12472,103
2021-03-19,Sierra,091,2930,52,49,14,63,0
2021-03-19,Siskiyou,093,43540,1546,1480,269,1749,5
2021-03-19,Solano,095,438530,30510,30395,401,30796,172
2021-03-19,Sonoma,097,501317,28842,28932,250,29182,292
2021-03-19,Stanislaus,099,539301,52185,51755,5745,57500,679
2021-03-19,Sutter,101,95872,9058,9005,86,9091,103
2021-03-19,Tehama,103,63373,4703,4685,528,5213,33
2021-03-19,Trinity,105,12862,377,310,61,371,3
2021-03-19,Tulare,107,460477,48548,47989,8912,56901,805
2021-03-19,Tuolumne,109,53932,3948,3946,33,3979,57
2021-03-19,Ventura,111,848112,79129,78753,2949,81702,920
2021-03-19,Yolo,113,214977,13239,13197,256,13453,189
2021-03-19,Yuba,115,75493,5647,5615,95,5710,42
2021-03-18,Alameda,001,1643700,82869,82419,1852,84271,1189
2021-03-18,Alpine,003,1148,84,82,0,82,0
2021-03-18,Amador,005,37829,3529,3513,33,3546,44
2021-03-18,Butte,007,227075,11519,11179,1726,12905,185
2021-03-18,Calaveras,009,45235,1976,1954,12,1966,49
2021-03-18,Colusa,011,21464,1881,1882,278,2160,12
2021-03-18,Contra Costa,013,1133247,64937,64103,1170,65273,739
2021-03-18,Del Norte,015,27424,1092,1059,0,1059,6
2021-03-18,El Dorado,017,186661,9297,9261,634,9895,105
2021-03-18,Fresno,019,978130,98356,97856,8396,106252,1527
2021-03-18,Glenn,021,27897,2305,2275,533,2808,17
2021-03-18,Humboldt,023,135768,3395,3381,24,3405,34
2021-03-18,Imperial,025,180216,27364,27190,2707,29897,695
2021-03-18,Inyo,027,18085,1361,1354,3,1357,35
2021-03-18,Kern,029,883053,94541,93458,10558,104016,1158
2021-03-18,Kings,031,150075,22515,22354,1104,23458,235
2021-03-18,Lake,033,64148,3316,3260,8,3268,43
2021-03-18,Lassen,035,31185,5128,5126,104,5230,1
2021-03-18,Los Angeles,037,10098052,1180094,1174205,42020,1216225,22689
2021-03-18,Madera,039,155013,15948,15860,896,16756,211
2021-03-18,Marin,041,260295,13501,13435,190,13625,219
2021-03-18,Mariposa,043,17540,387,380,5,385,5
2021-03-18,Mendocino,045,87422,3718,3630,71,3701,45
2021-03-18,Merced,047,269075,29433,29317,930,30247,410
2021-03-18,Modoc,049,8938,349,341,120,461,3
2021-03-18,Mono,051,14174,1205,1215,12,1227,3
2021-03-18,Monterey,053,433212,42254,42105,1808,43913,335
2021-03-18,Napa,055,140530,9280,9243,33,9276,77
2021-03-18,Nevada,057,99092,4197,4154,174,4328,74
2021-03-18,Orange,059,3164182,249415,248050,10915,258965,4514
2021-03-18,Placer,061,380077,21195,20421,1237,21658,243
2021-03-18,Plumas,063,18699,658,648,11,659,4
2021-03-18,Riverside,065,2383286,285943,281789,14293,296082,3957
2021-03-18,Sacramento,067,1510023,97285,95819,1401,97220,1481
2021-03-18,San Benito,069,59416,5829,5842,95,5937,61
2021-03-18,San Bernardino,071,2135413,287664,284294,9073,293367,4076
2021-03-18,San Diego,073,3302833,268508,266752,13266,280018,3478
2021-03-18,San Francisco,075,870044,34842,34904,1245,36149,461
2021-03-18,San Joaquin,077,732212,68658,67301,3141,70442,1169
2021-03-18,San Luis Obispo,079,281455,20075,19894,632,20526,249
2021-03-18,San Mateo,081,765935,40368,39874,437,40311,344
2021-03-18,Santa Barbara,083,443738,33086,32640,1186,33826,434
2021-03-18,Santa Clara,085,1922200,112652,113119,649,113768,1808
2021-03-18,Santa Cruz,087,273765,15644,14998,859,15857,198
2021-03-18,Shasta,089,179085,11161,11059,1366,12425,100
2021-03-18,Sierra,091,2930,52,49,14,63,0
2021-03-18,Siskiyou,093,43540,1543,1480,268,1748,5
2021-03-18,Solano,095,438530,30468,30352,398,30750,172
2021-03-18,Sonoma,097,501317,28820,28915,248,29163,292
2021-03-18,Stanislaus,099,539301,52113,51615,5741,57356,682
2021-03-18,Sutter,101,95872,9046,8999,86,9085,103
2021-03-18,Tehama,103,63373,4697,4683,527,5210,35
2021-03-18,Trinity,105,12862,377,310,61,371,3
2021-03-18,Tulare,107,460477,48529,47964,8897,56861,805
2021-03-18,Tuolumne,109,53932,3948,3942,33,3975,57
2021-03-18,Ventura,111,848112,79073,78697,2949,81646,918
2021-03-18,Yolo,113,214977,13226,13183,256,13439,191
2021-03-18,Yuba,115,75493,5643,5612,95,5707,42
2021-03-17,Alameda,001,1643700,82793,82353,1847,84200,1185
2021-03-17,Alpine,003,1148,84,82,0,82,0
2021-03-17,Amador,005,37829,3527,3511,33,3544,44
2021-03-17,Butte,007,227075,11510,11170,1724,12894,185
2021-03-17,Calaveras,009,45235,1975,1946,12,1958,49
2021-03-17,Colusa,011,21464,1880,1882,278,2160,12
2021-03-17,Contra Costa,013,1133247,64868,64026,1169,65195,737
2021-03-17,Del Norte,015,27424,1088,1053,0,1053,6
2021-03-17,El Dorado,017,186661,9287,9252,634,9886,105
2021-03-17,Fresno,019,978130,98246,97727,8377,106104,1507
2021-03-17,Glenn,021,27897,2298,2269,532,2801,17
2021-03-17,Humboldt,023,135768,3387,3365,24,3389,33
2021-03-17,Imperial,025,180216,27347,27168,2705,29873,691
2021-03-17,Inyo,027,18085,1359,1351,3,1354,35
2021-03-17,Kern,029,883053,94485,93392,10545,103937,1149
2021-03-17,Kings,031,150075,22499,22336,1103,23439,233
2021-03-17,Lake,033,64148,3309,3251,8,3259,43
2021-03-17,Lassen,035,31185,5127,5125,104,5229,1
2021-03-17,Los Angeles,037,10098052,1179645,1173416,41986,1215402,22602
2021-03-17,Madera,039,155013,15941,15835,895,16730,214
2021-03-17,Marin,041,260295,13483,13428,189,13617,218
2021-03-17,Mariposa,043,17540,387,379,5,384,5
2021-03-17,Mendocino,045,87422,3714,3625,71,3696,44
2021-03-17,Merced,047,269075,29405,29250,926,30176,408
2021-03-17,Modoc,049,8938,349,341,120,461,3
2021-03-17,Mono,051,14174,1203,1212,12,1224,3
2021-03-17,Monterey,053,433212,42235,42061,1805,43866,334
2021-03-17,Napa,055,140530,9265,9219,33,9252,76
2021-03-17,Nevada,057,99092,4187,4145,174,4319,74
2021-03-17,Orange,059,3164182,249297,247943,10887,258830,4502
2021-03-17,Placer,061,380077,21168,20369,1235,21604,243
2021-03-17,Plumas,063,18699,657,645,11,656,4
2021-03-17,Riverside,065,2383286,285831,281649,14285,295934,3925
2021-03-17,Sacramento,067,1510023,97158,95650,1395,97045,1477
2021-03-17,San Benito,069,59416,5826,5841,95,5936,61
2021-03-17,San Bernardino,071,2135413,287549,284170,9067,293237,4049
2021-03-17,San Diego,073,3302833,268297,266313,13248,279561,3470
2021-03-17,San Francisco,075,870044,34807,34873,1244,36117,457
2021-03-17,San Joaquin,077,732212,68576,67093,3125,70218,1164
2021-03-17,San Luis Obispo,079,281455,20052,19858,628,20486,249
2021-03-17,San Mateo,081,765935,40338,39838,436,40274,344
2021-03-17,Santa Barbara,083,443738,33066,32585,1185,33770,433
2021-03-17,Santa Clara,085,1922200,112559,112983,648,113631,1805
2021-03-17,Santa Cruz,087,273765,15636,14967,859,15826,199
2021-03-17,Shasta,089,179085,11156,11045,1363,12408,100
2021-03-17,Sierra,091,2930,52,49,14,63,0
2021-03-17,Siskiyou,093,43540,1542,1479,266,1745,5
2021-03-17,Solano,095,438530,30442,30320,396,30716,171
2021-03-17,Sonoma,097,501317,28796,28877,247,29124,292
2021-03-17,Stanislaus,099,539301,52040,51524,5734,57258,682
2021-03-17,Sutter,101,95872,9036,8982,86,9068,103
2021-03-17,Tehama,103,63373,4691,4670,527,5197,34
2021-03-17,Trinity,105,12862,377,308,61,369,3
2021-03-17,Tulare,107,460477,48509,47929,8887,56816,805
2021-03-17,Tuolumne,109,53932,3945,3938,33,3971,57
2021-03-17,Ventura,111,848112,79018,78648,2946,81594,916
2021-03-17,Yolo,113,214977,13211,13169,255,13424,190
2021-03-17,Yuba,115,75493,5640,5603,95,5698,42
2021-03-16,Alameda,001,1643700,82678,82259,1845,84104,1177
2021-03-16,Alpine,003,1148,84,82,0,82,0
2021-03-16,Amador,005,37829,3525,3510,33,3543,44
2021-03-16,Butte,007,227075,11498,11154,1723,12877,184
2021-03-16,Calaveras,009,45235,1970,1945,12,1957,49
2021-03-16,Colusa,011,21464,1879,1882,278,2160,12
2021-03-16,Contra Costa,013,1133247,64787,63951,1165,65116,736
2021-03-16,Del Norte,015,27424,1080,1048,0,1048,6
2021-03-16,El Dorado,017,186661,9271,9249,634,9883,105
2021-03-16,Fresno,019,978130,98113,97638,8352,105990,1498
2021-03-16,Glenn,021,27897,2290,2267,528,2795,17
2021-03-16,Humboldt,023,135768,3383,3351,24,3375,33
2021-03-16,Imperial,025,180216,27336,27143,2703,29846,689
2021-03-16,Inyo,027,18085,1358,1346,3,1349,35
2021-03-16,Kern,029,883053,94419,93340,10529,103869,1144
2021-03-16,Kings,031,150075,22463,22320,1102,23422,233
2021-03-16,Lake,033,64148,3301,3246,8,3254,43
2021-03-16,Lassen,035,31185,5126,5126,104,5230,1
2021-03-16,Los Angeles,037,10098052,1179116,1172676,41946,1214622,22527
2021-03-16,Madera,039,155013,15925,15822,893,16715,214
2021-03-16,Marin,041,260295,13465,13419,189,13608,218
2021-03-16,Mariposa,043,17540,384,379,5,384,5
2021-03-16,Mendocino,045,87422,3709,3623,71,3694,44
2021-03-16,Merced,047,269075,29352,29198,925,30123,407
2021-03-16,Modoc,049,8938,349,341,120,461,3
2021-03-16,Mono,051,14174,1202,1207,12,1219,3
2021-03-16,Monterey,053,433212,42216,42023,1805,43828,334
2021-03-16,Napa,055,140530,9255,9209,33,9242,75
2021-03-16,Nevada,057,99092,4178,4132,173,4305,67
2021-03-16,Orange,059,3164182,249162,247843,10867,258710,4479
2021-03-16,Placer,061,380077,21135,20339,1230,21569,240
2021-03-16,Plumas,063,18699,656,643,11,654,4
2021-03-16,Riverside,065,2383286,285725,281540,14272,295812,3893
2021-03-16,Sacramento,067,1510023,97015,95522,1391,96913,1466
2021-03-16,San Benito,069,59416,5821,5831,95,5926,61
2021-03-16,San Bernardino,071,2135413,287420,283980,9059,293039,4032
2021-03-16,San Diego,073,3302833,268065,265903,13235,279138,3462
2021-03-16,San Francisco,075,870044,34778,34833,1239,36072,456
2021-03-16,San Joaquin,077,732212,68474,66856,3112,69968,1163
2021-03-16,San Luis Obispo,079,281455,20023,19832,626,20458,248
2021-03-16,San Mateo,081,765935,40304,39806,435,40241,344
2021-03-16,Santa Barbara,083,443738,33034,32556,1184,33740,433
2021-03-16,Santa Clara,085,1922200,112441,112845,645,113490,1797
2021-03-16,Santa Cruz,087,273765,15630,14926,859,15785,199
2021-03-16,Shasta,089,179085,11140,11035,1360,12395,100
2021-03-16,Sierra,091,2930,51,49,14,63,0
2021-03-16,Siskiyou,093,43540,1538,1477,266,1743,5
2021-03-16,Solano,095,438530,30408,30298,395,30693,171
2021-03-16,Sonoma,097,501317,28764,28850,245,29095,291
2021-03-16,Stanislaus,099,539301,51960,51410,5727,57137,683
2021-03-16,Sutter,101,95872,9028,8970,86,9056,102
2021-03-16,Tehama,103,63373,4687,4660,526,5186,34
2021-03-16,Trinity,105,12862,377,308,60,368,3
2021-03-16,Tulare,107,460477,48461,47895,8879,56774,803
2021-03-16,Tuolumne,109,53932,3942,3938,33,3971,57
2021-03-16,Ventura,111,848112,78951,78671,2939,81610,916
2021-03-16,Yolo,113,214977,13196,13162,255,13417,190
2021-03-16,Yuba,115,75493,5637,5596,94,5690,42
2021-03-15,Alameda,001,1643700,82590,82159,1845,84004,1167
2021-03-15,Alpine,003,1148,84,82,0,82,0
2021-03-15,Amador,005,37829,3524,3506,33,3539,44
2021-03-15,Butte,007,227075,11485,11141,1719,12860,185
2021-03-15,Calaveras,009,45235,1966,1941,12,1953,49
2021-03-15,Colusa,011,21464,1879,1883,278,2161,12
2021-03-15,Contra Costa,013,1133247,64725,63847,1164,65011,732
2021-03-15,Del Norte,015,27424,1077,1048,0,1048,6
2021-03-15,El Dorado,017,186661,9265,9235,633,9868,103
2021-03-15,Fresno,019,978130,97987,97520,8336,105856,1496
2021-03-15,Glenn,021,27897,2285,2261,525,2786,15
2021-03-15,Humboldt,023,135768,3377,3337,24,3361,32
2021-03-15,Imperial,025,180216,27315,27122,2701,29823,684
2021-03-15,Inyo,027,18085,1358,1346,3,1349,35
2021-03-15,Kern,029,883053,94359,93266,10522,103788,1141
2021-03-15,Kings,031,150075,22446,22294,1097,23391,233
2021-03-15,Lake,033,64148,3289,3237,8,3245,43
2021-03-15,Lassen,035,31185,5126,5125,104,5229,1
2021-03-15,Los Angeles,037,10098052,1178557,1172445,41905,1214350,22477
2021-03-15,Madera,039,155013,15914,15806,891,16697,214
2021-03-15,Marin,041,260295,13459,13408,188,13596,218
2021-03-15,Mariposa,043,17540,384,376,5,381,5
2021-03-15,Mendocino,045,87422,3705,3615,71,3686,44
2021-03-15,Merced,047,269075,29312,29169,924,30093,407
2021-03-15,Modoc,049,8938,349,340,120,460,3
2021-03-15,Mono,051,14174,1201,1206,12,1218,3
2021-03-15,Monterey,053,433212,42188,42011,1802,43813,333
2021-03-15,Napa,055,140530,9244,9196,33,9229,75
2021-03-15,Nevada,057,99092,4173,4123,172,4295,66
2021-03-15,Orange,059,3164182,249050,247697,10847,258544,4481
2021-03-15,Placer,061,380077,21112,20308,1230,21538,238
2021-03-15,Plumas,063,18699,656,642,11,653,4
2021-03-15,Riverside,065,2383286,285582,281367,14260,295627,3856
2021-03-15,Sacramento,067,1510023,96862,95414,1385,96799,1463
2021-03-15,San Benito,069,59416,5818,5831,95,5926,61
2021-03-15,San Bernardino,071,2135413,287327,283815,9051,292866,4004
2021-03-15,San Diego,073,3302833,267815,265646,13219,278865,3452
2021-03-15,San Francisco,075,870044,34742,34820,1235,36055,456
2021-03-15,San Joaquin,077,732212,68370,66622,3099,69721,1140
2021-03-15,San Luis Obispo,079,281455,19993,19813,621,20434,247
2021-03-15,San Mateo,081,765935,40250,39765,435,40200,344
2021-03-15,Santa Barbara,083,443738,33012,32529,1181,33710,431
2021-03-15,Santa Clara,085,1922200,112340,112729,643,113372,1798
2021-03-15,Santa Cruz,087,273765,15624,14899,857,15756,200
2021-03-15,Shasta,089,179085,11124,11019,1355,12374,92
2021-03-15,Sierra,091,2930,51,49,14,63,0
2021-03-15,Siskiyou,093,43540,1538,1475,266,1741,5
2021-03-15,Solano,095,438530,30379,30258,394,30652,171
2021-03-15,Sonoma,097,501317,28746,28814,242,29056,285
2021-03-15,Stanislaus,099,539301,51882,51357,5720,57077,683
2021-03-15,Sutter,101,95872,9022,8962,86,9048,102
2021-03-15,Tehama,103,63373,4677,4650,525,5175,34
2021-03-15,Trinity,105,12862,377,308,60,368,3
2021-03-15,Tulare,107,460477,48431,47857,8864,56721,800
2021-03-15,Tuolumne,109,53932,3940,3937,32,3969,57
2021-03-15,Ventura,111,848112,78897,78626,2938,81564,910
2021-03-15,Yolo,113,214977,13177,13131,253,13384,190
2021-03-15,Yuba,115,75493,5632,5585,93,5678,42
2021-03-14,Alameda,001,1643700,82504,82116,1842,83958,1168
2021-03-14,Alpine,003,1148,84,82,0,82,0
2021-03-14,Amador,005,37829,3519,3504,33,3537,44
2021-03-14,Butte,007,227075,11472,11140,1715,12855,185
2021-03-14,Calaveras,009,45235,1962,1939,12,1951,49
2021-03-14,Colusa,011,21464,1879,1883,278,2161,12
2021-03-14,Contra Costa,013,1133247,64621,63808,1162,64970,731
2021-03-14,Del Norte,015,27424,1063,1048,0,1048,6
2021-03-14,El Dorado,017,186661,9255,9231,633,9864,103
2021-03-14,Fresno,019,978130,97880,97461,8317,105778,1496
2021-03-14,Glenn,021,27897,2280,2260,522,2782,15
2021-03-14,Humboldt,023,135768,3363,3335,24,3359,32
2021-03-14,Imperial,025,180216,27297,27122,2697,29819,685
2021-03-14,Inyo,027,18085,1354,1346,3,1349,35
2021-03-14,Kern,029,883053,94278,93252,10502,103754,1141
2021-03-14,Kings,031,150075,22428,22292,1094,23386,232
2021-03-14,Lake,033,64148,3284,3237,8,3245,43
2021-03-14,Lassen,035,31185,5124,5125,104,5229,1
2021-03-14,Los Angeles,037,10098052,1177990,1172100,41866,1213966,22476
2021-03-14,Madera,039,155013,15889,15804,891,16695,214
2021-03-14,Marin,041,260295,13443,13405,186,13591,218
2021-03-14,Mariposa,043,17540,382,376,5,381,5
2021-03-14,Mendocino,045,87422,3700,3613,71,3684,44
2021-03-14,Merced,047,269075,29244,29149,920,30069,407
2021-03-14,Modoc,049,8938,349,340,120,460,3
2021-03-14,Mono,051,14174,1195,1206,12,1218,3
2021-03-14,Monterey,053,433212,42166,42007,1798,43805,333
2021-03-14,Napa,055,140530,9226,9194,33,9227,75
2021-03-14,Nevada,057,99092,4167,4122,170,4292,66
2021-03-14,Orange,059,3164182,248916,247656,10825,258481,4460
2021-03-14,Placer,061,380077,21078,20288,1222,21510,238
2021-03-14,Plumas,063,18699,654,642,11,653,4
2021-03-14,Riverside,065,2383286,285430,281332,14251,295583,3845
2021-03-14,Sacramento,067,1510023,96684,95343,1380,96723,1462
2021-03-14,San Benito,069,59416,5809,5829,95,5924,61
2021-03-14,San Bernardino,071,2135413,287203,283791,9040,292831,3996
2021-03-14,San Diego,073,3302833,267580,265468,13206,278674,3452
2021-03-14,San Francisco,075,870044,34704,34810,1231,36041,455
2021-03-14,San Joaquin,077,732212,68242,66563,3082,69645,1140
2021-03-14,San Luis Obispo,079,281455,19965,19806,619,20425,247
2021-03-14,San Mateo,081,765935,40211,39744,435,40179,342
2021-03-14,Santa Barbara,083,443738,32968,32514,1179,33693,431
2021-03-14,Santa Clara,085,1922200,112212,112648,642,113290,1796
2021-03-14,Santa Cruz,087,273765,15607,14887,855,15742,200
2021-03-14,Shasta,089,179085,11108,11019,1348,12367,92
2021-03-14,Sierra,091,2930,51,49,14,63,0
2021-03-14,Siskiyou,093,43540,1534,1473,265,1738,5
2021-03-14,Solano,095,438530,30347,30230,389,30619,171
2021-03-14,Sonoma,097,501317,28712,28798,238,29036,284
2021-03-14,Stanislaus,099,539301,51762,51306,5711,57017,690
2021-03-14,Sutter,101,95872,9006,8958,86,9044,102
2021-03-14,Tehama,103,63373,4665,4650,524,5174,34
2021-03-14,Trinity,105,12862,376,308,59,367,3
2021-03-14,Tulare,107,460477,48398,47845,8843,56688,800
2021-03-14,Tuolumne,109,53932,3938,3937,32,3969,57
2021-03-14,Ventura,111,848112,78844,78611,2932,81543,910
2021-03-14,Yolo,113,214977,13155,13128,249,13377,189
2021-03-14,Yuba,115,75493,5622,5583,93,5676,42
2021-03-13,Alameda,001,1643700,82444,82010,1842,83852,1168
2021-03-13,Alpine,003,1148,84,82,0,82,0
2021-03-13,Amador,005,37829,3516,3504,33,3537,44
2021-03-13,Butte,007,227075,11463,11131,1714,12845,185
2021-03-13,Calaveras,009,45235,1958,1939,12,1951,49
2021-03-13,Colusa,011,21464,1879,1882,278,2160,12
2021-03-13,Contra Costa,013,1133247,64561,63689,1162,64851,731
2021-03-13,Del Norte,015,27424,1059,1041,0,1041,6
2021-03-13,El Dorado,017,186661,9247,9221,633,9854,103
2021-03-13,Fresno,019,978130,97821,97324,8297,105621,1495
2021-03-13,Glenn,021,27897,2279,2260,521,2781,15
2021-03-13,Humboldt,023,135768,3356,3325,24,3349,32
2021-03-13,Imperial,025,180216,27292,27099,2692,29791,677
2021-03-13,Inyo,027,18085,1353,1344,3,1347,35
2021-03-13,Kern,029,883053,94239,93197,10495,103692,1140
2021-03-13,Kings,031,150075,22412,22265,1093,23358,232
2021-03-13,Lake,033,64148,3277,3234,7,3241,43
2021-03-13,Lassen,035,31185,5124,5125,104,5229,1
2021-03-13,Los Angeles,037,10098052,1177675,1171505,41822,1213327,22451
2021-03-13,Madera,039,155013,15877,15780,891,16671,214
2021-03-13,Marin,041,260295,13437,13391,184,13575,218
2021-03-13,Mariposa,043,17540,381,376,5,381,5
2021-03-13,Mendocino,045,87422,3696,3611,71,3682,44
2021-03-13,Merced,047,269075,29213,29106,920,30026,406
2021-03-13,Modoc,049,8938,349,340,119,459,3
2021-03-13,Mono,051,14174,1195,1207,12,1219,3
2021-03-13,Monterey,053,433212,42156,41989,1796,43785,332
2021-03-13,Napa,055,140530,9220,9190,33,9223,75
2021-03-13,Nevada,057,99092,4160,4111,169,4280,66
2021-03-13,Orange,059,3164182,248836,247514,10809,258323,4423
2021-03-13,Placer,061,380077,21057,20238,1219,21457,239
2021-03-13,Plumas,063,18699,652,642,11,653,4
2021-03-13,Riverside,065,2383286,285343,281191,14243,295434,3848
2021-03-13,Sacramento,067,1510023,96598,95192,1378,96570,1461
2021-03-13,San Benito,069,59416,5806,5823,95,5918,61
2021-03-13,San Bernardino,071,2135413,287150,283727,9034,292761,3972
2021-03-13,San Diego,073,3302833,267425,265270,13192,278462,3444
2021-03-13,San Francisco,075,870044,34687,34784,1222,36006,455
2021-03-13,San Joaquin,077,732212,68186,66480,3060,69540,1141
2021-03-13,San Luis Obispo,079,281455,19947,19789,618,20407,247
2021-03-13,San Mateo,081,765935,40184,39689,434,40123,341
2021-03-13,Santa Barbara,083,443738,32943,32486,1178,33664,431
2021-03-13,Santa Clara,085,1922200,112127,112531,641,113172,1790
2021-03-13,Santa Cruz,087,273765,15600,14875,855,15730,199
2021-03-13,Shasta,089,179085,11100,11021,1345,12366,108
2021-03-13,Sierra,091,2930,50,49,14,63,0
2021-03-13,Siskiyou,093,43540,1533,1470,265,1735,5
2021-03-13,Solano,095,438530,30330,30198,389,30587,171
2021-03-13,Sonoma,097,501317,28692,28762,234,28996,285
2021-03-13,Stanislaus,099,539301,51712,51257,5706,56963,695
2021-03-13,Sutter,101,95872,8999,8948,86,9034,102
2021-03-13,Tehama,103,63373,4663,4647,524,5171,33
2021-03-13,Trinity,105,12862,376,306,59,365,3
2021-03-13,Tulare,107,460477,48373,47818,8834,56652,798
2021-03-13,Tuolumne,109,53932,3935,3937,32,3969,57
2021-03-13,Ventura,111,848112,78795,78693,2932,81625,906
2021-03-13,Yolo,113,214977,13147,13087,248,13335,189
2021-03-13,Yuba,115,75493,5621,5577,93,5670,42
2021-03-12,Alameda,001,1643700,82365,81898,1841,83739,1164
2021-03-12,Alpine,003,1148,84,82,0,82,0
2021-03-12,Amador,005,37829,3513,3503,33,3536,44
2021-03-12,Butte,007,227075,11453,11126,1712,12838,184
2021-03-12,Calaveras,009,45235,1956,1916,12,1928,49
2021-03-12,Colusa,011,21464,1879,1883,278,2161,12
2021-03-12,Contra Costa,013,1133247,64486,63583,1161,64744,728
2021-03-12,Del Norte,015,27424,1053,1033,0,1033,6
2021-03-12,El Dorado,017,186661,9238,9219,633,9852,103
2021-03-12,Fresno,019,978130,97725,97185,8285,105470,1489
2021-03-12,Glenn,021,27897,2278,2258,520,2778,15
2021-03-12,Humboldt,023,135768,3351,3315,24,3339,32
2021-03-12,Imperial,025,180216,27281,27071,2690,29761,677
2021-03-12,Inyo,027,18085,1351,1339,3,1342,35
2021-03-12,Kern,029,883053,94204,93142,10479,103621,1132
2021-03-12,Kings,031,150075,22393,22233,1093,23326,232
2021-03-12,Lake,033,64148,3271,3226,6,3232,43
2021-03-12,Lassen,035,31185,5124,5125,103,5228,1
2021-03-12,Los Angeles,037,10098052,1177278,1170860,41805,1212665,22409
2021-03-12,Madera,039,155013,15865,15761,888,16649,214
2021-03-12,Marin,041,260295,13430,13375,184,13559,218
2021-03-12,Mariposa,043,17540,379,376,5,381,5
2021-03-12,Mendocino,045,87422,3693,3605,71,3676,43
2021-03-12,Merced,047,269075,29182,29064,920,29984,403
2021-03-12,Modoc,049,8938,349,340,119,459,3
2021-03-12,Mono,051,14174,1194,1206,12,1218,3
2021-03-12,Monterey,053,433212,42142,41964,1791,43755,329
2021-03-12,Napa,055,140530,9211,9180,33,9213,75
2021-03-12,Nevada,057,99092,4150,4101,169,4270,66
2021-03-12,Orange,059,3164182,248744,247388,10798,258186,4401
2021-03-12,Placer,061,380077,21024,20210,1214,21424,239
2021-03-12,Plumas,063,18699,651,641,11,652,4
2021-03-12,Riverside,065,2383286,285245,281037,14235,295272,3854
2021-03-12,Sacramento,067,1510023,96474,95061,1371,96432,1460
2021-03-12,San Benito,069,59416,5803,5817,95,5912,61
2021-03-12,San Bernardino,071,2135413,287092,283558,9029,292587,3917
2021-03-12,San Diego,073,3302833,267262,264886,13184,278070,3434
2021-03-12,San Francisco,075,870044,34666,34758,1219,35977,452
2021-03-12,San Joaquin,077,732212,68116,66482,3050,69532,1144
2021-03-12,San Luis Obispo,079,281455,19933,19769,616,20385,247
2021-03-12,San Mateo,081,765935,40148,39638,432,40070,341
2021-03-12,Santa Barbara,083,443738,32920,32457,1175,33632,429
2021-03-12,Santa Clara,085,1922200,112033,112396,640,113036,1766
2021-03-12,Santa Cruz,087,273765,15588,14846,853,15699,195
2021-03-12,Shasta,089,179085,11092,11143,1343,12486,153
2021-03-12,Sierra,091,2930,50,49,14,63,0
2021-03-12,Siskiyou,093,43540,1533,1468,264,1732,5
2021-03-12,Solano,095,438530,30311,30180,388,30568,171
2021-03-12,Sonoma,097,501317,28665,28714,234,28948,285
2021-03-12,Stanislaus,099,539301,51654,51146,5699,56845,701
2021-03-12,Sutter,101,95872,8993,8940,86,9026,101
2021-03-12,Tehama,103,63373,4659,4638,523,5161,33
2021-03-12,Trinity,105,12862,375,306,58,364,3
2021-03-12,Tulare,107,460477,48349,47772,8827,56599,798
2021-03-12,Tuolumne,109,53932,3934,3936,32,3968,57
2021-03-12,Ventura,111,848112,78752,78698,2928,81626,899
2021-03-12,Yolo,113,214977,13137,13061,241,13302,189
2021-03-12,Yuba,115,75493,5614,5563,92,5655,42
2021-03-11,Alameda,001,1643700,82272,81809,1836,83645,1164
2021-03-11,Alpine,003,1148,84,78,0,78,0
2021-03-11,Amador,005,37829,3512,3498,33,3531,42
2021-03-11,Butte,007,227075,11442,11110,1710,12820,185
2021-03-11,Calaveras,009,45235,1953,1915,12,1927,49
2021-03-11,Colusa,011,21464,1879,1883,278,2161,12
2021-03-11,Contra Costa,013,1133247,64413,63469,1159,64628,728
2021-03-11,Del Norte,015,27424,1048,1027,0,1027,6
2021-03-11,El Dorado,017,186661,9224,9211,633,9844,101
2021-03-11,Fresno,019,978130,97610,97026,8257,105283,1481
2021-03-11,Glenn,021,27897,2275,2255,520,2775,15
2021-03-11,Humboldt,023,135768,3334,3302,24,3326,32
2021-03-11,Imperial,025,180216,27274,27045,2686,29731,675
2021-03-11,Inyo,027,18085,1346,1335,3,1338,35
2021-03-11,Kern,029,883053,94149,93052,10440,103492,1121
2021-03-11,Kings,031,150075,22378,22183,1090,23273,230
2021-03-11,Lake,033,64148,3267,3214,6,3220,42
2021-03-11,Lassen,035,31185,5123,5124,103,5227,1
2021-03-11,Los Angeles,037,10098052,1176749,1170111,41771,1211882,22316
2021-03-11,Madera,039,155013,15854,15725,886,16611,214
2021-03-11,Marin,041,260295,13418,13356,183,13539,217
2021-03-11,Mariposa,043,17540,379,376,5,381,5
2021-03-11,Mendocino,045,87422,3686,3604,71,3675,42
2021-03-11,Merced,047,269075,29133,29001,919,29920,401
2021-03-11,Modoc,049,8938,349,340,119,459,3
2021-03-11,Mono,051,14174,1193,1206,12,1218,3
2021-03-11,Monterey,053,433212,42119,41936,1785,43721,329
2021-03-11,Napa,055,140530,9198,9173,33,9206,75
2021-03-11,Nevada,057,99092,4138,4085,167,4252,66
2021-03-11,Orange,059,3164182,248606,247217,10781,257998,4373
2021-03-11,Placer,061,380077,20981,20178,1210,21388,239
2021-03-11,Plumas,063,18699,650,640,11,651,4
2021-03-11,Riverside,065,2383286,285080,280881,14222,295103,3842
2021-03-11,Sacramento,067,1510023,96334,94912,1368,96280,1455
2021-03-11,San Benito,069,59416,5800,5816,95,5911,61
2021-03-11,San Bernardino,071,2135413,286996,283312,9023,292335,3869
2021-03-11,San Diego,073,3302833,267098,264524,13168,277692,3422
2021-03-11,San Francisco,075,870044,34630,34722,1213,35935,452
2021-03-11,San Joaquin,077,732212,68004,66522,3042,69564,1157
2021-03-11,San Luis Obispo,079,281455,19908,19748,615,20363,247
2021-03-11,San Mateo,081,765935,40111,39590,431,40021,341
2021-03-11,Santa Barbara,083,443738,32893,32408,1172,33580,430
2021-03-11,Santa Clara,085,1922200,111903,112246,637,112883,1765
2021-03-11,Santa Cruz,087,273765,15576,14812,852,15664,193
2021-03-11,Shasta,089,179085,11082,11139,1338,12477,158
2021-03-11,Sierra,091,2930,50,48,14,62,0
2021-03-11,Siskiyou,093,43540,1530,1466,264,1730,5
2021-03-11,Solano,095,438530,30284,30138,387,30525,171
2021-03-11,Sonoma,097,501317,28636,28677,234,28911,285
2021-03-11,Stanislaus,099,539301,51570,51038,5691,56729,707
2021-03-11,Sutter,101,95872,8987,8933,86,9019,101
2021-03-11,Tehama,103,63373,4650,4632,522,5154,33
2021-03-11,Trinity,105,12862,374,304,57,361,3
2021-03-11,Tulare,107,460477,48313,47709,8815,56524,797
2021-03-11,Tuolumne,109,53932,3932,3934,32,3966,57
2021-03-11,Ventura,111,848112,78702,78697,2924,81621,889
2021-03-11,Yolo,113,214977,13119,13041,239,13280,190
2021-03-11,Yuba,115,75493,5610,5553,92,5645,42
2021-03-10,Alameda,001,1643700,82164,81701,1830,83531,1160
2021-03-10,Alpine,003,1148,83,78,0,78,0
2021-03-10,Amador,005,37829,3510,3496,33,3529,42
2021-03-10,Butte,007,227075,11432,11096,1710,12806,185
2021-03-10,Calaveras,009,45235,1949,1913,12,1925,48
2021-03-10,Colusa,011,21464,1879,1882,278,2160,12
2021-03-10,Contra Costa,013,1133247,64314,63372,1155,64527,725
2021-03-10,Del Norte,015,27424,1046,1020,0,1020,5
2021-03-10,El Dorado,017,186661,9212,9203,633,9836,100
2021-03-10,Fresno,019,978130,97505,96866,8240,105106,1471
2021-03-10,Glenn,021,27897,2272,2253,518,2771,15
2021-03-10,Humboldt,023,135768,3324,3296,23,3319,32
2021-03-10,Imperial,025,180216,27259,27051,2686,29737,675
2021-03-10,Inyo,027,18085,1346,1328,3,1331,35
2021-03-10,Kern,029,883053,94083,92965,10417,103382,1102
2021-03-10,Kings,031,150075,22359,22166,1088,23254,226
2021-03-10,Lake,033,64148,3257,3207,6,3213,42
2021-03-10,Lassen,035,31185,5123,5120,103,5223,1
2021-03-10,Los Angeles,037,10098052,1176206,1169079,41741,1210820,22199
2021-03-10,Madera,039,155013,15833,15705,883,16588,212
2021-03-10,Marin,041,260295,13408,13348,182,13530,216
2021-03-10,Mariposa,043,17540,379,376,5,381,5
2021-03-10,Mendocino,045,87422,3681,3602,71,3673,42
2021-03-10,Merced,047,269075,29096,28927,917,29844,401
2021-03-10,Modoc,049,8938,348,338,119,457,3
2021-03-10,Mono,051,14174,1190,1204,12,1216,3
2021-03-10,Monterey,053,433212,42097,41920,1781,43701,329
2021-03-10,Napa,055,140530,9189,9165,33,9198,75
2021-03-10,Nevada,057,99092,4134,4074,167,4241,66
2021-03-10,Orange,059,3164182,248462,247075,10761,257836,4342
2021-03-10,Placer,061,380077,20946,20144,1204,21348,239
2021-03-10,Plumas,063,18699,649,639,11,650,4
2021-03-10,Riverside,065,2383286,284943,280708,14208,294916,3822
2021-03-10,Sacramento,067,1510023,96204,94796,1362,96158,1452
2021-03-10,San Benito,069,59416,5791,5811,95,5906,61
2021-03-10,San Bernardino,071,2135413,286907,283140,9016,292156,3841
2021-03-10,San Diego,073,3302833,266877,264094,13156,277250,3413
2021-03-10,San Francisco,075,870044,34596,34688,1204,35892,450
2021-03-10,San Joaquin,077,732212,67903,66483,3024,69507,1156
2021-03-10,San Luis Obispo,079,281455,19884,19710,611,20321,247
2021-03-10,San Mateo,081,765935,40087,39571,431,40002,338
2021-03-10,Santa Barbara,083,443738,32866,32356,1169,33525,429
2021-03-10,Santa Clara,085,1922200,111797,112103,633,112736,1759
2021-03-10,Santa Cruz,087,273765,15561,14790,851,15641,192
2021-03-10,Shasta,089,179085,11072,11125,1335,12460,155
2021-03-10,Sierra,091,2930,50,48,14,62,0
2021-03-10,Siskiyou,093,43540,1528,1458,264,1722,5
2021-03-10,Solano,095,438530,30254,30111,386,30497,170
2021-03-10,Sonoma,097,501317,28601,28638,233,28871,286
2021-03-10,Stanislaus,099,539301,51481,50968,5677,56645,706
2021-03-10,Sutter,101,95872,8976,8918,86,9004,101
2021-03-10,Tehama,103,63373,4640,4623,522,5145,33
2021-03-10,Trinity,105,12862,374,304,57,361,3
2021-03-10,Tulare,107,460477,48265,47659,8796,56455,793
2021-03-10,Tuolumne,109,53932,3931,3931,32,3963,57
2021-03-10,Ventura,111,848112,78625,78609,2922,81531,878
2021-03-10,Yolo,113,214977,13096,13021,238,13259,189
2021-03-10,Yuba,115,75493,5596,5545,91,5636,42
2021-03-09,Alameda,001,1643700,82079,81618,1830,83448,1151
2021-03-09,Alpine,003,1148,83,78,0,78,0
2021-03-09,Amador,005,37829,3508,3494,33,3527,42
2021-03-09,Butte,007,227075,11419,11092,1708,12800,185
2021-03-09,Calaveras,009,45235,1947,1913,12,1925,48
2021-03-09,Colusa,011,21464,1879,1880,278,2158,11
2021-03-09,Contra Costa,013,1133247,64221,63314,1153,64467,723
2021-03-09,Del Norte,015,27424,1038,1017,0,1017,5
2021-03-09,El Dorado,017,186661,9205,9198,633,9831,98
2021-03-09,Fresno,019,978130,97386,96744,8214,104958,1463
2021-03-09,Glenn,021,27897,2268,2251,516,2767,15
2021-03-09,Humboldt,023,135768,3312,3288,22,3310,32
2021-03-09,Imperial,025,180216,27250,27045,2682,29727,675
2021-03-09,Inyo,027,18085,1344,1324,3,1327,35
2021-03-09,Kern,029,883053,94004,92924,10399,103323,1088
2021-03-09,Kings,031,150075,22334,22143,1086,23229,226
2021-03-09,Lake,033,64148,3251,3202,6,3208,42
2021-03-09,Lassen,035,31185,5123,5120,103,5223,1
2021-03-09,Los Angeles,037,10098052,1175614,1167967,41705,1209672,22080
2021-03-09,Madera,039,155013,15822,15701,881,16582,211
2021-03-09,Marin,041,260295,13390,13335,180,13515,214
2021-03-09,Mariposa,043,17540,379,376,5,381,5
2021-03-09,Mendocino,045,87422,3677,3595,71,3666,42
2021-03-09,Merced,047,269075,29035,28876,916,29792,399
2021-03-09,Modoc,049,8938,348,338,118,456,3
2021-03-09,Mono,051,14174,1189,1203,12,1215,3
2021-03-09,Monterey,053,433212,42079,41894,1772,43666,329
2021-03-09,Napa,055,140530,9175,9155,33,9188,75
2021-03-09,Nevada,057,99092,4126,4062,167,4229,66
2021-03-09,Orange,059,3164182,248320,246989,10740,257729,4310
2021-03-09,Placer,061,380077,20904,20122,1200,21322,239
2021-03-09,Plumas,063,18699,646,639,11,650,4
2021-03-09,Riverside,065,2383286,284815,280562,14202,294764,3821
2021-03-09,Sacramento,067,1510023,96037,94720,1356,96076,1442
2021-03-09,San Benito,069,59416,5787,5800,95,5895,61
2021-03-09,San Bernardino,071,2135413,286793,282971,9009,291980,3823
2021-03-09,San Diego,073,3302833,266644,263745,13135,276880,3405
2021-03-09,San Francisco,075,870044,34566,34654,1200,35854,450
2021-03-09,San Joaquin,077,732212,67775,66383,3014,69397,1150
2021-03-09,San Luis Obispo,079,281455,19866,19672,604,20276,245
2021-03-09,San Mateo,081,765935,40040,39535,429,39964,336
2021-03-09,Santa Barbara,083,443738,32825,32314,1167,33481,428
2021-03-09,Santa Clara,085,1922200,111686,111963,628,112591,1756
2021-03-09,Santa Cruz,087,273765,15540,14764,849,15613,188
2021-03-09,Shasta,089,179085,11066,11113,1329,12442,155
2021-03-09,Sierra,091,2930,50,48,14,62,0
2021-03-09,Siskiyou,093,43540,1524,1447,262,1709,5
2021-03-09,Solano,095,438530,30218,30090,384,30474,169
2021-03-09,Sonoma,097,501317,28551,28601,230,28831,284
2021-03-09,Stanislaus,099,539301,51387,50884,5668,56552,703
2021-03-09,Sutter,101,95872,8963,8914,86,9000,101
2021-03-09,Tehama,103,63373,4632,4620,521,5141,33
2021-03-09,Trinity,105,12862,374,304,57,361,3
2021-03-09,Tulare,107,460477,48239,47637,8773,56410,792
2021-03-09,Tuolumne,109,53932,3929,3929,32,3961,56
2021-03-09,Ventura,111,848112,78555,78526,2919,81445,863
2021-03-09,Yolo,113,214977,13085,13015,237,13252,189
2021-03-09,Yuba,115,75493,5589,5539,91,5630,42
2021-03-08,Alameda,001,1643700,81965,81543,1829,83372,1142
2021-03-08,Alpine,003,1148,83,78,0,78,0
2021-03-08,Amador,005,37829,3505,3490,33,3523,42
2021-03-08,Butte,007,227075,11404,11082,1707,12789,185
2021-03-08,Calaveras,009,45235,1946,1909,12,1921,48
2021-03-08,Colusa,011,21464,1879,1877,278,2155,11
2021-03-08,Contra Costa,013,1133247,64128,63240,1153,64393,719
2021-03-08,Del Norte,015,27424,1033,1012,0,1012,5
2021-03-08,El Dorado,017,186661,9202,9188,632,9820,97
2021-03-08,Fresno,019,978130,97291,96665,8190,104855,1442
2021-03-08,Glenn,021,27897,2267,2249,516,2765,15
2021-03-08,Humboldt,023,135768,3298,3278,22,3300,31
2021-03-08,Imperial,025,180216,27243,27033,2679,29712,663
2021-03-08,Inyo,027,18085,1342,1320,3,1323,35
2021-03-08,Kern,029,883053,93937,92857,10378,103235,1087
2021-03-08,Kings,031,150075,22313,22130,1084,23214,226
2021-03-08,Lake,033,64148,3239,3195,6,3201,42
2021-03-08,Lassen,035,31185,5123,5119,103,5222,1
2021-03-08,Los Angeles,037,10098052,1175000,1163409,41671,1205080,21868
2021-03-08,Madera,039,155013,15812,15691,879,16570,211
2021-03-08,Marin,041,260295,13370,13328,178,13506,214
2021-03-08,Mariposa,043,17540,379,376,5,381,5
2021-03-08,Mendocino,045,87422,3675,3590,70,3660,42
2021-03-08,Merced,047,269075,28974,28841,915,29756,398
2021-03-08,Modoc,049,8938,348,338,118,456,3
2021-03-08,Mono,051,14174,1188,1200,12,1212,3
2021-03-08,Monterey,053,433212,42058,41863,1771,43634,328
2021-03-08,Napa,055,140530,9172,9146,33,9179,75
2021-03-08,Nevada,057,99092,4118,4059,167,4226,66
2021-03-08,Orange,059,3164182,248149,246900,10708,257608,4243
2021-03-08,Placer,061,380077,20869,20102,1189,21291,239
2021-03-08,Plumas,063,18699,645,635,11,646,4
2021-03-08,Riverside,065,2383286,284675,280463,14193,294656,3783
2021-03-08,Sacramento,067,1510023,95866,94654,1351,96005,1438
2021-03-08,San Benito,069,59416,5784,5797,95,5892,61
2021-03-08,San Bernardino,071,2135413,286687,282894,9001,291895,3811
2021-03-08,San Diego,073,3302833,266403,263272,13120,276392,3390
2021-03-08,San Francisco,075,870044,34539,34634,1196,35830,446
2021-03-08,San Joaquin,077,732212,67660,66307,3005,69312,1139
2021-03-08,San Luis Obispo,079,281455,19826,19656,600,20256,245
2021-03-08,San Mateo,081,765935,39991,39492,427,39919,335
2021-03-08,Santa Barbara,083,443738,32793,32293,1167,33460,427
2021-03-08,Santa Clara,085,1922200,111559,111882,626,112508,1756
2021-03-08,Santa Cruz,087,273765,15520,14729,849,15578,188
2021-03-08,Shasta,089,179085,11058,11088,1324,12412,155
2021-03-08,Sierra,091,2930,50,48,14,62,0
2021-03-08,Siskiyou,093,43540,1523,1440,262,1702,5
2021-03-08,Solano,095,438530,30178,30068,382,30450,169
2021-03-08,Sonoma,097,501317,28507,28571,229,28800,284
2021-03-08,Stanislaus,099,539301,51307,50825,5663,56488,690
2021-03-08,Sutter,101,95872,8960,8905,86,8991,100
2021-03-08,Tehama,103,63373,4629,4615,520,5135,33
2021-03-08,Trinity,105,12862,373,302,57,359,3
2021-03-08,Tulare,107,460477,48201,47587,8746,56333,791
2021-03-08,Tuolumne,109,53932,3928,3921,32,3953,56
2021-03-08,Ventura,111,848112,78484,78526,2911,81437,852
2021-03-08,Yolo,113,214977,13062,13000,236,13236,189
2021-03-08,Yuba,115,75493,5579,5530,91,5621,42
2021-03-07,Alameda,001,1643700,81846,81413,1828,83241,1145
2021-03-07,Alpine,003,1148,83,78,0,78,0
2021-03-07,Amador,005,37829,3502,3489,33,3522,42
2021-03-07,Butte,007,227075,11389,11075,1706,12781,185
2021-03-07,Calaveras,009,45235,1945,1906,12,1918,48
2021-03-07,Colusa,011,21464,1878,1876,278,2154,11
2021-03-07,Contra Costa,013,1133247,64031,63148,1150,64298,719
2021-03-07,Del Norte,015,27424,1028,1010,0,1010,5
2021-03-07,El Dorado,017,186661,9200,9184,631,9815,97
2021-03-07,Fresno,019,978130,97117,96549,8165,104714,1442
2021-03-07,Glenn,021,27897,2265,2244,516,2760,15
2021-03-07,Humboldt,023,135768,3288,3274,22,3296,31
2021-03-07,Imperial,025,180216,27234,27019,2677,29696,658
2021-03-07,Inyo,027,18085,1339,1320,3,1323,35
2021-03-07,Kern,029,883053,93851,92746,10347,103093,1086
2021-03-07,Kings,031,150075,22293,22103,1082,23185,224
2021-03-07,Lake,033,64148,3233,3192,6,3198,42
2021-03-07,Lassen,035,31185,5122,5119,103,5222,1
2021-03-07,Los Angeles,037,10098052,1174281,1162749,41631,1204380,21857
2021-03-07,Madera,039,155013,15793,15675,879,16554,211
2021-03-07,Marin,041,260295,13362,13313,176,13489,214
2021-03-07,Mariposa,043,17540,378,376,5,381,5
2021-03-07,Mendocino,045,87422,3672,3581,70,3651,42
2021-03-07,Merced,047,269075,28902,28829,911,29740,399
2021-03-07,Modoc,049,8938,348,338,118,456,3
2021-03-07,Mono,051,14174,1186,1199,12,1211,3
2021-03-07,Monterey,053,433212,42037,41858,1768,43626,328
2021-03-07,Napa,055,140530,9162,9137,33,9170,75
2021-03-07,Nevada,057,99092,4104,4052,166,4218,66
2021-03-07,Orange,059,3164182,247960,246771,10680,257451,4218
2021-03-07,Placer,061,380077,20830,20070,1185,21255,239
2021-03-07,Plumas,063,18699,644,635,11,646,4
2021-03-07,Riverside,065,2383286,284530,280379,14183,294562,3779
2021-03-07,Sacramento,067,1510023,95689,94513,1343,95856,1437
2021-03-07,San Benito,069,59416,5777,5795,95,5890,61
2021-03-07,San Bernardino,071,2135413,286537,282860,8995,291855,3810
2021-03-07,San Diego,073,3302833,266121,262965,13096,276061,3390
2021-03-07,San Francisco,075,870044,34505,34594,1191,35785,445
2021-03-07,San Joaquin,077,732212,67525,66252,2991,69243,1139
2021-03-07,San Luis Obispo,079,281455,19788,19614,598,20212,245
2021-03-07,San Mateo,081,765935,39951,39436,424,39860,329
2021-03-07,Santa Barbara,083,443738,32746,32218,1166,33384,425
2021-03-07,Santa Clara,085,1922200,111413,111745,622,112367,1752
2021-03-07,Santa Cruz,087,273765,15498,14715,848,15563,189
2021-03-07,Shasta,089,179085,11045,11083,1316,12399,156
2021-03-07,Sierra,091,2930,49,48,14,62,0
2021-03-07,Siskiyou,093,43540,1520,1435,258,1693,5
2021-03-07,Solano,095,438530,30141,30027,382,30409,169
2021-03-07,Sonoma,097,501317,28458,28533,227,28760,284
2021-03-07,Stanislaus,099,539301,51175,50783,5645,56428,699
2021-03-07,Sutter,101,95872,8950,8900,86,8986,100
2021-03-07,Tehama,103,63373,4619,4614,517,5131,33
2021-03-07,Trinity,105,12862,373,302,57,359,3
2021-03-07,Tulare,107,460477,48144,47569,8713,56282,790
2021-03-07,Tuolumne,109,53932,3927,3922,32,3954,56
2021-03-07,Ventura,111,848112,78386,78487,2907,81394,851
2021-03-07,Yolo,113,214977,13043,12988,236,13224,189
2021-03-07,Yuba,115,75493,5575,5516,91,5607,42
2021-03-06,Alameda,001,1643700,81792,81310,1827,83137,1143
2021-03-06,Alpine,003,1148,83,78,0,78,0
2021-03-06,Amador,005,37829,3498,3487,33,3520,42
2021-03-06,Butte,007,227075,11386,11065,1705,12770,185
2021-03-06,Calaveras,009,45235,1941,1904,12,1916,48
2021-03-06,Colusa,011,21464,1876,1874,278,2152,11
2021-03-06,Contra Costa,013,1133247,63970,63040,1146,64186,719
2021-03-06,Del Norte,015,27424,1023,1000,0,1000,5
2021-03-06,El Dorado,017,186661,9196,9166,631,9797,97
2021-03-06,Fresno,019,978130,97026,96366,8150,104516,1440
2021-03-06,Glenn,021,27897,2265,2241,516,2757,15
2021-03-06,Humboldt,023,135768,3278,3260,22,3282,31
2021-03-06,Imperial,025,180216,27230,27009,2672,29681,658
2021-03-06,Inyo,027,18085,1336,1312,3,1315,35
2021-03-06,Kern,029,883053,93805,92684,10326,103010,1082
2021-03-06,Kings,031,150075,22276,22094,1082,23176,224
2021-03-06,Lake,033,64148,3231,3189,6,3195,42
2021-03-06,Lassen,035,31185,5122,5119,103,5222,1
2021-03-06,Los Angeles,037,10098052,1173849,1161745,41599,1203344,21843
2021-03-06,Madera,039,155013,15784,15646,877,16523,211
2021-03-06,Marin,041,260295,13353,13289,176,13465,213
2021-03-06,Mariposa,043,17540,378,376,5,381,5
2021-03-06,Mendocino,045,87422,3670,3579,70,3649,42
2021-03-06,Merced,047,269075,28860,28771,911,29682,399
2021-03-06,Modoc,049,8938,347,338,118,456,3
2021-03-06,Mono,051,14174,1185,1198,12,1210,3
2021-03-06,Monterey,053,433212,42032,41838,1765,43603,327
2021-03-06,Napa,055,140530,9154,9129,33,9162,75
2021-03-06,Nevada,057,99092,4098,4044,166,4210,66
2021-03-06,Orange,059,3164182,247869,246634,10666,257300,4165
2021-03-06,Placer,061,380077,20807,20030,1183,21213,239
2021-03-06,Plumas,063,18699,644,634,11,645,4
2021-03-06,Riverside,065,2383286,284439,280225,14174,294399,3781
2021-03-06,Sacramento,067,1510023,95600,94332,1334,95666,1436
2021-03-06,San Benito,069,59416,5772,5793,95,5888,61
2021-03-06,San Bernardino,071,2135413,286453,282737,8993,291730,3791
2021-03-06,San Diego,073,3302833,265934,262778,13079,275857,3385
2021-03-06,San Francisco,075,870044,34475,34560,1186,35746,435
2021-03-06,San Joaquin,077,732212,67451,66162,2980,69142,1138
2021-03-06,San Luis Obispo,079,281455,19769,19592,595,20187,245
2021-03-06,San Mateo,081,765935,39927,39384,424,39808,329
2021-03-06,Santa Barbara,083,443738,32715,32176,1165,33341,424
2021-03-06,Santa Clara,085,1922200,111317,111570,620,112190,1749
2021-03-06,Santa Cruz,087,273765,15487,14701,848,15549,188
2021-03-06,Shasta,089,179085,11036,11076,1314,12390,158
2021-03-06,Sierra,091,2930,49,48,14,62,0
2021-03-06,Siskiyou,093,43540,1518,1432,258,1690,5
2021-03-06,Solano,095,438530,30112,30000,381,30381,169
2021-03-06,Sonoma,097,501317,28435,28484,225,28709,284
2021-03-06,Stanislaus,099,539301,51106,50691,5638,56329,711
2021-03-06,Sutter,101,95872,8944,8887,86,8973,100
2021-03-06,Tehama,103,63373,4619,4610,515,5125,33
2021-03-06,Trinity,105,12862,373,302,57,359,3
2021-03-06,Tulare,107,460477,48113,47515,8683,56198,789
2021-03-06,Tuolumne,109,53932,3925,3920,32,3952,56
2021-03-06,Ventura,111,848112,78331,78439,2906,81345,848
2021-03-06,Yolo,113,214977,13037,12951,236,13187,189
2021-03-06,Yuba,115,75493,5566,5504,91,5595,42
2021-03-05,Alameda,001,1643700,81705,81215,1825,83040,1141
2021-03-05,Alpine,003,1148,83,78,0,78,0
2021-03-05,Amador,005,37829,3497,3484,33,3517,42
2021-03-05,Butte,007,227075,11375,11050,1704,12754,185
2021-03-05,Calaveras,009,45235,1937,1902,12,1914,48
2021-03-05,Colusa,011,21464,1876,1874,278,2152,11
2021-03-05,Contra Costa,013,1133247,63890,62886,1143,64029,711
2021-03-05,Del Norte,015,27424,1019,995,0,995,5
2021-03-05,El Dorado,017,186661,9191,9150,630,9780,97
2021-03-05,Fresno,019,978130,96920,96184,8129,104313,1432
2021-03-05,Glenn,021,27897,2260,2241,516,2757,15
2021-03-05,Humboldt,023,135768,3271,3234,22,3256,31
2021-03-05,Imperial,025,180216,27220,26970,2663,29633,651
2021-03-05,Inyo,027,18085,1332,1309,3,1312,35
2021-03-05,Kern,029,883053,93767,92601,10312,102913,1076
2021-03-05,Kings,031,150075,22259,22063,1080,23143,224
2021-03-05,Lake,033,64148,3229,3185,6,3191,42
2021-03-05,Lassen,035,31185,5122,5117,101,5218,1
2021-03-05,Los Angeles,037,10098052,1173364,1160688,41565,1202253,21745
2021-03-05,Madera,039,155013,15774,15624,875,16499,211
2021-03-05,Marin,041,260295,13340,13275,175,13450,215
2021-03-05,Mariposa,043,17540,378,375,5,380,4
2021-03-05,Mendocino,045,87422,3667,3577,70,3647,42
2021-03-05,Merced,047,269075,28826,28734,910,29644,399
2021-03-05,Modoc,049,8938,347,337,118,455,3
2021-03-05,Mono,051,14174,1184,1197,12,1209,3
2021-03-05,Monterey,053,433212,42019,41802,1765,43567,325
2021-03-05,Napa,055,140530,9146,9109,33,9142,75
2021-03-05,Nevada,057,99092,4094,4033,166,4199,66
2021-03-05,Orange,059,3164182,247755,246489,10653,257142,4108
2021-03-05,Placer,061,380077,20781,19973,1179,21152,239
2021-03-05,Plumas,063,18699,644,635,11,646,4
2021-03-05,Riverside,065,2383286,284329,280075,14168,294243,3781
2021-03-05,Sacramento,067,1510023,95504,94182,1327,95509,1430
2021-03-05,San Benito,069,59416,5769,5790,95,5885,61
2021-03-05,San Bernardino,071,2135413,286360,282640,8989,291629,3774
2021-03-05,San Diego,073,3302833,265702,262357,13062,275419,3371
2021-03-05,San Francisco,075,870044,34435,34526,1182,35708,430
2021-03-05,San Joaquin,077,732212,67373,66041,2969,69010,1133
2021-03-05,San Luis Obispo,079,281455,19747,19557,593,20150,244
2021-03-05,San Mateo,081,765935,39895,39305,424,39729,326
2021-03-05,Santa Barbara,083,443738,32680,32139,1160,33299,424
2021-03-05,Santa Clara,085,1922200,111221,111384,620,112004,1745
2021-03-05,Santa Cruz,087,273765,15476,14694,848,15542,188
2021-03-05,Shasta,089,179085,11024,11062,1308,12370,148
2021-03-05,Sierra,091,2930,49,48,14,62,0
2021-03-05,Siskiyou,093,43540,1514,1429,257,1686,5
2021-03-05,Solano,095,438530,30095,29951,379,30330,168
2021-03-05,Sonoma,097,501317,28409,28417,225,28642,279
2021-03-05,Stanislaus,099,539301,51055,50606,5628,56234,721
2021-03-05,Sutter,101,95872,8937,8876,86,8962,100
2021-03-05,Tehama,103,63373,4610,4606,515,5121,33
2021-03-05,Trinity,105,12862,373,302,57,359,3
2021-03-05,Tulare,107,460477,48086,47469,8662,56131,789
2021-03-05,Tuolumne,109,53932,3923,3917,32,3949,56
2021-03-05,Ventura,111,848112,78264,78368,2904,81272,839
2021-03-05,Yolo,113,214977,13025,12920,235,13155,188
2021-03-05,Yuba,115,75493,5554,5496,91,5587,42
2021-03-04,Alameda,001,1643700,81593,81115,1825,82940,1136
2021-03-04,Alpine,003,1148,83,78,0,78,0
2021-03-04,Amador,005,37829,3496,3480,33,3513,42
2021-03-04,Butte,007,227075,11368,11033,1703,12736,185
2021-03-04,Calaveras,009,45235,1936,1896,12,1908,48
2021-03-04,Colusa,011,21464,1874,1873,273,2146,11
2021-03-04,Contra Costa,013,1133247,63792,62789,1140,63929,708
2021-03-04,Del Norte,015,27424,1011,989,0,989,5
2021-03-04,El Dorado,017,186661,9176,9133,630,9763,97
2021-03-04,Fresno,019,978130,96759,96023,8111,104134,1422
2021-03-04,Glenn,021,27897,2256,2236,513,2749,15
2021-03-04,Humboldt,023,135768,3258,3212,22,3234,31
2021-03-04,Imperial,025,180216,27209,26946,2659,29605,646
2021-03-04,Inyo,027,18085,1329,1300,3,1303,35
2021-03-04,Kern,029,883053,93680,92525,10292,102817,1070
2021-03-04,Kings,031,150075,22234,22025,1077,23102,224
2021-03-04,Lake,033,64148,3221,3181,6,3187,42
2021-03-04,Lassen,035,31185,5122,5116,101,5217,1
2021-03-04,Los Angeles,037,10098052,1172755,1159405,41515,1200920,21610
2021-03-04,Madera,039,155013,15740,15596,871,16467,208
2021-03-04,Marin,041,260295,13323,13240,172,13412,215
2021-03-04,Mariposa,043,17540,378,376,5,381,4
2021-03-04,Mendocino,045,87422,3664,3569,70,3639,42
2021-03-04,Merced,047,269075,28776,28671,908,29579,396
2021-03-04,Modoc,049,8938,346,336,118,454,3
2021-03-04,Mono,051,14174,1184,1197,12,1209,3
2021-03-04,Monterey,053,433212,41999,41771,1762,43533,325
2021-03-04,Napa,055,140530,9138,9094,33,9127,74
2021-03-04,Nevada,057,99092,4084,4020,166,4186,66
2021-03-04,Orange,059,3164182,247600,246354,10635,256989,4096
2021-03-04,Placer,061,380077,20749,19900,1173,21073,239
2021-03-04,Plumas,063,18699,644,634,11,645,4
2021-03-04,Riverside,065,2383286,284203,279871,14155,294026,3766
2021-03-04,Sacramento,067,1510023,95369,93982,1324,95306,1426
2021-03-04,San Benito,069,59416,5769,5781,95,5876,61
2021-03-04,San Bernardino,071,2135413,286230,282407,8985,291392,3757
2021-03-04,San Diego,073,3302833,265443,261858,13018,274876,3359
2021-03-04,San Francisco,075,870044,34401,34480,1179,35659,426
2021-03-04,San Joaquin,077,732212,67280,65931,2959,68890,1129
2021-03-04,San Luis Obispo,079,281455,19709,19520,591,20111,243
2021-03-04,San Mateo,081,765935,39851,39225,423,39648,322
2021-03-04,Santa Barbara,083,443738,32643,32090,1159,33249,423
2021-03-04,Santa Clara,085,1922200,111088,111194,617,111811,1723
2021-03-04,Santa Cruz,087,273765,15457,14669,848,15517,186
2021-03-04,Shasta,089,179085,11021,11050,1299,12349,150
2021-03-04,Sierra,091,2930,49,48,14,62,0
2021-03-04,Siskiyou,093,43540,1508,1427,257,1684,5
2021-03-04,Solano,095,438530,30068,29905,378,30283,168
2021-03-04,Sonoma,097,501317,28354,28379,224,28603,279
2021-03-04,Stanislaus,099,539301,50966,50521,5620,56141,731
2021-03-04,Sutter,101,95872,8925,8849,86,8935,100
2021-03-04,Tehama,103,63373,4604,4604,515,5119,33
2021-03-04,Trinity,105,12862,373,302,57,359,3
2021-03-04,Tulare,107,460477,48042,47398,8636,56034,784
2021-03-04,Tuolumne,109,53932,3917,3916,32,3948,56
2021-03-04,Ventura,111,848112,78177,78184,2902,81086,831
2021-03-04,Yolo,113,214977,13005,12895,235,13130,189
2021-03-04,Yuba,115,75493,5542,5483,91,5574,41
2021-03-03,Alameda,001,1643700,81473,80972,1823,82795,1127
2021-03-03,Alpine,003,1148,83,77,0,77,0
2021-03-03,Amador,005,37829,3494,3478,32,3510,42
2021-03-03,Butte,007,227075,11361,11014,1702,12716,184
2021-03-03,Calaveras,009,45235,1933,1893,12,1905,48
2021-03-03,Colusa,011,21464,1873,1873,273,2146,11
2021-03-03,Contra Costa,013,1133247,63694,62668,1137,63805,708
2021-03-03,Del Norte,015,27424,1008,988,0,988,5
2021-03-03,El Dorado,017,186661,9166,9121,630,9751,97
2021-03-03,Fresno,019,978130,96615,95893,8093,103986,1415
2021-03-03,Glenn,021,27897,2256,2233,513,2746,15
2021-03-03,Humboldt,023,135768,3246,3196,22,3218,30
2021-03-03,Imperial,025,180216,27192,26939,2654,29593,640
2021-03-03,Inyo,027,18085,1321,1294,3,1297,35
2021-03-03,Kern,029,883053,93605,92434,10274,102708,1063
2021-03-03,Kings,031,150075,22218,22009,1076,23085,223
2021-03-03,Lake,033,64148,3214,3175,6,3181,40
2021-03-03,Lassen,035,31185,5122,5115,101,5216,1
2021-03-03,Los Angeles,037,10098052,1172118,1157911,41472,1199383,21500
2021-03-03,Madera,039,155013,15721,15553,865,16418,203
2021-03-03,Marin,041,260295,13310,13216,172,13388,214
2021-03-03,Mariposa,043,17540,377,376,5,381,4
2021-03-03,Mendocino,045,87422,3656,3564,70,3634,42
2021-03-03,Merced,047,269075,28724,28625,908,29533,393
2021-03-03,Modoc,049,8938,346,333,117,450,3
2021-03-03,Mono,051,14174,1184,1191,12,1203,3
2021-03-03,Monterey,053,433212,41966,41731,1759,43490,325
2021-03-03,Napa,055,140530,9130,9090,33,9123,72
2021-03-03,Nevada,057,99092,4074,4009,166,4175,66
2021-03-03,Orange,059,3164182,247456,246120,10619,256739,4072
2021-03-03,Placer,061,380077,20723,19851,1170,21021,239
2021-03-03,Plumas,063,18699,643,631,11,642,4
2021-03-03,Riverside,065,2383286,284074,279626,14150,293776,3735
2021-03-03,Sacramento,067,1510023,95208,93819,1315,95134,1419
2021-03-03,San Benito,069,59416,5768,5774,95,5869,61
2021-03-03,San Bernardino,071,2135413,286089,282138,8978,291116,3664
2021-03-03,San Diego,073,3302833,265181,261350,12987,274337,3342
2021-03-03,San Francisco,075,870044,34370,34443,1176,35619,426
2021-03-03,San Joaquin,077,732212,67169,65855,2952,68807,1115
2021-03-03,San Luis Obispo,079,281455,19684,19479,587,20066,241
2021-03-03,San Mateo,081,765935,39805,39189,422,39611,319
2021-03-03,Santa Barbara,083,443738,32606,32027,1159,33186,421
2021-03-03,Santa Clara,085,1922200,110933,110991,615,111606,1720
2021-03-03,Santa Cruz,087,273765,15446,14645,848,15493,185
2021-03-03,Shasta,089,179085,11011,11023,1292,12315,150
2021-03-03,Sierra,091,2930,49,48,14,62,0
2021-03-03,Siskiyou,093,43540,1506,1424,257,1681,5
2021-03-03,Solano,095,438530,30032,29866,377,30243,167
2021-03-03,Sonoma,097,501317,28315,28307,223,28530,279
2021-03-03,Stanislaus,099,539301,50889,50438,5612,56050,730
2021-03-03,Sutter,101,95872,8916,8840,86,8926,99
2021-03-03,Tehama,103,63373,4601,4601,515,5116,32
2021-03-03,Trinity,105,12862,373,302,57,359,3
2021-03-03,Tulare,107,460477,47992,47348,8605,55953,778
2021-03-03,Tuolumne,109,53932,3915,3914,31,3945,56
2021-03-03,Ventura,111,848112,78094,78057,2896,80953,822
2021-03-03,Yolo,113,214977,12992,12890,235,13125,189
2021-03-03,Yuba,115,75493,5529,5479,91,5570,41
2021-03-02,Alameda,001,1643700,81355,80904,1821,82725,1116
2021-03-02,Alpine,003,1148,83,77,0,77,0
2021-03-02,Amador,005,37829,3492,3474,32,3506,42
2021-03-02,Butte,007,227075,11351,11007,1700,12707,182
2021-03-02,Calaveras,009,45235,1927,1890,12,1902,48
2021-03-02,Colusa,011,21464,1873,1872,272,2144,11
2021-03-02,Contra Costa,013,1133247,63583,62557,1132,63689,694
2021-03-02,Del Norte,015,27424,1001,983,0,983,5
2021-03-02,El Dorado,017,186661,9158,9116,630,9746,98
2021-03-02,Fresno,019,978130,96471,95785,8065,103850,1410
2021-03-02,Glenn,021,27897,2250,2232,512,2744,15
2021-03-02,Humboldt,023,135768,3227,3184,22,3206,30
2021-03-02,Imperial,025,180216,27182,26926,2652,29578,637
2021-03-02,Inyo,027,18085,1317,1292,3,1295,35
2021-03-02,Kern,029,883053,93500,92313,10245,102558,1046
2021-03-02,Kings,031,150075,22166,21999,1074,23073,217
2021-03-02,Lake,033,64148,3208,3169,6,3175,40
2021-03-02,Lassen,035,31185,5117,5115,100,5215,1
2021-03-02,Los Angeles,037,10098052,1171480,1156826,41424,1198250,21395
2021-03-02,Madera,039,155013,15701,15523,862,16385,194
2021-03-02,Marin,041,260295,13287,13186,171,13357,214
2021-03-02,Mariposa,043,17540,377,376,5,381,4
2021-03-02,Mendocino,045,87422,3653,3562,69,3631,41
2021-03-02,Merced,047,269075,28667,28598,908,29506,389
2021-03-02,Modoc,049,8938,346,332,117,449,3
2021-03-02,Mono,051,14174,1183,1191,12,1203,3
2021-03-02,Monterey,053,433212,41939,41716,1757,43473,325
2021-03-02,Napa,055,140530,9118,9080,33,9113,71
2021-03-02,Nevada,057,99092,4065,3983,164,4147,66
2021-03-02,Orange,059,3164182,247310,246004,10603,256607,4037
2021-03-02,Placer,061,380077,20669,19828,1167,20995,239
2021-03-02,Plumas,063,18699,641,628,11,639,4
2021-03-02,Riverside,065,2383286,283908,279486,14142,293628,3721
2021-03-02,Sacramento,067,1510023,95041,93690,1314,95004,1411
2021-03-02,San Benito,069,59416,5761,5770,95,5865,60
2021-03-02,San Bernardino,071,2135413,285957,281919,8971,290890,3604
2021-03-02,San Diego,073,3302833,264937,260998,12965,273963,3317
2021-03-02,San Francisco,075,870044,34329,34387,1172,35559,424
2021-03-02,San Joaquin,077,732212,67062,65769,2932,68701,1111
2021-03-02,San Luis Obispo,079,281455,19652,19452,586,20038,241
2021-03-02,San Mateo,081,765935,39753,39148,421,39569,317
2021-03-02,Santa Barbara,083,443738,32558,31964,1155,33119,416
2021-03-02,Santa Clara,085,1922200,110755,110832,614,111446,1706
2021-03-02,Santa Cruz,087,273765,15432,14611,846,15457,185
2021-03-02,Shasta,089,179085,10997,11012,1281,12293,149
2021-03-02,Sierra,091,2930,49,48,14,62,0
2021-03-02,Siskiyou,093,43540,1502,1412,255,1667,5
2021-03-02,Solano,095,438530,29999,29827,375,30202,167
2021-03-02,Sonoma,097,501317,28260,28261,223,28484,279
2021-03-02,Stanislaus,099,539301,50802,50359,5598,55957,724
2021-03-02,Sutter,101,95872,8907,8832,86,8918,99
2021-03-02,Tehama,103,63373,4599,4597,515,5112,32
2021-03-02,Trinity,105,12862,373,301,57,358,3
2021-03-02,Tulare,107,460477,47935,47326,8580,55906,783
2021-03-02,Tuolumne,109,53932,3911,3908,31,3939,53
2021-03-02,Ventura,111,848112,78003,77952,2892,80844,780
2021-03-02,Yolo,113,214977,12975,12867,235,13102,189
2021-03-02,Yuba,115,75493,5521,5475,91,5566,41
2021-03-01,Alameda,001,1643700,81229,80805,1819,82624,1105
2021-03-01,Alpine,003,1148,81,77,0,77,0
2021-03-01,Amador,005,37829,3489,3469,32,3501,42
2021-03-01,Butte,007,227075,11335,10981,1695,12676,180
2021-03-01,Calaveras,009,45235,1921,1885,12,1897,46
2021-03-01,Colusa,011,21464,1872,1871,272,2143,11
2021-03-01,Contra Costa,013,1133247,63474,62458,1131,63589,694
2021-03-01,Del Norte,015,27424,996,982,0,982,5
2021-03-01,El Dorado,017,186661,9134,9085,630,9715,98
2021-03-01,Fresno,019,978130,96334,95677,8043,103720,1405
2021-03-01,Glenn,021,27897,2245,2232,511,2743,15
2021-03-01,Humboldt,023,135768,3208,3179,22,3201,30
2021-03-01,Imperial,025,180216,27172,26913,2644,29557,636
2021-03-01,Inyo,027,18085,1314,1285,3,1288,35
2021-03-01,Kern,029,883053,93413,92219,10218,102437,1041
2021-03-01,Kings,031,150075,22149,21988,1068,23056,217
2021-03-01,Lake,033,64148,3203,3164,6,3170,40
2021-03-01,Lassen,035,31185,5115,5111,100,5211,1
2021-03-01,Los Angeles,037,10098052,1170830,1155984,41379,1197363,21293
2021-03-01,Madera,039,155013,15672,15505,851,16356,194
2021-03-01,Marin,041,260295,13261,13161,170,13331,214
2021-03-01,Mariposa,043,17540,377,375,5,380,4
2021-03-01,Mendocino,045,87422,3646,3561,69,3630,41
2021-03-01,Merced,047,269075,28622,28575,904,29479,385
2021-03-01,Modoc,049,8938,343,331,116,447,3
2021-03-01,Mono,051,14174,1182,1192,12,1204,3
2021-03-01,Monterey,053,433212,41914,41697,1755,43452,324
2021-03-01,Napa,055,140530,9109,9056,33,9089,70
2021-03-01,Nevada,057,99092,4046,3979,164,4143,66
2021-03-01,Orange,059,3164182,247119,245852,10588,256440,3976
2021-03-01,Placer,061,380077,20631,19803,1164,20967,239
2021-03-01,Plumas,063,18699,641,628,11,639,4
2021-03-01,Riverside,065,2383286,283693,279323,14134,293457,3680
2021-03-01,Sacramento,067,1510023,94896,93546,1312,94858,1401
2021-03-01,San Benito,069,59416,5756,5772,95,5867,57
2021-03-01,San Bernardino,071,2135413,285813,281685,8967,290652,3603
2021-03-01,San Diego,073,3302833,264622,260622,12932,273554,3303
2021-03-01,San Francisco,075,870044,34285,34318,1164,35482,424
2021-03-01,San Joaquin,077,732212,66955,65699,2919,68618,1097
2021-03-01,San Luis Obispo,079,281455,19630,19429,584,20013,239
2021-03-01,San Mateo,081,765935,39701,39096,420,39516,314
2021-03-01,Santa Barbara,083,443738,32516,31909,1154,33063,413
2021-03-01,Santa Clara,085,1922200,110597,110684,611,111295,1704
2021-03-01,Santa Cruz,087,273765,15413,14575,845,15420,185
2021-03-01,Shasta,089,179085,10985,10990,1278,12268,149
2021-03-01,Sierra,091,2930,49,48,14,62,0
2021-03-01,Siskiyou,093,43540,1498,1408,253,1661,5
2021-03-01,Solano,095,438530,29956,29779,374,30153,166
2021-03-01,Sonoma,097,501317,28212,28222,221,28443,278
2021-03-01,Stanislaus,099,539301,50728,50293,5591,55884,722
2021-03-01,Sutter,101,95872,8895,8825,86,8911,99
2021-03-01,Tehama,103,63373,4595,4595,515,5110,32
2021-03-01,Trinity,105,12862,373,298,56,354,3
2021-03-01,Tulare,107,460477,47898,47275,8545,55820,781
2021-03-01,Tuolumne,109,53932,3908,3907,31,3938,53
2021-03-01,Ventura,111,848112,77921,77849,2891,80740,775
2021-03-01,Yolo,113,214977,12958,12854,233,13087,188
2021-03-01,Yuba,115,75493,5509,5466,91,5557,41
2021-02-28,Alameda,001,1643700,81106,80727,1817,82544,1105
2021-02-28,Alpine,003,1148,81,77,0,77,0
2021-02-28,Amador,005,37829,3484,3466,31,3497,42
2021-02-28,Butte,007,227075,11320,10970,1695,12665,180
2021-02-28,Calaveras,009,45235,1915,1881,12,1893,46
2021-02-28,Colusa,011,21464,1872,1871,271,2142,11
2021-02-28,Contra Costa,013,1133247,63347,62386,1126,63512,694
2021-02-28,Del Norte,015,27424,994,981,0,981,5
2021-02-28,El Dorado,017,186661,9123,9082,630,9712,98
2021-02-28,Fresno,019,978130,96155,95548,8008,103556,1405
2021-02-28,Glenn,021,27897,2243,2230,509,2739,15
2021-02-28,Humboldt,023,135768,3185,3179,22,3201,30
2021-02-28,Imperial,025,180216,27146,26909,2637,29546,636
2021-02-28,Inyo,027,18085,1309,1282,3,1285,35
2021-02-28,Kern,029,883053,93299,92169,10196,102365,1012
2021-02-28,Kings,031,150075,22128,21967,1067,23034,217
2021-02-28,Lake,033,64148,3198,3164,6,3170,40
2021-02-28,Lassen,035,31185,5114,5106,100,5206,1
2021-02-28,Los Angeles,037,10098052,1170053,1155141,41315,1196456,21261
2021-02-28,Madera,039,155013,15630,15496,848,16344,199
2021-02-28,Marin,041,260295,13238,13152,168,13320,214
2021-02-28,Mariposa,043,17540,377,374,5,379,4
2021-02-28,Mendocino,045,87422,3640,3558,69,3627,41
2021-02-28,Merced,047,269075,28559,28546,903,29449,384
2021-02-28,Modoc,049,8938,343,331,116,447,3
2021-02-28,Mono,051,14174,1179,1192,12,1204,3
2021-02-28,Monterey,053,433212,41882,41683,1754,43437,323
2021-02-28,Napa,055,140530,9090,9053,33,9086,70
2021-02-28,Nevada,057,99092,4033,3972,164,4136,66
2021-02-28,Orange,059,3164182,246920,245706,10580,256286,3970
2021-02-28,Placer,061,380077,20584,19775,1162,20937,239
2021-02-28,Plumas,063,18699,641,628,11,639,4
2021-02-28,Riverside,065,2383286,283473,279214,14123,293337,3661
2021-02-28,Sacramento,067,1510023,94712,93463,1307,94770,1398
2021-02-28,San Benito,069,59416,5745,5772,95,5867,57
2021-02-28,San Bernardino,071,2135413,285677,281620,8954,290574,3595
2021-02-28,San Diego,073,3302833,264326,260353,12898,273251,3303
2021-02-28,San Francisco,075,870044,34244,34291,1157,35448,417
2021-02-28,San Joaquin,077,732212,66847,65662,2910,68572,1097
2021-02-28,San Luis Obispo,079,281455,19595,19422,581,20003,237
2021-02-28,San Mateo,081,765935,39648,39059,419,39478,314
2021-02-28,Santa Barbara,083,443738,32464,31877,1154,33031,413
2021-02-28,Santa Clara,085,1922200,110399,110556,608,111164,1704
2021-02-28,Santa Cruz,087,273765,15384,14571,842,15413,185
2021-02-28,Shasta,089,179085,10964,10990,1274,12264,149
2021-02-28,Sierra,091,2930,49,48,14,62,0
2021-02-28,Siskiyou,093,43540,1490,1408,252,1660,5
2021-02-28,Solano,095,438530,29900,29758,369,30127,166
2021-02-28,Sonoma,097,501317,28149,28193,220,28413,279
2021-02-28,Stanislaus,099,539301,50638,50228,5577,55805,728
2021-02-28,Sutter,101,95872,8880,8825,86,8911,99
2021-02-28,Tehama,103,63373,4588,4590,515,5105,32
2021-02-28,Trinity,105,12862,373,298,56,354,3
2021-02-28,Tulare,107,460477,47836,47258,8514,55772,780
2021-02-28,Tuolumne,109,53932,3903,3905,31,3936,53
2021-02-28,Ventura,111,848112,77810,77749,2888,80637,775
2021-02-28,Yolo,113,214977,12936,12851,233,13084,188
2021-02-28,Yuba,115,75493,5499,5461,91,5552,41
2021-02-27,Alameda,001,1643700,81032,80565,1815,82380,1108
2021-02-27,Alpine,003,1148,81,77,0,77,0
2021-02-27,Amador,005,37829,3482,3463,31,3494,42
2021-02-27,Butte,007,227075,11308,10962,1695,12657,180
2021-02-27,Calaveras,009,45235,1913,1875,12,1887,46
2021-02-27,Colusa,011,21464,1871,1869,271,2140,11
2021-02-27,Contra Costa,013,1133247,63276,62248,1123,63371,693
2021-02-27,Del Norte,015,27424,992,978,0,978,5
2021-02-27,El Dorado,017,186661,9119,9072,630,9702,98
2021-02-27,Fresno,019,978130,96082,95393,7994,103387,1400
2021-02-27,Glenn,021,27897,2243,2225,508,2733,15
2021-02-27,Humboldt,023,135768,3179,3167,22,3189,30
2021-02-27,Imperial,025,180216,27138,26903,2636,29539,633
2021-02-27,Inyo,027,18085,1306,1275,3,1278,35
2021-02-27,Kern,029,883053,93238,92053,10181,102234,996
2021-02-27,Kings,031,150075,22118,21955,1064,23019,216
2021-02-27,Lake,033,64148,3195,3156,6,3162,40
2021-02-27,Lassen,035,31185,5114,5106,100,5206,1
2021-02-27,Los Angeles,037,10098052,1169561,1154275,41285,1195560,21158
2021-02-27,Madera,039,155013,15613,15467,847,16314,199
2021-02-27,Marin,041,260295,13214,13134,168,13302,214
2021-02-27,Mariposa,043,17540,377,374,5,379,4
2021-02-27,Mendocino,045,87422,3637,3555,69,3624,41
2021-02-27,Merced,047,269075,28518,28501,894,29395,384
2021-02-27,Modoc,049,8938,343,331,115,446,3
2021-02-27,Mono,051,14174,1177,1191,12,1203,3
2021-02-27,Monterey,053,433212,41873,41665,1754,43419,322
2021-02-27,Napa,055,140530,9079,9038,33,9071,71
2021-02-27,Nevada,057,99092,4027,3960,164,4124,66
2021-02-27,Orange,059,3164182,246794,245542,10568,256110,3960
2021-02-27,Placer,061,380077,20548,19726,1159,20885,239
2021-02-27,Plumas,063,18699,641,628,11,639,4
2021-02-27,Riverside,065,2383286,283364,279048,14113,293161,3663
2021-02-27,Sacramento,067,1510023,94630,93281,1296,94577,1396
2021-02-27,San Benito,069,59416,5744,5767,94,5861,57
2021-02-27,San Bernardino,071,2135413,285598,281471,8947,290418,3527
2021-02-27,San Diego,073,3302833,264137,260091,12860,272951,3284
2021-02-27,San Francisco,075,870044,34211,34260,1154,35414,413
2021-02-27,San Joaquin,077,732212,66801,65578,2908,68486,1100
2021-02-27,San Luis Obispo,079,281455,19574,19411,580,19991,237
2021-02-27,San Mateo,081,765935,39607,38998,418,39416,313
2021-02-27,Santa Barbara,083,443738,32430,31805,1153,32958,411
2021-02-27,Santa Clara,085,1922200,110252,110361,606,110967,1703
2021-02-27,Santa Cruz,087,273765,15375,14552,841,15393,185
2021-02-27,Shasta,089,179085,10958,10985,1270,12255,149
2021-02-27,Sierra,091,2930,49,48,14,62,0
2021-02-27,Siskiyou,093,43540,1488,1407,251,1658,5
2021-02-27,Solano,095,438530,29872,29718,368,30086,165
2021-02-27,Sonoma,097,501317,28105,28141,214,28355,281
2021-02-27,Stanislaus,099,539301,50584,50147,5567,55714,733
2021-02-27,Sutter,101,95872,8875,8820,86,8906,99
2021-02-27,Tehama,103,63373,4585,4584,515,5099,32
2021-02-27,Trinity,105,12862,373,298,56,354,3
2021-02-27,Tulare,107,460477,47800,47209,8487,55696,770
2021-02-27,Tuolumne,109,53932,3900,3899,31,3930,53
2021-02-27,Ventura,111,848112,77738,77623,2885,80508,771
2021-02-27,Yolo,113,214977,12924,12834,233,13067,188
2021-02-27,Yuba,115,75493,5496,5450,91,5541,39
2021-02-26,Alameda,001,1643700,80936,80387,1810,82197,1106
2021-02-26,Alpine,003,1148,81,77,0,77,0
2021-02-26,Amador,005,37829,3476,3457,31,3488,42
2021-02-26,Butte,007,227075,11298,10941,1694,12635,180
2021-02-26,Calaveras,009,45235,1912,1873,12,1885,46
2021-02-26,Colusa,011,21464,1871,1865,271,2136,11
2021-02-26,Contra Costa,013,1133247,63194,62114,1123,63237,685
2021-02-26,Del Norte,015,27424,988,968,0,968,5
2021-02-26,El Dorado,017,186661,9114,9038,628,9666,98
2021-02-26,Fresno,019,978130,95979,95202,7986,103188,1391
2021-02-26,Glenn,021,27897,2240,2220,508,2728,15
2021-02-26,Humboldt,023,135768,3173,3152,22,3174,30
2021-02-26,Imperial,025,180216,27130,26888,2634,29522,631
2021-02-26,Inyo,027,18085,1304,1271,3,1274,34
2021-02-26,Kern,029,883053,93159,91884,10165,102049,997
2021-02-26,Kings,031,150075,22102,21917,1061,22978,216
2021-02-26,Lake,033,64148,3190,3153,6,3159,40
2021-02-26,Lassen,035,31185,5114,5102,100,5202,1
2021-02-26,Los Angeles,037,10098052,1168993,1153131,41222,1194353,21070
2021-02-26,Madera,039,155013,15597,15436,845,16281,199
2021-02-26,Marin,041,260295,13200,13091,168,13259,214
2021-02-26,Mariposa,043,17540,377,375,5,380,4
2021-02-26,Mendocino,045,87422,3632,3549,69,3618,41
2021-02-26,Merced,047,269075,28486,28455,893,29348,382
2021-02-26,Modoc,049,8938,342,330,115,445,3
2021-02-26,Mono,051,14174,1175,1191,12,1203,3
2021-02-26,Monterey,053,433212,41847,41607,1754,43361,322
2021-02-26,Napa,055,140530,9073,9014,33,9047,70
2021-02-26,Nevada,057,99092,4016,3952,164,4116,66
2021-02-26,Orange,059,3164182,246654,245278,10558,255836,3918
2021-02-26,Placer,061,380077,20522,19712,1153,20865,239
2021-02-26,Plumas,063,18699,641,628,11,639,4
2021-02-26,Riverside,065,2383286,283220,278772,14107,292879,3653
2021-02-26,Sacramento,067,1510023,94507,93180,1293,94473,1390
2021-02-26,San Benito,069,59416,5743,5759,94,5853,57
2021-02-26,San Bernardino,071,2135413,285499,281132,8945,290077,3461
2021-02-26,San Diego,073,3302833,263910,259641,12839,272480,3271
2021-02-26,San Francisco,075,870044,34181,34213,1149,35362,413
2021-02-26,San Joaquin,077,732212,66720,65492,2902,68394,1070
2021-02-26,San Luis Obispo,079,281455,19558,19359,578,19937,234
2021-02-26,San Mateo,081,765935,39561,38922,418,39340,313
2021-02-26,Santa Barbara,083,443738,32387,31724,1152,32876,410
2021-02-26,Santa Clara,085,1922200,110122,110168,604,110772,1700
2021-02-26,Santa Cruz,087,273765,15363,14528,840,15368,185
2021-02-26,Shasta,089,179085,10952,10972,1260,12232,149
2021-02-26,Sierra,091,2930,49,47,14,61,0
2021-02-26,Siskiyou,093,43540,1488,1401,251,1652,5
2021-02-26,Solano,095,438530,29838,29651,367,30018,165
2021-02-26,Sonoma,097,501317,28076,28063,213,28276,280
2021-02-26,Stanislaus,099,539301,50528,50054,5559,55613,737
2021-02-26,Sutter,101,95872,8866,8806,86,8892,99
2021-02-26,Tehama,103,63373,4583,4581,515,5096,32
2021-02-26,Trinity,105,12862,372,298,56,354,3
2021-02-26,Tulare,107,460477,47765,47135,8456,55591,770
2021-02-26,Tuolumne,109,53932,3899,3896,31,3927,53
2021-02-26,Ventura,111,848112,77638,77534,2883,80417,765
2021-02-26,Yolo,113,214977,12917,12816,233,13049,188
2021-02-26,Yuba,115,75493,5491,5438,91,5529,39
2021-02-25,Alameda,001,1643700,80815,80181,1809,81990,1093
2021-02-25,Alpine,003,1148,81,77,0,77,0
2021-02-25,Amador,005,37829,3473,3448,31,3479,41
2021-02-25,Butte,007,227075,11277,10922,1689,12611,178
2021-02-25,Calaveras,009,45235,1904,1868,12,1880,46
2021-02-25,Colusa,011,21464,1868,1863,270,2133,11
2021-02-25,Contra Costa,013,1133247,63092,61910,1123,63033,686
2021-02-25,Del Norte,015,27424,978,966,0,966,5
2021-02-25,El Dorado,017,186661,9098,9012,628,9640,98
2021-02-25,Fresno,019,978130,95836,95015,7964,102979,1377
2021-02-25,Glenn,021,27897,2237,2219,507,2726,15
2021-02-25,Humboldt,023,135768,3166,3129,21,3150,30
2021-02-25,Imperial,025,180216,27124,26855,2630,29485,628
2021-02-25,Inyo,027,18085,1298,1264,3,1267,33
2021-02-25,Kern,029,883053,93044,91735,10139,101874,992
2021-02-25,Kings,031,150075,22093,21900,1058,22958,216
2021-02-25,Lake,033,64148,3181,3141,6,3147,40
2021-02-25,Lassen,035,31185,5113,5097,99,5196,1
2021-02-25,Los Angeles,037,10098052,1168256,1151846,41162,1193008,20931
2021-02-25,Madera,039,155013,15562,15414,841,16255,194
2021-02-25,Marin,041,260295,13176,13067,168,13235,214
2021-02-25,Mariposa,043,17540,377,375,5,380,4
2021-02-25,Mendocino,045,87422,3627,3542,69,3611,41
2021-02-25,Merced,047,269075,28436,28383,892,29275,382
2021-02-25,Modoc,049,8938,342,329,115,444,3
2021-02-25,Mono,051,14174,1174,1190,12,1202,3
2021-02-25,Monterey,053,433212,41822,41564,1749,43313,321
2021-02-25,Napa,055,140530,9047,8998,33,9031,70
2021-02-25,Nevada,057,99092,3999,3940,163,4103,66
2021-02-25,Orange,059,3164182,246480,245000,10548,255548,3882
2021-02-25,Placer,061,380077,20481,19661,1151,20812,239
2021-02-25,Plumas,063,18699,641,626,11,637,4
2021-02-25,Riverside,065,2383286,283035,278544,14083,292627,3646
2021-02-25,Sacramento,067,1510023,94350,92961,1280,94241,1386
2021-02-25,San Benito,069,59416,5738,5752,94,5846,58
2021-02-25,San Bernardino,071,2135413,285368,280946,8935,289881,3409
2021-02-25,San Diego,073,3302833,263615,258979,12809,271788,3260
2021-02-25,San Francisco,075,870044,34139,34138,1146,35284,408
2021-02-25,San Joaquin,077,732212,66637,65389,2890,68279,1047
2021-02-25,San Luis Obispo,079,281455,19537,19335,576,19911,234
2021-02-25,San Mateo,081,765935,39515,38872,418,39290,300
2021-02-25,Santa Barbara,083,443738,32311,31631,1151,32782,408
2021-02-25,Santa Clara,085,1922200,109958,109923,603,110526,1677
2021-02-25,Santa Cruz,087,273765,15345,14492,838,15330,185
2021-02-25,Shasta,089,179085,10940,10947,1255,12202,148
2021-02-25,Sierra,091,2930,49,47,14,61,0
2021-02-25,Siskiyou,093,43540,1484,1390,248,1638,4
2021-02-25,Solano,095,438530,29806,29616,367,29983,161
2021-02-25,Sonoma,097,501317,28022,28004,210,28214,278
2021-02-25,Stanislaus,099,539301,50439,49964,5548,55512,738
2021-02-25,Sutter,101,95872,8852,8789,85,8874,99
2021-02-25,Tehama,103,63373,4579,4578,513,5091,32
2021-02-25,Trinity,105,12862,372,297,56,353,3
2021-02-25,Tulare,107,460477,47717,47052,8428,55480,765
2021-02-25,Tuolumne,109,53932,3896,3894,31,3925,53
2021-02-25,Ventura,111,848112,77533,77395,2877,80272,751
2021-02-25,Yolo,113,214977,12900,12787,233,13020,188
2021-02-25,Yuba,115,75493,5483,5429,91,5520,39
2021-02-24,Alameda,001,1643700,80692,80070,1805,81875,1082
2021-02-24,Alpine,003,1148,80,77,0,77,0
2021-02-24,Amador,005,37829,3468,3444,31,3475,41
2021-02-24,Butte,007,227075,11265,10915,1685,12600,178
2021-02-24,Calaveras,009,45235,1901,1864,12,1876,31
2021-02-24,Colusa,011,21464,1866,1863,270,2133,11
2021-02-24,Contra Costa,013,1133247,62984,61776,1123,62899,663
2021-02-24,Del Norte,015,27424,977,960,0,960,5
2021-02-24,El Dorado,017,186661,9086,8993,628,9621,98
2021-02-24,Fresno,019,978130,95690,94794,7947,102741,1369
2021-02-24,Glenn,021,27897,2235,2210,507,2717,14
2021-02-24,Humboldt,023,135768,3154,3123,21,3144,29
2021-02-24,Imperial,025,180216,27109,26843,2626,29469,596
2021-02-24,Inyo,027,18085,1293,1253,3,1256,32
2021-02-24,Kern,029,883053,92911,91525,10123,101648,992
2021-02-24,Kings,031,150075,22070,21871,1054,22925,216
2021-02-24,Lake,033,64148,3174,3134,6,3140,40
2021-02-24,Lassen,035,31185,5109,5095,98,5193,1
2021-02-24,Los Angeles,037,10098052,1167502,1150322,41112,1191434,20817
2021-02-24,Madera,039,155013,15535,15390,841,16231,194
2021-02-24,Marin,041,260295,13153,13044,167,13211,214
2021-02-24,Mariposa,043,17540,377,374,5,379,4
2021-02-24,Mendocino,045,87422,3620,3540,69,3609,41
2021-02-24,Merced,047,269075,28397,28295,889,29184,383
2021-02-24,Modoc,049,8938,341,329,115,444,3
2021-02-24,Mono,051,14174,1172,1189,12,1201,3
2021-02-24,Monterey,053,433212,41796,41495,1747,43242,320
2021-02-24,Napa,055,140530,9030,8976,32,9008,70
2021-02-24,Nevada,057,99092,3989,3927,163,4090,66
2021-02-24,Orange,059,3164182,246265,244743,10534,255277,3835
2021-02-24,Placer,061,380077,20443,19648,1145,20793,239
2021-02-24,Plumas,063,18699,639,626,11,637,4
2021-02-24,Riverside,065,2383286,282814,278293,14073,292366,3603
2021-02-24,Sacramento,067,1510023,94196,92742,1275,94017,1375
2021-02-24,San Benito,069,59416,5737,5743,94,5837,57
2021-02-24,San Bernardino,071,2135413,285218,280583,8931,289514,3360
2021-02-24,San Diego,073,3302833,263322,258460,12793,271253,3230
2021-02-24,San Francisco,075,870044,34094,34061,1142,35203,406
2021-02-24,San Joaquin,077,732212,66527,65274,2887,68161,1019
2021-02-24,San Luis Obispo,079,281455,19514,19309,574,19883,233
2021-02-24,San Mateo,081,765935,39478,38763,417,39180,300
2021-02-24,Santa Barbara,083,443738,32260,31563,1148,32711,405
2021-02-24,Santa Clara,085,1922200,109806,109671,602,110273,1674
2021-02-24,Santa Cruz,087,273765,15324,14458,838,15296,185
2021-02-24,Shasta,089,179085,10925,10922,1252,12174,148
2021-02-24,Sierra,091,2930,49,47,14,61,0
2021-02-24,Siskiyou,093,43540,1477,1385,244,1629,4
2021-02-24,Solano,095,438530,29767,29577,364,29941,158
2021-02-24,Sonoma,097,501317,27957,27954,206,28160,278
2021-02-24,Stanislaus,099,539301,50370,49851,5539,55390,732
2021-02-24,Sutter,101,95872,8842,8778,85,8863,99
2021-02-24,Tehama,103,63373,4575,4566,513,5079,31
2021-02-24,Trinity,105,12862,372,294,55,349,3
2021-02-24,Tulare,107,460477,47663,46976,8398,55374,759
2021-02-24,Tuolumne,109,53932,3893,3887,31,3918,53
2021-02-24,Ventura,111,848112,77426,77238,2875,80113,718
2021-02-24,Yolo,113,214977,12887,12760,229,12989,188
2021-02-24,Yuba,115,75493,5472,5425,89,5514,39
2021-02-23,Alameda,001,1643700,80554,79948,1801,81749,1070
2021-02-23,Alpine,003,1148,79,77,0,77,0
2021-02-23,Amador,005,37829,3466,3440,31,3471,41
2021-02-23,Butte,007,227075,11250,10887,1681,12568,176
2021-02-23,Calaveras,009,45235,1900,1863,12,1875,21
2021-02-23,Colusa,011,21464,1863,1862,270,2132,11
2021-02-23,Contra Costa,013,1133247,62850,61613,1121,62734,661
2021-02-23,Del Norte,015,27424,975,953,0,953,3
2021-02-23,El Dorado,017,186661,9073,8969,628,9597,96
2021-02-23,Fresno,019,978130,95529,94741,7933,102674,1356
2021-02-23,Glenn,021,27897,2233,2209,507,2716,14
2021-02-23,Humboldt,023,135768,3137,3108,21,3129,29
2021-02-23,Imperial,025,180216,27089,26816,2621,29437,591
2021-02-23,Inyo,027,18085,1289,1250,3,1253,32
2021-02-23,Kern,029,883053,92774,91390,10094,101484,982
2021-02-23,Kings,031,150075,22055,21839,1050,22889,216
2021-02-23,Lake,033,64148,3166,3121,6,3127,40
2021-02-23,Lassen,035,31185,5106,5092,98,5190,1
2021-02-23,Los Angeles,037,10098052,1166640,1148965,41055,1190020,19887
2021-02-23,Madera,039,155013,15521,15352,835,16187,193
2021-02-23,Marin,041,260295,13133,13015,166,13181,214
2021-02-23,Mariposa,043,17540,377,374,5,379,4
2021-02-23,Mendocino,045,87422,3618,3540,68,3608,41
2021-02-23,Merced,047,269075,28309,28209,888,29097,381
2021-02-23,Modoc,049,8938,340,328,114,442,3
2021-02-23,Mono,051,14174,1172,1189,12,1201,3
2021-02-23,Monterey,053,433212,41755,41439,1741,43180,317
2021-02-23,Napa,055,140530,9019,8967,32,8999,70
2021-02-23,Nevada,057,99092,3981,3912,163,4075,66
2021-02-23,Orange,059,3164182,246069,244566,10515,255081,3843
2021-02-23,Placer,061,380077,20417,19608,1141,20749,238
2021-02-23,Plumas,063,18699,638,626,11,637,4
2021-02-23,Riverside,065,2383286,282582,278075,14060,292135,3599
2021-02-23,Sacramento,067,1510023,94039,92632,1269,93901,1370
2021-02-23,San Benito,069,59416,5731,5731,93,5824,57
2021-02-23,San Bernardino,071,2135413,285030,280279,8924,289203,3283
2021-02-23,San Diego,073,3302833,262947,257802,12763,270565,3218
2021-02-23,San Francisco,075,870044,34045,33994,1141,35135,405
2021-02-23,San Joaquin,077,732212,66429,65141,2879,68020,1004
2021-02-23,San Luis Obispo,079,281455,19485,19233,573,19806,230
2021-02-23,San Mateo,081,765935,39417,38662,417,39079,299
2021-02-23,Santa Barbara,083,443738,32207,31483,1146,32629,402
2021-02-23,Santa Clara,085,1922200,109610,109449,598,110047,1661
2021-02-23,Santa Cruz,087,273765,15297,14435,834,15269,178
2021-02-23,Shasta,089,179085,10913,10903,1248,12151,146
2021-02-23,Sierra,091,2930,49,47,14,61,0
2021-02-23,Siskiyou,093,43540,1472,1380,242,1622,4
2021-02-23,Solano,095,438530,29727,29545,361,29906,154
2021-02-23,Sonoma,097,501317,27914,27882,203,28085,278
2021-02-23,Stanislaus,099,539301,50294,49749,5521,55270,722
2021-02-23,Sutter,101,95872,8829,8766,85,8851,98
2021-02-23,Tehama,103,63373,4571,4556,512,5068,30
2021-02-23,Trinity,105,12862,372,292,54,346,3
2021-02-23,Tulare,107,460477,47584,46937,8362,55299,757
2021-02-23,Tuolumne,109,53932,3889,3864,31,3895,53
2021-02-23,Ventura,111,848112,77310,77093,2866,79959,689
2021-02-23,Yolo,113,214977,12858,12729,229,12958,188
2021-02-23,Yuba,115,75493,5459,5417,88,5505,38
2021-02-22,Alameda,001,1643700,80402,79796,1798,81594,1062
2021-02-22,Alpine,003,1148,79,77,0,77,0
2021-02-22,Amador,005,37829,3461,3438,31,3469,39
2021-02-22,Butte,007,227075,11238,10855,1675,12530,176
2021-02-22,Calaveras,009,45235,1897,1862,12,1874,21
2021-02-22,Colusa,011,21464,1863,1860,270,2130,11
2021-02-22,Contra Costa,013,1133247,62715,61478,1119,62597,661
2021-02-22,Del Norte,015,27424,974,948,0,948,3
2021-02-22,El Dorado,017,186661,9056,8940,628,9568,96
2021-02-22,Fresno,019,978130,95369,94584,7915,102499,1351
2021-02-22,Glenn,021,27897,2227,2207,505,2712,14
2021-02-22,Humboldt,023,135768,3125,3095,21,3116,29
2021-02-22,Imperial,025,180216,27066,26778,2613,29391,590
2021-02-22,Inyo,027,18085,1284,1248,3,1251,32
2021-02-22,Kern,029,883053,92658,91201,10071,101272,982
2021-02-22,Kings,031,150075,22034,21801,1047,22848,214
2021-02-22,Lake,033,64148,3160,3107,6,3113,40
2021-02-22,Lassen,035,31185,5106,5088,97,5185,1
2021-02-22,Los Angeles,037,10098052,1165769,1147541,40997,1188538,19730
2021-02-22,Madera,039,155013,15496,15325,831,16156,193
2021-02-22,Marin,041,260295,13109,12991,163,13154,213
2021-02-22,Mariposa,043,17540,376,374,5,379,4
2021-02-22,Mendocino,045,87422,3612,3535,68,3603,41
2021-02-22,Merced,047,269075,28241,28166,886,29052,379
2021-02-22,Modoc,049,8938,340,329,114,443,3
2021-02-22,Mono,051,14174,1168,1189,12,1201,3
2021-02-22,Monterey,053,433212,41704,41397,1734,43131,311
2021-02-22,Napa,055,140530,8992,8950,32,8982,69
2021-02-22,Nevada,057,99092,3972,3900,161,4061,66
2021-02-22,Orange,059,3164182,245833,244118,10497,254615,3843
2021-02-22,Placer,061,380077,20381,19587,1133,20720,238
2021-02-22,Plumas,063,18699,638,625,11,636,4
2021-02-22,Riverside,065,2383286,282323,277730,14051,291781,3567
2021-02-22,Sacramento,067,1510023,93873,92476,1259,93735,1359
2021-02-22,San Benito,069,59416,5729,5723,93,5816,57
2021-02-22,San Bernardino,071,2135413,284849,279984,8911,288895,3259
2021-02-22,San Diego,073,3302833,262538,257348,12729,270077,3189
2021-02-22,San Francisco,075,870044,33986,33947,1135,35082,405
2021-02-22,San Joaquin,077,732212,66328,65060,2866,67926,1001
2021-02-22,San Luis Obispo,079,281455,19448,19198,571,19769,229
2021-02-22,San Mateo,081,765935,39360,38542,414,38956,282
2021-02-22,Santa Barbara,083,443738,32142,31421,1143,32564,399
2021-02-22,Santa Clara,085,1922200,109399,109213,586,109799,1655
2021-02-22,Santa Cruz,087,273765,15271,14417,834,15251,176
2021-02-22,Shasta,089,179085,10898,10872,1243,12115,145
2021-02-22,Sierra,091,2930,49,47,14,61,0
2021-02-22,Siskiyou,093,43540,1466,1373,241,1614,4
2021-02-22,Solano,095,438530,29688,29508,360,29868,150
2021-02-22,Sonoma,097,501317,27869,27845,202,28047,278
2021-02-22,Stanislaus,099,539301,50190,49630,5500,55130,722
2021-02-22,Sutter,101,95872,8821,8698,85,8783,98
2021-02-22,Tehama,103,63373,4562,4550,512,5062,30
2021-02-22,Trinity,105,12862,372,287,53,340,3
2021-02-22,Tulare,107,460477,47523,46879,8329,55208,751
2021-02-22,Tuolumne,109,53932,3885,3856,31,3887,53
2021-02-22,Ventura,111,848112,77183,76947,2860,79807,677
2021-02-22,Yolo,113,214977,12832,12689,228,12917,183
2021-02-22,Yuba,115,75493,5456,5404,87,5491,38
2021-02-21,Alameda,001,1643700,80204,79649,1793,81442,1061
2021-02-21,Alpine,003,1148,79,77,0,77,0
2021-02-21,Amador,005,37829,3453,3435,31,3466,39
2021-02-21,Butte,007,227075,11215,10855,1673,12528,176
2021-02-21,Calaveras,009,45235,1896,1860,12,1872,21
2021-02-21,Colusa,011,21464,1862,1860,266,2126,11
2021-02-21,Contra Costa,013,1133247,62550,61364,1116,62480,661
2021-02-21,Del Norte,015,27424,968,942,0,942,3
2021-02-21,El Dorado,017,186661,9038,8927,627,9554,96
2021-02-21,Fresno,019,978130,95229,94374,7896,102270,1349
2021-02-21,Glenn,021,27897,2225,2201,503,2704,14
2021-02-21,Humboldt,023,135768,3113,3096,21,3117,29
2021-02-21,Imperial,025,180216,27047,26779,2609,29388,590
2021-02-21,Inyo,027,18085,1278,1232,3,1235,32
2021-02-21,Kern,029,883053,92533,91141,10032,101173,980
2021-02-21,Kings,031,150075,22000,21784,1044,22828,213
2021-02-21,Lake,033,64148,3152,3100,6,3106,40
2021-02-21,Lassen,035,31185,5098,5077,97,5174,1
2021-02-21,Los Angeles,037,10098052,1164743,1146756,40942,1187698,19711
2021-02-21,Madera,039,155013,15464,15298,828,16126,192
2021-02-21,Marin,041,260295,13079,12968,163,13131,212
2021-02-21,Mariposa,043,17540,376,373,5,378,4
2021-02-21,Mendocino,045,87422,3607,3535,68,3603,41
2021-02-21,Merced,047,269075,28151,28106,874,28980,379
2021-02-21,Modoc,049,8938,337,329,114,443,3
2021-02-21,Mono,051,14174,1168,1189,12,1201,3
2021-02-21,Monterey,053,433212,41649,41373,1723,43096,309
2021-02-21,Napa,055,140530,8977,8929,32,8961,69
2021-02-21,Nevada,057,99092,3959,3895,161,4056,66
2021-02-21,Orange,059,3164182,245536,243985,10477,254462,3801
2021-02-21,Placer,061,380077,20345,19553,1129,20682,238
2021-02-21,Plumas,063,18699,638,625,11,636,4
2021-02-21,Riverside,065,2383286,282092,277555,14038,291593,3564
2021-02-21,Sacramento,067,1510023,93663,92288,1245,93533,1354
2021-02-21,San Benito,069,59416,5719,5716,90,5806,57
2021-02-21,San Bernardino,071,2135413,284603,279870,8896,288766,3247
2021-02-21,San Diego,073,3302833,262104,257027,12683,269710,3190
2021-02-21,San Francisco,075,870044,33921,33891,1131,35022,405
2021-02-21,San Joaquin,077,732212,66179,64997,2853,67850,1001
2021-02-21,San Luis Obispo,079,281455,19416,19178,569,19747,229
2021-02-21,San Mateo,081,765935,39299,38448,410,38858,282
2021-02-21,Santa Barbara,083,443738,32080,31374,1140,32514,399
2021-02-21,Santa Clara,085,1922200,109174,108992,576,109568,1654
2021-02-21,Santa Cruz,087,273765,15247,14401,833,15234,176
2021-02-21,Shasta,089,179085,10883,10867,1238,12105,145
2021-02-21,Sierra,091,2930,49,47,14,61,0
2021-02-21,Siskiyou,093,43540,1460,1371,241,1612,4
2021-02-21,Solano,095,438530,29631,29471,359,29830,150
2021-02-21,Sonoma,097,501317,27804,27793,194,27987,278
2021-02-21,Stanislaus,099,539301,50066,49527,5483,55010,726
2021-02-21,Sutter,101,95872,8803,8687,84,8771,97
2021-02-21,Tehama,103,63373,4550,4547,512,5059,30
2021-02-21,Trinity,105,12862,370,286,53,339,3
2021-02-21,Tulare,107,460477,47456,46830,8292,55122,749
2021-02-21,Tuolumne,109,53932,3871,3828,31,3859,53
2021-02-21,Ventura,111,848112,77035,76862,2846,79708,677
2021-02-21,Yolo,113,214977,12801,12670,228,12898,183
2021-02-21,Yuba,115,75493,5448,5396,86,5482,38
2021-02-20,Alameda,001,1643700,80111,79496,1789,81285,1055
2021-02-20,Alpine,003,1148,79,77,0,77,0
2021-02-20,Amador,005,37829,3451,3432,31,3463,39
2021-02-20,Butte,007,227075,11207,10838,1671,12509,176
2021-02-20,Calaveras,009,45235,1895,1858,12,1870,21
2021-02-20,Colusa,011,21464,1861,1858,266,2124,11
2021-02-20,Contra Costa,013,1133247,62461,61205,1114,62319,663
2021-02-20,Del Norte,015,27424,964,937,0,937,3
2021-02-20,El Dorado,017,186661,9027,8911,627,9538,96
2021-02-20,Fresno,019,978130,95146,94234,7878,102112,1341
2021-02-20,Glenn,021,27897,2222,2199,502,2701,14
2021-02-20,Humboldt,023,135768,3105,3073,21,3094,29
2021-02-20,Imperial,025,180216,27039,26771,2609,29380,590
2021-02-20,Inyo,027,18085,1274,1226,3,1229,32
2021-02-20,Kern,029,883053,92462,91025,9998,101023,968
2021-02-20,Kings,031,150075,21982,21773,1043,22816,212
2021-02-20,Lake,033,64148,3145,3089,6,3095,40
2021-02-20,Lassen,035,31185,5096,5067,97,5164,1
2021-02-20,Los Angeles,037,10098052,1164181,1145594,40898,1186492,19630
2021-02-20,Madera,039,155013,15444,15274,827,16101,191
2021-02-20,Marin,041,260295,13058,12945,161,13106,211
2021-02-20,Mariposa,043,17540,376,372,5,377,4
2021-02-20,Mendocino,045,87422,3605,3533,68,3601,40
2021-02-20,Merced,047,269075,28106,28066,872,28938,379
2021-02-20,Modoc,049,8938,337,328,114,442,3
2021-02-20,Mono,051,14174,1167,1187,12,1199,3
2021-02-20,Monterey,053,433212,41629,41313,1721,43034,309
2021-02-20,Napa,055,140530,8968,8910,32,8942,69
2021-02-20,Nevada,057,99092,3949,3887,160,4047,66
2021-02-20,Orange,059,3164182,245370,243761,10461,254222,3755
2021-02-20,Placer,061,380077,20305,19509,1125,20634,236
2021-02-20,Plumas,063,18699,638,626,11,637,4
2021-02-20,Riverside,065,2383286,281941,277267,14026,291293,3559
2021-02-20,Sacramento,067,1510023,93539,92057,1243,93300,1352
2021-02-20,San Benito,069,59416,5707,5709,90,5799,57
2021-02-20,San Bernardino,071,2135413,284502,279608,8891,288499,3203
2021-02-20,San Diego,073,3302833,261862,256510,12654,269164,3188
2021-02-20,San Francisco,075,870044,33879,33820,1122,34942,399
2021-02-20,San Joaquin,077,732212,66107,64916,2848,67764,1001
2021-02-20,San Luis Obispo,079,281455,19393,19138,567,19705,229
2021-02-20,San Mateo,081,765935,39255,38371,409,38780,282
2021-02-20,Santa Barbara,083,443738,32046,31289,1138,32427,396
2021-02-20,Santa Clara,085,1922200,108998,108728,573,109301,1649
2021-02-20,Santa Cruz,087,273765,15236,14378,831,15209,176
2021-02-20,Shasta,089,179085,10869,10850,1233,12083,146
2021-02-20,Sierra,091,2930,49,47,14,61,0
2021-02-20,Siskiyou,093,43540,1457,1366,241,1607,4
2021-02-20,Solano,095,438530,29616,29440,357,29797,150
2021-02-20,Sonoma,097,501317,27775,27703,192,27895,278
2021-02-20,Stanislaus,099,539301,50011,49445,5470,54915,733
2021-02-20,Sutter,101,95872,8797,8681,84,8765,97
2021-02-20,Tehama,103,63373,4549,4545,512,5057,30
2021-02-20,Trinity,105,12862,369,285,52,337,3
2021-02-20,Tulare,107,460477,47420,46769,8270,55039,739
2021-02-20,Tuolumne,109,53932,3866,3823,31,3854,53
2021-02-20,Ventura,111,848112,76939,76757,2843,79600,671
2021-02-20,Yolo,113,214977,12787,12639,227,12866,183
2021-02-20,Yuba,115,75493,5445,5386,86,5472,38
2021-02-19,Alameda,001,1643700,80004,79318,1785,81103,1047
2021-02-19,Alpine,003,1148,79,77,0,77,0
2021-02-19,Amador,005,37829,3447,3427,31,3458,39
2021-02-19,Butte,007,227075,11197,10823,1666,12489,176
2021-02-19,Calaveras,009,45235,1894,1856,12,1868,21
2021-02-19,Colusa,011,21464,1861,1858,266,2124,11
2021-02-19,Contra Costa,013,1133247,62353,61017,1112,62129,651
2021-02-19,Del Norte,015,27424,959,932,0,932,2
2021-02-19,El Dorado,017,186661,9018,8882,626,9508,96
2021-02-19,Fresno,019,978130,95018,93973,7859,101832,1330
2021-02-19,Glenn,021,27897,2217,2199,501,2700,14
2021-02-19,Humboldt,023,135768,3093,3037,21,3058,29
2021-02-19,Imperial,025,180216,27034,26751,2606,29357,589
2021-02-19,Inyo,027,18085,1269,1212,3,1215,32
2021-02-19,Kern,029,883053,92393,90807,9955,100762,963
2021-02-19,Kings,031,150075,21968,21724,1040,22764,211
2021-02-19,Lake,033,64148,3139,3078,6,3084,40
2021-02-19,Lassen,035,31185,5095,5057,97,5154,1
2021-02-19,Los Angeles,037,10098052,1163436,1143828,40855,1184683,19498
2021-02-19,Madera,039,155013,15427,15222,825,16047,188
2021-02-19,Marin,041,260295,13034,12919,159,13078,210
2021-02-19,Mariposa,043,17540,376,371,5,376,4
2021-02-19,Mendocino,045,87422,3603,3526,68,3594,39
2021-02-19,Merced,047,269075,28075,27985,869,28854,376
2021-02-19,Modoc,049,8938,337,328,114,442,3
2021-02-19,Mono,051,14174,1167,1186,12,1198,3
2021-02-19,Monterey,053,433212,41600,41209,1717,42926,309
2021-02-19,Napa,055,140530,8957,8899,32,8931,69
2021-02-19,Nevada,057,99092,3943,3863,160,4023,66
2021-02-19,Orange,059,3164182,245190,243397,10447,253844,3715
2021-02-19,Placer,061,380077,20283,19457,1125,20582,236
2021-02-19,Plumas,063,18699,636,624,11,635,4
2021-02-19,Riverside,065,2383286,281770,276941,14009,290950,3541
2021-02-19,Sacramento,067,1510023,93418,91815,1239,93054,1351
2021-02-19,San Benito,069,59416,5702,5699,90,5789,57
2021-02-19,San Bernardino,071,2135413,284376,279209,8885,288094,3117
2021-02-19,San Diego,073,3302833,261572,255799,12631,268430,3169
2021-02-19,San Francisco,075,870044,33831,33746,1116,34862,387
2021-02-19,San Joaquin,077,732212,66036,64774,2839,67613,988
2021-02-19,San Luis Obispo,079,281455,19363,19061,565,19626,230
2021-02-19,San Mateo,081,765935,39197,38256,407,38663,282
2021-02-19,Santa Barbara,083,443738,31982,31204,1137,32341,392
2021-02-19,Santa Clara,085,1922200,108785,108400,571,108971,1634
2021-02-19,Santa Cruz,087,273765,15221,14354,831,15185,176
2021-02-19,Shasta,089,179085,10857,10833,1230,12063,140
2021-02-19,Sierra,091,2930,49,47,14,61,0
2021-02-19,Siskiyou,093,43540,1453,1363,239,1602,4
2021-02-19,Solano,095,438530,29585,29383,356,29739,150
2021-02-19,Sonoma,097,501317,27727,27595,190,27785,280
2021-02-19,Stanislaus,099,539301,49950,49282,5454,54736,739
2021-02-19,Sutter,101,95872,8787,8665,84,8749,96
2021-02-19,Tehama,103,63373,4547,4535,512,5047,30
2021-02-19,Trinity,105,12862,368,282,49,331,3
2021-02-19,Tulare,107,460477,47376,46662,8242,54904,736
2021-02-19,Tuolumne,109,53932,3860,3817,30,3847,52
2021-02-19,Ventura,111,848112,76859,76582,2840,79422,667
2021-02-19,Yolo,113,214977,12771,12606,227,12833,183
2021-02-19,Yuba,115,75493,5435,5376,86,5462,38
2021-02-18,Alameda,001,1643700,79857,79111,1778,80889,1012
2021-02-18,Alpine,003,1148,79,77,0,77,0
2021-02-18,Amador,005,37829,3443,3417,30,3447,38
2021-02-18,Butte,007,227075,11179,10791,1663,12454,175
2021-02-18,Calaveras,009,45235,1889,1873,12,1885,21
2021-02-18,Colusa,011,21464,1859,1856,264,2120,11
2021-02-18,Contra Costa,013,1133247,62242,60868,1111,61979,640
2021-02-18,Del Norte,015,27424,954,929,0,929,2
2021-02-18,El Dorado,017,186661,9004,8850,625,9475,94
2021-02-18,Fresno,019,978130,94849,93734,7832,101566,1323
2021-02-18,Glenn,021,27897,2211,2195,501,2696,14
2021-02-18,Humboldt,023,135768,3081,3023,21,3044,29
2021-02-18,Imperial,025,180216,27008,26731,2601,29332,591
2021-02-18,Inyo,027,18085,1265,1213,2,1215,32
2021-02-18,Kern,029,883053,92236,90655,9925,100580,961
2021-02-18,Kings,031,150075,21947,21648,1038,22686,211
2021-02-18,Lake,033,64148,3131,3066,6,3072,40
2021-02-18,Lassen,035,31185,5086,5052,97,5149,1
2021-02-18,Los Angeles,037,10098052,1162481,1141930,40786,1182716,19358
2021-02-18,Madera,039,155013,15406,15175,820,15995,188
2021-02-18,Marin,041,260295,13020,12895,159,13054,209
2021-02-18,Mariposa,043,17540,375,369,5,374,4
2021-02-18,Mendocino,045,87422,3600,3519,67,3586,39
2021-02-18,Merced,047,269075,28025,27870,863,28733,372
2021-02-18,Modoc,049,8938,335,327,113,440,3
2021-02-18,Mono,051,14174,1167,1182,12,1194,3
2021-02-18,Monterey,053,433212,41537,41091,1708,42799,307
2021-02-18,Napa,055,140530,8940,8877,32,8909,68
2021-02-18,Nevada,057,99092,3934,3836,159,3995,66
2021-02-18,Orange,059,3164182,244972,243098,10428,253526,3673
2021-02-18,Placer,061,380077,20256,19429,1124,20553,232
2021-02-18,Plumas,063,18699,636,624,11,635,4
2021-02-18,Riverside,065,2383286,281491,276595,13988,290583,3510
2021-02-18,Sacramento,067,1510023,93257,91476,1233,92709,1334
2021-02-18,San Benito,069,59416,5699,5697,89,5786,58
2021-02-18,San Bernardino,071,2135413,284166,278887,8870,287757,3066
2021-02-18,San Diego,073,3302833,261219,254987,12608,267595,3135
2021-02-18,San Francisco,075,870044,33773,33650,1113,34763,386
2021-02-18,San Joaquin,077,732212,65951,64634,2828,67462,982
2021-02-18,San Luis Obispo,079,281455,19321,18987,562,19549,230
2021-02-18,San Mateo,081,765935,39135,38185,403,38588,282
2021-02-18,Santa Barbara,083,443738,31903,31054,1129,32183,387
2021-02-18,Santa Clara,085,1922200,108559,108210,568,108778,1605
2021-02-18,Santa Cruz,087,273765,15195,14314,831,15145,176
2021-02-18,Shasta,089,179085,10837,10811,1227,12038,139
2021-02-18,Sierra,091,2930,48,47,14,61,0
2021-02-18,Siskiyou,093,43540,1448,1359,238,1597,4
2021-02-18,Solano,095,438530,29558,29349,355,29704,150
2021-02-18,Sonoma,097,501317,27659,27512,189,27701,281
2021-02-18,Stanislaus,099,539301,49853,49150,5439,54589,738
2021-02-18,Sutter,101,95872,8779,8654,84,8738,96
2021-02-18,Tehama,103,63373,4544,4528,511,5039,30
2021-02-18,Trinity,105,12862,367,282,49,331,3
2021-02-18,Tulare,107,460477,47317,46591,8200,54791,728
2021-02-18,Tuolumne,109,53932,3823,3811,30,3841,52
2021-02-18,Ventura,111,848112,76728,76442,2830,79272,659
2021-02-18,Yolo,113,214977,12744,12549,224,12773,183
2021-02-18,Yuba,115,75493,5418,5358,86,5444,38
2021-02-17,Alameda,001,1643700,79696,78895,1776,80671,1002
2021-02-17,Alpine,003,1148,79,77,0,77,0
2021-02-17,Amador,005,37829,3439,3415,30,3445,38
2021-02-17,Butte,007,227075,11161,10770,1660,12430,174
2021-02-17,Calaveras,009,45235,1889,1876,12,1888,21
2021-02-17,Colusa,011,21464,1856,1854,264,2118,10
2021-02-17,Contra Costa,013,1133247,62101,60723,1108,61831,635
2021-02-17,Del Norte,015,27424,948,920,0,920,2
2021-02-17,El Dorado,017,186661,8992,8847,625,9472,94
2021-02-17,Fresno,019,978130,94711,93555,7805,101360,1307
2021-02-17,Glenn,021,27897,2211,2189,500,2689,14
2021-02-17,Humboldt,023,135768,3066,3006,21,3027,29
2021-02-17,Imperial,025,180216,26993,26726,2599,29325,580
2021-02-17,Inyo,027,18085,1257,1197,2,1199,32
2021-02-17,Kern,029,883053,92117,90454,9878,100332,962
2021-02-17,Kings,031,150075,21910,21617,1034,22651,211
2021-02-17,Lake,033,64148,3120,3057,2,3059,38
2021-02-17,Lassen,035,31185,5081,5052,96,5148,1
2021-02-17,Los Angeles,037,10098052,1161435,1139786,40719,1180505,19213
2021-02-17,Madera,039,155013,15380,15135,811,15946,177
2021-02-17,Marin,041,260295,12994,12881,159,13040,207
2021-02-17,Mariposa,043,17540,375,368,4,372,4
2021-02-17,Mendocino,045,87422,3598,3494,66,3560,39
2021-02-17,Merced,047,269075,27971,27824,854,28678,372
2021-02-17,Modoc,049,8938,335,327,113,440,3
2021-02-17,Mono,051,14174,1167,1180,12,1192,3
2021-02-17,Monterey,053,433212,41483,41014,1696,42710,304
2021-02-17,Napa,055,140530,8926,8865,32,8897,68
2021-02-17,Nevada,057,99092,3915,3822,156,3978,52
2021-02-17,Orange,059,3164182,244706,242716,10394,253110,3626
2021-02-17,Placer,061,380077,20223,19405,1120,20525,230
2021-02-17,Plumas,063,18699,635,623,11,634,4
2021-02-17,Riverside,065,2383286,281216,276289,13965,290254,3491
2021-02-17,Sacramento,067,1510023,93100,91309,1226,92535,1326
2021-02-17,San Benito,069,59416,5693,5661,89,5750,57
2021-02-17,San Bernardino,071,2135413,283962,278461,8850,287311,3020
2021-02-17,San Diego,073,3302833,260843,254177,12587,266764,3099
2021-02-17,San Francisco,075,870044,33696,33558,1108,34666,379
2021-02-17,San Joaquin,077,732212,65851,64556,2821,67377,979
2021-02-17,San Luis Obispo,079,281455,19276,18964,562,19526,230
2021-02-17,San Mateo,081,765935,39070,38124,401,38525,282
2021-02-17,Santa Barbara,083,443738,31836,30927,1128,32055,384
2021-02-17,Santa Clara,085,1922200,108327,107949,566,108515,1592
2021-02-17,Santa Cruz,087,273765,15162,14268,828,15096,174
2021-02-17,Shasta,089,179085,10817,10770,1226,11996,139
2021-02-17,Sierra,091,2930,48,47,14,61,0
2021-02-17,Siskiyou,093,43540,1442,1352,235,1587,4
2021-02-17,Solano,095,438530,29503,29288,355,29643,149
2021-02-17,Sonoma,097,501317,27585,27408,184,27592,281
2021-02-17,Stanislaus,099,539301,49744,49050,5422,54472,730
2021-02-17,Sutter,101,95872,8769,8681,84,8765,95
2021-02-17,Tehama,103,63373,4540,4511,510,5021,30
2021-02-17,Trinity,105,12862,367,277,47,324,3
2021-02-17,Tulare,107,460477,47256,46495,8169,54664,726
2021-02-17,Tuolumne,109,53932,3814,3806,30,3836,49
2021-02-17,Ventura,111,848112,76603,76234,2823,79057,646
2021-02-17,Yolo,113,214977,12727,12506,222,12728,182
2021-02-17,Yuba,115,75493,5409,5345,86,5431,38
2021-02-16,Alameda,001,1643700,79522,78756,1772,80528,997
2021-02-16,Alpine,003,1148,79,76,0,76,0
2021-02-16,Amador,005,37829,3432,3413,30,3443,39
2021-02-16,Butte,007,227075,11134,10748,1657,12405,164
2021-02-16,Calaveras,009,45235,1887,1872,12,1884,21
2021-02-16,Colusa,011,21464,1853,1852,262,2114,10
2021-02-16,Contra Costa,013,1133247,61953,60564,1103,61667,631
2021-02-16,Del Norte,015,27424,940,913,0,913,2
2021-02-16,El Dorado,017,186661,8982,8836,624,9460,94
2021-02-16,Fresno,019,978130,94549,93363,7774,101137,1293
2021-02-16,Glenn,021,27897,2202,2189,495,2684,14
2021-02-16,Humboldt,023,135768,3042,2994,21,3015,29
2021-02-16,Imperial,025,180216,26980,26711,2595,29306,580
2021-02-16,Inyo,027,18085,1249,1191,2,1193,32
2021-02-16,Kern,029,883053,91985,90267,9845,100112,959
2021-02-16,Kings,031,150075,21864,21583,1030,22613,206
2021-02-16,Lake,033,64148,3111,3041,2,3043,38
2021-02-16,Lassen,035,31185,5069,5047,96,5143,1
2021-02-16,Los Angeles,037,10098052,1160191,1138262,40655,1178917,19044
2021-02-16,Madera,039,155013,15341,15120,807,15927,172
2021-02-16,Marin,041,260295,12970,12832,159,12991,205
2021-02-16,Mariposa,043,17540,375,367,4,371,4
2021-02-16,Mendocino,045,87422,3594,3489,66,3555,39
2021-02-16,Merced,047,269075,27899,27724,847,28571,368
2021-02-16,Modoc,049,8938,335,326,113,439,3
2021-02-16,Mono,051,14174,1167,1180,12,1192,3
2021-02-16,Monterey,053,433212,41409,40962,1687,42649,303
2021-02-16,Napa,055,140530,8913,8854,32,8886,66
2021-02-16,Nevada,057,99092,3902,3774,155,3929,47
2021-02-16,Orange,059,3164182,244384,242382,10378,252760,3612
2021-02-16,Placer,061,380077,20191,19367,1117,20484,230
2021-02-16,Plumas,063,18699,635,619,11,630,4
2021-02-16,Riverside,065,2383286,280915,275954,13942,289896,3471
2021-02-16,Sacramento,067,1510023,92847,91246,1219,92465,1305
2021-02-16,San Benito,069,59416,5685,5659,88,5747,56
2021-02-16,San Bernardino,071,2135413,283739,277947,8839,286786,2978
2021-02-16,San Diego,073,3302833,260381,253638,12549,266187,3042
2021-02-16,San Francisco,075,870044,33625,33491,1103,34594,373
2021-02-16,San Joaquin,077,732212,65731,64448,2817,67265,979
2021-02-16,San Luis Obispo,079,281455,19231,18925,559,19484,229
2021-02-16,San Mateo,081,765935,39011,38041,399,38440,277
2021-02-16,Santa Barbara,083,443738,31763,30865,1124,31989,378
2021-02-16,Santa Clara,085,1922200,108074,107754,563,108317,1591
2021-02-16,Santa Cruz,087,273765,15143,14256,826,15082,174
2021-02-16,Shasta,089,179085,10801,10736,1224,11960,139
2021-02-16,Sierra,091,2930,48,47,14,61,0
2021-02-16,Siskiyou,093,43540,1438,1351,235,1586,4
2021-02-16,Solano,095,438530,29463,29246,354,29600,148
2021-02-16,Sonoma,097,501317,27523,27380,178,27558,279
2021-02-16,Stanislaus,099,539301,49626,48927,5405,54332,716
2021-02-16,Sutter,101,95872,8746,8671,84,8755,95
2021-02-16,Tehama,103,63373,4531,4501,509,5010,30
2021-02-16,Trinity,105,12862,363,275,47,322,3
2021-02-16,Tulare,107,460477,47192,46444,8123,54567,716
2021-02-16,Tuolumne,109,53932,3812,3796,30,3826,49
2021-02-16,Ventura,111,848112,76458,76043,2819,78862,631
2021-02-16,Yolo,113,214977,12696,12457,222,12679,175
2021-02-16,Yuba,115,75493,5402,5332,85,5417,38
2021-02-15,Alameda,001,1643700,79322,78647,1761,80408,996
2021-02-15,Alpine,003,1148,79,76,0,76,0
2021-02-15,Amador,005,37829,3428,3409,30,3439,39
2021-02-15,Butte,007,227075,11116,10723,1653,12376,155
2021-02-15,Calaveras,009,45235,1884,1871,12,1883,21
2021-02-15,Colusa,011,21464,1853,1849,258,2107,10
2021-02-15,Contra Costa,013,1133247,61778,60444,1096,61540,631
2021-02-15,Del Norte,015,27424,936,913,0,913,2
2021-02-15,El Dorado,017,186661,8965,8816,624,9440,94
2021-02-15,Fresno,019,978130,94350,93231,7736,100967,1288
2021-02-15,Glenn,021,27897,2199,2185,492,2677,14
2021-02-15,Humboldt,023,135768,3035,2997,21,3018,29
2021-02-15,Imperial,025,180216,26962,26700,2590,29290,580
2021-02-15,Inyo,027,18085,1230,1184,2,1186,32
2021-02-15,Kern,029,883053,91841,90181,9812,99993,959
2021-02-15,Kings,031,150075,21819,21574,1026,22600,205
2021-02-15,Lake,033,64148,3097,3030,1,3031,38
2021-02-15,Lassen,035,31185,5067,5047,95,5142,1
2021-02-15,Los Angeles,037,10098052,1158803,1137164,40591,1177755,18925
2021-02-15,Madera,039,155013,15310,15108,806,15914,106
2021-02-15,Marin,041,260295,12950,12810,156,12966,203
2021-02-15,Mariposa,043,17540,373,367,4,371,4
2021-02-15,Mendocino,045,87422,3582,3481,66,3547,39
2021-02-15,Merced,047,269075,27824,27656,840,28496,368
2021-02-15,Modoc,049,8938,335,326,113,439,3
2021-02-15,Mono,051,14174,1164,1178,12,1190,3
2021-02-15,Monterey,053,433212,41348,40911,1673,42584,302
2021-02-15,Napa,055,140530,8899,8837,32,8869,57
2021-02-15,Nevada,057,99092,3885,3767,154,3921,47
2021-02-15,Orange,059,3164182,244065,242176,10350,252526,3586
2021-02-15,Placer,061,380077,20165,19361,1116,20477,230
2021-02-15,Plumas,063,18699,635,620,11,631,4
2021-02-15,Riverside,065,2383286,280569,275771,13927,289698,3468
2021-02-15,Sacramento,067,1510023,92520,91091,1214,92305,1304
2021-02-15,San Benito,069,59416,5676,5649,88,5737,56
2021-02-15,San Bernardino,071,2135413,283484,277869,8831,286700,2945
2021-02-15,San Diego,073,3302833,259869,252940,12517,265457,3037
2021-02-15,San Francisco,075,870044,33552,33454,1095,34549,373
2021-02-15,San Joaquin,077,732212,65566,64382,2810,67192,979
2021-02-15,San Luis Obispo,079,281455,19178,18891,557,19448,227
2021-02-15,San Mateo,081,765935,38934,37969,396,38365,277
2021-02-15,Santa Barbara,083,443738,31662,30810,1121,31931,378
2021-02-15,Santa Clara,085,1922200,107840,107630,561,108191,1588
2021-02-15,Santa Cruz,087,273765,15111,14239,823,15062,175
2021-02-15,Shasta,089,179085,10781,10730,1219,11949,139
2021-02-15,Sierra,091,2930,48,47,14,61,0
2021-02-15,Siskiyou,093,43540,1430,1345,234,1579,4
2021-02-15,Solano,095,438530,29408,29225,354,29579,148
2021-02-15,Sonoma,097,501317,27438,27359,174,27533,276
2021-02-15,Stanislaus,099,539301,49502,48808,5391,54199,716
2021-02-15,Sutter,101,95872,8731,8652,84,8736,95
2021-02-15,Tehama,103,63373,4520,4492,507,4999,30
2021-02-15,Trinity,105,12862,362,274,47,321,3
2021-02-15,Tulare,107,460477,47118,46344,8083,54427,715
2021-02-15,Tuolumne,109,53932,3802,3794,30,3824,49
2021-02-15,Ventura,111,848112,76302,75889,2816,78705,629
2021-02-15,Yolo,113,214977,12660,12412,215,12627,175
2021-02-15,Yuba,115,75493,5385,5320,84,5404,38
2021-02-14,Alameda,001,1643700,79165,78442,1760,80202,995
2021-02-14,Alpine,003,1148,79,76,0,76,0
2021-02-14,Amador,005,37829,3423,3398,30,3428,39
2021-02-14,Butte,007,227075,11092,10717,1648,12365,155
2021-02-14,Calaveras,009,45235,1881,1866,12,1878,21
2021-02-14,Colusa,011,21464,1849,1845,255,2100,10
2021-02-14,Contra Costa,013,1133247,61630,60272,1093,61365,631
2021-02-14,Del Norte,015,27424,932,911,0,911,2
2021-02-14,El Dorado,017,186661,8935,8790,622,9412,94
2021-02-14,Fresno,019,978130,94181,93065,7711,100776,1287
2021-02-14,Glenn,021,27897,2197,2184,492,2676,14
2021-02-14,Humboldt,023,135768,3022,2992,21,3013,29
2021-02-14,Imperial,025,180216,26954,26696,2589,29285,580
2021-02-14,Inyo,027,18085,1224,1177,2,1179,32
2021-02-14,Kern,029,883053,91683,90038,9757,99795,959
2021-02-14,Kings,031,150075,21793,21538,1024,22562,205
2021-02-14,Lake,033,64148,3088,3030,1,3031,38
2021-02-14,Lassen,035,31185,5063,5037,95,5132,1
2021-02-14,Los Angeles,037,10098052,1157465,1135450,40503,1175953,18898
2021-02-14,Madera,039,155013,15278,15089,802,15891,106
2021-02-14,Marin,041,260295,12926,12784,156,12940,201
2021-02-14,Mariposa,043,17540,373,365,4,369,4
2021-02-14,Mendocino,045,87422,3577,3475,66,3541,39
2021-02-14,Merced,047,269075,27747,27601,834,28435,368
2021-02-14,Modoc,049,8938,335,326,113,439,3
2021-02-14,Mono,051,14174,1163,1180,12,1192,3
2021-02-14,Monterey,053,433212,41298,40842,1669,42511,302
2021-02-14,Napa,055,140530,8879,8826,32,8858,57
2021-02-14,Nevada,057,99092,3869,3761,154,3915,47
2021-02-14,Orange,059,3164182,243758,241859,10329,252188,3564
2021-02-14,Placer,061,380077,20126,19313,1111,20424,230
2021-02-14,Plumas,063,18699,634,620,11,631,4
2021-02-14,Riverside,065,2383286,280255,275518,13906,289424,3471
2021-02-14,Sacramento,067,1510023,92313,90856,1210,92066,1304
2021-02-14,San Benito,069,59416,5668,5641,87,5728,56
2021-02-14,San Bernardino,071,2135413,283167,277664,8812,286476,2929
2021-02-14,San Diego,073,3302833,259377,252247,12469,264716,3037
2021-02-14,San Francisco,075,870044,33480,33374,1085,34459,372
2021-02-14,San Joaquin,077,732212,65467,64243,2796,67039,979
2021-02-14,San Luis Obispo,079,281455,19140,18868,554,19422,225
2021-02-14,San Mateo,081,765935,38850,37859,396,38255,277
2021-02-14,Santa Barbara,083,443738,31570,30744,1117,31861,377
2021-02-14,Santa Clara,085,1922200,107640,107412,557,107969,1582
2021-02-14,Santa Cruz,087,273765,15083,14225,818,15043,175
2021-02-14,Shasta,089,179085,10751,10720,1213,11933,139
2021-02-14,Sierra,091,2930,48,47,14,61,0
2021-02-14,Siskiyou,093,43540,1426,1340,234,1574,4
2021-02-14,Solano,095,438530,29370,29150,350,29500,148
2021-02-14,Sonoma,097,501317,27361,27266,172,27438,276
2021-02-14,Stanislaus,099,539301,49396,48672,5375,54047,716
2021-02-14,Sutter,101,95872,8708,8642,84,8726,95
2021-02-14,Tehama,103,63373,4512,4490,505,4995,30
2021-02-14,Trinity,105,12862,362,272,47,319,3
2021-02-14,Tulare,107,460477,47043,46263,8028,54291,715
2021-02-14,Tuolumne,109,53932,3801,3764,30,3794,49
2021-02-14,Ventura,111,848112,76127,75742,2805,78547,629
2021-02-14,Yolo,113,214977,12631,12399,214,12613,175
2021-02-14,Yuba,115,75493,5375,5314,84,5398,38
2021-02-13,Alameda,001,1643700,79047,78246,1757,80003,995
2021-02-13,Alpine,003,1148,79,76,0,76,0
2021-02-13,Amador,005,37829,3420,3387,30,3417,38
2021-02-13,Butte,007,227075,11076,10699,1647,12346,155
2021-02-13,Calaveras,009,45235,1877,1863,12,1875,21
2021-02-13,Colusa,011,21464,1849,1837,255,2092,10
2021-02-13,Contra Costa,013,1133247,61510,60100,1093,61193,629
2021-02-13,Del Norte,015,27424,930,908,0,908,2
2021-02-13,El Dorado,017,186661,8924,8758,621,9379,93
2021-02-13,Fresno,019,978130,94069,92807,7687,100494,1287
2021-02-13,Glenn,021,27897,2196,2182,492,2674,14
2021-02-13,Humboldt,023,135768,3009,2974,20,2994,29
2021-02-13,Imperial,025,180216,26947,26680,2587,29267,580
2021-02-13,Inyo,027,18085,1220,1168,2,1170,32
2021-02-13,Kern,029,883053,91594,89915,9732,99647,957
2021-02-13,Kings,031,150075,21778,21513,1022,22535,205
2021-02-13,Lake,033,64148,3082,3025,1,3026,37
2021-02-13,Lassen,035,31185,5060,5028,95,5123,1
2021-02-13,Los Angeles,037,10098052,1156608,1133752,40453,1174205,18822
2021-02-13,Madera,039,155013,15269,15053,797,15850,106
2021-02-13,Marin,041,260295,12905,12757,156,12913,201
2021-02-13,Mariposa,043,17540,373,365,4,369,4
2021-02-13,Mendocino,045,87422,3567,3466,66,3532,38
2021-02-13,Merced,047,269075,27703,27541,831,28372,368
2021-02-13,Modoc,049,8938,335,325,113,438,3
2021-02-13,Mono,051,14174,1163,1176,12,1188,3
2021-02-13,Monterey,053,433212,41267,40731,1667,42398,301
2021-02-13,Napa,055,140530,8870,8809,32,8841,57
2021-02-13,Nevada,057,99092,3860,3742,153,3895,47
2021-02-13,Orange,059,3164182,243554,241545,10308,251853,3520
2021-02-13,Placer,061,380077,20106,19214,1111,20325,230
2021-02-13,Plumas,063,18699,634,616,11,627,4
2021-02-13,Riverside,065,2383286,280027,275276,13896,289172,3462
2021-02-13,Sacramento,067,1510023,92146,90401,1207,91608,1302
2021-02-13,San Benito,069,59416,5654,5633,87,5720,56
2021-02-13,San Bernardino,071,2135413,283015,277405,8800,286205,2899
2021-02-13,San Diego,073,3302833,259047,251679,12457,264136,3009
2021-02-13,San Francisco,075,870044,33431,33291,1074,34365,364
2021-02-13,San Joaquin,077,732212,65399,64105,2786,66891,977
2021-02-13,San Luis Obispo,079,281455,19112,18803,548,19351,225
2021-02-13,San Mateo,081,765935,38797,37745,396,38141,277
2021-02-13,Santa Barbara,083,443738,31519,30594,1115,31709,374
2021-02-13,Santa Clara,085,1922200,107455,107125,553,107678,1570
2021-02-13,Santa Cruz,087,273765,15056,14198,817,15015,173
2021-02-13,Shasta,089,179085,10739,10713,1208,11921,139
2021-02-13,Sierra,091,2930,48,47,14,61,0
2021-02-13,Siskiyou,093,43540,1423,1336,234,1570,4
2021-02-13,Solano,095,438530,29334,29084,350,29434,148
2021-02-13,Sonoma,097,501317,27315,27157,170,27327,276
2021-02-13,Stanislaus,099,539301,49327,48568,5369,53937,697
2021-02-13,Sutter,101,95872,8696,8626,84,8710,94
2021-02-13,Tehama,103,63373,4503,4484,504,4988,30
2021-02-13,Trinity,105,12862,361,272,46,318,3
2021-02-13,Tulare,107,460477,46999,46162,7991,54153,709
2021-02-13,Tuolumne,109,53932,3800,3752,30,3782,49
2021-02-13,Ventura,111,848112,75990,75481,2799,78280,618
2021-02-13,Yolo,113,214977,12619,12374,213,12587,175
2021-02-13,Yuba,115,75493,5367,5289,84,5373,38
2021-02-12,Alameda,001,1643700,78912,77958,1751,79709,974
2021-02-12,Alpine,003,1148,79,76,0,76,0
2021-02-12,Amador,005,37829,3416,3381,30,3411,38
2021-02-12,Butte,007,227075,11061,10655,1640,12295,155
2021-02-12,Calaveras,009,45235,1874,1860,12,1872,21
2021-02-12,Colusa,011,21464,1849,1836,255,2091,10
2021-02-12,Contra Costa,013,1133247,61360,59878,1089,60967,620
2021-02-12,Del Norte,015,27424,920,901,0,901,2
2021-02-12,El Dorado,017,186661,8908,8725,618,9343,92
2021-02-12,Fresno,019,978130,93916,92520,7666,100186,1273
2021-02-12,Glenn,021,27897,2193,2175,492,2667,14
2021-02-12,Humboldt,023,135768,3001,2961,20,2981,29
2021-02-12,Imperial,025,180216,26938,26646,2585,29231,585
2021-02-12,Inyo,027,18085,1214,1156,2,1158,32
2021-02-12,Kern,029,883053,91484,89532,9696,99228,949
2021-02-12,Kings,031,150075,21747,21462,1016,22478,202
2021-02-12,Lake,033,64148,3078,3012,1,3013,36
2021-02-12,Lassen,035,31185,5058,5015,95,5110,1
2021-02-12,Los Angeles,037,10098052,1155405,1131185,40382,1171567,18637
2021-02-12,Madera,039,155013,15242,15022,794,15816,106
2021-02-12,Marin,041,260295,12879,12720,156,12876,200
2021-02-12,Mariposa,043,17540,372,365,4,369,4
2021-02-12,Mendocino,045,87422,3565,3447,66,3513,38
2021-02-12,Merced,047,269075,27652,27453,828,28281,367
2021-02-12,Modoc,049,8938,335,324,113,437,3
2021-02-12,Mono,051,14174,1162,1172,12,1184,3
2021-02-12,Monterey,053,433212,41220,40633,1658,42291,297
2021-02-12,Napa,055,140530,8858,8785,32,8817,55
2021-02-12,Nevada,057,99092,3855,3728,153,3881,47
2021-02-12,Orange,059,3164182,243316,241075,10292,251367,3505
2021-02-12,Placer,061,380077,20065,19174,1106,20280,230
2021-02-12,Plumas,063,18699,633,614,11,625,4
2021-02-12,Riverside,065,2383286,279753,274792,13878,288670,3438
2021-02-12,Sacramento,067,1510023,91941,90252,1206,91458,1295
2021-02-12,San Benito,069,59416,5638,5622,86,5708,56
2021-02-12,San Bernardino,071,2135413,282822,276890,8788,285678,2827
2021-02-12,San Diego,073,3302833,258665,250788,12431,263219,2979
2021-02-12,San Francisco,075,870044,33371,33179,1070,34249,359
2021-02-12,San Joaquin,077,732212,65305,63966,2778,66744,975
2021-02-12,San Luis Obispo,079,281455,19071,18687,547,19234,224
2021-02-12,San Mateo,081,765935,38725,37560,396,37956,254
2021-02-12,Santa Barbara,083,443738,31448,30454,1110,31564,372
2021-02-12,Santa Clara,085,1922200,107286,106759,550,107309,1543
2021-02-12,Santa Cruz,087,273765,15036,14147,817,14964,170
2021-02-12,Shasta,089,179085,10721,10693,1198,11891,142
2021-02-12,Sierra,091,2930,47,45,14,59,0
2021-02-12,Siskiyou,093,43540,1419,1324,231,1555,4
2021-02-12,Solano,095,438530,29302,28996,347,29343,147
2021-02-12,Sonoma,097,501317,27260,27064,166,27230,275
2021-02-12,Stanislaus,099,539301,49244,48418,5344,53762,697
2021-02-12,Sutter,101,95872,8682,8609,84,8693,93
2021-02-12,Tehama,103,63373,4495,4470,503,4973,27
2021-02-12,Trinity,105,12862,361,269,46,315,3
2021-02-12,Tulare,107,460477,46921,46016,7964,53980,710
2021-02-12,Tuolumne,109,53932,3798,3736,29,3765,49
2021-02-12,Ventura,111,848112,75823,75210,2791,78001,605
2021-02-12,Yolo,113,214977,12599,12340,213,12553,175
2021-02-12,Yuba,115,75493,5359,5274,84,5358,38
2021-02-11,Alameda,001,1643700,78684,77564,1746,79310,960
2021-02-11,Alpine,003,1148,78,76,0,76,0
2021-02-11,Amador,005,37829,3412,3368,30,3398,35
2021-02-11,Butte,007,227075,11037,10624,1638,12262,155
2021-02-11,Calaveras,009,45235,1871,1856,12,1868,21
2021-02-11,Colusa,011,21464,1844,1823,253,2076,10
2021-02-11,Contra Costa,013,1133247,61193,59633,1085,60718,605
2021-02-11,Del Norte,015,27424,915,894,0,894,2
2021-02-11,El Dorado,017,186661,8887,8698,618,9316,92
2021-02-11,Fresno,019,978130,93762,92168,7640,99808,1255
2021-02-11,Glenn,021,27897,2191,2166,490,2656,14
2021-02-11,Humboldt,023,135768,2988,2954,19,2973,29
2021-02-11,Imperial,025,180216,26915,26545,2583,29128,578
2021-02-11,Inyo,027,18085,1205,1144,2,1146,32
2021-02-11,Kern,029,883053,91297,89224,9649,98873,941
2021-02-11,Kings,031,150075,21717,21373,1013,22386,202
2021-02-11,Lake,033,64148,3068,3002,1,3003,36
2021-02-11,Lassen,035,31185,5047,5004,92,5096,1
2021-02-11,Los Angeles,037,10098052,1153779,1128437,40310,1168747,18500
2021-02-11,Madera,039,155013,15221,14984,792,15776,106
2021-02-11,Marin,041,260295,12842,12682,156,12838,200
2021-02-11,Mariposa,043,17540,372,361,4,365,4
2021-02-11,Mendocino,045,87422,3558,3420,66,3486,38
2021-02-11,Merced,047,269075,27587,27325,824,28149,363
2021-02-11,Modoc,049,8938,334,317,113,430,3
2021-02-11,Mono,051,14174,1158,1173,12,1185,3
2021-02-11,Monterey,053,433212,41112,40469,1651,42120,295
2021-02-11,Napa,055,140530,8837,8777,32,8809,55
2021-02-11,Nevada,057,99092,3839,3720,153,3873,47
2021-02-11,Orange,059,3164182,242952,240590,10268,250858,3476
2021-02-11,Placer,061,380077,20025,19118,1105,20223,224
2021-02-11,Plumas,063,18699,632,592,11,603,4
2021-02-11,Riverside,065,2383286,279388,274313,13863,288176,3394
2021-02-11,Sacramento,067,1510023,91699,89988,1200,91188,1286
2021-02-11,San Benito,069,59416,5629,5609,86,5695,56
2021-02-11,San Bernardino,071,2135413,282506,276349,8774,285123,2774
2021-02-11,San Diego,073,3302833,258114,249971,12397,262368,2955
2021-02-11,San Francisco,075,870044,33288,33076,1058,34134,356
2021-02-11,San Joaquin,077,732212,65135,63719,2767,66486,971
2021-02-11,San Luis Obispo,079,281455,19006,18615,543,19158,219
2021-02-11,San Mateo,081,765935,38635,37439,393,37832,253
2021-02-11,Santa Barbara,083,443738,31355,30375,1105,31480,370
2021-02-11,Santa Clara,085,1922200,107030,106392,544,106936,1507
2021-02-11,Santa Cruz,087,273765,15014,14088,811,14899,165
2021-02-11,Shasta,089,179085,10697,10672,1194,11866,140
2021-02-11,Sierra,091,2930,47,45,14,59,0
2021-02-11,Siskiyou,093,43540,1404,1320,231,1551,4
2021-02-11,Solano,095,438530,29250,28885,347,29232,138
2021-02-11,Sonoma,097,501317,27177,26971,163,27134,272
2021-02-11,Stanislaus,099,539301,49100,48205,5333,53538,697
2021-02-11,Sutter,101,95872,8668,8590,83,8673,93
2021-02-11,Tehama,103,63373,4489,4463,503,4966,26
2021-02-11,Trinity,105,12862,361,269,46,315,3
2021-02-11,Tulare,107,460477,46829,45897,7919,53816,706
2021-02-11,Tuolumne,109,53932,3761,3716,29,3745,48
2021-02-11,Ventura,111,848112,75622,74959,2782,77741,590
2021-02-11,Yolo,113,214977,12576,12303,211,12514,173
2021-02-11,Yuba,115,75493,5345,5261,82,5343,38
2021-02-10,Alameda,001,1643700,78480,77344,1744,79088,944
2021-02-10,Alpine,003,1148,78,76,0,76,0
2021-02-10,Amador,005,37829,3400,3348,30,3378,35
2021-02-10,Butte,007,227075,11011,10594,1637,12231,155
2021-02-10,Calaveras,009,45235,1869,1850,12,1862,21
2021-02-10,Colusa,011,21464,1837,1815,251,2066,10
2021-02-10,Contra Costa,013,1133247,61021,59488,1083,60571,590
2021-02-10,Del Norte,015,27424,909,888,0,888,2
2021-02-10,El Dorado,017,186661,8857,8682,614,9296,87
2021-02-10,Fresno,019,978130,93589,91876,7614,99490,1247
2021-02-10,Glenn,021,27897,2189,2160,488,2648,14
2021-02-10,Humboldt,023,135768,2980,2924,19,2943,29
2021-02-10,Imperial,025,180216,26875,26522,2580,29102,578
2021-02-10,Inyo,027,18085,1193,1138,2,1140,30
2021-02-10,Kern,029,883053,91093,88933,9592,98525,926
2021-02-10,Kings,031,150075,21675,21294,1009,22303,197
2021-02-10,Lake,033,64148,3055,2975,1,2976,36
2021-02-10,Lassen,035,31185,5043,4993,92,5085,1
2021-02-10,Los Angeles,037,10098052,1152040,1125437,40176,1165613,18338
2021-02-10,Madera,039,155013,15183,14925,790,15715,105
2021-02-10,Marin,041,260295,12805,12651,156,12807,199
2021-02-10,Mariposa,043,17540,370,360,4,364,4
2021-02-10,Mendocino,045,87422,3543,3395,66,3461,38
2021-02-10,Merced,047,269075,27505,27246,813,28059,359
2021-02-10,Modoc,049,8938,333,315,111,426,3
2021-02-10,Mono,051,14174,1154,1170,12,1182,3
2021-02-10,Monterey,053,433212,41033,40366,1637,42003,288
2021-02-10,Napa,055,140530,8818,8769,32,8801,55
2021-02-10,Nevada,057,99092,3824,3693,151,3844,47
2021-02-10,Orange,059,3164182,242534,239974,10236,250210,3439
2021-02-10,Placer,061,380077,19986,19062,1100,20162,220
2021-02-10,Plumas,063,18699,629,589,11,600,2
2021-02-10,Riverside,065,2383286,278975,273721,13853,287574,3374
2021-02-10,Sacramento,067,1510023,91450,89653,1195,90848,1275
2021-02-10,San Benito,069,59416,5615,5591,86,5677,55
2021-02-10,San Bernardino,071,2135413,282147,275616,8757,284373,2696
2021-02-10,San Diego,073,3302833,257533,248858,12359,261217,2904
2021-02-10,San Francisco,075,870044,33206,32955,1055,34010,351
2021-02-10,San Joaquin,077,732212,64994,63484,2753,66237,954
2021-02-10,San Luis Obispo,079,281455,18927,18549,541,19090,216
2021-02-10,San Mateo,081,765935,38545,37323,393,37716,245
2021-02-10,Santa Barbara,083,443738,31266,30216,1100,31316,359
2021-02-10,Santa Clara,085,1922200,106792,106048,541,106589,1489
2021-02-10,Santa Cruz,087,273765,14979,14007,808,14815,165
2021-02-10,Shasta,089,179085,10673,10645,1191,11836,142
2021-02-10,Sierra,091,2930,47,45,14,59,0
2021-02-10,Siskiyou,093,43540,1399,1314,230,1544,4
2021-02-10,Solano,095,438530,29176,28835,345,29180,137
2021-02-10,Sonoma,097,501317,27085,26881,161,27042,271
2021-02-10,Stanislaus,099,539301,48986,48016,5315,53331,696
2021-02-10,Sutter,101,95872,8651,8571,83,8654,93
2021-02-10,Tehama,103,63373,4481,4445,503,4948,23
2021-02-10,Trinity,105,12862,359,268,46,314,3
2021-02-10,Tulare,107,460477,46714,45782,7879,53661,696
2021-02-10,Tuolumne,109,53932,3753,3691,29,3720,48
2021-02-10,Ventura,111,848112,75396,74651,2764,77415,580
2021-02-10,Yolo,113,214977,12550,12276,210,12486,174
2021-02-10,Yuba,115,75493,5327,5241,82,5323,38
2021-02-09,Alameda,001,1643700,78215,77018,1741,78759,936
2021-02-09,Alpine,003,1148,78,76,0,76,0
2021-02-09,Amador,005,37829,3392,3347,30,3377,35
2021-02-09,Butte,007,227075,10984,10563,1635,12198,153
2021-02-09,Calaveras,009,45235,1864,1847,12,1859,21
2021-02-09,Colusa,011,21464,1828,1812,246,2058,10
2021-02-09,Contra Costa,013,1133247,60833,59307,1077,60384,583
2021-02-09,Del Norte,015,27424,903,886,0,886,2
2021-02-09,El Dorado,017,186661,8831,8663,613,9276,87
2021-02-09,Fresno,019,978130,93354,91730,7580,99310,1211
2021-02-09,Glenn,021,27897,2185,2156,487,2643,14
2021-02-09,Humboldt,023,135768,2972,2904,19,2923,29
2021-02-09,Imperial,025,180216,26847,26509,2577,29086,568
2021-02-09,Inyo,027,18085,1185,1137,2,1139,30
2021-02-09,Kern,029,883053,90846,88684,9544,98228,920
2021-02-09,Kings,031,150075,21634,21275,1007,22282,196
2021-02-09,Lake,033,64148,3044,2955,1,2956,36
2021-02-09,Lassen,035,31185,5036,4983,92,5075,1
2021-02-09,Los Angeles,037,10098052,1150078,1122745,40086,1162831,18198
2021-02-09,Madera,039,155013,15163,14912,787,15699,105
2021-02-09,Marin,041,260295,12772,12623,155,12778,197
2021-02-09,Mariposa,043,17540,368,355,4,359,4
2021-02-09,Mendocino,045,87422,3525,3369,66,3435,38
2021-02-09,Merced,047,269075,27407,27166,808,27974,354
2021-02-09,Modoc,049,8938,332,316,111,427,3
2021-02-09,Mono,051,14174,1153,1167,12,1179,3
2021-02-09,Monterey,053,433212,40924,40279,1626,41905,285
2021-02-09,Napa,055,140530,8805,8749,32,8781,55
2021-02-09,Nevada,057,99092,3808,3687,151,3838,44
2021-02-09,Orange,059,3164182,242119,239169,10203,249372,3406
2021-02-09,Placer,061,380077,19922,19008,1093,20101,220
2021-02-09,Plumas,063,18699,629,584,11,595,2
2021-02-09,Riverside,065,2383286,278488,273465,13838,287303,3334
2021-02-09,Sacramento,067,1510023,91141,89378,1192,90570,1265
2021-02-09,San Benito,069,59416,5603,5566,85,5651,54
2021-02-09,San Bernardino,071,2135413,281774,274998,8743,283741,2613
2021-02-09,San Diego,073,3302833,256877,248048,12315,260363,2853
2021-02-09,San Francisco,075,870044,33127,32782,1045,33827,349
2021-02-09,San Joaquin,077,732212,64820,63341,2748,66089,937
2021-02-09,San Luis Obispo,079,281455,18868,18489,540,19029,216
2021-02-09,San Mateo,081,765935,38415,37227,392,37619,235
2021-02-09,Santa Barbara,083,443738,31156,30118,1093,31211,351
2021-02-09,Santa Clara,085,1922200,106485,105762,538,106300,1463
2021-02-09,Santa Cruz,087,273765,14929,13958,803,14761,162
2021-02-09,Shasta,089,179085,10647,10595,1189,11784,139
2021-02-09,Sierra,091,2930,47,44,14,58,0
2021-02-09,Siskiyou,093,43540,1392,1306,227,1533,4
2021-02-09,Solano,095,438530,29100,28769,341,29110,131
2021-02-09,Sonoma,097,501317,26994,26826,159,26985,267
2021-02-09,Stanislaus,099,539301,48825,47906,5299,53205,679
2021-02-09,Sutter,101,95872,8634,8541,83,8624,92
2021-02-09,Tehama,103,63373,4474,4416,501,4917,22
2021-02-09,Trinity,105,12862,359,266,46,312,3
2021-02-09,Tulare,107,460477,46583,45704,7821,53525,686
2021-02-09,Tuolumne,109,53932,3733,3673,29,3702,48
2021-02-09,Ventura,111,848112,75146,74333,2756,77089,567
2021-02-09,Yolo,113,214977,12507,12220,209,12429,174
2021-02-09,Yuba,115,75493,5318,5235,82,5317,35
2021-02-08,Alameda,001,1643700,77948,76735,1736,78471,924
2021-02-08,Alpine,003,1148,78,73,0,73,0
2021-02-08,Amador,005,37829,3385,3344,29,3373,33
2021-02-08,Butte,007,227075,10962,10524,1632,12156,152
2021-02-08,Calaveras,009,45235,1863,1840,12,1852,21
2021-02-08,Colusa,011,21464,1820,1802,242,2044,10
2021-02-08,Contra Costa,013,1133247,60625,59039,1075,60114,567
2021-02-08,Del Norte,015,27424,900,885,0,885,2
2021-02-08,El Dorado,017,186661,8800,8627,611,9238,86
2021-02-08,Fresno,019,978130,93146,91430,7552,98982,1207
2021-02-08,Glenn,021,27897,2178,2148,485,2633,14
2021-02-08,Humboldt,023,135768,2964,2902,19,2921,29
2021-02-08,Imperial,025,180216,26828,26526,2575,29101,567
2021-02-08,Inyo,027,18085,1172,1126,2,1128,30
2021-02-08,Kern,029,883053,90631,88380,9485,97865,920
2021-02-08,Kings,031,150075,21572,21232,1004,22236,195
2021-02-08,Lake,033,64148,3025,2949,1,2950,36
2021-02-08,Lassen,035,31185,5023,4976,92,5068,1
2021-02-08,Los Angeles,037,10098052,1147990,1120179,39963,1160142,17977
2021-02-08,Madera,039,155013,15126,14887,780,15667,93
2021-02-08,Marin,041,260295,12743,12591,155,12746,194
2021-02-08,Mariposa,043,17540,368,355,4,359,4
2021-02-08,Mendocino,045,87422,3511,3355,66,3421,38
2021-02-08,Merced,047,269075,27323,27082,803,27885,346
2021-02-08,Modoc,049,8938,330,318,111,429,3
2021-02-08,Mono,051,14174,1153,1165,12,1177,3
2021-02-08,Monterey,053,433212,40801,40186,1607,41793,283
2021-02-08,Napa,055,140530,8790,8719,32,8751,55
2021-02-08,Nevada,057,99092,3796,3671,151,3822,44
2021-02-08,Orange,059,3164182,241651,238715,10179,248894,3361
2021-02-08,Placer,061,380077,19879,18944,1086,20030,211
2021-02-08,Plumas,063,18699,628,584,11,595,2
2021-02-08,Riverside,065,2383286,277930,272904,13814,286718,3301
2021-02-08,Sacramento,067,1510023,90854,89267,1189,90456,1247
2021-02-08,San Benito,069,59416,5598,5553,84,5637,52
2021-02-08,San Bernardino,071,2135413,281374,274661,8737,283398,2587
2021-02-08,San Diego,073,3302833,256135,247259,12274,259533,2821
2021-02-08,San Francisco,075,870044,33033,32679,1037,33716,348
2021-02-08,San Joaquin,077,732212,64659,63148,2738,65886,929
2021-02-08,San Luis Obispo,079,281455,18811,18421,535,18956,214
2021-02-08,San Mateo,081,765935,38306,37084,392,37476,232
2021-02-08,Santa Barbara,083,443738,31043,29978,1086,31064,340
2021-02-08,Santa Clara,085,1922200,106160,105413,530,105943,1456
2021-02-08,Santa Cruz,087,273765,14890,13921,796,14717,161
2021-02-08,Shasta,089,179085,10621,10574,1183,11757,137
2021-02-08,Sierra,091,2930,47,44,14,58,0
2021-02-08,Siskiyou,093,43540,1389,1303,227,1530,4
2021-02-08,Solano,095,438530,29037,28644,339,28983,130
2021-02-08,Sonoma,097,501317,26904,26760,158,26918,259
2021-02-08,Stanislaus,099,539301,48673,47704,5270,52974,679
2021-02-08,Sutter,101,95872,8615,8526,83,8609,92
2021-02-08,Tehama,103,63373,4459,4403,499,4902,22
2021-02-08,Trinity,105,12862,357,266,46,312,3
2021-02-08,Tulare,107,460477,46477,45617,7780,53397,673
2021-02-08,Tuolumne,109,53932,3725,3647,29,3676,48
2021-02-08,Ventura,111,848112,74889,74068,2750,76818,565
2021-02-08,Yolo,113,214977,12475,12169,208,12377,162
2021-02-08,Yuba,115,75493,5302,5215,82,5297,35
2021-02-07,Alameda,001,1643700,77645,76500,1727,78227,924
2021-02-07,Alpine,003,1148,75,72,0,72,0
2021-02-07,Amador,005,37829,3364,3343,29,3372,33
2021-02-07,Butte,007,227075,10929,10513,1622,12135,152
2021-02-07,Calaveras,009,45235,1859,1837,12,1849,21
2021-02-07,Colusa,011,21464,1809,1795,240,2035,10
2021-02-07,Contra Costa,013,1133247,60388,58836,1069,59905,566
2021-02-07,Del Norte,015,27424,896,881,0,881,2
2021-02-07,El Dorado,017,186661,8771,8596,609,9205,86
2021-02-07,Fresno,019,978130,92918,91184,7512,98696,1207
2021-02-07,Glenn,021,27897,2174,2141,481,2622,14
2021-02-07,Humboldt,023,135768,2943,2895,19,2914,28
2021-02-07,Imperial,025,180216,26802,26518,2568,29086,567
2021-02-07,Inyo,027,18085,1161,1124,2,1126,27
2021-02-07,Kern,029,883053,90386,88146,9428,97574,920
2021-02-07,Kings,031,150075,21512,21180,1001,22181,192
2021-02-07,Lake,033,64148,3009,2940,1,2941,36
2021-02-07,Lassen,035,31185,5012,4973,92,5065,1
2021-02-07,Los Angeles,037,10098052,1145245,1117551,39829,1157380,17889
2021-02-07,Madera,039,155013,15092,14850,776,15626,93
2021-02-07,Marin,041,260295,12709,12571,153,12724,194
2021-02-07,Mariposa,043,17540,367,355,4,359,4
2021-02-07,Mendocino,045,87422,3494,3348,66,3414,38
2021-02-07,Merced,047,269075,27212,26977,791,27768,346
2021-02-07,Modoc,049,8938,330,317,107,424,3
2021-02-07,Mono,051,14174,1150,1165,12,1177,3
2021-02-07,Monterey,053,433212,40665,40113,1586,41699,283
2021-02-07,Napa,055,140530,8767,8701,32,8733,55
2021-02-07,Nevada,057,99092,3785,3643,151,3794,44
2021-02-07,Orange,059,3164182,241053,238155,10147,248302,3336
2021-02-07,Placer,061,380077,19831,18903,1072,19975,211
2021-02-07,Plumas,063,18699,628,584,11,595,2
2021-02-07,Riverside,065,2383286,277418,272301,13791,286092,3267
2021-02-07,Sacramento,067,1510023,90525,88919,1180,90099,1246
2021-02-07,San Benito,069,59416,5579,5548,83,5631,52
2021-02-07,San Bernardino,071,2135413,280789,274316,8713,283029,2587
2021-02-07,San Diego,073,3302833,255349,246561,12210,258771,2821
2021-02-07,San Francisco,075,870044,32913,32609,1025,33634,348
2021-02-07,San Joaquin,077,732212,64388,63051,2722,65773,929
2021-02-07,San Luis Obispo,079,281455,18739,18349,528,18877,214
2021-02-07,San Mateo,081,765935,38172,36984,390,37374,232
2021-02-07,Santa Barbara,083,443738,30907,29815,1075,30890,340
2021-02-07,Santa Clara,085,1922200,105820,105118,520,105638,1450
2021-02-07,Santa Cruz,087,273765,14836,13887,792,14679,161
2021-02-07,Shasta,089,179085,10601,10570,1175,11745,137
2021-02-07,Sierra,091,2930,47,43,14,57,0
2021-02-07,Siskiyou,093,43540,1382,1295,225,1520,4
2021-02-07,Solano,095,438530,28927,28567,338,28905,130
2021-02-07,Sonoma,097,501317,26797,26684,154,26838,257
2021-02-07,Stanislaus,099,539301,48482,47551,5238,52789,679
2021-02-07,Sutter,101,95872,8588,8515,83,8598,92
2021-02-07,Tehama,103,63373,4445,4396,497,4893,22
2021-02-07,Trinity,105,12862,354,264,44,308,3
2021-02-07,Tulare,107,460477,46356,45520,7700,53220,671
2021-02-07,Tuolumne,109,53932,3701,3619,28,3647,48
2021-02-07,Ventura,111,848112,74581,73759,2737,76496,561
2021-02-07,Yolo,113,214977,12430,12135,208,12343,162
2021-02-07,Yuba,115,75493,5287,5198,80,5278,35
2021-02-06,Alameda,001,1643700,77487,76170,1716,77886,922
2021-02-06,Alpine,003,1148,75,72,0,72,0
2021-02-06,Amador,005,37829,3358,3306,29,3335,33
2021-02-06,Butte,007,227075,10912,10480,1618,12098,150
2021-02-06,Calaveras,009,45235,1857,1832,12,1844,21
2021-02-06,Colusa,011,21464,1807,1791,239,2030,10
2021-02-06,Contra Costa,013,1133247,60242,58567,1063,59630,566
2021-02-06,Del Norte,015,27424,892,879,0,879,2
2021-02-06,El Dorado,017,186661,8764,8575,605,9180,86
2021-02-06,Fresno,019,978130,92806,90944,7490,98434,1207
2021-02-06,Glenn,021,27897,2173,2136,479,2615,14
2021-02-06,Humboldt,023,135768,2932,2880,19,2899,28
2021-02-06,Imperial,025,180216,26792,26514,2567,29081,567
2021-02-06,Inyo,027,18085,1158,1113,2,1115,27
2021-02-06,Kern,029,883053,90235,87919,9381,97300,912
2021-02-06,Kings,031,150075,21482,21156,1001,22157,190
2021-02-06,Lake,033,64148,3004,2920,1,2921,34
2021-02-06,Lassen,035,31185,5008,4964,91,5055,1
2021-02-06,Los Angeles,037,10098052,1143896,1114718,39727,1154445,17793
2021-02-06,Madera,039,155013,15071,14807,774,15581,93
2021-02-06,Marin,041,260295,12690,12531,152,12683,194
2021-02-06,Mariposa,043,17540,366,355,3,358,4
2021-02-06,Mendocino,045,87422,3476,3316,65,3381,38
2021-02-06,Merced,047,269075,27127,26881,783,27664,346
2021-02-06,Modoc,049,8938,330,313,107,420,3
2021-02-06,Mono,051,14174,1149,1159,12,1171,3
2021-02-06,Monterey,053,433212,40609,39995,1578,41573,282
2021-02-06,Napa,055,140530,8754,8639,32,8671,55
2021-02-06,Nevada,057,99092,3773,3624,151,3775,43
2021-02-06,Orange,059,3164182,240692,237391,10111,247502,3293
2021-02-06,Placer,061,380077,19794,18836,1069,19905,211
2021-02-06,Plumas,063,18699,628,584,11,595,2
2021-02-06,Riverside,065,2383286,277059,271741,13771,285512,3243
2021-02-06,Sacramento,067,1510023,90308,88532,1171,89703,1237
2021-02-06,San Benito,069,59416,5561,5516,83,5599,52
2021-02-06,San Bernardino,071,2135413,280485,273718,8690,282408,2564
2021-02-06,San Diego,073,3302833,254853,245331,12175,257506,2812
2021-02-06,San Francisco,075,870044,32840,32437,1014,33451,346
2021-02-06,San Joaquin,077,732212,64311,62840,2709,65549,906
2021-02-06,San Luis Obispo,079,281455,18697,18284,524,18808,214
2021-02-06,San Mateo,081,765935,38104,36824,387,37211,232
2021-02-06,Santa Barbara,083,443738,30832,29645,1073,30718,337
2021-02-06,Santa Clara,085,1922200,105599,104639,515,105154,1439
2021-02-06,Santa Cruz,087,273765,14805,13845,788,14633,161
2021-02-06,Shasta,089,179085,10590,10561,1173,11734,137
2021-02-06,Sierra,091,2930,47,43,14,57,0
2021-02-06,Siskiyou,093,43540,1379,1289,224,1513,4
2021-02-06,Solano,095,438530,28891,28446,337,28783,129
2021-02-06,Sonoma,097,501317,26761,26564,152,26716,257
2021-02-06,Stanislaus,099,539301,48384,47325,5222,52547,679
2021-02-06,Sutter,101,95872,8580,8485,83,8568,92
2021-02-06,Tehama,103,63373,4438,4380,495,4875,22
2021-02-06,Trinity,105,12862,354,263,44,307,3
2021-02-06,Tulare,107,460477,46291,45349,7650,52999,664
2021-02-06,Tuolumne,109,53932,3694,3612,28,3640,48
2021-02-06,Ventura,111,848112,74401,73431,2731,76162,552
2021-02-06,Yolo,113,214977,12407,12061,208,12269,161
2021-02-06,Yuba,115,75493,5277,5177,79,5256,35
2021-02-05,Alameda,001,1643700,77261,75716,1713,77429,916
2021-02-05,Alpine,003,1148,75,72,0,72,0
2021-02-05,Amador,005,37829,3353,3299,28,3327,33
2021-02-05,Butte,007,227075,10894,10421,1612,12033,150
2021-02-05,Calaveras,009,45235,1853,1818,12,1830,21
2021-02-05,Colusa,011,21464,1803,1785,239,2024,10
2021-02-05,Contra Costa,013,1133247,60081,58195,1061,59256,560
2021-02-05,Del Norte,015,27424,891,874,0,874,2
2021-02-05,El Dorado,017,186661,8744,8527,603,9130,86
2021-02-05,Fresno,019,978130,92604,90513,7469,97982,1194
2021-02-05,Glenn,021,27897,2167,2122,474,2596,14
2021-02-05,Humboldt,023,135768,2922,2857,19,2876,28
2021-02-05,Imperial,025,180216,26773,26474,2567,29041,557
2021-02-05,Inyo,027,18085,1154,1104,2,1106,27
2021-02-05,Kern,029,883053,90066,87470,9314,96784,906
2021-02-05,Kings,031,150075,21445,21021,997,22018,190
2021-02-05,Lake,033,64148,2992,2906,1,2907,33
2021-02-05,Lassen,035,31185,5004,4936,91,5027,1
2021-02-05,Los Angeles,037,10098052,1141808,1110384,39585,1149969,17608
2021-02-05,Madera,039,155013,15037,14752,769,15521,95
2021-02-05,Marin,041,260295,12655,12479,152,12631,193
2021-02-05,Mariposa,043,17540,366,352,3,355,4
2021-02-05,Mendocino,045,87422,3462,3272,65,3337,38
2021-02-05,Merced,047,269075,27067,26760,782,27542,345
2021-02-05,Modoc,049,8938,330,312,107,419,3
2021-02-05,Mono,051,14174,1148,1157,12,1169,3
2021-02-05,Monterey,053,433212,40545,39840,1567,41407,281
2021-02-05,Napa,055,140530,8740,8598,32,8630,55
2021-02-05,Nevada,057,99092,3770,3607,151,3758,43
2021-02-05,Orange,059,3164182,240270,236335,10082,246417,3260
2021-02-05,Placer,061,380077,19759,18756,1067,19823,211
2021-02-05,Plumas,063,18699,626,578,11,589,2
2021-02-05,Riverside,065,2383286,276653,270666,13752,284418,3235
2021-02-05,Sacramento,067,1510023,90128,87992,1164,89156,1231
2021-02-05,San Benito,069,59416,5550,5502,83,5585,51
2021-02-05,San Bernardino,071,2135413,280147,272938,8672,281610,2495
2021-02-05,San Diego,073,3302833,254277,244066,12140,256206,2777
2021-02-05,San Francisco,075,870044,32751,32229,1002,33231,337
2021-02-05,San Joaquin,077,732212,64163,62565,2701,65266,902
2021-02-05,San Luis Obispo,079,281455,18636,18152,520,18672,213
2021-02-05,San Mateo,081,765935,38019,36582,386,36968,227
2021-02-05,Santa Barbara,083,443738,30739,29455,1058,30513,334
2021-02-05,Santa Clara,085,1922200,105351,104112,513,104625,1421
2021-02-05,Santa Cruz,087,273765,14784,13776,786,14562,161
2021-02-05,Shasta,089,179085,10574,10507,1166,11673,136
2021-02-05,Sierra,091,2930,47,42,14,56,0
2021-02-05,Siskiyou,093,43540,1372,1276,222,1498,4
2021-02-05,Solano,095,438530,28841,28283,337,28620,127
2021-02-05,Sonoma,097,501317,26692,26423,149,26572,252
2021-02-05,Stanislaus,099,539301,48242,47024,5204,52228,678
2021-02-05,Sutter,101,95872,8560,8443,83,8526,92
2021-02-05,Tehama,103,63373,4430,4355,495,4850,22
2021-02-05,Trinity,105,12862,353,260,44,304,3
2021-02-05,Tulare,107,460477,46215,45138,7599,52737,663
2021-02-05,Tuolumne,109,53932,3668,3595,28,3623,45
2021-02-05,Ventura,111,848112,74156,72953,2720,75673,546
2021-02-05,Yolo,113,214977,12388,12025,203,12228,162
2021-02-05,Yuba,115,75493,5260,5145,79,5224,35
2021-02-04,Alameda,001,1643700,76976,75422,1707,77129,899
2021-02-04,Alpine,003,1148,74,72,0,72,0
2021-02-04,Amador,005,37829,3350,3288,28,3316,33
2021-02-04,Butte,007,227075,10862,10386,1602,11988,147
2021-02-04,Calaveras,009,45235,1852,1808,12,1820,21
2021-02-04,Colusa,011,21464,1799,1777,237,2014,10
2021-02-04,Contra Costa,013,1133247,59891,57991,1057,59048,550
2021-02-04,Del Norte,015,27424,885,870,0,870,2
2021-02-04,El Dorado,017,186661,8718,8490,600,9090,86
2021-02-04,Fresno,019,978130,92390,90126,7442,97568,1114
2021-02-04,Glenn,021,27897,2163,2102,474,2576,14
2021-02-04,Humboldt,023,135768,2912,2827,19,2846,28
2021-02-04,Imperial,025,180216,26727,26411,2564,28975,556
2021-02-04,Inyo,027,18085,1142,1084,2,1086,27
2021-02-04,Kern,029,883053,89794,87156,9235,96391,898
2021-02-04,Kings,031,150075,21395,20918,989,21907,187
2021-02-04,Lake,033,64148,2980,2882,1,2883,34
2021-02-04,Lassen,035,31185,5001,4927,91,5018,1
2021-02-04,Los Angeles,037,10098052,1139021,1106323,39454,1145777,17396
2021-02-04,Madera,039,155013,15008,14706,765,15471,95
2021-02-04,Marin,041,260295,12619,12431,152,12583,192
2021-02-04,Mariposa,043,17540,366,348,3,351,4
2021-02-04,Mendocino,045,87422,3444,3240,63,3303,38
2021-02-04,Merced,047,269075,26974,26629,779,27408,345
2021-02-04,Modoc,049,8938,330,309,107,416,3
2021-02-04,Mono,051,14174,1146,1153,12,1165,3
2021-02-04,Monterey,053,433212,40437,39619,1549,41168,279
2021-02-04,Napa,055,140530,8711,8573,32,8605,55
2021-02-04,Nevada,057,99092,3750,3590,150,3740,37
2021-02-04,Orange,059,3164182,239628,235677,10040,245717,3238
2021-02-04,Placer,061,380077,19699,18711,1058,19769,210
2021-02-04,Plumas,063,18699,623,562,11,573,2
2021-02-04,Riverside,065,2383286,275914,269851,13712,283563,3230
2021-02-04,Sacramento,067,1510023,89828,87658,1152,88810,1222
2021-02-04,San Benito,069,59416,5536,5488,82,5570,51
2021-02-04,San Bernardino,071,2135413,279599,272223,8652,280875,2409
2021-02-04,San Diego,073,3302833,253489,242613,12074,254687,2738
2021-02-04,San Francisco,075,870044,32638,32116,993,33109,326
2021-02-04,San Joaquin,077,732212,63937,62374,2693,65067,883
2021-02-04,San Luis Obispo,079,281455,18570,18058,517,18575,211
2021-02-04,San Mateo,081,765935,37899,36437,383,36820,226
2021-02-04,Santa Barbara,083,443738,30607,29344,1040,30384,322
2021-02-04,Santa Clara,085,1922200,105002,103781,510,104291,1404
2021-02-04,Santa Cruz,087,273765,14751,13713,778,14491,156
2021-02-04,Shasta,089,179085,10547,10466,1161,11627,131
2021-02-04,Sierra,091,2930,47,42,14,56,0
2021-02-04,Siskiyou,093,43540,1363,1273,222,1495,4
2021-02-04,Solano,095,438530,28738,28192,336,28528,120
2021-02-04,Sonoma,097,501317,26610,26276,145,26421,249
2021-02-04,Stanislaus,099,539301,48081,46822,5182,52004,678
2021-02-04,Sutter,101,95872,8540,8401,83,8484,92
2021-02-04,Tehama,103,63373,4414,4327,495,4822,21
2021-02-04,Trinity,105,12862,352,260,43,303,3
2021-02-04,Tulare,107,460477,46091,44983,7532,52515,656
2021-02-04,Tuolumne,109,53932,3628,3585,28,3613,45
2021-02-04,Ventura,111,848112,73824,72595,2707,75302,537
2021-02-04,Yolo,113,214977,12354,11982,202,12184,161
2021-02-04,Yuba,115,75493,5234,5135,79,5214,34
2021-02-03,Alameda,001,1643700,76642,74968,1703,76671,880
2021-02-03,Alpine,003,1148,74,72,0,72,0
2021-02-03,Amador,005,37829,3346,3281,28,3309,33
2021-02-03,Butte,007,227075,10826,10355,1595,11950,144
2021-02-03,Calaveras,009,45235,1838,1799,11,1810,21
2021-02-03,Colusa,011,21464,1794,1773,236,2009,10
2021-02-03,Contra Costa,013,1133247,59652,57762,1045,58807,537
2021-02-03,Del Norte,015,27424,880,869,0,869,2
2021-02-03,El Dorado,017,186661,8698,8428,599,9027,86
2021-02-03,Fresno,019,978130,92171,89748,7402,97150,1015
2021-02-03,Glenn,021,27897,2154,2098,472,2570,14
2021-02-03,Humboldt,023,135768,2902,2800,19,2819,27
2021-02-03,Imperial,025,180216,26693,26363,2558,28921,547
2021-02-03,Inyo,027,18085,1132,1071,2,1073,27
2021-02-03,Kern,029,883053,89552,86771,9194,95965,877
2021-02-03,Kings,031,150075,21336,20831,985,21816,172
2021-02-03,Lake,033,64148,2963,2869,1,2870,33
2021-02-03,Lassen,035,31185,4990,4910,91,5001,1
2021-02-03,Los Angeles,037,10098052,1135957,1101890,39321,1141211,17163
2021-02-03,Madera,039,155013,14970,14605,763,15368,94
2021-02-03,Marin,041,260295,12585,12406,152,12558,190
2021-02-03,Mariposa,043,17540,365,347,3,350,4
2021-02-03,Mendocino,045,87422,3418,3236,62,3298,38
2021-02-03,Merced,047,269075,26858,26520,774,27294,343
2021-02-03,Modoc,049,8938,329,308,107,415,3
2021-02-03,Mono,051,14174,1139,1146,12,1158,3
2021-02-03,Monterey,053,433212,40309,39500,1531,41031,279
2021-02-03,Napa,055,140530,8676,8534,32,8566,54
2021-02-03,Nevada,057,99092,3736,3572,150,3722,35
2021-02-03,Orange,059,3164182,238885,234738,10008,244746,3189
2021-02-03,Placer,061,380077,19643,18646,1056,19702,210
2021-02-03,Plumas,063,18699,623,559,11,570,2
2021-02-03,Riverside,065,2383286,275190,269019,13680,282699,3195
2021-02-03,Sacramento,067,1510023,89506,87415,1147,88562,1212
2021-02-03,San Benito,069,59416,5518,5463,79,5542,51
2021-02-03,San Bernardino,071,2135413,279118,271477,8627,280104,2308
2021-02-03,San Diego,073,3302833,252588,241015,12027,253042,2683
2021-02-03,San Francisco,075,870044,32508,31983,988,32971,325
2021-02-03,San Joaquin,077,732212,63712,61976,2682,64658,880
2021-02-03,San Luis Obispo,079,281455,18493,17922,514,18436,206
2021-02-03,San Mateo,081,765935,37761,36227,379,36606,225
2021-02-03,Santa Barbara,083,443738,30461,29121,1030,30151,315
2021-02-03,Santa Clara,085,1922200,104687,103278,506,103784,1364
2021-02-03,Santa Cruz,087,273765,14697,13611,770,14381,154
2021-02-03,Shasta,089,179085,10504,10422,1156,11578,130
2021-02-03,Sierra,091,2930,47,42,14,56,0
2021-02-03,Siskiyou,093,43540,1352,1268,221,1489,4
2021-02-03,Solano,095,438530,28616,28057,336,28393,119
2021-02-03,Sonoma,097,501317,26525,26155,144,26299,248
2021-02-03,Stanislaus,099,539301,47907,46598,5162,51760,662
2021-02-03,Sutter,101,95872,8515,8379,83,8462,90
2021-02-03,Tehama,103,63373,4392,4309,492,4801,21
2021-02-03,Trinity,105,12862,352,260,42,302,3
2021-02-03,Tulare,107,460477,45924,44838,7471,52309,640
2021-02-03,Tuolumne,109,53932,3617,3568,28,3596,45
2021-02-03,Ventura,111,848112,73488,72124,2695,74819,526
2021-02-03,Yolo,113,214977,12330,11933,201,12134,161
2021-02-03,Yuba,115,75493,5216,5124,79,5203,34
2021-02-02,Alameda,001,1643700,76297,74642,1688,76330,869
2021-02-02,Alpine,003,1148,74,72,0,72,0
2021-02-02,Amador,005,37829,3315,3275,28,3303,33
2021-02-02,Butte,007,227075,10799,10307,1587,11894,141
2021-02-02,Calaveras,009,45235,1828,1786,11,1797,21
2021-02-02,Colusa,011,21464,1786,1769,231,2000,9
2021-02-02,Contra Costa,013,1133247,59373,57551,1040,58591,536
2021-02-02,Del Norte,015,27424,874,868,0,868,2
2021-02-02,El Dorado,017,186661,8658,8405,599,9004,84
2021-02-02,Fresno,019,978130,91870,89542,7367,96909,1009
2021-02-02,Glenn,021,27897,2143,2090,468,2558,14
2021-02-02,Humboldt,023,135768,2891,2784,19,2803,25
2021-02-02,Imperial,025,180216,26642,26317,2553,28870,535
2021-02-02,Inyo,027,18085,1129,1074,2,1076,27
2021-02-02,Kern,029,883053,89251,86485,9117,95602,867
2021-02-02,Kings,031,150075,21259,20785,976,21761,172
2021-02-02,Lake,033,64148,2943,2857,1,2858,33
2021-02-02,Lassen,035,31185,4983,4908,91,4999,1
2021-02-02,Los Angeles,037,10098052,1132588,1097573,39151,1136724,16913
2021-02-02,Madera,039,155013,14920,14595,758,15353,94
2021-02-02,Marin,041,260295,12556,12367,152,12519,189
2021-02-02,Mariposa,043,17540,362,345,3,348,4
2021-02-02,Mendocino,045,87422,3385,3210,62,3272,38
2021-02-02,Merced,047,269075,26762,26427,766,27193,340
2021-02-02,Modoc,049,8938,324,306,107,413,3
2021-02-02,Mono,051,14174,1137,1147,12,1159,3
2021-02-02,Monterey,053,433212,40174,39371,1517,40888,278
2021-02-02,Napa,055,140530,8647,8505,32,8537,53
2021-02-02,Nevada,057,99092,3721,3548,150,3698,20
2021-02-02,Orange,059,3164182,238087,233783,9972,243755,3152
2021-02-02,Placer,061,380077,19584,18615,1052,19667,205
2021-02-02,Plumas,063,18699,623,560,11,571,2
2021-02-02,Riverside,065,2383286,274354,267901,13646,281547,3169
2021-02-02,Sacramento,067,1510023,89218,87107,1136,88243,1202
2021-02-02,San Benito,069,59416,5504,5444,78,5522,50
2021-02-02,San Bernardino,071,2135413,278447,270486,8595,279081,2244
2021-02-02,San Diego,073,3302833,251551,240047,11941,251988,2629
2021-02-02,San Francisco,075,870044,32352,31788,977,32765,324
2021-02-02,San Joaquin,077,732212,63493,61708,2667,64375,878
2021-02-02,San Luis Obispo,079,281455,18399,17811,512,18323,201
2021-02-02,San Mateo,081,765935,37597,36004,373,36377,225
2021-02-02,Santa Barbara,083,443738,30292,28951,1023,29974,304
2021-02-02,Santa Clara,085,1922200,104224,102872,501,103373,1349
2021-02-02,Santa Cruz,087,273765,14638,13572,766,14338,150
2021-02-02,Shasta,089,179085,10479,10371,1144,11515,128
2021-02-02,Sierra,091,2930,47,42,14,56,0
2021-02-02,Siskiyou,093,43540,1345,1252,218,1470,4
2021-02-02,Solano,095,438530,28520,27963,332,28295,118
2021-02-02,Sonoma,097,501317,26408,26054,144,26198,247
2021-02-02,Stanislaus,099,539301,47688,46306,5129,51435,641
2021-02-02,Sutter,101,95872,8492,8340,83,8423,89
2021-02-02,Tehama,103,63373,4379,4289,490,4779,21
2021-02-02,Trinity,105,12862,352,260,42,302,3
2021-02-02,Tulare,107,460477,45770,44720,7403,52123,625
2021-02-02,Tuolumne,109,53932,3605,3548,28,3576,39
2021-02-02,Ventura,111,848112,73070,71557,2685,74242,514
2021-02-02,Yolo,113,214977,12283,11886,194,12080,158
2021-02-02,Yuba,115,75493,5198,5111,79,5190,34
2021-02-01,Alameda,001,1643700,75942,74374,1682,76056,858
2021-02-01,Alpine,003,1148,74,72,0,72,0
2021-02-01,Amador,005,37829,3304,3234,28,3262,32
2021-02-01,Butte,007,227075,10757,10263,1583,11846,141
2021-02-01,Calaveras,009,45235,1820,1785,11,1796,21
2021-02-01,Colusa,011,21464,1781,1763,222,1985,9
2021-02-01,Contra Costa,013,1133247,59128,57324,1039,58363,531
2021-02-01,Del Norte,015,27424,871,865,0,865,2
2021-02-01,El Dorado,017,186661,8619,8337,599,8936,83
2021-02-01,Fresno,019,978130,91541,89272,7329,96601,994
2021-02-01,Glenn,021,27897,2128,2086,460,2546,14
2021-02-01,Humboldt,023,135768,2869,2773,18,2791,25
2021-02-01,Imperial,025,180216,26599,26224,2551,28775,530
2021-02-01,Inyo,027,18085,1119,1072,2,1074,27
2021-02-01,Kern,029,883053,88856,86170,9046,95216,862
2021-02-01,Kings,031,150075,21169,20746,967,21713,172
2021-02-01,Lake,033,64148,2927,2843,1,2844,33
2021-02-01,Lassen,035,31185,4963,4907,91,4998,1
2021-02-01,Los Angeles,037,10098052,1128782,1094341,38973,1133314,16695
2021-02-01,Madera,039,155013,14885,14572,755,15327,94
2021-02-01,Marin,041,260295,12518,12341,151,12492,188
2021-02-01,Mariposa,043,17540,360,344,3,347,4
2021-02-01,Mendocino,045,87422,3352,3192,62,3254,37
2021-02-01,Merced,047,269075,26636,26282,757,27039,337
2021-02-01,Modoc,049,8938,318,303,103,406,1
2021-02-01,Mono,051,14174,1134,1145,12,1157,3
2021-02-01,Monterey,053,433212,39993,39196,1495,40691,278
2021-02-01,Napa,055,140530,8615,8449,32,8481,52
2021-02-01,Nevada,057,99092,3704,3535,149,3684,20
2021-02-01,Orange,059,3164182,237177,233155,9926,243081,3100
2021-02-01,Placer,061,380077,19516,18574,1045,19619,204
2021-02-01,Plumas,063,18699,621,554,11,565,2
2021-02-01,Riverside,065,2383286,273446,267025,13608,280633,3092
2021-02-01,Sacramento,067,1510023,88818,86856,1124,87980,1193
2021-02-01,San Benito,069,59416,5486,5432,78,5510,48
2021-02-01,San Bernardino,071,2135413,277756,270012,8553,278565,2172
2021-02-01,San Diego,073,3302833,250329,239121,11865,250986,2619
2021-02-01,San Francisco,075,870044,32219,31703,965,32668,324
2021-02-01,San Joaquin,077,732212,63289,61542,2656,64198,877
2021-02-01,San Luis Obispo,079,281455,18281,17690,504,18194,199
2021-02-01,San Mateo,081,765935,37448,35843,373,36216,220
2021-02-01,Santa Barbara,083,443738,30123,28837,1015,29852,297
2021-02-01,Santa Clara,085,1922200,103809,102462,500,102962,1343
2021-02-01,Santa Cruz,087,273765,14585,13524,764,14288,149
2021-02-01,Shasta,089,179085,10454,10329,1138,11467,112
2021-02-01,Sierra,091,2930,47,42,14,56,0
2021-02-01,Siskiyou,093,43540,1338,1238,215,1453,4
2021-02-01,Solano,095,438530,28415,27844,331,28175,117
2021-02-01,Sonoma,097,501317,26319,26011,143,26154,243
2021-02-01,Stanislaus,099,539301,47430,46112,5101,51213,642
2021-02-01,Sutter,101,95872,8452,8313,83,8396,89
2021-02-01,Tehama,103,63373,4355,4263,490,4753,21
2021-02-01,Trinity,105,12862,350,260,42,302,3
2021-02-01,Tulare,107,460477,45626,44569,7321,51890,618
2021-02-01,Tuolumne,109,53932,3597,3534,28,3562,39
2021-02-01,Ventura,111,848112,72663,71104,2669,73773,502
2021-02-01,Yolo,113,214977,12239,11824,186,12010,151
2021-02-01,Yuba,115,75493,5185,5084,78,5162,33
2021-01-31,Alameda,001,1643700,75514,73979,1674,75653,857
2021-01-31,Alpine,003,1148,74,72,0,72,0
2021-01-31,Amador,005,37829,3294,3212,26,3238,32
2021-01-31,Butte,007,227075,10715,10215,1572,11787,140
2021-01-31,Calaveras,009,45235,1797,1778,11,1789,21
2021-01-31,Colusa,011,21464,1774,1754,217,1971,9
2021-01-31,Contra Costa,013,1133247,58797,57079,1039,58118,531
2021-01-31,Del Norte,015,27424,869,865,0,865,2
2021-01-31,El Dorado,017,186661,8583,8317,596,8913,83
2021-01-31,Fresno,019,978130,91228,88852,7277,96129,994
2021-01-31,Glenn,021,27897,2117,2083,459,2542,14
2021-01-31,Humboldt,023,135768,2853,2767,18,2785,25
2021-01-31,Imperial,025,180216,26528,26206,2541,28747,530
2021-01-31,Inyo,027,18085,1106,1072,2,1074,27
2021-01-31,Kern,029,883053,88362,85872,8957,94829,861
2021-01-31,Kings,031,150075,21086,20709,954,21663,172
2021-01-31,Lake,033,64148,2906,2826,1,2827,33
2021-01-31,Lassen,035,31185,4947,4900,91,4991,1
2021-01-31,Los Angeles,037,10098052,1124179,1090304,38760,1129064,16609
2021-01-31,Madera,039,155013,14831,14496,747,15243,94
2021-01-31,Marin,041,260295,12471,12297,147,12444,185
2021-01-31,Mariposa,043,17540,358,344,3,347,4
2021-01-31,Mendocino,045,87422,3329,3181,61,3242,37
2021-01-31,Merced,047,269075,26492,26222,752,26974,337
2021-01-31,Modoc,049,8938,315,304,101,405,1
2021-01-31,Mono,051,14174,1131,1146,12,1158,3
2021-01-31,Monterey,053,433212,39814,39035,1467,40502,278
2021-01-31,Napa,055,140530,8573,8404,32,8436,52
2021-01-31,Nevada,057,99092,3682,3518,147,3665,20
2021-01-31,Orange,059,3164182,236163,232347,9885,242232,3053
2021-01-31,Placer,061,380077,19443,18506,1033,19539,204
2021-01-31,Plumas,063,18699,620,554,11,565,2
2021-01-31,Riverside,065,2383286,272476,266145,13560,279705,3074
2021-01-31,Sacramento,067,1510023,88378,86560,1108,87668,1186
2021-01-31,San Benito,069,59416,5464,5425,76,5501,48
2021-01-31,San Bernardino,071,2135413,276717,269533,8520,278053,2156
2021-01-31,San Diego,073,3302833,249016,238039,11751,249790,2619
2021-01-31,San Francisco,075,870044,32032,31563,953,32516,323
2021-01-31,San Joaquin,077,732212,62885,61379,2646,64025,877
2021-01-31,San Luis Obispo,079,281455,18147,17615,499,18114,199
2021-01-31,San Mateo,081,765935,37257,35659,370,36029,219
2021-01-31,Santa Barbara,083,443738,29884,28570,1006,29576,297
2021-01-31,Santa Clara,085,1922200,103260,101986,491,102477,1330
2021-01-31,Santa Cruz,087,273765,14490,13469,750,14219,149
2021-01-31,Shasta,089,179085,10409,10313,1129,11442,112
2021-01-31,Sierra,091,2930,46,43,14,57,0
2021-01-31,Siskiyou,093,43540,1328,1238,215,1453,4
2021-01-31,Solano,095,438530,28285,27678,331,28009,118
2021-01-31,Sonoma,097,501317,26217,25925,142,26067,243
2021-01-31,Stanislaus,099,539301,47147,45971,5060,51031,642
2021-01-31,Sutter,101,95872,8407,8289,83,8372,89
2021-01-31,Tehama,103,63373,4335,4256,489,4745,21
2021-01-31,Trinity,105,12862,348,260,42,302,3
2021-01-31,Tulare,107,460477,45459,44440,7239,51679,618
2021-01-31,Tuolumne,109,53932,3558,3519,28,3547,39
2021-01-31,Ventura,111,848112,72068,70635,2656,73291,502
2021-01-31,Yolo,113,214977,12178,11771,180,11951,151
2021-01-31,Yuba,115,75493,5165,5071,77,5148,33
2021-01-30,Alameda,001,1643700,75310,73622,1669,75291,850
2021-01-30,Alpine,003,1148,74,72,0,72,0
2021-01-30,Amador,005,37829,3290,3181,26,3207,32
2021-01-30,Butte,007,227075,10680,10177,1563,11740,139
2021-01-30,Calaveras,009,45235,1783,1763,11,1774,21
2021-01-30,Colusa,011,21464,1772,1748,217,1965,9
2021-01-30,Contra Costa,013,1133247,58612,56763,1035,57798,531
2021-01-30,Del Norte,015,27424,868,865,0,865,2
2021-01-30,El Dorado,017,186661,8563,8299,595,8894,83
2021-01-30,Fresno,019,978130,91050,88476,7257,95733,964
2021-01-30,Glenn,021,27897,2114,2074,457,2531,14
2021-01-30,Humboldt,023,135768,2842,2742,18,2760,24
2021-01-30,Imperial,025,180216,26507,26160,2540,28700,530
2021-01-30,Inyo,027,18085,1102,1068,2,1070,27
2021-01-30,Kern,029,883053,88161,85572,8891,94463,848
2021-01-30,Kings,031,150075,21016,20605,948,21553,169
2021-01-30,Lake,033,64148,2900,2809,1,2810,33
2021-01-30,Lassen,035,31185,4944,4890,91,4981,1
2021-01-30,Los Angeles,037,10098052,1121815,1084763,38613,1123376,16484
2021-01-30,Madera,039,155013,14789,14443,742,15185,94
2021-01-30,Marin,041,260295,12443,12225,146,12371,185
2021-01-30,Mariposa,043,17540,356,344,3,347,4
2021-01-30,Mendocino,045,87422,3315,3153,60,3213,36
2021-01-30,Merced,047,269075,26417,26078,751,26829,335
2021-01-30,Modoc,049,8938,315,303,101,404,1
2021-01-30,Mono,051,14174,1131,1143,12,1155,3
2021-01-30,Monterey,053,433212,39753,38847,1464,40311,277
2021-01-30,Napa,055,140530,8557,8342,32,8374,52
2021-01-30,Nevada,057,99092,3663,3499,147,3646,20
2021-01-30,Orange,059,3164182,235619,231358,9846,241204,3013
2021-01-30,Placer,061,380077,19392,18430,1027,19457,205
2021-01-30,Plumas,063,18699,618,554,11,565,2
2021-01-30,Riverside,065,2383286,271886,265137,13527,278664,3061
2021-01-30,Sacramento,067,1510023,88186,86388,1102,87490,1184
2021-01-30,San Benito,069,59416,5446,5401,75,5476,48
2021-01-30,San Bernardino,071,2135413,276304,268660,8501,277161,2122
2021-01-30,San Diego,073,3302833,248258,236765,11709,248474,2603
2021-01-30,San Francisco,075,870044,31932,31427,949,32376,316
2021-01-30,San Joaquin,077,732212,62751,61120,2636,63756,864
2021-01-30,San Luis Obispo,079,281455,18069,17522,496,18018,198
2021-01-30,San Mateo,081,765935,37118,35451,369,35820,219
2021-01-30,Santa Barbara,083,443738,29743,28342,1002,29344,296
2021-01-30,Santa Clara,085,1922200,102910,101471,488,101959,1307
2021-01-30,Santa Cruz,087,273765,14450,13383,749,14132,149
2021-01-30,Shasta,089,179085,10391,10283,1125,11408,112
2021-01-30,Sierra,091,2930,46,43,14,57,0
2021-01-30,Siskiyou,093,43540,1326,1236,213,1449,4
2021-01-30,Solano,095,438530,28202,27511,329,27840,118
2021-01-30,Sonoma,097,501317,26168,25810,139,25949,243
2021-01-30,Stanislaus,099,539301,47018,45697,5036,50733,642
2021-01-30,Sutter,101,95872,8391,8226,83,8309,87
2021-01-30,Tehama,103,63373,4321,4229,488,4717,21
2021-01-30,Trinity,105,12862,348,259,42,301,3
2021-01-30,Tulare,107,460477,45325,44203,7201,51404,615
2021-01-30,Tuolumne,109,53932,3554,3508,28,3536,36
2021-01-30,Ventura,111,848112,71757,69931,2639,72570,493
2021-01-30,Yolo,113,214977,12165,11698,178,11876,151
2021-01-30,Yuba,115,75493,5155,5042,76,5118,33
2021-01-29,Alameda,001,1643700,75032,73210,1662,74872,841
2021-01-29,Alpine,003,1148,74,72,0,72,0
2021-01-29,Amador,005,37829,3278,3134,25,3159,32
2021-01-29,Butte,007,227075,10649,10122,1553,11675,138
2021-01-29,Calaveras,009,45235,1776,1757,11,1768,21
2021-01-29,Colusa,011,21464,1768,1734,216,1950,8
2021-01-29,Contra Costa,013,1133247,58438,56318,1033,57351,529
2021-01-29,Del Norte,015,27424,867,865,0,865,2
2021-01-29,El Dorado,017,186661,8546,8231,594,8825,83
2021-01-29,Fresno,019,978130,90837,87936,7218,95154,962
2021-01-29,Glenn,021,27897,2109,2061,456,2517,14
2021-01-29,Humboldt,023,135768,2829,2707,18,2725,24
2021-01-29,Imperial,025,180216,26492,26045,2537,28582,521
2021-01-29,Inyo,027,18085,1090,1048,2,1050,27
2021-01-29,Kern,029,883053,87936,85044,8838,93882,836
2021-01-29,Kings,031,150075,20977,20466,943,21409,169
2021-01-29,Lake,033,64148,2891,2792,1,2793,32
2021-01-29,Lassen,035,31185,4941,4874,91,4965,1
2021-01-29,Los Angeles,037,10098052,1118351,1078329,38456,1116785,16190
2021-01-29,Madera,039,155013,14738,14377,742,15119,94
2021-01-29,Marin,041,260295,12400,12145,145,12290,185
2021-01-29,Mariposa,043,17540,355,342,3,345,4
2021-01-29,Mendocino,045,87422,3306,3131,59,3190,36
2021-01-29,Merced,047,269075,26342,25865,747,26612,334
2021-01-29,Modoc,049,8938,314,297,101,398,1
2021-01-29,Mono,051,14174,1129,1139,12,1151,3
2021-01-29,Monterey,053,433212,39632,38539,1455,39994,277
2021-01-29,Napa,055,140530,8525,8276,32,8308,52
2021-01-29,Nevada,057,99092,3654,3487,146,3633,20
2021-01-29,Orange,059,3164182,234939,229917,9807,239724,2967
2021-01-29,Placer,061,380077,19337,18367,1023,19390,203
2021-01-29,Plumas,063,18699,617,548,11,559,2
2021-01-29,Riverside,065,2383286,271095,263504,13492,276996,3008
2021-01-29,Sacramento,067,1510023,87931,86320,1098,87418,1169
2021-01-29,San Benito,069,59416,5438,5386,75,5461,48
2021-01-29,San Bernardino,071,2135413,275790,267490,8459,275949,2095
2021-01-29,San Diego,073,3302833,247317,234637,11630,246267,2571
2021-01-29,San Francisco,075,870044,31792,31294,940,32234,307
2021-01-29,San Joaquin,077,732212,62603,60899,2621,63520,858
2021-01-29,San Luis Obispo,079,281455,18009,17440,491,17931,193
2021-01-29,San Mateo,081,765935,36985,35223,366,35589,218
2021-01-29,Santa Barbara,083,443738,29613,28105,996,29101,291
2021-01-29,Santa Clara,085,1922200,102545,101010,486,101496,1273
2021-01-29,Santa Cruz,087,273765,14397,13311,746,14057,148
2021-01-29,Shasta,089,179085,10374,10220,1121,11341,112
2021-01-29,Sierra,091,2930,46,43,14,57,0
2021-01-29,Siskiyou,093,43540,1325,1227,213,1440,4
2021-01-29,Solano,095,438530,28116,27352,326,27678,116
2021-01-29,Sonoma,097,501317,26105,25710,138,25848,243
2021-01-29,Stanislaus,099,539301,46869,45466,5017,50483,642
2021-01-29,Sutter,101,95872,8372,8181,83,8264,87
2021-01-29,Tehama,103,63373,4308,4191,486,4677,20
2021-01-29,Trinity,105,12862,348,260,42,302,3
2021-01-29,Tulare,107,460477,45220,43925,7159,51084,606
2021-01-29,Tuolumne,109,53932,3544,3483,28,3511,36
2021-01-29,Ventura,111,848112,71333,69511,2625,72136,484
2021-01-29,Yolo,113,214977,12128,11612,177,11789,151
2021-01-29,Yuba,115,75493,5139,5018,76,5094,32
2021-01-28,Alameda,001,1643700,74595,72758,1654,74412,833
2021-01-28,Alpine,003,1148,74,72,0,72,0
2021-01-28,Amador,005,37829,3241,3124,25,3149,31
2021-01-28,Butte,007,227075,10609,10037,1542,11579,138
2021-01-28,Calaveras,009,45235,1762,1747,10,1757,21
2021-01-28,Colusa,011,21464,1761,1731,212,1943,8
2021-01-28,Contra Costa,013,1133247,58194,55999,1023,57022,525
2021-01-28,Del Norte,015,27424,866,862,0,862,2
2021-01-28,El Dorado,017,186661,8533,8198,589,8787,79
2021-01-28,Fresno,019,978130,90550,87401,7167,94568,949
2021-01-28,Glenn,021,27897,2104,2043,447,2490,14
2021-01-28,Humboldt,023,135768,2812,2686,18,2704,24
2021-01-28,Imperial,025,180216,26448,25984,2530,28514,517
2021-01-28,Inyo,027,18085,1085,1039,2,1041,27
2021-01-28,Kern,029,883053,87608,84708,8751,93459,817
2021-01-28,Kings,031,150075,20918,20328,938,21266,167
2021-01-28,Lake,033,64148,2876,2772,1,2773,32
2021-01-28,Lassen,035,31185,4935,4865,91,4956,1
2021-01-28,Los Angeles,037,10098052,1114469,1072412,38256,1110668,15967
2021-01-28,Madera,039,155013,14682,14301,738,15039,94
2021-01-28,Marin,041,260295,12347,12079,144,12223,183
2021-01-28,Mariposa,043,17540,355,334,3,337,4
2021-01-28,Mendocino,045,87422,3289,3110,59,3169,36
2021-01-28,Merced,047,269075,26217,25620,739,26359,328
2021-01-28,Modoc,049,8938,313,297,101,398,0
2021-01-28,Mono,051,14174,1127,1131,12,1143,3
2021-01-28,Monterey,053,433212,39429,38312,1437,39749,274
2021-01-28,Napa,055,140530,8477,8233,32,8265,50
2021-01-28,Nevada,057,99092,3639,3452,145,3597,19
2021-01-28,Orange,059,3164182,233962,228636,9775,238411,2860
2021-01-28,Placer,061,380077,19267,18246,1020,19266,198
2021-01-28,Plumas,063,18699,616,547,11,558,2
2021-01-28,Riverside,065,2383286,270332,262342,13442,275784,2981
2021-01-28,Sacramento,067,1510023,87569,85698,1087,86785,1149
2021-01-28,San Benito,069,59416,5420,5344,74,5418,47
2021-01-28,San Bernardino,071,2135413,275096,266456,8437,274893,2057
2021-01-28,San Diego,073,3302833,246168,232967,11541,244508,2534
2021-01-28,San Francisco,075,870044,31654,31193,924,32117,290
2021-01-28,San Joaquin,077,732212,62338,60627,2605,63232,854
2021-01-28,San Luis Obispo,079,281455,17910,17279,489,17768,189
2021-01-28,San Mateo,081,765935,36816,34931,350,35281,218
2021-01-28,Santa Barbara,083,443738,29394,27674,983,28657,284
2021-01-28,Santa Clara,085,1922200,102081,100470,483,100953,1219
2021-01-28,Santa Cruz,087,273765,14308,13188,740,13928,145
2021-01-28,Shasta,089,179085,10340,10176,1113,11289,110
2021-01-28,Sierra,091,2930,46,43,14,57,0
2021-01-28,Siskiyou,093,43540,1318,1218,211,1429,4
2021-01-28,Solano,095,438530,27956,27163,325,27488,114
2021-01-28,Sonoma,097,501317,26011,25564,138,25702,236
2021-01-28,Stanislaus,099,539301,46652,45162,4992,50154,640
2021-01-28,Sutter,101,95872,8324,8136,83,8219,85
2021-01-28,Tehama,103,63373,4289,4163,483,4646,20
2021-01-28,Trinity,105,12862,346,260,42,302,3
2021-01-28,Tulare,107,460477,45064,43742,7078,50820,595
2021-01-28,Tuolumne,109,53932,3530,3472,28,3500,32
2021-01-28,Ventura,111,848112,70823,68896,2606,71502,475
2021-01-28,Yolo,113,214977,12086,11500,172,11672,151
2021-01-28,Yuba,115,75493,5123,4994,75,5069,32
2021-01-27,Alameda,001,1643700,74163,72188,1645,73833,815
2021-01-27,Alpine,003,1148,74,72,0,72,0
2021-01-27,Amador,005,37829,3225,3116,25,3141,31
2021-01-27,Butte,007,227075,10570,9988,1530,11518,138
2021-01-27,Calaveras,009,45235,1753,1737,10,1747,21
2021-01-27,Colusa,011,21464,1755,1724,210,1934,8
2021-01-27,Contra Costa,013,1133247,57895,55578,1020,56598,507
2021-01-27,Del Norte,015,27424,865,859,0,859,2
2021-01-27,El Dorado,017,186661,8507,8141,588,8729,76
2021-01-27,Fresno,019,978130,90256,86886,7125,94011,938
2021-01-27,Glenn,021,27897,2100,2042,446,2488,14
2021-01-27,Humboldt,023,135768,2790,2630,18,2648,24
2021-01-27,Imperial,025,180216,26394,25861,2517,28378,504
2021-01-27,Inyo,027,18085,1081,1023,2,1025,27
2021-01-27,Kern,029,883053,87296,84244,8681,92925,809
2021-01-27,Kings,031,150075,20812,20211,930,21141,167
2021-01-27,Lake,033,64148,2856,2750,1,2751,32
2021-01-27,Lassen,035,31185,4929,4851,91,4942,1
2021-01-27,Los Angeles,037,10098052,1109708,1066569,38038,1104607,15757
2021-01-27,Madera,039,155013,14642,14194,733,14927,86
2021-01-27,Marin,041,260295,12310,12028,143,12171,180
2021-01-27,Mariposa,043,17540,355,333,3,336,4
2021-01-27,Mendocino,045,87422,3269,3095,59,3154,36
2021-01-27,Merced,047,269075,26058,25439,728,26167,315
2021-01-27,Modoc,049,8938,313,297,98,395,0
2021-01-27,Mono,051,14174,1125,1131,12,1143,3
2021-01-27,Monterey,053,433212,39227,38139,1418,39557,268
2021-01-27,Napa,055,140530,8405,8187,32,8219,46
2021-01-27,Nevada,057,99092,3617,3431,145,3576,18
2021-01-27,Orange,059,3164182,232840,227110,9720,236830,2832
2021-01-27,Placer,061,380077,19193,18106,1009,19115,198
2021-01-27,Plumas,063,18699,616,544,11,555,2
2021-01-27,Riverside,065,2383286,269161,260796,13389,274185,2931
2021-01-27,Sacramento,067,1510023,87209,85428,1076,86504,1142
2021-01-27,San Benito,069,59416,5405,5284,74,5358,47
2021-01-27,San Bernardino,071,2135413,274245,265153,8407,273560,2019
2021-01-27,San Diego,073,3302833,244839,231478,11436,242914,2465
2021-01-27,San Francisco,075,870044,31512,31082,917,31999,287
2021-01-27,San Joaquin,077,732212,62069,60131,2581,62712,853
2021-01-27,San Luis Obispo,079,281455,17803,17119,485,17604,188
2021-01-27,San Mateo,081,765935,36663,34619,346,34965,216
2021-01-27,Santa Barbara,083,443738,29220,27435,977,28412,282
2021-01-27,Santa Clara,085,1922200,101677,99732,479,100211,1184
2021-01-27,Santa Cruz,087,273765,14238,13111,737,13848,143
2021-01-27,Shasta,089,179085,10306,10106,1107,11213,105
2021-01-27,Sierra,091,2930,46,44,14,58,0
2021-01-27,Siskiyou,093,43540,1312,1214,208,1422,4
2021-01-27,Solano,095,438530,27779,26982,318,27300,112
2021-01-27,Sonoma,097,501317,25913,25361,138,25499,237
2021-01-27,Stanislaus,099,539301,46467,44874,4963,49837,624
2021-01-27,Sutter,101,95872,8281,8093,82,8175,83
2021-01-27,Tehama,103,63373,4264,4133,479,4612,20
2021-01-27,Trinity,105,12862,346,260,42,302,3
2021-01-27,Tulare,107,460477,44879,43462,7003,50465,583
2021-01-27,Tuolumne,109,53932,3520,3464,28,3492,32
2021-01-27,Ventura,111,848112,70350,68291,2581,70872,468
2021-01-27,Yolo,113,214977,12039,11427,168,11595,151
2021-01-27,Yuba,115,75493,5107,4968,75,5043,32
2021-01-26,Alameda,001,1643700,73780,71851,1627,73478,789
2021-01-26,Alpine,003,1148,74,72,0,72,0
2021-01-26,Amador,005,37829,3214,3113,25,3138,31
2021-01-26,Butte,007,227075,10528,9943,1524,11467,136
2021-01-26,Calaveras,009,45235,1744,1723,10,1733,21
2021-01-26,Colusa,011,21464,1748,1719,207,1926,8
2021-01-26,Contra Costa,013,1133247,57614,55337,1012,56349,491
2021-01-26,Del Norte,015,27424,864,856,0,856,2
2021-01-26,El Dorado,017,186661,8482,8115,585,8700,71
2021-01-26,Fresno,019,978130,89900,86673,7080,93753,923
2021-01-26,Glenn,021,27897,2090,2034,442,2476,13
2021-01-26,Humboldt,023,135768,2768,2612,17,2629,24
2021-01-26,Imperial,025,180216,26324,25812,2502,28314,498
2021-01-26,Inyo,027,18085,1074,1018,2,1020,27
2021-01-26,Kern,029,883053,86871,83868,8602,92470,790
2021-01-26,Kings,031,150075,20754,20156,925,21081,159
2021-01-26,Lake,033,64148,2847,2748,1,2749,32
2021-01-26,Lassen,035,31185,4923,4844,91,4935,1
2021-01-26,Los Angeles,037,10098052,1104461,1060492,37821,1098313,15458
2021-01-26,Madera,039,155013,14585,14130,727,14857,86
2021-01-26,Marin,041,260295,12265,11993,141,12134,179
2021-01-26,Mariposa,043,17540,353,332,3,335,3
2021-01-26,Mendocino,045,87422,3243,3076,58,3134,36
2021-01-26,Merced,047,269075,25918,25359,721,26080,309
2021-01-26,Modoc,049,8938,306,291,97,388,0
2021-01-26,Mono,051,14174,1124,1120,12,1132,3
2021-01-26,Monterey,053,433212,39029,37963,1397,39360,255
2021-01-26,Napa,055,140530,8348,8145,32,8177,43
2021-01-26,Nevada,057,99092,3610,3410,144,3554,18
2021-01-26,Orange,059,3164182,231713,225987,9675,235662,2760
2021-01-26,Placer,061,380077,19120,18016,1007,19023,193
2021-01-26,Plumas,063,18699,614,536,11,547,2
2021-01-26,Riverside,065,2383286,267830,259399,13327,272726,2898
2021-01-26,Sacramento,067,1510023,86851,85062,1069,86131,1127
2021-01-26,San Benito,069,59416,5391,5251,73,5324,45
2021-01-26,San Bernardino,071,2135413,273257,263736,8362,272098,1970
2021-01-26,San Diego,073,3302833,243348,230063,11335,241398,2421
2021-01-26,San Francisco,075,870044,31382,30874,896,31770,286
2021-01-26,San Joaquin,077,732212,61816,59889,2564,62453,847
2021-01-26,San Luis Obispo,079,281455,17722,17016,482,17498,186
2021-01-26,San Mateo,081,765935,36468,34441,335,34776,213
2021-01-26,Santa Barbara,083,443738,29048,27321,965,28286,273
2021-01-26,Santa Clara,085,1922200,101200,99215,474,99689,1171
2021-01-26,Santa Cruz,087,273765,14173,13045,731,13776,134
2021-01-26,Shasta,089,179085,10271,10036,1099,11135,103
2021-01-26,Sierra,091,2930,46,43,14,57,0
2021-01-26,Siskiyou,093,43540,1298,1208,206,1414,4
2021-01-26,Solano,095,438530,27623,26858,312,27170,110
2021-01-26,Sonoma,097,501317,25792,25273,136,25409,236
2021-01-26,Stanislaus,099,539301,46284,44703,4920,49623,599
2021-01-26,Sutter,101,95872,8239,8067,82,8149,83
2021-01-26,Tehama,103,63373,4233,4115,479,4594,20
2021-01-26,Trinity,105,12862,346,260,42,302,3
2021-01-26,Tulare,107,460477,44678,43394,6931,50325,579
2021-01-26,Tuolumne,109,53932,3510,3451,28,3479,30
2021-01-26,Ventura,111,848112,69819,67526,2554,70080,448
2021-01-26,Yolo,113,214977,11994,11361,165,11526,148
2021-01-26,Yuba,115,75493,5082,4944,73,5017,31
2021-01-25,Alameda,001,1643700,73340,71255,1617,72872,780
2021-01-25,Alpine,003,1148,74,72,0,72,0
2021-01-25,Amador,005,37829,3174,3074,25,3099,30
2021-01-25,Butte,007,227075,10462,9865,1516,11381,133
2021-01-25,Calaveras,009,45235,1729,1713,10,1723,21
2021-01-25,Colusa,011,21464,1736,1709,203,1912,8
2021-01-25,Contra Costa,013,1133247,57252,54989,1005,55994,488
2021-01-25,Del Norte,015,27424,863,855,0,855,2
2021-01-25,El Dorado,017,186661,8458,8060,585,8645,66
2021-01-25,Fresno,019,978130,89531,86336,7047,93383,913
2021-01-25,Glenn,021,27897,2079,2028,442,2470,13
2021-01-25,Humboldt,023,135768,2734,2587,17,2604,24
2021-01-25,Imperial,025,180216,26274,25745,2493,28238,491
2021-01-25,Inyo,027,18085,1068,1015,2,1017,27
2021-01-25,Kern,029,883053,86479,83401,8510,91911,787
2021-01-25,Kings,031,150075,20634,20067,921,20988,159
2021-01-25,Lake,033,64148,2828,2729,1,2730,32
2021-01-25,Lassen,035,31185,4897,4835,91,4926,1
2021-01-25,Los Angeles,037,10098052,1098539,1055181,37587,1092768,15163
2021-01-25,Madera,039,155013,14531,14068,722,14790,86
2021-01-25,Marin,041,260295,12212,11923,137,12060,177
2021-01-25,Mariposa,043,17540,350,331,3,334,3
2021-01-25,Mendocino,045,87422,3232,3054,58,3112,35
2021-01-25,Merced,047,269075,25779,25181,712,25893,305
2021-01-25,Modoc,049,8938,305,288,93,381,0
2021-01-25,Mono,051,14174,1121,1114,11,1125,3
2021-01-25,Monterey,053,433212,38772,37726,1376,39102,255
2021-01-25,Napa,055,140530,8314,8057,31,8088,43
2021-01-25,Nevada,057,99092,3596,3365,144,3509,18
2021-01-25,Orange,059,3164182,230512,225105,9634,234739,2696
2021-01-25,Placer,061,380077,19027,17936,992,18928,193
2021-01-25,Plumas,063,18699,611,533,11,544,2
2021-01-25,Riverside,065,2383286,266151,258082,13272,271354,2789
2021-01-25,Sacramento,067,1510023,86406,84653,1061,85714,1118
2021-01-25,San Benito,069,59416,5354,5238,72,5310,43
2021-01-25,San Bernardino,071,2135413,272307,263174,8325,271499,1947
2021-01-25,San Diego,073,3302833,241739,228630,11264,239894,2375
2021-01-25,San Francisco,075,870044,31234,30734,873,31607,288
2021-01-25,San Joaquin,077,732212,61522,59291,2534,61825,838
2021-01-25,San Luis Obispo,079,281455,17587,16868,477,17345,179
2021-01-25,San Mateo,081,765935,36234,34187,328,34515,213
2021-01-25,Santa Barbara,083,443738,28818,27065,954,28019,269
2021-01-25,Santa Clara,085,1922200,100628,98647,466,99113,1143
2021-01-25,Santa Cruz,087,273765,14086,12973,725,13698,133
2021-01-25,Shasta,089,179085,10230,9991,1088,11079,103
2021-01-25,Sierra,091,2930,46,42,14,56,0
2021-01-25,Siskiyou,093,43540,1290,1205,203,1408,4
2021-01-25,Solano,095,438530,27454,26648,311,26959,109
2021-01-25,Sonoma,097,501317,25681,25160,134,25294,233
2021-01-25,Stanislaus,099,539301,46041,44293,4877,49170,599
2021-01-25,Sutter,101,95872,8196,8023,82,8105,83
2021-01-25,Tehama,103,63373,4205,4082,475,4557,20
2021-01-25,Trinity,105,12862,346,262,42,304,3
2021-01-25,Tulare,107,460477,44464,43124,6824,49948,578
2021-01-25,Tuolumne,109,53932,3501,3422,28,3450,29
2021-01-25,Ventura,111,848112,69176,66910,2536,69446,439
2021-01-25,Yolo,113,214977,11907,11276,163,11439,140
2021-01-25,Yuba,115,75493,5058,4900,71,4971,31
2021-01-24,Alameda,001,1643700,72833,70823,1605,72428,780
2021-01-24,Alpine,003,1148,74,72,0,72,0
2021-01-24,Amador,005,37829,3141,3054,25,3079,30
2021-01-24,Butte,007,227075,10378,9820,1497,11317,133
2021-01-24,Calaveras,009,45235,1716,1704,10,1714,21
2021-01-24,Colusa,011,21464,1725,1689,197,1886,8
2021-01-24,Contra Costa,013,1133247,56863,54694,992,55686,488
2021-01-24,Del Norte,015,27424,858,855,0,855,2
2021-01-24,El Dorado,017,186661,8424,8003,581,8584,66
2021-01-24,Fresno,019,978130,89094,85808,7007,92815,911
2021-01-24,Glenn,021,27897,2073,2026,440,2466,13
2021-01-24,Humboldt,023,135768,2695,2562,17,2579,24
2021-01-24,Imperial,025,180216,26180,25707,2464,28171,488
2021-01-24,Inyo,027,18085,1052,1007,2,1009,27
2021-01-24,Kern,029,883053,86040,83125,8397,91522,785
2021-01-24,Kings,031,150075,20508,19988,903,20891,159
2021-01-24,Lake,033,64148,2810,2724,0,2724,32
2021-01-24,Lassen,035,31185,4886,4828,88,4916,1
2021-01-24,Los Angeles,037,10098052,1092178,1048757,37267,1086024,15119
2021-01-24,Madera,039,155013,14439,14000,716,14716,86
2021-01-24,Marin,041,260295,12146,11872,135,12007,177
2021-01-24,Mariposa,043,17540,346,322,3,325,3
2021-01-24,Mendocino,045,87422,3211,3037,57,3094,33
2021-01-24,Merced,047,269075,25566,25047,704,25751,305
2021-01-24,Modoc,049,8938,305,285,93,378,0
2021-01-24,Mono,051,14174,1114,1113,11,1124,3
2021-01-24,Monterey,053,433212,38500,37527,1343,38870,254
2021-01-24,Napa,055,140530,8272,8005,31,8036,43
2021-01-24,Nevada,057,99092,3554,3349,142,3491,18
2021-01-24,Orange,059,3164182,229084,223853,9568,233421,2632
2021-01-24,Placer,061,380077,18916,17839,971,18810,193
2021-01-24,Plumas,063,18699,608,532,11,543,2
2021-01-24,Riverside,065,2383286,264551,256767,13193,269960,2761
2021-01-24,Sacramento,067,1510023,85834,84110,1054,85164,1112
2021-01-24,San Benito,069,59416,5312,5223,69,5292,43
2021-01-24,San Bernardino,071,2135413,270988,262370,8267,270637,1935
2021-01-24,San Diego,073,3302833,240049,227193,11132,238325,2375
2021-01-24,San Francisco,075,870044,31045,30559,850,31409,275
2021-01-24,San Joaquin,077,732212,61098,59021,2518,61539,838
2021-01-24,San Luis Obispo,079,281455,17466,16758,474,17232,179
2021-01-24,San Mateo,081,765935,35990,33956,323,34279,213
2021-01-24,Santa Barbara,083,443738,28506,26735,944,27679,269
2021-01-24,Santa Clara,085,1922200,99976,98103,462,98565,1109
2021-01-24,Santa Cruz,087,273765,14001,12905,716,13621,133
2021-01-24,Shasta,089,179085,10159,9978,1079,11057,103
2021-01-24,Sierra,091,2930,45,42,14,56,0
2021-01-24,Siskiyou,093,43540,1283,1195,203,1398,4
2021-01-24,Solano,095,438530,27266,26515,307,26822,109
2021-01-24,Sonoma,097,501317,25491,25045,133,25178,233
2021-01-24,Stanislaus,099,539301,45731,44031,4818,48849,599
2021-01-24,Sutter,101,95872,8128,7980,81,8061,83
2021-01-24,Tehama,103,63373,4165,4062,467,4529,20
2021-01-24,Trinity,105,12862,346,262,42,304,3
2021-01-24,Tulare,107,460477,44251,43006,6726,49732,577
2021-01-24,Tuolumne,109,53932,3491,3416,28,3444,29
2021-01-24,Ventura,111,848112,68460,66347,2511,68858,439
2021-01-24,Yolo,113,214977,11822,11210,159,11369,140
2021-01-24,Yuba,115,75493,5018,4875,70,4945,31
2021-01-23,Alameda,001,1643700,72590,70080,1596,71676,780
2021-01-23,Alpine,003,1148,74,72,0,72,0
2021-01-23,Amador,005,37829,3138,3049,25,3074,30
2021-01-23,Butte,007,227075,10348,9757,1492,11249,133
2021-01-23,Calaveras,009,45235,1714,1695,10,1705,21
2021-01-23,Colusa,011,21464,1721,1672,196,1868,8
2021-01-23,Contra Costa,013,1133247,56652,54162,984,55146,487
2021-01-23,Del Norte,015,27424,857,855,0,855,2
2021-01-23,El Dorado,017,186661,8408,7984,579,8563,66
2021-01-23,Fresno,019,978130,88911,85274,6976,92250,910
2021-01-23,Glenn,021,27897,2070,2015,436,2451,13
2021-01-23,Humboldt,023,135768,2676,2493,16,2509,23
2021-01-23,Imperial,025,180216,26149,25581,2455,28036,487
2021-01-23,Inyo,027,18085,1043,987,2,989,27
2021-01-23,Kern,029,883053,85798,82602,8321,90923,783
2021-01-23,Kings,031,150075,20464,19904,901,20805,159
2021-01-23,Lake,033,64148,2802,2673,0,2673,32
2021-01-23,Lassen,035,31185,4885,4816,85,4901,1
2021-01-23,Los Angeles,037,10098052,1088980,1040961,37098,1078059,15034
2021-01-23,Madera,039,155013,14403,13858,714,14572,86
2021-01-23,Marin,041,260295,12090,11796,133,11929,177
2021-01-23,Mariposa,043,17540,346,323,3,326,3
2021-01-23,Mendocino,045,87422,3197,2991,57,3048,32
2021-01-23,Merced,047,269075,25474,24787,690,25477,303
2021-01-23,Modoc,049,8938,305,285,93,378,0
2021-01-23,Mono,051,14174,1112,1111,11,1122,3
2021-01-23,Monterey,053,433212,38418,37165,1338,38503,253
2021-01-23,Napa,055,140530,8247,7893,31,7924,43
2021-01-23,Nevada,057,99092,3543,3332,141,3473,18
2021-01-23,Orange,059,3164182,228317,221722,9525,231247,2618
2021-01-23,Placer,061,380077,18867,17617,966,18583,193
2021-01-23,Plumas,063,18699,607,528,11,539,2
2021-01-23,Riverside,065,2383286,263678,253636,13136,266772,2733
2021-01-23,Sacramento,067,1510023,85606,83408,1051,84459,1108
2021-01-23,San Benito,069,59416,5288,5166,68,5234,43
2021-01-23,San Bernardino,071,2135413,270446,260381,8233,268614,1922
2021-01-23,San Diego,073,3302833,238991,225556,11060,236616,2344
2021-01-23,San Francisco,075,870044,30940,30308,820,31128,268
2021-01-23,San Joaquin,077,732212,60976,58164,2506,60670,836
2021-01-23,San Luis Obispo,079,281455,17403,16652,471,17123,176
2021-01-23,San Mateo,081,765935,35813,33696,312,34008,213
2021-01-23,Santa Barbara,083,443738,28325,26234,935,27169,264
2021-01-23,Santa Clara,085,1922200,99621,97189,461,97650,1086
2021-01-23,Santa Cruz,087,273765,13943,12771,713,13484,127
2021-01-23,Shasta,089,179085,10129,9951,1078,11029,103
2021-01-23,Sierra,091,2930,45,41,14,55,0
2021-01-23,Siskiyou,093,43540,1273,1190,202,1392,4
2021-01-23,Solano,095,438530,27172,26261,305,26566,107
2021-01-23,Sonoma,097,501317,25415,24790,133,24923,232
2021-01-23,Stanislaus,099,539301,45569,43723,4788,48511,599
2021-01-23,Sutter,101,95872,8110,7943,80,8023,80
2021-01-23,Tehama,103,63373,4146,4006,466,4472,20
2021-01-23,Trinity,105,12862,346,262,42,304,3
2021-01-23,Tulare,107,460477,44103,42661,6661,49322,575
2021-01-23,Tuolumne,109,53932,3484,3407,28,3435,29
2021-01-23,Ventura,111,848112,68014,65581,2486,68067,438
2021-01-23,Yolo,113,214977,11780,11087,155,11242,141
2021-01-23,Yuba,115,75493,5007,4831,68,4899,30
2021-01-22,Alameda,001,1643700,72264,69693,1590,71283,751
2021-01-22,Alpine,003,1148,74,71,0,71,0
2021-01-22,Amador,005,37829,3133,3042,25,3067,30
2021-01-22,Butte,007,227075,10299,9711,1479,11190,133
2021-01-22,Calaveras,009,45235,1707,1672,10,1682,21
2021-01-22,Colusa,011,21464,1719,1668,196,1864,7
2021-01-22,Contra Costa,013,1133247,56412,53887,978,54865,485
2021-01-22,Del Norte,015,27424,856,852,0,852,2
2021-01-22,El Dorado,017,186661,8375,7877,576,8453,64
2021-01-22,Fresno,019,978130,88574,84744,6945,91689,892
2021-01-22,Glenn,021,27897,2066,1985,431,2416,13
2021-01-22,Humboldt,023,135768,2652,2452,16,2468,23
2021-01-22,Imperial,025,180216,26114,25562,2440,28002,474
2021-01-22,Inyo,027,18085,1032,961,2,963,26
2021-01-22,Kern,029,883053,85502,82101,8246,90347,771
2021-01-22,Kings,031,150075,20388,19760,897,20657,159
2021-01-22,Lake,033,64148,2790,2681,0,2681,32
2021-01-22,Lassen,035,31185,4877,4765,84,4849,1
2021-01-22,Los Angeles,037,10098052,1084549,1031177,36897,1068074,14777
2021-01-22,Madera,039,155013,14342,13781,713,14494,86
2021-01-22,Marin,041,260295,12053,11769,131,11900,177
2021-01-22,Mariposa,043,17540,346,323,3,326,3
2021-01-22,Mendocino,045,87422,3172,2994,56,3050,32
2021-01-22,Merced,047,269075,25351,24616,682,25298,290
2021-01-22,Modoc,049,8938,305,285,93,378,0
2021-01-22,Mono,051,14174,1112,1108,11,1119,3
2021-01-22,Monterey,053,433212,38264,36909,1332,38241,253
2021-01-22,Napa,055,140530,8201,7828,31,7859,40
2021-01-22,Nevada,057,99092,3518,3296,140,3436,18
2021-01-22,Orange,059,3164182,227370,220384,9476,229860,2542
2021-01-22,Placer,061,380077,18812,17636,951,18587,193
2021-01-22,Plumas,063,18699,605,522,11,533,2
2021-01-22,Riverside,065,2383286,262555,252440,13068,265508,2710
2021-01-22,Sacramento,067,1510023,85282,82861,1043,83904,1094
2021-01-22,San Benito,069,59416,5263,5143,68,5211,43
2021-01-22,San Bernardino,071,2135413,269624,259121,8198,267319,1849
2021-01-22,San Diego,073,3302833,237752,222576,10995,233571,2301
2021-01-22,San Francisco,075,870044,30829,30027,800,30827,266
2021-01-22,San Joaquin,077,732212,60794,58485,2493,60978,812
2021-01-22,San Luis Obispo,079,281455,17314,16336,468,16804,172
2021-01-22,San Mateo,081,765935,35593,33401,309,33710,211
2021-01-22,Santa Barbara,083,443738,28125,25989,924,26913,256
2021-01-22,Santa Clara,085,1922200,99181,96435,458,96893,1062
2021-01-22,Santa Cruz,087,273765,13886,12687,708,13395,123
2021-01-22,Shasta,089,179085,10110,9866,1076,10942,103
2021-01-22,Sierra,091,2930,45,40,14,54,0
2021-01-22,Siskiyou,093,43540,1269,1182,200,1382,4
2021-01-22,Solano,095,438530,27083,26048,303,26351,107
2021-01-22,Sonoma,097,501317,25337,24659,133,24792,232
2021-01-22,Stanislaus,099,539301,45414,43489,4751,48240,599
2021-01-22,Sutter,101,95872,8084,7878,80,7958,80
2021-01-22,Tehama,103,63373,4127,3993,465,4458,19
2021-01-22,Trinity,105,12862,345,263,42,305,3
2021-01-22,Tulare,107,460477,43926,42307,6588,48895,573
2021-01-22,Tuolumne,109,53932,3455,3379,28,3407,29
2021-01-22,Ventura,111,848112,67508,64404,2469,66873,426
2021-01-22,Yolo,113,214977,11746,11014,147,11161,141
2021-01-22,Yuba,115,75493,4983,4789,66,4855,29
2021-01-21,Alameda,001,1643700,71823,69314,1573,70887,739
2021-01-21,Alpine,003,1148,74,71,0,71,0
2021-01-21,Amador,005,37829,3111,3038,25,3063,29
2021-01-21,Butte,007,227075,10228,9643,1472,11115,130
2021-01-21,Calaveras,009,45235,1698,1647,10,1657,21
2021-01-21,Colusa,011,21464,1712,1662,193,1855,7
2021-01-21,Contra Costa,013,1133247,55999,53595,964,54559,478
2021-01-21,Del Norte,015,27424,854,850,0,850,2
2021-01-21,El Dorado,017,186661,8326,7823,573,8396,58
2021-01-21,Fresno,019,978130,88170,84137,6905,91042,889
2021-01-21,Glenn,021,27897,2057,1964,427,2391,13
2021-01-21,Humboldt,023,135768,2630,2423,16,2439,23
2021-01-21,Imperial,025,180216,26024,25509,2423,27932,463
2021-01-21,Inyo,027,18085,1023,946,2,948,26
2021-01-21,Kern,029,883053,85089,81328,8125,89453,769
2021-01-21,Kings,031,150075,20318,19633,878,20511,158
2021-01-21,Lake,033,64148,2774,2669,0,2669,32
2021-01-21,Lassen,035,31185,4871,4763,84,4847,1
2021-01-21,Los Angeles,037,10098052,1077917,1023055,36560,1059615,14537
2021-01-21,Madera,039,155013,14275,13664,705,14369,86
2021-01-21,Marin,041,260295,11997,11732,129,11861,173
2021-01-21,Mariposa,043,17540,342,322,3,325,3
2021-01-21,Mendocino,045,87422,3149,2967,54,3021,32
2021-01-21,Merced,047,269075,25196,24426,676,25102,245
2021-01-21,Modoc,049,8938,302,284,92,376,0
2021-01-21,Mono,051,14174,1107,1104,11,1115,3
2021-01-21,Monterey,053,433212,37984,36149,1321,37470,253
2021-01-21,Napa,055,140530,8137,7774,31,7805,40
2021-01-21,Nevada,057,99092,3489,3274,139,3413,18
2021-01-21,Orange,059,3164182,225994,218867,9419,228286,2540
2021-01-21,Placer,061,380077,18729,17553,947,18500,190
2021-01-21,Plumas,063,18699,601,518,11,529,2
2021-01-21,Riverside,065,2383286,260841,251007,12986,263993,2676
2021-01-21,Sacramento,067,1510023,84803,82303,1023,83326,1084
2021-01-21,San Benito,069,59416,5230,5100,62,5162,43
2021-01-21,San Bernardino,071,2135413,268274,257754,8131,265885,1832
2021-01-21,San Diego,073,3302833,235977,219729,10888,230617,2222
2021-01-21,San Francisco,075,870044,30653,29801,766,30567,266
2021-01-21,San Joaquin,077,732212,60485,58270,2472,60742,806
2021-01-21,San Luis Obispo,079,281455,17228,16153,460,16613,169
2021-01-21,San Mateo,081,765935,35346,33156,295,33451,210
2021-01-21,Santa Barbara,083,443738,27842,25654,910,26564,253
2021-01-21,Santa Clara,085,1922200,98560,96028,450,96478,1062
2021-01-21,Santa Cruz,087,273765,13802,12548,698,13246,119
2021-01-21,Shasta,089,179085,10068,9795,1059,10854,98
2021-01-21,Sierra,091,2930,45,40,14,54,0
2021-01-21,Siskiyou,093,43540,1266,1178,197,1375,4
2021-01-21,Solano,095,438530,26902,25885,299,26184,106
2021-01-21,Sonoma,097,501317,25194,24440,131,24571,230
2021-01-21,Stanislaus,099,539301,45110,43223,4705,47928,599
2021-01-21,Sutter,101,95872,8050,7822,80,7902,80
2021-01-21,Tehama,103,63373,4092,3938,465,4403,19
2021-01-21,Trinity,105,12862,345,261,42,303,3
2021-01-21,Tulare,107,460477,43721,42082,6506,48588,569
2021-01-21,Tuolumne,109,53932,3445,3365,28,3393,29
2021-01-21,Ventura,111,848112,66816,63995,2447,66442,420
2021-01-21,Yolo,113,214977,11655,10940,139,11079,141
2021-01-21,Yuba,115,75493,4952,4757,65,4822,29
2021-01-20,Alameda,001,1643700,71304,68785,1558,70343,702
2021-01-20,Alpine,003,1148,74,71,0,71,0
2021-01-20,Amador,005,37829,3080,3036,25,3061,29
2021-01-20,Butte,007,227075,10172,9582,1461,11043,130
2021-01-20,Calaveras,009,45235,1678,1637,9,1646,21
2021-01-20,Colusa,011,21464,1696,1630,188,1818,7
2021-01-20,Contra Costa,013,1133247,55544,53108,958,54066,461
2021-01-20,Del Norte,015,27424,853,848,0,848,2
2021-01-20,El Dorado,017,186661,8280,7785,569,8354,53
2021-01-20,Fresno,019,978130,87749,83591,6852,90443,872
2021-01-20,Glenn,021,27897,2039,1955,424,2379,13
2021-01-20,Humboldt,023,135768,2587,2390,16,2406,22
2021-01-20,Imperial,025,180216,25956,25380,2385,27765,461
2021-01-20,Inyo,027,18085,1013,901,2,903,26
2021-01-20,Kern,029,883053,84639,80701,8018,88719,754
2021-01-20,Kings,031,150075,20229,19522,869,20391,146
2021-01-20,Lake,033,64148,2751,2646,0,2646,31
2021-01-20,Lassen,035,31185,4863,4758,82,4840,1
2021-01-20,Los Angeles,037,10098052,1070449,1015608,36265,1051873,14299
2021-01-20,Madera,039,155013,14210,13585,700,14285,86
2021-01-20,Marin,041,260295,11943,11684,127,11811,171
2021-01-20,Mariposa,043,17540,340,322,3,325,3
2021-01-20,Mendocino,045,87422,3134,2957,54,3011,32
2021-01-20,Merced,047,269075,25022,24220,655,24875,243
2021-01-20,Modoc,049,8938,301,282,92,374,0
2021-01-20,Mono,051,14174,1100,1105,10,1115,3
2021-01-20,Monterey,053,433212,37668,35960,1298,37258,249
2021-01-20,Napa,055,140530,8068,7731,30,7761,40
2021-01-20,Nevada,057,99092,3457,3238,139,3377,18
2021-01-20,Orange,059,3164182,224457,216893,9353,226246,2500
2021-01-20,Placer,061,380077,18625,17455,928,18383,186
2021-01-20,Plumas,063,18699,599,512,11,523,2
2021-01-20,Riverside,065,2383286,258833,248686,12898,261584,2615
2021-01-20,Sacramento,067,1510023,84241,81687,1012,82699,1072
2021-01-20,San Benito,069,59416,5200,5036,61,5097,35
2021-01-20,San Bernardino,071,2135413,266916,255921,8078,263999,1801
2021-01-20,San Diego,073,3302833,234124,218553,10786,229339,2174
2021-01-20,San Francisco,075,870044,30457,29665,745,30410,262
2021-01-20,San Joaquin,077,732212,60082,58025,2463,60488,783
2021-01-20,San Luis Obispo,079,281455,17047,15936,451,16387,164
2021-01-20,San Mateo,081,765935,35122,32929,294,33223,210
2021-01-20,Santa Barbara,083,443738,27528,25312,897,26209,248
2021-01-20,Santa Clara,085,1922200,97879,94995,449,95444,1040
2021-01-20,Santa Cruz,087,273765,13696,12460,684,13144,107
2021-01-20,Shasta,089,179085,10016,9697,1048,10745,98
2021-01-20,Sierra,091,2930,45,40,14,54,0
2021-01-20,Siskiyou,093,43540,1260,1163,196,1359,4
2021-01-20,Solano,095,438530,26708,25659,295,25954,106
2021-01-20,Sonoma,097,501317,25047,24262,129,24391,223
2021-01-20,Stanislaus,099,539301,44821,42955,4658,47613,585
2021-01-20,Sutter,101,95872,7998,7772,78,7850,80
2021-01-20,Tehama,103,63373,4067,3892,464,4356,19
2021-01-20,Trinity,105,12862,345,260,42,302,3
2021-01-20,Tulare,107,460477,43469,41799,6407,48206,559
2021-01-20,Tuolumne,109,53932,3431,3355,27,3382,29
2021-01-20,Ventura,111,848112,65860,63413,2418,65831,395
2021-01-20,Yolo,113,214977,11584,10852,136,10988,141
2021-01-20,Yuba,115,75493,4925,4729,65,4794,29
2021-01-19,Alameda,001,1643700,70639,68434,1548,69982,680
2021-01-19,Alpine,003,1148,74,71,0,71,0
2021-01-19,Amador,005,37829,3071,3024,25,3049,28
2021-01-19,Butte,007,227075,10107,9528,1447,10975,129
2021-01-19,Calaveras,009,45235,1661,1621,8,1629,21
2021-01-19,Colusa,011,21464,1674,1617,180,1797,7
2021-01-19,Contra Costa,013,1133247,55048,52730,945,53675,448
2021-01-19,Del Norte,015,27424,852,843,0,843,2
2021-01-19,El Dorado,017,186661,8219,7743,561,8304,47
2021-01-19,Fresno,019,978130,87232,83200,6800,90000,857
2021-01-19,Glenn,021,27897,2028,1948,418,2366,13
2021-01-19,Humboldt,023,135768,2563,2359,13,2372,22
2021-01-19,Imperial,025,180216,25877,25333,2367,27700,452
2021-01-19,Inyo,027,18085,1006,891,2,893,26
2021-01-19,Kern,029,883053,84052,80272,7911,88183,742
2021-01-19,Kings,031,150075,20090,19375,857,20232,143
2021-01-19,Lake,033,64148,2737,2625,0,2625,31
2021-01-19,Lassen,035,31185,4856,4753,82,4835,1
2021-01-19,Los Angeles,037,10098052,1061808,1010375,35979,1046354,14014
2021-01-19,Madera,039,155013,14093,13528,692,14220,86
2021-01-19,Marin,041,260295,11885,11654,123,11777,169
2021-01-19,Mariposa,043,17540,340,322,3,325,3
2021-01-19,Mendocino,045,87422,3117,2930,54,2984,32
2021-01-19,Merced,047,269075,24808,24108,649,24757,242
2021-01-19,Modoc,049,8938,300,281,92,373,0
2021-01-19,Mono,051,14174,1099,1106,10,1116,3
2021-01-19,Monterey,053,433212,37341,35840,1274,37114,248
2021-01-19,Napa,055,140530,8009,7672,30,7702,38
2021-01-19,Nevada,057,99092,3439,3216,137,3353,18
2021-01-19,Orange,059,3164182,222719,215244,9284,224528,2468
2021-01-19,Placer,061,380077,18524,17348,918,18266,182
2021-01-19,Plumas,063,18699,592,509,11,520,2
2021-01-19,Riverside,065,2383286,256778,246248,12819,259067,2585
2021-01-19,Sacramento,067,1510023,83704,81183,992,82175,1053
2021-01-19,San Benito,069,59416,5154,4988,60,5048,35
2021-01-19,San Bernardino,071,2135413,265158,253651,8018,261669,1777
2021-01-19,San Diego,073,3302833,231705,216833,10689,227522,2109
2021-01-19,San Francisco,075,870044,30240,29502,712,30214,261
2021-01-19,San Joaquin,077,732212,59700,57655,2448,60103,782
2021-01-19,San Luis Obispo,079,281455,16784,15855,448,16303,161
2021-01-19,San Mateo,081,765935,34838,32730,282,33012,208
2021-01-19,Santa Barbara,083,443738,27148,24991,878,25869,236
2021-01-19,Santa Clara,085,1922200,97094,94483,447,94930,1010
2021-01-19,Santa Cruz,087,273765,13581,12410,674,13084,106
2021-01-19,Shasta,089,179085,9980,9614,1038,10652,93
2021-01-19,Sierra,091,2930,45,40,12,52,0
2021-01-19,Siskiyou,093,43540,1252,1149,195,1344,4
2021-01-19,Solano,095,438530,26461,25520,295,25815,106
2021-01-19,Sonoma,097,501317,24871,24133,127,24260,223
2021-01-19,Stanislaus,099,539301,44471,42723,4600,47323,561
2021-01-19,Sutter,101,95872,7947,7709,72,7781,80
2021-01-19,Tehama,103,63373,4033,3876,462,4338,19
2021-01-19,Trinity,105,12862,344,260,42,302,3
2021-01-19,Tulare,107,460477,43195,41559,6305,47864,549
2021-01-19,Tuolumne,109,53932,3404,3328,27,3355,29
2021-01-19,Ventura,111,848112,65183,62656,2391,65047,383
2021-01-19,Yolo,113,214977,11501,10789,136,10925,134
2021-01-19,Yuba,115,75493,4891,4695,64,4759,29
2021-01-18,Alameda,001,1643700,69959,67938,1530,69468,680
2021-01-18,Alpine,003,1148,74,71,0,71,0
2021-01-18,Amador,005,37829,3057,3016,25,3041,28
2021-01-18,Butte,007,227075,10019,9474,1434,10908,129
2021-01-18,Calaveras,009,45235,1639,1617,7,1624,21
2021-01-18,Colusa,011,21464,1657,1608,175,1783,7
2021-01-18,Contra Costa,013,1133247,54528,52323,937,53260,448
2021-01-18,Del Norte,015,27424,851,840,0,840,2
2021-01-18,El Dorado,017,186661,8150,7707,559,8266,47
2021-01-18,Fresno,019,978130,86623,82485,6731,89216,857
2021-01-18,Glenn,021,27897,2011,1935,414,2349,13
2021-01-18,Humboldt,023,135768,2525,2343,13,2356,22
2021-01-18,Imperial,025,180216,25809,25317,2340,27657,452
2021-01-18,Inyo,027,18085,994,872,2,874,26
2021-01-18,Kern,029,883053,83413,79930,7818,87748,740
2021-01-18,Kings,031,150075,19922,19267,844,20111,141
2021-01-18,Lake,033,64148,2719,2591,0,2591,30
2021-01-18,Lassen,035,31185,4820,4749,81,4830,1
2021-01-18,Los Angeles,037,10098052,1052330,1002614,35679,1038293,13828
2021-01-18,Madera,039,155013,13978,13443,684,14127,85
2021-01-18,Marin,041,260295,11837,11607,121,11728,165
2021-01-18,Mariposa,043,17540,337,320,2,322,3
2021-01-18,Mendocino,045,87422,3094,2919,54,2973,31
2021-01-18,Merced,047,269075,24564,23927,632,24559,242
2021-01-18,Modoc,049,8938,297,281,89,370,0
2021-01-18,Mono,051,14174,1096,1101,10,1111,3
2021-01-18,Monterey,053,433212,36868,35549,1256,36805,247
2021-01-18,Napa,055,140530,7935,7601,30,7631,38
2021-01-18,Nevada,057,99092,3401,3199,136,3335,17
2021-01-18,Orange,059,3164182,220811,213866,9224,223090,2405
2021-01-18,Placer,061,380077,18407,17263,908,18171,182
2021-01-18,Plumas,063,18699,588,506,11,517,2
2021-01-18,Riverside,065,2383286,254508,244151,12727,256878,2568
2021-01-18,Sacramento,067,1510023,83024,80546,976,81522,1046
2021-01-18,San Benito,069,59416,5103,4963,58,5021,35
2021-01-18,San Bernardino,071,2135413,263362,252808,7958,260766,1775
2021-01-18,San Diego,073,3302833,229063,214335,10560,224895,2103
2021-01-18,San Francisco,075,870044,30034,29321,688,30009,259
2021-01-18,San Joaquin,077,732212,59178,57405,2425,59830,782
2021-01-18,San Luis Obispo,079,281455,16597,15742,438,16180,158
2021-01-18,San Mateo,081,765935,34522,32515,263,32778,208
2021-01-18,Santa Barbara,083,443738,26775,24638,864,25502,235
2021-01-18,Santa Clara,085,1922200,96195,93688,443,94131,992
2021-01-18,Santa Cruz,087,273765,13449,12298,661,12959,106
2021-01-18,Shasta,089,179085,9942,9600,1026,10626,92
2021-01-18,Sierra,091,2930,44,40,12,52,0
2021-01-18,Siskiyou,093,43540,1240,1144,193,1337,4
2021-01-18,Solano,095,438530,26175,25344,290,25634,105
2021-01-18,Sonoma,097,501317,24605,24068,126,24194,223
2021-01-18,Stanislaus,099,539301,44113,42413,4550,46963,562
2021-01-18,Sutter,101,95872,7890,7680,69,7749,78
2021-01-18,Tehama,103,63373,3985,3854,455,4309,19
2021-01-18,Trinity,105,12862,344,260,42,302,3
2021-01-18,Tulare,107,460477,42909,41196,6186,47382,549
2021-01-18,Tuolumne,109,53932,3381,3318,26,3344,28
2021-01-18,Ventura,111,848112,64754,61859,2368,64227,379
2021-01-18,Yolo,113,214977,11368,10620,133,10753,134
2021-01-18,Yuba,115,75493,4863,4671,62,4733,29
2021-01-17,Alameda,001,1643700,69386,67375,1510,68885,676
2021-01-17,Alpine,003,1148,74,71,0,71,0
2021-01-17,Amador,005,37829,3050,3001,25,3026,28
2021-01-17,Butte,007,227075,9947,9411,1412,10823,129
2021-01-17,Calaveras,009,45235,1626,1608,7,1615,21
2021-01-17,Colusa,011,21464,1644,1588,169,1757,7
2021-01-17,Contra Costa,013,1133247,54036,51932,930,52862,447
2021-01-17,Del Norte,015,27424,851,838,0,838,2
2021-01-17,El Dorado,017,186661,8094,7659,546,8205,47
2021-01-17,Fresno,019,978130,86069,82039,6654,88693,857
2021-01-17,Glenn,021,27897,1999,1924,409,2333,9
2021-01-17,Humboldt,023,135768,2487,2322,11,2333,22
2021-01-17,Imperial,025,180216,25739,25253,2295,27548,451
2021-01-17,Inyo,027,18085,988,864,2,866,26
2021-01-17,Kern,029,883053,82865,79489,7732,87221,738
2021-01-17,Kings,031,150075,19786,19201,830,20031,131
2021-01-17,Lake,033,64148,2701,2572,0,2572,30
2021-01-17,Lassen,035,31185,4812,4740,80,4820,1
2021-01-17,Los Angeles,037,10098052,1045731,993028,35252,1028280,13741
2021-01-17,Madera,039,155013,13886,13328,678,14006,85
2021-01-17,Marin,041,260295,11783,11552,119,11671,164
2021-01-17,Mariposa,043,17540,337,319,2,321,3
2021-01-17,Mendocino,045,87422,3066,2912,53,2965,31
2021-01-17,Merced,047,269075,24347,23800,619,24419,242
2021-01-17,Modoc,049,8938,296,279,89,368,0
2021-01-17,Mono,051,14174,1090,1091,9,1100,3
2021-01-17,Monterey,053,433212,36636,35340,1231,36571,244
2021-01-17,Napa,055,140530,7879,7521,30,7551,38
2021-01-17,Nevada,057,99092,3376,3176,134,3310,17
2021-01-17,Orange,059,3164182,218815,212389,9145,221534,2359
2021-01-17,Placer,061,380077,18287,17194,892,18086,181
2021-01-17,Plumas,063,18699,587,505,10,515,2
2021-01-17,Riverside,065,2383286,252421,242206,12602,254808,2534
2021-01-17,Sacramento,067,1510023,82421,80154,962,81116,1045
2021-01-17,San Benito,069,59416,5065,4941,58,4999,35
2021-01-17,San Bernardino,071,2135413,261230,251487,7868,259355,1775
2021-01-17,San Diego,073,3302833,226870,211785,10454,222239,2103
2021-01-17,San Francisco,075,870044,29845,29139,649,29788,255
2021-01-17,San Joaquin,077,732212,58812,57094,2409,59503,780
2021-01-17,San Luis Obispo,079,281455,16475,15658,429,16087,157
2021-01-17,San Mateo,081,765935,34270,32186,238,32424,208
2021-01-17,Santa Barbara,083,443738,26328,24401,848,25249,235
2021-01-17,Santa Clara,085,1922200,95443,92752,440,93192,976
2021-01-17,Santa Cruz,087,273765,13337,12196,658,12854,106
2021-01-17,Shasta,089,179085,9884,9588,1018,10606,92
2021-01-17,Sierra,091,2930,44,38,11,49,0
2021-01-17,Siskiyou,093,43540,1233,1136,190,1326,4
2021-01-17,Solano,095,438530,25944,25216,288,25504,105
2021-01-17,Sonoma,097,501317,24447,23871,126,23997,223
2021-01-17,Stanislaus,099,539301,43795,42221,4497,46718,562
2021-01-17,Sutter,101,95872,7827,7604,67,7671,77
2021-01-17,Tehama,103,63373,3956,3837,450,4287,18
2021-01-17,Trinity,105,12862,344,261,42,303,3
2021-01-17,Tulare,107,460477,42624,41016,6058,47074,549
2021-01-17,Tuolumne,109,53932,3364,3287,26,3313,27
2021-01-17,Ventura,111,848112,63911,61257,2321,63578,376
2021-01-17,Yolo,113,214977,11267,10519,132,10651,134
2021-01-17,Yuba,115,75493,4812,4640,60,4700,28
2021-01-16,Alameda,001,1643700,69078,66583,1496,68079,673
2021-01-16,Alpine,003,1148,74,71,0,71,0
2021-01-16,Amador,005,37829,3047,2986,25,3011,28
2021-01-16,Butte,007,227075,9917,9359,1392,10751,129
2021-01-16,Calaveras,009,45235,1612,1596,7,1603,21
2021-01-16,Colusa,011,21464,1632,1578,169,1747,7
2021-01-16,Contra Costa,013,1133247,53778,51363,921,52284,443
2021-01-16,Del Norte,015,27424,846,833,0,833,2
2021-01-16,El Dorado,017,186661,8072,7575,545,8120,47
2021-01-16,Fresno,019,978130,85798,81294,6601,87895,846
2021-01-16,Glenn,021,27897,1995,1894,405,2299,9
2021-01-16,Humboldt,023,135768,2467,2294,9,2303,22
2021-01-16,Imperial,025,180216,25706,25140,2287,27427,451
2021-01-16,Inyo,027,18085,984,845,2,847,25
2021-01-16,Kern,029,883053,82501,78865,7677,86542,733
2021-01-16,Kings,031,150075,19730,19072,827,19899,131
2021-01-16,Lake,033,64148,2692,2504,0,2504,30
2021-01-16,Lassen,035,31185,4802,4719,80,4799,1
2021-01-16,Los Angeles,037,10098052,1041666,982684,35003,1017687,13654
2021-01-16,Madera,039,155013,13822,13193,674,13867,85
2021-01-16,Marin,041,260295,11741,11482,119,11601,164
2021-01-16,Mariposa,043,17540,336,317,2,319,3
2021-01-16,Mendocino,045,87422,3052,2890,51,2941,31
2021-01-16,Merced,047,269075,24258,23478,607,24085,242
2021-01-16,Modoc,049,8938,296,278,89,367,0
2021-01-16,Mono,051,14174,1089,1079,9,1088,3
2021-01-16,Monterey,053,433212,36538,34972,1213,36185,243
2021-01-16,Napa,055,140530,7840,7356,30,7386,39
2021-01-16,Nevada,057,99092,3343,3144,134,3278,17
2021-01-16,Orange,059,3164182,217780,210111,9085,219196,2312
2021-01-16,Placer,061,380077,18228,16995,890,17885,177
2021-01-16,Plumas,063,18699,585,502,10,512,2
2021-01-16,Riverside,065,2383286,251073,239412,12480,251892,2506
2021-01-16,Sacramento,067,1510023,82045,79122,944,80066,1033
2021-01-16,San Benito,069,59416,5029,4875,58,4933,35
2021-01-16,San Bernardino,071,2135413,260467,249401,7802,257203,1755
2021-01-16,San Diego,073,3302833,225575,209895,10359,220254,2065
2021-01-16,San Francisco,075,870044,29719,28853,617,29470,244
2021-01-16,San Joaquin,077,732212,58571,56642,2376,59018,776
2021-01-16,San Luis Obispo,079,281455,16375,15466,427,15893,152
2021-01-16,San Mateo,081,765935,34105,31805,232,32037,208
2021-01-16,Santa Barbara,083,443738,26134,24088,840,24928,229
2021-01-16,Santa Clara,085,1922200,94980,91584,433,92017,954
2021-01-16,Santa Cruz,087,273765,13278,12026,656,12682,106
2021-01-16,Shasta,089,179085,9851,9547,1014,10561,92
2021-01-16,Sierra,091,2930,43,38,11,49,0
2021-01-16,Siskiyou,093,43540,1228,1124,190,1314,4
2021-01-16,Solano,095,438530,25839,24732,281,25013,103
2021-01-16,Sonoma,097,501317,24361,23607,125,23732,223
2021-01-16,Stanislaus,099,539301,43606,41809,4447,46256,562
2021-01-16,Sutter,101,95872,7795,7560,67,7627,76
2021-01-16,Tehama,103,63373,3943,3783,450,4233,18
2021-01-16,Trinity,105,12862,344,261,42,303,3
2021-01-16,Tulare,107,460477,42438,40655,5982,46637,542
2021-01-16,Tuolumne,109,53932,3357,3269,26,3295,27
2021-01-16,Ventura,111,848112,63359,60368,2291,62659,369
2021-01-16,Yolo,113,214977,11218,10406,131,10537,134
2021-01-16,Yuba,115,75493,4781,4602,60,4662,27
2021-01-15,Alameda,001,1643700,68657,65416,1486,66902,672
2021-01-15,Alpine,003,1148,74,71,0,71,0
2021-01-15,Amador,005,37829,3040,2953,25,2978,28
2021-01-15,Butte,007,227075,9879,9233,1374,10607,129
2021-01-15,Calaveras,009,45235,1605,1538,7,1545,21
2021-01-15,Colusa,011,21464,1621,1541,165,1706,7
2021-01-15,Contra Costa,013,1133247,53451,50408,914,51322,428
2021-01-15,Del Norte,015,27424,842,828,0,828,2
2021-01-15,El Dorado,017,186661,8024,7439,536,7975,47
2021-01-15,Fresno,019,978130,85260,79950,6567,86517,832
2021-01-15,Glenn,021,27897,1990,1824,403,2227,9
2021-01-15,Humboldt,023,135768,2440,2218,8,2226,22
2021-01-15,Imperial,025,180216,25672,24944,2281,27225,446
2021-01-15,Inyo,027,18085,966,814,2,816,25
2021-01-15,Kern,029,883053,82092,77873,7612,85485,719
2021-01-15,Kings,031,150075,19623,18661,819,19480,131
2021-01-15,Lake,033,64148,2664,2434,0,2434,28
2021-01-15,Lassen,035,31185,4791,4693,78,4771,1
2021-01-15,Los Angeles,037,10098052,1034653,968979,34700,1003679,13404
2021-01-15,Madera,039,155013,13733,12883,671,13554,85
2021-01-15,Marin,041,260295,11691,11310,119,11429,160
2021-01-15,Mariposa,043,17540,334,307,2,309,3
2021-01-15,Mendocino,045,87422,3041,2835,51,2886,31
2021-01-15,Merced,047,269075,24145,23060,603,23663,239
2021-01-15,Modoc,049,8938,296,278,87,365,0
2021-01-15,Mono,051,14174,1086,1057,9,1066,3
2021-01-15,Monterey,053,433212,36328,34460,1153,35613,243
2021-01-15,Napa,055,140530,7778,7231,30,7261,38
2021-01-15,Nevada,057,99092,3330,3099,130,3229,17
2021-01-15,Orange,059,3164182,216417,207129,9032,216161,2254
2021-01-15,Placer,061,380077,18127,16712,880,17592,173
2021-01-15,Plumas,063,18699,582,499,10,509,2
2021-01-15,Riverside,065,2383286,249241,235235,12400,247635,2458
2021-01-15,Sacramento,067,1510023,81628,80279,936,81215,1023
2021-01-15,San Benito,069,59416,4985,4766,56,4822,35
2021-01-15,San Bernardino,071,2135413,259316,246182,7744,253926,1726
2021-01-15,San Diego,073,3302833,223827,206868,10294,217162,2037
2021-01-15,San Francisco,075,870044,29549,28574,595,29169,242
2021-01-15,San Joaquin,077,732212,58341,55885,2361,58246,748
2021-01-15,San Luis Obispo,079,281455,16241,15129,422,15551,148
2021-01-15,San Mateo,081,765935,33860,31291,228,31519,208
2021-01-15,Santa Barbara,083,443738,25859,23487,828,24315,226
2021-01-15,Santa Clara,085,1922200,94326,90103,428,90531,942
2021-01-15,Santa Cruz,087,273765,13169,11776,641,12417,105
2021-01-15,Shasta,089,179085,9812,9459,1006,10465,91
2021-01-15,Sierra,091,2930,42,36,10,46,0
2021-01-15,Siskiyou,093,43540,1224,1119,189,1308,4
2021-01-15,Solano,095,438530,25690,24222,278,24500,103
2021-01-15,Sonoma,097,501317,24229,23204,124,23328,222
2021-01-15,Stanislaus,099,539301,43363,41178,4409,45587,562
2021-01-15,Sutter,101,95872,7748,7484,66,7550,75
2021-01-15,Tehama,103,63373,3922,3714,449,4163,17
2021-01-15,Trinity,105,12862,344,262,42,304,3
2021-01-15,Tulare,107,460477,42187,39951,5897,45848,535
2021-01-15,Tuolumne,109,53932,3341,3231,26,3257,27
2021-01-15,Ventura,111,848112,62615,59061,2257,61318,353
2021-01-15,Yolo,113,214977,11160,10240,130,10370,134
2021-01-15,Yuba,115,75493,4760,4549,60,4609,27
2021-01-14,Alameda,001,1643700,68025,64364,1471,65835,686
2021-01-14,Alpine,003,1148,74,71,0,71,0
2021-01-14,Amador,005,37829,3034,2940,25,2965,28
2021-01-14,Butte,007,227075,9795,9127,1352,10479,129
2021-01-14,Calaveras,009,45235,1588,1513,7,1520,21
2021-01-14,Colusa,011,21464,1606,1535,162,1697,7
2021-01-14,Contra Costa,013,1133247,52895,49545,899,50444,415
2021-01-14,Del Norte,015,27424,836,821,0,821,2
2021-01-14,El Dorado,017,186661,7951,7321,527,7848,45
2021-01-14,Fresno,019,978130,84627,79033,6492,85525,814
2021-01-14,Glenn,021,27897,1977,1798,398,2196,9
2021-01-14,Humboldt,023,135768,2397,2169,8,2177,22
2021-01-14,Imperial,025,180216,25566,24882,2242,27124,447
2021-01-14,Inyo,027,18085,959,790,2,792,25
2021-01-14,Kern,029,883053,81427,77070,7508,84578,705
2021-01-14,Kings,031,150075,19494,18405,813,19218,108
2021-01-14,Lake,033,64148,2622,2378,0,2378,27
2021-01-14,Lassen,035,31185,4781,4673,76,4749,1
2021-01-14,Los Angeles,037,10098052,1024676,954652,34300,988952,13147
2021-01-14,Madera,039,155013,13616,12742,660,13402,85
2021-01-14,Marin,041,260295,11617,11155,118,11273,159
2021-01-14,Mariposa,043,17540,331,302,2,304,3
2021-01-14,Mendocino,045,87422,3027,2801,49,2850,31
2021-01-14,Merced,047,269075,23917,22780,593,23373,239
2021-01-14,Modoc,049,8938,296,273,87,360,0
2021-01-14,Mono,051,14174,1078,1020,9,1029,3
2021-01-14,Monterey,053,433212,35919,34105,1134,35239,242
2021-01-14,Napa,055,140530,7693,7117,30,7147,38
2021-01-14,Nevada,057,99092,3303,3075,128,3203,17
2021-01-14,Orange,059,3164182,214499,204442,8941,213383,2162
2021-01-14,Placer,061,380077,17966,16488,872,17360,169
2021-01-14,Plumas,063,18699,574,496,10,506,2
2021-01-14,Riverside,065,2383286,246624,231684,12296,243980,2357
2021-01-14,Sacramento,067,1510023,80993,79137,911,80048,1007
2021-01-14,San Benito,069,59416,4951,4678,55,4733,35
2021-01-14,San Bernardino,071,2135413,257357,243379,7668,251047,1750
2021-01-14,San Diego,073,3302833,221437,204173,10174,214347,2005
2021-01-14,San Francisco,075,870044,29307,28200,542,28742,238
2021-01-14,San Joaquin,077,732212,57828,55058,2346,57404,739
2021-01-14,San Luis Obispo,079,281455,16082,14851,412,15263,146
2021-01-14,San Mateo,081,765935,33492,30694,219,30913,208
2021-01-14,Santa Barbara,083,443738,25452,23126,801,23927,219
2021-01-14,Santa Clara,085,1922200,93437,88505,421,88926,910
2021-01-14,Santa Cruz,087,273765,13022,11583,625,12208,109
2021-01-14,Shasta,089,179085,9764,9334,989,10323,90
2021-01-14,Sierra,091,2930,42,35,9,44,0
2021-01-14,Siskiyou,093,43540,1213,1108,186,1294,3
2021-01-14,Solano,095,438530,25429,23782,274,24056,103
2021-01-14,Sonoma,097,501317,23991,22910,124,23034,202
2021-01-14,Stanislaus,099,539301,43044,40597,4367,44964,574
2021-01-14,Sutter,101,95872,7689,7416,63,7479,74
2021-01-14,Tehama,103,63373,3892,3664,445,4109,17
2021-01-14,Trinity,105,12862,344,261,41,302,3
2021-01-14,Tulare,107,460477,41806,39565,5784,45349,533
2021-01-14,Tuolumne,109,53932,3320,3215,26,3241,28
2021-01-14,Ventura,111,848112,61743,57941,2219,60160,347
2021-01-14,Yolo,113,214977,11049,10097,124,10221,135
2021-01-14,Yuba,115,75493,4728,4496,60,4556,27
2021-01-13,Alameda,001,1643700,67280,63568,1452,65020,690
2021-01-13,Alpine,003,1148,74,71,0,71,0
2021-01-13,Amador,005,37829,3020,2914,25,2939,26
2021-01-13,Butte,007,227075,9716,9013,1337,10350,126
2021-01-13,Calaveras,009,45235,1566,1493,7,1500,21
2021-01-13,Colusa,011,21464,1594,1524,157,1681,7
2021-01-13,Contra Costa,013,1133247,52319,48877,885,49762,403
2021-01-13,Del Norte,015,27424,832,820,0,820,2
2021-01-13,El Dorado,017,186661,7858,7247,519,7766,43
2021-01-13,Fresno,019,978130,83918,78278,6439,84717,804
2021-01-13,Glenn,021,27897,1963,1792,390,2182,9
2021-01-13,Humboldt,023,135768,2365,2114,8,2122,22
2021-01-13,Imperial,025,180216,25442,24717,2209,26926,463
2021-01-13,Inyo,027,18085,947,785,2,787,25
2021-01-13,Kern,029,883053,80763,76049,7417,83466,704
2021-01-13,Kings,031,150075,19329,18121,787,18908,108
2021-01-13,Lake,033,64148,2577,2305,0,2305,27
2021-01-13,Lassen,035,31185,4774,4663,75,4738,1
2021-01-13,Los Angeles,037,10098052,1013943,937985,33869,971854,12873
2021-01-13,Madera,039,155013,13492,12570,654,13224,85
2021-01-13,Marin,041,260295,11560,11039,118,11157,161
2021-01-13,Mariposa,043,17540,329,304,2,306,3
2021-01-13,Mendocino,045,87422,3007,2790,49,2839,31
2021-01-13,Merced,047,269075,23677,22497,578,23075,241
2021-01-13,Modoc,049,8938,295,274,84,358,0
2021-01-13,Mono,051,14174,1074,1017,9,1026,3
2021-01-13,Monterey,053,433212,35503,33748,1109,34857,241
2021-01-13,Napa,055,140530,7579,7028,30,7058,36
2021-01-13,Nevada,057,99092,3280,3037,124,3161,17
2021-01-13,Orange,059,3164182,212423,201158,8871,210029,2172
2021-01-13,Placer,061,380077,17839,16272,858,17130,172
2021-01-13,Plumas,063,18699,572,490,10,500,2
2021-01-13,Riverside,065,2383286,243502,228192,12171,240363,2278
2021-01-13,Sacramento,067,1510023,80335,78268,904,79172,996
2021-01-13,San Benito,069,59416,4896,4583,54,4637,35
2021-01-13,San Bernardino,071,2135413,254985,240191,7592,247783,1759
2021-01-13,San Diego,073,3302833,218824,201578,10071,211649,1952
2021-01-13,San Francisco,075,870044,29068,27863,518,28381,238
2021-01-13,San Joaquin,077,732212,57203,54373,2314,56687,738
2021-01-13,San Luis Obispo,079,281455,15929,14625,401,15026,140
2021-01-13,San Mateo,081,765935,33150,30195,217,30412,207
2021-01-13,Santa Barbara,083,443738,25022,22714,775,23489,216
2021-01-13,Santa Clara,085,1922200,92461,87187,418,87605,911
2021-01-13,Santa Cruz,087,273765,12849,11423,611,12034,110
2021-01-13,Shasta,089,179085,9701,9180,974,10154,93
2021-01-13,Sierra,091,2930,42,33,9,42,0
2021-01-13,Siskiyou,093,43540,1207,1102,182,1284,3
2021-01-13,Solano,095,438530,25150,23503,273,23776,105
2021-01-13,Sonoma,097,501317,23743,22610,123,22733,206
2021-01-13,Stanislaus,099,539301,42647,40167,4309,44476,574
2021-01-13,Sutter,101,95872,7643,7350,62,7412,73
2021-01-13,Tehama,103,63373,3843,3589,440,4029,17
2021-01-13,Trinity,105,12862,344,260,41,301,3
2021-01-13,Tulare,107,460477,41399,39129,5677,44806,522
2021-01-13,Tuolumne,109,53932,3306,3196,26,3222,28
2021-01-13,Ventura,111,848112,60730,56453,2181,58634,338
2021-01-13,Yolo,113,214977,10948,9933,120,10053,135
2021-01-13,Yuba,115,75493,4686,4448,57,4505,27
2021-01-12,Alameda,001,1643700,66469,62642,1432,64074,677
2021-01-12,Alpine,003,1148,74,71,0,71,0
2021-01-12,Amador,005,37829,3003,2897,25,2922,26
2021-01-12,Butte,007,227075,9632,8883,1316,10199,124
2021-01-12,Calaveras,009,45235,1529,1475,7,1482,21
2021-01-12,Colusa,011,21464,1582,1510,153,1663,7
2021-01-12,Contra Costa,013,1133247,51673,48242,869,49111,399
2021-01-12,Del Norte,015,27424,828,816,0,816,2
2021-01-12,El Dorado,017,186661,7775,7156,508,7664,41
2021-01-12,Fresno,019,978130,83053,77651,6369,84020,796
2021-01-12,Glenn,021,27897,1935,1781,384,2165,9
2021-01-12,Humboldt,023,135768,2311,2077,7,2084,22
2021-01-12,Imperial,025,180216,25355,24566,2166,26732,457
2021-01-12,Inyo,027,18085,930,773,2,775,25
2021-01-12,Kern,029,883053,80061,75320,7314,82634,689
2021-01-12,Kings,031,150075,19121,18072,774,18846,108
2021-01-12,Lake,033,64148,2529,2260,0,2260,27
2021-01-12,Lassen,035,31185,4752,4659,73,4732,1
2021-01-12,Los Angeles,037,10098052,1002323,926295,33443,959738,12610
2021-01-12,Madera,039,155013,13351,12485,646,13131,85
2021-01-12,Marin,041,260295,11451,10960,118,11078,157
2021-01-12,Mariposa,043,17540,327,302,2,304,3
2021-01-12,Mendocino,045,87422,2987,2762,45,2807,31
2021-01-12,Merced,047,269075,23427,22172,555,22727,239
2021-01-12,Modoc,049,8938,293,274,84,358,0
2021-01-12,Mono,051,14174,1065,1008,9,1017,3
2021-01-12,Monterey,053,433212,35004,33381,1087,34468,240
2021-01-12,Napa,055,140530,7496,6936,30,6966,36
2021-01-12,Nevada,057,99092,3252,3014,122,3136,17
2021-01-12,Orange,059,3164182,210135,198260,8782,207042,2142
2021-01-12,Placer,061,380077,17660,16087,852,16939,163
2021-01-12,Plumas,063,18699,566,483,10,493,2
2021-01-12,Riverside,065,2383286,240385,225580,12026,237606,2266
2021-01-12,Sacramento,067,1510023,79595,77201,895,78096,985
2021-01-12,San Benito,069,59416,4829,4515,54,4569,35
2021-01-12,San Bernardino,071,2135413,252416,237008,7519,244527,1739
2021-01-12,San Diego,073,3302833,215914,198317,9953,208270,1898
2021-01-12,San Francisco,075,870044,28792,27531,482,28013,238
2021-01-12,San Joaquin,077,732212,56554,53630,2283,55913,725
2021-01-12,San Luis Obispo,079,281455,15683,14367,393,14760,132
2021-01-12,San Mateo,081,765935,32759,29747,205,29952,206
2021-01-12,Santa Barbara,083,443738,24613,22182,747,22929,209
2021-01-12,Santa Clara,085,1922200,91399,86075,409,86484,904
2021-01-12,Santa Cruz,087,273765,12634,11267,594,11861,110
2021-01-12,Shasta,089,179085,9628,9086,961,10047,84
2021-01-12,Sierra,091,2930,40,33,8,41,0
2021-01-12,Siskiyou,093,43540,1197,1091,176,1267,3
2021-01-12,Solano,095,438530,24847,23160,268,23428,102
2021-01-12,Sonoma,097,501317,23439,22403,123,22526,205
2021-01-12,Stanislaus,099,539301,42196,39615,4273,43888,571
2021-01-12,Sutter,101,95872,7580,7276,61,7337,73
2021-01-12,Tehama,103,63373,3808,3567,436,4003,17
2021-01-12,Trinity,105,12862,344,258,41,299,3
2021-01-12,Tulare,107,460477,40948,38797,5555,44352,509
2021-01-12,Tuolumne,109,53932,3272,3178,26,3204,28
2021-01-12,Ventura,111,848112,59758,55342,2148,57490,324
2021-01-12,Yolo,113,214977,10812,9857,109,9966,133
2021-01-12,Yuba,115,75493,4646,4389,57,4446,27
2021-01-11,Alameda,001,1643700,65617,61949,1414,63363,652
2021-01-11,Alpine,003,1148,74,70,0,70,0
2021-01-11,Amador,005,37829,2989,2867,25,2892,24
2021-01-11,Butte,007,227075,9518,8757,1298,10055,119
2021-01-11,Calaveras,009,45235,1510,1460,7,1467,21
2021-01-11,Colusa,011,21464,1564,1494,149,1643,7
2021-01-11,Contra Costa,013,1133247,50999,47728,859,48587,398
2021-01-11,Del Norte,015,27424,824,810,0,810,2
2021-01-11,El Dorado,017,186661,7682,6987,499,7486,36
2021-01-11,Fresno,019,978130,82177,76581,6289,82870,775
2021-01-11,Glenn,021,27897,1906,1763,375,2138,9
2021-01-11,Humboldt,023,135768,2271,2069,7,2076,22
2021-01-11,Imperial,025,180216,25241,24418,2130,26548,453
2021-01-11,Inyo,027,18085,912,763,2,765,25
2021-01-11,Kern,029,883053,79210,74489,7210,81699,682
2021-01-11,Kings,031,150075,18857,17909,766,18675,108
2021-01-11,Lake,033,64148,2479,2205,0,2205,26
2021-01-11,Lassen,035,31185,4729,4647,72,4719,1
2021-01-11,Los Angeles,037,10098052,989171,914434,32951,947385,12304
2021-01-11,Madera,039,155013,13218,12366,635,13001,85
2021-01-11,Marin,041,260295,11355,10814,115,10929,156
2021-01-11,Mariposa,043,17540,320,296,2,298,3
2021-01-11,Mendocino,045,87422,2960,2728,45,2773,31
2021-01-11,Merced,047,269075,23103,21884,541,22425,238
2021-01-11,Modoc,049,8938,292,271,83,354,0
2021-01-11,Mono,051,14174,1059,1006,9,1015,3
2021-01-11,Monterey,053,433212,34469,32858,1023,33881,239
2021-01-11,Napa,055,140530,7394,6822,30,6852,36
2021-01-11,Nevada,057,99092,3225,2980,122,3102,17
2021-01-11,Orange,059,3164182,207571,196340,8679,205019,2113
2021-01-11,Placer,061,380077,17479,15919,839,16758,163
2021-01-11,Plumas,063,18699,562,477,10,487,2
2021-01-11,Riverside,065,2383286,236890,222907,11869,234776,2222
2021-01-11,Sacramento,067,1510023,78669,76009,878,76887,974
2021-01-11,San Benito,069,59416,4753,4482,47,4529,34
2021-01-11,San Bernardino,071,2135413,249591,235543,7417,242960,1739
2021-01-11,San Diego,073,3302833,212649,194793,9793,204586,1857
2021-01-11,San Francisco,075,870044,28521,27264,458,27722,238
2021-01-11,San Joaquin,077,732212,55942,53002,2253,55255,725
2021-01-11,San Luis Obispo,079,281455,15313,14213,385,14598,126
2021-01-11,San Mateo,081,765935,32318,29355,192,29547,206
2021-01-11,Santa Barbara,083,443738,24176,21740,730,22470,200
2021-01-11,Santa Clara,085,1922200,90201,84851,400,85251,877
2021-01-11,Santa Cruz,087,273765,12457,11093,567,11660,106
2021-01-11,Shasta,089,179085,9530,8977,947,9924,81
2021-01-11,Sierra,091,2930,39,33,8,41,0
2021-01-11,Siskiyou,093,43540,1189,1087,173,1260,3
2021-01-11,Solano,095,438530,24526,22893,263,23156,101
2021-01-11,Sonoma,097,501317,23191,22191,123,22314,205
2021-01-11,Stanislaus,099,539301,41707,39149,4219,43368,571
2021-01-11,Sutter,101,95872,7523,7204,60,7264,71
2021-01-11,Tehama,103,63373,3744,3524,413,3937,17
2021-01-11,Trinity,105,12862,344,256,41,297,2
2021-01-11,Tulare,107,460477,40548,38380,5470,43850,497
2021-01-11,Tuolumne,109,53932,3261,3165,26,3191,27
2021-01-11,Ventura,111,848112,58623,54202,2122,56324,320
2021-01-11,Yolo,113,214977,10598,9699,107,9806,129
2021-01-11,Yuba,115,75493,4608,4349,50,4399,27
2021-01-10,Alameda,001,1643700,64646,61111,1385,62496,650
2021-01-10,Alpine,003,1148,74,70,0,70,0
2021-01-10,Amador,005,37829,2965,2861,25,2886,24
2021-01-10,Butte,007,227075,9401,8665,1271,9936,119
2021-01-10,Calaveras,009,45235,1485,1449,7,1456,21
2021-01-10,Colusa,011,21464,1540,1478,147,1625,7
2021-01-10,Contra Costa,013,1133247,50214,47109,841,47950,398
2021-01-10,Del Norte,015,27424,821,809,0,809,2
2021-01-10,El Dorado,017,186661,7595,6904,481,7385,36
2021-01-10,Fresno,019,978130,81365,75621,6167,81788,775
2021-01-10,Glenn,021,27897,1882,1746,367,2113,9
2021-01-10,Humboldt,023,135768,2210,2049,7,2056,22
2021-01-10,Imperial,025,180216,25081,24233,2075,26308,453
2021-01-10,Inyo,027,18085,884,748,2,750,25
2021-01-10,Kern,029,883053,78386,73712,7075,80787,679
2021-01-10,Kings,031,150075,18639,17812,758,18570,108
2021-01-10,Lake,033,64148,2428,2174,0,2174,26
2021-01-10,Lassen,035,31185,4707,4642,71,4713,1
2021-01-10,Los Angeles,037,10098052,974638,901783,32292,934075,12170
2021-01-10,Madera,039,155013,13031,12179,620,12799,85
2021-01-10,Marin,041,260295,11237,10737,113,10850,155
2021-01-10,Mariposa,043,17540,320,291,2,293,3
2021-01-10,Mendocino,045,87422,2929,2706,42,2748,31
2021-01-10,Merced,047,269075,22828,21691,531,22222,238
2021-01-10,Modoc,049,8938,292,271,81,352,0
2021-01-10,Mono,051,14174,1042,965,9,974,3
2021-01-10,Monterey,053,433212,34030,32571,991,33562,237
2021-01-10,Napa,055,140530,7290,6687,28,6715,36
2021-01-10,Nevada,057,99092,3206,2959,118,3077,17
2021-01-10,Orange,059,3164182,204818,193766,8557,202323,2104
2021-01-10,Placer,061,380077,17303,15779,817,16596,163
2021-01-10,Plumas,063,18699,552,477,10,487,2
2021-01-10,Riverside,065,2383286,233549,219486,11676,231162,2216
2021-01-10,Sacramento,067,1510023,77710,75394,848,76242,965
2021-01-10,San Benito,069,59416,4659,4434,46,4480,34
2021-01-10,San Bernardino,071,2135413,245989,232171,7314,239485,1736
2021-01-10,San Diego,073,3302833,208995,191886,9627,201513,1857
2021-01-10,San Francisco,075,870044,28140,27054,422,27476,238
2021-01-10,San Joaquin,077,732212,55080,52535,2220,54755,725
2021-01-10,San Luis Obispo,079,281455,14985,13968,371,14339,122
2021-01-10,San Mateo,081,765935,31829,28972,177,29149,206
2021-01-10,Santa Barbara,083,443738,23634,21290,705,21995,200
2021-01-10,Santa Clara,085,1922200,89026,83779,389,84168,858
2021-01-10,Santa Cruz,087,273765,12246,10951,543,11494,106
2021-01-10,Shasta,089,179085,9420,8936,930,9866,81
2021-01-10,Sierra,091,2930,38,32,8,40,0
2021-01-10,Siskiyou,093,43540,1183,1075,170,1245,3
2021-01-10,Solano,095,438530,24126,22621,260,22881,101
2021-01-10,Sonoma,097,501317,22918,21925,123,22048,204
2021-01-10,Stanislaus,099,539301,41147,38809,4136,42945,571
2021-01-10,Sutter,101,95872,7462,7133,57,7190,71
2021-01-10,Tehama,103,63373,3672,3504,400,3904,17
2021-01-10,Trinity,105,12862,344,253,40,293,2
2021-01-10,Tulare,107,460477,40136,38012,5345,43357,497
2021-01-10,Tuolumne,109,53932,3227,3143,25,3168,27
2021-01-10,Ventura,111,848112,57356,53095,2076,55171,319
2021-01-10,Yolo,113,214977,10450,9610,106,9716,129
2021-01-10,Yuba,115,75493,4556,4300,47,4347,27
2021-01-09,Alameda,001,1643700,64140,60125,1367,61492,649
2021-01-09,Alpine,003,1148,74,70,0,70,0
2021-01-09,Amador,005,37829,2958,2809,25,2834,24
2021-01-09,Butte,007,227075,9320,8552,1247,9799,118
2021-01-09,Calaveras,009,45235,1475,1425,7,1432,21
2021-01-09,Colusa,011,21464,1534,1468,146,1614,7
2021-01-09,Contra Costa,013,1133247,49868,46406,826,47232,393
2021-01-09,Del Norte,015,27424,819,802,0,802,2
2021-01-09,El Dorado,017,186661,7563,6800,478,7278,36
2021-01-09,Fresno,019,978130,80958,74816,6125,80941,773
2021-01-09,Glenn,021,27897,1867,1707,362,2069,9
2021-01-09,Humboldt,023,135768,2192,2026,7,2033,22
2021-01-09,Imperial,025,180216,25014,24028,2060,26088,448
2021-01-09,Inyo,027,18085,874,734,2,736,25
2021-01-09,Kern,029,883053,77928,73015,6994,80009,677
2021-01-09,Kings,031,150075,18544,17679,754,18433,108
2021-01-09,Lake,033,64148,2394,2144,0,2144,26
2021-01-09,Lassen,035,31185,4695,4613,70,4683,1
2021-01-09,Los Angeles,037,10098052,969114,887949,31831,919780,12011
2021-01-09,Madera,039,155013,12946,12063,615,12678,85
2021-01-09,Marin,041,260295,11174,10634,112,10746,154
2021-01-09,Mariposa,043,17540,317,287,2,289,3
2021-01-09,Mendocino,045,87422,2911,2664,42,2706,31
2021-01-09,Merced,047,269075,22687,21357,521,21878,237
2021-01-09,Modoc,049,8938,292,271,80,351,0
2021-01-09,Mono,051,14174,1037,964,9,973,3
2021-01-09,Monterey,053,433212,33887,31948,982,32930,235
2021-01-09,Napa,055,140530,7220,6594,25,6619,36
2021-01-09,Nevada,057,99092,3184,2932,115,3047,17
2021-01-09,Orange,059,3164182,203320,191004,8465,199469,2034
2021-01-09,Placer,061,380077,17203,15609,815,16424,162
2021-01-09,Plumas,063,18699,550,477,10,487,2
2021-01-09,Riverside,065,2383286,231846,216076,11528,227604,2201
2021-01-09,Sacramento,067,1510023,77185,74482,843,75325,953
2021-01-09,San Benito,069,59416,4610,4335,46,4381,34
2021-01-09,San Bernardino,071,2135413,244811,228857,7244,236101,1714
2021-01-09,San Diego,073,3302833,207303,188598,9507,198105,1824
2021-01-09,San Francisco,075,870044,27966,26708,377,27085,235
2021-01-09,San Joaquin,077,732212,54734,51927,2199,54126,724
2021-01-09,San Luis Obispo,079,281455,14862,13647,360,14007,121
2021-01-09,San Mateo,081,765935,31532,28512,170,28682,205
2021-01-09,Santa Barbara,083,443738,23426,20971,696,21667,197
2021-01-09,Santa Clara,085,1922200,88185,82269,377,82646,808
2021-01-09,Santa Cruz,087,273765,12150,10717,538,11255,107
2021-01-09,Shasta,089,179085,9387,8893,926,9819,81
2021-01-09,Sierra,091,2930,36,32,8,40,0
2021-01-09,Siskiyou,093,43540,1179,1062,166,1228,3
2021-01-09,Solano,095,438530,23971,22226,259,22485,101
2021-01-09,Sonoma,097,501317,22797,21393,123,21516,202
2021-01-09,Stanislaus,099,539301,40856,38403,4094,42497,567
2021-01-09,Sutter,101,95872,7426,7072,56,7128,69
2021-01-09,Tehama,103,63373,3643,3451,388,3839,15
2021-01-09,Trinity,105,12862,344,252,40,292,2
2021-01-09,Tulare,107,460477,39894,37684,5273,42957,496
2021-01-09,Tuolumne,109,53932,3219,3117,24,3141,26
2021-01-09,Ventura,111,848112,56529,51988,2049,54037,306
2021-01-09,Yolo,113,214977,10379,9524,103,9627,129
2021-01-09,Yuba,115,75493,4528,4265,47,4312,27
2021-01-08,Alameda,001,1643700,63603,59172,1356,60528,646
2021-01-08,Alpine,003,1148,74,70,0,70,0
2021-01-08,Amador,005,37829,2951,2792,25,2817,24
2021-01-08,Butte,007,227075,9261,8430,1231,9661,115
2021-01-08,Calaveras,009,45235,1462,1385,7,1392,21
2021-01-08,Colusa,011,21464,1521,1448,145,1593,7
2021-01-08,Contra Costa,013,1133247,49340,45667,822,46489,381
2021-01-08,Del Norte,015,27424,817,795,0,795,2
2021-01-08,El Dorado,017,186661,7493,6690,466,7156,36
2021-01-08,Fresno,019,978130,80144,73689,6062,79751,771
2021-01-08,Glenn,021,27897,1851,1680,358,2038,9
2021-01-08,Humboldt,023,135768,2168,1988,7,1995,22
2021-01-08,Imperial,025,180216,24947,23751,2045,25796,446
2021-01-08,Inyo,027,18085,860,682,2,684,24
2021-01-08,Kern,029,883053,77368,71978,6921,78899,674
2021-01-08,Kings,031,150075,18416,17441,749,18190,108
2021-01-08,Lake,033,64148,2367,2098,0,2098,26
2021-01-08,Lassen,035,31185,4687,4598,68,4666,1
2021-01-08,Los Angeles,037,10098052,958359,871188,31376,902564,11796
2021-01-08,Madera,039,155013,12795,11846,606,12452,85
2021-01-08,Marin,041,260295,11080,10531,111,10642,153
2021-01-08,Mariposa,043,17540,316,273,2,275,3
2021-01-08,Mendocino,045,87422,2892,2634,39,2673,31
2021-01-08,Merced,047,269075,22492,20862,516,21378,236
2021-01-08,Modoc,049,8938,292,266,80,346,0
2021-01-08,Mono,051,14174,1027,951,9,960,3
2021-01-08,Monterey,053,433212,33621,31543,969,32512,224
2021-01-08,Napa,055,140530,7150,6544,25,6569,32
2021-01-08,Nevada,057,99092,3162,2888,115,3003,17
2021-01-08,Orange,059,3164182,201328,186608,8378,194986,1991
2021-01-08,Placer,061,380077,17076,15401,808,16209,161
2021-01-08,Plumas,063,18699,544,465,10,475,2
2021-01-08,Riverside,065,2383286,229487,212122,11390,223512,2184
2021-01-08,Sacramento,067,1510023,76606,73245,837,74082,939
2021-01-08,San Benito,069,59416,4572,4225,45,4270,33
2021-01-08,San Bernardino,071,2135413,242926,224267,7171,231438,1703
2021-01-08,San Diego,073,3302833,204769,185060,9413,194473,1771
2021-01-08,San Francisco,075,870044,27719,26378,352,26730,207
2021-01-08,San Joaquin,077,732212,54396,50990,2168,53158,710
2021-01-08,San Luis Obispo,079,281455,14729,13286,346,13632,119
2021-01-08,San Mateo,081,765935,31182,28072,167,28239,204
2021-01-08,Santa Barbara,083,443738,23148,20461,687,21148,189
2021-01-08,Santa Clara,085,1922200,87164,80561,374,80935,789
2021-01-08,Santa Cruz,087,273765,12011,10486,528,11014,106
2021-01-08,Shasta,089,179085,9337,8772,911,9683,81
2021-01-08,Sierra,091,2930,36,31,8,39,0
2021-01-08,Siskiyou,093,43540,1176,1027,165,1192,3
2021-01-08,Solano,095,438530,23803,21832,259,22091,100
2021-01-08,Sonoma,097,501317,22659,21178,123,21301,201
2021-01-08,Stanislaus,099,539301,40559,37858,4057,41915,566
2021-01-08,Sutter,101,95872,7376,6982,56,7038,68
2021-01-08,Tehama,103,63373,3620,3406,383,3789,15
2021-01-08,Trinity,105,12862,344,247,40,287,2
2021-01-08,Tulare,107,460477,39630,36946,5165,42111,491
2021-01-08,Tuolumne,109,53932,3210,3099,24,3123,19
2021-01-08,Ventura,111,848112,55665,50553,2024,52577,294
2021-01-08,Yolo,113,214977,10291,9391,99,9490,129
2021-01-08,Yuba,115,75493,4486,4195,46,4241,26
2021-01-07,Alameda,001,1643700,62677,57921,1328,59249,632
2021-01-07,Alpine,003,1148,72,70,0,70,0
2021-01-07,Amador,005,37829,2938,2740,24,2764,24
2021-01-07,Butte,007,227075,9165,8278,1202,9480,112
2021-01-07,Calaveras,009,45235,1445,1342,6,1348,21
2021-01-07,Colusa,011,21464,1509,1420,138,1558,7
2021-01-07,Contra Costa,013,1133247,48563,44756,805,45561,376
2021-01-07,Del Norte,015,27424,815,791,0,791,2
2021-01-07,El Dorado,017,186661,7394,6545,452,6997,36
2021-01-07,Fresno,019,978130,79191,72557,5956,78513,765
2021-01-07,Glenn,021,27897,1835,1639,349,1988,9
2021-01-07,Humboldt,023,135768,2141,1954,7,1961,22
2021-01-07,Imperial,025,180216,24754,23608,1993,25601,431
2021-01-07,Inyo,027,18085,847,656,2,658,20
2021-01-07,Kern,029,883053,76514,70953,6768,77721,660
2021-01-07,Kings,031,150075,18288,17238,740,17978,108
2021-01-07,Lake,033,64148,2312,2054,0,2054,26
2021-01-07,Lassen,035,31185,4682,4581,66,4647,1
2021-01-07,Los Angeles,037,10098052,943502,853187,30813,884000,11480
2021-01-07,Madera,039,155013,12639,11644,594,12238,76
2021-01-07,Marin,041,260295,10988,10364,109,10473,153
2021-01-07,Mariposa,043,17540,314,264,2,266,3
2021-01-07,Mendocino,045,87422,2837,2585,35,2620,30
2021-01-07,Merced,047,269075,22171,20510,501,21011,234
2021-01-07,Modoc,049,8938,292,265,80,345,0
2021-01-07,Mono,051,14174,1016,905,9,914,3
2021-01-07,Monterey,053,433212,33092,30903,947,31850,222
2021-01-07,Napa,055,140530,7040,6408,25,6433,32
2021-01-07,Nevada,057,99092,3128,2847,110,2957,17
2021-01-07,Orange,059,3164182,198495,181922,8274,190196,1974
2021-01-07,Placer,061,380077,16893,15155,778,15933,144
2021-01-07,Plumas,063,18699,542,454,10,464,2
2021-01-07,Riverside,065,2383286,226156,208177,11200,219377,2156
2021-01-07,Sacramento,067,1510023,75703,72342,816,73158,919
2021-01-07,San Benito,069,59416,4510,4112,41,4153,33
2021-01-07,San Bernardino,071,2135413,239391,219691,7086,226777,1666
2021-01-07,San Diego,073,3302833,201464,180510,9234,189744,1738
2021-01-07,San Francisco,075,870044,27385,25885,335,26220,202
2021-01-07,San Joaquin,077,732212,53711,50156,2136,52292,689
2021-01-07,San Luis Obispo,079,281455,14490,12810,333,13143,118
2021-01-07,San Mateo,081,765935,30671,27494,163,27657,201
2021-01-07,Santa Barbara,083,443738,22730,19931,673,20604,187
2021-01-07,Santa Clara,085,1922200,85944,78808,370,79178,775
2021-01-07,Santa Cruz,087,273765,11802,10228,521,10749,104
2021-01-07,Shasta,089,179085,9250,8612,903,9515,81
2021-01-07,Sierra,091,2930,36,31,8,39,0
2021-01-07,Siskiyou,093,43540,1171,1010,163,1173,3
2021-01-07,Solano,095,438530,23410,21384,255,21639,100
2021-01-07,Sonoma,097,501317,22397,20857,122,20979,200
2021-01-07,Stanislaus,099,539301,40133,37296,4005,41301,553
2021-01-07,Sutter,101,95872,7317,6890,55,6945,65
2021-01-07,Tehama,103,63373,3596,3330,376,3706,15
2021-01-07,Trinity,105,12862,344,247,40,287,2
2021-01-07,Tulare,107,460477,39227,36397,5026,41423,482
2021-01-07,Tuolumne,109,53932,3190,3068,23,3091,14
2021-01-07,Ventura,111,848112,54505,49083,1995,51078,288
2021-01-07,Yolo,113,214977,10153,9207,97,9304,128
2021-01-07,Yuba,115,75493,4444,4128,46,4174,25
2021-01-06,Alameda,001,1643700,61831,57081,1298,58379,616
2021-01-06,Alpine,003,1148,72,70,0,70,0
2021-01-06,Amador,005,37829,2917,2717,23,2740,24
2021-01-06,Butte,007,227075,9053,8147,1183,9330,110
2021-01-06,Calaveras,009,45235,1420,1321,6,1327,21
2021-01-06,Colusa,011,21464,1489,1385,132,1517,7
2021-01-06,Contra Costa,013,1133247,47761,44054,787,44841,358
2021-01-06,Del Norte,015,27424,809,780,0,780,2
2021-01-06,El Dorado,017,186661,7283,6397,439,6836,35
2021-01-06,Fresno,019,978130,78352,71404,5853,77257,752
2021-01-06,Glenn,021,27897,1811,1622,343,1965,9
2021-01-06,Humboldt,023,135768,2115,1912,7,1919,22
2021-01-06,Imperial,025,180216,24501,23400,1951,25351,431
2021-01-06,Inyo,027,18085,831,630,2,632,20
2021-01-06,Kern,029,883053,75573,69893,6632,76525,646
2021-01-06,Kings,031,150075,18094,17019,717,17736,108
2021-01-06,Lake,033,64148,2274,2033,0,2033,26
2021-01-06,Lassen,035,31185,4670,4560,62,4622,1
2021-01-06,Los Angeles,037,10098052,927612,835052,30088,865140,11285
2021-01-06,Madera,039,155013,12505,11407,588,11995,67
2021-01-06,Marin,041,260295,10860,10282,108,10390,153
2021-01-06,Mariposa,043,17540,311,259,2,261,3
2021-01-06,Mendocino,045,87422,2807,2561,35,2596,30
2021-01-06,Merced,047,269075,21828,20258,485,20743,232
2021-01-06,Modoc,049,8938,292,263,80,343,0
2021-01-06,Mono,051,14174,985,905,9,914,3
2021-01-06,Monterey,053,433212,32502,30387,910,31297,222
2021-01-06,Napa,055,140530,6910,6342,25,6367,32
2021-01-06,Nevada,057,99092,3108,2805,110,2915,15
2021-01-06,Orange,059,3164182,195049,177686,8130,185816,1935
2021-01-06,Placer,061,380077,16708,14940,759,15699,134
2021-01-06,Plumas,063,18699,534,445,10,455,2
2021-01-06,Riverside,065,2383286,222148,203714,10981,214695,2121
2021-01-06,Sacramento,067,1510023,74682,71572,799,72371,909
2021-01-06,San Benito,069,59416,4433,4031,40,4071,32
2021-01-06,San Bernardino,071,2135413,235687,215286,6971,222257,1634
2021-01-06,San Diego,073,3302833,197969,176660,9065,185725,1691
2021-01-06,San Francisco,075,870044,27014,25424,325,25749,199
2021-01-06,San Joaquin,077,732212,52950,49286,2093,51379,673
2021-01-06,San Luis Obispo,079,281455,14098,12305,326,12631,115
2021-01-06,San Mateo,081,765935,30248,27050,160,27210,200
2021-01-06,Santa Barbara,083,443738,22250,19453,661,20114,177
2021-01-06,Santa Clara,085,1922200,84539,77485,363,77848,746
2021-01-06,Santa Cruz,087,273765,11584,9954,501,10455,97
2021-01-06,Shasta,089,179085,9179,8482,896,9378,78
2021-01-06,Sierra,091,2930,35,31,8,39,0
2021-01-06,Siskiyou,093,43540,1159,998,159,1157,3
2021-01-06,Solano,095,438530,23023,21102,252,21354,99
2021-01-06,Sonoma,097,501317,22092,20558,122,20680,196
2021-01-06,Stanislaus,099,539301,39537,36751,3942,40693,553
2021-01-06,Sutter,101,95872,7235,6839,54,6893,59
2021-01-06,Tehama,103,63373,3569,3306,370,3676,15
2021-01-06,Trinity,105,12862,344,246,40,286,2
2021-01-06,Tulare,107,460477,38665,35882,4924,40806,465
2021-01-06,Tuolumne,109,53932,3170,3008,23,3031,14
2021-01-06,Ventura,111,848112,53261,47428,1970,49398,280
2021-01-06,Yolo,113,214977,9992,9083,94,9177,127
2021-01-06,Yuba,115,75493,4397,4097,46,4143,25
2021-01-05,Alameda,001,1643700,60710,56432,1262,57694,602
2021-01-05,Alpine,003,1148,72,70,0,70,0
2021-01-05,Amador,005,37829,2877,2695,23,2718,24
2021-01-05,Butte,007,227075,8914,8008,1156,9164,107
2021-01-05,Calaveras,009,45235,1371,1292,6,1298,21
2021-01-05,Colusa,011,21464,1464,1376,126,1502,7
2021-01-05,Contra Costa,013,1133247,46878,43442,776,44218,353
2021-01-05,Del Norte,015,27424,802,770,0,770,2
2021-01-05,El Dorado,017,186661,7165,6270,418,6688,32
2021-01-05,Fresno,019,978130,77132,70971,5758,76729,741
2021-01-05,Glenn,021,27897,1786,1608,331,1939,9
2021-01-05,Humboldt,023,135768,2078,1884,7,1891,22
2021-01-05,Imperial,025,180216,24337,23165,1903,25068,421
2021-01-05,Inyo,027,18085,817,627,2,629,20
2021-01-05,Kern,029,883053,74502,68257,6486,74743,624
2021-01-05,Kings,031,150075,17896,16860,693,17553,108
2021-01-05,Lake,033,64148,2226,2015,0,2015,25
2021-01-05,Lassen,035,31185,4656,4554,58,4612,1
2021-01-05,Los Angeles,037,10098052,908942,823783,29394,853177,11028
2021-01-05,Madera,039,155013,12329,11359,575,11934,67
2021-01-05,Marin,041,260295,10709,10214,106,10320,151
2021-01-05,Mariposa,043,17540,305,257,2,259,3
2021-01-05,Mendocino,045,87422,2772,2501,35,2536,30
2021-01-05,Merced,047,269075,21478,20051,472,20523,230
2021-01-05,Modoc,049,8938,292,254,80,334,0
2021-01-05,Mono,051,14174,979,896,9,905,3
2021-01-05,Monterey,053,433212,31930,30045,872,30917,213
2021-01-05,Napa,055,140530,6823,6264,25,6289,29
2021-01-05,Nevada,057,99092,3080,2781,109,2890,15
2021-01-05,Orange,059,3164182,191410,174869,7933,182802,1918
2021-01-05,Placer,061,380077,16478,14723,735,15458,133
2021-01-05,Plumas,063,18699,527,428,10,438,2
2021-01-05,Riverside,065,2383286,218034,200439,10778,211217,2069
2021-01-05,Sacramento,067,1510023,73758,70677,771,71448,888
2021-01-05,San Benito,069,59416,4331,3961,38,3999,28
2021-01-05,San Bernardino,071,2135413,231761,212522,6854,219376,1615
2021-01-05,San Diego,073,3302833,193832,172845,8856,181701,1654
2021-01-05,San Francisco,075,870044,26648,24989,306,25295,196
2021-01-05,San Joaquin,077,732212,52077,48969,2050,51019,663
2021-01-05,San Luis Obispo,079,281455,13698,12027,316,12343,106
2021-01-05,San Mateo,081,765935,29763,26486,158,26644,198
2021-01-05,Santa Barbara,083,443738,21817,19063,650,19713,172
2021-01-05,Santa Clara,085,1922200,83003,76355,349,76704,729
2021-01-05,Santa Cruz,087,273765,11312,9753,476,10229,93
2021-01-05,Shasta,089,179085,9073,8345,876,9221,73
2021-01-05,Sierra,091,2930,35,31,8,39,0
2021-01-05,Siskiyou,093,43540,1147,985,157,1142,3
2021-01-05,Solano,095,438530,22617,20860,247,21107,97
2021-01-05,Sonoma,097,501317,21729,20247,121,20368,194
2021-01-05,Stanislaus,099,539301,38994,36363,3894,40257,553
2021-01-05,Sutter,101,95872,7136,6769,53,6822,59
2021-01-05,Tehama,103,63373,3512,3255,365,3620,9
2021-01-05,Trinity,105,12862,344,246,40,286,2
2021-01-05,Tulare,107,460477,38051,35585,4763,40348,455
2021-01-05,Tuolumne,109,53932,3146,2996,18,3014,13
2021-01-05,Ventura,111,848112,52014,46456,1947,48403,264
2021-01-05,Yolo,113,214977,9818,8980,93,9073,127
2021-01-05,Yuba,115,75493,4339,4053,45,4098,21
2021-01-04,Alameda,001,1643700,59460,55899,1228,57127,583
2021-01-04,Alpine,003,1148,72,68,0,68,0
2021-01-04,Amador,005,37829,2837,2596,23,2619,24
2021-01-04,Butte,007,227075,8756,7893,1132,9025,105
2021-01-04,Calaveras,009,45235,1330,1276,5,1281,21
2021-01-04,Colusa,011,21464,1439,1368,112,1480,7
2021-01-04,Contra Costa,013,1133247,46027,43019,750,43769,353
2021-01-04,Del Norte,015,27424,793,770,0,770,2
2021-01-04,El Dorado,017,186661,7031,6152,402,6554,27
2021-01-04,Fresno,019,978130,75871,69871,5657,75528,726
2021-01-04,Glenn,021,27897,1755,1590,323,1913,9
2021-01-04,Humboldt,023,135768,2042,1845,7,1852,22
2021-01-04,Imperial,025,180216,24186,23035,1848,24883,420
2021-01-04,Inyo,027,18085,790,623,2,625,20
2021-01-04,Kern,029,883053,73427,67418,6280,73698,623
2021-01-04,Kings,031,150075,17625,16801,666,17467,108
2021-01-04,Lake,033,64148,2184,1984,0,1984,25
2021-01-04,Lassen,035,31185,4634,4550,57,4607,1
2021-01-04,Los Angeles,037,10098052,888915,813022,28478,841500,10790
2021-01-04,Madera,039,155013,12108,11204,553,11757,67
2021-01-04,Marin,041,260295,10572,10115,103,10218,151
2021-01-04,Mariposa,043,17540,299,253,2,255,3
2021-01-04,Mendocino,045,87422,2732,2460,31,2491,28
2021-01-04,Merced,047,269075,21064,19804,453,20257,230
2021-01-04,Modoc,049,8938,276,250,78,328,0
2021-01-04,Mono,051,14174,968,895,9,904,3
2021-01-04,Monterey,053,433212,31277,29659,849,30508,212
2021-01-04,Napa,055,140530,6682,6187,25,6212,29
2021-01-04,Nevada,057,99092,3043,2765,104,2869,15
2021-01-04,Orange,059,3164182,187527,172458,7800,180258,1918
2021-01-04,Placer,061,380077,16204,14622,721,15343,133
2021-01-04,Plumas,063,18699,517,419,10,429,1
2021-01-04,Riverside,065,2383286,213540,196809,10562,207371,2066
2021-01-04,Sacramento,067,1510023,72695,70164,761,70925,870
2021-01-04,San Benito,069,59416,4218,3914,38,3952,28
2021-01-04,San Bernardino,071,2135413,227554,210868,6689,217557,1615
2021-01-04,San Diego,073,3302833,189264,171031,8662,179693,1598
2021-01-04,San Francisco,075,870044,26266,24753,299,25052,191
2021-01-04,San Joaquin,077,732212,51178,48644,2008,50652,661
2021-01-04,San Luis Obispo,079,281455,13208,11945,308,12253,96
2021-01-04,San Mateo,081,765935,29201,26150,153,26303,198
2021-01-04,Santa Barbara,083,443738,21301,18735,617,19352,165
2021-01-04,Santa Clara,085,1922200,81251,75297,342,75639,727
2021-01-04,Santa Cruz,087,273765,11025,9680,459,10139,85
2021-01-04,Shasta,089,179085,8968,8224,860,9084,72
2021-01-04,Sierra,091,2930,34,30,8,38,0
2021-01-04,Siskiyou,093,43540,1131,980,152,1132,3
2021-01-04,Solano,095,438530,22112,20588,240,20828,97
2021-01-04,Sonoma,097,501317,21387,20210,120,20330,194
2021-01-04,Stanislaus,099,539301,38431,36141,3836,39977,553
2021-01-04,Sutter,101,95872,7038,6712,52,6764,56
2021-01-04,Tehama,103,63373,3439,3190,359,3549,9
2021-01-04,Trinity,105,12862,341,245,40,285,2
2021-01-04,Tulare,107,460477,37493,35060,4647,39707,455
2021-01-04,Tuolumne,109,53932,3121,2987,18,3005,13
2021-01-04,Ventura,111,848112,50513,45014,1928,46942,255
2021-01-04,Yolo,113,214977,9622,8834,87,8921,121
2021-01-04,Yuba,115,75493,4280,4023,45,4068,21
2021-01-03,Alameda,001,1643700,58221,55082,1197,56279,580
2021-01-03,Alpine,003,1148,70,68,0,68,0
2021-01-03,Amador,005,37829,2773,2565,23,2588,24
2021-01-03,Butte,007,227075,8566,7837,1077,8914,105
2021-01-03,Calaveras,009,45235,1294,1249,3,1252,21
2021-01-03,Colusa,011,21464,1410,1337,106,1443,7
2021-01-03,Contra Costa,013,1133247,45136,42432,725,43157,352
2021-01-03,Del Norte,015,27424,781,768,0,768,2
2021-01-03,El Dorado,017,186661,6903,6034,385,6419,27
2021-01-03,Fresno,019,978130,74728,69326,5531,74857,719
2021-01-03,Glenn,021,27897,1730,1581,312,1893,9
2021-01-03,Humboldt,023,135768,2005,1833,7,1840,21
2021-01-03,Imperial,025,180216,23934,22951,1762,24713,419
2021-01-03,Inyo,027,18085,773,615,2,617,20
2021-01-03,Kern,029,883053,72175,66895,6097,72992,609
2021-01-03,Kings,031,150075,17358,16593,632,17225,108
2021-01-03,Lake,033,64148,2131,1976,0,1976,24
2021-01-03,Lassen,035,31185,4601,4531,56,4587,1
2021-01-03,Los Angeles,037,10098052,867008,792168,27373,819541,10633
2021-01-03,Madera,039,155013,11883,11152,529,11681,67
2021-01-03,Marin,041,260295,10423,10034,98,10132,150
2021-01-03,Mariposa,043,17540,292,248,2,250,3
2021-01-03,Mendocino,045,87422,2692,2445,30,2475,24
2021-01-03,Merced,047,269075,20595,19600,426,20026,230
2021-01-03,Modoc,049,8938,272,245,77,322,0
2021-01-03,Mono,051,14174,943,893,9,902,3
2021-01-03,Monterey,053,433212,30687,29357,812,30169,191
2021-01-03,Napa,055,140530,6581,6094,25,6119,29
2021-01-03,Nevada,057,99092,2984,2742,101,2843,15
2021-01-03,Orange,059,3164182,183353,169881,7604,177485,1919
2021-01-03,Placer,061,380077,15957,14319,696,15015,133
2021-01-03,Plumas,063,18699,504,416,10,426,1
2021-01-03,Riverside,065,2383286,208778,195048,10285,205333,2005
2021-01-03,Sacramento,067,1510023,71491,68558,740,69298,859
2021-01-03,San Benito,069,59416,4118,3882,37,3919,28
2021-01-03,San Bernardino,071,2135413,222270,208294,6509,214803,1592
2021-01-03,San Diego,073,3302833,184009,168018,8439,176457,1592
2021-01-03,San Francisco,075,870044,25768,24588,281,24869,193
2021-01-03,San Joaquin,077,732212,50077,47899,1945,49844,661
2021-01-03,San Luis Obispo,079,281455,12739,11636,298,11934,95
2021-01-03,San Mateo,081,765935,28609,25770,147,25917,196
2021-01-03,Santa Barbara,083,443738,20584,18267,600,18867,164
2021-01-03,Santa Clara,085,1922200,79700,74534,336,74870,720
2021-01-03,Santa Cruz,087,273765,10725,9528,440,9968,84
2021-01-03,Shasta,089,179085,8842,8192,818,9010,72
2021-01-03,Sierra,091,2930,34,30,8,38,0
2021-01-03,Siskiyou,093,43540,1098,976,143,1119,3
2021-01-03,Solano,095,438530,21579,20105,235,20340,97
2021-01-03,Sonoma,097,501317,20997,19982,116,20098,193
2021-01-03,Stanislaus,099,539301,37743,35762,3753,39515,553
2021-01-03,Sutter,101,95872,6940,6664,51,6715,53
2021-01-03,Tehama,103,63373,3379,3176,350,3526,9
2021-01-03,Trinity,105,12862,338,243,39,282,2
2021-01-03,Tulare,107,460477,36939,34747,4489,39236,455
2021-01-03,Tuolumne,109,53932,3059,2978,15,2993,13
2021-01-03,Ventura,111,848112,48689,43748,1910,45658,254
2021-01-03,Yolo,113,214977,9463,8674,83,8757,121
2021-01-03,Yuba,115,75493,4226,3966,44,4010,20
2021-01-02,Alameda,001,1643700,57601,54518,1167,55685,581
2021-01-02,Alpine,003,1148,70,68,0,68,0
2021-01-02,Amador,005,37829,2754,2540,23,2563,24
2021-01-02,Butte,007,227075,8459,7750,1056,8806,105
2021-01-02,Calaveras,009,45235,1275,1230,3,1233,21
2021-01-02,Colusa,011,21464,1400,1332,105,1437,7
2021-01-02,Contra Costa,013,1133247,44614,41993,713,42706,352
2021-01-02,Del Norte,015,27424,779,764,0,764,2
2021-01-02,El Dorado,017,186661,6848,5959,381,6340,27
2021-01-02,Fresno,019,978130,74194,68740,5415,74155,717
2021-01-02,Glenn,021,27897,1715,1546,310,1856,9
2021-01-02,Humboldt,023,135768,1981,1815,7,1822,21
2021-01-02,Imperial,025,180216,23856,22867,1722,24589,420
2021-01-02,Inyo,027,18085,760,609,2,611,20
2021-01-02,Kern,029,883053,71459,66457,5987,72444,610
2021-01-02,Kings,031,150075,17266,16515,628,17143,108
2021-01-02,Lake,033,64148,2095,1925,0,1925,24
2021-01-02,Lassen,035,31185,4590,4457,55,4512,1
2021-01-02,Los Angeles,037,10098052,858740,791892,26634,818526,10633
2021-01-02,Madera,039,155013,11774,11039,517,11556,67
2021-01-02,Marin,041,260295,10378,9924,95,10019,151
2021-01-02,Mariposa,043,17540,285,243,2,245,3
2021-01-02,Mendocino,045,87422,2650,2428,29,2457,24
2021-01-02,Merced,047,269075,20453,19395,410,19805,230
2021-01-02,Modoc,049,8938,271,245,77,322,0
2021-01-02,Mono,051,14174,933,884,9,893,3
2021-01-02,Monterey,053,433212,30480,28991,801,29792,191
2021-01-02,Napa,055,140530,6522,5994,25,6019,29
2021-01-02,Nevada,057,99092,2957,2706,97,2803,15
2021-01-02,Orange,059,3164182,181171,168457,7450,175907,1918
2021-01-02,Placer,061,380077,15783,14182,686,14868,133
2021-01-02,Plumas,063,18699,501,413,10,423,1
2021-01-02,Riverside,065,2383286,206243,192069,10053,202122,2008
2021-01-02,Sacramento,067,1510023,70851,67810,725,68535,858
2021-01-02,San Benito,069,59416,4038,3829,37,3866,28
2021-01-02,San Bernardino,071,2135413,220657,206939,6375,213314,1597
2021-01-02,San Diego,073,3302833,181417,164498,8250,172748,1592
2021-01-02,San Francisco,075,870044,25509,24414,274,24688,194
2021-01-02,San Joaquin,077,732212,49713,47310,1913,49223,662
2021-01-02,San Luis Obispo,079,281455,12605,11467,293,11760,95
2021-01-02,San Mateo,081,765935,28273,25483,139,25622,196
2021-01-02,Santa Barbara,083,443738,20299,18135,597,18732,164
2021-01-02,Santa Clara,085,1922200,78532,73662,329,73991,720
2021-01-02,Santa Cruz,087,273765,10574,9340,431,9771,85
2021-01-02,Shasta,089,179085,8776,8154,806,8960,72
2021-01-02,Sierra,091,2930,34,28,8,36,0
2021-01-02,Siskiyou,093,43540,1087,949,141,1090,3
2021-01-02,Solano,095,438530,21382,19805,225,20030,97
2021-01-02,Sonoma,097,501317,20839,19761,116,19877,194
2021-01-02,Stanislaus,099,539301,37431,35431,3684,39115,553
2021-01-02,Sutter,101,95872,6885,6621,51,6672,53
2021-01-02,Tehama,103,63373,3354,3146,346,3492,9
2021-01-02,Trinity,105,12862,335,243,39,282,2
2021-01-02,Tulare,107,460477,36622,34479,4416,38895,455
2021-01-02,Tuolumne,109,53932,3045,2942,13,2955,13
2021-01-02,Ventura,111,848112,47538,43397,1875,45272,254
2021-01-02,Yolo,113,214977,9369,8571,81,8652,122
2021-01-02,Yuba,115,75493,4188,3930,43,3973,21
2021-01-01,Alameda,001,1643700,56946,53518,1150,54668,579
2021-01-01,Alpine,003,1148,70,68,0,68,0
2021-01-01,Amador,005,37829,2728,2513,21,2534,24
2021-01-01,Butte,007,227075,8358,7589,1031,8620,105
2021-01-01,Calaveras,009,45235,1260,1186,3,1189,21
2021-01-01,Colusa,011,21464,1391,1314,103,1417,7
2021-01-01,Contra Costa,013,1133247,44140,41412,691,42103,351
2021-01-01,Del Norte,015,27424,773,758,0,758,2
2021-01-01,El Dorado,017,186661,6759,5832,370,6202,27
2021-01-01,Fresno,019,978130,73125,67484,5327,72811,717
2021-01-01,Glenn,021,27897,1699,1520,307,1827,9
2021-01-01,Humboldt,023,135768,1943,1783,7,1790,21
2021-01-01,Imperial,025,180216,23772,22715,1670,24385,418
2021-01-01,Inyo,027,18085,736,606,2,608,20
2021-01-01,Kern,029,883053,70637,65571,5875,71446,609
2021-01-01,Kings,031,150075,17083,16358,622,16980,108
2021-01-01,Lake,033,64148,2065,1888,0,1888,24
2021-01-01,Lassen,035,31185,4584,4377,55,4432,1
2021-01-01,Los Angeles,037,10098052,844618,775578,25904,801482,10515
2021-01-01,Madera,039,155013,11615,10752,508,11260,66
2021-01-01,Marin,041,260295,10272,9821,95,9916,148
2021-01-01,Mariposa,043,17540,277,236,2,238,3
2021-01-01,Mendocino,045,87422,2596,2400,29,2429,24
2021-01-01,Merced,047,269075,20269,19118,394,19512,229
2021-01-01,Modoc,049,8938,271,241,77,318,0
2021-01-01,Mono,051,14174,915,884,9,893,3
2021-01-01,Monterey,053,433212,30250,28465,793,29258,191
2021-01-01,Napa,055,140530,6436,5899,25,5924,28
2021-01-01,Nevada,057,99092,2933,2663,97,2760,15
2021-01-01,Orange,059,3164182,178385,165440,7299,172739,1893
2021-01-01,Placer,061,380077,15619,13987,668,14655,133
2021-01-01,Plumas,063,18699,496,412,10,422,1
2021-01-01,Riverside,065,2383286,203184,188674,9779,198453,1990
2021-01-01,Sacramento,067,1510023,70254,66956,707,67663,848
2021-01-01,San Benito,069,59416,4002,3773,37,3810,28
2021-01-01,San Bernardino,071,2135413,217839,203651,6236,209887,1590
2021-01-01,San Diego,073,3302833,178356,160071,8075,168146,1592
2021-01-01,San Francisco,075,870044,25236,24145,262,24407,187
2021-01-01,San Joaquin,077,732212,49432,46640,1866,48506,657
2021-01-01,San Luis Obispo,079,281455,12382,11160,285,11445,94
2021-01-01,San Mateo,081,765935,27825,25041,135,25176,194
2021-01-01,Santa Barbara,083,443738,19980,17759,587,18346,164
2021-01-01,Santa Clara,085,1922200,77265,71904,324,72228,680
2021-01-01,Santa Cruz,087,273765,10396,9146,419,9565,84
2021-01-01,Shasta,089,179085,8694,8102,789,8891,72
2021-01-01,Sierra,091,2930,34,26,8,34,0
2021-01-01,Siskiyou,093,43540,1073,944,136,1080,3
2021-01-01,Solano,095,438530,21170,19393,223,19616,97
2021-01-01,Sonoma,097,501317,20650,19513,116,19629,189
2021-01-01,Stanislaus,099,539301,37155,34978,3616,38594,553
2021-01-01,Sutter,101,95872,6829,6553,50,6603,52
2021-01-01,Tehama,103,63373,3298,3079,337,3416,9
2021-01-01,Trinity,105,12862,335,243,39,282,2
2021-01-01,Tulare,107,460477,36218,33994,4313,38307,454
2021-01-01,Tuolumne,109,53932,3029,2909,13,2922,13
2021-01-01,Ventura,111,848112,46045,42026,1847,43873,253
2021-01-01,Yolo,113,214977,9258,8461,78,8539,120
2021-01-01,Yuba,115,75493,4132,3845,42,3887,19
2020-12-31,Alameda,001,1643700,56414,52475,1118,53593,579
2020-12-31,Alpine,003,1148,70,66,0,66,0
2020-12-31,Amador,005,37829,2714,2493,21,2514,24
2020-12-31,Butte,007,227075,8284,7405,1012,8417,105
2020-12-31,Calaveras,009,45235,1249,1161,3,1164,21
2020-12-31,Colusa,011,21464,1383,1301,100,1401,7
2020-12-31,Contra Costa,013,1133247,43768,40512,676,41188,336
2020-12-31,Del Norte,015,27424,772,748,0,748,2
2020-12-31,El Dorado,017,186661,6707,5662,361,6023,26
2020-12-31,Fresno,019,978130,72701,66442,5263,71705,711
2020-12-31,Glenn,021,27897,1679,1484,302,1786,9
2020-12-31,Humboldt,023,135768,1926,1713,7,1720,21
2020-12-31,Imperial,025,180216,23708,22494,1654,24148,417
2020-12-31,Inyo,027,18085,728,591,2,593,20
2020-12-31,Kern,029,883053,70172,64904,5780,70684,609
2020-12-31,Kings,031,150075,17008,16077,614,16691,108
2020-12-31,Lake,033,64148,2053,1848,0,1848,23
2020-12-31,Lassen,035,31185,4578,4340,54,4394,1
2020-12-31,Los Angeles,037,10098052,839343,755844,25409,781253,10320
2020-12-31,Madera,039,155013,11548,10609,497,11106,64
2020-12-31,Marin,041,260295,10231,9731,94,9825,148
2020-12-31,Mariposa,043,17540,275,217,2,219,3
2020-12-31,Mendocino,045,87422,2581,2367,25,2392,24
2020-12-31,Merced,047,269075,20182,18808,384,19192,226
2020-12-31,Modoc,049,8938,271,238,77,315,0
2020-12-31,Mono,051,14174,908,868,9,877,3
2020-12-31,Monterey,053,433212,30059,27720,781,28501,188
2020-12-31,Napa,055,140530,6373,5801,25,5826,28
2020-12-31,Nevada,057,99092,2910,2619,95,2714,15
2020-12-31,Orange,059,3164182,176506,161586,7162,168748,1866
2020-12-31,Placer,061,380077,15469,13708,665,14373,126
2020-12-31,Plumas,063,18699,491,401,9,410,1
2020-12-31,Riverside,065,2383286,201628,184193,9639,193832,1958
2020-12-31,Sacramento,067,1510023,69736,65817,695,66512,830
2020-12-31,San Benito,069,59416,3980,3673,37,3710,28
2020-12-31,San Bernardino,071,2135413,216281,199115,6164,205279,1586
2020-12-31,San Diego,073,3302833,176594,155593,7982,163575,1534
2020-12-31,San Francisco,075,870044,25010,23740,254,23994,183
2020-12-31,San Joaquin,077,732212,49128,45764,1825,47589,646
2020-12-31,San Luis Obispo,079,281455,12272,10846,285,11131,89
2020-12-31,San Mateo,081,765935,27495,24570,129,24699,192
2020-12-31,Santa Barbara,083,443738,19738,17434,580,18014,161
2020-12-31,Santa Clara,085,1922200,76498,70032,319,70351,665
2020-12-31,Santa Cruz,087,273765,10280,8909,406,9315,84
2020-12-31,Shasta,089,179085,8629,7996,779,8775,69
2020-12-31,Sierra,091,2930,34,26,8,34,0
2020-12-31,Siskiyou,093,43540,1057,940,133,1073,3
2020-12-31,Solano,095,438530,20942,18942,222,19164,97
2020-12-31,Sonoma,097,501317,20532,19129,115,19244,188
2020-12-31,Stanislaus,099,539301,36859,34398,3561,37959,552
2020-12-31,Sutter,101,95872,6799,6432,50,6482,51
2020-12-31,Tehama,103,63373,3269,3036,336,3372,9
2020-12-31,Trinity,105,12862,334,241,39,280,2
2020-12-31,Tulare,107,460477,36057,33412,4259,37671,446
2020-12-31,Tuolumne,109,53932,3021,2902,13,2915,12
2020-12-31,Ventura,111,848112,45538,40854,1829,42683,251
2020-12-31,Yolo,113,214977,9173,8295,77,8372,117
2020-12-31,Yuba,115,75493,4094,3799,41,3840,18
2020-12-30,Alameda,001,1643700,55652,50158,1067,51225,573
2020-12-30,Alpine,003,1148,70,66,0,66,0
2020-12-30,Amador,005,37829,2694,2418,20,2438,24
2020-12-30,Butte,007,227075,8124,7140,995,8135,103
2020-12-30,Calaveras,009,45235,1224,1135,3,1138,21
2020-12-30,Colusa,011,21464,1367,1289,94,1383,7
2020-12-30,Contra Costa,013,1133247,43184,39601,664,40265,337
2020-12-30,Del Norte,015,27424,767,726,0,726,2
2020-12-30,El Dorado,017,186661,6608,5595,349,5944,27
2020-12-30,Fresno,019,978130,71860,65566,5099,70665,711
2020-12-30,Glenn,021,27897,1650,1471,289,1760,9
2020-12-30,Humboldt,023,135768,1892,1654,7,1661,22
2020-12-30,Imperial,025,180216,23541,22098,1576,23674,412
2020-12-30,Inyo,027,18085,721,572,2,574,20
2020-12-30,Kern,029,883053,69451,63292,5629,68921,604
2020-12-30,Kings,031,150075,16889,15862,606,16468,108
2020-12-30,Lake,033,64148,2030,1731,0,1731,23
2020-12-30,Lassen,035,31185,4569,4300,54,4354,1
2020-12-30,Los Angeles,037,10098052,828515,741907,24679,766586,10046
2020-12-30,Madera,039,155013,11439,10249,486,10735,65
2020-12-30,Marin,041,260295,10143,9569,87,9656,148
2020-12-30,Mariposa,043,17540,271,214,2,216,3
2020-12-30,Mendocino,045,87422,2563,2291,22,2313,24
2020-12-30,Merced,047,269075,19890,18519,374,18893,225
2020-12-30,Modoc,049,8938,268,234,77,311,0
2020-12-30,Mono,051,14174,905,868,9,877,3
2020-12-30,Monterey,053,433212,29451,26977,758,27735,186
2020-12-30,Napa,055,140530,6267,5754,25,5779,28
2020-12-30,Nevada,057,99092,2875,2595,93,2688,15
2020-12-30,Orange,059,3164182,173849,153951,6968,160919,1863
2020-12-30,Placer,061,380077,15215,13540,653,14193,127
2020-12-30,Plumas,063,18699,486,397,9,406,1
2020-12-30,Riverside,065,2383286,198710,176402,9444,185846,1919
2020-12-30,Sacramento,067,1510023,68872,64119,677,64796,847
2020-12-30,San Benito,069,59416,3899,3464,33,3497,29
2020-12-30,San Bernardino,071,2135413,213706,192648,6075,198723,1591
2020-12-30,San Diego,073,3302833,172962,152510,7807,160317,1472
2020-12-30,San Francisco,075,870044,24718,23099,248,23347,182
2020-12-30,San Joaquin,077,732212,48441,44465,1783,46248,634
2020-12-30,San Luis Obispo,079,281455,12004,10542,277,10819,89
2020-12-30,San Mateo,081,765935,27063,24150,125,24275,190
2020-12-30,Santa Barbara,083,443738,19347,16895,556,17451,161
2020-12-30,Santa Clara,085,1922200,75230,67218,315,67533,661
2020-12-30,Santa Cruz,087,273765,10086,8787,396,9183,86
2020-12-30,Shasta,089,179085,8517,7818,765,8583,69
2020-12-30,Sierra,091,2930,34,25,8,33,0
2020-12-30,Siskiyou,093,43540,1050,913,123,1036,3
2020-12-30,Solano,095,438530,20546,18300,219,18519,96
2020-12-30,Sonoma,097,501317,20274,18947,115,19062,191
2020-12-30,Stanislaus,099,539301,36380,33730,3486,37216,526
2020-12-30,Sutter,101,95872,6738,6328,48,6376,51
2020-12-30,Tehama,103,63373,3225,2969,332,3301,9
2020-12-30,Trinity,105,12862,333,231,39,270,2
2020-12-30,Tulare,107,460477,35506,32413,4194,36607,430
2020-12-30,Tuolumne,109,53932,3008,2772,11,2783,12
2020-12-30,Ventura,111,848112,44250,39039,1804,40843,251
2020-12-30,Yolo,113,214977,9066,8067,74,8141,117
2020-12-30,Yuba,115,75493,4025,3612,41,3653,18
2020-12-29,Alameda,001,1643700,54594,50946,1031,51977,552
2020-12-29,Alpine,003,1148,70,65,0,65,0
2020-12-29,Amador,005,37829,2642,2388,19,2407,23
2020-12-29,Butte,007,227075,7953,7178,971,8149,98
2020-12-29,Calaveras,009,45235,1179,1111,2,1113,21
2020-12-29,Colusa,011,21464,1346,1272,89,1361,7
2020-12-29,Contra Costa,013,1133247,42381,39225,633,39858,325
2020-12-29,Del Norte,015,27424,760,724,0,724,2
2020-12-29,El Dorado,017,186661,6480,5551,334,5885,22
2020-12-29,Fresno,019,978130,70491,65149,4938,70087,688
2020-12-29,Glenn,021,27897,1616,1454,282,1736,9
2020-12-29,Humboldt,023,135768,1846,1616,7,1623,19
2020-12-29,Imperial,025,180216,23332,22105,1487,23592,407
2020-12-29,Inyo,027,18085,704,571,2,573,19
2020-12-29,Kern,029,883053,68292,63096,5451,68547,589
2020-12-29,Kings,031,150075,16720,15777,594,16371,108
2020-12-29,Lake,033,64148,1998,1805,0,1805,22
2020-12-29,Lassen,035,31185,4554,4288,54,4342,1
2020-12-29,Los Angeles,037,10098052,808391,731907,23774,755681,9786
2020-12-29,Madera,039,155013,11125,10251,470,10721,64
2020-12-29,Marin,041,260295,9991,9595,84,9679,146
2020-12-29,Mariposa,043,17540,263,212,2,214,3
2020-12-29,Mendocino,045,87422,2520,2249,21,2270,24
2020-12-29,Merced,047,269075,19540,18464,359,18823,221
2020-12-29,Modoc,049,8938,265,232,77,309,0
2020-12-29,Mono,051,14174,896,868,9,877,3
2020-12-29,Monterey,053,433212,28815,26894,730,27624,185
2020-12-29,Napa,055,140530,6147,5663,25,5688,28
2020-12-29,Nevada,057,99092,2827,2550,92,2642,15
2020-12-29,Orange,059,3164182,170060,154411,6794,161205,1839
2020-12-29,Placer,061,380077,14980,13392,630,14022,126
2020-12-29,Plumas,063,18699,477,395,9,404,1
2020-12-29,Riverside,065,2383286,194143,177624,9178,186802,1904
2020-12-29,Sacramento,067,1510023,67828,65078,662,65740,820
2020-12-29,San Benito,069,59416,3780,3474,32,3506,25
2020-12-29,San Bernardino,071,2135413,208887,190476,5934,196410,1557
2020-12-29,San Diego,073,3302833,168740,150062,7576,157638,1435
2020-12-29,San Francisco,075,870044,24380,22996,239,23235,178
2020-12-29,San Joaquin,077,732212,47526,44699,1725,46424,622
2020-12-29,San Luis Obispo,079,281455,11710,10387,269,10656,80
2020-12-29,San Mateo,081,765935,26520,23773,112,23885,189
2020-12-29,Santa Barbara,083,443738,18885,16797,530,17327,155
2020-12-29,Santa Clara,085,1922200,73684,67581,312,67893,621
2020-12-29,Santa Cruz,087,273765,9816,8492,387,8879,84
2020-12-29,Shasta,089,179085,8412,7782,750,8532,65
2020-12-29,Sierra,091,2930,32,24,7,31,0
2020-12-29,Siskiyou,093,43540,1035,926,121,1047,3
2020-12-29,Solano,095,438530,20165,18412,214,18626,96
2020-12-29,Sonoma,097,501317,19937,18790,113,18903,187
2020-12-29,Stanislaus,099,539301,35882,33775,3421,37196,508
2020-12-29,Sutter,101,95872,6670,6302,48,6350,50
2020-12-29,Tehama,103,63373,3158,2962,317,3279,9
2020-12-29,Trinity,105,12862,333,241,39,280,2
2020-12-29,Tulare,107,460477,34848,32545,4061,36606,419
2020-12-29,Tuolumne,109,53932,2966,2797,11,2808,12
2020-12-29,Ventura,111,848112,42998,38669,1776,40445,235
2020-12-29,Yolo,113,214977,8937,8124,72,8196,111
2020-12-29,Yuba,115,75493,3945,3723,41,3764,18
2020-12-28,Alameda,001,1643700,53558,50405,1009,51414,551
2020-12-28,Alpine,003,1148,69,65,0,65,0
2020-12-28,Amador,005,37829,2572,2255,19,2274,23
2020-12-28,Butte,007,227075,7786,7053,941,7994,86
2020-12-28,Calaveras,009,45235,1157,1102,2,1104,21
2020-12-28,Colusa,011,21464,1322,1255,74,1329,7
2020-12-28,Contra Costa,013,1133247,41450,38872,606,39478,324
2020-12-28,Del Norte,015,27424,750,718,0,718,2
2020-12-28,El Dorado,017,186661,6323,5441,322,5763,18
2020-12-28,Fresno,019,978130,69225,64274,4781,69055,679
2020-12-28,Glenn,021,27897,1582,1435,270,1705,9
2020-12-28,Humboldt,023,135768,1811,1579,7,1586,19
2020-12-28,Imperial,025,180216,23071,22003,1410,23413,405
2020-12-28,Inyo,027,18085,697,569,2,571,19
2020-12-28,Kern,029,883053,67230,62392,5243,67635,579
2020-12-28,Kings,031,150075,16504,15733,576,16309,108
2020-12-28,Lake,033,64148,1956,1785,0,1785,22
2020-12-28,Lassen,035,31185,4447,4284,53,4337,1
2020-12-28,Los Angeles,037,10098052,786120,720699,22923,743622,9544
2020-12-28,Madera,039,155013,10951,10123,447,10570,64
2020-12-28,Marin,041,260295,9882,9546,77,9623,145
2020-12-28,Mariposa,043,17540,239,211,2,213,3
2020-12-28,Mendocino,045,87422,2485,2214,21,2235,23
2020-12-28,Merced,047,269075,19219,18245,341,18586,213
2020-12-28,Modoc,049,8938,260,220,76,296,0
2020-12-28,Mono,051,14174,892,848,9,857,3
2020-12-28,Monterey,053,433212,27982,26529,717,27246,182
2020-12-28,Napa,055,140530,6038,5576,25,5601,26
2020-12-28,Nevada,057,99092,2780,2532,87,2619,15
2020-12-28,Orange,059,3164182,165959,152089,6611,158700,1839
2020-12-28,Placer,061,380077,14638,13234,602,13836,126
2020-12-28,Plumas,063,18699,473,391,9,400,0
2020-12-28,Riverside,065,2383286,189286,174029,8869,182898,1855
2020-12-28,Sacramento,067,1510023,66597,64322,637,64959,813
2020-12-28,San Benito,069,59416,3709,3429,31,3460,24
2020-12-28,San Bernardino,071,2135413,203799,188919,5812,194731,1552
2020-12-28,San Diego,073,3302833,164002,147528,7392,154920,1404
2020-12-28,San Francisco,075,870044,24019,22726,233,22959,178
2020-12-28,San Joaquin,077,732212,46591,44172,1693,45865,618
2020-12-28,San Luis Obispo,079,281455,11360,10260,264,10524,76
2020-12-28,San Mateo,081,765935,26047,23467,109,23576,189
2020-12-28,Santa Barbara,083,443738,18427,16579,516,17095,155
2020-12-28,Santa Clara,085,1922200,72196,66418,305,66723,619
2020-12-28,Santa Cruz,087,273765,9548,8310,377,8687,81
2020-12-28,Shasta,089,179085,8293,7688,737,8425,65
2020-12-28,Sierra,091,2930,29,24,7,31,0
2020-12-28,Siskiyou,093,43540,1020,915,115,1030,3
2020-12-28,Solano,095,438530,19591,18171,208,18379,96
2020-12-28,Sonoma,097,501317,19591,18667,111,18778,185
2020-12-28,Stanislaus,099,539301,35336,33473,3355,36828,507
2020-12-28,Sutter,101,95872,6587,6253,48,6301,49
2020-12-28,Tehama,103,63373,3105,2934,308,3242,9
2020-12-28,Trinity,105,12862,331,240,39,279,2
2020-12-28,Tulare,107,460477,34166,32010,3949,35959,404
2020-12-28,Tuolumne,109,53932,2950,2777,11,2788,12
2020-12-28,Ventura,111,848112,41331,37151,1726,38877,230
2020-12-28,Yolo,113,214977,8782,8031,71,8102,111
2020-12-28,Yuba,115,75493,3882,3679,40,3719,18
2020-12-27,Alameda,001,1643700,52322,49764,980,50744,551
2020-12-27,Alpine,003,1148,67,65,0,65,0
2020-12-27,Amador,005,37829,2451,2218,19,2237,23
2020-12-27,Butte,007,227075,7632,7016,904,7920,86
2020-12-27,Calaveras,009,45235,1111,1097,2,1099,21
2020-12-27,Colusa,011,21464,1297,1253,71,1324,7
2020-12-27,Contra Costa,013,1133247,40529,38428,576,39004,324
2020-12-27,Del Norte,015,27424,727,712,0,712,2
2020-12-27,El Dorado,017,186661,6110,5388,296,5684,18
2020-12-27,Fresno,019,978130,67983,63811,4565,68376,679
2020-12-27,Glenn,021,27897,1556,1434,255,1689,9
2020-12-27,Humboldt,023,135768,1768,1575,7,1582,17
2020-12-27,Imperial,025,180216,22787,21934,1291,23225,405
2020-12-27,Inyo,027,18085,675,565,2,567,18
2020-12-27,Kern,029,883053,65959,61914,5071,66985,568
2020-12-27,Kings,031,150075,16268,15593,540,16133,108
2020-12-27,Lake,033,64148,1902,1769,0,1769,22
2020-12-27,Lassen,035,31185,4370,4230,46,4276,1
2020-12-27,Los Angeles,037,10098052,764717,707260,21980,729240,9476
2020-12-27,Madera,039,155013,10693,10005,437,10442,64
2020-12-27,Marin,041,260295,9760,9477,71,9548,144
2020-12-27,Mariposa,043,17540,232,208,2,210,3
2020-12-27,Mendocino,045,87422,2437,2209,21,2230,23
2020-12-27,Merced,047,269075,18851,18075,325,18400,213
2020-12-27,Modoc,049,8938,251,221,72,293,0
2020-12-27,Mono,051,14174,873,849,9,858,3
2020-12-27,Monterey,053,433212,27441,26322,700,27022,181
2020-12-27,Napa,055,140530,5903,5496,25,5521,26
2020-12-27,Nevada,057,99092,2744,2519,87,2606,15
2020-12-27,Orange,059,3164182,161572,149276,6416,155692,1839
2020-12-27,Placer,061,380077,14347,13017,569,13586,126
2020-12-27,Plumas,063,18699,467,390,9,399,0
2020-12-27,Riverside,065,2383286,184419,171995,8551,180546,1836
2020-12-27,Sacramento,067,1510023,65396,63416,611,64027,811
2020-12-27,San Benito,069,59416,3623,3394,31,3425,24
2020-12-27,San Bernardino,071,2135413,198742,186776,5665,192441,1551
2020-12-27,San Diego,073,3302833,159597,145777,7205,152982,1402
2020-12-27,San Francisco,075,870044,23670,22514,224,22738,178
2020-12-27,San Joaquin,077,732212,45554,43529,1640,45169,618
2020-12-27,San Luis Obispo,079,281455,10953,10154,259,10413,76
2020-12-27,San Mateo,081,765935,25481,23136,105,23241,187
2020-12-27,Santa Barbara,083,443738,17909,16364,487,16851,155
2020-12-27,Santa Clara,085,1922200,70576,65288,299,65587,619
2020-12-27,Santa Cruz,087,273765,9280,8234,368,8602,81
2020-12-27,Shasta,089,179085,8170,7671,713,8384,65
2020-12-27,Sierra,091,2930,29,24,6,30,0
2020-12-27,Siskiyou,093,43540,1009,914,110,1024,3
2020-12-27,Solano,095,438530,19098,17840,202,18042,96
2020-12-27,Sonoma,097,501317,19301,18487,110,18597,185
2020-12-27,Stanislaus,099,539301,34736,33076,3259,36335,506
2020-12-27,Sutter,101,95872,6505,6218,46,6264,48
2020-12-27,Tehama,103,63373,3034,2922,291,3213,9
2020-12-27,Trinity,105,12862,327,240,37,277,2
2020-12-27,Tulare,107,460477,33572,31864,3827,35691,400
2020-12-27,Tuolumne,109,53932,2843,2750,9,2759,12
2020-12-27,Ventura,111,848112,40271,36661,1671,38332,230
2020-12-27,Yolo,113,214977,8591,7919,65,7984,111
2020-12-27,Yuba,115,75493,3819,3665,38,3703,18
2020-12-26,Alameda,001,1643700,51714,49084,967,50051,551
2020-12-26,Alpine,003,1148,67,65,0,65,0
2020-12-26,Amador,005,37829,2437,2189,19,2208,23
2020-12-26,Butte,007,227075,7537,6968,882,7850,86
2020-12-26,Calaveras,009,45235,1105,1084,2,1086,21
2020-12-26,Colusa,011,21464,1287,1240,71,1311,7
2020-12-26,Contra Costa,013,1133247,40067,38008,562,38570,324
2020-12-26,Del Norte,015,27424,721,709,0,709,2
2020-12-26,El Dorado,017,186661,6055,5279,292,5571,18
2020-12-26,Fresno,019,978130,67516,63080,4500,67580,679
2020-12-26,Glenn,021,27897,1535,1413,249,1662,9
2020-12-26,Humboldt,023,135768,1730,1545,7,1552,17
2020-12-26,Imperial,025,180216,22698,21734,1238,22972,405
2020-12-26,Inyo,027,18085,662,554,2,556,18
2020-12-26,Kern,029,883053,65296,61174,4911,66085,564
2020-12-26,Kings,031,150075,16150,15517,535,16052,108
2020-12-26,Lake,033,64148,1859,1710,0,1710,22
2020-12-26,Lassen,035,31185,4349,3981,46,4027,1
2020-12-26,Los Angeles,037,10098052,756214,694149,21441,715590,9424
2020-12-26,Madera,039,155013,10619,9908,423,10331,64
2020-12-26,Marin,041,260295,9725,9413,70,9483,143
2020-12-26,Mariposa,043,17540,231,206,2,208,3
2020-12-26,Mendocino,045,87422,2391,2194,21,2215,23
2020-12-26,Merced,047,269075,18693,17890,320,18210,213
2020-12-26,Modoc,049,8938,248,222,72,294,0
2020-12-26,Mono,051,14174,867,850,9,859,3
2020-12-26,Monterey,053,433212,27308,26010,691,26701,182
2020-12-26,Napa,055,140530,5845,5427,25,5452,26
2020-12-26,Nevada,057,99092,2716,2480,87,2567,15
2020-12-26,Orange,059,3164182,159379,147304,6319,153623,1838
2020-12-26,Placer,061,380077,14186,12816,553,13369,122
2020-12-26,Plumas,063,18699,464,381,9,390,0
2020-12-26,Riverside,065,2383286,181949,169360,8385,177745,1834
2020-12-26,Sacramento,067,1510023,64773,62435,601,63036,807
2020-12-26,San Benito,069,59416,3550,3330,31,3361,24
2020-12-26,San Bernardino,071,2135413,197102,185111,5577,190688,1551
2020-12-26,San Diego,073,3302833,157075,142644,7057,149701,1402
2020-12-26,San Francisco,075,870044,23436,22319,223,22542,177
2020-12-26,San Joaquin,077,732212,45168,42887,1591,44478,618
2020-12-26,San Luis Obispo,079,281455,10867,9945,253,10198,76
2020-12-26,San Mateo,081,765935,25143,22908,99,23007,187
2020-12-26,Santa Barbara,083,443738,17672,16159,481,16640,155
2020-12-26,Santa Clara,085,1922200,69514,64185,296,64481,618
2020-12-26,Santa Cruz,087,273765,9156,8113,358,8471,81
2020-12-26,Shasta,089,179085,8111,7641,700,8341,65
2020-12-26,Sierra,091,2930,29,24,6,30,0
2020-12-26,Siskiyou,093,43540,1003,909,105,1014,2
2020-12-26,Solano,095,438530,18858,17528,202,17730,96
2020-12-26,Sonoma,097,501317,19101,18261,108,18369,184
2020-12-26,Stanislaus,099,539301,34446,32678,3208,35886,505
2020-12-26,Sutter,101,95872,6446,6121,46,6167,48
2020-12-26,Tehama,103,63373,3007,2884,286,3170,9
2020-12-26,Trinity,105,12862,326,237,36,273,2
2020-12-26,Tulare,107,460477,33275,31665,3773,35438,398
2020-12-26,Tuolumne,109,53932,2832,2703,9,2712,12
2020-12-26,Ventura,111,848112,39309,36064,1636,37700,230
2020-12-26,Yolo,113,214977,8490,7785,62,7847,111
2020-12-26,Yuba,115,75493,3791,3599,38,3637,18
2020-12-25,Alameda,001,1643700,51154,48365,952,49317,542
2020-12-25,Alpine,003,1148,67,64,0,64,0
2020-12-25,Amador,005,37829,2394,2172,19,2191,23
2020-12-25,Butte,007,227075,7440,6873,861,7734,85
2020-12-25,Calaveras,009,45235,1102,1062,2,1064,21
2020-12-25,Colusa,011,21464,1275,1219,70,1289,7
2020-12-25,Contra Costa,013,1133247,39596,37480,535,38015,324
2020-12-25,Del Norte,015,27424,718,692,0,692,2
2020-12-25,El Dorado,017,186661,5990,5170,278,5448,16
2020-12-25,Fresno,019,978130,66658,62251,4412,66663,679
2020-12-25,Glenn,021,27897,1520,1390,241,1631,9
2020-12-25,Humboldt,023,135768,1692,1532,7,1539,16
2020-12-25,Imperial,025,180216,22608,21646,1226,22872,405
2020-12-25,Inyo,027,18085,653,546,2,548,18
2020-12-25,Kern,029,883053,64573,60417,4759,65176,562
2020-12-25,Kings,031,150075,16040,15460,530,15990,108
2020-12-25,Lake,033,64148,1839,1669,0,1669,20
2020-12-25,Lassen,035,31185,4334,3926,46,3972,1
2020-12-25,Los Angeles,037,10098052,742607,665600,20731,686331,9292
2020-12-25,Madera,039,155013,10449,9770,415,10185,64
2020-12-25,Marin,041,260295,9675,9375,67,9442,143
2020-12-25,Mariposa,043,17540,225,203,2,205,3
2020-12-25,Mendocino,045,87422,2349,2176,21,2197,23
2020-12-25,Merced,047,269075,18533,17726,313,18039,213
2020-12-25,Modoc,049,8938,247,221,72,293,0
2020-12-25,Mono,051,14174,865,843,9,852,3
2020-12-25,Monterey,053,433212,27037,25788,682,26470,182
2020-12-25,Napa,055,140530,5765,5351,25,5376,26
2020-12-25,Nevada,057,99092,2690,2458,85,2543,15
2020-12-25,Orange,059,3164182,156701,144542,6120,150662,1814
2020-12-25,Placer,061,380077,14012,12660,530,13190,122
2020-12-25,Plumas,063,18699,457,381,9,390,0
2020-12-25,Riverside,065,2383286,178676,166690,8058,174748,1825
2020-12-25,Sacramento,067,1510023,64081,61630,574,62204,796
2020-12-25,San Benito,069,59416,3512,3281,29,3310,24
2020-12-25,San Bernardino,071,2135413,194465,181812,5456,187268,1546
2020-12-25,San Diego,073,3302833,154595,139958,6880,146838,1402
2020-12-25,San Francisco,075,870044,23160,22130,218,22348,175
2020-12-25,San Joaquin,077,732212,44864,42089,1533,43622,614
2020-12-25,San Luis Obispo,079,281455,10684,9749,246,9995,76
2020-12-25,San Mateo,081,765935,24820,22568,96,22664,187
2020-12-25,Santa Barbara,083,443738,17448,15936,473,16409,155
2020-12-25,Santa Clara,085,1922200,68399,63173,287,63460,612
2020-12-25,Santa Cruz,087,273765,9015,8018,334,8352,81
2020-12-25,Shasta,089,179085,8038,7612,677,8289,65
2020-12-25,Sierra,091,2930,29,24,5,29,0
2020-12-25,Siskiyou,093,43540,997,905,102,1007,2
2020-12-25,Solano,095,438530,18688,17280,200,17480,96
2020-12-25,Sonoma,097,501317,18924,18035,106,18141,184
2020-12-25,Stanislaus,099,539301,34155,32290,3159,35449,498
2020-12-25,Sutter,101,95872,6387,6051,45,6096,47
2020-12-25,Tehama,103,63373,2962,2839,272,3111,9
2020-12-25,Trinity,105,12862,323,236,36,272,2
2020-12-25,Tulare,107,460477,32892,31323,3705,35028,398
2020-12-25,Tuolumne,109,53932,2813,2674,9,2683,12
2020-12-25,Ventura,111,848112,38155,35514,1585,37099,230
2020-12-25,Yolo,113,214977,8392,7700,60,7760,111
2020-12-25,Yuba,115,75493,3756,3549,37,3586,17
2020-12-24,Alameda,001,1643700,50820,47527,931,48458,541
2020-12-24,Alpine,003,1148,67,64,0,64,0
2020-12-24,Amador,005,37829,2382,2145,19,2164,23
2020-12-24,Butte,007,227075,7402,6716,846,7562,84
2020-12-24,Calaveras,009,45235,1099,1032,2,1034,21
2020-12-24,Colusa,011,21464,1270,1188,69,1257,7
2020-12-24,Contra Costa,013,1133247,39352,36623,523,37146,311
2020-12-24,Del Norte,015,27424,718,678,0,678,2
2020-12-24,El Dorado,017,186661,5964,5042,270,5312,16
2020-12-24,Fresno,019,978130,66435,61435,4398,65833,663
2020-12-24,Glenn,021,27897,1509,1363,233,1596,9
2020-12-24,Humboldt,023,135768,1669,1516,7,1523,16
2020-12-24,Imperial,025,180216,22559,21545,1217,22762,402
2020-12-24,Inyo,027,18085,651,532,2,534,17
2020-12-24,Kern,029,883053,64286,59601,4746,64347,556
2020-12-24,Kings,031,150075,16000,15211,529,15740,108
2020-12-24,Lake,033,64148,1824,1629,0,1629,20
2020-12-24,Lassen,035,31185,4321,3894,46,3940,1
2020-12-24,Los Angeles,037,10098052,738462,664840,20461,685301,9288
2020-12-24,Madera,039,155013,10411,9547,408,9955,63
2020-12-24,Marin,041,260295,9642,9287,67,9354,143
2020-12-24,Mariposa,043,17540,221,197,2,199,3
2020-12-24,Mendocino,045,87422,2339,2150,21,2171,23
2020-12-24,Merced,047,269075,18462,17485,309,17794,212
2020-12-24,Modoc,049,8938,247,220,71,291,0
2020-12-24,Mono,051,14174,863,817,9,826,3
2020-12-24,Monterey,053,433212,26932,25131,675,25806,180
2020-12-24,Napa,055,140530,5711,5265,25,5290,26
2020-12-24,Nevada,057,99092,2666,2429,85,2514,15
2020-12-24,Orange,059,3164182,155224,141205,6068,147273,1775
2020-12-24,Placer,061,380077,13940,12457,523,12980,121
2020-12-24,Plumas,063,18699,454,376,9,385,0
2020-12-24,Riverside,065,2383286,177753,162435,8019,170454,1816
2020-12-24,Sacramento,067,1510023,63807,60596,572,61168,788
2020-12-24,San Benito,069,59416,3482,3183,29,3212,24
2020-12-24,San Bernardino,071,2135413,193457,176866,5422,182288,1533
2020-12-24,San Diego,073,3302833,153513,136952,6848,143800,1382
2020-12-24,San Francisco,075,870044,22993,21830,215,22045,175
2020-12-24,San Joaquin,077,732212,44704,41324,1514,42838,611
2020-12-24,San Luis Obispo,079,281455,10616,9504,244,9748,77
2020-12-24,San Mateo,081,765935,24623,22093,96,22189,186
2020-12-24,Santa Barbara,083,443738,17344,15644,465,16109,153
2020-12-24,Santa Clara,085,1922200,67797,61742,280,62022,591
2020-12-24,Santa Cruz,087,273765,8944,7856,322,8178,82
2020-12-24,Shasta,089,179085,7998,7540,659,8199,65
2020-12-24,Sierra,091,2930,27,23,2,25,0
2020-12-24,Siskiyou,093,43540,993,900,95,995,2
2020-12-24,Solano,095,438530,18547,16872,195,17067,96
2020-12-24,Sonoma,097,501317,18826,17710,106,17816,183
2020-12-24,Stanislaus,099,539301,33961,31848,3134,34982,498
2020-12-24,Sutter,101,95872,6346,5960,44,6004,47
2020-12-24,Tehama,103,63373,2946,2779,271,3050,9
2020-12-24,Trinity,105,12862,322,235,36,271,2
2020-12-24,Tulare,107,460477,32777,30827,3678,34505,390
2020-12-24,Tuolumne,109,53932,2805,2653,9,2662,12
2020-12-24,Ventura,111,848112,37877,34400,1578,35978,224
2020-12-24,Yolo,113,214977,8351,7566,60,7626,113
2020-12-24,Yuba,115,75493,3731,3483,37,3520,16
2020-12-23,Alameda,001,1643700,50254,46753,903,47656,537
2020-12-23,Alpine,003,1148,67,64,0,64,0
2020-12-23,Amador,005,37829,2314,2108,18,2126,23
2020-12-23,Butte,007,227075,7316,6588,818,7406,84
2020-12-23,Calaveras,009,45235,1091,1002,1,1003,21
2020-12-23,Colusa,011,21464,1259,1167,69,1236,7
2020-12-23,Contra Costa,013,1133247,38954,36190,509,36699,311
2020-12-23,Del Norte,015,27424,711,670,0,670,2
2020-12-23,El Dorado,017,186661,5890,4967,261,5228,14
2020-12-23,Fresno,019,978130,65829,60488,4330,64818,654
2020-12-23,Glenn,021,27897,1495,1349,229,1578,9
2020-12-23,Humboldt,023,135768,1644,1458,7,1465,16
2020-12-23,Imperial,025,180216,22465,21323,1187,22510,399
2020-12-23,Inyo,027,18085,639,517,2,519,17
2020-12-23,Kern,029,883053,63773,58656,4647,63303,549
2020-12-23,Kings,031,150075,15922,14923,526,15449,105
2020-12-23,Lake,033,64148,1810,1595,0,1595,20
2020-12-23,Lassen,035,31185,4311,3865,43,3908,1
2020-12-23,Los Angeles,037,10098052,729479,651958,19889,671847,9146
2020-12-23,Madera,039,155013,10254,9371,394,9765,63
2020-12-23,Marin,041,260295,9584,9199,64,9263,142
2020-12-23,Mariposa,043,17540,219,194,2,196,3
2020-12-23,Mendocino,045,87422,2327,2121,21,2142,23
2020-12-23,Merced,047,269075,18306,17250,302,17552,203
2020-12-23,Modoc,049,8938,243,197,70,267,0
2020-12-23,Mono,051,14174,861,814,9,823,3
2020-12-23,Monterey,053,433212,26634,24856,669,25525,176
2020-12-23,Napa,055,140530,5643,5172,25,5197,25
2020-12-23,Nevada,057,99092,2621,2406,84,2490,15
2020-12-23,Orange,059,3164182,152780,138050,5896,143946,1771
2020-12-23,Placer,061,380077,13739,12213,515,12728,111
2020-12-23,Plumas,063,18699,447,369,9,378,0
2020-12-23,Riverside,065,2383286,175505,158110,7851,165961,1790
2020-12-23,Sacramento,067,1510023,63160,59661,557,60218,779
2020-12-23,San Benito,069,59416,3427,3073,27,3100,24
2020-12-23,San Bernardino,071,2135413,191427,172888,5353,178241,1509
2020-12-23,San Diego,073,3302833,151091,134695,6711,141406,1350
2020-12-23,San Francisco,075,870044,22770,21498,212,21710,174
2020-12-23,San Joaquin,077,732212,44180,35664,1472,37136,602
2020-12-23,San Luis Obispo,079,281455,10475,9267,238,9505,74
2020-12-23,San Mateo,081,765935,24320,21780,94,21874,186
2020-12-23,Santa Barbara,083,443738,17137,15399,435,15834,152
2020-12-23,Santa Clara,085,1922200,66891,60455,275,60730,579
2020-12-23,Santa Cruz,087,273765,8784,7637,304,7941,75
2020-12-23,Shasta,089,179085,7925,7487,652,8139,66
2020-12-23,Sierra,091,2930,27,23,0,23,0
2020-12-23,Siskiyou,093,43540,973,891,92,983,2
2020-12-23,Solano,095,438530,18340,16626,190,16816,95
2020-12-23,Sonoma,097,501317,18622,17397,106,17503,182
2020-12-23,Stanislaus,099,539301,33618,31492,3078,34570,499
2020-12-23,Sutter,101,95872,6280,5871,44,5915,46
2020-12-23,Tehama,103,63373,2926,2737,267,3004,9
2020-12-23,Trinity,105,12862,322,234,36,270,2
2020-12-23,Tulare,107,460477,32483,30315,3636,33951,385
2020-12-23,Tuolumne,109,53932,2765,2540,9,2549,12
2020-12-23,Ventura,111,848112,37488,33377,1544,34921,216
2020-12-23,Yolo,113,214977,8273,7508,58,7566,112
2020-12-23,Yuba,115,75493,3680,3438,36,3474,14
2020-12-22,Alameda,001,1643700,49368,45751,870,46621,534
2020-12-22,Alpine,003,1148,67,64,0,64,0
2020-12-22,Amador,005,37829,2303,1839,18,1857,23
2020-12-22,Butte,007,227075,7189,6467,801,7268,85
2020-12-22,Calaveras,009,45235,1064,988,0,988,21
2020-12-22,Colusa,011,21464,1236,1150,65,1215,7
2020-12-22,Contra Costa,013,1133247,38331,35681,496,36177,301
2020-12-22,Del Norte,015,27424,705,666,0,666,2
2020-12-22,El Dorado,017,186661,5769,4885,247,5132,12
2020-12-22,Fresno,019,978130,64802,59640,4217,63857,640
2020-12-22,Glenn,021,27897,1472,1337,218,1555,9
2020-12-22,Humboldt,023,135768,1610,1440,7,1447,16
2020-12-22,Imperial,025,180216,22277,21128,1143,22271,398
2020-12-22,Inyo,027,18085,618,506,2,508,17
2020-12-22,Kern,029,883053,62828,57816,4502,62318,547
2020-12-22,Kings,031,150075,15783,14855,519,15374,102
2020-12-22,Lake,033,64148,1786,1569,0,1569,20
2020-12-22,Lassen,035,31185,4169,3848,41,3889,1
2020-12-22,Los Angeles,037,10098052,712295,635931,19159,655090,9013
2020-12-22,Madera,039,155013,10136,9187,378,9565,63
2020-12-22,Marin,041,260295,9521,9115,63,9178,142
2020-12-22,Mariposa,043,17540,216,194,2,196,3
2020-12-22,Mendocino,045,87422,2294,2092,21,2113,23
2020-12-22,Merced,047,269075,18061,17012,298,17310,201
2020-12-22,Modoc,049,8938,235,182,69,251,0
2020-12-22,Mono,051,14174,851,786,9,795,3
2020-12-22,Monterey,053,433212,25971,24152,648,24800,176
2020-12-22,Napa,055,140530,5556,5059,25,5084,23
2020-12-22,Nevada,057,99092,2594,2367,83,2450,14
2020-12-22,Orange,059,3164182,149444,134850,5720,140570,1774
2020-12-22,Placer,061,380077,13510,11943,494,12437,105
2020-12-22,Plumas,063,18699,441,360,9,369,0
2020-12-22,Riverside,065,2383286,171713,155059,7569,162628,1777
2020-12-22,Sacramento,067,1510023,62233,57966,537,58503,772
2020-12-22,San Benito,069,59416,3350,2998,27,3025,24
2020-12-22,San Bernardino,071,2135413,186864,169266,5199,174465,1500
2020-12-22,San Diego,073,3302833,147738,132097,6550,138647,1311
2020-12-22,San Francisco,075,870044,22501,21232,208,21440,174
2020-12-22,San Joaquin,077,732212,43427,39423,1424,40847,592
2020-12-22,San Luis Obispo,079,281455,10131,9174,233,9407,69
2020-12-22,San Mateo,081,765935,23992,21382,78,21460,186
2020-12-22,Santa Barbara,083,443738,16876,15189,425,15614,150
2020-12-22,Santa Clara,085,1922200,65726,59192,268,59460,569
2020-12-22,Santa Cruz,087,273765,8606,7471,277,7748,72
2020-12-22,Shasta,089,179085,7846,7371,635,8006,64
2020-12-22,Sierra,091,2930,27,23,0,23,0
2020-12-22,Siskiyou,093,43540,968,880,89,969,2
2020-12-22,Solano,095,438530,17936,16229,187,16416,95
2020-12-22,Sonoma,097,501317,18304,17216,106,17322,180
2020-12-22,Stanislaus,099,539301,33241,30914,3003,33917,499
2020-12-22,Sutter,101,95872,6219,5791,43,5834,46
2020-12-22,Tehama,103,63373,2879,2688,259,2947,9
2020-12-22,Trinity,105,12862,322,231,36,267,2
2020-12-22,Tulare,107,460477,32021,30025,3564,33589,377
2020-12-22,Tuolumne,109,53932,2710,2526,9,2535,12
2020-12-22,Ventura,111,848112,36727,32488,1497,33985,213
2020-12-22,Yolo,113,214977,8160,7388,57,7445,113
2020-12-22,Yuba,115,75493,3630,3379,36,3415,14
2020-12-21,Alameda,001,1643700,48469,44756,842,45598,518
2020-12-21,Alpine,003,1148,66,64,0,64,0
2020-12-21,Amador,005,37829,2226,1815,18,1833,23
2020-12-21,Butte,007,227075,7034,6335,777,7112,81
2020-12-21,Calaveras,009,45235,1034,963,0,963,21
2020-12-21,Colusa,011,21464,1209,1135,60,1195,7
2020-12-21,Contra Costa,013,1133247,37584,35207,459,35666,300
2020-12-21,Del Norte,015,27424,694,660,0,660,2
2020-12-21,El Dorado,017,186661,5623,4805,233,5038,10
2020-12-21,Fresno,019,978130,63656,58568,4065,62633,634
2020-12-21,Glenn,021,27897,1440,1323,210,1533,9
2020-12-21,Humboldt,023,135768,1586,1419,7,1426,16
2020-12-21,Imperial,025,180216,22008,20994,1099,22093,395
2020-12-21,Inyo,027,18085,597,482,2,484,17
2020-12-21,Kern,029,883053,61939,56836,4362,61198,541
2020-12-21,Kings,031,150075,15534,14760,503,15263,100
2020-12-21,Lake,033,64148,1732,1538,0,1538,20
2020-12-21,Lassen,035,31185,4009,3798,39,3837,1
2020-12-21,Los Angeles,037,10098052,693295,624129,18440,642569,8918
2020-12-21,Madera,039,155013,9942,9069,358,9427,63
2020-12-21,Marin,041,260295,9451,9035,63,9098,142
2020-12-21,Mariposa,043,17540,211,186,2,188,3
2020-12-21,Mendocino,045,87422,2264,2066,20,2086,23
2020-12-21,Merced,047,269075,17814,16710,281,16991,198
2020-12-21,Modoc,049,8938,221,181,68,249,0
2020-12-21,Mono,051,14174,839,781,9,790,3
2020-12-21,Monterey,053,433212,25439,23673,634,24307,174
2020-12-21,Napa,055,140530,5468,4952,25,4977,23
2020-12-21,Nevada,057,99092,2561,2337,83,2420,13
2020-12-21,Orange,059,3164182,146043,130444,5561,136005,1772
2020-12-21,Placer,061,380077,13284,11715,474,12189,105
2020-12-21,Plumas,063,18699,437,353,9,362,0
2020-12-21,Riverside,065,2383286,167512,151713,7225,158938,1743
2020-12-21,Sacramento,067,1510023,61212,57064,520,57584,759
2020-12-21,San Benito,069,59416,3281,2921,27,2948,22
2020-12-21,San Bernardino,071,2135413,182095,165086,5026,170112,1476
2020-12-21,San Diego,073,3302833,144291,129716,6385,136101,1284
2020-12-21,San Francisco,075,870044,22219,21086,204,21290,174
2020-12-21,San Joaquin,077,732212,42632,38811,1371,40182,586
2020-12-21,San Luis Obispo,079,281455,9943,9006,228,9234,64
2020-12-21,San Mateo,081,765935,23587,21035,74,21109,185
2020-12-21,Santa Barbara,083,443738,16605,14988,420,15408,149
2020-12-21,Santa Clara,085,1922200,64534,57699,256,57955,570
2020-12-21,Santa Cruz,087,273765,8393,7315,263,7578,69
2020-12-21,Shasta,089,179085,7781,7299,625,7924,64
2020-12-21,Sierra,091,2930,24,23,0,23,0
2020-12-21,Siskiyou,093,43540,960,878,88,966,2
2020-12-21,Solano,095,438530,17465,15878,182,16060,95
2020-12-21,Sonoma,097,501317,18029,17075,102,17177,176
2020-12-21,Stanislaus,099,539301,32785,30437,2928,33365,499
2020-12-21,Sutter,101,95872,6123,5708,43,5751,46
2020-12-21,Tehama,103,63373,2812,2656,251,2907,9
2020-12-21,Trinity,105,12862,320,226,35,261,2
2020-12-21,Tulare,107,460477,31534,29482,3470,32952,373
2020-12-21,Tuolumne,109,53932,2685,2423,7,2430,12
2020-12-21,Ventura,111,848112,35646,31759,1460,33219,212
2020-12-21,Yolo,113,214977,8014,7266,53,7319,109
2020-12-21,Yuba,115,75493,3571,3329,36,3365,14
2020-12-20,Alameda,001,1643700,47586,44004,819,44823,516
2020-12-20,Alpine,003,1148,66,64,0,64,0
2020-12-20,Amador,005,37829,2168,1771,17,1788,23
2020-12-20,Butte,007,227075,6889,6228,740,6968,81
2020-12-20,Calaveras,009,45235,1010,926,0,926,21
2020-12-20,Colusa,011,21464,1182,1121,52,1173,7
2020-12-20,Contra Costa,013,1133247,36998,34798,440,35238,301
2020-12-20,Del Norte,015,27424,672,652,0,652,2
2020-12-20,El Dorado,017,186661,5496,4697,224,4921,10
2020-12-20,Fresno,019,978130,62674,57616,3922,61538,634
2020-12-20,Glenn,021,27897,1431,1295,203,1498,9
2020-12-20,Humboldt,023,135768,1549,1386,6,1392,15
2020-12-20,Imperial,025,180216,21766,20882,992,21874,395
2020-12-20,Inyo,027,18085,583,476,2,478,17
2020-12-20,Kern,029,883053,60842,55983,4203,60186,540
2020-12-20,Kings,031,150075,15316,14629,483,15112,100
2020-12-20,Lake,033,64148,1686,1463,0,1463,20
2020-12-20,Lassen,035,31185,3955,3669,37,3706,1
2020-12-20,Los Angeles,037,10098052,675298,612975,17661,630636,8862
2020-12-20,Madera,039,155013,9732,8871,349,9220,63
2020-12-20,Marin,041,260295,9354,8948,59,9007,142
2020-12-20,Mariposa,043,17540,210,179,2,181,3
2020-12-20,Mendocino,045,87422,2239,2033,20,2053,23
2020-12-20,Merced,047,269075,17497,16435,274,16709,198
2020-12-20,Modoc,049,8938,221,181,66,247,0
2020-12-20,Mono,051,14174,818,774,9,783,3
2020-12-20,Monterey,053,433212,24965,23250,590,23840,173
2020-12-20,Napa,055,140530,5346,4865,23,4888,23
2020-12-20,Nevada,057,99092,2515,2289,77,2366,13
2020-12-20,Orange,059,3164182,142555,128780,5408,134188,1763
2020-12-20,Placer,061,380077,13056,11496,455,11951,105
2020-12-20,Plumas,063,18699,429,347,9,356,0
2020-12-20,Riverside,065,2383286,163322,148714,6924,155638,1742
2020-12-20,Sacramento,067,1510023,60214,56017,500,56517,755
2020-12-20,San Benito,069,59416,3209,2885,26,2911,21
2020-12-20,San Bernardino,071,2135413,177136,162810,4863,167673,1458
2020-12-20,San Diego,073,3302833,140578,126465,6215,132680,1280
2020-12-20,San Francisco,075,870044,21904,20937,200,21137,174
2020-12-20,San Joaquin,077,732212,41796,38268,1306,39574,587
2020-12-20,San Luis Obispo,079,281455,9650,8881,221,9102,63
2020-12-20,San Mateo,081,765935,23151,20764,70,20834,185
2020-12-20,Santa Barbara,083,443738,16290,14817,399,15216,148
2020-12-20,Santa Clara,085,1922200,63133,56860,250,57110,566
2020-12-20,Santa Cruz,087,273765,8188,7178,250,7428,69
2020-12-20,Shasta,089,179085,7666,7256,611,7867,64
2020-12-20,Sierra,091,2930,24,22,0,22,0
2020-12-20,Siskiyou,093,43540,950,870,87,957,2
2020-12-20,Solano,095,438530,17087,15533,171,15704,95
2020-12-20,Sonoma,097,501317,17754,16802,101,16903,175
2020-12-20,Stanislaus,099,539301,32264,29995,2824,32819,498
2020-12-20,Sutter,101,95872,6036,5601,43,5644,43
2020-12-20,Tehama,103,63373,2764,2602,231,2833,9
2020-12-20,Trinity,105,12862,315,221,34,255,2
2020-12-20,Tulare,107,460477,31020,29078,3369,32447,373
2020-12-20,Tuolumne,109,53932,2573,2152,6,2158,12
2020-12-20,Ventura,111,848112,34943,31335,1425,32760,210
2020-12-20,Yolo,113,214977,7860,7121,50,7171,109
2020-12-20,Yuba,115,75493,3524,3254,34,3288,12
2020-12-19,Alameda,001,1643700,47142,43109,812,43921,516
2020-12-19,Alpine,003,1148,66,64,0,64,0
2020-12-19,Amador,005,37829,2144,1754,17,1771,23
2020-12-19,Butte,007,227075,6789,6118,716,6834,81
2020-12-19,Calaveras,009,45235,993,900,0,900,21
2020-12-19,Colusa,011,21464,1174,1096,50,1146,7
2020-12-19,Contra Costa,013,1133247,36688,34321,424,34745,301
2020-12-19,Del Norte,015,27424,670,641,0,641,2
2020-12-19,El Dorado,017,186661,5430,4588,215,4803,10
2020-12-19,Fresno,019,978130,62353,55428,3852,59280,634
2020-12-19,Glenn,021,27897,1396,1286,202,1488,9
2020-12-19,Humboldt,023,135768,1532,1357,6,1363,15
2020-12-19,Imperial,025,180216,21679,20711,941,21652,395
2020-12-19,Inyo,027,18085,576,475,2,477,17
2020-12-19,Kern,029,883053,60361,55118,4091,59209,540
2020-12-19,Kings,031,150075,15237,14474,481,14955,100
2020-12-19,Lake,033,64148,1652,1438,0,1438,20
2020-12-19,Lassen,035,31185,3927,3595,37,3632,1
2020-12-19,Los Angeles,037,10098052,668262,599888,17105,616993,8804
2020-12-19,Madera,039,155013,9641,8717,337,9054,63
2020-12-19,Marin,041,260295,9315,8864,59,8923,142
2020-12-19,Mariposa,043,17540,208,177,2,179,3
2020-12-19,Mendocino,045,87422,2214,2008,20,2028,23
2020-12-19,Merced,047,269075,17359,16230,265,16495,198
2020-12-19,Modoc,049,8938,218,181,66,247,0
2020-12-19,Mono,051,14174,814,766,9,775,3
2020-12-19,Monterey,053,433212,24854,22799,584,23383,172
2020-12-19,Napa,055,140530,5284,4772,23,4795,23
2020-12-19,Nevada,057,99092,2493,2260,77,2337,13
2020-12-19,Orange,059,3164182,140639,125574,5251,130825,1733
2020-12-19,Placer,061,380077,12905,11246,449,11695,105
2020-12-19,Plumas,063,18699,426,343,9,352,0
2020-12-19,Riverside,065,2383286,161356,146703,6681,153384,1737
2020-12-19,Sacramento,067,1510023,59683,55169,485,55654,746
2020-12-19,San Benito,069,59416,3163,2820,25,2845,21
2020-12-19,San Bernardino,071,2135413,175587,159883,4751,164634,1433
2020-12-19,San Diego,073,3302833,138812,122972,6076,129048,1280
2020-12-19,San Francisco,075,870044,21754,20643,199,20842,174
2020-12-19,San Joaquin,077,732212,41398,37340,1251,38591,586
2020-12-19,San Luis Obispo,079,281455,9580,8788,218,9006,63
2020-12-19,San Mateo,081,765935,22941,20393,63,20456,182
2020-12-19,Santa Barbara,083,443738,16135,14667,391,15058,148
2020-12-19,Santa Clara,085,1922200,62324,55540,245,55785,558
2020-12-19,Santa Cruz,087,273765,8086,7054,244,7298,68
2020-12-19,Shasta,089,179085,7613,7221,599,7820,63
2020-12-19,Sierra,091,2930,24,23,0,23,0
2020-12-19,Siskiyou,093,43540,947,853,86,939,2
2020-12-19,Solano,095,438530,16921,15204,167,15371,95
2020-12-19,Sonoma,097,501317,17646,16553,101,16654,175
2020-12-19,Stanislaus,099,539301,31946,29555,2751,32306,498
2020-12-19,Sutter,101,95872,5978,5506,43,5549,41
2020-12-19,Tehama,103,63373,2713,2574,228,2802,9
2020-12-19,Trinity,105,12862,315,219,34,253,2
2020-12-19,Tulare,107,460477,30802,28734,3300,32034,375
2020-12-19,Tuolumne,109,53932,2560,2107,6,2113,12
2020-12-19,Ventura,111,848112,34663,30843,1395,32238,209
2020-12-19,Yolo,113,214977,7791,7025,49,7074,109
2020-12-19,Yuba,115,75493,3492,3168,34,3202,11
2020-12-18,Alameda,001,1643700,46605,42196,795,42991,515
2020-12-18,Alpine,003,1148,66,64,0,64,0
2020-12-18,Amador,005,37829,2127,1727,15,1742,20
2020-12-18,Butte,007,227075,6705,5891,689,6580,81
2020-12-18,Calaveras,009,45235,983,870,0,870,21
2020-12-18,Colusa,011,21464,1165,1068,50,1118,7
2020-12-18,Contra Costa,013,1133247,36407,33610,410,34020,300
2020-12-18,Del Norte,015,27424,665,627,0,627,2
2020-12-18,El Dorado,017,186661,5369,4494,204,4698,10
2020-12-18,Fresno,019,978130,61528,52643,3788,56431,613
2020-12-18,Glenn,021,27897,1380,1264,196,1460,9
2020-12-18,Humboldt,023,135768,1517,1331,6,1337,15
2020-12-18,Imperial,025,180216,21601,20430,894,21324,393
2020-12-18,Inyo,027,18085,556,454,2,456,17
2020-12-18,Kern,029,883053,59704,54220,4005,58225,533
2020-12-18,Kings,031,150075,15111,14284,475,14759,98
2020-12-18,Lake,033,64148,1641,1397,0,1397,20
2020-12-18,Lassen,035,31185,3919,3486,37,3523,1
2020-12-18,Los Angeles,037,10098052,656188,586413,16582,602995,8744
2020-12-18,Madera,039,155013,9539,8609,332,8941,63
2020-12-18,Marin,041,260295,9232,8799,59,8858,142
2020-12-18,Mariposa,043,17540,205,176,2,178,3
2020-12-18,Mendocino,045,87422,2196,1977,20,1997,24
2020-12-18,Merced,047,269075,17278,15956,262,16218,195
2020-12-18,Modoc,049,8938,218,179,66,245,0
2020-12-18,Mono,051,14174,808,731,9,740,3
2020-12-18,Monterey,053,433212,24562,22336,578,22914,165
2020-12-18,Napa,055,140530,5236,4688,23,4711,23
2020-12-18,Nevada,057,99092,2476,2220,76,2296,13
2020-12-18,Orange,059,3164182,138210,121681,5092,126773,1725
2020-12-18,Placer,061,380077,12738,10995,440,11435,104
2020-12-18,Plumas,063,18699,420,336,9,345,0
2020-12-18,Riverside,065,2383286,158533,142375,6406,148781,1733
2020-12-18,Sacramento,067,1510023,59059,53980,467,54447,736
2020-12-18,San Benito,069,59416,3115,2744,25,2769,21
2020-12-18,San Bernardino,071,2135413,173293,154272,4614,158886,1430
2020-12-18,San Diego,073,3302833,136638,120463,5936,126399,1253
2020-12-18,San Francisco,075,870044,21587,20315,193,20508,173
2020-12-18,San Joaquin,077,732212,41041,36484,1218,37702,559
2020-12-18,San Luis Obispo,079,281455,9481,8598,213,8811,62
2020-12-18,San Mateo,081,765935,22626,19971,59,20030,182
2020-12-18,Santa Barbara,083,443738,15995,14361,378,14739,148
2020-12-18,Santa Clara,085,1922200,61456,53992,232,54224,539
2020-12-18,Santa Cruz,087,273765,7971,6838,236,7074,68
2020-12-18,Shasta,089,179085,7577,7114,587,7701,62
2020-12-18,Sierra,091,2930,24,23,0,23,0
2020-12-18,Siskiyou,093,43540,945,840,86,926,2
2020-12-18,Solano,095,438530,16769,14667,163,14830,95
2020-12-18,Sonoma,097,501317,17526,16261,101,16362,173
2020-12-18,Stanislaus,099,539301,31676,28967,2712,31679,490
2020-12-18,Sutter,101,95872,5894,5399,43,5442,39
2020-12-18,Tehama,103,63373,2696,2523,219,2742,9
2020-12-18,Trinity,105,12862,314,215,34,249,2
2020-12-18,Tulare,107,460477,30536,28322,3214,31536,370
2020-12-18,Tuolumne,109,53932,2549,2067,6,2073,12
2020-12-18,Ventura,111,848112,34162,29907,1351,31258,209
2020-12-18,Yolo,113,214977,7723,6901,48,6949,109
2020-12-18,Yuba,115,75493,3434,3097,34,3131,11
2020-12-17,Alameda,001,1643700,45804,41548,762,42310,508
2020-12-17,Alpine,003,1148,66,64,0,64,0
2020-12-17,Amador,005,37829,2079,1703,13,1716,19
2020-12-17,Butte,007,227075,6581,5746,669,6415,78
2020-12-17,Calaveras,009,45235,960,848,0,848,21
2020-12-17,Colusa,011,21464,1154,1053,48,1101,7
2020-12-17,Contra Costa,013,1133247,35886,33006,375,33381,293
2020-12-17,Del Norte,015,27424,660,583,0,583,1
2020-12-17,El Dorado,017,186661,5225,4327,191,4518,9
2020-12-17,Fresno,019,978130,60670,49918,3659,53577,597
2020-12-17,Glenn,021,27897,1356,1244,189,1433,9
2020-12-17,Humboldt,023,135768,1484,1322,6,1328,14
2020-12-17,Imperial,025,180216,21442,20208,817,21025,391
2020-12-17,Inyo,027,18085,538,450,2,452,16
2020-12-17,Kern,029,883053,58755,53683,3864,57547,526
2020-12-17,Kings,031,150075,15012,14057,459,14516,98
2020-12-17,Lake,033,64148,1616,1374,0,1374,20
2020-12-17,Lassen,035,31185,3883,3417,37,3454,1
2020-12-17,Los Angeles,037,10098052,640614,571093,15993,587086,8657
2020-12-17,Madera,039,155013,9423,8465,327,8792,62
2020-12-17,Marin,041,260295,9175,8721,56,8777,142
2020-12-17,Mariposa,043,17540,201,172,2,174,3
2020-12-17,Mendocino,045,87422,2162,1942,20,1962,23
2020-12-17,Merced,047,269075,17015,15648,254,15902,192
2020-12-17,Modoc,049,8938,215,179,66,245,0
2020-12-17,Mono,051,14174,799,718,9,727,3
2020-12-17,Monterey,053,433212,24043,21951,563,22514,163
2020-12-17,Napa,055,140530,5124,4612,23,4635,23
2020-12-17,Nevada,057,99092,2435,2173,73,2246,13
2020-12-17,Orange,059,3164182,134842,118367,4956,123323,1725
2020-12-17,Placer,061,380077,12465,10756,426,11182,99
2020-12-17,Plumas,063,18699,411,324,9,333,0
2020-12-17,Riverside,065,2383286,154679,139325,6182,145507,1696
2020-12-17,Sacramento,067,1510023,58155,53189,444,53633,721
2020-12-17,San Benito,069,59416,3046,2645,24,2669,20
2020-12-17,San Bernardino,071,2135413,169375,149838,4487,154325,1425
2020-12-17,San Diego,073,3302833,133844,116852,5781,122633,1239
2020-12-17,San Francisco,075,870044,21298,19939,188,20127,170
2020-12-17,San Joaquin,077,732212,40313,35894,1180,37074,554
2020-12-17,San Luis Obispo,079,281455,9361,8365,211,8576,59
2020-12-17,San Mateo,081,765935,22253,19647,59,19706,181
2020-12-17,Santa Barbara,083,443738,15762,14207,371,14578,147
2020-12-17,Santa Clara,085,1922200,60288,52559,225,52784,527
2020-12-17,Santa Cruz,087,273765,7816,6687,221,6908,64
2020-12-17,Shasta,089,179085,7499,7000,568,7568,62
2020-12-17,Sierra,091,2930,23,23,0,23,0
2020-12-17,Siskiyou,093,43540,938,827,85,912,2
2020-12-17,Solano,095,438530,16462,14361,161,14522,96
2020-12-17,Sonoma,097,501317,17254,15993,100,16093,171
2020-12-17,Stanislaus,099,539301,31253,28582,2651,31233,489
2020-12-17,Sutter,101,95872,5795,5309,42,5351,39
2020-12-17,Tehama,103,63373,2648,2480,213,2693,9
2020-12-17,Trinity,105,12862,310,213,34,247,2
2020-12-17,Tulare,107,460477,30142,27852,3133,30985,358
2020-12-17,Tuolumne,109,53932,2238,1992,6,1998,11
2020-12-17,Ventura,111,848112,33554,29404,1313,30717,208
2020-12-17,Yolo,113,214977,7599,6800,47,6847,105
2020-12-17,Yuba,115,75493,3375,3035,32,3067,12
2020-12-16,Alameda,001,1643700,44951,40751,734,41485,497
2020-12-16,Alpine,003,1148,66,64,0,64,0
2020-12-16,Amador,005,37829,2032,1693,12,1705,19
2020-12-16,Butte,007,227075,6392,5659,639,6298,76
2020-12-16,Calaveras,009,45235,925,821,0,821,21
2020-12-16,Colusa,011,21464,1141,1038,43,1081,7
2020-12-16,Contra Costa,013,1133247,35329,32429,353,32782,293
2020-12-16,Del Norte,015,27424,658,575,0,575,1
2020-12-16,El Dorado,017,186661,5104,4237,180,4417,9
2020-12-16,Fresno,019,978130,59716,49173,3555,52728,584
2020-12-16,Glenn,021,27897,1338,1236,178,1414,9
2020-12-16,Humboldt,023,135768,1452,1308,5,1313,12
2020-12-16,Imperial,025,180216,21263,19980,745,20725,388
2020-12-16,Inyo,027,18085,525,444,2,446,16
2020-12-16,Kern,029,883053,57881,52896,3727,56623,522
2020-12-16,Kings,031,150075,14833,13734,441,14175,99
2020-12-16,Lake,033,64148,1576,1363,0,1363,20
2020-12-16,Lassen,035,31185,3850,3396,36,3432,1
2020-12-16,Los Angeles,037,10098052,624153,557907,15288,573195,8561
2020-12-16,Madera,039,155013,9298,8278,319,8597,62
2020-12-16,Marin,041,260295,9105,8641,56,8697,142
2020-12-16,Mariposa,043,17540,198,175,2,177,3
2020-12-16,Mendocino,045,87422,2127,1929,20,1949,23
2020-12-16,Merced,047,269075,16729,15443,250,15693,190
2020-12-16,Modoc,049,8938,212,178,66,244,0
2020-12-16,Mono,051,14174,782,702,9,711,3
2020-12-16,Monterey,053,433212,23486,21107,552,21659,163
2020-12-16,Napa,055,140530,5026,4544,23,4567,23
2020-12-16,Nevada,057,99092,2399,2149,71,2220,13
2020-12-16,Orange,059,3164182,131378,115260,4776,120036,1712
2020-12-16,Placer,061,380077,12228,10554,404,10958,96
2020-12-16,Plumas,063,18699,402,319,9,328,0
2020-12-16,Riverside,065,2383286,150566,135751,5925,141676,1664
2020-12-16,Sacramento,067,1510023,57184,52166,418,52584,715
2020-12-16,San Benito,069,59416,2956,2582,24,2606,20
2020-12-16,San Bernardino,071,2135413,164771,143565,4349,147914,1403
2020-12-16,San Diego,073,3302833,130743,114248,5628,119876,1217
2020-12-16,San Francisco,075,870044,21040,19624,187,19811,170
2020-12-16,San Joaquin,077,732212,39489,35010,1139,36149,547
2020-12-16,San Luis Obispo,079,281455,9166,8252,202,8454,58
2020-12-16,San Mateo,081,765935,21927,19292,55,19347,179
2020-12-16,Santa Barbara,083,443738,15520,13966,358,14324,144
2020-12-16,Santa Clara,085,1922200,59049,51502,222,51724,523
2020-12-16,Santa Cruz,087,273765,7631,6536,209,6745,63
2020-12-16,Shasta,089,179085,7427,6914,546,7460,62
2020-12-16,Sierra,091,2930,23,23,0,23,0
2020-12-16,Siskiyou,093,43540,930,818,85,903,2
2020-12-16,Solano,095,438530,15997,14157,156,14313,96
2020-12-16,Sonoma,097,501317,16998,15768,100,15868,170
2020-12-16,Stanislaus,099,539301,30750,28279,2577,30856,489
2020-12-16,Sutter,101,95872,5715,5223,42,5265,39
2020-12-16,Tehama,103,63373,2617,2441,187,2628,9
2020-12-16,Trinity,105,12862,304,212,34,246,2
2020-12-16,Tulare,107,460477,29729,27500,3027,30527,352
2020-12-16,Tuolumne,109,53932,2192,1941,6,1947,11
2020-12-16,Ventura,111,848112,32782,28566,1268,29834,203
2020-12-16,Yolo,113,214977,7470,6649,46,6695,103
2020-12-16,Yuba,115,75493,3289,2980,31,3011,11
2020-12-15,Alameda,001,1643700,44094,40026,711,40737,492
2020-12-15,Alpine,003,1148,66,64,0,64,0
2020-12-15,Amador,005,37829,1919,1669,10,1679,19
2020-12-15,Butte,007,227075,6256,5565,608,6173,75
2020-12-15,Calaveras,009,45235,893,799,0,799,21
2020-12-15,Colusa,011,21464,1128,1026,42,1068,7
2020-12-15,Contra Costa,013,1133247,34676,31423,337,31760,281
2020-12-15,Del Norte,015,27424,647,564,0,564,1
2020-12-15,El Dorado,017,186661,4998,4113,164,4277,9
2020-12-15,Fresno,019,978130,58350,47316,3416,50732,574
2020-12-15,Glenn,021,27897,1325,1207,161,1368,9
2020-12-15,Humboldt,023,135768,1432,1276,5,1281,12
2020-12-15,Imperial,025,180216,21045,19756,663,20419,380
2020-12-15,Inyo,027,18085,512,394,1,395,16
2020-12-15,Kern,029,883053,56869,52002,3622,55624,511
2020-12-15,Kings,031,150075,14669,13652,422,14074,97
2020-12-15,Lake,033,64148,1551,1341,0,1341,21
2020-12-15,Lassen,035,31185,3678,3378,35,3413,1
2020-12-15,Los Angeles,037,10098052,607850,536258,14613,550871,8429
2020-12-15,Madera,039,155013,9142,8118,310,8428,60
2020-12-15,Marin,041,260295,8998,8528,54,8582,141
2020-12-15,Mariposa,043,17540,194,171,2,173,3
2020-12-15,Mendocino,045,87422,2100,1883,20,1903,24
2020-12-15,Merced,047,269075,16426,15120,246,15366,190
2020-12-15,Modoc,049,8938,210,179,66,245,0
2020-12-15,Mono,051,14174,766,702,9,711,3
2020-12-15,Monterey,053,433212,22887,19905,489,20394,161
2020-12-15,Napa,055,140530,4922,4440,23,4463,23
2020-12-15,Nevada,057,99092,2366,2117,69,2186,11
2020-12-15,Orange,059,3164182,127725,112893,4619,117512,1689
2020-12-15,Placer,061,380077,12000,10301,382,10683,95
2020-12-15,Plumas,063,18699,397,313,9,322,0
2020-12-15,Riverside,065,2383286,146517,131822,5637,137459,1624
2020-12-15,Sacramento,067,1510023,56171,51076,405,51481,703
2020-12-15,San Benito,069,59416,2876,2520,23,2543,19
2020-12-15,San Bernardino,071,2135413,160330,137548,4182,141730,1351
2020-12-15,San Diego,073,3302833,127182,111441,5465,116906,1194
2020-12-15,San Francisco,075,870044,20731,19283,184,19467,171
2020-12-15,San Joaquin,077,732212,38565,33849,1102,34951,537
2020-12-15,San Luis Obispo,079,281455,9057,8074,199,8273,55
2020-12-15,San Mateo,081,765935,21516,18907,53,18960,178
2020-12-15,Santa Barbara,083,443738,15300,13782,349,14131,144
2020-12-15,Santa Clara,085,1922200,57615,50311,218,50529,505
2020-12-15,Santa Cruz,087,273765,7447,6361,193,6554,59
2020-12-15,Shasta,089,179085,7370,6794,520,7314,54
2020-12-15,Sierra,091,2930,23,23,0,23,0
2020-12-15,Siskiyou,093,43540,921,812,84,896,2
2020-12-15,Solano,095,438530,15648,13796,156,13952,95
2020-12-15,Sonoma,097,501317,16776,15406,100,15506,167
2020-12-15,Stanislaus,099,539301,30241,27823,2490,30313,485
2020-12-15,Sutter,101,95872,5618,5080,41,5121,36
2020-12-15,Tehama,103,63373,2580,2392,182,2574,9
2020-12-15,Trinity,105,12862,298,213,32,245,1
2020-12-15,Tulare,107,460477,29234,27026,2936,29962,342
2020-12-15,Tuolumne,109,53932,2161,1874,6,1880,8
2020-12-15,Ventura,111,848112,32161,27936,1220,29156,201
2020-12-15,Yolo,113,214977,7347,6531,44,6575,104
2020-12-15,Yuba,115,75493,3195,2891,30,2921,11
2020-12-14,Alameda,001,1643700,43201,39252,691,39943,487
2020-12-14,Alpine,003,1148,66,63,0,63,0
2020-12-14,Amador,005,37829,1847,1609,10,1619,19
2020-12-14,Butte,007,227075,6088,5202,591,5793,75
2020-12-14,Calaveras,009,45235,855,718,0,718,21
2020-12-14,Colusa,011,21464,1104,949,41,990,7
2020-12-14,Contra Costa,013,1133247,33978,30594,322,30916,281
2020-12-14,Del Norte,015,27424,641,560,0,560,1
2020-12-14,El Dorado,017,186661,4842,4018,148,4166,9
2020-12-14,Fresno,019,978130,57331,44726,3230,47956,560
2020-12-14,Glenn,021,27897,1299,1186,153,1339,9
2020-12-14,Humboldt,023,135768,1419,1256,5,1261,9
2020-12-14,Imperial,025,180216,20809,19608,581,20189,379
2020-12-14,Inyo,027,18085,498,382,1,383,16
2020-12-14,Kern,029,883053,55837,50538,3496,54034,510
2020-12-14,Kings,031,150075,14486,13491,393,13884,97
2020-12-14,Lake,033,64148,1500,1301,0,1301,21
2020-12-14,Lassen,035,31185,3579,2905,32,2937,1
2020-12-14,Los Angeles,037,10098052,590296,524668,13946,538614,8340
2020-12-14,Madera,039,155013,8870,8011,301,8312,60
2020-12-14,Marin,041,260295,8913,8475,52,8527,141
2020-12-14,Mariposa,043,17540,193,171,2,173,3
2020-12-14,Mendocino,045,87422,2079,1845,20,1865,24
2020-12-14,Merced,047,269075,16024,14572,232,14804,189
2020-12-14,Modoc,049,8938,204,180,64,244,0
2020-12-14,Mono,051,14174,758,685,9,694,3
2020-12-14,Monterey,053,433212,22369,19154,482,19636,155
2020-12-14,Napa,055,140530,4829,4289,23,4312,22
2020-12-14,Nevada,057,99092,2327,2070,66,2136,11
2020-12-14,Orange,059,3164182,123853,108602,4478,113080,1688
2020-12-14,Placer,061,380077,11719,9551,371,9922,95
2020-12-14,Plumas,063,18699,385,309,9,318,0
2020-12-14,Riverside,065,2383286,142404,123715,5367,129082,1588
2020-12-14,Sacramento,067,1510023,55065,50304,379,50683,691
2020-12-14,San Benito,069,59416,2809,2467,22,2489,19
2020-12-14,San Bernardino,071,2135413,155908,129151,4045,133196,1347
2020-12-14,San Diego,073,3302833,123450,109578,5281,114859,1162
2020-12-14,San Francisco,075,870044,20356,18904,182,19086,171
2020-12-14,San Joaquin,077,732212,37725,32522,1053,33575,534
2020-12-14,San Luis Obispo,079,281455,8810,7791,193,7984,52
2020-12-14,San Mateo,081,765935,21016,18361,51,18412,178
2020-12-14,Santa Barbara,083,443738,15031,13587,342,13929,144
2020-12-14,Santa Clara,085,1922200,56055,49180,206,49386,502
2020-12-14,Santa Cruz,087,273765,7261,6049,177,6226,54
2020-12-14,Shasta,089,179085,7282,6665,502,7167,54
2020-12-14,Sierra,091,2930,23,21,0,21,0
2020-12-14,Siskiyou,093,43540,898,764,78,842,2
2020-12-14,Solano,095,438530,15284,13352,154,13506,93
2020-12-14,Sonoma,097,501317,16469,14807,99,14906,167
2020-12-14,Stanislaus,099,539301,29709,27311,2439,29750,485
2020-12-14,Sutter,101,95872,5508,5001,34,5035,35
2020-12-14,Tehama,103,63373,2533,2344,179,2523,9
2020-12-14,Trinity,105,12862,295,205,30,235,1
2020-12-14,Tulare,107,460477,28762,25735,2839,28574,341
2020-12-14,Tuolumne,109,53932,2104,1647,6,1653,8
2020-12-14,Ventura,111,848112,31241,27436,1157,28593,202
2020-12-14,Yolo,113,214977,7186,6389,43,6432,95
2020-12-14,Yuba,115,75493,3133,2851,30,2881,11
2020-12-13,Alameda,001,1643700,42010,38064,664,38728,486
2020-12-13,Alpine,003,1148,66,63,0,63,0
2020-12-13,Amador,005,37829,1791,1457,9,1466,19
2020-12-13,Butte,007,227075,5940,5103,546,5649,75
2020-12-13,Calaveras,009,45235,819,710,0,710,21
2020-12-13,Colusa,011,21464,1088,945,37,982,7
2020-12-13,Contra Costa,013,1133247,33250,29667,314,29981,281
2020-12-13,Del Norte,015,27424,588,542,0,542,1
2020-12-13,El Dorado,017,186661,4743,3770,136,3906,9
2020-12-13,Fresno,019,978130,56229,44114,3062,47176,559
2020-12-13,Glenn,021,27897,1286,1171,142,1313,9
2020-12-13,Humboldt,023,135768,1396,1238,4,1242,9
2020-12-13,Imperial,025,180216,20525,19472,441,19913,379
2020-12-13,Inyo,027,18085,477,380,1,381,16
2020-12-13,Kern,029,883053,54816,49051,3335,52386,510
2020-12-13,Kings,031,150075,14209,13357,372,13729,97
2020-12-13,Lake,033,64148,1457,1271,0,1271,21
2020-12-13,Lassen,035,31185,3472,2867,27,2894,1
2020-12-13,Los Angeles,037,10098052,572767,517472,13198,530670,8294
2020-12-13,Madera,039,155013,8686,7909,286,8195,60
2020-12-13,Marin,041,260295,8792,8409,52,8461,141
2020-12-13,Mariposa,043,17540,189,167,2,169,3
2020-12-13,Mendocino,045,87422,2045,1793,20,1813,24
2020-12-13,Merced,047,269075,15675,14384,229,14613,189
2020-12-13,Modoc,049,8938,192,179,58,237,0
2020-12-13,Mono,051,14174,742,675,9,684,3
2020-12-13,Monterey,053,433212,21947,18913,466,19379,153
2020-12-13,Napa,055,140530,4723,4194,23,4217,22
2020-12-13,Nevada,057,99092,2276,2030,64,2094,11
2020-12-13,Orange,059,3164182,119939,104768,4292,109060,1688
2020-12-13,Placer,061,380077,11408,9405,353,9758,95
2020-12-13,Plumas,063,18699,379,291,9,300,0
2020-12-13,Riverside,065,2383286,138290,119691,5089,124780,1581
2020-12-13,Sacramento,067,1510023,53801,49480,348,49828,682
2020-12-13,San Benito,069,59416,2737,2408,21,2429,19
2020-12-13,San Bernardino,071,2135413,151026,126718,3874,130592,1333
2020-12-13,San Diego,073,3302833,119855,107372,5112,112484,1162
2020-12-13,San Francisco,075,870044,20012,18686,172,18858,167
2020-12-13,San Joaquin,077,732212,36923,32170,1011,33181,534
2020-12-13,San Luis Obispo,079,281455,8618,7625,185,7810,52
2020-12-13,San Mateo,081,765935,20526,18090,45,18135,177
2020-12-13,Santa Barbara,083,443738,14767,13249,325,13574,144
2020-12-13,Santa Clara,085,1922200,54630,47920,197,48117,499
2020-12-13,Santa Cruz,087,273765,7013,5986,166,6152,54
2020-12-13,Shasta,089,179085,7208,6647,476,7123,54
2020-12-13,Sierra,091,2930,23,21,0,21,0
2020-12-13,Siskiyou,093,43540,886,762,73,835,2
2020-12-13,Solano,095,438530,14845,13276,151,13427,93
2020-12-13,Sonoma,097,501317,16153,14495,98,14593,167
2020-12-13,Stanislaus,099,539301,29149,26569,2372,28941,485
2020-12-13,Sutter,101,95872,5382,4798,29,4827,34
2020-12-13,Tehama,103,63373,2489,2325,163,2488,9
2020-12-13,Trinity,105,12862,290,204,29,233,1
2020-12-13,Tulare,107,460477,28271,25496,2745,28241,340
2020-12-13,Tuolumne,109,53932,2041,1611,6,1617,8
2020-12-13,Ventura,111,848112,30242,26588,1091,27679,202
2020-12-13,Yolo,113,214977,7004,6265,36,6301,95
2020-12-13,Yuba,115,75493,3068,2754,27,2781,11
2020-12-12,Alameda,001,1643700,41575,37027,643,37670,486
2020-12-12,Alpine,003,1148,66,63,0,63,0
2020-12-12,Amador,005,37829,1763,1236,8,1244,19
2020-12-12,Butte,007,227075,5868,4972,532,5504,73
2020-12-12,Calaveras,009,45235,809,708,0,708,21
2020-12-12,Colusa,011,21464,1068,945,35,980,7
2020-12-12,Contra Costa,013,1133247,32907,29506,304,29810,281
2020-12-12,Del Norte,015,27424,580,529,0,529,1
2020-12-12,El Dorado,017,186661,4668,3706,118,3824,9
2020-12-12,Fresno,019,978130,55879,43756,3001,46757,559
2020-12-12,Glenn,021,27897,1278,1143,138,1281,8
2020-12-12,Humboldt,023,135768,1377,1208,4,1212,9
2020-12-12,Imperial,025,180216,20443,18947,381,19328,379
2020-12-12,Inyo,027,18085,473,380,1,381,16
2020-12-12,Kern,029,883053,54301,48194,3243,51437,507
2020-12-12,Kings,031,150075,14122,13205,367,13572,96
2020-12-12,Lake,033,64148,1441,1232,0,1232,21
2020-12-12,Lassen,035,31185,3450,2866,23,2889,1
2020-12-12,Los Angeles,037,10098052,566020,504317,12662,516979,8269
2020-12-12,Madera,039,155013,8563,7765,283,8048,59
2020-12-12,Marin,041,260295,8737,8363,51,8414,141
2020-12-12,Mariposa,043,17540,188,164,2,166,3
2020-12-12,Mendocino,045,87422,2009,1771,20,1791,24
2020-12-12,Merced,047,269075,15585,14181,225,14406,188
2020-12-12,Modoc,049,8938,191,169,55,224,0
2020-12-12,Mono,051,14174,735,640,9,649,3
2020-12-12,Monterey,053,433212,21836,18596,437,19033,151
2020-12-12,Napa,055,140530,4679,4113,23,4136,22
2020-12-12,Nevada,057,99092,2258,1981,62,2043,10
2020-12-12,Orange,059,3164182,118067,100468,4134,104602,1674
2020-12-12,Placer,061,380077,11245,9390,347,9737,95
2020-12-12,Plumas,063,18699,373,291,9,300,0
2020-12-12,Riverside,065,2383286,136244,118335,4871,123206,1579
2020-12-12,Sacramento,067,1510023,53219,48319,333,48652,673
2020-12-12,San Benito,069,59416,2681,2355,21,2376,19
2020-12-12,San Bernardino,071,2135413,149408,125741,3763,129504,1321
2020-12-12,San Diego,073,3302833,118235,104958,5015,109973,1151
2020-12-12,San Francisco,075,870044,19823,18413,168,18581,167
2020-12-12,San Joaquin,077,732212,36598,32200,978,33178,534
2020-12-12,San Luis Obispo,079,281455,8523,7462,176,7638,50
2020-12-12,San Mateo,081,765935,20305,17574,44,17618,177
2020-12-12,Santa Barbara,083,443738,14615,13174,317,13491,144
2020-12-12,Santa Clara,085,1922200,53675,45892,194,46086,498
2020-12-12,Santa Cruz,087,273765,6914,5905,156,6061,54
2020-12-12,Shasta,089,179085,7173,6551,458,7009,54
2020-12-12,Sierra,091,2930,23,21,0,21,0
2020-12-12,Siskiyou,093,43540,884,762,70,832,2
2020-12-12,Solano,095,438530,14648,12748,144,12892,93
2020-12-12,Sonoma,097,501317,16033,14466,98,14564,166
2020-12-12,Stanislaus,099,539301,28848,26246,2315,28561,483
2020-12-12,Sutter,101,95872,5320,4717,29,4746,32
2020-12-12,Tehama,103,63373,2473,2252,157,2409,9
2020-12-12,Trinity,105,12862,288,204,27,231,1
2020-12-12,Tulare,107,460477,28010,25333,2685,28018,341
2020-12-12,Tuolumne,109,53932,1998,1536,6,1542,8
2020-12-12,Ventura,111,848112,29798,25955,1058,27013,202
2020-12-12,Yolo,113,214977,6922,6116,34,6150,95
2020-12-12,Yuba,115,75493,3041,2692,26,2718,10
2020-12-11,Alameda,001,1643700,41006,36281,631,36912,482
2020-12-11,Alpine,003,1148,66,63,0,63,0
2020-12-11,Amador,005,37829,1747,1213,8,1221,19
2020-12-11,Butte,007,227075,5797,4941,511,5452,73
2020-12-11,Calaveras,009,45235,793,697,0,697,21
2020-12-11,Colusa,011,21464,1058,923,33,956,7
2020-12-11,Contra Costa,013,1133247,32478,29036,300,29336,282
2020-12-11,Del Norte,015,27424,574,505,0,505,1
2020-12-11,El Dorado,017,186661,4587,3669,103,3772,9
2020-12-11,Fresno,019,978130,54870,43071,2934,46005,550
2020-12-11,Glenn,021,27897,1262,1135,133,1268,8
2020-12-11,Humboldt,023,135768,1359,1190,4,1194,9
2020-12-11,Imperial,025,180216,20356,18599,334,18933,377
2020-12-11,Inyo,027,18085,461,372,1,373,16
2020-12-11,Kern,029,883053,53628,47664,3177,50841,502
2020-12-11,Kings,031,150075,13979,13118,361,13479,94
2020-12-11,Lake,033,64148,1429,1205,0,1205,21
2020-12-11,Lassen,035,31185,3438,2790,22,2812,1
2020-12-11,Los Angeles,037,10098052,554262,493592,12231,505823,8198
2020-12-11,Madera,039,155013,8473,7648,273,7921,59
2020-12-11,Marin,041,260295,8641,8317,50,8367,141
2020-12-11,Mariposa,043,17540,187,164,2,166,3
2020-12-11,Mendocino,045,87422,1986,1769,20,1789,24
2020-12-11,Merced,047,269075,15466,14038,217,14255,186
2020-12-11,Modoc,049,8938,191,168,54,222,0
2020-12-11,Mono,051,14174,726,631,9,640,3
2020-12-11,Monterey,053,433212,21535,18421,432,18853,150
2020-12-11,Napa,055,140530,4623,4054,23,4077,22
2020-12-11,Nevada,057,99092,2241,1959,59,2018,10
2020-12-11,Orange,059,3164182,115767,98357,4028,102385,1656
2020-12-11,Placer,061,380077,11083,8904,331,9235,93
2020-12-11,Plumas,063,18699,365,286,9,295,0
2020-12-11,Riverside,065,2383286,133192,115329,4639,119968,1573
2020-12-11,Sacramento,067,1510023,52558,47468,324,47792,669
2020-12-11,San Benito,069,59416,2630,2319,21,2340,19
2020-12-11,San Bernardino,071,2135413,146728,123092,3639,126731,1313
2020-12-11,San Diego,073,3302833,116278,102468,4932,107400,1137
2020-12-11,San Francisco,075,870044,19593,18246,167,18413,165
2020-12-11,San Joaquin,077,732212,36255,32044,949,32993,534
2020-12-11,San Luis Obispo,079,281455,8363,7415,173,7588,49
2020-12-11,San Mateo,081,765935,20033,17240,33,17273,177
2020-12-11,Santa Barbara,083,443738,14473,12997,309,13306,144
2020-12-11,Santa Clara,085,1922200,52668,45101,184,45285,494
2020-12-11,Santa Cruz,087,273765,6802,5764,145,5909,50
2020-12-11,Shasta,089,179085,7128,6459,451,6910,54
2020-12-11,Sierra,091,2930,23,19,0,19,0
2020-12-11,Siskiyou,093,43540,877,753,67,820,2
2020-12-11,Solano,095,438530,14462,12554,140,12694,92
2020-12-11,Sonoma,097,501317,15867,14298,95,14393,166
2020-12-11,Stanislaus,099,539301,28581,25928,2271,28199,464
2020-12-11,Sutter,101,95872,5256,4600,28,4628,30
2020-12-11,Tehama,103,63373,2444,2232,153,2385,9
2020-12-11,Trinity,105,12862,286,204,26,230,1
2020-12-11,Tulare,107,460477,27654,24953,2635,27588,338
2020-12-11,Tuolumne,109,53932,1983,1510,6,1516,8
2020-12-11,Ventura,111,848112,29193,24999,1035,26034,202
2020-12-11,Yolo,113,214977,6816,6006,32,6038,95
2020-12-11,Yuba,115,75493,2980,2649,25,2674,10
2020-12-10,Alameda,001,1643700,40236,35686,609,36295,477
2020-12-10,Alpine,003,1148,66,63,0,63,0
2020-12-10,Amador,005,37829,1690,1191,8,1199,18
2020-12-10,Butte,007,227075,5681,4863,484,5347,72
2020-12-10,Calaveras,009,45235,775,684,0,684,21
2020-12-10,Colusa,011,21464,1035,909,28,937,7
2020-12-10,Contra Costa,013,1133247,31796,28413,294,28707,276
2020-12-10,Del Norte,015,27424,565,501,0,501,1
2020-12-10,El Dorado,017,186661,4469,3557,98,3655,9
2020-12-10,Fresno,019,978130,53893,42461,2787,45248,540
2020-12-10,Glenn,021,27897,1242,1126,124,1250,8
2020-12-10,Humboldt,023,135768,1339,1140,4,1144,9
2020-12-10,Imperial,025,180216,20141,18333,254,18587,370
2020-12-10,Inyo,027,18085,440,365,1,366,15
2020-12-10,Kern,029,883053,52648,47176,3007,50183,499
2020-12-10,Kings,031,150075,13828,12993,355,13348,92
2020-12-10,Lake,033,64148,1388,1167,0,1167,21
2020-12-10,Lassen,035,31185,3416,2764,18,2782,0
2020-12-10,Los Angeles,037,10098052,540351,480354,11676,492030,8149
2020-12-10,Madera,039,155013,8368,7445,258,7703,59
2020-12-10,Marin,041,260295,8596,8245,49,8294,140
2020-12-10,Mariposa,043,17540,186,160,2,162,3
2020-12-10,Mendocino,045,87422,1960,1748,17,1765,24
2020-12-10,Merced,047,269075,15220,13756,214,13970,186
2020-12-10,Modoc,049,8938,186,165,52,217,0
2020-12-10,Mono,051,14174,720,601,9,610,3
2020-12-10,Monterey,053,433212,21058,18266,422,18688,145
2020-12-10,Napa,055,140530,4537,3974,22,3996,22
2020-12-10,Nevada,057,99092,2204,1919,59,1978,10
2020-12-10,Orange,059,3164182,112684,95297,3855,99152,1651
2020-12-10,Placer,061,380077,10830,8906,312,9218,90
2020-12-10,Plumas,063,18699,354,281,9,290,0
2020-12-10,Riverside,065,2383286,129520,112794,4360,117154,1552
2020-12-10,Sacramento,067,1510023,51661,46471,303,46774,664
2020-12-10,San Benito,069,59416,2571,2268,20,2288,19
2020-12-10,San Bernardino,071,2135413,142521,120186,3450,123636,1306
2020-12-10,San Diego,073,3302833,113754,99601,4783,104384,1114
2020-12-10,San Francisco,075,870044,19279,17945,159,18104,164
2020-12-10,San Joaquin,077,732212,35623,31228,918,32146,534
2020-12-10,San Luis Obispo,079,281455,8200,7245,162,7407,49
2020-12-10,San Mateo,081,765935,19590,16701,23,16724,177
2020-12-10,Santa Barbara,083,443738,14297,12788,299,13087,143
2020-12-10,Santa Clara,085,1922200,51531,43939,168,44107,491
2020-12-10,Santa Cruz,087,273765,6629,5645,131,5776,48
2020-12-10,Shasta,089,179085,7060,6312,425,6737,53
2020-12-10,Sierra,091,2930,23,18,0,18,0
2020-12-10,Siskiyou,093,43540,867,712,66,778,2
2020-12-10,Solano,095,438530,14095,12017,134,12151,90
2020-12-10,Sonoma,097,501317,15612,14282,94,14376,167
2020-12-10,Stanislaus,099,539301,28114,25582,2200,27782,464
2020-12-10,Sutter,101,95872,5125,4528,26,4554,27
2020-12-10,Tehama,103,63373,2396,2190,143,2333,9
2020-12-10,Trinity,105,12862,283,202,25,227,1
2020-12-10,Tulare,107,460477,27206,24506,2569,27075,337
2020-12-10,Tuolumne,109,53932,1724,1451,6,1457,8
2020-12-10,Ventura,111,848112,28341,24075,991,25066,202
2020-12-10,Yolo,113,214977,6696,5896,31,5927,95
2020-12-10,Yuba,115,75493,2916,2604,24,2628,10
2020-12-09,Alameda,001,1643700,39392,35047,587,35634,470
2020-12-09,Alpine,003,1148,66,58,0,58,0
2020-12-09,Amador,005,37829,1647,1121,8,1129,19
2020-12-09,Butte,007,227075,5540,4733,461,5194,70
2020-12-09,Calaveras,009,45235,748,670,0,670,21
2020-12-09,Colusa,011,21464,1020,896,27,923,7
2020-12-09,Contra Costa,013,1133247,31092,28308,282,28590,273
2020-12-09,Del Norte,015,27424,551,481,0,481,2
2020-12-09,El Dorado,017,186661,4334,3449,90,3539,8
2020-12-09,Fresno,019,978130,52897,41954,2628,44582,533
2020-12-09,Glenn,021,27897,1228,1107,118,1225,8
2020-12-09,Humboldt,023,135768,1307,1086,4,1090,10
2020-12-09,Imperial,025,180216,19884,17757,216,17973,368
2020-12-09,Inyo,027,18085,427,356,1,357,15
2020-12-09,Kern,029,883053,51493,46379,2859,49238,494
2020-12-09,Kings,031,150075,13683,12716,346,13062,92
2020-12-09,Lake,033,64148,1361,1158,0,1158,20
2020-12-09,Lassen,035,31185,3347,2331,16,2347,0
2020-12-09,Los Angeles,037,10098052,526929,467971,11102,479073,8075
2020-12-09,Madera,039,155013,8256,7216,253,7469,59
2020-12-09,Marin,041,260295,8537,8182,48,8230,138
2020-12-09,Mariposa,043,17540,184,154,2,156,3
2020-12-09,Mendocino,045,87422,1934,1703,16,1719,24
2020-12-09,Merced,047,269075,14982,13588,206,13794,183
2020-12-09,Modoc,049,8938,181,146,43,189,0
2020-12-09,Mono,051,14174,705,601,9,610,3
2020-12-09,Monterey,053,433212,20663,17891,413,18304,143
2020-12-09,Napa,055,140530,4452,3858,21,3879,21
2020-12-09,Nevada,057,99092,2151,1864,59,1923,10
2020-12-09,Orange,059,3164182,109600,93763,3681,97444,1629
2020-12-09,Placer,061,380077,10566,8588,298,8886,85
2020-12-09,Plumas,063,18699,346,271,9,280,0
2020-12-09,Riverside,065,2383286,125836,110376,4148,114524,1543
2020-12-09,Sacramento,067,1510023,50600,45284,276,45560,659
2020-12-09,San Benito,069,59416,2492,2217,17,2234,19
2020-12-09,San Bernardino,071,2135413,138259,114516,3242,117758,1305
2020-12-09,San Diego,073,3302833,110777,97551,4645,102196,1103
2020-12-09,San Francisco,075,870044,18977,17628,158,17786,163
2020-12-09,San Joaquin,077,732212,34801,30539,893,31432,531
2020-12-09,San Luis Obispo,079,281455,7982,7105,154,7259,47
2020-12-09,San Mateo,081,765935,19138,16422,22,16444,175
2020-12-09,Santa Barbara,083,443738,14096,12630,290,12920,142
2020-12-09,Santa Clara,085,1922200,50387,42912,152,43064,489
2020-12-09,Santa Cruz,087,273765,6471,5527,115,5642,47
2020-12-09,Shasta,089,179085,6995,6105,411,6516,52
2020-12-09,Sierra,091,2930,23,18,0,18,0
2020-12-09,Siskiyou,093,43540,856,713,65,778,2
2020-12-09,Solano,095,438530,13749,11862,125,11987,90
2020-12-09,Sonoma,097,501317,15356,13994,91,14085,164
2020-12-09,Stanislaus,099,539301,27615,25157,2138,27295,463
2020-12-09,Sutter,101,95872,5012,4418,22,4440,24
2020-12-09,Tehama,103,63373,2361,2102,139,2241,9
2020-12-09,Trinity,105,12862,275,199,24,223,0
2020-12-09,Tulare,107,460477,26610,24124,2486,26610,334
2020-12-09,Tuolumne,109,53932,1683,1319,6,1325,8
2020-12-09,Ventura,111,848112,27481,23830,947,24777,201
2020-12-09,Yolo,113,214977,6569,5760,29,5789,95
2020-12-09,Yuba,115,75493,2848,2513,23,2536,10
2020-12-08,Alameda,001,1643700,38496,34373,570,34943,469
2020-12-08,Alpine,003,1148,65,53,0,53,0
2020-12-08,Amador,005,37829,1361,1043,8,1051,17
2020-12-08,Butte,007,227075,5384,4651,417,5068,70
2020-12-08,Calaveras,009,45235,723,657,0,657,21
2020-12-08,Colusa,011,21464,1003,875,26,901,6
2020-12-08,Contra Costa,013,1133247,30391,27926,265,28191,270
2020-12-08,Del Norte,015,27424,536,465,0,465,2
2020-12-08,El Dorado,017,186661,4210,3296,77,3373,8
2020-12-08,Fresno,019,978130,51643,41574,2459,44033,529
2020-12-08,Glenn,021,27897,1208,1094,110,1204,8
2020-12-08,Humboldt,023,135768,1281,1059,4,1063,10
2020-12-08,Imperial,025,180216,19367,17568,207,17775,363
2020-12-08,Inyo,027,18085,404,333,1,334,15
2020-12-08,Kern,029,883053,50202,45116,2700,47816,487
2020-12-08,Kings,031,150075,13531,12623,336,12959,90
2020-12-08,Lake,033,64148,1320,1127,0,1127,20
2020-12-08,Lassen,035,31185,3191,2165,16,2181,0
2020-12-08,Los Angeles,037,10098052,514283,459738,10600,470338,8004
2020-12-08,Madera,039,155013,8124,7082,239,7321,59
2020-12-08,Marin,041,260295,8455,8099,47,8146,137
2020-12-08,Mariposa,043,17540,180,150,2,152,2
2020-12-08,Mendocino,045,87422,1892,1666,16,1682,23
2020-12-08,Merced,047,269075,14674,13380,205,13585,181
2020-12-08,Modoc,049,8938,173,138,40,178,0
2020-12-08,Mono,051,14174,687,597,9,606,3
2020-12-08,Monterey,053,433212,20096,17752,406,18158,134
2020-12-08,Napa,055,140530,4364,3778,20,3798,22
2020-12-08,Nevada,057,99092,2097,1809,56,1865,11
2020-12-08,Orange,059,3164182,106393,91406,3508,94914,1629
2020-12-08,Placer,061,380077,10298,8224,292,8516,82
2020-12-08,Plumas,063,18699,336,258,9,267,0
2020-12-08,Riverside,065,2383286,122498,107620,3958,111578,1514
2020-12-08,Sacramento,067,1510023,49539,44635,258,44893,649
2020-12-08,San Benito,069,59416,2436,2180,17,2197,18
2020-12-08,San Bernardino,071,2135413,133919,110676,3110,113786,1301
2020-12-08,San Diego,073,3302833,107407,95447,4488,99935,1088
2020-12-08,San Francisco,075,870044,18668,17384,154,17538,162
2020-12-08,San Joaquin,077,732212,33909,30225,860,31085,530
2020-12-08,San Luis Obispo,079,281455,7853,6903,143,7046,45
2020-12-08,San Mateo,081,765935,18740,16305,22,16327,175
2020-12-08,Santa Barbara,083,443738,13912,12516,280,12796,141
2020-12-08,Santa Clara,085,1922200,49081,41309,141,41450,484
2020-12-08,Santa Cruz,087,273765,6294,5374,111,5485,45
2020-12-08,Shasta,089,179085,6886,5946,403,6349,50
2020-12-08,Sierra,091,2930,22,18,0,18,0
2020-12-08,Siskiyou,093,43540,842,704,63,767,2
2020-12-08,Solano,095,438530,13346,11669,123,11792,89
2020-12-08,Sonoma,097,501317,15096,13601,90,13691,164
2020-12-08,Stanislaus,099,539301,27130,24793,2073,26866,461
2020-12-08,Sutter,101,95872,4914,4342,21,4363,24
2020-12-08,Tehama,103,63373,2278,2057,131,2188,9
2020-12-08,Trinity,105,12862,270,198,23,221,0
2020-12-08,Tulare,107,460477,26014,23607,2420,26027,330
2020-12-08,Tuolumne,109,53932,1654,1264,6,1270,7
2020-12-08,Ventura,111,848112,26819,23665,903,24568,195
2020-12-08,Yolo,113,214977,6438,5560,29,5589,90
2020-12-08,Yuba,115,75493,2772,2477,23,2500,10
2020-12-07,Alameda,001,1643700,37635,33887,534,34421,466
2020-12-07,Alpine,003,1148,64,53,0,53,0
2020-12-07,Amador,005,37829,1286,993,7,1000,17
2020-12-07,Butte,007,227075,5248,4604,394,4998,67
2020-12-07,Calaveras,009,45235,691,606,0,606,21
2020-12-07,Colusa,011,21464,978,825,24,849,6
2020-12-07,Contra Costa,013,1133247,29778,27307,252,27559,270
2020-12-07,Del Norte,015,27424,524,424,0,424,2
2020-12-07,El Dorado,017,186661,4030,3275,70,3345,8
2020-12-07,Fresno,019,978130,50176,41098,2331,43429,526
2020-12-07,Glenn,021,27897,1189,1085,104,1189,8
2020-12-07,Humboldt,023,135768,1246,1023,4,1027,9
2020-12-07,Imperial,025,180216,18947,17234,195,17429,364
2020-12-07,Inyo,027,18085,389,333,1,334,15
2020-12-07,Kern,029,883053,49183,44409,2555,46964,486
2020-12-07,Kings,031,150075,13391,12412,323,12735,90
2020-12-07,Lake,033,64148,1291,1090,0,1090,20
2020-12-07,Lassen,035,31185,3094,2167,16,2183,0
2020-12-07,Los Angeles,037,10098052,500664,451052,10133,461185,7937
2020-12-07,Madera,039,155013,7860,6935,233,7168,59
2020-12-07,Marin,041,260295,8398,8049,46,8095,136
2020-12-07,Mariposa,043,17540,177,146,2,148,2
2020-12-07,Mendocino,045,87422,1857,1638,14,1652,23
2020-12-07,Merced,047,269075,14314,13250,195,13445,179
2020-12-07,Modoc,049,8938,166,128,37,165,0
2020-12-07,Mono,051,14174,677,590,9,599,3
2020-12-07,Monterey,053,433212,19615,17746,394,18140,132
2020-12-07,Napa,055,140530,4273,3684,20,3704,21
2020-12-07,Nevada,057,99092,2048,1777,55,1832,11
2020-12-07,Orange,059,3164182,103134,89793,3390,93183,1628
2020-12-07,Placer,061,380077,9975,7911,278,8189,82
2020-12-07,Plumas,063,18699,325,256,5,261,0
2020-12-07,Riverside,065,2383286,119312,102363,3765,106128,1491
2020-12-07,Sacramento,067,1510023,48442,43419,240,43659,638
2020-12-07,San Benito,069,59416,2385,2165,16,2181,18
2020-12-07,San Bernardino,071,2135413,129982,108161,2981,111142,1295
2020-12-07,San Diego,073,3302833,104619,94171,4307,98478,1062
2020-12-07,San Francisco,075,870044,18378,17220,146,17366,161
2020-12-07,San Joaquin,077,732212,33034,28188,833,29021,530
2020-12-07,San Luis Obispo,079,281455,7671,6782,136,6918,45
2020-12-07,San Mateo,081,765935,18300,16029,21,16050,175
2020-12-07,Santa Barbara,083,443738,13670,12362,269,12631,141
2020-12-07,Santa Clara,085,1922200,47700,40621,131,40752,484
2020-12-07,Santa Cruz,087,273765,6130,5152,104,5256,41
2020-12-07,Shasta,089,179085,6763,5742,388,6130,50
2020-12-07,Sierra,091,2930,20,18,0,18,0
2020-12-07,Siskiyou,093,43540,816,652,62,714,2
2020-12-07,Solano,095,438530,13007,11354,119,11473,89
2020-12-07,Sonoma,097,501317,14809,13376,90,13466,164
2020-12-07,Stanislaus,099,539301,26577,24479,2019,26498,454
2020-12-07,Sutter,101,95872,4773,4106,21,4127,24
2020-12-07,Tehama,103,63373,2226,2030,125,2155,9
2020-12-07,Trinity,105,12862,267,194,23,217,0
2020-12-07,Tulare,107,460477,25492,22760,2358,25118,328
2020-12-07,Tuolumne,109,53932,1571,1256,5,1261,7
2020-12-07,Ventura,111,848112,26235,23354,866,24220,191
2020-12-07,Yolo,113,214977,6276,5537,28,5565,90
2020-12-07,Yuba,115,75493,2703,2428,21,2449,10
2020-12-06,Alameda,001,1643700,36663,33477,511,33988,465
2020-12-06,Alpine,003,1148,60,53,0,53,0
2020-12-06,Amador,005,37829,1223,952,6,958,17
2020-12-06,Butte,007,227075,5098,4527,358,4885,67
2020-12-06,Calaveras,009,45235,672,606,0,606,21
2020-12-06,Colusa,011,21464,961,824,21,845,6
2020-12-06,Contra Costa,013,1133247,29172,26566,244,26810,270
2020-12-06,Del Norte,015,27424,487,414,0,414,2
2020-12-06,El Dorado,017,186661,3893,3086,65,3151,8
2020-12-06,Fresno,019,978130,49229,40869,2212,43081,526
2020-12-06,Glenn,021,27897,1179,1067,100,1167,8
2020-12-06,Humboldt,023,135768,1221,1004,4,1008,9
2020-12-06,Imperial,025,180216,18635,16922,185,17107,364
2020-12-06,Inyo,027,18085,376,333,1,334,15
2020-12-06,Kern,029,883053,48200,43899,2376,46275,486
2020-12-06,Kings,031,150075,13122,12056,305,12361,90
2020-12-06,Lake,033,64148,1252,1075,0,1075,20
2020-12-06,Lassen,035,31185,2990,2168,14,2182,0
2020-12-06,Los Angeles,037,10098052,487133,443230,9660,452890,7910
2020-12-06,Madera,039,155013,7689,6826,225,7051,59
2020-12-06,Marin,041,260295,8318,8013,44,8057,136
2020-12-06,Mariposa,043,17540,176,144,2,146,2
2020-12-06,Mendocino,045,87422,1816,1614,14,1628,23
2020-12-06,Merced,047,269075,13979,12928,186,13114,179
2020-12-06,Modoc,049,8938,153,125,29,154,0
2020-12-06,Mono,051,14174,654,586,8,594,3
2020-12-06,Monterey,053,433212,18997,17426,384,17810,130
2020-12-06,Napa,055,140530,4161,3644,20,3664,21
2020-12-06,Nevada,057,99092,1989,1710,52,1762,10
2020-12-06,Orange,059,3164182,100075,87737,3255,90992,1627
2020-12-06,Placer,061,380077,9699,7837,256,8093,82
2020-12-06,Plumas,063,18699,312,254,4,258,0
2020-12-06,Riverside,065,2383286,116238,100088,3530,103618,1482
2020-12-06,Sacramento,067,1510023,47201,42808,225,43033,638
2020-12-06,San Benito,069,59416,2348,2135,16,2151,18
2020-12-06,San Bernardino,071,2135413,125854,106927,2817,109744,1286
2020-12-06,San Diego,073,3302833,101589,92173,4153,96326,1062
2020-12-06,San Francisco,075,870044,18056,17107,138,17245,161
2020-12-06,San Joaquin,077,732212,32204,28188,804,28992,530
2020-12-06,San Luis Obispo,079,281455,7504,6723,132,6855,45
2020-12-06,San Mateo,081,765935,17796,15855,18,15873,175
2020-12-06,Santa Barbara,083,443738,13440,12252,261,12513,141
2020-12-06,Santa Clara,085,1922200,46326,39112,125,39237,482
2020-12-06,Santa Cruz,087,273765,5958,5069,98,5167,40
2020-12-06,Shasta,089,179085,6622,5743,366,6109,49
2020-12-06,Sierra,091,2930,20,17,0,17,0
2020-12-06,Siskiyou,093,43540,798,652,60,712,2
2020-12-06,Solano,095,438530,12719,11354,109,11463,88
2020-12-06,Sonoma,097,501317,14519,13238,89,13327,164
2020-12-06,Stanislaus,099,539301,26025,24036,1954,25990,454
2020-12-06,Sutter,101,95872,4659,4009,20,4029,21
2020-12-06,Tehama,103,63373,2170,1982,115,2097,9
2020-12-06,Trinity,105,12862,261,181,21,202,0
2020-12-06,Tulare,107,460477,24974,22756,2286,25042,327
2020-12-06,Tuolumne,109,53932,1474,1210,5,1215,7
2020-12-06,Ventura,111,848112,25692,23035,839,23874,191
2020-12-06,Yolo,113,214977,6116,5465,23,5488,90
2020-12-06,Yuba,115,75493,2659,2340,20,2360,10
2020-12-05,Alameda,001,1643700,36305,32781,500,33281,465
2020-12-05,Alpine,003,1148,59,53,0,53,0
2020-12-05,Amador,005,37829,1199,847,6,853,17
2020-12-05,Butte,007,227075,5029,4455,339,4794,66
2020-12-05,Calaveras,009,45235,661,606,0,606,21
2020-12-05,Colusa,011,21464,944,825,18,843,6
2020-12-05,Contra Costa,013,1133247,28879,26217,237,26454,270
2020-12-05,Del Norte,015,27424,481,408,0,408,2
2020-12-05,El Dorado,017,186661,3829,3061,60,3121,8
2020-12-05,Fresno,019,978130,48909,40568,2156,42724,525
2020-12-05,Glenn,021,27897,1166,1056,94,1150,8
2020-12-05,Humboldt,023,135768,1188,979,4,983,9
2020-12-05,Imperial,025,180216,18473,16544,183,16727,362
2020-12-05,Inyo,027,18085,371,332,1,333,15
2020-12-05,Kern,029,883053,47741,43332,2285,45617,484
2020-12-05,Kings,031,150075,13043,11898,302,12200,90
2020-12-05,Lake,033,64148,1227,1069,0,1069,20
2020-12-05,Lassen,035,31185,2799,2168,12,2180,0
2020-12-05,Los Angeles,037,10098052,481363,433120,9318,442438,7888
2020-12-05,Madera,039,155013,7600,6619,218,6837,59
2020-12-05,Marin,041,260295,8292,7961,44,8005,136
2020-12-05,Mariposa,043,17540,171,143,2,145,2
2020-12-05,Mendocino,045,87422,1777,1585,14,1599,23
2020-12-05,Merced,047,269075,13874,12747,175,12922,180
2020-12-05,Modoc,049,8938,153,118,28,146,0
2020-12-05,Mono,051,14174,649,554,8,562,3
2020-12-05,Monterey,053,433212,18851,17077,380,17457,127
2020-12-05,Napa,055,140530,4091,3565,20,3585,21
2020-12-05,Nevada,057,99092,1975,1642,50,1692,10
2020-12-05,Orange,059,3164182,98617,85735,3159,88894,1612
2020-12-05,Placer,061,380077,9579,7811,247,8058,78
2020-12-05,Plumas,063,18699,305,246,1,247,0
2020-12-05,Riverside,065,2383286,114639,98612,3341,101953,1477
2020-12-05,Sacramento,067,1510023,46534,41878,210,42088,625
2020-12-05,San Benito,069,59416,2307,2073,16,2089,18
2020-12-05,San Bernardino,071,2135413,124338,105382,2678,108060,1283
2020-12-05,San Diego,073,3302833,100240,90470,4072,94542,1055
2020-12-05,San Francisco,075,870044,17872,16786,134,16920,161
2020-12-05,San Joaquin,077,732212,31945,28105,769,28874,523
2020-12-05,San Luis Obispo,079,281455,7437,6623,129,6752,44
2020-12-05,San Mateo,081,765935,17539,15512,18,15530,175
2020-12-05,Santa Barbara,083,443738,13340,12107,255,12362,141
2020-12-05,Santa Clara,085,1922200,45591,38339,120,38459,474
2020-12-05,Santa Cruz,087,273765,5884,4997,96,5093,40
2020-12-05,Shasta,089,179085,6561,5653,355,6008,49
2020-12-05,Sierra,091,2930,20,17,0,17,0
2020-12-05,Siskiyou,093,43540,790,649,59,708,2
2020-12-05,Solano,095,438530,12550,11351,107,11458,87
2020-12-05,Sonoma,097,501317,14423,13137,89,13226,164
2020-12-05,Stanislaus,099,539301,25719,23662,1918,25580,454
2020-12-05,Sutter,101,95872,4592,3937,20,3957,20
2020-12-05,Tehama,103,63373,2156,1926,113,2039,9
2020-12-05,Trinity,105,12862,260,177,21,198,0
2020-12-05,Tulare,107,460477,24764,22660,2224,24884,324
2020-12-05,Tuolumne,109,53932,1418,1180,5,1185,7
2020-12-05,Ventura,111,848112,25324,22710,823,23533,191
2020-12-05,Yolo,113,214977,6038,5351,22,5373,90
2020-12-05,Yuba,115,75493,2623,2275,20,2295,10
2020-12-04,Alameda,001,1643700,35755,31871,487,32358,465
2020-12-04,Alpine,003,1148,59,53,0,53,0
2020-12-04,Amador,005,37829,1185,766,3,769,16
2020-12-04,Butte,007,227075,4958,4336,317,4653,65
2020-12-04,Calaveras,009,45235,656,585,0,585,21
2020-12-04,Colusa,011,21464,930,790,17,807,6
2020-12-04,Contra Costa,013,1133247,28538,25705,225,25930,264
2020-12-04,Del Norte,015,27424,470,401,0,401,2
2020-12-04,El Dorado,017,186661,3741,2933,57,2990,7
2020-12-04,Fresno,019,978130,48201,40108,2087,42195,522
2020-12-04,Glenn,021,27897,1160,1017,86,1103,8
2020-12-04,Humboldt,023,135768,1170,960,4,964,9
2020-12-04,Imperial,025,180216,18230,16484,183,16667,362
2020-12-04,Inyo,027,18085,363,324,1,325,15
2020-12-04,Kern,029,883053,47193,42497,2179,44676,485
2020-12-04,Kings,031,150075,12950,11767,296,12063,88
2020-12-04,Lake,033,64148,1199,1018,0,1018,20
2020-12-04,Lassen,035,31185,2792,2167,10,2177,0
2020-12-04,Los Angeles,037,10098052,472778,424164,9006,433170,7845
2020-12-04,Madera,039,155013,7511,6479,215,6694,58
2020-12-04,Marin,041,260295,8242,7896,42,7938,136
2020-12-04,Mariposa,043,17540,171,136,2,138,2
2020-12-04,Mendocino,045,87422,1758,1563,13,1576,23
2020-12-04,Merced,047,269075,13759,12474,167,12641,177
2020-12-04,Modoc,049,8938,153,115,28,143,0
2020-12-04,Mono,051,14174,644,549,8,557,3
2020-12-04,Monterey,053,433212,18646,16737,371,17108,127
2020-12-04,Napa,055,140530,4038,3432,20,3452,19
2020-12-04,Nevada,057,99092,1950,1560,47,1607,10
2020-12-04,Orange,059,3164182,96699,83738,3090,86828,1597
2020-12-04,Placer,061,380077,9449,7461,233,7694,76
2020-12-04,Plumas,063,18699,298,232,0,232,0
2020-12-04,Riverside,065,2383286,112448,95255,3178,98433,1475
2020-12-04,Sacramento,067,1510023,45769,41061,193,41254,618
2020-12-04,San Benito,069,59416,2279,2006,16,2022,17
2020-12-04,San Bernardino,071,2135413,122071,102418,2566,104984,1290
2020-12-04,San Diego,073,3302833,98758,88183,3986,92169,1047
2020-12-04,San Francisco,075,870044,17683,16499,133,16632,161
2020-12-04,San Joaquin,077,732212,31509,27806,731,28537,522
2020-12-04,San Luis Obispo,079,281455,7352,6473,126,6599,42
2020-12-04,San Mateo,081,765935,17251,15112,17,15129,173
2020-12-04,Santa Barbara,083,443738,13234,11947,247,12194,141
2020-12-04,Santa Clara,085,1922200,44673,37465,114,37579,468
2020-12-04,Santa Cruz,087,273765,5799,4985,94,5079,32
2020-12-04,Shasta,089,179085,6473,5439,345,5784,49
2020-12-04,Sierra,091,2930,19,17,0,17,0
2020-12-04,Siskiyou,093,43540,783,639,56,695,2
2020-12-04,Solano,095,438530,12404,11037,104,11141,87
2020-12-04,Sonoma,097,501317,14274,12962,88,13050,164
2020-12-04,Stanislaus,099,539301,25453,23206,1872,25078,448
2020-12-04,Sutter,101,95872,4520,3791,15,3806,20
2020-12-04,Tehama,103,63373,2117,1876,107,1983,9
2020-12-04,Trinity,105,12862,258,172,21,193,0
2020-12-04,Tulare,107,460477,24483,22273,2149,24422,322
2020-12-04,Tuolumne,109,53932,1387,1134,5,1139,7
2020-12-04,Ventura,111,848112,24948,22024,805,22829,189
2020-12-04,Yolo,113,214977,5964,5294,21,5315,87
2020-12-04,Yuba,115,75493,2580,2225,19,2244,10
2020-12-03,Alameda,001,1643700,34997,31184,468,31652,465
2020-12-03,Alpine,003,1148,58,53,0,53,0
2020-12-03,Amador,005,37829,1134,653,3,656,16
2020-12-03,Butte,007,227075,4864,4305,296,4601,65
2020-12-03,Calaveras,009,45235,637,572,0,572,21
2020-12-03,Colusa,011,21464,917,774,17,791,6
2020-12-03,Contra Costa,013,1133247,28040,25464,217,25681,265
2020-12-03,Del Norte,015,27424,466,388,0,388,2
2020-12-03,El Dorado,017,186661,3615,2740,55,2795,6
2020-12-03,Fresno,019,978130,47454,39680,2012,41692,516
2020-12-03,Glenn,021,27897,1143,997,77,1074,8
2020-12-03,Humboldt,023,135768,1140,923,4,927,9
2020-12-03,Imperial,025,180216,18025,16436,172,16608,359
2020-12-03,Inyo,027,18085,360,321,1,322,15
2020-12-03,Kern,029,883053,46352,42062,2073,44135,483
2020-12-03,Kings,031,150075,12851,11658,283,11941,87
2020-12-03,Lake,033,64148,1185,991,0,991,20
2020-12-03,Lassen,035,31185,2752,2128,9,2137,0
2020-12-03,Los Angeles,037,10098052,462709,415805,8623,424428,7787
2020-12-03,Madera,039,155013,7390,6398,211,6609,58
2020-12-03,Marin,041,260295,8183,7861,38,7899,136
2020-12-03,Mariposa,043,17540,167,132,2,134,2
2020-12-03,Mendocino,045,87422,1742,1547,9,1556,23
2020-12-03,Merced,047,269075,13514,12310,159,12469,177
2020-12-03,Modoc,049,8938,151,114,28,142,0
2020-12-03,Mono,051,14174,623,527,8,535,3
2020-12-03,Monterey,053,433212,18184,16218,360,16578,125
2020-12-03,Napa,055,140530,3925,3360,20,3380,19
2020-12-03,Nevada,057,99092,1873,1472,46,1518,10
2020-12-03,Orange,059,3164182,94185,82187,3016,85203,1591
2020-12-03,Placer,061,380077,9252,7270,217,7487,73
2020-12-03,Plumas,063,18699,284,223,0,223,0
2020-12-03,Riverside,065,2383286,109702,92489,3004,95493,1461
2020-12-03,Sacramento,067,1510023,44714,40280,180,40460,614
2020-12-03,San Benito,069,59416,2235,1967,16,1983,16
2020-12-03,San Bernardino,071,2135413,118753,100787,2477,103264,1283
2020-12-03,San Diego,073,3302833,96950,86144,3868,90012,1040
2020-12-03,San Francisco,075,870044,17461,16236,132,16368,161
2020-12-03,San Joaquin,077,732212,30789,27239,682,27921,522
2020-12-03,San Luis Obispo,079,281455,7184,6388,125,6513,42
2020-12-03,San Mateo,081,765935,16900,14909,16,14925,173
2020-12-03,Santa Barbara,083,443738,13106,11829,241,12070,141
2020-12-03,Santa Clara,085,1922200,43477,36621,108,36729,465
2020-12-03,Santa Cruz,087,273765,5657,4850,90,4940,28
2020-12-03,Shasta,089,179085,6364,5330,338,5668,48
2020-12-03,Sierra,091,2930,19,17,0,17,0
2020-12-03,Siskiyou,093,43540,768,629,53,682,2
2020-12-03,Solano,095,438530,12193,10857,101,10958,87
2020-12-03,Sonoma,097,501317,14031,12772,87,12859,164
2020-12-03,Stanislaus,099,539301,25048,22821,1819,24640,447
2020-12-03,Sutter,101,95872,4437,3727,14,3741,20
2020-12-03,Tehama,103,63373,2066,1832,97,1929,9
2020-12-03,Trinity,105,12862,256,166,21,187,0
2020-12-03,Tulare,107,460477,24088,21993,2053,24046,321
2020-12-03,Tuolumne,109,53932,1346,1105,5,1110,7
2020-12-03,Ventura,111,848112,24245,21555,790,22345,187
2020-12-03,Yolo,113,214977,5826,5069,21,5090,87
2020-12-03,Yuba,115,75493,2511,2182,17,2199,10
2020-12-02,Alameda,001,1643700,34375,30697,456,31153,463
2020-12-02,Alpine,003,1148,57,52,0,52,0
2020-12-02,Amador,005,37829,1062,585,3,588,16
2020-12-02,Butte,007,227075,4742,4243,286,4529,65
2020-12-02,Calaveras,009,45235,621,553,0,553,21
2020-12-02,Colusa,011,21464,901,756,16,772,6
2020-12-02,Contra Costa,013,1133247,27583,25147,204,25351,264
2020-12-02,Del Norte,015,27424,452,384,0,384,2
2020-12-02,El Dorado,017,186661,3515,2638,49,2687,5
2020-12-02,Fresno,019,978130,46709,39324,1902,41226,507
2020-12-02,Glenn,021,27897,1126,995,69,1064,7
2020-12-02,Humboldt,023,135768,1114,899,4,903,9
2020-12-02,Imperial,025,180216,17601,16360,163,16523,356
2020-12-02,Inyo,027,18085,353,314,1,315,15
2020-12-02,Kern,029,883053,45462,41660,1968,43628,479
2020-12-02,Kings,031,150075,12498,11531,269,11800,86
2020-12-02,Lake,033,64148,1156,971,0,971,20
2020-12-02,Lassen,035,31185,2693,2115,9,2124,0
2020-12-02,Los Angeles,037,10098052,452694,408289,8265,416554,7739
2020-12-02,Madera,039,155013,7267,6370,203,6573,57
2020-12-02,Marin,041,260295,8137,7819,36,7855,136
2020-12-02,Mariposa,043,17540,164,131,2,133,2
2020-12-02,Mendocino,045,87422,1709,1524,9,1533,23
2020-12-02,Merced,047,269075,13272,12168,152,12320,173
2020-12-02,Modoc,049,8938,148,113,28,141,0
2020-12-02,Mono,051,14174,614,520,8,528,3
2020-12-02,Monterey,053,433212,17707,16064,321,16385,121
2020-12-02,Napa,055,140530,3822,3298,19,3317,19
2020-12-02,Nevada,057,99092,1811,1430,45,1475,9
2020-12-02,Orange,059,3164182,91993,81046,2935,83981,1569
2020-12-02,Placer,061,380077,9017,6941,202,7143,73
2020-12-02,Plumas,063,18699,271,218,0,218,0
2020-12-02,Riverside,065,2383286,106989,90089,2815,92904,1451
2020-12-02,Sacramento,067,1510023,43684,39334,169,39503,597
2020-12-02,San Benito,069,59416,2171,1921,16,1937,16
2020-12-02,San Bernardino,071,2135413,115200,98567,2359,100926,1240
2020-12-02,San Diego,073,3302833,95036,84640,3754,88394,1035
2020-12-02,San Francisco,075,870044,17223,16058,130,16188,157
2020-12-02,San Joaquin,077,732212,30168,26740,658,27398,519
2020-12-02,San Luis Obispo,079,281455,7086,6324,122,6446,42
2020-12-02,San Mateo,081,765935,16538,14757,15,14772,170
2020-12-02,Santa Barbara,083,443738,12955,11705,228,11933,140
2020-12-02,Santa Clara,085,1922200,42361,35878,107,35985,458
2020-12-02,Santa Cruz,087,273765,5525,4766,87,4853,27
2020-12-02,Shasta,089,179085,6240,5188,321,5509,47
2020-12-02,Sierra,091,2930,19,17,0,17,0
2020-12-02,Siskiyou,093,43540,752,624,51,675,1
2020-12-02,Solano,095,438530,11948,10701,96,10797,87
2020-12-02,Sonoma,097,501317,13791,12635,86,12721,163
2020-12-02,Stanislaus,099,539301,24553,22615,1759,24374,448
2020-12-02,Sutter,101,95872,4276,3604,14,3618,18
2020-12-02,Tehama,103,63373,2023,1800,82,1882,9
2020-12-02,Trinity,105,12862,249,165,21,186,0
2020-12-02,Tulare,107,460477,23712,21789,1967,23756,321
2020-12-02,Tuolumne,109,53932,1306,1076,5,1081,7
2020-12-02,Ventura,111,848112,23836,21208,772,21980,186
2020-12-02,Yolo,113,214977,5715,5053,20,5073,87
2020-12-02,Yuba,115,75493,2434,2119,16,2135,10
2020-12-01,Alameda,001,1643700,33688,30252,444,30696,460
2020-12-01,Alpine,003,1148,57,41,0,41,0
2020-12-01,Amador,005,37829,915,575,2,577,16
2020-12-01,Butte,007,227075,4638,4177,270,4447,65
2020-12-01,Calaveras,009,45235,603,544,0,544,21
2020-12-01,Colusa,011,21464,884,747,16,763,6
2020-12-01,Contra Costa,013,1133247,27010,24788,196,24984,264
2020-12-01,Del Norte,015,27424,424,357,0,357,2
2020-12-01,El Dorado,017,186661,3370,2542,44,2586,4
2020-12-01,Fresno,019,978130,45811,39004,1818,40822,505
2020-12-01,Glenn,021,27897,1105,989,65,1054,7
2020-12-01,Humboldt,023,135768,1083,886,4,890,9
2020-12-01,Imperial,025,180216,17288,16278,160,16438,356
2020-12-01,Inyo,027,18085,346,304,1,305,15
2020-12-01,Kern,029,883053,44663,41345,1832,43177,478
2020-12-01,Kings,031,150075,12185,11415,253,11668,86
2020-12-01,Lake,033,64148,1138,969,0,969,19
2020-12-01,Lassen,035,31185,2527,2047,8,2055,0
2020-12-01,Los Angeles,037,10098052,442355,403266,7923,411189,7704
2020-12-01,Madera,039,155013,7151,6270,194,6464,57
2020-12-01,Marin,041,260295,8067,7787,35,7822,136
2020-12-01,Mariposa,043,17540,159,128,2,130,2
2020-12-01,Mendocino,045,87422,1675,1497,9,1506,23
2020-12-01,Merced,047,269075,13029,12032,143,12175,172
2020-12-01,Modoc,049,8938,143,113,24,137,0
2020-12-01,Mono,051,14174,604,520,8,528,3
2020-12-01,Monterey,053,433212,17200,15835,311,16146,121
2020-12-01,Napa,055,140530,3738,3124,18,3142,19
2020-12-01,Nevada,057,99092,1749,1411,44,1455,9
2020-12-01,Orange,059,3164182,89899,79468,2844,82312,1567
2020-12-01,Placer,061,380077,8692,6794,195,6989,72
2020-12-01,Plumas,063,18699,259,201,0,201,0
2020-12-01,Riverside,065,2383286,104193,88530,2646,91176,1448
2020-12-01,Sacramento,067,1510023,42635,38966,164,39130,589
2020-12-01,San Benito,069,59416,2116,1888,16,1904,15
2020-12-01,San Bernardino,071,2135413,111733,95854,2229,98083,1220
2020-12-01,San Diego,073,3302833,92779,83423,3644,87067,1019
2020-12-01,San Francisco,075,870044,16942,15797,126,15923,157
2020-12-01,San Joaquin,077,732212,29367,26432,636,27068,514
2020-12-01,San Luis Obispo,079,281455,6946,6264,117,6381,40
2020-12-01,San Mateo,081,765935,16213,14495,15,14510,170
2020-12-01,Santa Barbara,083,443738,12815,11611,218,11829,140
2020-12-01,Santa Clara,085,1922200,41105,35397,102,35499,452
2020-12-01,Santa Cruz,087,273765,5369,4638,79,4717,27
2020-12-01,Shasta,089,179085,6112,5077,299,5376,47
2020-12-01,Sierra,091,2930,19,17,0,17,0
2020-12-01,Siskiyou,093,43540,738,608,47,655,1
2020-12-01,Solano,095,438530,11690,10604,90,10694,87
2020-12-01,Sonoma,097,501317,13586,12491,83,12574,163
2020-12-01,Stanislaus,099,539301,24098,22351,1701,24052,447
2020-12-01,Sutter,101,95872,4135,3538,14,3552,17
2020-12-01,Tehama,103,63373,1964,1773,71,1844,9
2020-12-01,Trinity,105,12862,238,165,20,185,0
2020-12-01,Tulare,107,460477,23259,21645,1893,23538,319
2020-12-01,Tuolumne,109,53932,1270,1052,2,1054,7
2020-12-01,Ventura,111,848112,23223,20604,750,21354,186
2020-12-01,Yolo,113,214977,5575,4928,20,4948,86
2020-12-01,Yuba,115,75493,2368,2088,15,2103,10
2020-11-30,Alameda,001,1643700,32873,29972,426,30398,457
2020-11-30,Alpine,003,1148,55,41,0,41,0
2020-11-30,Amador,005,37829,874,559,2,561,16
2020-11-30,Butte,007,227075,4522,4148,253,4401,65
2020-11-30,Calaveras,009,45235,580,478,0,478,21
2020-11-30,Colusa,011,21464,857,737,12,749,6
2020-11-30,Contra Costa,013,1133247,26434,24365,192,24557,264
2020-11-30,Del Norte,015,27424,401,339,0,339,2
2020-11-30,El Dorado,017,186661,3196,2488,39,2527,4
2020-11-30,Fresno,019,978130,44705,38712,1698,40410,500
2020-11-30,Glenn,021,27897,1082,954,60,1014,5
2020-11-30,Humboldt,023,135768,1036,870,4,874,9
2020-11-30,Imperial,025,180216,17036,16212,135,16347,356
2020-11-30,Inyo,027,18085,341,304,1,305,15
2020-11-30,Kern,029,883053,43906,40941,1690,42631,473
2020-11-30,Kings,031,150075,12039,11346,236,11582,85
2020-11-30,Lake,033,64148,1107,939,0,939,18
2020-11-30,Lassen,035,31185,2434,1793,8,1801,0
2020-11-30,Los Angeles,037,10098052,431709,396202,7575,403777,7658
2020-11-30,Madera,039,155013,6983,6210,180,6390,57
2020-11-30,Marin,041,260295,8025,7764,34,7798,136
2020-11-30,Mariposa,043,17540,152,123,2,125,2
2020-11-30,Mendocino,045,87422,1648,1482,9,1491,23
2020-11-30,Merced,047,269075,12755,11913,132,12045,172
2020-11-30,Modoc,049,8938,133,113,24,137,0
2020-11-30,Mono,051,14174,582,519,8,527,3
2020-11-30,Monterey,053,433212,16771,15837,303,16140,119
2020-11-30,Napa,055,140530,3639,3091,17,3108,18
2020-11-30,Nevada,057,99092,1662,1347,41,1388,9
2020-11-30,Orange,059,3164182,87792,78711,2745,81456,1568
2020-11-30,Placer,061,380077,8395,6575,182,6757,72
2020-11-30,Plumas,063,18699,248,192,0,192,0
2020-11-30,Riverside,065,2383286,101207,87722,2491,90213,1446
2020-11-30,Sacramento,067,1510023,41556,37834,156,37990,586
2020-11-30,San Benito,069,59416,2067,1875,15,1890,15
2020-11-30,San Bernardino,071,2135413,108008,92704,2110,94814,1220
2020-11-30,San Diego,073,3302833,90419,82045,3517,85562,997
2020-11-30,San Francisco,075,870044,16644,15638,123,15761,157
2020-11-30,San Joaquin,077,732212,28663,25742,610,26352,509
2020-11-30,San Luis Obispo,079,281455,6811,6224,115,6339,36
2020-11-30,San Mateo,081,765935,15852,14276,15,14291,170
2020-11-30,Santa Barbara,083,443738,12637,11572,211,11783,140
2020-11-30,Santa Clara,085,1922200,39898,35019,101,35120,451
2020-11-30,Santa Cruz,087,273765,5230,4558,75,4633,26
2020-11-30,Shasta,089,179085,5971,4933,265,5198,44
2020-11-30,Sierra,091,2930,19,16,0,16,0
2020-11-30,Siskiyou,093,43540,729,605,43,648,1
2020-11-30,Solano,095,438530,11428,10392,85,10477,87
2020-11-30,Sonoma,097,501317,13342,12232,79,12311,163
2020-11-30,Stanislaus,099,539301,23640,22110,1655,23765,446
2020-11-30,Sutter,101,95872,3979,3430,13,3443,16
2020-11-30,Tehama,103,63373,1916,1724,65,1789,9
2020-11-30,Trinity,105,12862,232,162,20,182,0
2020-11-30,Tulare,107,460477,22875,20833,1796,22629,319
2020-11-30,Tuolumne,109,53932,1225,1027,2,1029,7
2020-11-30,Ventura,111,848112,22464,20308,734,21042,180
2020-11-30,Yolo,113,214977,5463,4894,20,4914,81
2020-11-30,Yuba,115,75493,2307,2028,13,2041,10
2020-11-29,Alameda,001,1643700,32089,29918,404,30322,457
2020-11-29,Alpine,003,1148,52,41,0,41,0
2020-11-29,Amador,005,37829,723,548,2,550,16
2020-11-29,Butte,007,227075,4424,4008,231,4239,65
2020-11-29,Calaveras,009,45235,548,478,0,478,21
2020-11-29,Colusa,011,21464,828,723,8,731,6
2020-11-29,Contra Costa,013,1133247,25931,24165,186,24351,264
2020-11-29,Del Norte,015,27424,395,339,0,339,2
2020-11-29,El Dorado,017,186661,3066,2447,38,2485,4
2020-11-29,Fresno,019,978130,43757,38568,1622,40190,500
2020-11-29,Glenn,021,27897,1059,951,58,1009,4
2020-11-29,Humboldt,023,135768,1007,856,4,860,9
2020-11-29,Imperial,025,180216,16809,16138,107,16245,356
2020-11-29,Inyo,027,18085,326,289,1,290,15
2020-11-29,Kern,029,883053,43149,40596,1539,42135,473
2020-11-29,Kings,031,150075,11891,11247,216,11463,85
2020-11-29,Lake,033,64148,1083,927,0,927,18
2020-11-29,Lassen,035,31185,2331,1793,8,1801,0
2020-11-29,Los Angeles,037,10098052,421341,391162,7254,398416,7642
2020-11-29,Madera,039,155013,6840,6184,174,6358,57
2020-11-29,Marin,041,260295,7959,7739,32,7771,135
2020-11-29,Mariposa,043,17540,148,123,2,125,2
2020-11-29,Mendocino,045,87422,1614,1473,9,1482,23
2020-11-29,Merced,047,269075,12516,11773,123,11896,172
2020-11-29,Modoc,049,8938,129,105,22,127,0
2020-11-29,Mono,051,14174,559,515,8,523,3
2020-11-29,Monterey,053,433212,16460,15621,296,15917,119
2020-11-29,Napa,055,140530,3534,3090,16,3106,18
2020-11-29,Nevada,057,99092,1581,1311,39,1350,9
2020-11-29,Orange,059,3164182,85774,78057,2696,80753,1567
2020-11-29,Placer,061,380077,8104,6535,168,6703,72
2020-11-29,Plumas,063,18699,243,191,0,191,0
2020-11-29,Riverside,065,2383286,98826,87383,2328,89711,1442
2020-11-29,Sacramento,067,1510023,40479,37415,148,37563,585
2020-11-29,San Benito,069,59416,2023,1860,15,1875,15
2020-11-29,San Bernardino,071,2135413,104671,92052,1984,94036,1223
2020-11-29,San Diego,073,3302833,88008,81086,3364,84450,997
2020-11-29,San Francisco,075,870044,16364,15571,116,15687,153
2020-11-29,San Joaquin,077,732212,27922,25740,604,26344,509
2020-11-29,San Luis Obispo,079,281455,6689,6145,115,6260,36
2020-11-29,San Mateo,081,765935,15518,14177,15,14192,169
2020-11-29,Santa Barbara,083,443738,12483,11520,207,11727,140
2020-11-29,Santa Clara,085,1922200,38692,34234,95,34329,451
2020-11-29,Santa Cruz,087,273765,5071,4490,73,4563,26
2020-11-29,Shasta,089,179085,5799,4935,234,5169,43
2020-11-29,Sierra,091,2930,19,16,0,16,0
2020-11-29,Siskiyou,093,43540,706,590,41,631,1
2020-11-29,Solano,095,438530,11196,10393,81,10474,87
2020-11-29,Sonoma,097,501317,13088,12052,75,12127,163
2020-11-29,Stanislaus,099,539301,23147,21701,1616,23317,446
2020-11-29,Sutter,101,95872,3862,3297,13,3310,16
2020-11-29,Tehama,103,63373,1865,1710,49,1759,9
2020-11-29,Trinity,105,12862,229,159,19,178,0
2020-11-29,Tulare,107,460477,22516,20793,1711,22504,319
2020-11-29,Tuolumne,109,53932,1189,988,2,990,7
2020-11-29,Ventura,111,848112,21780,19952,721,20673,179
2020-11-29,Yolo,113,214977,5325,4830,19,4849,80
2020-11-29,Yuba,115,75493,2252,1959,13,1972,10
2020-11-28,Alameda,001,1643700,31780,29368,399,29767,456
2020-11-28,Alpine,003,1148,52,41,0,41,0
2020-11-28,Amador,005,37829,646,536,2,538,16
2020-11-28,Butte,007,227075,4366,3894,227,4121,65
2020-11-28,Calaveras,009,45235,544,478,0,478,21
2020-11-28,Colusa,011,21464,819,711,6,717,6
2020-11-28,Contra Costa,013,1133247,25598,23798,182,23980,264
2020-11-28,Del Norte,015,27424,385,328,0,328,2
2020-11-28,El Dorado,017,186661,2998,2415,32,2447,4
2020-11-28,Fresno,019,978130,43413,38288,1581,39869,500
2020-11-28,Glenn,021,27897,1048,925,54,979,4
2020-11-28,Humboldt,023,135768,972,844,4,848,9
2020-11-28,Imperial,025,180216,16745,16019,105,16124,356
2020-11-28,Inyo,027,18085,318,289,1,290,15
2020-11-28,Kern,029,883053,42788,40255,1450,41705,473
2020-11-28,Kings,031,150075,11827,11070,207,11277,85
2020-11-28,Lake,033,64148,1068,920,0,920,18
2020-11-28,Lassen,035,31185,2264,1714,8,1722,0
2020-11-28,Los Angeles,037,10098052,416434,386194,7092,393286,7625
2020-11-28,Madera,039,155013,6738,6119,167,6286,57
2020-11-28,Marin,041,260295,7929,7696,28,7724,135
2020-11-28,Mariposa,043,17540,145,120,2,122,2
2020-11-28,Mendocino,045,87422,1583,1458,9,1467,22
2020-11-28,Merced,047,269075,12418,11688,117,11805,172
2020-11-28,Modoc,049,8938,126,103,22,125,0
2020-11-28,Mono,051,14174,553,505,8,513,3
2020-11-28,Monterey,053,433212,16294,15328,292,15620,118
2020-11-28,Napa,055,140530,3483,3033,15,3048,18
2020-11-28,Nevada,057,99092,1553,1272,37,1309,9
2020-11-28,Orange,059,3164182,84678,76882,2648,79530,1568
2020-11-28,Placer,061,380077,7945,6497,165,6662,70
2020-11-28,Plumas,063,18699,236,188,0,188,0
2020-11-28,Riverside,065,2383286,97424,86854,2221,89075,1440
2020-11-28,Sacramento,067,1510023,39901,36905,144,37049,580
2020-11-28,San Benito,069,59416,1977,1835,15,1850,15
2020-11-28,San Bernardino,071,2135413,103278,91183,1880,93063,1224
2020-11-28,San Diego,073,3302833,86755,80020,3280,83300,997
2020-11-28,San Francisco,075,870044,16187,15450,108,15558,153
2020-11-28,San Joaquin,077,732212,27726,25742,589,26331,509
2020-11-28,San Luis Obispo,079,281455,6619,6106,111,6217,36
2020-11-28,San Mateo,081,765935,15328,14040,15,14055,169
2020-11-28,Santa Barbara,083,443738,12381,11481,202,11683,140
2020-11-28,Santa Clara,085,1922200,37947,33701,93,33794,449
2020-11-28,Santa Cruz,087,273765,4994,4426,73,4499,26
2020-11-28,Shasta,089,179085,5721,4882,227,5109,43
2020-11-28,Sierra,091,2930,19,16,0,16,0
2020-11-28,Siskiyou,093,43540,696,558,38,596,1
2020-11-28,Solano,095,438530,11077,10252,79,10331,87
2020-11-28,Sonoma,097,501317,12985,12008,65,12073,162
2020-11-28,Stanislaus,099,539301,22912,21574,1578,23152,446
2020-11-28,Sutter,101,95872,3778,3244,13,3257,15
2020-11-28,Tehama,103,63373,1849,1678,45,1723,9
2020-11-28,Trinity,105,12862,227,157,17,174,0
2020-11-28,Tulare,107,460477,22327,20701,1663,22364,319
2020-11-28,Tuolumne,109,53932,1167,976,2,978,7
2020-11-28,Ventura,111,848112,21482,19510,711,20221,179
2020-11-28,Yolo,113,214977,5251,4739,17,4756,80
2020-11-28,Yuba,115,75493,2199,1912,13,1925,10
2020-11-27,Alameda,001,1643700,31342,29064,388,29452,450
2020-11-27,Alpine,003,1148,52,41,0,41,0
2020-11-27,Amador,005,37829,599,498,1,499,16
2020-11-27,Butte,007,227075,4325,3894,221,4115,65
2020-11-27,Calaveras,009,45235,535,478,0,478,21
2020-11-27,Colusa,011,21464,802,694,4,698,6
2020-11-27,Contra Costa,013,1133247,25339,23463,176,23639,264
2020-11-27,Del Norte,015,27424,379,307,0,307,2
2020-11-27,El Dorado,017,186661,2926,2238,29,2267,4
2020-11-27,Fresno,019,978130,43007,37994,1521,39515,500
2020-11-27,Glenn,021,27897,1035,891,49,940,4
2020-11-27,Humboldt,023,135768,953,795,3,798,9
2020-11-27,Imperial,025,180216,16677,15960,96,16056,356
2020-11-27,Inyo,027,18085,312,289,1,290,15
2020-11-27,Kern,029,883053,42370,39707,1374,41081,473
2020-11-27,Kings,031,150075,11741,10667,189,10856,85
2020-11-27,Lake,033,64148,1032,909,0,909,18
2020-11-27,Lassen,035,31185,2252,1714,8,1722,0
2020-11-27,Los Angeles,037,10098052,409938,382740,6925,389665,7606
2020-11-27,Madera,039,155013,6666,6050,161,6211,57
2020-11-27,Marin,041,260295,7886,7660,28,7688,135
2020-11-27,Mariposa,043,17540,143,118,2,120,2
2020-11-27,Mendocino,045,87422,1568,1387,8,1395,22
2020-11-27,Merced,047,269075,12312,11550,110,11660,172
2020-11-27,Modoc,049,8938,125,100,22,122,0
2020-11-27,Mono,051,14174,549,498,8,506,3
2020-11-27,Monterey,053,433212,16127,14753,292,15045,113
2020-11-27,Napa,055,140530,3443,2988,15,3003,18
2020-11-27,Nevada,057,99092,1523,1184,35,1219,9
2020-11-27,Orange,059,3164182,83392,75151,2608,77759,1568
2020-11-27,Placer,061,380077,7785,6283,155,6438,68
2020-11-27,Plumas,063,18699,233,188,0,188,0
2020-11-27,Riverside,065,2383286,95823,85769,2060,87829,1440
2020-11-27,Sacramento,067,1510023,39278,36579,140,36719,579
2020-11-27,San Benito,069,59416,1943,1805,14,1819,15
2020-11-27,San Bernardino,071,2135413,101771,90254,1795,92049,1224
2020-11-27,San Diego,073,3302833,85562,78161,3192,81353,996
2020-11-27,San Francisco,075,870044,16031,15377,106,15483,153
2020-11-27,San Joaquin,077,732212,27506,25741,568,26309,509
2020-11-27,San Luis Obispo,079,281455,6536,6039,108,6147,36
2020-11-27,San Mateo,081,765935,15126,13872,14,13886,169
2020-11-27,Santa Barbara,083,443738,12288,11340,199,11539,140
2020-11-27,Santa Clara,085,1922200,37272,32935,86,33021,449
2020-11-27,Santa Cruz,087,273765,4923,4358,71,4429,26
2020-11-27,Shasta,089,179085,5644,4710,214,4924,43
2020-11-27,Sierra,091,2930,18,16,0,16,0
2020-11-27,Siskiyou,093,43540,681,554,35,589,1
2020-11-27,Solano,095,438530,10958,10044,76,10120,87
2020-11-27,Sonoma,097,501317,12853,11924,63,11987,162
2020-11-27,Stanislaus,099,539301,22686,21185,1547,22732,446
2020-11-27,Sutter,101,95872,3712,3101,12,3113,15
2020-11-27,Tehama,103,63373,1821,1649,41,1690,9
2020-11-27,Trinity,105,12862,223,151,17,168,0
2020-11-27,Tulare,107,460477,22141,20634,1604,22238,319
2020-11-27,Tuolumne,109,53932,1135,881,2,883,7
2020-11-27,Ventura,111,848112,21160,19379,689,20068,179
2020-11-27,Yolo,113,214977,5202,4737,17,4754,79
2020-11-27,Yuba,115,75493,2170,1864,12,1876,10
2020-11-26,Alameda,001,1643700,30930,28797,369,29166,447
2020-11-26,Alpine,003,1148,52,41,0,41,0
2020-11-26,Amador,005,37829,591,488,1,489,16
2020-11-26,Butte,007,227075,4262,3894,215,4109,65
2020-11-26,Calaveras,009,45235,507,478,0,478,21
2020-11-26,Colusa,011,21464,788,694,4,698,6
2020-11-26,Contra Costa,013,1133247,25004,23468,170,23638,264
2020-11-26,Del Norte,015,27424,368,307,0,307,2
2020-11-26,El Dorado,017,186661,2845,2217,27,2244,4
2020-11-26,Fresno,019,978130,42605,37724,1474,39198,500
2020-11-26,Glenn,021,27897,1020,892,46,938,4
2020-11-26,Humboldt,023,135768,931,795,2,797,9
2020-11-26,Imperial,025,180216,16569,15722,91,15813,355
2020-11-26,Inyo,027,18085,311,289,1,290,15
2020-11-26,Kern,029,883053,41932,39123,1302,40425,471
2020-11-26,Kings,031,150075,11686,10475,176,10651,85
2020-11-26,Lake,033,64148,1019,890,0,890,18
2020-11-26,Lassen,035,31185,2237,1714,8,1722,0
2020-11-26,Los Angeles,037,10098052,404804,378340,6675,385015,7581
2020-11-26,Madera,039,155013,6592,6003,155,6158,57
2020-11-26,Marin,041,260295,7849,7610,28,7638,135
2020-11-26,Mariposa,043,17540,138,116,2,118,2
2020-11-26,Mendocino,045,87422,1554,1387,6,1393,22
2020-11-26,Merced,047,269075,12164,11440,108,11548,172
2020-11-26,Modoc,049,8938,123,100,22,122,0
2020-11-26,Mono,051,14174,541,485,8,493,2
2020-11-26,Monterey,053,433212,15891,14750,284,15034,113
2020-11-26,Napa,055,140530,3379,2988,15,3003,18
2020-11-26,Nevada,057,99092,1477,1184,35,1219,9
2020-11-26,Orange,059,3164182,82031,74264,2541,76805,1563
2020-11-26,Placer,061,380077,7619,6278,146,6424,68
2020-11-26,Plumas,063,18699,225,188,0,188,0
2020-11-26,Riverside,065,2383286,94233,85774,1927,87701,1440
2020-11-26,Sacramento,067,1510023,38636,35854,132,35986,580
2020-11-26,San Benito,069,59416,1916,1769,14,1783,15
2020-11-26,San Bernardino,071,2135413,100129,89727,1699,91426,1223
2020-11-26,San Diego,073,3302833,83952,76359,3088,79447,996
2020-11-26,San Francisco,075,870044,15894,15156,103,15259,153
2020-11-26,San Joaquin,077,732212,27253,25738,554,26292,509
2020-11-26,San Luis Obispo,079,281455,6443,5964,105,6069,36
2020-11-26,San Mateo,081,765935,14939,13715,12,13727,169
2020-11-26,Santa Barbara,083,443738,12207,11277,198,11475,139
2020-11-26,Santa Clara,085,1922200,36631,32411,77,32488,446
2020-11-26,Santa Cruz,087,273765,4793,4269,65,4334,26
2020-11-26,Shasta,089,179085,5563,4712,202,4914,43
2020-11-26,Sierra,091,2930,18,15,0,15,0
2020-11-26,Siskiyou,093,43540,671,526,34,560,1
2020-11-26,Solano,095,438530,10815,9941,74,10015,87
2020-11-26,Sonoma,097,501317,12705,11922,61,11983,162
2020-11-26,Stanislaus,099,539301,22458,21186,1503,22689,445
2020-11-26,Sutter,101,95872,3618,3101,11,3112,15
2020-11-26,Tehama,103,63373,1780,1612,37,1649,9
2020-11-26,Trinity,105,12862,219,139,17,156,0
2020-11-26,Tulare,107,460477,21907,20649,1535,22184,319
2020-11-26,Tuolumne,109,53932,1107,871,2,873,7
2020-11-26,Ventura,111,848112,20664,19058,674,19732,179
2020-11-26,Yolo,113,214977,5115,4566,17,4583,76
2020-11-26,Yuba,115,75493,2112,1865,10,1875,10
2020-11-25,Alameda,001,1643700,30714,28378,361,28739,447
2020-11-25,Alpine,003,1148,52,41,0,41,0
2020-11-25,Amador,005,37829,581,484,1,485,16
2020-11-25,Butte,007,227075,4232,3848,212,4060,64
2020-11-25,Calaveras,009,45235,504,475,0,475,21
2020-11-25,Colusa,011,21464,771,693,4,697,6
2020-11-25,Contra Costa,013,1133247,24849,23307,169,23476,263
2020-11-25,Del Norte,015,27424,367,304,0,304,2
2020-11-25,El Dorado,017,186661,2809,2154,27,2181,4
2020-11-25,Fresno,019,978130,42373,37349,1452,38801,494
2020-11-25,Glenn,021,27897,1003,891,44,935,4
2020-11-25,Humboldt,023,135768,923,777,2,779,9
2020-11-25,Imperial,025,180216,16499,15640,89,15729,355
2020-11-25,Inyo,027,18085,309,289,1,290,15
2020-11-25,Kern,029,883053,41776,38878,1283,40161,467
2020-11-25,Kings,031,150075,11651,10417,172,10589,85
2020-11-25,Lake,033,64148,1002,878,0,878,18
2020-11-25,Lassen,035,31185,2194,1701,8,1709,0
2020-11-25,Los Angeles,037,10098052,401785,373919,6563,380482,7545
2020-11-25,Madera,039,155013,6570,5989,152,6141,57
2020-11-25,Marin,041,260295,7822,7601,27,7628,135
2020-11-25,Mariposa,043,17540,137,114,2,116,2
2020-11-25,Mendocino,045,87422,1535,1373,6,1379,22
2020-11-25,Merced,047,269075,12106,11346,108,11454,172
2020-11-25,Modoc,049,8938,123,96,22,118,0
2020-11-25,Mono,051,14174,536,487,8,495,2
2020-11-25,Monterey,053,433212,15774,14695,282,14977,113
2020-11-25,Napa,055,140530,3346,2945,15,2960,17
2020-11-25,Nevada,057,99092,1459,1170,33,1203,9
2020-11-25,Orange,059,3164182,81279,73014,2521,75535,1551
2020-11-25,Placer,061,380077,7543,6221,145,6366,68
2020-11-25,Plumas,063,18699,220,183,0,183,0
2020-11-25,Riverside,065,2383286,93696,85077,1905,86982,1438
2020-11-25,Sacramento,067,1510023,38300,35687,129,35816,574
2020-11-25,San Benito,069,59416,1894,1764,14,1778,15
2020-11-25,San Bernardino,071,2135413,99291,88469,1669,90138,1225
2020-11-25,San Diego,073,3302833,83299,75307,3051,78358,988
2020-11-25,San Francisco,075,870044,15789,15053,101,15154,153
2020-11-25,San Joaquin,077,732212,27128,25556,541,26097,515
2020-11-25,San Luis Obispo,079,281455,6400,5913,104,6017,34
2020-11-25,San Mateo,081,765935,14824,13614,12,13626,170
2020-11-25,Santa Barbara,083,443738,12157,11183,198,11381,138
2020-11-25,Santa Clara,085,1922200,36183,32032,76,32108,442
2020-11-25,Santa Cruz,087,273765,4742,4202,63,4265,25
2020-11-25,Shasta,089,179085,5517,4588,195,4783,43
2020-11-25,Sierra,091,2930,18,15,0,15,0
2020-11-25,Siskiyou,093,43540,664,499,34,533,1
2020-11-25,Solano,095,438530,10710,9832,73,9905,87
2020-11-25,Sonoma,097,501317,12642,11775,60,11835,162
2020-11-25,Stanislaus,099,539301,22329,21022,1474,22496,445
2020-11-25,Sutter,101,95872,3574,3064,11,3075,14
2020-11-25,Tehama,103,63373,1768,1587,32,1619,9
2020-11-25,Trinity,105,12862,217,135,17,152,0
2020-11-25,Tulare,107,460477,21817,20528,1503,22031,318
2020-11-25,Tuolumne,109,53932,1090,842,2,844,7
2020-11-25,Ventura,111,848112,20571,18914,668,19582,179
2020-11-25,Yolo,113,214977,5079,4527,17,4544,76
2020-11-25,Yuba,115,75493,2086,1840,10,1850,10
2020-11-24,Alameda,001,1643700,30236,28030,350,28380,444
2020-11-24,Alpine,003,1148,52,41,0,41,0
2020-11-24,Amador,005,37829,556,470,1,471,16
2020-11-24,Butte,007,227075,4146,3798,204,4002,63
2020-11-24,Calaveras,009,45235,497,466,0,466,21
2020-11-24,Colusa,011,21464,753,682,4,686,6
2020-11-24,Contra Costa,013,1133247,24496,23072,163,23235,259
2020-11-24,Del Norte,015,27424,357,298,0,298,2
2020-11-24,El Dorado,017,186661,2704,2005,26,2031,4
2020-11-24,Fresno,019,978130,41971,37021,1373,38394,493
2020-11-24,Glenn,021,27897,985,883,40,923,4
2020-11-24,Humboldt,023,135768,904,774,2,776,9
2020-11-24,Imperial,025,180216,16397,15600,82,15682,355
2020-11-24,Inyo,027,18085,308,282,1,283,15
2020-11-24,Kern,029,883053,41304,38551,1204,39755,465
2020-11-24,Kings,031,150075,11384,10338,159,10497,85
2020-11-24,Lake,033,64148,986,872,0,872,18
2020-11-24,Lassen,035,31185,2172,1657,8,1665,0
2020-11-24,Los Angeles,037,10098052,395481,370008,6322,376330,7501
2020-11-24,Madera,039,155013,6487,5881,145,6026,57
2020-11-24,Marin,041,260295,7775,7591,27,7618,135
2020-11-24,Mariposa,043,17540,127,114,1,115,2
2020-11-24,Mendocino,045,87422,1513,1346,5,1351,22
2020-11-24,Merced,047,269075,11917,11268,103,11371,171
2020-11-24,Modoc,049,8938,119,91,22,113,0
2020-11-24,Mono,051,14174,532,483,8,491,2
2020-11-24,Monterey,053,433212,15516,14354,270,14624,113
2020-11-24,Napa,055,140530,3280,2904,15,2919,17
2020-11-24,Nevada,057,99092,1396,1156,30,1186,9
2020-11-24,Orange,059,3164182,79837,71975,2436,74411,1547
2020-11-24,Placer,061,380077,7362,6147,138,6285,67
2020-11-24,Plumas,063,18699,217,180,0,180,0
2020-11-24,Riverside,065,2383286,91946,83685,1772,85457,1420
2020-11-24,Sacramento,067,1510023,37620,35097,122,35219,568
2020-11-24,San Benito,069,59416,1863,1740,13,1753,15
2020-11-24,San Bernardino,071,2135413,96962,86645,1562,88207,1226
2020-11-24,San Diego,073,3302833,81893,74363,2980,77343,984
2020-11-24,San Francisco,075,870044,15594,14874,98,14972,153
2020-11-24,San Joaquin,077,732212,26814,25318,510,25828,517
2020-11-24,San Luis Obispo,079,281455,6337,5805,103,5908,34
2020-11-24,San Mateo,081,765935,14615,13558,11,13569,170
2020-11-24,Santa Barbara,083,443738,12051,11154,196,11350,138
2020-11-24,Santa Clara,085,1922200,35396,31564,72,31636,438
2020-11-24,Santa Cruz,087,273765,4630,4132,62,4194,25
2020-11-24,Shasta,089,179085,5417,4410,176,4586,43
2020-11-24,Sierra,091,2930,18,15,0,15,0
2020-11-24,Siskiyou,093,43540,646,473,31,504,1
2020-11-24,Solano,095,438530,10539,9716,72,9788,86
2020-11-24,Sonoma,097,501317,12462,11644,57,11701,162
2020-11-24,Stanislaus,099,539301,22088,20830,1430,22260,438
2020-11-24,Sutter,101,95872,3469,2974,11,2985,14
2020-11-24,Tehama,103,63373,1718,1565,27,1592,9
2020-11-24,Trinity,105,12862,211,129,17,146,0
2020-11-24,Tulare,107,460477,21571,20319,1437,21756,315
2020-11-24,Tuolumne,109,53932,1061,832,2,834,7
2020-11-24,Ventura,111,848112,20190,18637,656,19293,179
2020-11-24,Yolo,113,214977,4995,4420,17,4437,76
2020-11-24,Yuba,115,75493,2035,1804,8,1812,10
2020-11-23,Alameda,001,1643700,29823,27718,337,28055,444
2020-11-23,Alpine,003,1148,50,41,0,41,0
2020-11-23,Amador,005,37829,515,457,1,458,16
2020-11-23,Butte,007,227075,4082,3765,198,3963,61
2020-11-23,Calaveras,009,45235,480,434,0,434,21
2020-11-23,Colusa,011,21464,739,662,4,666,6
2020-11-23,Contra Costa,013,1133247,24225,22674,157,22831,260
2020-11-23,Del Norte,015,27424,335,296,0,296,2
2020-11-23,El Dorado,017,186661,2584,2005,25,2030,4
2020-11-23,Fresno,019,978130,41525,36688,1311,37999,488
2020-11-23,Glenn,021,27897,959,853,40,893,4
2020-11-23,Humboldt,023,135768,891,746,2,748,9
2020-11-23,Imperial,025,180216,16227,15104,76,15180,355
2020-11-23,Inyo,027,18085,301,279,1,280,15
2020-11-23,Kern,029,883053,40793,38245,1139,39384,463
2020-11-23,Kings,031,150075,10965,10204,151,10355,85
2020-11-23,Lake,033,64148,963,840,0,840,18
2020-11-23,Lassen,035,31185,2092,1271,7,1278,0
2020-11-23,Los Angeles,037,10098052,389400,366374,6064,372438,7447
2020-11-23,Madera,039,155013,6362,5787,140,5927,56
2020-11-23,Marin,041,260295,7733,7543,27,7570,135
2020-11-23,Mariposa,043,17540,126,97,1,98,2
2020-11-23,Mendocino,045,87422,1483,1330,5,1335,22
2020-11-23,Merced,047,269075,11729,11148,100,11248,169
2020-11-23,Modoc,049,8938,105,91,21,112,0
2020-11-23,Mono,051,14174,519,480,8,488,2
2020-11-23,Monterey,053,433212,15238,14265,263,14528,112
2020-11-23,Napa,055,140530,3214,2811,14,2825,17
2020-11-23,Nevada,057,99092,1307,1087,30,1117,9
2020-11-23,Orange,059,3164182,78434,71074,2388,73462,1546
2020-11-23,Placer,061,380077,7159,5999,137,6136,66
2020-11-23,Plumas,063,18699,213,172,0,172,0
2020-11-23,Riverside,065,2383286,90167,82175,1710,83885,1415
2020-11-23,Sacramento,067,1510023,37053,34141,114,34255,556
2020-11-23,San Benito,069,59416,1835,1729,12,1741,15
2020-11-23,San Bernardino,071,2135413,94857,84387,1498,85885,1224
2020-11-23,San Diego,073,3302833,80431,72817,2892,75709,968
2020-11-23,San Francisco,075,870044,15435,14646,96,14742,153
2020-11-23,San Joaquin,077,732212,26465,24622,506,25128,517
2020-11-23,San Luis Obispo,079,281455,6255,5772,101,5873,34
2020-11-23,San Mateo,081,765935,14423,13364,11,13375,170
2020-11-23,Santa Barbara,083,443738,11943,10944,192,11136,137
2020-11-23,Santa Clara,085,1922200,34746,31064,68,31132,435
2020-11-23,Santa Cruz,087,273765,4521,4003,57,4060,25
2020-11-23,Shasta,089,179085,5300,4100,163,4263,43
2020-11-23,Sierra,091,2930,17,15,0,15,0
2020-11-23,Siskiyou,093,43540,619,460,30,490,0
2020-11-23,Solano,095,438530,10382,9394,69,9463,86
2020-11-23,Sonoma,097,501317,12289,11507,53,11560,160
2020-11-23,Stanislaus,099,539301,21797,20487,1397,21884,436
2020-11-23,Sutter,101,95872,3331,2840,10,2850,14
2020-11-23,Tehama,103,63373,1670,1526,24,1550,9
2020-11-23,Trinity,105,12862,205,120,15,135,0
2020-11-23,Tulare,107,460477,21284,19818,1363,21181,315
2020-11-23,Tuolumne,109,53932,1021,774,2,776,7
2020-11-23,Ventura,111,848112,19815,18480,644,19124,179
2020-11-23,Yolo,113,214977,4915,4265,16,4281,75
2020-11-23,Yuba,115,75493,1968,1702,8,1710,10
2020-11-22,Alameda,001,1643700,29389,27472,325,27797,444
2020-11-22,Alpine,003,1148,47,41,0,41,0
2020-11-22,Amador,005,37829,503,450,1,451,16
2020-11-22,Butte,007,227075,4033,3712,188,3900,61
2020-11-22,Calaveras,009,45235,468,434,0,434,21
2020-11-22,Colusa,011,21464,721,642,3,645,6
2020-11-22,Contra Costa,013,1133247,23920,22407,152,22559,260
2020-11-22,Del Norte,015,27424,311,271,0,271,2
2020-11-22,El Dorado,017,186661,2474,1917,22,1939,4
2020-11-22,Fresno,019,978130,41044,36315,1253,37568,488
2020-11-22,Glenn,021,27897,939,832,34,866,4
2020-11-22,Humboldt,023,135768,875,729,2,731,9
2020-11-22,Imperial,025,180216,16022,15109,30,15139,355
2020-11-22,Inyo,027,18085,294,279,1,280,15
2020-11-22,Kern,029,883053,40216,37904,1102,39006,463
2020-11-22,Kings,031,150075,10864,10035,142,10177,85
2020-11-22,Lake,033,64148,941,834,0,834,18
2020-11-22,Lassen,035,31185,1927,1211,6,1217,0
2020-11-22,Los Angeles,037,10098052,383129,360341,5803,366144,7438
2020-11-22,Madera,039,155013,6282,5745,129,5874,56
2020-11-22,Marin,041,260295,7698,7506,26,7532,135
2020-11-22,Mariposa,043,17540,125,95,1,96,2
2020-11-22,Mendocino,045,87422,1459,1285,3,1288,22
2020-11-22,Merced,047,269075,11580,10939,100,11039,169
2020-11-22,Modoc,049,8938,104,87,19,106,0
2020-11-22,Mono,051,14174,504,481,8,489,2
2020-11-22,Monterey,053,433212,14997,13887,257,14144,111
2020-11-22,Napa,055,140530,3133,2778,14,2792,17
2020-11-22,Nevada,057,99092,1249,1052,30,1082,9
2020-11-22,Orange,059,3164182,77024,69913,2348,72261,1546
2020-11-22,Placer,061,380077,6938,5880,126,6006,66
2020-11-22,Plumas,063,18699,200,172,0,172,0
2020-11-22,Riverside,065,2383286,88580,81565,1646,83211,1409
2020-11-22,Sacramento,067,1510023,36322,33421,101,33522,555
2020-11-22,San Benito,069,59416,1806,1704,12,1716,15
2020-11-22,San Bernardino,071,2135413,92517,83505,1422,84927,1224
2020-11-22,San Diego,073,3302833,78695,71649,2817,74466,968
2020-11-22,San Francisco,075,870044,15264,14515,95,14610,153
2020-11-22,San Joaquin,077,732212,26169,24619,493,25112,517
2020-11-22,San Luis Obispo,079,281455,6153,5664,100,5764,34
2020-11-22,San Mateo,081,765935,14219,13228,11,13239,170
2020-11-22,Santa Barbara,083,443738,11808,10946,186,11132,137
2020-11-22,Santa Clara,085,1922200,34069,30633,66,30699,434
2020-11-22,Santa Cruz,087,273765,4439,3896,50,3946,25
2020-11-22,Shasta,089,179085,5143,4100,144,4244,43
2020-11-22,Sierra,091,2930,17,13,0,13,0
2020-11-22,Siskiyou,093,43540,587,411,30,441,0
2020-11-22,Solano,095,438530,10212,9363,65,9428,86
2020-11-22,Sonoma,097,501317,12131,11415,51,11466,159
2020-11-22,Stanislaus,099,539301,21473,20223,1363,21586,436
2020-11-22,Sutter,101,95872,3213,2677,10,2687,13
2020-11-22,Tehama,103,63373,1636,1457,19,1476,9
2020-11-22,Trinity,105,12862,200,114,15,129,0
2020-11-22,Tulare,107,460477,21036,19818,1290,21108,314
2020-11-22,Tuolumne,109,53932,995,689,2,691,7
2020-11-22,Ventura,111,848112,19454,18105,632,18737,179
2020-11-22,Yolo,113,214977,4815,4206,16,4222,75
2020-11-22,Yuba,115,75493,1915,1672,8,1680,10
2020-11-21,Alameda,001,1643700,29205,27424,323,27747,444
2020-11-21,Alpine,003,1148,47,41,0,41,0
2020-11-21,Amador,005,37829,489,450,1,451,16
2020-11-21,Butte,007,227075,3985,3664,185,3849,61
2020-11-21,Calaveras,009,45235,462,434,0,434,21
2020-11-21,Colusa,011,21464,712,642,3,645,6
2020-11-21,Contra Costa,013,1133247,23766,22338,150,22488,260
2020-11-21,Del Norte,015,27424,306,271,0,271,2
2020-11-21,El Dorado,017,186661,2425,1900,21,1921,4
2020-11-21,Fresno,019,978130,40789,35973,1220,37193,482
2020-11-21,Glenn,021,27897,934,829,32,861,4
2020-11-21,Humboldt,023,135768,865,728,2,730,9
2020-11-21,Imperial,025,180216,15945,15053,30,15083,355
2020-11-21,Inyo,027,18085,292,283,1,284,15
2020-11-21,Kern,029,883053,39966,37403,1064,38467,463
2020-11-21,Kings,031,150075,10816,10019,138,10157,85
2020-11-21,Lake,033,64148,928,832,0,832,18
2020-11-21,Lassen,035,31185,1859,1211,6,1217,0
2020-11-21,Los Angeles,037,10098052,379965,357754,5650,363404,7428
2020-11-21,Madera,039,155013,6245,5706,129,5835,56
2020-11-21,Marin,041,260295,7675,7488,25,7513,134
2020-11-21,Mariposa,043,17540,125,92,1,93,2
2020-11-21,Mendocino,045,87422,1428,1282,3,1285,22
2020-11-21,Merced,047,269075,11519,10849,99,10948,169
2020-11-21,Modoc,049,8938,100,87,18,105,0
2020-11-21,Mono,051,14174,499,469,8,477,2
2020-11-21,Monterey,053,433212,14899,13886,251,14137,110
2020-11-21,Napa,055,140530,3099,2757,14,2771,17
2020-11-21,Nevada,057,99092,1237,1018,29,1047,9
2020-11-21,Orange,059,3164182,76221,69021,2317,71338,1543
2020-11-21,Placer,061,380077,6828,5778,123,5901,65
2020-11-21,Plumas,063,18699,195,172,0,172,0
2020-11-21,Riverside,065,2383286,87808,80676,1597,82273,1407
2020-11-21,Sacramento,067,1510023,35927,33133,93,33226,548
2020-11-21,San Benito,069,59416,1787,1691,12,1703,15
2020-11-21,San Bernardino,071,2135413,91646,83206,1341,84547,1222
2020-11-21,San Diego,073,3302833,77916,70711,2762,73473,966
2020-11-21,San Francisco,075,870044,15161,14445,94,14539,153
2020-11-21,San Joaquin,077,732212,26037,24620,477,25097,517
2020-11-21,San Luis Obispo,079,281455,6101,5618,97,5715,34
2020-11-21,San Mateo,081,765935,14117,13138,11,13149,170
2020-11-21,Santa Barbara,083,443738,11757,10922,183,11105,137
2020-11-21,Santa Clara,085,1922200,33685,30377,63,30440,433
2020-11-21,Santa Cruz,087,273765,4383,3898,49,3947,25
2020-11-21,Shasta,089,179085,5070,4095,141,4236,42
2020-11-21,Sierra,091,2930,17,13,0,13,0
2020-11-21,Siskiyou,093,43540,571,403,30,433,0
2020-11-21,Solano,095,438530,10123,9290,61,9351,86
2020-11-21,Sonoma,097,501317,12056,11394,49,11443,158
2020-11-21,Stanislaus,099,539301,21330,20111,1338,21449,435
2020-11-21,Sutter,101,95872,3153,2615,9,2624,13
2020-11-21,Tehama,103,63373,1616,1435,18,1453,9
2020-11-21,Trinity,105,12862,197,110,14,124,0
2020-11-21,Tulare,107,460477,20910,19752,1256,21008,313
2020-11-21,Tuolumne,109,53932,976,690,2,692,7
2020-11-21,Ventura,111,848112,19291,18040,622,18662,177
2020-11-21,Yolo,113,214977,4739,4147,15,4162,75
2020-11-21,Yuba,115,75493,1883,1643,8,1651,10
2020-11-20,Alameda,001,1643700,28993,27221,315,27536,444
2020-11-20,Alpine,003,1148,47,20,0,20,0
2020-11-20,Amador,005,37829,485,446,1,447,16
2020-11-20,Butte,007,227075,3953,3618,181,3799,60
2020-11-20,Calaveras,009,45235,450,424,0,424,21
2020-11-20,Colusa,011,21464,704,631,2,633,6
2020-11-20,Contra Costa,013,1133247,23580,22116,145,22261,260
2020-11-20,Del Norte,015,27424,302,264,0,264,2
2020-11-20,El Dorado,017,186661,2330,1868,19,1887,4
2020-11-20,Fresno,019,978130,40498,35635,1187,36822,480
2020-11-20,Glenn,021,27897,922,826,30,856,4
2020-11-20,Humboldt,023,135768,856,714,1,715,9
2020-11-20,Imperial,025,180216,15883,14864,26,14890,353
2020-11-20,Inyo,027,18085,290,262,1,263,15
2020-11-20,Kern,029,883053,39674,37143,1038,38181,462
2020-11-20,Kings,031,150075,10769,9903,136,10039,85
2020-11-20,Lake,033,64148,919,820,0,820,18
2020-11-20,Lassen,035,31185,1774,1212,5,1217,0
2020-11-20,Los Angeles,037,10098052,376086,353554,5483,359037,7398
2020-11-20,Madera,039,155013,6153,5635,127,5762,54
2020-11-20,Marin,041,260295,7651,7467,24,7491,134
2020-11-20,Mariposa,043,17540,117,89,1,90,2
2020-11-20,Mendocino,045,87422,1408,1269,3,1272,22
2020-11-20,Merced,047,269075,11433,10729,99,10828,167
2020-11-20,Modoc,049,8938,100,83,18,101,0
2020-11-20,Mono,051,14174,497,469,8,477,2
2020-11-20,Monterey,053,433212,14774,13738,242,13980,110
2020-11-20,Napa,055,140530,3069,2718,14,2732,17
2020-11-20,Nevada,057,99092,1219,990,28,1018,9
2020-11-20,Orange,059,3164182,75389,68212,2277,70489,1532
2020-11-20,Placer,061,380077,6697,5687,107,5794,66
2020-11-20,Plumas,063,18699,193,163,0,163,0
2020-11-20,Riverside,065,2383286,86801,79613,1529,81142,1405
2020-11-20,Sacramento,067,1510023,35552,32832,83,32915,549
2020-11-20,San Benito,069,59416,1775,1668,12,1680,15
2020-11-20,San Bernardino,071,2135413,90283,81203,1257,82460,1220
2020-11-20,San Diego,073,3302833,76918,69233,2680,71913,960
2020-11-20,San Francisco,075,870044,15057,14327,93,14420,153
2020-11-20,San Joaquin,077,732212,25885,24460,463,24923,515
2020-11-20,San Luis Obispo,079,281455,6047,5524,94,5618,34
2020-11-20,San Mateo,081,765935,13984,12980,10,12990,169
2020-11-20,Santa Barbara,083,443738,11700,10825,177,11002,136
2020-11-20,Santa Clara,085,1922200,33264,30002,57,30059,431
2020-11-20,Santa Cruz,087,273765,4316,3815,49,3864,25
2020-11-20,Shasta,089,179085,4996,3861,136,3997,42
2020-11-20,Sierra,091,2930,17,12,0,12,0
2020-11-20,Siskiyou,093,43540,558,387,29,416,0
2020-11-20,Solano,095,438530,10032,9216,58,9274,85
2020-11-20,Sonoma,097,501317,11972,11316,48,11364,158
2020-11-20,Stanislaus,099,539301,21176,19889,1311,21200,433
2020-11-20,Sutter,101,95872,3103,2580,9,2589,13
2020-11-20,Tehama,103,63373,1602,1410,14,1424,9
2020-11-20,Trinity,105,12862,196,102,14,116,0
2020-11-20,Tulare,107,460477,20779,19568,1215,20783,311
2020-11-20,Tuolumne,109,53932,937,662,2,664,7
2020-11-20,Ventura,111,848112,19124,17741,594,18335,175
2020-11-20,Yolo,113,214977,4661,4081,14,4095,74
2020-11-20,Yuba,115,75493,1855,1611,8,1619,10
2020-11-19,Alameda,001,1643700,28648,26971,306,27277,441
2020-11-19,Alpine,003,1148,44,20,0,20,0
2020-11-19,Amador,005,37829,481,436,1,437,16
2020-11-19,Butte,007,227075,3904,3576,174,3750,60
2020-11-19,Calaveras,009,45235,440,417,0,417,21
2020-11-19,Colusa,011,21464,686,621,2,623,6
2020-11-19,Contra Costa,013,1133247,23309,21886,142,22028,259
2020-11-19,Del Norte,015,27424,294,251,0,251,2
2020-11-19,El Dorado,017,186661,2256,1825,18,1843,4
2020-11-19,Fresno,019,978130,40053,35278,1127,36405,478
2020-11-19,Glenn,021,27897,900,806,29,835,4
2020-11-19,Humboldt,023,135768,836,693,1,694,9
2020-11-19,Imperial,025,180216,15673,14507,26,14533,349
2020-11-19,Inyo,027,18085,288,262,1,263,15
2020-11-19,Kern,029,883053,39255,36779,994,37773,459
2020-11-19,Kings,031,150075,10622,9763,128,9891,85
2020-11-19,Lake,033,64148,905,809,0,809,18
2020-11-19,Lassen,035,31185,1657,1201,3,1204,0
2020-11-19,Los Angeles,037,10098052,371077,349493,5305,354798,7365
2020-11-19,Madera,039,155013,6081,5540,120,5660,54
2020-11-19,Marin,041,260295,7620,7451,24,7475,134
2020-11-19,Mariposa,043,17540,110,88,0,88,2
2020-11-19,Mendocino,045,87422,1387,1237,3,1240,23
2020-11-19,Merced,047,269075,11292,10634,93,10727,167
2020-11-19,Modoc,049,8938,97,82,18,100,0
2020-11-19,Mono,051,14174,489,468,8,476,2
2020-11-19,Monterey,053,433212,14559,13369,231,13600,108
2020-11-19,Napa,055,140530,3015,2641,14,2655,17
2020-11-19,Nevada,057,99092,1178,945,27,972,9
2020-11-19,Orange,059,3164182,74127,66998,2230,69228,1530
2020-11-19,Placer,061,380077,6508,5612,106,5718,65
2020-11-19,Plumas,063,18699,188,158,0,158,0
2020-11-19,Riverside,065,2383286,85331,78535,1457,79992,1402
2020-11-19,Sacramento,067,1510023,35039,32367,81,32448,546
2020-11-19,San Benito,069,59416,1752,1643,12,1655,15
2020-11-19,San Bernardino,071,2135413,88392,79244,1173,80417,1215
2020-11-19,San Diego,073,3302833,75670,68142,2576,70718,952
2020-11-19,San Francisco,075,870044,14900,14178,87,14265,153
2020-11-19,San Joaquin,077,732212,25566,24270,451,24721,516
2020-11-19,San Luis Obispo,079,281455,5971,5410,91,5501,34
2020-11-19,San Mateo,081,765935,13846,12714,10,12724,169
2020-11-19,Santa Barbara,083,443738,11620,10741,174,10915,136
2020-11-19,Santa Clara,085,1922200,32705,29630,56,29686,424
2020-11-19,Santa Cruz,087,273765,4225,3679,47,3726,25
2020-11-19,Shasta,089,179085,4859,3685,125,3810,42
2020-11-19,Sierra,091,2930,17,11,0,11,0
2020-11-19,Siskiyou,093,43540,533,360,28,388,0
2020-11-19,Solano,095,438530,9895,9093,54,9147,84
2020-11-19,Sonoma,097,501317,11801,11205,46,11251,156
2020-11-19,Stanislaus,099,539301,20935,19736,1269,21005,433
2020-11-19,Sutter,101,95872,3006,2509,9,2518,13
2020-11-19,Tehama,103,63373,1569,1373,11,1384,9
2020-11-19,Trinity,105,12862,190,97,14,111,0
2020-11-19,Tulare,107,460477,20558,19384,1148,20532,304
2020-11-19,Tuolumne,109,53932,905,602,2,604,7
2020-11-19,Ventura,111,848112,18771,17300,581,17881,174
2020-11-19,Yolo,113,214977,4566,3973,14,3987,72
2020-11-19,Yuba,115,75493,1815,1568,8,1576,10
2020-11-18,Alameda,001,1643700,28386,26610,301,26911,440
2020-11-18,Alpine,003,1148,43,16,0,16,0
2020-11-18,Amador,005,37829,476,430,1,431,16
2020-11-18,Butte,007,227075,3851,3537,161,3698,59
2020-11-18,Calaveras,009,45235,434,409,0,409,21
2020-11-18,Colusa,011,21464,673,611,2,613,6
2020-11-18,Contra Costa,013,1133247,23042,21685,138,21823,258
2020-11-18,Del Norte,015,27424,280,240,0,240,2
2020-11-18,El Dorado,017,186661,2169,1799,17,1816,4
2020-11-18,Fresno,019,978130,39616,34997,1073,36070,474
2020-11-18,Glenn,021,27897,884,803,27,830,4
2020-11-18,Humboldt,023,135768,822,690,1,691,9
2020-11-18,Imperial,025,180216,15451,14428,26,14454,348
2020-11-18,Inyo,027,18085,286,262,1,263,15
2020-11-18,Kern,029,883053,38869,36537,941,37478,456
2020-11-18,Kings,031,150075,10474,9696,125,9821,85
2020-11-18,Lake,033,64148,892,802,0,802,18
2020-11-18,Lassen,035,31185,1557,1124,3,1127,0
2020-11-18,Los Angeles,037,10098052,366219,344675,5112,349787,7338
2020-11-18,Madera,039,155013,5994,5519,108,5627,54
2020-11-18,Marin,041,260295,7596,7435,24,7459,134
2020-11-18,Mariposa,043,17540,107,88,0,88,2
2020-11-18,Mendocino,045,87422,1367,1237,3,1240,23
2020-11-18,Merced,047,269075,11177,10536,91,10627,166
2020-11-18,Modoc,049,8938,94,77,18,95,0
2020-11-18,Mono,051,14174,484,468,8,476,2
2020-11-18,Monterey,053,433212,14367,13340,216,13556,108
2020-11-18,Napa,055,140530,2968,2607,14,2621,17
2020-11-18,Nevada,057,99092,1139,933,25,958,9
2020-11-18,Orange,059,3164182,73034,66381,2205,68586,1521
2020-11-18,Placer,061,380077,6331,5543,101,5644,64
2020-11-18,Plumas,063,18699,183,143,0,143,0
2020-11-18,Riverside,065,2383286,83867,77739,1355,79094,1387
2020-11-18,Sacramento,067,1510023,34414,31816,73,31889,541
2020-11-18,San Benito,069,59416,1727,1632,11,1643,15
2020-11-18,San Bernardino,071,2135413,86637,77400,1090,78490,1206
2020-11-18,San Diego,073,3302833,74378,67243,2516,69759,945
2020-11-18,San Francisco,075,870044,14756,14057,85,14142,153
2020-11-18,San Joaquin,077,732212,25299,24146,436,24582,517
2020-11-18,San Luis Obispo,079,281455,5896,5322,90,5412,34
2020-11-18,San Mateo,081,765935,13693,12631,9,12640,169
2020-11-18,Santa Barbara,083,443738,11541,10684,167,10851,136
2020-11-18,Santa Clara,085,1922200,32240,29285,51,29336,421
2020-11-18,Santa Cruz,087,273765,4133,3618,45,3663,25
2020-11-18,Shasta,089,179085,4723,3547,121,3668,42
2020-11-18,Sierra,091,2930,17,11,0,11,0
2020-11-18,Siskiyou,093,43540,501,351,27,378,0
2020-11-18,Solano,095,438530,9763,8994,52,9046,84
2020-11-18,Sonoma,097,501317,11694,11129,43,11172,155
2020-11-18,Stanislaus,099,539301,20692,19609,1244,20853,431
2020-11-18,Sutter,101,95872,2888,2442,9,2451,13
2020-11-18,Tehama,103,63373,1530,1338,11,1349,8
2020-11-18,Trinity,105,12862,178,95,13,108,0
2020-11-18,Tulare,107,460477,20352,19286,1093,20379,306
2020-11-18,Tuolumne,109,53932,869,590,2,592,7
2020-11-18,Ventura,111,848112,18446,17169,566,17735,173
2020-11-18,Yolo,113,214977,4492,3929,14,3943,71
2020-11-18,Yuba,115,75493,1761,1540,8,1548,10
2020-11-17,Alameda,001,1643700,28062,26425,291,26716,439
2020-11-17,Alpine,003,1148,41,12,0,12,0
2020-11-17,Amador,005,37829,465,423,1,424,16
2020-11-17,Butte,007,227075,3809,3500,151,3651,59
2020-11-17,Calaveras,009,45235,419,405,0,405,21
2020-11-17,Colusa,011,21464,662,606,1,607,6
2020-11-17,Contra Costa,013,1133247,22769,21557,133,21690,256
2020-11-17,Del Norte,015,27424,275,233,0,233,2
2020-11-17,El Dorado,017,186661,2110,1758,17,1775,4
2020-11-17,Fresno,019,978130,39020,34765,1013,35778,472
2020-11-17,Glenn,021,27897,873,795,26,821,4
2020-11-17,Humboldt,023,135768,800,685,1,686,9
2020-11-17,Imperial,025,180216,15215,14204,25,14229,346
2020-11-17,Inyo,027,18085,285,263,1,264,15
2020-11-17,Kern,029,883053,38419,36164,887,37051,455
2020-11-17,Kings,031,150075,10401,9653,118,9771,85
2020-11-17,Lake,033,64148,872,792,0,792,18
2020-11-17,Lassen,035,31185,1478,1124,3,1127,0
2020-11-17,Los Angeles,037,10098052,361280,340933,4944,345877,7302
2020-11-17,Madera,039,155013,5905,5485,101,5586,54
2020-11-17,Marin,041,260295,7564,7404,23,7427,134
2020-11-17,Mariposa,043,17540,104,87,0,87,2
2020-11-17,Mendocino,045,87422,1346,1216,3,1219,23
2020-11-17,Merced,047,269075,11033,10457,85,10542,162
2020-11-17,Modoc,049,8938,88,71,17,88,0
2020-11-17,Mono,051,14174,479,459,8,467,2
2020-11-17,Monterey,053,433212,14139,13220,206,13426,108
2020-11-17,Napa,055,140530,2914,2568,14,2582,17
2020-11-17,Nevada,057,99092,1098,918,24,942,9
2020-11-17,Orange,059,3164182,71887,65757,2174,67931,1519
2020-11-17,Placer,061,380077,6170,5435,95,5530,63
2020-11-17,Plumas,063,18699,175,142,0,142,0
2020-11-17,Riverside,065,2383286,82490,77079,1262,78341,1379
2020-11-17,Sacramento,067,1510023,33814,31341,69,31410,538
2020-11-17,San Benito,069,59416,1712,1611,4,1615,15
2020-11-17,San Bernardino,071,2135413,84826,76134,998,77132,1188
2020-11-17,San Diego,073,3302833,73126,66321,2460,68781,933
2020-11-17,San Francisco,075,870044,14590,13952,84,14036,153
2020-11-17,San Joaquin,077,732212,25027,23997,417,24414,516
2020-11-17,San Luis Obispo,079,281455,5801,5235,90,5325,34
2020-11-17,San Mateo,081,765935,13531,12491,8,12499,169
2020-11-17,Santa Barbara,083,443738,11454,10597,161,10758,136
2020-11-17,Santa Clara,085,1922200,31692,29013,50,29063,419
2020-11-17,Santa Cruz,087,273765,4049,3548,42,3590,25
2020-11-17,Shasta,089,179085,4563,3457,108,3565,40
2020-11-17,Sierra,091,2930,15,11,0,11,0
2020-11-17,Siskiyou,093,43540,453,333,26,359,0
2020-11-17,Solano,095,438530,9618,8905,51,8956,84
2020-11-17,Sonoma,097,501317,11560,11084,41,11125,155
2020-11-17,Stanislaus,099,539301,20469,19466,1215,20681,425
2020-11-17,Sutter,101,95872,2805,2370,8,2378,12
2020-11-17,Tehama,103,63373,1480,1290,11,1301,7
2020-11-17,Trinity,105,12862,163,83,13,96,0
2020-11-17,Tulare,107,460477,20134,19176,1027,20203,305
2020-11-17,Tuolumne,109,53932,831,568,2,570,7
2020-11-17,Ventura,111,848112,18173,16797,547,17344,173
2020-11-17,Yolo,113,214977,4315,3887,13,3900,70
2020-11-17,Yuba,115,75493,1713,1519,8,1527,10
2020-11-16,Alameda,001,1643700,27715,26063,286,26349,436
2020-11-16,Alpine,003,1148,38,12,0,12,0
2020-11-16,Amador,005,37829,457,414,1,415,16
2020-11-16,Butte,007,227075,3770,3490,142,3632,58
2020-11-16,Calaveras,009,45235,412,402,0,402,21
2020-11-16,Colusa,011,21464,653,601,1,602,6
2020-11-16,Contra Costa,013,1133247,22502,21386,128,21514,256
2020-11-16,Del Norte,015,27424,268,225,0,225,2
2020-11-16,El Dorado,017,186661,2049,1694,15,1709,4
2020-11-16,Fresno,019,978130,38535,34593,956,35549,471
2020-11-16,Glenn,021,27897,861,786,25,811,4
2020-11-16,Humboldt,023,135768,782,660,1,661,9
2020-11-16,Imperial,025,180216,14968,14111,25,14136,346
2020-11-16,Inyo,027,18085,282,263,1,264,15
2020-11-16,Kern,029,883053,38027,36049,843,36892,455
2020-11-16,Kings,031,150075,10135,9569,114,9683,85
2020-11-16,Lake,033,64148,860,784,0,784,18
2020-11-16,Lassen,035,31185,1297,1124,3,1127,0
2020-11-16,Los Angeles,037,10098052,356553,338778,4753,343531,7277
2020-11-16,Madera,039,155013,5819,5433,94,5527,54
2020-11-16,Marin,041,260295,7535,7359,23,7382,134
2020-11-16,Mariposa,043,17540,101,86,0,86,2
2020-11-16,Mendocino,045,87422,1321,1209,3,1212,23
2020-11-16,Merced,047,269075,10895,10399,82,10481,162
2020-11-16,Modoc,049,8938,86,71,17,88,0
2020-11-16,Mono,051,14174,477,453,8,461,2
2020-11-16,Monterey,053,433212,13896,13089,193,13282,107
2020-11-16,Napa,055,140530,2838,2536,14,2550,17
2020-11-16,Nevada,057,99092,1055,889,22,911,9
2020-11-16,Orange,059,3164182,70790,65396,2159,67555,1519
2020-11-16,Placer,061,380077,6049,5387,86,5473,63
2020-11-16,Plumas,063,18699,168,127,0,127,0
2020-11-16,Riverside,065,2383286,81122,76449,1194,77643,1379
2020-11-16,Sacramento,067,1510023,33176,30954,62,31016,534
2020-11-16,San Benito,069,59416,1694,1603,3,1606,15
2020-11-16,San Bernardino,071,2135413,83002,74401,926,75327,1186
2020-11-16,San Diego,073,3302833,71818,65603,2388,67991,926
2020-11-16,San Francisco,075,870044,14431,13847,81,13928,153
2020-11-16,San Joaquin,077,732212,24740,23515,407,23922,513
2020-11-16,San Luis Obispo,079,281455,5697,5161,85,5246,34
2020-11-16,San Mateo,081,765935,13371,12398,8,12406,169
2020-11-16,Santa Barbara,083,443738,11390,10565,157,10722,135
2020-11-16,Santa Clara,085,1922200,31125,28673,48,28721,419
2020-11-16,Santa Cruz,087,273765,3976,3520,42,3562,25
2020-11-16,Shasta,089,179085,4413,3284,103,3387,37
2020-11-16,Sierra,091,2930,15,11,0,11,0
2020-11-16,Siskiyou,093,43540,426,294,26,320,0
2020-11-16,Solano,095,438530,9420,8827,51,8878,84
2020-11-16,Sonoma,097,501317,11469,10961,40,11001,155
2020-11-16,Stanislaus,099,539301,20233,19333,1187,20520,425
2020-11-16,Sutter,101,95872,2698,2322,8,2330,12
2020-11-16,Tehama,103,63373,1435,1261,7,1268,7
2020-11-16,Trinity,105,12862,155,67,13,80,0
2020-11-16,Tulare,107,460477,19958,18891,970,19861,305
2020-11-16,Tuolumne,109,53932,795,543,2,545,7
2020-11-16,Ventura,111,848112,17835,16691,539,17230,172
2020-11-16,Yolo,113,214977,4218,3858,13,3871,70
2020-11-16,Yuba,115,75493,1677,1500,7,1507,10
2020-11-15,Alameda,001,1643700,27395,25879,280,26159,436
2020-11-15,Alpine,003,1148,36,12,0,12,0
2020-11-15,Amador,005,37829,445,409,1,410,16
2020-11-15,Butte,007,227075,3717,3452,132,3584,58
2020-11-15,Calaveras,009,45235,399,386,0,386,21
2020-11-15,Colusa,011,21464,644,601,1,602,6
2020-11-15,Contra Costa,013,1133247,22203,21179,127,21306,256
2020-11-15,Del Norte,015,27424,252,224,0,224,2
2020-11-15,El Dorado,017,186661,1987,1683,14,1697,4
2020-11-15,Fresno,019,978130,38027,34297,916,35213,471
2020-11-15,Glenn,021,27897,849,783,24,807,4
2020-11-15,Humboldt,023,135768,754,653,1,654,9
2020-11-15,Imperial,025,180216,14731,13940,25,13965,346
2020-11-15,Inyo,027,18085,272,263,1,264,15
2020-11-15,Kern,029,883053,37624,35911,806,36717,455
2020-11-15,Kings,031,150075,9942,9533,110,9643,85
2020-11-15,Lake,033,64148,851,777,0,777,17
2020-11-15,Lassen,035,31185,1250,1124,3,1127,0
2020-11-15,Los Angeles,037,10098052,351521,336035,4572,340607,7271
2020-11-15,Madera,039,155013,5722,5391,88,5479,54
2020-11-15,Marin,041,260295,7509,7347,23,7370,133
2020-11-15,Mariposa,043,17540,98,86,0,86,2
2020-11-15,Mendocino,045,87422,1302,1197,3,1200,22
2020-11-15,Merced,047,269075,10761,10350,82,10432,162
2020-11-15,Modoc,049,8938,85,68,17,85,0
2020-11-15,Mono,051,14174,475,453,8,461,2
2020-11-15,Monterey,053,433212,13699,12999,180,13179,107
2020-11-15,Napa,055,140530,2779,2509,12,2521,17
2020-11-15,Nevada,057,99092,1000,859,22,881,9
2020-11-15,Orange,059,3164182,69752,65008,2140,67148,1519
2020-11-15,Placer,061,380077,5895,5330,78,5408,63
2020-11-15,Plumas,063,18699,162,127,0,127,0
2020-11-15,Riverside,065,2383286,79803,75531,1133,76664,1374
2020-11-15,Sacramento,067,1510023,32550,30601,58,30659,534
2020-11-15,San Benito,069,59416,1669,1589,2,1591,15
2020-11-15,San Bernardino,071,2135413,80859,73769,844,74613,1185
2020-11-15,San Diego,073,3302833,70319,64770,2331,67101,926
2020-11-15,San Francisco,075,870044,14254,13757,80,13837,153
2020-11-15,San Joaquin,077,732212,24531,23516,391,23907,513
2020-11-15,San Luis Obispo,079,281455,5574,5120,82,5202,34
2020-11-15,San Mateo,081,765935,13194,12348,8,12356,169
2020-11-15,Santa Barbara,083,443738,11295,10516,155,10671,135
2020-11-15,Santa Clara,085,1922200,30671,28289,47,28336,418
2020-11-15,Santa Cruz,087,273765,3838,3439,41,3480,25
2020-11-15,Shasta,089,179085,4239,3290,94,3384,37
2020-11-15,Sierra,091,2930,15,11,0,11,0
2020-11-15,Siskiyou,093,43540,407,294,26,320,0
2020-11-15,Solano,095,438530,9259,8713,48,8761,84
2020-11-15,Sonoma,097,501317,11349,10833,39,10872,154
2020-11-15,Stanislaus,099,539301,19962,19228,1160,20388,425
2020-11-15,Sutter,101,95872,2609,2230,8,2238,12
2020-11-15,Tehama,103,63373,1384,1222,6,1228,7
2020-11-15,Trinity,105,12862,146,67,11,78,0
2020-11-15,Tulare,107,460477,19741,18891,915,19806,305
2020-11-15,Tuolumne,109,53932,754,486,2,488,7
2020-11-15,Ventura,111,848112,17561,16564,531,17095,172
2020-11-15,Yolo,113,214977,4115,3819,12,3831,67
2020-11-15,Yuba,115,75493,1636,1470,6,1476,10
2020-11-14,Alameda,001,1643700,27129,25714,277,25991,435
2020-11-14,Alpine,003,1148,36,12,0,12,0
2020-11-14,Amador,005,37829,436,404,0,404,16
2020-11-14,Butte,007,227075,3681,3434,118,3552,58
2020-11-14,Calaveras,009,45235,398,386,0,386,21
2020-11-14,Colusa,011,21464,632,601,1,602,6
2020-11-14,Contra Costa,013,1133247,22064,20975,120,21095,256
2020-11-14,Del Norte,015,27424,246,219,0,219,2
2020-11-14,El Dorado,017,186661,1943,1648,14,1662,4
2020-11-14,Fresno,019,978130,37777,33969,881,34850,471
2020-11-14,Glenn,021,27897,840,772,21,793,3
2020-11-14,Humboldt,023,135768,739,643,1,644,9
2020-11-14,Imperial,025,180216,14638,13932,24,13956,346
2020-11-14,Inyo,027,18085,271,263,1,264,15
2020-11-14,Kern,029,883053,37414,35626,787,36413,454
2020-11-14,Kings,031,150075,9907,9490,107,9597,85
2020-11-14,Lake,033,64148,842,773,0,773,17
2020-11-14,Lassen,035,31185,1236,833,3,836,0
2020-11-14,Los Angeles,037,10098052,348821,333021,4458,337479,7269
2020-11-14,Madera,039,155013,5692,5371,86,5457,54
2020-11-14,Marin,041,260295,7493,7325,23,7348,133
2020-11-14,Mariposa,043,17540,97,86,0,86,2
2020-11-14,Mendocino,045,87422,1286,1181,3,1184,22
2020-11-14,Merced,047,269075,10705,10286,80,10366,161
2020-11-14,Modoc,049,8938,84,64,16,80,0
2020-11-14,Mono,051,14174,475,453,8,461,2
2020-11-14,Monterey,053,433212,13603,12854,170,13024,105
2020-11-14,Napa,055,140530,2745,2473,12,2485,17
2020-11-14,Nevada,057,99092,984,835,22,857,9
2020-11-14,Orange,059,3164182,69132,64340,2127,66467,1517
2020-11-14,Placer,061,380077,5818,5215,72,5287,63
2020-11-14,Plumas,063,18699,157,128,0,128,0
2020-11-14,Riverside,065,2383286,79065,74910,1091,76001,1373
2020-11-14,Sacramento,067,1510023,32225,30298,57,30355,532
2020-11-14,San Benito,069,59416,1654,1573,2,1575,15
2020-11-14,San Bernardino,071,2135413,79927,72868,811,73679,1184
2020-11-14,San Diego,073,3302833,69554,63715,2279,65994,926
2020-11-14,San Francisco,075,870044,14167,13661,79,13740,153
2020-11-14,San Joaquin,077,732212,24440,23516,383,23899,511
2020-11-14,San Luis Obispo,079,281455,5511,5073,76,5149,34
2020-11-14,San Mateo,081,765935,13086,12293,8,12301,169
2020-11-14,Santa Barbara,083,443738,11241,10482,153,10635,135
2020-11-14,Santa Clara,085,1922200,30386,27962,45,28007,416
2020-11-14,Santa Cruz,087,273765,3783,3402,41,3443,25
2020-11-14,Shasta,089,179085,4154,3195,92,3287,37
2020-11-14,Sierra,091,2930,15,11,0,11,0
2020-11-14,Siskiyou,093,43540,394,292,26,318,0
2020-11-14,Solano,095,438530,9179,8655,47,8702,84
2020-11-14,Sonoma,097,501317,11296,10769,39,10808,154
2020-11-14,Stanislaus,099,539301,19820,19068,1138,20206,424
2020-11-14,Sutter,101,95872,2565,2182,8,2190,12
2020-11-14,Tehama,103,63373,1363,1206,5,1211,7
2020-11-14,Trinity,105,12862,141,67,11,78,0
2020-11-14,Tulare,107,460477,19647,18853,886,19739,305
2020-11-14,Tuolumne,109,53932,726,448,2,450,7
2020-11-14,Ventura,111,848112,17416,16297,519,16816,172
2020-11-14,Yolo,113,214977,4073,3765,10,3775,65
2020-11-14,Yuba,115,75493,1607,1453,6,1459,10
2020-11-13,Alameda,001,1643700,26913,25515,272,25787,434
2020-11-13,Alpine,003,1148,36,12,0,12,0
2020-11-13,Amador,005,37829,433,397,0,397,16
2020-11-13,Butte,007,227075,3657,3402,109,3511,58
2020-11-13,Calaveras,009,45235,394,378,0,378,21
2020-11-13,Colusa,011,21464,624,598,1,599,6
2020-11-13,Contra Costa,013,1133247,21892,20799,120,20919,256
2020-11-13,Del Norte,015,27424,244,208,0,208,2
2020-11-13,El Dorado,017,186661,1898,1611,13,1624,4
2020-11-13,Fresno,019,978130,37530,33693,867,34560,470
2020-11-13,Glenn,021,27897,826,755,17,772,3
2020-11-13,Humboldt,023,135768,724,638,1,639,9
2020-11-13,Imperial,025,180216,14568,13790,23,13813,341
2020-11-13,Inyo,027,18085,270,262,1,263,15
2020-11-13,Kern,029,883053,37213,35431,770,36201,453
2020-11-13,Kings,031,150075,9848,9428,106,9534,85
2020-11-13,Lake,033,64148,836,770,0,770,17
2020-11-13,Lassen,035,31185,1227,832,3,835,0
2020-11-13,Los Angeles,037,10098052,345702,329364,4344,333708,7248
2020-11-13,Madera,039,155013,5652,5340,85,5425,54
2020-11-13,Marin,041,260295,7480,7307,22,7329,133
2020-11-13,Mariposa,043,17540,95,86,0,86,2
2020-11-13,Mendocino,045,87422,1274,1173,3,1176,22
2020-11-13,Merced,047,269075,10650,10185,77,10262,159
2020-11-13,Modoc,049,8938,84,63,14,77,0
2020-11-13,Mono,051,14174,475,448,7,455,2
2020-11-13,Monterey,053,433212,13408,12681,158,12839,104
2020-11-13,Napa,055,140530,2706,2440,12,2452,17
2020-11-13,Nevada,057,99092,965,798,22,820,9
2020-11-13,Orange,059,3164182,68532,63804,2107,65911,1514
2020-11-13,Placer,061,380077,5713,5122,66,5188,63
2020-11-13,Plumas,063,18699,151,125,0,125,0
2020-11-13,Riverside,065,2383286,78328,74138,1062,75200,1372
2020-11-13,Sacramento,067,1510023,31907,29787,52,29839,524
2020-11-13,San Benito,069,59416,1642,1553,1,1554,15
2020-11-13,San Bernardino,071,2135413,78881,71895,789,72684,1184
2020-11-13,San Diego,073,3302833,68707,62978,2241,65219,921
2020-11-13,San Francisco,075,870044,14074,13516,77,13593,146
2020-11-13,San Joaquin,077,732212,24345,23314,376,23690,510
2020-11-13,San Luis Obispo,079,281455,5444,4960,73,5033,34
2020-11-13,San Mateo,081,765935,12993,12182,8,12190,169
2020-11-13,Santa Barbara,083,443738,11189,10405,151,10556,134
2020-11-13,Santa Clara,085,1922200,30059,27609,43,27652,415
2020-11-13,Santa Cruz,087,273765,3710,3343,41,3384,25
2020-11-13,Shasta,089,179085,4069,2983,88,3071,37
2020-11-13,Sierra,091,2930,15,11,0,11,0
2020-11-13,Siskiyou,093,43540,389,280,25,305,0
2020-11-13,Solano,095,438530,9088,8525,47,8572,84
2020-11-13,Sonoma,097,501317,11235,10685,37,10722,151
2020-11-13,Stanislaus,099,539301,19697,18936,1108,20044,422
2020-11-13,Sutter,101,95872,2519,2121,7,2128,12
2020-11-13,Tehama,103,63373,1335,1167,5,1172,7
2020-11-13,Trinity,105,12862,139,64,11,75,0
2020-11-13,Tulare,107,460477,19525,18714,843,19557,305
2020-11-13,Tuolumne,109,53932,693,427,2,429,7
2020-11-13,Ventura,111,848112,17271,16172,504,16676,171
2020-11-13,Yolo,113,214977,4022,3716,10,3726,65
2020-11-13,Yuba,115,75493,1580,1435,6,1441,10
2020-11-12,Alameda,001,1643700,26646,25345,272,25617,432
2020-11-12,Alpine,003,1148,35,12,0,12,0
2020-11-12,Amador,005,37829,432,392,0,392,16
2020-11-12,Butte,007,227075,3608,3347,106,3453,58
2020-11-12,Calaveras,009,45235,389,373,0,373,21
2020-11-12,Colusa,011,21464,619,591,1,592,6
2020-11-12,Contra Costa,013,1133247,21684,20619,118,20737,255
2020-11-12,Del Norte,015,27424,237,203,0,203,2
2020-11-12,El Dorado,017,186661,1852,1573,9,1582,4
2020-11-12,Fresno,019,978130,37185,33459,824,34283,468
2020-11-12,Glenn,021,27897,807,727,17,744,3
2020-11-12,Humboldt,023,135768,711,625,1,626,9
2020-11-12,Imperial,025,180216,14403,13619,23,13642,341
2020-11-12,Inyo,027,18085,269,255,1,256,15
2020-11-12,Kern,029,883053,36949,35207,753,35960,451
2020-11-12,Kings,031,150075,9782,9335,104,9439,85
2020-11-12,Lake,033,64148,827,764,0,764,17
2020-11-12,Lassen,035,31185,1158,832,2,834,0
2020-11-12,Los Angeles,037,10098052,341966,327001,4241,331242,7223
2020-11-12,Madera,039,155013,5617,5273,80,5353,54
2020-11-12,Marin,041,260295,7451,7268,22,7290,133
2020-11-12,Mariposa,043,17540,93,84,0,84,2
2020-11-12,Mendocino,045,87422,1255,1142,3,1145,22
2020-11-12,Merced,047,269075,10536,10107,74,10181,158
2020-11-12,Modoc,049,8938,84,63,14,77,0
2020-11-12,Mono,051,14174,474,442,7,449,2
2020-11-12,Monterey,053,433212,13287,12489,144,12633,100
2020-11-12,Napa,055,140530,2644,2398,12,2410,16
2020-11-12,Nevada,057,99092,942,780,21,801,9
2020-11-12,Orange,059,3164182,67787,63232,2087,65319,1514
2020-11-12,Placer,061,380077,5603,5044,56,5100,62
2020-11-12,Plumas,063,18699,147,121,0,121,0
2020-11-12,Riverside,065,2383286,77402,73381,1017,74398,1362
2020-11-12,Sacramento,067,1510023,31416,29459,45,29504,520
2020-11-12,San Benito,069,59416,1622,1525,1,1526,15
2020-11-12,San Bernardino,071,2135413,77516,70758,750,71508,1183
2020-11-12,San Diego,073,3302833,67728,62336,2190,64526,918
2020-11-12,San Francisco,075,870044,13975,13289,76,13365,146
2020-11-12,San Joaquin,077,732212,24151,23002,355,23357,509
2020-11-12,San Luis Obispo,079,281455,5380,4898,72,4970,33
2020-11-12,San Mateo,081,765935,12870,12086,7,12093,169
2020-11-12,Santa Barbara,083,443738,11127,10325,145,10470,134
2020-11-12,Santa Clara,085,1922200,29684,27261,42,27303,414
2020-11-12,Santa Cruz,087,273765,3627,3317,39,3356,25
2020-11-12,Shasta,089,179085,3931,2825,77,2902,37
2020-11-12,Sierra,091,2930,15,11,0,11,0
2020-11-12,Siskiyou,093,43540,372,275,20,295,0
2020-11-12,Solano,095,438530,8988,8417,46,8463,85
2020-11-12,Sonoma,097,501317,11133,10602,36,10638,151
2020-11-12,Stanislaus,099,539301,19531,18787,1077,19864,422
2020-11-12,Sutter,101,95872,2435,2075,7,2082,12
2020-11-12,Tehama,103,63373,1308,1117,5,1122,7
2020-11-12,Trinity,105,12862,131,62,11,73,0
2020-11-12,Tulare,107,460477,19413,18545,806,19351,305
2020-11-12,Tuolumne,109,53932,654,353,2,355,7
2020-11-12,Ventura,111,848112,17022,16013,497,16510,158
2020-11-12,Yolo,113,214977,3978,3646,10,3656,63
2020-11-12,Yuba,115,75493,1545,1410,6,1416,10
2020-11-11,Alameda,001,1643700,26404,25140,270,25410,429
2020-11-11,Alpine,003,1148,30,12,0,12,0
2020-11-11,Amador,005,37829,425,389,0,389,16
2020-11-11,Butte,007,227075,3583,3348,92,3440,58
2020-11-11,Calaveras,009,45235,379,373,0,373,21
2020-11-11,Colusa,011,21464,613,591,1,592,6
2020-11-11,Contra Costa,013,1133247,21465,20452,116,20568,255
2020-11-11,Del Norte,015,27424,230,203,0,203,2
2020-11-11,El Dorado,017,186661,1806,1564,8,1572,4
2020-11-11,Fresno,019,978130,36866,33287,790,34077,468
2020-11-11,Glenn,021,27897,791,722,16,738,3
2020-11-11,Humboldt,023,135768,697,623,1,624,9
2020-11-11,Imperial,025,180216,14232,13623,21,13644,340
2020-11-11,Inyo,027,18085,267,255,1,256,15
2020-11-11,Kern,029,883053,36676,35014,735,35749,449
2020-11-11,Kings,031,150075,9676,9263,101,9364,85
2020-11-11,Lake,033,64148,817,763,0,763,17
2020-11-11,Lassen,035,31185,1133,831,2,833,0
2020-11-11,Los Angeles,037,10098052,338610,324567,4148,328715,7220
2020-11-11,Madera,039,155013,5583,5248,77,5325,54
2020-11-11,Marin,041,260295,7428,7268,22,7290,133
2020-11-11,Mariposa,043,17540,93,84,0,84,2
2020-11-11,Mendocino,045,87422,1243,1142,3,1145,22
2020-11-11,Merced,047,269075,10465,10074,72,10146,157
2020-11-11,Modoc,049,8938,80,62,13,75,0
2020-11-11,Mono,051,14174,472,443,7,450,2
2020-11-11,Monterey,053,433212,13145,12417,140,12557,100
2020-11-11,Napa,055,140530,2595,2365,9,2374,15
2020-11-11,Nevada,057,99092,900,741,21,762,9
2020-11-11,Orange,059,3164182,67150,62929,2064,64993,1506
2020-11-11,Placer,061,380077,5520,4981,48,5029,60
2020-11-11,Plumas,063,18699,145,111,0,111,0
2020-11-11,Riverside,065,2383286,76501,72953,965,73918,1361
2020-11-11,Sacramento,067,1510023,30959,28968,43,29011,520
2020-11-11,San Benito,069,59416,1608,1512,1,1513,15
2020-11-11,San Bernardino,071,2135413,76232,70374,721,71095,1182
2020-11-11,San Diego,073,3302833,66793,61746,2129,63875,918
2020-11-11,San Francisco,075,870044,13867,13287,74,13361,146
2020-11-11,San Joaquin,077,732212,23992,23001,349,23350,509
2020-11-11,San Luis Obispo,079,281455,5305,4832,69,4901,33
2020-11-11,San Mateo,081,765935,12755,12008,7,12015,169
2020-11-11,Santa Barbara,083,443738,11062,10278,145,10423,134
2020-11-11,Santa Clara,085,1922200,29330,27075,41,27116,413
2020-11-11,Santa Cruz,087,273765,3559,3247,39,3286,25
2020-11-11,Shasta,089,179085,3808,2766,67,2833,36
2020-11-11,Sierra,091,2930,13,11,0,11,0
2020-11-11,Siskiyou,093,43540,341,261,17,278,0
2020-11-11,Solano,095,438530,8871,8353,43,8396,85
2020-11-11,Sonoma,097,501317,11059,10498,36,10534,150
2020-11-11,Stanislaus,099,539301,19394,18671,1045,19716,422
2020-11-11,Sutter,101,95872,2387,2049,6,2055,12
2020-11-11,Tehama,103,63373,1266,1105,4,1109,7
2020-11-11,Trinity,105,12862,122,62,11,73,0
2020-11-11,Tulare,107,460477,19283,18500,775,19275,305
2020-11-11,Tuolumne,109,53932,598,354,2,356,7
2020-11-11,Ventura,111,848112,16807,15801,483,16284,158
2020-11-11,Yolo,113,214977,3927,3606,10,3616,63
2020-11-11,Yuba,115,75493,1530,1400,6,1406,10
2020-11-10,Alameda,001,1643700,26174,25008,267,25275,424
2020-11-10,Alpine,003,1148,30,9,0,9,0
2020-11-10,Amador,005,37829,419,384,0,384,16
2020-11-10,Butte,007,227075,3547,3327,88,3415,58
2020-11-10,Calaveras,009,45235,374,367,0,367,21
2020-11-10,Colusa,011,21464,606,590,1,591,6
2020-11-10,Contra Costa,013,1133247,21259,20326,113,20439,255
2020-11-10,Del Norte,015,27424,224,196,0,196,2
2020-11-10,El Dorado,017,186661,1745,1551,8,1559,4
2020-11-10,Fresno,019,978130,36598,33024,752,33776,465
2020-11-10,Glenn,021,27897,783,719,12,731,3
2020-11-10,Humboldt,023,135768,680,610,1,611,9
2020-11-10,Imperial,025,180216,14102,13570,21,13591,338
2020-11-10,Inyo,027,18085,266,252,1,253,14
2020-11-10,Kern,029,883053,36399,34858,716,35574,448
2020-11-10,Kings,031,150075,9629,9236,94,9330,85
2020-11-10,Lake,033,64148,807,762,0,762,16
2020-11-10,Lassen,035,31185,1118,830,2,832,0
2020-11-10,Los Angeles,037,10098052,335365,322569,4028,326597,7205
2020-11-10,Madera,039,155013,5541,5229,71,5300,54
2020-11-10,Marin,041,260295,7409,7259,22,7281,133
2020-11-10,Mariposa,043,17540,91,84,0,84,2
2020-11-10,Mendocino,045,87422,1235,1137,3,1140,22
2020-11-10,Merced,047,269075,10403,9992,66,10058,157
2020-11-10,Modoc,049,8938,78,61,13,74,0
2020-11-10,Mono,051,14174,470,443,7,450,2
2020-11-10,Monterey,053,433212,13007,12335,132,12467,100
2020-11-10,Napa,055,140530,2557,2341,7,2348,15
2020-11-10,Nevada,057,99092,884,734,21,755,9
2020-11-10,Orange,059,3164182,66601,62597,2053,64650,1504
2020-11-10,Placer,061,380077,5440,4902,47,4949,60
2020-11-10,Plumas,063,18699,141,108,0,108,0
2020-11-10,Riverside,065,2383286,75860,72316,938,73254,1359
2020-11-10,Sacramento,067,1510023,30551,28677,40,28717,519
2020-11-10,San Benito,069,59416,1593,1508,1,1509,15
2020-11-10,San Bernardino,071,2135413,75063,69666,686,70352,1182
2020-11-10,San Diego,073,3302833,65902,61085,2092,63177,915
2020-11-10,San Francisco,075,870044,13750,13210,74,13284,146
2020-11-10,San Joaquin,077,732212,23828,22865,342,23207,508
2020-11-10,San Luis Obispo,079,281455,5243,4780,65,4845,33
2020-11-10,San Mateo,081,765935,12654,11939,7,11946,169
2020-11-10,Santa Barbara,083,443738,10995,10252,141,10393,134
2020-11-10,Santa Clara,085,1922200,28989,26917,39,26956,409
2020-11-10,Santa Cruz,087,273765,3495,3221,39,3260,25
2020-11-10,Shasta,089,179085,3666,2686,59,2745,36
2020-11-10,Sierra,091,2930,12,10,0,10,0
2020-11-10,Siskiyou,093,43540,325,263,16,279,0
2020-11-10,Solano,095,438530,8773,8299,43,8342,85
2020-11-10,Sonoma,097,501317,10972,10414,36,10450,150
2020-11-10,Stanislaus,099,539301,19260,18592,1021,19613,420
2020-11-10,Sutter,101,95872,2292,2035,5,2040,12
2020-11-10,Tehama,103,63373,1240,1099,3,1102,7
2020-11-10,Trinity,105,12862,113,62,10,72,0
2020-11-10,Tulare,107,460477,19169,18430,751,19181,305
2020-11-10,Tuolumne,109,53932,550,353,2,355,7
2020-11-10,Ventura,111,848112,16624,15625,481,16106,158
2020-11-10,Yolo,113,214977,3865,3573,10,3583,63
2020-11-10,Yuba,115,75493,1507,1392,6,1398,10
2020-11-09,Alameda,001,1643700,25925,24899,263,25162,424
2020-11-09,Alpine,003,1148,28,6,0,6,0
2020-11-09,Amador,005,37829,410,380,0,380,16
2020-11-09,Butte,007,227075,3502,3301,79,3380,57
2020-11-09,Calaveras,009,45235,370,360,0,360,21
2020-11-09,Colusa,011,21464,600,583,1,584,6
2020-11-09,Contra Costa,013,1133247,21086,20193,111,20304,255
2020-11-09,Del Norte,015,27424,218,195,0,195,2
2020-11-09,El Dorado,017,186661,1704,1515,8,1523,4
2020-11-09,Fresno,019,978130,36289,32755,708,33463,465
2020-11-09,Glenn,021,27897,777,714,9,723,3
2020-11-09,Humboldt,023,135768,667,607,1,608,9
2020-11-09,Imperial,025,180216,13985,13508,20,13528,338
2020-11-09,Inyo,027,18085,266,252,1,253,14
2020-11-09,Kern,029,883053,36171,34764,677,35441,448
2020-11-09,Kings,031,150075,9559,9141,92,9233,84
2020-11-09,Lake,033,64148,798,755,0,755,16
2020-11-09,Lassen,035,31185,1022,799,2,801,0
2020-11-09,Los Angeles,037,10098052,332273,320370,3948,324318,7180
2020-11-09,Madera,039,155013,5495,5209,68,5277,54
2020-11-09,Marin,041,260295,7383,7237,21,7258,131
2020-11-09,Mariposa,043,17540,91,84,0,84,2
2020-11-09,Mendocino,045,87422,1223,1132,3,1135,22
2020-11-09,Merced,047,269075,10300,9922,63,9985,157
2020-11-09,Modoc,049,8938,74,54,12,66,0
2020-11-09,Mono,051,14174,467,352,7,359,2
2020-11-09,Monterey,053,433212,12861,12148,124,12272,98
2020-11-09,Napa,055,140530,2514,2309,7,2316,15
2020-11-09,Nevada,057,99092,847,729,20,749,9
2020-11-09,Orange,059,3164182,65961,62335,2041,64376,1501
2020-11-09,Placer,061,380077,5356,4843,35,4878,60
2020-11-09,Plumas,063,18699,134,102,0,102,0
2020-11-09,Riverside,065,2383286,75079,72059,904,72963,1346
2020-11-09,Sacramento,067,1510023,30078,28200,40,28240,516
2020-11-09,San Benito,069,59416,1584,1506,1,1507,15
2020-11-09,San Bernardino,071,2135413,74012,69015,641,69656,1182
2020-11-09,San Diego,073,3302833,65047,60572,2052,62624,908
2020-11-09,San Francisco,075,870044,13631,12984,71,13055,146
2020-11-09,San Joaquin,077,732212,23663,22512,337,22849,505
2020-11-09,San Luis Obispo,079,281455,5159,4746,62,4808,32
2020-11-09,San Mateo,081,765935,12547,11857,7,11864,169
2020-11-09,Santa Barbara,083,443738,10938,10214,135,10349,134
2020-11-09,Santa Clara,085,1922200,28594,26693,39,26732,409
2020-11-09,Santa Cruz,087,273765,3437,3194,39,3233,25
2020-11-09,Shasta,089,179085,3511,2581,50,2631,36
2020-11-09,Sierra,091,2930,10,10,0,10,0
2020-11-09,Siskiyou,093,43540,314,257,14,271,0
2020-11-09,Solano,095,438530,8657,8254,42,8296,85
2020-11-09,Sonoma,097,501317,10864,10310,36,10346,150
2020-11-09,Stanislaus,099,539301,19109,18482,1002,19484,418
2020-11-09,Sutter,101,95872,2224,2010,4,2014,12
2020-11-09,Tehama,103,63373,1204,1071,2,1073,7
2020-11-09,Trinity,105,12862,108,46,10,56,0
2020-11-09,Tulare,107,460477,19049,18272,719,18991,304
2020-11-09,Tuolumne,109,53932,496,346,2,348,7
2020-11-09,Ventura,111,848112,16422,15568,478,16046,156
2020-11-09,Yolo,113,214977,3805,3522,9,3531,62
2020-11-09,Yuba,115,75493,1474,1380,6,1386,10
2020-11-08,Alameda,001,1643700,25697,24731,263,24994,424
2020-11-08,Alpine,003,1148,25,6,0,6,0
2020-11-08,Amador,005,37829,403,376,0,376,16
2020-11-08,Butte,007,227075,3464,3285,73,3358,57
2020-11-08,Calaveras,009,45235,368,360,0,360,21
2020-11-08,Colusa,011,21464,597,583,1,584,6
2020-11-08,Contra Costa,013,1133247,20915,20031,109,20140,254
2020-11-08,Del Norte,015,27424,210,195,0,195,2
2020-11-08,El Dorado,017,186661,1666,1502,8,1510,4
2020-11-08,Fresno,019,978130,35956,32619,669,33288,465
2020-11-08,Glenn,021,27897,771,707,8,715,3
2020-11-08,Humboldt,023,135768,651,605,1,606,9
2020-11-08,Imperial,025,180216,13869,13428,20,13448,338
2020-11-08,Inyo,027,18085,262,252,1,253,14
2020-11-08,Kern,029,883053,35953,34644,659,35303,448
2020-11-08,Kings,031,150075,9426,9026,89,9115,84
2020-11-08,Lake,033,64148,790,754,0,754,16
2020-11-08,Lassen,035,31185,874,799,2,801,0
2020-11-08,Los Angeles,037,10098052,329153,318960,3874,322834,7176
2020-11-08,Madera,039,155013,5427,5196,65,5261,54
2020-11-08,Marin,041,260295,7363,7227,21,7248,131
2020-11-08,Mariposa,043,17540,91,83,0,83,2
2020-11-08,Mendocino,045,87422,1214,1129,3,1132,22
2020-11-08,Merced,047,269075,10225,9885,61,9946,157
2020-11-08,Modoc,049,8938,70,54,12,66,0
2020-11-08,Mono,051,14174,461,352,7,359,2
2020-11-08,Monterey,053,433212,12717,12122,112,12234,98
2020-11-08,Napa,055,140530,2474,2274,7,2281,15
2020-11-08,Nevada,057,99092,831,715,20,735,9
2020-11-08,Orange,059,3164182,65374,62034,2027,64061,1501
2020-11-08,Placer,061,380077,5255,4800,30,4830,60
2020-11-08,Plumas,063,18699,129,102,0,102,0
2020-11-08,Riverside,065,2383286,74427,71442,861,72303,1345
2020-11-08,Sacramento,067,1510023,29519,28059,36,28095,515
2020-11-08,San Benito,069,59416,1569,1496,1,1497,15
2020-11-08,San Bernardino,071,2135413,72770,68412,594,69006,1182
2020-11-08,San Diego,073,3302833,64202,60199,2008,62207,908
2020-11-08,San Francisco,075,870044,13500,12985,66,13051,146
2020-11-08,San Joaquin,077,732212,23471,22514,332,22846,505
2020-11-08,San Luis Obispo,079,281455,5093,4698,57,4755,32
2020-11-08,San Mateo,081,765935,12428,11783,7,11790,169
2020-11-08,Santa Barbara,083,443738,10868,10180,133,10313,134
2020-11-08,Santa Clara,085,1922200,28220,26442,38,26480,410
2020-11-08,Santa Cruz,087,273765,3380,3134,39,3173,25
2020-11-08,Shasta,089,179085,3375,2582,44,2626,36
2020-11-08,Sierra,091,2930,10,7,0,7,0
2020-11-08,Siskiyou,093,43540,302,246,13,259,0
2020-11-08,Solano,095,438530,8536,8132,41,8173,85
2020-11-08,Sonoma,097,501317,10757,10229,36,10265,149
2020-11-08,Stanislaus,099,539301,18937,18413,979,19392,418
2020-11-08,Sutter,101,95872,2167,1980,4,1984,12
2020-11-08,Tehama,103,63373,1180,1054,2,1056,7
2020-11-08,Trinity,105,12862,105,46,10,56,0
2020-11-08,Tulare,107,460477,18908,18272,686,18958,304
2020-11-08,Tuolumne,109,53932,469,341,2,343,7
2020-11-08,Ventura,111,848112,16227,15504,470,15974,156
2020-11-08,Yolo,113,214977,3742,3492,9,3501,61
2020-11-08,Yuba,115,75493,1453,1369,6,1375,10
2020-11-07,Alameda,001,1643700,25587,24578,261,24839,424
2020-11-07,Alpine,003,1148,25,6,0,6,0
2020-11-07,Amador,005,37829,400,375,0,375,16
2020-11-07,Butte,007,227075,3452,3277,68,3345,57
2020-11-07,Calaveras,009,45235,366,360,0,360,21
2020-11-07,Colusa,011,21464,597,583,1,584,6
2020-11-07,Contra Costa,013,1133247,20813,19943,108,20051,254
2020-11-07,Del Norte,015,27424,206,194,0,194,2
2020-11-07,El Dorado,017,186661,1641,1495,7,1502,4
2020-11-07,Fresno,019,978130,35803,32497,647,33144,465
2020-11-07,Glenn,021,27897,763,707,8,715,3
2020-11-07,Humboldt,023,135768,640,590,1,591,9
2020-11-07,Imperial,025,180216,13811,13388,19,13407,338
2020-11-07,Inyo,027,18085,260,252,1,253,14
2020-11-07,Kern,029,883053,35799,34513,648,35161,448
2020-11-07,Kings,031,150075,9393,9005,83,9088,84
2020-11-07,Lake,033,64148,786,751,0,751,16
2020-11-07,Lassen,035,31185,858,799,2,801,0
2020-11-07,Los Angeles,037,10098052,327652,316756,3799,320555,7174
2020-11-07,Madera,039,155013,5405,5177,63,5240,54
2020-11-07,Marin,041,260295,7352,7215,21,7236,131
2020-11-07,Mariposa,043,17540,91,81,0,81,2
2020-11-07,Mendocino,045,87422,1204,1118,3,1121,22
2020-11-07,Merced,047,269075,10193,9855,57,9912,157
2020-11-07,Modoc,049,8938,70,51,12,63,0
2020-11-07,Mono,051,14174,458,352,7,359,2
2020-11-07,Monterey,053,433212,12648,12030,108,12138,98
2020-11-07,Napa,055,140530,2444,2260,6,2266,15
2020-11-07,Nevada,057,99092,815,710,20,730,9
2020-11-07,Orange,059,3164182,65088,62038,2020,64058,1505
2020-11-07,Placer,061,380077,5193,4745,30,4775,60
2020-11-07,Plumas,063,18699,127,94,0,94,0
2020-11-07,Riverside,065,2383286,74034,71153,831,71984,1345
2020-11-07,Sacramento,067,1510023,29269,27773,36,27809,515
2020-11-07,San Benito,069,59416,1557,1489,1,1490,15
2020-11-07,San Bernardino,071,2135413,72255,67935,583,68518,1182
2020-11-07,San Diego,073,3302833,63690,59682,1976,61658,909
2020-11-07,San Francisco,075,870044,13439,12980,65,13045,146
2020-11-07,San Joaquin,077,732212,23363,22517,325,22842,505
2020-11-07,San Luis Obispo,079,281455,5044,4668,54,4722,32
2020-11-07,San Mateo,081,765935,12365,11711,7,11718,169
2020-11-07,Santa Barbara,083,443738,10826,10157,131,10288,134
2020-11-07,Santa Clara,085,1922200,28015,26244,37,26281,410
2020-11-07,Santa Cruz,087,273765,3342,3130,39,3169,25
2020-11-07,Shasta,089,179085,3306,2547,42,2589,36
2020-11-07,Sierra,091,2930,10,7,0,7,0
2020-11-07,Siskiyou,093,43540,298,241,13,254,0
2020-11-07,Solano,095,438530,8484,8066,41,8107,85
2020-11-07,Sonoma,097,501317,10711,10200,36,10236,149
2020-11-07,Stanislaus,099,539301,18829,18386,961,19347,418
2020-11-07,Sutter,101,95872,2127,1973,4,1977,12
2020-11-07,Tehama,103,63373,1156,1043,2,1045,7
2020-11-07,Trinity,105,12862,105,42,9,51,0
2020-11-07,Tulare,107,460477,18853,18229,668,18897,304
2020-11-07,Tuolumne,109,53932,458,327,2,329,7
2020-11-07,Ventura,111,848112,16167,15364,465,15829,156
2020-11-07,Yolo,113,214977,3711,3486,9,3495,61
2020-11-07,Yuba,115,75493,1438,1349,6,1355,10
2020-11-06,Alameda,001,1643700,25455,24389,259,24648,420
2020-11-06,Alpine,003,1148,25,6,0,6,0
2020-11-06,Amador,005,37829,398,369,0,369,16
2020-11-06,Butte,007,227075,3427,3254,60,3314,57
2020-11-06,Calaveras,009,45235,365,359,0,359,21
2020-11-06,Colusa,011,21464,595,580,1,581,6
2020-11-06,Contra Costa,013,1133247,20664,19744,108,19852,252
2020-11-06,Del Norte,015,27424,203,194,0,194,2
2020-11-06,El Dorado,017,186661,1615,1475,7,1482,4
2020-11-06,Fresno,019,978130,35615,32278,630,32908,460
2020-11-06,Glenn,021,27897,757,707,7,714,3
2020-11-06,Humboldt,023,135768,637,587,1,588,9
2020-11-06,Imperial,025,180216,13758,13230,19,13249,338
2020-11-06,Inyo,027,18085,258,246,1,247,14
2020-11-06,Kern,029,883053,35636,34360,629,34989,443
2020-11-06,Kings,031,150075,9370,8883,80,8963,83
2020-11-06,Lake,033,64148,785,741,0,741,16
2020-11-06,Lassen,035,31185,850,794,2,796,0
2020-11-06,Los Angeles,037,10098052,325684,314356,3743,318099,7160
2020-11-06,Madera,039,155013,5389,5136,62,5198,54
2020-11-06,Marin,041,260295,7331,7184,21,7205,131
2020-11-06,Mariposa,043,17540,90,79,0,79,2
2020-11-06,Mendocino,045,87422,1199,1113,3,1116,22
2020-11-06,Merced,047,269075,10154,9778,53,9831,157
2020-11-06,Modoc,049,8938,70,48,12,60,0
2020-11-06,Mono,051,14174,453,308,7,315,1
2020-11-06,Monterey,053,433212,12531,11914,107,12021,96
2020-11-06,Napa,055,140530,2419,2189,6,2195,15
2020-11-06,Nevada,057,99092,802,692,19,711,9
2020-11-06,Orange,059,3164182,64785,61049,2010,63059,1494
2020-11-06,Placer,061,380077,5119,4680,30,4710,60
2020-11-06,Plumas,063,18699,122,90,0,90,0
2020-11-06,Riverside,065,2383286,73587,70409,787,71196,1341
2020-11-06,Sacramento,067,1510023,28977,27489,34,27523,514
2020-11-06,San Benito,069,59416,1548,1479,1,1480,15
2020-11-06,San Bernardino,071,2135413,71660,66740,562,67302,1179
2020-11-06,San Diego,073,3302833,63167,59143,1944,61087,907
2020-11-06,San Francisco,075,870044,13370,12825,63,12888,146
2020-11-06,San Joaquin,077,732212,23277,22424,315,22739,502
2020-11-06,San Luis Obispo,079,281455,4980,4531,48,4579,32
2020-11-06,San Mateo,081,765935,12290,11587,7,11594,168
2020-11-06,Santa Barbara,083,443738,10790,10118,126,10244,133
2020-11-06,Santa Clara,085,1922200,27772,25831,37,25868,402
2020-11-06,Santa Cruz,087,273765,3305,3063,39,3102,25
2020-11-06,Shasta,089,179085,3234,2475,40,2515,35
2020-11-06,Sierra,091,2930,9,7,0,7,0
2020-11-06,Siskiyou,093,43540,285,237,12,249,0
2020-11-06,Solano,095,438530,8419,7959,41,8000,85
2020-11-06,Sonoma,097,501317,10661,10142,36,10178,149
2020-11-06,Stanislaus,099,539301,18741,18250,952,19202,417
2020-11-06,Sutter,101,95872,2100,1937,2,1939,12
2020-11-06,Tehama,103,63373,1135,1024,2,1026,6
2020-11-06,Trinity,105,12862,102,41,9,50,0
2020-11-06,Tulare,107,460477,18791,18136,641,18777,300
2020-11-06,Tuolumne,109,53932,437,316,2,318,5
2020-11-06,Ventura,111,848112,16081,15222,462,15684,154
2020-11-06,Yolo,113,214977,3682,3420,9,3429,62
2020-11-06,Yuba,115,75493,1425,1335,6,1341,10
2020-11-05,Alameda,001,1643700,25277,24270,259,24529,420
2020-11-05,Alpine,003,1148,25,6,0,6,0
2020-11-05,Amador,005,37829,395,363,0,363,16
2020-11-05,Butte,007,227075,3404,3239,54,3293,57
2020-11-05,Calaveras,009,45235,358,333,0,333,19
2020-11-05,Colusa,011,21464,591,574,1,575,6
2020-11-05,Contra Costa,013,1133247,20482,19656,106,19762,252
2020-11-05,Del Norte,015,27424,201,192,0,192,2
2020-11-05,El Dorado,017,186661,1591,1466,7,1473,4
2020-11-05,Fresno,019,978130,35378,32056,607,32663,460
2020-11-05,Glenn,021,27897,737,702,7,709,3
2020-11-05,Humboldt,023,135768,626,581,1,582,9
2020-11-05,Imperial,025,180216,13666,13178,18,13196,337
2020-11-05,Inyo,027,18085,258,247,1,248,14
2020-11-05,Kern,029,883053,35436,34232,615,34847,443
2020-11-05,Kings,031,150075,9215,8846,77,8923,83
2020-11-05,Lake,033,64148,781,739,0,739,16
2020-11-05,Lassen,035,31185,819,782,2,784,0
2020-11-05,Los Angeles,037,10098052,323332,312381,3687,316068,7146
2020-11-05,Madera,039,155013,5350,5129,59,5188,54
2020-11-05,Marin,041,260295,7309,7171,21,7192,131
2020-11-05,Mariposa,043,17540,89,79,0,79,2
2020-11-05,Mendocino,045,87422,1187,1112,3,1115,22
2020-11-05,Merced,047,269075,10095,9753,48,9801,155
2020-11-05,Modoc,049,8938,69,47,11,58,0
2020-11-05,Mono,051,14174,451,307,7,314,1
2020-11-05,Monterey,053,433212,12423,11784,103,11887,96
2020-11-05,Napa,055,140530,2392,2158,6,2164,15
2020-11-05,Nevada,057,99092,780,687,18,705,9
2020-11-05,Orange,059,3164182,64339,60740,2000,62740,1484
2020-11-05,Placer,061,380077,5051,4627,25,4652,60
2020-11-05,Plumas,063,18699,114,90,0,90,0
2020-11-05,Riverside,065,2383286,72877,70094,727,70821,1338
2020-11-05,Sacramento,067,1510023,28595,27232,33,27265,512
2020-11-05,San Benito,069,59416,1533,1477,1,1478,15
2020-11-05,San Bernardino,071,2135413,70835,66407,547,66954,1174
2020-11-05,San Diego,073,3302833,62541,58659,1918,60577,904
2020-11-05,San Francisco,075,870044,13258,12726,62,12788,146
2020-11-05,San Joaquin,077,732212,23114,22318,310,22628,502
2020-11-05,San Luis Obispo,079,281455,4912,4459,46,4505,32
2020-11-05,San Mateo,081,765935,12196,11535,7,11542,168
2020-11-05,Santa Barbara,083,443738,10745,10080,122,10202,133
2020-11-05,Santa Clara,085,1922200,27504,25651,37,25688,402
2020-11-05,Santa Cruz,087,273765,3267,3023,39,3062,25
2020-11-05,Shasta,089,179085,3144,2401,39,2440,34
2020-11-05,Sierra,091,2930,9,6,0,6,0
2020-11-05,Siskiyou,093,43540,274,228,12,240,0
2020-11-05,Solano,095,438530,8336,7842,41,7883,85
2020-11-05,Sonoma,097,501317,10549,10064,35,10099,145
2020-11-05,Stanislaus,099,539301,18627,18194,939,19133,417
2020-11-05,Sutter,101,95872,2068,1925,2,1927,12
2020-11-05,Tehama,103,63373,1113,1015,2,1017,6
2020-11-05,Trinity,105,12862,88,41,9,50,0
2020-11-05,Tulare,107,460477,18707,18049,609,18658,301
2020-11-05,Tuolumne,109,53932,408,312,2,314,5
2020-11-05,Ventura,111,848112,15915,15113,451,15564,155
2020-11-05,Yolo,113,214977,3632,3391,9,3400,61
2020-11-05,Yuba,115,75493,1407,1322,6,1328,10
2020-11-04,Alameda,001,1643700,25099,24172,257,24429,418
2020-11-04,Alpine,003,1148,21,5,0,5,0
2020-11-04,Amador,005,37829,392,362,0,362,16
2020-11-04,Butte,007,227075,3378,3218,51,3269,57
2020-11-04,Calaveras,009,45235,355,290,0,290,19
2020-11-04,Colusa,011,21464,589,571,1,572,6
2020-11-04,Contra Costa,013,1133247,20316,19472,102,19574,251
2020-11-04,Del Norte,015,27424,197,188,0,188,2
2020-11-04,El Dorado,017,186661,1576,1448,4,1452,4
2020-11-04,Fresno,019,978130,35148,31952,578,32530,457
2020-11-04,Glenn,021,27897,733,701,6,707,3
2020-11-04,Humboldt,023,135768,617,571,1,572,9
2020-11-04,Imperial,025,180216,13568,13087,18,13105,335
2020-11-04,Inyo,027,18085,257,247,1,248,14
2020-11-04,Kern,029,883053,35282,34027,603,34630,439
2020-11-04,Kings,031,150075,9181,8817,75,8892,83
2020-11-04,Lake,033,64148,774,735,0,735,16
2020-11-04,Lassen,035,31185,814,781,2,783,0
2020-11-04,Los Angeles,037,10098052,321031,310456,3598,314054,7124
2020-11-04,Madera,039,155013,5330,5083,55,5138,54
2020-11-04,Marin,041,260295,7297,7157,21,7178,131
2020-11-04,Mariposa,043,17540,89,79,0,79,2
2020-11-04,Mendocino,045,87422,1169,1089,3,1092,22
2020-11-04,Merced,047,269075,10045,9717,46,9763,153
2020-11-04,Modoc,049,8938,59,47,11,58,0
2020-11-04,Mono,051,14174,448,237,6,243,1
2020-11-04,Monterey,053,433212,12219,11743,96,11839,96
2020-11-04,Napa,055,140530,2338,2133,6,2139,15
2020-11-04,Nevada,057,99092,761,675,18,693,9
2020-11-04,Orange,059,3164182,63906,60463,1976,62439,1483
2020-11-04,Placer,061,380077,4972,4526,22,4548,60
2020-11-04,Plumas,063,18699,112,88,0,88,0
2020-11-04,Riverside,065,2383286,72262,69562,666,70228,1335
2020-11-04,Sacramento,067,1510023,28244,27005,32,27037,510
2020-11-04,San Benito,069,59416,1518,1464,1,1465,15
2020-11-04,San Bernardino,071,2135413,70040,65891,521,66412,1169
2020-11-04,San Diego,073,3302833,61896,58126,1892,60018,904
2020-11-04,San Francisco,075,870044,13174,12649,59,12708,146
2020-11-04,San Joaquin,077,732212,22977,22197,297,22494,500
2020-11-04,San Luis Obispo,079,281455,4845,4389,44,4433,32
2020-11-04,San Mateo,081,765935,12101,11456,7,11463,168
2020-11-04,Santa Barbara,083,443738,10707,10026,121,10147,132
2020-11-04,Santa Clara,085,1922200,27241,25487,37,25524,393
2020-11-04,Santa Cruz,087,273765,3230,2997,39,3036,25
2020-11-04,Shasta,089,179085,3013,2321,34,2355,34
2020-11-04,Sierra,091,2930,9,6,0,6,0
2020-11-04,Siskiyou,093,43540,265,222,12,234,0
2020-11-04,Solano,095,438530,8237,7733,41,7774,85
2020-11-04,Sonoma,097,501317,10454,9965,35,10000,142
2020-11-04,Stanislaus,099,539301,18511,18114,923,19037,416
2020-11-04,Sutter,101,95872,2034,1916,2,1918,12
2020-11-04,Tehama,103,63373,1089,997,2,999,6
2020-11-04,Trinity,105,12862,85,37,9,46,0
2020-11-04,Tulare,107,460477,18599,17952,581,18533,298
2020-11-04,Tuolumne,109,53932,386,310,2,312,5
2020-11-04,Ventura,111,848112,15775,14936,447,15383,155
2020-11-04,Yolo,113,214977,3591,3361,9,3370,62
2020-11-04,Yuba,115,75493,1386,1312,6,1318,10
2020-11-03,Alameda,001,1643700,24915,24055,255,24310,418
2020-11-03,Alpine,003,1148,20,4,0,4,0
2020-11-03,Amador,005,37829,387,361,0,361,16
2020-11-03,Butte,007,227075,3355,3211,45,3256,57
2020-11-03,Calaveras,009,45235,351,287,0,287,19
2020-11-03,Colusa,011,21464,584,572,1,573,6
2020-11-03,Contra Costa,013,1133247,20161,19416,102,19518,250
2020-11-03,Del Norte,015,27424,196,187,0,187,2
2020-11-03,El Dorado,017,186661,1554,1445,3,1448,4
2020-11-03,Fresno,019,978130,34882,31856,554,32410,457
2020-11-03,Glenn,021,27897,727,698,6,704,3
2020-11-03,Humboldt,023,135768,611,570,1,571,8
2020-11-03,Imperial,025,180216,13479,13044,17,13061,335
2020-11-03,Inyo,027,18085,256,244,1,245,14
2020-11-03,Kern,029,883053,35092,33957,591,34548,439
2020-11-03,Kings,031,150075,9018,8783,70,8853,83
2020-11-03,Lake,033,64148,764,732,0,732,16
2020-11-03,Lassen,035,31185,805,782,2,784,0
2020-11-03,Los Angeles,037,10098052,318581,308812,3523,312335,7104
2020-11-03,Madera,039,155013,5293,5058,54,5112,54
2020-11-03,Marin,041,260295,7277,7147,20,7167,131
2020-11-03,Mariposa,043,17540,88,79,0,79,2
2020-11-03,Mendocino,045,87422,1154,1084,3,1087,22
2020-11-03,Merced,047,269075,9992,9713,45,9758,153
2020-11-03,Modoc,049,8938,57,47,9,56,0
2020-11-03,Mono,051,14174,444,210,6,216,1
2020-11-03,Monterey,053,433212,12150,11703,89,11792,94
2020-11-03,Napa,055,140530,2302,2130,6,2136,15
2020-11-03,Nevada,057,99092,741,670,17,687,9
2020-11-03,Orange,059,3164182,63478,60283,1965,62248,1477
2020-11-03,Placer,061,380077,4898,4514,22,4536,60
2020-11-03,Plumas,063,18699,109,86,0,86,0
2020-11-03,Riverside,065,2383286,71646,69300,638,69938,1325
2020-11-03,Sacramento,067,1510023,27864,26841,31,26872,510
2020-11-03,San Benito,069,59416,1508,1463,1,1464,15
2020-11-03,San Bernardino,071,2135413,69232,65320,512,65832,1159
2020-11-03,San Diego,073,3302833,61220,57722,1848,59570,901
2020-11-03,San Francisco,075,870044,13051,12585,58,12643,146
2020-11-03,San Joaquin,077,732212,22843,22109,291,22400,500
2020-11-03,San Luis Obispo,079,281455,4762,4371,42,4413,32
2020-11-03,San Mateo,081,765935,12006,11406,7,11413,162
2020-11-03,Santa Barbara,083,443738,10653,10008,115,10123,132
2020-11-03,Santa Clara,085,1922200,26967,25386,36,25422,393
2020-11-03,Santa Cruz,087,273765,3180,2980,38,3018,25
2020-11-03,Shasta,089,179085,2918,2288,28,2316,33
2020-11-03,Sierra,091,2930,7,6,0,6,0
2020-11-03,Siskiyou,093,43540,261,219,11,230,0
2020-11-03,Solano,095,438530,8154,7691,41,7732,85
2020-11-03,Sonoma,097,501317,10352,9906,35,9941,142
2020-11-03,Stanislaus,099,539301,18392,18080,910,18990,416
2020-11-03,Sutter,101,95872,2001,1914,2,1916,12
2020-11-03,Tehama,103,63373,1068,988,2,990,6
2020-11-03,Trinity,105,12862,79,36,8,44,0
2020-11-03,Tulare,107,460477,18496,17890,553,18443,297
2020-11-03,Tuolumne,109,53932,363,302,2,304,5
2020-11-03,Ventura,111,848112,15648,14816,440,15256,155
2020-11-03,Yolo,113,214977,3540,3343,9,3352,61
2020-11-03,Yuba,115,75493,1373,1295,6,1301,10
2020-11-02,Alameda,001,1643700,24719,23991,252,24243,419
2020-11-02,Alpine,003,1148,17,4,0,4,0
2020-11-02,Amador,005,37829,379,357,0,357,16
2020-11-02,Butte,007,227075,3335,3198,42,3240,57
2020-11-02,Calaveras,009,45235,351,282,0,282,18
2020-11-02,Colusa,011,21464,579,571,1,572,6
2020-11-02,Contra Costa,013,1133247,20007,19339,101,19440,250
2020-11-02,Del Norte,015,27424,193,175,0,175,2
2020-11-02,El Dorado,017,186661,1530,1405,3,1408,4
2020-11-02,Fresno,019,978130,34615,31738,537,32275,451
2020-11-02,Glenn,021,27897,721,692,5,697,3
2020-11-02,Humboldt,023,135768,602,569,1,570,8
2020-11-02,Imperial,025,180216,13399,13004,16,13020,334
2020-11-02,Inyo,027,18085,253,243,1,244,14
2020-11-02,Kern,029,883053,34935,33834,581,34415,437
2020-11-02,Kings,031,150075,8988,8654,67,8721,82
2020-11-02,Lake,033,64148,758,728,0,728,17
2020-11-02,Lassen,035,31185,797,782,2,784,0
2020-11-02,Los Angeles,037,10098052,316238,307620,3442,311062,7079
2020-11-02,Madera,039,155013,5263,5033,53,5086,54
2020-11-02,Marin,041,260295,7259,7132,19,7151,125
2020-11-02,Mariposa,043,17540,88,79,0,79,2
2020-11-02,Mendocino,045,87422,1140,1076,3,1079,21
2020-11-02,Merced,047,269075,9930,9664,39,9703,152
2020-11-02,Modoc,049,8938,54,45,5,50,0
2020-11-02,Mono,051,14174,442,211,6,217,1
2020-11-02,Monterey,053,433212,12043,11602,86,11688,93
2020-11-02,Napa,055,140530,2260,2081,6,2087,15
2020-11-02,Nevada,057,99092,725,656,17,673,9
2020-11-02,Orange,059,3164182,63075,59996,1946,61942,1474
2020-11-02,Placer,061,380077,4829,4461,20,4481,60
2020-11-02,Plumas,063,18699,101,86,0,86,0
2020-11-02,Riverside,065,2383286,71015,68833,597,69430,1321
2020-11-02,Sacramento,067,1510023,27522,26676,29,26705,508
2020-11-02,San Benito,069,59416,1496,1459,1,1460,15
2020-11-02,San Bernardino,071,2135413,68377,64629,501,65130,1157
2020-11-02,San Diego,073,3302833,60497,57429,1803,59232,891
2020-11-02,San Francisco,075,870044,12954,12436,57,12493,145
2020-11-02,San Joaquin,077,732212,22704,21919,282,22201,500
2020-11-02,San Luis Obispo,079,281455,4661,4303,39,4342,31
2020-11-02,San Mateo,081,765935,11897,11328,7,11335,161
2020-11-02,Santa Barbara,083,443738,10612,9985,110,10095,130
2020-11-02,Santa Clara,085,1922200,26679,25222,36,25258,387
2020-11-02,Santa Cruz,087,273765,3138,2943,38,2981,25
2020-11-02,Shasta,089,179085,2813,2174,24,2198,33
2020-11-02,Sierra,091,2930,7,6,0,6,0
2020-11-02,Siskiyou,093,43540,251,216,11,227,0
2020-11-02,Solano,095,438530,8036,7665,41,7706,84
2020-11-02,Sonoma,097,501317,10269,9796,34,9830,140
2020-11-02,Stanislaus,099,539301,18296,18005,901,18906,412
2020-11-02,Sutter,101,95872,1977,1895,2,1897,12
2020-11-02,Tehama,103,63373,1045,971,2,973,6
2020-11-02,Trinity,105,12862,74,30,8,38,0
2020-11-02,Tulare,107,460477,18404,17774,531,18305,299
2020-11-02,Tuolumne,109,53932,343,302,2,304,5
2020-11-02,Ventura,111,848112,15513,14767,420,15187,156
2020-11-02,Yolo,113,214977,3491,3318,9,3327,61
2020-11-02,Yuba,115,75493,1360,1280,6,1286,10
2020-11-01,Alameda,001,1643700,24557,23892,250,24142,419
2020-11-01,Alpine,003,1148,11,4,0,4,0
2020-11-01,Amador,005,37829,376,352,0,352,16
2020-11-01,Butte,007,227075,3312,3185,40,3225,57
2020-11-01,Calaveras,009,45235,350,282,0,282,18
2020-11-01,Colusa,011,21464,577,567,1,568,6
2020-11-01,Contra Costa,013,1133247,19833,19246,100,19346,250
2020-11-01,Del Norte,015,27424,189,175,0,175,2
2020-11-01,El Dorado,017,186661,1514,1394,3,1397,4
2020-11-01,Fresno,019,978130,34361,31613,519,32132,451
2020-11-01,Glenn,021,27897,712,688,3,691,3
2020-11-01,Humboldt,023,135768,594,568,1,569,8
2020-11-01,Imperial,025,180216,13308,12969,14,12983,334
2020-11-01,Inyo,027,18085,251,241,1,242,14
2020-11-01,Kern,029,883053,34755,33760,474,34234,437
2020-11-01,Kings,031,150075,8950,8641,66,8707,82
2020-11-01,Lake,033,64148,752,727,0,727,17
2020-11-01,Lassen,035,31185,797,782,2,784,0
2020-11-01,Los Angeles,037,10098052,313678,306217,3343,309560,7077
2020-11-01,Madera,039,155013,5215,5019,51,5070,54
2020-11-01,Marin,041,260295,7242,7124,19,7143,125
2020-11-01,Mariposa,043,17540,84,79,0,79,2
2020-11-01,Mendocino,045,87422,1127,1074,3,1077,21
2020-11-01,Merced,047,269075,9869,9626,39,9665,152
2020-11-01,Modoc,049,8938,53,45,5,50,0
2020-11-01,Mono,051,14174,412,211,5,216,1
2020-11-01,Monterey,053,433212,11935,11587,83,11670,93
2020-11-01,Napa,055,140530,2226,2067,6,2073,15
2020-11-01,Nevada,057,99092,709,646,16,662,9
2020-11-01,Orange,059,3164182,62673,59733,1918,61651,1475
2020-11-01,Placer,061,380077,4764,4422,19,4441,58
2020-11-01,Plumas,063,18699,96,86,0,86,0
2020-11-01,Riverside,065,2383286,70386,68493,561,69054,1319
2020-11-01,Sacramento,067,1510023,27202,26442,29,26471,508
2020-11-01,San Benito,069,59416,1481,1451,1,1452,15
2020-11-01,San Bernardino,071,2135413,67536,64339,479,64818,1157
2020-11-01,San Diego,073,3302833,59809,57122,1763,58885,891
2020-11-01,San Francisco,075,870044,12832,12436,52,12488,145
2020-11-01,San Joaquin,077,732212,22576,21919,275,22194,500
2020-11-01,San Luis Obispo,079,281455,4581,4303,38,4341,31
2020-11-01,San Mateo,081,765935,11817,11280,7,11287,160
2020-11-01,Santa Barbara,083,443738,10561,9969,94,10063,130
2020-11-01,Santa Clara,085,1922200,26401,25090,36,25126,386
2020-11-01,Santa Cruz,087,273765,3085,2921,38,2959,25
2020-11-01,Shasta,089,179085,2677,2172,23,2195,33
2020-11-01,Sierra,091,2930,7,6,0,6,0
2020-11-01,Siskiyou,093,43540,246,205,11,216,0
2020-11-01,Solano,095,438530,7946,7591,41,7632,84
2020-11-01,Sonoma,097,501317,10177,9688,34,9722,140
2020-11-01,Stanislaus,099,539301,18195,17961,881,18842,412
2020-11-01,Sutter,101,95872,1951,1888,1,1889,12
2020-11-01,Tehama,103,63373,1028,965,2,967,5
2020-11-01,Trinity,105,12862,72,30,7,37,0
2020-11-01,Tulare,107,460477,18292,17774,500,18274,299
2020-11-01,Tuolumne,109,53932,321,295,2,297,5
2020-11-01,Ventura,111,848112,15367,14686,385,15071,156
2020-11-01,Yolo,113,214977,3442,3303,9,3312,60
2020-11-01,Yuba,115,75493,1343,1273,6,1279,10
2020-10-31,Alameda,001,1643700,24442,23780,246,24026,416
2020-10-31,Alpine,003,1148,11,4,0,4,0
2020-10-31,Amador,005,37829,372,347,0,347,16
2020-10-31,Butte,007,227075,3299,3172,38,3210,57
2020-10-31,Calaveras,009,45235,350,280,0,280,18
2020-10-31,Colusa,011,21464,575,555,1,556,6
2020-10-31,Contra Costa,013,1133247,19727,19161,100,19261,249
2020-10-31,Del Norte,015,27424,188,175,0,175,2
2020-10-31,El Dorado,017,186661,1505,1390,3,1393,4
2020-10-31,Fresno,019,978130,34225,31558,515,32073,451
2020-10-31,Glenn,021,27897,710,678,3,681,3
2020-10-31,Humboldt,023,135768,591,561,1,562,8
2020-10-31,Imperial,025,180216,13266,12912,14,12926,334
2020-10-31,Inyo,027,18085,250,241,1,242,14
2020-10-31,Kern,029,883053,34652,33666,464,34130,437
2020-10-31,Kings,031,150075,8929,8612,64,8676,82
2020-10-31,Lake,033,64148,748,724,0,724,16
2020-10-31,Lassen,035,31185,792,782,2,784,0
2020-10-31,Los Angeles,037,10098052,312309,304704,3298,308002,7073
2020-10-31,Madera,039,155013,5197,5013,48,5061,54
2020-10-31,Marin,041,260295,7226,7112,19,7131,125
2020-10-31,Mariposa,043,17540,84,79,0,79,2
2020-10-31,Mendocino,045,87422,1119,1066,3,1069,21
2020-10-31,Merced,047,269075,9836,9597,38,9635,151
2020-10-31,Modoc,049,8938,52,34,4,38,0
2020-10-31,Mono,051,14174,263,194,4,198,1
2020-10-31,Monterey,053,433212,11867,11539,79,11618,93
2020-10-31,Napa,055,140530,2207,2040,6,2046,15
2020-10-31,Nevada,057,99092,691,644,16,660,9
2020-10-31,Orange,059,3164182,62414,59488,1900,61388,1473
2020-10-31,Placer,061,380077,4714,4374,18,4392,58
2020-10-31,Plumas,063,18699,95,85,0,85,0
2020-10-31,Riverside,065,2383286,70030,68178,538,68716,1319
2020-10-31,Sacramento,067,1510023,27003,26316,27,26343,507
2020-10-31,San Benito,069,59416,1474,1448,1,1449,15
2020-10-31,San Bernardino,071,2135413,67111,64016,469,64485,1157
2020-10-31,San Diego,073,3302833,59356,56769,1735,58504,891
2020-10-31,San Francisco,075,870044,12758,12438,51,12489,145
2020-10-31,San Joaquin,077,732212,22501,21918,266,22184,500
2020-10-31,San Luis Obispo,079,281455,4512,4285,35,4320,31
2020-10-31,San Mateo,081,765935,11765,11253,7,11260,160
2020-10-31,Santa Barbara,083,443738,10533,9957,86,10043,130
2020-10-31,Santa Clara,085,1922200,26233,24957,36,24993,379
2020-10-31,Santa Cruz,087,273765,3050,2895,37,2932,25
2020-10-31,Shasta,089,179085,2627,2122,22,2144,33
2020-10-31,Sierra,091,2930,7,6,0,6,0
2020-10-31,Siskiyou,093,43540,244,200,11,211,0
2020-10-31,Solano,095,438530,7882,7545,41,7586,84
2020-10-31,Sonoma,097,501317,10124,9648,34,9682,140
2020-10-31,Stanislaus,099,539301,18133,17920,864,18784,412
2020-10-31,Sutter,101,95872,1942,1876,1,1877,12
2020-10-31,Tehama,103,63373,1018,953,2,955,5
2020-10-31,Trinity,105,12862,69,30,7,37,0
2020-10-31,Tulare,107,460477,18243,17758,492,18250,299
2020-10-31,Tuolumne,109,53932,315,290,2,292,5
2020-10-31,Ventura,111,848112,15284,14635,366,15001,155
2020-10-31,Yolo,113,214977,3407,3290,9,3299,60
2020-10-31,Yuba,115,75493,1327,1260,5,1265,10
2020-10-30,Alameda,001,1643700,24363,23676,243,23919,401
2020-10-30,Alpine,003,1148,11,4,0,4,0
2020-10-30,Amador,005,37829,372,344,0,344,16
2020-10-30,Butte,007,227075,3294,3160,38,3198,57
2020-10-30,Calaveras,009,45235,349,279,0,279,18
2020-10-30,Colusa,011,21464,573,554,1,555,6
2020-10-30,Contra Costa,013,1133247,19655,19074,100,19174,249
2020-10-30,Del Norte,015,27424,187,175,0,175,2
2020-10-30,El Dorado,017,186661,1492,1386,3,1389,4
2020-10-30,Fresno,019,978130,34104,31409,507,31916,446
2020-10-30,Glenn,021,27897,704,674,2,676,3
2020-10-30,Humboldt,023,135768,590,561,1,562,7
2020-10-30,Imperial,025,180216,13225,12853,14,12867,334
2020-10-30,Inyo,027,18085,249,241,1,242,14
2020-10-30,Kern,029,883053,34559,33583,463,34046,437
2020-10-30,Kings,031,150075,8919,8564,62,8626,82
2020-10-30,Lake,033,64148,748,720,0,720,16
2020-10-30,Lassen,035,31185,786,777,2,779,0
2020-10-30,Los Angeles,037,10098052,310876,303425,3259,306684,7060
2020-10-30,Madera,039,155013,5185,4991,46,5037,54
2020-10-30,Marin,041,260295,7206,7097,19,7116,125
2020-10-30,Mariposa,043,17540,84,78,0,78,2
2020-10-30,Mendocino,045,87422,1117,1062,3,1065,21
2020-10-30,Merced,047,269075,9804,9539,38,9577,150
2020-10-30,Modoc,049,8938,51,34,3,37,0
2020-10-30,Mono,051,14174,262,193,4,197,1
2020-10-30,Monterey,053,433212,11805,11491,73,11564,92
2020-10-30,Napa,055,140530,2189,2028,6,2034,15
2020-10-30,Nevada,057,99092,685,634,16,650,9
2020-10-30,Orange,059,3164182,62173,59334,1887,61221,1469
2020-10-30,Placer,061,380077,4667,4335,18,4353,58
2020-10-30,Plumas,063,18699,92,80,0,80,0
2020-10-30,Riverside,065,2383286,69689,67752,518,68270,1317
2020-10-30,Sacramento,067,1510023,26855,26147,27,26174,505
2020-10-30,San Benito,069,59416,1468,1440,1,1441,15
2020-10-30,San Bernardino,071,2135413,66695,63512,466,63978,1156
2020-10-30,San Diego,073,3302833,58951,56387,1713,58100,888
2020-10-30,San Francisco,075,870044,12703,12384,51,12435,145
2020-10-30,San Joaquin,077,732212,22435,21849,259,22108,500
2020-10-30,San Luis Obispo,079,281455,4469,4256,35,4291,31
2020-10-30,San Mateo,081,765935,11706,11207,7,11214,159
2020-10-30,Santa Barbara,083,443738,10510,9937,86,10023,128
2020-10-30,Santa Clara,085,1922200,26084,24811,36,24847,378
2020-10-30,Santa Cruz,087,273765,3032,2874,37,2911,25
2020-10-30,Shasta,089,179085,2583,2048,21,2069,32
2020-10-30,Sierra,091,2930,7,6,0,6,0
2020-10-30,Siskiyou,093,43540,244,192,11,203,0
2020-10-30,Solano,095,438530,7821,7497,41,7538,84
2020-10-30,Sonoma,097,501317,10050,9602,33,9635,140
2020-10-30,Stanislaus,099,539301,18086,17861,847,18708,410
2020-10-30,Sutter,101,95872,1929,1860,1,1861,12
2020-10-30,Tehama,103,63373,1014,932,2,934,5
2020-10-30,Trinity,105,12862,69,29,7,36,0
2020-10-30,Tulare,107,460477,18200,17682,474,18156,299
2020-10-30,Tuolumne,109,53932,308,286,2,288,4
2020-10-30,Ventura,111,848112,15213,14578,351,14929,154
2020-10-30,Yolo,113,214977,3390,3263,9,3272,60
2020-10-30,Yuba,115,75493,1319,1256,5,1261,10
2020-10-29,Alameda,001,1643700,24200,23530,242,23772,401
2020-10-29,Alpine,003,1148,8,4,0,4,0
2020-10-29,Amador,005,37829,368,338,0,338,16
2020-10-29,Butte,007,227075,3276,3143,37,3180,57
2020-10-29,Calaveras,009,45235,347,278,0,278,13
2020-10-29,Colusa,011,21464,569,552,1,553,6
2020-10-29,Contra Costa,013,1133247,19556,18933,99,19032,249
2020-10-29,Del Norte,015,27424,185,174,0,174,2
2020-10-29,El Dorado,017,186661,1470,1370,3,1373,4
2020-10-29,Fresno,019,978130,33949,31321,499,31820,445
2020-10-29,Glenn,021,27897,702,673,2,675,3
2020-10-29,Humboldt,023,135768,585,559,1,560,7
2020-10-29,Imperial,025,180216,13181,12769,14,12783,334
2020-10-29,Inyo,027,18085,247,238,1,239,14
2020-10-29,Kern,029,883053,34457,33460,458,33918,437
2020-10-29,Kings,031,150075,8765,8502,61,8563,82
2020-10-29,Lake,033,64148,745,702,0,702,16
2020-10-29,Lassen,035,31185,785,772,2,774,0
2020-10-29,Los Angeles,037,10098052,309256,302246,3206,305452,7046
2020-10-29,Madera,039,155013,5156,4970,44,5014,53
2020-10-29,Marin,041,260295,7192,7083,19,7102,125
2020-10-29,Mariposa,043,17540,82,78,0,78,2
2020-10-29,Mendocino,045,87422,1111,1058,3,1061,21
2020-10-29,Merced,047,269075,9751,9496,38,9534,150
2020-10-29,Modoc,049,8938,49,31,3,34,0
2020-10-29,Mono,051,14174,255,176,4,180,1
2020-10-29,Monterey,053,433212,11724,11425,71,11496,92
2020-10-29,Napa,055,140530,2165,2009,6,2015,15
2020-10-29,Nevada,057,99092,678,632,16,648,9
2020-10-29,Orange,059,3164182,61905,59046,1867,60913,1464
2020-10-29,Placer,061,380077,4622,4270,16,4286,58
2020-10-29,Plumas,063,18699,90,69,0,69,0
2020-10-29,Riverside,065,2383286,69312,67268,489,67757,1304
2020-10-29,Sacramento,067,1510023,26643,25978,26,26004,507
2020-10-29,San Benito,069,59416,1463,1431,1,1432,15
2020-10-29,San Bernardino,071,2135413,66127,62968,456,63424,1150
2020-10-29,San Diego,073,3302833,58487,55916,1684,57600,885
2020-10-29,San Francisco,075,870044,12624,12312,51,12363,145
2020-10-29,San Joaquin,077,732212,22352,21736,246,21982,498
2020-10-29,San Luis Obispo,079,281455,4439,4223,33,4256,31
2020-10-29,San Mateo,081,765935,11660,11145,7,11152,157
2020-10-29,Santa Barbara,083,443738,10477,9902,84,9986,128
2020-10-29,Santa Clara,085,1922200,25932,24614,36,24650,377
2020-10-29,Santa Cruz,087,273765,3007,2850,37,2887,24
2020-10-29,Shasta,089,179085,2520,2008,21,2029,32
2020-10-29,Sierra,091,2930,6,6,0,6,0
2020-10-29,Siskiyou,093,43540,228,185,11,196,0
2020-10-29,Solano,095,438530,7758,7453,41,7494,78
2020-10-29,Sonoma,097,501317,9986,9533,33,9566,140
2020-10-29,Stanislaus,099,539301,18033,17790,825,18615,410
2020-10-29,Sutter,101,95872,1921,1852,1,1853,12
2020-10-29,Tehama,103,63373,996,925,2,927,5
2020-10-29,Trinity,105,12862,64,28,6,34,0
2020-10-29,Tulare,107,460477,18123,17627,454,18081,299
2020-10-29,Tuolumne,109,53932,303,279,2,281,4
2020-10-29,Ventura,111,848112,15123,14486,346,14832,154
2020-10-29,Yolo,113,214977,3361,3246,9,3255,60
2020-10-29,Yuba,115,75493,1308,1248,5,1253,10
2020-10-28,Alameda,001,1643700,24100,23468,241,23709,400
2020-10-28,Alpine,003,1148,7,4,0,4,0
2020-10-28,Amador,005,37829,365,337,0,337,16
2020-10-28,Butte,007,227075,3260,3134,34,3168,56
2020-10-28,Calaveras,009,45235,346,278,0,278,13
2020-10-28,Colusa,011,21464,566,551,1,552,6
2020-10-28,Contra Costa,013,1133247,19469,18828,98,18926,246
2020-10-28,Del Norte,015,27424,182,173,0,173,2
2020-10-28,El Dorado,017,186661,1458,1363,3,1366,4
2020-10-28,Fresno,019,978130,33830,31195,493,31688,444
2020-10-28,Glenn,021,27897,698,673,2,675,3
2020-10-28,Humboldt,023,135768,581,559,1,560,7
2020-10-28,Imperial,025,180216,13132,12730,14,12744,333
2020-10-28,Inyo,027,18085,247,238,1,239,14
2020-10-28,Kern,029,883053,34355,33424,439,33863,436
2020-10-28,Kings,031,150075,8743,8486,60,8546,82
2020-10-28,Lake,033,64148,742,700,0,700,15
2020-10-28,Lassen,035,31185,781,771,2,773,0
2020-10-28,Los Angeles,037,10098052,307798,300726,3164,303890,7031
2020-10-28,Madera,039,155013,5140,4954,43,4997,53
2020-10-28,Marin,041,260295,7181,7079,19,7098,126
2020-10-28,Mariposa,043,17540,82,78,0,78,2
2020-10-28,Mendocino,045,87422,1110,1037,3,1040,20
2020-10-28,Merced,047,269075,9725,9480,37,9517,150
2020-10-28,Modoc,049,8938,48,31,2,33,0
2020-10-28,Mono,051,14174,237,176,4,180,1
2020-10-28,Monterey,053,433212,11666,11330,69,11399,89
2020-10-28,Napa,055,140530,2139,1998,5,2003,15
2020-10-28,Nevada,057,99092,670,629,16,645,9
2020-10-28,Orange,059,3164182,61642,58801,1850,60651,1459
2020-10-28,Placer,061,380077,4566,4236,16,4252,57
2020-10-28,Plumas,063,18699,89,67,0,67,0
2020-10-28,Riverside,065,2383286,68914,67003,465,67468,1302
2020-10-28,Sacramento,067,1510023,26447,25838,25,25863,506
2020-10-28,San Benito,069,59416,1455,1429,1,1430,15
2020-10-28,San Bernardino,071,2135413,65668,62778,446,63224,1154
2020-10-28,San Diego,073,3302833,58104,55556,1655,57211,881
2020-10-28,San Francisco,075,870044,12566,12261,50,12311,145
2020-10-28,San Joaquin,077,732212,22269,21707,234,21941,498
2020-10-28,San Luis Obispo,079,281455,4398,4197,30,4227,31
2020-10-28,San Mateo,081,765935,11596,11101,7,11108,157
2020-10-28,Santa Barbara,083,443738,10453,9872,82,9954,127
2020-10-28,Santa Clara,085,1922200,25788,24503,36,24539,375
2020-10-28,Santa Cruz,087,273765,2976,2836,37,2873,24
2020-10-28,Shasta,089,179085,2440,1996,20,2016,31
2020-10-28,Sierra,091,2930,6,6,0,6,0
2020-10-28,Siskiyou,093,43540,225,182,10,192,0
2020-10-28,Solano,095,438530,7699,7362,41,7403,77
2020-10-28,Sonoma,097,501317,9896,9457,28,9485,140
2020-10-28,Stanislaus,099,539301,17968,17765,816,18581,409
2020-10-28,Sutter,101,95872,1912,1840,1,1841,12
2020-10-28,Tehama,103,63373,985,921,2,923,5
2020-10-28,Trinity,105,12862,59,28,6,34,0
2020-10-28,Tulare,107,460477,18067,17569,436,18005,297
2020-10-28,Tuolumne,109,53932,300,277,2,279,4
2020-10-28,Ventura,111,848112,15050,14409,337,14746,153
2020-10-28,Yolo,113,214977,3337,3230,9,3239,60
2020-10-28,Yuba,115,75493,1296,1245,5,1250,10
2020-10-27,Alameda,001,1643700,23988,23365,238,23603,400
2020-10-27,Alpine,003,1148,7,3,0,3,0
2020-10-27,Amador,005,37829,362,335,0,335,16
2020-10-27,Butte,007,227075,3244,3107,31,3138,56
2020-10-27,Calaveras,009,45235,344,277,0,277,13
2020-10-27,Colusa,011,21464,561,549,1,550,6
2020-10-27,Contra Costa,013,1133247,19364,18766,98,18864,246
2020-10-27,Del Norte,015,27424,179,173,0,173,2
2020-10-27,El Dorado,017,186661,1445,1351,3,1354,4
2020-10-27,Fresno,019,978130,33713,31096,488,31584,442
2020-10-27,Glenn,021,27897,696,667,1,668,3
2020-10-27,Humboldt,023,135768,578,559,1,560,7
2020-10-27,Imperial,025,180216,13083,12680,14,12694,333
2020-10-27,Inyo,027,18085,247,231,1,232,14
2020-10-27,Kern,029,883053,34238,33328,435,33763,436
2020-10-27,Kings,031,150075,8712,8411,60,8471,83
2020-10-27,Lake,033,64148,739,700,0,700,15
2020-10-27,Lassen,035,31185,779,764,2,766,0
2020-10-27,Los Angeles,037,10098052,306418,299438,3133,302571,7008
2020-10-27,Madera,039,155013,5110,4942,42,4984,53
2020-10-27,Marin,041,260295,7165,7070,19,7089,126
2020-10-27,Mariposa,043,17540,81,78,0,78,2
2020-10-27,Mendocino,045,87422,1103,1033,2,1035,20
2020-10-27,Merced,047,269075,9685,9449,37,9486,150
2020-10-27,Modoc,049,8938,46,31,2,33,0
2020-10-27,Mono,051,14174,223,169,4,173,1
2020-10-27,Monterey,053,433212,11610,11261,67,11328,88
2020-10-27,Napa,055,140530,2123,1979,5,1984,15
2020-10-27,Nevada,057,99092,664,622,16,638,8
2020-10-27,Orange,059,3164182,61372,58550,1833,60383,1448
2020-10-27,Placer,061,380077,4518,4197,14,4211,57
2020-10-27,Plumas,063,18699,86,63,0,63,0
2020-10-27,Riverside,065,2383286,68561,66699,420,67119,1299
2020-10-27,Sacramento,067,1510023,26260,25701,24,25725,501
2020-10-27,San Benito,069,59416,1450,1428,1,1429,15
2020-10-27,San Bernardino,071,2135413,65206,62357,433,62790,1154
2020-10-27,San Diego,073,3302833,57631,55226,1632,56858,877
2020-10-27,San Francisco,075,870044,12492,12218,49,12267,140
2020-10-27,San Joaquin,077,732212,22178,21637,225,21862,496
2020-10-27,San Luis Obispo,079,281455,4371,4148,26,4174,31
2020-10-27,San Mateo,081,765935,11547,11074,7,11081,156
2020-10-27,Santa Barbara,083,443738,10424,9874,81,9955,125
2020-10-27,Santa Clara,085,1922200,25646,24368,36,24404,367
2020-10-27,Santa Cruz,087,273765,2946,2815,36,2851,24
2020-10-27,Shasta,089,179085,2353,1962,20,1982,29
2020-10-27,Sierra,091,2930,6,6,0,6,0
2020-10-27,Siskiyou,093,43540,216,181,10,191,0
2020-10-27,Solano,095,438530,7630,7298,41,7339,77
2020-10-27,Sonoma,097,501317,9829,9389,28,9417,140
2020-10-27,Stanislaus,099,539301,17901,17720,808,18528,408
2020-10-27,Sutter,101,95872,1899,1832,1,1833,12
2020-10-27,Tehama,103,63373,971,913,2,915,5
2020-10-27,Trinity,105,12862,56,28,6,34,0
2020-10-27,Tulare,107,460477,18004,17520,413,17933,296
2020-10-27,Tuolumne,109,53932,296,275,2,277,4
2020-10-27,Ventura,111,848112,14967,14347,330,14677,153
2020-10-27,Yolo,113,214977,3323,3216,9,3225,58
2020-10-27,Yuba,115,75493,1283,1235,5,1240,10
2020-10-26,Alameda,001,1643700,23876,23284,237,23521,398
2020-10-26,Alpine,003,1148,5,3,0,3,0
2020-10-26,Amador,005,37829,358,331,0,331,16
2020-10-26,Butte,007,227075,3232,3095,29,3124,56
2020-10-26,Calaveras,009,45235,340,274,0,274,13
2020-10-26,Colusa,011,21464,559,548,1,549,6
2020-10-26,Contra Costa,013,1133247,19268,18718,97,18815,245
2020-10-26,Del Norte,015,27424,179,171,0,171,2
2020-10-26,El Dorado,017,186661,1431,1336,3,1339,4
2020-10-26,Fresno,019,978130,33601,30969,481,31450,441
2020-10-26,Glenn,021,27897,689,660,1,661,3
2020-10-26,Humboldt,023,135768,570,554,1,555,7
2020-10-26,Imperial,025,180216,13029,12654,11,12665,333
2020-10-26,Inyo,027,18085,247,226,1,227,14
2020-10-26,Kern,029,883053,34154,33233,430,33663,432
2020-10-26,Kings,031,150075,8690,8264,58,8322,82
2020-10-26,Lake,033,64148,737,697,0,697,15
2020-10-26,Lassen,035,31185,776,764,2,766,0
2020-10-26,Los Angeles,037,10098052,304992,297961,3090,301051,6979
2020-10-26,Madera,039,155013,5089,4922,41,4963,53
2020-10-26,Marin,041,260295,7159,7064,18,7082,104
2020-10-26,Mariposa,043,17540,81,77,0,77,2
2020-10-26,Mendocino,045,87422,1095,1026,2,1028,20
2020-10-26,Merced,047,269075,9638,9375,36,9411,150
2020-10-26,Modoc,049,8938,44,28,0,28,0
2020-10-26,Mono,051,14174,217,167,4,171,1
2020-10-26,Monterey,053,433212,11560,11207,63,11270,87
2020-10-26,Napa,055,140530,2091,1966,5,1971,14
2020-10-26,Nevada,057,99092,657,618,16,634,8
2020-10-26,Orange,059,3164182,61169,58377,1813,60190,1442
2020-10-26,Placer,061,380077,4475,4161,13,4174,57
2020-10-26,Plumas,063,18699,84,63,0,63,0
2020-10-26,Riverside,065,2383286,68107,66475,396,66871,1294
2020-10-26,Sacramento,067,1510023,26078,25555,22,25577,496
2020-10-26,San Benito,069,59416,1442,1424,1,1425,15
2020-10-26,San Bernardino,071,2135413,64735,61871,430,62301,1153
2020-10-26,San Diego,073,3302833,57240,54957,1594,56551,870
2020-10-26,San Francisco,075,870044,12432,12072,49,12121,138
2020-10-26,San Joaquin,077,732212,22095,21459,219,21678,495
2020-10-26,San Luis Obispo,079,281455,4346,4133,26,4159,31
2020-10-26,San Mateo,081,765935,11503,11037,7,11044,156
2020-10-26,Santa Barbara,083,443738,10401,9827,81,9908,122
2020-10-26,Santa Clara,085,1922200,25456,24258,35,24293,365
2020-10-26,Santa Cruz,087,273765,2920,2808,36,2844,24
2020-10-26,Shasta,089,179085,2300,1889,20,1909,29
2020-10-26,Sierra,091,2930,6,6,0,6,0
2020-10-26,Siskiyou,093,43540,208,179,10,189,0
2020-10-26,Solano,095,438530,7550,7271,41,7312,62
2020-10-26,Sonoma,097,501317,9749,9315,28,9343,140
2020-10-26,Stanislaus,099,539301,17851,17666,798,18464,400
2020-10-26,Sutter,101,95872,1891,1817,1,1818,12
2020-10-26,Tehama,103,63373,951,892,2,894,5
2020-10-26,Trinity,105,12862,55,26,6,32,0
2020-10-26,Tulare,107,460477,17927,17432,390,17822,296
2020-10-26,Tuolumne,109,53932,287,271,2,273,4
2020-10-26,Ventura,111,848112,14897,14330,327,14657,154
2020-10-26,Yolo,113,214977,3303,3206,9,3215,58
2020-10-26,Yuba,115,75493,1267,1226,5,1231,10
2020-10-25,Alameda,001,1643700,23770,23192,237,23429,398
2020-10-25,Alpine,003,1148,4,3,0,3,0
2020-10-25,Amador,005,37829,347,330,0,330,16
2020-10-25,Butte,007,227075,3213,3087,29,3116,56
2020-10-25,Calaveras,009,45235,339,274,0,274,13
2020-10-25,Colusa,011,21464,555,548,1,549,6
2020-10-25,Contra Costa,013,1133247,19167,18640,97,18737,245
2020-10-25,Del Norte,015,27424,175,171,0,171,2
2020-10-25,El Dorado,017,186661,1416,1328,3,1331,4
2020-10-25,Fresno,019,978130,33472,30858,469,31327,441
2020-10-25,Glenn,021,27897,686,652,1,653,3
2020-10-25,Humboldt,023,135768,567,554,1,555,7
2020-10-25,Imperial,025,180216,12979,12572,11,12583,333
2020-10-25,Inyo,027,18085,244,226,1,227,14
2020-10-25,Kern,029,883053,34047,33185,426,33611,432
2020-10-25,Kings,031,150075,8657,8246,56,8302,82
2020-10-25,Lake,033,64148,720,695,0,695,15
2020-10-25,Lassen,035,31185,773,764,2,766,0
2020-10-25,Los Angeles,037,10098052,303433,297110,3050,300160,6973
2020-10-25,Madera,039,155013,5059,4909,36,4945,53
2020-10-25,Marin,041,260295,7149,7052,18,7070,102
2020-10-25,Mariposa,043,17540,81,77,0,77,2
2020-10-25,Mendocino,045,87422,1088,1024,2,1026,20
2020-10-25,Merced,047,269075,9573,9352,34,9386,150
2020-10-25,Modoc,049,8938,39,28,0,28,0
2020-10-25,Mono,051,14174,209,167,4,171,1
2020-10-25,Monterey,053,433212,11477,11182,58,11240,87
2020-10-25,Napa,055,140530,2061,1962,5,1967,14
2020-10-25,Nevada,057,99092,649,616,16,632,8
2020-10-25,Orange,059,3164182,60880,58185,1803,59988,1443
2020-10-25,Placer,061,380077,4423,4140,13,4153,57
2020-10-25,Plumas,063,18699,84,63,0,63,0
2020-10-25,Riverside,065,2383286,67655,66192,380,66572,1289
2020-10-25,Sacramento,067,1510023,25862,25445,19,25464,496
2020-10-25,San Benito,069,59416,1435,1423,1,1424,15
2020-10-25,San Bernardino,071,2135413,64196,61551,418,61969,1153
2020-10-25,San Diego,073,3302833,56777,54599,1562,56161,870
2020-10-25,San Francisco,075,870044,12359,12072,49,12121,137
2020-10-25,San Joaquin,077,732212,21988,21459,210,21669,495
2020-10-25,San Luis Obispo,079,281455,4304,4126,24,4150,31
2020-10-25,San Mateo,081,765935,11458,10987,7,10994,156
2020-10-25,Santa Barbara,083,443738,10381,9814,81,9895,122
2020-10-25,Santa Clara,085,1922200,25269,24087,35,24122,365
2020-10-25,Santa Cruz,087,273765,2893,2789,36,2825,24
2020-10-25,Shasta,089,179085,2236,1889,20,1909,29
2020-10-25,Sierra,091,2930,6,6,0,6,0
2020-10-25,Siskiyou,093,43540,205,176,10,186,0
2020-10-25,Solano,095,438530,7473,7197,41,7238,60
2020-10-25,Sonoma,097,501317,9656,9235,27,9262,140
2020-10-25,Stanislaus,099,539301,17794,17641,788,18429,400
2020-10-25,Sutter,101,95872,1873,1811,1,1812,12
2020-10-25,Tehama,103,63373,934,880,2,882,5
2020-10-25,Trinity,105,12862,51,26,6,32,0
2020-10-25,Tulare,107,460477,17855,17431,380,17811,296
2020-10-25,Tuolumne,109,53932,282,271,2,273,4
2020-10-25,Ventura,111,848112,14804,14300,321,14621,154
2020-10-25,Yolo,113,214977,3282,3190,9,3199,58
2020-10-25,Yuba,115,75493,1259,1219,5,1224,10
2020-10-24,Alameda,001,1643700,23700,23099,234,23333,398
2020-10-24,Alpine,003,1148,4,3,0,3,0
2020-10-24,Amador,005,37829,346,328,0,328,16
2020-10-24,Butte,007,227075,3204,3078,29,3107,56
2020-10-24,Calaveras,009,45235,337,274,0,274,13
2020-10-24,Colusa,011,21464,550,548,1,549,6
2020-10-24,Contra Costa,013,1133247,19100,18567,97,18664,244
2020-10-24,Del Norte,015,27424,174,171,0,171,2
2020-10-24,El Dorado,017,186661,1400,1317,3,1320,4
2020-10-24,Fresno,019,978130,33411,30752,465,31217,441
2020-10-24,Glenn,021,27897,683,650,1,651,3
2020-10-24,Humboldt,023,135768,565,553,1,554,7
2020-10-24,Imperial,025,180216,12952,12469,11,12480,333
2020-10-24,Inyo,027,18085,244,226,1,227,14
2020-10-24,Kern,029,883053,33989,33105,421,33526,432
2020-10-24,Kings,031,150075,8647,8228,55,8283,82
2020-10-24,Lake,033,64148,715,696,0,696,15
2020-10-24,Lassen,035,31185,772,764,2,766,0
2020-10-24,Los Angeles,037,10098052,302616,296323,3026,299349,6969
2020-10-24,Madera,039,155013,5046,4898,35,4933,53
2020-10-24,Marin,041,260295,7140,7042,18,7060,102
2020-10-24,Mariposa,043,17540,81,77,0,77,2
2020-10-24,Mendocino,045,87422,1076,1022,2,1024,20
2020-10-24,Merced,047,269075,9549,9351,34,9385,150
2020-10-24,Modoc,049,8938,38,28,0,28,0
2020-10-24,Mono,051,14174,195,167,4,171,1
2020-10-24,Monterey,053,433212,11410,11153,57,11210,87
2020-10-24,Napa,055,140530,2044,1957,5,1962,14
2020-10-24,Nevada,057,99092,645,608,16,624,8
2020-10-24,Orange,059,3164182,60727,57928,1792,59720,1441
2020-10-24,Placer,061,380077,4393,4093,13,4106,57
2020-10-24,Plumas,063,18699,78,63,0,63,0
2020-10-24,Riverside,065,2383286,67446,65902,366,66268,1288
2020-10-24,Sacramento,067,1510023,25781,25372,19,25391,496
2020-10-24,San Benito,069,59416,1430,1417,1,1418,15
2020-10-24,San Bernardino,071,2135413,63956,61351,409,61760,1153
2020-10-24,San Diego,073,3302833,56500,54330,1549,55879,868
2020-10-24,San Francisco,075,870044,12301,12073,48,12121,137
2020-10-24,San Joaquin,077,732212,21936,21458,205,21663,495
2020-10-24,San Luis Obispo,079,281455,4279,4119,23,4142,31
2020-10-24,San Mateo,081,765935,11419,10942,7,10949,155
2020-10-24,Santa Barbara,083,443738,10364,9781,81,9862,122
2020-10-24,Santa Clara,085,1922200,25182,23978,35,24013,365
2020-10-24,Santa Cruz,087,273765,2874,2775,36,2811,24
2020-10-24,Shasta,089,179085,2191,1878,20,1898,29
2020-10-24,Sierra,091,2930,6,6,0,6,0
2020-10-24,Siskiyou,093,43540,204,174,10,184,0
2020-10-24,Solano,095,438530,7420,7189,41,7230,60
2020-10-24,Sonoma,097,501317,9622,9179,27,9206,140
2020-10-24,Stanislaus,099,539301,17750,17574,772,18346,400
2020-10-24,Sutter,101,95872,1864,1804,1,1805,12
2020-10-24,Tehama,103,63373,926,872,2,874,5
2020-10-24,Trinity,105,12862,51,25,6,31,0
2020-10-24,Tulare,107,460477,17833,17406,368,17774,295
2020-10-24,Tuolumne,109,53932,279,269,2,271,4
2020-10-24,Ventura,111,848112,14751,14240,320,14560,154
2020-10-24,Yolo,113,214977,3271,3164,9,3173,57
2020-10-24,Yuba,115,75493,1256,1210,5,1215,10
2020-10-23,Alameda,001,1643700,23628,23047,232,23279,393
2020-10-23,Alpine,003,1148,4,3,0,3,0
2020-10-23,Amador,005,37829,345,324,0,324,16
2020-10-23,Butte,007,227075,3195,3059,29,3088,55
2020-10-23,Calaveras,009,45235,336,273,0,273,13
2020-10-23,Colusa,011,21464,550,547,1,548,6
2020-10-23,Contra Costa,013,1133247,19029,18483,96,18579,244
2020-10-23,Del Norte,015,27424,174,171,0,171,2
2020-10-23,El Dorado,017,186661,1391,1310,3,1313,4
2020-10-23,Fresno,019,978130,33344,30590,461,31051,441
2020-10-23,Glenn,021,27897,680,644,1,645,3
2020-10-23,Humboldt,023,135768,563,553,1,554,7
2020-10-23,Imperial,025,180216,12921,12398,11,12409,333
2020-10-23,Inyo,027,18085,243,226,1,227,14
2020-10-23,Kern,029,883053,33921,33077,416,33493,431
2020-10-23,Kings,031,150075,8638,8218,55,8273,82
2020-10-23,Lake,033,64148,713,689,0,689,15
2020-10-23,Lassen,035,31185,771,764,2,766,0
2020-10-23,Los Angeles,037,10098052,301537,294287,2995,297282,6956
2020-10-23,Madera,039,155013,5041,4888,35,4923,53
2020-10-23,Marin,041,260295,7127,7029,18,7047,102
2020-10-23,Mariposa,043,17540,81,77,0,77,2
2020-10-23,Mendocino,045,87422,1073,1019,2,1021,20
2020-10-23,Merced,047,269075,9535,9327,34,9361,149
2020-10-23,Modoc,049,8938,38,28,0,28,0
2020-10-23,Mono,051,14174,194,159,4,163,1
2020-10-23,Monterey,053,433212,11363,11099,53,11152,86
2020-10-23,Napa,055,140530,2036,1942,5,1947,14
2020-10-23,Nevada,057,99092,642,604,16,620,8
2020-10-23,Orange,059,3164182,60556,57595,1777,59372,1430
2020-10-23,Placer,061,380077,4347,4073,13,4086,57
2020-10-23,Plumas,063,18699,75,63,0,63,0
2020-10-23,Riverside,065,2383286,67207,65512,358,65870,1279
2020-10-23,Sacramento,067,1510023,25676,25224,19,25243,496
2020-10-23,San Benito,069,59416,1428,1412,1,1413,15
2020-10-23,San Bernardino,071,2135413,63672,60854,395,61249,1150
2020-10-23,San Diego,073,3302833,56194,53944,1522,55466,867
2020-10-23,San Francisco,075,870044,12270,12015,48,12063,137
2020-10-23,San Joaquin,077,732212,21880,21361,199,21560,495
2020-10-23,San Luis Obispo,079,281455,4253,4102,23,4125,31
2020-10-23,San Mateo,081,765935,11370,10872,7,10879,155
2020-10-23,Santa Barbara,083,443738,10348,9751,81,9832,121
2020-10-23,Santa Clara,085,1922200,25080,23822,35,23857,364
2020-10-23,Santa Cruz,087,273765,2860,2757,36,2793,24
2020-10-23,Shasta,089,179085,2155,1846,19,1865,29
2020-10-23,Sierra,091,2930,6,6,0,6,0
2020-10-23,Siskiyou,093,43540,200,172,10,182,0
2020-10-23,Solano,095,438530,7389,7174,41,7215,59
2020-10-23,Sonoma,097,501317,9566,9112,27,9139,139
2020-10-23,Stanislaus,099,539301,17713,17496,764,18260,395
2020-10-23,Sutter,101,95872,1857,1797,1,1798,12
2020-10-23,Tehama,103,63373,917,862,2,864,5
2020-10-23,Trinity,105,12862,51,26,6,32,0
2020-10-23,Tulare,107,460477,17788,17334,356,17690,295
2020-10-23,Tuolumne,109,53932,277,254,2,256,4
2020-10-23,Ventura,111,848112,14722,14192,320,14512,155
2020-10-23,Yolo,113,214977,3258,3140,9,3149,57
2020-10-23,Yuba,115,75493,1252,1206,5,1211,10
2020-10-22,Alameda,001,1643700,23526,22915,232,23147,393
2020-10-22,Alpine,003,1148,4,3,0,3,0
2020-10-22,Amador,005,37829,341,317,0,317,16
2020-10-22,Butte,007,227075,3185,3046,27,3073,55
2020-10-22,Calaveras,009,45235,333,273,0,273,13
2020-10-22,Colusa,011,21464,550,547,1,548,6
2020-10-22,Contra Costa,013,1133247,18957,18393,96,18489,243
2020-10-22,Del Norte,015,27424,173,168,0,168,2
2020-10-22,El Dorado,017,186661,1381,1308,3,1311,4
2020-10-22,Fresno,019,978130,33235,30471,453,30924,438
2020-10-22,Glenn,021,27897,673,643,1,644,3
2020-10-22,Humboldt,023,135768,562,548,1,549,7
2020-10-22,Imperial,025,180216,12868,12311,11,12322,333
2020-10-22,Inyo,027,18085,240,220,1,221,14
2020-10-22,Kern,029,883053,33840,32991,413,33404,431
2020-10-22,Kings,031,150075,8387,8201,55,8256,82
2020-10-22,Lake,033,64148,709,678,0,678,15
2020-10-22,Lassen,035,31185,768,764,2,766,0
2020-10-22,Los Angeles,037,10098052,300163,291599,2935,294534,6935
2020-10-22,Madera,039,155013,5020,4847,35,4882,52
2020-10-22,Marin,041,260295,7121,7014,18,7032,102
2020-10-22,Mariposa,043,17540,81,77,0,77,2
2020-10-22,Mendocino,045,87422,1068,1016,2,1018,20
2020-10-22,Merced,047,269075,9507,9323,34,9357,149
2020-10-22,Modoc,049,8938,34,26,0,26,0
2020-10-22,Mono,051,14174,189,156,4,160,1
2020-10-22,Monterey,053,433212,11304,11059,50,11109,84
2020-10-22,Napa,055,140530,2021,1928,5,1933,14
2020-10-22,Nevada,057,99092,636,600,16,616,8
2020-10-22,Orange,059,3164182,60342,57418,1760,59178,1422
2020-10-22,Placer,061,380077,4298,4036,13,4049,57
2020-10-22,Plumas,063,18699,72,62,0,62,0
2020-10-22,Riverside,065,2383286,66873,65104,338,65442,1279
2020-10-22,Sacramento,067,1510023,25537,25054,19,25073,492
2020-10-22,San Benito,069,59416,1424,1403,1,1404,15
2020-10-22,San Bernardino,071,2135413,63271,60402,380,60782,1149
2020-10-22,San Diego,073,3302833,55809,53514,1503,55017,866
2020-10-22,San Francisco,075,870044,12212,11991,46,12037,137
2020-10-22,San Joaquin,077,732212,21807,21282,193,21475,495
2020-10-22,San Luis Obispo,079,281455,4237,4081,23,4104,31
2020-10-22,San Mateo,081,765935,11314,10796,7,10803,155
2020-10-22,Santa Barbara,083,443738,10314,9710,79,9789,120
2020-10-22,Santa Clara,085,1922200,24926,23621,35,23656,363
2020-10-22,Santa Cruz,087,273765,2842,2738,35,2773,24
2020-10-22,Shasta,089,179085,2109,1799,19,1818,29
2020-10-22,Sierra,091,2930,6,6,0,6,0
2020-10-22,Siskiyou,093,43540,200,169,10,179,0
2020-10-22,Solano,095,438530,7343,7116,41,7157,59
2020-10-22,Sonoma,097,501317,9500,9052,26,9078,139
2020-10-22,Stanislaus,099,539301,17660,17440,751,18191,395
2020-10-22,Sutter,101,95872,1843,1794,1,1795,12
2020-10-22,Tehama,103,63373,906,852,2,854,5
2020-10-22,Trinity,105,12862,50,26,6,32,0
2020-10-22,Tulare,107,460477,17722,17265,343,17608,293
2020-10-22,Tuolumne,109,53932,275,252,2,254,4
2020-10-22,Ventura,111,848112,14675,14124,318,14442,154
2020-10-22,Yolo,113,214977,3246,3116,9,3125,58
2020-10-22,Yuba,115,75493,1245,1199,5,1204,10
2020-10-21,Alameda,001,1643700,23438,22853,230,23083,392
2020-10-21,Alpine,003,1148,4,3,0,3,0
2020-10-21,Amador,005,37829,336,313,0,313,16
2020-10-21,Butte,007,227075,3173,3041,27,3068,55
2020-10-21,Calaveras,009,45235,332,272,0,272,13
2020-10-21,Colusa,011,21464,550,546,1,547,6
2020-10-21,Contra Costa,013,1133247,18883,18299,96,18395,243
2020-10-21,Del Norte,015,27424,173,169,0,169,2
2020-10-21,El Dorado,017,186661,1369,1305,2,1307,4
2020-10-21,Fresno,019,978130,33139,30328,451,30779,433
2020-10-21,Glenn,021,27897,668,640,1,641,3
2020-10-21,Humboldt,023,135768,561,548,1,549,7
2020-10-21,Imperial,025,180216,12811,12210,11,12221,331
2020-10-21,Inyo,027,18085,236,220,1,221,14
2020-10-21,Kern,029,883053,33766,32956,411,33367,430
2020-10-21,Kings,031,150075,8360,8186,55,8241,80
2020-10-21,Lake,033,64148,708,676,0,676,15
2020-10-21,Lassen,035,31185,767,764,2,766,0
2020-10-21,Los Angeles,037,10098052,298825,288096,2892,290988,6923
2020-10-21,Madera,039,155013,4995,4831,35,4866,52
2020-10-21,Marin,041,260295,7112,7002,18,7020,102
2020-10-21,Mariposa,043,17540,81,77,0,77,2
2020-10-21,Mendocino,045,87422,1066,1011,2,1013,21
2020-10-21,Merced,047,269075,9483,9319,32,9351,149
2020-10-21,Modoc,049,8938,33,26,0,26,0
2020-10-21,Mono,051,14174,187,156,4,160,1
2020-10-21,Monterey,053,433212,11266,11005,49,11054,83
2020-10-21,Napa,055,140530,2005,1918,5,1923,13
2020-10-21,Nevada,057,99092,630,597,16,613,8
2020-10-21,Orange,059,3164182,60130,57189,1749,58938,1409
2020-10-21,Placer,061,380077,4261,4007,13,4020,56
2020-10-21,Plumas,063,18699,69,58,0,58,0
2020-10-21,Riverside,065,2383286,66579,64778,312,65090,1278
2020-10-21,Sacramento,067,1510023,25344,24908,19,24927,490
2020-10-21,San Benito,069,59416,1423,1401,1,1402,14
2020-10-21,San Bernardino,071,2135413,62864,59948,373,60321,1141
2020-10-21,San Diego,073,3302833,55457,53279,1475,54754,863
2020-10-21,San Francisco,075,870044,12163,11976,45,12021,137
2020-10-21,San Joaquin,077,732212,21731,21201,187,21388,495
2020-10-21,San Luis Obispo,079,281455,4223,4055,21,4076,31
2020-10-21,San Mateo,081,765935,11265,10730,7,10737,155
2020-10-21,Santa Barbara,083,443738,10296,9681,78,9759,121
2020-10-21,Santa Clara,085,1922200,24800,23537,35,23572,361
2020-10-21,Santa Cruz,087,273765,2819,2729,35,2764,24
2020-10-21,Shasta,089,179085,2072,1777,19,1796,27
2020-10-21,Sierra,091,2930,6,6,0,6,0
2020-10-21,Siskiyou,093,43540,196,169,10,179,0
2020-10-21,Solano,095,438530,7298,7088,41,7129,59
2020-10-21,Sonoma,097,501317,9420,8987,26,9013,138
2020-10-21,Stanislaus,099,539301,17611,17419,742,18161,392
2020-10-21,Sutter,101,95872,1828,1786,1,1787,12
2020-10-21,Tehama,103,63373,890,824,2,826,5
2020-10-21,Trinity,105,12862,46,25,6,31,0
2020-10-21,Tulare,107,460477,17686,17204,329,17533,292
2020-10-21,Tuolumne,109,53932,274,251,2,253,4
2020-10-21,Ventura,111,848112,14612,14050,315,14365,153
2020-10-21,Yolo,113,214977,3227,3095,9,3104,58
2020-10-21,Yuba,115,75493,1236,1194,5,1199,10
2020-10-20,Alameda,001,1643700,23335,22750,226,22976,391
2020-10-20,Alpine,003,1148,4,3,0,3,0
2020-10-20,Amador,005,37829,335,313,0,313,16
2020-10-20,Butte,007,227075,3161,3027,27,3054,56
2020-10-20,Calaveras,009,45235,331,273,0,273,13
2020-10-20,Colusa,011,21464,547,546,1,547,6
2020-10-20,Contra Costa,013,1133247,18791,18246,96,18342,241
2020-10-20,Del Norte,015,27424,172,169,0,169,2
2020-10-20,El Dorado,017,186661,1363,1295,2,1297,4
2020-10-20,Fresno,019,978130,33036,30220,445,30665,431
2020-10-20,Glenn,021,27897,663,638,1,639,3
2020-10-20,Humboldt,023,135768,557,545,1,546,7
2020-10-20,Imperial,025,180216,12742,12114,11,12125,330
2020-10-20,Inyo,027,18085,236,218,1,219,14
2020-10-20,Kern,029,883053,33691,32889,398,33287,429
2020-10-20,Kings,031,150075,8342,8178,54,8232,80
2020-10-20,Lake,033,64148,706,675,0,675,15
2020-10-20,Lassen,035,31185,766,757,2,759,0
2020-10-20,Los Angeles,037,10098052,297336,287727,2839,290566,6891
2020-10-20,Madera,039,155013,4978,4823,35,4858,52
2020-10-20,Marin,041,260295,7097,6994,18,7012,101
2020-10-20,Mariposa,043,17540,80,77,0,77,2
2020-10-20,Mendocino,045,87422,1064,1004,2,1006,21
2020-10-20,Merced,047,269075,9461,9323,32,9355,149
2020-10-20,Modoc,049,8938,32,26,0,26,0
2020-10-20,Mono,051,14174,187,156,4,160,1
2020-10-20,Monterey,053,433212,11223,10942,46,10988,81
2020-10-20,Napa,055,140530,1986,1912,5,1917,13
2020-10-20,Nevada,057,99092,620,596,16,612,8
2020-10-20,Orange,059,3164182,59866,56914,1739,58653,1397
2020-10-20,Placer,061,380077,4223,3997,13,4010,56
2020-10-20,Plumas,063,18699,66,53,0,53,0
2020-10-20,Riverside,065,2383286,66198,64452,300,64752,1275
2020-10-20,Sacramento,067,1510023,25217,24767,18,24785,485
2020-10-20,San Benito,069,59416,1420,1398,1,1399,14
2020-10-20,San Bernardino,071,2135413,62486,59571,368,59939,1109
2020-10-20,San Diego,073,3302833,55121,53004,1455,54459,857
2020-10-20,San Francisco,075,870044,12116,12013,44,12057,126
2020-10-20,San Joaquin,077,732212,21653,21173,176,21349,490
2020-10-20,San Luis Obispo,079,281455,4205,4043,20,4063,31
2020-10-20,San Mateo,081,765935,11219,10659,7,10666,155
2020-10-20,Santa Barbara,083,443738,10267,9664,76,9740,121
2020-10-20,Santa Clara,085,1922200,24663,23406,35,23441,358
2020-10-20,Santa Cruz,087,273765,2796,2710,35,2745,23
2020-10-20,Shasta,089,179085,2049,1747,19,1766,20
2020-10-20,Sierra,091,2930,6,6,0,6,0
2020-10-20,Siskiyou,093,43540,188,168,10,178,0
2020-10-20,Solano,095,438530,7249,7044,41,7085,57
2020-10-20,Sonoma,097,501317,9357,8904,24,8928,135
2020-10-20,Stanislaus,099,539301,17557,17367,738,18105,393
2020-10-20,Sutter,101,95872,1819,1783,1,1784,12
2020-10-20,Tehama,103,63373,875,813,2,815,5
2020-10-20,Trinity,105,12862,45,25,6,31,0
2020-10-20,Tulare,107,460477,17620,17156,323,17479,289
2020-10-20,Tuolumne,109,53932,272,250,2,252,4
2020-10-20,Ventura,111,848112,14548,13980,313,14293,152
2020-10-20,Yolo,113,214977,3204,3083,9,3092,56
2020-10-20,Yuba,115,75493,1226,1191,5,1196,10
2020-10-19,Alameda,001,1643700,23225,22647,225,22872,392
2020-10-19,Alpine,003,1148,4,3,0,3,0
2020-10-19,Amador,005,37829,329,313,0,313,16
2020-10-19,Butte,007,227075,3150,3026,27,3053,55
2020-10-19,Calaveras,009,45235,330,268,0,268,13
2020-10-19,Colusa,011,21464,547,544,1,545,6
2020-10-19,Contra Costa,013,1133247,18693,18173,96,18269,239
2020-10-19,Del Norte,015,27424,169,167,0,167,2
2020-10-19,El Dorado,017,186661,1342,1287,2,1289,4
2020-10-19,Fresno,019,978130,32928,30152,439,30591,431
2020-10-19,Glenn,021,27897,658,635,0,635,3
2020-10-19,Humboldt,023,135768,557,543,1,544,7
2020-10-19,Imperial,025,180216,12688,12036,10,12046,330
2020-10-19,Inyo,027,18085,235,218,1,219,14
2020-10-19,Kern,029,883053,33616,32840,395,33235,428
2020-10-19,Kings,031,150075,8324,8173,54,8227,80
2020-10-19,Lake,033,64148,703,673,0,673,15
2020-10-19,Lassen,035,31185,765,757,2,759,0
2020-10-19,Los Angeles,037,10098052,295851,287119,2799,289918,6858
2020-10-19,Madera,039,155013,4963,4787,35,4822,52
2020-10-19,Marin,041,260295,7079,6981,18,6999,100
2020-10-19,Mariposa,043,17540,80,77,0,77,2
2020-10-19,Mendocino,045,87422,1059,1001,2,1003,21
2020-10-19,Merced,047,269075,9437,9305,27,9332,148
2020-10-19,Modoc,049,8938,31,26,0,26,0
2020-10-19,Mono,051,14174,182,156,4,160,1
2020-10-19,Monterey,053,433212,11162,10907,46,10953,80
2020-10-19,Napa,055,140530,1972,1892,5,1897,12
2020-10-19,Nevada,057,99092,617,590,16,606,8
2020-10-19,Orange,059,3164182,59580,56652,1725,58377,1396
2020-10-19,Placer,061,380077,4175,3962,13,3975,49
2020-10-19,Plumas,063,18699,64,52,0,52,0
2020-10-19,Riverside,065,2383286,65768,64016,283,64299,1272
2020-10-19,Sacramento,067,1510023,25078,24542,18,24560,483
2020-10-19,San Benito,069,59416,1413,1395,1,1396,14
2020-10-19,San Bernardino,071,2135413,62036,59265,356,59621,1100
2020-10-19,San Diego,073,3302833,54735,52739,1429,54168,853
2020-10-19,San Francisco,075,870044,12072,11879,44,11923,126
2020-10-19,San Joaquin,077,732212,21578,20930,168,21098,489
2020-10-19,San Luis Obispo,079,281455,4189,4016,20,4036,31
2020-10-19,San Mateo,081,765935,11173,10568,7,10575,154
2020-10-19,Santa Barbara,083,443738,10232,9632,76,9708,121
2020-10-19,Santa Clara,085,1922200,24512,23301,35,23336,352
2020-10-19,Santa Cruz,087,273765,2779,2705,35,2740,19
2020-10-19,Shasta,089,179085,2005,1709,18,1727,20
2020-10-19,Sierra,091,2930,6,6,0,6,0
2020-10-19,Siskiyou,093,43540,181,167,10,177,0
2020-10-19,Solano,095,438530,7208,7003,41,7044,57
2020-10-19,Sonoma,097,501317,9270,8830,24,8854,135
2020-10-19,Stanislaus,099,539301,17505,17342,728,18070,390
2020-10-19,Sutter,101,95872,1814,1773,1,1774,12
2020-10-19,Tehama,103,63373,872,793,2,795,5
2020-10-19,Trinity,105,12862,43,23,6,29,0
2020-10-19,Tulare,107,460477,17571,17047,315,17362,291
2020-10-19,Tuolumne,109,53932,270,247,2,249,4
2020-10-19,Ventura,111,848112,14482,13930,310,14240,152
2020-10-19,Yolo,113,214977,3191,3069,9,3078,56
2020-10-19,Yuba,115,75493,1219,1183,5,1188,10
2020-10-18,Alameda,001,1643700,23121,22546,224,22770,392
2020-10-18,Alpine,003,1148,4,3,0,3,0
2020-10-18,Amador,005,37829,317,313,0,313,16
2020-10-18,Butte,007,227075,3137,3019,27,3046,55
2020-10-18,Calaveras,009,45235,329,267,0,267,13
2020-10-18,Colusa,011,21464,545,544,1,545,6
2020-10-18,Contra Costa,013,1133247,18594,18120,96,18216,237
2020-10-18,Del Norte,015,27424,169,167,0,167,2
2020-10-18,El Dorado,017,186661,1333,1283,2,1285,4
2020-10-18,Fresno,019,978130,32804,30051,431,30482,430
2020-10-18,Glenn,021,27897,656,634,0,634,3
2020-10-18,Humboldt,023,135768,554,540,1,541,7
2020-10-18,Imperial,025,180216,12626,11987,9,11996,330
2020-10-18,Inyo,027,18085,232,215,1,216,14
2020-10-18,Kern,029,883053,33543,32799,388,33187,428
2020-10-18,Kings,031,150075,8309,8159,54,8213,80
2020-10-18,Lake,033,64148,696,670,0,670,15
2020-10-18,Lassen,035,31185,765,757,2,759,0
2020-10-18,Los Angeles,037,10098052,294147,286187,2751,288938,6857
2020-10-18,Madera,039,155013,4938,4770,34,4804,52
2020-10-18,Marin,041,260295,7058,6969,18,6987,99
2020-10-18,Mariposa,043,17540,80,77,0,77,2
2020-10-18,Mendocino,045,87422,1057,988,2,990,21
2020-10-18,Merced,047,269075,9402,9292,27,9319,148
2020-10-18,Modoc,049,8938,30,26,0,26,0
2020-10-18,Mono,051,14174,177,155,4,159,1
2020-10-18,Monterey,053,433212,11110,10872,46,10918,80
2020-10-18,Napa,055,140530,1959,1882,5,1887,12
2020-10-18,Nevada,057,99092,611,582,16,598,8
2020-10-18,Orange,059,3164182,59282,56394,1709,58103,1396
2020-10-18,Placer,061,380077,4127,3938,13,3951,49
2020-10-18,Plumas,063,18699,62,52,0,52,0
2020-10-18,Riverside,065,2383286,65458,63765,260,64025,1270
2020-10-18,Sacramento,067,1510023,24923,24425,18,24443,482
2020-10-18,San Benito,069,59416,1406,1395,1,1396,14
2020-10-18,San Bernardino,071,2135413,61537,58893,348,59241,1098
2020-10-18,San Diego,073,3302833,54346,52359,1408,53767,853
2020-10-18,San Francisco,075,870044,12033,11878,44,11922,126
2020-10-18,San Joaquin,077,732212,21496,20931,155,21086,489
2020-10-18,San Luis Obispo,079,281455,4158,4009,18,4027,31
2020-10-18,San Mateo,081,765935,11114,10503,7,10510,154
2020-10-18,Santa Barbara,083,443738,10193,9608,75,9683,121
2020-10-18,Santa Clara,085,1922200,24338,23169,35,23204,352
2020-10-18,Santa Cruz,087,273765,2765,2692,35,2727,19
2020-10-18,Shasta,089,179085,1980,1708,18,1726,20
2020-10-18,Sierra,091,2930,6,6,0,6,0
2020-10-18,Siskiyou,093,43540,181,167,10,177,0
2020-10-18,Solano,095,438530,7161,6962,41,7003,57
2020-10-18,Sonoma,097,501317,9194,8781,22,8803,134
2020-10-18,Stanislaus,099,539301,17449,17290,719,18009,390
2020-10-18,Sutter,101,95872,1805,1764,1,1765,12
2020-10-18,Tehama,103,63373,840,774,2,776,5
2020-10-18,Trinity,105,12862,43,20,6,26,0
2020-10-18,Tulare,107,460477,17479,17048,305,17353,290
2020-10-18,Tuolumne,109,53932,265,245,2,247,4
2020-10-18,Ventura,111,848112,14403,13901,309,14210,151
2020-10-18,Yolo,113,214977,3152,3059,9,3068,55
2020-10-18,Yuba,115,75493,1208,1176,5,1181,10
2020-10-17,Alameda,001,1643700,23075,22394,222,22616,398
2020-10-17,Alpine,003,1148,4,3,0,3,0
2020-10-17,Amador,005,37829,315,309,0,309,16
2020-10-17,Butte,007,227075,3129,3012,25,3037,55
2020-10-17,Calaveras,009,45235,329,267,0,267,13
2020-10-17,Colusa,011,21464,544,544,1,545,6
2020-10-17,Contra Costa,013,1133247,18541,18005,96,18101,237
2020-10-17,Del Norte,015,27424,169,167,0,167,2
2020-10-17,El Dorado,017,186661,1329,1277,2,1279,4
2020-10-17,Fresno,019,978130,32750,29911,429,30340,430
2020-10-17,Glenn,021,27897,653,633,0,633,3
2020-10-17,Humboldt,023,135768,551,535,1,536,7
2020-10-17,Imperial,025,180216,12598,11962,9,11971,330
2020-10-17,Inyo,027,18085,227,212,1,213,14
2020-10-17,Kern,029,883053,33492,32710,385,33095,428
2020-10-17,Kings,031,150075,8303,8151,53,8204,80
2020-10-17,Lake,033,64148,693,663,0,663,15
2020-10-17,Lassen,035,31185,765,757,2,759,0
2020-10-17,Los Angeles,037,10098052,293395,285858,2723,288581,6844
2020-10-17,Madera,039,155013,4932,4759,34,4793,53
2020-10-17,Marin,041,260295,7055,6958,18,6976,99
2020-10-17,Mariposa,043,17540,79,77,0,77,2
2020-10-17,Mendocino,045,87422,1050,977,2,979,21
2020-10-17,Merced,047,269075,9388,9275,27,9302,148
2020-10-17,Modoc,049,8938,30,26,0,26,0
2020-10-17,Mono,051,14174,176,155,4,159,1
2020-10-17,Monterey,053,433212,11070,10807,45,10852,80
2020-10-17,Napa,055,140530,1952,1866,5,1871,12
2020-10-17,Nevada,057,99092,610,580,16,596,8
2020-10-17,Orange,059,3164182,59142,56197,1700,57897,1396
2020-10-17,Placer,061,380077,4100,3898,13,3911,49
2020-10-17,Plumas,063,18699,62,52,0,52,0
2020-10-17,Riverside,065,2383286,65261,63171,249,63420,1270
2020-10-17,Sacramento,067,1510023,24839,24304,18,24322,482
2020-10-17,San Benito,069,59416,1402,1389,1,1390,14
2020-10-17,San Bernardino,071,2135413,61267,58415,341,58756,1097
2020-10-17,San Diego,073,3302833,54121,51986,1397,53383,853
2020-10-17,San Francisco,075,870044,12005,11877,43,11920,126
2020-10-17,San Joaquin,077,732212,21442,20932,149,21081,489
2020-10-17,San Luis Obispo,079,281455,4143,3979,18,3997,31
2020-10-17,San Mateo,081,765935,11086,10423,7,10430,153
2020-10-17,Santa Barbara,083,443738,10174,9588,73,9661,121
2020-10-17,Santa Clara,085,1922200,24249,22997,35,23032,349
2020-10-17,Santa Cruz,087,273765,2751,2680,35,2715,19
2020-10-17,Shasta,089,179085,1954,1679,18,1697,20
2020-10-17,Sierra,091,2930,6,6,0,6,0
2020-10-17,Siskiyou,093,43540,180,167,10,177,0
2020-10-17,Solano,095,438530,7135,6929,41,6970,57
2020-10-17,Sonoma,097,501317,9151,8725,22,8747,134
2020-10-17,Stanislaus,099,539301,17410,17232,709,17941,390
2020-10-17,Sutter,101,95872,1803,1762,1,1763,12
2020-10-17,Tehama,103,63373,824,764,2,766,5
2020-10-17,Trinity,105,12862,43,20,6,26,0
2020-10-17,Tulare,107,460477,17449,16995,296,17291,290
2020-10-17,Tuolumne,109,53932,265,241,2,243,4
2020-10-17,Ventura,111,848112,14358,13845,306,14151,151
2020-10-17,Yolo,113,214977,3137,3045,7,3052,55
2020-10-17,Yuba,115,75493,1203,1164,5,1169,10
2020-10-16,Alameda,001,1643700,23021,22315,222,22537,397
2020-10-16,Alpine,003,1148,4,3,0,3,0
2020-10-16,Amador,005,37829,315,309,0,309,16
2020-10-16,Butte,007,227075,3118,3004,25,3029,54
2020-10-16,Calaveras,009,45235,329,267,0,267,13
2020-10-16,Colusa,011,21464,543,544,1,545,6
2020-10-16,Contra Costa,013,1133247,18488,17956,96,18052,237
2020-10-16,Del Norte,015,27424,169,166,0,166,2
2020-10-16,El Dorado,017,186661,1323,1273,2,1275,4
2020-10-16,Fresno,019,978130,32675,29796,427,30223,427
2020-10-16,Glenn,021,27897,648,632,0,632,3
2020-10-16,Humboldt,023,135768,551,533,1,534,7
2020-10-16,Imperial,025,180216,12558,11885,9,11894,330
2020-10-16,Inyo,027,18085,223,212,1,213,14
2020-10-16,Kern,029,883053,33449,32660,383,33043,428
2020-10-16,Kings,031,150075,8294,8146,52,8198,80
2020-10-16,Lake,033,64148,691,644,0,644,14
2020-10-16,Lassen,035,31185,765,757,2,759,0
2020-10-16,Los Angeles,037,10098052,292334,284988,2700,287688,6835
2020-10-16,Madera,039,155013,4920,4736,33,4769,53
2020-10-16,Marin,041,260295,7045,6933,18,6951,99
2020-10-16,Mariposa,043,17540,79,76,0,76,2
2020-10-16,Mendocino,045,87422,1043,974,2,976,21
2020-10-16,Merced,047,269075,9371,9246,27,9273,148
2020-10-16,Modoc,049,8938,30,26,0,26,0
2020-10-16,Mono,051,14174,174,155,4,159,1
2020-10-16,Monterey,053,433212,11036,10727,45,10772,79
2020-10-16,Napa,055,140530,1943,1855,5,1860,12
2020-10-16,Nevada,057,99092,608,579,16,595,8
2020-10-16,Orange,059,3164182,58966,56091,1693,57784,1388
2020-10-16,Placer,061,380077,4080,3864,13,3877,49
2020-10-16,Plumas,063,18699,61,52,0,52,0
2020-10-16,Riverside,065,2383286,65036,62986,248,63234,1267
2020-10-16,Sacramento,067,1510023,24745,24144,18,24162,479
2020-10-16,San Benito,069,59416,1399,1388,1,1389,14
2020-10-16,San Bernardino,071,2135413,60998,58233,341,58574,1069
2020-10-16,San Diego,073,3302833,53880,51785,1383,53168,850
2020-10-16,San Francisco,075,870044,11983,11840,42,11882,126
2020-10-16,San Joaquin,077,732212,21397,20910,148,21058,489
2020-10-16,San Luis Obispo,079,281455,4129,3952,18,3970,32
2020-10-16,San Mateo,081,765935,11061,10405,7,10412,153
2020-10-16,Santa Barbara,083,443738,10156,9549,73,9622,119
2020-10-16,Santa Clara,085,1922200,24163,22920,35,22955,345
2020-10-16,Santa Cruz,087,273765,2738,2666,35,2701,20
2020-10-16,Shasta,089,179085,1932,1660,18,1678,20
2020-10-16,Sierra,091,2930,6,6,0,6,0
2020-10-16,Siskiyou,093,43540,178,167,10,177,0
2020-10-16,Solano,095,438530,7112,6879,41,6920,55
2020-10-16,Sonoma,097,501317,9095,8652,22,8674,133
2020-10-16,Stanislaus,099,539301,17377,17201,700,17901,366
2020-10-16,Sutter,101,95872,1795,1756,1,1757,12
2020-10-16,Tehama,103,63373,823,737,2,739,3
2020-10-16,Trinity,105,12862,43,20,6,26,0
2020-10-16,Tulare,107,460477,17417,16965,288,17253,290
2020-10-16,Tuolumne,109,53932,262,237,2,239,4
2020-10-16,Ventura,111,848112,14315,13805,301,14106,152
2020-10-16,Yolo,113,214977,3128,3030,7,3037,55
2020-10-16,Yuba,115,75493,1203,1155,5,1160,10
2020-10-15,Alameda,001,1643700,22953,22267,221,22488,390
2020-10-15,Alpine,003,1148,4,3,0,3,0
2020-10-15,Amador,005,37829,315,309,0,309,16
2020-10-15,Butte,007,227075,3106,3000,24,3024,54
2020-10-15,Calaveras,009,45235,328,267,0,267,13
2020-10-15,Colusa,011,21464,542,543,1,544,6
2020-10-15,Contra Costa,013,1133247,18421,17893,95,17988,237
2020-10-15,Del Norte,015,27424,169,164,0,164,2
2020-10-15,El Dorado,017,186661,1318,1265,2,1267,4
2020-10-15,Fresno,019,978130,32581,29727,425,30152,425
2020-10-15,Glenn,021,27897,643,632,0,632,3
2020-10-15,Humboldt,023,135768,547,531,1,532,7
2020-10-15,Imperial,025,180216,12517,11820,8,11828,330
2020-10-15,Inyo,027,18085,223,210,1,211,14
2020-10-15,Kern,029,883053,33369,32593,380,32973,427
2020-10-15,Kings,031,150075,8279,8134,52,8186,80
2020-10-15,Lake,033,64148,689,642,0,642,14
2020-10-15,Lassen,035,31185,764,752,2,754,0
2020-10-15,Los Angeles,037,10098052,291057,284019,2661,286680,6807
2020-10-15,Madera,039,155013,4908,4723,32,4755,50
2020-10-15,Marin,041,260295,7037,6912,18,6930,99
2020-10-15,Mariposa,043,17540,79,76,0,76,2
2020-10-15,Mendocino,045,87422,1038,963,2,965,21
2020-10-15,Merced,047,269075,9344,9213,27,9240,147
2020-10-15,Modoc,049,8938,30,26,0,26,0
2020-10-15,Mono,051,14174,174,155,4,159,1
2020-10-15,Monterey,053,433212,10969,10677,44,10721,79
2020-10-15,Napa,055,140530,1930,1842,5,1847,12
2020-10-15,Nevada,057,99092,604,575,16,591,8
2020-10-15,Orange,059,3164182,58750,55952,1681,57633,1379
2020-10-15,Placer,061,380077,4052,3848,13,3861,48
2020-10-15,Plumas,063,18699,58,52,0,52,0
2020-10-15,Riverside,065,2383286,64705,62819,245,63064,1266
2020-10-15,Sacramento,067,1510023,24627,24068,18,24086,474
2020-10-15,San Benito,069,59416,1396,1384,1,1385,14
2020-10-15,San Bernardino,071,2135413,60659,58068,338,58406,1067
2020-10-15,San Diego,073,3302833,53596,51472,1367,52839,847
2020-10-15,San Francisco,075,870044,11955,11808,39,11847,126
2020-10-15,San Joaquin,077,732212,21324,20880,142,21022,487
2020-10-15,San Luis Obispo,079,281455,4114,3934,18,3952,32
2020-10-15,San Mateo,081,765935,11021,10340,7,10347,152
2020-10-15,Santa Barbara,083,443738,10132,9526,72,9598,117
2020-10-15,Santa Clara,085,1922200,24047,22808,35,22843,343
2020-10-15,Santa Cruz,087,273765,2724,2656,35,2691,13
2020-10-15,Shasta,089,179085,1921,1635,18,1653,20
2020-10-15,Sierra,091,2930,6,6,0,6,0
2020-10-15,Siskiyou,093,43540,174,166,10,176,0
2020-10-15,Solano,095,438530,7073,6830,41,6871,55
2020-10-15,Sonoma,097,501317,9003,8571,22,8593,133
2020-10-15,Stanislaus,099,539301,17339,17151,686,17837,366
2020-10-15,Sutter,101,95872,1792,1752,1,1753,12
2020-10-15,Tehama,103,63373,796,726,2,728,3
2020-10-15,Trinity,105,12862,43,20,6,26,0
2020-10-15,Tulare,107,460477,17357,16918,272,17190,289
2020-10-15,Tuolumne,109,53932,260,236,2,238,4
2020-10-15,Ventura,111,848112,14259,13750,296,14046,152
2020-10-15,Yolo,113,214977,3108,3014,7,3021,55
2020-10-15,Yuba,115,75493,1196,1151,5,1156,10
2020-10-14,Alameda,001,1643700,22856,22227,220,22447,398
2020-10-14,Alpine,003,1148,4,3,0,3,0
2020-10-14,Amador,005,37829,313,308,0,308,16
2020-10-14,Butte,007,227075,3098,2995,24,3019,54
2020-10-14,Calaveras,009,45235,328,266,0,266,12
2020-10-14,Colusa,011,21464,542,543,1,544,6
2020-10-14,Contra Costa,013,1133247,18364,17820,93,17913,236
2020-10-14,Del Norte,015,27424,168,163,0,163,2
2020-10-14,El Dorado,017,186661,1312,1264,2,1266,4
2020-10-14,Fresno,019,978130,32469,29650,420,30070,424
2020-10-14,Glenn,021,27897,642,629,0,629,3
2020-10-14,Humboldt,023,135768,544,531,1,532,7
2020-10-14,Imperial,025,180216,12480,11765,7,11772,330
2020-10-14,Inyo,027,18085,222,209,1,210,14
2020-10-14,Kern,029,883053,33295,32528,377,32905,425
2020-10-14,Kings,031,150075,8262,8118,51,8169,80
2020-10-14,Lake,033,64148,688,642,0,642,14
2020-10-14,Lassen,035,31185,762,752,2,754,0
2020-10-14,Los Angeles,037,10098052,289746,282918,2614,285532,6786
2020-10-14,Madera,039,155013,4893,4713,31,4744,50
2020-10-14,Marin,041,260295,7031,6907,18,6925,99
2020-10-14,Mariposa,043,17540,78,76,0,76,2
2020-10-14,Mendocino,045,87422,1032,955,2,957,21
2020-10-14,Merced,047,269075,9319,9201,25,9226,147
2020-10-14,Modoc,049,8938,30,27,0,27,0
2020-10-14,Mono,051,14174,174,155,4,159,1
2020-10-14,Monterey,053,433212,10918,10616,44,10660,78
2020-10-14,Napa,055,140530,1913,1837,5,1842,12
2020-10-14,Nevada,057,99092,602,573,16,589,7
2020-10-14,Orange,059,3164182,58539,55756,1670,57426,1348
2020-10-14,Placer,061,380077,4029,3829,13,3842,48
2020-10-14,Plumas,063,18699,54,52,0,52,0
2020-10-14,Riverside,065,2383286,64422,62607,244,62851,1261
2020-10-14,Sacramento,067,1510023,24483,24013,18,24031,472
2020-10-14,San Benito,069,59416,1394,1381,0,1381,14
2020-10-14,San Bernardino,071,2135413,60333,57774,335,58109,1063
2020-10-14,San Diego,073,3302833,53278,51329,1343,52672,844
2020-10-14,San Francisco,075,870044,11923,11783,38,11821,123
2020-10-14,San Joaquin,077,732212,21245,20845,128,20973,487
2020-10-14,San Luis Obispo,079,281455,4091,3901,17,3918,32
2020-10-14,San Mateo,081,765935,10970,10309,7,10316,132
2020-10-14,Santa Barbara,083,443738,10097,9509,72,9581,117
2020-10-14,Santa Clara,085,1922200,23899,22735,35,22770,343
2020-10-14,Santa Cruz,087,273765,2714,2618,35,2653,13
2020-10-14,Shasta,089,179085,1883,1553,18,1571,20
2020-10-14,Sierra,091,2930,6,6,0,6,0
2020-10-14,Siskiyou,093,43540,174,166,10,176,0
2020-10-14,Solano,095,438530,7017,6786,41,6827,55
2020-10-14,Sonoma,097,501317,8950,8514,22,8536,133
2020-10-14,Stanislaus,099,539301,17294,17105,683,17788,365
2020-10-14,Sutter,101,95872,1783,1747,1,1748,12
2020-10-14,Tehama,103,63373,785,721,2,723,3
2020-10-14,Trinity,105,12862,42,20,6,26,0
2020-10-14,Tulare,107,460477,17295,16863,259,17122,287
2020-10-14,Tuolumne,109,53932,259,236,2,238,4
2020-10-14,Ventura,111,848112,14206,13697,292,13989,152
2020-10-14,Yolo,113,214977,3090,3007,7,3014,55
2020-10-14,Yuba,115,75493,1188,1147,5,1152,10
2020-10-13,Alameda,001,1643700,22752,22185,218,22403,389
2020-10-13,Alpine,003,1148,4,3,0,3,0
2020-10-13,Amador,005,37829,311,306,0,306,16
2020-10-13,Butte,007,227075,3089,2992,24,3016,54
2020-10-13,Calaveras,009,45235,324,262,0,262,12
2020-10-13,Colusa,011,21464,542,541,1,542,6
2020-10-13,Contra Costa,013,1133247,18306,17783,93,17876,234
2020-10-13,Del Norte,015,27424,168,163,0,163,2
2020-10-13,El Dorado,017,186661,1303,1262,2,1264,4
2020-10-13,Fresno,019,978130,32349,29579,416,29995,424
2020-10-13,Glenn,021,27897,641,629,0,629,3
2020-10-13,Humboldt,023,135768,542,523,1,524,7
2020-10-13,Imperial,025,180216,12445,11727,7,11734,327
2020-10-13,Inyo,027,18085,219,207,1,208,14
2020-10-13,Kern,029,883053,33221,32497,375,32872,419
2020-10-13,Kings,031,150075,8253,8111,51,8162,80
2020-10-13,Lake,033,64148,685,639,0,639,12
2020-10-13,Lassen,035,31185,760,752,2,754,0
2020-10-13,Los Angeles,037,10098052,288471,281716,2571,284287,6767
2020-10-13,Madera,039,155013,4875,4700,31,4731,50
2020-10-13,Marin,041,260295,7009,6900,18,6918,97
2020-10-13,Mariposa,043,17540,78,76,0,76,2
2020-10-13,Mendocino,045,87422,1023,950,2,952,21
2020-10-13,Merced,047,269075,9302,9181,25,9206,146
2020-10-13,Modoc,049,8938,29,28,0,28,0
2020-10-13,Mono,051,14174,174,155,3,158,1
2020-10-13,Monterey,053,433212,10857,10574,43,10617,78
2020-10-13,Napa,055,140530,1904,1825,5,1830,12
2020-10-13,Nevada,057,99092,596,572,16,588,7
2020-10-13,Orange,059,3164182,58327,55515,1656,57171,1326
2020-10-13,Placer,061,380077,3992,3825,13,3838,48
2020-10-13,Plumas,063,18699,52,51,0,51,0
2020-10-13,Riverside,065,2383286,64103,62279,242,62521,1254
2020-10-13,Sacramento,067,1510023,24406,23930,18,23948,466
2020-10-13,San Benito,069,59416,1386,1380,0,1380,14
2020-10-13,San Bernardino,071,2135413,59994,57411,333,57744,1061
2020-10-13,San Diego,073,3302833,52985,51026,1326,52352,840
2020-10-13,San Francisco,075,870044,11888,11659,38,11697,122
2020-10-13,San Joaquin,077,732212,21183,20822,124,20946,481
2020-10-13,San Luis Obispo,079,281455,4080,3892,16,3908,32
2020-10-13,San Mateo,081,765935,10927,10286,7,10293,130
2020-10-13,Santa Barbara,083,443738,10066,9489,72,9561,117
2020-10-13,Santa Clara,085,1922200,23773,22678,35,22713,343
2020-10-13,Santa Cruz,087,273765,2696,2603,35,2638,13
2020-10-13,Shasta,089,179085,1859,1606,18,1624,20
2020-10-13,Sierra,091,2930,6,6,0,6,0
2020-10-13,Siskiyou,093,43540,173,163,10,173,0
2020-10-13,Solano,095,438530,6982,6761,41,6802,55
2020-10-13,Sonoma,097,501317,8867,8456,22,8478,133
2020-10-13,Stanislaus,099,539301,17249,17082,678,17760,362
2020-10-13,Sutter,101,95872,1774,1748,1,1749,12
2020-10-13,Tehama,103,63373,777,717,2,719,3
2020-10-13,Trinity,105,12862,38,19,5,24,0
2020-10-13,Tulare,107,460477,17236,16822,251,17073,286
2020-10-13,Tuolumne,109,53932,257,235,2,237,4
2020-10-13,Ventura,111,848112,14153,13645,287,13932,151
2020-10-13,Yolo,113,214977,3082,2983,6,2989,55
2020-10-13,Yuba,115,75493,1183,1143,5,1148,10
2020-10-12,Alameda,001,1643700,22673,22126,217,22343,389
2020-10-12,Alpine,003,1148,4,3,0,3,0
2020-10-12,Amador,005,37829,310,305,0,305,16
2020-10-12,Butte,007,227075,3083,2975,24,2999,54
2020-10-12,Calaveras,009,45235,324,262,0,262,12
2020-10-12,Colusa,011,21464,542,541,1,542,6
2020-10-12,Contra Costa,013,1133247,18231,17728,93,17821,233
2020-10-12,Del Norte,015,27424,168,161,0,161,2
2020-10-12,El Dorado,017,186661,1300,1254,2,1256,4
2020-10-12,Fresno,019,978130,32216,29523,412,29935,421
2020-10-12,Glenn,021,27897,640,626,0,626,3
2020-10-12,Humboldt,023,135768,539,522,1,523,7
2020-10-12,Imperial,025,180216,12406,11689,7,11696,328
2020-10-12,Inyo,027,18085,216,201,1,202,14
2020-10-12,Kern,029,883053,33128,32425,372,32797,419
2020-10-12,Kings,031,150075,8247,8106,50,8156,80
2020-10-12,Lake,033,64148,679,633,0,633,12
2020-10-12,Lassen,035,31185,760,752,2,754,0
2020-10-12,Los Angeles,037,10098052,287258,280961,2540,283501,6747
2020-10-12,Madera,039,155013,4856,4689,31,4720,50
2020-10-12,Marin,041,260295,6992,6886,18,6904,97
2020-10-12,Mariposa,043,17540,78,76,0,76,2
2020-10-12,Mendocino,045,87422,1017,947,2,949,21
2020-10-12,Merced,047,269075,9281,9141,25,9166,146
2020-10-12,Modoc,049,8938,29,27,0,27,0
2020-10-12,Mono,051,14174,174,154,3,157,1
2020-10-12,Monterey,053,433212,10791,10473,43,10516,77
2020-10-12,Napa,055,140530,1896,1819,5,1824,11
2020-10-12,Nevada,057,99092,592,570,16,586,7
2020-10-12,Orange,059,3164182,58097,55373,1646,57019,1326
2020-10-12,Placer,061,380077,3959,3808,12,3820,48
2020-10-12,Plumas,063,18699,52,51,0,51,0
2020-10-12,Riverside,065,2383286,63791,62279,239,62518,1254
2020-10-12,Sacramento,067,1510023,24300,23807,18,23825,466
2020-10-12,San Benito,069,59416,1383,1376,0,1376,13
2020-10-12,San Bernardino,071,2135413,59622,57235,332,57567,1061
2020-10-12,San Diego,073,3302833,52695,50748,1299,52047,826
2020-10-12,San Francisco,075,870044,11856,11659,38,11697,122
2020-10-12,San Joaquin,077,732212,21120,20701,118,20819,480
2020-10-12,San Luis Obispo,079,281455,4056,3874,16,3890,32
2020-10-12,San Mateo,081,765935,10879,10262,7,10269,130
2020-10-12,Santa Barbara,083,443738,10029,9462,72,9534,117
2020-10-12,Santa Clara,085,1922200,23658,22578,35,22613,343
2020-10-12,Santa Cruz,087,273765,2679,2590,35,2625,13
2020-10-12,Shasta,089,179085,1834,1515,18,1533,20
2020-10-12,Sierra,091,2930,6,6,0,6,0
2020-10-12,Siskiyou,093,43540,172,162,10,172,0
2020-10-12,Solano,095,438530,6943,6742,41,6783,55
2020-10-12,Sonoma,097,501317,8796,8377,22,8399,133
2020-10-12,Stanislaus,099,539301,17200,17051,669,17720,361
2020-10-12,Sutter,101,95872,1766,1741,1,1742,12
2020-10-12,Tehama,103,63373,761,708,2,710,3
2020-10-12,Trinity,105,12862,37,19,5,24,0
2020-10-12,Tulare,107,460477,17184,16742,244,16986,286
2020-10-12,Tuolumne,109,53932,252,234,2,236,4
2020-10-12,Ventura,111,848112,14091,13617,283,13900,151
2020-10-12,Yolo,113,214977,3067,2964,6,2970,55
2020-10-12,Yuba,115,75493,1172,1141,5,1146,10
2020-10-11,Alameda,001,1643700,22584,22057,213,22270,392
2020-10-11,Alpine,003,1148,4,3,0,3,0
2020-10-11,Amador,005,37829,308,305,0,305,16
2020-10-11,Butte,007,227075,3075,2967,23,2990,54
2020-10-11,Calaveras,009,45235,322,262,0,262,12
2020-10-11,Colusa,011,21464,540,541,1,542,6
2020-10-11,Contra Costa,013,1133247,18149,17678,93,17771,233
2020-10-11,Del Norte,015,27424,166,161,0,161,2
2020-10-11,El Dorado,017,186661,1291,1242,2,1244,4
2020-10-11,Fresno,019,978130,32079,29419,405,29824,421
2020-10-11,Glenn,021,27897,638,625,0,625,3
2020-10-11,Humboldt,023,135768,538,521,1,522,7
2020-10-11,Imperial,025,180216,12346,11614,7,11621,328
2020-10-11,Inyo,027,18085,212,201,1,202,14
2020-10-11,Kern,029,883053,33041,32399,365,32764,418
2020-10-11,Kings,031,150075,8230,8094,49,8143,80
2020-10-11,Lake,033,64148,666,631,0,631,12
2020-10-11,Lassen,035,31185,759,752,2,754,0
2020-10-11,Los Angeles,037,10098052,285821,280190,2498,282688,6745
2020-10-11,Madera,039,155013,4828,4680,30,4710,50
2020-10-11,Marin,041,260295,6983,6870,18,6888,97
2020-10-11,Mariposa,043,17540,78,76,0,76,2
2020-10-11,Mendocino,045,87422,1010,944,2,946,21
2020-10-11,Merced,047,269075,9263,9124,25,9149,146
2020-10-11,Modoc,049,8938,29,27,0,27,0
2020-10-11,Mono,051,14174,174,154,3,157,1
2020-10-11,Monterey,053,433212,10740,10445,41,10486,77
2020-10-11,Napa,055,140530,1880,1811,5,1816,11
2020-10-11,Nevada,057,99092,590,569,16,585,7
2020-10-11,Orange,059,3164182,57868,55202,1639,56841,1326
2020-10-11,Placer,061,380077,3938,3787,12,3799,48
2020-10-11,Plumas,063,18699,52,51,0,51,0
2020-10-11,Riverside,065,2383286,63502,62112,235,62347,1254
2020-10-11,Sacramento,067,1510023,24158,23778,18,23796,466
2020-10-11,San Benito,069,59416,1382,1374,0,1374,13
2020-10-11,San Bernardino,071,2135413,59169,56997,328,57325,1061
2020-10-11,San Diego,073,3302833,52346,50553,1277,51830,826
2020-10-11,San Francisco,075,870044,11813,11659,38,11697,122
2020-10-11,San Joaquin,077,732212,21045,20700,108,20808,480
2020-10-11,San Luis Obispo,079,281455,4039,3874,15,3889,32
2020-10-11,San Mateo,081,765935,10848,10240,7,10247,130
2020-10-11,Santa Barbara,083,443738,9999,9440,71,9511,117
2020-10-11,Santa Clara,085,1922200,23515,22487,34,22521,336
2020-10-11,Santa Cruz,087,273765,2665,2578,35,2613,13
2020-10-11,Shasta,089,179085,1804,1515,17,1532,20
2020-10-11,Sierra,091,2930,6,6,0,6,0
2020-10-11,Siskiyou,093,43540,171,162,10,172,0
2020-10-11,Solano,095,438530,6889,6685,41,6726,53
2020-10-11,Sonoma,097,501317,8739,8319,22,8341,133
2020-10-11,Stanislaus,099,539301,17137,17007,652,17659,360
2020-10-11,Sutter,101,95872,1763,1742,1,1743,12
2020-10-11,Tehama,103,63373,737,702,2,704,3
2020-10-11,Trinity,105,12862,37,19,5,24,0
2020-10-11,Tulare,107,460477,17121,16741,236,16977,286
2020-10-11,Tuolumne,109,53932,248,234,2,236,4
2020-10-11,Ventura,111,848112,14030,13604,278,13882,151
2020-10-11,Yolo,113,214977,3037,2952,6,2958,55
2020-10-11,Yuba,115,75493,1160,1137,5,1142,10
2020-10-10,Alameda,001,1643700,22534,21979,212,22191,398
2020-10-10,Alpine,003,1148,4,3,0,3,0
2020-10-10,Amador,005,37829,307,304,0,304,16
2020-10-10,Butte,007,227075,3070,2962,22,2984,54
2020-10-10,Calaveras,009,45235,321,262,0,262,12
2020-10-10,Colusa,011,21464,540,541,1,542,6
2020-10-10,Contra Costa,013,1133247,18113,17566,92,17658,233
2020-10-10,Del Norte,015,27424,166,161,0,161,2
2020-10-10,El Dorado,017,186661,1289,1240,2,1242,4
2020-10-10,Fresno,019,978130,32016,29286,403,29689,421
2020-10-10,Glenn,021,27897,638,623,0,623,3
2020-10-10,Humboldt,023,135768,535,518,1,519,7
2020-10-10,Imperial,025,180216,12331,11591,7,11598,327
2020-10-10,Inyo,027,18085,209,201,1,202,14
2020-10-10,Kern,029,883053,33004,32338,365,32703,418
2020-10-10,Kings,031,150075,8226,8078,49,8127,80
2020-10-10,Lake,033,64148,665,630,0,630,11
2020-10-10,Lassen,035,31185,759,752,2,754,0
2020-10-10,Los Angeles,037,10098052,285101,279213,2464,281677,6743
2020-10-10,Madera,039,155013,4815,4662,30,4692,50
2020-10-10,Marin,041,260295,6974,6852,18,6870,97
2020-10-10,Mariposa,043,17540,78,76,0,76,2
2020-10-10,Mendocino,045,87422,1003,935,2,937,21
2020-10-10,Merced,047,269075,9257,9105,24,9129,146
2020-10-10,Modoc,049,8938,29,27,0,27,0
2020-10-10,Mono,051,14174,174,154,3,157,1
2020-10-10,Monterey,053,433212,10707,10410,41,10451,75
2020-10-10,Napa,055,140530,1873,1804,5,1809,11
2020-10-10,Nevada,057,99092,587,564,16,580,6
2020-10-10,Orange,059,3164182,57747,54965,1634,56599,1324
2020-10-10,Placer,061,380077,3921,3757,12,3769,48
2020-10-10,Plumas,063,18699,52,51,0,51,0
2020-10-10,Riverside,065,2383286,63299,61845,232,62077,1254
2020-10-10,Sacramento,067,1510023,24091,23689,18,23707,466
2020-10-10,San Benito,069,59416,1380,1370,0,1370,13
2020-10-10,San Bernardino,071,2135413,59007,56683,326,57009,1061
2020-10-10,San Diego,073,3302833,52116,50145,1259,51404,825
2020-10-10,San Francisco,075,870044,11792,11663,38,11701,122
2020-10-10,San Joaquin,077,732212,21017,20700,104,20804,481
2020-10-10,San Luis Obispo,079,281455,4019,3832,15,3847,32
2020-10-10,San Mateo,081,765935,10811,10218,7,10225,130
2020-10-10,Santa Barbara,083,443738,9988,9417,71,9488,116
2020-10-10,Santa Clara,085,1922200,23423,22354,34,22388,330
2020-10-10,Santa Cruz,087,273765,2651,2572,35,2607,13
2020-10-10,Shasta,089,179085,1787,1473,17,1490,20
2020-10-10,Sierra,091,2930,6,6,0,6,0
2020-10-10,Siskiyou,093,43540,171,161,10,171,0
2020-10-10,Solano,095,438530,6863,6655,41,6696,53
2020-10-10,Sonoma,097,501317,8719,8235,22,8257,133
2020-10-10,Stanislaus,099,539301,17102,16960,644,17604,360
2020-10-10,Sutter,101,95872,1760,1735,1,1736,12
2020-10-10,Tehama,103,63373,730,693,2,695,3
2020-10-10,Trinity,105,12862,37,19,5,24,0
2020-10-10,Tulare,107,460477,17087,16709,231,16940,286
2020-10-10,Tuolumne,109,53932,248,233,2,235,4
2020-10-10,Ventura,111,848112,14005,13520,278,13798,151
2020-10-10,Yolo,113,214977,3028,2939,6,2945,55
2020-10-10,Yuba,115,75493,1158,1134,5,1139,10
2020-10-09,Alameda,001,1643700,22486,21924,212,22136,399
2020-10-09,Alpine,003,1148,4,3,0,3,0
2020-10-09,Amador,005,37829,307,303,0,303,16
2020-10-09,Butte,007,227075,3067,2956,22,2978,51
2020-10-09,Calaveras,009,45235,319,262,0,262,11
2020-10-09,Colusa,011,21464,540,541,1,542,6
2020-10-09,Contra Costa,013,1133247,18063,17487,92,17579,229
2020-10-09,Del Norte,015,27424,165,161,0,161,2
2020-10-09,El Dorado,017,186661,1285,1234,2,1236,4
2020-10-09,Fresno,019,978130,31943,29208,401,29609,417
2020-10-09,Glenn,021,27897,633,617,0,617,3
2020-10-09,Humboldt,023,135768,533,516,1,517,7
2020-10-09,Imperial,025,180216,12304,11516,7,11523,330
2020-10-09,Inyo,027,18085,206,200,1,201,14
2020-10-09,Kern,029,883053,32961,32237,363,32600,417
2020-10-09,Kings,031,150075,8219,7993,47,8040,80
2020-10-09,Lake,033,64148,655,610,0,610,11
2020-10-09,Lassen,035,31185,759,751,2,753,0
2020-10-09,Los Angeles,037,10098052,283967,278039,2439,280478,6715
2020-10-09,Madera,039,155013,4805,4646,30,4676,50
2020-10-09,Marin,041,260295,6960,6838,18,6856,96
2020-10-09,Mariposa,043,17540,78,76,0,76,2
2020-10-09,Mendocino,045,87422,993,933,2,935,20
2020-10-09,Merced,047,269075,9243,9095,24,9119,145
2020-10-09,Modoc,049,8938,29,27,0,27,0
2020-10-09,Mono,051,14174,174,154,3,157,1
2020-10-09,Monterey,053,433212,10673,10369,41,10410,75
2020-10-09,Napa,055,140530,1863,1795,5,1800,11
2020-10-09,Nevada,057,99092,582,561,16,577,6
2020-10-09,Orange,059,3164182,57578,54746,1628,56374,1305
2020-10-09,Placer,061,380077,3908,3737,12,3749,48
2020-10-09,Plumas,063,18699,52,50,0,50,0
2020-10-09,Riverside,065,2383286,63063,61529,231,61760,1252
2020-10-09,Sacramento,067,1510023,24021,23606,18,23624,457
2020-10-09,San Benito,069,59416,1375,1367,0,1367,13
2020-10-09,San Bernardino,071,2135413,58767,56434,324,56758,1057
2020-10-09,San Diego,073,3302833,51840,49825,1248,51073,821
2020-10-09,San Francisco,075,870044,11762,11620,38,11658,120
2020-10-09,San Joaquin,077,732212,20988,20648,94,20742,481
2020-10-09,San Luis Obispo,079,281455,4000,3810,15,3825,32
2020-10-09,San Mateo,081,765935,10783,10140,7,10147,130
2020-10-09,Santa Barbara,083,443738,9960,9396,71,9467,116
2020-10-09,Santa Clara,085,1922200,23321,22251,33,22284,328
2020-10-09,Santa Cruz,087,273765,2642,2555,35,2590,13
2020-10-09,Shasta,089,179085,1760,1353,16,1369,20
2020-10-09,Sierra,091,2930,6,6,0,6,0
2020-10-09,Siskiyou,093,43540,169,156,10,166,0
2020-10-09,Solano,095,438530,6824,6614,41,6655,53
2020-10-09,Sonoma,097,501317,8665,8133,22,8155,133
2020-10-09,Stanislaus,099,539301,17079,16904,635,17539,362
2020-10-09,Sutter,101,95872,1756,1732,1,1733,12
2020-10-09,Tehama,103,63373,724,682,2,684,3
2020-10-09,Trinity,105,12862,37,25,5,30,0
2020-10-09,Tulare,107,460477,17047,16644,222,16866,286
2020-10-09,Tuolumne,109,53932,245,230,2,232,4
2020-10-09,Ventura,111,848112,13969,13469,275,13744,151
2020-10-09,Yolo,113,214977,3021,2928,6,2934,55
2020-10-09,Yuba,115,75493,1157,1129,5,1134,10
2020-10-08,Alameda,001,1643700,22406,21826,211,22037,395
2020-10-08,Alpine,003,1148,4,3,0,3,0
2020-10-08,Amador,005,37829,306,302,0,302,16
2020-10-08,Butte,007,227075,3057,2935,22,2957,51
2020-10-08,Calaveras,009,45235,318,262,0,262,11
2020-10-08,Colusa,011,21464,540,539,1,540,6
2020-10-08,Contra Costa,013,1133247,18003,17418,91,17509,228
2020-10-08,Del Norte,015,27424,165,151,0,151,2
2020-10-08,El Dorado,017,186661,1284,1230,2,1232,4
2020-10-08,Fresno,019,978130,31838,29111,401,29512,416
2020-10-08,Glenn,021,27897,630,616,0,616,3
2020-10-08,Humboldt,023,135768,529,515,1,516,7
2020-10-08,Imperial,025,180216,12265,11405,7,11412,330
2020-10-08,Inyo,027,18085,203,199,1,200,14
2020-10-08,Kern,029,883053,32903,32169,358,32527,411
2020-10-08,Kings,031,150075,8213,7968,47,8015,80
2020-10-08,Lake,033,64148,650,604,0,604,11
2020-10-08,Lassen,035,31185,754,751,2,753,0
2020-10-08,Los Angeles,037,10098052,282770,276763,2398,279161,6699
2020-10-08,Madera,039,155013,4786,4637,30,4667,50
2020-10-08,Marin,041,260295,6946,6810,18,6828,96
2020-10-08,Mariposa,043,17540,78,76,0,76,2
2020-10-08,Mendocino,045,87422,988,930,2,932,20
2020-10-08,Merced,047,269075,9223,9069,24,9093,144
2020-10-08,Modoc,049,8938,29,27,0,27,0
2020-10-08,Mono,051,14174,174,153,3,156,1
2020-10-08,Monterey,053,433212,10606,10343,41,10384,75
2020-10-08,Napa,055,140530,1848,1779,5,1784,11
2020-10-08,Nevada,057,99092,579,556,16,572,6
2020-10-08,Orange,059,3164182,57384,54523,1616,56139,1293
2020-10-08,Placer,061,380077,3890,3715,12,3727,48
2020-10-08,Plumas,063,18699,52,50,0,50,0
2020-10-08,Riverside,065,2383286,62795,61105,229,61334,1244
2020-10-08,Sacramento,067,1510023,23913,23482,18,23500,454
2020-10-08,San Benito,069,59416,1370,1367,0,1367,13
2020-10-08,San Bernardino,071,2135413,58402,56152,323,56475,1048
2020-10-08,San Diego,073,3302833,51560,49468,1216,50684,819
2020-10-08,San Francisco,075,870044,11725,11608,38,11646,115
2020-10-08,San Joaquin,077,732212,20937,20576,89,20665,478
2020-10-08,San Luis Obispo,079,281455,3984,3785,15,3800,32
2020-10-08,San Mateo,081,765935,10751,10044,7,10051,130
2020-10-08,Santa Barbara,083,443738,9930,9374,71,9445,116
2020-10-08,Santa Clara,085,1922200,23219,22095,33,22128,323
2020-10-08,Santa Cruz,087,273765,2630,2535,35,2570,13
2020-10-08,Shasta,089,179085,1726,1305,16,1321,20
2020-10-08,Sierra,091,2930,6,6,0,6,0
2020-10-08,Siskiyou,093,43540,169,156,10,166,0
2020-10-08,Solano,095,438530,6800,6556,41,6597,53
2020-10-08,Sonoma,097,501317,8599,8063,22,8085,132
2020-10-08,Stanislaus,099,539301,17033,16821,627,17448,360
2020-10-08,Sutter,101,95872,1756,1725,1,1726,12
2020-10-08,Tehama,103,63373,715,676,2,678,3
2020-10-08,Trinity,105,12862,37,25,5,30,0
2020-10-08,Tulare,107,460477,16986,16573,213,16786,283
2020-10-08,Tuolumne,109,53932,244,230,2,232,4
2020-10-08,Ventura,111,848112,13922,13399,272,13671,151
2020-10-08,Yolo,113,214977,3004,2914,6,2920,55
2020-10-08,Yuba,115,75493,1152,1126,5,1131,10
2020-10-07,Alameda,001,1643700,22329,21736,211,21947,395
2020-10-07,Alpine,003,1148,4,3,0,3,0
2020-10-07,Amador,005,37829,306,302,0,302,16
2020-10-07,Butte,007,227075,3045,2927,22,2949,47
2020-10-07,Calaveras,009,45235,316,262,0,262,11
2020-10-07,Colusa,011,21464,539,539,0,539,6
2020-10-07,Contra Costa,013,1133247,17932,17346,90,17436,225
2020-10-07,Del Norte,015,27424,164,149,0,149,2
2020-10-07,El Dorado,017,186661,1276,1219,2,1221,4
2020-10-07,Fresno,019,978130,31716,29069,396,29465,413
2020-10-07,Glenn,021,27897,630,615,0,615,3
2020-10-07,Humboldt,023,135768,526,512,1,513,7
2020-10-07,Imperial,025,180216,12228,11289,7,11296,330
2020-10-07,Inyo,027,18085,203,199,1,200,14
2020-10-07,Kern,029,883053,32830,32068,357,32425,410
2020-10-07,Kings,031,150075,8198,7948,47,7995,80
2020-10-07,Lake,033,64148,649,599,0,599,11
2020-10-07,Lassen,035,31185,754,751,2,753,0
2020-10-07,Los Angeles,037,10098052,281594,275559,2360,277919,6681
2020-10-07,Madera,039,155013,4766,4618,30,4648,50
2020-10-07,Marin,041,260295,6919,6790,18,6808,95
2020-10-07,Mariposa,043,17540,78,75,0,75,2
2020-10-07,Mendocino,045,87422,982,927,2,929,19
2020-10-07,Merced,047,269075,9186,9045,23,9068,144
2020-10-07,Modoc,049,8938,29,27,0,27,0
2020-10-07,Mono,051,14174,173,153,2,155,1
2020-10-07,Monterey,053,433212,10547,10272,41,10313,75
2020-10-07,Napa,055,140530,1835,1774,5,1779,11
2020-10-07,Nevada,057,99092,575,552,16,568,6
2020-10-07,Orange,059,3164182,57165,54332,1606,55938,1277
2020-10-07,Placer,061,380077,3874,3693,12,3705,48
2020-10-07,Plumas,063,18699,52,50,0,50,0
2020-10-07,Riverside,065,2383286,62448,60857,225,61082,1241
2020-10-07,Sacramento,067,1510023,23816,23380,18,23398,452
2020-10-07,San Benito,069,59416,1367,1363,0,1363,13
2020-10-07,San Bernardino,071,2135413,58054,55738,322,56060,1043
2020-10-07,San Diego,073,3302833,51244,49177,1192,50369,813
2020-10-07,San Francisco,075,870044,11690,11551,38,11589,115
2020-10-07,San Joaquin,077,732212,20885,20527,81,20608,478
2020-10-07,San Luis Obispo,079,281455,3954,3749,15,3764,32
2020-10-07,San Mateo,081,765935,10709,9980,7,9987,130
2020-10-07,Santa Barbara,083,443738,9902,9350,70,9420,116
2020-10-07,Santa Clara,085,1922200,23092,21993,33,22026,320
2020-10-07,Santa Cruz,087,273765,2618,2518,35,2553,14
2020-10-07,Shasta,089,179085,1683,1268,16,1284,20
2020-10-07,Sierra,091,2930,6,6,0,6,0
2020-10-07,Siskiyou,093,43540,167,154,10,164,0
2020-10-07,Solano,095,438530,6765,6526,41,6567,53
2020-10-07,Sonoma,097,501317,8523,7993,21,8014,130
2020-10-07,Stanislaus,099,539301,16998,16786,621,17407,357
2020-10-07,Sutter,101,95872,1752,1723,1,1724,12
2020-10-07,Tehama,103,63373,706,666,2,668,3
2020-10-07,Trinity,105,12862,35,25,5,30,0
2020-10-07,Tulare,107,460477,16944,16483,204,16687,282
2020-10-07,Tuolumne,109,53932,244,227,2,229,3
2020-10-07,Ventura,111,848112,13872,13333,266,13599,150
2020-10-07,Yolo,113,214977,2978,2904,6,2910,55
2020-10-07,Yuba,115,75493,1146,1120,5,1125,10
2020-10-06,Alameda,001,1643700,22239,21698,209,21907,385
2020-10-06,Alpine,003,1148,4,3,0,3,0
2020-10-06,Amador,005,37829,304,301,0,301,16
2020-10-06,Butte,007,227075,3038,2925,22,2947,47
2020-10-06,Calaveras,009,45235,316,261,0,261,11
2020-10-06,Colusa,011,21464,538,538,0,538,6
2020-10-06,Contra Costa,013,1133247,17853,17295,90,17385,219
2020-10-06,Del Norte,015,27424,164,144,0,144,2
2020-10-06,El Dorado,017,186661,1272,1211,2,1213,4
2020-10-06,Fresno,019,978130,31574,29022,393,29415,412
2020-10-06,Glenn,021,27897,627,604,0,604,3
2020-10-06,Humboldt,023,135768,523,508,1,509,7
2020-10-06,Imperial,025,180216,12190,11196,7,11203,327
2020-10-06,Inyo,027,18085,201,198,1,199,14
2020-10-06,Kern,029,883053,32753,32006,355,32361,407
2020-10-06,Kings,031,150075,8182,7943,47,7990,81
2020-10-06,Lake,033,64148,643,596,0,596,11
2020-10-06,Lassen,035,31185,754,743,2,745,0
2020-10-06,Los Angeles,037,10098052,280361,274115,2307,276422,6657
2020-10-06,Madera,039,155013,4754,4608,30,4638,50
2020-10-06,Marin,041,260295,6905,6766,18,6784,91
2020-10-06,Mariposa,043,17540,78,75,0,75,2
2020-10-06,Mendocino,045,87422,975,920,2,922,19
2020-10-06,Merced,047,269075,9150,9034,22,9056,143
2020-10-06,Modoc,049,8938,29,26,0,26,0
2020-10-06,Mono,051,14174,173,153,2,155,1
2020-10-06,Monterey,053,433212,10491,10235,40,10275,72
2020-10-06,Napa,055,140530,1829,1770,5,1775,11
2020-10-06,Nevada,057,99092,573,551,16,567,6
2020-10-06,Orange,059,3164182,56950,54203,1598,55801,1273
2020-10-06,Placer,061,380077,3852,3680,12,3692,48
2020-10-06,Plumas,063,18699,52,49,0,49,0
2020-10-06,Riverside,065,2383286,62184,60593,222,60815,1238
2020-10-06,Sacramento,067,1510023,23729,23322,18,23340,442
2020-10-06,San Benito,069,59416,1366,1358,0,1358,12
2020-10-06,San Bernardino,071,2135413,57739,55416,319,55735,1040
2020-10-06,San Diego,073,3302833,50907,48823,1175,49998,806
2020-10-06,San Francisco,075,870044,11664,11513,37,11550,115
2020-10-06,San Joaquin,077,732212,20845,20481,78,20559,477
2020-10-06,San Luis Obispo,079,281455,3919,3723,15,3738,32
2020-10-06,San Mateo,081,765935,10676,9934,7,9941,129
2020-10-06,Santa Barbara,083,443738,9873,9331,69,9400,116
2020-10-06,Santa Clara,085,1922200,22997,21914,33,21947,320
2020-10-06,Santa Cruz,087,273765,2596,2510,35,2545,12
2020-10-06,Shasta,089,179085,1643,1242,16,1258,18
2020-10-06,Sierra,091,2930,6,6,0,6,0
2020-10-06,Siskiyou,093,43540,167,154,10,164,0
2020-10-06,Solano,095,438530,6719,6506,41,6547,52
2020-10-06,Sonoma,097,501317,8431,7895,21,7916,130
2020-10-06,Stanislaus,099,539301,16953,16759,615,17374,354
2020-10-06,Sutter,101,95872,1750,1722,1,1723,12
2020-10-06,Tehama,103,63373,697,660,2,662,3
2020-10-06,Trinity,105,12862,35,25,5,30,0
2020-10-06,Tulare,107,460477,16902,16456,195,16651,280
2020-10-06,Tuolumne,109,53932,243,227,2,229,2
2020-10-06,Ventura,111,848112,13805,13242,261,13503,150
2020-10-06,Yolo,113,214977,2964,2899,6,2905,56
2020-10-06,Yuba,115,75493,1145,1114,5,1119,10
2020-10-05,Alameda,001,1643700,22151,21637,206,21843,383
2020-10-05,Alpine,003,1148,4,2,0,2,0
2020-10-05,Amador,005,37829,304,299,0,299,16
2020-10-05,Butte,007,227075,3028,2910,22,2932,46
2020-10-05,Calaveras,009,45235,316,259,0,259,11
2020-10-05,Colusa,011,21464,538,537,0,537,6
2020-10-05,Contra Costa,013,1133247,17776,17250,90,17340,216
2020-10-05,Del Norte,015,27424,161,142,0,142,2
2020-10-05,El Dorado,017,186661,1268,1202,2,1204,4
2020-10-05,Fresno,019,978130,31457,29136,393,29529,408
2020-10-05,Glenn,021,27897,625,603,0,603,3
2020-10-05,Humboldt,023,135768,522,506,1,507,6
2020-10-05,Imperial,025,180216,12151,11169,7,11176,327
2020-10-05,Inyo,027,18085,201,197,1,198,14
2020-10-05,Kern,029,883053,32673,31933,351,32284,404
2020-10-05,Kings,031,150075,8085,7932,47,7979,80
2020-10-05,Lake,033,64148,639,592,0,592,10
2020-10-05,Lassen,035,31185,753,743,2,745,0
2020-10-05,Los Angeles,037,10098052,279281,273200,2263,275463,6632
2020-10-05,Madera,039,155013,4746,4598,28,4626,50
2020-10-05,Marin,041,260295,6888,6751,18,6769,91
2020-10-05,Mariposa,043,17540,78,75,0,75,2
2020-10-05,Mendocino,045,87422,967,913,2,915,19
2020-10-05,Merced,047,269075,9131,9021,21,9042,143
2020-10-05,Modoc,049,8938,29,26,0,26,0
2020-10-05,Mono,051,14174,173,152,2,154,1
2020-10-05,Monterey,053,433212,10444,10187,40,10227,72
2020-10-05,Napa,055,140530,1819,1760,5,1765,11
2020-10-05,Nevada,057,99092,570,550,15,565,6
2020-10-05,Orange,059,3164182,56736,54103,1583,55686,1271
2020-10-05,Placer,061,380077,3826,3670,12,3682,46
2020-10-05,Plumas,063,18699,51,49,0,49,0
2020-10-05,Riverside,065,2383286,61865,60454,218,60672,1232
2020-10-05,Sacramento,067,1510023,23625,23207,18,23225,438
2020-10-05,San Benito,069,59416,1363,1356,0,1356,12
2020-10-05,San Bernardino,071,2135413,57431,55100,319,55419,1031
2020-10-05,San Diego,073,3302833,50571,48662,1151,49813,803
2020-10-05,San Francisco,075,870044,11625,11476,34,11510,110
2020-10-05,San Joaquin,077,732212,20774,20319,75,20394,476
2020-10-05,San Luis Obispo,079,281455,3893,3710,15,3725,32
2020-10-05,San Mateo,081,765935,10649,9896,7,9903,128
2020-10-05,Santa Barbara,083,443738,9851,9309,69,9378,116
2020-10-05,Santa Clara,085,1922200,22882,21861,33,21894,319
2020-10-05,Santa Cruz,087,273765,2584,2492,35,2527,9
2020-10-05,Shasta,089,179085,1610,1158,16,1174,18
2020-10-05,Sierra,091,2930,6,6,0,6,0
2020-10-05,Siskiyou,093,43540,167,153,10,163,0
2020-10-05,Solano,095,438530,6680,6475,41,6516,52
2020-10-05,Sonoma,097,501317,8339,7817,21,7838,130
2020-10-05,Stanislaus,099,539301,16918,16730,608,17338,351
2020-10-05,Sutter,101,95872,1742,1719,1,1720,12
2020-10-05,Tehama,103,63373,689,642,2,644,3
2020-10-05,Trinity,105,12862,35,22,5,27,0
2020-10-05,Tulare,107,460477,16844,16343,191,16534,278
2020-10-05,Tuolumne,109,53932,240,226,2,228,2
2020-10-05,Ventura,111,848112,13737,13224,240,13464,149
2020-10-05,Yolo,113,214977,2945,2889,6,2895,56
2020-10-05,Yuba,115,75493,1132,1108,5,1113,9
2020-10-04,Alameda,001,1643700,22055,21597,206,21803,383
2020-10-04,Alpine,003,1148,4,2,0,2,0
2020-10-04,Amador,005,37829,302,297,0,297,16
2020-10-04,Butte,007,227075,3014,2903,22,2925,46
2020-10-04,Calaveras,009,45235,316,259,0,259,11
2020-10-04,Colusa,011,21464,537,537,0,537,6
2020-10-04,Contra Costa,013,1133247,17711,17192,90,17282,214
2020-10-04,Del Norte,015,27424,157,142,0,142,2
2020-10-04,El Dorado,017,186661,1264,1196,2,1198,4
2020-10-04,Fresno,019,978130,31334,29065,393,29458,408
2020-10-04,Glenn,021,27897,623,601,0,601,3
2020-10-04,Humboldt,023,135768,521,506,1,507,6
2020-10-04,Imperial,025,180216,12111,11127,7,11134,327
2020-10-04,Inyo,027,18085,198,195,1,196,14
2020-10-04,Kern,029,883053,32599,31906,349,32255,404
2020-10-04,Kings,031,150075,8070,7919,47,7966,80
2020-10-04,Lake,033,64148,625,589,0,589,10
2020-10-04,Lassen,035,31185,753,743,2,745,0
2020-10-04,Los Angeles,037,10098052,277898,272822,2212,275034,6625
2020-10-04,Madera,039,155013,4730,4587,28,4615,50
2020-10-04,Marin,041,260295,6868,6741,18,6759,91
2020-10-04,Mariposa,043,17540,78,75,0,75,2
2020-10-04,Mendocino,045,87422,954,905,2,907,18
2020-10-04,Merced,047,269075,9106,9006,21,9027,140
2020-10-04,Modoc,049,8938,29,26,0,26,0
2020-10-04,Mono,051,14174,172,152,1,153,1
2020-10-04,Monterey,053,433212,10403,10141,39,10180,72
2020-10-04,Napa,055,140530,1807,1759,5,1764,11
2020-10-04,Nevada,057,99092,566,547,14,561,6
2020-10-04,Orange,059,3164182,56500,53966,1574,55540,1270
2020-10-04,Placer,061,380077,3805,3664,12,3676,46
2020-10-04,Plumas,063,18699,51,49,0,49,0
2020-10-04,Riverside,065,2383286,61579,60251,213,60464,1226
2020-10-04,Sacramento,067,1510023,23513,23162,18,23180,438
2020-10-04,San Benito,069,59416,1363,1355,0,1355,12
2020-10-04,San Bernardino,071,2135413,56985,55100,317,55417,1031
2020-10-04,San Diego,073,3302833,50205,48438,1125,49563,803
2020-10-04,San Francisco,075,870044,11593,11474,32,11506,110
2020-10-04,San Joaquin,077,732212,20697,20320,69,20389,476
2020-10-04,San Luis Obispo,079,281455,3868,3688,15,3703,31
2020-10-04,San Mateo,081,765935,10588,9858,7,9865,128
2020-10-04,Santa Barbara,083,443738,9825,9276,67,9343,116
2020-10-04,Santa Clara,085,1922200,22746,21780,33,21813,316
2020-10-04,Santa Cruz,087,273765,2568,2483,35,2518,9
2020-10-04,Shasta,089,179085,1512,1158,15,1173,18
2020-10-04,Sierra,091,2930,6,6,0,6,0
2020-10-04,Siskiyou,093,43540,167,153,10,163,0
2020-10-04,Solano,095,438530,6629,6445,41,6486,52
2020-10-04,Sonoma,097,501317,8251,7794,21,7815,129
2020-10-04,Stanislaus,099,539301,16868,16711,599,17310,351
2020-10-04,Sutter,101,95872,1737,1711,1,1712,11
2020-10-04,Tehama,103,63373,674,637,2,639,3
2020-10-04,Trinity,105,12862,35,21,5,26,0
2020-10-04,Tulare,107,460477,16769,16343,179,16522,278
2020-10-04,Tuolumne,109,53932,238,226,2,228,2
2020-10-04,Ventura,111,848112,13655,13197,223,13420,149
2020-10-04,Yolo,113,214977,2934,2875,6,2881,56
2020-10-04,Yuba,115,75493,1128,1103,5,1108,9
2020-10-03,Alameda,001,1643700,22009,21510,205,21715,386
2020-10-03,Alpine,003,1148,4,2,0,2,0
2020-10-03,Amador,005,37829,301,296,0,296,16
2020-10-03,Butte,007,227075,3008,2894,22,2916,46
2020-10-03,Calaveras,009,45235,316,259,0,259,11
2020-10-03,Colusa,011,21464,536,537,0,537,6
2020-10-03,Contra Costa,013,1133247,17661,17087,88,17175,213
2020-10-03,Del Norte,015,27424,153,142,0,142,2
2020-10-03,El Dorado,017,186661,1257,1188,2,1190,4
2020-10-03,Fresno,019,978130,31274,28975,392,29367,408
2020-10-03,Glenn,021,27897,621,601,0,601,3
2020-10-03,Humboldt,023,135768,520,504,1,505,6
2020-10-03,Imperial,025,180216,12088,11090,7,11097,327
2020-10-03,Inyo,027,18085,198,194,1,195,14
2020-10-03,Kern,029,883053,32548,31864,346,32210,403
2020-10-03,Kings,031,150075,8066,7887,47,7934,80
2020-10-03,Lake,033,64148,615,588,0,588,10
2020-10-03,Lassen,035,31185,753,743,2,745,0
2020-10-03,Los Angeles,037,10098052,277193,271869,2182,274051,6620
2020-10-03,Madera,039,155013,4713,4565,28,4593,50
2020-10-03,Marin,041,260295,6862,6728,18,6746,91
2020-10-03,Mariposa,043,17540,78,75,0,75,2
2020-10-03,Mendocino,045,87422,952,898,2,900,18
2020-10-03,Merced,047,269075,9093,8986,21,9007,139
2020-10-03,Modoc,049,8938,29,26,0,26,0
2020-10-03,Mono,051,14174,171,152,1,153,1
2020-10-03,Monterey,053,433212,10369,10092,36,10128,72
2020-10-03,Napa,055,140530,1803,1752,5,1757,11
2020-10-03,Nevada,057,99092,564,544,14,558,6
2020-10-03,Orange,059,3164182,56383,53573,1569,55142,1268
2020-10-03,Placer,061,380077,3794,3648,12,3660,47
2020-10-03,Plumas,063,18699,51,48,0,48,0
2020-10-03,Riverside,065,2383286,61424,59991,212,60203,1226
2020-10-03,Sacramento,067,1510023,23462,23076,18,23094,437
2020-10-03,San Benito,069,59416,1363,1351,0,1351,12
2020-10-03,San Bernardino,071,2135413,56813,55004,314,55318,1031
2020-10-03,San Diego,073,3302833,49974,48202,1108,49310,798
2020-10-03,San Francisco,075,870044,11568,11475,30,11505,110
2020-10-03,San Joaquin,077,732212,20671,20322,69,20391,476
2020-10-03,San Luis Obispo,079,281455,3844,3670,15,3685,31
2020-10-03,San Mateo,081,765935,10562,9822,6,9828,128
2020-10-03,Santa Barbara,083,443738,9812,9256,67,9323,116
2020-10-03,Santa Clara,085,1922200,22666,21672,33,21705,309
2020-10-03,Santa Cruz,087,273765,2560,2476,35,2511,9
2020-10-03,Shasta,089,179085,1484,1117,14,1131,18
2020-10-03,Sierra,091,2930,6,6,0,6,0
2020-10-03,Siskiyou,093,43540,167,152,10,162,0
2020-10-03,Solano,095,438530,6603,6419,41,6460,52
2020-10-03,Sonoma,097,501317,8208,7747,21,7768,129
2020-10-03,Stanislaus,099,539301,16835,16645,595,17240,351
2020-10-03,Sutter,101,95872,1733,1705,1,1706,11
2020-10-03,Tehama,103,63373,668,630,2,632,3
2020-10-03,Trinity,105,12862,35,15,5,20,0
2020-10-03,Tulare,107,460477,16727,16322,174,16496,278
2020-10-03,Tuolumne,109,53932,237,224,2,226,2
2020-10-03,Ventura,111,848112,13616,13150,219,13369,148
2020-10-03,Yolo,113,214977,2927,2863,6,2869,56
2020-10-03,Yuba,115,75493,1120,1097,5,1102,8
2020-10-02,Alameda,001,1643700,21955,21404,204,21608,382
2020-10-02,Alpine,003,1148,4,2,0,2,0
2020-10-02,Amador,005,37829,300,296,0,296,16
2020-10-02,Butte,007,227075,2998,2879,22,2901,46
2020-10-02,Calaveras,009,45235,315,259,0,259,11
2020-10-02,Colusa,011,21464,535,537,0,537,6
2020-10-02,Contra Costa,013,1133247,17618,17002,87,17089,213
2020-10-02,Del Norte,015,27424,152,141,0,141,2
2020-10-02,El Dorado,017,186661,1250,1168,2,1170,4
2020-10-02,Fresno,019,978130,31191,28855,392,29247,403
2020-10-02,Glenn,021,27897,616,594,0,594,3
2020-10-02,Humboldt,023,135768,519,503,1,504,6
2020-10-02,Imperial,025,180216,12066,11024,7,11031,327
2020-10-02,Inyo,027,18085,196,191,1,192,14
2020-10-02,Kern,029,883053,32496,31790,344,32134,399
2020-10-02,Kings,031,150075,8057,7716,47,7763,79
2020-10-02,Lake,033,64148,609,579,0,579,10
2020-10-02,Lassen,035,31185,753,742,2,744,0
2020-10-02,Los Angeles,037,10098052,276291,270935,2153,273088,6602
2020-10-02,Madera,039,155013,4704,4537,28,4565,49
2020-10-02,Marin,041,260295,6845,6717,18,6735,91
2020-10-02,Mariposa,043,17540,78,75,0,75,2
2020-10-02,Mendocino,045,87422,948,883,2,885,18
2020-10-02,Merced,047,269075,9083,8961,21,8982,139
2020-10-02,Modoc,049,8938,29,26,0,26,0
2020-10-02,Mono,051,14174,171,150,1,151,1
2020-10-02,Monterey,053,433212,10335,9997,36,10033,71
2020-10-02,Napa,055,140530,1797,1737,5,1742,11
2020-10-02,Nevada,057,99092,561,543,14,557,6
2020-10-02,Orange,059,3164182,56252,53299,1562,54861,1262
2020-10-02,Placer,061,380077,3774,3612,12,3624,46
2020-10-02,Plumas,063,18699,51,48,0,48,0
2020-10-02,Riverside,065,2383286,61203,59673,209,59882,1223
2020-10-02,Sacramento,067,1510023,23397,22818,18,22836,436
2020-10-02,San Benito,069,59416,1359,1347,0,1347,12
2020-10-02,San Bernardino,071,2135413,56626,54613,314,54927,1028
2020-10-02,San Diego,073,3302833,49722,47793,1092,48885,794
2020-10-02,San Francisco,075,870044,11545,11398,30,11428,110
2020-10-02,San Joaquin,077,732212,20638,20235,67,20302,474
2020-10-02,San Luis Obispo,079,281455,3821,3654,15,3669,31
2020-10-02,San Mateo,081,765935,10521,9745,6,9751,128
2020-10-02,Santa Barbara,083,443738,9790,9234,67,9301,116
2020-10-02,Santa Clara,085,1922200,22585,21545,33,21578,305
2020-10-02,Santa Cruz,087,273765,2543,2463,35,2498,9
2020-10-02,Shasta,089,179085,1449,1046,14,1060,18
2020-10-02,Sierra,091,2930,6,6,0,6,0
2020-10-02,Siskiyou,093,43540,167,151,10,161,0
2020-10-02,Solano,095,438530,6573,6385,41,6426,52
2020-10-02,Sonoma,097,501317,8151,7662,21,7683,125
2020-10-02,Stanislaus,099,539301,16794,16609,586,17195,349
2020-10-02,Sutter,101,95872,1732,1693,1,1694,11
2020-10-02,Tehama,103,63373,663,619,2,621,3
2020-10-02,Trinity,105,12862,35,15,5,20,0
2020-10-02,Tulare,107,460477,16687,16245,167,16412,278
2020-10-02,Tuolumne,109,53932,235,225,2,227,2
2020-10-02,Ventura,111,848112,13579,13120,213,13333,146
2020-10-02,Yolo,113,214977,2922,2845,6,2851,55
2020-10-02,Yuba,115,75493,1118,1090,5,1095,8
2020-10-01,Alameda,001,1643700,21895,21349,200,21549,383
2020-10-01,Alpine,003,1148,4,2,0,2,0
2020-10-01,Amador,005,37829,300,294,0,294,16
2020-10-01,Butte,007,227075,2990,2865,22,2887,45
2020-10-01,Calaveras,009,45235,315,257,0,257,11
2020-10-01,Colusa,011,21464,535,536,0,536,6
2020-10-01,Contra Costa,013,1133247,17556,16898,87,16985,211
2020-10-01,Del Norte,015,27424,147,140,0,140,2
2020-10-01,El Dorado,017,186661,1246,1162,1,1163,4
2020-10-01,Fresno,019,978130,31111,28796,390,29186,397
2020-10-01,Glenn,021,27897,612,593,0,593,3
2020-10-01,Humboldt,023,135768,519,499,1,500,6
2020-10-01,Imperial,025,180216,12023,10928,7,10935,325
2020-10-01,Inyo,027,18085,196,191,1,192,14
2020-10-01,Kern,029,883053,32433,31678,339,32017,399
2020-10-01,Kings,031,150075,8046,7688,44,7732,79
2020-10-01,Lake,033,64148,603,572,0,572,11
2020-10-01,Lassen,035,31185,750,742,2,744,0
2020-10-01,Los Angeles,037,10098052,275250,271513,2116,273629,6621
2020-10-01,Madera,039,155013,4681,4508,28,4536,48
2020-10-01,Marin,041,260295,6831,6710,18,6728,92
2020-10-01,Mariposa,043,17540,78,76,0,76,2
2020-10-01,Mendocino,045,87422,943,874,2,876,19
2020-10-01,Merced,047,269075,9055,8942,21,8963,138
2020-10-01,Modoc,049,8938,29,26,0,26,0
2020-10-01,Mono,051,14174,169,150,1,151,1
2020-10-01,Monterey,053,433212,10259,9958,36,9994,71
2020-10-01,Napa,055,140530,1789,1729,5,1734,11
2020-10-01,Nevada,057,99092,560,543,14,557,6
2020-10-01,Orange,059,3164182,56087,53088,1549,54637,1257
2020-10-01,Placer,061,380077,3746,3599,12,3611,45
2020-10-01,Plumas,063,18699,51,48,0,48,0
2020-10-01,Riverside,065,2383286,60953,59293,202,59495,1223
2020-10-01,Sacramento,067,1510023,23285,22714,17,22731,433
2020-10-01,San Benito,069,59416,1357,1346,0,1346,12
2020-10-01,San Bernardino,071,2135413,56332,54350,311,54661,1021
2020-10-01,San Diego,073,3302833,49440,47487,1072,48559,792
2020-10-01,San Francisco,075,870044,11514,11284,28,11312,110
2020-10-01,San Joaquin,077,732212,20590,20204,64,20268,471
2020-10-01,San Luis Obispo,079,281455,3794,3625,15,3640,31
2020-10-01,San Mateo,081,765935,10476,9681,6,9687,128
2020-10-01,Santa Barbara,083,443738,9748,9215,67,9282,118
2020-10-01,Santa Clara,085,1922200,22484,21398,33,21431,305
2020-10-01,Santa Cruz,087,273765,2528,2418,35,2453,10
2020-10-01,Shasta,089,179085,1398,991,14,1005,18
2020-10-01,Sierra,091,2930,6,6,0,6,0
2020-10-01,Siskiyou,093,43540,164,150,10,160,0
2020-10-01,Solano,095,438530,6535,6352,41,6393,52
2020-10-01,Sonoma,097,501317,8084,7569,21,7590,125
2020-10-01,Stanislaus,099,539301,16761,16555,580,17135,346
2020-10-01,Sutter,101,95872,1727,1684,1,1685,11
2020-10-01,Tehama,103,63373,653,606,2,608,3
2020-10-01,Trinity,105,12862,35,15,5,20,0
2020-10-01,Tulare,107,460477,16614,16182,164,16346,275
2020-10-01,Tuolumne,109,53932,235,223,2,225,2
2020-10-01,Ventura,111,848112,13530,13057,197,13254,146
2020-10-01,Yolo,113,214977,2904,2833,6,2839,55
2020-10-01,Yuba,115,75493,1114,1082,5,1087,8
2020-09-30,Alameda,001,1643700,21817,21271,196,21467,380
2020-09-30,Alpine,003,1148,4,2,0,2,0
2020-09-30,Amador,005,37829,300,294,0,294,16
2020-09-30,Butte,007,227075,2982,2858,22,2880,44
2020-09-30,Calaveras,009,45235,314,258,0,258,11
2020-09-30,Colusa,011,21464,534,534,0,534,6
2020-09-30,Contra Costa,013,1133247,17487,16819,87,16906,211
2020-09-30,Del Norte,015,27424,146,140,0,140,2
2020-09-30,El Dorado,017,186661,1234,1157,1,1158,4
2020-09-30,Fresno,019,978130,31020,28706,387,29093,395
2020-09-30,Glenn,021,27897,607,592,0,592,3
2020-09-30,Humboldt,023,135768,517,497,1,498,6
2020-09-30,Imperial,025,180216,11998,10868,7,10875,287
2020-09-30,Inyo,027,18085,196,189,0,189,14
2020-09-30,Kern,029,883053,32358,31601,338,31939,398
2020-09-30,Kings,031,150075,8017,7685,44,7729,79
2020-09-30,Lake,033,64148,597,567,0,567,10
2020-09-30,Lassen,035,31185,747,742,2,744,0
2020-09-30,Los Angeles,037,10098052,274012,270260,2082,272342,6568
2020-09-30,Madera,039,155013,4672,4477,28,4505,47
2020-09-30,Marin,041,260295,6807,6700,17,6717,91
2020-09-30,Mariposa,043,17540,78,76,0,76,2
2020-09-30,Mendocino,045,87422,937,867,2,869,17
2020-09-30,Merced,047,269075,9035,8926,21,8947,136
2020-09-30,Modoc,049,8938,29,26,0,26,0
2020-09-30,Mono,051,14174,169,150,1,151,1
2020-09-30,Monterey,053,433212,10209,9898,35,9933,70
2020-09-30,Napa,055,140530,1775,1728,5,1733,11
2020-09-30,Nevada,057,99092,558,540,14,554,6
2020-09-30,Orange,059,3164182,55895,52916,1533,54449,1251
2020-09-30,Placer,061,380077,3725,3585,12,3597,43
2020-09-30,Plumas,063,18699,51,48,0,48,0
2020-09-30,Riverside,065,2383286,60600,59074,197,59271,1220
2020-09-30,Sacramento,067,1510023,23182,22613,17,22630,429
2020-09-30,San Benito,069,59416,1354,1342,0,1342,12
2020-09-30,San Bernardino,071,2135413,56054,53988,309,54297,1018
2020-09-30,San Diego,073,3302833,49137,47182,1051,48233,783
2020-09-30,San Francisco,075,870044,11484,11247,28,11275,106
2020-09-30,San Joaquin,077,732212,20507,20150,62,20212,461
2020-09-30,San Luis Obispo,079,281455,3769,3597,15,3612,31
2020-09-30,San Mateo,081,765935,10434,9634,6,9640,128
2020-09-30,Santa Barbara,083,443738,9723,9186,67,9253,115
2020-09-30,Santa Clara,085,1922200,22379,21318,33,21351,302
2020-09-30,Santa Cruz,087,273765,2515,2405,35,2440,10
2020-09-30,Shasta,089,179085,1342,976,13,989,17
2020-09-30,Sierra,091,2930,6,6,0,6,0
2020-09-30,Siskiyou,093,43540,162,150,10,160,0
2020-09-30,Solano,095,438530,6493,6315,41,6356,51
2020-09-30,Sonoma,097,501317,7995,7494,21,7515,125
2020-09-30,Stanislaus,099,539301,16714,16531,574,17105,343
2020-09-30,Sutter,101,95872,1711,1680,1,1681,10
2020-09-30,Tehama,103,63373,647,594,2,596,3
2020-09-30,Trinity,105,12862,32,15,5,20,0
2020-09-30,Tulare,107,460477,16548,16117,157,16274,274
2020-09-30,Tuolumne,109,53932,233,224,2,226,2
2020-09-30,Ventura,111,848112,13495,12968,181,13149,145
2020-09-30,Yolo,113,214977,2891,2822,6,2828,55
2020-09-30,Yuba,115,75493,1111,1075,5,1080,8
2020-09-29,Alameda,001,1643700,21740,21241,192,21433,374
2020-09-29,Alpine,003,1148,4,2,0,2,0
2020-09-29,Amador,005,37829,298,294,0,294,16
2020-09-29,Butte,007,227075,2968,2848,22,2870,44
2020-09-29,Calaveras,009,45235,312,261,0,261,11
2020-09-29,Colusa,011,21464,534,534,0,534,6
2020-09-29,Contra Costa,013,1133247,17432,16716,85,16801,209
2020-09-29,Del Norte,015,27424,142,142,0,142,2
2020-09-29,El Dorado,017,186661,1225,1151,1,1152,4
2020-09-29,Fresno,019,978130,30925,28621,386,29007,394
2020-09-29,Glenn,021,27897,603,589,0,589,3
2020-09-29,Humboldt,023,135768,515,497,1,498,6
2020-09-29,Imperial,025,180216,11964,10811,7,10818,283
2020-09-29,Inyo,027,18085,195,188,0,188,14
2020-09-29,Kern,029,883053,32303,31534,337,31871,397
2020-09-29,Kings,031,150075,7961,7681,44,7725,78
2020-09-29,Lake,033,64148,595,566,0,566,11
2020-09-29,Lassen,035,31185,747,741,2,743,0
2020-09-29,Los Angeles,037,10098052,272794,269246,2052,271298,6545
2020-09-29,Madera,039,155013,4648,4453,28,4481,47
2020-09-29,Marin,041,260295,6786,6692,17,6709,91
2020-09-29,Mariposa,043,17540,78,74,0,74,2
2020-09-29,Mendocino,045,87422,927,854,2,856,17
2020-09-29,Merced,047,269075,9022,8892,19,8911,136
2020-09-29,Modoc,049,8938,29,26,0,26,0
2020-09-29,Mono,051,14174,169,149,1,150,1
2020-09-29,Monterey,053,433212,10154,9826,33,9859,70
2020-09-29,Napa,055,140530,1772,1727,5,1732,11
2020-09-29,Nevada,057,99092,553,539,14,553,6
2020-09-29,Orange,059,3164182,55708,52755,1522,54277,1231
2020-09-29,Placer,061,380077,3704,3570,12,3582,42
2020-09-29,Plumas,063,18699,51,48,0,48,0
2020-09-29,Riverside,065,2383286,60271,58863,188,59051,1208
2020-09-29,Sacramento,067,1510023,23061,22547,17,22564,425
2020-09-29,San Benito,069,59416,1349,1341,0,1341,12
2020-09-29,San Bernardino,071,2135413,55746,53753,308,54061,1012
2020-09-29,San Diego,073,3302833,48861,46987,1027,48014,781
2020-09-29,San Francisco,075,870044,11448,11142,28,11170,104
2020-09-29,San Joaquin,077,732212,20442,20094,60,20154,454
2020-09-29,San Luis Obispo,079,281455,3749,3581,15,3596,31
2020-09-29,San Mateo,081,765935,10387,9619,6,9625,127
2020-09-29,Santa Barbara,083,443738,9703,9149,66,9215,114
2020-09-29,Santa Clara,085,1922200,22245,21233,32,21265,302
2020-09-29,Santa Cruz,087,273765,2500,2383,34,2417,10
2020-09-29,Shasta,089,179085,1281,943,13,956,17
2020-09-29,Sierra,091,2930,6,6,0,6,0
2020-09-29,Siskiyou,093,43540,156,150,10,160,0
2020-09-29,Solano,095,438530,6459,6303,41,6344,51
2020-09-29,Sonoma,097,501317,7923,7426,21,7447,125
2020-09-29,Stanislaus,099,539301,16684,16505,568,17073,341
2020-09-29,Sutter,101,95872,1705,1677,1,1678,10
2020-09-29,Tehama,103,63373,629,585,2,587,2
2020-09-29,Trinity,105,12862,32,16,5,21,0
2020-09-29,Tulare,107,460477,16485,16055,148,16203,270
2020-09-29,Tuolumne,109,53932,233,224,2,226,2
2020-09-29,Ventura,111,848112,13440,12875,178,13053,145
2020-09-29,Yolo,113,214977,2878,2818,6,2824,55
2020-09-29,Yuba,115,75493,1109,1071,5,1076,8
2020-09-28,Alameda,001,1643700,21655,21133,192,21325,370
2020-09-28,Alpine,003,1148,4,2,0,2,0
2020-09-28,Amador,005,37829,296,294,0,294,16
2020-09-28,Butte,007,227075,2953,2837,22,2859,44
2020-09-28,Calaveras,009,45235,312,257,0,257,11
2020-09-28,Colusa,011,21464,533,531,0,531,6
2020-09-28,Contra Costa,013,1133247,17367,16653,85,16738,195
2020-09-28,Del Norte,015,27424,142,138,0,138,2
2020-09-28,El Dorado,017,186661,1218,1144,1,1145,4
2020-09-28,Fresno,019,978130,30843,28517,378,28895,389
2020-09-28,Glenn,021,27897,601,585,0,585,3
2020-09-28,Humboldt,023,135768,509,495,1,496,6
2020-09-28,Imperial,025,180216,11930,10777,7,10784,283
2020-09-28,Inyo,027,18085,194,188,0,188,14
2020-09-28,Kern,029,883053,32238,31481,333,31814,395
2020-09-28,Kings,031,150075,7820,7661,42,7703,78
2020-09-28,Lake,033,64148,591,559,0,559,10
2020-09-28,Lassen,035,31185,746,737,2,739,0
2020-09-28,Los Angeles,037,10098052,271681,268404,2021,270425,6508
2020-09-28,Madera,039,155013,4627,4438,28,4466,47
2020-09-28,Marin,041,260295,6770,6676,17,6693,91
2020-09-28,Mariposa,043,17540,78,74,0,74,2
2020-09-28,Mendocino,045,87422,912,850,2,852,17
2020-09-28,Merced,047,269075,8994,8869,19,8888,136
2020-09-28,Modoc,049,8938,29,26,0,26,0
2020-09-28,Mono,051,14174,169,148,1,149,1
2020-09-28,Monterey,053,433212,10090,9780,31,9811,69
2020-09-28,Napa,055,140530,1760,1705,5,1710,11
2020-09-28,Nevada,057,99092,545,538,14,552,6
2020-09-28,Orange,059,3164182,55503,52633,1513,54146,1196
2020-09-28,Placer,061,380077,3683,3572,12,3584,42
2020-09-28,Plumas,063,18699,50,48,0,48,0
2020-09-28,Riverside,065,2383286,59972,58570,179,58749,1198
2020-09-28,Sacramento,067,1510023,22913,22392,17,22409,423
2020-09-28,San Benito,069,59416,1346,1336,0,1336,11
2020-09-28,San Bernardino,071,2135413,55401,53501,308,53809,988
2020-09-28,San Diego,073,3302833,48543,46736,1007,47743,776
2020-09-28,San Francisco,075,870044,11414,11114,28,11142,100
2020-09-28,San Joaquin,077,732212,20393,19982,59,20041,448
2020-09-28,San Luis Obispo,079,281455,3728,3567,15,3582,31
2020-09-28,San Mateo,081,765935,10336,9582,6,9588,127
2020-09-28,Santa Barbara,083,443738,9685,9121,66,9187,114
2020-09-28,Santa Clara,085,1922200,22129,21180,32,21212,271
2020-09-28,Santa Cruz,087,273765,2490,2359,34,2393,9
2020-09-28,Shasta,089,179085,1227,883,10,893,17
2020-09-28,Sierra,091,2930,6,6,0,6,0
2020-09-28,Siskiyou,093,43540,156,149,10,159,0
2020-09-28,Solano,095,438530,6423,6254,41,6295,51
2020-09-28,Sonoma,097,501317,7847,7369,21,7390,125
2020-09-28,Stanislaus,099,539301,16644,16467,561,17028,336
2020-09-28,Sutter,101,95872,1698,1676,1,1677,10
2020-09-28,Tehama,103,63373,621,579,2,581,2
2020-09-28,Trinity,105,12862,32,16,5,21,0
2020-09-28,Tulare,107,460477,16433,15918,142,16060,270
2020-09-28,Tuolumne,109,53932,233,225,2,227,2
2020-09-28,Ventura,111,848112,13364,12812,171,12983,139
2020-09-28,Yolo,113,214977,2861,2809,6,2815,55
2020-09-28,Yuba,115,75493,1106,1062,5,1067,7
2020-09-27,Alameda,001,1643700,21575,21077,187,21264,370
2020-09-27,Alpine,003,1148,4,2,0,2,0
2020-09-27,Amador,005,37829,296,291,0,291,16
2020-09-27,Butte,007,227075,2942,2833,21,2854,44
2020-09-27,Calaveras,009,45235,311,257,0,257,11
2020-09-27,Colusa,011,21464,532,531,0,531,6
2020-09-27,Contra Costa,013,1133247,17265,16596,84,16680,195
2020-09-27,Del Norte,015,27424,142,138,0,138,2
2020-09-27,El Dorado,017,186661,1203,1130,1,1131,4
2020-09-27,Fresno,019,978130,30738,28441,377,28818,389
2020-09-27,Glenn,021,27897,597,576,0,576,3
2020-09-27,Humboldt,023,135768,507,492,1,493,6
2020-09-27,Imperial,025,180216,11896,10743,7,10750,283
2020-09-27,Inyo,027,18085,192,188,0,188,14
2020-09-27,Kern,029,883053,32119,31462,330,31792,395
2020-09-27,Kings,031,150075,7800,7641,42,7683,78
2020-09-27,Lake,033,64148,587,555,0,555,10
2020-09-27,Lassen,035,31185,746,737,2,739,0
2020-09-27,Los Angeles,037,10098052,270506,267754,1999,269753,6507
2020-09-27,Madera,039,155013,4598,4416,28,4444,47
2020-09-27,Marin,041,260295,6760,6663,17,6680,91
2020-09-27,Mariposa,043,17540,78,74,0,74,2
2020-09-27,Mendocino,045,87422,906,846,2,848,17
2020-09-27,Merced,047,269075,8960,8853,19,8872,136
2020-09-27,Modoc,049,8938,29,26,0,26,0
2020-09-27,Mono,051,14174,169,148,1,149,1
2020-09-27,Monterey,053,433212,10030,9724,30,9754,69
2020-09-27,Napa,055,140530,1755,1690,5,1695,11
2020-09-27,Nevada,057,99092,544,537,14,551,6
2020-09-27,Orange,059,3164182,55229,52458,1504,53962,1195
2020-09-27,Placer,061,380077,3670,3562,12,3574,42
2020-09-27,Plumas,063,18699,50,48,0,48,0
2020-09-27,Riverside,065,2383286,59676,58509,171,58680,1191
2020-09-27,Sacramento,067,1510023,22816,22356,16,22372,422
2020-09-27,San Benito,069,59416,1346,1331,0,1331,11
2020-09-27,San Bernardino,071,2135413,54965,53127,308,53435,988
2020-09-27,San Diego,073,3302833,48199,46612,990,47602,776
2020-09-27,San Francisco,075,870044,11362,11114,28,11142,100
2020-09-27,San Joaquin,077,732212,20333,19981,59,20040,448
2020-09-27,San Luis Obispo,079,281455,3707,3562,15,3577,31
2020-09-27,San Mateo,081,765935,10268,9566,6,9572,127
2020-09-27,Santa Barbara,083,443738,9664,9090,65,9155,114
2020-09-27,Santa Clara,085,1922200,22020,21091,32,21123,271
2020-09-27,Santa Cruz,087,273765,2468,2359,34,2393,9
2020-09-27,Shasta,089,179085,1184,883,9,892,17
2020-09-27,Sierra,091,2930,6,6,0,6,0
2020-09-27,Siskiyou,093,43540,155,149,10,159,0
2020-09-27,Solano,095,438530,6388,6211,41,6252,51
2020-09-27,Sonoma,097,501317,7766,7336,21,7357,124
2020-09-27,Stanislaus,099,539301,16594,16448,554,17002,336
2020-09-27,Sutter,101,95872,1691,1672,1,1673,10
2020-09-27,Tehama,103,63373,604,573,2,575,2
2020-09-27,Trinity,105,12862,32,16,5,21,0
2020-09-27,Tulare,107,460477,16357,15918,132,16050,270
2020-09-27,Tuolumne,109,53932,232,224,2,226,2
2020-09-27,Ventura,111,848112,13279,12775,162,12937,139
2020-09-27,Yolo,113,214977,2847,2796,6,2802,55
2020-09-27,Yuba,115,75493,1096,1059,5,1064,7
2020-09-26,Alameda,001,1643700,21517,21019,186,21205,370
2020-09-26,Alpine,003,1148,4,2,0,2,0
2020-09-26,Amador,005,37829,295,291,0,291,16
2020-09-26,Butte,007,227075,2934,2827,21,2848,44
2020-09-26,Calaveras,009,45235,311,257,0,257,11
2020-09-26,Colusa,011,21464,532,529,0,529,6
2020-09-26,Contra Costa,013,1133247,17223,16508,84,16592,194
2020-09-26,Del Norte,015,27424,142,138,0,138,2
2020-09-26,El Dorado,017,186661,1198,1127,1,1128,4
2020-09-26,Fresno,019,978130,30671,28336,377,28713,389
2020-09-26,Glenn,021,27897,597,576,0,576,3
2020-09-26,Humboldt,023,135768,507,491,1,492,6
2020-09-26,Imperial,025,180216,11879,10721,7,10728,283
2020-09-26,Inyo,027,18085,191,187,0,187,14
2020-09-26,Kern,029,883053,32068,31410,330,31740,394
2020-09-26,Kings,031,150075,7788,7537,42,7579,78
2020-09-26,Lake,033,64148,584,549,0,549,10
2020-09-26,Lassen,035,31185,746,737,2,739,0
2020-09-26,Los Angeles,037,10098052,269872,266931,1982,268913,6497
2020-09-26,Madera,039,155013,4582,4410,28,4438,47
2020-09-26,Marin,041,260295,6747,6641,17,6658,91
2020-09-26,Mariposa,043,17540,77,74,0,74,2
2020-09-26,Mendocino,045,87422,901,836,2,838,17
2020-09-26,Merced,047,269075,8948,8841,18,8859,136
2020-09-26,Modoc,049,8938,29,26,0,26,0
2020-09-26,Mono,051,14174,169,148,1,149,1
2020-09-26,Monterey,053,433212,10003,9651,30,9681,68
2020-09-26,Napa,055,140530,1753,1681,5,1686,11
2020-09-26,Nevada,057,99092,544,534,14,548,6
2020-09-26,Orange,059,3164182,55089,52203,1498,53701,1194
2020-09-26,Placer,061,380077,3657,3551,12,3563,42
2020-09-26,Plumas,063,18699,49,48,0,48,0
2020-09-26,Riverside,065,2383286,59541,58076,169,58245,1190
2020-09-26,Sacramento,067,1510023,22760,22269,16,22285,421
2020-09-26,San Benito,069,59416,1344,1325,0,1325,11
2020-09-26,San Bernardino,071,2135413,54831,53122,308,53430,988
2020-09-26,San Diego,073,3302833,47994,46333,976,47309,775
2020-09-26,San Francisco,075,870044,11334,11113,28,11141,100
2020-09-26,San Joaquin,077,732212,20297,19982,57,20039,449
2020-09-26,San Luis Obispo,079,281455,3690,3546,15,3561,31
2020-09-26,San Mateo,081,765935,10234,9509,6,9515,127
2020-09-26,Santa Barbara,083,443738,9653,9061,65,9126,114
2020-09-26,Santa Clara,085,1922200,21949,20967,31,20998,270
2020-09-26,Santa Cruz,087,273765,2460,2336,34,2370,9
2020-09-26,Shasta,089,179085,1134,856,8,864,17
2020-09-26,Sierra,091,2930,6,6,0,6,0
2020-09-26,Siskiyou,093,43540,154,149,10,159,0
2020-09-26,Solano,095,438530,6369,6209,41,6250,51
2020-09-26,Sonoma,097,501317,7741,7285,20,7305,124
2020-09-26,Stanislaus,099,539301,16569,16421,545,16966,336
2020-09-26,Sutter,101,95872,1686,1662,1,1663,10
2020-09-26,Tehama,103,63373,592,560,2,562,2
2020-09-26,Trinity,105,12862,30,16,5,21,0
2020-09-26,Tulare,107,460477,16332,15881,130,16011,270
2020-09-26,Tuolumne,109,53932,232,223,2,225,2
2020-09-26,Ventura,111,848112,13247,12729,160,12889,137
2020-09-26,Yolo,113,214977,2845,2789,6,2795,55
2020-09-26,Yuba,115,75493,1092,1056,5,1061,7
2020-09-25,Alameda,001,1643700,21463,20911,186,21097,367
2020-09-25,Alpine,003,1148,4,2,0,2,0
2020-09-25,Amador,005,37829,295,289,0,289,16
2020-09-25,Butte,007,227075,2929,2819,21,2840,43
2020-09-25,Calaveras,009,45235,311,257,0,257,11
2020-09-25,Colusa,011,21464,532,528,0,528,6
2020-09-25,Contra Costa,013,1133247,17164,16401,84,16485,194
2020-09-25,Del Norte,015,27424,142,138,0,138,2
2020-09-25,El Dorado,017,186661,1194,1104,1,1105,4
2020-09-25,Fresno,019,978130,30612,28199,376,28575,385
2020-09-25,Glenn,021,27897,595,570,0,570,3
2020-09-25,Humboldt,023,135768,506,489,1,490,5
2020-09-25,Imperial,025,180216,11861,10681,7,10688,283
2020-09-25,Inyo,027,18085,189,187,0,187,14
2020-09-25,Kern,029,883053,32015,31333,328,31661,393
2020-09-25,Kings,031,150075,7783,7450,42,7492,77
2020-09-25,Lake,033,64148,583,539,0,539,9
2020-09-25,Lassen,035,31185,746,737,2,739,0
2020-09-25,Los Angeles,037,10098052,269084,265713,1968,267681,6483
2020-09-25,Madera,039,155013,4563,4369,28,4397,48
2020-09-25,Marin,041,260295,6744,6622,17,6639,90
2020-09-25,Mariposa,043,17540,77,74,0,74,2
2020-09-25,Mendocino,045,87422,886,819,2,821,17
2020-09-25,Merced,047,269075,8932,8830,18,8848,135
2020-09-25,Modoc,049,8938,29,26,0,26,0
2020-09-25,Mono,051,14174,169,149,1,150,1
2020-09-25,Monterey,053,433212,9951,9581,30,9611,68
2020-09-25,Napa,055,140530,1751,1669,5,1674,11
2020-09-25,Nevada,057,99092,542,529,14,543,6
2020-09-25,Orange,059,3164182,54962,52031,1489,53520,1184
2020-09-25,Placer,061,380077,3646,3527,12,3539,41
2020-09-25,Plumas,063,18699,49,48,0,48,0
2020-09-25,Riverside,065,2383286,59365,57783,164,57947,1183
2020-09-25,Sacramento,067,1510023,22683,22132,16,22148,418
2020-09-25,San Benito,069,59416,1343,1318,0,1318,11
2020-09-25,San Bernardino,071,2135413,54677,52814,308,53122,987
2020-09-25,San Diego,073,3302833,47792,46003,960,46963,775
2020-09-25,San Francisco,075,870044,11300,11066,27,11093,100
2020-09-25,San Joaquin,077,732212,20245,19909,57,19966,449
2020-09-25,San Luis Obispo,079,281455,3680,3512,15,3527,31
2020-09-25,San Mateo,081,765935,10198,9447,6,9453,127
2020-09-25,Santa Barbara,083,443738,9629,9026,65,9091,114
2020-09-25,Santa Clara,085,1922200,21886,20812,30,20842,265
2020-09-25,Santa Cruz,087,273765,2448,2309,33,2342,9
2020-09-25,Shasta,089,179085,1100,806,8,814,16
2020-09-25,Sierra,091,2930,6,6,0,6,0
2020-09-25,Siskiyou,093,43540,154,149,10,159,0
2020-09-25,Solano,095,438530,6353,6179,41,6220,50
2020-09-25,Sonoma,097,501317,7701,7202,20,7222,124
2020-09-25,Stanislaus,099,539301,16551,16381,543,16924,326
2020-09-25,Sutter,101,95872,1683,1655,1,1656,10
2020-09-25,Tehama,103,63373,584,546,2,548,2
2020-09-25,Trinity,105,12862,30,15,5,20,0
2020-09-25,Tulare,107,460477,16293,15815,127,15942,267
2020-09-25,Tuolumne,109,53932,232,223,2,225,2
2020-09-25,Ventura,111,848112,13205,12664,157,12821,137
2020-09-25,Yolo,113,214977,2837,2784,6,2790,55
2020-09-25,Yuba,115,75493,1087,1049,5,1054,5
2020-09-24,Alameda,001,1643700,21388,20838,183,21021,364
2020-09-24,Alpine,003,1148,4,2,0,2,0
2020-09-24,Amador,005,37829,295,288,0,288,16
2020-09-24,Butte,007,227075,2918,2803,21,2824,43
2020-09-24,Calaveras,009,45235,311,258,0,258,11
2020-09-24,Colusa,011,21464,532,523,0,523,6
2020-09-24,Contra Costa,013,1133247,17082,16252,84,16336,192
2020-09-24,Del Norte,015,27424,138,137,0,137,2
2020-09-24,El Dorado,017,186661,1185,1093,1,1094,4
2020-09-24,Fresno,019,978130,30507,28106,372,28478,375
2020-09-24,Glenn,021,27897,591,567,0,567,3
2020-09-24,Humboldt,023,135768,503,482,1,483,5
2020-09-24,Imperial,025,180216,11837,10622,7,10629,283
2020-09-24,Inyo,027,18085,189,187,0,187,13
2020-09-24,Kern,029,883053,31952,31273,326,31599,388
2020-09-24,Kings,031,150075,7767,7428,42,7470,76
2020-09-24,Lake,033,64148,574,531,0,531,9
2020-09-24,Lassen,035,31185,745,737,2,739,0
2020-09-24,Los Angeles,037,10098052,268039,264374,1949,266323,6452
2020-09-24,Madera,039,155013,4544,4344,28,4372,48
2020-09-24,Marin,041,260295,6716,6588,17,6605,85
2020-09-24,Mariposa,043,17540,77,74,0,74,2
2020-09-24,Mendocino,045,87422,882,810,2,812,17
2020-09-24,Merced,047,269075,8903,8813,17,8830,135
2020-09-24,Modoc,049,8938,29,24,0,24,0
2020-09-24,Mono,051,14174,169,149,1,150,1
2020-09-24,Monterey,053,433212,9885,9544,27,9571,67
2020-09-24,Napa,055,140530,1739,1661,5,1666,11
2020-09-24,Nevada,057,99092,541,527,14,541,6
2020-09-24,Orange,059,3164182,54754,51749,1471,53220,1164
2020-09-24,Placer,061,380077,3631,3514,12,3526,41
2020-09-24,Plumas,063,18699,49,48,0,48,0
2020-09-24,Riverside,065,2383286,59097,57491,158,57649,1172
2020-09-24,Sacramento,067,1510023,22556,21985,16,22001,417
2020-09-24,San Benito,069,59416,1341,1308,0,1308,11
2020-09-24,San Bernardino,071,2135413,54342,52455,307,52762,988
2020-09-24,San Diego,073,3302833,47523,45598,945,46543,773
2020-09-24,San Francisco,075,870044,11253,10992,27,11019,99
2020-09-24,San Joaquin,077,732212,20208,19851,56,19907,444
2020-09-24,San Luis Obispo,079,281455,3664,3480,15,3495,31
2020-09-24,San Mateo,081,765935,10150,9376,6,9382,127
2020-09-24,Santa Barbara,083,443738,9578,8988,64,9052,114
2020-09-24,Santa Clara,085,1922200,21798,20689,30,20719,262
2020-09-24,Santa Cruz,087,273765,2428,2300,31,2331,9
2020-09-24,Shasta,089,179085,1063,773,5,778,14
2020-09-24,Sierra,091,2930,6,6,0,6,0
2020-09-24,Siskiyou,093,43540,154,149,10,159,0
2020-09-24,Solano,095,438530,6320,6137,41,6178,49
2020-09-24,Sonoma,097,501317,7620,7163,20,7183,122
2020-09-24,Stanislaus,099,539301,16514,16326,538,16864,326
2020-09-24,Sutter,101,95872,1680,1646,1,1647,10
2020-09-24,Tehama,103,63373,581,540,2,542,2
2020-09-24,Trinity,105,12862,30,15,5,20,0
2020-09-24,Tulare,107,460477,16228,15754,126,15880,267
2020-09-24,Tuolumne,109,53932,232,224,2,226,2
2020-09-24,Ventura,111,848112,13123,12617,156,12773,138
2020-09-24,Yolo,113,214977,2830,2776,6,2782,55
2020-09-24,Yuba,115,75493,1082,1042,5,1047,5
2020-09-23,Alameda,001,1643700,21320,20718,181,20899,361
2020-09-23,Alpine,003,1148,4,2,0,2,0
2020-09-23,Amador,005,37829,294,288,0,288,16
2020-09-23,Butte,007,227075,2910,2790,21,2811,43
2020-09-23,Calaveras,009,45235,310,258,0,258,11
2020-09-23,Colusa,011,21464,531,521,0,521,6
2020-09-23,Contra Costa,013,1133247,17018,16167,83,16250,192
2020-09-23,Del Norte,015,27424,136,137,0,137,2
2020-09-23,El Dorado,017,186661,1171,1088,1,1089,4
2020-09-23,Fresno,019,978130,30413,28019,369,28388,371
2020-09-23,Glenn,021,27897,584,561,0,561,3
2020-09-23,Humboldt,023,135768,499,477,1,478,5
2020-09-23,Imperial,025,180216,11811,10587,7,10594,284
2020-09-23,Inyo,027,18085,188,177,0,177,13
2020-09-23,Kern,029,883053,31908,31172,324,31496,387
2020-09-23,Kings,031,150075,7745,7406,42,7448,76
2020-09-23,Lake,033,64148,569,519,0,519,9
2020-09-23,Lassen,035,31185,745,736,2,738,0
2020-09-23,Los Angeles,037,10098052,266999,263318,1919,265237,6421
2020-09-23,Madera,039,155013,4529,4311,28,4339,48
2020-09-23,Marin,041,260295,6697,6567,17,6584,85
2020-09-23,Mariposa,043,17540,77,74,0,74,2
2020-09-23,Mendocino,045,87422,881,801,1,802,17
2020-09-23,Merced,047,269075,8882,8785,16,8801,134
2020-09-23,Modoc,049,8938,29,24,0,24,0
2020-09-23,Mono,051,14174,169,149,1,150,1
2020-09-23,Monterey,053,433212,9816,9452,27,9479,67
2020-09-23,Napa,055,140530,1730,1653,5,1658,11
2020-09-23,Nevada,057,99092,540,523,14,537,6
2020-09-23,Orange,059,3164182,54526,51658,1463,53121,1155
2020-09-23,Placer,061,380077,3619,3506,12,3518,41
2020-09-23,Plumas,063,18699,49,48,0,48,0
2020-09-23,Riverside,065,2383286,58794,57257,155,57412,1165
2020-09-23,Sacramento,067,1510023,22479,21821,16,21837,415
2020-09-23,San Benito,069,59416,1335,1305,0,1305,10
2020-09-23,San Bernardino,071,2135413,54048,52132,305,52437,973
2020-09-23,San Diego,073,3302833,47247,45427,926,46353,767
2020-09-23,San Francisco,075,870044,11204,10926,27,10953,95
2020-09-23,San Joaquin,077,732212,20155,19785,56,19841,439
2020-09-23,San Luis Obispo,079,281455,3646,3447,15,3462,31
2020-09-23,San Mateo,081,765935,10110,9351,6,9357,127
2020-09-23,Santa Barbara,083,443738,9550,8952,64,9016,112
2020-09-23,Santa Clara,085,1922200,21687,20575,27,20602,260
2020-09-23,Santa Cruz,087,273765,2409,2283,31,2314,9
2020-09-23,Shasta,089,179085,1024,756,4,760,14
2020-09-23,Sierra,091,2930,6,6,0,6,0
2020-09-23,Siskiyou,093,43540,154,149,10,159,0
2020-09-23,Solano,095,438530,6295,6123,41,6164,50
2020-09-23,Sonoma,097,501317,7544,7091,20,7111,122
2020-09-23,Stanislaus,099,539301,16484,16271,535,16806,317
2020-09-23,Sutter,101,95872,1676,1646,1,1647,10
2020-09-23,Tehama,103,63373,575,533,2,535,2
2020-09-23,Trinity,105,12862,29,15,5,20,0
2020-09-23,Tulare,107,460477,16163,15664,125,15789,266
2020-09-23,Tuolumne,109,53932,232,223,2,225,2
2020-09-23,Ventura,111,848112,13068,12591,153,12744,137
2020-09-23,Yolo,113,214977,2812,2766,6,2772,55
2020-09-23,Yuba,115,75493,1080,1038,5,1043,5
2020-09-22,Alameda,001,1643700,21240,20607,179,20786,355
2020-09-22,Alpine,003,1148,3,2,0,2,0
2020-09-22,Amador,005,37829,293,287,0,287,16
2020-09-22,Butte,007,227075,2905,2776,21,2797,43
2020-09-22,Calaveras,009,45235,310,258,0,258,11
2020-09-22,Colusa,011,21464,529,518,0,518,6
2020-09-22,Contra Costa,013,1133247,16928,16090,83,16173,190
2020-09-22,Del Norte,015,27424,136,137,0,137,2
2020-09-22,El Dorado,017,186661,1152,1076,1,1077,4
2020-09-22,Fresno,019,978130,30319,27944,366,28310,369
2020-09-22,Glenn,021,27897,581,560,0,560,3
2020-09-22,Humboldt,023,135768,498,476,1,477,5
2020-09-22,Imperial,025,180216,11782,10529,7,10536,284
2020-09-22,Inyo,027,18085,188,177,0,177,13
2020-09-22,Kern,029,883053,31840,31110,317,31427,383
2020-09-22,Kings,031,150075,7688,7395,41,7436,76
2020-09-22,Lake,033,64148,561,516,0,516,9
2020-09-22,Lassen,035,31185,744,736,2,738,0
2020-09-22,Los Angeles,037,10098052,265923,262117,1890,264007,6394
2020-09-22,Madera,039,155013,4513,4303,28,4331,47
2020-09-22,Marin,041,260295,6683,6561,17,6578,84
2020-09-22,Mariposa,043,17540,77,74,0,74,2
2020-09-22,Mendocino,045,87422,861,794,1,795,18
2020-09-22,Merced,047,269075,8852,8769,16,8785,132
2020-09-22,Modoc,049,8938,29,24,0,24,0
2020-09-22,Mono,051,14174,168,149,1,150,1
2020-09-22,Monterey,053,433212,9758,9393,27,9420,67
2020-09-22,Napa,055,140530,1713,1652,5,1657,11
2020-09-22,Nevada,057,99092,540,523,14,537,6
2020-09-22,Orange,059,3164182,54276,51528,1455,52983,1132
2020-09-22,Placer,061,380077,3607,3492,12,3504,40
2020-09-22,Plumas,063,18699,49,48,0,48,0
2020-09-22,Riverside,065,2383286,58308,57066,151,57217,1162
2020-09-22,Sacramento,067,1510023,22359,21745,16,21761,410
2020-09-22,San Benito,069,59416,1330,1305,0,1305,10
2020-09-22,San Bernardino,071,2135413,53775,51899,305,52204,971
2020-09-22,San Diego,073,3302833,46940,45149,907,46056,765
2020-09-22,San Francisco,075,870044,11160,10893,26,10919,95
2020-09-22,San Joaquin,077,732212,20108,19755,55,19810,426
2020-09-22,San Luis Obispo,079,281455,3629,3420,15,3435,31
2020-09-22,San Mateo,081,765935,10072,9291,6,9297,127
2020-09-22,Santa Barbara,083,443738,9520,8927,63,8990,111
2020-09-22,Santa Clara,085,1922200,21569,20514,27,20541,253
2020-09-22,Santa Cruz,087,273765,2386,2264,31,2295,8
2020-09-22,Shasta,089,179085,989,723,4,727,14
2020-09-22,Sierra,091,2930,6,6,0,6,0
2020-09-22,Siskiyou,093,43540,154,149,10,159,0
2020-09-22,Solano,095,438530,6264,6107,41,6148,48
2020-09-22,Sonoma,097,501317,7465,7068,19,7087,117
2020-09-22,Stanislaus,099,539301,16461,16231,528,16759,316
2020-09-22,Sutter,101,95872,1670,1638,1,1639,10
2020-09-22,Tehama,103,63373,567,529,2,531,2
2020-09-22,Trinity,105,12862,29,15,5,20,0
2020-09-22,Tulare,107,460477,16097,15616,121,15737,263
2020-09-22,Tuolumne,109,53932,231,224,2,226,1
2020-09-22,Ventura,111,848112,13017,12507,149,12656,136
2020-09-22,Yolo,113,214977,2805,2763,6,2769,54
2020-09-22,Yuba,115,75493,1071,1035,5,1040,5
2020-09-21,Alameda,001,1643700,21161,20501,178,20679,343
2020-09-21,Alpine,003,1148,3,2,0,2,0
2020-09-21,Amador,005,37829,291,286,0,286,16
2020-09-21,Butte,007,227075,2891,2769,21,2790,41
2020-09-21,Calaveras,009,45235,308,256,0,256,10
2020-09-21,Colusa,011,21464,528,517,0,517,6
2020-09-21,Contra Costa,013,1133247,16840,16008,83,16091,189
2020-09-21,Del Norte,015,27424,136,132,0,132,2
2020-09-21,El Dorado,017,186661,1143,1074,1,1075,4
2020-09-21,Fresno,019,978130,30217,27843,359,28202,362
2020-09-21,Glenn,021,27897,577,556,0,556,3
2020-09-21,Humboldt,023,135768,494,473,1,474,5
2020-09-21,Imperial,025,180216,11751,10521,7,10528,284
2020-09-21,Inyo,027,18085,187,177,0,177,12
2020-09-21,Kern,029,883053,31768,31031,315,31346,379
2020-09-21,Kings,031,150075,7576,7297,39,7336,76
2020-09-21,Lake,033,64148,556,508,0,508,8
2020-09-21,Lassen,035,31185,742,735,2,737,0
2020-09-21,Los Angeles,037,10098052,264838,261418,1845,263263,6360
2020-09-21,Madera,039,155013,4502,4275,27,4302,47
2020-09-21,Marin,041,260295,6672,6538,16,6554,84
2020-09-21,Mariposa,043,17540,76,74,0,74,2
2020-09-21,Mendocino,045,87422,846,778,0,778,18
2020-09-21,Merced,047,269075,8833,8749,14,8763,128
2020-09-21,Modoc,049,8938,29,22,0,22,0
2020-09-21,Mono,051,14174,168,147,1,148,1
2020-09-21,Monterey,053,433212,9694,9331,24,9355,66
2020-09-21,Napa,055,140530,1702,1641,5,1646,11
2020-09-21,Nevada,057,99092,538,515,14,529,6
2020-09-21,Orange,059,3164182,54056,51363,1447,52810,1110
2020-09-21,Placer,061,380077,3597,3473,12,3485,40
2020-09-21,Plumas,063,18699,49,47,0,47,0
2020-09-21,Riverside,065,2383286,58035,57001,143,57144,1153
2020-09-21,Sacramento,067,1510023,22178,21568,16,21584,404
2020-09-21,San Benito,069,59416,1328,1298,0,1298,10
2020-09-21,San Bernardino,071,2135413,53489,51654,304,51958,970
2020-09-21,San Diego,073,3302833,46657,44927,886,45813,760
2020-09-21,San Francisco,075,870044,11112,10743,26,10769,95
2020-09-21,San Joaquin,077,732212,20050,19579,55,19634,423
2020-09-21,San Luis Obispo,079,281455,3602,3406,15,3421,27
2020-09-21,San Mateo,081,765935,10020,9239,6,9245,127
2020-09-21,Santa Barbara,083,443738,9492,8911,63,8974,110
2020-09-21,Santa Clara,085,1922200,21468,20432,27,20459,252
2020-09-21,Santa Cruz,087,273765,2369,2257,29,2286,8
2020-09-21,Shasta,089,179085,939,696,4,700,14
2020-09-21,Sierra,091,2930,6,6,0,6,0
2020-09-21,Siskiyou,093,43540,154,146,10,156,0
2020-09-21,Solano,095,438530,6240,6019,41,6060,46
2020-09-21,Sonoma,097,501317,7389,7017,19,7036,117
2020-09-21,Stanislaus,099,539301,16431,16186,528,16714,310
2020-09-21,Sutter,101,95872,1663,1634,1,1635,10
2020-09-21,Tehama,103,63373,548,513,2,515,2
2020-09-21,Trinity,105,12862,29,15,5,20,0
2020-09-21,Tulare,107,460477,16023,15528,112,15640,260
2020-09-21,Tuolumne,109,53932,231,221,2,223,1
2020-09-21,Ventura,111,848112,12935,12477,143,12620,133
2020-09-21,Yolo,113,214977,2799,2752,6,2758,54
2020-09-21,Yuba,115,75493,1067,1033,5,1038,1
2020-09-20,Alameda,001,1643700,21061,20425,175,20600,343
2020-09-20,Alpine,003,1148,3,2,0,2,0
2020-09-20,Amador,005,37829,290,286,0,286,16
2020-09-20,Butte,007,227075,2879,2764,21,2785,39
2020-09-20,Calaveras,009,45235,304,256,0,256,10
2020-09-20,Colusa,011,21464,526,510,0,510,6
2020-09-20,Contra Costa,013,1133247,16706,15917,82,15999,189
2020-09-20,Del Norte,015,27424,134,132,0,132,2
2020-09-20,El Dorado,017,186661,1128,1073,1,1074,4
2020-09-20,Fresno,019,978130,30103,27769,353,28122,362
2020-09-20,Glenn,021,27897,573,550,0,550,3
2020-09-20,Humboldt,023,135768,494,472,1,473,5
2020-09-20,Imperial,025,180216,11724,10496,6,10502,284
2020-09-20,Inyo,027,18085,187,177,0,177,12
2020-09-20,Kern,029,883053,31685,30992,311,31303,379
2020-09-20,Kings,031,150075,7529,7159,38,7197,76
2020-09-20,Lake,033,64148,544,492,0,492,8
2020-09-20,Lassen,035,31185,742,735,2,737,0
2020-09-20,Los Angeles,037,10098052,263605,260770,1816,262586,6347
2020-09-20,Madera,039,155013,4482,4257,27,4284,47
2020-09-20,Marin,041,260295,6646,6533,16,6549,83
2020-09-20,Mariposa,043,17540,76,74,0,74,2
2020-09-20,Mendocino,045,87422,834,765,0,765,18
2020-09-20,Merced,047,269075,8806,8745,14,8759,128
2020-09-20,Modoc,049,8938,27,22,0,22,0
2020-09-20,Mono,051,14174,167,147,1,148,1
2020-09-20,Monterey,053,433212,9616,9312,24,9336,65
2020-09-20,Napa,055,140530,1693,1626,5,1631,11
2020-09-20,Nevada,057,99092,535,511,14,525,6
2020-09-20,Orange,059,3164182,53817,51233,1435,52668,1110
2020-09-20,Placer,061,380077,3582,3452,12,3464,40
2020-09-20,Plumas,063,18699,49,47,0,47,0
2020-09-20,Riverside,065,2383286,57835,56783,137,56920,1147
2020-09-20,Sacramento,067,1510023,21991,21394,15,21409,401
2020-09-20,San Benito,069,59416,1317,1291,0,1291,9
2020-09-20,San Bernardino,071,2135413,53168,51559,302,51861,970
2020-09-20,San Diego,073,3302833,46284,44579,857,45436,760
2020-09-20,San Francisco,075,870044,11058,10743,26,10769,95
2020-09-20,San Joaquin,077,732212,19986,19578,47,19625,423
2020-09-20,San Luis Obispo,079,281455,3574,3393,15,3408,27
2020-09-20,San Mateo,081,765935,9953,9198,6,9204,127
2020-09-20,Santa Barbara,083,443738,9458,8880,62,8942,110
2020-09-20,Santa Clara,085,1922200,21348,20330,26,20356,252
2020-09-20,Santa Cruz,087,273765,2349,2199,29,2228,8
2020-09-20,Shasta,089,179085,898,696,3,699,14
2020-09-20,Sierra,091,2930,6,6,0,6,0
2020-09-20,Siskiyou,093,43540,154,146,10,156,0
2020-09-20,Solano,095,438530,6196,6020,41,6061,46
2020-09-20,Sonoma,097,501317,7285,6954,19,6973,117
2020-09-20,Stanislaus,099,539301,16400,16159,521,16680,310
2020-09-20,Sutter,101,95872,1657,1624,1,1625,10
2020-09-20,Tehama,103,63373,535,509,2,511,2
2020-09-20,Trinity,105,12862,29,15,5,20,0
2020-09-20,Tulare,107,460477,15938,15528,106,15634,260
2020-09-20,Tuolumne,109,53932,231,221,2,223,1
2020-09-20,Ventura,111,848112,12870,12406,139,12545,133
2020-09-20,Yolo,113,214977,2791,2745,6,2751,54
2020-09-20,Yuba,115,75493,1060,1029,5,1034,1
2020-09-19,Alameda,001,1643700,21010,20349,172,20521,343
2020-09-19,Alpine,003,1148,3,2,0,2,0
2020-09-19,Amador,005,37829,290,285,0,285,16
2020-09-19,Butte,007,227075,2873,2748,21,2769,38
2020-09-19,Calaveras,009,45235,304,256,0,256,10
2020-09-19,Colusa,011,21464,526,507,0,507,6
2020-09-19,Contra Costa,013,1133247,16643,15783,82,15865,186
2020-09-19,Del Norte,015,27424,133,132,0,132,2
2020-09-19,El Dorado,017,186661,1122,1068,0,1068,4
2020-09-19,Fresno,019,978130,30030,27668,353,28021,362
2020-09-19,Glenn,021,27897,570,547,0,547,3
2020-09-19,Humboldt,023,135768,493,471,1,472,5
2020-09-19,Imperial,025,180216,11709,10496,6,10502,284
2020-09-19,Inyo,027,18085,187,177,0,177,12
2020-09-19,Kern,029,883053,31631,30886,308,31194,379
2020-09-19,Kings,031,150075,7523,7130,38,7168,76
2020-09-19,Lake,033,64148,544,465,0,465,8
2020-09-19,Lassen,035,31185,742,731,2,733,0
2020-09-19,Los Angeles,037,10098052,262982,259801,1800,261601,6325
2020-09-19,Madera,039,155013,4459,4237,27,4264,47
2020-09-19,Marin,041,260295,6639,6513,15,6528,81
2020-09-19,Mariposa,043,17540,76,74,0,74,2
2020-09-19,Mendocino,045,87422,831,750,0,750,18
2020-09-19,Merced,047,269075,8795,8717,13,8730,128
2020-09-19,Modoc,049,8938,27,22,0,22,0
2020-09-19,Mono,051,14174,167,147,1,148,1
2020-09-19,Monterey,053,433212,9574,9237,24,9261,65
2020-09-19,Napa,055,140530,1685,1614,5,1619,11
2020-09-19,Nevada,057,99092,533,505,14,519,6
2020-09-19,Orange,059,3164182,53688,50999,1428,52427,1105
2020-09-19,Placer,061,380077,3574,3412,12,3424,40
2020-09-19,Plumas,063,18699,49,47,0,47,0
2020-09-19,Riverside,065,2383286,57711,56562,136,56698,1147
2020-09-19,Sacramento,067,1510023,21937,21297,15,21312,396
2020-09-19,San Benito,069,59416,1313,1276,0,1276,9
2020-09-19,San Bernardino,071,2135413,53012,51353,299,51652,971
2020-09-19,San Diego,073,3302833,46056,44295,834,45129,773
2020-09-19,San Francisco,075,870044,11025,10741,26,10767,95
2020-09-19,San Joaquin,077,732212,19949,19580,47,19627,424
2020-09-19,San Luis Obispo,079,281455,3553,3369,15,3384,27
2020-09-19,San Mateo,081,765935,9922,9158,6,9164,127
2020-09-19,Santa Barbara,083,443738,9437,8862,62,8924,106
2020-09-19,Santa Clara,085,1922200,21259,20170,26,20196,251
2020-09-19,Santa Cruz,087,273765,2335,2198,29,2227,8
2020-09-19,Shasta,089,179085,871,687,3,690,14
2020-09-19,Sierra,091,2930,6,6,0,6,0
2020-09-19,Siskiyou,093,43540,154,146,10,156,0
2020-09-19,Solano,095,438530,6180,5998,41,6039,46
2020-09-19,Sonoma,097,501317,7252,6905,19,6924,117
2020-09-19,Stanislaus,099,539301,16360,16109,514,16623,313
2020-09-19,Sutter,101,95872,1656,1602,1,1603,10
2020-09-19,Tehama,103,63373,530,498,2,500,2
2020-09-19,Trinity,105,12862,29,15,5,20,0
2020-09-19,Tulare,107,460477,15889,15485,103,15588,260
2020-09-19,Tuolumne,109,53932,231,217,2,219,1
2020-09-19,Ventura,111,848112,12838,12328,139,12467,133
2020-09-19,Yolo,113,214977,2783,2739,6,2745,54
2020-09-19,Yuba,115,75493,1053,1023,5,1028,1
2020-09-18,Alameda,001,1643700,20945,20222,166,20388,341
2020-09-18,Alpine,003,1148,3,2,0,2,0
2020-09-18,Amador,005,37829,290,285,0,285,16
2020-09-18,Butte,007,227075,2871,2738,21,2759,37
2020-09-18,Calaveras,009,45235,304,255,0,255,9
2020-09-18,Colusa,011,21464,526,504,0,504,6
2020-09-18,Contra Costa,013,1133247,16558,15667,82,15749,185
2020-09-18,Del Norte,015,27424,133,131,0,131,2
2020-09-18,El Dorado,017,186661,1109,1063,0,1063,4
2020-09-18,Fresno,019,978130,29965,27560,353,27913,359
2020-09-18,Glenn,021,27897,567,541,0,541,3
2020-09-18,Humboldt,023,135768,490,470,1,471,5
2020-09-18,Imperial,025,180216,11694,10460,6,10466,283
2020-09-18,Inyo,027,18085,187,177,0,177,12
2020-09-18,Kern,029,883053,31573,30742,305,31047,373
2020-09-18,Kings,031,150075,7513,7062,38,7100,74
2020-09-18,Lake,033,64148,538,458,0,458,8
2020-09-18,Lassen,035,31185,741,731,2,733,0
2020-09-18,Los Angeles,037,10098052,262208,258488,1780,260268,6324
2020-09-18,Madera,039,155013,4447,4211,27,4238,45
2020-09-18,Marin,041,260295,6624,6475,15,6490,81
2020-09-18,Mariposa,043,17540,76,74,0,74,2
2020-09-18,Mendocino,045,87422,823,739,0,739,18
2020-09-18,Merced,047,269075,8783,8691,12,8703,127
2020-09-18,Modoc,049,8938,27,22,0,22,0
2020-09-18,Mono,051,14174,165,147,1,148,1
2020-09-18,Monterey,053,433212,9532,9183,24,9207,64
2020-09-18,Napa,055,140530,1679,1604,5,1609,11
2020-09-18,Nevada,057,99092,530,504,14,518,6
2020-09-18,Orange,059,3164182,53541,50733,1416,52149,1107
2020-09-18,Placer,061,380077,3563,3389,12,3401,40
2020-09-18,Plumas,063,18699,49,45,0,45,0
2020-09-18,Riverside,065,2383286,57591,56248,132,56380,1143
2020-09-18,Sacramento,067,1510023,21854,21105,15,21120,391
2020-09-18,San Benito,069,59416,1305,1257,0,1257,8
2020-09-18,San Bernardino,071,2135413,52869,51106,296,51402,970
2020-09-18,San Diego,073,3302833,45806,44009,829,44838,757
2020-09-18,San Francisco,075,870044,10987,10644,25,10669,95
2020-09-18,San Joaquin,077,732212,19906,19531,45,19576,423
2020-09-18,San Luis Obispo,079,281455,3529,3328,15,3343,27
2020-09-18,San Mateo,081,765935,9882,9062,6,9068,127
2020-09-18,Santa Barbara,083,443738,9415,8824,62,8886,107
2020-09-18,Santa Clara,085,1922200,21162,20058,26,20084,252
2020-09-18,Santa Cruz,087,273765,2314,2180,28,2208,8
2020-09-18,Shasta,089,179085,836,668,3,671,14
2020-09-18,Sierra,091,2930,6,6,0,6,0
2020-09-18,Siskiyou,093,43540,153,146,10,156,0
2020-09-18,Solano,095,438530,6164,5961,41,6002,46
2020-09-18,Sonoma,097,501317,7204,6856,19,6875,114
2020-09-18,Stanislaus,099,539301,16332,16042,508,16550,277
2020-09-18,Sutter,101,95872,1648,1586,1,1587,10
2020-09-18,Tehama,103,63373,530,490,2,492,2
2020-09-18,Trinity,105,12862,29,15,4,19,0
2020-09-18,Tulare,107,460477,15856,15435,99,15534,259
2020-09-18,Tuolumne,109,53932,230,216,2,218,1
2020-09-18,Ventura,111,848112,12777,12236,135,12371,133
2020-09-18,Yolo,113,214977,2777,2732,6,2738,54
2020-09-18,Yuba,115,75493,1049,1020,5,1025,1
2020-09-17,Alameda,001,1643700,20847,20146,166,20312,339
2020-09-17,Alpine,003,1148,3,2,0,2,0
2020-09-17,Amador,005,37829,288,284,0,284,16
2020-09-17,Butte,007,227075,2853,2720,21,2741,38
2020-09-17,Calaveras,009,45235,304,254,0,254,9
2020-09-17,Colusa,011,21464,524,499,0,499,6
2020-09-17,Contra Costa,013,1133247,16468,15576,82,15658,184
2020-09-17,Del Norte,015,27424,133,131,0,131,2
2020-09-17,El Dorado,017,186661,1100,1057,0,1057,4
2020-09-17,Fresno,019,978130,29856,27487,348,27835,355
2020-09-17,Glenn,021,27897,566,541,0,541,3
2020-09-17,Humboldt,023,135768,484,466,1,467,5
2020-09-17,Imperial,025,180216,11677,10436,6,10442,281
2020-09-17,Inyo,027,18085,187,176,0,176,12
2020-09-17,Kern,029,883053,31512,30627,298,30925,372
2020-09-17,Kings,031,150075,7442,7015,38,7053,72
2020-09-17,Lake,033,64148,528,433,0,433,8
2020-09-17,Lassen,035,31185,739,731,2,733,0
2020-09-17,Los Angeles,037,10098052,261265,257246,1765,259011,6318
2020-09-17,Madera,039,155013,4413,4152,27,4179,45
2020-09-17,Marin,041,260295,6603,6457,15,6472,81
2020-09-17,Mariposa,043,17540,75,74,0,74,2
2020-09-17,Mendocino,045,87422,812,737,0,737,18
2020-09-17,Merced,047,269075,8764,8671,12,8683,119
2020-09-17,Modoc,049,8938,27,22,0,22,0
2020-09-17,Mono,051,14174,165,147,1,148,1
2020-09-17,Monterey,053,433212,9470,9113,23,9136,62
2020-09-17,Napa,055,140530,1668,1592,5,1597,11
2020-09-17,Nevada,057,99092,528,494,14,508,6
2020-09-17,Orange,059,3164182,53362,50537,1402,51939,1098
2020-09-17,Placer,061,380077,3542,3368,12,3380,40
2020-09-17,Plumas,063,18699,49,45,0,45,0
2020-09-17,Riverside,065,2383286,57366,56007,129,56136,1134
2020-09-17,Sacramento,067,1510023,21619,20895,15,20910,385
2020-09-17,San Benito,069,59416,1302,1252,0,1252,8
2020-09-17,San Bernardino,071,2135413,52668,50770,296,51066,904
2020-09-17,San Diego,073,3302833,45527,43621,817,44438,754
2020-09-17,San Francisco,075,870044,10892,10564,25,10589,95
2020-09-17,San Joaquin,077,732212,19847,19439,45,19484,416
2020-09-17,San Luis Obispo,079,281455,3502,3299,15,3314,27
2020-09-17,San Mateo,081,765935,9840,8984,6,8990,127
2020-09-17,Santa Barbara,083,443738,9391,8779,62,8841,107
2020-09-17,Santa Clara,085,1922200,21046,19825,26,19851,254
2020-09-17,Santa Cruz,087,273765,2298,2155,28,2183,7
2020-09-17,Shasta,089,179085,797,660,3,663,12
2020-09-17,Sierra,091,2930,6,6,0,6,0
2020-09-17,Siskiyou,093,43540,153,146,10,156,0
2020-09-17,Solano,095,438530,6141,5915,41,5956,44
2020-09-17,Sonoma,097,501317,7140,6754,19,6773,114
2020-09-17,Stanislaus,099,539301,16299,15984,504,16488,277
2020-09-17,Sutter,101,95872,1643,1572,1,1573,10
2020-09-17,Tehama,103,63373,516,487,2,489,2
2020-09-17,Trinity,105,12862,29,15,4,19,0
2020-09-17,Tulare,107,460477,15803,15344,97,15441,258
2020-09-17,Tuolumne,109,53932,229,214,2,216,1
2020-09-17,Ventura,111,848112,12692,12167,131,12298,130
2020-09-17,Yolo,113,214977,2768,2724,6,2730,53
2020-09-17,Yuba,115,75493,1045,1015,5,1020,1
2020-09-16,Alameda,001,1643700,20751,20009,164,20173,333
2020-09-16,Alpine,003,1148,3,2,0,2,0
2020-09-16,Amador,005,37829,288,284,0,284,16
2020-09-16,Butte,007,227075,2843,2704,21,2725,38
2020-09-16,Calaveras,009,45235,304,254,0,254,9
2020-09-16,Colusa,011,21464,522,497,0,497,6
2020-09-16,Contra Costa,013,1133247,16382,15473,82,15555,183
2020-09-16,Del Norte,015,27424,133,131,0,131,2
2020-09-16,El Dorado,017,186661,1092,1049,0,1049,4
2020-09-16,Fresno,019,978130,29750,27381,346,27727,343
2020-09-16,Glenn,021,27897,564,539,0,539,3
2020-09-16,Humboldt,023,135768,483,455,1,456,4
2020-09-16,Imperial,025,180216,11654,10401,6,10407,277
2020-09-16,Inyo,027,18085,186,176,0,176,12
2020-09-16,Kern,029,883053,31452,30570,297,30867,371
2020-09-16,Kings,031,150075,7417,7002,36,7038,71
2020-09-16,Lake,033,64148,517,417,0,417,6
2020-09-16,Lassen,035,31185,738,730,2,732,0
2020-09-16,Los Angeles,037,10098052,260268,256101,1746,257847,6299
2020-09-16,Madera,039,155013,4390,4138,27,4165,45
2020-09-16,Marin,041,260295,6575,6430,15,6445,77
2020-09-16,Mariposa,043,17540,75,74,0,74,2
2020-09-16,Mendocino,045,87422,803,727,0,727,18
2020-09-16,Merced,047,269075,8743,8646,12,8658,118
2020-09-16,Modoc,049,8938,27,22,0,22,0
2020-09-16,Mono,051,14174,165,147,1,148,1
2020-09-16,Monterey,053,433212,9416,8997,23,9020,62
2020-09-16,Napa,055,140530,1654,1587,5,1592,11
2020-09-16,Nevada,057,99092,523,495,13,508,6
2020-09-16,Orange,059,3164182,53162,50414,1393,51807,1096
2020-09-16,Placer,061,380077,3524,3351,12,3363,39
2020-09-16,Plumas,063,18699,49,45,0,45,0
2020-09-16,Riverside,065,2383286,57171,55811,121,55932,1127
2020-09-16,Sacramento,067,1510023,21525,20610,15,20625,377
2020-09-16,San Benito,069,59416,1294,1244,0,1244,8
2020-09-16,San Bernardino,071,2135413,52442,50509,295,50804,907
2020-09-16,San Diego,073,3302833,45235,43447,796,44243,748
2020-09-16,San Francisco,075,870044,10845,10502,25,10527,90
2020-09-16,San Joaquin,077,732212,19793,19377,44,19421,409
2020-09-16,San Luis Obispo,079,281455,3473,3285,15,3300,28
2020-09-16,San Mateo,081,765935,9775,8944,6,8950,127
2020-09-16,Santa Barbara,083,443738,9359,8764,62,8826,107
2020-09-16,Santa Clara,085,1922200,20927,19684,26,19710,253
2020-09-16,Santa Cruz,087,273765,2257,2089,27,2116,7
2020-09-16,Shasta,089,179085,771,635,3,638,11
2020-09-16,Sierra,091,2930,6,6,0,6,0
2020-09-16,Siskiyou,093,43540,152,145,10,155,0
2020-09-16,Solano,095,438530,6111,5899,41,5940,44
2020-09-16,Sonoma,097,501317,7079,6731,19,6750,104
2020-09-16,Stanislaus,099,539301,16251,15897,496,16393,263
2020-09-16,Sutter,101,95872,1630,1567,1,1568,10
2020-09-16,Tehama,103,63373,508,485,2,487,2
2020-09-16,Trinity,105,12862,29,15,4,19,0
2020-09-16,Tulare,107,460477,15761,15314,89,15403,258
2020-09-16,Tuolumne,109,53932,228,210,2,212,1
2020-09-16,Ventura,111,848112,12624,12073,130,12203,130
2020-09-16,Yolo,113,214977,2761,2709,6,2715,53
2020-09-16,Yuba,115,75493,1043,1000,5,1005,1
2020-09-15,Alameda,001,1643700,20644,19931,161,20092,327
2020-09-15,Alpine,003,1148,3,2,0,2,0
2020-09-15,Amador,005,37829,287,282,0,282,16
2020-09-15,Butte,007,227075,2830,2695,19,2714,38
2020-09-15,Calaveras,009,45235,304,248,0,248,5
2020-09-15,Colusa,011,21464,516,497,0,497,6
2020-09-15,Contra Costa,013,1133247,16279,15423,81,15504,180
2020-09-15,Del Norte,015,27424,133,129,0,129,2
2020-09-15,El Dorado,017,186661,1087,1046,0,1046,4
2020-09-15,Fresno,019,978130,29644,27312,341,27653,343
2020-09-15,Glenn,021,27897,563,531,0,531,3
2020-09-15,Humboldt,023,135768,481,456,1,457,4
2020-09-15,Imperial,025,180216,11629,10376,6,10382,277
2020-09-15,Inyo,027,18085,186,176,0,176,12
2020-09-15,Kern,029,883053,31339,30429,294,30723,368
2020-09-15,Kings,031,150075,7259,6977,36,7013,70
2020-09-15,Lake,033,64148,503,416,0,416,4
2020-09-15,Lassen,035,31185,734,719,2,721,0
2020-09-15,Los Angeles,037,10098052,259156,255048,1721,256769,6269
2020-09-15,Madera,039,155013,4371,4122,27,4149,45
2020-09-15,Marin,041,260295,6544,6423,15,6438,77
2020-09-15,Mariposa,043,17540,75,74,0,74,2
2020-09-15,Mendocino,045,87422,785,724,0,724,18
2020-09-15,Merced,047,269075,8713,8633,12,8645,114
2020-09-15,Modoc,049,8938,26,21,0,21,0
2020-09-15,Mono,051,14174,165,147,1,148,1
2020-09-15,Monterey,053,433212,9367,8943,23,8966,62
2020-09-15,Napa,055,140530,1640,1580,5,1585,11
2020-09-15,Nevada,057,99092,518,494,13,507,6
2020-09-15,Orange,059,3164182,52980,50294,1378,51672,1088
2020-09-15,Placer,061,380077,3500,3331,12,3343,38
2020-09-15,Plumas,063,18699,49,44,0,44,0
2020-09-15,Riverside,065,2383286,56878,55569,111,55680,1118
2020-09-15,Sacramento,067,1510023,21383,20487,15,20502,372
2020-09-15,San Benito,069,59416,1287,1237,0,1237,7
2020-09-15,San Bernardino,071,2135413,52226,50333,294,50627,904
2020-09-15,San Diego,073,3302833,44917,43183,775,43958,742
2020-09-15,San Francisco,075,870044,10787,10414,25,10439,90
2020-09-15,San Joaquin,077,732212,19741,19313,44,19357,401
2020-09-15,San Luis Obispo,079,281455,3452,3262,15,3277,28
2020-09-15,San Mateo,081,765935,9705,8895,6,8901,127
2020-09-15,Santa Barbara,083,443738,9334,8724,61,8785,104
2020-09-15,Santa Clara,085,1922200,20791,19610,26,19636,252
2020-09-15,Santa Cruz,087,273765,2231,2079,26,2105,7
2020-09-15,Shasta,089,179085,759,627,3,630,11
2020-09-15,Sierra,091,2930,6,6,0,6,0
2020-09-15,Siskiyou,093,43540,152,143,10,153,0
2020-09-15,Solano,095,438530,6077,5878,41,5919,45
2020-09-15,Sonoma,097,501317,7040,6701,19,6720,104
2020-09-15,Stanislaus,099,539301,16203,15880,494,16374,260
2020-09-15,Sutter,101,95872,1618,1556,1,1557,10
2020-09-15,Tehama,103,63373,496,484,2,486,2
2020-09-15,Trinity,105,12862,29,15,4,19,0
2020-09-15,Tulare,107,460477,15684,15203,87,15290,254
2020-09-15,Tuolumne,109,53932,228,209,2,211,1
2020-09-15,Ventura,111,848112,12572,11932,129,12061,128
2020-09-15,Yolo,113,214977,2757,2708,6,2714,53
2020-09-15,Yuba,115,75493,1037,991,4,995,1
2020-09-14,Alameda,001,1643700,20517,19851,160,20011,306
2020-09-14,Alpine,003,1148,3,2,0,2,0
2020-09-14,Amador,005,37829,285,281,0,281,16
2020-09-14,Butte,007,227075,2813,2642,19,2661,37
2020-09-14,Calaveras,009,45235,304,244,0,244,3
2020-09-14,Colusa,011,21464,515,486,0,486,6
2020-09-14,Contra Costa,013,1133247,16154,15354,80,15434,174
2020-09-14,Del Norte,015,27424,130,116,0,116,2
2020-09-14,El Dorado,017,186661,1083,1039,0,1039,3
2020-09-14,Fresno,019,978130,29559,27232,338,27570,344
2020-09-14,Glenn,021,27897,555,521,0,521,3
2020-09-14,Humboldt,023,135768,478,437,1,438,4
2020-09-14,Imperial,025,180216,11609,10340,6,10346,273
2020-09-14,Inyo,027,18085,186,176,0,176,12
2020-09-14,Kern,029,883053,31252,30344,291,30635,368
2020-09-14,Kings,031,150075,7177,6950,36,6986,70
2020-09-14,Lake,033,64148,483,407,0,407,4
2020-09-14,Lassen,035,31185,734,719,2,721,0
2020-09-14,Los Angeles,037,10098052,258127,254622,1692,256314,6226
2020-09-14,Madera,039,155013,4357,4104,27,4131,45
2020-09-14,Marin,041,260295,6523,6409,15,6424,70
2020-09-14,Mariposa,043,17540,75,74,0,74,2
2020-09-14,Mendocino,045,87422,768,710,0,710,17
2020-09-14,Merced,047,269075,8694,8593,12,8605,112
2020-09-14,Modoc,049,8938,26,21,0,21,0
2020-09-14,Mono,051,14174,165,147,1,148,1
2020-09-14,Monterey,053,433212,9296,8845,22,8867,61
2020-09-14,Napa,055,140530,1623,1576,5,1581,11
2020-09-14,Nevada,057,99092,513,489,13,502,6
2020-09-14,Orange,059,3164182,52821,50149,1362,51511,1079
2020-09-14,Placer,061,380077,3479,3302,12,3314,38
2020-09-14,Plumas,063,18699,48,42,0,42,0
2020-09-14,Riverside,065,2383286,56659,55488,105,55593,1113
2020-09-14,Sacramento,067,1510023,21188,20377,14,20391,367
2020-09-14,San Benito,069,59416,1272,1233,0,1233,7
2020-09-14,San Bernardino,071,2135413,52002,50163,293,50456,895
2020-09-14,San Diego,073,3302833,44606,42889,755,43644,734
2020-09-14,San Francisco,075,870044,10721,10255,23,10278,90
2020-09-14,San Joaquin,077,732212,19667,19111,43,19154,397
2020-09-14,San Luis Obispo,079,281455,3427,3248,15,3263,25
2020-09-14,San Mateo,081,765935,9643,8847,6,8853,127
2020-09-14,Santa Barbara,083,443738,9308,8692,61,8753,104
2020-09-14,Santa Clara,085,1922200,20604,19545,26,19571,247
2020-09-14,Santa Cruz,087,273765,2211,2016,23,2039,7
2020-09-14,Shasta,089,179085,737,584,3,587,10
2020-09-14,Sierra,091,2930,6,6,0,6,0
2020-09-14,Siskiyou,093,43540,151,143,10,153,0
2020-09-14,Solano,095,438530,6042,5834,41,5875,44
2020-09-14,Sonoma,097,501317,6977,6630,19,6649,102
2020-09-14,Stanislaus,099,539301,16158,15812,491,16303,253
2020-09-14,Sutter,101,95872,1607,1549,1,1550,10
2020-09-14,Tehama,103,63373,493,475,2,477,1
2020-09-14,Trinity,105,12862,28,14,4,18,0
2020-09-14,Tulare,107,460477,15615,15096,81,15177,254
2020-09-14,Tuolumne,109,53932,227,208,2,210,1
2020-09-14,Ventura,111,848112,12471,11903,126,12029,125
2020-09-14,Yolo,113,214977,2746,2687,6,2693,53
2020-09-14,Yuba,115,75493,1029,977,4,981,1
2020-09-13,Alameda,001,1643700,20411,19815,157,19972,306
2020-09-13,Alpine,003,1148,3,2,0,2,0
2020-09-13,Amador,005,37829,282,279,0,279,16
2020-09-13,Butte,007,227075,2791,2640,19,2659,37
2020-09-13,Calaveras,009,45235,303,246,0,246,3
2020-09-13,Colusa,011,21464,511,486,0,486,6
2020-09-13,Contra Costa,013,1133247,16048,15284,79,15363,172
2020-09-13,Del Norte,015,27424,127,116,0,116,1
2020-09-13,El Dorado,017,186661,1078,1035,0,1035,2
2020-09-13,Fresno,019,978130,29452,27196,329,27525,345
2020-09-13,Glenn,021,27897,551,517,0,517,3
2020-09-13,Humboldt,023,135768,478,434,1,435,4
2020-09-13,Imperial,025,180216,11572,10304,6,10310,273
2020-09-13,Inyo,027,18085,186,176,0,176,12
2020-09-13,Kern,029,883053,31159,30277,284,30561,368
2020-09-13,Kings,031,150075,7158,6937,36,6973,70
2020-09-13,Lake,033,64148,464,397,0,397,4
2020-09-13,Lassen,035,31185,731,719,2,721,0
2020-09-13,Los Angeles,037,10098052,256979,253950,1676,255626,6203
2020-09-13,Madera,039,155013,4300,4090,27,4117,45
2020-09-13,Marin,041,260295,6502,6395,15,6410,70
2020-09-13,Mariposa,043,17540,75,74,0,74,2
2020-09-13,Mendocino,045,87422,761,707,0,707,17
2020-09-13,Merced,047,269075,8660,8575,12,8587,112
2020-09-13,Modoc,049,8938,26,21,0,21,0
2020-09-13,Mono,051,14174,165,147,1,148,1
2020-09-13,Monterey,053,433212,9214,8826,21,8847,61
2020-09-13,Napa,055,140530,1616,1563,5,1568,11
2020-09-13,Nevada,057,99092,505,486,13,499,6
2020-09-13,Orange,059,3164182,52608,50061,1355,51416,1075
2020-09-13,Placer,061,380077,3449,3291,12,3303,38
2020-09-13,Plumas,063,18699,48,42,0,42,0
2020-09-13,Riverside,065,2383286,56450,55235,94,55329,1108
2020-09-13,Sacramento,067,1510023,20841,20279,14,20293,367
2020-09-13,San Benito,069,59416,1264,1217,0,1217,7
2020-09-13,San Bernardino,071,2135413,51717,49968,291,50259,895
2020-09-13,San Diego,073,3302833,44281,42681,720,43401,734
2020-09-13,San Francisco,075,870044,10643,10254,23,10277,90
2020-09-13,San Joaquin,077,732212,19595,19110,42,19152,396
2020-09-13,San Luis Obispo,079,281455,3391,3240,15,3255,24
2020-09-13,San Mateo,081,765935,9582,8811,6,8817,127
2020-09-13,Santa Barbara,083,443738,9271,8690,61,8751,104
2020-09-13,Santa Clara,085,1922200,20469,19456,25,19481,245
2020-09-13,Santa Cruz,087,273765,2178,2016,21,2037,7
2020-09-13,Shasta,089,179085,725,583,3,586,10
2020-09-13,Sierra,091,2930,6,6,0,6,0
2020-09-13,Siskiyou,093,43540,151,143,9,152,0
2020-09-13,Solano,095,438530,5996,5810,41,5851,43
2020-09-13,Sonoma,097,501317,6912,6592,19,6611,95
2020-09-13,Stanislaus,099,539301,16095,15759,479,16238,253
2020-09-13,Sutter,101,95872,1595,1539,1,1540,10
2020-09-13,Tehama,103,63373,489,476,2,478,1
2020-09-13,Trinity,105,12862,28,14,4,18,0
2020-09-13,Tulare,107,460477,15543,15098,80,15178,254
2020-09-13,Tuolumne,109,53932,224,208,2,210,1
2020-09-13,Ventura,111,848112,12366,11855,125,11980,123
2020-09-13,Yolo,113,214977,2734,2675,6,2681,53
2020-09-13,Yuba,115,75493,1024,967,4,971,1
2020-09-12,Alameda,001,1643700,20352,19758,157,19915,307
2020-09-12,Alpine,003,1148,3,2,0,2,0
2020-09-12,Amador,005,37829,281,278,0,278,16
2020-09-12,Butte,007,227075,2784,2629,18,2647,37
2020-09-12,Calaveras,009,45235,301,246,0,246,3
2020-09-12,Colusa,011,21464,507,486,0,486,6
2020-09-12,Contra Costa,013,1133247,15975,15135,78,15213,174
2020-09-12,Del Norte,015,27424,126,116,0,116,1
2020-09-12,El Dorado,017,186661,1071,1034,0,1034,2
2020-09-12,Fresno,019,978130,29382,27076,328,27404,345
2020-09-12,Glenn,021,27897,550,517,0,517,3
2020-09-12,Humboldt,023,135768,477,430,1,431,4
2020-09-12,Imperial,025,180216,11560,10305,6,10311,273
2020-09-12,Inyo,027,18085,186,177,0,177,12
2020-09-12,Kern,029,883053,31093,30202,284,30486,368
2020-09-12,Kings,031,150075,7148,6895,36,6931,70
2020-09-12,Lake,033,64148,458,393,0,393,4
2020-09-12,Lassen,035,31185,731,719,2,721,0
2020-09-12,Los Angeles,037,10098052,256420,253156,1655,254811,6193
2020-09-12,Madera,039,155013,4289,4058,27,4085,43
2020-09-12,Marin,041,260295,6493,6393,15,6408,69
2020-09-12,Mariposa,043,17540,75,72,0,72,2
2020-09-12,Mendocino,045,87422,758,700,0,700,17
2020-09-12,Merced,047,269075,8651,8533,12,8545,112
2020-09-12,Modoc,049,8938,25,21,0,21,0
2020-09-12,Mono,051,14174,165,147,1,148,1
2020-09-12,Monterey,053,433212,9178,8743,21,8764,61
2020-09-12,Napa,055,140530,1613,1556,5,1561,11
2020-09-12,Nevada,057,99092,504,482,13,495,6
2020-09-12,Orange,059,3164182,52494,49895,1351,51246,1078
2020-09-12,Placer,061,380077,3432,3280,12,3292,38
2020-09-12,Plumas,063,18699,48,42,0,42,0
2020-09-12,Riverside,065,2383286,56323,55058,89,55147,1108
2020-09-12,Sacramento,067,1510023,20773,20184,14,20198,367
2020-09-12,San Benito,069,59416,1261,1208,0,1208,7
2020-09-12,San Bernardino,071,2135413,51626,49945,289,50234,896
2020-09-12,San Diego,073,3302833,44087,42416,711,43127,747
2020-09-12,San Francisco,075,870044,10598,10257,23,10280,90
2020-09-12,San Joaquin,077,732212,19567,19108,42,19150,396
2020-09-12,San Luis Obispo,079,281455,3365,3220,15,3235,24
2020-09-12,San Mateo,081,765935,9537,8759,6,8765,127
2020-09-12,Santa Barbara,083,443738,9256,8642,61,8703,104
2020-09-12,Santa Clara,085,1922200,20385,19330,25,19355,237
2020-09-12,Santa Cruz,087,273765,2166,2016,21,2037,7
2020-09-12,Shasta,089,179085,713,569,3,572,10
2020-09-12,Sierra,091,2930,6,6,0,6,0
2020-09-12,Siskiyou,093,43540,151,141,9,150,0
2020-09-12,Solano,095,438530,5972,5772,41,5813,43
2020-09-12,Sonoma,097,501317,6888,6531,19,6550,95
2020-09-12,Stanislaus,099,539301,16063,15675,476,16151,253
2020-09-12,Sutter,101,95872,1589,1529,1,1530,10
2020-09-12,Tehama,103,63373,486,471,2,473,1
2020-09-12,Trinity,105,12862,28,15,4,19,0
2020-09-12,Tulare,107,460477,15498,15018,79,15097,254
2020-09-12,Tuolumne,109,53932,224,208,2,210,1
2020-09-12,Ventura,111,848112,12315,11759,123,11882,123
2020-09-12,Yolo,113,214977,2727,2646,6,2652,53
2020-09-12,Yuba,115,75493,1020,963,4,967,1
2020-09-11,Alameda,001,1643700,20297,19625,156,19781,298
2020-09-11,Alpine,003,1148,3,2,0,2,0
2020-09-11,Amador,005,37829,281,277,0,277,16
2020-09-11,Butte,007,227075,2773,2605,18,2623,37
2020-09-11,Calaveras,009,45235,300,242,0,242,1
2020-09-11,Colusa,011,21464,506,484,0,484,6
2020-09-11,Contra Costa,013,1133247,15922,15001,75,15076,173
2020-09-11,Del Norte,015,27424,126,115,0,115,1
2020-09-11,El Dorado,017,186661,1068,1024,0,1024,2
2020-09-11,Fresno,019,978130,29302,26917,327,27244,344
2020-09-11,Glenn,021,27897,545,515,0,515,3
2020-09-11,Humboldt,023,135768,475,426,1,427,4
2020-09-11,Imperial,025,180216,11542,10286,6,10292,273
2020-09-11,Inyo,027,18085,186,176,0,176,12
2020-09-11,Kern,029,883053,31026,30059,283,30342,365
2020-09-11,Kings,031,150075,7131,6770,36,6806,70
2020-09-11,Lake,033,64148,451,382,0,382,4
2020-09-11,Lassen,035,31185,731,719,2,721,0
2020-09-11,Los Angeles,037,10098052,255739,252057,1644,253701,6172
2020-09-11,Madera,039,155013,4270,4018,27,4045,43
2020-09-11,Marin,041,260295,6490,6364,15,6379,69
2020-09-11,Mariposa,043,17540,75,72,0,72,2
2020-09-11,Mendocino,045,87422,747,700,0,700,17
2020-09-11,Merced,047,269075,8630,8489,12,8501,109
2020-09-11,Modoc,049,8938,25,21,0,21,0
2020-09-11,Mono,051,14174,165,145,1,146,1
2020-09-11,Monterey,053,433212,9130,8595,21,8616,61
2020-09-11,Napa,055,140530,1602,1543,5,1548,11
2020-09-11,Nevada,057,99092,497,483,13,496,6
2020-09-11,Orange,059,3164182,52367,49755,1338,51093,1068
2020-09-11,Placer,061,380077,3417,3254,12,3266,37
2020-09-11,Plumas,063,18699,48,42,0,42,0
2020-09-11,Riverside,065,2383286,56190,54717,86,54803,1099
2020-09-11,Sacramento,067,1510023,20687,20012,14,20026,358
2020-09-11,San Benito,069,59416,1251,1202,0,1202,7
2020-09-11,San Bernardino,071,2135413,51526,49682,289,49971,871
2020-09-11,San Diego,073,3302833,43867,41971,705,42676,730
2020-09-11,San Francisco,075,870044,10550,10133,22,10155,89
2020-09-11,San Joaquin,077,732212,19520,19019,42,19061,391
2020-09-11,San Luis Obispo,079,281455,3347,3190,15,3205,24
2020-09-11,San Mateo,081,765935,9495,8611,6,8617,127
2020-09-11,Santa Barbara,083,443738,9222,8592,60,8652,103
2020-09-11,Santa Clara,085,1922200,20296,19065,25,19090,234
2020-09-11,Santa Cruz,087,273765,2149,1997,21,2018,7
2020-09-11,Shasta,089,179085,703,568,3,571,10
2020-09-11,Sierra,091,2930,6,6,0,6,0
2020-09-11,Siskiyou,093,43540,150,139,9,148,0
2020-09-11,Solano,095,438530,5955,5742,41,5783,42
2020-09-11,Sonoma,097,501317,6843,6469,19,6488,91
2020-09-11,Stanislaus,099,539301,16025,15613,473,16086,253
2020-09-11,Sutter,101,95872,1579,1505,1,1506,11
2020-09-11,Tehama,103,63373,483,466,2,468,1
2020-09-11,Trinity,105,12862,28,16,4,20,0
2020-09-11,Tulare,107,460477,15467,14932,77,15009,251
2020-09-11,Tuolumne,109,53932,224,208,2,210,1
2020-09-11,Ventura,111,848112,12261,11700,121,11821,123
2020-09-11,Yolo,113,214977,2716,2632,6,2638,53
2020-09-11,Yuba,115,75493,1012,946,4,950,1
2020-09-10,Alameda,001,1643700,20223,19509,156,19665,292
2020-09-10,Alpine,003,1148,3,2,0,2,0
2020-09-10,Amador,005,37829,280,277,0,277,16
2020-09-10,Butte,007,227075,2756,2590,18,2608,37
2020-09-10,Calaveras,009,45235,300,244,0,244,1
2020-09-10,Colusa,011,21464,504,482,0,482,6
2020-09-10,Contra Costa,013,1133247,15852,14909,75,14984,172
2020-09-10,Del Norte,015,27424,125,112,0,112,1
2020-09-10,El Dorado,017,186661,1065,1020,0,1020,2
2020-09-10,Fresno,019,978130,29181,26783,327,27110,338
2020-09-10,Glenn,021,27897,535,511,0,511,3
2020-09-10,Humboldt,023,135768,464,422,1,423,4
2020-09-10,Imperial,025,180216,11526,10251,6,10257,270
2020-09-10,Inyo,027,18085,185,176,0,176,11
2020-09-10,Kern,029,883053,30943,29988,279,30267,363
2020-09-10,Kings,031,150075,7101,6739,36,6775,70
2020-09-10,Lake,033,64148,444,377,0,377,4
2020-09-10,Lassen,035,31185,730,716,2,718,0
2020-09-10,Los Angeles,037,10098052,254758,251003,1622,252625,6132
2020-09-10,Madera,039,155013,4252,3979,27,4006,43
2020-09-10,Marin,041,260295,6479,6344,15,6359,68
2020-09-10,Mariposa,043,17540,75,72,0,72,2
2020-09-10,Mendocino,045,87422,737,697,0,697,16
2020-09-10,Merced,047,269075,8584,8461,12,8473,109
2020-09-10,Modoc,049,8938,25,21,0,21,0
2020-09-10,Mono,051,14174,165,145,1,146,1
2020-09-10,Monterey,053,433212,9060,8570,21,8591,59
2020-09-10,Napa,055,140530,1596,1536,5,1541,11
2020-09-10,Nevada,057,99092,493,478,13,491,6
2020-09-10,Orange,059,3164182,52204,49617,1331,50948,1057
2020-09-10,Placer,061,380077,3398,3233,12,3245,37
2020-09-10,Plumas,063,18699,48,42,0,42,0
2020-09-10,Riverside,065,2383286,55872,54417,83,54500,1091
2020-09-10,Sacramento,067,1510023,20565,19618,12,19630,354
2020-09-10,San Benito,069,59416,1245,1201,0,1201,5
2020-09-10,San Bernardino,071,2135413,51337,49467,287,49754,867
2020-09-10,San Diego,073,3302833,43601,41610,678,42288,725
2020-09-10,San Francisco,075,870044,10473,10082,22,10104,89
2020-09-10,San Joaquin,077,732212,19467,18854,42,18896,389
2020-09-10,San Luis Obispo,079,281455,3334,3161,15,3176,24
2020-09-10,San Mateo,081,765935,9449,8529,6,8535,125
2020-09-10,Santa Barbara,083,443738,9178,8552,60,8612,100
2020-09-10,Santa Clara,085,1922200,20182,18870,25,18895,231
2020-09-10,Santa Cruz,087,273765,2134,1986,19,2005,7
2020-09-10,Shasta,089,179085,692,566,3,569,10
2020-09-10,Sierra,091,2930,6,6,0,6,0
2020-09-10,Siskiyou,093,43540,150,137,9,146,0
2020-09-10,Solano,095,438530,5915,5696,41,5737,42
2020-09-10,Sonoma,097,501317,6794,6424,19,6443,91
2020-09-10,Stanislaus,099,539301,15971,15509,468,15977,243
2020-09-10,Sutter,101,95872,1567,1494,1,1495,11
2020-09-10,Tehama,103,63373,476,466,2,468,1
2020-09-10,Trinity,105,12862,28,15,4,19,0
2020-09-10,Tulare,107,460477,15412,14860,74,14934,250
2020-09-10,Tuolumne,109,53932,223,205,2,207,1
2020-09-10,Ventura,111,848112,12168,11600,114,11714,122
2020-09-10,Yolo,113,214977,2711,2612,6,2618,53
2020-09-10,Yuba,115,75493,1006,941,4,945,1
2020-09-09,Alameda,001,1643700,20144,19399,155,19554,289
2020-09-09,Alpine,003,1148,3,2,0,2,0
2020-09-09,Amador,005,37829,279,276,0,276,16
2020-09-09,Butte,007,227075,2739,2561,18,2579,37
2020-09-09,Calaveras,009,45235,300,242,0,242,1
2020-09-09,Colusa,011,21464,499,479,0,479,6
2020-09-09,Contra Costa,013,1133247,15766,14816,75,14891,171
2020-09-09,Del Norte,015,27424,121,109,0,109,1
2020-09-09,El Dorado,017,186661,1064,1020,0,1020,2
2020-09-09,Fresno,019,978130,29078,26724,322,27046,329
2020-09-09,Glenn,021,27897,532,508,0,508,3
2020-09-09,Humboldt,023,135768,462,420,1,421,4
2020-09-09,Imperial,025,180216,11505,10233,6,10239,268
2020-09-09,Inyo,027,18085,184,173,0,173,2
2020-09-09,Kern,029,883053,30844,29925,276,30201,355
2020-09-09,Kings,031,150075,7083,6721,36,6757,72
2020-09-09,Lake,033,64148,436,371,0,371,4
2020-09-09,Lassen,035,31185,729,714,2,716,0
2020-09-09,Los Angeles,037,10098052,253874,249876,1603,251479,6091
2020-09-09,Madera,039,155013,4226,3926,27,3953,43
2020-09-09,Marin,041,260295,6460,6321,15,6336,68
2020-09-09,Mariposa,043,17540,74,72,0,72,2
2020-09-09,Mendocino,045,87422,729,695,0,695,16
2020-09-09,Merced,047,269075,8558,8441,12,8453,107
2020-09-09,Modoc,049,8938,24,20,0,20,0
2020-09-09,Mono,051,14174,165,145,1,146,1
2020-09-09,Monterey,053,433212,8988,8527,21,8548,59
2020-09-09,Napa,055,140530,1586,1531,5,1536,11
2020-09-09,Nevada,057,99092,489,476,13,489,6
2020-09-09,Orange,059,3164182,52025,49394,1323,50717,1054
2020-09-09,Placer,061,380077,3378,3222,12,3234,36
2020-09-09,Plumas,063,18699,46,42,0,42,0
2020-09-09,Riverside,065,2383286,55643,54320,80,54400,1081
2020-09-09,Sacramento,067,1510023,20459,19474,12,19486,347
2020-09-09,San Benito,069,59416,1241,1199,0,1199,5
2020-09-09,San Bernardino,071,2135413,51139,49264,286,49550,866
2020-09-09,San Diego,073,3302833,43312,41326,666,41992,721
2020-09-09,San Francisco,075,870044,10423,9996,21,10017,86
2020-09-09,San Joaquin,077,732212,19403,18799,41,18840,388
2020-09-09,San Luis Obispo,079,281455,3316,3131,15,3146,24
2020-09-09,San Mateo,081,765935,9388,8478,6,8484,125
2020-09-09,Santa Barbara,083,443738,9135,8528,60,8588,97
2020-09-09,Santa Clara,085,1922200,20050,18759,25,18784,228
2020-09-09,Santa Cruz,087,273765,2111,1967,19,1986,7
2020-09-09,Shasta,089,179085,680,562,3,565,10
2020-09-09,Sierra,091,2930,6,6,0,6,0
2020-09-09,Siskiyou,093,43540,148,137,9,146,0
2020-09-09,Solano,095,438530,5883,5680,41,5721,36
2020-09-09,Sonoma,097,501317,6727,6397,19,6416,92
2020-09-09,Stanislaus,099,539301,15933,15469,455,15924,243
2020-09-09,Sutter,101,95872,1559,1487,1,1488,11
2020-09-09,Tehama,103,63373,473,462,2,464,1
2020-09-09,Trinity,105,12862,28,14,4,18,0
2020-09-09,Tulare,107,460477,15363,14787,69,14856,249
2020-09-09,Tuolumne,109,53932,222,204,2,206,1
2020-09-09,Ventura,111,848112,12080,11497,111,11608,121
2020-09-09,Yolo,113,214977,2700,2604,6,2610,53
2020-09-09,Yuba,115,75493,1001,936,4,940,1
2020-09-08,Alameda,001,1643700,20036,19293,155,19448,288
2020-09-08,Alpine,003,1148,3,2,0,2,0
2020-09-08,Amador,005,37829,279,276,0,276,16
2020-09-08,Butte,007,227075,2721,2453,18,2471,36
2020-09-08,Calaveras,009,45235,298,233,0,233,1
2020-09-08,Colusa,011,21464,497,475,0,475,6
2020-09-08,Contra Costa,013,1133247,15638,14740,72,14812,171
2020-09-08,Del Norte,015,27424,121,109,0,109,2
2020-09-08,El Dorado,017,186661,1061,1011,0,1011,2
2020-09-08,Fresno,019,978130,28959,26640,318,26958,329
2020-09-08,Glenn,021,27897,528,492,0,492,3
2020-09-08,Humboldt,023,135768,460,420,1,421,4
2020-09-08,Imperial,025,180216,11489,10198,6,10204,267
2020-09-08,Inyo,027,18085,184,169,0,169,2
2020-09-08,Kern,029,883053,30758,29850,274,30124,351
2020-09-08,Kings,031,150075,7045,6658,36,6694,72
2020-09-08,Lake,033,64148,426,370,0,370,4
2020-09-08,Lassen,035,31185,729,710,2,712,0
2020-09-08,Los Angeles,037,10098052,252939,249217,1575,250792,6034
2020-09-08,Madera,039,155013,4202,3904,27,3931,43
2020-09-08,Marin,041,260295,6429,6313,15,6328,68
2020-09-08,Mariposa,043,17540,74,72,0,72,2
2020-09-08,Mendocino,045,87422,722,690,0,690,16
2020-09-08,Merced,047,269075,8535,8381,12,8393,104
2020-09-08,Modoc,049,8938,24,20,0,20,0
2020-09-08,Mono,051,14174,165,145,1,146,1
2020-09-08,Monterey,053,433212,8903,8491,21,8512,59
2020-09-08,Napa,055,140530,1582,1518,5,1523,11
2020-09-08,Nevada,057,99092,489,470,13,483,6
2020-09-08,Orange,059,3164182,51884,49214,1319,50533,1044
2020-09-08,Placer,061,380077,3364,3205,12,3217,36
2020-09-08,Plumas,063,18699,46,42,0,42,0
2020-09-08,Riverside,065,2383286,55431,54168,77,54245,1069
2020-09-08,Sacramento,067,1510023,20225,19411,12,19423,347
2020-09-08,San Benito,069,59416,1234,1188,0,1188,5
2020-09-08,San Bernardino,071,2135413,50950,49034,285,49319,856
2020-09-08,San Diego,073,3302833,42996,41079,654,41733,709
2020-09-08,San Francisco,075,870044,10350,9821,21,9842,86
2020-09-08,San Joaquin,077,732212,19325,18550,41,18591,388
2020-09-08,San Luis Obispo,079,281455,3302,3120,15,3135,23
2020-09-08,San Mateo,081,765935,9312,8460,6,8466,125
2020-09-08,Santa Barbara,083,443738,9101,8488,59,8547,96
2020-09-08,Santa Clara,085,1922200,19873,18645,25,18670,228
2020-09-08,Santa Cruz,087,273765,2083,1903,19,1922,7
2020-09-08,Shasta,089,179085,672,556,3,559,10
2020-09-08,Sierra,091,2930,6,6,0,6,0
2020-09-08,Siskiyou,093,43540,146,136,9,145,0
2020-09-08,Solano,095,438530,5846,5654,41,5695,36
2020-09-08,Sonoma,097,501317,6658,6356,19,6375,92
2020-09-08,Stanislaus,099,539301,15869,15415,443,15858,238
2020-09-08,Sutter,101,95872,1544,1473,1,1474,11
2020-09-08,Tehama,103,63373,469,458,2,460,1
2020-09-08,Trinity,105,12862,27,13,4,17,0
2020-09-08,Tulare,107,460477,15283,14635,68,14703,249
2020-09-08,Tuolumne,109,53932,221,197,2,199,1
2020-09-08,Ventura,111,848112,12012,11475,109,11584,118
2020-09-08,Yolo,113,214977,2690,2580,6,2586,53
2020-09-08,Yuba,115,75493,989,923,4,927,1
2020-09-07,Alameda,001,1643700,19915,19188,150,19338,281
2020-09-07,Alpine,003,1148,3,2,0,2,0
2020-09-07,Amador,005,37829,279,276,0,276,16
2020-09-07,Butte,007,227075,2688,2450,17,2467,30
2020-09-07,Calaveras,009,45235,288,234,0,234,1
2020-09-07,Colusa,011,21464,496,475,0,475,6
2020-09-07,Contra Costa,013,1133247,15525,14637,69,14706,172
2020-09-07,Del Norte,015,27424,121,109,0,109,2
2020-09-07,El Dorado,017,186661,1050,1011,0,1011,2
2020-09-07,Fresno,019,978130,28866,26565,314,26879,329
2020-09-07,Glenn,021,27897,523,488,0,488,3
2020-09-07,Humboldt,023,135768,451,416,1,417,4
2020-09-07,Imperial,025,180216,11458,10199,6,10205,267
2020-09-07,Inyo,027,18085,184,169,0,169,2
2020-09-07,Kern,029,883053,30637,29790,269,30059,348
2020-09-07,Kings,031,150075,6921,6630,36,6666,72
2020-09-07,Lake,033,64148,403,367,0,367,2
2020-09-07,Lassen,035,31185,729,709,2,711,0
2020-09-07,Los Angeles,037,10098052,251894,248804,1552,250356,6030
2020-09-07,Madera,039,155013,4171,3889,27,3916,43
2020-09-07,Marin,041,260295,6399,6296,15,6311,67
2020-09-07,Mariposa,043,17540,74,72,0,72,2
2020-09-07,Mendocino,045,87422,714,687,0,687,16
2020-09-07,Merced,047,269075,8488,8381,12,8393,104
2020-09-07,Modoc,049,8938,23,20,0,20,0
2020-09-07,Mono,051,14174,165,145,1,146,1
2020-09-07,Monterey,053,433212,8824,8463,21,8484,57
2020-09-07,Napa,055,140530,1570,1514,5,1519,11
2020-09-07,Nevada,057,99092,487,469,13,482,6
2020-09-07,Orange,059,3164182,51713,49132,1315,50447,1042
2020-09-07,Placer,061,380077,3333,3188,11,3199,36
2020-09-07,Plumas,063,18699,45,42,0,42,0
2020-09-07,Riverside,065,2383286,55156,54178,71,54249,1069
2020-09-07,Sacramento,067,1510023,19982,19292,12,19304,345
2020-09-07,San Benito,069,59416,1228,1180,0,1180,4
2020-09-07,San Bernardino,071,2135413,50726,49043,283,49326,821
2020-09-07,San Diego,073,3302833,42596,40868,627,41495,708
2020-09-07,San Francisco,075,870044,10300,9813,20,9833,85
2020-09-07,San Joaquin,077,732212,19244,18552,39,18591,386
2020-09-07,San Luis Obispo,079,281455,3265,3116,15,3131,23
2020-09-07,San Mateo,081,765935,9230,8409,6,8415,125
2020-09-07,Santa Barbara,083,443738,9059,8479,59,8538,95
2020-09-07,Santa Clara,085,1922200,19715,18596,24,18620,226
2020-09-07,Santa Cruz,087,273765,2055,1902,19,1921,7
2020-09-07,Shasta,089,179085,662,556,3,559,10
2020-09-07,Sierra,091,2930,6,6,0,6,0
2020-09-07,Siskiyou,093,43540,145,133,9,142,0
2020-09-07,Solano,095,438530,5781,5640,41,5681,36
2020-09-07,Sonoma,097,501317,6591,6268,19,6287,85
2020-09-07,Stanislaus,099,539301,15804,15343,430,15773,236
2020-09-07,Sutter,101,95872,1527,1468,1,1469,11
2020-09-07,Tehama,103,63373,466,453,2,455,1
2020-09-07,Trinity,105,12862,27,13,4,17,0
2020-09-07,Tulare,107,460477,15177,14637,66,14703,249
2020-09-07,Tuolumne,109,53932,220,196,2,198,1
2020-09-07,Ventura,111,848112,11919,11463,107,11570,118
2020-09-07,Yolo,113,214977,2673,2565,5,2570,53
2020-09-07,Yuba,115,75493,973,923,3,926,1
2020-09-06,Alameda,001,1643700,19857,19029,148,19177,281
2020-09-06,Alpine,003,1148,3,2,0,2,0
2020-09-06,Amador,005,37829,277,275,0,275,16
2020-09-06,Butte,007,227075,2679,2446,17,2463,30
2020-09-06,Calaveras,009,45235,288,235,0,235,1
2020-09-06,Colusa,011,21464,492,475,0,475,6
2020-09-06,Contra Costa,013,1133247,15445,14565,68,14633,171
2020-09-06,Del Norte,015,27424,121,109,0,109,2
2020-09-06,El Dorado,017,186661,1048,1008,0,1008,2
2020-09-06,Fresno,019,978130,28802,26471,312,26783,329
2020-09-06,Glenn,021,27897,517,474,0,474,3
2020-09-06,Humboldt,023,135768,448,404,1,405,4
2020-09-06,Imperial,025,180216,11441,10152,6,10158,267
2020-09-06,Inyo,027,18085,184,169,0,169,2
2020-09-06,Kern,029,883053,30582,29699,265,29964,348
2020-09-06,Kings,031,150075,6901,6561,35,6596,72
2020-09-06,Lake,033,64148,400,362,0,362,2
2020-09-06,Lassen,035,31185,729,709,2,711,0
2020-09-06,Los Angeles,037,10098052,251266,248316,1536,249852,6004
2020-09-06,Madera,039,155013,4127,3867,27,3894,42
2020-09-06,Marin,041,260295,6387,6276,15,6291,67
2020-09-06,Mariposa,043,17540,74,72,0,72,2
2020-09-06,Mendocino,045,87422,713,672,0,672,16
2020-09-06,Merced,047,269075,8468,8327,12,8339,104
2020-09-06,Modoc,049,8938,23,20,0,20,0
2020-09-06,Mono,051,14174,164,145,1,146,1
2020-09-06,Monterey,053,433212,8785,8403,20,8423,56
2020-09-06,Napa,055,140530,1566,1501,3,1504,11
2020-09-06,Nevada,057,99092,487,467,13,480,6
2020-09-06,Orange,059,3164182,51600,48931,1310,50241,1042
2020-09-06,Placer,061,380077,3316,3169,11,3180,36
2020-09-06,Plumas,063,18699,44,42,0,42,0
2020-09-06,Riverside,065,2383286,55040,53970,69,54039,1069
2020-09-06,Sacramento,067,1510023,19887,19128,12,19140,340
2020-09-06,San Benito,069,59416,1226,1178,0,1178,4
2020-09-06,San Bernardino,071,2135413,50617,48923,283,49206,823
2020-09-06,San Diego,073,3302833,42348,40652,621,41273,707
2020-09-06,San Francisco,075,870044,10226,9813,20,9833,85
2020-09-06,San Joaquin,077,732212,19195,18558,39,18597,386
2020-09-06,San Luis Obispo,079,281455,3254,3101,15,3116,23
2020-09-06,San Mateo,081,765935,9177,8387,6,8393,125
2020-09-06,Santa Barbara,083,443738,9030,8434,59,8493,95
2020-09-06,Santa Clara,085,1922200,19614,18495,24,18519,207
2020-09-06,Santa Cruz,087,273765,2048,1902,19,1921,7
2020-09-06,Shasta,089,179085,656,550,3,553,10
2020-09-06,Sierra,091,2930,6,6,0,6,0
2020-09-06,Siskiyou,093,43540,145,132,9,141,0
2020-09-06,Solano,095,438530,5755,5619,41,5660,37
2020-09-06,Sonoma,097,501317,6562,6212,19,6231,85
2020-09-06,Stanislaus,099,539301,15761,15288,425,15713,236
2020-09-06,Sutter,101,95872,1514,1451,1,1452,11
2020-09-06,Tehama,103,63373,465,455,2,457,1
2020-09-06,Trinity,105,12862,26,13,4,17,0
2020-09-06,Tulare,107,460477,15134,14636,65,14701,249
2020-09-06,Tuolumne,109,53932,217,194,2,196,1
2020-09-06,Ventura,111,848112,11877,11315,106,11421,118
2020-09-06,Yolo,113,214977,2660,2556,5,2561,53
2020-09-06,Yuba,115,75493,965,913,3,916,1
2020-09-05,Alameda,001,1643700,19810,18973,146,19119,279
2020-09-05,Alpine,003,1148,3,2,0,2,0
2020-09-05,Amador,005,37829,277,274,0,274,16
2020-09-05,Butte,007,227075,2663,2406,16,2422,30
2020-09-05,Calaveras,009,45235,288,237,0,237,1
2020-09-05,Colusa,011,21464,488,472,0,472,6
2020-09-05,Contra Costa,013,1133247,15369,14456,66,14522,173
2020-09-05,Del Norte,015,27424,121,109,0,109,2
2020-09-05,El Dorado,017,186661,1048,1007,0,1007,2
2020-09-05,Fresno,019,978130,28734,26325,312,26637,331
2020-09-05,Glenn,021,27897,516,474,0,474,3
2020-09-05,Humboldt,023,135768,446,402,1,403,4
2020-09-05,Imperial,025,180216,11424,10151,6,10157,268
2020-09-05,Inyo,027,18085,184,169,0,169,2
2020-09-05,Kern,029,883053,30522,29645,261,29906,347
2020-09-05,Kings,031,150075,6892,6518,35,6553,66
2020-09-05,Lake,033,64148,397,359,0,359,2
2020-09-05,Lassen,035,31185,729,709,2,711,0
2020-09-05,Los Angeles,037,10098052,250732,247572,1523,249095,6001
2020-09-05,Madera,039,155013,4086,3851,27,3878,42
2020-09-05,Marin,041,260295,6380,6259,15,6274,66
2020-09-05,Mariposa,043,17540,74,72,0,72,2
2020-09-05,Mendocino,045,87422,712,658,0,658,16
2020-09-05,Merced,047,269075,8436,8297,10,8307,104
2020-09-05,Modoc,049,8938,23,19,0,19,0
2020-09-05,Mono,051,14174,164,145,1,146,1
2020-09-05,Monterey,053,433212,8755,8301,20,8321,56
2020-09-05,Napa,055,140530,1560,1484,3,1487,11
2020-09-05,Nevada,057,99092,484,461,13,474,6
2020-09-05,Orange,059,3164182,51498,48726,1305,50031,1039
2020-09-05,Placer,061,380077,3306,3141,11,3152,35
2020-09-05,Plumas,063,18699,44,42,0,42,0
2020-09-05,Riverside,065,2383286,54934,53780,69,53849,1066
2020-09-05,Sacramento,067,1510023,19797,18955,12,18967,339
2020-09-05,San Benito,069,59416,1224,1153,0,1153,4
2020-09-05,San Bernardino,071,2135413,50542,48800,282,49082,825
2020-09-05,San Diego,073,3302833,42156,40344,609,40953,717
2020-09-05,San Francisco,075,870044,10193,9812,19,9831,85
2020-09-05,San Joaquin,077,732212,19167,18557,39,18596,386
2020-09-05,San Luis Obispo,079,281455,3244,3083,15,3098,23
2020-09-05,San Mateo,081,765935,9132,8352,6,8358,124
2020-09-05,Santa Barbara,083,443738,9013,8404,59,8463,96
2020-09-05,Santa Clara,085,1922200,19529,18311,24,18335,207
2020-09-05,Santa Cruz,087,273765,2040,1904,19,1923,7
2020-09-05,Shasta,089,179085,655,544,3,547,10
2020-09-05,Sierra,091,2930,6,6,0,6,0
2020-09-05,Siskiyou,093,43540,144,131,9,140,0
2020-09-05,Solano,095,438530,5743,5579,41,5620,37
2020-09-05,Sonoma,097,501317,6529,6149,19,6168,85
2020-09-05,Stanislaus,099,539301,15713,15198,421,15619,236
2020-09-05,Sutter,101,95872,1507,1445,1,1446,11
2020-09-05,Tehama,103,63373,464,447,2,449,1
2020-09-05,Trinity,105,12862,26,13,4,17,0
2020-09-05,Tulare,107,460477,15078,14576,63,14639,249
2020-09-05,Tuolumne,109,53932,217,194,2,196,1
2020-09-05,Ventura,111,848112,11835,11254,106,11360,118
2020-09-05,Yolo,113,214977,2650,2534,5,2539,53
2020-09-05,Yuba,115,75493,959,902,3,905,1
2020-09-04,Alameda,001,1643700,19742,18843,144,18987,276
2020-09-04,Alpine,003,1148,3,2,0,2,0
2020-09-04,Amador,005,37829,276,274,0,274,16
2020-09-04,Butte,007,227075,2640,2325,16,2341,28
2020-09-04,Calaveras,009,45235,286,237,0,237,1
2020-09-04,Colusa,011,21464,486,467,0,467,6
2020-09-04,Contra Costa,013,1133247,15289,14355,65,14420,164
2020-09-04,Del Norte,015,27424,121,109,0,109,2
2020-09-04,El Dorado,017,186661,1044,992,0,992,2
2020-09-04,Fresno,019,978130,28629,26147,311,26458,321
2020-09-04,Glenn,021,27897,508,463,0,463,3
2020-09-04,Humboldt,023,135768,441,390,1,391,4
2020-09-04,Imperial,025,180216,11415,10136,6,10142,267
2020-09-04,Inyo,027,18085,184,169,0,169,2
2020-09-04,Kern,029,883053,30454,29526,258,29784,345
2020-09-04,Kings,031,150075,6879,6259,35,6294,66
2020-09-04,Lake,033,64148,397,347,0,347,2
2020-09-04,Lassen,035,31185,729,708,2,710,0
2020-09-04,Los Angeles,037,10098052,250161,246396,1502,247898,5977
2020-09-04,Madera,039,155013,4073,3838,27,3865,42
2020-09-04,Marin,041,260295,6368,6251,15,6266,66
2020-09-04,Mariposa,043,17540,74,72,0,72,2
2020-09-04,Mendocino,045,87422,710,646,0,646,16
2020-09-04,Merced,047,269075,8416,8214,10,8224,104
2020-09-04,Modoc,049,8938,23,15,0,15,0
2020-09-04,Mono,051,14174,164,145,1,146,1
2020-09-04,Monterey,053,433212,8710,8208,20,8228,56
2020-09-04,Napa,055,140530,1551,1475,3,1478,11
2020-09-04,Nevada,057,99092,481,455,13,468,6
2020-09-04,Orange,059,3164182,51374,48488,1298,49786,1031
2020-09-04,Placer,061,380077,3294,3101,11,3112,35
2020-09-04,Plumas,063,18699,44,42,0,42,0
2020-09-04,Riverside,065,2383286,54821,53606,64,53670,1066
2020-09-04,Sacramento,067,1510023,19709,18765,12,18777,337
2020-09-04,San Benito,069,59416,1215,1137,0,1137,4
2020-09-04,San Bernardino,071,2135413,50450,48497,280,48777,800
2020-09-04,San Diego,073,3302833,41926,39901,600,40501,701
2020-09-04,San Francisco,075,870044,10153,9694,18,9712,85
2020-09-04,San Joaquin,077,732212,19113,18438,39,18477,376
2020-09-04,San Luis Obispo,079,281455,3229,3049,14,3063,21
2020-09-04,San Mateo,081,765935,9088,8275,6,8281,122
2020-09-04,Santa Barbara,083,443738,8982,8340,59,8399,96
2020-09-04,Santa Clara,085,1922200,19421,18074,24,18098,209
2020-09-04,Santa Cruz,087,273765,2023,1896,18,1914,7
2020-09-04,Shasta,089,179085,652,536,3,539,10
2020-09-04,Sierra,091,2930,6,6,0,6,0
2020-09-04,Siskiyou,093,43540,144,129,9,138,0
2020-09-04,Solano,095,438530,5730,5552,41,5593,37
2020-09-04,Sonoma,097,501317,6464,6050,19,6069,85
2020-09-04,Stanislaus,099,539301,15678,15074,412,15486,233
2020-09-04,Sutter,101,95872,1491,1425,1,1426,11
2020-09-04,Tehama,103,63373,460,442,2,444,1
2020-09-04,Trinity,105,12862,26,13,4,17,0
2020-09-04,Tulare,107,460477,15050,14501,59,14560,247
2020-09-04,Tuolumne,109,53932,217,193,2,195,1
2020-09-04,Ventura,111,848112,11793,11171,106,11277,114
2020-09-04,Yolo,113,214977,2636,2495,5,2500,53
2020-09-04,Yuba,115,75493,954,884,3,887,1
2020-09-03,Alameda,001,1643700,19639,18687,144,18831,275
2020-09-03,Alpine,003,1148,3,2,0,2,0
2020-09-03,Amador,005,37829,276,274,0,274,16
2020-09-03,Butte,007,227075,2595,2274,16,2290,27
2020-09-03,Calaveras,009,45235,285,238,0,238,1
2020-09-03,Colusa,011,21464,484,464,0,464,6
2020-09-03,Contra Costa,013,1133247,15182,14206,62,14268,159
2020-09-03,Del Norte,015,27424,118,109,0,109,2
2020-09-03,El Dorado,017,186661,1040,983,0,983,2
2020-09-03,Fresno,019,978130,28511,25978,305,26283,313
2020-09-03,Glenn,021,27897,504,460,0,460,3
2020-09-03,Humboldt,023,135768,436,390,1,391,4
2020-09-03,Imperial,025,180216,11395,10083,6,10089,255
2020-09-03,Inyo,027,18085,182,171,0,171,3
2020-09-03,Kern,029,883053,30362,29426,243,29669,340
2020-09-03,Kings,031,150075,6799,6200,35,6235,64
2020-09-03,Lake,033,64148,388,347,0,347,2
2020-09-03,Lassen,035,31185,729,707,2,709,0
2020-09-03,Los Angeles,037,10098052,249285,245026,1480,246506,5931
2020-09-03,Madera,039,155013,4054,3780,27,3807,43
2020-09-03,Marin,041,260295,6349,6175,15,6190,66
2020-09-03,Mariposa,043,17540,74,71,0,71,2
2020-09-03,Mendocino,045,87422,701,638,0,638,16
2020-09-03,Merced,047,269075,8374,8136,10,8146,105
2020-09-03,Modoc,049,8938,23,14,0,14,0
2020-09-03,Mono,051,14174,163,144,1,145,1
2020-09-03,Monterey,053,433212,8656,8128,20,8148,56
2020-09-03,Napa,055,140530,1544,1466,3,1469,10
2020-09-03,Nevada,057,99092,478,453,13,466,6
2020-09-03,Orange,059,3164182,51187,48226,1282,49508,1009
2020-09-03,Placer,061,380077,3276,3069,11,3080,34
2020-09-03,Plumas,063,18699,44,39,0,39,0
2020-09-03,Riverside,065,2383286,54641,53341,60,53401,1052
2020-09-03,Sacramento,067,1510023,19581,18553,11,18564,328
2020-09-03,San Benito,069,59416,1204,1121,0,1121,4
2020-09-03,San Bernardino,071,2135413,50285,48165,278,48443,800
2020-09-03,San Diego,073,3302833,41612,39448,584,40032,700
2020-09-03,San Francisco,075,870044,10087,9636,16,9652,84
2020-09-03,San Joaquin,077,732212,19036,18331,39,18370,371
2020-09-03,San Luis Obispo,079,281455,3212,3023,14,3037,21
2020-09-03,San Mateo,081,765935,9014,8211,6,8217,122
2020-09-03,Santa Barbara,083,443738,8935,8277,59,8336,96
2020-09-03,Santa Clara,085,1922200,19242,17879,24,17903,208
2020-09-03,Santa Cruz,087,273765,2008,1870,18,1888,7
2020-09-03,Shasta,089,179085,647,535,3,538,10
2020-09-03,Sierra,091,2930,6,6,0,6,0
2020-09-03,Siskiyou,093,43540,144,128,9,137,0
2020-09-03,Solano,095,438530,5710,5499,40,5539,36
2020-09-03,Sonoma,097,501317,6402,5997,19,6016,62
2020-09-03,Stanislaus,099,539301,15626,14985,408,15393,217
2020-09-03,Sutter,101,95872,1481,1412,1,1413,11
2020-09-03,Tehama,103,63373,456,436,2,438,1
2020-09-03,Trinity,105,12862,25,13,4,17,0
2020-09-03,Tulare,107,460477,14984,14408,58,14466,244
2020-09-03,Tuolumne,109,53932,217,193,2,195,1
2020-09-03,Ventura,111,848112,11676,11109,103,11212,112
2020-09-03,Yolo,113,214977,2620,2475,5,2480,53
2020-09-03,Yuba,115,75493,947,867,3,870,1
2020-09-02,Alameda,001,1643700,19519,18522,141,18663,260
2020-09-02,Alpine,003,1148,3,2,0,2,0
2020-09-02,Amador,005,37829,276,245,0,245,14
2020-09-02,Butte,007,227075,2549,2241,16,2257,27
2020-09-02,Calaveras,009,45235,284,235,0,235,1
2020-09-02,Colusa,011,21464,480,460,0,460,6
2020-09-02,Contra Costa,013,1133247,15094,14097,59,14156,159
2020-09-02,Del Norte,015,27424,117,109,0,109,2
2020-09-02,El Dorado,017,186661,1036,975,0,975,2
2020-09-02,Fresno,019,978130,28364,25785,302,26087,292
2020-09-02,Glenn,021,27897,499,457,0,457,3
2020-09-02,Humboldt,023,135768,433,381,1,382,4
2020-09-02,Imperial,025,180216,11379,9832,6,9838,255
2020-09-02,Inyo,027,18085,182,171,0,171,3
2020-09-02,Kern,029,883053,30270,29288,237,29525,335
2020-09-02,Kings,031,150075,6714,6142,35,6177,64
2020-09-02,Lake,033,64148,384,342,0,342,2
2020-09-02,Lassen,035,31185,727,706,2,708,0
2020-09-02,Los Angeles,037,10098052,248343,243999,1453,245452,5887
2020-09-02,Madera,039,155013,4034,3735,27,3762,41
2020-09-02,Marin,041,260295,6334,6131,15,6146,66
2020-09-02,Mariposa,043,17540,74,71,0,71,2
2020-09-02,Mendocino,045,87422,691,636,0,636,15
2020-09-02,Merced,047,269075,8343,8097,9,8106,103
2020-09-02,Modoc,049,8938,22,11,0,11,0
2020-09-02,Mono,051,14174,163,145,1,146,1
2020-09-02,Monterey,053,433212,8592,8070,20,8090,56
2020-09-02,Napa,055,140530,1532,1454,3,1457,10
2020-09-02,Nevada,057,99092,472,452,12,464,6
2020-09-02,Orange,059,3164182,51005,47871,1272,49143,994
2020-09-02,Placer,061,380077,3251,3047,10,3057,33
2020-09-02,Plumas,063,18699,44,39,0,39,0
2020-09-02,Riverside,065,2383286,54439,52923,57,52980,1032
2020-09-02,Sacramento,067,1510023,19348,18355,11,18366,316
2020-09-02,San Benito,069,59416,1191,1107,0,1107,4
2020-09-02,San Bernardino,071,2135413,50122,47766,275,48041,794
2020-09-02,San Diego,073,3302833,41292,39123,570,39693,695
2020-09-02,San Francisco,075,870044,10018,9587,16,9603,84
2020-09-02,San Joaquin,077,732212,18955,18194,38,18232,352
2020-09-02,San Luis Obispo,079,281455,3186,3002,13,3015,21
2020-09-02,San Mateo,081,765935,8957,8148,6,8154,122
2020-09-02,Santa Barbara,083,443738,8880,8206,58,8264,94
2020-09-02,Santa Clara,085,1922200,19089,17673,24,17697,206
2020-09-02,Santa Cruz,087,273765,1985,1850,18,1868,7
2020-09-02,Shasta,089,179085,646,531,3,534,10
2020-09-02,Sierra,091,2930,6,6,0,6,0
2020-09-02,Siskiyou,093,43540,143,127,9,136,0
2020-09-02,Solano,095,438530,5682,5463,40,5503,36
2020-09-02,Sonoma,097,501317,6340,5846,19,5865,62
2020-09-02,Stanislaus,099,539301,15556,14854,401,15255,220
2020-09-02,Sutter,101,95872,1466,1401,1,1402,10
2020-09-02,Tehama,103,63373,453,429,2,431,1
2020-09-02,Trinity,105,12862,25,13,4,17,0
2020-09-02,Tulare,107,460477,14917,14298,57,14355,244
2020-09-02,Tuolumne,109,53932,217,190,2,192,1
2020-09-02,Ventura,111,848112,11588,11031,102,11133,111
2020-09-02,Yolo,113,214977,2599,2449,5,2454,54
2020-09-02,Yuba,115,75493,940,856,3,859,1
2020-09-01,Alameda,001,1643700,19379,18382,138,18520,248
2020-09-01,Alpine,003,1148,3,2,0,2,0
2020-09-01,Amador,005,37829,275,244,0,244,13
2020-09-01,Butte,007,227075,2492,2146,16,2162,26
2020-09-01,Calaveras,009,45235,276,228,0,228,1
2020-09-01,Colusa,011,21464,476,454,0,454,6
2020-09-01,Contra Costa,013,1133247,15000,13998,57,14055,158
2020-09-01,Del Norte,015,27424,116,108,0,108,2
2020-09-01,El Dorado,017,186661,1028,972,0,972,2
2020-09-01,Fresno,019,978130,28220,25542,298,25840,290
2020-09-01,Glenn,021,27897,492,449,0,449,3
2020-09-01,Humboldt,023,135768,427,378,1,379,4
2020-09-01,Imperial,025,180216,11353,9782,6,9788,250
2020-09-01,Inyo,027,18085,182,171,0,171,3
2020-09-01,Kern,029,883053,30180,29162,232,29394,332
2020-09-01,Kings,031,150075,6683,6088,35,6123,62
2020-09-01,Lake,033,64148,381,341,0,341,2
2020-09-01,Lassen,035,31185,724,706,2,708,0
2020-09-01,Los Angeles,037,10098052,247238,242633,1426,244059,5832
2020-09-01,Madera,039,155013,4005,3703,26,3729,41
2020-09-01,Marin,041,260295,6319,6102,15,6117,67
2020-09-01,Mariposa,043,17540,73,72,0,72,2
2020-09-01,Mendocino,045,87422,676,626,0,626,15
2020-09-01,Merced,047,269075,8290,8046,8,8054,103
2020-09-01,Modoc,049,8938,20,10,0,10,0
2020-09-01,Mono,051,14174,163,145,1,146,1
2020-09-01,Monterey,053,433212,8484,7926,20,7946,56
2020-09-01,Napa,055,140530,1517,1446,3,1449,10
2020-09-01,Nevada,057,99092,466,450,12,462,6
2020-09-01,Orange,059,3164182,50839,47671,1253,48924,976
2020-09-01,Placer,061,380077,3229,3013,10,3023,33
2020-09-01,Plumas,063,18699,44,39,0,39,0
2020-09-01,Riverside,065,2383286,54220,52785,56,52841,1027
2020-09-01,Sacramento,067,1510023,19165,18217,10,18227,305
2020-09-01,San Benito,069,59416,1179,1089,0,1089,4
2020-09-01,San Bernardino,071,2135413,49915,47371,274,47645,786
2020-09-01,San Diego,073,3302833,40934,38873,532,39405,688
2020-09-01,San Francisco,075,870044,9949,9492,16,9508,83
2020-09-01,San Joaquin,077,732212,18873,17915,37,17952,341
2020-09-01,San Luis Obispo,079,281455,3160,2970,13,2983,21
2020-09-01,San Mateo,081,765935,8877,8132,6,8138,122
2020-09-01,Santa Barbara,083,443738,8830,8142,57,8199,93
2020-09-01,Santa Clara,085,1922200,18912,17319,24,17343,204
2020-09-01,Santa Cruz,087,273765,1961,1752,18,1770,7
2020-09-01,Shasta,089,179085,638,527,3,530,9
2020-09-01,Sierra,091,2930,6,6,0,6,0
2020-09-01,Siskiyou,093,43540,140,128,8,136,0
2020-09-01,Solano,095,438530,5656,5438,40,5478,34
2020-09-01,Sonoma,097,501317,6250,5733,19,5752,60
2020-09-01,Stanislaus,099,539301,15481,14784,391,15175,212
2020-09-01,Sutter,101,95872,1455,1389,1,1390,10
2020-09-01,Tehama,103,63373,449,422,2,424,1
2020-09-01,Trinity,105,12862,25,13,4,17,0
2020-09-01,Tulare,107,460477,14835,14156,57,14213,241
2020-09-01,Tuolumne,109,53932,211,183,2,185,1
2020-09-01,Ventura,111,848112,11514,10899,96,10995,108
2020-09-01,Yolo,113,214977,2582,2440,5,2445,51
2020-09-01,Yuba,115,75493,931,841,3,844,1
2020-08-31,Alameda,001,1643700,19235,18148,138,18286,248
2020-08-31,Alpine,003,1148,3,2,0,2,0
2020-08-31,Amador,005,37829,275,243,0,243,13
2020-08-31,Butte,007,227075,2428,2069,16,2085,26
2020-08-31,Calaveras,009,45235,271,212,0,212,1
2020-08-31,Colusa,011,21464,475,443,0,443,6
2020-08-31,Contra Costa,013,1133247,14873,13902,54,13956,153
2020-08-31,Del Norte,015,27424,116,108,0,108,2
2020-08-31,El Dorado,017,186661,1021,965,0,965,2
2020-08-31,Fresno,019,978130,28000,25185,292,25477,290
2020-08-31,Glenn,021,27897,480,437,0,437,3
2020-08-31,Humboldt,023,135768,425,374,1,375,4
2020-08-31,Imperial,025,180216,11322,9759,6,9765,250
2020-08-31,Inyo,027,18085,181,160,0,160,3
2020-08-31,Kern,029,883053,30082,29067,231,29298,318
2020-08-31,Kings,031,150075,6415,6037,35,6072,62
2020-08-31,Lake,033,64148,365,341,0,341,2
2020-08-31,Lassen,035,31185,721,706,2,708,0
2020-08-31,Los Angeles,037,10098052,246126,241793,1398,243191,5787
2020-08-31,Madera,039,155013,3982,3662,25,3687,35
2020-08-31,Marin,041,260295,6283,6074,15,6089,67
2020-08-31,Mariposa,043,17540,73,69,0,69,2
2020-08-31,Mendocino,045,87422,664,618,0,618,15
2020-08-31,Merced,047,269075,8228,7991,8,7999,79
2020-08-31,Modoc,049,8938,18,10,0,10,0
2020-08-31,Mono,051,14174,163,145,1,146,1
2020-08-31,Monterey,053,433212,8377,7839,20,7859,56
2020-08-31,Napa,055,140530,1509,1434,3,1437,10
2020-08-31,Nevada,057,99092,464,447,12,459,6
2020-08-31,Orange,059,3164182,50641,47392,1224,48616,965
2020-08-31,Placer,061,380077,3178,2989,10,2999,33
2020-08-31,Plumas,063,18699,43,39,0,39,0
2020-08-31,Riverside,065,2383286,54000,52508,54,52562,1020
2020-08-31,Sacramento,067,1510023,18930,17999,10,18009,303
2020-08-31,San Benito,069,59416,1163,1080,0,1080,4
2020-08-31,San Bernardino,071,2135413,49705,47370,273,47643,755
2020-08-31,San Diego,073,3302833,40567,38606,499,39105,682
2020-08-31,San Francisco,075,870044,9870,9293,13,9306,83
2020-08-31,San Joaquin,077,732212,18786,17807,36,17843,338
2020-08-31,San Luis Obispo,079,281455,3137,2951,12,2963,21
2020-08-31,San Mateo,081,765935,8807,8065,6,8071,122
2020-08-31,Santa Barbara,083,443738,8783,8124,57,8181,94
2020-08-31,Santa Clara,085,1922200,18723,17211,24,17235,202
2020-08-31,Santa Cruz,087,273765,1936,1742,18,1760,7
2020-08-31,Shasta,089,179085,633,528,3,531,9
2020-08-31,Sierra,091,2930,6,6,0,6,0
2020-08-31,Siskiyou,093,43540,139,127,8,135,0
2020-08-31,Solano,095,438530,5624,5302,39,5341,34
2020-08-31,Sonoma,097,501317,6175,5650,19,5669,60
2020-08-31,Stanislaus,099,539301,15408,14685,381,15066,213
2020-08-31,Sutter,101,95872,1440,1365,1,1366,10
2020-08-31,Tehama,103,63373,446,421,2,423,1
2020-08-31,Trinity,105,12862,25,13,4,17,0
2020-08-31,Tulare,107,460477,14748,13985,56,14041,237
2020-08-31,Tuolumne,109,53932,211,178,2,180,1
2020-08-31,Ventura,111,848112,11431,10866,95,10961,108
2020-08-31,Yolo,113,214977,2564,2423,5,2428,51
2020-08-31,Yuba,115,75493,917,830,3,833,1
2020-08-30,Alameda,001,1643700,19111,18099,135,18234,248
2020-08-30,Alpine,003,1148,3,2,0,2,0
2020-08-30,Amador,005,37829,274,240,0,240,13
2020-08-30,Butte,007,227075,2348,1988,16,2004,26
2020-08-30,Calaveras,009,45235,262,211,0,211,1
2020-08-30,Colusa,011,21464,474,440,0,440,6
2020-08-30,Contra Costa,013,1133247,14734,13780,54,13834,150
2020-08-30,Del Norte,015,27424,115,108,0,108,2
2020-08-30,El Dorado,017,186661,1011,962,0,962,2
2020-08-30,Fresno,019,978130,27875,24963,291,25254,291
2020-08-30,Glenn,021,27897,473,437,0,437,3
2020-08-30,Humboldt,023,135768,414,362,1,363,4
2020-08-30,Imperial,025,180216,11303,9703,6,9709,250
2020-08-30,Inyo,027,18085,181,160,0,160,3
2020-08-30,Kern,029,883053,29989,28987,231,29218,317
2020-08-30,Kings,031,150075,6369,6000,35,6035,62
2020-08-30,Lake,033,64148,360,334,0,334,2
2020-08-30,Lassen,035,31185,719,706,2,708,0
2020-08-30,Los Angeles,037,10098052,244973,240775,1364,242139,5772
2020-08-30,Madera,039,155013,3953,3626,25,3651,33
2020-08-30,Marin,041,260295,6253,6060,15,6075,66
2020-08-30,Mariposa,043,17540,73,69,0,69,2
2020-08-30,Mendocino,045,87422,658,611,0,611,13
2020-08-30,Merced,047,269075,8153,7960,8,7968,79
2020-08-30,Modoc,049,8938,13,10,0,10,0
2020-08-30,Mono,051,14174,163,145,1,146,1
2020-08-30,Monterey,053,433212,8294,7816,20,7836,54
2020-08-30,Napa,055,140530,1497,1423,3,1426,10
2020-08-30,Nevada,057,99092,461,445,12,457,6
2020-08-30,Orange,059,3164182,50447,47283,1208,48491,965
2020-08-30,Placer,061,380077,3145,2961,10,2971,32
2020-08-30,Plumas,063,18699,42,39,0,39,0
2020-08-30,Riverside,065,2383286,53821,52227,52,52279,1017
2020-08-30,Sacramento,067,1510023,18752,17751,10,17761,300
2020-08-30,San Benito,069,59416,1153,1071,0,1071,4
2020-08-30,San Bernardino,071,2135413,49449,47201,272,47473,755
2020-08-30,San Diego,073,3302833,40169,38302,478,38780,682
2020-08-30,San Francisco,075,870044,9772,9294,10,9304,83
2020-08-30,San Joaquin,077,732212,18669,17637,35,17672,338
2020-08-30,San Luis Obispo,079,281455,3112,2934,12,2946,21
2020-08-30,San Mateo,081,765935,8730,8013,5,8018,122
2020-08-30,Santa Barbara,083,443738,8723,8088,57,8145,93
2020-08-30,Santa Clara,085,1922200,18547,17045,24,17069,202
2020-08-30,Santa Cruz,087,273765,1910,1743,18,1761,7
2020-08-30,Shasta,089,179085,630,525,3,528,9
2020-08-30,Sierra,091,2930,6,6,0,6,0
2020-08-30,Siskiyou,093,43540,137,125,8,133,0
2020-08-30,Solano,095,438530,5580,5303,39,5342,34
2020-08-30,Sonoma,097,501317,6117,5590,19,5609,60
2020-08-30,Stanislaus,099,539301,15337,14580,372,14952,209
2020-08-30,Sutter,101,95872,1418,1351,1,1352,10
2020-08-30,Tehama,103,63373,437,419,2,421,1
2020-08-30,Trinity,105,12862,25,13,4,17,0
2020-08-30,Tulare,107,460477,14653,13985,55,14040,236
2020-08-30,Tuolumne,109,53932,207,178,2,180,1
2020-08-30,Ventura,111,848112,11319,10775,90,10865,108
2020-08-30,Yolo,113,214977,2536,2391,4,2395,51
2020-08-30,Yuba,115,75493,903,832,3,835,1
2020-08-29,Alameda,001,1643700,19044,17888,135,18023,250
2020-08-29,Alpine,003,1148,3,2,0,2,0
2020-08-29,Amador,005,37829,274,239,0,239,13
2020-08-29,Butte,007,227075,2317,1948,16,1964,26
2020-08-29,Calaveras,009,45235,258,211,0,211,1
2020-08-29,Colusa,011,21464,471,440,0,440,6
2020-08-29,Contra Costa,013,1133247,14661,13663,53,13716,159
2020-08-29,Del Norte,015,27424,115,108,0,108,1
2020-08-29,El Dorado,017,186661,1008,958,0,958,2
2020-08-29,Fresno,019,978130,27820,24821,291,25112,291
2020-08-29,Glenn,021,27897,467,437,0,437,3
2020-08-29,Humboldt,023,135768,411,363,1,364,4
2020-08-29,Imperial,025,180216,11288,9698,6,9704,250
2020-08-29,Inyo,027,18085,181,160,0,160,3
2020-08-29,Kern,029,883053,29948,28947,230,29177,317
2020-08-29,Kings,031,150075,6354,5906,35,5941,62
2020-08-29,Lake,033,64148,359,329,0,329,2
2020-08-29,Lassen,035,31185,719,706,2,708,0
2020-08-29,Los Angeles,037,10098052,244321,239815,1351,241166,5762
2020-08-29,Madera,039,155013,3944,3605,24,3629,33
2020-08-29,Marin,041,260295,6241,6007,15,6022,64
2020-08-29,Mariposa,043,17540,73,69,0,69,2
2020-08-29,Mendocino,045,87422,653,596,0,596,13
2020-08-29,Merced,047,269075,8123,7867,8,7875,79
2020-08-29,Modoc,049,8938,13,9,0,9,0
2020-08-29,Mono,051,14174,163,145,1,146,1
2020-08-29,Monterey,053,433212,8249,7680,20,7700,53
2020-08-29,Napa,055,140530,1494,1413,3,1416,10
2020-08-29,Nevada,057,99092,461,442,12,454,5
2020-08-29,Orange,059,3164182,50341,47007,1197,48204,960
2020-08-29,Placer,061,380077,3129,2935,10,2945,32
2020-08-29,Plumas,063,18699,41,39,0,39,0
2020-08-29,Riverside,065,2383286,53710,51918,50,51968,1016
2020-08-29,Sacramento,067,1510023,18680,17588,10,17598,291
2020-08-29,San Benito,069,59416,1144,1045,0,1045,4
2020-08-29,San Bernardino,071,2135413,49335,46849,272,47121,755
2020-08-29,San Diego,073,3302833,39903,38049,460,38509,694
2020-08-29,San Francisco,075,870044,9744,9291,9,9300,83
2020-08-29,San Joaquin,077,732212,18625,17493,35,17528,335
2020-08-29,San Luis Obispo,079,281455,3088,2917,12,2929,21
2020-08-29,San Mateo,081,765935,8688,7928,5,7933,122
2020-08-29,Santa Barbara,083,443738,8697,8052,56,8108,93
2020-08-29,Santa Clara,085,1922200,18451,16898,23,16921,202
2020-08-29,Santa Cruz,087,273765,1898,1746,18,1764,7
2020-08-29,Shasta,089,179085,622,522,3,525,9
2020-08-29,Sierra,091,2930,6,6,0,6,0
2020-08-29,Siskiyou,093,43540,137,121,8,129,0
2020-08-29,Solano,095,438530,5559,5303,39,5342,34
2020-08-29,Sonoma,097,501317,6083,5537,19,5556,60
2020-08-29,Stanislaus,099,539301,15288,14479,362,14841,208
2020-08-29,Sutter,101,95872,1413,1333,1,1334,9
2020-08-29,Tehama,103,63373,436,417,2,419,1
2020-08-29,Trinity,105,12862,25,11,4,15,0
2020-08-29,Tulare,107,460477,14615,13890,54,13944,236
2020-08-29,Tuolumne,109,53932,207,178,2,180,1
2020-08-29,Ventura,111,848112,11279,10705,90,10795,108
2020-08-29,Yolo,113,214977,2518,2357,4,2361,51
2020-08-29,Yuba,115,75493,894,822,3,825,1
2020-08-28,Alameda,001,1643700,18961,17729,134,17863,237
2020-08-28,Alpine,003,1148,3,2,0,2,0
2020-08-28,Amador,005,37829,274,234,0,234,13
2020-08-28,Butte,007,227075,2287,1886,16,1902,25
2020-08-28,Calaveras,009,45235,256,207,0,207,1
2020-08-28,Colusa,011,21464,470,441,0,441,6
2020-08-28,Contra Costa,013,1133247,14590,13522,52,13574,158
2020-08-28,Del Norte,015,27424,115,107,0,107,1
2020-08-28,El Dorado,017,186661,1002,949,0,949,2
2020-08-28,Fresno,019,978130,27686,24612,291,24903,282
2020-08-28,Glenn,021,27897,460,429,0,429,3
2020-08-28,Humboldt,023,135768,407,362,1,363,4
2020-08-28,Imperial,025,180216,11274,9656,6,9662,241
2020-08-28,Inyo,027,18085,180,160,0,160,2
2020-08-28,Kern,029,883053,29900,28744,230,28974,306
2020-08-28,Kings,031,150075,6347,5829,34,5863,62
2020-08-28,Lake,033,64148,354,320,0,320,2
2020-08-28,Lassen,035,31185,719,704,2,706,0
2020-08-28,Los Angeles,037,10098052,243512,238544,1326,239870,5740
2020-08-28,Madera,039,155013,3925,3552,24,3576,33
2020-08-28,Marin,041,260295,6219,5991,15,6006,63
2020-08-28,Mariposa,043,17540,73,67,0,67,2
2020-08-28,Mendocino,045,87422,648,588,0,588,11
2020-08-28,Merced,047,269075,8093,7803,8,7811,77
2020-08-28,Modoc,049,8938,13,6,0,6,0
2020-08-28,Mono,051,14174,163,145,1,146,1
2020-08-28,Monterey,053,433212,8192,7591,20,7611,53
2020-08-28,Napa,055,140530,1486,1403,3,1406,10
2020-08-28,Nevada,057,99092,460,438,12,450,5
2020-08-28,Orange,059,3164182,50241,46696,1182,47878,942
2020-08-28,Placer,061,380077,3118,2891,10,2901,32
2020-08-28,Plumas,063,18699,41,39,0,39,0
2020-08-28,Riverside,065,2383286,53579,51510,47,51557,1008
2020-08-28,Sacramento,067,1510023,18583,17119,10,17129,283
2020-08-28,San Benito,069,59416,1128,1016,0,1016,3
2020-08-28,San Bernardino,071,2135413,49218,46553,268,46821,754
2020-08-28,San Diego,073,3302833,39673,37786,445,38231,676
2020-08-28,San Francisco,075,870044,9690,9135,9,9144,83
2020-08-28,San Joaquin,077,732212,18572,17114,34,17148,314
2020-08-28,San Luis Obispo,079,281455,3071,2849,12,2861,20
2020-08-28,San Mateo,081,765935,8641,7783,5,7788,121
2020-08-28,Santa Barbara,083,443738,8663,8001,56,8057,92
2020-08-28,Santa Clara,085,1922200,18320,16696,23,16719,201
2020-08-28,Santa Cruz,087,273765,1886,1747,18,1765,7
2020-08-28,Shasta,089,179085,618,516,3,519,9
2020-08-28,Sierra,091,2930,6,6,0,6,0
2020-08-28,Siskiyou,093,43540,135,119,8,127,0
2020-08-28,Solano,095,438530,5540,5219,39,5258,34
2020-08-28,Sonoma,097,501317,6048,5425,18,5443,58
2020-08-28,Stanislaus,099,539301,15246,14176,358,14534,190
2020-08-28,Sutter,101,95872,1403,1308,1,1309,9
2020-08-28,Tehama,103,63373,431,410,2,412,1
2020-08-28,Trinity,105,12862,25,11,4,15,0
2020-08-28,Tulare,107,460477,14569,13776,54,13830,236
2020-08-28,Tuolumne,109,53932,207,176,2,178,1
2020-08-28,Ventura,111,848112,11243,10606,88,10694,103
2020-08-28,Yolo,113,214977,2509,2323,4,2327,51
2020-08-28,Yuba,115,75493,885,810,3,813,1
2020-08-27,Alameda,001,1643700,18817,17584,131,17715,234
2020-08-27,Alpine,003,1148,3,2,0,2,0
2020-08-27,Amador,005,37829,273,233,0,233,13
2020-08-27,Butte,007,227075,2221,1803,15,1818,25
2020-08-27,Calaveras,009,45235,250,204,0,204,1
2020-08-27,Colusa,011,21464,468,438,0,438,6
2020-08-27,Contra Costa,013,1133247,14490,13379,51,13430,158
2020-08-27,Del Norte,015,27424,115,107,0,107,1
2020-08-27,El Dorado,017,186661,998,942,0,942,2
2020-08-27,Fresno,019,978130,27505,24367,287,24654,272
2020-08-27,Glenn,021,27897,452,429,0,429,3
2020-08-27,Humboldt,023,135768,399,358,1,359,4
2020-08-27,Imperial,025,180216,11247,9608,6,9614,235
2020-08-27,Inyo,027,18085,180,157,0,157,2
2020-08-27,Kern,029,883053,29828,28635,221,28856,294
2020-08-27,Kings,031,150075,6325,5759,34,5793,62
2020-08-27,Lake,033,64148,352,314,0,314,2
2020-08-27,Lassen,035,31185,719,703,2,705,0
2020-08-27,Los Angeles,037,10098052,242507,237103,1308,238411,5704
2020-08-27,Madera,039,155013,3899,3465,24,3489,33
2020-08-27,Marin,041,260295,6195,5929,15,5944,62
2020-08-27,Mariposa,043,17540,73,67,0,67,2
2020-08-27,Mendocino,045,87422,639,581,0,581,10
2020-08-27,Merced,047,269075,8049,7765,8,7773,75
2020-08-27,Modoc,049,8938,11,5,0,5,0
2020-08-27,Mono,051,14174,163,145,1,146,1
2020-08-27,Monterey,053,433212,8098,7501,20,7521,52
2020-08-27,Napa,055,140530,1480,1397,3,1400,10
2020-08-27,Nevada,057,99092,457,435,12,447,5
2020-08-27,Orange,059,3164182,50084,46449,1171,47620,935
2020-08-27,Placer,061,380077,3087,2869,10,2879,32
2020-08-27,Plumas,063,18699,40,39,0,39,0
2020-08-27,Riverside,065,2383286,53372,51306,44,51350,999
2020-08-27,Sacramento,067,1510023,18385,16875,10,16885,281
2020-08-27,San Benito,069,59416,1112,987,0,987,3
2020-08-27,San Bernardino,071,2135413,48992,46345,262,46607,751
2020-08-27,San Diego,073,3302833,39402,37501,425,37926,673
2020-08-27,San Francisco,075,870044,9624,9014,9,9023,83
2020-08-27,San Joaquin,077,732212,18492,16989,34,17023,314
2020-08-27,San Luis Obispo,079,281455,3046,2808,12,2820,20
2020-08-27,San Mateo,081,765935,8532,7728,5,7733,121
2020-08-27,Santa Barbara,083,443738,8625,7934,56,7990,92
2020-08-27,Santa Clara,085,1922200,18137,16495,23,16518,199
2020-08-27,Santa Cruz,087,273765,1869,1734,18,1752,7
2020-08-27,Shasta,089,179085,612,512,3,515,9
2020-08-27,Sierra,091,2930,6,6,0,6,0
2020-08-27,Siskiyou,093,43540,135,118,8,126,0
2020-08-27,Solano,095,438530,5502,5167,39,5206,34
2020-08-27,Sonoma,097,501317,5936,5357,18,5375,58
2020-08-27,Stanislaus,099,539301,15166,14080,354,14434,186
2020-08-27,Sutter,101,95872,1383,1296,1,1297,9
2020-08-27,Tehama,103,63373,426,398,2,400,1
2020-08-27,Trinity,105,12862,25,11,4,15,0
2020-08-27,Tulare,107,460477,14477,13666,53,13719,231
2020-08-27,Tuolumne,109,53932,202,174,2,176,1
2020-08-27,Ventura,111,848112,11180,10483,84,10567,102
2020-08-27,Yolo,113,214977,2485,2293,4,2297,51
2020-08-27,Yuba,115,75493,874,807,3,810,1
2020-08-26,Alameda,001,1643700,18656,17373,131,17504,233
2020-08-26,Alpine,003,1148,3,2,0,2,0
2020-08-26,Amador,005,37829,273,229,0,229,13
2020-08-26,Butte,007,227075,2154,1765,13,1778,25
2020-08-26,Calaveras,009,45235,242,201,0,201,1
2020-08-26,Colusa,011,21464,462,433,0,433,5
2020-08-26,Contra Costa,013,1133247,14352,13248,51,13299,157
2020-08-26,Del Norte,015,27424,114,86,0,86,1
2020-08-26,El Dorado,017,186661,996,938,0,938,2
2020-08-26,Fresno,019,978130,27357,24071,285,24356,255
2020-08-26,Glenn,021,27897,450,429,0,429,3
2020-08-26,Humboldt,023,135768,387,357,1,358,4
2020-08-26,Imperial,025,180216,11225,9453,6,9459,227
2020-08-26,Inyo,027,18085,177,157,0,157,2
2020-08-26,Kern,029,883053,29690,28507,217,28724,286
2020-08-26,Kings,031,150075,6305,5720,34,5754,62
2020-08-26,Lake,033,64148,348,308,0,308,2
2020-08-26,Lassen,035,31185,719,702,2,704,0
2020-08-26,Los Angeles,037,10098052,241473,235499,1275,236774,5665
2020-08-26,Madera,039,155013,3870,3458,24,3482,32
2020-08-26,Marin,041,260295,6178,5887,15,5902,56
2020-08-26,Mariposa,043,17540,73,68,0,68,2
2020-08-26,Mendocino,045,87422,628,581,0,581,10
2020-08-26,Merced,047,269075,8016,7720,8,7728,74
2020-08-26,Modoc,049,8938,8,5,0,5,0
2020-08-26,Mono,051,14174,163,141,1,142,1
2020-08-26,Monterey,053,433212,8005,7439,20,7459,51
2020-08-26,Napa,055,140530,1467,1382,3,1385,10
2020-08-26,Nevada,057,99092,454,432,12,444,2
2020-08-26,Orange,059,3164182,49900,46157,1156,47313,905
2020-08-26,Placer,061,380077,3065,2846,8,2854,32
2020-08-26,Plumas,063,18699,39,39,0,39,0
2020-08-26,Riverside,065,2383286,53130,51138,44,51182,987
2020-08-26,Sacramento,067,1510023,18222,16708,10,16718,271
2020-08-26,San Benito,069,59416,1097,978,0,978,3
2020-08-26,San Bernardino,071,2135413,48783,45840,258,46098,743
2020-08-26,San Diego,073,3302833,39064,37224,398,37622,668
2020-08-26,San Francisco,075,870044,9549,8938,9,8947,81
2020-08-26,San Joaquin,077,732212,18403,16845,33,16878,309
2020-08-26,San Luis Obispo,079,281455,3018,2761,12,2773,20
2020-08-26,San Mateo,081,765935,8465,7655,5,7660,121
2020-08-26,Santa Barbara,083,443738,8592,7904,56,7960,90
2020-08-26,Santa Clara,085,1922200,17960,16283,23,16306,198
2020-08-26,Santa Cruz,087,273765,1858,1726,18,1744,7
2020-08-26,Shasta,089,179085,607,511,3,514,9
2020-08-26,Sierra,091,2930,6,6,0,6,0
2020-08-26,Siskiyou,093,43540,132,109,8,117,0
2020-08-26,Solano,095,438530,5478,5131,38,5169,34
2020-08-26,Sonoma,097,501317,5862,5283,18,5301,58
2020-08-26,Stanislaus,099,539301,15089,13964,348,14312,186
2020-08-26,Sutter,101,95872,1365,1275,1,1276,9
2020-08-26,Tehama,103,63373,423,396,2,398,1
2020-08-26,Trinity,105,12862,25,10,4,14,0
2020-08-26,Tulare,107,460477,14410,13568,53,13621,232
2020-08-26,Tuolumne,109,53932,201,172,2,174,1
2020-08-26,Ventura,111,848112,11109,10412,77,10489,100
2020-08-26,Yolo,113,214977,2462,2279,4,2283,49
2020-08-26,Yuba,115,75493,859,779,3,782,1
2020-08-25,Alameda,001,1643700,18499,17278,131,17409,232
2020-08-25,Alpine,003,1148,3,2,0,2,0
2020-08-25,Amador,005,37829,273,227,0,227,13
2020-08-25,Butte,007,227075,2087,1718,13,1731,24
2020-08-25,Calaveras,009,45235,240,196,0,196,1
2020-08-25,Colusa,011,21464,455,430,0,430,5
2020-08-25,Contra Costa,013,1133247,14214,13181,50,13231,156
2020-08-25,Del Norte,015,27424,113,83,0,83,1
2020-08-25,El Dorado,017,186661,993,928,0,928,2
2020-08-25,Fresno,019,978130,27168,23932,284,24216,250
2020-08-25,Glenn,021,27897,447,429,0,429,3
2020-08-25,Humboldt,023,135768,382,342,1,343,4
2020-08-25,Imperial,025,180216,11197,9381,6,9387,217
2020-08-25,Inyo,027,18085,175,144,0,144,1
2020-08-25,Kern,029,883053,29553,28416,217,28633,285
2020-08-25,Kings,031,150075,6148,5702,34,5736,59
2020-08-25,Lake,033,64148,343,304,0,304,2
2020-08-25,Lassen,035,31185,718,692,2,694,0
2020-08-25,Los Angeles,037,10098052,240149,233961,1222,235183,5612
2020-08-25,Madera,039,155013,3855,3446,23,3469,32
2020-08-25,Marin,041,260295,6140,5860,15,5875,56
2020-08-25,Mariposa,043,17540,73,67,0,67,2
2020-08-25,Mendocino,045,87422,620,571,0,571,10
2020-08-25,Merced,047,269075,7949,7693,7,7700,69
2020-08-25,Modoc,049,8938,8,5,0,5,0
2020-08-25,Mono,051,14174,163,129,1,130,1
2020-08-25,Monterey,053,433212,7925,7333,20,7353,51
2020-08-25,Napa,055,140530,1460,1374,3,1377,10
2020-08-25,Nevada,057,99092,451,430,12,442,2
2020-08-25,Orange,059,3164182,49706,45737,1139,46876,902
2020-08-25,Placer,061,380077,3046,2829,5,2834,31
2020-08-25,Plumas,063,18699,39,39,0,39,0
2020-08-25,Riverside,065,2383286,52901,50889,44,50933,981
2020-08-25,Sacramento,067,1510023,18069,16601,10,16611,265
2020-08-25,San Benito,069,59416,1081,973,0,973,3
2020-08-25,San Bernardino,071,2135413,48548,45544,255,45799,727
2020-08-25,San Diego,073,3302833,38785,36996,376,37372,665
2020-08-25,San Francisco,075,870044,9472,8848,9,8857,81
2020-08-25,San Joaquin,077,732212,18276,16795,33,16828,306
2020-08-25,San Luis Obispo,079,281455,2960,2731,11,2742,20
2020-08-25,San Mateo,081,765935,8405,7636,5,7641,120
2020-08-25,Santa Barbara,083,443738,8540,7854,56,7910,90
2020-08-25,Santa Clara,085,1922200,17788,16199,23,16222,194
2020-08-25,Santa Cruz,087,273765,1839,1708,18,1726,7
2020-08-25,Shasta,089,179085,603,511,3,514,9
2020-08-25,Sierra,091,2930,6,6,0,6,0
2020-08-25,Siskiyou,093,43540,131,109,8,117,0
2020-08-25,Solano,095,438530,5417,5114,38,5152,34
2020-08-25,Sonoma,097,501317,5777,5148,18,5166,56
2020-08-25,Stanislaus,099,539301,14981,13886,337,14223,182
2020-08-25,Sutter,101,95872,1348,1259,1,1260,9
2020-08-25,Tehama,103,63373,420,394,2,396,1
2020-08-25,Trinity,105,12862,23,10,4,14,0
2020-08-25,Tulare,107,460477,14307,13514,52,13566,224
2020-08-25,Tuolumne,109,53932,199,172,2,174,1
2020-08-25,Ventura,111,848112,11024,10313,72,10385,99
2020-08-25,Yolo,113,214977,2449,2254,4,2258,50
2020-08-25,Yuba,115,75493,849,775,3,778,1
2020-08-24,Alameda,001,1643700,18305,16913,130,17043,231
2020-08-24,Alpine,003,1148,3,2,0,2,0
2020-08-24,Amador,005,37829,271,227,0,227,13
2020-08-24,Butte,007,227075,2003,1649,13,1662,23
2020-08-24,Calaveras,009,45235,230,187,0,187,1
2020-08-24,Colusa,011,21464,451,425,0,425,5
2020-08-24,Contra Costa,013,1133247,14099,12906,48,12954,153
2020-08-24,Del Norte,015,27424,113,80,0,80,1
2020-08-24,El Dorado,017,186661,985,908,0,908,2
2020-08-24,Fresno,019,978130,26982,23618,277,23895,235
2020-08-24,Glenn,021,27897,445,421,0,421,2
2020-08-24,Humboldt,023,135768,378,340,1,341,4
2020-08-24,Imperial,025,180216,11163,9323,6,9329,210
2020-08-24,Inyo,027,18085,171,144,0,144,2
2020-08-24,Kern,029,883053,29456,28157,211,28368,277
2020-08-24,Kings,031,150075,6060,5652,34,5686,60
2020-08-24,Lake,033,64148,329,302,0,302,2
2020-08-24,Lassen,035,31185,718,693,2,695,0
2020-08-24,Los Angeles,037,10098052,238786,233036,1200,234236,5562
2020-08-24,Madera,039,155013,3828,3418,23,3441,32
2020-08-24,Marin,041,260295,6077,5834,15,5849,56
2020-08-24,Mariposa,043,17540,71,66,0,66,2
2020-08-24,Mendocino,045,87422,605,550,0,550,10
2020-08-24,Merced,047,269075,7871,7605,7,7612,69
2020-08-24,Modoc,049,8938,8,5,0,5,0
2020-08-24,Mono,051,14174,163,129,1,130,1
2020-08-24,Monterey,053,433212,7816,7212,19,7231,50
2020-08-24,Napa,055,140530,1447,1358,3,1361,10
2020-08-24,Nevada,057,99092,446,423,12,435,2
2020-08-24,Orange,059,3164182,49515,45536,1128,46664,887
2020-08-24,Placer,061,380077,3000,2793,5,2798,31
2020-08-24,Plumas,063,18699,39,37,0,37,0
2020-08-24,Riverside,065,2383286,52624,50496,44,50540,975
2020-08-24,Sacramento,067,1510023,17872,16318,10,16328,249
2020-08-24,San Benito,069,59416,1060,961,0,961,3
2020-08-24,San Bernardino,071,2135413,48284,45199,253,45452,720
2020-08-24,San Diego,073,3302833,38497,36729,348,37077,660
2020-08-24,San Francisco,075,870044,9389,8621,9,8630,81
2020-08-24,San Joaquin,077,732212,18135,16565,32,16597,305
2020-08-24,San Luis Obispo,079,281455,2932,2705,11,2716,20
2020-08-24,San Mateo,081,765935,8338,7502,5,7507,120
2020-08-24,Santa Barbara,083,443738,8499,7784,56,7840,90
2020-08-24,Santa Clara,085,1922200,17584,16049,23,16072,192
2020-08-24,Santa Cruz,087,273765,1819,1627,17,1644,6
2020-08-24,Shasta,089,179085,601,505,3,508,9
2020-08-24,Sierra,091,2930,6,6,0,6,0
2020-08-24,Siskiyou,093,43540,127,107,8,115,0
2020-08-24,Solano,095,438530,5368,4979,36,5015,32
2020-08-24,Sonoma,097,501317,5675,5071,18,5089,56
2020-08-24,Stanislaus,099,539301,14883,13521,322,13843,171
2020-08-24,Sutter,101,95872,1329,1219,1,1220,9
2020-08-24,Tehama,103,63373,415,388,2,390,1
2020-08-24,Trinity,105,12862,23,10,4,14,0
2020-08-24,Tulare,107,460477,14200,13360,51,13411,223
2020-08-24,Tuolumne,109,53932,198,170,2,172,1
2020-08-24,Ventura,111,848112,10944,10261,69,10330,99
2020-08-24,Yolo,113,214977,2414,2239,4,2243,47
2020-08-24,Yuba,115,75493,832,750,3,753,1
2020-08-23,Alameda,001,1643700,18082,16786,130,16916,231
2020-08-23,Alpine,003,1148,3,2,0,2,0
2020-08-23,Amador,005,37829,268,227,0,227,13
2020-08-23,Butte,007,227075,1889,1637,13,1650,23
2020-08-23,Calaveras,009,45235,220,187,0,187,1
2020-08-23,Colusa,011,21464,444,424,0,424,5
2020-08-23,Contra Costa,013,1133247,13939,12642,48,12690,153
2020-08-23,Del Norte,015,27424,113,80,0,80,1
2020-08-23,El Dorado,017,186661,972,901,0,901,2
2020-08-23,Fresno,019,978130,26780,23414,272,23686,235
2020-08-23,Glenn,021,27897,438,421,0,421,2
2020-08-23,Humboldt,023,135768,376,341,1,342,4
2020-08-23,Imperial,025,180216,11135,9243,6,9249,210
2020-08-23,Inyo,027,18085,168,144,0,144,2
2020-08-23,Kern,029,883053,29307,28028,206,28234,277
2020-08-23,Kings,031,150075,6018,5628,34,5662,60
2020-08-23,Lake,033,64148,325,299,0,299,2
2020-08-23,Lassen,035,31185,717,693,2,695,0
2020-08-23,Los Angeles,037,10098052,237188,231833,1123,232956,5549
2020-08-23,Madera,039,155013,3796,3401,22,3423,32
2020-08-23,Marin,041,260295,6038,5807,14,5821,50
2020-08-23,Mariposa,043,17540,71,66,0,66,2
2020-08-23,Mendocino,045,87422,601,550,0,550,10
2020-08-23,Merced,047,269075,7802,7574,6,7580,69
2020-08-23,Modoc,049,8938,7,5,0,5,0
2020-08-23,Mono,051,14174,163,129,1,130,1
2020-08-23,Monterey,053,433212,7726,7173,19,7192,50
2020-08-23,Napa,055,140530,1435,1348,3,1351,10
2020-08-23,Nevada,057,99092,441,421,12,433,2
2020-08-23,Orange,059,3164182,49278,45267,1115,46382,887
2020-08-23,Placer,061,380077,2961,2772,5,2777,31
2020-08-23,Plumas,063,18699,39,37,0,37,0
2020-08-23,Riverside,065,2383286,52355,50293,42,50335,955
2020-08-23,Sacramento,067,1510023,17648,16084,9,16093,243
2020-08-23,San Benito,069,59416,1047,938,0,938,3
2020-08-23,San Bernardino,071,2135413,48015,45010,243,45253,719
2020-08-23,San Diego,073,3302833,38176,36542,321,36863,660
2020-08-23,San Francisco,075,870044,9294,8564,8,8572,80
2020-08-23,San Joaquin,077,732212,18002,16069,31,16100,305
2020-08-23,San Luis Obispo,079,281455,2890,2679,11,2690,20
2020-08-23,San Mateo,081,765935,8243,7450,5,7455,120
2020-08-23,Santa Barbara,083,443738,8431,7725,56,7781,90
2020-08-23,Santa Clara,085,1922200,17390,15912,21,15933,191
2020-08-23,Santa Cruz,087,273765,1793,1627,17,1644,6
2020-08-23,Shasta,089,179085,596,501,3,504,9
2020-08-23,Sierra,091,2930,6,6,0,6,0
2020-08-23,Siskiyou,093,43540,122,107,8,115,0
2020-08-23,Solano,095,438530,5310,4977,34,5011,32
2020-08-23,Sonoma,097,501317,5587,5018,18,5036,56
2020-08-23,Stanislaus,099,539301,14749,13483,298,13781,171
2020-08-23,Sutter,101,95872,1307,1203,1,1204,9
2020-08-23,Tehama,103,63373,405,381,2,383,1
2020-08-23,Trinity,105,12862,23,10,4,14,0
2020-08-23,Tulare,107,460477,14070,13303,47,13350,223
2020-08-23,Tuolumne,109,53932,194,164,2,166,1
2020-08-23,Ventura,111,848112,10844,10126,64,10190,99
2020-08-23,Yolo,113,214977,2386,2210,4,2214,47
2020-08-23,Yuba,115,75493,811,750,3,753,1
2020-08-22,Alameda,001,1643700,17988,16648,129,16777,231
2020-08-22,Alpine,003,1148,3,2,0,2,0
2020-08-22,Amador,005,37829,267,224,0,224,13
2020-08-22,Butte,007,227075,1838,1618,13,1631,22
2020-08-22,Calaveras,009,45235,217,187,0,187,1
2020-08-22,Colusa,011,21464,440,419,0,419,5
2020-08-22,Contra Costa,013,1133247,13852,12522,48,12570,153
2020-08-22,Del Norte,015,27424,112,80,0,80,1
2020-08-22,El Dorado,017,186661,970,900,0,900,2
2020-08-22,Fresno,019,978130,26683,23197,271,23468,235
2020-08-22,Glenn,021,27897,437,421,0,421,2
2020-08-22,Humboldt,023,135768,366,334,1,335,4
2020-08-22,Imperial,025,180216,11127,9244,6,9250,210
2020-08-22,Inyo,027,18085,168,144,0,144,1
2020-08-22,Kern,029,883053,29253,27807,206,28013,277
2020-08-22,Kings,031,150075,6009,5447,34,5481,60
2020-08-22,Lake,033,64148,323,291,0,291,2
2020-08-22,Lassen,035,31185,717,693,2,695,0
2020-08-22,Los Angeles,037,10098052,236531,230858,1104,231962,5540
2020-08-22,Madera,039,155013,3777,3330,22,3352,32
2020-08-22,Marin,041,260295,6026,5789,14,5803,49
2020-08-22,Mariposa,043,17540,71,66,0,66,2
2020-08-22,Mendocino,045,87422,598,529,0,529,10
2020-08-22,Merced,047,269075,7774,7493,6,7499,69
2020-08-22,Modoc,049,8938,7,5,0,5,0
2020-08-22,Mono,051,14174,163,129,1,130,1
2020-08-22,Monterey,053,433212,7678,7081,19,7100,50
2020-08-22,Napa,055,140530,1430,1328,3,1331,11
2020-08-22,Nevada,057,99092,441,411,12,423,2
2020-08-22,Orange,059,3164182,49136,45131,1109,46240,885
2020-08-22,Placer,061,380077,2947,2734,5,2739,30
2020-08-22,Plumas,063,18699,39,37,0,37,0
2020-08-22,Riverside,065,2383286,52206,49944,41,49985,953
2020-08-22,Sacramento,067,1510023,17536,15516,9,15525,239
2020-08-22,San Benito,069,59416,1031,912,0,912,3
2020-08-22,San Bernardino,071,2135413,47886,44803,238,45041,719
2020-08-22,San Diego,073,3302833,37994,36205,310,36515,673
2020-08-22,San Francisco,075,870044,9234,8568,8,8576,80
2020-08-22,San Joaquin,077,732212,17946,16068,31,16099,305
2020-08-22,San Luis Obispo,079,281455,2865,2660,11,2671,20
2020-08-22,San Mateo,081,765935,8196,7361,5,7366,120
2020-08-22,Santa Barbara,083,443738,8405,7685,56,7741,90
2020-08-22,Santa Clara,085,1922200,17283,15590,21,15611,190
2020-08-22,Santa Cruz,087,273765,1777,1628,16,1644,6
2020-08-22,Shasta,089,179085,594,493,3,496,9
2020-08-22,Sierra,091,2930,6,6,0,6,0
2020-08-22,Siskiyou,093,43540,122,106,8,114,0
2020-08-22,Solano,095,438530,5280,4944,33,4977,32
2020-08-22,Sonoma,097,501317,5541,4891,18,4909,57
2020-08-22,Stanislaus,099,539301,14701,13380,279,13659,170
2020-08-22,Sutter,101,95872,1300,1189,1,1190,8
2020-08-22,Tehama,103,63373,404,368,2,370,1
2020-08-22,Trinity,105,12862,23,8,4,12,0
2020-08-22,Tulare,107,460477,14003,13196,47,13243,222
2020-08-22,Tuolumne,109,53932,192,162,2,164,1
2020-08-22,Ventura,111,848112,10789,9959,62,10021,99
2020-08-22,Yolo,113,214977,2370,2188,4,2192,47
2020-08-22,Yuba,115,75493,799,738,3,741,1
2020-08-21,Alameda,001,1643700,17897,16413,129,16542,232
2020-08-21,Alpine,003,1148,3,2,0,2,0
2020-08-21,Amador,005,37829,266,223,0,223,11
2020-08-21,Butte,007,227075,1799,1582,13,1595,19
2020-08-21,Calaveras,009,45235,217,182,0,182,1
2020-08-21,Colusa,011,21464,438,418,0,418,5
2020-08-21,Contra Costa,013,1133247,13762,12333,47,12380,149
2020-08-21,Del Norte,015,27424,112,78,0,78,1
2020-08-21,El Dorado,017,186661,966,885,0,885,2
2020-08-21,Fresno,019,978130,26513,22840,270,23110,232
2020-08-21,Glenn,021,27897,433,418,0,418,2
2020-08-21,Humboldt,023,135768,363,331,1,332,4
2020-08-21,Imperial,025,180216,11111,9166,6,9172,204
2020-08-21,Inyo,027,18085,168,144,0,144,1
2020-08-21,Kern,029,883053,29194,27567,204,27771,269
2020-08-21,Kings,031,150075,5987,5391,34,5425,60
2020-08-21,Lake,033,64148,321,281,0,281,2
2020-08-21,Lassen,035,31185,717,693,2,695,0
2020-08-21,Los Angeles,037,10098052,235655,229235,1082,230317,5494
2020-08-21,Madera,039,155013,3747,3271,22,3293,31
2020-08-21,Marin,041,260295,6006,5762,14,5776,49
2020-08-21,Mariposa,043,17540,71,66,0,66,2
2020-08-21,Mendocino,045,87422,588,505,0,505,10
2020-08-21,Merced,047,269075,7745,7357,6,7363,69
2020-08-21,Modoc,049,8938,7,5,0,5,0
2020-08-21,Mono,051,14174,163,128,1,129,1
2020-08-21,Monterey,053,433212,7606,6974,19,6993,49
2020-08-21,Napa,055,140530,1421,1317,3,1320,10
2020-08-21,Nevada,057,99092,440,406,12,418,2
2020-08-21,Orange,059,3164182,48995,44625,1100,45725,875
2020-08-21,Placer,061,380077,2931,2698,4,2702,30
2020-08-21,Plumas,063,18699,39,36,0,36,0
2020-08-21,Riverside,065,2383286,52013,49409,41,49450,932
2020-08-21,Sacramento,067,1510023,17413,15247,9,15256,237
2020-08-21,San Benito,069,59416,1021,891,0,891,3
2020-08-21,San Bernardino,071,2135413,47766,44249,233,44482,668
2020-08-21,San Diego,073,3302833,37790,35914,293,36207,652
2020-08-21,San Francisco,075,870044,9184,8375,8,8383,80
2020-08-21,San Joaquin,077,732212,17863,15888,29,15917,301
2020-08-21,San Luis Obispo,079,281455,2842,2640,11,2651,19
2020-08-21,San Mateo,081,765935,8138,7253,5,7258,120
2020-08-21,Santa Barbara,083,443738,8364,7645,56,7701,86
2020-08-21,Santa Clara,085,1922200,17131,15399,21,15420,190
2020-08-21,Santa Cruz,087,273765,1765,1617,16,1633,6
2020-08-21,Shasta,089,179085,594,486,3,489,9
2020-08-21,Sierra,091,2930,6,6,0,6,0
2020-08-21,Siskiyou,093,43540,122,103,6,109,0
2020-08-21,Solano,095,438530,5257,4891,32,4923,32
2020-08-21,Sonoma,097,501317,5471,4816,18,4834,57
2020-08-21,Stanislaus,099,539301,14632,13282,264,13546,161
2020-08-21,Sutter,101,95872,1287,1173,1,1174,8
2020-08-21,Tehama,103,63373,402,357,2,359,1
2020-08-21,Trinity,105,12862,23,8,4,12,0
2020-08-21,Tulare,107,460477,13931,13002,46,13048,217
2020-08-21,Tuolumne,109,53932,184,161,2,163,1
2020-08-21,Ventura,111,848112,10725,9865,60,9925,98
2020-08-21,Yolo,113,214977,2355,2164,4,2168,46
2020-08-21,Yuba,115,75493,795,717,3,720,1
2020-08-20,Alameda,001,1643700,17738,16174,129,16303,229
2020-08-20,Alpine,003,1148,3,2,0,2,0
2020-08-20,Amador,005,37829,264,222,0,222,11
2020-08-20,Butte,007,227075,1748,1549,13,1562,18
2020-08-20,Calaveras,009,45235,214,179,0,179,1
2020-08-20,Colusa,011,21464,436,415,0,415,5
2020-08-20,Contra Costa,013,1133247,13634,12108,46,12154,144
2020-08-20,Del Norte,015,27424,112,78,0,78,1
2020-08-20,El Dorado,017,186661,962,881,0,881,2
2020-08-20,Fresno,019,978130,26331,22535,265,22800,228
2020-08-20,Glenn,021,27897,428,414,0,414,2
2020-08-20,Humboldt,023,135768,358,318,1,319,4
2020-08-20,Imperial,025,180216,11092,9086,6,9092,196
2020-08-20,Inyo,027,18085,167,144,0,144,1
2020-08-20,Kern,029,883053,29026,27337,193,27530,267
2020-08-20,Kings,031,150075,5947,5347,33,5380,59
2020-08-20,Lake,033,64148,316,280,0,280,2
2020-08-20,Lassen,035,31185,716,693,2,695,0
2020-08-20,Los Angeles,037,10098052,234420,227492,1063,228555,5445
2020-08-20,Madera,039,155013,3721,3197,22,3219,31
2020-08-20,Marin,041,260295,5988,5745,14,5759,47
2020-08-20,Mariposa,043,17540,71,67,0,67,2
2020-08-20,Mendocino,045,87422,577,497,0,497,10
2020-08-20,Merced,047,269075,7670,7173,6,7179,68
2020-08-20,Modoc,049,8938,7,5,0,5,0
2020-08-20,Mono,051,14174,163,128,1,129,1
2020-08-20,Monterey,053,433212,7535,6892,19,6911,47
2020-08-20,Napa,055,140530,1413,1306,3,1309,10
2020-08-20,Nevada,057,99092,439,401,12,413,2
2020-08-20,Orange,059,3164182,48768,44299,1089,45388,849
2020-08-20,Placer,061,380077,2915,2681,4,2685,30
2020-08-20,Plumas,063,18699,39,36,0,36,0
2020-08-20,Riverside,065,2383286,51796,48953,40,48993,927
2020-08-20,Sacramento,067,1510023,17171,14992,9,15001,231
2020-08-20,San Benito,069,59416,1008,866,0,866,3
2020-08-20,San Bernardino,071,2135413,47509,43627,229,43856,665
2020-08-20,San Diego,073,3302833,37570,35610,275,35885,644
2020-08-20,San Francisco,075,870044,9098,8262,8,8270,72
2020-08-20,San Joaquin,077,732212,17770,15778,29,15807,297
2020-08-20,San Luis Obispo,079,281455,2822,2590,11,2601,19
2020-08-20,San Mateo,081,765935,8072,7188,5,7193,120
2020-08-20,Santa Barbara,083,443738,8326,7571,56,7627,81
2020-08-20,Santa Clara,085,1922200,16959,15162,21,15183,190
2020-08-20,Santa Cruz,087,273765,1752,1581,16,1597,6
2020-08-20,Shasta,089,179085,593,478,3,481,9
2020-08-20,Sierra,091,2930,6,6,0,6,0
2020-08-20,Siskiyou,093,43540,121,102,1,103,0
2020-08-20,Solano,095,438530,5213,4843,32,4875,31
2020-08-20,Sonoma,097,501317,5399,4737,18,4755,54
2020-08-20,Stanislaus,099,539301,14536,13120,255,13375,161
2020-08-20,Sutter,101,95872,1263,1158,1,1159,8
2020-08-20,Tehama,103,63373,396,350,2,352,1
2020-08-20,Trinity,105,12862,23,8,4,12,0
2020-08-20,Tulare,107,460477,13823,12907,45,12952,217
2020-08-20,Tuolumne,109,53932,180,159,2,161,1
2020-08-20,Ventura,111,848112,10612,9744,59,9803,93
2020-08-20,Yolo,113,214977,2333,2150,4,2154,47
2020-08-20,Yuba,115,75493,778,709,3,712,1
2020-08-19,Alameda,001,1643700,17580,15874,128,16002,226
2020-08-19,Alpine,003,1148,3,2,0,2,0
2020-08-19,Amador,005,37829,263,219,0,219,9
2020-08-19,Butte,007,227075,1705,1517,13,1530,16
2020-08-19,Calaveras,009,45235,211,177,0,177,1
2020-08-19,Colusa,011,21464,435,415,0,415,5
2020-08-19,Contra Costa,013,1133247,13522,11895,44,11939,142
2020-08-19,Del Norte,015,27424,112,78,0,78,1
2020-08-19,El Dorado,017,186661,956,870,0,870,2
2020-08-19,Fresno,019,978130,26141,22167,257,22424,221
2020-08-19,Glenn,021,27897,426,414,0,414,2
2020-08-19,Humboldt,023,135768,355,316,1,317,4
2020-08-19,Imperial,025,180216,11064,9041,6,9047,192
2020-08-19,Inyo,027,18085,165,140,0,140,1
2020-08-19,Kern,029,883053,28909,27142,189,27331,263
2020-08-19,Kings,031,150075,5775,5301,31,5332,59
2020-08-19,Lake,033,64148,313,277,0,277,2
2020-08-19,Lassen,035,31185,708,693,2,695,0
2020-08-19,Los Angeles,037,10098052,233138,226006,1023,227029,5399
2020-08-19,Madera,039,155013,3687,3158,20,3178,30
2020-08-19,Marin,041,260295,5964,5723,13,5736,46
2020-08-19,Mariposa,043,17540,71,64,0,64,2
2020-08-19,Mendocino,045,87422,561,495,0,495,8
2020-08-19,Merced,047,269075,7543,7082,3,7085,66
2020-08-19,Modoc,049,8938,7,5,0,5,0
2020-08-19,Mono,051,14174,163,128,1,129,1
2020-08-19,Monterey,053,433212,7433,6693,19,6712,45
2020-08-19,Napa,055,140530,1408,1293,3,1296,10
2020-08-19,Nevada,057,99092,432,398,12,410,2
2020-08-19,Orange,059,3164182,48563,43938,1085,45023,829
2020-08-19,Placer,061,380077,2892,2659,4,2663,28
2020-08-19,Plumas,063,18699,39,36,0,36,0
2020-08-19,Riverside,065,2383286,51548,48741,39,48780,922
2020-08-19,Sacramento,067,1510023,16990,14764,9,14773,229
2020-08-19,San Benito,069,59416,991,853,0,853,3
2020-08-19,San Bernardino,071,2135413,47210,43224,222,43446,661
2020-08-19,San Diego,073,3302833,37321,35378,260,35638,638
2020-08-19,San Francisco,075,870044,9033,8236,8,8244,72
2020-08-19,San Joaquin,077,732212,17643,15677,28,15705,296
2020-08-19,San Luis Obispo,079,281455,2783,2553,11,2564,19
2020-08-19,San Mateo,081,765935,8004,7146,5,7151,119
2020-08-19,Santa Barbara,083,443738,8277,7499,56,7555,80
2020-08-19,Santa Clara,085,1922200,16814,14994,21,15015,189
2020-08-19,Santa Cruz,087,273765,1726,1554,16,1570,6
2020-08-19,Shasta,089,179085,589,475,3,478,9
2020-08-19,Sierra,091,2930,6,6,0,6,0
2020-08-19,Siskiyou,093,43540,120,103,1,104,0
2020-08-19,Solano,095,438530,5172,4807,32,4839,31
2020-08-19,Sonoma,097,501317,5320,4614,18,4632,54
2020-08-19,Stanislaus,099,539301,14433,13084,233,13317,160
2020-08-19,Sutter,101,95872,1229,1146,1,1147,8
2020-08-19,Tehama,103,63373,390,342,2,344,1
2020-08-19,Trinity,105,12862,22,8,4,12,0
2020-08-19,Tulare,107,460477,13725,12756,45,12801,217
2020-08-19,Tuolumne,109,53932,177,159,2,161,1
2020-08-19,Ventura,111,848112,10520,9587,57,9644,91
2020-08-19,Yolo,113,214977,2310,2126,4,2130,47
2020-08-19,Yuba,115,75493,766,701,3,704,1
2020-08-18,Alameda,001,1643700,17404,15627,125,15752,223
2020-08-18,Alpine,003,1148,3,2,0,2,0
2020-08-18,Amador,005,37829,262,215,0,215,9
2020-08-18,Butte,007,227075,1672,1491,13,1504,16
2020-08-18,Calaveras,009,45235,207,174,0,174,1
2020-08-18,Colusa,011,21464,434,415,0,415,5
2020-08-18,Contra Costa,013,1133247,13402,11689,42,11731,141
2020-08-18,Del Norte,015,27424,111,78,0,78,0
2020-08-18,El Dorado,017,186661,951,866,0,866,2
2020-08-18,Fresno,019,978130,25922,21798,251,22049,212
2020-08-18,Glenn,021,27897,426,407,0,407,2
2020-08-18,Humboldt,023,135768,353,315,1,316,4
2020-08-18,Imperial,025,180216,11030,8968,6,8974,189
2020-08-18,Inyo,027,18085,164,140,0,140,1
2020-08-18,Kern,029,883053,28757,26978,184,27162,263
2020-08-18,Kings,031,150075,5747,5269,30,5299,58
2020-08-18,Lake,033,64148,310,274,0,274,2
2020-08-18,Lassen,035,31185,708,693,2,695,0
2020-08-18,Los Angeles,037,10098052,231859,224218,984,225202,5339
2020-08-18,Madera,039,155013,3659,3125,20,3145,28
2020-08-18,Marin,041,260295,5934,5708,13,5721,47
2020-08-18,Mariposa,043,17540,71,61,0,61,2
2020-08-18,Mendocino,045,87422,552,468,0,468,8
2020-08-18,Merced,047,269075,7495,6940,3,6943,66
2020-08-18,Modoc,049,8938,7,5,0,5,0
2020-08-18,Mono,051,14174,162,129,1,130,1
2020-08-18,Monterey,053,433212,7342,6691,18,6709,44
2020-08-18,Napa,055,140530,1405,1274,3,1277,10
2020-08-18,Nevada,057,99092,425,389,12,401,2
2020-08-18,Orange,059,3164182,48338,43659,1069,44728,809
2020-08-18,Placer,061,380077,2866,2644,3,2647,28
2020-08-18,Plumas,063,18699,39,34,0,34,0
2020-08-18,Riverside,065,2383286,51219,48447,39,48486,917
2020-08-18,Sacramento,067,1510023,16761,14610,8,14618,222
2020-08-18,San Benito,069,59416,971,836,0,836,3
2020-08-18,San Bernardino,071,2135413,46929,42827,214,43041,648
2020-08-18,San Diego,073,3302833,37029,35164,227,35391,633
2020-08-18,San Francisco,075,870044,8948,8016,8,8024,72
2020-08-18,San Joaquin,077,732212,17526,15509,27,15536,290
2020-08-18,San Luis Obispo,079,281455,2759,2535,10,2545,18
2020-08-18,San Mateo,081,765935,7942,7074,5,7079,119
2020-08-18,Santa Barbara,083,443738,8235,7472,56,7528,81
2020-08-18,Santa Clara,085,1922200,16641,14786,20,14806,184
2020-08-18,Santa Cruz,087,273765,1713,1509,16,1525,6
2020-08-18,Shasta,089,179085,585,468,3,471,9
2020-08-18,Sierra,091,2930,6,6,0,6,0
2020-08-18,Siskiyou,093,43540,119,103,1,104,0
2020-08-18,Solano,095,438530,5145,4700,32,4732,31
2020-08-18,Sonoma,097,501317,5251,4506,18,4524,48
2020-08-18,Stanislaus,099,539301,14335,12935,217,13152,149
2020-08-18,Sutter,101,95872,1210,1126,1,1127,8
2020-08-18,Tehama,103,63373,380,333,2,335,1
2020-08-18,Trinity,105,12862,21,8,4,12,0
2020-08-18,Tulare,107,460477,13593,12637,42,12679,212
2020-08-18,Tuolumne,109,53932,174,159,2,161,1
2020-08-18,Ventura,111,848112,10430,9536,52,9588,89
2020-08-18,Yolo,113,214977,2287,2102,4,2106,47
2020-08-18,Yuba,115,75493,758,679,3,682,1
2020-08-17,Alameda,001,1643700,17212,15454,123,15577,221
2020-08-17,Alpine,003,1148,3,2,0,2,0
2020-08-17,Amador,005,37829,262,215,0,215,9
2020-08-17,Butte,007,227075,1627,1463,13,1476,15
2020-08-17,Calaveras,009,45235,203,167,0,167,1
2020-08-17,Colusa,011,21464,431,408,0,408,5
2020-08-17,Contra Costa,013,1133247,13264,11442,42,11484,141
2020-08-17,Del Norte,015,27424,107,77,0,77,0
2020-08-17,El Dorado,017,186661,948,846,0,846,2
2020-08-17,Fresno,019,978130,25715,21316,244,21560,211
2020-08-17,Glenn,021,27897,425,402,0,402,2
2020-08-17,Humboldt,023,135768,349,302,1,303,4
2020-08-17,Imperial,025,180216,10989,8897,6,8903,188
2020-08-17,Inyo,027,18085,156,124,0,124,1
2020-08-17,Kern,029,883053,28609,26773,173,26946,249
2020-08-17,Kings,031,150075,5709,5249,30,5279,58
2020-08-17,Lake,033,64148,305,270,0,270,2
2020-08-17,Lassen,035,31185,708,666,2,668,0
2020-08-17,Los Angeles,037,10098052,230343,223418,933,224351,5282
2020-08-17,Madera,039,155013,3616,3050,19,3069,26
2020-08-17,Marin,041,260295,5911,5683,12,5695,46
2020-08-17,Mariposa,043,17540,71,61,0,61,2
2020-08-17,Mendocino,045,87422,534,454,0,454,8
2020-08-17,Merced,047,269075,7400,6814,3,6817,66
2020-08-17,Modoc,049,8938,7,5,0,5,0
2020-08-17,Mono,051,14174,162,126,1,127,1
2020-08-17,Monterey,053,433212,7243,6553,18,6571,44
2020-08-17,Napa,055,140530,1384,1255,3,1258,10
2020-08-17,Nevada,057,99092,420,383,12,395,2
2020-08-17,Orange,059,3164182,48128,43621,1057,44678,804
2020-08-17,Placer,061,380077,2841,2609,3,2612,28
2020-08-17,Plumas,063,18699,39,33,0,33,0
2020-08-17,Riverside,065,2383286,50889,48062,37,48099,916
2020-08-17,Sacramento,067,1510023,16541,14333,8,14341,219
2020-08-17,San Benito,069,59416,956,822,0,822,2
2020-08-17,San Bernardino,071,2135413,46586,42005,204,42209,604
2020-08-17,San Diego,073,3302833,36763,34962,213,35175,626
2020-08-17,San Francisco,075,870044,8876,7600,8,7608,72
2020-08-17,San Joaquin,077,732212,17362,15323,26,15349,280
2020-08-17,San Luis Obispo,079,281455,2726,2527,10,2537,18
2020-08-17,San Mateo,081,765935,7885,6987,4,6991,118
2020-08-17,Santa Barbara,083,443738,8193,7438,56,7494,80
2020-08-17,Santa Clara,085,1922200,16421,14546,20,14566,183
2020-08-17,Santa Cruz,087,273765,1697,1453,15,1468,6
2020-08-17,Shasta,089,179085,579,467,3,470,9
2020-08-17,Sierra,091,2930,6,6,0,6,0
2020-08-17,Siskiyou,093,43540,118,103,0,103,0
2020-08-17,Solano,095,438530,5088,4479,32,4511,31
2020-08-17,Sonoma,097,501317,5162,4402,16,4418,48
2020-08-17,Stanislaus,099,539301,14210,12745,210,12955,148
2020-08-17,Sutter,101,95872,1194,1071,1,1072,8
2020-08-17,Tehama,103,63373,371,324,2,326,1
2020-08-17,Trinity,105,12862,21,8,4,12,0
2020-08-17,Tulare,107,460477,13480,12487,41,12528,210
2020-08-17,Tuolumne,109,53932,171,157,2,159,1
2020-08-17,Ventura,111,848112,10308,9490,47,9537,89
2020-08-17,Yolo,113,214977,2260,2083,4,2087,47
2020-08-17,Yuba,115,75493,743,647,3,650,1
2020-08-16,Alameda,001,1643700,16922,15338,123,15461,221
2020-08-16,Alpine,003,1148,3,2,0,2,0
2020-08-16,Amador,005,37829,259,215,0,215,9
2020-08-16,Butte,007,227075,1589,1432,13,1445,15
2020-08-16,Calaveras,009,45235,196,167,0,167,1
2020-08-16,Colusa,011,21464,429,407,0,407,5
2020-08-16,Contra Costa,013,1133247,13078,11255,42,11297,140
2020-08-16,Del Norte,015,27424,103,77,0,77,0
2020-08-16,El Dorado,017,186661,936,843,0,843,2
2020-08-16,Fresno,019,978130,25496,21010,239,21249,211
2020-08-16,Glenn,021,27897,423,400,0,400,2
2020-08-16,Humboldt,023,135768,347,301,1,302,4
2020-08-16,Imperial,025,180216,10945,8883,6,8889,188
2020-08-16,Inyo,027,18085,149,125,0,125,1
2020-08-16,Kern,029,883053,28409,26520,165,26685,249
2020-08-16,Kings,031,150075,5678,5146,30,5176,58
2020-08-16,Lake,033,64148,301,269,0,269,2
2020-08-16,Lassen,035,31185,708,666,2,668,0
2020-08-16,Los Angeles,037,10098052,228776,222236,902,223138,5263
2020-08-16,Madera,039,155013,3571,3013,19,3032,26
2020-08-16,Marin,041,260295,5885,5664,12,5676,46
2020-08-16,Mariposa,043,17540,71,61,0,61,2
2020-08-16,Mendocino,045,87422,526,451,0,451,8
2020-08-16,Merced,047,269075,7318,6744,3,6747,66
2020-08-16,Modoc,049,8938,7,5,0,5,0
2020-08-16,Mono,051,14174,162,126,1,127,1
2020-08-16,Monterey,053,433212,7145,6516,17,6533,44
2020-08-16,Napa,055,140530,1366,1241,2,1243,10
2020-08-16,Nevada,057,99092,409,379,12,391,2
2020-08-16,Orange,059,3164182,47878,43303,1046,44349,803
2020-08-16,Placer,061,380077,2812,2583,2,2585,28
2020-08-16,Plumas,063,18699,39,33,0,33,0
2020-08-16,Riverside,065,2383286,50558,47669,37,47706,910
2020-08-16,Sacramento,067,1510023,16301,14210,8,14218,219
2020-08-16,San Benito,069,59416,927,815,0,815,2
2020-08-16,San Bernardino,071,2135413,46163,41724,195,41919,603
2020-08-16,San Diego,073,3302833,36500,34680,197,34877,626
2020-08-16,San Francisco,075,870044,8788,7602,8,7610,72
2020-08-16,San Joaquin,077,732212,17160,15288,26,15314,280
2020-08-16,San Luis Obispo,079,281455,2697,2494,10,2504,17
2020-08-16,San Mateo,081,765935,7809,6942,4,6946,118
2020-08-16,Santa Barbara,083,443738,8144,7368,56,7424,79
2020-08-16,Santa Clara,085,1922200,16223,14329,20,14349,183
2020-08-16,Santa Cruz,087,273765,1670,1449,14,1463,6
2020-08-16,Shasta,089,179085,572,465,3,468,9
2020-08-16,Sierra,091,2930,6,6,0,6,0
2020-08-16,Siskiyou,093,43540,117,102,0,102,0
2020-08-16,Solano,095,438530,5028,4479,32,4511,31
2020-08-16,Sonoma,097,501317,5058,4329,16,4345,46
2020-08-16,Stanislaus,099,539301,14055,12668,197,12865,148
2020-08-16,Sutter,101,95872,1176,1071,1,1072,8
2020-08-16,Tehama,103,63373,362,318,2,320,1
2020-08-16,Trinity,105,12862,20,8,4,12,0
2020-08-16,Tulare,107,460477,13348,12334,37,12371,211
2020-08-16,Tuolumne,109,53932,171,156,2,158,1
2020-08-16,Ventura,111,848112,10199,9408,42,9450,89
2020-08-16,Yolo,113,214977,2241,2057,4,2061,47
2020-08-16,Yuba,115,75493,734,647,2,649,1
2020-08-15,Alameda,001,1643700,16845,15165,123,15288,221
2020-08-15,Alpine,003,1148,3,2,0,2,0
2020-08-15,Amador,005,37829,259,210,0,210,9
2020-08-15,Butte,007,227075,1567,1409,13,1422,15
2020-08-15,Calaveras,009,45235,194,167,0,167,1
2020-08-15,Colusa,011,21464,428,401,0,401,5
2020-08-15,Contra Costa,013,1133247,12982,11106,42,11148,138
2020-08-15,Del Norte,015,27424,103,77,0,77,0
2020-08-15,El Dorado,017,186661,931,838,0,838,2
2020-08-15,Fresno,019,978130,25380,20603,237,20840,211
2020-08-15,Glenn,021,27897,423,398,0,398,2
2020-08-15,Humboldt,023,135768,346,301,1,302,4
2020-08-15,Imperial,025,180216,10925,8794,6,8800,188
2020-08-15,Inyo,027,18085,149,123,0,123,1
2020-08-15,Kern,029,883053,28321,26338,165,26503,249
2020-08-15,Kings,031,150075,5660,5039,30,5069,56
2020-08-15,Lake,033,64148,299,268,0,268,2
2020-08-15,Lassen,035,31185,708,666,2,668,0
2020-08-15,Los Angeles,037,10098052,228024,221043,893,221936,5252
2020-08-15,Madera,039,155013,3521,2950,19,2969,26
2020-08-15,Marin,041,260295,5878,5628,12,5640,46
2020-08-15,Mariposa,043,17540,71,61,0,61,2
2020-08-15,Mendocino,045,87422,522,444,0,444,8
2020-08-15,Merced,047,269075,7284,6656,3,6659,66
2020-08-15,Modoc,049,8938,7,5,0,5,0
2020-08-15,Mono,051,14174,162,126,1,127,1
2020-08-15,Monterey,053,433212,7100,6162,17,6179,44
2020-08-15,Napa,055,140530,1356,1232,2,1234,10
2020-08-15,Nevada,057,99092,409,376,12,388,2
2020-08-15,Orange,059,3164182,47765,42811,1035,43846,801
2020-08-15,Placer,061,380077,2791,2551,2,2553,27
2020-08-15,Plumas,063,18699,39,33,0,33,0
2020-08-15,Riverside,065,2383286,50407,46720,37,46757,910
2020-08-15,Sacramento,067,1510023,16191,14018,8,14026,219
2020-08-15,San Benito,069,59416,914,805,0,805,2
2020-08-15,San Bernardino,071,2135413,46011,41231,193,41424,602
2020-08-15,San Diego,073,3302833,36334,34346,183,34529,639
2020-08-15,San Francisco,075,870044,8724,7601,8,7609,69
2020-08-15,San Joaquin,077,732212,17087,15113,26,15139,280
2020-08-15,San Luis Obispo,079,281455,2680,2461,10,2471,17
2020-08-15,San Mateo,081,765935,7772,6860,4,6864,118
2020-08-15,Santa Barbara,083,443738,8116,7338,56,7394,79
2020-08-15,Santa Clara,085,1922200,16127,14105,20,14125,183
2020-08-15,Santa Cruz,087,273765,1649,1449,14,1463,6
2020-08-15,Shasta,089,179085,569,458,3,461,9
2020-08-15,Sierra,091,2930,6,6,0,6,0
2020-08-15,Siskiyou,093,43540,116,100,0,100,0
2020-08-15,Solano,095,438530,5006,4477,32,4509,31
2020-08-15,Sonoma,097,501317,5003,4134,16,4150,45
2020-08-15,Stanislaus,099,539301,13992,12541,195,12736,149
2020-08-15,Sutter,101,95872,1165,1046,1,1047,8
2020-08-15,Tehama,103,63373,361,312,2,314,1
2020-08-15,Trinity,105,12862,18,6,4,10,0
2020-08-15,Tulare,107,460477,13310,12262,37,12299,211
2020-08-15,Tuolumne,109,53932,171,155,2,157,1
2020-08-15,Ventura,111,848112,10141,9379,40,9419,89
2020-08-15,Yolo,113,214977,2229,2031,4,2035,46
2020-08-15,Yuba,115,75493,730,623,2,625,1
2020-08-14,Alameda,001,1643700,16706,14909,123,15032,221
2020-08-14,Alpine,003,1148,3,2,0,2,0
2020-08-14,Amador,005,37829,259,209,0,209,9
2020-08-14,Butte,007,227075,1558,1384,13,1397,15
2020-08-14,Calaveras,009,45235,190,165,0,165,1
2020-08-14,Colusa,011,21464,426,399,0,399,5
2020-08-14,Contra Costa,013,1133247,12870,10893,42,10935,137
2020-08-14,Del Norte,015,27424,103,76,0,76,0
2020-08-14,El Dorado,017,186661,923,827,0,827,2
2020-08-14,Fresno,019,978130,25246,19900,237,20137,208
2020-08-14,Glenn,021,27897,421,395,0,395,2
2020-08-14,Humboldt,023,135768,340,294,1,295,4
2020-08-14,Imperial,025,180216,10901,8756,6,8762,185
2020-08-14,Inyo,027,18085,148,115,0,115,1
2020-08-14,Kern,029,883053,28217,25893,164,26057,249
2020-08-14,Kings,031,150075,5646,4953,30,4983,56
2020-08-14,Lake,033,64148,290,267,0,267,2
2020-08-14,Lassen,035,31185,708,665,2,667,0
2020-08-14,Los Angeles,037,10098052,226861,219083,875,219958,5222
2020-08-14,Madera,039,155013,3491,2876,19,2895,26
2020-08-14,Marin,041,260295,5867,5601,12,5613,46
2020-08-14,Mariposa,043,17540,70,61,0,61,2
2020-08-14,Mendocino,045,87422,513,432,0,432,8
2020-08-14,Merced,047,269075,7254,6466,3,6469,67
2020-08-14,Modoc,049,8938,7,5,0,5,0
2020-08-14,Mono,051,14174,162,126,1,127,1
2020-08-14,Monterey,053,433212,7049,6121,17,6138,41
2020-08-14,Napa,055,140530,1346,1230,2,1232,10
2020-08-14,Nevada,057,99092,405,377,12,389,2
2020-08-14,Orange,059,3164182,47616,42399,1021,43420,798
2020-08-14,Placer,061,380077,2772,2546,2,2548,26
2020-08-14,Plumas,063,18699,38,33,0,33,0
2020-08-14,Riverside,065,2383286,50178,46456,37,46493,891
2020-08-14,Sacramento,067,1510023,16041,13645,8,13653,212
2020-08-14,San Benito,069,59416,897,783,0,783,2
2020-08-14,San Bernardino,071,2135413,45825,40442,189,40631,594
2020-08-14,San Diego,073,3302833,36140,34067,176,34243,622
2020-08-14,San Francisco,075,870044,8665,7467,8,7475,69
2020-08-14,San Joaquin,077,732212,16988,14925,26,14951,276
2020-08-14,San Luis Obispo,079,281455,2665,2422,10,2432,17
2020-08-14,San Mateo,081,765935,7713,6655,4,6659,118
2020-08-14,Santa Barbara,083,443738,8066,7302,56,7358,77
2020-08-14,Santa Clara,085,1922200,15961,13785,19,13804,183
2020-08-14,Santa Cruz,087,273765,1627,1418,13,1431,6
2020-08-14,Shasta,089,179085,564,446,3,449,9
2020-08-14,Sierra,091,2930,6,5,0,5,0
2020-08-14,Siskiyou,093,43540,116,98,0,98,0
2020-08-14,Solano,095,438530,4985,4421,32,4453,31
2020-08-14,Sonoma,097,501317,4944,4087,13,4100,45
2020-08-14,Stanislaus,099,539301,13915,12379,191,12570,140
2020-08-14,Sutter,101,95872,1157,1039,1,1040,8
2020-08-14,Tehama,103,63373,357,305,2,307,1
2020-08-14,Trinity,105,12862,18,6,4,10,0
2020-08-14,Tulare,107,460477,13233,12009,37,12046,211
2020-08-14,Tuolumne,109,53932,170,155,2,157,1
2020-08-14,Ventura,111,848112,10066,9313,40,9353,89
2020-08-14,Yolo,113,214977,2215,1991,4,1995,45
2020-08-14,Yuba,115,75493,714,606,2,608,1
2020-08-13,Alameda,001,1643700,16432,14385,123,14508,218
2020-08-13,Alpine,003,1148,3,2,0,2,0
2020-08-13,Amador,005,37829,259,198,0,198,8
2020-08-13,Butte,007,227075,1533,1345,13,1358,15
2020-08-13,Calaveras,009,45235,188,162,0,162,1
2020-08-13,Colusa,011,21464,426,395,0,395,5
2020-08-13,Contra Costa,013,1133247,12716,10545,41,10586,136
2020-08-13,Del Norte,015,27424,102,74,0,74,0
2020-08-13,El Dorado,017,186661,918,803,0,803,2
2020-08-13,Fresno,019,978130,25022,19157,230,19387,201
2020-08-13,Glenn,021,27897,417,392,0,392,1
2020-08-13,Humboldt,023,135768,332,281,1,282,4
2020-08-13,Imperial,025,180216,10870,8640,6,8646,170
2020-08-13,Inyo,027,18085,144,97,0,97,1
2020-08-13,Kern,029,883053,28050,25472,161,25633,242
2020-08-13,Kings,031,150075,5612,4824,30,4854,52
2020-08-13,Lake,033,64148,285,263,0,263,2
2020-08-13,Lassen,035,31185,708,652,2,654,0
2020-08-13,Los Angeles,037,10098052,225462,216497,853,217350,5179
2020-08-13,Madera,039,155013,3448,2675,18,2693,25
2020-08-13,Marin,041,260295,5851,5503,12,5515,44
2020-08-13,Mariposa,043,17540,69,61,0,61,2
2020-08-13,Mendocino,045,87422,508,401,0,401,8
2020-08-13,Merced,047,269075,7136,5945,3,5948,63
2020-08-13,Modoc,049,8938,7,5,0,5,0
2020-08-13,Mono,051,14174,162,124,1,125,1
2020-08-13,Monterey,053,433212,6966,5925,17,5942,38
2020-08-13,Napa,055,140530,1337,1179,2,1181,10
2020-08-13,Nevada,057,99092,401,362,12,374,1
2020-08-13,Orange,059,3164182,47377,42019,1009,43028,773
2020-08-13,Placer,061,380077,2751,2460,2,2462,26
2020-08-13,Plumas,063,18699,38,32,0,32,0
2020-08-13,Riverside,065,2383286,49884,45327,37,45364,885
2020-08-13,Sacramento,067,1510023,15839,13237,8,13245,197
2020-08-13,San Benito,069,59416,868,757,0,757,2
2020-08-13,San Bernardino,071,2135413,45431,39395,183,39578,591
2020-08-13,San Diego,073,3302833,35904,33661,158,33819,627
2020-08-13,San Francisco,075,870044,8571,7277,8,7285,69
2020-08-13,San Joaquin,077,732212,16834,14537,25,14562,261
2020-08-13,San Luis Obispo,079,281455,2644,2283,10,2293,16
2020-08-13,San Mateo,081,765935,7651,6503,4,6507,117
2020-08-13,Santa Barbara,083,443738,8021,7129,55,7184,74
2020-08-13,Santa Clara,085,1922200,15738,13257,19,13276,182
2020-08-13,Santa Cruz,087,273765,1602,1383,13,1396,6
2020-08-13,Shasta,089,179085,560,428,3,431,9
2020-08-13,Sierra,091,2930,6,5,0,5,0
2020-08-13,Siskiyou,093,43540,116,95,0,95,0
2020-08-13,Solano,095,438530,4948,4305,32,4337,31
2020-08-13,Sonoma,097,501317,4870,3902,13,3915,45
2020-08-13,Stanislaus,099,539301,13785,11953,175,12128,136
2020-08-13,Sutter,101,95872,1136,992,1,993,8
2020-08-13,Tehama,103,63373,348,302,2,304,1
2020-08-13,Trinity,105,12862,17,6,4,10,0
2020-08-13,Tulare,107,460477,13090,11692,34,11726,210
2020-08-13,Tuolumne,109,53932,169,152,2,154,1
2020-08-13,Ventura,111,848112,9977,9114,40,9154,90
2020-08-13,Yolo,113,214977,2188,1938,4,1942,44
2020-08-13,Yuba,115,75493,698,568,2,570,1
2020-08-12,Alameda,001,1643700,16219,14214,123,14337,215
2020-08-12,Alpine,003,1148,3,2,0,2,0
2020-08-12,Amador,005,37829,256,197,0,197,8
2020-08-12,Butte,007,227075,1505,1317,13,1330,15
2020-08-12,Calaveras,009,45235,185,157,0,157,1
2020-08-12,Colusa,011,21464,421,394,0,394,5
2020-08-12,Contra Costa,013,1133247,12572,10304,39,10343,134
2020-08-12,Del Norte,015,27424,101,74,0,74,0
2020-08-12,El Dorado,017,186661,900,794,0,794,2
2020-08-12,Fresno,019,978130,24792,18690,224,18914,194
2020-08-12,Glenn,021,27897,414,388,0,388,1
2020-08-12,Humboldt,023,135768,325,281,1,282,4
2020-08-12,Imperial,025,180216,10848,8566,6,8572,167
2020-08-12,Inyo,027,18085,127,97,0,97,1
2020-08-12,Kern,029,883053,27859,25191,159,25350,232
2020-08-12,Kings,031,150075,5573,4736,30,4766,50
2020-08-12,Lake,033,64148,283,253,0,253,2
2020-08-12,Lassen,035,31185,707,651,2,653,0
2020-08-12,Los Angeles,037,10098052,224006,214542,837,215379,5119
2020-08-12,Madera,039,155013,3414,2681,16,2697,23
2020-08-12,Marin,041,260295,5829,5423,12,5435,44
2020-08-12,Mariposa,043,17540,69,61,0,61,2
2020-08-12,Mendocino,045,87422,489,386,0,386,9
2020-08-12,Merced,047,269075,7074,5777,3,5780,66
2020-08-12,Modoc,049,8938,7,5,0,5,0
2020-08-12,Mono,051,14174,161,124,1,125,1
2020-08-12,Monterey,053,433212,6862,5919,17,5936,38
2020-08-12,Napa,055,140530,1327,1161,2,1163,10
2020-08-12,Nevada,057,99092,396,357,12,369,1
2020-08-12,Orange,059,3164182,47126,41576,984,42560,754
2020-08-12,Placer,061,380077,2718,2417,2,2419,25
2020-08-12,Plumas,063,18699,38,31,0,31,0
2020-08-12,Riverside,065,2383286,49535,44747,37,44784,867
2020-08-12,Sacramento,067,1510023,15627,12528,8,12536,189
2020-08-12,San Benito,069,59416,855,751,0,751,2
2020-08-12,San Bernardino,071,2135413,45089,38811,174,38985,589
2020-08-12,San Diego,073,3302833,35695,33395,138,33533,608
2020-08-12,San Francisco,075,870044,8487,7194,8,7202,66
2020-08-12,San Joaquin,077,732212,16691,14154,25,14179,253
2020-08-12,San Luis Obispo,079,281455,2619,2263,10,2273,15
2020-08-12,San Mateo,081,765935,7572,6427,4,6431,117
2020-08-12,Santa Barbara,083,443738,7961,7049,53,7102,74
2020-08-12,Santa Clara,085,1922200,15562,13002,19,13021,182
2020-08-12,Santa Cruz,087,273765,1573,1382,12,1394,6
2020-08-12,Shasta,089,179085,556,417,3,420,9
2020-08-12,Sierra,091,2930,5,4,0,4,0
2020-08-12,Siskiyou,093,43540,115,90,0,90,0
2020-08-12,Solano,095,438530,4903,4258,32,4290,31
2020-08-12,Sonoma,097,501317,4796,3847,13,3860,47
2020-08-12,Stanislaus,099,539301,13647,11682,166,11848,136
2020-08-12,Sutter,101,95872,1112,987,1,988,7
2020-08-12,Tehama,103,63373,338,289,2,291,1
2020-08-12,Trinity,105,12862,16,6,4,10,0
2020-08-12,Tulare,107,460477,12962,11460,34,11494,211
2020-08-12,Tuolumne,109,53932,168,150,2,152,1
2020-08-12,Ventura,111,848112,9892,9005,39,9044,87
2020-08-12,Yolo,113,214977,2164,1921,4,1925,44
2020-08-12,Yuba,115,75493,676,549,1,550,1
2020-08-11,Alameda,001,1643700,15961,13960,120,14080,204
2020-08-11,Alpine,003,1148,3,2,0,2,0
2020-08-11,Amador,005,37829,250,187,0,187,3
2020-08-11,Butte,007,227075,1478,1296,13,1309,15
2020-08-11,Calaveras,009,45235,183,161,0,161,1
2020-08-11,Colusa,011,21464,416,390,0,390,5
2020-08-11,Contra Costa,013,1133247,12383,10012,37,10049,131
2020-08-11,Del Norte,015,27424,100,73,0,73,0
2020-08-11,El Dorado,017,186661,893,786,0,786,2
2020-08-11,Fresno,019,978130,24471,18344,221,18565,187
2020-08-11,Glenn,021,27897,412,380,0,380,1
2020-08-11,Humboldt,023,135768,320,283,1,284,4
2020-08-11,Imperial,025,180216,10792,8518,6,8524,165
2020-08-11,Inyo,027,18085,122,97,0,97,1
2020-08-11,Kern,029,883053,27525,25042,156,25198,230
2020-08-11,Kings,031,150075,5387,4696,30,4726,50
2020-08-11,Lake,033,64148,280,243,0,243,2
2020-08-11,Lassen,035,31185,701,605,2,607,0
2020-08-11,Los Angeles,037,10098052,222505,212421,812,213233,5065
2020-08-11,Madera,039,155013,3360,2673,16,2689,22
2020-08-11,Marin,041,260295,5801,5287,11,5298,44
2020-08-11,Mariposa,043,17540,68,60,0,60,2
2020-08-11,Mendocino,045,87422,479,385,0,385,9
2020-08-11,Merced,047,269075,6979,5322,2,5324,65
2020-08-11,Modoc,049,8938,7,5,0,5,0
2020-08-11,Mono,051,14174,161,124,1,125,1
2020-08-11,Monterey,053,433212,6754,5624,17,5641,36
2020-08-11,Napa,055,140530,1316,1143,1,1144,11
2020-08-11,Nevada,057,99092,393,358,12,370,1
2020-08-11,Orange,059,3164182,46906,41205,961,42166,742
2020-08-11,Placer,061,380077,2686,2393,2,2395,24
2020-08-11,Plumas,063,18699,38,31,0,31,0
2020-08-11,Riverside,065,2383286,49176,44237,37,44274,836
2020-08-11,Sacramento,067,1510023,15336,12298,7,12305,182
2020-08-11,San Benito,069,59416,843,750,0,750,2
2020-08-11,San Bernardino,071,2135413,44748,38467,167,38634,584
2020-08-11,San Diego,073,3302833,35428,33159,119,33278,602
2020-08-11,San Francisco,075,870044,8391,6988,8,6996,66
2020-08-11,San Joaquin,077,732212,16514,13997,20,14017,251
2020-08-11,San Luis Obispo,079,281455,2562,2234,10,2244,15
2020-08-11,San Mateo,081,765935,7497,6339,4,6343,117
2020-08-11,Santa Barbara,083,443738,7911,6942,53,6995,70
2020-08-11,Santa Clara,085,1922200,15341,12920,19,12939,183
2020-08-11,Santa Cruz,087,273765,1550,1352,12,1364,4
2020-08-11,Shasta,089,179085,552,416,3,419,9
2020-08-11,Sierra,091,2930,5,4,0,4,0
2020-08-11,Siskiyou,093,43540,115,90,0,90,0
2020-08-11,Solano,095,438530,4855,4206,31,4237,31
2020-08-11,Sonoma,097,501317,4702,3752,13,3765,45
2020-08-11,Stanislaus,099,539301,13543,11592,154,11746,128
2020-08-11,Sutter,101,95872,1090,964,1,965,7
2020-08-11,Tehama,103,63373,334,289,2,291,1
2020-08-11,Trinity,105,12862,16,5,4,9,0
2020-08-11,Tulare,107,460477,12837,11392,33,11425,201
2020-08-11,Tuolumne,109,53932,164,146,2,148,1
2020-08-11,Ventura,111,848112,9824,8953,38,8991,88
2020-08-11,Yolo,113,214977,2142,1912,4,1916,44
2020-08-11,Yuba,115,75493,665,540,1,541,1
2020-08-10,Alameda,001,1643700,15719,13420,119,13539,203
2020-08-10,Alpine,003,1148,3,2,0,2,0
2020-08-10,Amador,005,37829,249,172,0,172,2
2020-08-10,Butte,007,227075,1454,1174,12,1186,15
2020-08-10,Calaveras,009,45235,173,121,0,121,1
2020-08-10,Colusa,011,21464,414,387,0,387,4
2020-08-10,Contra Costa,013,1133247,12230,9454,35,9489,130
2020-08-10,Del Norte,015,27424,98,69,0,69,0
2020-08-10,El Dorado,017,186661,881,771,0,771,2
2020-08-10,Fresno,019,978130,24190,17978,220,18198,183
2020-08-10,Glenn,021,27897,409,381,0,381,1
2020-08-10,Humboldt,023,135768,314,277,1,278,4
2020-08-10,Imperial,025,180216,10748,8465,6,8471,165
2020-08-10,Inyo,027,18085,122,97,0,97,1
2020-08-10,Kern,029,883053,27299,24499,155,24654,215
2020-08-10,Kings,031,150075,5281,4588,30,4618,50
2020-08-10,Lake,033,64148,273,239,0,239,2
2020-08-10,Lassen,035,31185,701,588,2,590,0
2020-08-10,Los Angeles,037,10098052,220920,211035,794,211829,5003
2020-08-10,Madera,039,155013,3327,2365,15,2380,22
2020-08-10,Marin,041,260295,5756,5242,10,5252,44
2020-08-10,Mariposa,043,17540,68,57,0,57,2
2020-08-10,Mendocino,045,87422,455,364,0,364,1
2020-08-10,Merced,047,269075,6898,4913,2,4915,51
2020-08-10,Modoc,049,8938,7,5,0,5,0
2020-08-10,Mono,051,14174,161,123,1,124,1
2020-08-10,Monterey,053,433212,6644,5358,17,5375,34
2020-08-10,Napa,055,140530,1298,1084,1,1085,8
2020-08-10,Nevada,057,99092,385,356,12,368,1
2020-08-10,Orange,059,3164182,46638,40445,943,41388,721
2020-08-10,Placer,061,380077,2647,2298,2,2300,21
2020-08-10,Plumas,063,18699,38,27,0,27,0
2020-08-10,Riverside,065,2383286,48790,43296,36,43332,830
2020-08-10,Sacramento,067,1510023,15025,12059,7,12066,168
2020-08-10,San Benito,069,59416,830,743,0,743,2
2020-08-10,San Bernardino,071,2135413,44371,37367,156,37523,579
2020-08-10,San Diego,073,3302833,35162,32977,103,33080,594
2020-08-10,San Francisco,075,870044,8301,6816,7,6823,66
2020-08-10,San Joaquin,077,732212,16332,13308,20,13328,240
2020-08-10,San Luis Obispo,079,281455,2463,2208,10,2218,15
2020-08-10,San Mateo,081,765935,7420,6222,4,6226,117
2020-08-10,Santa Barbara,083,443738,7856,6869,53,6922,66
2020-08-10,Santa Clara,085,1922200,15081,12615,19,12634,182
2020-08-10,Santa Cruz,087,273765,1530,1239,11,1250,4
2020-08-10,Shasta,089,179085,548,384,3,387,9
2020-08-10,Sierra,091,2930,5,3,0,3,0
2020-08-10,Siskiyou,093,43540,112,88,0,88,0
2020-08-10,Solano,095,438530,4795,4101,31,4132,31
2020-08-10,Sonoma,097,501317,4533,3640,9,3649,42
2020-08-10,Stanislaus,099,539301,13361,10855,137,10992,106
2020-08-10,Sutter,101,95872,1065,865,1,866,7
2020-08-10,Tehama,103,63373,327,282,2,284,1
2020-08-10,Trinity,105,12862,14,5,4,9,0
2020-08-10,Tulare,107,460477,12664,10750,31,10781,194
2020-08-10,Tuolumne,109,53932,164,143,1,144,1
2020-08-10,Ventura,111,848112,9740,8851,37,8888,85
2020-08-10,Yolo,113,214977,2119,1840,4,1844,45
2020-08-10,Yuba,115,75493,648,527,1,528,1
2020-08-09,Alameda,001,1643700,15440,13241,117,13358,203
2020-08-09,Alpine,003,1148,3,2,0,2,0
2020-08-09,Amador,005,37829,244,153,0,153,2
2020-08-09,Butte,007,227075,1410,1155,12,1167,15
2020-08-09,Calaveras,009,45235,168,122,0,122,1
2020-08-09,Colusa,011,21464,410,371,0,371,4
2020-08-09,Contra Costa,013,1133247,12003,9214,33,9247,130
2020-08-09,Del Norte,015,27424,98,69,0,69,0
2020-08-09,El Dorado,017,186661,873,748,0,748,2
2020-08-09,Fresno,019,978130,23882,17846,216,18062,183
2020-08-09,Glenn,021,27897,407,354,0,354,1
2020-08-09,Humboldt,023,135768,308,279,1,280,4
2020-08-09,Imperial,025,180216,10704,8310,5,8315,165
2020-08-09,Inyo,027,18085,117,86,0,86,1
2020-08-09,Kern,029,883053,27043,23680,155,23835,215
2020-08-09,Kings,031,150075,5238,4446,29,4475,50
2020-08-09,Lake,033,64148,266,225,0,225,2
2020-08-09,Lassen,035,31185,695,589,2,591,0
2020-08-09,Los Angeles,037,10098052,218854,208810,771,209581,4984
2020-08-09,Madera,039,155013,3268,2322,11,2333,22
2020-08-09,Marin,041,260295,5713,5204,10,5214,44
2020-08-09,Mariposa,043,17540,66,56,0,56,2
2020-08-09,Mendocino,045,87422,445,283,0,283,1
2020-08-09,Merced,047,269075,6800,4735,1,4736,51
2020-08-09,Modoc,049,8938,7,4,0,4,0
2020-08-09,Mono,051,14174,160,113,1,114,1
2020-08-09,Monterey,053,433212,6520,5199,17,5216,34
2020-08-09,Napa,055,140530,1279,1062,1,1063,8
2020-08-09,Nevada,057,99092,377,332,12,344,1
2020-08-09,Orange,059,3164182,46339,39244,928,40172,722
2020-08-09,Placer,061,380077,2618,2211,2,2213,20
2020-08-09,Plumas,063,18699,38,27,0,27,0
2020-08-09,Riverside,065,2383286,48446,41894,35,41929,828
2020-08-09,Sacramento,067,1510023,14745,11301,7,11308,167
2020-08-09,San Benito,069,59416,811,687,0,687,2
2020-08-09,San Bernardino,071,2135413,43896,36092,156,36248,579
2020-08-09,San Diego,073,3302833,34871,32749,92,32841,594
2020-08-09,San Francisco,075,870044,8186,6820,7,6827,66
2020-08-09,San Joaquin,077,732212,16127,12933,19,12952,240
2020-08-09,San Luis Obispo,079,281455,2427,2124,10,2134,15
2020-08-09,San Mateo,081,765935,7325,6094,4,6098,117
2020-08-09,Santa Barbara,083,443738,7769,6669,53,6722,66
2020-08-09,Santa Clara,085,1922200,14811,11878,19,11897,181
2020-08-09,Santa Cruz,087,273765,1506,1246,11,1257,4
2020-08-09,Shasta,089,179085,544,361,3,364,9
2020-08-09,Sierra,091,2930,5,3,0,3,0
2020-08-09,Siskiyou,093,43540,111,74,0,74,0
2020-08-09,Solano,095,438530,4742,3954,30,3984,31
2020-08-09,Sonoma,097,501317,4397,3531,7,3538,41
2020-08-09,Stanislaus,099,539301,13153,10264,124,10388,106
2020-08-09,Sutter,101,95872,1031,857,1,858,7
2020-08-09,Tehama,103,63373,319,265,2,267,1
2020-08-09,Trinity,105,12862,14,5,4,9,0
2020-08-09,Tulare,107,460477,12472,10630,28,10658,194
2020-08-09,Tuolumne,109,53932,161,143,1,144,1
2020-08-09,Ventura,111,848112,9593,8633,36,8669,85
2020-08-09,Yolo,113,214977,2088,1765,4,1769,44
2020-08-09,Yuba,115,75493,628,442,1,443,1
2020-08-08,Alameda,001,1643700,15330,13087,117,13204,204
2020-08-08,Alpine,003,1148,3,2,0,2,0
2020-08-08,Amador,005,37829,244,139,0,139,2
2020-08-08,Butte,007,227075,1392,1140,12,1152,15
2020-08-08,Calaveras,009,45235,167,122,0,122,1
2020-08-08,Colusa,011,21464,409,368,0,368,4
2020-08-08,Contra Costa,013,1133247,11894,9104,33,9137,129
2020-08-08,Del Norte,015,27424,97,69,0,69,0
2020-08-08,El Dorado,017,186661,866,734,0,734,2
2020-08-08,Fresno,019,978130,23746,17538,214,17752,183
2020-08-08,Glenn,021,27897,407,344,0,344,1
2020-08-08,Humboldt,023,135768,305,277,1,278,4
2020-08-08,Imperial,025,180216,10689,8213,5,8218,165
2020-08-08,Inyo,027,18085,113,86,0,86,1
2020-08-08,Kern,029,883053,26929,22803,155,22958,215
2020-08-08,Kings,031,150075,5224,4367,29,4396,49
2020-08-08,Lake,033,64148,264,221,0,221,2
2020-08-08,Lassen,035,31185,695,589,2,591,0
2020-08-08,Los Angeles,037,10098052,217967,206971,760,207731,4974
2020-08-08,Madera,039,155013,3237,2275,11,2286,22
2020-08-08,Marin,041,260295,5693,5118,10,5128,44
2020-08-08,Mariposa,043,17540,65,55,0,55,2
2020-08-08,Mendocino,045,87422,443,264,0,264,1
2020-08-08,Merced,047,269075,6760,4570,1,4571,51
2020-08-08,Modoc,049,8938,7,4,0,4,0
2020-08-08,Mono,051,14174,160,113,1,114,1
2020-08-08,Monterey,053,433212,6462,5101,17,5118,33
2020-08-08,Napa,055,140530,1271,1062,1,1063,8
2020-08-08,Nevada,057,99092,375,325,12,337,1
2020-08-08,Orange,059,3164182,46213,38688,919,39607,718
2020-08-08,Placer,061,380077,2601,2153,2,2155,20
2020-08-08,Plumas,063,18699,38,27,0,27,0
2020-08-08,Riverside,065,2383286,48242,41412,35,41447,823
2020-08-08,Sacramento,067,1510023,14616,11144,7,11151,166
2020-08-08,San Benito,069,59416,803,684,0,684,2
2020-08-08,San Bernardino,071,2135413,43700,35691,155,35846,531
2020-08-08,San Diego,073,3302833,34682,32332,83,32415,593
2020-08-08,San Francisco,075,870044,8120,6820,7,6827,66
2020-08-08,San Joaquin,077,732212,16046,12559,18,12577,240
2020-08-08,San Luis Obispo,079,281455,2404,2081,10,2091,15
2020-08-08,San Mateo,081,765935,7266,6021,4,6025,117
2020-08-08,Santa Barbara,083,443738,7731,6598,53,6651,66
2020-08-08,Santa Clara,085,1922200,14659,11615,19,11634,181
2020-08-08,Santa Cruz,087,273765,1492,1247,11,1258,4
2020-08-08,Shasta,089,179085,542,343,3,346,9
2020-08-08,Sierra,091,2930,5,3,0,3,0
2020-08-08,Siskiyou,093,43540,111,73,0,73,0
2020-08-08,Solano,095,438530,4721,3889,29,3918,31
2020-08-08,Sonoma,097,501317,4365,3399,7,3406,41
2020-08-08,Stanislaus,099,539301,13078,9963,118,10081,105
2020-08-08,Sutter,101,95872,1021,830,1,831,7
2020-08-08,Tehama,103,63373,318,251,2,253,1
2020-08-08,Trinity,105,12862,14,5,4,9,0
2020-08-08,Tulare,107,460477,12396,10505,28,10533,192
2020-08-08,Tuolumne,109,53932,161,143,1,144,1
2020-08-08,Ventura,111,848112,9539,8462,35,8497,85
2020-08-08,Yolo,113,214977,2075,1725,4,1729,44
2020-08-08,Yuba,115,75493,619,430,1,431,1
2020-08-07,Alameda,001,1643700,15221,12805,117,12922,204
2020-08-07,Alpine,003,1148,3,2,0,2,0
2020-08-07,Amador,005,37829,242,125,0,125,2
2020-08-07,Butte,007,227075,1374,1092,12,1104,13
2020-08-07,Calaveras,009,45235,167,119,0,119,1
2020-08-07,Colusa,011,21464,408,358,0,358,4
2020-08-07,Contra Costa,013,1133247,11745,8810,33,8843,126
2020-08-07,Del Norte,015,27424,97,69,0,69,0
2020-08-07,El Dorado,017,186661,861,724,0,724,2
2020-08-07,Fresno,019,978130,23586,17290,214,17504,171
2020-08-07,Glenn,021,27897,406,339,0,339,1
2020-08-07,Humboldt,023,135768,301,274,1,275,4
2020-08-07,Imperial,025,180216,10664,8085,5,8090,164
2020-08-07,Inyo,027,18085,112,81,0,81,1
2020-08-07,Kern,029,883053,26803,22143,152,22295,206
2020-08-07,Kings,031,150075,5207,4315,29,4344,48
2020-08-07,Lake,033,64148,262,215,0,215,1
2020-08-07,Lassen,035,31185,694,588,2,590,0
2020-08-07,Los Angeles,037,10098052,216509,204406,748,205154,4924
2020-08-07,Madera,039,155013,3205,2245,11,2256,20
2020-08-07,Marin,041,260295,5664,5094,10,5104,43
2020-08-07,Mariposa,043,17540,65,53,0,53,2
2020-08-07,Mendocino,045,87422,429,262,0,262,1
2020-08-07,Merced,047,269075,6717,4358,1,4359,30
2020-08-07,Modoc,049,8938,7,4,0,4,0
2020-08-07,Mono,051,14174,160,112,1,113,1
2020-08-07,Monterey,053,433212,6387,5041,17,5058,33
2020-08-07,Napa,055,140530,1266,1055,1,1056,8
2020-08-07,Nevada,057,99092,372,324,12,336,1
2020-08-07,Orange,059,3164182,46001,38459,902,39361,701
2020-08-07,Placer,061,380077,2584,2078,2,2080,20
2020-08-07,Plumas,063,18699,38,25,0,25,0
2020-08-07,Riverside,065,2383286,47978,40902,34,40936,810
2020-08-07,Sacramento,067,1510023,14471,10798,7,10805,160
2020-08-07,San Benito,069,59416,797,647,0,647,2
2020-08-07,San Bernardino,071,2135413,43454,35200,154,35354,524
2020-08-07,San Diego,073,3302833,34497,31781,80,31861,586
2020-08-07,San Francisco,075,870044,8042,6765,7,6772,66
2020-08-07,San Joaquin,077,732212,15962,12392,18,12410,223
2020-08-07,San Luis Obispo,079,281455,2373,2050,10,2060,14
2020-08-07,San Mateo,081,765935,7207,5948,4,5952,117
2020-08-07,Santa Barbara,083,443738,7680,6509,53,6562,66
2020-08-07,Santa Clara,085,1922200,14460,11409,19,11428,180
2020-08-07,Santa Cruz,087,273765,1474,1234,11,1245,5
2020-08-07,Shasta,089,179085,537,342,3,345,9
2020-08-07,Sierra,091,2930,5,3,0,3,0
2020-08-07,Siskiyou,093,43540,108,73,0,73,0
2020-08-07,Solano,095,438530,4689,3844,28,3872,31
2020-08-07,Sonoma,097,501317,4301,3329,7,3336,34
2020-08-07,Stanislaus,099,539301,12957,9665,107,9772,98
2020-08-07,Sutter,101,95872,1017,807,1,808,6
2020-08-07,Tehama,103,63373,314,246,2,248,1
2020-08-07,Trinity,105,12862,13,5,4,9,0
2020-08-07,Tulare,107,460477,12319,10292,28,10320,195
2020-08-07,Tuolumne,109,53932,160,136,1,137,1
2020-08-07,Ventura,111,848112,9479,8356,33,8389,84
2020-08-07,Yolo,113,214977,2049,1689,4,1693,37
2020-08-07,Yuba,115,75493,614,413,1,414,1
2020-08-06,Alameda,001,1643700,14999,12474,116,12590,200
2020-08-06,Alpine,003,1148,3,2,0,2,0
2020-08-06,Amador,005,37829,228,125,0,125,0
2020-08-06,Butte,007,227075,1355,1060,12,1072,13
2020-08-06,Calaveras,009,45235,165,117,0,117,1
2020-08-06,Colusa,011,21464,405,358,0,358,3
2020-08-06,Contra Costa,013,1133247,11551,8583,32,8615,124
2020-08-06,Del Norte,015,27424,97,69,0,69,0
2020-08-06,El Dorado,017,186661,850,703,0,703,1
2020-08-06,Fresno,019,978130,23291,17031,206,17237,161
2020-08-06,Glenn,021,27897,401,332,0,332,1
2020-08-06,Humboldt,023,135768,296,266,1,267,4
2020-08-06,Imperial,025,180216,10621,8064,5,8069,163
2020-08-06,Inyo,027,18085,104,83,0,83,1
2020-08-06,Kern,029,883053,26567,21843,151,21994,197
2020-08-06,Kings,031,150075,5147,4264,27,4291,47
2020-08-06,Lake,033,64148,259,209,0,209,1
2020-08-06,Lassen,035,31185,692,588,2,590,0
2020-08-06,Los Angeles,037,10098052,214429,201372,731,202103,4874
2020-08-06,Madera,039,155013,3157,2240,10,2250,19
2020-08-06,Marin,041,260295,5632,5058,10,5068,43
2020-08-06,Mariposa,043,17540,64,52,0,52,2
2020-08-06,Mendocino,045,87422,415,260,0,260,1
2020-08-06,Merced,047,269075,6616,4235,1,4236,30
2020-08-06,Modoc,049,8938,7,4,0,4,0
2020-08-06,Mono,051,14174,159,111,1,112,1
2020-08-06,Monterey,053,433212,6278,5001,16,5017,33
2020-08-06,Napa,055,140530,1252,1032,1,1033,8
2020-08-06,Nevada,057,99092,367,321,12,333,1
2020-08-06,Orange,059,3164182,45709,38399,897,39296,694
2020-08-06,Placer,061,380077,2557,2045,2,2047,20
2020-08-06,Plumas,063,18699,37,25,0,25,0
2020-08-06,Riverside,065,2383286,47583,40269,34,40303,781
2020-08-06,Sacramento,067,1510023,14242,10548,7,10555,153
2020-08-06,San Benito,069,59416,789,626,0,626,2
2020-08-06,San Bernardino,071,2135413,43051,34819,151,34970,516
2020-08-06,San Diego,073,3302833,34230,31129,73,31202,583
2020-08-06,San Francisco,075,870044,7949,6737,6,6743,60
2020-08-06,San Joaquin,077,732212,15803,12269,18,12287,203
2020-08-06,San Luis Obispo,079,281455,2349,2000,9,2009,13
2020-08-06,San Mateo,081,765935,7107,5885,4,5889,117
2020-08-06,Santa Barbara,083,443738,7620,6620,53,6673,65
2020-08-06,Santa Clara,085,1922200,14231,11280,19,11299,178
2020-08-06,Santa Cruz,087,273765,1453,1215,11,1226,4
2020-08-06,Shasta,089,179085,528,343,3,346,9
2020-08-06,Sierra,091,2930,5,3,0,3,0
2020-08-06,Siskiyou,093,43540,108,73,0,73,0
2020-08-06,Solano,095,438530,4646,3784,28,3812,29
2020-08-06,Sonoma,097,501317,4237,3259,7,3266,33
2020-08-06,Stanislaus,099,539301,12808,9566,90,9656,98
2020-08-06,Sutter,101,95872,986,797,1,798,6
2020-08-06,Tehama,103,63373,311,242,2,244,1
2020-08-06,Trinity,105,12862,11,5,4,9,0
2020-08-06,Tulare,107,460477,12160,10169,28,10197,195
2020-08-06,Tuolumne,109,53932,159,136,1,137,1
2020-08-06,Ventura,111,848112,9368,8245,30,8275,80
2020-08-06,Yolo,113,214977,2025,1662,4,1666,36
2020-08-06,Yuba,115,75493,605,407,0,407,1
2020-08-05,Alameda,001,1643700,14786,12140,115,12255,193
2020-08-05,Alpine,003,1148,3,2,0,2,0
2020-08-05,Amador,005,37829,218,123,0,123,0
2020-08-05,Butte,007,227075,1321,1038,12,1050,13
2020-08-05,Calaveras,009,45235,162,116,0,116,1
2020-08-05,Colusa,011,21464,401,354,0,354,3
2020-08-05,Contra Costa,013,1133247,11387,8362,32,8394,122
2020-08-05,Del Norte,015,27424,96,69,0,69,0
2020-08-05,El Dorado,017,186661,842,692,0,692,1
2020-08-05,Fresno,019,978130,23049,16625,199,16824,159
2020-08-05,Glenn,021,27897,398,330,0,330,1
2020-08-05,Humboldt,023,135768,294,249,1,250,4
2020-08-05,Imperial,025,180216,10586,8036,5,8041,163
2020-08-05,Inyo,027,18085,102,62,0,62,1
2020-08-05,Kern,029,883053,26379,21540,146,21686,194
2020-08-05,Kings,031,150075,5102,4192,25,4217,47
2020-08-05,Lake,033,64148,252,209,0,209,1
2020-08-05,Lassen,035,31185,645,557,2,559,0
2020-08-05,Los Angeles,037,10098052,212511,198355,710,199065,4832
2020-08-05,Madera,039,155013,3115,2172,10,2182,19
2020-08-05,Marin,041,260295,5600,5036,10,5046,43
2020-08-05,Mariposa,043,17540,64,52,0,52,2
2020-08-05,Mendocino,045,87422,403,248,0,248,1
2020-08-05,Merced,047,269075,6481,4119,1,4120,30
2020-08-05,Modoc,049,8938,7,3,0,3,0
2020-08-05,Mono,051,14174,159,104,1,105,1
2020-08-05,Monterey,053,433212,6163,4936,16,4952,32
2020-08-05,Napa,055,140530,1240,1020,1,1021,8
2020-08-05,Nevada,057,99092,358,327,12,339,2
2020-08-05,Orange,059,3164182,45400,37907,890,38797,663
2020-08-05,Placer,061,380077,2516,1989,2,1991,18
2020-08-05,Plumas,063,18699,36,25,0,25,0
2020-08-05,Riverside,065,2383286,47192,39454,32,39486,761
2020-08-05,Sacramento,067,1510023,14023,10261,6,10267,151
2020-08-05,San Benito,069,59416,780,613,0,613,2
2020-08-05,San Bernardino,071,2135413,42588,34442,146,34588,504
2020-08-05,San Diego,073,3302833,34006,30866,57,30923,578
2020-08-05,San Francisco,075,870044,7856,6701,6,6707,60
2020-08-05,San Joaquin,077,732212,15640,12148,18,12166,199
2020-08-05,San Luis Obispo,079,281455,2326,1928,9,1937,13
2020-08-05,San Mateo,081,765935,7011,5695,4,5699,116
2020-08-05,Santa Barbara,083,443738,7559,6597,53,6650,63
2020-08-05,Santa Clara,085,1922200,13996,11074,19,11093,176
2020-08-05,Santa Cruz,087,273765,1433,1192,9,1201,4
2020-08-05,Shasta,089,179085,522,338,3,341,9
2020-08-05,Sierra,091,2930,5,3,0,3,0
2020-08-05,Siskiyou,093,43540,104,72,0,72,0
2020-08-05,Solano,095,438530,4595,3750,27,3777,29
2020-08-05,Sonoma,097,501317,4155,3173,7,3180,33
2020-08-05,Stanislaus,099,539301,12649,9408,85,9493,97
2020-08-05,Sutter,101,95872,975,780,1,781,6
2020-08-05,Tehama,103,63373,308,231,2,233,1
2020-08-05,Trinity,105,12862,11,5,4,9,0
2020-08-05,Tulare,107,460477,12020,9924,28,9952,192
2020-08-05,Tuolumne,109,53932,159,137,1,138,0
2020-08-05,Ventura,111,848112,9260,8162,27,8189,75
2020-08-05,Yolo,113,214977,1997,1634,4,1638,36
2020-08-05,Yuba,115,75493,588,400,0,400,1
2020-08-04,Alameda,001,1643700,14569,11983,114,12097,192
2020-08-04,Alpine,003,1148,3,2,0,2,0
2020-08-04,Amador,005,37829,203,123,0,123,0
2020-08-04,Butte,007,227075,1297,1011,12,1023,10
2020-08-04,Calaveras,009,45235,158,116,0,116,1
2020-08-04,Colusa,011,21464,396,354,0,354,3
2020-08-04,Contra Costa,013,1133247,11221,8210,32,8242,122
2020-08-04,Del Norte,015,27424,94,69,0,69,0
2020-08-04,El Dorado,017,186661,832,668,0,668,1
2020-08-04,Fresno,019,978130,22765,16272,191,16463,154
2020-08-04,Glenn,021,27897,397,325,0,325,1
2020-08-04,Humboldt,023,135768,284,241,1,242,4
2020-08-04,Imperial,025,180216,10549,7974,5,7979,163
2020-08-04,Inyo,027,18085,88,59,0,59,1
2020-08-04,Kern,029,883053,26095,21403,146,21549,190
2020-08-04,Kings,031,150075,5040,4163,25,4188,47
2020-08-04,Lake,033,64148,252,206,0,206,1
2020-08-04,Lassen,035,31185,642,556,2,558,0
2020-08-04,Los Angeles,037,10098052,210550,196014,679,196693,4764
2020-08-04,Madera,039,155013,3072,2161,5,2166,19
2020-08-04,Marin,041,260295,5569,5020,9,5029,43
2020-08-04,Mariposa,043,17540,64,51,0,51,2
2020-08-04,Mendocino,045,87422,378,248,0,248,1
2020-08-04,Merced,047,269075,6367,4085,1,4086,30
2020-08-04,Modoc,049,8938,7,3,0,3,0
2020-08-04,Mono,051,14174,158,104,0,104,1
2020-08-04,Monterey,053,433212,6049,4892,16,4908,32
2020-08-04,Napa,055,140530,1227,994,0,994,8
2020-08-04,Nevada,057,99092,357,322,12,334,2
2020-08-04,Orange,059,3164182,45026,37844,885,38729,659
2020-08-04,Placer,061,380077,2478,1964,2,1966,17
2020-08-04,Plumas,063,18699,36,25,0,25,0
2020-08-04,Riverside,065,2383286,46807,38991,31,39022,743
2020-08-04,Sacramento,067,1510023,13806,10205,6,10211,146
2020-08-04,San Benito,069,59416,764,608,0,608,2
2020-08-04,San Bernardino,071,2135413,42041,34215,140,34355,495
2020-08-04,San Diego,073,3302833,33713,30518,45,30563,568
2020-08-04,San Francisco,075,870044,7769,6568,6,6574,60
2020-08-04,San Joaquin,077,732212,15511,12087,15,12102,189
2020-08-04,San Luis Obispo,079,281455,2296,1886,9,1895,13
2020-08-04,San Mateo,081,765935,6905,5690,4,5694,116
2020-08-04,Santa Barbara,083,443738,7499,6591,53,6644,61
2020-08-04,Santa Clara,085,1922200,13696,10986,19,11005,175
2020-08-04,Santa Cruz,087,273765,1414,1202,9,1211,4
2020-08-04,Shasta,089,179085,516,335,3,338,9
2020-08-04,Sierra,091,2930,5,1,0,1,0
2020-08-04,Siskiyou,093,43540,102,71,0,71,0
2020-08-04,Solano,095,438530,4524,3690,27,3717,29
2020-08-04,Sonoma,097,501317,4088,3108,7,3115,33
2020-08-04,Stanislaus,099,539301,12480,9359,77,9436,97
2020-08-04,Sutter,101,95872,961,761,1,762,6
2020-08-04,Tehama,103,63373,301,226,2,228,1
2020-08-04,Trinity,105,12862,11,5,4,9,0
2020-08-04,Tulare,107,460477,11840,9866,28,9894,192
2020-08-04,Tuolumne,109,53932,158,127,1,128,0
2020-08-04,Ventura,111,848112,9151,8134,25,8159,75
2020-08-04,Yolo,113,214977,1971,1626,4,1630,37
2020-08-04,Yuba,115,75493,573,398,0,398,1
2020-08-03,Alameda,001,1643700,14386,11817,110,11927,189
2020-08-03,Alpine,003,1148,3,2,0,2,0
2020-08-03,Amador,005,37829,199,119,0,119,0
2020-08-03,Butte,007,227075,1251,989,11,1000,9
2020-08-03,Calaveras,009,45235,155,117,0,117,1
2020-08-03,Colusa,011,21464,392,336,0,336,2
2020-08-03,Contra Costa,013,1133247,11025,8069,28,8097,120
2020-08-03,Del Norte,015,27424,90,68,0,68,0
2020-08-03,El Dorado,017,186661,821,645,0,645,1
2020-08-03,Fresno,019,978130,22471,15945,185,16130,151
2020-08-03,Glenn,021,27897,390,316,0,316,1
2020-08-03,Humboldt,023,135768,277,234,1,235,4
2020-08-03,Imperial,025,180216,10495,7953,5,7958,161
2020-08-03,Inyo,027,18085,85,57,0,57,1
2020-08-03,Kern,029,883053,25728,21285,139,21424,176
2020-08-03,Kings,031,150075,4928,4107,25,4132,47
2020-08-03,Lake,033,64148,245,201,0,201,1
2020-08-03,Lassen,035,31185,642,555,2,557,0
2020-08-03,Los Angeles,037,10098052,208507,194103,648,194751,4706
2020-08-03,Madera,039,155013,3023,2143,4,2147,18
2020-08-03,Marin,041,260295,5522,5001,9,5010,43
2020-08-03,Mariposa,043,17540,63,52,0,52,2
2020-08-03,Mendocino,045,87422,355,248,0,248,1
2020-08-03,Merced,047,269075,6245,4028,1,4029,29
2020-08-03,Modoc,049,8938,7,2,0,2,0
2020-08-03,Mono,051,14174,158,104,0,104,1
2020-08-03,Monterey,053,433212,5898,4806,13,4819,28
2020-08-03,Napa,055,140530,1212,973,0,973,8
2020-08-03,Nevada,057,99092,352,315,12,327,2
2020-08-03,Orange,059,3164182,44631,37705,876,38581,651
2020-08-03,Placer,061,380077,2423,1947,1,1948,16
2020-08-03,Plumas,063,18699,36,25,0,25,0
2020-08-03,Riverside,065,2383286,46339,38642,31,38673,740
2020-08-03,Sacramento,067,1510023,13612,10143,6,10149,142
2020-08-03,San Benito,069,59416,752,603,0,603,2
2020-08-03,San Bernardino,071,2135413,41514,33979,134,34113,444
2020-08-03,San Diego,073,3302833,33400,30228,35,30263,565
2020-08-03,San Francisco,075,870044,7675,6319,6,6325,60
2020-08-03,San Joaquin,077,732212,15313,12007,14,12021,189
2020-08-03,San Luis Obispo,079,281455,2254,1863,6,1869,14
2020-08-03,San Mateo,081,765935,6824,5661,4,5665,115
2020-08-03,Santa Barbara,083,443738,7455,6580,53,6633,59
2020-08-03,Santa Clara,085,1922200,13420,10747,19,10766,172
2020-08-03,Santa Cruz,087,273765,1394,1154,9,1163,4
2020-08-03,Shasta,089,179085,509,322,3,325,9
2020-08-03,Sierra,091,2930,5,1,0,1,0
2020-08-03,Siskiyou,093,43540,98,67,0,67,0
2020-08-03,Solano,095,438530,4455,3610,26,3636,29
2020-08-03,Sonoma,097,501317,3989,3079,6,3085,33
2020-08-03,Stanislaus,099,539301,12273,9308,69,9377,96
2020-08-03,Sutter,101,95872,937,713,1,714,6
2020-08-03,Tehama,103,63373,293,225,2,227,1
2020-08-03,Trinity,105,12862,11,5,4,9,0
2020-08-03,Tulare,107,460477,11656,9703,28,9731,188
2020-08-03,Tuolumne,109,53932,158,123,1,124,0
2020-08-03,Ventura,111,848112,9065,8084,23,8107,74
2020-08-03,Yolo,113,214977,1936,1598,3,1601,37
2020-08-03,Yuba,115,75493,549,393,0,393,1
2020-08-02,Alameda,001,1643700,14142,11696,96,11792,188
2020-08-02,Alpine,003,1148,3,2,0,2,0
2020-08-02,Amador,005,37829,194,117,0,117,0
2020-08-02,Butte,007,227075,1216,987,11,998,9
2020-08-02,Calaveras,009,45235,152,116,0,116,1
2020-08-02,Colusa,011,21464,387,335,0,335,2
2020-08-02,Contra Costa,013,1133247,10787,7995,28,8023,118
2020-08-02,Del Norte,015,27424,89,68,0,68,0
2020-08-02,El Dorado,017,186661,811,643,0,643,1
2020-08-02,Fresno,019,978130,22196,15759,178,15937,151
2020-08-02,Glenn,021,27897,389,315,0,315,1
2020-08-02,Humboldt,023,135768,272,232,1,233,4
2020-08-02,Imperial,025,180216,10432,7919,5,7924,157
2020-08-02,Inyo,027,18085,84,45,0,45,1
2020-08-02,Kern,029,883053,25430,21162,137,21299,176
2020-08-02,Kings,031,150075,4866,3964,24,3988,47
2020-08-02,Lake,033,64148,240,201,0,201,1
2020-08-02,Lassen,035,31185,642,555,2,557,0
2020-08-02,Los Angeles,037,10098052,206408,192480,630,193110,4698
2020-08-02,Madera,039,155013,2957,2123,2,2125,18
2020-08-02,Marin,041,260295,5487,4985,9,4994,43
2020-08-02,Mariposa,043,17540,61,52,0,52,2
2020-08-02,Mendocino,045,87422,345,247,0,247,1
2020-08-02,Merced,047,269075,6104,4011,1,4012,29
2020-08-02,Modoc,049,8938,7,2,0,2,0
2020-08-02,Mono,051,14174,151,104,0,104,1
2020-08-02,Monterey,053,433212,5773,4698,13,4711,28
2020-08-02,Napa,055,140530,1197,956,0,956,8
2020-08-02,Nevada,057,99092,349,314,12,326,2
2020-08-02,Orange,059,3164182,44250,37266,865,38131,651
2020-08-02,Placer,061,380077,2384,1920,1,1921,15
2020-08-02,Plumas,063,18699,36,25,0,25,0
2020-08-02,Riverside,065,2383286,45906,38507,30,38537,735
2020-08-02,Sacramento,067,1510023,13333,10099,6,10105,142
2020-08-02,San Benito,069,59416,738,599,0,599,2
2020-08-02,San Bernardino,071,2135413,40913,33643,130,33773,443
2020-08-02,San Diego,073,3302833,33061,29885,26,29911,565
2020-08-02,San Francisco,075,870044,7557,6297,6,6303,60
2020-08-02,San Joaquin,077,732212,15027,11937,12,11949,189
2020-08-02,San Luis Obispo,079,281455,2192,1821,6,1827,14
2020-08-02,San Mateo,081,765935,6709,5618,4,5622,115
2020-08-02,Santa Barbara,083,443738,7364,6532,53,6585,59
2020-08-02,Santa Clara,085,1922200,13202,10577,19,10596,172
2020-08-02,Santa Cruz,087,273765,1374,1162,9,1171,4
2020-08-02,Shasta,089,179085,505,318,3,321,9
2020-08-02,Sierra,091,2930,4,1,0,1,0
2020-08-02,Siskiyou,093,43540,98,65,0,65,0
2020-08-02,Solano,095,438530,4396,3609,26,3635,29
2020-08-02,Sonoma,097,501317,3905,3005,6,3011,33
2020-08-02,Stanislaus,099,539301,12058,9277,63,9340,96
2020-08-02,Sutter,101,95872,902,714,1,715,6
2020-08-02,Tehama,103,63373,287,222,2,224,1
2020-08-02,Trinity,105,12862,11,5,4,9,0
2020-08-02,Tulare,107,460477,11447,9593,28,9621,188
2020-08-02,Tuolumne,109,53932,155,123,1,124,0
2020-08-02,Ventura,111,848112,8923,8014,23,8037,73
2020-08-02,Yolo,113,214977,1911,1588,3,1591,37
2020-08-02,Yuba,115,75493,529,393,0,393,1
2020-08-01,Alameda,001,1643700,14030,11590,96,11686,188
2020-08-01,Alpine,003,1148,3,2,0,2,0
2020-08-01,Amador,005,37829,190,109,0,109,0
2020-08-01,Butte,007,227075,1202,976,11,987,9
2020-08-01,Calaveras,009,45235,148,116,0,116,1
2020-08-01,Colusa,011,21464,386,327,0,327,2
2020-08-01,Contra Costa,013,1133247,10654,7867,27,7894,116
2020-08-01,Del Norte,015,27424,89,68,0,68,0
2020-08-01,El Dorado,017,186661,808,637,0,637,1
2020-08-01,Fresno,019,978130,22059,15448,178,15626,149
2020-08-01,Glenn,021,27897,388,311,0,311,1
2020-08-01,Humboldt,023,135768,271,232,1,233,4
2020-08-01,Imperial,025,180216,10396,7919,5,7924,156
2020-08-01,Inyo,027,18085,82,45,0,45,1
2020-08-01,Kern,029,883053,25270,20796,133,20929,176
2020-08-01,Kings,031,150075,4840,3948,24,3972,47
2020-08-01,Lake,033,64148,238,194,0,194,1
2020-08-01,Lassen,035,31185,641,555,2,557,0
2020-08-01,Los Angeles,037,10098052,205518,191023,602,191625,4674
2020-08-01,Madera,039,155013,2918,2103,2,2105,18
2020-08-01,Marin,041,260295,5473,4945,8,4953,43
2020-08-01,Mariposa,043,17540,61,50,0,50,2
2020-08-01,Mendocino,045,87422,338,243,0,243,1
2020-08-01,Merced,047,269075,6056,3972,1,3973,29
2020-08-01,Modoc,049,8938,7,2,0,2,0
2020-08-01,Mono,051,14174,150,104,0,104,1
2020-08-01,Monterey,053,433212,5706,4611,12,4623,28
2020-08-01,Napa,055,140530,1188,923,0,923,8
2020-08-01,Nevada,057,99092,345,305,12,317,2
2020-08-01,Orange,059,3164182,44023,36703,859,37562,648
2020-08-01,Placer,061,380077,2350,1891,1,1892,14
2020-08-01,Plumas,063,18699,35,25,0,25,0
2020-08-01,Riverside,065,2383286,45694,38216,28,38244,704
2020-08-01,Sacramento,067,1510023,13183,10044,6,10050,141
2020-08-01,San Benito,069,59416,727,579,0,579,2
2020-08-01,San Bernardino,071,2135413,40677,32947,129,33076,440
2020-08-01,San Diego,073,3302833,32844,29579,18,29597,565
2020-08-01,San Francisco,075,870044,7495,6296,6,6302,60
2020-08-01,San Joaquin,077,732212,14955,11807,11,11818,189
2020-08-01,San Luis Obispo,079,281455,2165,1798,6,1804,13
2020-08-01,San Mateo,081,765935,6655,5520,4,5524,115
2020-08-01,Santa Barbara,083,443738,7324,6465,53,6518,59
2020-08-01,Santa Clara,085,1922200,13051,10281,19,10300,171
2020-08-01,Santa Cruz,087,273765,1358,1164,9,1173,4
2020-08-01,Shasta,089,179085,500,312,3,315,9
2020-08-01,Sierra,091,2930,3,1,0,1,0
2020-08-01,Siskiyou,093,43540,98,64,0,64,0
2020-08-01,Solano,095,438530,4362,3591,25,3616,29
2020-08-01,Sonoma,097,501317,3859,2890,6,2896,29
2020-08-01,Stanislaus,099,539301,11940,9221,55,9276,96
2020-08-01,Sutter,101,95872,898,714,1,715,6
2020-08-01,Tehama,103,63373,284,220,2,222,1
2020-08-01,Trinity,105,12862,11,5,4,9,0
2020-08-01,Tulare,107,460477,11379,9520,28,9548,188
2020-08-01,Tuolumne,109,53932,155,123,1,124,0
2020-08-01,Ventura,111,848112,8877,7819,23,7842,73
2020-08-01,Yolo,113,214977,1901,1557,3,1560,37
2020-08-01,Yuba,115,75493,524,387,0,387,1
2020-07-31,Alameda,001,1643700,13899,11441,96,11537,187
2020-07-31,Alpine,003,1148,3,2,0,2,0
2020-07-31,Amador,005,37829,189,98,0,98,0
2020-07-31,Butte,007,227075,1179,925,11,936,7
2020-07-31,Calaveras,009,45235,148,112,0,112,1
2020-07-31,Colusa,011,21464,376,319,0,319,2
2020-07-31,Contra Costa,013,1133247,10506,7697,26,7723,113
2020-07-31,Del Norte,015,27424,88,68,0,68,0
2020-07-31,El Dorado,017,186661,797,616,0,616,1
2020-07-31,Fresno,019,978130,21840,15083,178,15261,133
2020-07-31,Glenn,021,27897,381,304,0,304,1
2020-07-31,Humboldt,023,135768,264,229,1,230,4
2020-07-31,Imperial,025,180216,10364,7886,5,7891,155
2020-07-31,Inyo,027,18085,72,45,0,45,1
2020-07-31,Kern,029,883053,25029,20061,128,20189,173
2020-07-31,Kings,031,150075,4812,3807,24,3831,45
2020-07-31,Lake,033,64148,237,191,0,191,1
2020-07-31,Lassen,035,31185,636,544,2,546,0
2020-07-31,Los Angeles,037,10098052,203909,188688,589,189277,4628
2020-07-31,Madera,039,155013,2871,2036,2,2038,19
2020-07-31,Marin,041,260295,5429,4885,5,4890,43
2020-07-31,Mariposa,043,17540,61,49,0,49,2
2020-07-31,Mendocino,045,87422,323,232,0,232,1
2020-07-31,Merced,047,269075,5973,3789,1,3790,30
2020-07-31,Modoc,049,8938,6,0,0,0,0
2020-07-31,Mono,051,14174,149,104,0,104,1
2020-07-31,Monterey,053,433212,5614,4493,12,4505,24
2020-07-31,Napa,055,140530,1176,897,0,897,7
2020-07-31,Nevada,057,99092,343,302,12,314,2
2020-07-31,Orange,059,3164182,43723,36196,843,37039,620
2020-07-31,Placer,061,380077,2326,1853,1,1854,14
2020-07-31,Plumas,063,18699,34,25,0,25,0
2020-07-31,Riverside,065,2383286,45304,37612,27,37639,694
2020-07-31,Sacramento,067,1510023,13004,9872,6,9878,132
2020-07-31,San Benito,069,59416,719,567,0,567,2
2020-07-31,San Bernardino,071,2135413,40348,32332,127,32459,434
2020-07-31,San Diego,073,3302833,32610,29050,10,29060,561
2020-07-31,San Francisco,075,870044,7396,6126,6,6132,60
2020-07-31,San Joaquin,077,732212,14819,11561,11,11572,177
2020-07-31,San Luis Obispo,079,281455,2095,1746,6,1752,12
2020-07-31,San Mateo,081,765935,6583,5416,4,5420,115
2020-07-31,Santa Barbara,083,443738,7257,6375,53,6428,58
2020-07-31,Santa Clara,085,1922200,12830,9863,19,9882,171
2020-07-31,Santa Cruz,087,273765,1335,1118,9,1127,4
2020-07-31,Shasta,089,179085,490,305,3,308,9
2020-07-31,Sierra,091,2930,3,1,0,1,0
2020-07-31,Siskiyou,093,43540,96,61,0,61,0
2020-07-31,Solano,095,438530,4315,3510,24,3534,29
2020-07-31,Sonoma,097,501317,3801,2745,6,2751,27
2020-07-31,Stanislaus,099,539301,11833,9061,50,9111,94
2020-07-31,Sutter,101,95872,893,714,1,715,6
2020-07-31,Tehama,103,63373,281,213,2,215,1
2020-07-31,Trinity,105,12862,11,5,4,9,0
2020-07-31,Tulare,107,460477,11258,9365,28,9393,184
2020-07-31,Tuolumne,109,53932,155,120,1,121,0
2020-07-31,Ventura,111,848112,8802,7521,23,7544,71
2020-07-31,Yolo,113,214977,1875,1522,3,1525,38
2020-07-31,Yuba,115,75493,515,369,0,369,1
2020-07-30,Alameda,001,1643700,13700,11303,53,11356,185
2020-07-30,Alpine,003,1148,3,2,0,2,0
2020-07-30,Amador,005,37829,171,97,0,97,0
2020-07-30,Butte,007,227075,1163,915,11,926,7
2020-07-30,Calaveras,009,45235,144,111,0,111,1
2020-07-30,Colusa,011,21464,373,315,0,315,2
2020-07-30,Contra Costa,013,1133247,10321,7615,25,7640,112
2020-07-30,Del Norte,015,27424,88,68,0,68,0
2020-07-30,El Dorado,017,186661,790,608,0,608,1
2020-07-30,Fresno,019,978130,21505,14793,172,14965,133
2020-07-30,Glenn,021,27897,374,297,0,297,1
2020-07-30,Humboldt,023,135768,262,228,1,229,4
2020-07-30,Imperial,025,180216,10305,7849,5,7854,151
2020-07-30,Inyo,027,18085,68,44,0,44,1
2020-07-30,Kern,029,883053,24736,19552,124,19676,171
2020-07-30,Kings,031,150075,4708,3785,24,3809,43
2020-07-30,Lake,033,64148,231,181,0,181,1
2020-07-30,Lassen,035,31185,633,544,2,546,0
2020-07-30,Los Angeles,037,10098052,201874,186177,556,186733,4564
2020-07-30,Madera,039,155013,2801,2007,2,2009,18
2020-07-30,Marin,041,260295,5387,4835,4,4839,39
2020-07-30,Mariposa,043,17540,61,49,0,49,1
2020-07-30,Mendocino,045,87422,316,232,0,232,1
2020-07-30,Merced,047,269075,5808,3695,1,3696,30
2020-07-30,Modoc,049,8938,6,0,0,0,0
2020-07-30,Mono,051,14174,148,104,0,104,1
2020-07-30,Monterey,053,433212,5502,4352,12,4364,24
2020-07-30,Napa,055,140530,1159,874,0,874,7
2020-07-30,Nevada,057,99092,338,292,12,304,2
2020-07-30,Orange,059,3164182,43309,36105,818,36923,607
2020-07-30,Placer,061,380077,2273,1821,1,1822,14
2020-07-30,Plumas,063,18699,33,25,0,25,0
2020-07-30,Riverside,065,2383286,44763,37308,27,37335,685
2020-07-30,Sacramento,067,1510023,12785,9704,6,9710,126
2020-07-30,San Benito,069,59416,706,558,0,558,2
2020-07-30,San Bernardino,071,2135413,39823,32010,127,32137,427
2020-07-30,San Diego,073,3302833,32263,28670,8,28678,558
2020-07-30,San Francisco,075,870044,7296,6107,6,6113,59
2020-07-30,San Joaquin,077,732212,14624,11435,11,11446,161
2020-07-30,San Luis Obispo,079,281455,2060,1703,6,1709,12
2020-07-30,San Mateo,081,765935,6488,5369,4,5373,115
2020-07-30,Santa Barbara,083,443738,7177,6273,53,6326,52
2020-07-30,Santa Clara,085,1922200,12592,9708,18,9726,170
2020-07-30,Santa Cruz,087,273765,1308,1087,9,1096,4
2020-07-30,Shasta,089,179085,486,306,3,309,8
2020-07-30,Sierra,091,2930,3,1,0,1,0
2020-07-30,Siskiyou,093,43540,95,60,0,60,0
2020-07-30,Solano,095,438530,4264,3463,24,3487,29
2020-07-30,Sonoma,097,501317,3729,2684,6,2690,25
2020-07-30,Stanislaus,099,539301,11620,8890,42,8932,94
2020-07-30,Sutter,101,95872,874,698,1,699,6
2020-07-30,Tehama,103,63373,278,208,2,210,1
2020-07-30,Trinity,105,12862,11,4,4,8,0
2020-07-30,Tulare,107,460477,11129,9167,28,9195,177
2020-07-30,Tuolumne,109,53932,154,119,1,120,0
2020-07-30,Ventura,111,848112,8690,7304,21,7325,69
2020-07-30,Yolo,113,214977,1854,1511,3,1514,37
2020-07-30,Yuba,115,75493,502,362,0,362,1
2020-07-29,Alameda,001,1643700,13481,11177,48,11225,180
2020-07-29,Alpine,003,1148,3,2,0,2,0
2020-07-29,Amador,005,37829,163,80,0,80,0
2020-07-29,Butte,007,227075,1137,889,9,898,7
2020-07-29,Calaveras,009,45235,138,107,0,107,1
2020-07-29,Colusa,011,21464,369,302,0,302,2
2020-07-29,Contra Costa,013,1133247,10118,7520,25,7545,108
2020-07-29,Del Norte,015,27424,88,68,0,68,0
2020-07-29,El Dorado,017,186661,780,588,0,588,1
2020-07-29,Fresno,019,978130,21214,14312,172,14484,125
2020-07-29,Glenn,021,27897,367,294,0,294,1
2020-07-29,Humboldt,023,135768,259,221,1,222,4
2020-07-29,Imperial,025,180216,10257,7825,5,7830,147
2020-07-29,Inyo,027,18085,63,44,0,44,1
2020-07-29,Kern,029,883053,24398,19073,121,19194,162
2020-07-29,Kings,031,150075,4660,3755,24,3779,43
2020-07-29,Lake,033,64148,229,179,0,179,1
2020-07-29,Lassen,035,31185,618,513,2,515,0
2020-07-29,Los Angeles,037,10098052,199839,183600,539,184139,4523
2020-07-29,Madera,039,155013,2747,1941,2,1943,18
2020-07-29,Marin,041,260295,5349,4747,4,4751,34
2020-07-29,Mariposa,043,17540,60,47,0,47,1
2020-07-29,Mendocino,045,87422,308,228,0,228,0
2020-07-29,Merced,047,269075,5668,3605,1,3606,25
2020-07-29,Modoc,049,8938,5,0,0,0,0
2020-07-29,Mono,051,14174,145,102,0,102,1
2020-07-29,Monterey,053,433212,5403,4252,12,4264,24
2020-07-29,Napa,055,140530,1131,866,0,866,7
2020-07-29,Nevada,057,99092,334,288,12,300,1
2020-07-29,Orange,059,3164182,42875,35339,806,36145,589
2020-07-29,Placer,061,380077,2242,1798,1,1799,14
2020-07-29,Plumas,063,18699,33,25,0,25,0
2020-07-29,Riverside,065,2383286,44172,36968,27,36995,678
2020-07-29,Sacramento,067,1510023,12539,9538,6,9544,122
2020-07-29,San Benito,069,59416,691,537,0,537,2
2020-07-29,San Bernardino,071,2135413,39334,31168,116,31284,417
2020-07-29,San Diego,073,3302833,31938,28289,7,28296,552
2020-07-29,San Francisco,075,870044,7202,6041,6,6047,56
2020-07-29,San Joaquin,077,732212,14376,11249,8,11257,154
2020-07-29,San Luis Obispo,079,281455,2040,1673,6,1679,11
2020-07-29,San Mateo,081,765935,6400,5305,4,5309,114
2020-07-29,Santa Barbara,083,443738,7107,6215,53,6268,31
2020-07-29,Santa Clara,085,1922200,12384,9567,18,9585,165
2020-07-29,Santa Cruz,087,273765,1284,1051,9,1060,4
2020-07-29,Shasta,089,179085,474,297,3,300,8
2020-07-29,Sierra,091,2930,2,1,0,1,0
2020-07-29,Siskiyou,093,43540,93,58,0,58,0
2020-07-29,Solano,095,438530,4210,3380,24,3404,29
2020-07-29,Sonoma,097,501317,3652,2598,6,2604,26
2020-07-29,Stanislaus,099,539301,11399,8745,36,8781,94
2020-07-29,Sutter,101,95872,846,678,1,679,6
2020-07-29,Tehama,103,63373,274,206,2,208,1
2020-07-29,Trinity,105,12862,11,4,4,8,0
2020-07-29,Tulare,107,460477,10958,9028,28,9056,156
2020-07-29,Tuolumne,109,53932,154,118,1,119,0
2020-07-29,Ventura,111,848112,8585,7161,21,7182,68
2020-07-29,Yolo,113,214977,1828,1488,3,1491,36
2020-07-29,Yuba,115,75493,486,350,0,350,1
2020-07-28,Alameda,001,1643700,13256,10875,47,10922,180
2020-07-28,Alpine,003,1148,3,2,0,2,0
2020-07-28,Amador,005,37829,153,77,0,77,0
2020-07-28,Butte,007,227075,1102,857,9,866,7
2020-07-28,Calaveras,009,45235,137,105,0,105,1
2020-07-28,Colusa,011,21464,363,290,0,290,2
2020-07-28,Contra Costa,013,1133247,9896,7426,25,7451,107
2020-07-28,Del Norte,015,27424,87,68,0,68,0
2020-07-28,El Dorado,017,186661,765,558,0,558,1
2020-07-28,Fresno,019,978130,20880,13933,166,14099,125
2020-07-28,Glenn,021,27897,365,289,0,289,1
2020-07-28,Humboldt,023,135768,258,218,1,219,4
2020-07-28,Imperial,025,180216,10221,7804,5,7809,145
2020-07-28,Inyo,027,18085,61,43,0,43,1
2020-07-28,Kern,029,883053,24035,18834,115,18949,155
2020-07-28,Kings,031,150075,4614,3721,24,3745,41
2020-07-28,Lake,033,64148,225,179,0,179,1
2020-07-28,Lassen,035,31185,612,508,2,510,0
2020-07-28,Los Angeles,037,10098052,197605,179107,517,179624,4435
2020-07-28,Madera,039,155013,2681,1889,2,1891,18
2020-07-28,Marin,041,260295,5280,4698,4,4702,23
2020-07-28,Mariposa,043,17540,58,45,0,45,1
2020-07-28,Mendocino,045,87422,297,222,0,222,0
2020-07-28,Merced,047,269075,5523,3446,1,3447,23
2020-07-28,Modoc,049,8938,4,0,0,0,0
2020-07-28,Mono,051,14174,144,102,0,102,1
2020-07-28,Monterey,053,433212,5282,4047,12,4059,22
2020-07-28,Napa,055,140530,1109,824,0,824,6
2020-07-28,Nevada,057,99092,329,278,12,290,1
2020-07-28,Orange,059,3164182,42417,34832,792,35624,582
2020-07-28,Placer,061,380077,2208,1759,1,1760,14
2020-07-28,Plumas,063,18699,33,22,0,22,0
2020-07-28,Riverside,065,2383286,43573,36458,27,36485,668
2020-07-28,Sacramento,067,1510023,12281,9429,6,9435,117
2020-07-28,San Benito,069,59416,681,503,0,503,2
2020-07-28,San Bernardino,071,2135413,38813,30493,112,30605,412
2020-07-28,San Diego,073,3302833,31588,28007,5,28012,547
2020-07-28,San Francisco,075,870044,7089,5888,6,5894,56
2020-07-28,San Joaquin,077,732212,14093,10958,6,10964,141
2020-07-28,San Luis Obispo,079,281455,2009,1636,6,1642,9
2020-07-28,San Mateo,081,765935,6326,5171,4,5175,114
2020-07-28,Santa Barbara,083,443738,7044,6110,51,6161,31
2020-07-28,Santa Clara,085,1922200,12149,9307,18,9325,165
2020-07-28,Santa Cruz,087,273765,1257,1018,9,1027,4
2020-07-28,Shasta,089,179085,462,275,3,278,8
2020-07-28,Sierra,091,2930,2,1,0,1,0
2020-07-28,Siskiyou,093,43540,89,57,0,57,0
2020-07-28,Solano,095,438530,4163,3292,23,3315,29
2020-07-28,Sonoma,097,501317,3579,2553,6,2559,20
2020-07-28,Stanislaus,099,539301,11179,8492,27,8519,92
2020-07-28,Sutter,101,95872,809,653,0,653,2
2020-07-28,Tehama,103,63373,269,199,2,201,1
2020-07-28,Trinity,105,12862,11,3,4,7,0
2020-07-28,Tulare,107,460477,10771,8787,28,8815,96
2020-07-28,Tuolumne,109,53932,153,116,1,117,0
2020-07-28,Ventura,111,848112,8459,7045,20,7065,68
2020-07-28,Yolo,113,214977,1800,1459,3,1462,36
2020-07-28,Yuba,115,75493,469,333,0,333,1
2020-07-27,Alameda,001,1643700,13029,10645,44,10689,176
2020-07-27,Alpine,003,1148,3,2,0,2,0
2020-07-27,Amador,005,37829,148,72,0,72,0
2020-07-27,Butte,007,227075,1075,843,9,852,7
2020-07-27,Calaveras,009,45235,133,103,0,103,1
2020-07-27,Colusa,011,21464,356,271,0,271,2
2020-07-27,Contra Costa,013,1133247,9674,7256,25,7281,104
2020-07-27,Del Norte,015,27424,86,67,0,67,0
2020-07-27,El Dorado,017,186661,753,548,0,548,1
2020-07-27,Fresno,019,978130,20534,13485,160,13645,117
2020-07-27,Glenn,021,27897,363,277,0,277,1
2020-07-27,Humboldt,023,135768,253,218,1,219,4
2020-07-27,Imperial,025,180216,10171,7789,5,7794,144
2020-07-27,Inyo,027,18085,61,43,0,43,1
2020-07-27,Kern,029,883053,23533,17994,109,18103,148
2020-07-27,Kings,031,150075,4365,3685,24,3709,39
2020-07-27,Lake,033,64148,221,176,0,176,1
2020-07-27,Lassen,035,31185,612,503,2,505,0
2020-07-27,Los Angeles,037,10098052,195153,176351,496,176847,4379
2020-07-27,Madera,039,155013,2616,1793,2,1795,17
2020-07-27,Marin,041,260295,5192,4669,4,4673,22
2020-07-27,Mariposa,043,17540,58,43,0,43,1
2020-07-27,Mendocino,045,87422,284,209,0,209,0
2020-07-27,Merced,047,269075,5383,3292,1,3293,23
2020-07-27,Modoc,049,8938,3,0,0,0,0
2020-07-27,Mono,051,14174,140,99,0,99,1
2020-07-27,Monterey,053,433212,5092,3960,12,3972,21
2020-07-27,Napa,055,140530,1094,769,0,769,6
2020-07-27,Nevada,057,99092,325,268,12,280,1
2020-07-27,Orange,059,3164182,41977,34649,776,35425,566
2020-07-27,Placer,061,380077,2158,1679,1,1680,12
2020-07-27,Plumas,063,18699,33,22,0,22,0
2020-07-27,Riverside,065,2383286,42895,35822,27,35849,667
2020-07-27,Sacramento,067,1510023,11989,9091,6,9097,114
2020-07-27,San Benito,069,59416,666,498,0,498,2
2020-07-27,San Bernardino,071,2135413,38222,29928,107,30035,401
2020-07-27,San Diego,073,3302833,31214,27509,4,27513,533
2020-07-27,San Francisco,075,870044,7002,5825,6,5831,55
2020-07-27,San Joaquin,077,732212,13802,10728,6,10734,129
2020-07-27,San Luis Obispo,079,281455,1964,1612,6,1618,9
2020-07-27,San Mateo,081,765935,6217,5108,4,5112,113
2020-07-27,Santa Barbara,083,443738,6963,6026,49,6075,30
2020-07-27,Santa Clara,085,1922200,11882,9157,17,9174,166
2020-07-27,Santa Cruz,087,273765,1235,984,9,993,4
2020-07-27,Shasta,089,179085,455,275,3,278,8
2020-07-27,Sierra,091,2930,2,1,0,1,0
2020-07-27,Siskiyou,093,43540,87,54,0,54,0
2020-07-27,Solano,095,438530,4096,3198,22,3220,29
2020-07-27,Sonoma,097,501317,3488,2504,6,2510,20
2020-07-27,Stanislaus,099,539301,10952,8288,19,8307,84
2020-07-27,Sutter,101,95872,783,620,0,620,2
2020-07-27,Tehama,103,63373,261,192,2,194,1
2020-07-27,Trinity,105,12862,11,3,4,7,0
2020-07-27,Tulare,107,460477,10553,8462,28,8490,172
2020-07-27,Tuolumne,109,53932,150,115,1,116,0
2020-07-27,Ventura,111,848112,8331,6998,20,7018,68
2020-07-27,Yolo,113,214977,1755,1439,3,1442,33
2020-07-27,Yuba,115,75493,449,328,0,328,1
2020-07-26,Alameda,001,1643700,12791,10489,44,10533,176
2020-07-26,Alpine,003,1148,3,2,0,2,0
2020-07-26,Amador,005,37829,142,67,0,67,0
2020-07-26,Butte,007,227075,1038,822,9,831,5
2020-07-26,Calaveras,009,45235,130,103,0,103,1
2020-07-26,Colusa,011,21464,347,270,0,270,2
2020-07-26,Contra Costa,013,1133247,9437,7095,25,7120,104
2020-07-26,Del Norte,015,27424,84,67,0,67,0
2020-07-26,El Dorado,017,186661,735,539,0,539,1
2020-07-26,Fresno,019,978130,20143,13209,152,13361,117
2020-07-26,Glenn,021,27897,355,265,0,265,1
2020-07-26,Humboldt,023,135768,247,214,1,215,4
2020-07-26,Imperial,025,180216,10098,7781,5,7786,144
2020-07-26,Inyo,027,18085,56,43,0,43,1
2020-07-26,Kern,029,883053,23009,17394,106,17500,148
2020-07-26,Kings,031,150075,4306,3591,24,3615,39
2020-07-26,Lake,033,64148,213,174,0,174,1
2020-07-26,Lassen,035,31185,571,503,2,505,0
2020-07-26,Los Angeles,037,10098052,192580,174322,477,174799,4364
2020-07-26,Madera,039,155013,2529,1744,2,1746,17
2020-07-26,Marin,041,260295,5146,4595,4,4599,22
2020-07-26,Mariposa,043,17540,56,43,0,43,1
2020-07-26,Mendocino,045,87422,275,206,0,206,0
2020-07-26,Merced,047,269075,5203,3251,1,3252,23
2020-07-26,Modoc,049,8938,3,0,0,0,0
2020-07-26,Mono,051,14174,136,82,0,82,1
2020-07-26,Monterey,053,433212,4926,3901,12,3913,21
2020-07-26,Napa,055,140530,1075,769,0,769,6
2020-07-26,Nevada,057,99092,322,261,12,273,1
2020-07-26,Orange,059,3164182,41452,34352,745,35097,564
2020-07-26,Placer,061,380077,2093,1628,1,1629,12
2020-07-26,Plumas,063,18699,33,22,0,22,0
2020-07-26,Riverside,065,2383286,42336,35636,27,35663,665
2020-07-26,Sacramento,067,1510023,11685,8972,6,8978,114
2020-07-26,San Benito,069,59416,654,495,0,495,2
2020-07-26,San Bernardino,071,2135413,37584,29545,102,29647,400
2020-07-26,San Diego,073,3302833,30819,26986,3,26989,533
2020-07-26,San Francisco,075,870044,6894,5823,6,5829,55
2020-07-26,San Joaquin,077,732212,13510,10637,6,10643,129
2020-07-26,San Luis Obispo,079,281455,1921,1565,6,1571,8
2020-07-26,San Mateo,081,765935,6111,5078,4,5082,113
2020-07-26,Santa Barbara,083,443738,6861,5939,49,5988,30
2020-07-26,Santa Clara,085,1922200,11653,8986,17,9003,166
2020-07-26,Santa Cruz,087,273765,1208,970,9,979,4
2020-07-26,Shasta,089,179085,448,265,3,268,8
2020-07-26,Sierra,091,2930,2,1,0,1,0
2020-07-26,Siskiyou,093,43540,85,54,0,54,0
2020-07-26,Solano,095,438530,4016,3197,20,3217,29
2020-07-26,Sonoma,097,501317,3399,2503,5,2508,20
2020-07-26,Stanislaus,099,539301,10692,8228,17,8245,84
2020-07-26,Sutter,101,95872,769,612,0,612,2
2020-07-26,Tehama,103,63373,254,175,2,177,1
2020-07-26,Trinity,105,12862,11,3,4,7,0
2020-07-26,Tulare,107,460477,10346,8392,28,8420,172
2020-07-26,Tuolumne,109,53932,145,113,1,114,0
2020-07-26,Ventura,111,848112,8125,6844,20,6864,67
2020-07-26,Yolo,113,214977,1724,1408,3,1411,33
2020-07-26,Yuba,115,75493,430,313,0,313,1
2020-07-25,Alameda,001,1643700,12694,10361,42,10403,176
2020-07-25,Alpine,003,1148,3,2,0,2,0
2020-07-25,Amador,005,37829,139,67,0,67,0
2020-07-25,Butte,007,227075,1029,810,9,819,5
2020-07-25,Calaveras,009,45235,126,103,0,103,1
2020-07-25,Colusa,011,21464,340,265,0,265,2
2020-07-25,Contra Costa,013,1133247,9292,6920,25,6945,104
2020-07-25,Del Norte,015,27424,84,67,0,67,0
2020-07-25,El Dorado,017,186661,724,528,0,528,1
2020-07-25,Fresno,019,978130,19957,12866,152,13018,117
2020-07-25,Glenn,021,27897,353,260,0,260,1
2020-07-25,Humboldt,023,135768,244,212,1,213,4
2020-07-25,Imperial,025,180216,10072,7727,5,7732,144
2020-07-25,Inyo,027,18085,55,43,0,43,1
2020-07-25,Kern,029,883053,22791,16910,105,17015,148
2020-07-25,Kings,031,150075,4289,3516,24,3540,39
2020-07-25,Lake,033,64148,211,173,0,173,1
2020-07-25,Lassen,035,31185,571,503,2,505,0
2020-07-25,Los Angeles,037,10098052,191449,172611,469,173080,4357
2020-07-25,Madera,039,155013,2497,1724,2,1726,17
2020-07-25,Marin,041,260295,5130,4562,4,4566,22
2020-07-25,Mariposa,043,17540,55,43,0,43,1
2020-07-25,Mendocino,045,87422,269,190,0,190,0
2020-07-25,Merced,047,269075,5124,3176,1,3177,23
2020-07-25,Modoc,049,8938,3,0,0,0,0
2020-07-25,Mono,051,14174,136,82,0,82,1
2020-07-25,Monterey,053,433212,4849,3805,12,3817,21
2020-07-25,Napa,055,140530,1062,746,0,746,6
2020-07-25,Nevada,057,99092,320,257,12,269,1
2020-07-25,Orange,059,3164182,41232,33978,723,34701,561
2020-07-25,Placer,061,380077,2076,1596,1,1597,12
2020-07-25,Plumas,063,18699,33,22,0,22,0
2020-07-25,Riverside,065,2383286,42068,34921,27,34948,655
2020-07-25,Sacramento,067,1510023,11539,8674,6,8680,113
2020-07-25,San Benito,069,59416,638,492,0,492,2
2020-07-25,San Bernardino,071,2135413,37305,29265,102,29367,394
2020-07-25,San Diego,073,3302833,30558,26703,3,26706,533
2020-07-25,San Francisco,075,870044,6836,5644,6,5650,55
2020-07-25,San Joaquin,077,732212,13384,10347,6,10353,129
2020-07-25,San Luis Obispo,079,281455,1901,1530,5,1535,8
2020-07-25,San Mateo,081,765935,6048,5023,4,5027,113
2020-07-25,Santa Barbara,083,443738,6826,5880,49,5929,30
2020-07-25,Santa Clara,085,1922200,11519,8767,17,8784,166
2020-07-25,Santa Cruz,087,273765,1191,939,9,948,4
2020-07-25,Shasta,089,179085,443,263,1,264,8
2020-07-25,Sierra,091,2930,2,1,0,1,0
2020-07-25,Siskiyou,093,43540,83,54,0,54,0
2020-07-25,Solano,095,438530,3976,3107,18,3125,29
2020-07-25,Sonoma,097,501317,3360,2412,5,2417,20
2020-07-25,Stanislaus,099,539301,10589,7994,14,8008,84
2020-07-25,Sutter,101,95872,750,603,0,603,2
2020-07-25,Tehama,103,63373,253,169,2,171,1
2020-07-25,Trinity,105,12862,11,3,4,7,0
2020-07-25,Tulare,107,460477,10246,8310,28,8338,172
2020-07-25,Tuolumne,109,53932,144,99,1,100,0
2020-07-25,Ventura,111,848112,8052,6662,20,6682,62
2020-07-25,Yolo,113,214977,1709,1357,3,1360,35
2020-07-25,Yuba,115,75493,424,312,0,312,1
2020-07-24,Alameda,001,1643700,12552,10216,39,10255,176
2020-07-24,Alpine,003,1148,3,2,0,2,0
2020-07-24,Amador,005,37829,137,66,0,66,0
2020-07-24,Butte,007,227075,1017,751,9,760,5
2020-07-24,Calaveras,009,45235,122,102,0,102,0
2020-07-24,Colusa,011,21464,337,255,0,255,2
2020-07-24,Contra Costa,013,1133247,9146,6814,25,6839,100
2020-07-24,Del Norte,015,27424,84,66,0,66,0
2020-07-24,El Dorado,017,186661,702,516,0,516,1
2020-07-24,Fresno,019,978130,19731,12564,152,12716,115
2020-07-24,Glenn,021,27897,350,251,0,251,1
2020-07-24,Humboldt,023,135768,241,210,1,211,4
2020-07-24,Imperial,025,180216,10050,7686,5,7691,141
2020-07-24,Inyo,027,18085,55,41,0,41,1
2020-07-24,Kern,029,883053,22550,16124,105,16229,143
2020-07-24,Kings,031,150075,4260,3471,24,3495,39
2020-07-24,Lake,033,64148,209,167,0,167,1
2020-07-24,Lassen,035,31185,571,503,2,505,0
2020-07-24,Los Angeles,037,10098052,189430,169078,456,169534,4302
2020-07-24,Madera,039,155013,2464,1679,2,1681,16
2020-07-24,Marin,041,260295,5103,4517,4,4521,22
2020-07-24,Mariposa,043,17540,55,41,0,41,1
2020-07-24,Mendocino,045,87422,262,188,0,188,0
2020-07-24,Merced,047,269075,5039,3100,1,3101,23
2020-07-24,Modoc,049,8938,3,0,0,0,0
2020-07-24,Mono,051,14174,135,82,0,82,1
2020-07-24,Monterey,053,433212,4777,3748,12,3760,21
2020-07-24,Napa,055,140530,1049,741,0,741,6
2020-07-24,Nevada,057,99092,317,255,12,267,1
2020-07-24,Orange,059,3164182,40945,33530,706,34236,557
2020-07-24,Placer,061,380077,2046,1551,1,1552,12
2020-07-24,Plumas,063,18699,33,22,0,22,0
2020-07-24,Riverside,065,2383286,41645,34513,26,34539,631
2020-07-24,Sacramento,067,1510023,11351,8570,6,8576,110
2020-07-24,San Benito,069,59416,631,485,0,485,2
2020-07-24,San Bernardino,071,2135413,36933,28990,100,29090,386
2020-07-24,San Diego,073,3302833,30258,26100,3,26103,524
2020-07-24,San Francisco,075,870044,6742,5611,6,5617,55
2020-07-24,San Joaquin,077,732212,13236,10190,6,10196,118
2020-07-24,San Luis Obispo,079,281455,1877,1476,5,1481,8
2020-07-24,San Mateo,081,765935,5985,4954,4,4958,112
2020-07-24,Santa Barbara,083,443738,6772,5776,47,5823,30
2020-07-24,Santa Clara,085,1922200,11355,8658,17,8675,165
2020-07-24,Santa Cruz,087,273765,1171,930,9,939,4
2020-07-24,Shasta,089,179085,435,262,1,263,8
2020-07-24,Sierra,091,2930,2,1,0,1,0
2020-07-24,Siskiyou,093,43540,83,53,0,53,0
2020-07-24,Solano,095,438530,3940,3062,15,3077,29
2020-07-24,Sonoma,097,501317,3307,2345,5,2350,20
2020-07-24,Stanislaus,099,539301,10417,7861,11,7872,82
2020-07-24,Sutter,101,95872,739,593,0,593,2
2020-07-24,Tehama,103,63373,245,170,2,172,1
2020-07-24,Trinity,105,12862,10,3,4,7,0
2020-07-24,Tulare,107,460477,10152,8167,26,8193,167
2020-07-24,Tuolumne,109,53932,138,99,1,100,0
2020-07-24,Ventura,111,848112,7967,6553,20,6573,60
2020-07-24,Yolo,113,214977,1695,1329,3,1332,35
2020-07-24,Yuba,115,75493,409,307,0,307,1
2020-07-23,Alameda,001,1643700,12313,9924,39,9963,171
2020-07-23,Alpine,003,1148,3,2,0,2,0
2020-07-23,Amador,005,37829,120,61,0,61,0
2020-07-23,Butte,007,227075,1002,726,9,735,5
2020-07-23,Calaveras,009,45235,115,102,0,102,0
2020-07-23,Colusa,011,21464,329,242,0,242,2
2020-07-23,Contra Costa,013,1133247,8945,6619,23,6642,98
2020-07-23,Del Norte,015,27424,84,66,0,66,0
2020-07-23,El Dorado,017,186661,691,491,0,491,1
2020-07-23,Fresno,019,978130,19375,12164,149,12313,112
2020-07-23,Glenn,021,27897,345,246,0,246,1
2020-07-23,Humboldt,023,135768,240,208,1,209,4
2020-07-23,Imperial,025,180216,10000,7604,5,7609,138
2020-07-23,Inyo,027,18085,53,38,0,38,1
2020-07-23,Kern,029,883053,22143,14491,101,14592,128
2020-07-23,Kings,031,150075,4152,3371,24,3395,39
2020-07-23,Lake,033,64148,200,160,0,160,1
2020-07-23,Lassen,035,31185,568,503,2,505,0
2020-07-23,Los Angeles,037,10098052,186882,167198,429,167627,4265
2020-07-23,Madera,039,155013,2398,1659,2,1661,13
2020-07-23,Marin,041,260295,5051,4423,4,4427,22
2020-07-23,Mariposa,043,17540,55,40,0,40,1
2020-07-23,Mendocino,045,87422,252,178,0,178,0
2020-07-23,Merced,047,269075,4883,2972,1,2973,22
2020-07-23,Modoc,049,8938,3,0,0,0,0
2020-07-23,Mono,051,14174,131,82,0,82,1
2020-07-23,Monterey,053,433212,4660,3655,12,3667,21
2020-07-23,Napa,055,140530,1025,713,0,713,5
2020-07-23,Nevada,057,99092,314,247,12,259,1
2020-07-23,Orange,059,3164182,40449,32863,675,33538,544
2020-07-23,Placer,061,380077,2003,1519,1,1520,12
2020-07-23,Plumas,063,18699,32,21,0,21,0
2020-07-23,Riverside,065,2383286,41040,33833,26,33859,630
2020-07-23,Sacramento,067,1510023,11121,8222,6,8228,108
2020-07-23,San Benito,069,59416,616,478,0,478,2
2020-07-23,San Bernardino,071,2135413,36414,28121,95,28216,369
2020-07-23,San Diego,073,3302833,29884,25109,3,25112,505
2020-07-23,San Francisco,075,870044,6640,5543,6,5549,55
2020-07-23,San Joaquin,077,732212,13017,9861,6,9867,111
2020-07-23,San Luis Obispo,079,281455,1850,1438,5,1443,7
2020-07-23,San Mateo,081,765935,5880,4895,4,4899,113
2020-07-23,Santa Barbara,083,443738,6698,5628,47,5675,30
2020-07-23,Santa Clara,085,1922200,11137,8458,17,8475,165
2020-07-23,Santa Cruz,087,273765,1135,887,9,896,3
2020-07-23,Shasta,089,179085,424,254,1,255,9
2020-07-23,Sierra,091,2930,2,1,0,1,0
2020-07-23,Siskiyou,093,43540,81,53,0,53,0
2020-07-23,Solano,095,438530,3876,2962,13,2975,29
2020-07-23,Sonoma,097,501317,3231,2289,5,2294,18
2020-07-23,Stanislaus,099,539301,10175,7603,11,7614,71
2020-07-23,Sutter,101,95872,706,570,0,570,2
2020-07-23,Tehama,103,63373,239,158,2,160,1
2020-07-23,Trinity,105,12862,9,3,4,7,0
2020-07-23,Tulare,107,460477,9963,7898,26,7924,168
2020-07-23,Tuolumne,109,53932,138,93,1,94,0
2020-07-23,Ventura,111,848112,7843,6303,20,6323,56
2020-07-23,Yolo,113,214977,1677,1279,3,1282,35
2020-07-23,Yuba,115,75493,389,297,0,297,1
2020-07-22,Alameda,001,1643700,12094,9678,38,9716,169
2020-07-22,Alpine,003,1148,3,2,0,2,0
2020-07-22,Amador,005,37829,118,58,0,58,0
2020-07-22,Butte,007,227075,967,694,8,702,5
2020-07-22,Calaveras,009,45235,115,98,0,98,0
2020-07-22,Colusa,011,21464,322,236,0,236,0
2020-07-22,Contra Costa,013,1133247,8719,6401,23,6424,98
2020-07-22,Del Norte,015,27424,84,66,0,66,0
2020-07-22,El Dorado,017,186661,678,466,0,466,1
2020-07-22,Fresno,019,978130,19015,11756,143,11899,110
2020-07-22,Glenn,021,27897,339,236,0,236,1
2020-07-22,Humboldt,023,135768,238,201,1,202,4
2020-07-22,Imperial,025,180216,9941,7533,5,7538,134
2020-07-22,Inyo,027,18085,49,38,0,38,1
2020-07-22,Kern,029,883053,21710,13513,94,13607,127
2020-07-22,Kings,031,150075,4098,3271,24,3295,38
2020-07-22,Lake,033,64148,197,160,0,160,1
2020-07-22,Lassen,035,31185,565,500,2,502,0
2020-07-22,Los Angeles,037,10098052,184223,165242,406,165648,4218
2020-07-22,Madera,039,155013,2323,1578,2,1580,10
2020-07-22,Marin,041,260295,4995,4373,4,4377,23
2020-07-22,Mariposa,043,17540,55,38,0,38,1
2020-07-22,Mendocino,045,87422,245,166,0,166,0
2020-07-22,Merced,047,269075,4756,2828,1,2829,15
2020-07-22,Modoc,049,8938,3,0,0,0,0
2020-07-22,Mono,051,14174,128,82,0,82,1
2020-07-22,Monterey,053,433212,4559,3533,12,3545,20
2020-07-22,Napa,055,140530,1003,687,0,687,5
2020-07-22,Nevada,057,99092,308,239,11,250,1
2020-07-22,Orange,059,3164182,39950,32047,666,32713,522
2020-07-22,Placer,061,380077,1947,1469,1,1470,12
2020-07-22,Plumas,063,18699,31,20,0,20,0
2020-07-22,Riverside,065,2383286,40406,33093,26,33119,612
2020-07-22,Sacramento,067,1510023,10857,8028,5,8033,106
2020-07-22,San Benito,069,59416,602,465,0,465,2
2020-07-22,San Bernardino,071,2135413,35894,26820,89,26909,348
2020-07-22,San Diego,073,3302833,29496,25109,2,25111,505
2020-07-22,San Francisco,075,870044,6536,5473,5,5478,53
2020-07-22,San Joaquin,077,732212,12741,9628,6,9634,102
2020-07-22,San Luis Obispo,079,281455,1805,1373,5,1378,7
2020-07-22,San Mateo,081,765935,5791,4796,4,4800,112
2020-07-22,Santa Barbara,083,443738,6611,5508,45,5553,29
2020-07-22,Santa Clara,085,1922200,10892,8266,17,8283,166
2020-07-22,Santa Cruz,087,273765,1112,866,9,875,3
2020-07-22,Shasta,089,179085,414,246,1,247,9
2020-07-22,Sierra,091,2930,1,1,0,1,0
2020-07-22,Siskiyou,093,43540,80,52,0,52,0
2020-07-22,Solano,095,438530,3815,2839,12,2851,29
2020-07-22,Sonoma,097,501317,3154,2255,5,2260,17
2020-07-22,Stanislaus,099,539301,10004,7401,11,7412,71
2020-07-22,Sutter,101,95872,682,551,0,551,2
2020-07-22,Tehama,103,63373,231,155,2,157,1
2020-07-22,Trinity,105,12862,9,3,4,7,0
2020-07-22,Tulare,107,460477,9730,7640,26,7666,167
2020-07-22,Tuolumne,109,53932,134,91,1,92,0
2020-07-22,Ventura,111,848112,7716,6223,18,6241,56
2020-07-22,Yolo,113,214977,1634,1233,3,1236,34
2020-07-22,Yuba,115,75493,374,288,0,288,1
2020-07-21,Alameda,001,1643700,11880,9390,38,9428,166
2020-07-21,Alpine,003,1148,3,2,0,2,0
2020-07-21,Amador,005,37829,113,55,0,55,0
2020-07-21,Butte,007,227075,922,659,7,666,5
2020-07-21,Calaveras,009,45235,110,96,0,96,0
2020-07-21,Colusa,011,21464,298,227,0,227,0
2020-07-21,Contra Costa,013,1133247,8478,6210,23,6233,98
2020-07-21,Del Norte,015,27424,84,66,0,66,0
2020-07-21,El Dorado,017,186661,670,440,0,440,1
2020-07-21,Fresno,019,978130,18616,11412,137,11549,107
2020-07-21,Glenn,021,27897,332,229,0,229,1
2020-07-21,Humboldt,023,135768,236,198,1,199,4
2020-07-21,Imperial,025,180216,9892,7458,5,7463,128
2020-07-21,Inyo,027,18085,48,38,0,38,1
2020-07-21,Kern,029,883053,21288,11998,88,12086,119
2020-07-21,Kings,031,150075,4034,3187,24,3211,38
2020-07-21,Lake,033,64148,197,157,0,157,1
2020-07-21,Lassen,035,31185,563,474,2,476,0
2020-07-21,Los Angeles,037,10098052,181221,162205,384,162589,4159
2020-07-21,Madera,039,155013,2258,1508,2,1510,10
2020-07-21,Marin,041,260295,4923,4318,4,4322,21
2020-07-21,Mariposa,043,17540,54,37,0,37,1
2020-07-21,Mendocino,045,87422,234,160,0,160,0
2020-07-21,Merced,047,269075,4577,2725,1,2726,15
2020-07-21,Modoc,049,8938,3,0,0,0,0
2020-07-21,Mono,051,14174,124,79,0,79,1
2020-07-21,Monterey,053,433212,4427,3404,11,3415,20
2020-07-21,Napa,055,140530,976,660,0,660,5
2020-07-21,Nevada,057,99092,306,228,9,237,1
2020-07-21,Orange,059,3164182,39454,31356,632,31988,515
2020-07-21,Placer,061,380077,1906,1413,1,1414,11
2020-07-21,Plumas,063,18699,31,19,0,19,0
2020-07-21,Riverside,065,2383286,39705,32231,26,32257,583
2020-07-21,Sacramento,067,1510023,10585,7789,4,7793,102
2020-07-21,San Benito,069,59416,591,444,0,444,2
2020-07-21,San Bernardino,071,2135413,35247,25323,85,25408,343
2020-07-21,San Diego,073,3302833,29047,24522,2,24524,487
2020-07-21,San Francisco,075,870044,6427,5377,5,5382,53
2020-07-21,San Joaquin,077,732212,12416,9150,6,9156,99
2020-07-21,San Luis Obispo,079,281455,1757,1338,5,1343,7
2020-07-21,San Mateo,081,765935,5699,4733,4,4737,111
2020-07-21,Santa Barbara,083,443738,6529,5422,44,5466,29
2020-07-21,Santa Clara,085,1922200,10629,7989,17,8006,164
2020-07-21,Santa Cruz,087,273765,1079,835,9,844,3
2020-07-21,Shasta,089,179085,406,241,1,242,9
2020-07-21,Sierra,091,2930,1,1,0,1,0
2020-07-21,Siskiyou,093,43540,80,48,0,48,0
2020-07-21,Solano,095,438530,3742,2727,12,2739,27
2020-07-21,Sonoma,097,501317,3097,2200,5,2205,17
2020-07-21,Stanislaus,099,539301,9741,6984,11,6995,69
2020-07-21,Sutter,101,95872,666,533,0,533,2
2020-07-21,Tehama,103,63373,221,150,2,152,1
2020-07-21,Trinity,105,12862,9,2,4,6,0
2020-07-21,Tulare,107,460477,9527,7447,26,7473,167
2020-07-21,Tuolumne,109,53932,132,75,1,76,0
2020-07-21,Ventura,111,848112,7584,6131,18,6149,55
2020-07-21,Yolo,113,214977,1581,1204,3,1207,34
2020-07-21,Yuba,115,75493,368,269,0,269,1
2020-07-20,Alameda,001,1643700,11625,9244,37,9281,162
2020-07-20,Alpine,003,1148,3,2,0,2,0
2020-07-20,Amador,005,37829,110,53,0,53,0
2020-07-20,Butte,007,227075,884,586,7,593,4
2020-07-20,Calaveras,009,45235,107,90,0,90,0
2020-07-20,Colusa,011,21464,287,217,0,217,0
2020-07-20,Contra Costa,013,1133247,8270,5823,23,5846,97
2020-07-20,Del Norte,015,27424,84,61,0,61,0
2020-07-20,El Dorado,017,186661,647,407,0,407,0
2020-07-20,Fresno,019,978130,18175,10891,136,11027,106
2020-07-20,Glenn,021,27897,324,225,0,225,1
2020-07-20,Humboldt,023,135768,229,194,1,195,4
2020-07-20,Imperial,025,180216,9852,7337,5,7342,124
2020-07-20,Inyo,027,18085,46,38,0,38,1
2020-07-20,Kern,029,883053,20778,10908,84,10992,118
2020-07-20,Kings,031,150075,3985,3093,24,3117,37
2020-07-20,Lake,033,64148,194,147,0,147,1
2020-07-20,Lassen,035,31185,561,474,2,476,0
2020-07-20,Los Angeles,037,10098052,178250,159202,356,159558,4108
2020-07-20,Madera,039,155013,2183,1433,2,1435,10
2020-07-20,Marin,041,260295,4842,4255,4,4259,21
2020-07-20,Mariposa,043,17540,53,36,0,36,1
2020-07-20,Mendocino,045,87422,221,153,0,153,0
2020-07-20,Merced,047,269075,4407,2584,1,2585,15
2020-07-20,Modoc,049,8938,3,0,0,0,0
2020-07-20,Mono,051,14174,118,78,0,78,1
2020-07-20,Monterey,053,433212,4321,3205,11,3216,19
2020-07-20,Napa,055,140530,939,632,0,632,5
2020-07-20,Nevada,057,99092,298,218,9,227,1
2020-07-20,Orange,059,3164182,38847,30337,601,30938,507
2020-07-20,Placer,061,380077,1855,1364,1,1365,11
2020-07-20,Plumas,063,18699,30,17,0,17,0
2020-07-20,Riverside,065,2383286,38877,31163,26,31189,581
2020-07-20,Sacramento,067,1510023,10259,7369,4,7373,99
2020-07-20,San Benito,069,59416,573,433,0,433,2
2020-07-20,San Bernardino,071,2135413,34437,24226,82,24308,338
2020-07-20,San Diego,073,3302833,28605,24137,2,24139,478
2020-07-20,San Francisco,075,870044,6306,5090,5,5095,53
2020-07-20,San Joaquin,077,732212,12059,8583,6,8589,97
2020-07-20,San Luis Obispo,079,281455,1717,1282,5,1287,6
2020-07-20,San Mateo,081,765935,5598,4609,4,4613,111
2020-07-20,Santa Barbara,083,443738,6405,5266,42,5308,29
2020-07-20,Santa Clara,085,1922200,10401,7711,16,7727,164
2020-07-20,Santa Cruz,087,273765,1047,758,9,767,3
2020-07-20,Shasta,089,179085,391,233,1,234,9
2020-07-20,Sierra,091,2930,1,1,0,1,0
2020-07-20,Siskiyou,093,43540,76,42,0,42,0
2020-07-20,Solano,095,438530,3659,2537,12,2549,26
2020-07-20,Sonoma,097,501317,2990,2148,5,2153,17
2020-07-20,Stanislaus,099,539301,9458,6835,11,6846,58
2020-07-20,Sutter,101,95872,633,507,0,507,2
2020-07-20,Tehama,103,63373,211,146,2,148,1
2020-07-20,Trinity,105,12862,9,2,4,6,0
2020-07-20,Tulare,107,460477,9293,6974,26,7000,166
2020-07-20,Tuolumne,109,53932,131,75,1,76,0
2020-07-20,Ventura,111,848112,7451,5912,18,5930,52
2020-07-20,Yolo,113,214977,1541,1155,3,1158,30
2020-07-20,Yuba,115,75493,348,258,0,258,1
2020-07-19,Alameda,001,1643700,11387,9227,31,9258,162
2020-07-19,Alpine,003,1148,3,2,0,2,0
2020-07-19,Amador,005,37829,103,51,0,51,0
2020-07-19,Butte,007,227075,859,555,7,562,4
2020-07-19,Calaveras,009,45235,105,89,0,89,0
2020-07-19,Colusa,011,21464,279,187,0,187,0
2020-07-19,Contra Costa,013,1133247,7979,5691,21,5712,95
2020-07-19,Del Norte,015,27424,83,61,0,61,0
2020-07-19,El Dorado,017,186661,629,385,0,385,0
2020-07-19,Fresno,019,978130,17654,10639,124,10763,106
2020-07-19,Glenn,021,27897,310,215,0,215,0
2020-07-19,Humboldt,023,135768,221,195,1,196,4
2020-07-19,Imperial,025,180216,9761,7280,5,7285,124
2020-07-19,Inyo,027,18085,42,38,0,38,1
2020-07-19,Kern,029,883053,20161,10094,77,10171,115
2020-07-19,Kings,031,150075,3899,3035,24,3059,37
2020-07-19,Lake,033,64148,189,144,0,144,1
2020-07-19,Lassen,035,31185,542,474,2,476,0
2020-07-19,Los Angeles,037,10098052,174807,156039,333,156372,4100
2020-07-19,Madera,039,155013,2106,1301,2,1303,10
2020-07-19,Marin,041,260295,4787,4172,4,4176,21
2020-07-19,Mariposa,043,17540,49,35,0,35,1
2020-07-19,Mendocino,045,87422,216,137,0,137,0
2020-07-19,Merced,047,269075,4200,2460,1,2461,15
2020-07-19,Modoc,049,8938,3,0,0,0,0
2020-07-19,Mono,051,14174,107,63,0,63,1
2020-07-19,Monterey,053,433212,4201,3079,11,3090,18
2020-07-19,Napa,055,140530,910,612,0,612,5
2020-07-19,Nevada,057,99092,292,210,9,219,1
2020-07-19,Orange,059,3164182,38284,29941,588,30529,505
2020-07-19,Placer,061,380077,1807,1246,1,1247,11
2020-07-19,Plumas,063,18699,30,17,0,17,0
2020-07-19,Riverside,065,2383286,38173,30340,26,30366,581
2020-07-19,Sacramento,067,1510023,9865,6985,4,6989,97
2020-07-19,San Benito,069,59416,557,412,0,412,2
2020-07-19,San Bernardino,071,2135413,33666,23928,72,24000,337
2020-07-19,San Diego,073,3302833,28105,23684,2,23686,478
2020-07-19,San Francisco,075,870044,6159,5094,5,5099,52
2020-07-19,San Joaquin,077,732212,11654,8308,6,8314,93
2020-07-19,San Luis Obispo,079,281455,1673,1262,4,1266,6
2020-07-19,San Mateo,081,765935,5491,4522,4,4526,110
2020-07-19,Santa Barbara,083,443738,6300,5145,39,5184,29
2020-07-19,Santa Clara,085,1922200,10157,7403,16,7419,164
2020-07-19,Santa Cruz,087,273765,1003,753,9,762,3
2020-07-19,Shasta,089,179085,378,218,1,219,9
2020-07-19,Sierra,091,2930,1,1,0,1,0
2020-07-19,Siskiyou,093,43540,74,42,0,42,0
2020-07-19,Solano,095,438530,3555,2551,12,2563,26
2020-07-19,Sonoma,097,501317,2889,2074,5,2079,17
2020-07-19,Stanislaus,099,539301,9162,6508,11,6519,58
2020-07-19,Sutter,101,95872,602,480,0,480,2
2020-07-19,Tehama,103,63373,207,138,2,140,1
2020-07-19,Trinity,105,12862,9,2,4,6,0
2020-07-19,Tulare,107,460477,9044,6856,26,6882,166
2020-07-19,Tuolumne,109,53932,126,75,1,76,0
2020-07-19,Ventura,111,848112,7261,5706,18,5724,52
2020-07-19,Yolo,113,214977,1501,1127,3,1130,30
2020-07-19,Yuba,115,75493,328,240,0,240,1
2020-07-18,Alameda,001,1643700,11251,9089,29,9118,162
2020-07-18,Alpine,003,1148,3,2,0,2,0
2020-07-18,Amador,005,37829,99,49,0,49,0
2020-07-18,Butte,007,227075,850,551,7,558,4
2020-07-18,Calaveras,009,45235,101,89,0,89,0
2020-07-18,Colusa,011,21464,274,182,0,182,0
2020-07-18,Contra Costa,013,1133247,7844,5617,21,5638,95
2020-07-18,Del Norte,015,27424,83,61,0,61,0
2020-07-18,El Dorado,017,186661,626,385,0,385,0
2020-07-18,Fresno,019,978130,17405,10381,122,10503,106
2020-07-18,Glenn,021,27897,304,212,0,212,0
2020-07-18,Humboldt,023,135768,218,189,1,190,4
2020-07-18,Imperial,025,180216,9730,7268,5,7273,124
2020-07-18,Inyo,027,18085,42,38,0,38,1
2020-07-18,Kern,029,883053,19858,9250,74,9324,114
2020-07-18,Kings,031,150075,3861,2996,23,3019,37
2020-07-18,Lake,033,64148,186,142,0,142,1
2020-07-18,Lassen,035,31185,541,474,2,476,0
2020-07-18,Los Angeles,037,10098052,173361,153265,318,153583,4088
2020-07-18,Madera,039,155013,2060,1260,2,1262,9
2020-07-18,Marin,041,260295,4758,4089,4,4093,21
2020-07-18,Mariposa,043,17540,49,35,0,35,1
2020-07-18,Mendocino,045,87422,209,137,0,137,0
2020-07-18,Merced,047,269075,4081,2424,1,2425,15
2020-07-18,Modoc,049,8938,3,0,0,0,0
2020-07-18,Mono,051,14174,105,54,0,54,1
2020-07-18,Monterey,053,433212,4134,3020,11,3031,17
2020-07-18,Napa,055,140530,899,609,0,609,5
2020-07-18,Nevada,057,99092,288,204,8,212,1
2020-07-18,Orange,059,3164182,37965,29603,566,30169,493
2020-07-18,Placer,061,380077,1783,1233,1,1234,11
2020-07-18,Plumas,063,18699,30,17,0,17,0
2020-07-18,Riverside,065,2383286,37821,30245,25,30270,581
2020-07-18,Sacramento,067,1510023,9620,6739,4,6743,95
2020-07-18,San Benito,069,59416,542,407,0,407,2
2020-07-18,San Bernardino,071,2135413,33207,23680,66,23746,336
2020-07-18,San Diego,073,3302833,27802,23116,2,23118,478
2020-07-18,San Francisco,075,870044,6057,5051,5,5056,52
2020-07-18,San Joaquin,077,732212,11442,8118,6,8124,93
2020-07-18,San Luis Obispo,079,281455,1640,1234,4,1238,6
2020-07-18,San Mateo,081,765935,5431,4488,4,4492,110
2020-07-18,Santa Barbara,083,443738,6240,5110,37,5147,29
2020-07-18,Santa Clara,085,1922200,10007,7255,15,7270,164
2020-07-18,Santa Cruz,087,273765,986,751,9,760,3
2020-07-18,Shasta,089,179085,369,216,1,217,9
2020-07-18,Sierra,091,2930,1,1,0,1,0
2020-07-18,Siskiyou,093,43540,70,42,0,42,0
2020-07-18,Solano,095,438530,3514,2503,12,2515,26
2020-07-18,Sonoma,097,501317,2838,2019,5,2024,15
2020-07-18,Stanislaus,099,539301,9027,6344,11,6355,58
2020-07-18,Sutter,101,95872,596,473,0,473,2
2020-07-18,Tehama,103,63373,202,136,2,138,1
2020-07-18,Trinity,105,12862,9,2,4,6,0
2020-07-18,Tulare,107,460477,8953,6810,25,6835,167
2020-07-18,Tuolumne,109,53932,123,75,1,76,0
2020-07-18,Ventura,111,848112,7179,5630,18,5648,52
2020-07-18,Yolo,113,214977,1473,1077,3,1080,30
2020-07-18,Yuba,115,75493,317,237,0,237,1
2020-07-17,Alameda,001,1643700,11111,8893,28,8921,160
2020-07-17,Alpine,003,1148,3,1,0,1,0
2020-07-17,Amador,005,37829,97,48,0,48,0
2020-07-17,Butte,007,227075,836,497,7,504,4
2020-07-17,Calaveras,009,45235,99,86,0,86,0
2020-07-17,Colusa,011,21464,272,146,0,146,0
2020-07-17,Contra Costa,013,1133247,7696,5483,21,5504,93
2020-07-17,Del Norte,015,27424,82,60,0,60,0
2020-07-17,El Dorado,017,186661,610,368,0,368,0
2020-07-17,Fresno,019,978130,17107,9954,122,10076,104
2020-07-17,Glenn,021,27897,297,203,0,203,0
2020-07-17,Humboldt,023,135768,217,185,1,186,4
2020-07-17,Imperial,025,180216,9708,7193,5,7198,120
2020-07-17,Inyo,027,18085,42,38,0,38,1
2020-07-17,Kern,029,883053,19538,8291,72,8363,113
2020-07-17,Kings,031,150075,3823,2978,23,3001,37
2020-07-17,Lake,033,64148,184,139,0,139,1
2020-07-17,Lassen,035,31185,522,391,2,393,0
2020-07-17,Los Angeles,037,10098052,170990,150481,305,150786,4052
2020-07-17,Madera,039,155013,2016,1214,2,1216,9
2020-07-17,Marin,041,260295,4721,3839,4,3843,21
2020-07-17,Mariposa,043,17540,47,35,0,35,1
2020-07-17,Mendocino,045,87422,201,126,0,126,0
2020-07-17,Merced,047,269075,4005,2328,1,2329,12
2020-07-17,Modoc,049,8938,2,0,0,0,0
2020-07-17,Mono,051,14174,100,54,0,54,1
2020-07-17,Monterey,053,433212,4005,2922,11,2933,18
2020-07-17,Napa,055,140530,885,598,0,598,5
2020-07-17,Nevada,057,99092,281,200,8,208,1
2020-07-17,Orange,059,3164182,37503,28962,532,29494,485
2020-07-17,Placer,061,380077,1754,1207,1,1208,11
2020-07-17,Plumas,063,18699,27,16,0,16,0
2020-07-17,Riverside,065,2383286,37222,29639,25,29664,580
2020-07-17,Sacramento,067,1510023,9376,6563,4,6567,95
2020-07-17,San Benito,069,59416,527,399,0,399,2
2020-07-17,San Bernardino,071,2135413,32688,23057,63,23120,322
2020-07-17,San Diego,073,3302833,27414,22491,2,22493,472
2020-07-17,San Francisco,075,870044,5963,4967,5,4972,52
2020-07-17,San Joaquin,077,732212,11197,7925,6,7931,86
2020-07-17,San Luis Obispo,079,281455,1604,1190,4,1194,6
2020-07-17,San Mateo,081,765935,5335,4407,4,4411,110
2020-07-17,Santa Barbara,083,443738,6167,5001,36,5037,29
2020-07-17,Santa Clara,085,1922200,9790,7080,15,7095,164
2020-07-17,Santa Cruz,087,273765,964,716,9,725,3
2020-07-17,Shasta,089,179085,357,213,1,214,8
2020-07-17,Sierra,091,2930,1,1,0,1,0
2020-07-17,Siskiyou,093,43540,69,40,0,40,0
2020-07-17,Solano,095,438530,3465,2452,12,2464,26
2020-07-17,Sonoma,097,501317,2790,1982,5,1987,15
2020-07-17,Stanislaus,099,539301,8853,6220,11,6231,56
2020-07-17,Sutter,101,95872,583,458,0,458,2
2020-07-17,Tehama,103,63373,198,128,2,130,1
2020-07-17,Trinity,105,12862,9,2,4,6,0
2020-07-17,Tulare,107,460477,8817,6671,25,6696,166
2020-07-17,Tuolumne,109,53932,122,73,1,74,0
2020-07-17,Ventura,111,848112,7096,5451,18,5469,51
2020-07-17,Yolo,113,214977,1449,1055,3,1058,30
2020-07-17,Yuba,115,75493,307,231,0,231,1
2020-07-16,Alameda,001,1643700,10877,8719,22,8741,153
2020-07-16,Alpine,003,1148,3,1,0,1,0
2020-07-16,Amador,005,37829,94,46,0,46,0
2020-07-16,Butte,007,227075,799,465,6,471,4
2020-07-16,Calaveras,009,45235,97,82,0,82,0
2020-07-16,Colusa,011,21464,263,140,0,140,0
2020-07-16,Contra Costa,013,1133247,7484,5338,15,5353,91
2020-07-16,Del Norte,015,27424,82,60,0,60,0
2020-07-16,El Dorado,017,186661,593,357,0,357,0
2020-07-16,Fresno,019,978130,16596,9481,113,9594,101
2020-07-16,Glenn,021,27897,288,190,0,190,0
2020-07-16,Humboldt,023,135768,215,184,1,185,4
2020-07-16,Imperial,025,180216,9613,7148,5,7153,113
2020-07-16,Inyo,027,18085,42,38,0,38,1
2020-07-16,Kern,029,883053,19016,7435,70,7505,112
2020-07-16,Kings,031,150075,3657,2937,23,2960,37
2020-07-16,Lake,033,64148,179,128,0,128,1
2020-07-16,Lassen,035,31185,521,355,2,357,0
2020-07-16,Los Angeles,037,10098052,167743,147759,281,148040,3994
2020-07-16,Madera,039,155013,1952,1192,2,1194,8
2020-07-16,Marin,041,260295,4649,3546,4,3550,21
2020-07-16,Mariposa,043,17540,45,34,0,34,1
2020-07-16,Mendocino,045,87422,196,121,0,121,0
2020-07-16,Merced,047,269075,3843,2228,1,2229,12
2020-07-16,Modoc,049,8938,1,0,0,0,0
2020-07-16,Mono,051,14174,97,53,0,53,1
2020-07-16,Monterey,053,433212,3900,2857,10,2867,18
2020-07-16,Napa,055,140530,856,581,0,581,5
2020-07-16,Nevada,057,99092,278,191,8,199,1
2020-07-16,Orange,059,3164182,36802,28525,494,29019,471
2020-07-16,Placer,061,380077,1706,1168,1,1169,11
2020-07-16,Plumas,063,18699,25,16,0,16,0
2020-07-16,Riverside,065,2383286,36477,28904,24,28928,577
2020-07-16,Sacramento,067,1510023,9063,6440,4,6444,91
2020-07-16,San Benito,069,59416,510,389,0,389,2
2020-07-16,San Bernardino,071,2135413,31825,22355,54,22409,321
2020-07-16,San Diego,073,3302833,26927,21857,2,21859,465
2020-07-16,San Francisco,075,870044,5822,4838,5,4843,52
2020-07-16,San Joaquin,077,732212,10834,7713,6,7719,82
2020-07-16,San Luis Obispo,079,281455,1560,1146,4,1150,6
2020-07-16,San Mateo,081,765935,5231,4336,4,4340,110
2020-07-16,Santa Barbara,083,443738,6071,4872,35,4907,28
2020-07-16,Santa Clara,085,1922200,9510,6990,13,7003,164
2020-07-16,Santa Cruz,087,273765,923,698,9,707,3
2020-07-16,Shasta,089,179085,342,208,1,209,7
2020-07-16,Sierra,091,2930,1,1,0,1,0
2020-07-16,Siskiyou,093,43540,66,39,0,39,0
2020-07-16,Solano,095,438530,3371,2372,12,2384,25
2020-07-16,Sonoma,097,501317,2699,1954,5,1959,14
2020-07-16,Stanislaus,099,539301,8571,6077,10,6087,56
2020-07-16,Sutter,101,95872,567,444,0,444,2
2020-07-16,Tehama,103,63373,188,126,2,128,1
2020-07-16,Trinity,105,12862,9,2,3,5,0
2020-07-16,Tulare,107,460477,8601,6467,24,6491,163
2020-07-16,Tuolumne,109,53932,117,71,1,72,0
2020-07-16,Ventura,111,848112,6934,5231,18,5249,50
2020-07-16,Yolo,113,214977,1407,1034,3,1037,29
2020-07-16,Yuba,115,75493,289,221,0,221,1
2020-07-15,Alameda,001,1643700,10675,8615,16,8631,153
2020-07-15,Alpine,003,1148,3,1,0,1,0
2020-07-15,Amador,005,37829,73,44,0,44,0
2020-07-15,Butte,007,227075,757,420,6,426,4
2020-07-15,Calaveras,009,45235,97,75,0,75,0
2020-07-15,Colusa,011,21464,258,135,0,135,0
2020-07-15,Contra Costa,013,1133247,7253,5246,15,5261,90
2020-07-15,Del Norte,015,27424,81,60,0,60,0
2020-07-15,El Dorado,017,186661,569,339,0,339,0
2020-07-15,Fresno,019,978130,16123,9124,106,9230,101
2020-07-15,Glenn,021,27897,279,184,0,184,0
2020-07-15,Humboldt,023,135768,213,181,1,182,4
2020-07-15,Imperial,025,180216,9546,7110,5,7115,110
2020-07-15,Inyo,027,18085,42,36,0,36,1
2020-07-15,Kern,029,883053,18396,7155,67,7222,108
2020-07-15,Kings,031,150075,3596,2906,23,2929,37
2020-07-15,Lake,033,64148,177,122,0,122,1
2020-07-15,Lassen,035,31185,517,319,2,321,0
2020-07-15,Los Angeles,037,10098052,164277,143343,266,143609,3946
2020-07-15,Madera,039,155013,1883,1147,2,1149,4
2020-07-15,Marin,041,260295,4594,3458,4,3462,21
2020-07-15,Mariposa,043,17540,45,34,0,34,1
2020-07-15,Mendocino,045,87422,193,119,0,119,0
2020-07-15,Merced,047,269075,3693,2156,1,2157,12
2020-07-15,Modoc,049,8938,1,0,0,0,0
2020-07-15,Mono,051,14174,95,52,0,52,1
2020-07-15,Monterey,053,433212,3789,2780,10,2790,18
2020-07-15,Napa,055,140530,830,573,0,573,5
2020-07-15,Nevada,057,99092,274,185,6,191,1
2020-07-15,Orange,059,3164182,36001,27718,459,28177,454
2020-07-15,Placer,061,380077,1648,1145,1,1146,11
2020-07-15,Plumas,063,18699,25,16,0,16,0
2020-07-15,Riverside,065,2383286,35698,28492,22,28514,568
2020-07-15,Sacramento,067,1510023,8682,6217,4,6221,91
2020-07-15,San Benito,069,59416,501,388,0,388,2
2020-07-15,San Bernardino,071,2135413,31036,21508,52,21560,317
2020-07-15,San Diego,073,3302833,26460,21448,2,21450,448
2020-07-15,San Francisco,075,870044,5708,4757,5,4762,50
2020-07-15,San Joaquin,077,732212,10402,7381,5,7386,75
2020-07-15,San Luis Obispo,079,281455,1517,1097,4,1101,6
2020-07-15,San Mateo,081,765935,5118,4258,4,4262,109
2020-07-15,Santa Barbara,083,443738,5955,4733,35,4768,28
2020-07-15,Santa Clara,085,1922200,9207,6900,13,6913,164
2020-07-15,Santa Cruz,087,273765,887,660,8,668,3
2020-07-15,Shasta,089,179085,333,193,1,194,7
2020-07-15,Sierra,091,2930,1,1,0,1,0
2020-07-15,Siskiyou,093,43540,65,38,0,38,0
2020-07-15,Solano,095,438530,3277,2343,12,2355,25
2020-07-15,Sonoma,097,501317,2601,1920,5,1925,14
2020-07-15,Stanislaus,099,539301,8274,5777,10,5787,56
2020-07-15,Sutter,101,95872,541,433,0,433,2
2020-07-15,Tehama,103,63373,180,126,2,128,1
2020-07-15,Trinity,105,12862,8,2,3,5,0
2020-07-15,Tulare,107,460477,8388,6320,23,6343,156
2020-07-15,Tuolumne,109,53932,110,68,1,69,0
2020-07-15,Ventura,111,848112,6757,5087,18,5105,50
2020-07-15,Yolo,113,214977,1374,1002,3,1005,27
2020-07-15,Yuba,115,75493,277,221,0,221,1
2020-07-14,Alameda,001,1643700,10333,8388,10,8398,151
2020-07-14,Alpine,003,1148,3,1,0,1,0
2020-07-14,Amador,005,37829,69,44,0,44,0
2020-07-14,Butte,007,227075,711,382,6,388,4
2020-07-14,Calaveras,009,45235,95,74,0,74,0
2020-07-14,Colusa,011,21464,248,128,0,128,0
2020-07-14,Contra Costa,013,1133247,7017,5110,13,5123,90
2020-07-14,Del Norte,015,27424,80,60,0,60,0
2020-07-14,El Dorado,017,186661,554,324,0,324,0
2020-07-14,Fresno,019,978130,15703,8941,102,9043,98
2020-07-14,Glenn,021,27897,269,177,0,177,0
2020-07-14,Humboldt,023,135768,210,175,1,176,4
2020-07-14,Imperial,025,180216,9419,7095,5,7100,109
2020-07-14,Inyo,027,18085,42,35,0,35,1
2020-07-14,Kern,029,883053,17637,6979,54,7033,107
2020-07-14,Kings,031,150075,3529,2867,22,2889,37
2020-07-14,Lake,033,64148,171,120,0,120,1
2020-07-14,Lassen,035,31185,500,263,2,265,0
2020-07-14,Los Angeles,037,10098052,161140,140632,236,140868,3900
2020-07-14,Madera,039,155013,1809,1118,2,1120,4
2020-07-14,Marin,041,260295,4480,3451,4,3455,21
2020-07-14,Mariposa,043,17540,41,32,0,32,1
2020-07-14,Mendocino,045,87422,185,110,0,110,0
2020-07-14,Merced,047,269075,3514,2084,1,2085,12
2020-07-14,Modoc,049,8938,1,0,0,0,0
2020-07-14,Mono,051,14174,85,48,0,48,1
2020-07-14,Monterey,053,433212,3675,2724,10,2734,18
2020-07-14,Napa,055,140530,774,557,0,557,4
2020-07-14,Nevada,057,99092,257,180,5,185,1
2020-07-14,Orange,059,3164182,35122,26915,412,27327,432
2020-07-14,Placer,061,380077,1590,1122,1,1123,11
2020-07-14,Plumas,063,18699,24,14,0,14,0
2020-07-14,Riverside,065,2383286,34943,27850,21,27871,547
2020-07-14,Sacramento,067,1510023,8328,5978,4,5982,87
2020-07-14,San Benito,069,59416,482,360,0,360,2
2020-07-14,San Bernardino,071,2135413,30185,20489,49,20538,316
2020-07-14,San Diego,073,3302833,25841,20887,2,20889,436
2020-07-14,San Francisco,075,870044,5558,4659,4,4663,50
2020-07-14,San Joaquin,077,732212,9975,7143,5,7148,75
2020-07-14,San Luis Obispo,079,281455,1479,1060,4,1064,5
2020-07-14,San Mateo,081,765935,5025,4173,4,4177,108
2020-07-14,Santa Barbara,083,443738,5831,4641,33,4674,28
2020-07-14,Santa Clara,085,1922200,8880,6686,10,6696,164
2020-07-14,Santa Cruz,087,273765,848,639,8,647,3
2020-07-14,Shasta,089,179085,324,190,1,191,7
2020-07-14,Sierra,091,2930,1,1,0,1,0
2020-07-14,Siskiyou,093,43540,64,38,0,38,0
2020-07-14,Solano,095,438530,3177,2266,10,2276,25
2020-07-14,Sonoma,097,501317,2509,1866,5,1871,14
2020-07-14,Stanislaus,099,539301,7900,5631,9,5640,53
2020-07-14,Sutter,101,95872,522,405,0,405,2
2020-07-14,Tehama,103,63373,168,123,2,125,1
2020-07-14,Trinity,105,12862,8,2,3,5,0
2020-07-14,Tulare,107,460477,8142,6199,23,6222,156
2020-07-14,Tuolumne,109,53932,105,68,1,69,0
2020-07-14,Ventura,111,848112,6596,4950,18,4968,50
2020-07-14,Yolo,113,214977,1326,966,3,969,27
2020-07-14,Yuba,115,75493,260,210,0,210,1
2020-07-13,Alameda,001,1643700,10025,8115,10,8125,148
2020-07-13,Alpine,003,1148,3,1,0,1,0
2020-07-13,Amador,005,37829,65,42,0,42,0
2020-07-13,Butte,007,227075,675,354,6,360,4
2020-07-13,Calaveras,009,45235,86,63,0,63,0
2020-07-13,Colusa,011,21464,242,116,0,116,0
2020-07-13,Contra Costa,013,1133247,6743,4882,11,4893,88
2020-07-13,Del Norte,015,27424,74,59,0,59,0
2020-07-13,El Dorado,017,186661,523,298,0,298,0
2020-07-13,Fresno,019,978130,15276,8666,98,8764,95
2020-07-13,Glenn,021,27897,262,168,0,168,0
2020-07-13,Humboldt,023,135768,205,174,1,175,4
2020-07-13,Imperial,025,180216,9334,7052,5,7057,109
2020-07-13,Inyo,027,18085,41,35,0,35,1
2020-07-13,Kern,029,883053,16952,6808,50,6858,107
2020-07-13,Kings,031,150075,3478,2824,22,2846,37
2020-07-13,Lake,033,64148,166,118,0,118,1
2020-07-13,Lassen,035,31185,495,237,2,239,0
2020-07-13,Los Angeles,037,10098052,157903,136368,222,136590,3829
2020-07-13,Madera,039,155013,1740,1059,2,1061,4
2020-07-13,Marin,041,260295,4377,3402,4,3406,21
2020-07-13,Mariposa,043,17540,40,31,0,31,1
2020-07-13,Mendocino,045,87422,181,87,0,87,0
2020-07-13,Merced,047,269075,3365,2007,1,2008,12
2020-07-13,Modoc,049,8938,1,0,0,0,0
2020-07-13,Mono,051,14174,81,47,0,47,1
2020-07-13,Monterey,053,433212,3552,2613,7,2620,18
2020-07-13,Napa,055,140530,738,534,0,534,4
2020-07-13,Nevada,057,99092,243,172,5,177,1
2020-07-13,Orange,059,3164182,34260,25978,380,26358,423
2020-07-13,Placer,061,380077,1544,1096,1,1097,11
2020-07-13,Plumas,063,18699,22,14,0,14,0
2020-07-13,Riverside,065,2383286,34017,27136,19,27155,545
2020-07-13,Sacramento,067,1510023,8031,5747,4,5751,85
2020-07-13,San Benito,069,59416,469,343,0,343,2
2020-07-13,San Bernardino,071,2135413,29307,19610,43,19653,313
2020-07-13,San Diego,073,3302833,25274,20348,2,20350,422
2020-07-13,San Francisco,075,870044,5430,4534,3,4537,50
2020-07-13,San Joaquin,077,732212,9558,6927,5,6932,71
2020-07-13,San Luis Obispo,079,281455,1448,989,4,993,5
2020-07-13,San Mateo,081,765935,4894,4057,4,4061,108
2020-07-13,Santa Barbara,083,443738,5717,4441,32,4473,28
2020-07-13,Santa Clara,085,1922200,8557,6488,9,6497,164
2020-07-13,Santa Cruz,087,273765,810,574,8,582,3
2020-07-13,Shasta,089,179085,313,185,1,186,6
2020-07-13,Sierra,091,2930,1,1,0,1,0
2020-07-13,Siskiyou,093,43540,60,37,0,37,0
2020-07-13,Solano,095,438530,3065,2046,10,2056,23
2020-07-13,Sonoma,097,501317,2398,1818,5,1823,14
2020-07-13,Stanislaus,099,539301,7597,5324,7,5331,53
2020-07-13,Sutter,101,95872,484,379,0,379,2
2020-07-13,Tehama,103,63373,155,112,2,114,1
2020-07-13,Trinity,105,12862,8,2,3,5,0
2020-07-13,Tulare,107,460477,7881,5930,21,5951,147
2020-07-13,Tuolumne,109,53932,97,56,1,57,0
2020-07-13,Ventura,111,848112,6406,4800,15,4815,50
2020-07-13,Yolo,113,214977,1281,941,3,944,27
2020-07-13,Yuba,115,75493,245,194,0,194,1
2020-07-12,Alameda,001,1643700,9754,8056,10,8066,148
2020-07-12,Alpine,003,1148,3,1,0,1,0
2020-07-12,Amador,005,37829,55,40,0,40,0
2020-07-12,Butte,007,227075,625,341,6,347,4
2020-07-12,Calaveras,009,45235,86,62,0,62,0
2020-07-12,Colusa,011,21464,208,116,0,116,0
2020-07-12,Contra Costa,013,1133247,6471,4708,9,4717,88
2020-07-12,Del Norte,015,27424,63,59,0,59,0
2020-07-12,El Dorado,017,186661,501,290,0,290,0
2020-07-12,Fresno,019,978130,14851,8407,95,8502,95
2020-07-12,Glenn,021,27897,249,166,0,166,0
2020-07-12,Humboldt,023,135768,201,174,1,175,4
2020-07-12,Imperial,025,180216,9214,6999,5,7004,109
2020-07-12,Inyo,027,18085,39,35,0,35,1
2020-07-12,Kern,029,883053,16208,6662,47,6709,105
2020-07-12,Kings,031,150075,3416,2779,22,2801,34
2020-07-12,Lake,033,64148,157,114,0,114,1
2020-07-12,Lassen,035,31185,488,237,2,239,0
2020-07-12,Los Angeles,037,10098052,154482,133830,193,134023,3816
2020-07-12,Madera,039,155013,1685,1025,2,1027,4
2020-07-12,Marin,041,260295,4300,3358,4,3362,21
2020-07-12,Mariposa,043,17540,39,31,0,31,1
2020-07-12,Mendocino,045,87422,162,88,0,88,0
2020-07-12,Merced,047,269075,3235,1908,1,1909,12
2020-07-12,Modoc,049,8938,1,0,0,0,0
2020-07-12,Mono,051,14174,71,45,0,45,1
2020-07-12,Monterey,053,433212,3437,2521,7,2528,18
2020-07-12,Napa,055,140530,706,519,0,519,4
2020-07-12,Nevada,057,99092,233,166,5,171,1
2020-07-12,Orange,059,3164182,33386,25399,371,25770,422
2020-07-12,Placer,061,380077,1486,1058,1,1059,11
2020-07-12,Plumas,063,18699,21,14,0,14,0
2020-07-12,Riverside,065,2383286,33259,26404,19,26423,542
2020-07-12,Sacramento,067,1510023,7719,5515,3,5518,85
2020-07-12,San Benito,069,59416,454,324,0,324,2
2020-07-12,San Bernardino,071,2135413,28396,19042,38,19080,312
2020-07-12,San Diego,073,3302833,24646,19929,2,19931,422
2020-07-12,San Francisco,075,870044,5281,4535,3,4538,50
2020-07-12,San Joaquin,077,732212,9196,6703,5,6708,71
2020-07-12,San Luis Obispo,079,281455,1401,972,4,976,5
2020-07-12,San Mateo,081,765935,4776,3988,4,3992,108
2020-07-12,Santa Barbara,083,443738,5587,4353,31,4384,28
2020-07-12,Santa Clara,085,1922200,8319,6252,9,6261,164
2020-07-12,Santa Cruz,087,273765,768,573,6,579,3
2020-07-12,Shasta,089,179085,307,173,1,174,6
2020-07-12,Sierra,091,2930,1,1,0,1,0
2020-07-12,Siskiyou,093,43540,58,36,0,36,0
2020-07-12,Solano,095,438530,2940,2037,10,2047,23
2020-07-12,Sonoma,097,501317,2303,1743,5,1748,13
2020-07-12,Stanislaus,099,539301,7293,5177,7,5184,53
2020-07-12,Sutter,101,95872,466,362,0,362,2
2020-07-12,Tehama,103,63373,148,111,2,113,1
2020-07-12,Trinity,105,12862,8,2,3,5,0
2020-07-12,Tulare,107,460477,7626,5864,20,5884,146
2020-07-12,Tuolumne,109,53932,89,52,1,53,0
2020-07-12,Ventura,111,848112,6190,4724,14,4738,50
2020-07-12,Yolo,113,214977,1240,889,3,892,27
2020-07-12,Yuba,115,75493,234,188,0,188,1
2020-07-11,Alameda,001,1643700,9652,7845,10,7855,148
2020-07-11,Alpine,003,1148,3,1,0,1,0
2020-07-11,Amador,005,37829,51,37,0,37,0
2020-07-11,Butte,007,227075,609,325,6,331,4
2020-07-11,Calaveras,009,45235,83,62,0,62,0
2020-07-11,Colusa,011,21464,203,110,0,110,0
2020-07-11,Contra Costa,013,1133247,6354,4650,9,4659,87
2020-07-11,Del Norte,015,27424,63,59,0,59,0
2020-07-11,El Dorado,017,186661,490,283,0,283,0
2020-07-11,Fresno,019,978130,14591,8086,93,8179,95
2020-07-11,Glenn,021,27897,241,161,0,161,0
2020-07-11,Humboldt,023,135768,200,174,1,175,4
2020-07-11,Imperial,025,180216,9175,6884,5,6889,109
2020-07-11,Inyo,027,18085,39,35,0,35,1
2020-07-11,Kern,029,883053,15851,6509,46,6555,103
2020-07-11,Kings,031,150075,3389,2753,22,2775,33
2020-07-11,Lake,033,64148,156,110,0,110,1
2020-07-11,Lassen,035,31185,487,237,2,239,0
2020-07-11,Los Angeles,037,10098052,152764,130479,183,130662,3802
2020-07-11,Madera,039,155013,1644,988,2,990,4
2020-07-11,Marin,041,260295,4272,3191,4,3195,21
2020-07-11,Mariposa,043,17540,39,31,0,31,1
2020-07-11,Mendocino,045,87422,158,88,0,88,0
2020-07-11,Merced,047,269075,3154,1851,1,1852,12
2020-07-11,Modoc,049,8938,1,0,0,0,0
2020-07-11,Mono,051,14174,68,45,0,45,1
2020-07-11,Monterey,053,433212,3348,2376,6,2382,18
2020-07-11,Napa,055,140530,694,509,0,509,4
2020-07-11,Nevada,057,99092,224,163,4,167,1
2020-07-11,Orange,059,3164182,33009,24430,357,24787,422
2020-07-11,Placer,061,380077,1451,1029,1,1030,11
2020-07-11,Plumas,063,18699,21,12,0,12,0
2020-07-11,Riverside,065,2383286,32867,25994,19,26013,538
2020-07-11,Sacramento,067,1510023,7545,5367,3,5370,84
2020-07-11,San Benito,069,59416,439,314,0,314,2
2020-07-11,San Bernardino,071,2135413,27959,18907,36,18943,310
2020-07-11,San Diego,073,3302833,24261,19371,2,19373,422
2020-07-11,San Francisco,075,870044,5185,4430,2,4432,50
2020-07-11,San Joaquin,077,732212,9018,6518,5,6523,72
2020-07-11,San Luis Obispo,079,281455,1353,930,4,934,4
2020-07-11,San Mateo,081,765935,4708,3956,4,3960,108
2020-07-11,Santa Barbara,083,443738,5518,4283,30,4313,28
2020-07-11,Santa Clara,085,1922200,8160,5959,9,5968,164
2020-07-11,Santa Cruz,087,273765,737,571,6,577,3
2020-07-11,Shasta,089,179085,300,168,1,169,6
2020-07-11,Sierra,091,2930,1,1,0,1,0
2020-07-11,Siskiyou,093,43540,58,36,0,36,0
2020-07-11,Solano,095,438530,2899,2034,10,2044,23
2020-07-11,Sonoma,097,501317,2266,1690,5,1695,13
2020-07-11,Stanislaus,099,539301,7152,4911,7,4918,51
2020-07-11,Sutter,101,95872,450,352,0,352,2
2020-07-11,Tehama,103,63373,146,111,2,113,1
2020-07-11,Trinity,105,12862,8,2,3,5,0
2020-07-11,Tulare,107,460477,7520,5780,20,5800,149
2020-07-11,Tuolumne,109,53932,87,50,1,51,0
2020-07-11,Ventura,111,848112,6094,4545,13,4558,49
2020-07-11,Yolo,113,214977,1210,833,3,836,27
2020-07-11,Yuba,115,75493,224,175,0,175,1
2020-07-10,Alameda,001,1643700,9495,7551,10,7561,147
2020-07-10,Alpine,003,1148,3,1,0,1,0
2020-07-10,Amador,005,37829,47,37,0,37,0
2020-07-10,Butte,007,227075,598,318,6,324,4
2020-07-10,Calaveras,009,45235,83,61,0,61,0
2020-07-10,Colusa,011,21464,197,103,0,103,0
2020-07-10,Contra Costa,013,1133247,6211,4482,9,4491,86
2020-07-10,Del Norte,015,27424,63,57,0,57,0
2020-07-10,El Dorado,017,186661,472,266,0,266,0
2020-07-10,Fresno,019,978130,14259,7760,90,7850,93
2020-07-10,Glenn,021,27897,236,157,0,157,0
2020-07-10,Humboldt,023,135768,199,168,1,169,4
2020-07-10,Imperial,025,180216,9130,6878,5,6883,98
2020-07-10,Inyo,027,18085,39,35,0,35,1
2020-07-10,Kern,029,883053,15418,6344,45,6389,102
2020-07-10,Kings,031,150075,3354,2707,22,2729,33
2020-07-10,Lake,033,64148,149,104,0,104,1
2020-07-10,Lassen,035,31185,486,235,2,237,0
2020-07-10,Los Angeles,037,10098052,150345,127503,177,127680,3750
2020-07-10,Madera,039,155013,1598,914,2,916,4
2020-07-10,Marin,041,260295,4209,3101,4,3105,21
2020-07-10,Mariposa,043,17540,38,31,0,31,1
2020-07-10,Mendocino,045,87422,150,88,0,88,0
2020-07-10,Merced,047,269075,3075,1802,1,1803,12
2020-07-10,Modoc,049,8938,1,0,0,0,0
2020-07-10,Mono,051,14174,67,45,0,45,1
2020-07-10,Monterey,053,433212,3269,2285,6,2291,18
2020-07-10,Napa,055,140530,683,496,0,496,4
2020-07-10,Nevada,057,99092,219,161,4,165,1
2020-07-10,Orange,059,3164182,32422,23692,353,24045,416
2020-07-10,Placer,061,380077,1410,1002,1,1003,11
2020-07-10,Plumas,063,18699,19,12,0,12,0
2020-07-10,Riverside,065,2383286,32349,25481,19,25500,533
2020-07-10,Sacramento,067,1510023,7290,5181,3,5184,81
2020-07-10,San Benito,069,59416,430,302,0,302,2
2020-07-10,San Bernardino,071,2135413,27433,18242,35,18277,308
2020-07-10,San Diego,073,3302833,23880,18862,2,18864,420
2020-07-10,San Francisco,075,870044,5094,4305,2,4307,50
2020-07-10,San Joaquin,077,732212,8785,6225,5,6230,67
2020-07-10,San Luis Obispo,079,281455,1315,891,4,895,4
2020-07-10,San Mateo,081,765935,4643,3844,4,3848,107
2020-07-10,Santa Barbara,083,443738,5421,4177,29,4206,28
2020-07-10,Santa Clara,085,1922200,7936,5819,9,5828,164
2020-07-10,Santa Cruz,087,273765,710,540,6,546,3
2020-07-10,Shasta,089,179085,296,158,1,159,6
2020-07-10,Sierra,091,2930,1,1,0,1,0
2020-07-10,Siskiyou,093,43540,58,31,0,31,0
2020-07-10,Solano,095,438530,2852,1950,10,1960,23
2020-07-10,Sonoma,097,501317,2219,1606,4,1610,13
2020-07-10,Stanislaus,099,539301,6982,4781,7,4788,46
2020-07-10,Sutter,101,95872,443,338,0,338,2
2020-07-10,Tehama,103,63373,145,107,2,109,1
2020-07-10,Trinity,105,12862,8,2,3,5,0
2020-07-10,Tulare,107,460477,7383,5677,20,5697,150
2020-07-10,Tuolumne,109,53932,86,49,1,50,0
2020-07-10,Ventura,111,848112,5981,4416,13,4429,48
2020-07-10,Yolo,113,214977,1186,794,3,797,27
2020-07-10,Yuba,115,75493,210,164,0,164,1
2020-07-09,Alameda,001,1643700,9259,7433,10,7443,146
2020-07-09,Alpine,003,1148,3,1,0,1,0
2020-07-09,Amador,005,37829,44,36,0,36,0
2020-07-09,Butte,007,227075,566,295,6,301,4
2020-07-09,Calaveras,009,45235,82,59,0,59,0
2020-07-09,Colusa,011,21464,189,97,0,97,0
2020-07-09,Contra Costa,013,1133247,5967,4388,9,4397,86
2020-07-09,Del Norte,015,27424,63,57,0,57,0
2020-07-09,El Dorado,017,186661,448,255,0,255,0
2020-07-09,Fresno,019,978130,13803,7385,88,7473,90
2020-07-09,Glenn,021,27897,226,150,0,150,0
2020-07-09,Humboldt,023,135768,196,166,1,167,4
2020-07-09,Imperial,025,180216,9035,6778,5,6783,87
2020-07-09,Inyo,027,18085,37,35,0,35,1
2020-07-09,Kern,029,883053,14773,6100,43,6143,95
2020-07-09,Kings,031,150075,3291,2686,21,2707,33
2020-07-09,Lake,033,64148,146,99,0,99,1
2020-07-09,Lassen,035,31185,430,221,2,223,0
2020-07-09,Los Angeles,037,10098052,147080,125062,150,125212,3698
2020-07-09,Madera,039,155013,1521,850,2,852,4
2020-07-09,Marin,041,260295,4057,2975,4,2979,20
2020-07-09,Mariposa,043,17540,38,32,0,32,1
2020-07-09,Mendocino,045,87422,146,88,0,88,0
2020-07-09,Merced,047,269075,2942,1728,1,1729,11
2020-07-09,Modoc,049,8938,1,0,0,0,0
2020-07-09,Mono,051,14174,63,45,0,45,1
2020-07-09,Monterey,053,433212,3144,2223,6,2229,17
2020-07-09,Napa,055,140530,666,468,0,468,4
2020-07-09,Nevada,057,99092,213,156,4,160,1
2020-07-09,Orange,059,3164182,31454,22960,335,23295,407
2020-07-09,Placer,061,380077,1366,982,1,983,11
2020-07-09,Plumas,063,18699,19,12,0,12,0
2020-07-09,Riverside,065,2383286,31455,24980,18,24998,529
2020-07-09,Sacramento,067,1510023,6963,4950,3,4953,81
2020-07-09,San Benito,069,59416,414,295,0,295,2
2020-07-09,San Bernardino,071,2135413,26562,17339,30,17369,307
2020-07-09,San Diego,073,3302833,23288,18404,2,18406,415
2020-07-09,San Francisco,075,870044,4962,4143,2,4145,50
2020-07-09,San Joaquin,077,732212,8426,6004,5,6009,66
2020-07-09,San Luis Obispo,079,281455,1276,869,4,873,3
2020-07-09,San Mateo,081,765935,4516,3792,4,3796,106
2020-07-09,Santa Barbara,083,443738,5288,4068,29,4097,28
2020-07-09,Santa Clara,085,1922200,7679,5638,9,5647,164
2020-07-09,Santa Cruz,087,273765,683,526,6,532,3
2020-07-09,Shasta,089,179085,290,155,1,156,5
2020-07-09,Sierra,091,2930,1,1,0,1,0
2020-07-09,Siskiyou,093,43540,54,31,0,31,0
2020-07-09,Solano,095,438530,2754,1892,10,1902,23
2020-07-09,Sonoma,097,501317,2133,1584,4,1588,13
2020-07-09,Stanislaus,099,539301,6666,4633,6,4639,46
2020-07-09,Sutter,101,95872,426,321,0,321,2
2020-07-09,Tehama,103,63373,140,102,2,104,1
2020-07-09,Trinity,105,12862,8,2,3,5,0
2020-07-09,Tulare,107,460477,7166,5501,17,5518,146
2020-07-09,Tuolumne,109,53932,85,47,1,48,0
2020-07-09,Ventura,111,848112,5813,4278,13,4291,47
2020-07-09,Yolo,113,214977,1139,764,3,767,27
2020-07-09,Yuba,115,75493,193,152,0,152,1
2020-07-08,Alameda,001,1643700,8967,7335,10,7345,142
2020-07-08,Alpine,003,1148,3,1,0,1,0
2020-07-08,Amador,005,37829,41,35,0,35,0
2020-07-08,Butte,007,227075,529,281,6,287,3
2020-07-08,Calaveras,009,45235,76,58,0,58,0
2020-07-08,Colusa,011,21464,176,90,0,90,0
2020-07-08,Contra Costa,013,1133247,5721,4268,7,4275,84
2020-07-08,Del Norte,015,27424,61,57,0,57,0
2020-07-08,El Dorado,017,186661,427,248,0,248,0
2020-07-08,Fresno,019,978130,13388,7102,82,7184,86
2020-07-08,Glenn,021,27897,215,146,0,146,0
2020-07-08,Humboldt,023,135768,193,162,1,163,4
2020-07-08,Imperial,025,180216,8947,6727,5,6732,76
2020-07-08,Inyo,027,18085,37,35,0,35,1
2020-07-08,Kern,029,883053,14195,5873,42,5915,91
2020-07-08,Kings,031,150075,3231,2629,19,2648,33
2020-07-08,Lake,033,64148,139,97,0,97,1
2020-07-08,Lassen,035,31185,334,221,2,223,0
2020-07-08,Los Angeles,037,10098052,143868,123462,121,123583,3650
2020-07-08,Madera,039,155013,1451,828,2,830,4
2020-07-08,Marin,041,260295,3958,2756,4,2760,17
2020-07-08,Mariposa,043,17540,38,31,0,31,1
2020-07-08,Mendocino,045,87422,133,84,0,84,0
2020-07-08,Merced,047,269075,2823,1578,1,1579,11
2020-07-08,Modoc,049,8938,1,0,0,0,0
2020-07-08,Mono,051,14174,60,45,0,45,1
2020-07-08,Monterey,053,433212,3026,2182,5,2187,17
2020-07-08,Napa,055,140530,643,468,0,468,4
2020-07-08,Nevada,057,99092,204,156,4,160,1
2020-07-08,Orange,059,3164182,30502,22088,330,22418,378
2020-07-08,Placer,061,380077,1321,948,1,949,11
2020-07-08,Plumas,063,18699,19,12,0,12,0
2020-07-08,Riverside,065,2383286,30491,24042,16,24058,508
2020-07-08,Sacramento,067,1510023,6675,4799,3,4802,80
2020-07-08,San Benito,069,59416,398,282,0,282,2
2020-07-08,San Bernardino,071,2135413,25712,16510,25,16535,296
2020-07-08,San Diego,073,3302833,22721,17844,2,17846,406
2020-07-08,San Francisco,075,870044,4873,4093,2,4095,50
2020-07-08,San Joaquin,077,732212,8084,5759,5,5764,61
2020-07-08,San Luis Obispo,079,281455,1225,825,4,829,2
2020-07-08,San Mateo,081,765935,4395,3733,4,3737,106
2020-07-08,Santa Barbara,083,443738,5169,3985,29,4014,28
2020-07-08,Santa Clara,085,1922200,7446,5510,9,5519,164
2020-07-08,Santa Cruz,087,273765,650,509,5,514,3
2020-07-08,Shasta,089,179085,281,148,1,149,6
2020-07-08,Sierra,091,2930,1,1,0,1,0
2020-07-08,Siskiyou,093,43540,54,31,0,31,0
2020-07-08,Solano,095,438530,2638,1821,10,1831,23
2020-07-08,Sonoma,097,501317,2058,1495,4,1499,9
2020-07-08,Stanislaus,099,539301,6366,4344,6,4350,46
2020-07-08,Sutter,101,95872,401,298,0,298,2
2020-07-08,Tehama,103,63373,134,100,2,102,1
2020-07-08,Trinity,105,12862,7,2,3,5,0
2020-07-08,Tulare,107,460477,6974,5307,12,5319,138
2020-07-08,Tuolumne,109,53932,81,42,1,43,0
2020-07-08,Ventura,111,848112,5648,4139,13,4152,47
2020-07-08,Yolo,113,214977,1096,727,3,730,26
2020-07-08,Yuba,115,75493,180,145,0,145,1
2020-07-07,Alameda,001,1643700,8648,7097,9,7106,141
2020-07-07,Alpine,003,1148,3,1,0,1,0
2020-07-07,Amador,005,37829,41,33,0,33,0
2020-07-07,Butte,007,227075,485,269,6,275,3
2020-07-07,Calaveras,009,45235,74,58,0,58,0
2020-07-07,Colusa,011,21464,143,84,0,84,0
2020-07-07,Contra Costa,013,1133247,5483,4131,6,4137,84
2020-07-07,Del Norte,015,27424,61,57,0,57,0
2020-07-07,El Dorado,017,186661,407,244,0,244,0
2020-07-07,Fresno,019,978130,12935,6738,82,6820,84
2020-07-07,Glenn,021,27897,206,145,0,145,0
2020-07-07,Humboldt,023,135768,190,150,1,151,4
2020-07-07,Imperial,025,180216,8848,6678,5,6683,51
2020-07-07,Inyo,027,18085,36,32,0,32,1
2020-07-07,Kern,029,883053,13496,5645,38,5683,88
2020-07-07,Kings,031,150075,3170,2623,15,2638,33
2020-07-07,Lake,033,64148,129,94,0,94,1
2020-07-07,Lassen,035,31185,263,219,2,221,0
2020-07-07,Los Angeles,037,10098052,140299,121026,112,121138,3588
2020-07-07,Madera,039,155013,1407,794,2,796,4
2020-07-07,Marin,041,260295,3869,2627,4,2631,17
2020-07-07,Mariposa,043,17540,38,31,0,31,1
2020-07-07,Mendocino,045,87422,125,82,0,82,0
2020-07-07,Merced,047,269075,2649,1531,1,1532,10
2020-07-07,Modoc,049,8938,1,0,0,0,0
2020-07-07,Mono,051,14174,59,42,0,42,1
2020-07-07,Monterey,053,433212,2883,2166,5,2171,17
2020-07-07,Napa,055,140530,624,459,0,459,4
2020-07-07,Nevada,057,99092,198,150,4,154,1
2020-07-07,Orange,059,3164182,29491,21741,316,22057,373
2020-07-07,Placer,061,380077,1279,930,1,931,11
2020-07-07,Plumas,063,18699,17,12,0,12,0
2020-07-07,Riverside,065,2383286,29477,23279,16,23295,499
2020-07-07,Sacramento,067,1510023,6333,4592,3,4595,76
2020-07-07,San Benito,069,59416,380,274,0,274,2
2020-07-07,San Bernardino,071,2135413,24843,16004,20,16024,277
2020-07-07,San Diego,073,3302833,22007,17580,2,17582,399
2020-07-07,San Francisco,075,870044,4781,4045,1,4046,50
2020-07-07,San Joaquin,077,732212,7742,5547,5,5552,59
2020-07-07,San Luis Obispo,079,281455,1164,795,4,799,2
2020-07-07,San Mateo,081,765935,4280,3691,4,3695,106
2020-07-07,Santa Barbara,083,443738,5041,3866,28,3894,27
2020-07-07,Santa Clara,085,1922200,7176,5438,9,5447,164
2020-07-07,Santa Cruz,087,273765,616,502,4,506,2
2020-07-07,Shasta,089,179085,268,144,1,145,6
2020-07-07,Sierra,091,2930,1,1,0,1,0
2020-07-07,Siskiyou,093,43540,53,30,0,30,0
2020-07-07,Solano,095,438530,2527,1776,9,1785,22
2020-07-07,Sonoma,097,501317,1987,1473,4,1477,8
2020-07-07,Stanislaus,099,539301,6027,4101,6,4107,46
2020-07-07,Sutter,101,95872,375,273,0,273,2
2020-07-07,Tehama,103,63373,125,95,2,97,1
2020-07-07,Trinity,105,12862,7,2,3,5,0
2020-07-07,Tulare,107,460477,6796,5189,10,5199,137
2020-07-07,Tuolumne,109,53932,75,40,1,41,0
2020-07-07,Ventura,111,848112,5479,3992,11,4003,46
2020-07-07,Yolo,113,214977,1028,706,3,709,26
2020-07-07,Yuba,115,75493,160,138,0,138,1
2020-07-06,Alameda,001,1643700,8410,6970,9,6979,141
2020-07-06,Alpine,003,1148,2,1,0,1,0
2020-07-06,Amador,005,37829,39,33,0,33,0
2020-07-06,Butte,007,227075,429,257,6,263,2
2020-07-06,Calaveras,009,45235,71,45,0,45,0
2020-07-06,Colusa,011,21464,134,80,0,80,0
2020-07-06,Contra Costa,013,1133247,5253,3901,5,3906,83
2020-07-06,Del Norte,015,27424,60,57,0,57,0
2020-07-06,El Dorado,017,186661,392,232,0,232,0
2020-07-06,Fresno,019,978130,12468,6364,75,6439,82
2020-07-06,Glenn,021,27897,198,129,0,129,0
2020-07-06,Humboldt,023,135768,188,148,1,149,3
2020-07-06,Imperial,025,180216,8729,6443,5,6448,47
2020-07-06,Inyo,027,18085,36,32,0,32,1
2020-07-06,Kern,029,883053,12690,5491,36,5527,82
2020-07-06,Kings,031,150075,3121,2583,9,2592,33
2020-07-06,Lake,033,64148,122,93,0,93,1
2020-07-06,Lassen,035,31185,261,219,2,221,0
2020-07-06,Los Angeles,037,10098052,136686,116707,98,116805,3541
2020-07-06,Madera,039,155013,1337,734,2,736,4
2020-07-06,Marin,041,260295,3629,2136,4,2140,17
2020-07-06,Mariposa,043,17540,36,31,0,31,1
2020-07-06,Mendocino,045,87422,108,72,0,72,0
2020-07-06,Merced,047,269075,2498,1396,1,1397,10
2020-07-06,Modoc,049,8938,1,0,0,0,0
2020-07-06,Mono,051,14174,58,40,0,40,1
2020-07-06,Monterey,053,433212,2795,2078,5,2083,15
2020-07-06,Napa,055,140530,606,454,0,454,4
2020-07-06,Nevada,057,99092,192,146,4,150,1
2020-07-06,Orange,059,3164182,28433,20167,278,20445,372
2020-07-06,Placer,061,380077,1218,904,1,905,11
2020-07-06,Plumas,063,18699,17,11,0,11,0
2020-07-06,Riverside,065,2383286,28428,22485,14,22499,477
2020-07-06,Sacramento,067,1510023,5982,4420,3,4423,71
2020-07-06,San Benito,069,59416,365,264,0,264,2
2020-07-06,San Bernardino,071,2135413,23988,15346,16,15362,272
2020-07-06,San Diego,073,3302833,21294,17002,2,17004,387
2020-07-06,San Francisco,075,870044,4660,3861,1,3862,50
2020-07-06,San Joaquin,077,732212,7372,5104,5,5109,57
2020-07-06,San Luis Obispo,079,281455,1107,751,4,755,2
2020-07-06,San Mateo,081,765935,4188,3650,4,3654,106
2020-07-06,Santa Barbara,083,443738,4904,3763,27,3790,27
2020-07-06,Santa Clara,085,1922200,6906,5369,9,5378,165
2020-07-06,Santa Cruz,087,273765,594,466,3,469,2
2020-07-06,Shasta,089,179085,258,143,1,144,6
2020-07-06,Sierra,091,2930,1,1,0,1,0
2020-07-06,Siskiyou,093,43540,49,30,0,30,0
2020-07-06,Solano,095,438530,2394,1668,9,1677,22
2020-07-06,Sonoma,097,501317,1923,1369,4,1373,8
2020-07-06,Stanislaus,099,539301,5625,3983,6,3989,46
2020-07-06,Sutter,101,95872,348,250,0,250,2
2020-07-06,Tehama,103,63373,122,95,2,97,1
2020-07-06,Trinity,105,12862,6,2,3,5,0
2020-07-06,Tulare,107,460477,6591,5039,8,5047,136
2020-07-06,Tuolumne,109,53932,72,30,1,31,0
2020-07-06,Ventura,111,848112,5286,3912,11,3923,44
2020-07-06,Yolo,113,214977,972,685,3,688,26
2020-07-06,Yuba,115,75493,146,124,0,124,1
2020-07-05,Alameda,001,1643700,8158,6861,9,6870,141
2020-07-05,Alpine,003,1148,2,1,0,1,0
2020-07-05,Amador,005,37829,37,31,0,31,0
2020-07-05,Butte,007,227075,394,248,6,254,2
2020-07-05,Calaveras,009,45235,69,45,0,45,0
2020-07-05,Colusa,011,21464,124,79,0,79,0
2020-07-05,Contra Costa,013,1133247,5013,3665,4,3669,80
2020-07-05,Del Norte,015,27424,60,57,0,57,0
2020-07-05,El Dorado,017,186661,374,227,0,227,0
2020-07-05,Fresno,019,978130,11903,6186,73,6259,82
2020-07-05,Glenn,021,27897,195,129,0,129,0
2020-07-05,Humboldt,023,135768,184,147,1,148,3
2020-07-05,Imperial,025,180216,8595,6441,5,6446,47
2020-07-05,Inyo,027,18085,35,32,0,32,1
2020-07-05,Kern,029,883053,11980,5351,36,5387,82
2020-07-05,Kings,031,150075,3038,2546,8,2554,31
2020-07-05,Lake,033,64148,122,92,0,92,1
2020-07-05,Lassen,035,31185,255,219,2,221,0
2020-07-05,Los Angeles,037,10098052,133466,115133,92,115225,3495
2020-07-05,Madera,039,155013,1258,564,2,566,4
2020-07-05,Marin,041,260295,3446,2080,4,2084,17
2020-07-05,Mariposa,043,17540,36,31,0,31,1
2020-07-05,Mendocino,045,87422,105,72,0,72,0
2020-07-05,Merced,047,269075,2353,1340,1,1341,10
2020-07-05,Modoc,049,8938,1,0,0,0,0
2020-07-05,Mono,051,14174,54,39,0,39,1
2020-07-05,Monterey,053,433212,2692,1994,5,1999,15
2020-07-05,Napa,055,140530,576,450,0,450,4
2020-07-05,Nevada,057,99092,186,141,4,145,1
2020-07-05,Orange,059,3164182,27492,19430,263,19693,372
2020-07-05,Placer,061,380077,1162,855,1,856,11
2020-07-05,Plumas,063,18699,16,11,0,11,0
2020-07-05,Riverside,065,2383286,27571,21511,14,21525,474
2020-07-05,Sacramento,067,1510023,5667,4265,2,4267,71
2020-07-05,San Benito,069,59416,346,258,0,258,2
2020-07-05,San Bernardino,071,2135413,23110,15026,16,15042,270
2020-07-05,San Diego,073,3302833,20606,16728,2,16730,387
2020-07-05,San Francisco,075,870044,4542,3861,1,3862,50
2020-07-05,San Joaquin,077,732212,7053,5015,5,5020,57
2020-07-05,San Luis Obispo,079,281455,1027,730,4,734,2
2020-07-05,San Mateo,081,765935,4077,3575,4,3579,106
2020-07-05,Santa Barbara,083,443738,4757,3671,24,3695,27
2020-07-05,Santa Clara,085,1922200,6617,5237,9,5246,162
2020-07-05,Santa Cruz,087,273765,576,467,1,468,2
2020-07-05,Shasta,089,179085,252,138,1,139,6
2020-07-05,Sierra,091,2930,1,1,0,1,0
2020-07-05,Siskiyou,093,43540,45,30,0,30,0
2020-07-05,Solano,095,438530,2274,1547,9,1556,22
2020-07-05,Sonoma,097,501317,1842,1369,4,1373,8
2020-07-05,Stanislaus,099,539301,5294,3777,6,3783,45
2020-07-05,Sutter,101,95872,320,241,0,241,2
2020-07-05,Tehama,103,63373,120,95,2,97,1
2020-07-05,Trinity,105,12862,6,2,3,5,0
2020-07-05,Tulare,107,460477,6332,4981,6,4987,135
2020-07-05,Tuolumne,109,53932,67,30,1,31,0
2020-07-05,Ventura,111,848112,5083,3866,11,3877,44
2020-07-05,Yolo,113,214977,932,644,3,647,26
2020-07-05,Yuba,115,75493,136,115,0,115,1
2020-07-04,Alameda,001,1643700,8046,6737,9,6746,141
2020-07-04,Alpine,003,1148,2,1,0,1,0
2020-07-04,Amador,005,37829,36,31,0,31,0
2020-07-04,Butte,007,227075,376,224,6,230,2
2020-07-04,Calaveras,009,45235,69,45,0,45,0
2020-07-04,Colusa,011,21464,123,76,0,76,0
2020-07-04,Contra Costa,013,1133247,4866,3583,4,3587,80
2020-07-04,Del Norte,015,27424,60,50,0,50,0
2020-07-04,El Dorado,017,186661,354,211,0,211,0
2020-07-04,Fresno,019,978130,11587,5999,71,6070,82
2020-07-04,Glenn,021,27897,188,128,0,128,0
2020-07-04,Humboldt,023,135768,177,144,1,145,3
2020-07-04,Imperial,025,180216,8547,6441,5,6446,47
2020-07-04,Inyo,027,18085,35,32,0,32,1
2020-07-04,Kern,029,883053,11676,5231,36,5267,81
2020-07-04,Kings,031,150075,2995,2509,8,2517,31
2020-07-04,Lake,033,64148,115,86,0,86,1
2020-07-04,Lassen,035,31185,255,219,2,221,0
2020-07-04,Los Angeles,037,10098052,131650,107256,81,107337,3462
2020-07-04,Madera,039,155013,1212,568,2,570,4
2020-07-04,Marin,041,260295,3417,1962,4,1966,17
2020-07-04,Mariposa,043,17540,36,28,0,28,1
2020-07-04,Mendocino,045,87422,105,72,0,72,0
2020-07-04,Merced,047,269075,2250,1252,1,1253,10
2020-07-04,Modoc,049,8938,1,0,0,0,0
2020-07-04,Mono,051,14174,54,37,0,37,1
2020-07-04,Monterey,053,433212,2612,1878,5,1883,15
2020-07-04,Napa,055,140530,567,426,0,426,4
2020-07-04,Nevada,057,99092,183,125,4,129,1
2020-07-04,Orange,059,3164182,27060,19247,248,19495,372
2020-07-04,Placer,061,380077,1127,796,1,797,11
2020-07-04,Plumas,063,18699,16,11,0,11,0
2020-07-04,Riverside,065,2383286,27203,21508,14,21522,474
2020-07-04,Sacramento,067,1510023,5496,4039,2,4041,71
2020-07-04,San Benito,069,59416,333,255,0,255,2
2020-07-04,San Bernardino,071,2135413,22683,14636,14,14650,270
2020-07-04,San Diego,073,3302833,20146,16166,2,16168,387
2020-07-04,San Francisco,075,870044,4450,3861,1,3862,50
2020-07-04,San Joaquin,077,732212,6840,4807,5,4812,57
2020-07-04,San Luis Obispo,079,281455,987,699,4,703,2
2020-07-04,San Mateo,081,765935,4014,3532,4,3536,106
2020-07-04,Santa Barbara,083,443738,4682,3520,22,3542,27
2020-07-04,Santa Clara,085,1922200,6425,5045,9,5054,161
2020-07-04,Santa Cruz,087,273765,566,466,1,467,2
2020-07-04,Shasta,089,179085,249,135,1,136,6
2020-07-04,Sierra,091,2930,1,1,0,1,0
2020-07-04,Siskiyou,093,43540,38,30,0,30,0
2020-07-04,Solano,095,438530,2238,1548,9,1557,22
2020-07-04,Sonoma,097,501317,1816,1370,4,1374,8
2020-07-04,Stanislaus,099,539301,5136,3572,6,3578,44
2020-07-04,Sutter,101,95872,301,225,0,225,2
2020-07-04,Tehama,103,63373,117,92,2,94,1
2020-07-04,Trinity,105,12862,6,2,3,5,0
2020-07-04,Tulare,107,460477,6220,4802,5,4807,135
2020-07-04,Tuolumne,109,53932,63,30,1,31,0
2020-07-04,Ventura,111,848112,4959,3687,11,3698,44
2020-07-04,Yolo,113,214977,907,615,3,618,26
2020-07-04,Yuba,115,75493,129,102,0,102,1
2020-07-03,Alameda,001,1643700,7925,6486,9,6495,141
2020-07-03,Alpine,003,1148,2,1,0,1,0
2020-07-03,Amador,005,37829,36,25,0,25,0
2020-07-03,Butte,007,227075,364,212,6,218,2
2020-07-03,Calaveras,009,45235,69,44,0,44,0
2020-07-03,Colusa,011,21464,117,70,0,70,0
2020-07-03,Contra Costa,013,1133247,4732,3447,4,3451,78
2020-07-03,Del Norte,015,27424,60,50,0,50,0
2020-07-03,El Dorado,017,186661,342,201,0,201,0
2020-07-03,Fresno,019,978130,11282,5783,69,5852,81
2020-07-03,Glenn,021,27897,183,122,0,122,0
2020-07-03,Humboldt,023,135768,173,143,1,144,3
2020-07-03,Imperial,025,180216,8499,6345,5,6350,47
2020-07-03,Inyo,027,18085,35,32,0,32,1
2020-07-03,Kern,029,883053,11415,5213,36,5249,81
2020-07-03,Kings,031,150075,2959,2492,8,2500,31
2020-07-03,Lake,033,64148,108,83,0,83,0
2020-07-03,Lassen,035,31185,255,219,2,221,0
2020-07-03,Los Angeles,037,10098052,130133,107236,77,107313,3461
2020-07-03,Madera,039,155013,1167,565,2,567,4
2020-07-03,Marin,041,260295,3388,1776,4,1780,17
2020-07-03,Mariposa,043,17540,36,28,0,28,1
2020-07-03,Mendocino,045,87422,104,72,0,72,0
2020-07-03,Merced,047,269075,2184,1188,1,1189,10
2020-07-03,Modoc,049,8938,1,0,0,0,0
2020-07-03,Mono,051,14174,54,37,0,37,1
2020-07-03,Monterey,053,433212,2541,1804,5,1809,15
2020-07-03,Napa,055,140530,549,388,0,388,4
2020-07-03,Nevada,057,99092,182,125,4,129,1
2020-07-03,Orange,059,3164182,26669,18819,239,19058,366
2020-07-03,Placer,061,380077,1100,745,1,746,11
2020-07-03,Plumas,063,18699,16,11,0,11,0
2020-07-03,Riverside,065,2383286,26897,21171,14,21185,472
2020-07-03,Sacramento,067,1510023,5362,3711,2,3713,71
2020-07-03,San Benito,069,59416,326,243,0,243,2
2020-07-03,San Bernardino,071,2135413,22294,14040,14,14054,269
2020-07-03,San Diego,073,3302833,19690,15698,2,15700,387
2020-07-03,San Francisco,075,870044,4403,3781,1,3782,50
2020-07-03,San Joaquin,077,732212,6702,4416,4,4420,56
2020-07-03,San Luis Obispo,079,281455,952,676,4,680,2
2020-07-03,San Mateo,081,765935,3957,3439,4,3443,106
2020-07-03,Santa Barbara,083,443738,4595,3406,21,3427,27
2020-07-03,Santa Clara,085,1922200,6314,4820,9,4829,161
2020-07-03,Santa Cruz,087,273765,553,436,1,437,2
2020-07-03,Shasta,089,179085,241,113,1,114,6
2020-07-03,Sierra,091,2930,1,1,0,1,0
2020-07-03,Siskiyou,093,43540,35,30,0,30,0
2020-07-03,Solano,095,438530,2194,1496,8,1504,22
2020-07-03,Sonoma,097,501317,1768,1282,4,1286,8
2020-07-03,Stanislaus,099,539301,5011,3021,6,3027,43
2020-07-03,Sutter,101,95872,291,205,0,205,2
2020-07-03,Tehama,103,63373,115,89,2,91,1
2020-07-03,Trinity,105,12862,6,2,3,5,0
2020-07-03,Tulare,107,460477,6105,4656,5,4661,134
2020-07-03,Tuolumne,109,53932,61,27,1,28,0
2020-07-03,Ventura,111,848112,4863,3536,11,3547,44
2020-07-03,Yolo,113,214977,873,586,3,589,25
2020-07-03,Yuba,115,75493,124,96,0,96,1
2020-07-02,Alameda,001,1643700,7799,6386,9,6395,139
2020-07-02,Alpine,003,1148,2,1,0,1,0
2020-07-02,Amador,005,37829,35,23,0,23,0
2020-07-02,Butte,007,227075,347,199,6,205,2
2020-07-02,Calaveras,009,45235,65,42,0,42,0
2020-07-02,Colusa,011,21464,109,60,0,60,0
2020-07-02,Contra Costa,013,1133247,4549,3347,4,3351,77
2020-07-02,Del Norte,015,27424,59,50,0,50,0
2020-07-02,El Dorado,017,186661,331,193,0,193,0
2020-07-02,Fresno,019,978130,10824,5402,68,5470,78
2020-07-02,Glenn,021,27897,177,114,0,114,0
2020-07-02,Humboldt,023,135768,169,138,1,139,3
2020-07-02,Imperial,025,180216,8396,6236,5,6241,47
2020-07-02,Inyo,027,18085,35,29,0,29,1
2020-07-02,Kern,029,883053,10879,5036,34,5070,78
2020-07-02,Kings,031,150075,2909,2419,8,2427,31
2020-07-02,Lake,033,64148,104,81,0,81,0
2020-07-02,Lassen,035,31185,253,218,2,220,0
2020-07-02,Los Angeles,037,10098052,128115,107144,53,107197,3458
2020-07-02,Madera,039,155013,1099,548,2,550,4
2020-07-02,Marin,041,260295,3303,1706,4,1710,17
2020-07-02,Mariposa,043,17540,35,28,0,28,1
2020-07-02,Mendocino,045,87422,100,71,0,71,0
2020-07-02,Merced,047,269075,2087,1122,1,1123,10
2020-07-02,Modoc,049,8938,1,0,0,0,0
2020-07-02,Mono,051,14174,54,37,0,37,1
2020-07-02,Monterey,053,433212,2481,1796,5,1801,15
2020-07-02,Napa,055,140530,532,352,0,352,4
2020-07-02,Nevada,057,99092,176,118,4,122,1
2020-07-02,Orange,059,3164182,25904,17056,226,17282,360
2020-07-02,Placer,061,380077,1075,740,1,741,11
2020-07-02,Plumas,063,18699,15,8,0,8,0
2020-07-02,Riverside,065,2383286,26326,20253,14,20267,458
2020-07-02,Sacramento,067,1510023,5135,3587,2,3589,70
2020-07-02,San Benito,069,59416,318,236,0,236,2
2020-07-02,San Bernardino,071,2135413,21757,13185,14,13199,260
2020-07-02,San Diego,073,3302833,19228,15208,2,15210,377
2020-07-02,San Francisco,075,870044,4308,3676,1,3677,50
2020-07-02,San Joaquin,077,732212,6355,4243,4,4247,56
2020-07-02,San Luis Obispo,079,281455,907,659,4,663,2
2020-07-02,San Mateo,081,765935,3876,3390,4,3394,107
2020-07-02,Santa Barbara,083,443738,4495,3385,19,3404,27
2020-07-02,Santa Clara,085,1922200,6188,4722,9,4731,160
2020-07-02,Santa Cruz,087,273765,530,414,1,415,2
2020-07-02,Shasta,089,179085,238,110,1,111,5
2020-07-02,Sierra,091,2930,1,1,0,1,0
2020-07-02,Siskiyou,093,43540,35,30,0,30,0
2020-07-02,Solano,095,438530,2111,1429,8,1437,21
2020-07-02,Sonoma,097,501317,1710,1244,4,1248,6
2020-07-02,Stanislaus,099,539301,4839,2850,6,2856,41
2020-07-02,Sutter,101,95872,279,195,0,195,2
2020-07-02,Tehama,103,63373,113,86,2,88,1
2020-07-02,Trinity,105,12862,6,2,3,5,0
2020-07-02,Tulare,107,460477,5939,4559,4,4563,132
2020-07-02,Tuolumne,109,53932,58,23,1,24,0
2020-07-02,Ventura,111,848112,4707,3394,11,3405,42
2020-07-02,Yolo,113,214977,841,554,3,557,24
2020-07-02,Yuba,115,75493,114,93,0,93,1
2020-07-01,Alameda,001,1643700,7578,6125,9,6134,137
2020-07-01,Alpine,003,1148,2,1,0,1,0
2020-07-01,Amador,005,37829,34,22,0,22,0
2020-07-01,Butte,007,227075,322,185,6,191,2
2020-07-01,Calaveras,009,45235,63,37,0,37,0
2020-07-01,Colusa,011,21464,103,53,0,53,0
2020-07-01,Contra Costa,013,1133247,4337,3259,4,3263,76
2020-07-01,Del Norte,015,27424,59,50,0,50,0
2020-07-01,El Dorado,017,186661,304,183,0,183,0
2020-07-01,Fresno,019,978130,10391,5111,65,5176,76
2020-07-01,Glenn,021,27897,170,110,0,110,0
2020-07-01,Humboldt,023,135768,164,134,0,134,3
2020-07-01,Imperial,025,180216,8298,6150,5,6155,46
2020-07-01,Inyo,027,18085,34,30,0,30,1
2020-07-01,Kern,029,883053,10248,4853,31,4884,78
2020-07-01,Kings,031,150075,2841,2360,8,2368,30
2020-07-01,Lake,033,64148,103,75,0,75,0
2020-07-01,Lassen,035,31185,252,217,2,219,0
2020-07-01,Los Angeles,037,10098052,124911,105325,42,105367,3408
2020-07-01,Madera,039,155013,1058,519,2,521,4
2020-07-01,Marin,041,260295,3146,1636,4,1640,17
2020-07-01,Mariposa,043,17540,35,29,0,29,1
2020-07-01,Mendocino,045,87422,96,70,0,70,0
2020-07-01,Merced,047,269075,1987,1052,1,1053,10
2020-07-01,Modoc,049,8938,1,0,0,0,0
2020-07-01,Mono,051,14174,51,37,0,37,1
2020-07-01,Monterey,053,433212,2374,1703,5,1708,15
2020-07-01,Napa,055,140530,509,347,0,347,4
2020-07-01,Nevada,057,99092,166,115,4,119,1
2020-07-01,Orange,059,3164182,25020,15662,204,15866,343
2020-07-01,Placer,061,380077,1026,713,1,714,11
2020-07-01,Plumas,063,18699,13,8,0,8,0
2020-07-01,Riverside,065,2383286,25485,19537,13,19550,457
2020-07-01,Sacramento,067,1510023,4880,3425,2,3427,64
2020-07-01,San Benito,069,59416,309,219,0,219,2
2020-07-01,San Bernardino,071,2135413,20858,12712,11,12723,253
2020-07-01,San Diego,073,3302833,18670,14624,2,14626,372
2020-07-01,San Francisco,075,870044,4215,3626,1,3627,50
2020-07-01,San Joaquin,077,732212,5996,3990,4,3994,54
2020-07-01,San Luis Obispo,079,281455,881,613,4,617,1
2020-07-01,San Mateo,081,765935,3814,3326,4,3330,84
2020-07-01,Santa Barbara,083,443738,4375,3268,18,3286,27
2020-07-01,Santa Clara,085,1922200,6003,4547,8,4555,159
2020-07-01,Santa Cruz,087,273765,509,398,0,398,2
2020-07-01,Shasta,089,179085,233,104,1,105,5
2020-07-01,Sierra,091,2930,1,1,0,1,0
2020-07-01,Siskiyou,093,43540,35,28,0,28,0
2020-07-01,Solano,095,438530,2022,1350,8,1358,21
2020-07-01,Sonoma,097,501317,1614,1178,4,1182,6
2020-07-01,Stanislaus,099,539301,4559,2619,6,2625,41
2020-07-01,Sutter,101,95872,266,188,0,188,2
2020-07-01,Tehama,103,63373,106,80,2,82,1
2020-07-01,Trinity,105,12862,6,2,2,4,0
2020-07-01,Tulare,107,460477,5760,4359,4,4363,128
2020-07-01,Tuolumne,109,53932,55,17,1,18,0
2020-07-01,Ventura,111,848112,4564,3224,9,3233,41
2020-07-01,Yolo,113,214977,791,526,3,529,24
2020-07-01,Yuba,115,75493,109,57,0,57,1
2020-06-30,Alameda,001,1643700,7329,5959,7,5966,137
2020-06-30,Alpine,003,1148,2,1,0,1,0
2020-06-30,Amador,005,37829,34,21,0,21,0
2020-06-30,Butte,007,227075,305,163,6,169,2
2020-06-30,Calaveras,009,45235,58,31,0,31,0
2020-06-30,Colusa,011,21464,94,33,0,33,0
2020-06-30,Contra Costa,013,1133247,4131,3140,4,3144,75
2020-06-30,Del Norte,015,27424,59,48,0,48,0
2020-06-30,El Dorado,017,186661,291,175,0,175,0
2020-06-30,Fresno,019,978130,9943,4826,61,4887,75
2020-06-30,Glenn,021,27897,165,96,0,96,0
2020-06-30,Humboldt,023,135768,160,132,0,132,3
2020-06-30,Imperial,025,180216,8201,5968,5,5973,45
2020-06-30,Inyo,027,18085,34,30,0,30,1
2020-06-30,Kern,029,883053,9600,4721,27,4748,75
2020-06-30,Kings,031,150075,2792,2315,5,2320,30
2020-06-30,Lake,033,64148,95,56,0,56,0
2020-06-30,Lassen,035,31185,245,215,2,217,0
2020-06-30,Los Angeles,037,10098052,121318,103640,39,103679,3378
2020-06-30,Madera,039,155013,1001,475,2,477,4
2020-06-30,Marin,041,260295,3075,1614,4,1618,17
2020-06-30,Mariposa,043,17540,34,27,0,27,1
2020-06-30,Mendocino,045,87422,91,65,0,65,0
2020-06-30,Merced,047,269075,1850,970,1,971,10
2020-06-30,Modoc,049,8938,1,0,0,0,0
2020-06-30,Mono,051,14174,49,36,0,36,1
2020-06-30,Monterey,053,433212,2276,1657,5,1662,15
2020-06-30,Napa,055,140530,484,342,0,342,4
2020-06-30,Nevada,057,99092,158,113,4,117,1
2020-06-30,Orange,059,3164182,24090,14354,194,14548,335
2020-06-30,Placer,061,380077,999,667,1,668,11
2020-06-30,Plumas,063,18699,12,8,0,8,0
2020-06-30,Riverside,065,2383286,24768,18656,13,18669,449
2020-06-30,Sacramento,067,1510023,4591,3246,2,3248,64
2020-06-30,San Benito,069,59416,298,200,0,200,2
2020-06-30,San Bernardino,071,2135413,19874,12375,11,12386,249
2020-06-30,San Diego,073,3302833,17967,14150,2,14152,365
2020-06-30,San Francisco,075,870044,4109,3555,1,3556,50
2020-06-30,San Joaquin,077,732212,5622,3744,4,3748,52
2020-06-30,San Luis Obispo,079,281455,845,583,4,587,1
2020-06-30,San Mateo,081,765935,3736,3268,4,3272,84
2020-06-30,Santa Barbara,083,443738,4258,3102,18,3120,25
2020-06-30,Santa Clara,085,1922200,5803,4346,8,4354,157
2020-06-30,Santa Cruz,087,273765,484,379,0,379,2
2020-06-30,Shasta,089,179085,217,100,1,101,5
2020-06-30,Sierra,091,2930,1,1,0,1,0
2020-06-30,Siskiyou,093,43540,34,26,0,26,0
2020-06-30,Solano,095,438530,1930,1256,8,1264,21
2020-06-30,Sonoma,097,501317,1549,1122,4,1126,6
2020-06-30,Stanislaus,099,539301,4261,2578,6,2584,41
2020-06-30,Sutter,101,95872,243,168,0,168,2
2020-06-30,Tehama,103,63373,104,75,2,77,1
2020-06-30,Trinity,105,12862,6,2,2,4,0
2020-06-30,Tulare,107,460477,5553,4207,4,4211,117
2020-06-30,Tuolumne,109,53932,51,16,1,17,0
2020-06-30,Ventura,111,848112,4430,3030,9,3039,40
2020-06-30,Yolo,113,214977,753,515,3,518,24
2020-06-30,Yuba,115,75493,105,55,0,55,1
2020-06-29,Alameda,001,1643700,7119,5766,7,5773,135
2020-06-29,Alpine,003,1148,2,1,0,1,0
2020-06-29,Amador,005,37829,31,20,0,20,0
2020-06-29,Butte,007,227075,284,157,6,163,2
2020-06-29,Calaveras,009,45235,56,30,0,30,0
2020-06-29,Colusa,011,21464,89,17,0,17,0
2020-06-29,Contra Costa,013,1133247,3968,2976,3,2979,75
2020-06-29,Del Norte,015,27424,59,47,0,47,0
2020-06-29,El Dorado,017,186661,277,163,0,163,0
2020-06-29,Fresno,019,978130,9595,4531,60,4591,74
2020-06-29,Glenn,021,27897,156,77,0,77,0
2020-06-29,Humboldt,023,135768,159,128,0,128,3
2020-06-29,Imperial,025,180216,8070,5512,5,5517,45
2020-06-29,Inyo,027,18085,33,29,0,29,1
2020-06-29,Kern,029,883053,8937,4613,25,4638,73
2020-06-29,Kings,031,150075,2728,2280,5,2285,20
2020-06-29,Lake,033,64148,88,53,0,53,0
2020-06-29,Lassen,035,31185,237,77,2,79,0
2020-06-29,Los Angeles,037,10098052,118271,100846,33,100879,3337
2020-06-29,Madera,039,155013,944,422,2,424,4
2020-06-29,Marin,041,260295,2999,1517,4,1521,17
2020-06-29,Mariposa,043,17540,32,25,0,25,1
2020-06-29,Mendocino,045,87422,88,63,0,63,0
2020-06-29,Merced,047,269075,1744,848,1,849,10
2020-06-29,Modoc,049,8938,1,0,0,0,0
2020-06-29,Mono,051,14174,47,35,0,35,1
2020-06-29,Monterey,053,433212,2204,1614,5,1619,14
2020-06-29,Napa,055,140530,463,317,0,317,4
2020-06-29,Nevada,057,99092,155,107,3,110,1
2020-06-29,Orange,059,3164182,23099,13682,178,13860,324
2020-06-29,Placer,061,380077,960,628,1,629,11
2020-06-29,Plumas,063,18699,12,6,0,6,0
2020-06-29,Riverside,065,2383286,23735,17683,13,17696,432
2020-06-29,Sacramento,067,1510023,4304,2985,2,2987,62
2020-06-29,San Benito,069,59416,283,193,0,193,2
2020-06-29,San Bernardino,071,2135413,18913,11643,11,11654,245
2020-06-29,San Diego,073,3302833,17391,13834,2,13836,361
2020-06-29,San Francisco,075,870044,4032,3389,1,3390,50
2020-06-29,San Joaquin,077,732212,5264,3202,4,3206,52
2020-06-29,San Luis Obispo,079,281455,811,544,4,548,1
2020-06-29,San Mateo,081,765935,3682,3170,4,3174,84
2020-06-29,Santa Barbara,083,443738,4148,2933,17,2950,25
2020-06-29,Santa Clara,085,1922200,5631,4231,8,4239,157
2020-06-29,Santa Cruz,087,273765,466,348,0,348,2
2020-06-29,Shasta,089,179085,209,94,1,95,5
2020-06-29,Sierra,091,2930,1,1,0,1,0
2020-06-29,Siskiyou,093,43540,34,25,0,25,0
2020-06-29,Solano,095,438530,1828,1077,8,1085,21
2020-06-29,Sonoma,097,501317,1477,1103,4,1107,5
2020-06-29,Stanislaus,099,539301,4055,2400,5,2405,36
2020-06-29,Sutter,101,95872,221,152,0,152,2
2020-06-29,Tehama,103,63373,100,63,2,65,1
2020-06-29,Trinity,105,12862,6,2,2,4,0
2020-06-29,Tulare,107,460477,5399,3906,4,3910,117
2020-06-29,Tuolumne,109,53932,47,16,1,17,0
2020-06-29,Ventura,111,848112,4283,2794,9,2803,40
2020-06-29,Yolo,113,214977,720,483,3,486,24
2020-06-29,Yuba,115,75493,92,55,0,55,1
2020-06-28,Alameda,001,1643700,6860,5698,7,5705,135
2020-06-28,Alpine,003,1148,2,1,0,1,0
2020-06-28,Amador,005,37829,29,20,0,20,0
2020-06-28,Butte,007,227075,265,150,6,156,2
2020-06-28,Calaveras,009,45235,51,30,0,30,0
2020-06-28,Colusa,011,21464,74,17,0,17,0
2020-06-28,Contra Costa,013,1133247,3778,2803,3,2806,73
2020-06-28,Del Norte,015,27424,58,47,0,47,0
2020-06-28,El Dorado,017,186661,265,162,0,162,0
2020-06-28,Fresno,019,978130,9234,4365,60,4425,74
2020-06-28,Glenn,021,27897,148,77,0,77,0
2020-06-28,Humboldt,023,135768,156,127,0,127,3
2020-06-28,Imperial,025,180216,7881,5513,5,5518,45
2020-06-28,Inyo,027,18085,33,29,0,29,1
2020-06-28,Kern,029,883053,8384,4541,23,4564,72
2020-06-28,Kings,031,150075,2669,2234,5,2239,18
2020-06-28,Lake,033,64148,84,53,0,53,0
2020-06-28,Lassen,035,31185,237,77,2,79,0
2020-06-28,Los Angeles,037,10098052,115066,98003,29,98032,3316
2020-06-28,Madera,039,155013,896,424,2,426,4
2020-06-28,Marin,041,260295,2653,1473,4,1477,17
2020-06-28,Mariposa,043,17540,32,24,0,24,1
2020-06-28,Mendocino,045,87422,86,63,0,63,0
2020-06-28,Merced,047,269075,1631,814,1,815,10
2020-06-28,Modoc,049,8938,1,0,0,0,0
2020-06-28,Mono,051,14174,47,35,0,35,1
2020-06-28,Monterey,053,433212,2122,1560,5,1565,13
2020-06-28,Napa,055,140530,429,307,0,307,4
2020-06-28,Nevada,057,99092,144,102,3,105,1
2020-06-28,Orange,059,3164182,22124,13213,159,13372,324
2020-06-28,Placer,061,380077,920,618,1,619,11
2020-06-28,Plumas,063,18699,11,6,0,6,0
2020-06-28,Riverside,065,2383286,22908,16848,12,16860,432
2020-06-28,Sacramento,067,1510023,4076,2803,2,2805,63
2020-06-28,San Benito,069,59416,272,190,0,190,2
2020-06-28,San Bernardino,071,2135413,18159,11344,10,11354,245
2020-06-28,San Diego,073,3302833,16846,13333,2,13335,361
2020-06-28,San Francisco,075,870044,3953,3388,1,3389,50
2020-06-28,San Joaquin,077,732212,4929,3201,4,3205,52
2020-06-28,San Luis Obispo,079,281455,772,531,4,535,1
2020-06-28,San Mateo,081,765935,3604,3124,4,3128,84
2020-06-28,Santa Barbara,083,443738,4003,2872,17,2889,25
2020-06-28,Santa Clara,085,1922200,5470,4131,8,4139,156
2020-06-28,Santa Cruz,087,273765,443,349,0,349,2
2020-06-28,Shasta,089,179085,196,89,0,89,5
2020-06-28,Sierra,091,2930,1,1,0,1,0
2020-06-28,Siskiyou,093,43540,34,25,0,25,0
2020-06-28,Solano,095,438530,1753,1077,8,1085,21
2020-06-28,Sonoma,097,501317,1423,1084,4,1088,5
2020-06-28,Stanislaus,099,539301,3849,2376,5,2381,36
2020-06-28,Sutter,101,95872,195,145,0,145,2
2020-06-28,Tehama,103,63373,93,63,2,65,1
2020-06-28,Trinity,105,12862,6,2,2,4,0
2020-06-28,Tulare,107,460477,5234,3812,4,3816,117
2020-06-28,Tuolumne,109,53932,42,14,1,15,0
2020-06-28,Ventura,111,848112,4125,2650,9,2659,40
2020-06-28,Yolo,113,214977,685,468,3,471,24
2020-06-28,Yuba,115,75493,88,39,0,39,1
2020-06-27,Alameda,001,1643700,6765,5581,7,5588,135
2020-06-27,Alpine,003,1148,2,1,0,1,0
2020-06-27,Amador,005,37829,27,20,0,20,0
2020-06-27,Butte,007,227075,257,137,6,143,2
2020-06-27,Calaveras,009,45235,49,30,0,30,0
2020-06-27,Colusa,011,21464,68,17,0,17,0
2020-06-27,Contra Costa,013,1133247,3683,2717,2,2719,72
2020-06-27,Del Norte,015,27424,58,47,0,47,0
2020-06-27,El Dorado,017,186661,259,159,0,159,0
2020-06-27,Fresno,019,978130,8988,4238,60,4298,74
2020-06-27,Glenn,021,27897,144,77,0,77,0
2020-06-27,Humboldt,023,135768,154,127,0,127,3
2020-06-27,Imperial,025,180216,7819,5513,5,5518,45
2020-06-27,Inyo,027,18085,33,29,0,29,1
2020-06-27,Kern,029,883053,8121,4411,22,4433,70
2020-06-27,Kings,031,150075,2643,2187,5,2192,18
2020-06-27,Lake,033,64148,81,42,0,42,0
2020-06-27,Lassen,035,31185,237,33,2,35,0
2020-06-27,Los Angeles,037,10098052,113325,95341,26,95367,3291
2020-06-27,Madera,039,155013,853,427,1,428,4
2020-06-27,Marin,041,260295,2608,1423,4,1427,17
2020-06-27,Mariposa,043,17540,31,22,0,22,1
2020-06-27,Mendocino,045,87422,86,63,0,63,0
2020-06-27,Merced,047,269075,1573,807,0,807,10
2020-06-27,Modoc,049,8938,1,0,0,0,0
2020-06-27,Mono,051,14174,46,35,0,35,1
2020-06-27,Monterey,053,433212,2058,1455,5,1460,12
2020-06-27,Napa,055,140530,419,282,0,282,3
2020-06-27,Nevada,057,99092,140,102,2,104,1
2020-06-27,Orange,059,3164182,21614,12951,154,13105,320
2020-06-27,Placer,061,380077,899,584,1,585,10
2020-06-27,Plumas,063,18699,11,6,0,6,0
2020-06-27,Riverside,065,2383286,22518,16209,12,16221,432
2020-06-27,Sacramento,067,1510023,3959,2685,2,2687,63
2020-06-27,San Benito,069,59416,265,182,0,182,2
2020-06-27,San Bernardino,071,2135413,17781,11238,10,11248,243
2020-06-27,San Diego,073,3302833,16481,12836,2,12838,360
2020-06-27,San Francisco,075,870044,3898,3332,1,3333,49
2020-06-27,San Joaquin,077,732212,4764,2995,4,2999,52
2020-06-27,San Luis Obispo,079,281455,748,505,4,509,1
2020-06-27,San Mateo,081,765935,3547,3083,4,3087,83
2020-06-27,Santa Barbara,083,443738,3931,2799,17,2816,25
2020-06-27,Santa Clara,085,1922200,5365,4006,8,4014,157
2020-06-27,Santa Cruz,087,273765,436,347,0,347,2
2020-06-27,Shasta,089,179085,191,87,0,87,5
2020-06-27,Sierra,091,2930,1,1,0,1,0
2020-06-27,Siskiyou,093,43540,34,25,0,25,0
2020-06-27,Solano,095,438530,1720,1076,8,1084,21
2020-06-27,Sonoma,097,501317,1392,1004,4,1008,5
2020-06-27,Stanislaus,099,539301,3749,2164,5,2169,36
2020-06-27,Sutter,101,95872,188,141,0,141,2
2020-06-27,Tehama,103,63373,90,63,2,65,1
2020-06-27,Trinity,105,12862,6,2,2,4,0
2020-06-27,Tulare,107,460477,5138,3810,4,3814,117
2020-06-27,Tuolumne,109,53932,41,13,1,14,0
2020-06-27,Ventura,111,848112,4026,2471,9,2480,40
2020-06-27,Yolo,113,214977,660,432,3,435,24
2020-06-27,Yuba,115,75493,80,39,0,39,1
2020-06-26,Alameda,001,1643700,6679,5502,6,5508,132
2020-06-26,Alpine,003,1148,2,1,0,1,0
2020-06-26,Amador,005,37829,26,20,0,20,0
2020-06-26,Butte,007,227075,242,135,6,141,2
2020-06-26,Calaveras,009,45235,47,30,0,30,0
2020-06-26,Colusa,011,21464,63,17,0,17,0
2020-06-26,Contra Costa,013,1133247,3570,2676,2,2678,72
2020-06-26,Del Norte,015,27424,57,47,0,47,0
2020-06-26,El Dorado,017,186661,251,159,0,159,0
2020-06-26,Fresno,019,978130,8762,4166,60,4226,74
2020-06-26,Glenn,021,27897,137,71,0,71,0
2020-06-26,Humboldt,023,135768,152,126,0,126,3
2020-06-26,Imperial,025,180216,7755,5400,5,5405,44
2020-06-26,Inyo,027,18085,32,29,0,29,1
2020-06-26,Kern,029,883053,7789,4366,22,4388,70
2020-06-26,Kings,031,150075,2611,2176,4,2180,18
2020-06-26,Lake,033,64148,80,42,0,42,0
2020-06-26,Lassen,035,31185,236,30,2,32,0
2020-06-26,Los Angeles,037,10098052,111160,93328,26,93354,3275
2020-06-26,Madera,039,155013,821,409,1,410,4
2020-06-26,Marin,041,260295,2572,1406,4,1410,17
2020-06-26,Mariposa,043,17540,30,21,0,21,1
2020-06-26,Mendocino,045,87422,83,63,0,63,0
2020-06-26,Merced,047,269075,1527,797,0,797,10
2020-06-26,Modoc,049,8938,1,0,0,0,0
2020-06-26,Mono,051,14174,45,35,0,35,1
2020-06-26,Monterey,053,433212,2006,1449,5,1454,12
2020-06-26,Napa,055,140530,409,277,0,277,3
2020-06-26,Nevada,057,99092,136,101,1,102,1
2020-06-26,Orange,059,3164182,20938,12659,151,12810,320
2020-06-26,Placer,061,380077,872,584,1,585,10
2020-06-26,Plumas,063,18699,11,6,0,6,0
2020-06-26,Riverside,065,2383286,22056,15858,12,15870,430
2020-06-26,Sacramento,067,1510023,3794,2687,2,2689,63
2020-06-26,San Benito,069,59416,261,176,0,176,2
2020-06-26,San Bernardino,071,2135413,17404,11111,10,11121,243
2020-06-26,San Diego,073,3302833,16116,12402,2,12404,358
2020-06-26,San Francisco,075,870044,3842,3330,1,3331,49
2020-06-26,San Joaquin,077,732212,4550,2943,4,2947,52
2020-06-26,San Luis Obispo,079,281455,733,498,4,502,1
2020-06-26,San Mateo,081,765935,3495,3055,4,3059,83
2020-06-26,Santa Barbara,083,443738,3841,2784,15,2799,25
2020-06-26,Santa Clara,085,1922200,5264,3968,8,3976,156
2020-06-26,Santa Cruz,087,273765,429,344,0,344,2
2020-06-26,Shasta,089,179085,184,86,0,86,5
2020-06-26,Sierra,091,2930,1,1,0,1,0
2020-06-26,Siskiyou,093,43540,33,24,0,24,0
2020-06-26,Solano,095,438530,1678,1068,8,1076,21
2020-06-26,Sonoma,097,501317,1360,977,4,981,5
2020-06-26,Stanislaus,099,539301,3636,2157,5,2162,36
2020-06-26,Sutter,101,95872,181,138,0,138,2
2020-06-26,Tehama,103,63373,87,63,2,65,1
2020-06-26,Trinity,105,12862,6,2,2,4,0
2020-06-26,Tulare,107,460477,5049,3720,4,3724,117
2020-06-26,Tuolumne,109,53932,39,10,1,11,0
2020-06-26,Ventura,111,848112,3940,2444,9,2453,40
2020-06-26,Yolo,113,214977,636,418,3,421,24
2020-06-26,Yuba,115,75493,74,38,0,38,1
2020-06-25,Alameda,001,1643700,6488,5398,6,5404,130
2020-06-25,Alpine,003,1148,2,1,0,1,0
2020-06-25,Amador,005,37829,25,18,0,18,0
2020-06-25,Butte,007,227075,237,127,6,133,1
2020-06-25,Calaveras,009,45235,42,26,0,26,0
2020-06-25,Colusa,011,21464,53,14,0,14,0
2020-06-25,Contra Costa,013,1133247,3385,2591,2,2593,71
2020-06-25,Del Norte,015,27424,55,47,0,47,0
2020-06-25,El Dorado,017,186661,243,150,0,150,0
2020-06-25,Fresno,019,978130,8449,3938,59,3997,71
2020-06-25,Glenn,021,27897,132,59,0,59,0
2020-06-25,Humboldt,023,135768,151,121,0,121,3
2020-06-25,Imperial,025,180216,7627,5192,5,5197,44
2020-06-25,Inyo,027,18085,29,27,0,27,1
2020-06-25,Kern,029,883053,7364,4236,19,4255,69
2020-06-25,Kings,031,150075,2559,2110,4,2114,17
2020-06-25,Lake,033,64148,79,42,0,42,0
2020-06-25,Lassen,035,31185,230,13,2,15,0
2020-06-25,Los Angeles,037,10098052,108391,91524,26,91550,3239
2020-06-25,Madera,039,155013,777,380,1,381,4
2020-06-25,Marin,041,260295,2470,1321,4,1325,17
2020-06-25,Mariposa,043,17540,29,20,0,20,1
2020-06-25,Mendocino,045,87422,80,61,0,61,0
2020-06-25,Merced,047,269075,1440,747,0,747,10
2020-06-25,Modoc,049,8938,1,0,0,0,0
2020-06-25,Mono,051,14174,44,35,0,35,1
2020-06-25,Monterey,053,433212,1918,1426,4,1430,12
2020-06-25,Napa,055,140530,391,260,0,260,3
2020-06-25,Nevada,057,99092,128,92,1,93,1
2020-06-25,Orange,059,3164182,20014,12221,149,12370,311
2020-06-25,Placer,061,380077,822,574,1,575,10
2020-06-25,Plumas,063,18699,10,6,0,6,0
2020-06-25,Riverside,065,2383286,21301,15224,12,15236,427
2020-06-25,Sacramento,067,1510023,3571,2519,2,2521,62
2020-06-25,San Benito,069,59416,253,174,0,174,2
2020-06-25,San Bernardino,071,2135413,16652,10590,10,10600,242
2020-06-25,San Diego,073,3302833,15577,11963,2,11965,352
2020-06-25,San Francisco,075,870044,3777,3252,1,3253,48
2020-06-25,San Joaquin,077,732212,4278,2803,4,2807,50
2020-06-25,San Luis Obispo,079,281455,701,473,4,477,1
2020-06-25,San Mateo,081,765935,3427,2996,4,3000,82
2020-06-25,Santa Barbara,083,443738,3735,2622,14,2636,25
2020-06-25,Santa Clara,085,1922200,5116,3871,8,3879,156
2020-06-25,Santa Cruz,087,273765,417,335,0,335,2
2020-06-25,Shasta,089,179085,174,84,0,84,5
2020-06-25,Sierra,091,2930,1,1,0,1,0
2020-06-25,Siskiyou,093,43540,32,24,0,24,0
2020-06-25,Solano,095,438530,1625,1034,8,1042,21
2020-06-25,Sonoma,097,501317,1313,953,3,956,5
2020-06-25,Stanislaus,099,539301,3424,2130,5,2135,36
2020-06-25,Sutter,101,95872,169,126,0,126,2
2020-06-25,Tehama,103,63373,83,59,2,61,1
2020-06-25,Trinity,105,12862,6,2,2,4,0
2020-06-25,Tulare,107,460477,4919,3656,4,3660,117
2020-06-25,Tuolumne,109,53932,38,10,1,11,0
2020-06-25,Ventura,111,848112,3758,2346,8,2354,40
2020-06-25,Yolo,113,214977,606,397,3,400,24
2020-06-25,Yuba,115,75493,63,38,0,38,1
2020-06-24,Alameda,001,1643700,6326,5242,6,5248,123
2020-06-24,Alpine,003,1148,2,1,0,1,0
2020-06-24,Amador,005,37829,23,16,0,16,0
2020-06-24,Butte,007,227075,220,119,6,125,1
2020-06-24,Calaveras,009,45235,40,26,0,26,0
2020-06-24,Colusa,011,21464,44,11,0,11,0
2020-06-24,Contra Costa,013,1133247,3230,2520,2,2522,66
2020-06-24,Del Norte,015,27424,49,47,0,47,0
2020-06-24,El Dorado,017,186661,227,149,0,149,0
2020-06-24,Fresno,019,978130,8118,3765,59,3824,71
2020-06-24,Glenn,021,27897,124,54,0,54,0
2020-06-24,Humboldt,023,135768,151,117,0,117,3
2020-06-24,Imperial,025,180216,7509,5138,5,5143,38
2020-06-24,Inyo,027,18085,29,28,0,28,1
2020-06-24,Kern,029,883053,6971,4155,17,4172,67
2020-06-24,Kings,031,150075,2497,2063,4,2067,16
2020-06-24,Lake,033,64148,66,40,0,40,0
2020-06-24,Lassen,035,31185,229,9,2,11,0
2020-06-24,Los Angeles,037,10098052,105632,89566,26,89592,3186
2020-06-24,Madera,039,155013,755,373,1,374,4
2020-06-24,Marin,041,260295,2242,1261,4,1265,17
2020-06-24,Mariposa,043,17540,28,19,0,19,1
2020-06-24,Mendocino,045,87422,80,60,0,60,0
2020-06-24,Merced,047,269075,1354,696,0,696,8
2020-06-24,Modoc,049,8938,1,0,0,0,0
2020-06-24,Mono,051,14174,42,35,0,35,1
2020-06-24,Monterey,053,433212,1841,1407,4,1411,12
2020-06-24,Napa,055,140530,373,258,0,258,3
2020-06-24,Nevada,057,99092,122,92,1,93,1
2020-06-24,Orange,059,3164182,19020,11804,131,11935,303
2020-06-24,Placer,061,380077,783,548,1,549,10
2020-06-24,Plumas,063,18699,10,6,0,6,0
2020-06-24,Riverside,065,2383286,20455,14946,12,14958,410
2020-06-24,Sacramento,067,1510023,3366,2446,2,2448,62
2020-06-24,San Benito,069,59416,249,171,0,171,2
2020-06-24,San Bernardino,071,2135413,15841,10211,9,10220,239
2020-06-24,San Diego,073,3302833,15077,11628,2,11630,347
2020-06-24,San Francisco,075,870044,3714,3216,1,3217,48
2020-06-24,San Joaquin,077,732212,4057,2680,4,2684,49
2020-06-24,San Luis Obispo,079,281455,669,461,3,464,1
2020-06-24,San Mateo,081,765935,3370,2964,4,2968,82
2020-06-24,Santa Barbara,083,443738,3615,2569,12,2581,22
2020-06-24,Santa Clara,085,1922200,4985,3812,8,3820,155
2020-06-24,Santa Cruz,087,273765,405,329,0,329,2
2020-06-24,Shasta,089,179085,166,83,0,83,5
2020-06-24,Sierra,091,2930,1,1,0,1,0
2020-06-24,Siskiyou,093,43540,31,24,0,24,0
2020-06-24,Solano,095,438530,1535,979,7,986,21
2020-06-24,Sonoma,097,501317,1264,933,3,936,4
2020-06-24,Stanislaus,099,539301,3245,2039,5,2044,36
2020-06-24,Sutter,101,95872,156,118,0,118,2
2020-06-24,Tehama,103,63373,81,55,2,57,1
2020-06-24,Trinity,105,12862,6,2,2,4,0
2020-06-24,Tulare,107,460477,4767,3541,4,3545,116
2020-06-24,Tuolumne,109,53932,33,9,1,10,0
2020-06-24,Ventura,111,848112,3417,2314,8,2322,42
2020-06-24,Yolo,113,214977,571,376,3,379,24
2020-06-24,Yuba,115,75493,57,37,0,37,1
2020-06-23,Alameda,001,1643700,6145,5159,6,5165,121
2020-06-23,Alpine,003,1148,2,1,0,1,0
2020-06-23,Amador,005,37829,22,13,0,13,0
2020-06-23,Butte,007,227075,202,111,6,117,1
2020-06-23,Calaveras,009,45235,40,26,0,26,0
2020-06-23,Colusa,011,21464,40,7,0,7,0
2020-06-23,Contra Costa,013,1133247,3104,2453,2,2455,60
2020-06-23,Del Norte,015,27424,48,46,0,46,0
2020-06-23,El Dorado,017,186661,218,142,0,142,0
2020-06-23,Fresno,019,978130,7468,3569,57,3626,67
2020-06-23,Glenn,021,27897,120,47,0,47,0
2020-06-23,Humboldt,023,135768,151,110,0,110,3
2020-06-23,Imperial,025,180216,7346,5025,5,5030,38
2020-06-23,Inyo,027,18085,29,26,0,26,1
2020-06-23,Kern,029,883053,6603,4087,14,4101,64
2020-06-23,Kings,031,150075,2432,1727,4,1731,16
2020-06-23,Lake,033,64148,60,40,0,40,0
2020-06-23,Lassen,035,31185,225,9,2,11,0
2020-06-23,Los Angeles,037,10098052,102694,88433,24,88457,3152
2020-06-23,Madera,039,155013,716,369,1,370,4
2020-06-23,Marin,041,260295,1974,1139,4,1143,17
2020-06-23,Mariposa,043,17540,26,18,0,18,1
2020-06-23,Mendocino,045,87422,79,61,0,61,0
2020-06-23,Merced,047,269075,1257,656,0,656,8
2020-06-23,Modoc,049,8938,1,0,0,0,0
2020-06-23,Mono,051,14174,42,35,0,35,1
2020-06-23,Monterey,053,433212,1771,1346,4,1350,12
2020-06-23,Napa,055,140530,358,230,0,230,3
2020-06-23,Nevada,057,99092,116,81,1,82,1
2020-06-23,Orange,059,3164182,18050,11071,128,11199,278
2020-06-23,Placer,061,380077,755,525,1,526,10
2020-06-23,Plumas,063,18699,9,6,0,6,0
2020-06-23,Riverside,065,2383286,19436,14469,12,14481,406
2020-06-23,Sacramento,067,1510023,3187,2374,2,2376,62
2020-06-23,San Benito,069,59416,235,167,0,167,2
2020-06-23,San Bernardino,071,2135413,15057,9771,9,9780,229
2020-06-23,San Diego,073,3302833,14557,11296,2,11298,341
2020-06-23,San Francisco,075,870044,3641,3177,1,3178,48
2020-06-23,San Joaquin,077,732212,3798,2502,4,2506,48
2020-06-23,San Luis Obispo,079,281455,638,445,3,448,1
2020-06-23,San Mateo,081,765935,3305,2907,4,2911,81
2020-06-23,Santa Barbara,083,443738,3519,2498,12,2510,22
2020-06-23,Santa Clara,085,1922200,4839,3700,8,3708,155
2020-06-23,Santa Cruz,087,273765,395,313,0,313,2
2020-06-23,Shasta,089,179085,157,81,0,81,5
2020-06-23,Sierra,091,2930,1,1,0,1,0
2020-06-23,Siskiyou,093,43540,29,24,0,24,0
2020-06-23,Solano,095,438530,1478,941,6,947,21
2020-06-23,Sonoma,097,501317,1211,912,3,915,4
2020-06-23,Stanislaus,099,539301,3069,1850,5,1855,35
2020-06-23,Sutter,101,95872,146,112,0,112,2
2020-06-23,Tehama,103,63373,79,50,2,52,1
2020-06-23,Trinity,105,12862,6,2,2,4,0
2020-06-23,Tulare,107,460477,4645,3456,4,3460,111
2020-06-23,Tuolumne,109,53932,28,9,1,10,0
2020-06-23,Ventura,111,848112,3257,2209,7,2216,40
2020-06-23,Yolo,113,214977,545,350,0,350,24
2020-06-23,Yuba,115,75493,54,35,0,35,1
2020-06-22,Alameda,001,1643700,5994,4944,6,4950,121
2020-06-22,Alpine,003,1148,2,1,0,1,0
2020-06-22,Amador,005,37829,19,12,0,12,0
2020-06-22,Butte,007,227075,183,104,6,110,1
2020-06-22,Calaveras,009,45235,38,20,0,20,0
2020-06-22,Colusa,011,21464,37,7,0,7,0
2020-06-22,Contra Costa,013,1133247,2962,2363,2,2365,60
2020-06-22,Del Norte,015,27424,48,46,0,46,0
2020-06-22,El Dorado,017,186661,209,137,0,137,0
2020-06-22,Fresno,019,978130,6936,3425,57,3482,67
2020-06-22,Glenn,021,27897,111,40,0,40,0
2020-06-22,Humboldt,023,135768,148,110,0,110,3
2020-06-22,Imperial,025,180216,7190,4700,5,4705,38
2020-06-22,Inyo,027,18085,29,26,0,26,1
2020-06-22,Kern,029,883053,6251,3982,12,3994,60
2020-06-22,Kings,031,150075,2384,1513,4,1517,13
2020-06-22,Lake,033,64148,54,37,0,37,0
2020-06-22,Lassen,035,31185,115,7,2,9,0
2020-06-22,Los Angeles,037,10098052,99797,85925,23,85948,3117
2020-06-22,Madera,039,155013,691,333,1,334,4
2020-06-22,Marin,041,260295,1717,1029,4,1033,17
2020-06-22,Mariposa,043,17540,25,18,0,18,1
2020-06-22,Mendocino,045,87422,74,48,0,48,0
2020-06-22,Merced,047,269075,1168,619,0,619,8
2020-06-22,Modoc,049,8938,1,0,0,0,0
2020-06-22,Mono,051,14174,42,34,0,34,1
2020-06-22,Monterey,053,433212,1710,1293,4,1297,12
2020-06-22,Napa,055,140530,334,222,0,222,3
2020-06-22,Nevada,057,99092,111,79,1,80,1
2020-06-22,Orange,059,3164182,17120,10711,125,10836,275
2020-06-22,Placer,061,380077,730,512,1,513,9
2020-06-22,Plumas,063,18699,7,6,0,6,0
2020-06-22,Riverside,065,2383286,18464,13948,12,13960,403
2020-06-22,Sacramento,067,1510023,2971,2243,2,2245,62
2020-06-22,San Benito,069,59416,226,164,0,164,2
2020-06-22,San Bernardino,071,2135413,14281,9133,9,9142,229
2020-06-22,San Diego,073,3302833,14066,11098,2,11100,338
2020-06-22,San Francisco,075,870044,3548,3000,1,3001,47
2020-06-22,San Joaquin,077,732212,3551,2332,4,2336,48
2020-06-22,San Luis Obispo,079,281455,606,422,3,425,1
2020-06-22,San Mateo,081,765935,3232,2813,4,2817,81
2020-06-22,Santa Barbara,083,443738,3427,2447,12,2459,21
2020-06-22,Santa Clara,085,1922200,4679,3580,8,3588,155
2020-06-22,Santa Cruz,087,273765,382,290,0,290,3
2020-06-22,Shasta,089,179085,154,77,0,77,5
2020-06-22,Sierra,091,2930,1,1,0,1,0
2020-06-22,Siskiyou,093,43540,29,23,0,23,0
2020-06-22,Solano,095,438530,1400,784,5,789,21
2020-06-22,Sonoma,097,501317,1166,860,1,861,4
2020-06-22,Stanislaus,099,539301,2884,1784,5,1789,35
2020-06-22,Sutter,101,95872,137,100,0,100,2
2020-06-22,Tehama,103,63373,75,38,2,40,1
2020-06-22,Trinity,105,12862,6,2,2,4,0
2020-06-22,Tulare,107,460477,4508,3185,4,3189,111
2020-06-22,Tuolumne,109,53932,19,8,1,9,0
2020-06-22,Ventura,111,848112,3108,2065,7,2072,39
2020-06-22,Yolo,113,214977,518,333,0,333,24
2020-06-22,Yuba,115,75493,49,36,0,36,1
2020-06-21,Alameda,001,1643700,5798,4835,6,4841,121
2020-06-21,Alpine,003,1148,2,1,0,1,0
2020-06-21,Amador,005,37829,14,12,0,12,0
2020-06-21,Butte,007,227075,169,97,6,103,1
2020-06-21,Calaveras,009,45235,38,20,0,20,0
2020-06-21,Colusa,011,21464,29,7,0,7,0
2020-06-21,Contra Costa,013,1133247,2836,2282,2,2284,60
2020-06-21,Del Norte,015,27424,47,46,0,46,0
2020-06-21,El Dorado,017,186661,200,132,0,132,0
2020-06-21,Fresno,019,978130,6366,3296,56,3352,67
2020-06-21,Glenn,021,27897,102,40,0,40,0
2020-06-21,Humboldt,023,135768,143,108,0,108,3
2020-06-21,Imperial,025,180216,7007,4701,5,4706,38
2020-06-21,Inyo,027,18085,27,26,0,26,1
2020-06-21,Kern,029,883053,5959,3918,11,3929,60
2020-06-21,Kings,031,150075,2321,1334,4,1338,11
2020-06-21,Lake,033,64148,49,36,0,36,0
2020-06-21,Lassen,035,31185,22,7,2,9,0
2020-06-21,Los Angeles,037,10098052,96916,83383,23,83406,3101
2020-06-21,Madera,039,155013,657,319,1,320,4
2020-06-21,Marin,041,260295,1560,907,4,911,17
2020-06-21,Mariposa,043,17540,22,18,0,18,1
2020-06-21,Mendocino,045,87422,71,48,0,48,0
2020-06-21,Merced,047,269075,1073,577,0,577,8
2020-06-21,Modoc,049,8938,1,0,0,0,0
2020-06-21,Mono,051,14174,42,34,0,34,1
2020-06-21,Monterey,053,433212,1637,1227,4,1231,12
2020-06-21,Napa,055,140530,319,218,0,218,3
2020-06-21,Nevada,057,99092,108,79,1,80,1
2020-06-21,Orange,059,3164182,16278,10563,121,10684,275
2020-06-21,Placer,061,380077,691,498,1,499,9
2020-06-21,Plumas,063,18699,7,6,0,6,0
2020-06-21,Riverside,065,2383286,17759,13528,11,13539,402
2020-06-21,Sacramento,067,1510023,2770,2156,2,2158,62
2020-06-21,San Benito,069,59416,212,151,0,151,2
2020-06-21,San Bernardino,071,2135413,13504,8925,8,8933,229
2020-06-21,San Diego,073,3302833,13521,10796,2,10798,338
2020-06-21,San Francisco,075,870044,3442,3000,1,3001,47
2020-06-21,San Joaquin,077,732212,3315,2188,4,2192,48
2020-06-21,San Luis Obispo,079,281455,581,418,3,421,1
2020-06-21,San Mateo,081,765935,3174,2781,4,2785,81
2020-06-21,Santa Barbara,083,443738,3320,2430,11,2441,21
2020-06-21,Santa Clara,085,1922200,4541,3514,8,3522,154
2020-06-21,Santa Cruz,087,273765,372,290,0,290,3
2020-06-21,Shasta,089,179085,144,75,0,75,5
2020-06-21,Sierra,091,2930,1,1,0,1,0
2020-06-21,Siskiyou,093,43540,29,23,0,23,0
2020-06-21,Solano,095,438530,1300,783,4,787,21
2020-06-21,Sonoma,097,501317,1116,836,1,837,4
2020-06-21,Stanislaus,099,539301,2698,1688,5,1693,35
2020-06-21,Sutter,101,95872,129,96,0,96,2
2020-06-21,Tehama,103,63373,64,35,2,37,1
2020-06-21,Trinity,105,12862,6,2,2,4,0
2020-06-21,Tulare,107,460477,4340,3173,4,3177,111
2020-06-21,Tuolumne,109,53932,17,8,1,9,0
2020-06-21,Ventura,111,848112,2930,2021,7,2028,39
2020-06-21,Yolo,113,214977,486,323,0,323,24
2020-06-21,Yuba,115,75493,45,35,0,35,1
2020-06-20,Alameda,001,1643700,5736,4758,6,4764,119
2020-06-20,Alpine,003,1148,2,1,0,1,0
2020-06-20,Amador,005,37829,14,12,0,12,0
2020-06-20,Butte,007,227075,162,94,6,100,1
2020-06-20,Calaveras,009,45235,38,20,0,20,0
2020-06-20,Colusa,011,21464,26,7,0,7,0
2020-06-20,Contra Costa,013,1133247,2777,2231,2,2233,54
2020-06-20,Del Norte,015,27424,47,46,0,46,0
2020-06-20,El Dorado,017,186661,195,130,0,130,0
2020-06-20,Fresno,019,978130,6241,3222,54,3276,67
2020-06-20,Glenn,021,27897,97,40,0,40,0
2020-06-20,Humboldt,023,135768,143,108,0,108,3
2020-06-20,Imperial,025,180216,6926,4616,5,4621,37
2020-06-20,Inyo,027,18085,27,26,0,26,1
2020-06-20,Kern,029,883053,5794,3836,11,3847,59
2020-06-20,Kings,031,150075,2297,1331,4,1335,9
2020-06-20,Lake,033,64148,49,37,0,37,0
2020-06-20,Lassen,035,31185,21,7,2,9,0
2020-06-20,Los Angeles,037,10098052,95343,81604,22,81626,3093
2020-06-20,Madera,039,155013,624,321,1,322,4
2020-06-20,Marin,041,260295,1540,879,4,883,17
2020-06-20,Mariposa,043,17540,22,18,0,18,1
2020-06-20,Mendocino,045,87422,70,48,0,48,0
2020-06-20,Merced,047,269075,1033,566,0,566,8
2020-06-20,Modoc,049,8938,1,0,0,0,0
2020-06-20,Mono,051,14174,42,34,0,34,1
2020-06-20,Monterey,053,433212,1601,1181,4,1185,12
2020-06-20,Napa,055,140530,310,212,0,212,3
2020-06-20,Nevada,057,99092,105,73,1,74,1
2020-06-20,Orange,059,3164182,15930,10284,117,10401,273
2020-06-20,Placer,061,380077,667,483,1,484,9
2020-06-20,Plumas,063,18699,6,6,0,6,0
2020-06-20,Riverside,065,2383286,17460,13021,11,13032,402
2020-06-20,Sacramento,067,1510023,2699,2069,2,2071,63
2020-06-20,San Benito,069,59416,208,139,0,139,2
2020-06-20,San Bernardino,071,2135413,13142,8718,8,8726,229
2020-06-20,San Diego,073,3302833,13198,10486,2,10488,338
2020-06-20,San Francisco,075,870044,3399,2999,1,3000,47
2020-06-20,San Joaquin,077,732212,3232,2046,4,2050,48
2020-06-20,San Luis Obispo,079,281455,568,405,3,408,1
2020-06-20,San Mateo,081,765935,3126,2755,4,2759,81
2020-06-20,Santa Barbara,083,443738,3264,2358,10,2368,21
2020-06-20,Santa Clara,085,1922200,4468,3435,8,3443,154
2020-06-20,Santa Cruz,087,273765,370,287,0,287,3
2020-06-20,Shasta,089,179085,138,66,0,66,5
2020-06-20,Sierra,091,2930,1,1,0,1,0
2020-06-20,Siskiyou,093,43540,28,22,0,22,0
2020-06-20,Solano,095,438530,1276,784,4,788,21
2020-06-20,Sonoma,097,501317,1080,806,1,807,4
2020-06-20,Stanislaus,099,539301,2590,1598,5,1603,35
2020-06-20,Sutter,101,95872,127,89,0,89,2
2020-06-20,Tehama,103,63373,62,35,2,37,1
2020-06-20,Trinity,105,12862,6,2,2,4,0
2020-06-20,Tulare,107,460477,4267,3172,4,3176,111
2020-06-20,Tuolumne,109,53932,14,8,1,9,0
2020-06-20,Ventura,111,848112,2865,1946,7,1953,37
2020-06-20,Yolo,113,214977,470,309,0,309,24
2020-06-20,Yuba,115,75493,43,34,0,34,1
2020-06-19,Alameda,001,1643700,5665,4646,6,4652,119
2020-06-19,Alpine,003,1148,2,1,0,1,0
2020-06-19,Amador,005,37829,14,12,0,12,0
2020-06-19,Butte,007,227075,157,91,6,97,1
2020-06-19,Calaveras,009,45235,37,20,0,20,0
2020-06-19,Colusa,011,21464,24,7,0,7,0
2020-06-19,Contra Costa,013,1133247,2698,2106,2,2108,54
2020-06-19,Del Norte,015,27424,47,46,0,46,0
2020-06-19,El Dorado,017,186661,186,124,0,124,0
2020-06-19,Fresno,019,978130,6079,3109,52,3161,61
2020-06-19,Glenn,021,27897,91,40,0,40,0
2020-06-19,Humboldt,023,135768,141,106,0,106,3
2020-06-19,Imperial,025,180216,6835,4504,5,4509,36
2020-06-19,Inyo,027,18085,27,26,0,26,1
2020-06-19,Kern,029,883053,5571,3742,10,3752,57
2020-06-19,Kings,031,150075,2276,1285,4,1289,9
2020-06-19,Lake,033,64148,46,36,0,36,0
2020-06-19,Lassen,035,31185,20,7,2,9,0
2020-06-19,Los Angeles,037,10098052,93363,79572,22,79594,3047
2020-06-19,Madera,039,155013,605,300,1,301,4
2020-06-19,Marin,041,260295,1511,829,4,833,17
2020-06-19,Mariposa,043,17540,21,18,0,18,1
2020-06-19,Mendocino,045,87422,69,48,0,48,0
2020-06-19,Merced,047,269075,988,529,0,529,8
2020-06-19,Modoc,049,8938,1,0,0,0,0
2020-06-19,Mono,051,14174,42,34,0,34,1
2020-06-19,Monterey,053,433212,1572,1159,4,1163,12
2020-06-19,Napa,055,140530,300,209,0,209,3
2020-06-19,Nevada,057,99092,102,71,1,72,1
2020-06-19,Orange,059,3164182,15405,9972,109,10081,260
2020-06-19,Placer,061,380077,649,464,1,465,9
2020-06-19,Plumas,063,18699,6,5,0,5,0
2020-06-19,Riverside,065,2383286,17055,12710,11,12721,398
2020-06-19,Sacramento,067,1510023,2616,1976,2,1978,64
2020-06-19,San Benito,069,59416,207,136,0,136,2
2020-06-19,San Bernardino,071,2135413,12736,8454,7,8461,226
2020-06-19,San Diego,073,3302833,12835,10352,2,10354,332
2020-06-19,San Francisco,075,870044,3344,2968,1,2969,47
2020-06-19,San Joaquin,077,732212,3109,1969,4,1973,48
2020-06-19,San Luis Obispo,079,281455,553,392,3,395,1
2020-06-19,San Mateo,081,765935,3087,2713,4,2717,81
2020-06-19,Santa Barbara,083,443738,3191,2284,8,2292,21
2020-06-19,Santa Clara,085,1922200,4394,3376,8,3384,154
2020-06-19,Santa Cruz,087,273765,360,283,0,283,3
2020-06-19,Shasta,089,179085,134,58,0,58,5
2020-06-19,Sierra,091,2930,1,1,0,1,0
2020-06-19,Siskiyou,093,43540,28,21,0,21,0
2020-06-19,Solano,095,438530,1238,755,4,759,21
2020-06-19,Sonoma,097,501317,1053,803,1,804,4
2020-06-19,Stanislaus,099,539301,2480,1549,5,1554,35
2020-06-19,Sutter,101,95872,126,89,0,89,2
2020-06-19,Tehama,103,63373,61,35,2,37,1
2020-06-19,Trinity,105,12862,6,2,2,4,0
2020-06-19,Tulare,107,460477,4195,3053,4,3057,107
2020-06-19,Tuolumne,109,53932,13,8,1,9,0
2020-06-19,Ventura,111,848112,2781,1865,7,1872,37
2020-06-19,Yolo,113,214977,451,303,0,303,24
2020-06-19,Yuba,115,75493,42,33,0,33,1
2020-06-18,Alameda,001,1643700,5536,4589,6,4595,118
2020-06-18,Alpine,003,1148,2,1,0,1,0
2020-06-18,Amador,005,37829,13,12,0,12,0
2020-06-18,Butte,007,227075,152,88,6,94,1
2020-06-18,Calaveras,009,45235,37,20,0,20,0
2020-06-18,Colusa,011,21464,20,7,0,7,0
2020-06-18,Contra Costa,013,1133247,2592,2072,2,2074,53
2020-06-18,Del Norte,015,27424,47,46,0,46,0
2020-06-18,El Dorado,017,186661,182,121,0,121,0
2020-06-18,Fresno,019,978130,5812,2947,51,2998,57
2020-06-18,Glenn,021,27897,82,35,0,35,0
2020-06-18,Humboldt,023,135768,140,106,0,106,3
2020-06-18,Imperial,025,180216,6686,4366,5,4371,36
2020-06-18,Inyo,027,18085,26,25,0,25,1
2020-06-18,Kern,029,883053,5353,3634,10,3644,57
2020-06-18,Kings,031,150075,2217,1141,4,1145,8
2020-06-18,Lake,033,64148,45,36,0,36,0
2020-06-18,Lassen,035,31185,19,5,2,7,0
2020-06-18,Los Angeles,037,10098052,91096,78244,22,78266,3009
2020-06-18,Madera,039,155013,570,288,1,289,4
2020-06-18,Marin,041,260295,1448,819,4,823,17
2020-06-18,Mariposa,043,17540,19,18,0,18,1
2020-06-18,Mendocino,045,87422,65,45,0,45,0
2020-06-18,Merced,047,269075,935,486,0,486,7
2020-06-18,Modoc,049,8938,1,0,0,0,0
2020-06-18,Mono,051,14174,42,34,0,34,1
2020-06-18,Monterey,053,433212,1505,1127,4,1131,12
2020-06-18,Napa,055,140530,285,205,0,205,3
2020-06-18,Nevada,057,99092,98,68,1,69,1
2020-06-18,Orange,059,3164182,14748,9597,91,9688,255
2020-06-18,Placer,061,380077,627,457,1,458,9
2020-06-18,Plumas,063,18699,6,5,0,5,0
2020-06-18,Riverside,065,2383286,16442,12410,11,12421,392
2020-06-18,Sacramento,067,1510023,2500,1938,2,1940,63
2020-06-18,San Benito,069,59416,201,134,0,134,2
2020-06-18,San Bernardino,071,2135413,12097,8141,7,8148,226
2020-06-18,San Diego,073,3302833,12413,10094,2,10096,331
2020-06-18,San Francisco,075,870044,3295,2951,1,2952,47
2020-06-18,San Joaquin,077,732212,2957,1908,4,1912,47
2020-06-18,San Luis Obispo,079,281455,534,378,3,381,1
2020-06-18,San Mateo,081,765935,3048,2674,4,2678,78
2020-06-18,Santa Barbara,083,443738,3117,2201,8,2209,19
2020-06-18,Santa Clara,085,1922200,4293,3338,8,3346,152
2020-06-18,Santa Cruz,087,273765,343,275,0,275,3
2020-06-18,Shasta,089,179085,123,51,0,51,4
2020-06-18,Sierra,091,2930,1,1,0,1,0
2020-06-18,Siskiyou,093,43540,28,18,0,18,0
2020-06-18,Solano,095,438530,1200,735,4,739,21
2020-06-18,Sonoma,097,501317,1011,789,1,790,4
2020-06-18,Stanislaus,099,539301,2346,1495,5,1500,35
2020-06-18,Sutter,101,95872,122,85,0,85,2
2020-06-18,Tehama,103,63373,56,31,2,33,1
2020-06-18,Trinity,105,12862,6,2,2,4,0
2020-06-18,Tulare,107,460477,4075,3005,4,3009,107
2020-06-18,Tuolumne,109,53932,12,8,1,9,0
2020-06-18,Ventura,111,848112,2655,1781,7,1788,37
2020-06-18,Yolo,113,214977,418,294,0,294,24
2020-06-18,Yuba,115,75493,41,32,0,32,1
2020-06-17,Alameda,001,1643700,5413,4485,6,4491,117
2020-06-17,Alpine,003,1148,2,1,0,1,0
2020-06-17,Amador,005,37829,12,10,0,10,0
2020-06-17,Butte,007,227075,143,81,6,87,1
2020-06-17,Calaveras,009,45235,37,20,0,20,0
2020-06-17,Colusa,011,21464,19,7,0,7,0
2020-06-17,Contra Costa,013,1133247,2495,2020,2,2022,45
2020-06-17,Del Norte,015,27424,47,45,0,45,0
2020-06-17,El Dorado,017,186661,175,116,0,116,0
2020-06-17,Fresno,019,978130,5588,2801,48,2849,56
2020-06-17,Glenn,021,27897,75,31,0,31,0
2020-06-17,Humboldt,023,135768,138,105,0,105,3
2020-06-17,Imperial,025,180216,6514,4108,5,4113,36
2020-06-17,Inyo,027,18085,25,25,0,25,1
2020-06-17,Kern,029,883053,5152,3547,10,3557,56
2020-06-17,Kings,031,150075,2187,1097,4,1101,7
2020-06-17,Lake,033,64148,44,32,0,32,0
2020-06-17,Lassen,035,31185,15,5,2,7,0
2020-06-17,Los Angeles,037,10098052,88789,77166,22,77188,2973
2020-06-17,Madera,039,155013,548,258,1,259,4
2020-06-17,Marin,041,260295,1256,771,3,774,17
2020-06-17,Mariposa,043,17540,18,18,0,18,1
2020-06-17,Mendocino,045,87422,63,42,0,42,0
2020-06-17,Merced,047,269075,863,460,0,460,7
2020-06-17,Modoc,049,8938,1,0,0,0,0
2020-06-17,Mono,051,14174,42,34,0,34,1
2020-06-17,Monterey,053,433212,1453,1077,4,1081,12
2020-06-17,Napa,055,140530,270,202,0,202,3
2020-06-17,Nevada,057,99092,94,57,1,58,1
2020-06-17,Orange,059,3164182,14145,9278,85,9363,230
2020-06-17,Placer,061,380077,605,427,1,428,9
2020-06-17,Plumas,063,18699,6,5,0,5,0
2020-06-17,Riverside,065,2383286,15809,11859,11,11870,370
2020-06-17,Sacramento,067,1510023,2393,1889,2,1891,63
2020-06-17,San Benito,069,59416,196,116,0,116,2
2020-06-17,San Bernardino,071,2135413,11545,7670,7,7677,225
2020-06-17,San Diego,073,3302833,12034,9856,2,9858,327
2020-06-17,San Francisco,075,870044,3256,2906,1,2907,46
2020-06-17,San Joaquin,077,732212,2785,1825,4,1829,46
2020-06-17,San Luis Obispo,079,281455,517,362,3,365,1
2020-06-17,San Mateo,081,765935,3001,2649,4,2653,78
2020-06-17,Santa Barbara,083,443738,3044,2147,6,2153,19
2020-06-17,Santa Clara,085,1922200,4202,3264,7,3271,148
2020-06-17,Santa Cruz,087,273765,337,265,0,265,2
2020-06-17,Shasta,089,179085,121,51,0,51,4
2020-06-17,Sierra,091,2930,1,1,0,1,0
2020-06-17,Siskiyou,093,43540,27,16,0,16,0
2020-06-17,Solano,095,438530,1150,722,4,726,21
2020-06-17,Sonoma,097,501317,986,748,1,749,4
2020-06-17,Stanislaus,099,539301,2223,1387,5,1392,35
2020-06-17,Sutter,101,95872,116,79,0,79,2
2020-06-17,Tehama,103,63373,41,24,2,26,1
2020-06-17,Trinity,105,12862,6,2,2,4,0
2020-06-17,Tulare,107,460477,3966,2882,4,2886,106
2020-06-17,Tuolumne,109,53932,12,7,1,8,0
2020-06-17,Ventura,111,848112,2555,1729,7,1736,37
2020-06-17,Yolo,113,214977,398,277,0,277,24
2020-06-17,Yuba,115,75493,40,30,0,30,1
2020-06-16,Alameda,001,1643700,5297,4428,6,4434,113
2020-06-16,Alpine,003,1148,2,1,0,1,0
2020-06-16,Amador,005,37829,12,10,0,10,0
2020-06-16,Butte,007,227075,139,79,6,85,1
2020-06-16,Calaveras,009,45235,34,19,0,19,0
2020-06-16,Colusa,011,21464,16,7,0,7,0
2020-06-16,Contra Costa,013,1133247,2404,1971,1,1972,45
2020-06-16,Del Norte,015,27424,47,45,0,45,0
2020-06-16,El Dorado,017,186661,169,115,0,115,0
2020-06-16,Fresno,019,978130,5351,2731,47,2778,50
2020-06-16,Glenn,021,27897,71,30,0,30,0
2020-06-16,Humboldt,023,135768,135,105,0,105,3
2020-06-16,Imperial,025,180216,6355,3939,5,3944,36
2020-06-16,Inyo,027,18085,25,24,0,24,1
2020-06-16,Kern,029,883053,4928,3496,10,3506,55
2020-06-16,Kings,031,150075,2141,1044,4,1048,6
2020-06-16,Lake,033,64148,44,31,0,31,0
2020-06-16,Lassen,035,31185,12,5,2,7,0
2020-06-16,Los Angeles,037,10098052,86467,75051,22,75073,2942
2020-06-16,Madera,039,155013,522,239,1,240,3
2020-06-16,Marin,041,260295,1203,725,3,728,17
2020-06-16,Mariposa,043,17540,18,17,0,17,1
2020-06-16,Mendocino,045,87422,62,35,0,35,0
2020-06-16,Merced,047,269075,815,436,0,436,7
2020-06-16,Modoc,049,8938,1,0,0,0,0
2020-06-16,Mono,051,14174,42,34,0,34,1
2020-06-16,Monterey,053,433212,1405,1019,4,1023,12
2020-06-16,Napa,055,140530,255,196,0,196,3
2020-06-16,Nevada,057,99092,91,53,1,54,1
2020-06-16,Orange,059,3164182,13562,9163,83,9246,223
2020-06-16,Placer,061,380077,571,392,1,393,9
2020-06-16,Plumas,063,18699,6,5,0,5,0
2020-06-16,Riverside,065,2383286,15134,11638,11,11649,364
2020-06-16,Sacramento,067,1510023,2284,1825,2,1827,60
2020-06-16,San Benito,069,59416,188,110,0,110,2
2020-06-16,San Bernardino,071,2135413,11002,7463,7,7470,225
2020-06-16,San Diego,073,3302833,11672,9732,1,9733,323
2020-06-16,San Francisco,075,870044,3205,2893,1,2894,46
2020-06-16,San Joaquin,077,732212,2633,1718,4,1722,47
2020-06-16,San Luis Obispo,079,281455,494,343,3,346,1
2020-06-16,San Mateo,081,765935,2947,2618,4,2622,77
2020-06-16,Santa Barbara,083,443738,2977,2090,6,2096,16
2020-06-16,Santa Clara,085,1922200,4095,3228,6,3234,148
2020-06-16,Santa Cruz,087,273765,321,257,0,257,2
2020-06-16,Shasta,089,179085,112,51,0,51,4
2020-06-16,Sierra,091,2930,1,1,0,1,0
2020-06-16,Siskiyou,093,43540,26,15,0,15,0
2020-06-16,Solano,095,438530,1060,694,4,698,19
2020-06-16,Sonoma,097,501317,954,739,1,740,4
2020-06-16,Stanislaus,099,539301,2070,1278,5,1283,36
2020-06-16,Sutter,101,95872,109,73,0,73,2
2020-06-16,Tehama,103,63373,37,24,2,26,1
2020-06-16,Trinity,105,12862,6,2,2,4,0
2020-06-16,Tulare,107,460477,3848,2802,4,2806,96
2020-06-16,Tuolumne,109,53932,12,7,1,8,0
2020-06-16,Ventura,111,848112,2454,1676,7,1683,37
2020-06-16,Yolo,113,214977,374,262,0,262,24
2020-06-16,Yuba,115,75493,39,29,0,29,1
2020-06-15,Alameda,001,1643700,5172,4323,6,4329,112
2020-06-15,Alpine,003,1148,2,1,0,1,0
2020-06-15,Amador,005,37829,12,10,0,10,0
2020-06-15,Butte,007,227075,131,78,6,84,1
2020-06-15,Calaveras,009,45235,34,18,0,18,0
2020-06-15,Colusa,011,21464,14,7,0,7,0
2020-06-15,Contra Costa,013,1133247,2327,1918,1,1919,43
2020-06-15,Del Norte,015,27424,47,45,0,45,0
2020-06-15,El Dorado,017,186661,159,114,0,114,0
2020-06-15,Fresno,019,978130,5139,2616,46,2662,48
2020-06-15,Glenn,021,27897,66,21,0,21,0
2020-06-15,Humboldt,023,135768,133,105,0,105,3
2020-06-15,Imperial,025,180216,6180,3726,5,3731,36
2020-06-15,Inyo,027,18085,25,23,0,23,1
2020-06-15,Kern,029,883053,4704,3417,10,3427,55
2020-06-15,Kings,031,150075,2064,1022,4,1026,6
2020-06-15,Lake,033,64148,44,31,0,31,0
2020-06-15,Lassen,035,31185,12,5,2,7,0
2020-06-15,Los Angeles,037,10098052,84278,73705,22,73727,2908
2020-06-15,Madera,039,155013,500,203,1,204,3
2020-06-15,Marin,041,260295,1036,708,3,711,17
2020-06-15,Mariposa,043,17540,18,17,0,17,1
2020-06-15,Mendocino,045,87422,53,33,0,33,0
2020-06-15,Merced,047,269075,769,414,0,414,7
2020-06-15,Modoc,049,8938,1,0,0,0,0
2020-06-15,Mono,051,14174,42,34,0,34,1
2020-06-15,Monterey,053,433212,1339,998,4,1002,12
2020-06-15,Napa,055,140530,247,187,0,187,3
2020-06-15,Nevada,057,99092,85,52,1,53,1
2020-06-15,Orange,059,3164182,12996,8944,76,9020,212
2020-06-15,Placer,061,380077,550,386,1,387,9
2020-06-15,Plumas,063,18699,6,4,0,4,0
2020-06-15,Riverside,065,2383286,14513,11376,11,11387,364
2020-06-15,Sacramento,067,1510023,2168,1791,2,1793,60
2020-06-15,San Benito,069,59416,182,108,0,108,2
2020-06-15,San Bernardino,071,2135413,10498,7189,7,7196,224
2020-06-15,San Diego,073,3302833,11332,9612,1,9613,320
2020-06-15,San Francisco,075,870044,3161,2833,1,2834,45
2020-06-15,San Joaquin,077,732212,2497,1667,4,1671,43
2020-06-15,San Luis Obispo,079,281455,480,332,3,335,1
2020-06-15,San Mateo,081,765935,2900,2591,4,2595,75
2020-06-15,Santa Barbara,083,443738,2909,2054,6,2060,16
2020-06-15,Santa Clara,085,1922200,3995,3204,6,3210,148
2020-06-15,Santa Cruz,087,273765,310,254,0,254,2
2020-06-15,Shasta,089,179085,106,50,0,50,4
2020-06-15,Sierra,091,2930,1,1,0,1,0
2020-06-15,Siskiyou,093,43540,25,14,0,14,0
2020-06-15,Solano,095,438530,1000,638,4,642,19
2020-06-15,Sonoma,097,501317,925,726,1,727,4
2020-06-15,Stanislaus,099,539301,1953,1253,5,1258,35
2020-06-15,Sutter,101,95872,99,71,0,71,2
2020-06-15,Tehama,103,63373,37,17,2,19,1
2020-06-15,Trinity,105,12862,5,2,2,4,0
2020-06-15,Tulare,107,460477,3734,2662,4,2666,96
2020-06-15,Tuolumne,109,53932,11,7,1,8,0
2020-06-15,Ventura,111,848112,2373,1656,7,1663,37
2020-06-15,Yolo,113,214977,354,255,0,255,24
2020-06-15,Yuba,115,75493,39,28,0,28,1
2020-06-14,Alameda,001,1643700,5027,4271,6,4277,112
2020-06-14,Alpine,003,1148,2,1,0,1,0
2020-06-14,Amador,005,37829,12,10,0,10,0
2020-06-14,Butte,007,227075,123,78,6,84,1
2020-06-14,Calaveras,009,45235,33,18,0,18,0
2020-06-14,Colusa,011,21464,13,7,0,7,0
2020-06-14,Contra Costa,013,1133247,2258,1893,1,1894,43
2020-06-14,Del Norte,015,27424,47,45,0,45,0
2020-06-14,El Dorado,017,186661,155,110,0,110,0
2020-06-14,Fresno,019,978130,4954,2585,45,2630,48
2020-06-14,Glenn,021,27897,51,21,0,21,0
2020-06-14,Humboldt,023,135768,129,105,0,105,3
2020-06-14,Imperial,025,180216,5948,3730,5,3735,36
2020-06-14,Inyo,027,18085,24,23,0,23,1
2020-06-14,Kern,029,883053,4493,3328,10,3338,55
2020-06-14,Kings,031,150075,2013,1022,4,1026,6
2020-06-14,Lake,033,64148,41,31,0,31,0
2020-06-14,Lassen,035,31185,12,5,2,7,0
2020-06-14,Los Angeles,037,10098052,81952,72932,22,72954,2887
2020-06-14,Madera,039,155013,482,203,1,204,3
2020-06-14,Marin,041,260295,871,689,2,691,17
2020-06-14,Mariposa,043,17540,18,16,0,16,1
2020-06-14,Mendocino,045,87422,50,33,0,33,0
2020-06-14,Merced,047,269075,718,403,0,403,7
2020-06-14,Modoc,049,8938,1,0,0,0,0
2020-06-14,Mono,051,14174,42,34,0,34,1
2020-06-14,Monterey,053,433212,1278,949,4,953,12
2020-06-14,Napa,055,140530,225,181,0,181,3
2020-06-14,Nevada,057,99092,81,52,1,53,1
2020-06-14,Orange,059,3164182,12570,8744,72,8816,211
2020-06-14,Placer,061,380077,524,369,1,370,9
2020-06-14,Plumas,063,18699,5,4,0,4,0
2020-06-14,Riverside,065,2383286,14070,11218,11,11229,364
2020-06-14,Sacramento,067,1510023,2081,1750,2,1752,60
2020-06-14,San Benito,069,59416,171,104,0,104,2
2020-06-14,San Bernardino,071,2135413,9957,7015,7,7022,224
2020-06-14,San Diego,073,3302833,10957,9442,1,9443,319
2020-06-14,San Francisco,075,870044,3121,2834,1,2835,45
2020-06-14,San Joaquin,077,732212,2346,1603,4,1607,43
2020-06-14,San Luis Obispo,079,281455,465,330,3,333,1
2020-06-14,San Mateo,081,765935,2843,2571,4,2575,75
2020-06-14,Santa Barbara,083,443738,2832,2049,6,2055,17
2020-06-14,Santa Clara,085,1922200,3901,3178,6,3184,148
2020-06-14,Santa Cruz,087,273765,296,254,0,254,2
2020-06-14,Shasta,089,179085,100,48,0,48,4
2020-06-14,Sierra,091,2930,1,1,0,1,0
2020-06-14,Siskiyou,093,43540,24,13,0,13,0
2020-06-14,Solano,095,438530,951,638,4,642,19
2020-06-14,Sonoma,097,501317,897,724,1,725,4
2020-06-14,Stanislaus,099,539301,1805,1159,5,1164,35
2020-06-14,Sutter,101,95872,94,63,0,63,2
2020-06-14,Tehama,103,63373,34,17,2,19,1
2020-06-14,Trinity,105,12862,5,2,2,4,0
2020-06-14,Tulare,107,460477,3602,2646,4,2650,96
2020-06-14,Tuolumne,109,53932,11,7,1,8,0
2020-06-14,Ventura,111,848112,2275,1610,6,1616,37
2020-06-14,Yolo,113,214977,338,254,0,254,24
2020-06-14,Yuba,115,75493,38,28,0,28,1
2020-06-13,Alameda,001,1643700,4964,4196,6,4202,112
2020-06-13,Alpine,003,1148,2,1,0,1,0
2020-06-13,Amador,005,37829,11,10,0,10,0
2020-06-13,Butte,007,227075,114,72,6,78,1
2020-06-13,Calaveras,009,45235,31,18,0,18,0
2020-06-13,Colusa,011,21464,12,7,0,7,0
2020-06-13,Contra Costa,013,1133247,2222,1868,1,1869,43
2020-06-13,Del Norte,015,27424,47,45,0,45,0
2020-06-13,El Dorado,017,186661,151,110,0,110,0
2020-06-13,Fresno,019,978130,4856,2499,45,2544,48
2020-06-13,Glenn,021,27897,49,21,0,21,0
2020-06-13,Humboldt,023,135768,128,104,0,104,3
2020-06-13,Imperial,025,180216,5875,3646,5,3651,36
2020-06-13,Inyo,027,18085,24,23,0,23,1
2020-06-13,Kern,029,883053,4384,3239,10,3249,55
2020-06-13,Kings,031,150075,1993,1023,4,1027,6
2020-06-13,Lake,033,64148,40,29,0,29,0
2020-06-13,Lassen,035,31185,12,5,2,7,0
2020-06-13,Los Angeles,037,10098052,80914,71938,21,71959,2874
2020-06-13,Madera,039,155013,478,203,1,204,3
2020-06-13,Marin,041,260295,840,677,2,679,17
2020-06-13,Mariposa,043,17540,18,16,0,16,1
2020-06-13,Mendocino,045,87422,50,33,0,33,0
2020-06-13,Merced,047,269075,700,376,0,376,7
2020-06-13,Modoc,049,8938,1,0,0,0,0
2020-06-13,Mono,051,14174,42,35,0,35,1
2020-06-13,Monterey,053,433212,1240,900,4,904,11
2020-06-13,Napa,055,140530,222,171,0,171,3
2020-06-13,Nevada,057,99092,79,52,1,53,1
2020-06-13,Orange,059,3164182,12327,8581,68,8649,211
2020-06-13,Placer,061,380077,507,346,1,347,9
2020-06-13,Plumas,063,18699,5,4,0,4,0
2020-06-13,Riverside,065,2383286,13790,10931,11,10942,364
2020-06-13,Sacramento,067,1510023,2027,1713,2,1715,60
2020-06-13,San Benito,069,59416,164,99,0,99,2
2020-06-13,San Bernardino,071,2135413,9732,6885,7,6892,224
2020-06-13,San Diego,073,3302833,10785,9316,1,9317,319
2020-06-13,San Francisco,075,870044,3101,2834,1,2835,44
2020-06-13,San Joaquin,077,732212,2265,1461,4,1465,43
2020-06-13,San Luis Obispo,079,281455,454,326,3,329,1
2020-06-13,San Mateo,081,765935,2820,2551,4,2555,75
2020-06-13,Santa Barbara,083,443738,2774,1999,6,2005,15
2020-06-13,Santa Clara,085,1922200,3859,3141,6,3147,148
2020-06-13,Santa Cruz,087,273765,290,254,0,254,2
2020-06-13,Shasta,089,179085,98,48,0,48,4
2020-06-13,Sierra,091,2930,1,1,0,1,0
2020-06-13,Siskiyou,093,43540,24,13,0,13,0
2020-06-13,Solano,095,438530,923,637,4,641,19
2020-06-13,Sonoma,097,501317,882,711,1,712,4
2020-06-13,Stanislaus,099,539301,1748,1122,5,1127,33
2020-06-13,Sutter,101,95872,93,62,0,62,2
2020-06-13,Tehama,103,63373,33,17,2,19,1
2020-06-13,Trinity,105,12862,5,2,2,4,0
2020-06-13,Tulare,107,460477,3570,2626,4,2630,96
2020-06-13,Tuolumne,109,53932,10,7,1,8,0
2020-06-13,Ventura,111,848112,2229,1567,6,1573,37
2020-06-13,Yolo,113,214977,317,251,0,251,24
2020-06-13,Yuba,115,75493,38,28,0,28,1
2020-06-12,Alameda,001,1643700,4891,4167,6,4173,109
2020-06-12,Alpine,003,1148,2,1,0,1,0
2020-06-12,Amador,005,37829,11,10,0,10,0
2020-06-12,Butte,007,227075,110,71,6,77,1
2020-06-12,Calaveras,009,45235,28,18,0,18,0
2020-06-12,Colusa,011,21464,12,7,0,7,0
2020-06-12,Contra Costa,013,1133247,2185,1827,1,1828,43
2020-06-12,Del Norte,015,27424,47,45,0,45,0
2020-06-12,El Dorado,017,186661,151,110,0,110,0
2020-06-12,Fresno,019,978130,4720,2428,45,2473,47
2020-06-12,Glenn,021,27897,46,21,0,21,0
2020-06-12,Humboldt,023,135768,126,105,0,105,3
2020-06-12,Imperial,025,180216,5791,3543,5,3548,36
2020-06-12,Inyo,027,18085,24,23,0,23,1
2020-06-12,Kern,029,883053,4267,3152,10,3162,54
2020-06-12,Kings,031,150075,1980,987,4,991,6
2020-06-12,Lake,033,64148,39,29,0,29,0
2020-06-12,Lassen,035,31185,12,5,2,7,0
2020-06-12,Los Angeles,037,10098052,79506,70385,21,70406,2814
2020-06-12,Madera,039,155013,453,187,1,188,3
2020-06-12,Marin,041,260295,837,649,2,651,17
2020-06-12,Mariposa,043,17540,18,16,0,16,1
2020-06-12,Mendocino,045,87422,50,33,0,33,0
2020-06-12,Merced,047,269075,665,372,0,372,7
2020-06-12,Modoc,049,8938,1,0,0,0,0
2020-06-12,Mono,051,14174,39,35,0,35,1
2020-06-12,Monterey,053,433212,1199,864,3,867,11
2020-06-12,Napa,055,140530,219,162,0,162,3
2020-06-12,Nevada,057,99092,73,52,1,53,1
2020-06-12,Orange,059,3164182,12022,8440,67,8507,203
2020-06-12,Placer,061,380077,491,333,1,334,9
2020-06-12,Plumas,063,18699,5,4,0,4,0
2020-06-12,Riverside,065,2383286,13453,10616,11,10627,364
2020-06-12,Sacramento,067,1510023,1972,1702,2,1704,60
2020-06-12,San Benito,069,59416,157,96,0,96,2
2020-06-12,San Bernardino,071,2135413,9464,6707,7,6714,223
2020-06-12,San Diego,073,3302833,10615,9132,1,9133,313
2020-06-12,San Francisco,075,870044,3067,2823,1,2824,44
2020-06-12,San Joaquin,077,732212,2185,1406,4,1410,43
2020-06-12,San Luis Obispo,079,281455,438,321,3,324,1
2020-06-12,San Mateo,081,765935,2785,2533,4,2537,75
2020-06-12,Santa Barbara,083,443738,2720,1969,6,1975,14
2020-06-12,Santa Clara,085,1922200,3817,3099,6,3105,149
2020-06-12,Santa Cruz,087,273765,282,251,0,251,2
2020-06-12,Shasta,089,179085,91,48,0,48,5
2020-06-12,Sierra,091,2930,1,1,0,1,0
2020-06-12,Siskiyou,093,43540,24,13,0,13,0
2020-06-12,Solano,095,438530,909,620,4,624,19
2020-06-12,Sonoma,097,501317,863,696,1,697,4
2020-06-12,Stanislaus,099,539301,1689,1092,5,1097,33
2020-06-12,Sutter,101,95872,92,56,0,56,2
2020-06-12,Tehama,103,63373,32,13,2,15,1
2020-06-12,Trinity,105,12862,5,2,2,4,0
2020-06-12,Tulare,107,460477,3516,2552,4,2556,95
2020-06-12,Tuolumne,109,53932,10,7,1,8,0
2020-06-12,Ventura,111,848112,2177,1534,6,1540,35
2020-06-12,Yolo,113,214977,305,243,0,243,24
2020-06-12,Yuba,115,75493,36,27,0,27,1
2020-06-11,Alameda,001,1643700,4761,4073,5,4078,108
2020-06-11,Alpine,003,1148,2,1,0,1,0
2020-06-11,Amador,005,37829,10,10,0,10,0
2020-06-11,Butte,007,227075,104,72,6,78,1
2020-06-11,Calaveras,009,45235,27,16,0,16,0
2020-06-11,Colusa,011,21464,12,7,0,7,0
2020-06-11,Contra Costa,013,1133247,2132,1797,1,1798,43
2020-06-11,Del Norte,015,27424,47,45,0,45,0
2020-06-11,El Dorado,017,186661,143,109,0,109,0
2020-06-11,Fresno,019,978130,4565,2338,45,2383,45
2020-06-11,Glenn,021,27897,42,21,0,21,0
2020-06-11,Humboldt,023,135768,122,113,0,113,3
2020-06-11,Imperial,025,180216,5635,3463,5,3468,36
2020-06-11,Inyo,027,18085,22,23,0,23,1
2020-06-11,Kern,029,883053,4115,3047,8,3055,54
2020-06-11,Kings,031,150075,1947,963,4,967,6
2020-06-11,Lake,033,64148,39,28,0,28,0
2020-06-11,Lassen,035,31185,12,5,2,7,0
2020-06-11,Los Angeles,037,10098052,77839,68807,20,68827,2800
2020-06-11,Madera,039,155013,435,178,1,179,3
2020-06-11,Marin,041,260295,789,637,2,639,17
2020-06-11,Mariposa,043,17540,18,16,0,16,1
2020-06-11,Mendocino,045,87422,41,35,0,35,0
2020-06-11,Merced,047,269075,625,370,0,370,7
2020-06-11,Modoc,049,8938,1,0,0,0,0
2020-06-11,Mono,051,14174,39,35,0,35,1
2020-06-11,Monterey,053,433212,1152,813,3,816,11
2020-06-11,Napa,055,140530,210,162,0,162,3
2020-06-11,Nevada,057,99092,67,50,1,51,1
2020-06-11,Orange,059,3164182,11714,8304,66,8370,188
2020-06-11,Placer,061,380077,471,321,1,322,9
2020-06-11,Plumas,063,18699,5,4,0,4,0
2020-06-11,Riverside,065,2383286,13101,10014,11,10025,361
2020-06-11,Sacramento,067,1510023,1924,1669,2,1671,60
2020-06-11,San Benito,069,59416,151,94,0,94,2
2020-06-11,San Bernardino,071,2135413,9167,6509,6,6515,221
2020-06-11,San Diego,073,3302833,10385,9000,0,9000,308
2020-06-11,San Francisco,075,870044,3038,2766,1,2767,44
2020-06-11,San Joaquin,077,732212,2073,1351,4,1355,43
2020-06-11,San Luis Obispo,079,281455,424,307,3,310,1
2020-06-11,San Mateo,081,765935,2747,2499,4,2503,74
2020-06-11,Santa Barbara,083,443738,2655,1895,6,1901,14
2020-06-11,Santa Clara,085,1922200,3751,3049,6,3055,149
2020-06-11,Santa Cruz,087,273765,278,247,0,247,2
2020-06-11,Shasta,089,179085,84,47,0,47,5
2020-06-11,Sierra,091,2930,1,1,0,1,0
2020-06-11,Siskiyou,093,43540,24,14,0,14,0
2020-06-11,Solano,095,438530,883,616,4,620,19
2020-06-11,Sonoma,097,501317,840,682,1,683,4
2020-06-11,Stanislaus,099,539301,1598,1062,5,1067,30
2020-06-11,Sutter,101,95872,89,56,0,56,2
2020-06-11,Tehama,103,63373,27,10,2,12,1
2020-06-11,Trinity,105,12862,4,2,2,4,0
2020-06-11,Tulare,107,460477,3417,2473,4,2477,95
2020-06-11,Tuolumne,109,53932,10,7,1,8,0
2020-06-11,Ventura,111,848112,2100,1491,6,1497,34
2020-06-11,Yolo,113,214977,297,230,0,230,24
2020-06-11,Yuba,115,75493,36,27,0,27,1
2020-06-10,Alameda,001,1643700,4661,4027,4,4031,107
2020-06-10,Alpine,003,1148,2,1,0,1,0
2020-06-10,Amador,005,37829,10,10,0,10,0
2020-06-10,Butte,007,227075,101,71,6,77,1
2020-06-10,Calaveras,009,45235,27,16,0,16,0
2020-06-10,Colusa,011,21464,11,7,0,7,0
2020-06-10,Contra Costa,013,1133247,2088,1778,1,1779,43
2020-06-10,Del Norte,015,27424,47,45,0,45,0
2020-06-10,El Dorado,017,186661,140,109,0,109,0
2020-06-10,Fresno,019,978130,4389,2324,45,2369,45
2020-06-10,Glenn,021,27897,39,21,0,21,0
2020-06-10,Humboldt,023,135768,118,112,0,112,3
2020-06-10,Imperial,025,180216,5487,3454,5,3459,36
2020-06-10,Inyo,027,18085,22,23,0,23,1
2020-06-10,Kern,029,883053,3990,3000,8,3008,54
2020-06-10,Kings,031,150075,1900,952,3,955,6
2020-06-10,Lake,033,64148,39,28,0,28,0
2020-06-10,Lassen,035,31185,12,5,2,7,0
2020-06-10,Los Angeles,037,10098052,76318,67018,20,67038,2752
2020-06-10,Madera,039,155013,421,176,1,177,3
2020-06-10,Marin,041,260295,757,633,2,635,17
2020-06-10,Mariposa,043,17540,17,16,0,16,1
2020-06-10,Mendocino,045,87422,40,35,0,35,0
2020-06-10,Merced,047,269075,592,370,0,370,7
2020-06-10,Modoc,049,8938,1,0,0,0,0
2020-06-10,Mono,051,14174,39,35,0,35,1
2020-06-10,Monterey,053,433212,1098,791,3,794,11
2020-06-10,Napa,055,140530,207,159,0,159,3
2020-06-10,Nevada,057,99092,65,50,1,51,1
2020-06-10,Orange,059,3164182,11438,8222,63,8285,184
2020-06-10,Placer,061,380077,445,309,1,310,9
2020-06-10,Plumas,063,18699,5,4,0,4,0
2020-06-10,Riverside,065,2383286,12778,9857,11,9868,361
2020-06-10,Sacramento,067,1510023,1885,1643,2,1645,59
2020-06-10,San Benito,069,59416,142,94,0,94,2
2020-06-10,San Bernardino,071,2135413,8875,6438,6,6444,219
2020-06-10,San Diego,073,3302833,10221,8839,0,8839,305
2020-06-10,San Francisco,075,870044,3013,2774,1,2775,44
2020-06-10,San Joaquin,077,732212,1944,1282,4,1286,41
2020-06-10,San Luis Obispo,079,281455,405,306,3,309,1
2020-06-10,San Mateo,081,765935,2706,2492,4,2496,74
2020-06-10,Santa Barbara,083,443738,2599,1878,6,1884,13
2020-06-10,Santa Clara,085,1922200,3700,3032,6,3038,149
2020-06-10,Santa Cruz,087,273765,274,242,0,242,2
2020-06-10,Shasta,089,179085,79,45,0,45,5
2020-06-10,Sierra,091,2930,1,1,0,1,0
2020-06-10,Siskiyou,093,43540,24,14,0,14,0
2020-06-10,Solano,095,438530,847,608,4,612,19
2020-06-10,Sonoma,097,501317,822,673,1,674,4
2020-06-10,Stanislaus,099,539301,1508,1030,5,1035,29
2020-06-10,Sutter,101,95872,88,56,0,56,2
2020-06-10,Tehama,103,63373,25,10,2,12,1
2020-06-10,Trinity,105,12862,4,2,2,4,0
2020-06-10,Tulare,107,460477,3325,2455,4,2459,95
2020-06-10,Tuolumne,109,53932,10,7,1,8,0
2020-06-10,Ventura,111,848112,2054,1446,5,1451,34
2020-06-10,Yolo,113,214977,289,226,0,226,24
2020-06-10,Yuba,115,75493,35,27,0,27,1
2020-06-09,Alameda,001,1643700,4551,3963,4,3967,103
2020-06-09,Alpine,003,1148,2,1,0,1,0
2020-06-09,Amador,005,37829,10,10,0,10,0
2020-06-09,Butte,007,227075,100,70,6,76,1
2020-06-09,Calaveras,009,45235,27,16,0,16,0
2020-06-09,Colusa,011,21464,10,7,0,7,0
2020-06-09,Contra Costa,013,1133247,2047,1744,1,1745,42
2020-06-09,Del Norte,015,27424,47,45,0,45,0
2020-06-09,El Dorado,017,186661,134,108,0,108,0
2020-06-09,Fresno,019,978130,4237,2278,45,2323,43
2020-06-09,Glenn,021,27897,38,19,0,19,0
2020-06-09,Humboldt,023,135768,116,113,0,113,2
2020-06-09,Imperial,025,180216,5335,3067,5,3072,36
2020-06-09,Inyo,027,18085,22,22,0,22,1
2020-06-09,Kern,029,883053,3862,2920,8,2928,51
2020-06-09,Kings,031,150075,1868,934,3,937,6
2020-06-09,Lake,033,64148,39,28,0,28,0
2020-06-09,Lassen,035,31185,12,5,2,7,0
2020-06-09,Los Angeles,037,10098052,74661,65827,20,65847,2692
2020-06-09,Madera,039,155013,406,172,1,173,3
2020-06-09,Marin,041,260295,721,616,2,618,17
2020-06-09,Mariposa,043,17540,17,16,0,16,1
2020-06-09,Mendocino,045,87422,36,35,0,35,0
2020-06-09,Merced,047,269075,563,349,0,349,7
2020-06-09,Modoc,049,8938,1,0,0,0,0
2020-06-09,Mono,051,14174,39,35,0,35,1
2020-06-09,Monterey,053,433212,1057,772,3,775,11
2020-06-09,Napa,055,140530,197,156,0,156,3
2020-06-09,Nevada,057,99092,57,50,1,51,1
2020-06-09,Orange,059,3164182,11197,7991,61,8052,174
2020-06-09,Placer,061,380077,432,301,1,302,9
2020-06-09,Plumas,063,18699,5,4,0,4,0
2020-06-09,Riverside,065,2383286,12400,9511,11,9522,354
2020-06-09,Sacramento,067,1510023,1831,1625,2,1627,59
2020-06-09,San Benito,069,59416,136,95,0,95,2
2020-06-09,San Bernardino,071,2135413,8551,6268,5,6273,217
2020-06-09,San Diego,073,3302833,10036,8731,0,8731,301
2020-06-09,San Francisco,075,870044,2988,2749,1,2750,44
2020-06-09,San Joaquin,077,732212,1838,1240,4,1244,41
2020-06-09,San Luis Obispo,079,281455,392,301,2,303,1
2020-06-09,San Mateo,081,765935,2675,2463,4,2467,74
2020-06-09,Santa Barbara,083,443738,2537,1854,6,1860,13
2020-06-09,Santa Clara,085,1922200,3633,3006,6,3012,147
2020-06-09,Santa Cruz,087,273765,268,237,0,237,2
2020-06-09,Shasta,089,179085,75,44,0,44,4
2020-06-09,Sierra,091,2930,1,1,0,1,0
2020-06-09,Siskiyou,093,43540,19,10,0,10,0
2020-06-09,Solano,095,438530,812,596,4,600,18
2020-06-09,Sonoma,097,501317,799,661,1,662,4
2020-06-09,Stanislaus,099,539301,1407,993,5,998,25
2020-06-09,Sutter,101,95872,85,56,0,56,2
2020-06-09,Tehama,103,63373,25,9,2,11,1
2020-06-09,Trinity,105,12862,4,2,2,4,0
2020-06-09,Tulare,107,460477,3259,2393,4,2397,91
2020-06-09,Tuolumne,109,53932,10,8,1,9,0
2020-06-09,Ventura,111,848112,1988,1407,5,1412,34
2020-06-09,Yolo,113,214977,278,226,0,226,24
2020-06-09,Yuba,115,75493,34,27,0,27,1
2020-06-08,Alameda,001,1643700,4471,3937,4,3941,103
2020-06-08,Alpine,003,1148,2,1,0,1,0
2020-06-08,Amador,005,37829,10,10,0,10,0
2020-06-08,Butte,007,227075,96,68,6,74,1
2020-06-08,Calaveras,009,45235,27,16,0,16,0
2020-06-08,Colusa,011,21464,9,7,0,7,0
2020-06-08,Contra Costa,013,1133247,2004,1714,1,1715,41
2020-06-08,Del Norte,015,27424,47,45,0,45,0
2020-06-08,El Dorado,017,186661,130,107,0,107,0
2020-06-08,Fresno,019,978130,4112,2194,44,2238,42
2020-06-08,Glenn,021,27897,36,17,0,17,0
2020-06-08,Humboldt,023,135768,116,112,0,112,2
2020-06-08,Imperial,025,180216,5183,3051,5,3056,21
2020-06-08,Inyo,027,18085,22,22,0,22,1
2020-06-08,Kern,029,883053,3731,2853,8,2861,49
2020-06-08,Kings,031,150075,1792,892,3,895,6
2020-06-08,Lake,033,64148,39,28,0,28,0
2020-06-08,Lassen,035,31185,12,4,2,6,0
2020-06-08,Los Angeles,037,10098052,73198,64634,20,64654,2640
2020-06-08,Madera,039,155013,376,154,1,155,3
2020-06-08,Marin,041,260295,680,596,2,598,17
2020-06-08,Mariposa,043,17540,16,16,0,16,1
2020-06-08,Mendocino,045,87422,34,32,0,32,0
2020-06-08,Merced,047,269075,529,331,0,331,7
2020-06-08,Modoc,049,8938,1,0,0,0,0
2020-06-08,Mono,051,14174,39,35,0,35,1
2020-06-08,Monterey,053,433212,1006,751,2,753,10
2020-06-08,Napa,055,140530,181,151,0,151,3
2020-06-08,Nevada,057,99092,56,50,1,51,1
2020-06-08,Orange,059,3164182,10944,7786,60,7846,160
2020-06-08,Placer,061,380077,415,290,1,291,9
2020-06-08,Plumas,063,18699,5,4,0,4,0
2020-06-08,Riverside,065,2383286,12031,9246,11,9257,347
2020-06-08,Sacramento,067,1510023,1781,1591,2,1593,59
2020-06-08,San Benito,069,59416,129,93,0,93,2
2020-06-08,San Bernardino,071,2135413,8230,6122,5,6127,214
2020-06-08,San Diego,073,3302833,9879,8621,0,8621,296
2020-06-08,San Francisco,075,870044,2961,2715,1,2716,43
2020-06-08,San Joaquin,077,732212,1731,1198,4,1202,40
2020-06-08,San Luis Obispo,079,281455,386,300,2,302,1
2020-06-08,San Mateo,081,765935,2644,2431,3,2434,74
2020-06-08,Santa Barbara,083,443738,2474,1824,6,1830,13
2020-06-08,Santa Clara,085,1922200,3588,2971,6,2977,146
2020-06-08,Santa Cruz,087,273765,267,234,0,234,2
2020-06-08,Shasta,089,179085,71,43,0,43,4
2020-06-08,Sierra,091,2930,1,1,0,1,0
2020-06-08,Siskiyou,093,43540,19,8,0,8,0
2020-06-08,Solano,095,438530,785,560,4,564,19
2020-06-08,Sonoma,097,501317,783,654,1,655,4
2020-06-08,Stanislaus,099,539301,1325,956,5,961,28
2020-06-08,Sutter,101,95872,78,55,0,55,2
2020-06-08,Tehama,103,63373,19,8,2,10,1
2020-06-08,Trinity,105,12862,4,2,2,4,0
2020-06-08,Tulare,107,460477,3176,2301,4,2305,91
2020-06-08,Tuolumne,109,53932,9,8,1,9,0
2020-06-08,Ventura,111,848112,1930,1382,5,1387,30
2020-06-08,Yolo,113,214977,267,228,0,228,24
2020-06-08,Yuba,115,75493,32,27,0,27,1
2020-06-07,Alameda,001,1643700,4358,3866,4,3870,102
2020-06-07,Alpine,003,1148,2,1,0,1,0
2020-06-07,Amador,005,37829,10,10,0,10,0
2020-06-07,Butte,007,227075,94,64,5,69,1
2020-06-07,Calaveras,009,45235,25,16,0,16,0
2020-06-07,Colusa,011,21464,9,7,0,7,0
2020-06-07,Contra Costa,013,1133247,1953,1653,0,1653,38
2020-06-07,Del Norte,015,27424,45,45,0,45,0
2020-06-07,El Dorado,017,186661,130,104,0,104,0
2020-06-07,Fresno,019,978130,3982,2144,44,2188,41
2020-06-07,Glenn,021,27897,29,16,0,16,0
2020-06-07,Humboldt,023,135768,116,112,0,112,2
2020-06-07,Imperial,025,180216,5032,3048,5,3053,19
2020-06-07,Inyo,027,18085,22,21,0,21,1
2020-06-07,Kern,029,883053,3601,2771,8,2779,46
2020-06-07,Kings,031,150075,1743,882,3,885,6
2020-06-07,Lake,033,64148,36,28,0,28,0
2020-06-07,Lassen,035,31185,11,4,2,6,0
2020-06-07,Los Angeles,037,10098052,71496,63750,20,63770,2629
2020-06-07,Madera,039,155013,359,149,1,150,3
2020-06-07,Marin,041,260295,666,584,2,586,17
2020-06-07,Mariposa,043,17540,16,16,0,16,1
2020-06-07,Mendocino,045,87422,34,32,0,32,0
2020-06-07,Merced,047,269075,496,318,0,318,7
2020-06-07,Modoc,049,8938,1,0,0,0,0
2020-06-07,Mono,051,14174,39,35,0,35,1
2020-06-07,Monterey,053,433212,959,732,2,734,10
2020-06-07,Napa,055,140530,173,142,0,142,3
2020-06-07,Nevada,057,99092,55,50,1,51,1
2020-06-07,Orange,059,3164182,10687,7643,58,7701,158
2020-06-07,Placer,061,380077,392,273,1,274,9
2020-06-07,Plumas,063,18699,5,4,0,4,0
2020-06-07,Riverside,065,2383286,11735,9105,11,9116,344
2020-06-07,Sacramento,067,1510023,1733,1568,2,1570,59
2020-06-07,San Benito,069,59416,126,92,0,92,2
2020-06-07,San Bernardino,071,2135413,7945,6033,5,6038,214
2020-06-07,San Diego,073,3302833,9700,8478,0,8478,296
2020-06-07,San Francisco,075,870044,2917,2674,0,2674,43
2020-06-07,San Joaquin,077,732212,1630,1126,4,1130,37
2020-06-07,San Luis Obispo,079,281455,376,296,2,298,1
2020-06-07,San Mateo,081,765935,2617,2399,3,2402,73
2020-06-07,Santa Barbara,083,443738,2413,1818,6,1824,13
2020-06-07,Santa Clara,085,1922200,3537,2947,6,2953,146
2020-06-07,Santa Cruz,087,273765,259,230,0,230,2
2020-06-07,Shasta,089,179085,70,41,0,41,4
2020-06-07,Sierra,091,2930,1,1,0,1,0
2020-06-07,Siskiyou,093,43540,19,8,0,8,0
2020-06-07,Solano,095,438530,762,560,4,564,19
2020-06-07,Sonoma,097,501317,752,639,1,640,4
2020-06-07,Stanislaus,099,539301,1245,905,5,910,28
2020-06-07,Sutter,101,95872,70,55,0,55,2
2020-06-07,Tehama,103,63373,16,8,2,10,1
2020-06-07,Trinity,105,12862,3,2,2,4,0
2020-06-07,Tulare,107,460477,3054,2219,4,2223,90
2020-06-07,Tuolumne,109,53932,9,4,1,5,0
2020-06-07,Ventura,111,848112,1865,1337,5,1342,30
2020-06-07,Yolo,113,214977,257,224,0,224,24
2020-06-07,Yuba,115,75493,32,27,0,27,1
2020-06-06,Alameda,001,1643700,4313,3801,4,3805,102
2020-06-06,Alpine,003,1148,2,1,0,1,0
2020-06-06,Amador,005,37829,10,10,0,10,0
2020-06-06,Butte,007,227075,93,63,5,68,1
2020-06-06,Calaveras,009,45235,23,16,0,16,0
2020-06-06,Colusa,011,21464,9,7,0,7,0
2020-06-06,Contra Costa,013,1133247,1932,1619,0,1619,37
2020-06-06,Del Norte,015,27424,45,45,0,45,0
2020-06-06,El Dorado,017,186661,127,104,0,104,0
2020-06-06,Fresno,019,978130,3928,2117,44,2161,41
2020-06-06,Glenn,021,27897,27,16,0,16,0
2020-06-06,Humboldt,023,135768,116,112,0,112,2
2020-06-06,Imperial,025,180216,4956,3047,5,3052,19
2020-06-06,Inyo,027,18085,22,21,0,21,1
2020-06-06,Kern,029,883053,3531,2695,8,2703,46
2020-06-06,Kings,031,150075,1724,882,3,885,6
2020-06-06,Lake,033,64148,36,28,0,28,0
2020-06-06,Lassen,035,31185,11,4,2,6,0
2020-06-06,Los Angeles,037,10098052,70749,62269,20,62289,2607
2020-06-06,Madera,039,155013,350,149,1,150,3
2020-06-06,Marin,041,260295,661,556,2,558,17
2020-06-06,Mariposa,043,17540,16,16,0,16,1
2020-06-06,Mendocino,045,87422,34,32,0,32,0
2020-06-06,Merced,047,269075,494,315,0,315,7
2020-06-06,Modoc,049,8938,1,0,0,0,0
2020-06-06,Mono,051,14174,39,35,0,35,1
2020-06-06,Monterey,053,433212,935,679,2,681,10
2020-06-06,Napa,055,140530,167,136,0,136,3
2020-06-06,Nevada,057,99092,54,50,1,51,1
2020-06-06,Orange,059,3164182,10528,7576,57,7633,157
2020-06-06,Placer,061,380077,380,270,1,271,9
2020-06-06,Plumas,063,18699,5,4,0,4,0
2020-06-06,Riverside,065,2383286,11556,8935,11,8946,345
2020-06-06,Sacramento,067,1510023,1710,1533,2,1535,59
2020-06-06,San Benito,069,59416,116,92,0,92,2
2020-06-06,San Bernardino,071,2135413,7797,5946,5,5951,214
2020-06-06,San Diego,073,3302833,9579,8347,0,8347,296
2020-06-06,San Francisco,075,870044,2902,2674,0,2674,43
2020-06-06,San Joaquin,077,732212,1590,1076,4,1080,37
2020-06-06,San Luis Obispo,079,281455,370,295,2,297,1
2020-06-06,San Mateo,081,765935,2602,2342,3,2345,72
2020-06-06,Santa Barbara,083,443738,2373,1815,6,1821,13
2020-06-06,Santa Clara,085,1922200,3496,2934,6,2940,144
2020-06-06,Santa Cruz,087,273765,257,226,0,226,2
2020-06-06,Shasta,089,179085,70,40,0,40,4
2020-06-06,Sierra,091,2930,1,1,0,1,0
2020-06-06,Siskiyou,093,43540,17,8,0,8,0
2020-06-06,Solano,095,438530,747,560,4,564,19
2020-06-06,Sonoma,097,501317,740,622,1,623,4
2020-06-06,Stanislaus,099,539301,1211,858,5,863,27
2020-06-06,Sutter,101,95872,70,51,0,51,2
2020-06-06,Tehama,103,63373,15,8,2,10,1
2020-06-06,Trinity,105,12862,3,2,1,3,0
2020-06-06,Tulare,107,460477,3021,2213,4,2217,90
2020-06-06,Tuolumne,109,53932,9,4,1,5,0
2020-06-06,Ventura,111,848112,1841,1303,5,1308,30
2020-06-06,Yolo,113,214977,255,223,0,223,24
2020-06-06,Yuba,115,75493,32,27,0,27,1
2020-06-05,Alameda,001,1643700,4262,3734,4,3738,102
2020-06-05,Alpine,003,1148,2,1,0,1,0
2020-06-05,Amador,005,37829,10,10,0,10,0
2020-06-05,Butte,007,227075,90,61,5,66,1
2020-06-05,Calaveras,009,45235,22,16,0,16,0
2020-06-05,Colusa,011,21464,9,7,0,7,0
2020-06-05,Contra Costa,013,1133247,1917,1575,0,1575,37
2020-06-05,Del Norte,015,27424,45,45,0,45,0
2020-06-05,El Dorado,017,186661,126,101,0,101,0
2020-06-05,Fresno,019,978130,3864,2051,43,2094,38
2020-06-05,Glenn,021,27897,25,16,0,16,0
2020-06-05,Humboldt,023,135768,115,111,0,111,2
2020-06-05,Imperial,025,180216,4850,2778,5,2783,19
2020-06-05,Inyo,027,18085,22,21,0,21,1
2020-06-05,Kern,029,883053,3442,2624,8,2632,46
2020-06-05,Kings,031,150075,1709,865,3,868,6
2020-06-05,Lake,033,64148,35,28,0,28,0
2020-06-05,Lassen,035,31185,10,4,2,6,0
2020-06-05,Los Angeles,037,10098052,69602,60955,20,60975,2553
2020-06-05,Madera,039,155013,328,144,1,145,3
2020-06-05,Marin,041,260295,652,546,2,548,17
2020-06-05,Mariposa,043,17540,16,16,0,16,1
2020-06-05,Mendocino,045,87422,34,32,0,32,0
2020-06-05,Merced,047,269075,492,309,0,309,7
2020-06-05,Modoc,049,8938,1,0,0,0,0
2020-06-05,Mono,051,14174,39,35,0,35,1
2020-06-05,Monterey,053,433212,903,649,2,651,10
2020-06-05,Napa,055,140530,164,123,0,123,3
2020-06-05,Nevada,057,99092,54,50,1,51,1
2020-06-05,Orange,059,3164182,10333,7391,55,7446,153
2020-06-05,Placer,061,380077,370,265,1,266,9
2020-06-05,Plumas,063,18699,5,4,0,4,0
2020-06-05,Riverside,065,2383286,11296,8700,11,8711,345
2020-06-05,Sacramento,067,1510023,1688,1514,2,1516,59
2020-06-05,San Benito,069,59416,114,92,0,92,2
2020-06-05,San Bernardino,071,2135413,7614,5869,4,5873,212
2020-06-05,San Diego,073,3302833,9464,8182,0,8182,294
2020-06-05,San Francisco,075,870044,2884,2675,0,2675,43
2020-06-05,San Joaquin,077,732212,1511,1046,4,1050,36
2020-06-05,San Luis Obispo,079,281455,363,293,2,295,1
2020-06-05,San Mateo,081,765935,2577,2331,3,2334,72
2020-06-05,Santa Barbara,083,443738,2337,1795,6,1801,13
2020-06-05,Santa Clara,085,1922200,3471,2902,6,2908,144
2020-06-05,Santa Cruz,087,273765,254,222,0,222,2
2020-06-05,Shasta,089,179085,69,40,0,40,4
2020-06-05,Sierra,091,2930,1,1,0,1,0
2020-06-05,Siskiyou,093,43540,15,8,0,8,0
2020-06-05,Solano,095,438530,740,558,4,562,19
2020-06-05,Sonoma,097,501317,719,618,1,619,4
2020-06-05,Stanislaus,099,539301,1178,842,5,847,27
2020-06-05,Sutter,101,95872,70,49,0,49,2
2020-06-05,Tehama,103,63373,15,7,2,9,1
2020-06-05,Trinity,105,12862,3,1,1,2,0
2020-06-05,Tulare,107,460477,2972,2180,4,2184,90
2020-06-05,Tuolumne,109,53932,9,4,1,5,0
2020-06-05,Ventura,111,848112,1808,1274,5,1279,30
2020-06-05,Yolo,113,214977,254,216,0,216,24
2020-06-05,Yuba,115,75493,32,27,0,27,1
2020-06-04,Alameda,001,1643700,4163,3643,4,3647,99
2020-06-04,Alpine,003,1148,2,1,0,1,0
2020-06-04,Amador,005,37829,10,10,0,10,0
2020-06-04,Butte,007,227075,86,57,4,61,1
2020-06-04,Calaveras,009,45235,22,15,0,15,0
2020-06-04,Colusa,011,21464,9,7,0,7,0
2020-06-04,Contra Costa,013,1133247,1859,1551,0,1551,37
2020-06-04,Del Norte,015,27424,45,45,0,45,0
2020-06-04,El Dorado,017,186661,124,101,0,101,0
2020-06-04,Fresno,019,978130,3758,2007,43,2050,35
2020-06-04,Glenn,021,27897,22,16,0,16,0
2020-06-04,Humboldt,023,135768,115,109,0,109,2
2020-06-04,Imperial,025,180216,4667,2631,5,2636,19
2020-06-04,Inyo,027,18085,22,20,0,20,1
2020-06-04,Kern,029,883053,3326,2530,8,2538,46
2020-06-04,Kings,031,150075,1639,842,3,845,6
2020-06-04,Lake,033,64148,34,27,0,27,0
2020-06-04,Lassen,035,31185,8,4,2,6,0
2020-06-04,Los Angeles,037,10098052,68134,59596,20,59616,2515
2020-06-04,Madera,039,155013,320,127,1,128,3
2020-06-04,Marin,041,260295,630,533,2,535,14
2020-06-04,Mariposa,043,17540,16,16,0,16,1
2020-06-04,Mendocino,045,87422,34,29,0,29,0
2020-06-04,Merced,047,269075,472,304,0,304,7
2020-06-04,Modoc,049,8938,1,0,0,0,0
2020-06-04,Mono,051,14174,39,35,0,35,1
2020-06-04,Monterey,053,433212,868,621,1,622,10
2020-06-04,Napa,055,140530,160,117,0,117,3
2020-06-04,Nevada,057,99092,53,49,1,50,1
2020-06-04,Orange,059,3164182,10081,7192,54,7246,148
2020-06-04,Placer,061,380077,353,256,1,257,9
2020-06-04,Plumas,063,18699,4,4,0,4,0
2020-06-04,Riverside,065,2383286,11018,8473,11,8484,341
2020-06-04,Sacramento,067,1510023,1661,1492,2,1494,58
2020-06-04,San Benito,069,59416,112,88,0,88,2
2020-06-04,San Bernardino,071,2135413,7346,5726,4,5730,207
2020-06-04,San Diego,073,3302833,9301,7942,0,7942,288
2020-06-04,San Francisco,075,870044,2851,2636,0,2636,43
2020-06-04,San Joaquin,077,732212,1449,1016,4,1020,36
2020-06-04,San Luis Obispo,079,281455,355,288,2,290,1
2020-06-04,San Mateo,081,765935,2551,2284,3,2287,72
2020-06-04,Santa Barbara,083,443738,2297,1750,6,1756,13
2020-06-04,Santa Clara,085,1922200,3439,2871,6,2877,144
2020-06-04,Santa Cruz,087,273765,248,218,0,218,2
2020-06-04,Shasta,089,179085,63,40,0,40,4
2020-06-04,Sierra,091,2930,1,1,0,1,0
2020-06-04,Siskiyou,093,43540,14,8,0,8,0
2020-06-04,Solano,095,438530,723,551,4,555,19
2020-06-04,Sonoma,097,501317,700,591,1,592,4
2020-06-04,Stanislaus,099,539301,1102,806,5,811,28
2020-06-04,Sutter,101,95872,65,46,0,46,2
2020-06-04,Tehama,103,63373,14,6,1,7,1
2020-06-04,Trinity,105,12862,3,1,1,2,0
2020-06-04,Tulare,107,460477,2856,2086,4,2090,90
2020-06-04,Tuolumne,109,53932,8,4,1,5,0
2020-06-04,Ventura,111,848112,1765,1236,5,1241,30
2020-06-04,Yolo,113,214977,249,216,0,216,24
2020-06-04,Yuba,115,75493,31,27,0,27,1
2020-06-03,Alameda,001,1643700,4104,3589,3,3592,99
2020-06-03,Alpine,003,1148,2,1,0,1,0
2020-06-03,Amador,005,37829,10,10,0,10,0
2020-06-03,Butte,007,227075,84,53,4,57,1
2020-06-03,Calaveras,009,45235,21,15,0,15,0
2020-06-03,Colusa,011,21464,9,7,0,7,0
2020-06-03,Contra Costa,013,1133247,1811,1511,0,1511,37
2020-06-03,Del Norte,015,27424,45,39,0,39,0
2020-06-03,El Dorado,017,186661,121,90,0,90,0
2020-06-03,Fresno,019,978130,3661,1943,43,1986,35
2020-06-03,Glenn,021,27897,22,16,0,16,0
2020-06-03,Humboldt,023,135768,115,103,0,103,2
2020-06-03,Imperial,025,180216,4495,2540,5,2545,19
2020-06-03,Inyo,027,18085,22,20,0,20,1
2020-06-03,Kern,029,883053,3230,2452,8,2460,44
2020-06-03,Kings,031,150075,1574,744,3,747,6
2020-06-03,Lake,033,64148,32,26,0,26,0
2020-06-03,Lassen,035,31185,8,4,2,6,0
2020-06-03,Los Angeles,037,10098052,66527,58166,20,58186,2472
2020-06-03,Madera,039,155013,312,117,1,118,3
2020-06-03,Marin,041,260295,612,527,2,529,14
2020-06-03,Mariposa,043,17540,16,16,0,16,1
2020-06-03,Mendocino,045,87422,33,29,0,29,0
2020-06-03,Merced,047,269075,458,299,0,299,7
2020-06-03,Modoc,049,8938,1,0,0,0,0
2020-06-03,Mono,051,14174,39,35,0,35,1
2020-06-03,Monterey,053,433212,840,592,1,593,10
2020-06-03,Napa,055,140530,159,116,0,116,3
2020-06-03,Nevada,057,99092,52,43,1,44,1
2020-06-03,Orange,059,3164182,9853,6939,53,6992,145
2020-06-03,Placer,061,380077,335,243,1,244,9
2020-06-03,Plumas,063,18699,4,4,0,4,0
2020-06-03,Riverside,065,2383286,10743,8208,11,8219,335
2020-06-03,Sacramento,067,1510023,1631,1457,2,1459,58
2020-06-03,San Benito,069,59416,106,88,0,88,2
2020-06-03,San Bernardino,071,2135413,7123,5565,4,5569,203
2020-06-03,San Diego,073,3302833,9153,7800,0,7800,283
2020-06-03,San Francisco,075,870044,2820,2608,0,2608,43
2020-06-03,San Joaquin,077,732212,1384,1004,4,1008,35
2020-06-03,San Luis Obispo,079,281455,350,279,2,281,1
2020-06-03,San Mateo,081,765935,2523,2243,3,2246,71
2020-06-03,Santa Barbara,083,443738,2254,1722,6,1728,12
2020-06-03,Santa Clara,085,1922200,3399,2836,6,2842,144
2020-06-03,Santa Cruz,087,273765,242,217,0,217,2
2020-06-03,Shasta,089,179085,60,40,0,40,4
2020-06-03,Sierra,091,2930,1,1,0,1,0
2020-06-03,Siskiyou,093,43540,13,8,0,8,0
2020-06-03,Solano,095,438530,698,543,2,545,18
2020-06-03,Sonoma,097,501317,688,578,1,579,4
2020-06-03,Stanislaus,099,539301,1062,780,5,785,27
2020-06-03,Sutter,101,95872,57,45,0,45,2
2020-06-03,Tehama,103,63373,14,6,1,7,1
2020-06-03,Trinity,105,12862,3,1,1,2,0
2020-06-03,Tulare,107,460477,2787,2041,4,2045,88
2020-06-03,Tuolumne,109,53932,6,4,1,5,0
2020-06-03,Ventura,111,848112,1701,1202,5,1207,30
2020-06-03,Yolo,113,214977,245,213,0,213,24
2020-06-03,Yuba,115,75493,31,27,0,27,1
2020-06-02,Alameda,001,1643700,4028,3517,3,3520,99
2020-06-02,Alpine,003,1148,2,1,0,1,0
2020-06-02,Amador,005,37829,10,10,0,10,0
2020-06-02,Butte,007,227075,80,51,3,54,1
2020-06-02,Calaveras,009,45235,21,15,0,15,0
2020-06-02,Colusa,011,21464,9,7,0,7,0
2020-06-02,Contra Costa,013,1133247,1779,1505,0,1505,37
2020-06-02,Del Norte,015,27424,45,39,0,39,0
2020-06-02,El Dorado,017,186661,120,88,0,88,0
2020-06-02,Fresno,019,978130,3549,1917,43,1960,34
2020-06-02,Glenn,021,27897,21,16,0,16,0
2020-06-02,Humboldt,023,135768,115,101,0,101,2
2020-06-02,Imperial,025,180216,4302,2459,5,2464,19
2020-06-02,Inyo,027,18085,20,20,0,20,1
2020-06-02,Kern,029,883053,3131,2406,6,2412,41
2020-06-02,Kings,031,150075,1546,720,3,723,5
2020-06-02,Lake,033,64148,32,25,0,25,0
2020-06-02,Lassen,035,31185,7,4,2,6,0
2020-06-02,Los Angeles,037,10098052,65124,57144,20,57164,2430
2020-06-02,Madera,039,155013,291,110,1,111,2
2020-06-02,Marin,041,260295,585,509,2,511,14
2020-06-02,Mariposa,043,17540,16,16,0,16,1
2020-06-02,Mendocino,045,87422,33,29,0,29,0
2020-06-02,Merced,047,269075,442,297,0,297,6
2020-06-02,Modoc,049,8938,1,0,0,0,0
2020-06-02,Mono,051,14174,39,35,0,35,1
2020-06-02,Monterey,053,433212,810,582,1,583,10
2020-06-02,Napa,055,140530,150,116,0,116,3
2020-06-02,Nevada,057,99092,51,41,1,42,1
2020-06-02,Orange,059,3164182,9652,6790,52,6842,142
2020-06-02,Placer,061,380077,322,226,1,227,9
2020-06-02,Plumas,063,18699,4,4,0,4,0
2020-06-02,Riverside,065,2383286,10448,8091,10,8101,330
2020-06-02,Sacramento,067,1510023,1602,1428,2,1430,58
2020-06-02,San Benito,069,59416,105,86,0,86,2
2020-06-02,San Bernardino,071,2135413,6917,5438,4,5442,202
2020-06-02,San Diego,073,3302833,9007,7676,0,7676,276
2020-06-02,San Francisco,075,870044,2785,2554,0,2554,43
2020-06-02,San Joaquin,077,732212,1318,985,4,989,35
2020-06-02,San Luis Obispo,079,281455,345,275,2,277,1
2020-06-02,San Mateo,081,765935,2488,2203,3,2206,71
2020-06-02,Santa Barbara,083,443738,2209,1703,6,1709,12
2020-06-02,Santa Clara,085,1922200,3349,2819,6,2825,144
2020-06-02,Santa Cruz,087,273765,237,215,0,215,2
2020-06-02,Shasta,089,179085,59,38,0,38,4
2020-06-02,Sierra,091,2930,1,1,0,1,0
2020-06-02,Siskiyou,093,43540,12,8,0,8,0
2020-06-02,Solano,095,438530,683,537,1,538,18
2020-06-02,Sonoma,097,501317,677,571,1,572,4
2020-06-02,Stanislaus,099,539301,1003,772,5,777,27
2020-06-02,Sutter,101,95872,54,43,0,43,2
2020-06-02,Tehama,103,63373,14,6,1,7,1
2020-06-02,Trinity,105,12862,3,1,1,2,0
2020-06-02,Tulare,107,460477,2707,2012,4,2016,86
2020-06-02,Tuolumne,109,53932,6,4,1,5,0
2020-06-02,Ventura,111,848112,1650,1178,5,1183,30
2020-06-02,Yolo,113,214977,243,213,0,213,24
2020-06-02,Yuba,115,75493,31,27,0,27,1
2020-06-01,Alameda,001,1643700,3963,3460,3,3463,98
2020-06-01,Alpine,003,1148,2,1,0,1,0
2020-06-01,Amador,005,37829,10,10,0,10,0
2020-06-01,Butte,007,227075,79,50,2,52,1
2020-06-01,Calaveras,009,45235,21,15,0,15,0
2020-06-01,Colusa,011,21464,9,7,0,7,0
2020-06-01,Contra Costa,013,1133247,1743,1486,0,1486,37
2020-06-01,Del Norte,015,27424,45,38,0,38,0
2020-06-01,El Dorado,017,186661,118,88,0,88,0
2020-06-01,Fresno,019,978130,3454,1854,41,1895,33
2020-06-01,Glenn,021,27897,21,16,0,16,0
2020-06-01,Humboldt,023,135768,115,98,0,98,2
2020-06-01,Imperial,025,180216,4079,2366,5,2371,14
2020-06-01,Inyo,027,18085,20,20,0,20,1
2020-06-01,Kern,029,883053,3048,2366,6,2372,38
2020-06-01,Kings,031,150075,1278,703,3,706,4
2020-06-01,Lake,033,64148,32,22,0,22,0
2020-06-01,Lassen,035,31185,7,4,2,6,0
2020-06-01,Los Angeles,037,10098052,63659,55899,20,55919,2367
2020-06-01,Madera,039,155013,279,103,1,104,2
2020-06-01,Marin,041,260295,544,495,2,497,14
2020-06-01,Mariposa,043,17540,16,16,0,16,1
2020-06-01,Mendocino,045,87422,33,28,0,28,0
2020-06-01,Merced,047,269075,423,289,0,289,6
2020-06-01,Modoc,049,8938,1,0,0,0,0
2020-06-01,Mono,051,14174,39,35,0,35,1
2020-06-01,Monterey,053,433212,785,554,1,555,10
2020-06-01,Napa,055,140530,147,114,0,114,3
2020-06-01,Nevada,057,99092,51,41,1,42,1
2020-06-01,Orange,059,3164182,9456,6640,51,6691,135
2020-06-01,Placer,061,380077,310,218,1,219,9
2020-06-01,Plumas,063,18699,4,4,0,4,0
2020-06-01,Riverside,065,2383286,9997,7921,10,7931,322
2020-06-01,Sacramento,067,1510023,1563,1415,2,1417,58
2020-06-01,San Benito,069,59416,102,86,0,86,2
2020-06-01,San Bernardino,071,2135413,6711,5310,4,5314,202
2020-06-01,San Diego,073,3302833,8827,7556,0,7556,269
2020-06-01,San Francisco,075,870044,2748,2546,0,2546,43
2020-06-01,San Joaquin,077,732212,1253,957,4,961,35
2020-06-01,San Luis Obispo,079,281455,341,275,2,277,1
2020-06-01,San Mateo,081,765935,2458,2190,3,2193,71
2020-06-01,Santa Barbara,083,443738,2167,1671,5,1676,10
2020-06-01,Santa Clara,085,1922200,3311,2797,5,2802,142
2020-06-01,Santa Cruz,087,273765,233,215,0,215,2
2020-06-01,Shasta,089,179085,59,38,0,38,4
2020-06-01,Sierra,091,2930,1,1,0,1,0
2020-06-01,Siskiyou,093,43540,12,7,0,7,0
2020-06-01,Solano,095,438530,659,529,1,530,17
2020-06-01,Sonoma,097,501317,661,565,1,566,4
2020-06-01,Stanislaus,099,539301,966,758,5,763,27
2020-06-01,Sutter,101,95872,49,43,0,43,2
2020-06-01,Tehama,103,63373,11,5,1,6,1
2020-06-01,Trinity,105,12862,2,1,1,2,0
2020-06-01,Tulare,107,460477,2592,1976,4,1980,84
2020-06-01,Tuolumne,109,53932,5,4,1,5,0
2020-06-01,Ventura,111,848112,1600,1163,5,1168,29
2020-06-01,Yolo,113,214977,240,212,0,212,24
2020-06-01,Yuba,115,75493,30,26,0,26,1
2020-05-31,Alameda,001,1643700,3857,3362,3,3365,98
2020-05-31,Alpine,003,1148,2,1,0,1,0
2020-05-31,Amador,005,37829,10,10,0,10,0
2020-05-31,Butte,007,227075,77,51,2,53,0
2020-05-31,Calaveras,009,45235,18,15,0,15,0
2020-05-31,Colusa,011,21464,9,5,0,5,0
2020-05-31,Contra Costa,013,1133247,1709,1458,0,1458,37
2020-05-31,Del Norte,015,27424,45,37,0,37,0
2020-05-31,El Dorado,017,186661,114,88,0,88,0
2020-05-31,Fresno,019,978130,3293,1780,39,1819,31
2020-05-31,Glenn,021,27897,20,16,0,16,0
2020-05-31,Humboldt,023,135768,113,98,0,98,2
2020-05-31,Imperial,025,180216,3812,2197,5,2202,14
2020-05-31,Inyo,027,18085,20,20,0,20,1
2020-05-31,Kern,029,883053,2913,2300,6,2306,38
2020-05-31,Kings,031,150075,1241,703,3,706,3
2020-05-31,Lake,033,64148,32,19,0,19,0
2020-05-31,Lassen,035,31185,7,4,2,6,0
2020-05-31,Los Angeles,037,10098052,62369,54925,20,54945,2344
2020-05-31,Madera,039,155013,261,101,1,102,2
2020-05-31,Marin,041,260295,534,486,2,488,14
2020-05-31,Mariposa,043,17540,16,16,0,16,1
2020-05-31,Mendocino,045,87422,33,24,0,24,0
2020-05-31,Merced,047,269075,396,288,0,288,6
2020-05-31,Modoc,049,8938,0,0,0,0,0
2020-05-31,Mono,051,14174,39,34,0,34,1
2020-05-31,Monterey,053,433212,712,545,1,546,10
2020-05-31,Napa,055,140530,145,114,0,114,3
2020-05-31,Nevada,057,99092,50,41,1,42,1
2020-05-31,Orange,059,3164182,9245,6532,50,6582,135
2020-05-31,Placer,061,380077,287,215,1,216,9
2020-05-31,Plumas,063,18699,4,4,0,4,0
2020-05-31,Riverside,065,2383286,9741,7704,10,7714,321
2020-05-31,Sacramento,067,1510023,1532,1398,2,1400,57
2020-05-31,San Benito,069,59416,96,85,0,85,2
2020-05-31,San Bernardino,071,2135413,6443,5185,4,5189,198
2020-05-31,San Diego,073,3302833,8633,7483,0,7483,269
2020-05-31,San Francisco,075,870044,2712,2501,0,2501,43
2020-05-31,San Joaquin,077,732212,1188,888,4,892,34
2020-05-31,San Luis Obispo,079,281455,331,271,2,273,1
2020-05-31,San Mateo,081,765935,2412,2169,3,2172,71
2020-05-31,Santa Barbara,083,443738,2111,1662,5,1667,9
2020-05-31,Santa Clara,085,1922200,3267,2785,5,2790,142
2020-05-31,Santa Cruz,087,273765,230,210,0,210,2
2020-05-31,Shasta,089,179085,57,38,0,38,4
2020-05-31,Sierra,091,2930,1,1,0,1,0
2020-05-31,Siskiyou,093,43540,11,7,0,7,0
2020-05-31,Solano,095,438530,633,512,1,513,6
2020-05-31,Sonoma,097,501317,641,555,1,556,4
2020-05-31,Stanislaus,099,539301,912,738,5,743,27
2020-05-31,Sutter,101,95872,47,42,0,42,2
2020-05-31,Tehama,103,63373,10,4,1,5,1
2020-05-31,Trinity,105,12862,2,1,1,2,0
2020-05-31,Tulare,107,460477,2520,1884,4,1888,82
2020-05-31,Tuolumne,109,53932,5,4,1,5,0
2020-05-31,Ventura,111,848112,1545,1151,5,1156,30
2020-05-31,Yolo,113,214977,234,211,0,211,24
2020-05-31,Yuba,115,75493,30,26,0,26,1
2020-05-30,Alameda,001,1643700,3831,3304,3,3307,96
2020-05-30,Alpine,003,1148,2,1,0,1,0
2020-05-30,Amador,005,37829,10,10,0,10,0
2020-05-30,Butte,007,227075,76,44,2,46,0
2020-05-30,Calaveras,009,45235,17,15,0,15,0
2020-05-30,Colusa,011,21464,8,5,0,5,0
2020-05-30,Contra Costa,013,1133247,1694,1429,0,1429,37
2020-05-30,Del Norte,015,27424,45,37,0,37,0
2020-05-30,El Dorado,017,186661,113,86,0,86,0
2020-05-30,Fresno,019,978130,3232,1744,38,1782,31
2020-05-30,Glenn,021,27897,19,16,0,16,0
2020-05-30,Humboldt,023,135768,112,98,0,98,2
2020-05-30,Imperial,025,180216,3722,2091,5,2096,14
2020-05-30,Inyo,027,18085,20,20,0,20,1
2020-05-30,Kern,029,883053,2844,2217,6,2223,38
2020-05-30,Kings,031,150075,1227,703,3,706,3
2020-05-30,Lake,033,64148,31,18,0,18,0
2020-05-30,Lassen,035,31185,7,4,2,6,0
2020-05-30,Los Angeles,037,10098052,61833,53627,20,53647,2319
2020-05-30,Madera,039,155013,256,101,1,102,2
2020-05-30,Marin,041,260295,534,462,2,464,14
2020-05-30,Mariposa,043,17540,16,16,0,16,1
2020-05-30,Mendocino,045,87422,33,24,0,24,0
2020-05-30,Merced,047,269075,395,285,0,285,6
2020-05-30,Modoc,049,8938,0,0,0,0,0
2020-05-30,Mono,051,14174,39,34,0,34,1
2020-05-30,Monterey,053,433212,696,520,1,521,10
2020-05-30,Napa,055,140530,143,113,0,113,3
2020-05-30,Nevada,057,99092,50,41,1,42,1
2020-05-30,Orange,059,3164182,9090,6354,50,6404,134
2020-05-30,Placer,061,380077,279,199,0,199,9
2020-05-30,Plumas,063,18699,4,4,0,4,0
2020-05-30,Riverside,065,2383286,9597,7492,10,7502,316
2020-05-30,Sacramento,067,1510023,1521,1384,2,1386,57
2020-05-30,San Benito,069,59416,95,85,0,85,2
2020-05-30,San Bernardino,071,2135413,6334,5122,4,5126,198
2020-05-30,San Diego,073,3302833,8540,7387,0,7387,269
2020-05-30,San Francisco,075,870044,2687,2496,0,2496,41
2020-05-30,San Joaquin,077,732212,1150,888,4,892,34
2020-05-30,San Luis Obispo,079,281455,326,270,2,272,1
2020-05-30,San Mateo,081,765935,2388,2129,3,2132,71
2020-05-30,Santa Barbara,083,443738,2084,1660,5,1665,9
2020-05-30,Santa Clara,085,1922200,3251,2741,5,2746,141
2020-05-30,Santa Cruz,087,273765,230,206,0,206,2
2020-05-30,Shasta,089,179085,57,36,0,36,4
2020-05-30,Sierra,091,2930,1,1,0,1,0
2020-05-30,Siskiyou,093,43540,10,7,0,7,0
2020-05-30,Solano,095,438530,626,512,1,513,6
2020-05-30,Sonoma,097,501317,631,551,1,552,4
2020-05-30,Stanislaus,099,539301,895,712,5,717,27
2020-05-30,Sutter,101,95872,46,40,0,40,2
2020-05-30,Tehama,103,63373,10,4,1,5,1
2020-05-30,Trinity,105,12862,2,1,1,2,0
2020-05-30,Tulare,107,460477,2483,1879,4,1883,81
2020-05-30,Tuolumne,109,53932,5,4,1,5,0
2020-05-30,Ventura,111,848112,1528,1116,5,1121,30
2020-05-30,Yolo,113,214977,230,210,0,210,24
2020-05-30,Yuba,115,75493,30,25,0,25,1
2020-05-29,Alameda,001,1643700,3796,3209,3,3212,96
2020-05-29,Alpine,003,1148,2,1,0,1,0
2020-05-29,Amador,005,37829,10,10,0,10,0
2020-05-29,Butte,007,227075,71,41,2,43,0
2020-05-29,Calaveras,009,45235,17,15,0,15,0
2020-05-29,Colusa,011,21464,8,5,0,5,0
2020-05-29,Contra Costa,013,1133247,1678,1411,0,1411,37
2020-05-29,Del Norte,015,27424,45,37,0,37,0
2020-05-29,El Dorado,017,186661,112,85,0,85,0
2020-05-29,Fresno,019,978130,3183,1687,38,1725,31
2020-05-29,Glenn,021,27897,19,14,0,14,0
2020-05-29,Humboldt,023,135768,111,98,0,98,2
2020-05-29,Imperial,025,180216,3604,1607,5,1612,14
2020-05-29,Inyo,027,18085,20,20,0,20,1
2020-05-29,Kern,029,883053,2786,2128,6,2134,36
2020-05-29,Kings,031,150075,1216,693,3,696,3
2020-05-29,Lake,033,64148,30,17,0,17,0
2020-05-29,Lassen,035,31185,7,0,2,2,0
2020-05-29,Los Angeles,037,10098052,60878,51578,20,51598,2273
2020-05-29,Madera,039,155013,241,98,1,99,2
2020-05-29,Marin,041,260295,526,448,2,450,14
2020-05-29,Mariposa,043,17540,16,16,0,16,1
2020-05-29,Mendocino,045,87422,31,25,0,25,0
2020-05-29,Merced,047,269075,390,285,0,285,7
2020-05-29,Modoc,049,8938,0,0,0,0,0
2020-05-29,Mono,051,14174,38,34,0,34,1
2020-05-29,Monterey,053,433212,666,479,1,480,10
2020-05-29,Napa,055,140530,140,113,0,113,3
2020-05-29,Nevada,057,99092,50,41,1,42,1
2020-05-29,Orange,059,3164182,8895,6176,48,6224,133
2020-05-29,Placer,061,380077,261,199,0,199,9
2020-05-29,Plumas,063,18699,4,4,0,4,0
2020-05-29,Riverside,065,2383286,9411,7376,10,7386,313
2020-05-29,Sacramento,067,1510023,1498,1360,2,1362,57
2020-05-29,San Benito,069,59416,95,84,0,84,2
2020-05-29,San Bernardino,071,2135413,6226,4983,4,4987,196
2020-05-29,San Diego,073,3302833,8417,7242,0,7242,266
2020-05-29,San Francisco,075,870044,2663,2453,0,2453,41
2020-05-29,San Joaquin,077,732212,1113,855,4,859,34
2020-05-29,San Luis Obispo,079,281455,322,270,2,272,1
2020-05-29,San Mateo,081,765935,2372,2103,3,2106,71
2020-05-29,Santa Barbara,083,443738,2051,1656,5,1661,9
2020-05-29,Santa Clara,085,1922200,3223,2707,5,2712,141
2020-05-29,Santa Cruz,087,273765,227,203,0,203,2
2020-05-29,Shasta,089,179085,57,36,0,36,4
2020-05-29,Sierra,091,2930,1,1,0,1,0
2020-05-29,Siskiyou,093,43540,10,7,0,7,0
2020-05-29,Solano,095,438530,618,498,1,499,6
2020-05-29,Sonoma,097,501317,620,537,1,538,4
2020-05-29,Stanislaus,099,539301,865,698,5,703,27
2020-05-29,Sutter,101,95872,44,40,0,40,2
2020-05-29,Tehama,103,63373,9,4,1,5,1
2020-05-29,Trinity,105,12862,2,1,1,2,0
2020-05-29,Tulare,107,460477,2445,1852,4,1856,80
2020-05-29,Tuolumne,109,53932,5,4,1,5,0
2020-05-29,Ventura,111,848112,1505,1093,5,1098,29
2020-05-29,Yolo,113,214977,226,211,0,211,24
2020-05-29,Yuba,115,75493,29,25,0,25,1
2020-05-28,Alameda,001,1643700,3696,3083,3,3086,94
2020-05-28,Alpine,003,1148,2,1,0,1,0
2020-05-28,Amador,005,37829,10,10,0,10,0
2020-05-28,Butte,007,227075,70,40,2,42,0
2020-05-28,Calaveras,009,45235,16,15,0,15,0
2020-05-28,Colusa,011,21464,8,5,0,5,0
2020-05-28,Contra Costa,013,1133247,1639,1392,0,1392,37
2020-05-28,Del Norte,015,27424,45,37,0,37,0
2020-05-28,El Dorado,017,186661,109,82,0,82,0
2020-05-28,Fresno,019,978130,3103,1653,37,1690,31
2020-05-28,Glenn,021,27897,18,14,0,14,0
2020-05-28,Humboldt,023,135768,110,97,0,97,2
2020-05-28,Imperial,025,180216,3409,1430,5,1435,14
2020-05-28,Inyo,027,18085,20,20,0,20,1
2020-05-28,Kern,029,883053,2708,2069,6,2075,36
2020-05-28,Kings,031,150075,879,626,3,629,3
2020-05-28,Lake,033,64148,29,17,0,17,0
2020-05-28,Lassen,035,31185,7,0,2,2,0
2020-05-28,Los Angeles,037,10098052,59300,49861,20,49881,2222
2020-05-28,Madera,039,155013,223,93,1,94,2
2020-05-28,Marin,041,260295,501,443,2,445,14
2020-05-28,Mariposa,043,17540,16,16,0,16,1
2020-05-28,Mendocino,045,87422,29,24,0,24,0
2020-05-28,Merced,047,269075,381,283,0,283,7
2020-05-28,Modoc,049,8938,0,0,0,0,0
2020-05-28,Mono,051,14174,38,34,0,34,1
2020-05-28,Monterey,053,433212,634,471,1,472,10
2020-05-28,Napa,055,140530,137,113,0,113,3
2020-05-28,Nevada,057,99092,45,41,1,42,1
2020-05-28,Orange,059,3164182,8699,6045,48,6093,130
2020-05-28,Placer,061,380077,254,196,0,196,9
2020-05-28,Plumas,063,18699,4,4,0,4,0
2020-05-28,Riverside,065,2383286,9009,7240,9,7249,304
2020-05-28,Sacramento,067,1510023,1478,1339,2,1341,57
2020-05-28,San Benito,069,59416,94,82,0,82,2
2020-05-28,San Bernardino,071,2135413,6061,4831,4,4835,191
2020-05-28,San Diego,073,3302833,8260,7102,0,7102,260
2020-05-28,San Francisco,075,870044,2629,2417,0,2417,40
2020-05-28,San Joaquin,077,732212,1078,840,4,844,34
2020-05-28,San Luis Obispo,079,281455,319,267,2,269,1
2020-05-28,San Mateo,081,765935,2345,2070,3,2073,71
2020-05-28,Santa Barbara,083,443738,2003,1642,4,1646,9
2020-05-28,Santa Clara,085,1922200,3184,2698,4,2702,140
2020-05-28,Santa Cruz,087,273765,226,201,0,201,2
2020-05-28,Shasta,089,179085,55,36,0,36,4
2020-05-28,Sierra,091,2930,1,1,0,1,0
2020-05-28,Siskiyou,093,43540,8,6,0,6,0
2020-05-28,Solano,095,438530,601,489,1,490,6
2020-05-28,Sonoma,097,501317,598,529,1,530,4
2020-05-28,Stanislaus,099,539301,824,684,5,689,27
2020-05-28,Sutter,101,95872,44,40,0,40,2
2020-05-28,Tehama,103,63373,9,4,1,5,1
2020-05-28,Trinity,105,12862,2,1,1,2,0
2020-05-28,Tulare,107,460477,2409,1832,4,1836,79
2020-05-28,Tuolumne,109,53932,5,4,1,5,0
2020-05-28,Ventura,111,848112,1474,1083,5,1088,29
2020-05-28,Yolo,113,214977,223,206,0,206,22
2020-05-28,Yuba,115,75493,28,24,0,24,1
2020-05-27,Alameda,001,1643700,3613,3037,3,3040,94
2020-05-27,Alpine,003,1148,2,1,0,1,0
2020-05-27,Amador,005,37829,10,10,0,10,0
2020-05-27,Butte,007,227075,67,40,1,41,0
2020-05-27,Calaveras,009,45235,15,15,0,15,0
2020-05-27,Colusa,011,21464,8,5,0,5,0
2020-05-27,Contra Costa,013,1133247,1599,1373,0,1373,37
2020-05-27,Del Norte,015,27424,45,34,0,34,0
2020-05-27,El Dorado,017,186661,108,82,0,82,0
2020-05-27,Fresno,019,978130,3015,1620,37,1657,27
2020-05-27,Glenn,021,27897,18,14,0,14,0
2020-05-27,Humboldt,023,135768,110,86,0,86,2
2020-05-27,Imperial,025,180216,3229,1369,5,1374,14
2020-05-27,Inyo,027,18085,20,20,0,20,1
2020-05-27,Kern,029,883053,2643,1999,6,2005,37
2020-05-27,Kings,031,150075,852,586,3,589,3
2020-05-27,Lake,033,64148,29,13,0,13,0
2020-05-27,Lassen,035,31185,7,0,2,2,0
2020-05-27,Los Angeles,037,10098052,57922,48711,20,48731,2177
2020-05-27,Madera,039,155013,214,91,1,92,2
2020-05-27,Marin,041,260295,472,439,2,441,14
2020-05-27,Mariposa,043,17540,16,16,0,16,1
2020-05-27,Mendocino,045,87422,28,21,0,21,0
2020-05-27,Merced,047,269075,377,278,0,278,7
2020-05-27,Modoc,049,8938,0,0,0,0,0
2020-05-27,Mono,051,14174,38,34,0,34,1
2020-05-27,Monterey,053,433212,594,443,1,444,8
2020-05-27,Napa,055,140530,132,112,0,112,3
2020-05-27,Nevada,057,99092,44,41,1,42,1
2020-05-27,Orange,059,3164182,8541,5849,48,5897,121
2020-05-27,Placer,061,380077,235,196,0,196,9
2020-05-27,Plumas,063,18699,4,4,0,4,0
2020-05-27,Riverside,065,2383286,8630,7156,9,7165,299
2020-05-27,Sacramento,067,1510023,1450,1318,2,1320,50
2020-05-27,San Benito,069,59416,91,74,0,74,2
2020-05-27,San Bernardino,071,2135413,5877,4708,4,4712,183
2020-05-27,San Diego,073,3302833,8110,6985,0,6985,255
2020-05-27,San Francisco,075,870044,2600,2394,0,2394,40
2020-05-27,San Joaquin,077,732212,1037,825,4,829,34
2020-05-27,San Luis Obispo,079,281455,314,266,2,268,1
2020-05-27,San Mateo,081,765935,2305,2045,3,2048,71
2020-05-27,Santa Barbara,083,443738,1984,1629,4,1633,9
2020-05-27,Santa Clara,085,1922200,3151,2680,4,2684,140
2020-05-27,Santa Cruz,087,273765,222,202,0,202,2
2020-05-27,Shasta,089,179085,52,36,0,36,4
2020-05-27,Sierra,091,2930,1,1,0,1,0
2020-05-27,Siskiyou,093,43540,8,6,0,6,0
2020-05-27,Solano,095,438530,581,477,1,478,5
2020-05-27,Sonoma,097,501317,584,521,1,522,4
2020-05-27,Stanislaus,099,539301,799,675,5,680,27
2020-05-27,Sutter,101,95872,43,40,0,40,2
2020-05-27,Tehama,103,63373,9,3,1,4,1
2020-05-27,Trinity,105,12862,2,1,1,2,0
2020-05-27,Tulare,107,460477,2357,1817,4,1821,77
2020-05-27,Tuolumne,109,53932,5,4,1,5,0
2020-05-27,Ventura,111,848112,1452,1065,5,1070,28
2020-05-27,Yolo,113,214977,222,204,0,204,22
2020-05-27,Yuba,115,75493,28,24,0,24,1
2020-05-26,Alameda,001,1643700,3520,2956,3,2959,92
2020-05-26,Alpine,003,1148,2,1,0,1,0
2020-05-26,Amador,005,37829,10,10,0,10,0
2020-05-26,Butte,007,227075,65,37,1,38,0
2020-05-26,Calaveras,009,45235,15,13,0,13,0
2020-05-26,Colusa,011,21464,8,4,0,4,0
2020-05-26,Contra Costa,013,1133247,1564,1352,0,1352,37
2020-05-26,Del Norte,015,27424,44,30,0,30,0
2020-05-26,El Dorado,017,186661,104,79,0,79,0
2020-05-26,Fresno,019,978130,2929,1496,37,1533,22
2020-05-26,Glenn,021,27897,16,12,0,12,0
2020-05-26,Humboldt,023,135768,108,81,0,81,2
2020-05-26,Imperial,025,180216,3013,1369,5,1374,14
2020-05-26,Inyo,027,18085,20,20,0,20,1
2020-05-26,Kern,029,883053,2565,1890,6,1896,31
2020-05-26,Kings,031,150075,784,449,2,451,2
2020-05-26,Lake,033,64148,27,12,0,12,0
2020-05-26,Lassen,035,31185,6,0,2,2,0
2020-05-26,Los Angeles,037,10098052,56454,47760,20,47780,2121
2020-05-26,Madera,039,155013,198,83,1,84,2
2020-05-26,Marin,041,260295,460,424,2,426,14
2020-05-26,Mariposa,043,17540,16,16,0,16,1
2020-05-26,Mendocino,045,87422,26,20,0,20,0
2020-05-26,Merced,047,269075,363,266,0,266,7
2020-05-26,Modoc,049,8938,0,1,0,1,0
2020-05-26,Mono,051,14174,37,34,0,34,1
2020-05-26,Monterey,053,433212,566,424,0,424,8
2020-05-26,Napa,055,140530,127,109,0,109,3
2020-05-26,Nevada,057,99092,43,41,1,42,1
2020-05-26,Orange,059,3164182,8273,5651,47,5698,115
2020-05-26,Placer,061,380077,230,188,0,188,9
2020-05-26,Plumas,063,18699,4,4,0,4,0
2020-05-26,Riverside,065,2383286,8183,6917,9,6926,284
2020-05-26,Sacramento,067,1510023,1424,1298,2,1300,50
2020-05-26,San Benito,069,59416,86,69,0,69,2
2020-05-26,San Bernardino,071,2135413,5709,4430,4,4434,175
2020-05-26,San Diego,073,3302833,7967,6884,0,6884,249
2020-05-26,San Francisco,075,870044,2567,2363,0,2363,40
2020-05-26,San Joaquin,077,732212,990,760,4,764,33
2020-05-26,San Luis Obispo,079,281455,312,260,2,262,1
2020-05-26,San Mateo,081,765935,2267,1967,2,1969,71
2020-05-26,Santa Barbara,083,443738,1959,1590,4,1594,9
2020-05-26,Santa Clara,085,1922200,3118,2659,4,2663,139
2020-05-26,Santa Cruz,087,273765,220,197,0,197,2
2020-05-26,Shasta,089,179085,52,36,0,36,4
2020-05-26,Sierra,091,2930,1,1,0,1,0
2020-05-26,Siskiyou,093,43540,7,6,0,6,0
2020-05-26,Solano,095,438530,563,470,1,471,5
2020-05-26,Sonoma,097,501317,576,509,0,509,4
2020-05-26,Stanislaus,099,539301,778,663,5,668,27
2020-05-26,Sutter,101,95872,42,39,0,39,2
2020-05-26,Tehama,103,63373,8,2,1,3,1
2020-05-26,Trinity,105,12862,2,1,1,2,0
2020-05-26,Tulare,107,460477,2301,1768,4,1772,76
2020-05-26,Tuolumne,109,53932,5,2,1,3,0
2020-05-26,Ventura,111,848112,1418,1033,3,1036,27
2020-05-26,Yolo,113,214977,216,198,0,198,22
2020-05-26,Yuba,115,75493,27,24,0,24,1
2020-05-25,Alameda,001,1643700,3427,2900,2,2902,92
2020-05-25,Alpine,003,1148,2,1,0,1,0
2020-05-25,Amador,005,37829,10,10,0,10,0
2020-05-25,Butte,007,227075,62,37,1,38,0
2020-05-25,Calaveras,009,45235,15,13,0,13,0
2020-05-25,Colusa,011,21464,7,4,0,4,0
2020-05-25,Contra Costa,013,1133247,1531,1348,0,1348,37
2020-05-25,Del Norte,015,27424,44,20,0,20,0
2020-05-25,El Dorado,017,186661,96,78,0,78,0
2020-05-25,Fresno,019,978130,2826,1496,34,1530,22
2020-05-25,Glenn,021,27897,16,12,0,12,0
2020-05-25,Humboldt,023,135768,107,81,0,81,2
2020-05-25,Imperial,025,180216,2802,1369,5,1374,14
2020-05-25,Inyo,027,18085,19,20,0,20,1
2020-05-25,Kern,029,883053,2494,1890,6,1896,31
2020-05-25,Kings,031,150075,755,447,2,449,2
2020-05-25,Lake,033,64148,25,13,0,13,0
2020-05-25,Lassen,035,31185,6,0,2,2,0
2020-05-25,Los Angeles,037,10098052,54639,45952,20,45972,2094
2020-05-25,Madera,039,155013,186,83,1,84,2
2020-05-25,Marin,041,260295,442,415,2,417,14
2020-05-25,Mariposa,043,17540,16,15,0,15,1
2020-05-25,Mendocino,045,87422,23,19,0,19,0
2020-05-25,Merced,047,269075,356,262,0,262,6
2020-05-25,Modoc,049,8938,0,1,0,1,0
2020-05-25,Mono,051,14174,37,34,0,34,1
2020-05-25,Monterey,053,433212,536,418,0,418,8
2020-05-25,Napa,055,140530,127,107,0,107,3
2020-05-25,Nevada,057,99092,43,41,1,42,1
2020-05-25,Orange,059,3164182,8051,5601,46,5647,115
2020-05-25,Placer,061,380077,227,186,0,186,9
2020-05-25,Plumas,063,18699,4,4,0,4,0
2020-05-25,Riverside,065,2383286,7952,6900,9,6909,284
2020-05-25,Sacramento,067,1510023,1404,1290,1,1291,50
2020-05-25,San Benito,069,59416,85,70,0,70,2
2020-05-25,San Bernardino,071,2135413,5519,4393,3,4396,175
2020-05-25,San Diego,073,3302833,7791,6799,0,6799,249
2020-05-25,San Francisco,075,870044,2530,2358,0,2358,40
2020-05-25,San Joaquin,077,732212,964,760,4,764,33
2020-05-25,San Luis Obispo,079,281455,310,260,2,262,1
2020-05-25,San Mateo,081,765935,2231,1938,2,1940,71
2020-05-25,Santa Barbara,083,443738,1941,1590,4,1594,9
2020-05-25,Santa Clara,085,1922200,3086,2647,4,2651,139
2020-05-25,Santa Cruz,087,273765,218,191,0,191,2
2020-05-25,Shasta,089,179085,51,36,0,36,4
2020-05-25,Sierra,091,2930,1,1,0,1,0
2020-05-25,Siskiyou,093,43540,7,6,0,6,0
2020-05-25,Solano,095,438530,549,437,1,438,5
2020-05-25,Sonoma,097,501317,564,496,0,496,4
2020-05-25,Stanislaus,099,539301,748,651,5,656,27
2020-05-25,Sutter,101,95872,42,38,0,38,2
2020-05-25,Tehama,103,63373,7,2,1,3,1
2020-05-25,Trinity,105,12862,2,1,1,2,0
2020-05-25,Tulare,107,460477,2238,1747,4,1751,76
2020-05-25,Tuolumne,109,53932,5,2,1,3,0
2020-05-25,Ventura,111,848112,1378,1020,3,1023,27
2020-05-25,Yolo,113,214977,214,197,0,197,22
2020-05-25,Yuba,115,75493,26,24,0,24,1
2020-05-24,Alameda,001,1643700,3354,2830,2,2832,92
2020-05-24,Alpine,003,1148,2,1,0,1,0
2020-05-24,Amador,005,37829,10,9,0,9,0
2020-05-24,Butte,007,227075,60,35,1,36,0
2020-05-24,Calaveras,009,45235,15,13,0,13,0
2020-05-24,Colusa,011,21464,7,4,0,4,0
2020-05-24,Contra Costa,013,1133247,1503,1325,0,1325,37
2020-05-24,Del Norte,015,27424,43,16,0,16,0
2020-05-24,El Dorado,017,186661,95,76,0,76,0
2020-05-24,Fresno,019,978130,2760,1455,32,1487,22
2020-05-24,Glenn,021,27897,15,12,0,12,0
2020-05-24,Humboldt,023,135768,107,81,0,81,2
2020-05-24,Imperial,025,180216,2676,1369,5,1374,14
2020-05-24,Inyo,027,18085,19,20,0,20,1
2020-05-24,Kern,029,883053,2421,1861,5,1866,31
2020-05-24,Kings,031,150075,744,446,2,448,2
2020-05-24,Lake,033,64148,24,12,0,12,0
2020-05-24,Lassen,035,31185,5,0,2,2,0
2020-05-24,Los Angeles,037,10098052,53625,44954,20,44974,2085
2020-05-24,Madera,039,155013,180,83,1,84,2
2020-05-24,Marin,041,260295,440,401,2,403,14
2020-05-24,Mariposa,043,17540,16,15,0,15,1
2020-05-24,Mendocino,045,87422,22,19,0,19,0
2020-05-24,Merced,047,269075,355,258,0,258,6
2020-05-24,Modoc,049,8938,0,0,0,0,0
2020-05-24,Mono,051,14174,37,34,0,34,1
2020-05-24,Monterey,053,433212,508,405,0,405,8
2020-05-24,Napa,055,140530,125,104,0,104,3
2020-05-24,Nevada,057,99092,43,41,1,42,1
2020-05-24,Orange,059,3164182,7896,5439,45,5484,113
2020-05-24,Placer,061,380077,219,184,0,184,9
2020-05-24,Plumas,063,18699,4,4,0,4,0
2020-05-24,Riverside,065,2383286,7811,6571,9,6580,284
2020-05-24,Sacramento,067,1510023,1388,1283,1,1284,50
2020-05-24,San Benito,069,59416,84,67,0,67,2
2020-05-24,San Bernardino,071,2135413,5411,4262,3,4265,175
2020-05-24,San Diego,073,3302833,7648,6703,0,6703,249
2020-05-24,San Francisco,075,870044,2506,2318,0,2318,40
2020-05-24,San Joaquin,077,732212,945,760,4,764,33
2020-05-24,San Luis Obispo,079,281455,308,257,2,259,1
2020-05-24,San Mateo,081,765935,2196,1925,2,1927,71
2020-05-24,Santa Barbara,083,443738,1925,1573,4,1577,9
2020-05-24,Santa Clara,085,1922200,3066,2623,4,2627,139
2020-05-24,Santa Cruz,087,273765,215,185,0,185,2
2020-05-24,Shasta,089,179085,50,36,0,36,4
2020-05-24,Sierra,091,2930,1,1,0,1,0
2020-05-24,Siskiyou,093,43540,6,6,0,6,0
2020-05-24,Solano,095,438530,541,436,0,436,5
2020-05-24,Sonoma,097,501317,553,485,0,485,4
2020-05-24,Stanislaus,099,539301,728,634,5,639,27
2020-05-24,Sutter,101,95872,42,38,0,38,2
2020-05-24,Tehama,103,63373,5,2,1,3,1
2020-05-24,Trinity,105,12862,2,1,1,2,0
2020-05-24,Tulare,107,460477,2192,1684,4,1688,74
2020-05-24,Tuolumne,109,53932,5,2,0,2,0
2020-05-24,Ventura,111,848112,1366,982,3,985,27
2020-05-24,Yolo,113,214977,212,192,0,192,22
2020-05-24,Yuba,115,75493,26,24,0,24,1
2020-05-23,Alameda,001,1643700,3313,2783,2,2785,91
2020-05-23,Alpine,003,1148,2,1,0,1,0
2020-05-23,Amador,005,37829,10,9,0,9,0
2020-05-23,Butte,007,227075,59,34,1,35,0
2020-05-23,Calaveras,009,45235,15,13,0,13,0
2020-05-23,Colusa,011,21464,7,4,0,4,0
2020-05-23,Contra Costa,013,1133247,1492,1302,0,1302,36
2020-05-23,Del Norte,015,27424,43,10,0,10,0
2020-05-23,El Dorado,017,186661,95,74,0,74,0
2020-05-23,Fresno,019,978130,2740,1447,32,1479,21
2020-05-23,Glenn,021,27897,15,12,0,12,0
2020-05-23,Humboldt,023,135768,105,80,0,80,2
2020-05-23,Imperial,025,180216,2588,1283,5,1288,14
2020-05-23,Inyo,027,18085,19,20,0,20,1
2020-05-23,Kern,029,883053,2378,1806,5,1811,31
2020-05-23,Kings,031,150075,740,444,2,446,2
2020-05-23,Lake,033,64148,23,10,0,10,0
2020-05-23,Lassen,035,31185,5,0,2,2,0
2020-05-23,Los Angeles,037,10098052,53084,44029,20,44049,2069
2020-05-23,Madera,039,155013,176,83,1,84,2
2020-05-23,Marin,041,260295,440,393,1,394,14
2020-05-23,Mariposa,043,17540,16,15,0,15,1
2020-05-23,Mendocino,045,87422,22,13,0,13,0
2020-05-23,Merced,047,269075,352,247,0,247,6
2020-05-23,Modoc,049,8938,0,0,0,0,0
2020-05-23,Mono,051,14174,36,34,0,34,1
2020-05-23,Monterey,053,433212,494,397,0,397,8
2020-05-23,Napa,055,140530,121,101,0,101,3
2020-05-23,Nevada,057,99092,43,41,1,42,1
2020-05-23,Orange,059,3164182,7739,5313,44,5357,113
2020-05-23,Placer,061,380077,213,184,0,184,9
2020-05-23,Plumas,063,18699,4,4,0,4,0
2020-05-23,Riverside,065,2383286,7720,6460,9,6469,284
2020-05-23,Sacramento,067,1510023,1372,1275,1,1276,50
2020-05-23,San Benito,069,59416,79,67,0,67,2
2020-05-23,San Bernardino,071,2135413,5318,4172,3,4175,175
2020-05-23,San Diego,073,3302833,7557,6561,0,6561,249
2020-05-23,San Francisco,075,870044,2487,2312,0,2312,40
2020-05-23,San Joaquin,077,732212,930,759,4,763,33
2020-05-23,San Luis Obispo,079,281455,305,256,2,258,1
2020-05-23,San Mateo,081,765935,2168,1862,2,1864,71
2020-05-23,Santa Barbara,083,443738,1914,1566,4,1570,9
2020-05-23,Santa Clara,085,1922200,3053,2593,4,2597,139
2020-05-23,Santa Cruz,087,273765,213,177,0,177,2
2020-05-23,Shasta,089,179085,50,35,0,35,4
2020-05-23,Sierra,091,2930,1,1,0,1,0
2020-05-23,Siskiyou,093,43540,6,6,0,6,0
2020-05-23,Solano,095,438530,536,435,0,435,5
2020-05-23,Sonoma,097,501317,539,462,0,462,4
2020-05-23,Stanislaus,099,539301,720,625,5,630,27
2020-05-23,Sutter,101,95872,41,38,0,38,2
2020-05-23,Tehama,103,63373,5,2,1,3,1
2020-05-23,Trinity,105,12862,2,1,1,2,0
2020-05-23,Tulare,107,460477,2171,1682,4,1686,73
2020-05-23,Tuolumne,109,53932,5,2,0,2,0
2020-05-23,Ventura,111,848112,1346,961,3,964,27
2020-05-23,Yolo,113,214977,211,188,0,188,22
2020-05-23,Yuba,115,75493,26,24,0,24,1
2020-05-22,Alameda,001,1643700,3259,2722,2,2724,91
2020-05-22,Alpine,003,1148,2,1,0,1,0
2020-05-22,Amador,005,37829,10,9,0,9,0
2020-05-22,Butte,007,227075,57,34,1,35,0
2020-05-22,Calaveras,009,45235,15,13,0,13,0
2020-05-22,Colusa,011,21464,7,4,0,4,0
2020-05-22,Contra Costa,013,1133247,1480,1272,0,1272,36
2020-05-22,Del Norte,015,27424,41,9,0,9,0
2020-05-22,El Dorado,017,186661,92,74,0,74,0
2020-05-22,Fresno,019,978130,2681,1399,31,1430,20
2020-05-22,Glenn,021,27897,15,12,0,12,0
2020-05-22,Humboldt,023,135768,105,80,0,80,2
2020-05-22,Imperial,025,180216,2488,1214,5,1219,14
2020-05-22,Inyo,027,18085,19,20,0,20,1
2020-05-22,Kern,029,883053,2330,1749,5,1754,28
2020-05-22,Kings,031,150075,737,428,2,430,2
2020-05-22,Lake,033,64148,22,10,0,10,0
2020-05-22,Lassen,035,31185,3,0,2,2,0
2020-05-22,Los Angeles,037,10098052,52291,43025,20,43045,2027
2020-05-22,Madera,039,155013,172,82,1,83,2
2020-05-22,Marin,041,260295,436,372,1,373,14
2020-05-22,Mariposa,043,17540,16,15,0,15,1
2020-05-22,Mendocino,045,87422,21,13,0,13,0
2020-05-22,Merced,047,269075,352,233,0,233,6
2020-05-22,Modoc,049,8938,0,0,0,0,0
2020-05-22,Mono,051,14174,36,34,0,34,1
2020-05-22,Monterey,053,433212,483,372,0,372,8
2020-05-22,Napa,055,140530,119,97,0,97,3
2020-05-22,Nevada,057,99092,42,41,1,42,1
2020-05-22,Orange,059,3164182,7545,5144,42,5186,113
2020-05-22,Placer,061,380077,213,181,0,181,9
2020-05-22,Plumas,063,18699,4,4,0,4,0
2020-05-22,Riverside,065,2383286,7605,6351,9,6360,283
2020-05-22,Sacramento,067,1510023,1356,1262,1,1263,50
2020-05-22,San Benito,069,59416,78,64,0,64,2
2020-05-22,San Bernardino,071,2135413,5243,4107,3,4110,173
2020-05-22,San Diego,073,3302833,7471,6436,0,6436,242
2020-05-22,San Francisco,075,870044,2469,2251,0,2251,40
2020-05-22,San Joaquin,077,732212,917,747,4,751,33
2020-05-22,San Luis Obispo,079,281455,305,254,2,256,1
2020-05-22,San Mateo,081,765935,2149,1847,2,1849,71
2020-05-22,Santa Barbara,083,443738,1898,1554,4,1558,9
2020-05-22,Santa Clara,085,1922200,3034,2537,4,2541,139
2020-05-22,Santa Cruz,087,273765,210,171,0,171,2
2020-05-22,Shasta,089,179085,50,34,0,34,4
2020-05-22,Sierra,091,2930,1,0,0,0,0
2020-05-22,Siskiyou,093,43540,6,6,0,6,0
2020-05-22,Solano,095,438530,533,431,0,431,4
2020-05-22,Sonoma,097,501317,535,444,0,444,4
2020-05-22,Stanislaus,099,539301,710,616,5,621,27
2020-05-22,Sutter,101,95872,41,38,0,38,2
2020-05-22,Tehama,103,63373,5,2,0,2,1
2020-05-22,Trinity,105,12862,2,1,1,2,0
2020-05-22,Tulare,107,460477,2141,1662,4,1666,73
2020-05-22,Tuolumne,109,53932,5,2,0,2,0
2020-05-22,Ventura,111,848112,1328,937,3,940,27
2020-05-22,Yolo,113,214977,209,187,0,187,22
2020-05-22,Yuba,115,75493,26,24,0,24,1
2020-05-21,Alameda,001,1643700,3194,2606,2,2608,89
2020-05-21,Alpine,003,1148,2,1,0,1,0
2020-05-21,Amador,005,37829,10,9,0,9,0
2020-05-21,Butte,007,227075,56,31,1,32,0
2020-05-21,Calaveras,009,45235,14,13,0,13,0
2020-05-21,Colusa,011,21464,7,4,0,4,0
2020-05-21,Contra Costa,013,1133247,1444,1243,0,1243,36
2020-05-21,Del Norte,015,27424,38,9,0,9,0
2020-05-21,El Dorado,017,186661,91,67,0,67,0
2020-05-21,Fresno,019,978130,2591,1362,31,1393,20
2020-05-21,Glenn,021,27897,14,12,0,12,0
2020-05-21,Humboldt,023,135768,104,79,0,79,0
2020-05-21,Imperial,025,180216,2326,1096,5,1101,14
2020-05-21,Inyo,027,18085,19,20,0,20,1
2020-05-21,Kern,029,883053,2254,1684,4,1688,27
2020-05-21,Kings,031,150075,716,417,2,419,2
2020-05-21,Lake,033,64148,17,10,0,10,0
2020-05-21,Lassen,035,31185,3,0,2,2,0
2020-05-21,Los Angeles,037,10098052,51256,42063,20,42083,1996
2020-05-21,Madera,039,155013,169,82,1,83,2
2020-05-21,Marin,041,260295,425,359,1,360,14
2020-05-21,Mariposa,043,17540,16,15,0,15,1
2020-05-21,Mendocino,045,87422,21,12,0,12,0
2020-05-21,Merced,047,269075,341,226,0,226,6
2020-05-21,Modoc,049,8938,0,0,0,0,0
2020-05-21,Mono,051,14174,36,33,0,33,1
2020-05-21,Monterey,053,433212,472,363,0,363,8
2020-05-21,Napa,055,140530,117,96,0,96,3
2020-05-21,Nevada,057,99092,42,41,1,42,1
2020-05-21,Orange,059,3164182,7343,4975,42,5017,106
2020-05-21,Placer,061,380077,206,176,0,176,8
2020-05-21,Plumas,063,18699,4,4,0,4,0
2020-05-21,Riverside,065,2383286,7418,6245,9,6254,279
2020-05-21,Sacramento,067,1510023,1343,1258,1,1259,56
2020-05-21,San Benito,069,59416,75,61,0,61,2
2020-05-21,San Bernardino,071,2135413,5096,3950,3,3953,167
2020-05-21,San Diego,073,3302833,7335,6317,0,6317,241
2020-05-21,San Francisco,075,870044,2445,2248,0,2248,37
2020-05-21,San Joaquin,077,732212,881,730,4,734,33
2020-05-21,San Luis Obispo,079,281455,305,251,1,252,1
2020-05-21,San Mateo,081,765935,2112,1791,2,1793,74
2020-05-21,Santa Barbara,083,443738,1878,1541,4,1545,10
2020-05-21,Santa Clara,085,1922200,3014,2520,4,2524,138
2020-05-21,Santa Cruz,087,273765,202,164,0,164,3
2020-05-21,Shasta,089,179085,48,34,0,34,4
2020-05-21,Sierra,091,2930,1,0,0,0,0
2020-05-21,Siskiyou,093,43540,6,6,0,6,0
2020-05-21,Solano,095,438530,524,424,0,424,4
2020-05-21,Sonoma,097,501317,517,427,0,427,4
2020-05-21,Stanislaus,099,539301,699,602,5,607,27
2020-05-21,Sutter,101,95872,40,38,0,38,2
2020-05-21,Tehama,103,63373,4,2,0,2,1
2020-05-21,Trinity,105,12862,2,1,1,2,0
2020-05-21,Tulare,107,460477,2091,1606,4,1610,73
2020-05-21,Tuolumne,109,53932,3,2,0,2,0
2020-05-21,Ventura,111,848112,1281,907,3,910,30
2020-05-21,Yolo,113,214977,206,185,0,185,22
2020-05-21,Yuba,115,75493,26,24,0,24,1
2020-05-20,Alameda,001,1643700,3120,2554,2,2556,89
2020-05-20,Alpine,003,1148,2,1,0,1,0
2020-05-20,Amador,005,37829,10,9,0,9,0
2020-05-20,Butte,007,227075,53,30,1,31,0
2020-05-20,Calaveras,009,45235,14,13,0,13,0
2020-05-20,Colusa,011,21464,7,3,0,3,0
2020-05-20,Contra Costa,013,1133247,1414,1223,0,1223,33
2020-05-20,Del Norte,015,27424,31,9,0,9,0
2020-05-20,El Dorado,017,186661,90,67,0,67,0
2020-05-20,Fresno,019,978130,2519,1329,30,1359,17
2020-05-20,Glenn,021,27897,13,12,0,12,0
2020-05-20,Humboldt,023,135768,101,73,0,73,0
2020-05-20,Imperial,025,180216,2215,1047,5,1052,14
2020-05-20,Inyo,027,18085,19,20,0,20,1
2020-05-20,Kern,029,883053,2191,1639,3,1642,27
2020-05-20,Kings,031,150075,573,403,2,405,2
2020-05-20,Lake,033,64148,17,9,0,9,0
2020-05-20,Lassen,035,31185,2,0,2,2,0
2020-05-20,Los Angeles,037,10098052,50260,40932,20,40952,1955
2020-05-20,Madera,039,155013,167,82,1,83,2
2020-05-20,Marin,041,260295,398,348,1,349,14
2020-05-20,Mariposa,043,17540,16,15,0,15,1
2020-05-20,Mendocino,045,87422,21,12,0,12,0
2020-05-20,Merced,047,269075,334,225,0,225,6
2020-05-20,Modoc,049,8938,0,0,0,0,0
2020-05-20,Mono,051,14174,36,33,0,33,1
2020-05-20,Monterey,053,433212,458,356,0,356,8
2020-05-20,Napa,055,140530,110,93,0,93,3
2020-05-20,Nevada,057,99092,42,41,1,42,1
2020-05-20,Orange,059,3164182,7136,4866,40,4906,96
2020-05-20,Placer,061,380077,204,176,0,176,8
2020-05-20,Plumas,063,18699,4,4,0,4,0
2020-05-20,Riverside,065,2383286,7275,6090,9,6099,265
2020-05-20,Sacramento,067,1510023,1333,1244,1,1245,56
2020-05-20,San Benito,069,59416,74,61,0,61,2
2020-05-20,San Bernardino,071,2135413,4970,3771,3,3774,161
2020-05-20,San Diego,073,3302833,7218,6142,0,6142,230
2020-05-20,San Francisco,075,870044,2422,2199,0,2199,37
2020-05-20,San Joaquin,077,732212,845,713,4,717,33
2020-05-20,San Luis Obispo,079,281455,299,249,1,250,1
2020-05-20,San Mateo,081,765935,2059,1739,2,1741,74
2020-05-20,Santa Barbara,083,443738,1856,1524,4,1528,10
2020-05-20,Santa Clara,085,1922200,2994,2508,4,2512,138
2020-05-20,Santa Cruz,087,273765,199,163,0,163,3
2020-05-20,Shasta,089,179085,48,34,0,34,4
2020-05-20,Sierra,091,2930,1,0,0,0,0
2020-05-20,Siskiyou,093,43540,6,6,0,6,0
2020-05-20,Solano,095,438530,519,418,0,418,4
2020-05-20,Sonoma,097,501317,508,411,0,411,4
2020-05-20,Stanislaus,099,539301,683,584,4,588,25
2020-05-20,Sutter,101,95872,40,38,0,38,2
2020-05-20,Tehama,103,63373,4,2,0,2,1
2020-05-20,Trinity,105,12862,2,1,1,2,0
2020-05-20,Tulare,107,460477,2053,1585,4,1589,71
2020-05-20,Tuolumne,109,53932,3,2,0,2,0
2020-05-20,Ventura,111,848112,1248,879,3,882,29
2020-05-20,Yolo,113,214977,203,184,0,184,22
2020-05-20,Yuba,115,75493,26,23,0,23,1
2020-05-19,Alameda,001,1643700,3045,2493,0,2493,88
2020-05-19,Alpine,003,1148,2,1,0,1,0
2020-05-19,Amador,005,37829,10,9,0,9,0
2020-05-19,Butte,007,227075,51,25,1,26,0
2020-05-19,Calaveras,009,45235,14,13,0,13,0
2020-05-19,Colusa,011,21464,5,3,0,3,0
2020-05-19,Contra Costa,013,1133247,1391,1205,0,1205,33
2020-05-19,Del Norte,015,27424,28,8,0,8,0
2020-05-19,El Dorado,017,186661,87,67,0,67,0
2020-05-19,Fresno,019,978130,2410,1288,30,1318,15
2020-05-19,Glenn,021,27897,13,12,0,12,0
2020-05-19,Humboldt,023,135768,101,72,0,72,0
2020-05-19,Imperial,025,180216,2055,1012,5,1017,14
2020-05-19,Inyo,027,18085,19,20,0,20,1
2020-05-19,Kern,029,883053,2093,1601,3,1604,26
2020-05-19,Kings,031,150075,563,393,2,395,2
2020-05-19,Lake,033,64148,14,11,0,11,0
2020-05-19,Lassen,035,31185,2,0,2,2,0
2020-05-19,Los Angeles,037,10098052,49053,39670,20,39690,1906
2020-05-19,Madera,039,155013,164,80,1,81,2
2020-05-19,Marin,041,260295,374,340,1,341,14
2020-05-19,Mariposa,043,17540,16,15,0,15,1
2020-05-19,Mendocino,045,87422,21,12,0,12,0
2020-05-19,Merced,047,269075,326,222,0,222,5
2020-05-19,Modoc,049,8938,0,0,0,0,0
2020-05-19,Mono,051,14174,36,33,0,33,1
2020-05-19,Monterey,053,433212,446,350,0,350,8
2020-05-19,Napa,055,140530,109,93,0,93,3
2020-05-19,Nevada,057,99092,42,41,1,42,1
2020-05-19,Orange,059,3164182,6941,4746,39,4785,90
2020-05-19,Placer,061,380077,202,177,0,177,8
2020-05-19,Plumas,063,18699,4,5,0,5,0
2020-05-19,Riverside,065,2383286,7116,5963,9,5972,265
2020-05-19,Sacramento,067,1510023,1319,1239,1,1240,57
2020-05-19,San Benito,069,59416,72,59,0,59,2
2020-05-19,San Bernardino,071,2135413,4820,3656,3,3659,158
2020-05-19,San Diego,073,3302833,7074,6028,0,6028,222
2020-05-19,San Francisco,075,870044,2388,2186,0,2186,37
2020-05-19,San Joaquin,077,732212,823,705,4,709,33
2020-05-19,San Luis Obispo,079,281455,299,245,1,246,1
2020-05-19,San Mateo,081,765935,2018,1704,2,1706,71
2020-05-19,Santa Barbara,083,443738,1838,1521,4,1525,10
2020-05-19,Santa Clara,085,1922200,2946,2480,4,2484,138
2020-05-19,Santa Cruz,087,273765,188,161,0,161,3
2020-05-19,Shasta,089,179085,48,34,0,34,4
2020-05-19,Sierra,091,2930,0,0,0,0,0
2020-05-19,Siskiyou,093,43540,6,6,0,6,0
2020-05-19,Solano,095,438530,505,415,0,415,4
2020-05-19,Sonoma,097,501317,497,389,0,389,4
2020-05-19,Stanislaus,099,539301,669,582,4,586,25
2020-05-19,Sutter,101,95872,40,38,0,38,2
2020-05-19,Tehama,103,63373,4,2,0,2,1
2020-05-19,Trinity,105,12862,2,1,0,1,0
2020-05-19,Tulare,107,460477,2006,1551,4,1555,68
2020-05-19,Tuolumne,109,53932,3,2,0,2,0
2020-05-19,Ventura,111,848112,1211,861,2,863,28
2020-05-19,Yolo,113,214977,201,183,0,183,22
2020-05-19,Yuba,115,75493,26,23,0,23,1
2020-05-18,Alameda,001,1643700,2973,2442,0,2442,84
2020-05-18,Alpine,003,1148,1,1,0,1,0
2020-05-18,Amador,005,37829,10,8,0,8,0
2020-05-18,Butte,007,227075,49,24,1,25,0
2020-05-18,Calaveras,009,45235,14,13,0,13,0
2020-05-18,Colusa,011,21464,5,3,0,3,0
2020-05-18,Contra Costa,013,1133247,1360,1173,0,1173,33
2020-05-18,Del Norte,015,27424,23,8,0,8,0
2020-05-18,El Dorado,017,186661,85,67,0,67,0
2020-05-18,Fresno,019,978130,2333,1244,30,1274,14
2020-05-18,Glenn,021,27897,13,11,0,11,0
2020-05-18,Humboldt,023,135768,101,70,0,70,0
2020-05-18,Imperial,025,180216,1901,767,5,772,14
2020-05-18,Inyo,027,18085,19,20,0,20,1
2020-05-18,Kern,029,883053,2044,1566,3,1569,26
2020-05-18,Kings,031,150075,532,381,2,383,2
2020-05-18,Lake,033,64148,13,9,0,9,0
2020-05-18,Lassen,035,31185,2,0,2,2,0
2020-05-18,Los Angeles,037,10098052,48032,38477,20,38497,1825
2020-05-18,Madera,039,155013,158,74,1,75,2
2020-05-18,Marin,041,260295,361,329,1,330,14
2020-05-18,Mariposa,043,17540,16,15,0,15,1
2020-05-18,Mendocino,045,87422,16,12,0,12,0
2020-05-18,Merced,047,269075,316,217,0,217,5
2020-05-18,Modoc,049,8938,0,0,0,0,0
2020-05-18,Mono,051,14174,36,33,0,33,1
2020-05-18,Monterey,053,433212,435,345,0,345,8
2020-05-18,Napa,055,140530,105,92,0,92,3
2020-05-18,Nevada,057,99092,42,41,1,42,1
2020-05-18,Orange,059,3164182,6750,4558,36,4594,88
2020-05-18,Placer,061,380077,200,176,0,176,8
2020-05-18,Plumas,063,18699,4,5,0,5,0
2020-05-18,Riverside,065,2383286,6916,5873,9,5882,253
2020-05-18,Sacramento,067,1510023,1313,1233,0,1233,57
2020-05-18,San Benito,069,59416,70,59,0,59,2
2020-05-18,San Bernardino,071,2135413,4673,3558,3,3561,156
2020-05-18,San Diego,073,3302833,6941,5948,0,5948,211
2020-05-18,San Francisco,075,870044,2365,2183,0,2183,36
2020-05-18,San Joaquin,077,732212,811,697,4,701,33
2020-05-18,San Luis Obispo,079,281455,295,243,1,244,1
2020-05-18,San Mateo,081,765935,1980,1701,2,1703,68
2020-05-18,Santa Barbara,083,443738,1821,1501,4,1505,10
2020-05-18,Santa Clara,085,1922200,2915,2468,4,2472,137
2020-05-18,Santa Cruz,087,273765,186,160,0,160,3
2020-05-18,Shasta,089,179085,47,34,0,34,4
2020-05-18,Sierra,091,2930,0,0,0,0,0
2020-05-18,Siskiyou,093,43540,6,6,0,6,0
2020-05-18,Solano,095,438530,495,398,0,398,4
2020-05-18,Sonoma,097,501317,479,387,0,387,4
2020-05-18,Stanislaus,099,539301,657,572,4,576,25
2020-05-18,Sutter,101,95872,40,38,0,38,2
2020-05-18,Tehama,103,63373,4,2,0,2,1
2020-05-18,Trinity,105,12862,2,1,0,1,0
2020-05-18,Tulare,107,460477,1961,1491,4,1495,63
2020-05-18,Tuolumne,109,53932,3,2,0,2,0
2020-05-18,Ventura,111,848112,1189,850,1,851,27
2020-05-18,Yolo,113,214977,196,183,0,183,22
2020-05-18,Yuba,115,75493,26,23,0,23,1
2020-05-17,Alameda,001,1643700,2878,2389,0,2389,83
2020-05-17,Alpine,003,1148,1,1,0,1,0
2020-05-17,Amador,005,37829,10,8,0,8,0
2020-05-17,Butte,007,227075,48,23,1,24,0
2020-05-17,Calaveras,009,45235,14,13,0,13,0
2020-05-17,Colusa,011,21464,3,3,0,3,0
2020-05-17,Contra Costa,013,1133247,1321,1155,0,1155,33
2020-05-17,Del Norte,015,27424,23,7,0,7,0
2020-05-17,El Dorado,017,186661,85,65,0,65,0
2020-05-17,Fresno,019,978130,2232,1213,27,1240,14
2020-05-17,Glenn,021,27897,13,9,0,9,0
2020-05-17,Humboldt,023,135768,94,70,0,70,0
2020-05-17,Imperial,025,180216,1752,715,5,720,14
2020-05-17,Inyo,027,18085,19,20,0,20,1
2020-05-17,Kern,029,883053,1966,1546,3,1549,26
2020-05-17,Kings,031,150075,485,356,2,358,2
2020-05-17,Lake,033,64148,13,7,0,7,0
2020-05-17,Lassen,035,31185,2,0,2,2,0
2020-05-17,Los Angeles,037,10098052,46793,37996,20,38016,1807
2020-05-17,Madera,039,155013,156,69,1,70,2
2020-05-17,Marin,041,260295,350,315,1,316,14
2020-05-17,Mariposa,043,17540,15,15,0,15,1
2020-05-17,Mendocino,045,87422,15,10,0,10,0
2020-05-17,Merced,047,269075,305,214,0,214,5
2020-05-17,Modoc,049,8938,0,0,0,0,0
2020-05-17,Mono,051,14174,36,32,0,32,1
2020-05-17,Monterey,053,433212,415,342,0,342,8
2020-05-17,Napa,055,140530,102,89,0,89,3
2020-05-17,Nevada,057,99092,42,41,1,42,1
2020-05-17,Orange,059,3164182,6570,4466,35,4501,88
2020-05-17,Placer,061,380077,194,175,0,175,8
2020-05-17,Plumas,063,18699,4,4,0,4,0
2020-05-17,Riverside,065,2383286,6743,5776,9,5785,245
2020-05-17,Sacramento,067,1510023,1302,1224,0,1224,56
2020-05-17,San Benito,069,59416,69,59,0,59,2
2020-05-17,San Bernardino,071,2135413,4523,3467,3,3470,155
2020-05-17,San Diego,073,3302833,6809,5838,0,5838,209
2020-05-17,San Francisco,075,870044,2338,2132,0,2132,36
2020-05-17,San Joaquin,077,732212,781,688,4,692,32
2020-05-17,San Luis Obispo,079,281455,293,242,1,243,1
2020-05-17,San Mateo,081,765935,1943,1680,2,1682,68
2020-05-17,Santa Barbara,083,443738,1794,1457,4,1461,10
2020-05-17,Santa Clara,085,1922200,2877,2453,4,2457,135
2020-05-17,Santa Cruz,087,273765,175,155,0,155,3
2020-05-17,Shasta,089,179085,46,34,0,34,4
2020-05-17,Sierra,091,2930,0,0,0,0,0
2020-05-17,Siskiyou,093,43540,6,6,0,6,0
2020-05-17,Solano,095,438530,483,392,0,392,4
2020-05-17,Sonoma,097,501317,458,376,0,376,4
2020-05-17,Stanislaus,099,539301,646,566,4,570,25
2020-05-17,Sutter,101,95872,39,38,0,38,2
2020-05-17,Tehama,103,63373,3,2,0,2,1
2020-05-17,Trinity,105,12862,1,1,0,1,0
2020-05-17,Tulare,107,460477,1895,1430,3,1433,63
2020-05-17,Tuolumne,109,53932,3,2,0,2,0
2020-05-17,Ventura,111,848112,1147,838,1,839,27
2020-05-17,Yolo,113,214977,194,182,0,182,22
2020-05-17,Yuba,115,75493,26,21,0,21,1
2020-05-16,Alameda,001,1643700,2828,2327,0,2327,83
2020-05-16,Alpine,003,1148,1,1,0,1,0
2020-05-16,Amador,005,37829,10,8,0,8,0
2020-05-16,Butte,007,227075,43,22,1,23,0
2020-05-16,Calaveras,009,45235,14,13,0,13,0
2020-05-16,Colusa,011,21464,3,3,0,3,0
2020-05-16,Contra Costa,013,1133247,1303,1136,0,1136,33
2020-05-16,Del Norte,015,27424,19,4,0,4,0
2020-05-16,El Dorado,017,186661,85,65,0,65,0
2020-05-16,Fresno,019,978130,2177,1177,27,1204,14
2020-05-16,Glenn,021,27897,13,9,0,9,0
2020-05-16,Humboldt,023,135768,92,69,0,69,0
2020-05-16,Imperial,025,180216,1688,712,5,717,14
2020-05-16,Inyo,027,18085,19,20,0,20,1
2020-05-16,Kern,029,883053,1930,1509,3,1512,26
2020-05-16,Kings,031,150075,476,356,2,358,2
2020-05-16,Lake,033,64148,13,7,0,7,0
2020-05-16,Lassen,035,31185,1,0,2,2,0
2020-05-16,Los Angeles,037,10098052,46216,37352,20,37372,1778
2020-05-16,Madera,039,155013,154,70,1,71,2
2020-05-16,Marin,041,260295,346,297,1,298,14
2020-05-16,Mariposa,043,17540,15,15,0,15,1
2020-05-16,Mendocino,045,87422,15,10,0,10,0
2020-05-16,Merced,047,269075,303,201,0,201,5
2020-05-16,Modoc,049,8938,0,0,0,0,0
2020-05-16,Mono,051,14174,36,32,0,32,1
2020-05-16,Monterey,053,433212,400,329,0,329,8
2020-05-16,Napa,055,140530,102,86,0,86,3
2020-05-16,Nevada,057,99092,42,41,1,42,1
2020-05-16,Orange,059,3164182,6494,4396,35,4431,87
2020-05-16,Placer,061,380077,192,174,0,174,8
2020-05-16,Plumas,063,18699,4,4,0,4,0
2020-05-16,Riverside,065,2383286,6657,5633,9,5642,243
2020-05-16,Sacramento,067,1510023,1295,1209,0,1209,55
2020-05-16,San Benito,069,59416,64,58,0,58,2
2020-05-16,San Bernardino,071,2135413,4451,3362,3,3365,155
2020-05-16,San Diego,073,3302833,6723,5664,0,5664,209
2020-05-16,San Francisco,075,870044,2315,2094,0,2094,36
2020-05-16,San Joaquin,077,732212,773,668,4,672,32
2020-05-16,San Luis Obispo,079,281455,292,240,1,241,1
2020-05-16,San Mateo,081,765935,1928,1652,2,1654,68
2020-05-16,Santa Barbara,083,443738,1782,1422,3,1425,10
2020-05-16,Santa Clara,085,1922200,2862,2420,3,2423,135
2020-05-16,Santa Cruz,087,273765,172,154,0,154,3
2020-05-16,Shasta,089,179085,46,33,0,33,4
2020-05-16,Sierra,091,2930,0,0,0,0,0
2020-05-16,Siskiyou,093,43540,6,6,0,6,0
2020-05-16,Solano,095,438530,478,392,0,392,4
2020-05-16,Sonoma,097,501317,445,356,0,356,4
2020-05-16,Stanislaus,099,539301,637,546,4,550,24
2020-05-16,Sutter,101,95872,39,35,0,35,2
2020-05-16,Tehama,103,63373,3,2,0,2,1
2020-05-16,Trinity,105,12862,1,1,0,1,0
2020-05-16,Tulare,107,460477,1877,1426,3,1429,63
2020-05-16,Tuolumne,109,53932,3,2,0,2,0
2020-05-16,Ventura,111,848112,1122,813,1,814,25
2020-05-16,Yolo,113,214977,193,181,0,181,22
2020-05-16,Yuba,115,75493,26,21,0,21,1
2020-05-15,Alameda,001,1643700,2794,2289,0,2289,83
2020-05-15,Alpine,003,1148,1,1,0,1,0
2020-05-15,Amador,005,37829,10,8,0,8,0
2020-05-15,Butte,007,227075,41,22,1,23,0
2020-05-15,Calaveras,009,45235,14,13,0,13,0
2020-05-15,Colusa,011,21464,3,3,0,3,0
2020-05-15,Contra Costa,013,1133247,1285,1106,0,1106,33
2020-05-15,Del Norte,015,27424,14,4,0,4,0
2020-05-15,El Dorado,017,186661,85,64,0,64,0
2020-05-15,Fresno,019,978130,2111,1126,27,1153,14
2020-05-15,Glenn,021,27897,13,9,0,9,0
2020-05-15,Humboldt,023,135768,91,60,0,60,0
2020-05-15,Imperial,025,180216,1605,680,1,681,14
2020-05-15,Inyo,027,18085,19,20,0,20,1
2020-05-15,Kern,029,883053,1874,1472,3,1475,25
2020-05-15,Kings,031,150075,473,347,2,349,2
2020-05-15,Lake,033,64148,13,7,0,7,0
2020-05-15,Lassen,035,31185,1,0,2,2,0
2020-05-15,Los Angeles,037,10098052,45430,36317,20,36337,1734
2020-05-15,Madera,039,155013,153,71,1,72,2
2020-05-15,Marin,041,260295,338,295,1,296,14
2020-05-15,Mariposa,043,17540,15,15,0,15,1
2020-05-15,Mendocino,045,87422,15,10,0,10,0
2020-05-15,Merced,047,269075,300,191,0,191,5
2020-05-15,Modoc,049,8938,0,0,0,0,0
2020-05-15,Mono,051,14174,36,31,0,31,1
2020-05-15,Monterey,053,433212,394,321,0,321,8
2020-05-15,Napa,055,140530,102,83,0,83,3
2020-05-15,Nevada,057,99092,42,41,1,42,1
2020-05-15,Orange,059,3164182,6323,4281,35,4316,87
2020-05-15,Placer,061,380077,190,174,0,174,8
2020-05-15,Plumas,063,18699,4,4,0,4,0
2020-05-15,Riverside,065,2383286,6543,5496,9,5505,233
2020-05-15,Sacramento,067,1510023,1285,1203,0,1203,55
2020-05-15,San Benito,069,59416,61,57,0,57,2
2020-05-15,San Bernardino,071,2135413,4373,3225,3,3228,153
2020-05-15,San Diego,073,3302833,6616,5525,0,5525,208
2020-05-15,San Francisco,075,870044,2299,2062,0,2062,36
2020-05-15,San Joaquin,077,732212,767,656,4,660,32
2020-05-15,San Luis Obispo,079,281455,291,237,1,238,1
2020-05-15,San Mateo,081,765935,1906,1612,2,1614,68
2020-05-15,Santa Barbara,083,443738,1767,1409,3,1412,10
2020-05-15,Santa Clara,085,1922200,2835,2395,3,2398,135
2020-05-15,Santa Cruz,087,273765,171,146,0,146,3
2020-05-15,Shasta,089,179085,45,33,0,33,4
2020-05-15,Sierra,091,2930,0,0,0,0,0
2020-05-15,Siskiyou,093,43540,5,5,0,5,0
2020-05-15,Solano,095,438530,474,388,0,388,4
2020-05-15,Sonoma,097,501317,437,349,0,349,4
2020-05-15,Stanislaus,099,539301,630,540,4,544,23
2020-05-15,Sutter,101,95872,38,35,0,35,2
2020-05-15,Tehama,103,63373,3,1,0,1,1
2020-05-15,Trinity,105,12862,1,1,0,1,0
2020-05-15,Tulare,107,460477,1850,1356,3,1359,61
2020-05-15,Tuolumne,109,53932,3,2,0,2,0
2020-05-15,Ventura,111,848112,1105,789,0,789,25
2020-05-15,Yolo,113,214977,192,182,0,182,22
2020-05-15,Yuba,115,75493,26,21,0,21,1
2020-05-14,Alameda,001,1643700,2701,2255,0,2255,80
2020-05-14,Alpine,003,1148,1,1,0,1,0
2020-05-14,Amador,005,37829,10,8,0,8,0
2020-05-14,Butte,007,227075,39,22,1,23,0
2020-05-14,Calaveras,009,45235,14,13,0,13,0
2020-05-14,Colusa,011,21464,3,3,0,3,0
2020-05-14,Contra Costa,013,1133247,1259,1090,0,1090,32
2020-05-14,Del Norte,015,27424,14,4,0,4,0
2020-05-14,El Dorado,017,186661,76,59,0,59,0
2020-05-14,Fresno,019,978130,2055,1038,24,1062,12
2020-05-14,Glenn,021,27897,12,8,0,8,0
2020-05-14,Humboldt,023,135768,89,59,0,59,0
2020-05-14,Imperial,025,180216,1488,652,1,653,13
2020-05-14,Inyo,027,18085,19,20,0,20,1
2020-05-14,Kern,029,883053,1832,1430,3,1433,21
2020-05-14,Kings,031,150075,457,342,2,344,1
2020-05-14,Lake,033,64148,13,7,0,7,0
2020-05-14,Lassen,035,31185,1,0,2,2,0
2020-05-14,Los Angeles,037,10098052,44255,35427,20,35447,1693
2020-05-14,Madera,039,155013,144,69,1,70,2
2020-05-14,Marin,041,260295,320,283,1,284,14
2020-05-14,Mariposa,043,17540,15,15,0,15,0
2020-05-14,Mendocino,045,87422,14,10,0,10,0
2020-05-14,Merced,047,269075,290,182,0,182,3
2020-05-14,Modoc,049,8938,0,0,0,0,0
2020-05-14,Mono,051,14174,36,31,0,31,1
2020-05-14,Monterey,053,433212,384,317,0,317,7
2020-05-14,Napa,055,140530,100,83,0,83,3
2020-05-14,Nevada,057,99092,41,41,1,42,1
2020-05-14,Orange,059,3164182,6147,4163,33,4196,83
2020-05-14,Placer,061,380077,190,172,0,172,8
2020-05-14,Plumas,063,18699,4,4,0,4,0
2020-05-14,Riverside,065,2383286,6360,5339,9,5348,224
2020-05-14,Sacramento,067,1510023,1273,1181,0,1181,55
2020-05-14,San Benito,069,59416,59,56,0,56,2
2020-05-14,San Bernardino,071,2135413,4195,3149,3,3152,149
2020-05-14,San Diego,073,3302833,6482,5393,0,5393,200
2020-05-14,San Francisco,075,870044,2266,2029,0,2029,36
2020-05-14,San Joaquin,077,732212,752,643,4,647,31
2020-05-14,San Luis Obispo,079,281455,288,236,1,237,1
2020-05-14,San Mateo,081,765935,1874,1588,2,1590,67
2020-05-14,Santa Barbara,083,443738,1749,1395,3,1398,11
2020-05-14,Santa Clara,085,1922200,2813,2380,3,2383,134
2020-05-14,Santa Cruz,087,273765,169,145,0,145,3
2020-05-14,Shasta,089,179085,45,33,0,33,4
2020-05-14,Sierra,091,2930,0,0,0,0,0
2020-05-14,Siskiyou,093,43540,5,5,0,5,0
2020-05-14,Solano,095,438530,465,372,0,372,4
2020-05-14,Sonoma,097,501317,420,333,0,333,4
2020-05-14,Stanislaus,099,539301,611,533,4,537,23
2020-05-14,Sutter,101,95872,38,34,0,34,2
2020-05-14,Tehama,103,63373,3,1,0,1,1
2020-05-14,Trinity,105,12862,1,1,0,1,0
2020-05-14,Tulare,107,460477,1817,1317,3,1320,55
2020-05-14,Tuolumne,109,53932,3,2,0,2,0
2020-05-14,Ventura,111,848112,1077,760,0,760,25
2020-05-14,Yolo,113,214977,192,180,0,180,22
2020-05-14,Yuba,115,75493,26,21,0,21,1
2020-05-13,Alameda,001,1643700,2643,2181,0,2181,78
2020-05-13,Alpine,003,1148,1,1,0,1,0
2020-05-13,Amador,005,37829,10,8,0,8,0
2020-05-13,Butte,007,227075,39,21,1,22,0
2020-05-13,Calaveras,009,45235,14,13,0,13,0
2020-05-13,Colusa,011,21464,3,3,0,3,0
2020-05-13,Contra Costa,013,1133247,1237,1082,0,1082,32
2020-05-13,Del Norte,015,27424,13,4,0,4,0
2020-05-13,El Dorado,017,186661,75,58,0,58,0
2020-05-13,Fresno,019,978130,1963,993,24,1017,10
2020-05-13,Glenn,021,27897,11,6,0,6,0
2020-05-13,Humboldt,023,135768,83,58,0,58,0
2020-05-13,Imperial,025,180216,1418,610,1,611,11
2020-05-13,Inyo,027,18085,19,20,0,20,1
2020-05-13,Kern,029,883053,1787,1390,3,1393,19
2020-05-13,Kings,031,150075,444,314,2,316,1
2020-05-13,Lake,033,64148,13,7,0,7,0
2020-05-13,Lassen,035,31185,1,0,2,2,0
2020-05-13,Los Angeles,037,10098052,42949,34574,20,34594,1643
2020-05-13,Madera,039,155013,135,69,1,70,2
2020-05-13,Marin,041,260295,307,278,1,279,14
2020-05-13,Mariposa,043,17540,15,15,0,15,0
2020-05-13,Mendocino,045,87422,14,10,0,10,0
2020-05-13,Merced,047,269075,287,176,0,176,3
2020-05-13,Modoc,049,8938,0,0,0,0,0
2020-05-13,Mono,051,14174,35,31,0,31,1
2020-05-13,Monterey,053,433212,374,309,0,309,6
2020-05-13,Napa,055,140530,100,81,0,81,3
2020-05-13,Nevada,057,99092,41,41,1,42,1
2020-05-13,Orange,059,3164182,5901,4025,31,4056,79
2020-05-13,Placer,061,380077,189,170,0,170,8
2020-05-13,Plumas,063,18699,4,4,0,4,0
2020-05-13,Riverside,065,2383286,6237,5204,9,5213,216
2020-05-13,Sacramento,067,1510023,1258,1173,0,1173,53
2020-05-13,San Benito,069,59416,59,55,0,55,2
2020-05-13,San Bernardino,071,2135413,3940,3064,2,3066,140
2020-05-13,San Diego,073,3302833,6346,5280,0,5280,194
2020-05-13,San Francisco,075,870044,2238,2004,0,2004,35
2020-05-13,San Joaquin,077,732212,731,639,3,642,31
2020-05-13,San Luis Obispo,079,281455,286,231,1,232,1
2020-05-13,San Mateo,081,765935,1842,1550,2,1552,66
2020-05-13,Santa Barbara,083,443738,1733,1382,3,1385,10
2020-05-13,Santa Clara,085,1922200,2794,2370,3,2373,132
2020-05-13,Santa Cruz,087,273765,165,142,0,142,2
2020-05-13,Shasta,089,179085,45,32,0,32,4
2020-05-13,Sierra,091,2930,0,0,0,0,0
2020-05-13,Siskiyou,093,43540,5,5,0,5,0
2020-05-13,Solano,095,438530,452,368,0,368,4
2020-05-13,Sonoma,097,501317,410,330,0,330,4
2020-05-13,Stanislaus,099,539301,602,521,4,525,15
2020-05-13,Sutter,101,95872,38,33,0,33,2
2020-05-13,Tehama,103,63373,3,1,0,1,1
2020-05-13,Trinity,105,12862,1,2,0,2,0
2020-05-13,Tulare,107,460477,1784,1283,3,1286,54
2020-05-13,Tuolumne,109,53932,3,2,0,2,0
2020-05-13,Ventura,111,848112,1050,742,0,742,25
2020-05-13,Yolo,113,214977,190,178,0,178,22
2020-05-13,Yuba,115,75493,24,19,0,19,1
2020-05-12,Alameda,001,1643700,2580,2146,0,2146,74
2020-05-12,Alpine,003,1148,1,1,0,1,0
2020-05-12,Amador,005,37829,10,8,0,8,0
2020-05-12,Butte,007,227075,37,20,1,21,0
2020-05-12,Calaveras,009,45235,13,13,0,13,0
2020-05-12,Colusa,011,21464,3,3,0,3,0
2020-05-12,Contra Costa,013,1133247,1206,1067,0,1067,32
2020-05-12,Del Norte,015,27424,10,3,0,3,0
2020-05-12,El Dorado,017,186661,72,56,0,56,0
2020-05-12,Fresno,019,978130,1880,978,24,1002,9
2020-05-12,Glenn,021,27897,10,6,0,6,0
2020-05-12,Humboldt,023,135768,80,58,0,58,0
2020-05-12,Imperial,025,180216,1287,602,1,603,9
2020-05-12,Inyo,027,18085,19,20,0,20,1
2020-05-12,Kern,029,883053,1746,1363,3,1366,18
2020-05-12,Kings,031,150075,423,302,2,304,1
2020-05-12,Lake,033,64148,13,7,0,7,0
2020-05-12,Lassen,035,31185,1,0,2,2,0
2020-05-12,Los Angeles,037,10098052,41954,33281,19,33300,1601
2020-05-12,Madera,039,155013,131,69,1,70,2
2020-05-12,Marin,041,260295,302,274,1,275,14
2020-05-12,Mariposa,043,17540,15,15,0,15,0
2020-05-12,Mendocino,045,87422,14,10,0,10,0
2020-05-12,Merced,047,269075,276,175,0,175,3
2020-05-12,Modoc,049,8938,0,0,0,0,0
2020-05-12,Mono,051,14174,35,31,0,31,1
2020-05-12,Monterey,053,433212,367,298,0,298,6
2020-05-12,Napa,055,140530,98,80,0,80,3
2020-05-12,Nevada,057,99092,41,41,1,42,1
2020-05-12,Orange,059,3164182,5719,3843,29,3872,78
2020-05-12,Placer,061,380077,188,170,0,170,8
2020-05-12,Plumas,063,18699,4,4,0,4,0
2020-05-12,Riverside,065,2383286,6115,5134,9,5143,210
2020-05-12,Sacramento,067,1510023,1238,1166,0,1166,52
2020-05-12,San Benito,069,59416,59,55,0,55,2
2020-05-12,San Bernardino,071,2135413,3789,2997,2,2999,131
2020-05-12,San Diego,073,3302833,6202,3,0,3,0
2020-05-12,San Francisco,075,870044,2203,1981,0,1981,35
2020-05-12,San Joaquin,077,732212,716,625,3,628,30
2020-05-12,San Luis Obispo,079,281455,283,226,1,227,1
2020-05-12,San Mateo,081,765935,1816,1533,2,1535,66
2020-05-12,Santa Barbara,083,443738,1693,1377,3,1380,10
2020-05-12,Santa Clara,085,1922200,2764,2362,3,2365,131
2020-05-12,Santa Cruz,087,273765,163,141,0,141,2
2020-05-12,Shasta,089,179085,44,33,0,33,4
2020-05-12,Sierra,091,2930,0,0,0,0,0
2020-05-12,Siskiyou,093,43540,5,5,0,5,0
2020-05-12,Solano,095,438530,444,361,0,361,4
2020-05-12,Sonoma,097,501317,387,308,0,308,4
2020-05-12,Stanislaus,099,539301,595,515,4,519,15
2020-05-12,Sutter,101,95872,38,33,0,33,2
2020-05-12,Tehama,103,63373,3,1,0,1,1
2020-05-12,Trinity,105,12862,1,1,0,1,0
2020-05-12,Tulare,107,460477,1754,1261,2,1263,52
2020-05-12,Tuolumne,109,53932,3,2,0,2,0
2020-05-12,Ventura,111,848112,1013,718,0,718,20
2020-05-12,Yolo,113,214977,189,176,0,176,22
2020-05-12,Yuba,115,75493,24,19,0,19,1
2020-05-11,Alameda,001,1643700,2530,2103,0,2103,71
2020-05-11,Alpine,003,1148,1,1,0,1,0
2020-05-11,Amador,005,37829,10,8,0,8,0
2020-05-11,Butte,007,227075,36,19,1,20,0
2020-05-11,Calaveras,009,45235,13,13,0,13,0
2020-05-11,Colusa,011,21464,3,3,0,3,0
2020-05-11,Contra Costa,013,1133247,1192,1052,0,1052,32
2020-05-11,Del Norte,015,27424,8,3,0,3,0
2020-05-11,El Dorado,017,186661,72,55,0,55,0
2020-05-11,Fresno,019,978130,1793,937,22,959,8
2020-05-11,Glenn,021,27897,10,6,0,6,0
2020-05-11,Humboldt,023,135768,77,56,0,56,0
2020-05-11,Imperial,025,180216,1181,562,1,563,9
2020-05-11,Inyo,027,18085,19,20,0,20,1
2020-05-11,Kern,029,883053,1694,1331,3,1334,17
2020-05-11,Kings,031,150075,400,289,1,290,1
2020-05-11,Lake,033,64148,12,7,0,7,0
2020-05-11,Lassen,035,31185,1,0,2,2,0
2020-05-11,Los Angeles,037,10098052,40775,32279,19,32298,1553
2020-05-11,Madera,039,155013,123,68,1,69,2
2020-05-11,Marin,041,260295,293,271,1,272,14
2020-05-11,Mariposa,043,17540,15,15,0,15,0
2020-05-11,Mendocino,045,87422,14,10,0,10,0
2020-05-11,Merced,047,269075,261,158,0,158,3
2020-05-11,Modoc,049,8938,0,0,0,0,0
2020-05-11,Mono,051,14174,35,30,0,30,1
2020-05-11,Monterey,053,433212,364,286,0,286,6
2020-05-11,Napa,055,140530,92,79,0,79,2
2020-05-11,Nevada,057,99092,41,41,1,42,1
2020-05-11,Orange,059,3164182,5512,3699,24,3723,77
2020-05-11,Placer,061,380077,188,170,0,170,8
2020-05-11,Plumas,063,18699,4,4,0,4,0
2020-05-11,Riverside,065,2383286,5958,5082,9,5091,203
2020-05-11,Sacramento,067,1510023,1223,1160,0,1160,52
2020-05-11,San Benito,069,59416,57,52,0,52,2
2020-05-11,San Bernardino,071,2135413,3679,2945,2,2947,124
2020-05-11,San Diego,073,3302833,6049,5067,0,5067,175
2020-05-11,San Francisco,075,870044,2156,1974,0,1974,35
2020-05-11,San Joaquin,077,732212,706,620,3,623,30
2020-05-11,San Luis Obispo,079,281455,281,224,1,225,1
2020-05-11,San Mateo,081,765935,1790,1499,2,1501,66
2020-05-11,Santa Barbara,083,443738,1672,1372,3,1375,10
2020-05-11,Santa Clara,085,1922200,2748,2340,3,2343,129
2020-05-11,Santa Cruz,087,273765,160,140,0,140,2
2020-05-11,Shasta,089,179085,44,31,0,31,4
2020-05-11,Sierra,091,2930,0,0,0,0,0
2020-05-11,Siskiyou,093,43540,5,5,0,5,0
2020-05-11,Solano,095,438530,439,354,0,354,4
2020-05-11,Sonoma,097,501317,377,303,0,303,3
2020-05-11,Stanislaus,099,539301,585,507,4,511,14
2020-05-11,Sutter,101,95872,37,32,0,32,2
2020-05-11,Tehama,103,63373,3,1,0,1,1
2020-05-11,Trinity,105,12862,1,1,0,1,0
2020-05-11,Tulare,107,460477,1705,1203,2,1205,49
2020-05-11,Tuolumne,109,53932,3,2,0,2,0
2020-05-11,Ventura,111,848112,969,698,0,698,19
2020-05-11,Yolo,113,214977,189,174,0,174,20
2020-05-11,Yuba,115,75493,24,18,0,18,1
2020-05-10,Alameda,001,1643700,2453,2047,0,2047,71
2020-05-10,Alpine,003,1148,1,1,0,1,0
2020-05-10,Amador,005,37829,10,8,0,8,0
2020-05-10,Butte,007,227075,32,18,1,19,0
2020-05-10,Calaveras,009,45235,13,13,0,13,0
2020-05-10,Colusa,011,21464,3,3,0,3,0
2020-05-10,Contra Costa,013,1133247,1178,1046,0,1046,31
2020-05-10,Del Norte,015,27424,7,3,0,3,0
2020-05-10,El Dorado,017,186661,72,55,0,55,0
2020-05-10,Fresno,019,978130,1711,894,22,916,8
2020-05-10,Glenn,021,27897,10,6,0,6,0
2020-05-10,Humboldt,023,135768,73,56,0,56,0
2020-05-10,Imperial,025,180216,1085,509,1,510,7
2020-05-10,Inyo,027,18085,19,20,0,20,1
2020-05-10,Kern,029,883053,1644,1300,2,1302,16
2020-05-10,Kings,031,150075,387,266,1,267,1
2020-05-10,Lake,033,64148,12,7,0,7,0
2020-05-10,Lassen,035,31185,1,0,2,2,0
2020-05-10,Los Angeles,037,10098052,39515,31711,19,31730,1514
2020-05-10,Madera,039,155013,121,65,1,66,2
2020-05-10,Marin,041,260295,285,267,1,268,14
2020-05-10,Mariposa,043,17540,15,15,0,15,0
2020-05-10,Mendocino,045,87422,13,10,0,10,0
2020-05-10,Merced,047,269075,246,154,0,154,3
2020-05-10,Modoc,049,8938,0,0,0,0,0
2020-05-10,Mono,051,14174,35,27,0,27,1
2020-05-10,Monterey,053,433212,350,282,0,282,6
2020-05-10,Napa,055,140530,86,79,0,79,2
2020-05-10,Nevada,057,99092,41,41,1,42,1
2020-05-10,Orange,059,3164182,5367,3627,24,3651,76
2020-05-10,Placer,061,380077,187,168,0,168,8
2020-05-10,Plumas,063,18699,4,4,0,4,0
2020-05-10,Riverside,065,2383286,5836,4951,9,4960,193
2020-05-10,Sacramento,067,1510023,1207,1152,0,1152,52
2020-05-10,San Benito,069,59416,57,52,0,52,2
2020-05-10,San Bernardino,071,2135413,3581,2910,2,2912,121
2020-05-10,San Diego,073,3302833,5897,4928,0,4928,175
2020-05-10,San Francisco,075,870044,2138,1953,0,1953,35
2020-05-10,San Joaquin,077,732212,691,611,3,614,29
2020-05-10,San Luis Obispo,079,281455,278,218,1,219,1
2020-05-10,San Mateo,081,765935,1768,1463,2,1465,65
2020-05-10,Santa Barbara,083,443738,1650,1323,3,1326,10
2020-05-10,Santa Clara,085,1922200,2724,2331,3,2334,129
2020-05-10,Santa Cruz,087,273765,159,139,0,139,2
2020-05-10,Shasta,089,179085,44,31,0,31,4
2020-05-10,Sierra,091,2930,0,0,0,0,0
2020-05-10,Siskiyou,093,43540,5,5,0,5,0
2020-05-10,Solano,095,438530,429,322,0,322,4
2020-05-10,Sonoma,097,501317,367,290,0,290,3
2020-05-10,Stanislaus,099,539301,578,498,4,502,14
2020-05-10,Sutter,101,95872,34,31,0,31,2
2020-05-10,Tehama,103,63373,3,1,0,1,1
2020-05-10,Trinity,105,12862,1,1,0,1,0
2020-05-10,Tulare,107,460477,1637,1143,2,1145,47
2020-05-10,Tuolumne,109,53932,3,2,0,2,0
2020-05-10,Ventura,111,848112,921,690,0,690,19
2020-05-10,Yolo,113,214977,189,173,0,173,20
2020-05-10,Yuba,115,75493,23,17,0,17,1
2020-05-09,Alameda,001,1643700,2410,2011,0,2011,71
2020-05-09,Alpine,003,1148,1,1,0,1,0
2020-05-09,Amador,005,37829,9,8,0,8,0
2020-05-09,Butte,007,227075,31,18,1,19,0
2020-05-09,Calaveras,009,45235,13,13,0,13,0
2020-05-09,Colusa,011,21464,3,3,0,3,0
2020-05-09,Contra Costa,013,1133247,1164,1039,0,1039,31
2020-05-09,Del Norte,015,27424,7,3,0,3,0
2020-05-09,El Dorado,017,186661,69,54,0,54,0
2020-05-09,Fresno,019,978130,1673,861,21,882,8
2020-05-09,Glenn,021,27897,9,6,0,6,0
2020-05-09,Humboldt,023,135768,71,55,0,55,0
2020-05-09,Imperial,025,180216,1029,474,1,475,7
2020-05-09,Inyo,027,18085,19,20,0,20,1
2020-05-09,Kern,029,883053,1608,1262,1,1263,15
2020-05-09,Kings,031,150075,382,264,1,265,1
2020-05-09,Lake,033,64148,12,7,0,7,0
2020-05-09,Lassen,035,31185,1,0,2,2,0
2020-05-09,Los Angeles,037,10098052,38893,31268,19,31287,1499
2020-05-09,Madera,039,155013,120,61,1,62,2
2020-05-09,Marin,041,260295,284,261,1,262,14
2020-05-09,Mariposa,043,17540,15,15,0,15,0
2020-05-09,Mendocino,045,87422,13,10,0,10,0
2020-05-09,Merced,047,269075,242,153,0,153,3
2020-05-09,Modoc,049,8938,0,0,0,0,0
2020-05-09,Mono,051,14174,35,27,0,27,1
2020-05-09,Monterey,053,433212,343,273,0,273,6
2020-05-09,Napa,055,140530,85,78,0,78,2
2020-05-09,Nevada,057,99092,41,41,1,42,1
2020-05-09,Orange,059,3164182,5285,3506,23,3529,75
2020-05-09,Placer,061,380077,186,168,0,168,8
2020-05-09,Plumas,063,18699,4,4,0,4,0
2020-05-09,Riverside,065,2383286,5742,4871,9,4880,183
2020-05-09,Sacramento,067,1510023,1203,1150,0,1150,52
2020-05-09,San Benito,069,59416,56,52,0,52,2
2020-05-09,San Bernardino,071,2135413,3525,2825,2,2827,121
2020-05-09,San Diego,073,3302833,5785,4778,0,4778,175
2020-05-09,San Francisco,075,870044,2123,1944,0,1944,34
2020-05-09,San Joaquin,077,732212,682,605,3,608,28
2020-05-09,San Luis Obispo,079,281455,274,213,1,214,1
2020-05-09,San Mateo,081,765935,1749,1453,2,1455,65
2020-05-09,Santa Barbara,083,443738,1637,1245,3,1248,10
2020-05-09,Santa Clara,085,1922200,2712,2317,3,2320,128
2020-05-09,Santa Cruz,087,273765,158,138,0,138,2
2020-05-09,Shasta,089,179085,44,31,0,31,4
2020-05-09,Sierra,091,2930,0,0,0,0,0
2020-05-09,Siskiyou,093,43540,5,5,0,5,0
2020-05-09,Solano,095,438530,423,321,0,321,4
2020-05-09,Sonoma,097,501317,363,288,0,288,3
2020-05-09,Stanislaus,099,539301,570,491,4,495,12
2020-05-09,Sutter,101,95872,34,31,0,31,2
2020-05-09,Tehama,103,63373,2,1,0,1,1
2020-05-09,Trinity,105,12862,1,1,0,1,0
2020-05-09,Tulare,107,460477,1609,1083,2,1085,47
2020-05-09,Tuolumne,109,53932,3,2,0,2,0
2020-05-09,Ventura,111,848112,900,679,0,679,19
2020-05-09,Yolo,113,214977,189,172,0,172,18
2020-05-09,Yuba,115,75493,23,17,0,17,1
2020-05-08,Alameda,001,1643700,2367,1955,0,1955,70
2020-05-08,Alpine,003,1148,1,1,0,1,0
2020-05-08,Amador,005,37829,9,8,0,8,0
2020-05-08,Butte,007,227075,31,18,1,19,0
2020-05-08,Calaveras,009,45235,13,13,0,13,0
2020-05-08,Colusa,011,21464,3,3,0,3,0
2020-05-08,Contra Costa,013,1133247,1152,1024,0,1024,29
2020-05-08,Del Norte,015,27424,7,3,0,3,0
2020-05-08,El Dorado,017,186661,68,54,0,54,0
2020-05-08,Fresno,019,978130,1636,838,20,858,8
2020-05-08,Glenn,021,27897,8,6,0,6,0
2020-05-08,Humboldt,023,135768,68,54,0,54,0
2020-05-08,Imperial,025,180216,983,467,1,468,7
2020-05-08,Inyo,027,18085,19,20,0,20,1
2020-05-08,Kern,029,883053,1577,1214,1,1215,13
2020-05-08,Kings,031,150075,373,236,1,237,1
2020-05-08,Lake,033,64148,12,7,0,7,0
2020-05-08,Lassen,035,31185,1,0,2,2,0
2020-05-08,Los Angeles,037,10098052,38163,30357,19,30376,1447
2020-05-08,Madera,039,155013,117,57,1,58,2
2020-05-08,Marin,041,260295,284,257,1,258,14
2020-05-08,Mariposa,043,17540,15,15,0,15,0
2020-05-08,Mendocino,045,87422,13,10,0,10,0
2020-05-08,Merced,047,269075,241,151,0,151,3
2020-05-08,Modoc,049,8938,0,0,0,0,0
2020-05-08,Mono,051,14174,32,27,0,27,1
2020-05-08,Monterey,053,433212,335,265,0,265,6
2020-05-08,Napa,055,140530,84,78,0,78,2
2020-05-08,Nevada,057,99092,41,41,1,42,1
2020-05-08,Orange,059,3164182,5141,3395,23,3418,72
2020-05-08,Placer,061,380077,184,166,0,166,8
2020-05-08,Plumas,063,18699,4,4,0,4,0
2020-05-08,Riverside,065,2383286,5644,4672,8,4680,181
2020-05-08,Sacramento,067,1510023,1198,1145,0,1145,51
2020-05-08,San Benito,069,59416,56,51,0,51,2
2020-05-08,San Bernardino,071,2135413,3477,2631,2,2633,119
2020-05-08,San Diego,073,3302833,5678,4664,0,4664,169
2020-05-08,San Francisco,075,870044,2105,1890,0,1890,33
2020-05-08,San Joaquin,077,732212,675,595,3,598,28
2020-05-08,San Luis Obispo,079,281455,271,210,1,211,1
2020-05-08,San Mateo,081,765935,1664,1423,2,1425,62
2020-05-08,Santa Barbara,083,443738,1624,1054,2,1056,8
2020-05-08,Santa Clara,085,1922200,2689,2285,3,2288,128
2020-05-08,Santa Cruz,087,273765,154,137,0,137,2
2020-05-08,Shasta,089,179085,44,31,0,31,4
2020-05-08,Sierra,091,2930,0,0,0,0,0
2020-05-08,Siskiyou,093,43540,5,5,0,5,0
2020-05-08,Solano,095,438530,418,314,0,314,4
2020-05-08,Sonoma,097,501317,358,285,0,285,3
2020-05-08,Stanislaus,099,539301,556,487,4,491,12
2020-05-08,Sutter,101,95872,34,30,0,30,2
2020-05-08,Tehama,103,63373,2,1,0,1,1
2020-05-08,Trinity,105,12862,1,0,0,0,0
2020-05-08,Tulare,107,460477,1564,1050,2,1052,43
2020-05-08,Tuolumne,109,53932,3,2,0,2,0
2020-05-08,Ventura,111,848112,883,665,0,665,19
2020-05-08,Yolo,113,214977,188,172,0,172,18
2020-05-08,Yuba,115,75493,22,16,0,16,1
2020-05-07,Alameda,001,1643700,2307,1914,0,1914,68
2020-05-07,Alpine,003,1148,1,1,0,1,0
2020-05-07,Amador,005,37829,9,8,0,8,0
2020-05-07,Butte,007,227075,31,19,1,20,0
2020-05-07,Calaveras,009,45235,13,13,0,13,0
2020-05-07,Colusa,011,21464,3,3,0,3,0
2020-05-07,Contra Costa,013,1133247,1138,1005,0,1005,29
2020-05-07,Del Norte,015,27424,6,3,0,3,0
2020-05-07,El Dorado,017,186661,67,54,0,54,0
2020-05-07,Fresno,019,978130,1556,812,19,831,8
2020-05-07,Glenn,021,27897,8,5,0,5,0
2020-05-07,Humboldt,023,135768,67,54,0,54,0
2020-05-07,Imperial,025,180216,920,442,1,443,6
2020-05-07,Inyo,027,18085,19,20,0,20,1
2020-05-07,Kern,029,883053,1533,1176,1,1177,13
2020-05-07,Kings,031,150075,351,219,1,220,1
2020-05-07,Lake,033,64148,11,7,0,7,0
2020-05-07,Lassen,035,31185,1,0,2,2,0
2020-05-07,Los Angeles,037,10098052,37041,29544,19,29563,1399
2020-05-07,Madera,039,155013,113,54,1,55,2
2020-05-07,Marin,041,260295,277,252,1,253,14
2020-05-07,Mariposa,043,17540,15,15,0,15,0
2020-05-07,Mendocino,045,87422,13,10,0,10,0
2020-05-07,Merced,047,269075,233,146,0,146,3
2020-05-07,Modoc,049,8938,0,0,0,0,0
2020-05-07,Mono,051,14174,32,26,0,26,1
2020-05-07,Monterey,053,433212,327,249,0,249,6
2020-05-07,Napa,055,140530,84,78,0,78,2
2020-05-07,Nevada,057,99092,41,41,1,42,1
2020-05-07,Orange,059,3164182,4958,3283,22,3305,69
2020-05-07,Placer,061,380077,184,165,0,165,8
2020-05-07,Plumas,063,18699,4,4,0,4,0
2020-05-07,Riverside,065,2383286,5528,4608,8,4616,170
2020-05-07,Sacramento,067,1510023,1192,1139,0,1139,50
2020-05-07,San Benito,069,59416,56,50,0,50,2
2020-05-07,San Bernardino,071,2135413,3385,2522,2,2524,115
2020-05-07,San Diego,073,3302833,5521,4431,0,4431,165
2020-05-07,San Francisco,075,870044,2074,1852,0,1852,33
2020-05-07,San Joaquin,077,732212,662,583,3,586,28
2020-05-07,San Luis Obispo,079,281455,260,209,1,210,1
2020-05-07,San Mateo,081,765935,1642,1398,2,1400,58
2020-05-07,Santa Barbara,083,443738,1592,720,2,722,8
2020-05-07,Santa Clara,085,1922200,2652,2281,3,2284,127
2020-05-07,Santa Cruz,087,273765,151,136,0,136,2
2020-05-07,Shasta,089,179085,43,31,0,31,4
2020-05-07,Sierra,091,2930,0,0,0,0,0
2020-05-07,Siskiyou,093,43540,5,5,0,5,0
2020-05-07,Solano,095,438530,412,307,0,307,4
2020-05-07,Sonoma,097,501317,346,282,0,282,3
2020-05-07,Stanislaus,099,539301,547,466,4,470,10
2020-05-07,Sutter,101,95872,34,29,0,29,2
2020-05-07,Tehama,103,63373,2,1,0,1,1
2020-05-07,Trinity,105,12862,1,0,0,0,0
2020-05-07,Tulare,107,460477,1498,1001,2,1003,41
2020-05-07,Tuolumne,109,53932,3,2,0,2,0
2020-05-07,Ventura,111,848112,861,647,0,647,19
2020-05-07,Yolo,113,214977,187,172,0,172,18
2020-05-07,Yuba,115,75493,22,16,0,16,1
2020-05-06,Alameda,001,1643700,2269,1864,0,1864,67
2020-05-06,Alpine,003,1148,1,1,0,1,0
2020-05-06,Amador,005,37829,9,8,0,8,0
2020-05-06,Butte,007,227075,30,19,1,20,0
2020-05-06,Calaveras,009,45235,13,13,0,13,0
2020-05-06,Colusa,011,21464,3,3,0,3,0
2020-05-06,Contra Costa,013,1133247,1117,990,0,990,29
2020-05-06,Del Norte,015,27424,6,3,0,3,0
2020-05-06,El Dorado,017,186661,65,53,0,53,0
2020-05-06,Fresno,019,978130,1495,773,17,790,8
2020-05-06,Glenn,021,27897,8,3,0,3,0
2020-05-06,Humboldt,023,135768,66,54,0,54,0
2020-05-06,Imperial,025,180216,852,399,1,400,6
2020-05-06,Inyo,027,18085,19,20,0,20,1
2020-05-06,Kern,029,883053,1478,1112,1,1113,12
2020-05-06,Kings,031,150075,333,208,1,209,1
2020-05-06,Lake,033,64148,11,7,0,7,0
2020-05-06,Lassen,035,31185,1,0,2,2,0
2020-05-06,Los Angeles,037,10098052,36035,28687,19,28706,1347
2020-05-06,Madera,039,155013,111,55,1,56,2
2020-05-06,Marin,041,260295,270,244,1,245,14
2020-05-06,Mariposa,043,17540,15,14,0,14,0
2020-05-06,Mendocino,045,87422,13,10,0,10,0
2020-05-06,Merced,047,269075,226,140,0,140,3
2020-05-06,Modoc,049,8938,0,0,0,0,0
2020-05-06,Mono,051,14174,32,26,0,26,1
2020-05-06,Monterey,053,433212,319,246,0,246,6
2020-05-06,Napa,055,140530,83,78,0,78,2
2020-05-06,Nevada,057,99092,41,41,1,42,1
2020-05-06,Orange,059,3164182,4775,3156,21,3177,66
2020-05-06,Placer,061,380077,181,164,0,164,8
2020-05-06,Plumas,063,18699,4,4,0,4,0
2020-05-06,Riverside,065,2383286,5384,4535,8,4543,163
2020-05-06,Sacramento,067,1510023,1185,1135,0,1135,49
2020-05-06,San Benito,069,59416,55,50,0,50,2
2020-05-06,San Bernardino,071,2135413,3263,2426,1,2427,110
2020-05-06,San Diego,073,3302833,5388,4321,0,4321,158
2020-05-06,San Francisco,075,870044,2049,1804,0,1804,32
2020-05-06,San Joaquin,077,732212,649,581,3,584,28
2020-05-06,San Luis Obispo,079,281455,257,207,1,208,1
2020-05-06,San Mateo,081,765935,1611,1348,2,1350,57
2020-05-06,Santa Barbara,083,443738,1545,565,2,567,8
2020-05-06,Santa Clara,085,1922200,2636,2270,3,2273,127
2020-05-06,Santa Cruz,087,273765,147,135,0,135,2
2020-05-06,Shasta,089,179085,43,31,0,31,4
2020-05-06,Sierra,091,2930,0,0,0,0,0
2020-05-06,Siskiyou,093,43540,5,5,0,5,0
2020-05-06,Solano,095,438530,402,300,0,300,4
2020-05-06,Sonoma,097,501317,330,269,0,269,3
2020-05-06,Stanislaus,099,539301,531,434,4,438,9
2020-05-06,Sutter,101,95872,34,29,0,29,2
2020-05-06,Tehama,103,63373,2,1,0,1,1
2020-05-06,Trinity,105,12862,1,0,0,0,0
2020-05-06,Tulare,107,460477,1450,963,2,965,40
2020-05-06,Tuolumne,109,53932,3,2,0,2,0
2020-05-06,Ventura,111,848112,836,619,0,619,19
2020-05-06,Yolo,113,214977,186,172,0,172,18
2020-05-06,Yuba,115,75493,22,15,0,15,1
2020-05-05,Alameda,001,1643700,2226,1819,0,1819,67
2020-05-05,Alpine,003,1148,1,1,0,1,0
2020-05-05,Amador,005,37829,9,8,0,8,0
2020-05-05,Butte,007,227075,29,19,1,20,0
2020-05-05,Calaveras,009,45235,13,13,0,13,0
2020-05-05,Colusa,011,21464,3,3,0,3,0
2020-05-05,Contra Costa,013,1133247,1099,976,0,976,29
2020-05-05,Del Norte,015,27424,6,3,0,3,0
2020-05-05,El Dorado,017,186661,63,54,0,54,0
2020-05-05,Fresno,019,978130,1422,726,15,741,8
2020-05-05,Glenn,021,27897,8,3,0,3,0
2020-05-05,Humboldt,023,135768,63,54,0,54,0
2020-05-05,Imperial,025,180216,797,389,1,390,6
2020-05-05,Inyo,027,18085,19,20,0,20,1
2020-05-05,Kern,029,883053,1427,1084,1,1085,11
2020-05-05,Kings,031,150075,317,187,1,188,1
2020-05-05,Lake,033,64148,10,7,0,7,0
2020-05-05,Lassen,035,31185,1,0,2,2,0
2020-05-05,Los Angeles,037,10098052,34965,27867,19,27886,1289
2020-05-05,Madera,039,155013,108,53,1,54,2
2020-05-05,Marin,041,260295,264,244,1,245,14
2020-05-05,Mariposa,043,17540,15,14,0,14,0
2020-05-05,Mendocino,045,87422,13,10,0,10,0
2020-05-05,Merced,047,269075,221,141,0,141,3
2020-05-05,Modoc,049,8938,0,0,0,0,0
2020-05-05,Mono,051,14174,32,25,0,25,1
2020-05-05,Monterey,053,433212,305,240,0,240,6
2020-05-05,Napa,055,140530,83,74,0,74,2
2020-05-05,Nevada,057,99092,41,41,1,42,1
2020-05-05,Orange,059,3164182,4653,3041,21,3062,63
2020-05-05,Placer,061,380077,181,162,0,162,8
2020-05-05,Plumas,063,18699,4,4,0,4,0
2020-05-05,Riverside,065,2383286,5274,4309,8,4317,161
2020-05-05,Sacramento,067,1510023,1178,1125,0,1125,48
2020-05-05,San Benito,069,59416,54,50,0,50,2
2020-05-05,San Bernardino,071,2135413,3170,2345,1,2346,104
2020-05-05,San Diego,073,3302833,5245,4162,0,4162,150
2020-05-05,San Francisco,075,870044,2014,1779,0,1779,31
2020-05-05,San Joaquin,077,732212,640,577,3,580,26
2020-05-05,San Luis Obispo,079,281455,256,203,1,204,1
2020-05-05,San Mateo,081,765935,1579,1335,2,1337,56
2020-05-05,Santa Barbara,083,443738,1319,541,2,543,7
2020-05-05,Santa Clara,085,1922200,2593,2249,3,2252,124
2020-05-05,Santa Cruz,087,273765,144,134,0,134,2
2020-05-05,Shasta,089,179085,42,31,0,31,4
2020-05-05,Sierra,091,2930,0,0,0,0,0
2020-05-05,Siskiyou,093,43540,5,5,0,5,0
2020-05-05,Solano,095,438530,386,299,0,299,4
2020-05-05,Sonoma,097,501317,327,263,0,263,3
2020-05-05,Stanislaus,099,539301,519,430,4,434,9
2020-05-05,Sutter,101,95872,34,29,0,29,2
2020-05-05,Tehama,103,63373,2,1,0,1,1
2020-05-05,Trinity,105,12862,1,0,0,0,0
2020-05-05,Tulare,107,460477,1361,869,2,871,40
2020-05-05,Tuolumne,109,53932,3,2,0,2,0
2020-05-05,Ventura,111,848112,813,607,0,607,19
2020-05-05,Yolo,113,214977,184,171,0,171,18
2020-05-05,Yuba,115,75493,22,15,0,15,1
2020-05-04,Alameda,001,1643700,2167,1762,0,1762,65
2020-05-04,Alpine,003,1148,1,1,0,1,0
2020-05-04,Amador,005,37829,8,8,0,8,0
2020-05-04,Butte,007,227075,28,16,1,17,0
2020-05-04,Calaveras,009,45235,13,13,0,13,0
2020-05-04,Colusa,011,21464,3,3,0,3,0
2020-05-04,Contra Costa,013,1133247,1081,949,0,949,28
2020-05-04,Del Norte,015,27424,5,3,0,3,0
2020-05-04,El Dorado,017,186661,62,51,0,51,0
2020-05-04,Fresno,019,978130,1354,680,14,694,8
2020-05-04,Glenn,021,27897,8,4,0,4,0
2020-05-04,Humboldt,023,135768,61,54,0,54,0
2020-05-04,Imperial,025,180216,744,351,1,352,6
2020-05-04,Inyo,027,18085,19,20,0,20,1
2020-05-04,Kern,029,883053,1386,1047,1,1048,8
2020-05-04,Kings,031,150075,300,153,1,154,1
2020-05-04,Lake,033,64148,9,7,0,7,0
2020-05-04,Lassen,035,31185,1,0,2,2,0
2020-05-04,Los Angeles,037,10098052,33662,26243,18,26261,1235
2020-05-04,Madera,039,155013,107,52,1,53,2
2020-05-04,Marin,041,260295,259,244,1,245,13
2020-05-04,Mariposa,043,17540,15,13,0,13,0
2020-05-04,Mendocino,045,87422,13,10,0,10,0
2020-05-04,Merced,047,269075,221,138,0,138,3
2020-05-04,Modoc,049,8938,0,0,0,0,0
2020-05-04,Mono,051,14174,32,25,0,25,1
2020-05-04,Monterey,053,433212,294,237,0,237,6
2020-05-04,Napa,055,140530,83,72,0,72,2
2020-05-04,Nevada,057,99092,41,41,1,42,1
2020-05-04,Orange,059,3164182,4515,2931,19,2950,57
2020-05-04,Placer,061,380077,179,162,0,162,8
2020-05-04,Plumas,063,18699,4,4,0,4,0
2020-05-04,Riverside,065,2383286,5181,4221,8,4229,147
2020-05-04,Sacramento,067,1510023,1168,1119,0,1119,44
2020-05-04,San Benito,069,59416,52,49,0,49,2
2020-05-04,San Bernardino,071,2135413,3028,2184,1,2185,99
2020-05-04,San Diego,073,3302833,5104,4022,0,4022,144
2020-05-04,San Francisco,075,870044,1976,1760,0,1760,31
2020-05-04,San Joaquin,077,732212,626,574,3,577,26
2020-05-04,San Luis Obispo,079,281455,253,202,1,203,1
2020-05-04,San Mateo,081,765935,1554,1313,2,1315,53
2020-05-04,Santa Barbara,083,443738,1062,524,2,526,7
2020-05-04,Santa Clara,085,1922200,2580,2238,3,2241,119
2020-05-04,Santa Cruz,087,273765,143,133,0,133,2
2020-05-04,Shasta,089,179085,40,31,0,31,4
2020-05-04,Sierra,091,2930,0,0,0,0,0
2020-05-04,Siskiyou,093,43540,5,5,0,5,0
2020-05-04,Solano,095,438530,372,293,0,293,4
2020-05-04,Sonoma,097,501317,313,256,0,256,4
2020-05-04,Stanislaus,099,539301,513,422,4,426,8
2020-05-04,Sutter,101,95872,31,28,0,28,2
2020-05-04,Tehama,103,63373,2,1,0,1,1
2020-05-04,Trinity,105,12862,0,0,0,0,0
2020-05-04,Tulare,107,460477,1284,760,2,762,40
2020-05-04,Tuolumne,109,53932,3,3,0,3,0
2020-05-04,Ventura,111,848112,793,590,0,590,19
2020-05-04,Yolo,113,214977,183,171,0,171,18
2020-05-04,Yuba,115,75493,19,16,0,16,1
2020-05-03,Alameda,001,1643700,2111,1731,0,1731,64
2020-05-03,Alpine,003,1148,1,1,0,1,0
2020-05-03,Amador,005,37829,8,8,0,8,0
2020-05-03,Butte,007,227075,28,17,1,18,0
2020-05-03,Calaveras,009,45235,13,13,0,13,0
2020-05-03,Colusa,011,21464,3,3,0,3,0
2020-05-03,Contra Costa,013,1133247,1065,945,0,945,28
2020-05-03,Del Norte,015,27424,5,3,0,3,0
2020-05-03,El Dorado,017,186661,60,49,0,49,0
2020-05-03,Fresno,019,978130,1262,646,12,658,8
2020-05-03,Glenn,021,27897,7,5,0,5,0
2020-05-03,Humboldt,023,135768,60,54,0,54,0
2020-05-03,Imperial,025,180216,687,351,1,352,6
2020-05-03,Inyo,027,18085,19,20,0,20,1
2020-05-03,Kern,029,883053,1331,1025,1,1026,8
2020-05-03,Kings,031,150075,280,137,1,138,1
2020-05-03,Lake,033,64148,9,7,0,7,0
2020-05-03,Lassen,035,31185,1,0,2,2,0
2020-05-03,Los Angeles,037,10098052,32679,25708,18,25726,1210
2020-05-03,Madera,039,155013,100,46,1,47,2
2020-05-03,Marin,041,260295,254,243,1,244,13
2020-05-03,Mariposa,043,17540,15,13,0,13,0
2020-05-03,Mendocino,045,87422,13,10,0,10,0
2020-05-03,Merced,047,269075,213,134,0,134,3
2020-05-03,Modoc,049,8938,0,0,0,0,0
2020-05-03,Mono,051,14174,32,25,0,25,1
2020-05-03,Monterey,053,433212,285,235,0,235,6
2020-05-03,Napa,055,140530,83,72,0,72,2
2020-05-03,Nevada,057,99092,41,41,1,42,1
2020-05-03,Orange,059,3164182,4342,2859,18,2877,55
2020-05-03,Placer,061,380077,179,161,0,161,8
2020-05-03,Plumas,063,18699,4,4,0,4,0
2020-05-03,Riverside,065,2383286,5076,4034,8,4042,139
2020-05-03,Sacramento,067,1510023,1159,1109,0,1109,43
2020-05-03,San Benito,069,59416,52,49,0,49,2
2020-05-03,San Bernardino,071,2135413,2967,2123,1,2124,99
2020-05-03,San Diego,073,3302833,4967,3929,0,3929,142
2020-05-03,San Francisco,075,870044,1948,1692,0,1692,30
2020-05-03,San Joaquin,077,732212,619,570,3,573,26
2020-05-03,San Luis Obispo,079,281455,250,200,1,201,1
2020-05-03,San Mateo,081,765935,1526,1277,2,1279,53
2020-05-03,Santa Barbara,083,443738,694,512,2,514,7
2020-05-03,Santa Clara,085,1922200,2553,2235,3,2238,116
2020-05-03,Santa Cruz,087,273765,143,133,0,133,2
2020-05-03,Shasta,089,179085,38,31,0,31,4
2020-05-03,Sierra,091,2930,0,0,0,0,0
2020-05-03,Siskiyou,093,43540,5,5,0,5,0
2020-05-03,Solano,095,438530,362,266,0,266,4
2020-05-03,Sonoma,097,501317,304,254,0,254,4
2020-05-03,Stanislaus,099,539301,485,411,4,415,8
2020-05-03,Sutter,101,95872,30,28,0,28,2
2020-05-03,Tehama,103,63373,2,1,0,1,1
2020-05-03,Trinity,105,12862,0,0,0,0,0
2020-05-03,Tulare,107,460477,1206,736,2,738,40
2020-05-03,Tuolumne,109,53932,3,3,0,3,0
2020-05-03,Ventura,111,848112,762,583,0,583,19
2020-05-03,Yolo,113,214977,182,171,0,171,18
2020-05-03,Yuba,115,75493,19,16,0,16,1
2020-05-02,Alameda,001,1643700,2074,1678,0,1678,63
2020-05-02,Alpine,003,1148,1,1,0,1,0
2020-05-02,Amador,005,37829,8,8,0,8,0
2020-05-02,Butte,007,227075,28,17,1,18,0
2020-05-02,Calaveras,009,45235,13,13,0,13,0
2020-05-02,Colusa,011,21464,3,3,0,3,0
2020-05-02,Contra Costa,013,1133247,1048,929,0,929,28
2020-05-02,Del Norte,015,27424,5,3,0,3,0
2020-05-02,El Dorado,017,186661,60,47,0,47,0
2020-05-02,Fresno,019,978130,1238,629,11,640,8
2020-05-02,Glenn,021,27897,7,5,0,5,0
2020-05-02,Humboldt,023,135768,60,54,0,54,0
2020-05-02,Imperial,025,180216,660,345,1,346,6
2020-05-02,Inyo,027,18085,19,20,0,20,1
2020-05-02,Kern,029,883053,1305,1007,1,1008,8
2020-05-02,Kings,031,150075,277,120,1,121,1
2020-05-02,Lake,033,64148,9,7,0,7,0
2020-05-02,Lassen,035,31185,1,0,2,2,0
2020-05-02,Los Angeles,037,10098052,32151,24955,18,24973,1192
2020-05-02,Madera,039,155013,100,46,1,47,2
2020-05-02,Marin,041,260295,253,243,1,244,13
2020-05-02,Mariposa,043,17540,15,13,0,13,0
2020-05-02,Mendocino,045,87422,13,10,0,10,0
2020-05-02,Merced,047,269075,210,131,0,131,3
2020-05-02,Modoc,049,8938,0,0,0,0,0
2020-05-02,Mono,051,14174,32,25,0,25,1
2020-05-02,Monterey,053,433212,279,225,0,225,5
2020-05-02,Napa,055,140530,83,71,0,71,2
2020-05-02,Nevada,057,99092,41,41,1,42,1
2020-05-02,Orange,059,3164182,4228,2774,18,2792,52
2020-05-02,Placer,061,380077,177,150,0,150,8
2020-05-02,Plumas,063,18699,4,4,0,4,0
2020-05-02,Riverside,065,2383286,5010,3997,8,4005,137
2020-05-02,Sacramento,067,1510023,1156,1097,0,1097,43
2020-05-02,San Benito,069,59416,52,49,0,49,2
2020-05-02,San Bernardino,071,2135413,2928,2124,1,2125,99
2020-05-02,San Diego,073,3302833,4865,3844,0,3844,138
2020-05-02,San Francisco,075,870044,1925,1632,0,1632,29
2020-05-02,San Joaquin,077,732212,611,559,3,562,25
2020-05-02,San Luis Obispo,079,281455,244,193,1,194,1
2020-05-02,San Mateo,081,765935,1510,1272,2,1274,52
2020-05-02,Santa Barbara,083,443738,682,506,2,508,7
2020-05-02,Santa Clara,085,1922200,2543,2203,3,2206,115
2020-05-02,Santa Cruz,087,273765,142,131,0,131,2
2020-05-02,Shasta,089,179085,38,31,0,31,4
2020-05-02,Sierra,091,2930,0,0,0,0,0
2020-05-02,Siskiyou,093,43540,5,5,0,5,0
2020-05-02,Solano,095,438530,355,267,0,267,4
2020-05-02,Sonoma,097,501317,301,250,0,250,3
2020-05-02,Stanislaus,099,539301,477,388,4,392,8
2020-05-02,Sutter,101,95872,30,28,0,28,2
2020-05-02,Tehama,103,63373,2,1,0,1,1
2020-05-02,Trinity,105,12862,0,0,0,0,0
2020-05-02,Tulare,107,460477,1165,711,2,713,35
2020-05-02,Tuolumne,109,53932,3,3,0,3,0
2020-05-02,Ventura,111,848112,748,564,0,564,19
2020-05-02,Yolo,113,214977,182,169,0,169,17
2020-05-02,Yuba,115,75493,19,16,0,16,1
2020-05-01,Alameda,001,1643700,2037,1630,0,1630,63
2020-05-01,Alpine,003,1148,1,1,0,1,0
2020-05-01,Amador,005,37829,8,8,0,8,0
2020-05-01,Butte,007,227075,28,17,1,18,0
2020-05-01,Calaveras,009,45235,13,13,0,13,0
2020-05-01,Colusa,011,21464,3,3,0,3,0
2020-05-01,Contra Costa,013,1133247,1034,915,0,915,28
2020-05-01,Del Norte,015,27424,5,3,0,3,0
2020-05-01,El Dorado,017,186661,60,47,0,47,0
2020-05-01,Fresno,019,978130,1207,617,11,628,7
2020-05-01,Glenn,021,27897,7,4,0,4,0
2020-05-01,Humboldt,023,135768,60,54,0,54,0
2020-05-01,Imperial,025,180216,623,337,1,338,6
2020-05-01,Inyo,027,18085,19,20,0,20,1
2020-05-01,Kern,029,883053,1278,972,1,973,8
2020-05-01,Kings,031,150075,260,112,1,113,1
2020-05-01,Lake,033,64148,9,6,0,6,0
2020-05-01,Lassen,035,31185,1,0,2,2,0
2020-05-01,Los Angeles,037,10098052,31396,24306,18,24324,1155
2020-05-01,Madera,039,155013,96,46,1,47,2
2020-05-01,Marin,041,260295,253,242,1,243,13
2020-05-01,Mariposa,043,17540,15,10,0,10,0
2020-05-01,Mendocino,045,87422,13,11,0,11,0
2020-05-01,Merced,047,269075,207,131,0,131,3
2020-05-01,Modoc,049,8938,0,0,0,0,0
2020-05-01,Mono,051,14174,32,25,0,25,1
2020-05-01,Monterey,053,433212,275,222,0,222,5
2020-05-01,Napa,055,140530,83,69,0,69,2
2020-05-01,Nevada,057,99092,41,41,1,42,1
2020-05-01,Orange,059,3164182,4149,2660,17,2677,51
2020-05-01,Placer,061,380077,176,149,0,149,8
2020-05-01,Plumas,063,18699,4,4,0,4,0
2020-05-01,Riverside,065,2383286,4947,3893,8,3901,132
2020-05-01,Sacramento,067,1510023,1151,1081,0,1081,43
2020-05-01,San Benito,069,59416,52,49,0,49,2
2020-05-01,San Bernardino,071,2135413,2873,2084,1,2085,98
2020-05-01,San Diego,073,3302833,4775,3713,0,3713,134
2020-05-01,San Francisco,075,870044,1881,1552,0,1552,29
2020-05-01,San Joaquin,077,732212,607,554,3,557,25
2020-05-01,San Luis Obispo,079,281455,241,186,1,187,1
2020-05-01,San Mateo,081,765935,1488,1222,2,1224,52
2020-05-01,Santa Barbara,083,443738,674,499,2,501,7
2020-05-01,Santa Clara,085,1922200,2533,2176,3,2179,112
2020-05-01,Santa Cruz,087,273765,142,127,0,127,2
2020-05-01,Shasta,089,179085,38,31,0,31,4
2020-05-01,Sierra,091,2930,0,0,0,0,0
2020-05-01,Siskiyou,093,43540,5,5,0,5,0
2020-05-01,Solano,095,438530,347,266,0,266,4
2020-05-01,Sonoma,097,501317,298,242,0,242,3
2020-05-01,Stanislaus,099,539301,472,384,4,388,8
2020-05-01,Sutter,101,95872,30,28,0,28,2
2020-05-01,Tehama,103,63373,2,1,0,1,1
2020-05-01,Trinity,105,12862,0,0,0,0,0
2020-05-01,Tulare,107,460477,1121,685,2,687,32
2020-05-01,Tuolumne,109,53932,3,3,0,3,0
2020-05-01,Ventura,111,848112,735,556,0,556,18
2020-05-01,Yolo,113,214977,182,165,0,165,18
2020-05-01,Yuba,115,75493,19,16,0,16,1
2020-04-30,Alameda,001,1643700,1977,1599,0,1599,60
2020-04-30,Alpine,003,1148,1,1,0,1,0
2020-04-30,Amador,005,37829,8,8,0,8,0
2020-04-30,Butte,007,227075,28,16,1,17,0
2020-04-30,Calaveras,009,45235,13,13,0,13,0
2020-04-30,Colusa,011,21464,3,3,0,3,0
2020-04-30,Contra Costa,013,1133247,1012,900,0,900,25
2020-04-30,Del Norte,015,27424,4,3,0,3,0
2020-04-30,El Dorado,017,186661,60,44,0,44,0
2020-04-30,Fresno,019,978130,1143,562,8,570,7
2020-04-30,Glenn,021,27897,7,4,0,4,0
2020-04-30,Humboldt,023,135768,60,54,0,54,0
2020-04-30,Imperial,025,180216,577,322,1,323,6
2020-04-30,Inyo,027,18085,19,20,0,20,1
2020-04-30,Kern,029,883053,1246,941,1,942,8
2020-04-30,Kings,031,150075,248,87,1,88,1
2020-04-30,Lake,033,64148,9,6,0,6,0
2020-04-30,Lassen,035,31185,1,0,2,2,0
2020-04-30,Los Angeles,037,10098052,30389,23284,18,23302,1099
2020-04-30,Madera,039,155013,85,46,1,47,2
2020-04-30,Marin,041,260295,253,240,1,241,13
2020-04-30,Mariposa,043,17540,15,3,0,3,0
2020-04-30,Mendocino,045,87422,13,11,0,11,0
2020-04-30,Merced,047,269075,200,122,0,122,3
2020-04-30,Modoc,049,8938,0,0,0,0,0
2020-04-30,Mono,051,14174,31,25,0,25,1
2020-04-30,Monterey,053,433212,265,213,0,213,5
2020-04-30,Napa,055,140530,81,69,0,69,2
2020-04-30,Nevada,057,99092,41,41,1,42,1
2020-04-30,Orange,059,3164182,3933,2591,16,2607,46
2020-04-30,Placer,061,380077,175,148,0,148,8
2020-04-30,Plumas,063,18699,4,4,0,4,0
2020-04-30,Riverside,065,2383286,4847,3820,7,3827,124
2020-04-30,Sacramento,067,1510023,1145,1071,0,1071,43
2020-04-30,San Benito,069,59416,52,48,0,48,2
2020-04-30,San Bernardino,071,2135413,2672,2020,1,2021,96
2020-04-30,San Diego,073,3302833,4604,3566,0,3566,124
2020-04-30,San Francisco,075,870044,1847,1518,0,1518,26
2020-04-30,San Joaquin,077,732212,600,548,3,551,25
2020-04-30,San Luis Obispo,079,281455,238,182,1,183,1
2020-04-30,San Mateo,081,765935,1458,1194,2,1196,52
2020-04-30,Santa Barbara,083,443738,655,490,2,492,7
2020-04-30,Santa Clara,085,1922200,2497,2172,3,2175,111
2020-04-30,Santa Cruz,087,273765,141,126,0,126,2
2020-04-30,Shasta,089,179085,37,31,0,31,4
2020-04-30,Sierra,091,2930,0,0,0,0,0
2020-04-30,Siskiyou,093,43540,5,5,0,5,0
2020-04-30,Solano,095,438530,337,262,0,262,4
2020-04-30,Sonoma,097,501317,289,233,0,233,3
2020-04-30,Stanislaus,099,539301,465,378,4,382,7
2020-04-30,Sutter,101,95872,30,28,0,28,2
2020-04-30,Tehama,103,63373,1,1,0,1,1
2020-04-30,Trinity,105,12862,0,0,0,0,0
2020-04-30,Tulare,107,460477,1057,637,2,639,31
2020-04-30,Tuolumne,109,53932,3,3,0,3,0
2020-04-30,Ventura,111,848112,707,547,0,547,18
2020-04-30,Yolo,113,214977,181,164,0,164,16
2020-04-30,Yuba,115,75493,19,15,0,15,1
2020-04-29,Alameda,001,1643700,1919,1564,0,1564,60
2020-04-29,Alpine,003,1148,1,1,0,1,0
2020-04-29,Amador,005,37829,8,8,0,8,0
2020-04-29,Butte,007,227075,28,16,1,17,0
2020-04-29,Calaveras,009,45235,13,13,0,13,0
2020-04-29,Colusa,011,21464,3,3,0,3,0
2020-04-29,Contra Costa,013,1133247,993,885,0,885,25
2020-04-29,Del Norte,015,27424,4,3,0,3,0
2020-04-29,El Dorado,017,186661,58,44,0,44,0
2020-04-29,Fresno,019,978130,1091,544,8,552,7
2020-04-29,Glenn,021,27897,7,4,0,4,0
2020-04-29,Humboldt,023,135768,60,53,0,53,0
2020-04-29,Imperial,025,180216,548,300,1,301,6
2020-04-29,Inyo,027,18085,19,20,0,20,1
2020-04-29,Kern,029,883053,1203,910,1,911,6
2020-04-29,Kings,031,150075,229,80,1,81,1
2020-04-29,Lake,033,64148,9,6,0,6,0
2020-04-29,Lassen,035,31185,1,0,2,2,0
2020-04-29,Los Angeles,037,10098052,29412,22560,18,22578,1043
2020-04-29,Madera,039,155013,84,45,1,46,2
2020-04-29,Marin,041,260295,250,234,1,235,13
2020-04-29,Mariposa,043,17540,15,1,0,1,0
2020-04-29,Mendocino,045,87422,13,11,0,11,0
2020-04-29,Merced,047,269075,193,116,0,116,3
2020-04-29,Modoc,049,8938,0,0,0,0,0
2020-04-29,Mono,051,14174,31,25,0,25,1
2020-04-29,Monterey,053,433212,257,204,0,204,5
2020-04-29,Napa,055,140530,79,68,0,68,2
2020-04-29,Nevada,057,99092,41,41,1,42,1
2020-04-29,Orange,059,3164182,3801,2421,15,2436,43
2020-04-29,Placer,061,380077,173,145,0,145,8
2020-04-29,Plumas,063,18699,4,4,0,4,0
2020-04-29,Riverside,065,2383286,4771,3700,7,3707,116
2020-04-29,Sacramento,067,1510023,1123,1055,0,1055,41
2020-04-29,San Benito,069,59416,52,48,0,48,2
2020-04-29,San Bernardino,071,2135413,2585,1975,1,1976,91
2020-04-29,San Diego,073,3302833,4463,3434,0,3434,120
2020-04-29,San Francisco,075,870044,1819,1489,0,1489,23
2020-04-29,San Joaquin,077,732212,592,540,3,543,25
2020-04-29,San Luis Obispo,079,281455,236,181,1,182,1
2020-04-29,San Mateo,081,765935,1432,1170,2,1172,50
2020-04-29,Santa Barbara,083,443738,641,477,2,479,7
2020-04-29,Santa Clara,085,1922200,2476,2147,3,2150,108
2020-04-29,Santa Cruz,087,273765,140,124,0,124,2
2020-04-29,Shasta,089,179085,37,31,0,31,4
2020-04-29,Sierra,091,2930,0,0,0,0,0
2020-04-29,Siskiyou,093,43540,5,5,0,5,0
2020-04-29,Solano,095,438530,314,252,0,252,3
2020-04-29,Sonoma,097,501317,281,230,0,230,2
2020-04-29,Stanislaus,099,539301,452,374,4,378,5
2020-04-29,Sutter,101,95872,30,28,0,28,2
2020-04-29,Tehama,103,63373,1,1,0,1,1
2020-04-29,Trinity,105,12862,0,0,0,0,0
2020-04-29,Tulare,107,460477,987,615,2,617,30
2020-04-29,Tuolumne,109,53932,3,4,0,4,0
2020-04-29,Ventura,111,848112,684,530,0,530,18
2020-04-29,Yolo,113,214977,178,161,0,161,11
2020-04-29,Yuba,115,75493,19,15,0,15,1
2020-04-28,Alameda,001,1643700,1862,1525,0,1525,55
2020-04-28,Alpine,003,1148,1,1,0,1,0
2020-04-28,Amador,005,37829,8,8,0,8,0
2020-04-28,Butte,007,227075,28,16,1,17,0
2020-04-28,Calaveras,009,45235,13,13,0,13,0
2020-04-28,Colusa,011,21464,3,3,0,3,0
2020-04-28,Contra Costa,013,1133247,986,866,0,866,25
2020-04-28,Del Norte,015,27424,4,3,0,3,0
2020-04-28,El Dorado,017,186661,57,43,0,43,0
2020-04-28,Fresno,019,978130,1040,525,7,532,7
2020-04-28,Glenn,021,27897,5,4,0,4,0
2020-04-28,Humboldt,023,135768,59,53,0,53,0
2020-04-28,Imperial,025,180216,514,295,1,296,6
2020-04-28,Inyo,027,18085,19,20,0,20,1
2020-04-28,Kern,029,883053,1160,882,1,883,5
2020-04-28,Kings,031,150075,216,57,1,58,1
2020-04-28,Lake,033,64148,9,6,0,6,0
2020-04-28,Lassen,035,31185,1,0,2,2,0
2020-04-28,Los Angeles,037,10098052,28346,21029,18,21047,984
2020-04-28,Madera,039,155013,84,44,1,45,2
2020-04-28,Marin,041,260295,249,228,1,229,12
2020-04-28,Mariposa,043,17540,15,0,0,0,0
2020-04-28,Mendocino,045,87422,13,10,0,10,0
2020-04-28,Merced,047,269075,186,108,0,108,3
2020-04-28,Modoc,049,8938,0,0,0,0,0
2020-04-28,Mono,051,14174,31,25,0,25,1
2020-04-28,Monterey,053,433212,251,191,0,191,5
2020-04-28,Napa,055,140530,78,67,0,67,2
2020-04-28,Nevada,057,99092,41,41,1,42,1
2020-04-28,Orange,059,3164182,3638,2324,14,2338,42
2020-04-28,Placer,061,380077,163,143,0,143,8
2020-04-28,Plumas,063,18699,4,4,0,4,0
2020-04-28,Riverside,065,2383286,4677,3504,7,3511,113
2020-04-28,Sacramento,067,1510023,1108,1044,0,1044,41
2020-04-28,San Benito,069,59416,51,46,0,46,2
2020-04-28,San Bernardino,071,2135413,2508,1891,1,1892,89
2020-04-28,San Diego,073,3302833,4333,3316,0,3316,118
2020-04-28,San Francisco,075,870044,1784,1471,0,1471,23
2020-04-28,San Joaquin,077,732212,586,532,3,535,25
2020-04-28,San Luis Obispo,079,281455,230,172,1,173,1
2020-04-28,San Mateo,081,765935,1419,1129,2,1131,48
2020-04-28,Santa Barbara,083,443738,634,469,2,471,7
2020-04-28,Santa Clara,085,1922200,2446,2130,3,2133,106
2020-04-28,Santa Cruz,087,273765,140,123,0,123,2
2020-04-28,Shasta,089,179085,37,29,0,29,4
2020-04-28,Sierra,091,2930,0,0,0,0,0
2020-04-28,Siskiyou,093,43540,5,5,0,5,0
2020-04-28,Solano,095,438530,295,246,0,246,3
2020-04-28,Sonoma,097,501317,278,226,0,226,1
2020-04-28,Stanislaus,099,539301,436,330,4,334,5
2020-04-28,Sutter,101,95872,30,25,0,25,2
2020-04-28,Tehama,103,63373,1,1,0,1,1
2020-04-28,Trinity,105,12862,0,0,0,0,0
2020-04-28,Tulare,107,460477,893,579,2,581,30
2020-04-28,Tuolumne,109,53932,3,4,0,4,0
2020-04-28,Ventura,111,848112,666,517,0,517,17
2020-04-28,Yolo,113,214977,178,160,0,160,10
2020-04-28,Yuba,115,75493,19,15,0,15,1
2020-04-27,Alameda,001,1643700,1802,1494,0,1494,53
2020-04-27,Alpine,003,1148,1,1,0,1,0
2020-04-27,Amador,005,37829,8,8,0,8,0
2020-04-27,Butte,007,227075,27,16,1,17,0
2020-04-27,Calaveras,009,45235,13,13,0,13,0
2020-04-27,Colusa,011,21464,3,3,0,3,0
2020-04-27,Contra Costa,013,1133247,974,843,0,843,25
2020-04-27,Del Norte,015,27424,4,3,0,3,0
2020-04-27,El Dorado,017,186661,56,43,0,43,0
2020-04-27,Fresno,019,978130,937,504,6,510,7
2020-04-27,Glenn,021,27897,5,4,0,4,0
2020-04-27,Humboldt,023,135768,59,52,0,52,0
2020-04-27,Imperial,025,180216,484,290,1,291,6
2020-04-27,Inyo,027,18085,19,20,0,20,1
2020-04-27,Kern,029,883053,1122,865,1,866,4
2020-04-27,Kings,031,150075,193,48,1,49,1
2020-04-27,Lake,033,64148,8,6,0,6,0
2020-04-27,Lassen,035,31185,1,0,2,2,0
2020-04-27,Los Angeles,037,10098052,27329,20456,18,20474,931
2020-04-27,Madera,039,155013,82,42,1,43,2
2020-04-27,Marin,041,260295,244,227,1,228,12
2020-04-27,Mariposa,043,17540,14,0,0,0,0
2020-04-27,Mendocino,045,87422,13,10,0,10,0
2020-04-27,Merced,047,269075,183,108,0,108,3
2020-04-27,Modoc,049,8938,0,0,0,0,0
2020-04-27,Mono,051,14174,31,23,0,23,1
2020-04-27,Monterey,053,433212,244,185,0,185,4
2020-04-27,Napa,055,140530,75,64,0,64,2
2020-04-27,Nevada,057,99092,41,39,1,40,1
2020-04-27,Orange,059,3164182,3469,2198,14,2212,42
2020-04-27,Placer,061,380077,163,142,0,142,8
2020-04-27,Plumas,063,18699,4,4,0,4,0
2020-04-27,Riverside,065,2383286,4554,3381,7,3388,100
2020-04-27,Sacramento,067,1510023,1093,1035,0,1035,41
2020-04-27,San Benito,069,59416,49,45,0,45,2
2020-04-27,San Bernardino,071,2135413,2394,1742,1,1743,82
2020-04-27,San Diego,073,3302833,4207,3143,0,3143,113
2020-04-27,San Francisco,075,870044,1730,1453,0,1453,23
2020-04-27,San Joaquin,077,732212,580,522,3,525,25
2020-04-27,San Luis Obispo,079,281455,223,166,1,167,1
2020-04-27,San Mateo,081,765935,1397,1092,2,1094,46
2020-04-27,Santa Barbara,083,443738,621,466,2,468,7
2020-04-27,Santa Clara,085,1922200,2426,2104,2,2106,105
2020-04-27,Santa Cruz,087,273765,140,123,0,123,2
2020-04-27,Shasta,089,179085,37,29,0,29,4
2020-04-27,Sierra,091,2930,0,0,0,0,0
2020-04-27,Siskiyou,093,43540,5,5,0,5,0
2020-04-27,Solano,095,438530,295,222,0,222,3
2020-04-27,Sonoma,097,501317,269,220,0,220,1
2020-04-27,Stanislaus,099,539301,420,316,4,320,5
2020-04-27,Sutter,101,95872,29,26,0,26,2
2020-04-27,Tehama,103,63373,1,1,0,1,1
2020-04-27,Trinity,105,12862,0,0,0,0,0
2020-04-27,Tulare,107,460477,822,535,2,537,28
2020-04-27,Tuolumne,109,53932,3,3,0,3,0
2020-04-27,Ventura,111,848112,649,513,0,513,17
2020-04-27,Yolo,113,214977,175,160,0,160,9
2020-04-27,Yuba,115,75493,19,15,0,15,1
2020-04-26,Alameda,001,1643700,1741,1449,0,1449,52
2020-04-26,Alpine,003,1148,1,1,0,1,0
2020-04-26,Amador,005,37829,8,8,0,8,0
2020-04-26,Butte,007,227075,27,16,1,17,0
2020-04-26,Calaveras,009,45235,13,13,0,13,0
2020-04-26,Colusa,011,21464,3,3,0,3,0
2020-04-26,Contra Costa,013,1133247,958,830,0,830,25
2020-04-26,Del Norte,015,27424,3,3,0,3,0
2020-04-26,El Dorado,017,186661,54,41,0,41,0
2020-04-26,Fresno,019,978130,845,476,6,482,7
2020-04-26,Glenn,021,27897,5,4,0,4,0
2020-04-26,Humboldt,023,135768,59,53,0,53,0
2020-04-26,Imperial,025,180216,450,272,1,273,6
2020-04-26,Inyo,027,18085,19,20,0,20,1
2020-04-26,Kern,029,883053,1072,831,1,832,4
2020-04-26,Kings,031,150075,168,33,1,34,1
2020-04-26,Lake,033,64148,8,6,0,6,0
2020-04-26,Lassen,035,31185,1,0,2,2,0
2020-04-26,Los Angeles,037,10098052,26180,19570,18,19588,901
2020-04-26,Madera,039,155013,80,39,1,40,2
2020-04-26,Marin,041,260295,238,225,1,226,12
2020-04-26,Mariposa,043,17540,14,0,0,0,0
2020-04-26,Mendocino,045,87422,13,5,0,5,0
2020-04-26,Merced,047,269075,166,104,0,104,3
2020-04-26,Modoc,049,8938,0,0,0,0,0
2020-04-26,Mono,051,14174,31,23,0,23,1
2020-04-26,Monterey,053,433212,237,182,0,182,4
2020-04-26,Napa,055,140530,74,62,0,62,2
2020-04-26,Nevada,057,99092,41,37,1,38,1
2020-04-26,Orange,059,3164182,3303,2124,14,2138,40
2020-04-26,Placer,061,380077,163,141,0,141,8
2020-04-26,Plumas,063,18699,4,4,0,4,0
2020-04-26,Riverside,065,2383286,4413,3301,7,3308,95
2020-04-26,Sacramento,067,1510023,1084,1027,0,1027,41
2020-04-26,San Benito,069,59416,49,45,0,45,2
2020-04-26,San Bernardino,071,2135413,2297,1681,1,1682,82
2020-04-26,San Diego,073,3302833,4065,3045,0,3045,111
2020-04-26,San Francisco,075,870044,1691,1403,0,1403,23
2020-04-26,San Joaquin,077,732212,572,514,3,517,25
2020-04-26,San Luis Obispo,079,281455,220,165,1,166,1
2020-04-26,San Mateo,081,765935,1371,1070,2,1072,46
2020-04-26,Santa Barbara,083,443738,609,464,2,466,7
2020-04-26,Santa Clara,085,1922200,2407,2097,1,2098,102
2020-04-26,Santa Cruz,087,273765,140,116,0,116,2
2020-04-26,Shasta,089,179085,34,29,0,29,4
2020-04-26,Sierra,091,2930,0,0,0,0,0
2020-04-26,Siskiyou,093,43540,5,5,0,5,0
2020-04-26,Solano,095,438530,286,205,0,205,3
2020-04-26,Sonoma,097,501317,258,216,0,216,1
2020-04-26,Stanislaus,099,539301,405,294,4,298,4
2020-04-26,Sutter,101,95872,29,26,0,26,2
2020-04-26,Tehama,103,63373,1,1,0,1,1
2020-04-26,Trinity,105,12862,0,0,0,0,0
2020-04-26,Tulare,107,460477,764,497,2,499,28
2020-04-26,Tuolumne,109,53932,3,3,0,3,0
2020-04-26,Ventura,111,848112,634,509,0,509,17
2020-04-26,Yolo,113,214977,174,158,0,158,8
2020-04-26,Yuba,115,75493,18,15,0,15,1
2020-04-25,Alameda,001,1643700,1716,1396,0,1396,52
2020-04-25,Alpine,003,1148,1,1,0,1,0
2020-04-25,Amador,005,37829,8,8,0,8,0
2020-04-25,Butte,007,227075,26,16,1,17,0
2020-04-25,Calaveras,009,45235,13,12,0,12,0
2020-04-25,Colusa,011,21464,3,3,0,3,0
2020-04-25,Contra Costa,013,1133247,944,821,0,821,24
2020-04-25,Del Norte,015,27424,2,2,0,2,0
2020-04-25,El Dorado,017,186661,53,41,0,41,0
2020-04-25,Fresno,019,978130,815,459,5,464,7
2020-04-25,Glenn,021,27897,5,4,0,4,0
2020-04-25,Humboldt,023,135768,59,53,0,53,0
2020-04-25,Imperial,025,180216,433,232,1,233,6
2020-04-25,Inyo,027,18085,19,20,0,20,1
2020-04-25,Kern,029,883053,1041,802,1,803,4
2020-04-25,Kings,031,150075,156,33,1,34,1
2020-04-25,Lake,033,64148,6,6,0,6,0
2020-04-25,Lassen,035,31185,1,0,2,2,0
2020-04-25,Los Angeles,037,10098052,25546,19144,18,19162,881
2020-04-25,Madera,039,155013,77,39,1,40,2
2020-04-25,Marin,041,260295,238,215,1,216,12
2020-04-25,Mariposa,043,17540,14,0,0,0,0
2020-04-25,Mendocino,045,87422,12,5,0,5,0
2020-04-25,Merced,047,269075,166,103,0,103,3
2020-04-25,Modoc,049,8938,0,0,0,0,0
2020-04-25,Mono,051,14174,31,23,0,23,1
2020-04-25,Monterey,053,433212,235,173,0,173,4
2020-04-25,Napa,055,140530,74,60,0,60,2
2020-04-25,Nevada,057,99092,41,37,1,38,1
2020-04-25,Orange,059,3164182,3197,2047,14,2061,40
2020-04-25,Placer,061,380077,163,137,0,137,8
2020-04-25,Plumas,063,18699,4,4,0,4,0
2020-04-25,Riverside,065,2383286,4325,3037,7,3044,93
2020-04-25,Sacramento,067,1510023,1082,1015,0,1015,41
2020-04-25,San Benito,069,59416,49,45,0,45,2
2020-04-25,San Bernardino,071,2135413,2252,1675,1,1676,82
2020-04-25,San Diego,073,3302833,3965,2945,0,2945,111
2020-04-25,San Francisco,075,870044,1666,1341,0,1341,22
2020-04-25,San Joaquin,077,732212,565,497,3,500,24
2020-04-25,San Luis Obispo,079,281455,219,159,1,160,1
2020-04-25,San Mateo,081,765935,1353,1054,2,1056,46
2020-04-25,Santa Barbara,083,443738,601,457,2,459,7
2020-04-25,Santa Clara,085,1922200,2389,2045,1,2046,99
2020-04-25,Santa Cruz,087,273765,140,112,0,112,2
2020-04-25,Shasta,089,179085,34,29,0,29,4
2020-04-25,Sierra,091,2930,0,0,0,0,0
2020-04-25,Siskiyou,093,43540,5,5,0,5,0
2020-04-25,Solano,095,438530,282,203,0,203,3
2020-04-25,Sonoma,097,501317,254,199,0,199,1
2020-04-25,Stanislaus,099,539301,397,276,4,280,4
2020-04-25,Sutter,101,95872,29,24,0,24,2
2020-04-25,Tehama,103,63373,1,1,0,1,1
2020-04-25,Trinity,105,12862,0,0,0,0,0
2020-04-25,Tulare,107,460477,731,478,2,480,28
2020-04-25,Tuolumne,109,53932,3,2,0,2,0
2020-04-25,Ventura,111,848112,620,494,0,494,16
2020-04-25,Yolo,113,214977,174,157,0,157,8
2020-04-25,Yuba,115,75493,17,15,0,15,1
2020-04-24,Alameda,001,1643700,1685,1385,0,1385,50
2020-04-24,Alpine,003,1148,1,1,0,1,0
2020-04-24,Amador,005,37829,8,8,0,8,0
2020-04-24,Butte,007,227075,25,15,1,16,0
2020-04-24,Calaveras,009,45235,13,12,0,12,0
2020-04-24,Colusa,011,21464,3,3,0,3,0
2020-04-24,Contra Costa,013,1133247,935,806,0,806,23
2020-04-24,Del Norte,015,27424,2,2,0,2,0
2020-04-24,El Dorado,017,186661,52,41,0,41,0
2020-04-24,Fresno,019,978130,794,449,5,454,7
2020-04-24,Glenn,021,27897,5,4,0,4,0
2020-04-24,Humboldt,023,135768,59,53,0,53,0
2020-04-24,Imperial,025,180216,417,232,1,233,6
2020-04-24,Inyo,027,18085,19,20,0,20,0
2020-04-24,Kern,029,883053,1017,770,1,771,4
2020-04-24,Kings,031,150075,127,30,1,31,1
2020-04-24,Lake,033,64148,6,6,0,6,0
2020-04-24,Lassen,035,31185,1,0,2,2,0
2020-04-24,Los Angeles,037,10098052,24614,18553,18,18571,836
2020-04-24,Madera,039,155013,77,39,1,40,2
2020-04-24,Marin,041,260295,238,211,1,212,11
2020-04-24,Mariposa,043,17540,8,0,0,0,0
2020-04-24,Mendocino,045,87422,12,5,0,5,0
2020-04-24,Merced,047,269075,163,102,0,102,3
2020-04-24,Modoc,049,8938,0,0,0,0,0
2020-04-24,Mono,051,14174,30,23,0,23,1
2020-04-24,Monterey,053,433212,228,167,0,167,4
2020-04-24,Napa,055,140530,73,59,0,59,2
2020-04-24,Nevada,057,99092,41,36,1,37,1
2020-04-24,Orange,059,3164182,3089,1945,14,1959,39
2020-04-24,Placer,061,380077,161,137,0,137,8
2020-04-24,Plumas,063,18699,4,4,0,4,0
2020-04-24,Riverside,065,2383286,4244,3044,7,3051,87
2020-04-24,Sacramento,067,1510023,1076,1009,0,1009,41
2020-04-24,San Benito,069,59416,49,45,0,45,2
2020-04-24,San Bernardino,071,2135413,2217,1667,1,1668,80
2020-04-24,San Diego,073,3302833,3854,2828,0,2828,102
2020-04-24,San Francisco,075,870044,1608,1345,0,1345,22
2020-04-24,San Joaquin,077,732212,558,484,3,487,24
2020-04-24,San Luis Obispo,079,281455,216,151,1,152,1
2020-04-24,San Mateo,081,765935,1330,1004,2,1006,43
2020-04-24,Santa Barbara,083,443738,594,450,2,452,6
2020-04-24,Santa Clara,085,1922200,2359,2026,1,2027,98
2020-04-24,Santa Cruz,087,273765,136,111,0,111,2
2020-04-24,Shasta,089,179085,34,28,0,28,4
2020-04-24,Sierra,091,2930,0,0,0,0,0
2020-04-24,Siskiyou,093,43540,5,5,0,5,0
2020-04-24,Solano,095,438530,280,203,0,203,3
2020-04-24,Sonoma,097,501317,250,199,0,199,1
2020-04-24,Stanislaus,099,539301,394,273,4,277,4
2020-04-24,Sutter,101,95872,28,24,0,24,2
2020-04-24,Tehama,103,63373,1,1,0,1,1
2020-04-24,Trinity,105,12862,0,0,0,0,0
2020-04-24,Tulare,107,460477,703,459,2,461,27
2020-04-24,Tuolumne,109,53932,3,2,0,2,0
2020-04-24,Ventura,111,848112,611,489,0,489,16
2020-04-24,Yolo,113,214977,173,155,0,155,8
2020-04-24,Yuba,115,75493,16,15,0,15,1
2020-04-23,Alameda,001,1643700,1647,1336,0,1336,46
2020-04-23,Alpine,003,1148,1,1,0,1,0
2020-04-23,Amador,005,37829,8,8,0,8,0
2020-04-23,Butte,007,227075,25,15,1,16,0
2020-04-23,Calaveras,009,45235,13,12,0,12,0
2020-04-23,Colusa,011,21464,3,3,0,3,0
2020-04-23,Contra Costa,013,1133247,914,786,0,786,23
2020-04-23,Del Norte,015,27424,2,2,0,2,0
2020-04-23,El Dorado,017,186661,51,39,0,39,0
2020-04-23,Fresno,019,978130,756,426,5,431,7
2020-04-23,Glenn,021,27897,5,3,0,3,0
2020-04-23,Humboldt,023,135768,59,53,0,53,0
2020-04-23,Imperial,025,180216,397,181,1,182,4
2020-04-23,Inyo,027,18085,19,19,0,19,0
2020-04-23,Kern,029,883053,969,732,1,733,4
2020-04-23,Kings,031,150075,112,28,1,29,1
2020-04-23,Lake,033,64148,6,6,0,6,0
2020-04-23,Lassen,035,31185,1,0,2,2,0
2020-04-23,Los Angeles,037,10098052,23554,17548,17,17565,784
2020-04-23,Madera,039,155013,75,37,1,38,2
2020-04-23,Marin,041,260295,225,209,1,210,11
2020-04-23,Mariposa,043,17540,7,0,0,0,0
2020-04-23,Mendocino,045,87422,10,5,0,5,0
2020-04-23,Merced,047,269075,159,98,0,98,3
2020-04-23,Modoc,049,8938,0,0,0,0,0
2020-04-23,Mono,051,14174,30,23,0,23,1
2020-04-23,Monterey,053,433212,224,161,0,161,4
2020-04-23,Napa,055,140530,66,59,0,59,2
2020-04-23,Nevada,057,99092,41,36,1,37,1
2020-04-23,Orange,059,3164182,2911,1841,13,1854,37
2020-04-23,Placer,061,380077,158,136,0,136,8
2020-04-23,Plumas,063,18699,4,4,0,4,0
2020-04-23,Riverside,065,2383286,4131,2935,6,2941,78
2020-04-23,Sacramento,067,1510023,1064,978,0,978,41
2020-04-23,San Benito,069,59416,46,43,0,43,2
2020-04-23,San Bernardino,071,2135413,2152,1604,1,1605,79
2020-04-23,San Diego,073,3302833,3693,2645,0,2645,100
2020-04-23,San Francisco,075,870044,1583,1312,0,1312,21
2020-04-23,San Joaquin,077,732212,548,479,3,482,20
2020-04-23,San Luis Obispo,079,281455,212,146,1,147,1
2020-04-23,San Mateo,081,765935,1290,970,2,972,42
2020-04-23,Santa Barbara,083,443738,584,445,2,447,6
2020-04-23,Santa Clara,085,1922200,2329,1996,1,1997,95
2020-04-23,Santa Cruz,087,273765,135,110,0,110,2
2020-04-23,Shasta,089,179085,34,27,0,27,3
2020-04-23,Sierra,091,2930,0,0,0,0,0
2020-04-23,Siskiyou,093,43540,5,5,0,5,0
2020-04-23,Solano,095,438530,266,196,0,196,3
2020-04-23,Sonoma,097,501317,238,187,0,187,1
2020-04-23,Stanislaus,099,539301,390,254,4,258,4
2020-04-23,Sutter,101,95872,28,24,0,24,2
2020-04-23,Tehama,103,63373,1,1,0,1,1
2020-04-23,Trinity,105,12862,0,0,0,0,0
2020-04-23,Tulare,107,460477,674,440,2,442,25
2020-04-23,Tuolumne,109,53932,3,2,0,2,0
2020-04-23,Ventura,111,848112,597,479,0,479,16
2020-04-23,Yolo,113,214977,170,151,0,151,8
2020-04-23,Yuba,115,75493,16,15,0,15,1
2020-04-22,Alameda,001,1643700,1598,1275,0,1275,46
2020-04-22,Alpine,003,1148,1,1,0,1,0
2020-04-22,Amador,005,37829,8,7,0,7,0
2020-04-22,Butte,007,227075,24,15,1,16,0
2020-04-22,Calaveras,009,45235,13,12,0,12,0
2020-04-22,Colusa,011,21464,3,3,0,3,0
2020-04-22,Contra Costa,013,1133247,899,772,0,772,22
2020-04-22,Del Norte,015,27424,2,2,0,2,0
2020-04-22,El Dorado,017,186661,51,39,0,39,0
2020-04-22,Fresno,019,978130,718,388,5,393,7
2020-04-22,Glenn,021,27897,5,3,0,3,0
2020-04-22,Humboldt,023,135768,59,53,0,53,0
2020-04-22,Imperial,025,180216,386,170,0,170,3
2020-04-22,Inyo,027,18085,19,18,0,18,0
2020-04-22,Kern,029,883053,947,713,1,714,4
2020-04-22,Kings,031,150075,91,28,1,29,1
2020-04-22,Lake,033,64148,6,6,0,6,0
2020-04-22,Lassen,035,31185,1,0,2,2,0
2020-04-22,Los Angeles,037,10098052,22528,16400,17,16417,715
2020-04-22,Madera,039,155013,73,37,1,38,2
2020-04-22,Marin,041,260295,223,202,1,203,11
2020-04-22,Mariposa,043,17540,6,0,0,0,0
2020-04-22,Mendocino,045,87422,7,5,0,5,0
2020-04-22,Merced,047,269075,147,92,0,92,3
2020-04-22,Modoc,049,8938,0,0,0,0,0
2020-04-22,Mono,051,14174,29,23,0,23,1
2020-04-22,Monterey,053,433212,217,154,0,154,4
2020-04-22,Napa,055,140530,65,58,0,58,2
2020-04-22,Nevada,057,99092,41,36,1,37,1
2020-04-22,Orange,059,3164182,2818,1785,13,1798,36
2020-04-22,Placer,061,380077,156,133,0,133,8
2020-04-22,Plumas,063,18699,4,4,0,4,0
2020-04-22,Riverside,065,2383286,4028,2822,6,2828,76
2020-04-22,Sacramento,067,1510023,1059,959,0,959,36
2020-04-22,San Benito,069,59416,45,43,0,43,2
2020-04-22,San Bernardino,071,2135413,2089,1564,1,1565,74
2020-04-22,San Diego,073,3302833,3565,2493,0,2493,96
2020-04-22,San Francisco,075,870044,1546,1255,0,1255,21
2020-04-22,San Joaquin,077,732212,537,462,3,465,20
2020-04-22,San Luis Obispo,079,281455,203,142,1,143,1
2020-04-22,San Mateo,081,765935,1267,945,2,947,40
2020-04-22,Santa Barbara,083,443738,576,437,2,439,6
2020-04-22,Santa Clara,085,1922200,2316,1969,1,1970,95
2020-04-22,Santa Cruz,087,273765,131,106,0,106,2
2020-04-22,Shasta,089,179085,33,26,0,26,3
2020-04-22,Sierra,091,2930,0,0,0,0,0
2020-04-22,Siskiyou,093,43540,5,5,0,5,0
2020-04-22,Solano,095,438530,247,195,0,195,3
2020-04-22,Sonoma,097,501317,235,185,0,185,1
2020-04-22,Stanislaus,099,539301,333,247,4,251,4
2020-04-22,Sutter,101,95872,28,22,0,22,2
2020-04-22,Tehama,103,63373,1,1,0,1,1
2020-04-22,Trinity,105,12862,0,0,0,0,0
2020-04-22,Tulare,107,460477,641,425,2,427,23
2020-04-22,Tuolumne,109,53932,3,2,0,2,0
2020-04-22,Ventura,111,848112,587,465,0,465,15
2020-04-22,Yolo,113,214977,170,147,0,147,8
2020-04-22,Yuba,115,75493,16,15,0,15,1
2020-04-21,Alameda,001,1643700,1568,1234,0,1234,46
2020-04-21,Alpine,003,1148,1,1,0,1,0
2020-04-21,Amador,005,37829,8,7,0,7,0
2020-04-21,Butte,007,227075,23,15,1,16,0
2020-04-21,Calaveras,009,45235,12,12,0,12,0
2020-04-21,Colusa,011,21464,3,3,0,3,0
2020-04-21,Contra Costa,013,1133247,885,766,0,766,22
2020-04-21,Del Norte,015,27424,2,2,0,2,0
2020-04-21,El Dorado,017,186661,51,36,0,36,0
2020-04-21,Fresno,019,978130,684,372,5,377,7
2020-04-21,Glenn,021,27897,5,3,0,3,0
2020-04-21,Humboldt,023,135768,58,53,0,53,0
2020-04-21,Imperial,025,180216,366,165,0,165,2
2020-04-21,Inyo,027,18085,19,18,0,18,0
2020-04-21,Kern,029,883053,905,676,1,677,4
2020-04-21,Kings,031,150075,78,28,1,29,1
2020-04-21,Lake,033,64148,6,6,0,6,0
2020-04-21,Lassen,035,31185,1,0,2,2,0
2020-04-21,Los Angeles,037,10098052,21667,15096,17,15113,650
2020-04-21,Madera,039,155013,73,37,1,38,2
2020-04-21,Marin,041,260295,217,202,1,203,10
2020-04-21,Mariposa,043,17540,5,0,0,0,0
2020-04-21,Mendocino,045,87422,7,5,0,5,0
2020-04-21,Merced,047,269075,143,89,0,89,3
2020-04-21,Modoc,049,8938,0,0,0,0,0
2020-04-21,Mono,051,14174,29,23,0,23,1
2020-04-21,Monterey,053,433212,214,151,0,151,4
2020-04-21,Napa,055,140530,64,58,0,58,2
2020-04-21,Nevada,057,99092,41,36,1,37,1
2020-04-21,Orange,059,3164182,2696,1717,12,1729,36
2020-04-21,Placer,061,380077,154,133,0,133,8
2020-04-21,Plumas,063,18699,4,4,0,4,0
2020-04-21,Riverside,065,2383286,3897,2631,6,2637,68
2020-04-21,Sacramento,067,1510023,1049,941,0,941,33
2020-04-21,San Benito,069,59416,44,43,0,43,2
2020-04-21,San Bernardino,071,2135413,2028,1499,1,1500,71
2020-04-21,San Diego,073,3302833,3409,2436,0,2436,87
2020-04-21,San Francisco,075,870044,1516,1232,0,1232,20
2020-04-21,San Joaquin,077,732212,527,447,3,450,20
2020-04-21,San Luis Obispo,079,281455,199,134,1,135,1
2020-04-21,San Mateo,081,765935,1221,933,2,935,34
2020-04-21,Santa Barbara,083,443738,564,414,1,415,5
2020-04-21,Santa Clara,085,1922200,2274,1943,1,1944,91
2020-04-21,Santa Cruz,087,273765,129,104,0,104,2
2020-04-21,Shasta,089,179085,32,26,0,26,3
2020-04-21,Sierra,091,2930,0,0,0,0,0
2020-04-21,Siskiyou,093,43540,5,5,0,5,0
2020-04-21,Solano,095,438530,239,193,0,193,3
2020-04-21,Sonoma,097,501317,225,182,0,182,1
2020-04-21,Stanislaus,099,539301,314,235,4,239,4
2020-04-21,Sutter,101,95872,28,22,0,22,2
2020-04-21,Tehama,103,63373,1,1,0,1,1
2020-04-21,Trinity,105,12862,0,0,0,0,0
2020-04-21,Tulare,107,460477,605,410,2,412,23
2020-04-21,Tuolumne,109,53932,3,2,0,2,0
2020-04-21,Ventura,111,848112,575,455,0,455,14
2020-04-21,Yolo,113,214977,168,143,0,143,8
2020-04-21,Yuba,115,75493,16,15,0,15,1
2020-04-20,Alameda,001,1643700,1535,1181,0,1181,42
2020-04-20,Alpine,003,1148,1,1,0,1,0
2020-04-20,Amador,005,37829,8,7,0,7,0
2020-04-20,Butte,007,227075,23,15,1,16,0
2020-04-20,Calaveras,009,45235,12,12,0,12,0
2020-04-20,Colusa,011,21464,3,3,0,3,0
2020-04-20,Contra Costa,013,1133247,875,753,0,753,22
2020-04-20,Del Norte,015,27424,2,2,0,2,0
2020-04-20,El Dorado,017,186661,51,36,0,36,0
2020-04-20,Fresno,019,978130,666,356,5,361,7
2020-04-20,Glenn,021,27897,4,3,0,3,0
2020-04-20,Humboldt,023,135768,58,53,0,53,0
2020-04-20,Imperial,025,180216,346,149,0,149,2
2020-04-20,Inyo,027,18085,19,17,0,17,0
2020-04-20,Kern,029,883053,873,651,1,652,3
2020-04-20,Kings,031,150075,67,19,1,20,1
2020-04-20,Lake,033,64148,6,6,0,6,0
2020-04-20,Lassen,035,31185,1,0,2,2,0
2020-04-20,Los Angeles,037,10098052,20753,13787,17,13804,608
2020-04-20,Madera,039,155013,72,35,1,36,2
2020-04-20,Marin,041,260295,213,200,1,201,10
2020-04-20,Mariposa,043,17540,5,0,0,0,0
2020-04-20,Mendocino,045,87422,7,5,0,5,0
2020-04-20,Merced,047,269075,136,88,0,88,3
2020-04-20,Modoc,049,8938,0,0,0,0,0
2020-04-20,Mono,051,14174,29,23,0,23,1
2020-04-20,Monterey,053,433212,205,147,0,147,4
2020-04-20,Napa,055,140530,64,55,0,55,2
2020-04-20,Nevada,057,99092,41,34,1,35,1
2020-04-20,Orange,059,3164182,2615,1679,12,1691,33
2020-04-20,Placer,061,380077,153,132,0,132,8
2020-04-20,Plumas,063,18699,4,4,0,4,0
2020-04-20,Riverside,065,2383286,3772,2477,6,2483,61
2020-04-20,Sacramento,067,1510023,1039,924,0,924,32
2020-04-20,San Benito,069,59416,44,43,0,43,2
2020-04-20,San Bernardino,071,2135413,1941,1344,1,1345,63
2020-04-20,San Diego,073,3302833,3268,2327,0,2327,72
2020-04-20,San Francisco,075,870044,1484,1223,0,1223,19
2020-04-20,San Joaquin,077,732212,523,422,3,425,17
2020-04-20,San Luis Obispo,079,281455,185,132,1,133,1
2020-04-20,San Mateo,081,765935,1198,890,2,892,31
2020-04-20,Santa Barbara,083,443738,553,388,1,389,4
2020-04-20,Santa Clara,085,1922200,2250,1920,1,1921,84
2020-04-20,Santa Cruz,087,273765,127,102,0,102,2
2020-04-20,Shasta,089,179085,32,26,0,26,3
2020-04-20,Sierra,091,2930,0,0,0,0,0
2020-04-20,Siskiyou,093,43540,5,5,0,5,0
2020-04-20,Solano,095,438530,236,185,0,185,2
2020-04-20,Sonoma,097,501317,217,178,0,178,1
2020-04-20,Stanislaus,099,539301,300,228,4,232,3
2020-04-20,Sutter,101,95872,27,22,0,22,2
2020-04-20,Tehama,103,63373,1,1,0,1,1
2020-04-20,Trinity,105,12862,0,0,0,0,0
2020-04-20,Tulare,107,460477,595,401,2,403,20
2020-04-20,Tuolumne,109,53932,3,2,0,2,0
2020-04-20,Ventura,111,848112,563,426,0,426,13
2020-04-20,Yolo,113,214977,167,125,0,125,5
2020-04-20,Yuba,115,75493,16,15,0,15,1
2020-04-19,Alameda,001,1643700,1485,1134,0,1134,41
2020-04-19,Alpine,003,1148,1,1,0,1,0
2020-04-19,Amador,005,37829,7,7,0,7,0
2020-04-19,Butte,007,227075,22,15,1,16,0
2020-04-19,Calaveras,009,45235,12,12,0,12,0
2020-04-19,Colusa,011,21464,3,3,0,3,0
2020-04-19,Contra Costa,013,1133247,861,731,0,731,20
2020-04-19,Del Norte,015,27424,2,2,0,2,0
2020-04-19,El Dorado,017,186661,51,36,0,36,0
2020-04-19,Fresno,019,978130,630,326,5,331,7
2020-04-19,Glenn,021,27897,4,3,0,3,0
2020-04-19,Humboldt,023,135768,58,53,0,53,0
2020-04-19,Imperial,025,180216,320,144,0,144,2
2020-04-19,Inyo,027,18085,19,17,0,17,0
2020-04-19,Kern,029,883053,848,629,1,630,3
2020-04-19,Kings,031,150075,57,17,1,18,1
2020-04-19,Lake,033,64148,6,6,0,6,0
2020-04-19,Lassen,035,31185,1,0,2,2,0
2020-04-19,Los Angeles,037,10098052,19757,12299,17,12316,589
2020-04-19,Madera,039,155013,70,34,1,35,2
2020-04-19,Marin,041,260295,212,194,1,195,10
2020-04-19,Mariposa,043,17540,2,0,0,0,0
2020-04-19,Mendocino,045,87422,7,4,0,4,0
2020-04-19,Merced,047,269075,131,85,0,85,3
2020-04-19,Modoc,049,8938,0,0,0,0,0
2020-04-19,Mono,051,14174,29,23,0,23,1
2020-04-19,Monterey,053,433212,197,140,0,140,4
2020-04-19,Napa,055,140530,62,49,0,49,2
2020-04-19,Nevada,057,99092,40,34,1,35,1
2020-04-19,Orange,059,3164182,2517,1591,10,1601,32
2020-04-19,Placer,061,380077,152,131,0,131,8
2020-04-19,Plumas,063,18699,4,4,0,4,0
2020-04-19,Riverside,065,2383286,3629,2316,6,2322,56
2020-04-19,Sacramento,067,1510023,1012,912,0,912,32
2020-04-19,San Benito,069,59416,42,40,0,40,2
2020-04-19,San Bernardino,071,2135413,1878,1262,1,1263,58
2020-04-19,San Diego,073,3302833,3101,2270,0,2270,71
2020-04-19,San Francisco,075,870044,1451,1153,0,1153,19
2020-04-19,San Joaquin,077,732212,505,404,3,407,17
2020-04-19,San Luis Obispo,079,281455,180,132,1,133,1
2020-04-19,San Mateo,081,765935,1162,845,2,847,31
2020-04-19,Santa Barbara,083,443738,544,377,1,378,3
2020-04-19,Santa Clara,085,1922200,2214,1878,1,1879,81
2020-04-19,Santa Cruz,087,273765,124,98,0,98,2
2020-04-19,Shasta,089,179085,30,26,0,26,3
2020-04-19,Sierra,091,2930,0,0,0,0,0
2020-04-19,Siskiyou,093,43540,5,5,0,5,0
2020-04-19,Solano,095,438530,228,174,0,174,2
2020-04-19,Sonoma,097,501317,211,172,0,172,1
2020-04-19,Stanislaus,099,539301,292,221,4,225,3
2020-04-19,Sutter,101,95872,26,21,0,21,2
2020-04-19,Tehama,103,63373,1,1,0,1,1
2020-04-19,Trinity,105,12862,0,0,0,0,0
2020-04-19,Tulare,107,460477,551,391,2,393,17
2020-04-19,Tuolumne,109,53932,3,2,0,2,0
2020-04-19,Ventura,111,848112,555,418,0,418,13
2020-04-19,Yolo,113,214977,167,120,0,120,5
2020-04-19,Yuba,115,75493,16,15,0,15,1
2020-04-18,Alameda,001,1643700,1460,1085,0,1085,40
2020-04-18,Alpine,003,1148,1,1,0,1,0
2020-04-18,Amador,005,37829,7,7,0,7,0
2020-04-18,Butte,007,227075,21,15,1,16,0
2020-04-18,Calaveras,009,45235,12,12,0,12,0
2020-04-18,Colusa,011,21464,3,3,0,3,0
2020-04-18,Contra Costa,013,1133247,849,721,0,721,17
2020-04-18,Del Norte,015,27424,2,2,0,2,0
2020-04-18,El Dorado,017,186661,51,36,0,36,0
2020-04-18,Fresno,019,978130,610,319,5,324,7
2020-04-18,Glenn,021,27897,4,3,0,3,0
2020-04-18,Humboldt,023,135768,58,52,0,52,0
2020-04-18,Imperial,025,180216,311,137,0,137,2
2020-04-18,Inyo,027,18085,19,17,0,17,0
2020-04-18,Kern,029,883053,826,626,1,627,3
2020-04-18,Kings,031,150075,56,17,1,18,1
2020-04-18,Lake,033,64148,6,6,0,6,0
2020-04-18,Lassen,035,31185,1,0,2,2,0
2020-04-18,Los Angeles,037,10098052,19232,11984,16,12000,566
2020-04-18,Madera,039,155013,69,34,1,35,2
2020-04-18,Marin,041,260295,210,193,1,194,10
2020-04-18,Mariposa,043,17540,2,0,0,0,0
2020-04-18,Mendocino,045,87422,7,4,0,4,0
2020-04-18,Merced,047,269075,129,82,0,82,3
2020-04-18,Modoc,049,8938,0,0,0,0,0
2020-04-18,Mono,051,14174,29,22,0,22,1
2020-04-18,Monterey,053,433212,193,135,0,135,3
2020-04-18,Napa,055,140530,62,49,0,49,2
2020-04-18,Nevada,057,99092,39,34,1,35,1
2020-04-18,Orange,059,3164182,2453,1569,9,1578,32
2020-04-18,Placer,061,380077,150,130,0,130,8
2020-04-18,Plumas,063,18699,4,4,0,4,0
2020-04-18,Riverside,065,2383286,3557,2257,6,2263,56
2020-04-18,Sacramento,067,1510023,1000,901,0,901,32
2020-04-18,San Benito,069,59416,42,40,0,40,2
2020-04-18,San Bernardino,071,2135413,1833,1255,1,1256,58
2020-04-18,San Diego,073,3302833,2999,2215,0,2215,71
2020-04-18,San Francisco,075,870044,1412,1144,0,1144,19
2020-04-18,San Joaquin,077,732212,496,392,3,395,17
2020-04-18,San Luis Obispo,079,281455,176,129,1,130,1
2020-04-18,San Mateo,081,765935,1140,821,2,823,31
2020-04-18,Santa Barbara,083,443738,538,372,1,373,3
2020-04-18,Santa Clara,085,1922200,2184,1862,1,1863,79
2020-04-18,Santa Cruz,087,273765,122,96,0,96,2
2020-04-18,Shasta,089,179085,30,26,0,26,3
2020-04-18,Sierra,091,2930,0,0,0,0,0
2020-04-18,Siskiyou,093,43540,5,5,0,5,0
2020-04-18,Solano,095,438530,225,175,0,175,2
2020-04-18,Sonoma,097,501317,207,168,0,168,1
2020-04-18,Stanislaus,099,539301,284,216,4,220,3
2020-04-18,Sutter,101,95872,26,21,0,21,2
2020-04-18,Tehama,103,63373,1,1,0,1,1
2020-04-18,Trinity,105,12862,0,0,0,0,0
2020-04-18,Tulare,107,460477,542,385,2,387,17
2020-04-18,Tuolumne,109,53932,3,2,0,2,0
2020-04-18,Ventura,111,848112,547,416,0,416,13
2020-04-18,Yolo,113,214977,165,118,0,118,5
2020-04-18,Yuba,115,75493,16,14,0,14,1
2020-04-17,Alameda,001,1643700,1405,1043,0,1043,40
2020-04-17,Alpine,003,1148,1,1,0,1,0
2020-04-17,Amador,005,37829,7,7,0,7,0
2020-04-17,Butte,007,227075,21,15,1,16,0
2020-04-17,Calaveras,009,45235,12,11,0,11,0
2020-04-17,Colusa,011,21464,3,3,0,3,0
2020-04-17,Contra Costa,013,1133247,840,687,0,687,15
2020-04-17,Del Norte,015,27424,2,2,0,2,0
2020-04-17,El Dorado,017,186661,51,35,0,35,0
2020-04-17,Fresno,019,978130,588,315,5,320,7
2020-04-17,Glenn,021,27897,4,3,0,3,0
2020-04-17,Humboldt,023,135768,57,52,0,52,0
2020-04-17,Imperial,025,180216,302,135,0,135,2
2020-04-17,Inyo,027,18085,19,17,0,17,0
2020-04-17,Kern,029,883053,806,612,1,613,3
2020-04-17,Kings,031,150075,54,15,1,16,1
2020-04-17,Lake,033,64148,6,6,0,6,0
2020-04-17,Lassen,035,31185,1,0,2,2,0
2020-04-17,Los Angeles,037,10098052,18589,11354,16,11370,489
2020-04-17,Madera,039,155013,69,34,1,35,2
2020-04-17,Marin,041,260295,207,189,1,190,10
2020-04-17,Mariposa,043,17540,1,0,0,0,0
2020-04-17,Mendocino,045,87422,7,4,0,4,0
2020-04-17,Merced,047,269075,128,80,0,80,3
2020-04-17,Modoc,049,8938,0,0,0,0,0
2020-04-17,Mono,051,14174,29,22,0,22,1
2020-04-17,Monterey,053,433212,188,119,0,119,3
2020-04-17,Napa,055,140530,60,46,0,46,2
2020-04-17,Nevada,057,99092,38,34,1,35,1
2020-04-17,Orange,059,3164182,2402,1496,9,1505,31
2020-04-17,Placer,061,380077,150,130,0,130,8
2020-04-17,Plumas,063,18699,4,4,0,4,0
2020-04-17,Riverside,065,2383286,3431,2080,6,2086,50
2020-04-17,Sacramento,067,1510023,993,882,0,882,32
2020-04-17,San Benito,069,59416,42,38,0,38,2
2020-04-17,San Bernardino,071,2135413,1794,1229,1,1230,57
2020-04-17,San Diego,073,3302833,2909,2160,0,2160,70
2020-04-17,San Francisco,075,870044,1386,1090,0,1090,19
2020-04-17,San Joaquin,077,732212,485,356,3,359,17
2020-04-17,San Luis Obispo,079,281455,169,116,1,117,1
2020-04-17,San Mateo,081,765935,1124,768,2,770,31
2020-04-17,Santa Barbara,083,443738,533,349,1,350,3
2020-04-17,Santa Clara,085,1922200,2155,1834,1,1835,74
2020-04-17,Santa Cruz,087,273765,121,94,0,94,2
2020-04-17,Shasta,089,179085,30,26,0,26,3
2020-04-17,Sierra,091,2930,0,0,0,0,0
2020-04-17,Siskiyou,093,43540,5,5,0,5,0
2020-04-17,Solano,095,438530,224,173,0,173,2
2020-04-17,Sonoma,097,501317,204,167,0,167,1
2020-04-17,Stanislaus,099,539301,282,201,4,205,3
2020-04-17,Sutter,101,95872,26,20,0,20,2
2020-04-17,Tehama,103,63373,1,1,0,1,1
2020-04-17,Trinity,105,12862,0,0,0,0,0
2020-04-17,Tulare,107,460477,535,370,2,372,17
2020-04-17,Tuolumne,109,53932,3,2,0,2,0
2020-04-17,Ventura,111,848112,542,398,0,398,13
2020-04-17,Yolo,113,214977,164,117,0,117,5
2020-04-17,Yuba,115,75493,16,14,0,14,1
2020-04-16,Alameda,001,1643700,1372,981,0,981,39
2020-04-16,Alpine,003,1148,1,1,0,1,0
2020-04-16,Amador,005,37829,7,7,0,7,0
2020-04-16,Butte,007,227075,20,15,1,16,0
2020-04-16,Calaveras,009,45235,12,10,0,10,0
2020-04-16,Colusa,011,21464,3,3,0,3,0
2020-04-16,Contra Costa,013,1133247,826,675,0,675,14
2020-04-16,Del Norte,015,27424,2,2,0,2,0
2020-04-16,El Dorado,017,186661,50,34,0,34,0
2020-04-16,Fresno,019,978130,559,289,5,294,7
2020-04-16,Glenn,021,27897,4,3,0,3,0
2020-04-16,Humboldt,023,135768,57,47,0,47,0
2020-04-16,Imperial,025,180216,288,132,0,132,2
2020-04-16,Inyo,027,18085,17,17,0,17,0
2020-04-16,Kern,029,883053,780,587,1,588,3
2020-04-16,Kings,031,150075,50,12,1,13,1
2020-04-16,Lake,033,64148,6,6,0,6,0
2020-04-16,Lassen,035,31185,1,0,2,2,0
2020-04-16,Los Angeles,037,10098052,17705,10786,16,10802,447
2020-04-16,Madera,039,155013,67,34,1,35,2
2020-04-16,Marin,041,260295,203,170,1,171,10
2020-04-16,Mariposa,043,17540,1,1,0,1,0
2020-04-16,Mendocino,045,87422,7,4,0,4,0
2020-04-16,Merced,047,269075,122,76,0,76,3
2020-04-16,Modoc,049,8938,0,0,0,0,0
2020-04-16,Mono,051,14174,29,22,0,22,1
2020-04-16,Monterey,053,433212,185,116,0,116,3
2020-04-16,Napa,055,140530,57,44,0,44,2
2020-04-16,Nevada,057,99092,38,34,1,35,1
2020-04-16,Orange,059,3164182,2338,1439,8,1447,28
2020-04-16,Placer,061,380077,148,129,0,129,7
2020-04-16,Plumas,063,18699,4,4,0,4,0
2020-04-16,Riverside,065,2383286,3313,1913,6,1919,45
2020-04-16,Sacramento,067,1510023,985,865,0,865,32
2020-04-16,San Benito,069,59416,42,36,0,36,2
2020-04-16,San Bernardino,071,2135413,1711,1143,0,1143,54
2020-04-16,San Diego,073,3302833,2801,2089,0,2089,63
2020-04-16,San Francisco,075,870044,1342,1039,0,1039,16
2020-04-16,San Joaquin,077,732212,470,345,3,348,17
2020-04-16,San Luis Obispo,079,281455,165,113,1,114,1
2020-04-16,San Mateo,081,765935,1095,745,2,747,29
2020-04-16,Santa Barbara,083,443738,520,331,1,332,3
2020-04-16,Santa Clara,085,1922200,2129,1789,1,1790,70
2020-04-16,Santa Cruz,087,273765,119,90,0,90,2
2020-04-16,Shasta,089,179085,30,25,0,25,3
2020-04-16,Sierra,091,2930,0,0,0,0,0
2020-04-16,Siskiyou,093,43540,5,5,0,5,0
2020-04-16,Solano,095,438530,221,162,0,162,2
2020-04-16,Sonoma,097,501317,199,145,0,145,1
2020-04-16,Stanislaus,099,539301,279,185,4,189,3
2020-04-16,Sutter,101,95872,25,21,0,21,2
2020-04-16,Tehama,103,63373,1,1,0,1,1
2020-04-16,Trinity,105,12862,0,0,0,0,0
2020-04-16,Tulare,107,460477,519,305,2,307,16
2020-04-16,Tuolumne,109,53932,3,1,0,1,0
2020-04-16,Ventura,111,848112,530,384,0,384,13
2020-04-16,Yolo,113,214977,162,98,0,98,4
2020-04-16,Yuba,115,75493,15,14,0,14,1
2020-04-15,Alameda,001,1643700,1322,915,0,915,38
2020-04-15,Alpine,003,1148,1,1,0,1,0
2020-04-15,Amador,005,37829,7,7,0,7,0
2020-04-15,Butte,007,227075,20,14,1,15,0
2020-04-15,Calaveras,009,45235,11,9,0,9,0
2020-04-15,Colusa,011,21464,3,3,0,3,0
2020-04-15,Contra Costa,013,1133247,804,645,0,645,14
2020-04-15,Del Norte,015,27424,2,2,0,2,0
2020-04-15,El Dorado,017,186661,48,33,0,33,0
2020-04-15,Fresno,019,978130,534,264,5,269,7
2020-04-15,Glenn,021,27897,4,3,0,3,0
2020-04-15,Humboldt,023,135768,57,47,0,47,0
2020-04-15,Imperial,025,180216,262,115,0,115,2
2020-04-15,Inyo,027,18085,17,12,0,12,0
2020-04-15,Kern,029,883053,758,500,1,501,3
2020-04-15,Kings,031,150075,46,12,1,13,1
2020-04-15,Lake,033,64148,6,4,0,4,0
2020-04-15,Lassen,035,31185,1,0,2,2,0
2020-04-15,Los Angeles,037,10098052,16884,10416,16,10432,394
2020-04-15,Madera,039,155013,67,30,1,31,2
2020-04-15,Marin,041,260295,200,162,1,163,10
2020-04-15,Mariposa,043,17540,0,0,0,0,0
2020-04-15,Mendocino,045,87422,6,4,0,4,0
2020-04-15,Merced,047,269075,120,74,0,74,3
2020-04-15,Modoc,049,8938,0,0,0,0,0
2020-04-15,Mono,051,14174,29,22,0,22,1
2020-04-15,Monterey,053,433212,177,106,0,106,3
2020-04-15,Napa,055,140530,55,34,0,34,2
2020-04-15,Nevada,057,99092,37,34,1,35,1
2020-04-15,Orange,059,3164182,2235,1377,8,1385,24
2020-04-15,Placer,061,380077,147,123,0,123,6
2020-04-15,Plumas,063,18699,4,4,0,4,0
2020-04-15,Riverside,065,2383286,3118,1723,6,1729,42
2020-04-15,Sacramento,067,1510023,976,839,0,839,32
2020-04-15,San Benito,069,59416,42,34,0,34,2
2020-04-15,San Bernardino,071,2135413,1641,1063,0,1063,45
2020-04-15,San Diego,073,3302833,2713,2014,0,2014,60
2020-04-15,San Francisco,075,870044,1306,1006,0,1006,16
2020-04-15,San Joaquin,077,732212,462,329,3,332,17
2020-04-15,San Luis Obispo,079,281455,158,112,1,113,1
2020-04-15,San Mateo,081,765935,1046,707,2,709,28
2020-04-15,Santa Barbara,083,443738,501,317,1,318,2
2020-04-15,Santa Clara,085,1922200,2094,1692,1,1693,69
2020-04-15,Santa Cruz,087,273765,115,92,0,92,2
2020-04-15,Shasta,089,179085,30,25,0,25,3
2020-04-15,Sierra,091,2930,0,0,0,0,0
2020-04-15,Siskiyou,093,43540,5,5,0,5,0
2020-04-15,Solano,095,438530,216,153,0,153,2
2020-04-15,Sonoma,097,501317,197,140,0,140,1
2020-04-15,Stanislaus,099,539301,272,174,4,178,3
2020-04-15,Sutter,101,95872,25,19,0,19,2
2020-04-15,Tehama,103,63373,1,1,0,1,1
2020-04-15,Trinity,105,12862,0,0,0,0,0
2020-04-15,Tulare,107,460477,502,289,2,291,14
2020-04-15,Tuolumne,109,53932,3,1,0,1,0
2020-04-15,Ventura,111,848112,515,365,0,365,13
2020-04-15,Yolo,113,214977,158,93,0,93,3
2020-04-15,Yuba,115,75493,15,15,0,15,1
2020-04-14,Alameda,001,1643700,1277,843,0,843,30
2020-04-14,Alpine,003,1148,1,1,0,1,0
2020-04-14,Amador,005,37829,7,6,0,6,0
2020-04-14,Butte,007,227075,20,13,1,14,0
2020-04-14,Calaveras,009,45235,11,5,0,5,0
2020-04-14,Colusa,011,21464,3,3,0,3,0
2020-04-14,Contra Costa,013,1133247,792,617,0,617,12
2020-04-14,Del Norte,015,27424,2,2,0,2,0
2020-04-14,El Dorado,017,186661,48,30,0,30,0
2020-04-14,Fresno,019,978130,511,244,5,249,6
2020-04-14,Glenn,021,27897,4,3,0,3,0
2020-04-14,Humboldt,023,135768,57,44,0,44,0
2020-04-14,Imperial,025,180216,242,86,0,86,2
2020-04-14,Inyo,027,18085,17,12,0,12,0
2020-04-14,Kern,029,883053,735,453,1,454,3
2020-04-14,Kings,031,150075,45,12,1,13,1
2020-04-14,Lake,033,64148,6,3,0,3,0
2020-04-14,Lassen,035,31185,1,0,2,2,0
2020-04-14,Los Angeles,037,10098052,15990,9948,15,9963,357
2020-04-14,Madera,039,155013,66,29,1,30,2
2020-04-14,Marin,041,260295,196,147,1,148,9
2020-04-14,Mariposa,043,17540,0,0,0,0,0
2020-04-14,Mendocino,045,87422,6,4,0,4,0
2020-04-14,Merced,047,269075,113,61,0,61,3
2020-04-14,Modoc,049,8938,0,0,0,0,0
2020-04-14,Mono,051,14174,29,22,0,22,1
2020-04-14,Monterey,053,433212,172,98,0,98,3
2020-04-14,Napa,055,140530,55,33,0,33,2
2020-04-14,Nevada,057,99092,37,34,1,35,1
2020-04-14,Orange,059,3164182,2131,1362,8,1370,24
2020-04-14,Placer,061,380077,146,117,0,117,5
2020-04-14,Plumas,063,18699,4,3,0,3,0
2020-04-14,Riverside,065,2383286,2983,1467,6,1473,40
2020-04-14,Sacramento,067,1510023,967,737,0,737,29
2020-04-14,San Benito,069,59416,39,34,0,34,2
2020-04-14,San Bernardino,071,2135413,1586,933,0,933,37
2020-04-14,San Diego,073,3302833,2618,1932,0,1932,53
2020-04-14,San Francisco,075,870044,1252,968,0,968,14
2020-04-14,San Joaquin,077,732212,452,280,3,283,17
2020-04-14,San Luis Obispo,079,281455,156,109,1,110,1
2020-04-14,San Mateo,081,765935,1012,681,2,683,28
2020-04-14,Santa Barbara,083,443738,476,292,1,293,2
2020-04-14,Santa Clara,085,1922200,2061,1561,1,1562,63
2020-04-14,Santa Cruz,087,273765,107,84,0,84,2
2020-04-14,Shasta,089,179085,30,24,0,24,3
2020-04-14,Sierra,091,2930,0,0,0,0,0
2020-04-14,Siskiyou,093,43540,5,5,0,5,0
2020-04-14,Solano,095,438530,213,140,0,140,2
2020-04-14,Sonoma,097,501317,193,133,0,133,1
2020-04-14,Stanislaus,099,539301,259,136,4,140,3
2020-04-14,Sutter,101,95872,24,19,0,19,2
2020-04-14,Tehama,103,63373,1,1,0,1,1
2020-04-14,Trinity,105,12862,0,0,0,0,0
2020-04-14,Tulare,107,460477,479,228,2,230,12
2020-04-14,Tuolumne,109,53932,3,0,0,0,0
2020-04-14,Ventura,111,848112,502,328,0,328,11
2020-04-14,Yolo,113,214977,154,81,0,81,3
2020-04-14,Yuba,115,75493,14,14,0,14,1
2020-04-13,Alameda,001,1643700,1238,821,0,821,23
2020-04-13,Alpine,003,1148,1,1,0,1,0
2020-04-13,Amador,005,37829,7,6,0,6,0
2020-04-13,Butte,007,227075,20,13,1,14,0
2020-04-13,Calaveras,009,45235,10,5,0,5,0
2020-04-13,Colusa,011,21464,3,3,0,3,0
2020-04-13,Contra Costa,013,1133247,776,569,0,569,12
2020-04-13,Del Norte,015,27424,2,2,0,2,0
2020-04-13,El Dorado,017,186661,46,29,0,29,0
2020-04-13,Fresno,019,978130,489,205,4,209,4
2020-04-13,Glenn,021,27897,4,3,0,3,0
2020-04-13,Humboldt,023,135768,57,44,0,44,0
2020-04-13,Imperial,025,180216,224,82,0,82,2
2020-04-13,Inyo,027,18085,17,12,0,12,0
2020-04-13,Kern,029,883053,710,346,1,347,3
2020-04-13,Kings,031,150075,41,9,1,10,0
2020-04-13,Lake,033,64148,6,3,0,3,0
2020-04-13,Lassen,035,31185,1,0,2,2,0
2020-04-13,Los Angeles,037,10098052,15277,9367,15,9382,317
2020-04-13,Madera,039,155013,64,29,1,30,2
2020-04-13,Marin,041,260295,192,144,1,145,6
2020-04-13,Mariposa,043,17540,0,0,0,0,0
2020-04-13,Mendocino,045,87422,6,4,0,4,0
2020-04-13,Merced,047,269075,112,60,0,60,3
2020-04-13,Modoc,049,8938,0,0,0,0,0
2020-04-13,Mono,051,14174,29,21,0,21,1
2020-04-13,Monterey,053,433212,166,86,0,86,3
2020-04-13,Napa,055,140530,54,30,0,30,2
2020-04-13,Nevada,057,99092,37,24,1,25,1
2020-04-13,Orange,059,3164182,2058,1313,8,1321,21
2020-04-13,Placer,061,380077,145,116,0,116,5
2020-04-13,Plumas,063,18699,4,3,0,3,0
2020-04-13,Riverside,065,2383286,2843,1460,5,1465,35
2020-04-13,Sacramento,067,1510023,955,723,0,723,25
2020-04-13,San Benito,069,59416,38,33,0,33,2
2020-04-13,San Bernardino,071,2135413,1511,920,0,920,30
2020-04-13,San Diego,073,3302833,2535,1849,0,1849,47
2020-04-13,San Francisco,075,870044,1214,948,0,948,12
2020-04-13,San Joaquin,077,732212,438,255,3,258,16
2020-04-13,San Luis Obispo,079,281455,151,106,1,107,1
2020-04-13,San Mateo,081,765935,972,679,2,681,25
2020-04-13,Santa Barbara,083,443738,457,271,0,271,2
2020-04-13,Santa Clara,085,1922200,2021,1540,1,1541,58
2020-04-13,Santa Cruz,087,273765,101,82,0,82,1
2020-04-13,Shasta,089,179085,29,24,0,24,3
2020-04-13,Sierra,091,2930,0,0,0,0,0
2020-04-13,Siskiyou,093,43540,5,5,0,5,0
2020-04-13,Solano,095,438530,210,136,0,136,2
2020-04-13,Sonoma,097,501317,186,133,0,133,1
2020-04-13,Stanislaus,099,539301,253,130,4,134,1
2020-04-13,Sutter,101,95872,24,18,0,18,2
2020-04-13,Tehama,103,63373,1,1,0,1,0
2020-04-13,Trinity,105,12862,0,0,0,0,0
2020-04-13,Tulare,107,460477,443,185,2,187,11
2020-04-13,Tuolumne,109,53932,3,0,0,0,0
2020-04-13,Ventura,111,848112,481,309,0,309,9
2020-04-13,Yolo,113,214977,148,81,0,81,3
2020-04-13,Yuba,115,75493,14,13,0,13,1
2020-04-12,Alameda,001,1643700,1195,774,0,774,23
2020-04-12,Alpine,003,1148,1,1,0,1,0
2020-04-12,Amador,005,37829,7,6,0,6,0
2020-04-12,Butte,007,227075,20,13,1,14,0
2020-04-12,Calaveras,009,45235,10,5,0,5,0
2020-04-12,Colusa,011,21464,3,3,0,3,0
2020-04-12,Contra Costa,013,1133247,764,553,0,553,12
2020-04-12,Del Norte,015,27424,2,2,0,2,0
2020-04-12,El Dorado,017,186661,46,28,0,28,0
2020-04-12,Fresno,019,978130,460,205,4,209,4
2020-04-12,Glenn,021,27897,4,3,0,3,0
2020-04-12,Humboldt,023,135768,57,43,0,43,0
2020-04-12,Imperial,025,180216,201,78,0,78,2
2020-04-12,Inyo,027,18085,15,12,0,12,0
2020-04-12,Kern,029,883053,678,319,0,319,3
2020-04-12,Kings,031,150075,39,9,1,10,0
2020-04-12,Lake,033,64148,6,3,0,3,0
2020-04-12,Lassen,035,31185,1,0,2,2,0
2020-04-12,Los Angeles,037,10098052,14564,9133,15,9148,294
2020-04-12,Madera,039,155013,63,29,1,30,2
2020-04-12,Marin,041,260295,181,138,1,139,6
2020-04-12,Mariposa,043,17540,0,0,0,0,0
2020-04-12,Mendocino,045,87422,6,4,0,4,0
2020-04-12,Merced,047,269075,106,58,0,58,3
2020-04-12,Modoc,049,8938,0,0,0,0,0
2020-04-12,Mono,051,14174,29,20,0,20,1
2020-04-12,Monterey,053,433212,152,85,0,85,3
2020-04-12,Napa,055,140530,52,29,0,29,2
2020-04-12,Nevada,057,99092,37,24,1,25,1
2020-04-12,Orange,059,3164182,1997,1283,7,1290,21
2020-04-12,Placer,061,380077,144,114,0,114,4
2020-04-12,Plumas,063,18699,4,3,0,3,0
2020-04-12,Riverside,065,2383286,2661,1330,5,1335,34
2020-04-12,Sacramento,067,1510023,918,689,0,689,25
2020-04-12,San Benito,069,59416,36,33,0,33,2
2020-04-12,San Bernardino,071,2135413,1435,827,0,827,30
2020-04-12,San Diego,073,3302833,2445,1806,0,1806,45
2020-04-12,San Francisco,075,870044,1187,886,0,886,11
2020-04-12,San Joaquin,077,732212,420,246,3,249,15
2020-04-12,San Luis Obispo,079,281455,149,102,1,103,1
2020-04-12,San Mateo,081,765935,946,664,2,666,25
2020-04-12,Santa Barbara,083,443738,432,261,0,261,2
2020-04-12,Santa Clara,085,1922200,1997,1461,1,1462,53
2020-04-12,Santa Cruz,087,273765,100,80,0,80,1
2020-04-12,Shasta,089,179085,29,24,0,24,3
2020-04-12,Sierra,091,2930,0,0,0,0,0
2020-04-12,Siskiyou,093,43540,5,5,0,5,0
2020-04-12,Solano,095,438530,204,136,0,136,2
2020-04-12,Sonoma,097,501317,183,131,0,131,1
2020-04-12,Stanislaus,099,539301,245,117,4,121,1
2020-04-12,Sutter,101,95872,23,18,0,18,2
2020-04-12,Tehama,103,63373,1,1,0,1,0
2020-04-12,Trinity,105,12862,0,0,0,0,0
2020-04-12,Tulare,107,460477,432,166,2,168,11
2020-04-12,Tuolumne,109,53932,3,0,0,0,0
2020-04-12,Ventura,111,848112,472,306,0,306,9
2020-04-12,Yolo,113,214977,135,67,0,67,3
2020-04-12,Yuba,115,75493,14,13,0,13,1
2020-04-11,Alameda,001,1643700,1154,751,0,751,23
2020-04-11,Alpine,003,1148,1,1,0,1,0
2020-04-11,Amador,005,37829,7,6,0,6,0
2020-04-11,Butte,007,227075,20,13,1,14,0
2020-04-11,Calaveras,009,45235,10,5,0,5,0
2020-04-11,Colusa,011,21464,3,3,0,3,0
2020-04-11,Contra Costa,013,1133247,755,550,0,550,12
2020-04-11,Del Norte,015,27424,2,2,0,2,0
2020-04-11,El Dorado,017,186661,45,29,0,29,0
2020-04-11,Fresno,019,978130,450,201,4,205,4
2020-04-11,Glenn,021,27897,4,3,0,3,0
2020-04-11,Humboldt,023,135768,57,38,0,38,0
2020-04-11,Imperial,025,180216,190,78,0,78,2
2020-04-11,Inyo,027,18085,15,12,0,12,0
2020-04-11,Kern,029,883053,650,304,0,304,3
2020-04-11,Kings,031,150075,36,9,1,10,0
2020-04-11,Lake,033,64148,6,3,0,3,0
2020-04-11,Lassen,035,31185,1,0,2,2,0
2020-04-11,Los Angeles,037,10098052,14094,8823,15,8838,262
2020-04-11,Madera,039,155013,62,29,1,30,2
2020-04-11,Marin,041,260295,178,136,1,137,6
2020-04-11,Mariposa,043,17540,0,0,0,0,0
2020-04-11,Mendocino,045,87422,6,4,0,4,0
2020-04-11,Merced,047,269075,103,59,0,59,3
2020-04-11,Modoc,049,8938,0,0,0,0,0
2020-04-11,Mono,051,14174,29,20,0,20,1
2020-04-11,Monterey,053,433212,146,78,0,78,3
2020-04-11,Napa,055,140530,52,29,0,29,2
2020-04-11,Nevada,057,99092,37,24,1,25,1
2020-04-11,Orange,059,3164182,1936,1267,7,1274,21
2020-04-11,Placer,061,380077,144,113,0,113,4
2020-04-11,Plumas,063,18699,4,3,0,3,0
2020-04-11,Riverside,065,2383286,2582,1260,5,1265,33
2020-04-11,Sacramento,067,1510023,907,685,0,685,25
2020-04-11,San Benito,069,59416,36,33,0,33,2
2020-04-11,San Bernardino,071,2135413,1399,826,0,826,28
2020-04-11,San Diego,073,3302833,2379,1763,0,1763,45
2020-04-11,San Francisco,075,870044,1165,860,0,860,11
2020-04-11,San Joaquin,077,732212,415,244,3,247,15
2020-04-11,San Luis Obispo,079,281455,149,100,0,100,1
2020-04-11,San Mateo,081,765935,934,662,2,664,25
2020-04-11,Santa Barbara,083,443738,424,258,0,258,2
2020-04-11,Santa Clara,085,1922200,1955,1441,1,1442,51
2020-04-11,Santa Cruz,087,273765,100,79,0,79,1
2020-04-11,Shasta,089,179085,29,24,0,24,3
2020-04-11,Sierra,091,2930,0,0,0,0,0
2020-04-11,Siskiyou,093,43540,5,5,0,5,0
2020-04-11,Solano,095,438530,200,138,0,138,2
2020-04-11,Sonoma,097,501317,181,131,0,131,1
2020-04-11,Stanislaus,099,539301,238,119,3,122,1
2020-04-11,Sutter,101,95872,23,18,0,18,2
2020-04-11,Tehama,103,63373,1,1,0,1,0
2020-04-11,Trinity,105,12862,0,0,0,0,0
2020-04-11,Tulare,107,460477,410,168,2,170,10
2020-04-11,Tuolumne,109,53932,3,0,0,0,0
2020-04-11,Ventura,111,848112,462,304,0,304,9
2020-04-11,Yolo,113,214977,132,67,0,67,3
2020-04-11,Yuba,115,75493,14,13,0,13,1
2020-04-10,Alameda,001,1643700,1113,706,0,706,21
2020-04-10,Alpine,003,1148,1,1,0,1,0
2020-04-10,Amador,005,37829,7,5,0,5,0
2020-04-10,Butte,007,227075,20,13,1,14,0
2020-04-10,Calaveras,009,45235,10,5,0,5,0
2020-04-10,Colusa,011,21464,3,3,0,3,0
2020-04-10,Contra Costa,013,1133247,742,537,0,537,10
2020-04-10,Del Norte,015,27424,2,2,0,2,0
2020-04-10,El Dorado,017,186661,45,26,0,26,0
2020-04-10,Fresno,019,978130,443,186,3,189,3
2020-04-10,Glenn,021,27897,4,3,0,3,0
2020-04-10,Humboldt,023,135768,57,36,0,36,0
2020-04-10,Imperial,025,180216,183,70,0,70,2
2020-04-10,Inyo,027,18085,13,11,0,11,0
2020-04-10,Kern,029,883053,626,272,0,272,3
2020-04-10,Kings,031,150075,33,7,1,8,0
2020-04-10,Lake,033,64148,6,3,0,3,0
2020-04-10,Lassen,035,31185,1,0,2,2,0
2020-04-10,Los Angeles,037,10098052,13581,8384,14,8398,239
2020-04-10,Madera,039,155013,61,29,1,30,2
2020-04-10,Marin,041,260295,173,128,1,129,6
2020-04-10,Mariposa,043,17540,0,0,0,0,0
2020-04-10,Mendocino,045,87422,6,4,0,4,0
2020-04-10,Merced,047,269075,100,56,0,56,3
2020-04-10,Modoc,049,8938,0,0,0,0,0
2020-04-10,Mono,051,14174,29,20,0,20,1
2020-04-10,Monterey,053,433212,135,78,0,78,3
2020-04-10,Napa,055,140530,49,28,0,28,2
2020-04-10,Nevada,057,99092,37,23,1,24,1
2020-04-10,Orange,059,3164182,1889,1167,7,1174,21
2020-04-10,Placer,061,380077,143,112,0,112,4
2020-04-10,Plumas,063,18699,4,3,0,3,0
2020-04-10,Riverside,065,2383286,2517,1162,5,1167,30
2020-04-10,Sacramento,067,1510023,898,642,0,642,24
2020-04-10,San Benito,069,59416,36,32,0,32,2
2020-04-10,San Bernardino,071,2135413,1351,779,0,779,27
2020-04-10,San Diego,073,3302833,2319,1695,0,1695,44
2020-04-10,San Francisco,075,870044,1134,797,0,797,10
2020-04-10,San Joaquin,077,732212,403,234,3,237,14
2020-04-10,San Luis Obispo,079,281455,149,97,0,97,1
2020-04-10,San Mateo,081,765935,918,642,2,644,24
2020-04-10,Santa Barbara,083,443738,412,254,0,254,2
2020-04-10,Santa Clara,085,1922200,1906,1351,1,1352,50
2020-04-10,Santa Cruz,087,273765,99,75,0,75,1
2020-04-10,Shasta,089,179085,29,24,0,24,3
2020-04-10,Sierra,091,2930,0,0,0,0,0
2020-04-10,Siskiyou,093,43540,5,5,0,5,0
2020-04-10,Solano,095,438530,197,129,0,129,2
2020-04-10,Sonoma,097,501317,180,129,0,129,1
2020-04-10,Stanislaus,099,539301,231,101,3,104,0
2020-04-10,Sutter,101,95872,23,18,0,18,2
2020-04-10,Tehama,103,63373,1,1,0,1,0
2020-04-10,Trinity,105,12862,0,0,0,0,0
2020-04-10,Tulare,107,460477,367,163,2,165,10
2020-04-10,Tuolumne,109,53932,3,0,0,0,0
2020-04-10,Ventura,111,848112,454,290,0,290,9
2020-04-10,Yolo,113,214977,130,62,0,62,3
2020-04-10,Yuba,115,75493,14,13,0,13,1
2020-04-09,Alameda,001,1643700,1063,641,0,641,17
2020-04-09,Alpine,003,1148,1,1,0,1,0
2020-04-09,Amador,005,37829,7,2,0,2,0
2020-04-09,Butte,007,227075,19,12,1,13,0
2020-04-09,Calaveras,009,45235,10,5,0,5,0
2020-04-09,Colusa,011,21464,3,3,0,3,0
2020-04-09,Contra Costa,013,1133247,699,505,0,505,7
2020-04-09,Del Norte,015,27424,2,2,0,2,0
2020-04-09,El Dorado,017,186661,44,25,0,25,0
2020-04-09,Fresno,019,978130,419,165,3,168,3
2020-04-09,Glenn,021,27897,4,2,0,2,0
2020-04-09,Humboldt,023,135768,57,36,0,36,0
2020-04-09,Imperial,025,180216,162,67,0,67,2
2020-04-09,Inyo,027,18085,12,11,0,11,0
2020-04-09,Kern,029,883053,590,241,0,241,2
2020-04-09,Kings,031,150075,31,5,1,6,0
2020-04-09,Lake,033,64148,5,1,0,1,0
2020-04-09,Lassen,035,31185,1,0,2,2,0
2020-04-09,Los Angeles,037,10098052,12954,7919,14,7933,220
2020-04-09,Madera,039,155013,61,28,1,29,2
2020-04-09,Marin,041,260295,171,126,1,127,7
2020-04-09,Mariposa,043,17540,0,0,0,0,0
2020-04-09,Mendocino,045,87422,6,4,0,4,0
2020-04-09,Merced,047,269075,97,41,0,41,3
2020-04-09,Modoc,049,8938,0,0,0,0,0
2020-04-09,Mono,051,14174,29,19,0,19,1
2020-04-09,Monterey,053,433212,117,70,0,70,3
2020-04-09,Napa,055,140530,45,27,0,27,2
2020-04-09,Nevada,057,99092,36,23,1,24,1
2020-04-09,Orange,059,3164182,1813,1105,6,1111,19
2020-04-09,Placer,061,380077,142,107,0,107,4
2020-04-09,Plumas,063,18699,4,3,0,3,0
2020-04-09,Riverside,065,2383286,2375,1083,5,1088,29
2020-04-09,Sacramento,067,1510023,875,601,0,601,21
2020-04-09,San Benito,069,59416,36,32,0,32,2
2020-04-09,San Bernardino,071,2135413,1282,717,0,717,27
2020-04-09,San Diego,073,3302833,2223,1630,0,1630,40
2020-04-09,San Francisco,075,870044,1114,748,0,748,8
2020-04-09,San Joaquin,077,732212,382,223,3,226,14
2020-04-09,San Luis Obispo,079,281455,142,93,0,93,1
2020-04-09,San Mateo,081,765935,902,630,2,632,23
2020-04-09,Santa Barbara,083,443738,401,232,0,232,2
2020-04-09,Santa Clara,085,1922200,1837,1301,1,1302,49
2020-04-09,Santa Cruz,087,273765,99,73,0,73,1
2020-04-09,Shasta,089,179085,29,22,0,22,3
2020-04-09,Sierra,091,2930,0,0,0,0,0
2020-04-09,Siskiyou,093,43540,5,4,0,4,0
2020-04-09,Solano,095,438530,188,118,0,118,2
2020-04-09,Sonoma,097,501317,176,113,0,113,1
2020-04-09,Stanislaus,099,539301,219,93,3,96,0
2020-04-09,Sutter,101,95872,23,17,0,17,2
2020-04-09,Tehama,103,63373,1,1,0,1,0
2020-04-09,Trinity,105,12862,0,0,0,0,0
2020-04-09,Tulare,107,460477,341,147,2,149,9
2020-04-09,Tuolumne,109,53932,3,0,0,0,0
2020-04-09,Ventura,111,848112,435,273,0,273,9
2020-04-09,Yolo,113,214977,121,59,0,59,3
2020-04-09,Yuba,115,75493,14,13,0,13,0
2020-04-08,Alameda,001,1643700,1022,594,0,594,15
2020-04-08,Alpine,003,1148,1,1,0,1,0
2020-04-08,Amador,005,37829,7,2,0,2,0
2020-04-08,Butte,007,227075,18,11,1,12,0
2020-04-08,Calaveras,009,45235,10,5,0,5,0
2020-04-08,Colusa,011,21464,3,3,0,3,0
2020-04-08,Contra Costa,013,1133247,686,481,0,481,7
2020-04-08,Del Norte,015,27424,2,2,0,2,0
2020-04-08,El Dorado,017,186661,44,25,0,25,0
2020-04-08,Fresno,019,978130,399,151,3,154,3
2020-04-08,Glenn,021,27897,4,2,0,2,0
2020-04-08,Humboldt,023,135768,57,40,0,40,0
2020-04-08,Imperial,025,180216,151,59,0,59,2
2020-04-08,Inyo,027,18085,12,11,0,11,0
2020-04-08,Kern,029,883053,549,198,0,198,2
2020-04-08,Kings,031,150075,31,5,1,6,0
2020-04-08,Lake,033,64148,5,1,0,1,0
2020-04-08,Lassen,035,31185,1,0,2,2,0
2020-04-08,Los Angeles,037,10098052,12353,7505,14,7519,196
2020-04-08,Madera,039,155013,60,28,1,29,2
2020-04-08,Marin,041,260295,165,125,1,126,7
2020-04-08,Mariposa,043,17540,0,0,0,0,0
2020-04-08,Mendocino,045,87422,6,4,0,4,0
2020-04-08,Merced,047,269075,82,35,0,35,1
2020-04-08,Modoc,049,8938,0,0,0,0,0
2020-04-08,Mono,051,14174,29,19,0,19,1
2020-04-08,Monterey,053,433212,108,68,0,68,3
2020-04-08,Napa,055,140530,43,21,0,21,2
2020-04-08,Nevada,057,99092,36,21,1,22,1
2020-04-08,Orange,059,3164182,1751,1034,6,1040,19
2020-04-08,Placer,061,380077,142,102,0,102,4
2020-04-08,Plumas,063,18699,4,3,0,3,0
2020-04-08,Riverside,065,2383286,2221,974,5,979,28
2020-04-08,Sacramento,067,1510023,841,565,0,565,21
2020-04-08,San Benito,069,59416,36,31,0,31,2
2020-04-08,San Bernardino,071,2135413,1225,635,0,635,22
2020-04-08,San Diego,073,3302833,2149,1532,0,1532,36
2020-04-08,San Francisco,075,870044,1046,687,0,687,7
2020-04-08,San Joaquin,077,732212,365,211,3,214,12
2020-04-08,San Luis Obispo,079,281455,140,90,0,90,1
2020-04-08,San Mateo,081,765935,887,608,2,610,22
2020-04-08,Santa Barbara,083,443738,383,221,0,221,2
2020-04-08,Santa Clara,085,1922200,1793,1257,1,1258,47
2020-04-08,Santa Cruz,087,273765,98,69,0,69,1
2020-04-08,Shasta,089,179085,29,18,0,18,3
2020-04-08,Sierra,091,2930,0,0,0,0,0
2020-04-08,Siskiyou,093,43540,5,4,0,4,0
2020-04-08,Solano,095,438530,175,111,0,111,2
2020-04-08,Sonoma,097,501317,171,107,0,107,1
2020-04-08,Stanislaus,099,539301,203,86,3,89,0
2020-04-08,Sutter,101,95872,22,17,0,17,2
2020-04-08,Tehama,103,63373,1,1,0,1,0
2020-04-08,Trinity,105,12862,0,0,0,0,0
2020-04-08,Tulare,107,460477,311,145,2,147,6
2020-04-08,Tuolumne,109,53932,3,0,0,0,0
2020-04-08,Ventura,111,848112,426,263,0,263,7
2020-04-08,Yolo,113,214977,104,56,0,56,3
2020-04-08,Yuba,115,75493,14,10,0,10,0
2020-04-07,Alameda,001,1643700,987,560,0,560,14
2020-04-07,Alpine,003,1148,1,1,0,1,0
2020-04-07,Amador,005,37829,7,2,0,2,0
2020-04-07,Butte,007,227075,17,11,1,12,0
2020-04-07,Calaveras,009,45235,9,5,0,5,0
2020-04-07,Colusa,011,21464,3,2,0,2,0
2020-04-07,Contra Costa,013,1133247,666,471,0,471,7
2020-04-07,Del Norte,015,27424,2,2,0,2,0
2020-04-07,El Dorado,017,186661,43,22,0,22,0
2020-04-07,Fresno,019,978130,384,138,3,141,3
2020-04-07,Glenn,021,27897,4,2,0,2,0
2020-04-07,Humboldt,023,135768,56,40,0,40,0
2020-04-07,Imperial,025,180216,133,53,0,53,2
2020-04-07,Inyo,027,18085,12,11,0,11,0
2020-04-07,Kern,029,883053,506,134,0,134,2
2020-04-07,Kings,031,150075,29,5,1,6,0
2020-04-07,Lake,033,64148,4,1,0,1,0
2020-04-07,Lassen,035,31185,1,0,2,2,0
2020-04-07,Los Angeles,037,10098052,11703,6885,14,6899,170
2020-04-07,Madera,039,155013,58,28,0,28,2
2020-04-07,Marin,041,260295,163,122,1,123,7
2020-04-07,Mariposa,043,17540,0,0,0,0,0
2020-04-07,Mendocino,045,87422,6,4,0,4,0
2020-04-07,Merced,047,269075,67,27,0,27,1
2020-04-07,Modoc,049,8938,0,0,0,0,0
2020-04-07,Mono,051,14174,28,18,0,18,1
2020-04-07,Monterey,053,433212,100,63,0,63,2
2020-04-07,Napa,055,140530,41,18,0,18,2
2020-04-07,Nevada,057,99092,36,20,1,21,1
2020-04-07,Orange,059,3164182,1704,971,5,976,19
2020-04-07,Placer,061,380077,137,94,0,94,3
2020-04-07,Plumas,063,18699,4,3,0,3,0
2020-04-07,Riverside,065,2383286,2065,905,5,910,25
2020-04-07,Sacramento,067,1510023,811,513,0,513,18
2020-04-07,San Benito,069,59416,36,26,0,26,2
2020-04-07,San Bernardino,071,2135413,1158,554,0,554,19
2020-04-07,San Diego,073,3302833,2072,1456,0,1456,31
2020-04-07,San Francisco,075,870044,986,636,0,636,6
2020-04-07,San Joaquin,077,732212,347,198,3,201,12
2020-04-07,San Luis Obispo,079,281455,135,87,0,87,1
2020-04-07,San Mateo,081,765935,866,573,2,575,22
2020-04-07,Santa Barbara,083,443738,368,209,0,209,2
2020-04-07,Santa Clara,085,1922200,1724,1193,1,1194,46
2020-04-07,Santa Cruz,087,273765,98,67,0,67,1
2020-04-07,Shasta,089,179085,28,16,0,16,3
2020-04-07,Sierra,091,2930,0,0,0,0,0
2020-04-07,Siskiyou,093,43540,5,4,0,4,0
2020-04-07,Solano,095,438530,170,99,0,99,1
2020-04-07,Sonoma,097,501317,168,102,0,102,1
2020-04-07,Stanislaus,099,539301,186,83,3,86,0
2020-04-07,Sutter,101,95872,22,16,0,16,2
2020-04-07,Tehama,103,63373,1,1,0,1,0
2020-04-07,Trinity,105,12862,0,0,0,0,0
2020-04-07,Tulare,107,460477,284,144,2,146,5
2020-04-07,Tuolumne,109,53932,3,1,0,1,0
2020-04-07,Ventura,111,848112,409,247,0,247,6
2020-04-07,Yolo,113,214977,97,51,0,51,2
2020-04-07,Yuba,115,75493,14,10,0,10,0
2020-04-06,Alameda,001,1643700,957,527,0,527,13
2020-04-06,Alpine,003,1148,1,1,0,1,0
2020-04-06,Amador,005,37829,6,2,0,2,0
2020-04-06,Butte,007,227075,16,11,1,12,0
2020-04-06,Calaveras,009,45235,9,4,0,4,0
2020-04-06,Colusa,011,21464,3,1,0,1,0
2020-04-06,Contra Costa,013,1133247,641,447,0,447,7
2020-04-06,Del Norte,015,27424,2,2,0,2,0
2020-04-06,El Dorado,017,186661,41,23,0,23,0
2020-04-06,Fresno,019,978130,363,122,3,125,1
2020-04-06,Glenn,021,27897,4,2,0,2,0
2020-04-06,Humboldt,023,135768,55,37,0,37,0
2020-04-06,Imperial,025,180216,126,47,0,47,1
2020-04-06,Inyo,027,18085,11,11,0,11,0
2020-04-06,Kern,029,883053,469,117,0,117,2
2020-04-06,Kings,031,150075,29,3,1,4,0
2020-04-06,Lake,033,64148,4,1,0,1,0
2020-04-06,Lassen,035,31185,1,0,2,2,0
2020-04-06,Los Angeles,037,10098052,10971,6346,14,6360,145
2020-04-06,Madera,039,155013,56,29,0,29,2
2020-04-06,Marin,041,260295,160,119,1,120,7
2020-04-06,Mariposa,043,17540,0,0,0,0,0
2020-04-06,Mendocino,045,87422,6,4,0,4,0
2020-04-06,Merced,047,269075,60,25,0,25,1
2020-04-06,Modoc,049,8938,0,0,0,0,0
2020-04-06,Mono,051,14174,28,18,0,18,1
2020-04-06,Monterey,053,433212,95,62,0,62,2
2020-04-06,Napa,055,140530,41,18,0,18,2
2020-04-06,Nevada,057,99092,36,19,1,20,1
2020-04-06,Orange,059,3164182,1660,910,4,914,17
2020-04-06,Placer,061,380077,137,90,0,90,3
2020-04-06,Plumas,063,18699,4,2,0,2,0
2020-04-06,Riverside,065,2383286,1939,854,5,859,17
2020-04-06,Sacramento,067,1510023,781,448,0,448,15
2020-04-06,San Benito,069,59416,34,25,0,25,1
2020-04-06,San Bernardino,071,2135413,1099,550,0,550,13
2020-04-06,San Diego,073,3302833,1990,1406,0,1406,19
2020-04-06,San Francisco,075,870044,946,586,0,586,6
2020-04-06,San Joaquin,077,732212,332,191,3,194,10
2020-04-06,San Luis Obispo,079,281455,133,85,0,85,1
2020-04-06,San Mateo,081,765935,848,569,2,571,20
2020-04-06,Santa Barbara,083,443738,356,189,0,189,2
2020-04-06,Santa Clara,085,1922200,1672,1128,1,1129,43
2020-04-06,Santa Cruz,087,273765,96,65,0,65,1
2020-04-06,Shasta,089,179085,28,16,0,16,3
2020-04-06,Sierra,091,2930,0,0,0,0,0
2020-04-06,Siskiyou,093,43540,4,4,0,4,0
2020-04-06,Solano,095,438530,163,95,0,95,1
2020-04-06,Sonoma,097,501317,167,102,0,102,1
2020-04-06,Stanislaus,099,539301,170,72,3,75,0
2020-04-06,Sutter,101,95872,22,14,0,14,2
2020-04-06,Tehama,103,63373,1,1,0,1,0
2020-04-06,Trinity,105,12862,0,0,0,0,0
2020-04-06,Tulare,107,460477,272,126,2,128,5
2020-04-06,Tuolumne,109,53932,3,1,0,1,0
2020-04-06,Ventura,111,848112,391,234,0,234,6
2020-04-06,Yolo,113,214977,93,43,0,43,1
2020-04-06,Yuba,115,75493,14,8,0,8,0
2020-04-05,Alameda,001,1643700,915,475,0,475,12
2020-04-05,Alpine,003,1148,1,1,0,1,0
2020-04-05,Amador,005,37829,6,2,0,2,0
2020-04-05,Butte,007,227075,16,10,1,11,0
2020-04-05,Calaveras,009,45235,9,3,0,3,0
2020-04-05,Colusa,011,21464,3,1,0,1,0
2020-04-05,Contra Costa,013,1133247,624,415,0,415,6
2020-04-05,Del Norte,015,27424,2,1,0,1,0
2020-04-05,El Dorado,017,186661,40,19,0,19,0
2020-04-05,Fresno,019,978130,330,102,3,105,1
2020-04-05,Glenn,021,27897,4,2,0,2,0
2020-04-05,Humboldt,023,135768,55,29,0,29,0
2020-04-05,Imperial,025,180216,118,42,0,42,1
2020-04-05,Inyo,027,18085,11,10,0,10,0
2020-04-05,Kern,029,883053,414,109,0,109,2
2020-04-05,Kings,031,150075,28,4,1,5,0
2020-04-05,Lake,033,64148,4,0,0,0,0
2020-04-05,Lassen,035,31185,1,0,2,2,0
2020-04-05,Los Angeles,037,10098052,10400,5892,14,5906,130
2020-04-05,Madera,039,155013,55,27,0,27,2
2020-04-05,Marin,041,260295,160,113,1,114,6
2020-04-05,Mariposa,043,17540,0,0,0,0,0
2020-04-05,Mendocino,045,87422,6,4,0,4,0
2020-04-05,Merced,047,269075,53,16,0,16,0
2020-04-05,Modoc,049,8938,0,0,0,0,0
2020-04-05,Mono,051,14174,28,18,0,18,1
2020-04-05,Monterey,053,433212,88,61,0,61,2
2020-04-05,Napa,055,140530,39,15,0,15,2
2020-04-05,Nevada,057,99092,36,19,1,20,1
2020-04-05,Orange,059,3164182,1602,820,4,824,15
2020-04-05,Placer,061,380077,134,86,0,86,3
2020-04-05,Plumas,063,18699,3,2,0,2,0
2020-04-05,Riverside,065,2383286,1810,669,5,674,17
2020-04-05,Sacramento,067,1510023,750,393,0,393,11
2020-04-05,San Benito,069,59416,34,22,0,22,1
2020-04-05,San Bernardino,071,2135413,1025,375,0,375,13
2020-04-05,San Diego,073,3302833,1908,1328,0,1328,19
2020-04-05,San Francisco,075,870044,899,559,0,559,6
2020-04-05,San Joaquin,077,732212,317,179,3,182,10
2020-04-05,San Luis Obispo,079,281455,131,83,0,83,1
2020-04-05,San Mateo,081,765935,828,528,2,530,19
2020-04-05,Santa Barbara,083,443738,336,171,0,171,1
2020-04-05,Santa Clara,085,1922200,1627,1052,1,1053,42
2020-04-05,Santa Cruz,087,273765,96,59,0,59,1
2020-04-05,Shasta,089,179085,27,11,0,11,2
2020-04-05,Sierra,091,2930,0,0,0,0,0
2020-04-05,Siskiyou,093,43540,4,3,0,3,0
2020-04-05,Solano,095,438530,159,78,0,78,1
2020-04-05,Sonoma,097,501317,165,88,0,88,1
2020-04-05,Stanislaus,099,539301,156,51,3,54,0
2020-04-05,Sutter,101,95872,22,14,0,14,1
2020-04-05,Tehama,103,63373,1,1,0,1,0
2020-04-05,Trinity,105,12862,0,0,0,0,0
2020-04-05,Tulare,107,460477,240,81,2,83,4
2020-04-05,Tuolumne,109,53932,3,1,0,1,0
2020-04-05,Ventura,111,848112,377,196,0,196,6
2020-04-05,Yolo,113,214977,75,37,0,37,2
2020-04-05,Yuba,115,75493,14,7,0,7,0
2020-04-04,Alameda,001,1643700,892,468,0,468,12
2020-04-04,Alpine,003,1148,1,1,0,1,0
2020-04-04,Amador,005,37829,5,2,0,2,0
2020-04-04,Butte,007,227075,16,10,1,11,0
2020-04-04,Calaveras,009,45235,9,3,0,3,0
2020-04-04,Colusa,011,21464,3,1,0,1,0
2020-04-04,Contra Costa,013,1133247,616,382,0,382,5
2020-04-04,Del Norte,015,27424,2,1,0,1,0
2020-04-04,El Dorado,017,186661,40,19,0,19,0
2020-04-04,Fresno,019,978130,320,102,3,105,1
2020-04-04,Glenn,021,27897,4,2,0,2,0
2020-04-04,Humboldt,023,135768,55,29,0,29,0
2020-04-04,Imperial,025,180216,117,42,0,42,1
2020-04-04,Inyo,027,18085,11,10,0,10,0
2020-04-04,Kern,029,883053,385,103,0,103,2
2020-04-04,Kings,031,150075,28,3,1,4,0
2020-04-04,Lake,033,64148,4,0,0,0,0
2020-04-04,Lassen,035,31185,1,0,2,2,0
2020-04-04,Los Angeles,037,10098052,9783,5275,14,5289,117
2020-04-04,Madera,039,155013,53,27,0,27,2
2020-04-04,Marin,041,260295,158,111,0,111,6
2020-04-04,Mariposa,043,17540,0,0,0,0,0
2020-04-04,Mendocino,045,87422,6,4,0,4,0
2020-04-04,Merced,047,269075,49,11,0,11,0
2020-04-04,Modoc,049,8938,0,0,0,0,0
2020-04-04,Mono,051,14174,28,18,0,18,1
2020-04-04,Monterey,053,433212,85,61,0,61,2
2020-04-04,Napa,055,140530,39,15,0,15,2
2020-04-04,Nevada,057,99092,36,19,1,20,1
2020-04-04,Orange,059,3164182,1560,781,3,784,15
2020-04-04,Placer,061,380077,133,87,0,87,2
2020-04-04,Plumas,063,18699,3,2,0,2,0
2020-04-04,Riverside,065,2383286,1709,652,5,657,15
2020-04-04,Sacramento,067,1510023,732,393,0,393,11
2020-04-04,San Benito,069,59416,34,22,0,22,1
2020-04-04,San Bernardino,071,2135413,977,373,0,373,13
2020-04-04,San Diego,073,3302833,1860,1211,0,1211,18
2020-04-04,San Francisco,075,870044,861,537,0,537,6
2020-04-04,San Joaquin,077,732212,294,171,3,174,10
2020-04-04,San Luis Obispo,079,281455,131,82,0,82,0
2020-04-04,San Mateo,081,765935,816,520,2,522,17
2020-04-04,Santa Barbara,083,443738,327,167,0,167,1
2020-04-04,Santa Clara,085,1922200,1576,1045,1,1046,39
2020-04-04,Santa Cruz,087,273765,96,56,0,56,1
2020-04-04,Shasta,089,179085,26,11,0,11,2
2020-04-04,Sierra,091,2930,0,0,0,0,0
2020-04-04,Siskiyou,093,43540,4,3,0,3,0
2020-04-04,Solano,095,438530,154,79,0,79,1
2020-04-04,Sonoma,097,501317,162,88,0,88,1
2020-04-04,Stanislaus,099,539301,145,51,3,54,0
2020-04-04,Sutter,101,95872,22,14,0,14,1
2020-04-04,Tehama,103,63373,1,1,0,1,0
2020-04-04,Trinity,105,12862,0,0,0,0,0
2020-04-04,Tulare,107,460477,226,79,2,81,4
2020-04-04,Tuolumne,109,53932,3,1,0,1,0
2020-04-04,Ventura,111,848112,364,194,0,194,6
2020-04-04,Yolo,113,214977,73,40,0,40,2
2020-04-04,Yuba,115,75493,13,7,0,7,0
2020-04-03,Alameda,001,1643700,856,395,0,395,11
2020-04-03,Alpine,003,1148,1,1,0,1,0
2020-04-03,Amador,005,37829,5,2,0,2,0
2020-04-03,Butte,007,227075,16,8,1,9,0
2020-04-03,Calaveras,009,45235,9,3,0,3,0
2020-04-03,Colusa,011,21464,3,1,0,1,0
2020-04-03,Contra Costa,013,1133247,593,327,0,327,5
2020-04-03,Del Norte,015,27424,2,1,0,1,0
2020-04-03,El Dorado,017,186661,38,16,0,16,0
2020-04-03,Fresno,019,978130,308,98,3,101,1
2020-04-03,Glenn,021,27897,4,2,0,2,0
2020-04-03,Humboldt,023,135768,55,34,0,34,0
2020-04-03,Imperial,025,180216,108,35,0,35,0
2020-04-03,Inyo,027,18085,11,10,0,10,0
2020-04-03,Kern,029,883053,359,87,0,87,1
2020-04-03,Kings,031,150075,26,3,1,4,0
2020-04-03,Lake,033,64148,3,0,0,0,0
2020-04-03,Lassen,035,31185,1,0,2,2,0
2020-04-03,Los Angeles,037,10098052,9167,4566,14,4580,91
2020-04-03,Madera,039,155013,52,28,0,28,2
2020-04-03,Marin,041,260295,156,106,0,106,6
2020-04-03,Mariposa,043,17540,0,0,0,0,0
2020-04-03,Mendocino,045,87422,6,4,0,4,0
2020-04-03,Merced,047,269075,46,9,0,9,0
2020-04-03,Modoc,049,8938,0,0,0,0,0
2020-04-03,Mono,051,14174,28,18,0,18,1
2020-04-03,Monterey,053,433212,82,58,0,58,2
2020-04-03,Napa,055,140530,38,13,0,13,1
2020-04-03,Nevada,057,99092,36,19,1,20,1
2020-04-03,Orange,059,3164182,1521,713,3,716,13
2020-04-03,Placer,061,380077,129,76,0,76,2
2020-04-03,Plumas,063,18699,3,2,0,2,0
2020-04-03,Riverside,065,2383286,1630,540,5,545,14
2020-04-03,Sacramento,067,1510023,710,363,0,363,11
2020-04-03,San Benito,069,59416,34,22,0,22,1
2020-04-03,San Bernardino,071,2135413,932,356,0,356,11
2020-04-03,San Diego,073,3302833,1800,1114,0,1114,17
2020-04-03,San Francisco,075,870044,836,506,0,506,6
2020-04-03,San Joaquin,077,732212,282,162,3,165,10
2020-04-03,San Luis Obispo,079,281455,131,82,0,82,0
2020-04-03,San Mateo,081,765935,799,474,2,476,13
2020-04-03,Santa Barbara,083,443738,315,154,0,154,1
2020-04-03,Santa Clara,085,1922200,1542,983,1,984,39
2020-04-03,Santa Cruz,087,273765,96,52,0,52,1
2020-04-03,Shasta,089,179085,26,10,0,10,1
2020-04-03,Sierra,091,2930,0,0,0,0,0
2020-04-03,Siskiyou,093,43540,4,3,0,3,0
2020-04-03,Solano,095,438530,146,72,0,72,1
2020-04-03,Sonoma,097,501317,162,84,0,84,1
2020-04-03,Stanislaus,099,539301,139,48,3,51,0
2020-04-03,Sutter,101,95872,22,12,0,12,1
2020-04-03,Tehama,103,63373,1,1,0,1,0
2020-04-03,Trinity,105,12862,0,0,0,0,0
2020-04-03,Tulare,107,460477,213,73,2,75,3
2020-04-03,Tuolumne,109,53932,3,1,0,1,0
2020-04-03,Ventura,111,848112,354,186,0,186,6
2020-04-03,Yolo,113,214977,72,33,0,33,1
2020-04-03,Yuba,115,75493,13,6,0,6,0
2020-04-02,Alameda,001,1643700,805,345,0,345,10
2020-04-02,Alpine,003,1148,1,1,0,1,0
2020-04-02,Amador,005,37829,5,2,0,2,0
2020-04-02,Butte,007,227075,16,7,0,7,0
2020-04-02,Calaveras,009,45235,7,3,0,3,0
2020-04-02,Colusa,011,21464,3,1,0,1,0
2020-04-02,Contra Costa,013,1133247,563,297,0,297,3
2020-04-02,Del Norte,015,27424,2,0,0,0,0
2020-04-02,El Dorado,017,186661,36,16,0,16,0
2020-04-02,Fresno,019,978130,292,92,3,95,0
2020-04-02,Glenn,021,27897,3,2,0,2,0
2020-04-02,Humboldt,023,135768,51,23,0,23,0
2020-04-02,Imperial,025,180216,104,24,0,24,0
2020-04-02,Inyo,027,18085,10,8,0,8,0
2020-04-02,Kern,029,883053,332,74,0,74,0
2020-04-02,Kings,031,150075,26,3,1,4,0
2020-04-02,Lake,033,64148,3,0,0,0,0
2020-04-02,Lassen,035,31185,1,0,2,2,0
2020-04-02,Los Angeles,037,10098052,8336,4040,14,4054,79
2020-04-02,Madera,039,155013,50,25,0,25,1
2020-04-02,Marin,041,260295,150,102,0,102,1
2020-04-02,Mariposa,043,17540,0,0,0,0,0
2020-04-02,Mendocino,045,87422,6,4,0,4,0
2020-04-02,Merced,047,269075,41,9,0,9,0
2020-04-02,Modoc,049,8938,0,0,0,0,0
2020-04-02,Mono,051,14174,28,16,0,16,1
2020-04-02,Monterey,053,433212,80,50,0,50,2
2020-04-02,Napa,055,140530,38,13,0,13,0
2020-04-02,Nevada,057,99092,35,17,1,18,0
2020-04-02,Orange,059,3164182,1468,640,3,643,12
2020-04-02,Placer,061,380077,128,72,0,72,2
2020-04-02,Plumas,063,18699,3,1,0,1,0
2020-04-02,Riverside,065,2383286,1514,438,5,443,13
2020-04-02,Sacramento,067,1510023,692,322,0,322,9
2020-04-02,San Benito,069,59416,32,18,0,18,1
2020-04-02,San Bernardino,071,2135413,877,335,0,335,8
2020-04-02,San Diego,073,3302833,1733,968,0,968,16
2020-04-02,San Francisco,075,870044,809,473,0,473,6
2020-04-02,San Joaquin,077,732212,263,148,3,151,9
2020-04-02,San Luis Obispo,079,281455,126,79,0,79,0
2020-04-02,San Mateo,081,765935,778,423,2,425,13
2020-04-02,Santa Barbara,083,443738,302,125,0,125,1
2020-04-02,Santa Clara,085,1922200,1491,908,1,909,38
2020-04-02,Santa Cruz,087,273765,94,49,0,49,1
2020-04-02,Shasta,089,179085,25,7,0,7,1
2020-04-02,Sierra,091,2930,0,0,0,0,0
2020-04-02,Siskiyou,093,43540,4,3,0,3,0
2020-04-02,Solano,095,438530,136,65,0,65,0
2020-04-02,Sonoma,097,501317,158,76,0,76,1
2020-04-02,Stanislaus,099,539301,128,40,3,43,0
2020-04-02,Sutter,101,95872,21,10,0,10,1
2020-04-02,Tehama,103,63373,1,1,0,1,0
2020-04-02,Trinity,105,12862,0,0,0,0,0
2020-04-02,Tulare,107,460477,185,64,2,66,1
2020-04-02,Tuolumne,109,53932,3,1,0,1,0
2020-04-02,Ventura,111,848112,336,178,0,178,5
2020-04-02,Yolo,113,214977,70,29,0,29,1
2020-04-02,Yuba,115,75493,10,5,0,5,0
2020-04-01,Alameda,001,1643700,779,287,0,287,8
2020-04-01,Alpine,003,1148,1,1,0,1,0
2020-04-01,Amador,005,37829,5,1,0,1,0
2020-04-01,Butte,007,227075,16,6,0,6,0
2020-04-01,Calaveras,009,45235,6,3,0,3,0
2020-04-01,Colusa,011,21464,3,1,0,1,0
2020-04-01,Contra Costa,013,1133247,519,267,0,267,3
2020-04-01,Del Norte,015,27424,2,0,0,0,0
2020-04-01,El Dorado,017,186661,35,14,0,14,0
2020-04-01,Fresno,019,978130,272,75,2,77,0
2020-04-01,Glenn,021,27897,3,2,0,2,0
2020-04-01,Humboldt,023,135768,51,19,0,19,0
2020-04-01,Imperial,025,180216,97,25,0,25,0
2020-04-01,Inyo,027,18085,10,8,0,8,0
2020-04-01,Kern,029,883053,305,53,0,53,0
2020-04-01,Kings,031,150075,24,3,1,4,0
2020-04-01,Lake,033,64148,3,0,0,0,0
2020-04-01,Lassen,035,31185,1,0,2,2,0
2020-04-01,Los Angeles,037,10098052,7685,3502,14,3516,66
2020-04-01,Madera,039,155013,48,17,0,17,1
2020-04-01,Marin,041,260295,146,87,0,87,1
2020-04-01,Mariposa,043,17540,0,0,0,0,0
2020-04-01,Mendocino,045,87422,6,4,0,4,0
2020-04-01,Merced,047,269075,38,7,0,7,0
2020-04-01,Modoc,049,8938,0,0,0,0,0
2020-04-01,Mono,051,14174,28,12,0,12,1
2020-04-01,Monterey,053,433212,79,47,0,47,2
2020-04-01,Napa,055,140530,36,11,0,11,0
2020-04-01,Nevada,057,99092,35,15,1,16,0
2020-04-01,Orange,059,3164182,1415,579,3,582,11
2020-04-01,Placer,061,380077,127,52,0,52,2
2020-04-01,Plumas,063,18699,3,1,0,1,0
2020-04-01,Riverside,065,2383286,1346,306,5,311,11
2020-04-01,Sacramento,067,1510023,660,299,0,299,8
2020-04-01,San Benito,069,59416,29,14,0,14,1
2020-04-01,San Bernardino,071,2135413,828,245,0,245,5
2020-04-01,San Diego,073,3302833,1663,851,0,851,11
2020-04-01,San Francisco,075,870044,781,432,0,432,6
2020-04-01,San Joaquin,077,732212,252,132,3,135,8
2020-04-01,San Luis Obispo,079,281455,120,69,0,69,0
2020-04-01,San Mateo,081,765935,760,354,2,356,13
2020-04-01,Santa Barbara,083,443738,284,103,0,103,0
2020-04-01,Santa Clara,085,1922200,1451,805,1,806,33
2020-04-01,Santa Cruz,087,273765,89,44,0,44,1
2020-04-01,Shasta,089,179085,24,5,0,5,1
2020-04-01,Sierra,091,2930,0,0,0,0,0
2020-04-01,Siskiyou,093,43540,4,3,0,3,0
2020-04-01,Solano,095,438530,131,57,0,57,0
2020-04-01,Sonoma,097,501317,154,60,0,60,1
2020-04-01,Stanislaus,099,539301,117,29,3,32,0
2020-04-01,Sutter,101,95872,21,9,0,9,1
2020-04-01,Tehama,103,63373,1,0,0,0,0
2020-04-01,Trinity,105,12862,0,0,0,0,0
2020-04-01,Tulare,107,460477,150,43,2,45,1
2020-04-01,Tuolumne,109,53932,3,1,0,1,0
2020-04-01,Ventura,111,848112,323,154,0,154,5
2020-04-01,Yolo,113,214977,65,22,0,22,1
2020-04-01,Yuba,115,75493,9,5,0,5,0
2020-03-31,Alameda,001,1643700,711,269,0,269,7
2020-03-31,Alpine,003,1148,1,1,0,1,0
2020-03-31,Amador,005,37829,5,1,0,1,0
2020-03-31,Butte,007,227075,16,6,0,6,0
2020-03-31,Calaveras,009,45235,6,3,0,3,0
2020-03-31,Colusa,011,21464,3,1,0,1,0
2020-03-31,Contra Costa,013,1133247,494,246,0,246,3
2020-03-31,Del Norte,015,27424,1,0,0,0,0
2020-03-31,El Dorado,017,186661,31,14,0,14,0
2020-03-31,Fresno,019,978130,247,59,2,61,0
2020-03-31,Glenn,021,27897,3,2,0,2,0
2020-03-31,Humboldt,023,135768,51,18,0,18,0
2020-03-31,Imperial,025,180216,92,17,0,17,0
2020-03-31,Inyo,027,18085,10,8,0,8,0
2020-03-31,Kern,029,883053,281,47,0,47,0
2020-03-31,Kings,031,150075,22,2,1,3,0
2020-03-31,Lake,033,64148,1,0,0,0,0
2020-03-31,Lassen,035,31185,1,0,2,2,0
2020-03-31,Los Angeles,037,10098052,7020,3001,14,3015,53
2020-03-31,Madera,039,155013,47,17,0,17,1
2020-03-31,Marin,041,260295,137,85,0,85,1
2020-03-31,Mariposa,043,17540,0,0,0,0,0
2020-03-31,Mendocino,045,87422,6,4,0,4,0
2020-03-31,Merced,047,269075,33,6,0,6,0
2020-03-31,Modoc,049,8938,0,0,0,0,0
2020-03-31,Mono,051,14174,26,12,0,12,0
2020-03-31,Monterey,053,433212,77,43,0,43,2
2020-03-31,Napa,055,140530,35,9,0,9,0
2020-03-31,Nevada,057,99092,35,15,1,16,0
2020-03-31,Orange,059,3164182,1347,506,3,509,7
2020-03-31,Placer,061,380077,120,49,0,49,2
2020-03-31,Plumas,063,18699,1,0,0,0,0
2020-03-31,Riverside,065,2383286,1200,284,5,289,8
2020-03-31,Sacramento,067,1510023,608,271,0,271,8
2020-03-31,San Benito,069,59416,29,14,0,14,1
2020-03-31,San Bernardino,071,2135413,744,193,0,193,5
2020-03-31,San Diego,073,3302833,1581,736,0,736,9
2020-03-31,San Francisco,075,870044,746,404,0,404,5
2020-03-31,San Joaquin,077,732212,236,122,3,125,7
2020-03-31,San Luis Obispo,079,281455,117,67,0,67,0
2020-03-31,San Mateo,081,765935,741,297,2,299,12
2020-03-31,Santa Barbara,083,443738,267,89,0,89,0
2020-03-31,Santa Clara,085,1922200,1402,777,1,778,30
2020-03-31,Santa Cruz,087,273765,83,40,0,40,1
2020-03-31,Shasta,089,179085,21,5,0,5,1
2020-03-31,Sierra,091,2930,0,0,0,0,0
2020-03-31,Siskiyou,093,43540,4,3,0,3,0
2020-03-31,Solano,095,438530,117,56,0,56,0
2020-03-31,Sonoma,097,501317,149,58,0,58,1
2020-03-31,Stanislaus,099,539301,102,28,3,31,0
2020-03-31,Sutter,101,95872,21,8,0,8,0
2020-03-31,Tehama,103,63373,1,0,0,0,0
2020-03-31,Trinity,105,12862,0,0,0,0,0
2020-03-31,Tulare,107,460477,129,42,2,44,1
2020-03-31,Tuolumne,109,53932,3,1,0,1,0
2020-03-31,Ventura,111,848112,312,143,0,143,4
2020-03-31,Yolo,113,214977,58,21,0,21,1
2020-03-31,Yuba,115,75493,9,5,0,5,0
2020-03-30,Alameda,001,1643700,671,250,0,250,7
2020-03-30,Alpine,003,1148,1,1,0,1,0
2020-03-30,Amador,005,37829,5,1,0,1,0
2020-03-30,Butte,007,227075,14,5,0,5,0
2020-03-30,Calaveras,009,45235,6,3,0,3,0
2020-03-30,Colusa,011,21464,3,1,0,1,0
2020-03-30,Contra Costa,013,1133247,468,212,0,212,3
2020-03-30,Del Norte,015,27424,0,0,0,0,0
2020-03-30,El Dorado,017,186661,31,11,0,11,0
2020-03-30,Fresno,019,978130,223,46,2,48,0
2020-03-30,Glenn,021,27897,3,2,0,2,0
2020-03-30,Humboldt,023,135768,49,11,0,11,0
2020-03-30,Imperial,025,180216,88,9,0,9,0
2020-03-30,Inyo,027,18085,10,5,0,5,0
2020-03-30,Kern,029,883053,248,30,0,30,0
2020-03-30,Kings,031,150075,22,1,1,2,0
2020-03-30,Lake,033,64148,1,0,0,0,0
2020-03-30,Lassen,035,31185,1,0,1,1,0
2020-03-30,Los Angeles,037,10098052,6365,2467,14,2481,44
2020-03-30,Madera,039,155013,46,14,0,14,1
2020-03-30,Marin,041,260295,130,78,0,78,0
2020-03-30,Mariposa,043,17540,0,0,0,0,0
2020-03-30,Mendocino,045,87422,5,2,0,2,0
2020-03-30,Merced,047,269075,29,6,0,6,0
2020-03-30,Modoc,049,8938,0,0,0,0,0
2020-03-30,Mono,051,14174,26,11,0,11,0
2020-03-30,Monterey,053,433212,72,41,0,41,1
2020-03-30,Napa,055,140530,34,9,0,9,0
2020-03-30,Nevada,057,99092,34,14,1,15,0
2020-03-30,Orange,059,3164182,1282,418,3,421,5
2020-03-30,Placer,061,380077,117,44,0,44,2
2020-03-30,Plumas,063,18699,1,0,0,0,0
2020-03-30,Riverside,065,2383286,1120,204,5,209,7
2020-03-30,Sacramento,067,1510023,584,238,0,238,8
2020-03-30,San Benito,069,59416,29,11,0,11,1
2020-03-30,San Bernardino,071,2135413,700,145,0,145,4
2020-03-30,San Diego,073,3302833,1511,605,0,605,7
2020-03-30,San Francisco,075,870044,706,368,0,368,5
2020-03-30,San Joaquin,077,732212,229,112,3,115,5
2020-03-30,San Luis Obispo,079,281455,115,62,0,62,0
2020-03-30,San Mateo,081,765935,717,257,2,259,11
2020-03-30,Santa Barbara,083,443738,257,79,0,79,0
2020-03-30,Santa Clara,085,1922200,1371,745,1,746,31
2020-03-30,Santa Cruz,087,273765,80,36,0,36,1
2020-03-30,Shasta,089,179085,20,4,0,4,1
2020-03-30,Sierra,091,2930,0,0,0,0,0
2020-03-30,Siskiyou,093,43540,4,2,0,2,0
2020-03-30,Solano,095,438530,111,50,0,50,0
2020-03-30,Sonoma,097,501317,146,57,0,57,1
2020-03-30,Stanislaus,099,539301,95,28,3,31,0
2020-03-30,Sutter,101,95872,20,6,0,6,0
2020-03-30,Tehama,103,63373,1,0,0,0,0
2020-03-30,Trinity,105,12862,0,0,0,0,0
2020-03-30,Tulare,107,460477,119,40,2,42,1
2020-03-30,Tuolumne,109,53932,3,1,0,1,0
2020-03-30,Ventura,111,848112,301,118,0,118,2
2020-03-30,Yolo,113,214977,56,17,0,17,1
2020-03-30,Yuba,115,75493,8,5,0,5,0
2020-03-29,Alameda,001,1643700,637,207,0,207,6
2020-03-29,Alpine,003,1148,1,0,0,0,0
2020-03-29,Amador,005,37829,5,1,0,1,0
2020-03-29,Butte,007,227075,14,4,0,4,0
2020-03-29,Calaveras,009,45235,6,2,0,2,0
2020-03-29,Colusa,011,21464,3,1,0,1,0
2020-03-29,Contra Costa,013,1133247,438,187,0,187,3
2020-03-29,Del Norte,015,27424,0,0,0,0,0
2020-03-29,El Dorado,017,186661,30,9,0,9,0
2020-03-29,Fresno,019,978130,199,31,2,33,0
2020-03-29,Glenn,021,27897,2,1,0,1,0
2020-03-29,Humboldt,023,135768,46,9,0,9,0
2020-03-29,Imperial,025,180216,82,9,0,9,0
2020-03-29,Inyo,027,18085,9,0,0,0,0
2020-03-29,Kern,029,883053,230,20,0,20,0
2020-03-29,Kings,031,150075,19,1,1,2,0
2020-03-29,Lake,033,64148,0,0,0,0,0
2020-03-29,Lassen,035,31185,1,0,1,1,0
2020-03-29,Los Angeles,037,10098052,5720,2119,14,2133,37
2020-03-29,Madera,039,155013,41,11,0,11,1
2020-03-29,Marin,041,260295,125,60,0,60,0
2020-03-29,Mariposa,043,17540,0,0,0,0,0
2020-03-29,Mendocino,045,87422,5,2,0,2,0
2020-03-29,Merced,047,269075,28,4,0,4,0
2020-03-29,Modoc,049,8938,0,0,0,0,0
2020-03-29,Mono,051,14174,26,8,0,8,0
2020-03-29,Monterey,053,433212,67,36,0,36,1
2020-03-29,Napa,055,140530,32,5,0,5,0
2020-03-29,Nevada,057,99092,32,13,1,14,0
2020-03-29,Orange,059,3164182,1209,343,3,346,2
2020-03-29,Placer,061,380077,116,35,0,35,2
2020-03-29,Plumas,063,18699,1,0,0,0,0
2020-03-29,Riverside,065,2383286,996,122,5,127,7
2020-03-29,Sacramento,067,1510023,544,217,0,217,7
2020-03-29,San Benito,069,59416,28,10,0,10,1
2020-03-29,San Bernardino,071,2135413,648,94,0,94,2
2020-03-29,San Diego,073,3302833,1439,521,0,521,7
2020-03-29,San Francisco,075,870044,662,333,0,333,5
2020-03-29,San Joaquin,077,732212,220,86,3,89,4
2020-03-29,San Luis Obispo,079,281455,110,55,0,55,0
2020-03-29,San Mateo,081,765935,692,234,2,236,12
2020-03-29,Santa Barbara,083,443738,246,52,0,52,0
2020-03-29,Santa Clara,085,1922200,1315,591,1,592,30
2020-03-29,Santa Cruz,087,273765,80,33,0,33,1
2020-03-29,Shasta,089,179085,19,4,0,4,1
2020-03-29,Sierra,091,2930,0,0,0,0,0
2020-03-29,Siskiyou,093,43540,4,2,0,2,0
2020-03-29,Solano,095,438530,103,48,0,48,0
2020-03-29,Sonoma,097,501317,144,35,0,35,1
2020-03-29,Stanislaus,099,539301,90,19,3,22,0
2020-03-29,Sutter,101,95872,17,6,0,6,0
2020-03-29,Tehama,103,63373,1,0,0,0,0
2020-03-29,Trinity,105,12862,0,0,0,0,0
2020-03-29,Tulare,107,460477,99,24,2,26,1
2020-03-29,Tuolumne,109,53932,2,1,0,1,0
2020-03-29,Ventura,111,848112,274,92,0,92,2
2020-03-29,Yolo,113,214977,51,13,0,13,1
2020-03-29,Yuba,115,75493,8,3,0,3,0
2020-03-28,Alameda,001,1643700,610,410,0,410,12
2020-03-28,Alpine,003,1148,1,0,0,0,0
2020-03-28,Amador,005,37829,5,2,0,2,0
2020-03-28,Butte,007,227075,14,8,0,8,0
2020-03-28,Calaveras,009,45235,6,4,0,4,0
2020-03-28,Colusa,011,21464,3,2,0,2,0
2020-03-28,Contra Costa,013,1133247,415,350,0,350,4
2020-03-28,Del Norte,015,27424,0,0,0,0,0
2020-03-28,El Dorado,017,186661,29,18,0,18,0
2020-03-28,Fresno,019,978130,189,62,2,64,0
2020-03-28,Glenn,021,27897,2,2,0,2,0
2020-03-28,Humboldt,023,135768,46,18,0,18,0
2020-03-28,Imperial,025,180216,77,18,0,18,0
2020-03-28,Inyo,027,18085,9,0,0,0,0
2020-03-28,Kern,029,883053,213,40,0,40,0
2020-03-28,Kings,031,150075,18,2,1,3,0
2020-03-28,Lake,033,64148,0,0,0,0,0
2020-03-28,Lassen,035,31185,1,0,1,1,0
2020-03-28,Los Angeles,037,10098052,5334,3600,13,3613,64
2020-03-28,Madera,039,155013,41,22,0,22,2
2020-03-28,Marin,041,260295,120,116,0,116,0
2020-03-28,Mariposa,043,17540,0,0,0,0,0
2020-03-28,Mendocino,045,87422,5,4,0,4,0
2020-03-28,Merced,047,269075,27,8,0,8,0
2020-03-28,Modoc,049,8938,0,0,0,0,0
2020-03-28,Mono,051,14174,24,12,0,12,0
2020-03-28,Monterey,053,433212,66,64,0,64,2
2020-03-28,Napa,055,140530,27,10,0,10,0
2020-03-28,Nevada,057,99092,32,22,1,23,0
2020-03-28,Orange,059,3164182,1173,656,3,659,4
2020-03-28,Placer,061,380077,111,70,0,70,2
2020-03-28,Plumas,063,18699,1,0,0,0,0
2020-03-28,Riverside,065,2383286,928,242,5,247,14
2020-03-28,Sacramento,067,1510023,526,406,0,406,14
2020-03-28,San Benito,069,59416,28,20,0,20,2
2020-03-28,San Bernardino,071,2135413,600,162,0,162,4
2020-03-28,San Diego,073,3302833,1380,980,0,980,14
2020-03-28,San Francisco,075,870044,638,600,0,600,6
2020-03-28,San Joaquin,077,732212,212,166,3,169,8
2020-03-28,San Luis Obispo,079,281455,108,104,0,104,0
2020-03-28,San Mateo,081,765935,672,462,2,464,17
2020-03-28,Santa Barbara,083,443738,235,98,0,98,0
2020-03-28,Santa Clara,085,1922200,1296,1174,1,1175,54
2020-03-28,Santa Cruz,087,273765,79,62,0,62,0
2020-03-28,Shasta,089,179085,19,8,0,8,2
2020-03-28,Sierra,091,2930,0,0,0,0,0
2020-03-28,Siskiyou,093,43540,4,4,0,4,0
2020-03-28,Solano,095,438530,99,96,0,96,0
2020-03-28,Sonoma,097,501317,142,70,0,70,2
2020-03-28,Stanislaus,099,539301,85,34,3,37,0
2020-03-28,Sutter,101,95872,17,6,0,6,0
2020-03-28,Tehama,103,63373,1,0,0,0,0
2020-03-28,Trinity,105,12862,0,0,0,0,0
2020-03-28,Tulare,107,460477,93,46,2,48,0
2020-03-28,Tuolumne,109,53932,2,2,0,2,0
2020-03-28,Ventura,111,848112,270,178,0,178,4
2020-03-28,Yolo,113,214977,50,26,0,26,2
2020-03-28,Yuba,115,75493,8,6,0,6,0
2020-03-27,Alameda,001,1643700,591,185,0,185,4
2020-03-27,Alpine,003,1148,1,0,0,0,0
2020-03-27,Amador,005,37829,4,1,0,1,0
2020-03-27,Butte,007,227075,12,4,0,4,0
2020-03-27,Calaveras,009,45235,6,2,0,2,0
2020-03-27,Colusa,011,21464,3,0,0,0,0
2020-03-27,Contra Costa,013,1133247,394,161,0,161,2
2020-03-27,Del Norte,015,27424,0,0,0,0,0
2020-03-27,El Dorado,017,186661,27,9,0,9,0
2020-03-27,Fresno,019,978130,177,29,1,30,0
2020-03-27,Glenn,021,27897,2,0,0,0,0
2020-03-27,Humboldt,023,135768,42,9,0,9,0
2020-03-27,Imperial,025,180216,72,9,0,9,0
2020-03-27,Inyo,027,18085,9,0,0,0,0
2020-03-27,Kern,029,883053,200,20,0,20,0
2020-03-27,Kings,031,150075,17,0,1,1,0
2020-03-27,Lake,033,64148,0,0,0,0,0
2020-03-27,Lassen,035,31185,1,0,1,1,0
2020-03-27,Los Angeles,037,10098052,4921,1474,13,1487,26
2020-03-27,Madera,039,155013,39,10,0,10,1
2020-03-27,Marin,041,260295,115,58,0,58,0
2020-03-27,Mariposa,043,17540,0,0,0,0,0
2020-03-27,Mendocino,045,87422,5,2,0,2,0
2020-03-27,Merced,047,269075,26,3,0,3,0
2020-03-27,Modoc,049,8938,0,0,0,0,0
2020-03-27,Mono,051,14174,24,6,0,6,0
2020-03-27,Monterey,053,433212,63,26,0,26,1
2020-03-27,Napa,055,140530,27,5,0,5,0
2020-03-27,Nevada,057,99092,32,6,1,7,0
2020-03-27,Orange,059,3164182,1120,299,3,302,2
2020-03-27,Placer,061,380077,108,33,0,33,1
2020-03-27,Plumas,063,18699,0,0,0,0,0
2020-03-27,Riverside,065,2383286,872,121,5,126,7
2020-03-27,Sacramento,067,1510023,503,163,0,163,6
2020-03-27,San Benito,069,59416,27,9,0,9,1
2020-03-27,San Bernardino,071,2135413,510,77,0,77,2
2020-03-27,San Diego,073,3302833,1323,419,0,419,5
2020-03-27,San Francisco,075,870044,613,285,0,285,2
2020-03-27,San Joaquin,077,732212,201,73,3,76,3
2020-03-27,San Luis Obispo,079,281455,106,46,0,46,0
2020-03-27,San Mateo,081,765935,646,213,2,215,7
2020-03-27,Santa Barbara,083,443738,219,37,0,37,0
2020-03-27,Santa Clara,085,1922200,1259,557,1,558,25
2020-03-27,Santa Cruz,087,273765,78,31,0,31,0
2020-03-27,Shasta,089,179085,16,3,0,3,1
2020-03-27,Sierra,091,2930,0,0,0,0,0
2020-03-27,Siskiyou,093,43540,4,2,0,2,0
2020-03-27,Solano,095,438530,93,48,0,48,0
2020-03-27,Sonoma,097,501317,134,35,0,35,1
2020-03-27,Stanislaus,099,539301,83,16,3,19,0
2020-03-27,Sutter,101,95872,16,2,0,2,0
2020-03-27,Tehama,103,63373,1,0,0,0,0
2020-03-27,Trinity,105,12862,0,0,0,0,0
2020-03-27,Tulare,107,460477,85,15,2,17,0
2020-03-27,Tuolumne,109,53932,2,1,0,1,0
2020-03-27,Ventura,111,848112,261,80,0,80,2
2020-03-27,Yolo,113,214977,49,13,0,13,1
2020-03-27,Yuba,115,75493,7,3,0,3,0
2020-03-26,Alameda,001,1643700,551,172,0,172,4
2020-03-26,Alpine,003,1148,1,0,0,0,0
2020-03-26,Amador,005,37829,4,1,0,1,0
2020-03-26,Butte,007,227075,12,4,0,4,0
2020-03-26,Calaveras,009,45235,6,2,0,2,0
2020-03-26,Colusa,011,21464,3,0,0,0,0
2020-03-26,Contra Costa,013,1133247,384,147,0,147,2
2020-03-26,Del Norte,015,27424,0,0,0,0,0
2020-03-26,El Dorado,017,186661,26,7,0,7,0
2020-03-26,Fresno,019,978130,168,25,1,26,0
2020-03-26,Glenn,021,27897,2,0,0,0,0
2020-03-26,Humboldt,023,135768,38,8,0,8,0
2020-03-26,Imperial,025,180216,68,8,0,8,0
2020-03-26,Inyo,027,18085,8,0,0,0,0
2020-03-26,Kern,029,883053,184,20,0,20,0
2020-03-26,Kings,031,150075,17,0,1,1,0
2020-03-26,Lake,033,64148,0,0,0,0,0
2020-03-26,Lassen,035,31185,1,0,1,1,0
2020-03-26,Los Angeles,037,10098052,4521,1075,13,1088,19
2020-03-26,Madera,039,155013,37,8,0,8,0
2020-03-26,Marin,041,260295,106,56,0,56,0
2020-03-26,Mariposa,043,17540,0,0,0,0,0
2020-03-26,Mendocino,045,87422,4,1,0,1,0
2020-03-26,Merced,047,269075,23,1,0,1,0
2020-03-26,Modoc,049,8938,0,0,0,0,0
2020-03-26,Mono,051,14174,23,5,0,5,0
2020-03-26,Monterey,053,433212,60,25,0,25,1
2020-03-26,Napa,055,140530,26,5,0,5,0
2020-03-26,Nevada,057,99092,32,7,1,8,0
2020-03-26,Orange,059,3164182,1058,279,3,282,1
2020-03-26,Placer,061,380077,104,34,0,34,1
2020-03-26,Plumas,063,18699,0,0,0,0,0
2020-03-26,Riverside,065,2383286,802,118,5,123,7
2020-03-26,Sacramento,067,1510023,470,147,0,147,5
2020-03-26,San Benito,069,59416,27,8,0,8,1
2020-03-26,San Bernardino,071,2135413,444,57,0,57,1
2020-03-26,San Diego,073,3302833,1256,299,0,299,2
2020-03-26,San Francisco,075,870044,586,261,0,261,1
2020-03-26,San Joaquin,077,732212,190,69,3,72,3
2020-03-26,San Luis Obispo,079,281455,101,38,0,38,0
2020-03-26,San Mateo,081,765935,612,122,2,124,5
2020-03-26,Santa Barbara,083,443738,203,33,0,33,0
2020-03-26,Santa Clara,085,1922200,1216,487,1,488,20
2020-03-26,Santa Cruz,087,273765,74,30,0,30,0
2020-03-26,Shasta,089,179085,16,3,0,3,1
2020-03-26,Sierra,091,2930,0,0,0,0,0
2020-03-26,Siskiyou,093,43540,4,2,0,2,0
2020-03-26,Solano,095,438530,85,41,0,41,0
2020-03-26,Sonoma,097,501317,129,33,0,33,1
2020-03-26,Stanislaus,099,539301,81,15,3,18,0
2020-03-26,Sutter,101,95872,12,2,0,2,0
2020-03-26,Tehama,103,63373,1,0,0,0,0
2020-03-26,Trinity,105,12862,0,0,0,0,0
2020-03-26,Tulare,107,460477,78,15,2,17,0
2020-03-26,Tuolumne,109,53932,2,0,0,0,0
2020-03-26,Ventura,111,848112,245,70,0,70,1
2020-03-26,Yolo,113,214977,45,13,0,13,1
2020-03-26,Yuba,115,75493,7,3,0,3,0
2020-03-25,Alameda,001,1643700,530,134,0,134,3
2020-03-25,Alpine,003,1148,1,0,0,0,0
2020-03-25,Amador,005,37829,4,1,0,1,0
2020-03-25,Butte,007,227075,12,4,0,4,0
2020-03-25,Calaveras,009,45235,6,2,0,2,0
2020-03-25,Colusa,011,21464,2,0,0,0,0
2020-03-25,Contra Costa,013,1133247,370,131,0,131,1
2020-03-25,Del Norte,015,27424,0,0,0,0,0
2020-03-25,El Dorado,017,186661,26,5,0,5,0
2020-03-25,Fresno,019,978130,152,21,1,22,0
2020-03-25,Glenn,021,27897,2,0,0,0,0
2020-03-25,Humboldt,023,135768,35,3,0,3,0
2020-03-25,Imperial,025,180216,60,8,0,8,0
2020-03-25,Inyo,027,18085,5,0,0,0,0
2020-03-25,Kern,029,883053,164,13,0,13,0
2020-03-25,Kings,031,150075,15,0,1,1,0
2020-03-25,Lake,033,64148,0,0,0,0,0
2020-03-25,Lassen,035,31185,1,0,1,1,0
2020-03-25,Los Angeles,037,10098052,4126,725,13,738,10
2020-03-25,Madera,039,155013,35,6,0,6,0
2020-03-25,Marin,041,260295,100,47,0,47,0
2020-03-25,Mariposa,043,17540,0,0,0,0,0
2020-03-25,Mendocino,045,87422,3,1,0,1,0
2020-03-25,Merced,047,269075,19,0,0,0,0
2020-03-25,Modoc,049,8938,0,0,0,0,0
2020-03-25,Mono,051,14174,22,4,0,4,0
2020-03-25,Monterey,053,433212,57,23,0,23,1
2020-03-25,Napa,055,140530,26,5,0,5,0
2020-03-25,Nevada,057,99092,31,5,1,6,0
2020-03-25,Orange,059,3164182,1000,214,3,217,1
2020-03-25,Placer,061,380077,98,30,0,30,1
2020-03-25,Plumas,063,18699,0,1,0,1,0
2020-03-25,Riverside,065,2383286,731,87,5,92,5
2020-03-25,Sacramento,067,1510023,444,114,0,114,5
2020-03-25,San Benito,069,59416,26,4,0,4,1
2020-03-25,San Bernardino,071,2135413,405,46,0,46,1
2020-03-25,San Diego,073,3302833,1194,238,0,238,2
2020-03-25,San Francisco,075,870044,545,212,0,212,1
2020-03-25,San Joaquin,077,732212,177,64,3,67,2
2020-03-25,San Luis Obispo,079,281455,96,35,0,35,0
2020-03-25,San Mateo,081,765935,577,111,2,113,5
2020-03-25,Santa Barbara,083,443738,192,25,0,25,0
2020-03-25,Santa Clara,085,1922200,1172,452,1,453,20
2020-03-25,Santa Cruz,087,273765,71,26,0,26,0
2020-03-25,Shasta,089,179085,15,3,0,3,1
2020-03-25,Sierra,091,2930,0,0,0,0,0
2020-03-25,Siskiyou,093,43540,4,2,0,2,0
2020-03-25,Solano,095,438530,80,39,0,39,0
2020-03-25,Sonoma,097,501317,124,31,0,31,1
2020-03-25,Stanislaus,099,539301,74,14,3,17,0
2020-03-25,Sutter,101,95872,9,1,0,1,0
2020-03-25,Tehama,103,63373,1,0,0,0,0
2020-03-25,Trinity,105,12862,0,0,0,0,0
2020-03-25,Tulare,107,460477,68,11,2,13,0
2020-03-25,Tuolumne,109,53932,2,0,0,0,0
2020-03-25,Ventura,111,848112,229,53,0,53,1
2020-03-25,Yolo,113,214977,43,9,0,9,1
2020-03-25,Yuba,115,75493,7,2,0,2,0
2020-03-24,Alameda,001,1643700,498,96,0,96,2
2020-03-24,Alpine,003,1148,1,0,0,0,0
2020-03-24,Amador,005,37829,2,1,0,1,0
2020-03-24,Butte,007,227075,11,3,0,3,0
2020-03-24,Calaveras,009,45235,5,2,0,2,0
2020-03-24,Colusa,011,21464,2,0,0,0,0
2020-03-24,Contra Costa,013,1133247,356,108,0,108,1
2020-03-24,Del Norte,015,27424,0,0,0,0,0
2020-03-24,El Dorado,017,186661,26,3,0,3,0
2020-03-24,Fresno,019,978130,133,18,1,19,0
2020-03-24,Glenn,021,27897,2,0,0,0,0
2020-03-24,Humboldt,023,135768,33,2,0,2,0
2020-03-24,Imperial,025,180216,57,3,0,3,0
2020-03-24,Inyo,027,18085,5,0,0,0,0
2020-03-24,Kern,029,883053,144,5,0,5,0
2020-03-24,Kings,031,150075,14,0,1,1,0
2020-03-24,Lake,033,64148,0,0,0,0,0
2020-03-24,Lassen,035,31185,1,0,1,1,0
2020-03-24,Los Angeles,037,10098052,3674,633,13,646,7
2020-03-24,Madera,039,155013,34,6,0,6,0
2020-03-24,Marin,041,260295,89,44,0,44,0
2020-03-24,Mariposa,043,17540,0,0,0,0,0
2020-03-24,Mendocino,045,87422,3,1,0,1,0
2020-03-24,Merced,047,269075,17,0,0,0,0
2020-03-24,Modoc,049,8938,0,0,0,0,0
2020-03-24,Mono,051,14174,21,1,0,1,0
2020-03-24,Monterey,053,433212,53,23,0,23,1
2020-03-24,Napa,055,140530,23,2,0,2,0
2020-03-24,Nevada,057,99092,30,4,1,5,0
2020-03-24,Orange,059,3164182,938,166,3,169,0
2020-03-24,Placer,061,380077,92,22,0,22,1
2020-03-24,Plumas,063,18699,0,1,0,1,0
2020-03-24,Riverside,065,2383286,664,56,5,61,5
2020-03-24,Sacramento,067,1510023,425,93,0,93,4
2020-03-24,San Benito,069,59416,25,4,0,4,1
2020-03-24,San Bernardino,071,2135413,361,27,0,27,0
2020-03-24,San Diego,073,3302833,1127,231,0,231,2
2020-03-24,San Francisco,075,870044,513,181,0,181,1
2020-03-24,San Joaquin,077,732212,166,52,3,55,2
2020-03-24,San Luis Obispo,079,281455,94,32,0,32,0
2020-03-24,San Mateo,081,765935,536,100,2,102,2
2020-03-24,Santa Barbara,083,443738,186,20,0,20,0
2020-03-24,Santa Clara,085,1922200,1103,389,1,390,17
2020-03-24,Santa Cruz,087,273765,66,22,0,22,0
2020-03-24,Shasta,089,179085,14,3,0,3,0
2020-03-24,Sierra,091,2930,0,0,0,0,0
2020-03-24,Siskiyou,093,43540,4,2,0,2,0
2020-03-24,Solano,095,438530,78,34,0,34,0
2020-03-24,Sonoma,097,501317,117,27,0,27,1
2020-03-24,Stanislaus,099,539301,65,13,3,16,0
2020-03-24,Sutter,101,95872,9,0,0,0,0
2020-03-24,Tehama,103,63373,1,0,0,0,0
2020-03-24,Trinity,105,12862,0,0,0,0,0
2020-03-24,Tulare,107,460477,60,10,2,12,0
2020-03-24,Tuolumne,109,53932,2,0,0,0,0
2020-03-24,Ventura,111,848112,213,44,0,44,1
2020-03-24,Yolo,113,214977,39,8,0,8,0
2020-03-24,Yuba,115,75493,7,2,0,2,0
2020-03-23,Alameda,001,1643700,467,88,0,88,1
2020-03-23,Alpine,003,1148,1,0,0,0,0
2020-03-23,Amador,005,37829,2,1,0,1,0
2020-03-23,Butte,007,227075,11,2,0,2,0
2020-03-23,Calaveras,009,45235,5,2,0,2,0
2020-03-23,Colusa,011,21464,1,0,0,0,0
2020-03-23,Contra Costa,013,1133247,336,91,0,91,2
2020-03-23,Del Norte,015,27424,0,0,0,0,0
2020-03-23,El Dorado,017,186661,25,3,0,3,0
2020-03-23,Fresno,019,978130,123,10,1,11,0
2020-03-23,Glenn,021,27897,2,0,0,0,0
2020-03-23,Humboldt,023,135768,31,2,0,2,0
2020-03-23,Imperial,025,180216,53,2,0,2,0
2020-03-23,Inyo,027,18085,3,0,0,0,0
2020-03-23,Kern,029,883053,130,5,0,5,0
2020-03-23,Kings,031,150075,14,0,1,1,0
2020-03-23,Lake,033,64148,0,0,0,0,0
2020-03-23,Lassen,035,31185,1,0,1,1,0
2020-03-23,Los Angeles,037,10098052,3370,389,13,402,4
2020-03-23,Madera,039,155013,34,4,0,4,0
2020-03-23,Marin,041,260295,84,30,0,30,0
2020-03-23,Mariposa,043,17540,0,0,0,0,0
2020-03-23,Mendocino,045,87422,3,1,0,1,0
2020-03-23,Merced,047,269075,11,0,0,0,0
2020-03-23,Modoc,049,8938,0,0,0,0,0
2020-03-23,Mono,051,14174,19,1,0,1,0
2020-03-23,Monterey,053,433212,48,14,0,14,1
2020-03-23,Napa,055,140530,21,1,0,1,0
2020-03-23,Nevada,057,99092,27,2,1,3,0
2020-03-23,Orange,059,3164182,884,138,3,141,0
2020-03-23,Placer,061,380077,89,19,0,19,1
2020-03-23,Plumas,063,18699,0,0,0,0,0
2020-03-23,Riverside,065,2383286,623,39,5,44,5
2020-03-23,Sacramento,067,1510023,392,87,0,87,4
2020-03-23,San Benito,069,59416,24,4,0,4,1
2020-03-23,San Bernardino,071,2135413,331,17,0,17,0
2020-03-23,San Diego,073,3302833,1068,178,0,178,1
2020-03-23,San Francisco,075,870044,484,152,0,152,0
2020-03-23,San Joaquin,077,732212,154,37,3,40,2
2020-03-23,San Luis Obispo,079,281455,88,23,0,23,0
2020-03-23,San Mateo,081,765935,498,88,2,90,1
2020-03-23,Santa Barbara,083,443738,165,18,0,18,0
2020-03-23,Santa Clara,085,1922200,1056,336,1,337,13
2020-03-23,Santa Cruz,087,273765,64,21,0,21,0
2020-03-23,Shasta,089,179085,12,2,0,2,0
2020-03-23,Sierra,091,2930,0,0,0,0,0
2020-03-23,Siskiyou,093,43540,4,2,0,2,0
2020-03-23,Solano,095,438530,74,33,0,33,0
2020-03-23,Sonoma,097,501317,105,19,0,19,1
2020-03-23,Stanislaus,099,539301,57,10,3,13,0
2020-03-23,Sutter,101,95872,9,0,0,0,0
2020-03-23,Tehama,103,63373,1,0,0,0,0
2020-03-23,Trinity,105,12862,0,0,0,0,0
2020-03-23,Tulare,107,460477,54,9,2,11,0
2020-03-23,Tuolumne,109,53932,2,0,0,0,0
2020-03-23,Ventura,111,848112,196,30,0,30,0
2020-03-23,Yolo,113,214977,38,8,0,8,0
2020-03-23,Yuba,115,75493,7,2,0,2,0
2020-03-22,Alameda,001,1643700,428,72,0,72,1
2020-03-22,Alpine,003,1148,1,0,0,0,0
2020-03-22,Amador,005,37829,2,1,0,1,0
2020-03-22,Butte,007,227075,8,1,0,1,0
2020-03-22,Calaveras,009,45235,4,2,0,2,0
2020-03-22,Colusa,011,21464,1,0,0,0,0
2020-03-22,Contra Costa,013,1133247,309,79,0,79,1
2020-03-22,Del Norte,015,27424,0,0,0,0,0
2020-03-22,El Dorado,017,186661,23,1,0,1,0
2020-03-22,Fresno,019,978130,103,8,1,9,0
2020-03-22,Glenn,021,27897,2,0,0,0,0
2020-03-22,Humboldt,023,135768,28,1,0,1,0
2020-03-22,Imperial,025,180216,51,2,0,2,0
2020-03-22,Inyo,027,18085,1,0,0,0,0
2020-03-22,Kern,029,883053,114,3,0,3,0
2020-03-22,Kings,031,150075,13,0,1,1,0
2020-03-22,Lake,033,64148,0,0,0,0,0
2020-03-22,Lassen,035,31185,1,0,1,1,0
2020-03-22,Los Angeles,037,10098052,3047,384,13,397,3
2020-03-22,Madera,039,155013,32,4,0,4,0
2020-03-22,Marin,041,260295,74,30,0,30,0
2020-03-22,Mariposa,043,17540,0,0,0,0,0
2020-03-22,Mendocino,045,87422,3,1,0,1,0
2020-03-22,Merced,047,269075,7,0,0,0,0
2020-03-22,Modoc,049,8938,0,0,0,0,0
2020-03-22,Mono,051,14174,14,1,0,1,0
2020-03-22,Monterey,053,433212,46,14,0,14,1
2020-03-22,Napa,055,140530,17,1,0,1,0
2020-03-22,Nevada,057,99092,23,2,1,3,0
2020-03-22,Orange,059,3164182,816,102,3,105,0
2020-03-22,Placer,061,380077,87,18,0,18,1
2020-03-22,Plumas,063,18699,0,0,0,0,0
2020-03-22,Riverside,065,2383286,545,26,3,29,5
2020-03-22,Sacramento,067,1510023,360,82,0,82,4
2020-03-22,San Benito,069,59416,19,4,0,4,1
2020-03-22,San Bernardino,071,2135413,288,16,0,16,0
2020-03-22,San Diego,073,3302833,980,161,0,161,0
2020-03-22,San Francisco,075,870044,447,134,0,134,0
2020-03-22,San Joaquin,077,732212,140,30,3,33,2
2020-03-22,San Luis Obispo,079,281455,83,19,0,19,0
2020-03-22,San Mateo,081,765935,465,82,2,84,1
2020-03-22,Santa Barbara,083,443738,147,16,0,16,0
2020-03-22,Santa Clara,085,1922200,994,284,1,285,13
2020-03-22,Santa Cruz,087,273765,63,19,0,19,0
2020-03-22,Shasta,089,179085,12,1,0,1,0
2020-03-22,Sierra,091,2930,0,0,0,0,0
2020-03-22,Siskiyou,093,43540,4,2,0,2,0
2020-03-22,Solano,095,438530,65,30,0,30,0
2020-03-22,Sonoma,097,501317,100,18,0,18,1
2020-03-22,Stanislaus,099,539301,51,8,3,11,0
2020-03-22,Sutter,101,95872,8,0,0,0,0
2020-03-22,Tehama,103,63373,0,0,0,0,0
2020-03-22,Trinity,105,12862,0,0,0,0,0
2020-03-22,Tulare,107,460477,50,5,2,7,0
2020-03-22,Tuolumne,109,53932,2,0,0,0,0
2020-03-22,Ventura,111,848112,174,26,0,26,0
2020-03-22,Yolo,113,214977,32,6,0,6,0
2020-03-22,Yuba,115,75493,7,2,0,2,0
2020-03-21,Alameda,001,1643700,405,62,0,62,0
2020-03-21,Alpine,003,1148,1,0,0,0,0
2020-03-21,Amador,005,37829,2,1,0,1,0
2020-03-21,Butte,007,227075,7,1,0,1,0
2020-03-21,Calaveras,009,45235,4,2,0,2,0
2020-03-21,Colusa,011,21464,1,0,0,0,0
2020-03-21,Contra Costa,013,1133247,298,62,0,62,1
2020-03-21,Del Norte,015,27424,0,0,0,0,0
2020-03-21,El Dorado,017,186661,20,1,0,1,0
2020-03-21,Fresno,019,978130,99,8,1,9,0
2020-03-21,Glenn,021,27897,2,0,0,0,0
2020-03-21,Humboldt,023,135768,25,1,0,1,0
2020-03-21,Imperial,025,180216,47,2,0,2,0
2020-03-21,Inyo,027,18085,1,0,0,0,0
2020-03-21,Kern,029,883053,108,3,0,3,0
2020-03-21,Kings,031,150075,13,0,1,1,0
2020-03-21,Lake,033,64148,0,0,0,0,0
2020-03-21,Lassen,035,31185,1,0,1,1,0
2020-03-21,Los Angeles,037,10098052,2774,322,13,335,2
2020-03-21,Madera,039,155013,32,4,0,4,0
2020-03-21,Marin,041,260295,69,30,0,30,0
2020-03-21,Mariposa,043,17540,0,0,0,0,0
2020-03-21,Mendocino,045,87422,3,1,0,1,0
2020-03-21,Merced,047,269075,6,0,0,0,0
2020-03-21,Modoc,049,8938,0,0,0,0,0
2020-03-21,Mono,051,14174,14,1,0,1,0
2020-03-21,Monterey,053,433212,44,8,0,8,1
2020-03-21,Napa,055,140530,17,0,0,0,0
2020-03-21,Nevada,057,99092,23,2,1,3,0
2020-03-21,Orange,059,3164182,767,85,3,88,0
2020-03-21,Placer,061,380077,78,11,0,11,1
2020-03-21,Plumas,063,18699,0,0,0,0,0
2020-03-21,Riverside,065,2383286,501,20,3,23,3
2020-03-21,Sacramento,067,1510023,333,66,0,66,3
2020-03-21,San Benito,069,59416,17,4,0,4,1
2020-03-21,San Bernardino,071,2135413,268,13,0,13,0
2020-03-21,San Diego,073,3302833,903,121,0,121,0
2020-03-21,San Francisco,075,870044,411,106,0,106,0
2020-03-21,San Joaquin,077,732212,131,26,3,29,2
2020-03-21,San Luis Obispo,079,281455,79,16,0,16,0
2020-03-21,San Mateo,081,765935,427,78,2,80,1
2020-03-21,Santa Barbara,083,443738,132,8,0,8,0
2020-03-21,Santa Clara,085,1922200,933,269,1,270,10
2020-03-21,Santa Cruz,087,273765,61,17,0,17,0
2020-03-21,Shasta,089,179085,11,1,0,1,0
2020-03-21,Sierra,091,2930,0,0,0,0,0
2020-03-21,Siskiyou,093,43540,4,0,0,0,0
2020-03-21,Solano,095,438530,63,30,0,30,0
2020-03-21,Sonoma,097,501317,99,15,0,15,1
2020-03-21,Stanislaus,099,539301,45,7,3,10,0
2020-03-21,Sutter,101,95872,7,0,0,0,0
2020-03-21,Tehama,103,63373,0,0,0,0,0
2020-03-21,Trinity,105,12862,0,0,0,0,0
2020-03-21,Tulare,107,460477,45,5,2,7,0
2020-03-21,Tuolumne,109,53932,2,0,0,0,0
2020-03-21,Ventura,111,848112,166,22,0,22,0
2020-03-21,Yolo,113,214977,32,6,0,6,0
2020-03-21,Yuba,115,75493,7,1,0,1,0
2020-03-20,Alameda,001,1643700,384,42,0,42,0
2020-03-20,Alpine,003,1148,1,0,0,0,0
2020-03-20,Amador,005,37829,1,0,0,0,0
2020-03-20,Butte,007,227075,7,0,0,0,0
2020-03-20,Calaveras,009,45235,4,2,0,2,0
2020-03-20,Colusa,011,21464,1,0,0,0,0
2020-03-20,Contra Costa,013,1133247,269,52,0,52,1
2020-03-20,Del Norte,015,27424,0,0,0,0,0
2020-03-20,El Dorado,017,186661,19,1,0,1,0
2020-03-20,Fresno,019,978130,96,7,1,8,0
2020-03-20,Glenn,021,27897,1,0,0,0,0
2020-03-20,Humboldt,023,135768,25,1,0,1,0
2020-03-20,Imperial,025,180216,46,2,0,2,0
2020-03-20,Inyo,027,18085,0,0,0,0,0
2020-03-20,Kern,029,883053,93,3,0,3,0
2020-03-20,Kings,031,150075,13,0,1,1,0
2020-03-20,Lake,033,64148,0,0,0,0,0
2020-03-20,Lassen,035,31185,1,0,1,1,0
2020-03-20,Los Angeles,037,10098052,2549,267,12,279,1
2020-03-20,Madera,039,155013,31,4,0,4,0
2020-03-20,Marin,041,260295,66,30,0,30,0
2020-03-20,Mariposa,043,17540,0,0,0,0,0
2020-03-20,Mendocino,045,87422,3,1,0,1,0
2020-03-20,Merced,047,269075,6,0,0,0,0
2020-03-20,Modoc,049,8938,0,0,0,0,0
2020-03-20,Mono,051,14174,14,0,0,0,0
2020-03-20,Monterey,053,433212,43,4,0,4,0
2020-03-20,Napa,055,140530,16,0,0,0,0
2020-03-20,Nevada,057,99092,20,2,1,3,0
2020-03-20,Orange,059,3164182,720,71,3,74,2
2020-03-20,Placer,061,380077,72,9,0,9,1
2020-03-20,Plumas,063,18699,0,0,0,0,0
2020-03-20,Riverside,065,2383286,448,19,3,22,3
2020-03-20,Sacramento,067,1510023,312,56,0,56,4
2020-03-20,San Benito,069,59416,17,4,0,4,1
2020-03-20,San Bernardino,071,2135413,241,9,0,9,0
2020-03-20,San Diego,073,3302833,851,98,0,98,0
2020-03-20,San Francisco,075,870044,379,87,0,87,0
2020-03-20,San Joaquin,077,732212,116,18,3,21,2
2020-03-20,San Luis Obispo,079,281455,76,11,0,11,0
2020-03-20,San Mateo,081,765935,397,71,2,73,1
2020-03-20,Santa Barbara,083,443738,116,7,0,7,0
2020-03-20,Santa Clara,085,1922200,897,246,1,247,8
2020-03-20,Santa Cruz,087,273765,59,13,0,13,0
2020-03-20,Shasta,089,179085,10,1,0,1,0
2020-03-20,Sierra,091,2930,0,0,0,0,0
2020-03-20,Siskiyou,093,43540,4,0,0,0,0
2020-03-20,Solano,095,438530,59,29,0,29,0
2020-03-20,Sonoma,097,501317,91,7,0,7,0
2020-03-20,Stanislaus,099,539301,39,7,3,10,0
2020-03-20,Sutter,101,95872,7,0,0,0,0
2020-03-20,Tehama,103,63373,0,0,0,0,0
2020-03-20,Trinity,105,12862,0,0,0,0,0
2020-03-20,Tulare,107,460477,41,4,2,6,0
2020-03-20,Tuolumne,109,53932,2,0,0,0,0
2020-03-20,Ventura,111,848112,156,18,0,18,0
2020-03-20,Yolo,113,214977,30,5,0,5,0
2020-03-20,Yuba,115,75493,6,0,0,0,0
2020-03-19,Alameda,001,1643700,348,36,0,36,0
2020-03-19,Alpine,003,1148,1,0,0,0,0
2020-03-19,Amador,005,37829,1,0,0,0,0
2020-03-19,Butte,007,227075,5,0,0,0,0
2020-03-19,Calaveras,009,45235,4,2,0,2,0
2020-03-19,Colusa,011,21464,0,0,0,0,0
2020-03-19,Contra Costa,013,1133247,253,46,0,46,0
2020-03-19,Del Norte,015,27424,0,0,0,0,0
2020-03-19,El Dorado,017,186661,18,0,0,0,0
2020-03-19,Fresno,019,978130,87,6,1,7,0
2020-03-19,Glenn,021,27897,1,0,0,0,0
2020-03-19,Humboldt,023,135768,23,1,0,1,0
2020-03-19,Imperial,025,180216,39,2,0,2,0
2020-03-19,Inyo,027,18085,0,0,0,0,0
2020-03-19,Kern,029,883053,81,3,0,3,0
2020-03-19,Kings,031,150075,10,0,1,1,0
2020-03-19,Lake,033,64148,0,0,0,0,0
2020-03-19,Lassen,035,31185,0,0,1,1,0
2020-03-19,Los Angeles,037,10098052,2262,233,12,245,0
2020-03-19,Madera,039,155013,30,3,0,3,0
2020-03-19,Marin,041,260295,63,19,0,19,0
2020-03-19,Mariposa,043,17540,0,0,0,0,0
2020-03-19,Mendocino,045,87422,2,1,0,1,0
2020-03-19,Merced,047,269075,5,0,0,0,0
2020-03-19,Modoc,049,8938,0,0,0,0,0
2020-03-19,Mono,051,14174,12,0,0,0,0
2020-03-19,Monterey,053,433212,35,3,0,3,0
2020-03-19,Napa,055,140530,14,0,0,0,0
2020-03-19,Nevada,057,99092,18,2,1,3,0
2020-03-19,Orange,059,3164182,636,59,3,62,0
2020-03-19,Placer,061,380077,64,8,0,8,1
2020-03-19,Plumas,063,18699,0,0,0,0,0
2020-03-19,Riverside,065,2383286,355,14,2,16,3
2020-03-19,Sacramento,067,1510023,279,52,0,52,3
2020-03-19,San Benito,069,59416,14,3,0,3,0
2020-03-19,San Bernardino,071,2135413,211,7,0,7,0
2020-03-19,San Diego,073,3302833,768,68,0,68,0
2020-03-19,San Francisco,075,870044,343,80,0,80,0
2020-03-19,San Joaquin,077,732212,102,15,3,18,2
2020-03-19,San Luis Obispo,079,281455,74,6,0,6,0
2020-03-19,San Mateo,081,765935,362,58,2,60,1
2020-03-19,Santa Barbara,083,443738,101,5,0,5,0
2020-03-19,Santa Clara,085,1922200,831,183,1,184,8
2020-03-19,Santa Cruz,087,273765,56,13,0,13,0
2020-03-19,Shasta,089,179085,9,1,0,1,0
2020-03-19,Sierra,091,2930,0,0,0,0,0
2020-03-19,Siskiyou,093,43540,3,0,0,0,0
2020-03-19,Solano,095,438530,55,26,0,26,0
2020-03-19,Sonoma,097,501317,88,8,0,8,0
2020-03-19,Stanislaus,099,539301,38,7,3,10,0
2020-03-19,Sutter,101,95872,7,0,0,0,0
2020-03-19,Tehama,103,63373,0,0,0,0,0
2020-03-19,Trinity,105,12862,0,0,0,0,0
2020-03-19,Tulare,107,460477,36,3,2,5,0
2020-03-19,Tuolumne,109,53932,2,0,0,0,0
2020-03-19,Ventura,111,848112,134,15,0,15,0
2020-03-19,Yolo,113,214977,26,5,0,5,0
2020-03-19,Yuba,115,75493,5,0,0,0,0
2020-03-18,Alameda,001,1643700,320,29,0,29,0
2020-03-18,Alpine,003,1148,1,0,0,0,0
2020-03-18,Amador,005,37829,1,0,0,0,0
2020-03-18,Butte,007,227075,4,0,0,0,0
2020-03-18,Calaveras,009,45235,4,2,0,2,0
2020-03-18,Colusa,011,21464,0,0,0,0,0
2020-03-18,Contra Costa,013,1133247,232,44,0,44,0
2020-03-18,Del Norte,015,27424,0,0,0,0,0
2020-03-18,El Dorado,017,186661,17,0,0,0,0
2020-03-18,Fresno,019,978130,78,3,1,4,0
2020-03-18,Glenn,021,27897,1,0,0,0,0
2020-03-18,Humboldt,023,135768,19,1,0,1,0
2020-03-18,Imperial,025,180216,33,2,0,2,0
2020-03-18,Inyo,027,18085,0,0,0,0,0
2020-03-18,Kern,029,883053,66,1,0,1,0
2020-03-18,Kings,031,150075,8,0,1,1,0
2020-03-18,Lake,033,64148,0,0,0,0,0
2020-03-18,Lassen,035,31185,0,0,1,1,0
2020-03-18,Los Angeles,037,10098052,2023,47,12,59,0
2020-03-18,Madera,039,155013,29,2,0,2,0
2020-03-18,Marin,041,260295,58,10,0,10,0
2020-03-18,Mariposa,043,17540,0,0,0,0,0
2020-03-18,Mendocino,045,87422,2,0,0,0,0
2020-03-18,Merced,047,269075,5,0,0,0,0
2020-03-18,Modoc,049,8938,0,0,0,0,0
2020-03-18,Mono,051,14174,11,0,0,0,0
2020-03-18,Monterey,053,433212,28,1,0,1,0
2020-03-18,Napa,055,140530,11,0,0,0,0
2020-03-18,Nevada,057,99092,16,2,1,3,0
2020-03-18,Orange,059,3164182,581,38,3,41,0
2020-03-18,Placer,061,380077,57,8,0,8,1
2020-03-18,Plumas,063,18699,0,0,0,0,0
2020-03-18,Riverside,065,2383286,303,11,2,13,2
2020-03-18,Sacramento,067,1510023,256,46,0,46,3
2020-03-18,San Benito,069,59416,13,3,0,3,0
2020-03-18,San Bernardino,071,2135413,189,3,0,3,0
2020-03-18,San Diego,073,3302833,683,40,0,40,0
2020-03-18,San Francisco,075,870044,324,65,0,65,0
2020-03-18,San Joaquin,077,732212,90,14,3,17,2
2020-03-18,San Luis Obispo,079,281455,68,5,0,5,0
2020-03-18,San Mateo,081,765935,339,57,2,59,1
2020-03-18,Santa Barbara,083,443738,88,2,0,2,0
2020-03-18,Santa Clara,085,1922200,782,151,1,152,6
2020-03-18,Santa Cruz,087,273765,54,11,0,11,0
2020-03-18,Shasta,089,179085,8,1,0,1,0
2020-03-18,Sierra,091,2930,0,0,0,0,0
2020-03-18,Siskiyou,093,43540,3,0,0,0,0
2020-03-18,Solano,095,438530,51,26,0,26,0
2020-03-18,Sonoma,097,501317,79,6,0,6,0
2020-03-18,Stanislaus,099,539301,34,5,2,7,0
2020-03-18,Sutter,101,95872,5,0,0,0,0
2020-03-18,Tehama,103,63373,0,0,0,0,0
2020-03-18,Trinity,105,12862,0,0,0,0,0
2020-03-18,Tulare,107,460477,27,3,2,5,0
2020-03-18,Tuolumne,109,53932,2,0,0,0,0
2020-03-18,Ventura,111,848112,115,11,0,11,0
2020-03-18,Yolo,113,214977,23,4,0,4,0
2020-03-18,Yuba,115,75493,4,0,0,0,0
2020-03-17,Alameda,001,1643700,288,19,0,19,0
2020-03-17,Alpine,003,1148,0,0,0,0,0
2020-03-17,Amador,005,37829,1,0,0,0,0
2020-03-17,Butte,007,227075,4,0,0,0,0
2020-03-17,Calaveras,009,45235,4,2,0,2,0
2020-03-17,Colusa,011,21464,0,0,0,0,0
2020-03-17,Contra Costa,013,1133247,210,37,0,37,0
2020-03-17,Del Norte,015,27424,0,0,0,0,0
2020-03-17,El Dorado,017,186661,16,0,0,0,0
2020-03-17,Fresno,019,978130,68,2,1,3,0
2020-03-17,Glenn,021,27897,1,0,0,0,0
2020-03-17,Humboldt,023,135768,17,1,0,1,0
2020-03-17,Imperial,025,180216,27,2,0,2,0
2020-03-17,Inyo,027,18085,0,0,0,0,0
2020-03-17,Kern,029,883053,52,0,0,0,0
2020-03-17,Kings,031,150075,7,0,1,1,0
2020-03-17,Lake,033,64148,0,0,0,0,0
2020-03-17,Lassen,035,31185,0,0,1,1,0
2020-03-17,Los Angeles,037,10098052,1822,41,12,53,0
2020-03-17,Madera,039,155013,22,2,0,2,0
2020-03-17,Marin,041,260295,51,4,0,4,0
2020-03-17,Mariposa,043,17540,0,0,0,0,0
2020-03-17,Mendocino,045,87422,2,0,0,0,0
2020-03-17,Merced,047,269075,5,0,0,0,0
2020-03-17,Modoc,049,8938,0,0,0,0,0
2020-03-17,Mono,051,14174,9,0,0,0,0
2020-03-17,Monterey,053,433212,26,0,0,0,0
2020-03-17,Napa,055,140530,8,0,0,0,0
2020-03-17,Nevada,057,99092,15,1,1,2,0
2020-03-17,Orange,059,3164182,505,24,3,27,0
2020-03-17,Placer,061,380077,47,7,0,7,1
2020-03-17,Plumas,063,18699,0,0,0,0,0
2020-03-17,Riverside,065,2383286,246,11,2,13,0
2020-03-17,Sacramento,067,1510023,236,36,0,36,1
2020-03-17,San Benito,069,59416,12,2,0,2,0
2020-03-17,San Bernardino,071,2135413,161,2,0,2,0
2020-03-17,San Diego,073,3302833,616,17,0,17,0
2020-03-17,San Francisco,075,870044,298,46,0,46,0
2020-03-17,San Joaquin,077,732212,84,11,3,14,0
2020-03-17,San Luis Obispo,079,281455,61,1,0,1,0
2020-03-17,San Mateo,081,765935,307,46,2,48,1
2020-03-17,Santa Barbara,083,443738,75,0,0,0,0
2020-03-17,Santa Clara,085,1922200,725,121,1,122,4
2020-03-17,Santa Cruz,087,273765,51,10,0,10,0
2020-03-17,Shasta,089,179085,4,1,0,1,0
2020-03-17,Sierra,091,2930,0,0,0,0,0
2020-03-17,Siskiyou,093,43540,3,0,0,0,0
2020-03-17,Solano,095,438530,48,27,0,27,0
2020-03-17,Sonoma,097,501317,71,4,0,4,0
2020-03-17,Stanislaus,099,539301,31,4,2,6,0
2020-03-17,Sutter,101,95872,5,0,0,0,0
2020-03-17,Tehama,103,63373,0,0,0,0,0
2020-03-17,Trinity,105,12862,0,0,0,0,0
2020-03-17,Tulare,107,460477,24,2,2,4,0
2020-03-17,Tuolumne,109,53932,2,0,0,0,0
2020-03-17,Ventura,111,848112,98,7,0,7,0
2020-03-17,Yolo,113,214977,19,2,0,2,0
2020-03-17,Yuba,115,75493,4,0,0,0,0
2020-03-16,Alameda,001,1643700,259,17,0,17,0
2020-03-16,Alpine,003,1148,0,0,0,0,0
2020-03-16,Amador,005,37829,1,0,0,0,0
2020-03-16,Butte,007,227075,3,0,0,0,0
2020-03-16,Calaveras,009,45235,4,2,0,2,0
2020-03-16,Colusa,011,21464,0,0,0,0,0
2020-03-16,Contra Costa,013,1133247,186,36,0,36,0
2020-03-16,Del Norte,015,27424,0,0,0,0,0
2020-03-16,El Dorado,017,186661,15,0,0,0,0
2020-03-16,Fresno,019,978130,53,2,1,3,0
2020-03-16,Glenn,021,27897,0,0,0,0,0
2020-03-16,Humboldt,023,135768,13,1,0,1,0
2020-03-16,Imperial,025,180216,22,2,0,2,0
2020-03-16,Inyo,027,18085,0,0,0,0,0
2020-03-16,Kern,029,883053,43,0,0,0,0
2020-03-16,Kings,031,150075,6,0,1,1,0
2020-03-16,Lake,033,64148,0,0,0,0,0
2020-03-16,Lassen,035,31185,0,0,0,0,0
2020-03-16,Los Angeles,037,10098052,1587,43,12,55,0
2020-03-16,Madera,039,155013,21,2,0,2,0
2020-03-16,Marin,041,260295,48,4,0,4,0
2020-03-16,Mariposa,043,17540,0,0,0,0,0
2020-03-16,Mendocino,045,87422,2,0,0,0,0
2020-03-16,Merced,047,269075,5,0,0,0,0
2020-03-16,Modoc,049,8938,0,0,0,0,0
2020-03-16,Mono,051,14174,7,0,0,0,0
2020-03-16,Monterey,053,433212,25,0,0,0,0
2020-03-16,Napa,055,140530,7,0,0,0,0
2020-03-16,Nevada,057,99092,11,1,1,2,0
2020-03-16,Orange,059,3164182,420,18,3,21,0
2020-03-16,Placer,061,380077,39,7,0,7,1
2020-03-16,Plumas,063,18699,0,0,0,0,0
2020-03-16,Riverside,065,2383286,212,10,2,12,0
2020-03-16,Sacramento,067,1510023,209,34,0,34,1
2020-03-16,San Benito,069,59416,8,2,0,2,0
2020-03-16,San Bernardino,071,2135413,141,1,0,1,0
2020-03-16,San Diego,073,3302833,525,17,0,17,0
2020-03-16,San Francisco,075,870044,262,40,0,40,0
2020-03-16,San Joaquin,077,732212,74,9,3,12,0
2020-03-16,San Luis Obispo,079,281455,54,1,0,1,0
2020-03-16,San Mateo,081,765935,269,42,2,44,1
2020-03-16,Santa Barbara,083,443738,63,0,0,0,0
2020-03-16,Santa Clara,085,1922200,649,115,1,116,2
2020-03-16,Santa Cruz,087,273765,44,9,0,9,0
2020-03-16,Shasta,089,179085,4,1,0,1,0
2020-03-16,Sierra,091,2930,0,0,0,0,0
2020-03-16,Siskiyou,093,43540,2,0,0,0,0
2020-03-16,Solano,095,438530,43,27,0,27,0
2020-03-16,Sonoma,097,501317,63,4,0,4,0
2020-03-16,Stanislaus,099,539301,27,2,2,4,0
2020-03-16,Sutter,101,95872,3,0,0,0,0
2020-03-16,Tehama,103,63373,0,0,0,0,0
2020-03-16,Trinity,105,12862,0,0,0,0,0
2020-03-16,Tulare,107,460477,21,2,2,4,0
2020-03-16,Tuolumne,109,53932,2,0,0,0,0
2020-03-16,Ventura,111,848112,88,7,0,7,0
2020-03-16,Yolo,113,214977,18,2,0,2,0
2020-03-16,Yuba,115,75493,3,0,0,0,0
2020-03-15,Alameda,001,1643700,213,17,0,17,0
2020-03-15,Alpine,003,1148,0,0,0,0,0
2020-03-15,Amador,005,37829,1,0,0,0,0
2020-03-15,Butte,007,227075,3,0,0,0,0
2020-03-15,Calaveras,009,45235,2,2,0,2,0
2020-03-15,Colusa,011,21464,0,0,0,0,0
2020-03-15,Contra Costa,013,1133247,161,34,0,34,0
2020-03-15,Del Norte,015,27424,0,0,0,0,0
2020-03-15,El Dorado,017,186661,14,0,0,0,0
2020-03-15,Fresno,019,978130,33,1,1,2,0
2020-03-15,Glenn,021,27897,0,0,0,0,0
2020-03-15,Humboldt,023,135768,11,1,0,1,0
2020-03-15,Imperial,025,180216,17,2,0,2,0
2020-03-15,Inyo,027,18085,0,0,0,0,0
2020-03-15,Kern,029,883053,37,0,0,0,0
2020-03-15,Kings,031,150075,6,0,1,1,0
2020-03-15,Lake,033,64148,0,0,0,0,0
2020-03-15,Lassen,035,31185,0,0,0,0,0
2020-03-15,Los Angeles,037,10098052,1349,41,12,53,0
2020-03-15,Madera,039,155013,20,2,0,2,0
2020-03-15,Marin,041,260295,41,3,0,3,0
2020-03-15,Mariposa,043,17540,0,0,0,0,0
2020-03-15,Mendocino,045,87422,2,0,0,0,0
2020-03-15,Merced,047,269075,3,0,0,0,0
2020-03-15,Modoc,049,8938,0,0,0,0,0
2020-03-15,Mono,051,14174,6,0,0,0,0
2020-03-15,Monterey,053,433212,19,0,0,0,0
2020-03-15,Napa,055,140530,7,0,0,0,0
2020-03-15,Nevada,057,99092,11,0,1,1,0
2020-03-15,Orange,059,3164182,350,16,2,18,0
2020-03-15,Placer,061,380077,33,7,0,7,1
2020-03-15,Plumas,063,18699,0,0,0,0,0
2020-03-15,Riverside,065,2383286,167,10,2,12,0
2020-03-15,Sacramento,067,1510023,173,30,0,30,1
2020-03-15,San Benito,069,59416,8,2,0,2,0
2020-03-15,San Bernardino,071,2135413,119,0,0,0,0
2020-03-15,San Diego,073,3302833,438,16,0,16,0
2020-03-15,San Francisco,075,870044,206,31,0,31,0
2020-03-15,San Joaquin,077,732212,63,6,3,9,0
2020-03-15,San Luis Obispo,079,281455,45,1,0,1,0
2020-03-15,San Mateo,081,765935,235,29,1,30,1
2020-03-15,Santa Barbara,083,443738,53,0,0,0,0
2020-03-15,Santa Clara,085,1922200,578,79,1,80,2
2020-03-15,Santa Cruz,087,273765,38,8,0,8,0
2020-03-15,Shasta,089,179085,4,1,0,1,0
2020-03-15,Sierra,091,2930,0,0,0,0,0
2020-03-15,Siskiyou,093,43540,2,0,0,0,0
2020-03-15,Solano,095,438530,42,26,0,26,0
2020-03-15,Sonoma,097,501317,54,4,0,4,0
2020-03-15,Stanislaus,099,539301,26,2,2,4,0
2020-03-15,Sutter,101,95872,2,0,0,0,0
2020-03-15,Tehama,103,63373,0,0,0,0,0
2020-03-15,Trinity,105,12862,0,0,0,0,0
2020-03-15,Tulare,107,460477,16,2,2,4,0
2020-03-15,Tuolumne,109,53932,1,0,0,0,0
2020-03-15,Ventura,111,848112,77,5,0,5,0
2020-03-15,Yolo,113,214977,15,2,0,2,0
2020-03-15,Yuba,115,75493,2,0,0,0,0
2020-03-14,Alameda,001,1643700,194,11,0,11,0
2020-03-14,Alpine,003,1148,0,0,0,0,0
2020-03-14,Amador,005,37829,1,0,0,0,0
2020-03-14,Butte,007,227075,2,0,0,0,0
2020-03-14,Calaveras,009,45235,2,2,0,2,0
2020-03-14,Colusa,011,21464,0,0,0,0,0
2020-03-14,Contra Costa,013,1133247,139,30,0,30,0
2020-03-14,Del Norte,015,27424,0,0,0,0,0
2020-03-14,El Dorado,017,186661,12,0,0,0,0
2020-03-14,Fresno,019,978130,25,1,1,2,0
2020-03-14,Glenn,021,27897,0,0,0,0,0
2020-03-14,Humboldt,023,135768,7,1,0,1,0
2020-03-14,Imperial,025,180216,13,2,0,2,0
2020-03-14,Inyo,027,18085,0,0,0,0,0
2020-03-14,Kern,029,883053,32,0,0,0,0
2020-03-14,Kings,031,150075,6,0,1,1,0
2020-03-14,Lake,033,64148,0,0,0,0,0
2020-03-14,Lassen,035,31185,0,0,0,0,0
2020-03-14,Los Angeles,037,10098052,1171,35,12,47,0
2020-03-14,Madera,039,155013,19,2,0,2,0
2020-03-14,Marin,041,260295,37,3,0,3,0
2020-03-14,Mariposa,043,17540,0,0,0,0,0
2020-03-14,Mendocino,045,87422,2,0,0,0,0
2020-03-14,Merced,047,269075,3,0,0,0,0
2020-03-14,Modoc,049,8938,0,0,0,0,0
2020-03-14,Mono,051,14174,5,0,0,0,0
2020-03-14,Monterey,053,433212,13,0,0,0,0
2020-03-14,Napa,055,140530,5,0,0,0,0
2020-03-14,Nevada,057,99092,8,0,1,1,0
2020-03-14,Orange,059,3164182,311,14,1,15,0
2020-03-14,Placer,061,380077,29,6,0,6,1
2020-03-14,Plumas,063,18699,0,0,0,0,0
2020-03-14,Riverside,065,2383286,147,10,2,12,0
2020-03-14,Sacramento,067,1510023,151,31,0,31,1
2020-03-14,San Benito,069,59416,8,2,0,2,0
2020-03-14,San Bernardino,071,2135413,101,0,0,0,0
2020-03-14,San Diego,073,3302833,363,10,0,10,0
2020-03-14,San Francisco,075,870044,185,29,0,29,0
2020-03-14,San Joaquin,077,732212,54,6,3,9,0
2020-03-14,San Luis Obispo,079,281455,40,0,0,0,0
2020-03-14,San Mateo,081,765935,212,27,1,28,0
2020-03-14,Santa Barbara,083,443738,41,0,0,0,0
2020-03-14,Santa Clara,085,1922200,522,62,1,63,2
2020-03-14,Santa Cruz,087,273765,33,8,0,8,0
2020-03-14,Shasta,089,179085,4,1,0,1,0
2020-03-14,Sierra,091,2930,0,0,0,0,0
2020-03-14,Siskiyou,093,43540,1,0,0,0,0
2020-03-14,Solano,095,438530,40,26,0,26,0
2020-03-14,Sonoma,097,501317,41,2,0,2,0
2020-03-14,Stanislaus,099,539301,22,2,2,4,0
2020-03-14,Sutter,101,95872,2,0,0,0,0
2020-03-14,Tehama,103,63373,0,0,0,0,0
2020-03-14,Trinity,105,12862,0,0,0,0,0
2020-03-14,Tulare,107,460477,14,2,2,4,0
2020-03-14,Tuolumne,109,53932,1,0,0,0,0
2020-03-14,Ventura,111,848112,68,5,0,5,0
2020-03-14,Yolo,113,214977,15,2,0,2,0
2020-03-14,Yuba,115,75493,1,0,0,0,0
2020-03-13,Alameda,001,1643700,175,12,0,12,0
2020-03-13,Alpine,003,1148,0,0,0,0,0
2020-03-13,Amador,005,37829,1,0,0,0,0
2020-03-13,Butte,007,227075,0,0,0,0,0
2020-03-13,Calaveras,009,45235,2,2,0,2,0
2020-03-13,Colusa,011,21464,0,0,0,0,0
2020-03-13,Contra Costa,013,1133247,125,22,0,22,0
2020-03-13,Del Norte,015,27424,0,0,0,0,0
2020-03-13,El Dorado,017,186661,11,0,0,0,0
2020-03-13,Fresno,019,978130,20,1,1,2,0
2020-03-13,Glenn,021,27897,0,0,0,0,0
2020-03-13,Humboldt,023,135768,7,1,0,1,0
2020-03-13,Imperial,025,180216,12,2,0,2,0
2020-03-13,Inyo,027,18085,0,0,0,0,0
2020-03-13,Kern,029,883053,27,0,0,0,0
2020-03-13,Kings,031,150075,5,0,1,1,0
2020-03-13,Lake,033,64148,0,0,0,0,0
2020-03-13,Lassen,035,31185,0,0,0,0,0
2020-03-13,Los Angeles,037,10098052,1018,30,11,41,0
2020-03-13,Madera,039,155013,18,1,0,1,0
2020-03-13,Marin,041,260295,34,3,0,3,0
2020-03-13,Mariposa,043,17540,0,0,0,0,0
2020-03-13,Mendocino,045,87422,2,0,0,0,0
2020-03-13,Merced,047,269075,2,0,0,0,0
2020-03-13,Modoc,049,8938,0,0,0,0,0
2020-03-13,Mono,051,14174,3,0,0,0,0
2020-03-13,Monterey,053,433212,8,0,0,0,0
2020-03-13,Napa,055,140530,3,0,0,0,0
2020-03-13,Nevada,057,99092,7,0,1,1,0
2020-03-13,Orange,059,3164182,273,10,1,11,0
2020-03-13,Placer,061,380077,26,6,0,6,1
2020-03-13,Plumas,063,18699,0,0,0,0,0
2020-03-13,Riverside,065,2383286,121,5,2,7,0
2020-03-13,Sacramento,067,1510023,130,18,0,18,1
2020-03-13,San Benito,069,59416,6,2,0,2,0
2020-03-13,San Bernardino,071,2135413,94,0,0,0,0
2020-03-13,San Diego,073,3302833,313,8,0,8,0
2020-03-13,San Francisco,075,870044,171,28,0,28,0
2020-03-13,San Joaquin,077,732212,50,6,3,9,0
2020-03-13,San Luis Obispo,079,281455,32,0,0,0,0
2020-03-13,San Mateo,081,765935,191,24,1,25,0
2020-03-13,Santa Barbara,083,443738,37,0,0,0,0
2020-03-13,Santa Clara,085,1922200,460,59,1,60,1
2020-03-13,Santa Cruz,087,273765,32,7,0,7,0
2020-03-13,Shasta,089,179085,3,1,0,1,0
2020-03-13,Sierra,091,2930,0,0,0,0,0
2020-03-13,Siskiyou,093,43540,0,0,0,0,0
2020-03-13,Solano,095,438530,39,26,0,26,0
2020-03-13,Sonoma,097,501317,40,2,0,2,0
2020-03-13,Stanislaus,099,539301,17,2,2,4,0
2020-03-13,Sutter,101,95872,2,0,0,0,0
2020-03-13,Tehama,103,63373,0,0,0,0,0
2020-03-13,Trinity,105,12862,0,0,0,0,0
2020-03-13,Tulare,107,460477,11,2,2,4,0
2020-03-13,Tuolumne,109,53932,1,0,0,0,0
2020-03-13,Ventura,111,848112,54,5,0,5,0
2020-03-13,Yolo,113,214977,15,1,0,1,0
2020-03-13,Yuba,115,75493,1,0,0,0,0
2020-03-12,Alameda,001,1643700,150,9,0,9,0
2020-03-12,Alpine,003,1148,0,0,0,0,0
2020-03-12,Amador,005,37829,1,0,0,0,0
2020-03-12,Butte,007,227075,0,0,0,0,0
2020-03-12,Calaveras,009,45235,2,2,0,2,0
2020-03-12,Colusa,011,21464,0,0,0,0,0
2020-03-12,Contra Costa,013,1133247,108,18,0,18,0
2020-03-12,Del Norte,015,27424,0,0,0,0,0
2020-03-12,El Dorado,017,186661,9,0,0,0,0
2020-03-12,Fresno,019,978130,11,1,1,2,0
2020-03-12,Glenn,021,27897,0,0,0,0,0
2020-03-12,Humboldt,023,135768,6,1,0,1,0
2020-03-12,Imperial,025,180216,11,2,0,2,0
2020-03-12,Inyo,027,18085,0,0,0,0,0
2020-03-12,Kern,029,883053,18,0,0,0,0
2020-03-12,Kings,031,150075,4,0,1,1,0
2020-03-12,Lake,033,64148,0,0,0,0,0
2020-03-12,Lassen,035,31185,0,0,0,0,0
2020-03-12,Los Angeles,037,10098052,859,30,11,41,0
2020-03-12,Madera,039,155013,15,1,0,1,0
2020-03-12,Marin,041,260295,24,1,0,1,0
2020-03-12,Mariposa,043,17540,0,0,0,0,0
2020-03-12,Mendocino,045,87422,2,0,0,0,0
2020-03-12,Merced,047,269075,2,0,0,0,0
2020-03-12,Modoc,049,8938,0,0,0,0,0
2020-03-12,Mono,051,14174,3,0,0,0,0
2020-03-12,Monterey,053,433212,6,0,0,0,0
2020-03-12,Napa,055,140530,3,0,0,0,0
2020-03-12,Nevada,057,99092,4,0,1,1,0
2020-03-12,Orange,059,3164182,237,7,0,7,0
2020-03-12,Placer,061,380077,22,6,0,6,1
2020-03-12,Plumas,063,18699,0,0,0,0,0
2020-03-12,Riverside,065,2383286,98,5,1,6,0
2020-03-12,Sacramento,067,1510023,106,17,0,17,1
2020-03-12,San Benito,069,59416,5,2,0,2,0
2020-03-12,San Bernardino,071,2135413,78,0,0,0,0
2020-03-12,San Diego,073,3302833,258,9,0,9,0
2020-03-12,San Francisco,075,870044,148,20,0,20,0
2020-03-12,San Joaquin,077,732212,44,3,3,6,1
2020-03-12,San Luis Obispo,079,281455,25,0,0,0,0
2020-03-12,San Mateo,081,765935,157,21,1,22,0
2020-03-12,Santa Barbara,083,443738,25,0,0,0,0
2020-03-12,Santa Clara,085,1922200,402,51,1,52,1
2020-03-12,Santa Cruz,087,273765,29,5,0,5,0
2020-03-12,Shasta,089,179085,2,1,0,1,0
2020-03-12,Sierra,091,2930,0,0,0,0,0
2020-03-12,Siskiyou,093,43540,0,0,0,0,0
2020-03-12,Solano,095,438530,34,26,0,26,0
2020-03-12,Sonoma,097,501317,34,2,0,2,0
2020-03-12,Stanislaus,099,539301,15,2,2,4,0
2020-03-12,Sutter,101,95872,0,0,0,0,0
2020-03-12,Tehama,103,63373,0,0,0,0,0
2020-03-12,Trinity,105,12862,0,0,0,0,0
2020-03-12,Tulare,107,460477,11,1,1,2,0
2020-03-12,Tuolumne,109,53932,1,0,0,0,0
2020-03-12,Ventura,111,848112,45,3,0,3,0
2020-03-12,Yolo,113,214977,14,1,0,1,0
2020-03-12,Yuba,115,75493,1,0,0,0,0
2020-03-11,Alameda,001,1643700,118,5,0,5,0
2020-03-11,Alpine,003,1148,0,0,0,0,0
2020-03-11,Amador,005,37829,1,0,0,0,0
2020-03-11,Butte,007,227075,0,0,0,0,0
2020-03-11,Calaveras,009,45235,2,2,0,2,0
2020-03-11,Colusa,011,21464,0,0,0,0,0
2020-03-11,Contra Costa,013,1133247,93,16,0,16,0
2020-03-11,Del Norte,015,27424,0,0,0,0,0
2020-03-11,El Dorado,017,186661,8,0,0,0,0
2020-03-11,Fresno,019,978130,8,1,1,2,0
2020-03-11,Glenn,021,27897,0,0,0,0,0
2020-03-11,Humboldt,023,135768,6,1,0,1,0
2020-03-11,Imperial,025,180216,9,0,0,0,0
2020-03-11,Inyo,027,18085,0,0,0,0,0
2020-03-11,Kern,029,883053,16,0,0,0,0
2020-03-11,Kings,031,150075,3,0,1,1,0
2020-03-11,Lake,033,64148,0,0,0,0,0
2020-03-11,Lassen,035,31185,0,0,0,0,0
2020-03-11,Los Angeles,037,10098052,691,21,11,32,0
2020-03-11,Madera,039,155013,13,1,0,1,0
2020-03-11,Marin,041,260295,17,1,0,1,0
2020-03-11,Mariposa,043,17540,0,0,0,0,0
2020-03-11,Mendocino,045,87422,1,0,0,0,0
2020-03-11,Merced,047,269075,2,0,0,0,0
2020-03-11,Modoc,049,8938,0,0,0,0,0
2020-03-11,Mono,051,14174,3,0,0,0,0
2020-03-11,Monterey,053,433212,5,0,0,0,0
2020-03-11,Napa,055,140530,2,0,0,0,0
2020-03-11,Nevada,057,99092,4,0,1,1,0
2020-03-11,Orange,059,3164182,205,6,0,6,0
2020-03-11,Placer,061,380077,18,6,0,6,1
2020-03-11,Plumas,063,18699,0,0,0,0,0
2020-03-11,Riverside,065,2383286,75,4,1,5,0
2020-03-11,Sacramento,067,1510023,88,9,0,9,1
2020-03-11,San Benito,069,59416,5,2,0,2,0
2020-03-11,San Bernardino,071,2135413,71,0,0,0,0
2020-03-11,San Diego,073,3302833,208,4,0,4,0
2020-03-11,San Francisco,075,870044,123,17,0,17,0
2020-03-11,San Joaquin,077,732212,33,1,3,4,0
2020-03-11,San Luis Obispo,079,281455,22,0,0,0,0
2020-03-11,San Mateo,081,765935,139,16,0,16,0
2020-03-11,Santa Barbara,083,443738,15,0,0,0,0
2020-03-11,Santa Clara,085,1922200,362,48,1,49,1
2020-03-11,Santa Cruz,087,273765,26,2,0,2,0
2020-03-11,Shasta,089,179085,2,1,0,1,0
2020-03-11,Sierra,091,2930,0,0,0,0,0
2020-03-11,Siskiyou,093,43540,0,0,0,0,0
2020-03-11,Solano,095,438530,29,26,0,26,0
2020-03-11,Sonoma,097,501317,30,2,0,2,0
2020-03-11,Stanislaus,099,539301,15,2,2,4,0
2020-03-11,Sutter,101,95872,0,0,0,0,0
2020-03-11,Tehama,103,63373,0,0,0,0,0
2020-03-11,Trinity,105,12862,0,0,0,0,0
2020-03-11,Tulare,107,460477,10,0,1,1,0
2020-03-11,Tuolumne,109,53932,1,0,0,0,0
2020-03-11,Ventura,111,848112,37,3,0,3,0
2020-03-11,Yolo,113,214977,10,1,0,1,0
2020-03-11,Yuba,115,75493,1,0,0,0,0
2020-03-10,Alameda,001,1643700,98,4,0,4,0
2020-03-10,Alpine,003,1148,0,0,0,0,0
2020-03-10,Amador,005,37829,1,0,0,0,0
2020-03-10,Butte,007,227075,0,0,0,0,0
2020-03-10,Calaveras,009,45235,2,2,0,2,0
2020-03-10,Colusa,011,21464,0,0,0,0,0
2020-03-10,Contra Costa,013,1133247,84,11,0,11,0
2020-03-10,Del Norte,015,27424,0,0,0,0,0
2020-03-10,El Dorado,017,186661,7,0,0,0,0
2020-03-10,Fresno,019,978130,6,1,1,2,0
2020-03-10,Glenn,021,27897,0,0,0,0,0
2020-03-10,Humboldt,023,135768,6,1,0,1,0
2020-03-10,Imperial,025,180216,8,0,0,0,0
2020-03-10,Inyo,027,18085,0,0,0,0,0
2020-03-10,Kern,029,883053,11,0,0,0,0
2020-03-10,Kings,031,150075,3,0,1,1,0
2020-03-10,Lake,033,64148,0,0,0,0,0
2020-03-10,Lassen,035,31185,0,0,0,0,0
2020-03-10,Los Angeles,037,10098052,555,20,11,31,0
2020-03-10,Madera,039,155013,7,1,0,1,0
2020-03-10,Marin,041,260295,16,1,0,1,0
2020-03-10,Mariposa,043,17540,0,0,0,0,0
2020-03-10,Mendocino,045,87422,0,0,0,0,0
2020-03-10,Merced,047,269075,2,0,0,0,0
2020-03-10,Modoc,049,8938,0,0,0,0,0
2020-03-10,Mono,051,14174,3,0,0,0,0
2020-03-10,Monterey,053,433212,3,0,0,0,0
2020-03-10,Napa,055,140530,2,0,0,0,0
2020-03-10,Nevada,057,99092,3,0,1,1,0
2020-03-10,Orange,059,3164182,185,5,0,5,1
2020-03-10,Placer,061,380077,14,7,0,7,1
2020-03-10,Plumas,063,18699,0,0,0,0,0
2020-03-10,Riverside,065,2383286,56,4,1,5,0
2020-03-10,Sacramento,067,1510023,79,8,0,8,0
2020-03-10,San Benito,069,59416,5,2,0,2,0
2020-03-10,San Bernardino,071,2135413,63,0,0,0,0
2020-03-10,San Diego,073,3302833,165,3,0,3,0
2020-03-10,San Francisco,075,870044,91,16,0,16,0
2020-03-10,San Joaquin,077,732212,30,1,3,4,0
2020-03-10,San Luis Obispo,079,281455,15,0,0,0,0
2020-03-10,San Mateo,081,765935,123,11,0,11,0
2020-03-10,Santa Barbara,083,443738,11,0,0,0,0
2020-03-10,Santa Clara,085,1922200,315,45,1,46,1
2020-03-10,Santa Cruz,087,273765,22,2,0,2,0
2020-03-10,Shasta,089,179085,2,1,0,1,0
2020-03-10,Sierra,091,2930,0,0,0,0,0
2020-03-10,Siskiyou,093,43540,0,0,0,0,0
2020-03-10,Solano,095,438530,27,26,0,26,0
2020-03-10,Sonoma,097,501317,27,2,0,2,0
2020-03-10,Stanislaus,099,539301,11,0,2,2,0
2020-03-10,Sutter,101,95872,0,0,0,0,0
2020-03-10,Tehama,103,63373,0,0,0,0,0
2020-03-10,Trinity,105,12862,0,0,0,0,0
2020-03-10,Tulare,107,460477,9,0,1,1,0
2020-03-10,Tuolumne,109,53932,1,0,0,0,0
2020-03-10,Ventura,111,848112,29,1,0,1,0
2020-03-10,Yolo,113,214977,7,2,0,2,0
2020-03-10,Yuba,115,75493,1,0,0,0,0
2020-03-09,Alameda,001,1643700,71,4,0,4,0
2020-03-09,Alpine,003,1148,0,0,0,0,0
2020-03-09,Amador,005,37829,0,0,0,0,0
2020-03-09,Butte,007,227075,0,0,0,0,0
2020-03-09,Calaveras,009,45235,2,0,0,0,0
2020-03-09,Colusa,011,21464,0,0,0,0,0
2020-03-09,Contra Costa,013,1133247,72,9,0,9,0
2020-03-09,Del Norte,015,27424,0,0,0,0,0
2020-03-09,El Dorado,017,186661,5,0,0,0,0
2020-03-09,Fresno,019,978130,6,1,1,2,0
2020-03-09,Glenn,021,27897,0,0,0,0,0
2020-03-09,Humboldt,023,135768,5,1,0,1,0
2020-03-09,Imperial,025,180216,8,0,0,0,0
2020-03-09,Inyo,027,18085,0,0,0,0,0
2020-03-09,Kern,029,883053,8,0,0,0,0
2020-03-09,Kings,031,150075,2,0,1,1,0
2020-03-09,Lake,033,64148,0,0,0,0,0
2020-03-09,Lassen,035,31185,0,0,0,0,0
2020-03-09,Los Angeles,037,10098052,453,17,10,27,0
2020-03-09,Madera,039,155013,7,1,0,1,0
2020-03-09,Marin,041,260295,15,1,0,1,0
2020-03-09,Mariposa,043,17540,0,0,0,0,0
2020-03-09,Mendocino,045,87422,0,0,0,0,0
2020-03-09,Merced,047,269075,2,0,0,0,0
2020-03-09,Modoc,049,8938,0,0,0,0,0
2020-03-09,Mono,051,14174,3,0,0,0,0
2020-03-09,Monterey,053,433212,1,0,0,0,0
2020-03-09,Napa,055,140530,2,0,0,0,0
2020-03-09,Nevada,057,99092,2,0,1,1,0
2020-03-09,Orange,059,3164182,157,4,0,4,0
2020-03-09,Placer,061,380077,12,7,0,7,1
2020-03-09,Plumas,063,18699,0,0,0,0,0
2020-03-09,Riverside,065,2383286,47,4,1,5,0
2020-03-09,Sacramento,067,1510023,75,8,0,8,0
2020-03-09,San Benito,069,59416,3,2,0,2,0
2020-03-09,San Bernardino,071,2135413,52,0,0,0,0
2020-03-09,San Diego,073,3302833,126,2,0,2,0
2020-03-09,San Francisco,075,870044,71,14,0,14,0
2020-03-09,San Joaquin,077,732212,21,0,3,3,0
2020-03-09,San Luis Obispo,079,281455,15,0,0,0,0
2020-03-09,San Mateo,081,765935,109,6,0,6,0
2020-03-09,Santa Barbara,083,443738,9,0,0,0,0
2020-03-09,Santa Clara,085,1922200,271,42,1,43,1
2020-03-09,Santa Cruz,087,273765,19,2,0,2,0
2020-03-09,Shasta,089,179085,2,1,0,1,0
2020-03-09,Sierra,091,2930,0,0,0,0,0
2020-03-09,Siskiyou,093,43540,0,0,0,0,0
2020-03-09,Solano,095,438530,25,26,0,26,0
2020-03-09,Sonoma,097,501317,22,2,0,2,0
2020-03-09,Stanislaus,099,539301,11,0,2,2,0
2020-03-09,Sutter,101,95872,0,0,0,0,0
2020-03-09,Tehama,103,63373,0,0,0,0,0
2020-03-09,Trinity,105,12862,0,0,0,0,0
2020-03-09,Tulare,107,460477,9,0,1,1,0
2020-03-09,Tuolumne,109,53932,1,0,0,0,0
2020-03-09,Ventura,111,848112,25,1,0,1,0
2020-03-09,Yolo,113,214977,6,2,0,2,0
2020-03-09,Yuba,115,75493,0,0,0,0,0
2020-03-08,Alameda,001,1643700,46,4,0,4,0
2020-03-08,Alpine,003,1148,0,0,0,0,0
2020-03-08,Amador,005,37829,0,0,0,0,0
2020-03-08,Butte,007,227075,0,0,0,0,0
2020-03-08,Calaveras,009,45235,2,0,0,0,0
2020-03-08,Colusa,011,21464,0,0,0,0,0
2020-03-08,Contra Costa,013,1133247,58,9,0,9,0
2020-03-08,Del Norte,015,27424,0,0,0,0,0
2020-03-08,El Dorado,017,186661,5,0,0,0,0
2020-03-08,Fresno,019,978130,4,1,1,2,0
2020-03-08,Glenn,021,27897,0,0,0,0,0
2020-03-08,Humboldt,023,135768,5,1,0,1,0
2020-03-08,Imperial,025,180216,8,0,0,0,0
2020-03-08,Inyo,027,18085,0,0,0,0,0
2020-03-08,Kern,029,883053,8,0,0,0,0
2020-03-08,Kings,031,150075,1,0,1,1,0
2020-03-08,Lake,033,64148,0,0,0,0,0
2020-03-08,Lassen,035,31185,0,0,0,0,0
2020-03-08,Los Angeles,037,10098052,360,14,10,24,0
2020-03-08,Madera,039,155013,7,1,0,1,0
2020-03-08,Marin,041,260295,13,1,0,1,0
2020-03-08,Mariposa,043,17540,0,0,0,0,0
2020-03-08,Mendocino,045,87422,0,0,0,0,0
2020-03-08,Merced,047,269075,2,0,0,0,0
2020-03-08,Modoc,049,8938,0,0,0,0,0
2020-03-08,Mono,051,14174,3,0,0,0,0
2020-03-08,Monterey,053,433212,1,0,0,0,0
2020-03-08,Napa,055,140530,2,0,0,0,0
2020-03-08,Nevada,057,99092,1,0,1,1,0
2020-03-08,Orange,059,3164182,132,4,0,4,0
2020-03-08,Placer,061,380077,11,7,0,7,1
2020-03-08,Plumas,063,18699,0,0,0,0,0
2020-03-08,Riverside,065,2383286,40,1,1,2,0
2020-03-08,Sacramento,067,1510023,65,5,0,5,0
2020-03-08,San Benito,069,59416,3,2,0,2,0
2020-03-08,San Bernardino,071,2135413,41,0,0,0,0
2020-03-08,San Diego,073,3302833,92,2,0,2,0
2020-03-08,San Francisco,075,870044,52,9,0,9,0
2020-03-08,San Joaquin,077,732212,18,0,3,3,0
2020-03-08,San Luis Obispo,079,281455,9,0,0,0,0
2020-03-08,San Mateo,081,765935,96,4,0,4,0
2020-03-08,Santa Barbara,083,443738,6,0,0,0,0
2020-03-08,Santa Clara,085,1922200,230,36,1,37,0
2020-03-08,Santa Cruz,087,273765,17,1,0,1,0
2020-03-08,Shasta,089,179085,2,0,0,0,0
2020-03-08,Sierra,091,2930,0,0,0,0,0
2020-03-08,Siskiyou,093,43540,0,0,0,0,0
2020-03-08,Solano,095,438530,24,26,0,26,0
2020-03-08,Sonoma,097,501317,17,2,0,2,0
2020-03-08,Stanislaus,099,539301,10,0,2,2,0
2020-03-08,Sutter,101,95872,0,0,0,0,0
2020-03-08,Tehama,103,63373,0,0,0,0,0
2020-03-08,Trinity,105,12862,0,0,0,0,0
2020-03-08,Tulare,107,460477,9,0,0,0,0
2020-03-08,Tuolumne,109,53932,1,0,0,0,0
2020-03-08,Ventura,111,848112,21,1,0,1,0
2020-03-08,Yolo,113,214977,3,2,0,2,0
2020-03-08,Yuba,115,75493,0,0,0,0,0
2020-03-07,Alameda,001,1643700,41,3,0,3,0
2020-03-07,Alpine,003,1148,0,0,0,0,0
2020-03-07,Amador,005,37829,0,0,0,0,0
2020-03-07,Butte,007,227075,0,0,0,0,0
2020-03-07,Calaveras,009,45235,2,0,0,0,0
2020-03-07,Colusa,011,21464,0,0,0,0,0
2020-03-07,Contra Costa,013,1133247,55,4,0,4,0
2020-03-07,Del Norte,015,27424,0,0,0,0,0
2020-03-07,El Dorado,017,186661,4,0,0,0,0
2020-03-07,Fresno,019,978130,3,1,1,2,0
2020-03-07,Glenn,021,27897,0,0,0,0,0
2020-03-07,Humboldt,023,135768,5,1,0,1,0
2020-03-07,Imperial,025,180216,7,0,0,0,0
2020-03-07,Inyo,027,18085,0,0,0,0,0
2020-03-07,Kern,029,883053,7,0,0,0,0
2020-03-07,Kings,031,150075,1,0,1,1,0
2020-03-07,Lake,033,64148,0,0,0,0,0
2020-03-07,Lassen,035,31185,0,0,0,0,0
2020-03-07,Los Angeles,037,10098052,310,14,10,24,0
2020-03-07,Madera,039,155013,6,1,0,1,0
2020-03-07,Marin,041,260295,11,0,0,0,0
2020-03-07,Mariposa,043,17540,0,0,0,0,0
2020-03-07,Mendocino,045,87422,0,0,0,0,0
2020-03-07,Merced,047,269075,2,0,0,0,0
2020-03-07,Modoc,049,8938,0,0,0,0,0
2020-03-07,Mono,051,14174,3,0,0,0,0
2020-03-07,Monterey,053,433212,1,0,0,0,0
2020-03-07,Napa,055,140530,1,0,0,0,0
2020-03-07,Nevada,057,99092,1,0,1,1,0
2020-03-07,Orange,059,3164182,124,4,0,4,0
2020-03-07,Placer,061,380077,11,6,0,6,1
2020-03-07,Plumas,063,18699,0,0,0,0,0
2020-03-07,Riverside,065,2383286,30,0,1,1,0
2020-03-07,Sacramento,067,1510023,52,4,0,4,0
2020-03-07,San Benito,069,59416,3,2,0,2,0
2020-03-07,San Bernardino,071,2135413,39,0,0,0,0
2020-03-07,San Diego,073,3302833,74,2,0,2,0
2020-03-07,San Francisco,075,870044,46,9,0,9,0
2020-03-07,San Joaquin,077,732212,16,0,3,3,0
2020-03-07,San Luis Obispo,079,281455,6,0,0,0,0
2020-03-07,San Mateo,081,765935,86,1,0,1,0
2020-03-07,Santa Barbara,083,443738,5,0,0,0,0
2020-03-07,Santa Clara,085,1922200,201,31,1,32,0
2020-03-07,Santa Cruz,087,273765,17,1,0,1,0
2020-03-07,Shasta,089,179085,2,0,0,0,0
2020-03-07,Sierra,091,2930,0,0,0,0,0
2020-03-07,Siskiyou,093,43540,0,0,0,0,0
2020-03-07,Solano,095,438530,23,25,0,25,0
2020-03-07,Sonoma,097,501317,13,2,0,2,0
2020-03-07,Stanislaus,099,539301,9,0,2,2,0
2020-03-07,Sutter,101,95872,0,0,0,0,0
2020-03-07,Tehama,103,63373,0,0,0,0,0
2020-03-07,Trinity,105,12862,0,0,0,0,0
2020-03-07,Tulare,107,460477,6,0,0,0,0
2020-03-07,Tuolumne,109,53932,1,0,0,0,0
2020-03-07,Ventura,111,848112,18,1,0,1,0
2020-03-07,Yolo,113,214977,3,2,0,2,0
2020-03-07,Yuba,115,75493,0,0,0,0,0
2020-03-06,Alameda,001,1643700,39,3,0,3,0
2020-03-06,Alpine,003,1148,0,0,0,0,0
2020-03-06,Amador,005,37829,0,0,0,0,0
2020-03-06,Butte,007,227075,0,0,0,0,0
2020-03-06,Calaveras,009,45235,2,0,0,0,0
2020-03-06,Colusa,011,21464,0,0,0,0,0
2020-03-06,Contra Costa,013,1133247,46,4,0,4,0
2020-03-06,Del Norte,015,27424,0,0,0,0,0
2020-03-06,El Dorado,017,186661,3,0,0,0,0
2020-03-06,Fresno,019,978130,2,0,1,1,0
2020-03-06,Glenn,021,27897,0,0,0,0,0
2020-03-06,Humboldt,023,135768,4,1,0,1,0
2020-03-06,Imperial,025,180216,6,0,0,0,0
2020-03-06,Inyo,027,18085,0,0,0,0,0
2020-03-06,Kern,029,883053,6,0,0,0,0
2020-03-06,Kings,031,150075,1,0,1,1,0
2020-03-06,Lake,033,64148,0,0,0,0,0
2020-03-06,Lassen,035,31185,0,0,0,0,0
2020-03-06,Los Angeles,037,10098052,267,13,10,23,0
2020-03-06,Madera,039,155013,5,0,0,0,0
2020-03-06,Marin,041,260295,10,0,0,0,0
2020-03-06,Mariposa,043,17540,0,0,0,0,0
2020-03-06,Mendocino,045,87422,0,0,0,0,0
2020-03-06,Merced,047,269075,2,0,0,0,0
2020-03-06,Modoc,049,8938,0,0,0,0,0
2020-03-06,Mono,051,14174,1,0,0,0,0
2020-03-06,Monterey,053,433212,1,0,0,0,0
2020-03-06,Napa,055,140530,1,0,0,0,0
2020-03-06,Nevada,057,99092,1,0,1,1,0
2020-03-06,Orange,059,3164182,98,4,0,4,0
2020-03-06,Placer,061,380077,10,5,0,5,1
2020-03-06,Plumas,063,18699,0,0,0,0,0
2020-03-06,Riverside,065,2383286,30,0,1,1,0
2020-03-06,Sacramento,067,1510023,43,2,0,2,0
2020-03-06,San Benito,069,59416,3,2,0,2,0
2020-03-06,San Bernardino,071,2135413,37,0,0,0,0
2020-03-06,San Diego,073,3302833,61,2,0,2,0
2020-03-06,San Francisco,075,870044,40,2,0,2,0
2020-03-06,San Joaquin,077,732212,13,0,3,3,0
2020-03-06,San Luis Obispo,079,281455,4,0,0,0,0
2020-03-06,San Mateo,081,765935,78,1,0,1,0
2020-03-06,Santa Barbara,083,443738,3,0,0,0,0
2020-03-06,Santa Clara,085,1922200,183,20,1,21,0
2020-03-06,Santa Cruz,087,273765,15,0,0,0,0
2020-03-06,Shasta,089,179085,2,0,0,0,0
2020-03-06,Sierra,091,2930,0,0,0,0,0
2020-03-06,Siskiyou,093,43540,0,0,0,0,0
2020-03-06,Solano,095,438530,22,25,0,25,0
2020-03-06,Sonoma,097,501317,13,2,0,2,0
2020-03-06,Stanislaus,099,539301,5,0,2,2,0
2020-03-06,Sutter,101,95872,0,0,0,0,0
2020-03-06,Tehama,103,63373,0,0,0,0,0
2020-03-06,Trinity,105,12862,0,0,0,0,0
2020-03-06,Tulare,107,460477,6,0,0,0,0
2020-03-06,Tuolumne,109,53932,1,0,0,0,0
2020-03-06,Ventura,111,848112,15,1,0,1,0
2020-03-06,Yolo,113,214977,3,1,0,1,0
2020-03-06,Yuba,115,75493,0,0,0,0,0
2020-03-05,Alameda,001,1643700,34,2,0,2,0
2020-03-05,Alpine,003,1148,0,0,0,0,0
2020-03-05,Amador,005,37829,0,0,0,0,0
2020-03-05,Butte,007,227075,0,0,0,0,0
2020-03-05,Calaveras,009,45235,2,0,0,0,0
2020-03-05,Colusa,011,21464,0,0,0,0,0
2020-03-05,Contra Costa,013,1133247,39,1,0,1,0
2020-03-05,Del Norte,015,27424,0,0,0,0,0
2020-03-05,El Dorado,017,186661,1,0,0,0,0
2020-03-05,Fresno,019,978130,2,0,1,1,0
2020-03-05,Glenn,021,27897,0,0,0,0,0
2020-03-05,Humboldt,023,135768,4,1,0,1,0
2020-03-05,Imperial,025,180216,5,0,0,0,0
2020-03-05,Inyo,027,18085,0,0,0,0,0
2020-03-05,Kern,029,883053,6,0,0,0,0
2020-03-05,Kings,031,150075,1,0,1,1,0
2020-03-05,Lake,033,64148,0,0,0,0,0
2020-03-05,Lassen,035,31185,0,0,0,0,0
2020-03-05,Los Angeles,037,10098052,220,11,10,21,0
2020-03-05,Madera,039,155013,5,0,0,0,0
2020-03-05,Marin,041,260295,10,0,0,0,0
2020-03-05,Mariposa,043,17540,0,0,0,0,0
2020-03-05,Mendocino,045,87422,0,0,0,0,0
2020-03-05,Merced,047,269075,2,0,0,0,0
2020-03-05,Modoc,049,8938,0,0,0,0,0
2020-03-05,Mono,051,14174,1,0,0,0,0
2020-03-05,Monterey,053,433212,1,0,0,0,0
2020-03-05,Napa,055,140530,1,0,0,0,0
2020-03-05,Nevada,057,99092,0,0,1,1,0
2020-03-05,Orange,059,3164182,83,3,0,3,0
2020-03-05,Placer,061,380077,10,2,0,2,1
2020-03-05,Plumas,063,18699,0,0,0,0,0
2020-03-05,Riverside,065,2383286,27,0,1,1,0
2020-03-05,Sacramento,067,1510023,37,2,0,2,0
2020-03-05,San Benito,069,59416,1,2,0,2,0
2020-03-05,San Bernardino,071,2135413,32,0,0,0,0
2020-03-05,San Diego,073,3302833,54,2,0,2,0
2020-03-05,San Francisco,075,870044,30,2,0,2,0
2020-03-05,San Joaquin,077,732212,10,0,3,3,0
2020-03-05,San Luis Obispo,079,281455,4,0,0,0,0
2020-03-05,San Mateo,081,765935,65,1,0,1,0
2020-03-05,Santa Barbara,083,443738,2,0,0,0,0
2020-03-05,Santa Clara,085,1922200,162,14,1,15,0
2020-03-05,Santa Cruz,087,273765,13,0,0,0,0
2020-03-05,Shasta,089,179085,2,0,0,0,0
2020-03-05,Sierra,091,2930,0,0,0,0,0
2020-03-05,Siskiyou,093,43540,0,0,0,0,0
2020-03-05,Solano,095,438530,22,24,0,24,0
2020-03-05,Sonoma,097,501317,12,2,0,2,0
2020-03-05,Stanislaus,099,539301,4,0,2,2,0
2020-03-05,Sutter,101,95872,0,0,0,0,0
2020-03-05,Tehama,103,63373,0,0,0,0,0
2020-03-05,Trinity,105,12862,0,0,0,0,0
2020-03-05,Tulare,107,460477,6,0,0,0,0
2020-03-05,Tuolumne,109,53932,1,0,0,0,0
2020-03-05,Ventura,111,848112,13,0,0,0,0
2020-03-05,Yolo,113,214977,3,0,0,0,0
2020-03-05,Yuba,115,75493,0,0,0,0,0
2020-03-04,Alameda,001,1643700,30,2,0,2,0
2020-03-04,Alpine,003,1148,0,0,0,0,0
2020-03-04,Amador,005,37829,0,0,0,0,0
2020-03-04,Butte,007,227075,0,0,0,0,0
2020-03-04,Calaveras,009,45235,0,0,0,0,0
2020-03-04,Colusa,011,21464,0,0,0,0,0
2020-03-04,Contra Costa,013,1133247,34,1,0,1,0
2020-03-04,Del Norte,015,27424,0,0,0,0,0
2020-03-04,El Dorado,017,186661,1,0,0,0,0
2020-03-04,Fresno,019,978130,2,0,1,1,0
2020-03-04,Glenn,021,27897,0,0,0,0,0
2020-03-04,Humboldt,023,135768,1,1,0,1,0
2020-03-04,Imperial,025,180216,5,0,0,0,0
2020-03-04,Inyo,027,18085,0,0,0,0,0
2020-03-04,Kern,029,883053,6,0,0,0,0
2020-03-04,Kings,031,150075,1,0,1,1,0
2020-03-04,Lake,033,64148,0,0,0,0,0
2020-03-04,Lassen,035,31185,0,0,0,0,0
2020-03-04,Los Angeles,037,10098052,185,7,10,17,0
2020-03-04,Madera,039,155013,5,0,0,0,0
2020-03-04,Marin,041,260295,10,0,0,0,0
2020-03-04,Mariposa,043,17540,0,0,0,0,0
2020-03-04,Mendocino,045,87422,0,0,0,0,0
2020-03-04,Merced,047,269075,2,0,0,0,0
2020-03-04,Modoc,049,8938,0,0,0,0,0
2020-03-04,Mono,051,14174,1,0,0,0,0
2020-03-04,Monterey,053,433212,1,0,0,0,0
2020-03-04,Napa,055,140530,1,0,0,0,0
2020-03-04,Nevada,057,99092,0,0,1,1,0
2020-03-04,Orange,059,3164182,80,3,0,3,0
2020-03-04,Placer,061,380077,9,2,0,2,1
2020-03-04,Plumas,063,18699,0,0,0,0,0
2020-03-04,Riverside,065,2383286,23,0,1,1,0
2020-03-04,Sacramento,067,1510023,32,1,0,1,0
2020-03-04,San Benito,069,59416,1,2,0,2,0
2020-03-04,San Bernardino,071,2135413,29,0,0,0,0
2020-03-04,San Diego,073,3302833,41,2,0,2,0
2020-03-04,San Francisco,075,870044,25,0,0,0,0
2020-03-04,San Joaquin,077,732212,9,0,3,3,0
2020-03-04,San Luis Obispo,079,281455,4,0,0,0,0
2020-03-04,San Mateo,081,765935,60,1,0,1,0
2020-03-04,Santa Barbara,083,443738,2,0,0,0,0
2020-03-04,Santa Clara,085,1922200,145,12,1,13,0
2020-03-04,Santa Cruz,087,273765,13,0,0,0,0
2020-03-04,Shasta,089,179085,2,0,0,0,0
2020-03-04,Sierra,091,2930,0,0,0,0,0
2020-03-04,Siskiyou,093,43540,0,0,0,0,0
2020-03-04,Solano,095,438530,21,24,0,24,0
2020-03-04,Sonoma,097,501317,11,2,0,2,0
2020-03-04,Stanislaus,099,539301,4,0,2,2,0
2020-03-04,Sutter,101,95872,0,0,0,0,0
2020-03-04,Tehama,103,63373,0,0,0,0,0
2020-03-04,Trinity,105,12862,0,0,0,0,0
2020-03-04,Tulare,107,460477,6,0,0,0,0
2020-03-04,Tuolumne,109,53932,0,0,0,0,0
2020-03-04,Ventura,111,848112,12,0,0,0,0
2020-03-04,Yolo,113,214977,3,0,0,0,0
2020-03-04,Yuba,115,75493,0,0,0,0,0
2020-03-03,Alameda,001,1643700,24,2,0,2,0
2020-03-03,Alpine,003,1148,0,0,0,0,0
2020-03-03,Amador,005,37829,0,0,0,0,0
2020-03-03,Butte,007,227075,0,0,0,0,0
2020-03-03,Calaveras,009,45235,0,0,0,0,0
2020-03-03,Colusa,011,21464,0,0,0,0,0
2020-03-03,Contra Costa,013,1133247,30,0,0,0,0
2020-03-03,Del Norte,015,27424,0,0,0,0,0
2020-03-03,El Dorado,017,186661,1,0,0,0,0
2020-03-03,Fresno,019,978130,1,0,1,1,0
2020-03-03,Glenn,021,27897,0,0,0,0,0
2020-03-03,Humboldt,023,135768,1,1,0,1,0
2020-03-03,Imperial,025,180216,5,0,0,0,0
2020-03-03,Inyo,027,18085,0,0,0,0,0
2020-03-03,Kern,029,883053,4,0,0,0,0
2020-03-03,Kings,031,150075,1,0,1,1,0
2020-03-03,Lake,033,64148,0,0,0,0,0
2020-03-03,Lassen,035,31185,0,0,0,0,0
2020-03-03,Los Angeles,037,10098052,166,5,10,15,0
2020-03-03,Madera,039,155013,4,0,0,0,0
2020-03-03,Marin,041,260295,6,0,0,0,0
2020-03-03,Mariposa,043,17540,0,0,0,0,0
2020-03-03,Mendocino,045,87422,0,0,0,0,0
2020-03-03,Merced,047,269075,2,0,0,0,0
2020-03-03,Modoc,049,8938,0,0,0,0,0
2020-03-03,Mono,051,14174,1,0,0,0,0
2020-03-03,Monterey,053,433212,0,0,0,0,0
2020-03-03,Napa,055,140530,1,0,0,0,0
2020-03-03,Nevada,057,99092,0,0,1,1,0
2020-03-03,Orange,059,3164182,72,1,0,1,0
2020-03-03,Placer,061,380077,8,2,0,2,0
2020-03-03,Plumas,063,18699,0,0,0,0,0
2020-03-03,Riverside,065,2383286,20,0,1,1,0
2020-03-03,Sacramento,067,1510023,31,1,0,1,0
2020-03-03,San Benito,069,59416,1,2,0,2,0
2020-03-03,San Bernardino,071,2135413,26,0,0,0,0
2020-03-03,San Diego,073,3302833,34,2,0,2,0
2020-03-03,San Francisco,075,870044,23,0,0,0,0
2020-03-03,San Joaquin,077,732212,8,0,3,3,0
2020-03-03,San Luis Obispo,079,281455,2,0,0,0,0
2020-03-03,San Mateo,081,765935,53,1,0,1,0
2020-03-03,Santa Barbara,083,443738,1,0,0,0,0
2020-03-03,Santa Clara,085,1922200,130,11,1,12,0
2020-03-03,Santa Cruz,087,273765,10,0,0,0,0
2020-03-03,Shasta,089,179085,2,0,0,0,0
2020-03-03,Sierra,091,2930,0,0,0,0,0
2020-03-03,Siskiyou,093,43540,0,0,0,0,0
2020-03-03,Solano,095,438530,20,24,0,24,0
2020-03-03,Sonoma,097,501317,11,1,0,1,0
2020-03-03,Stanislaus,099,539301,4,0,2,2,0
2020-03-03,Sutter,101,95872,0,0,0,0,0
2020-03-03,Tehama,103,63373,0,0,0,0,0
2020-03-03,Trinity,105,12862,0,0,0,0,0
2020-03-03,Tulare,107,460477,6,0,0,0,0
2020-03-03,Tuolumne,109,53932,0,0,0,0,0
2020-03-03,Ventura,111,848112,11,0,0,0,0
2020-03-03,Yolo,113,214977,2,0,0,0,0
2020-03-03,Yuba,115,75493,0,0,0,0,0
2020-03-02,Alameda,001,1643700,21,1,0,1,0
2020-03-02,Alpine,003,1148,0,0,0,0,0
2020-03-02,Amador,005,37829,0,0,0,0,0
2020-03-02,Butte,007,227075,0,0,0,0,0
2020-03-02,Calaveras,009,45235,0,0,0,0,0
2020-03-02,Colusa,011,21464,0,0,0,0,0
2020-03-02,Contra Costa,013,1133247,27,0,0,0,0
2020-03-02,Del Norte,015,27424,0,0,0,0,0
2020-03-02,El Dorado,017,186661,1,0,0,0,0
2020-03-02,Fresno,019,978130,1,0,1,1,0
2020-03-02,Glenn,021,27897,0,0,0,0,0
2020-03-02,Humboldt,023,135768,1,1,0,1,0
2020-03-02,Imperial,025,180216,5,0,0,0,0
2020-03-02,Inyo,027,18085,0,0,0,0,0
2020-03-02,Kern,029,883053,4,0,0,0,0
2020-03-02,Kings,031,150075,1,0,1,1,0
2020-03-02,Lake,033,64148,0,0,0,0,0
2020-03-02,Lassen,035,31185,0,0,0,0,0
2020-03-02,Los Angeles,037,10098052,151,1,10,11,0
2020-03-02,Madera,039,155013,4,0,0,0,0
2020-03-02,Marin,041,260295,6,0,0,0,0
2020-03-02,Mariposa,043,17540,0,0,0,0,0
2020-03-02,Mendocino,045,87422,0,0,0,0,0
2020-03-02,Merced,047,269075,1,0,0,0,0
2020-03-02,Modoc,049,8938,0,0,0,0,0
2020-03-02,Mono,051,14174,1,0,0,0,0
2020-03-02,Monterey,053,433212,0,0,0,0,0
2020-03-02,Napa,055,140530,1,0,0,0,0
2020-03-02,Nevada,057,99092,0,0,1,1,0
2020-03-02,Orange,059,3164182,67,1,0,1,0
2020-03-02,Placer,061,380077,8,1,0,1,0
2020-03-02,Plumas,063,18699,0,0,0,0,0
2020-03-02,Riverside,065,2383286,19,0,1,1,0
2020-03-02,Sacramento,067,1510023,25,1,0,1,0
2020-03-02,San Benito,069,59416,1,2,0,2,0
2020-03-02,San Bernardino,071,2135413,26,0,0,0,0
2020-03-02,San Diego,073,3302833,28,2,0,2,0
2020-03-02,San Francisco,075,870044,17,0,0,0,0
2020-03-02,San Joaquin,077,732212,7,0,3,3,0
2020-03-02,San Luis Obispo,079,281455,2,0,0,0,0
2020-03-02,San Mateo,081,765935,44,1,0,1,0
2020-03-02,Santa Barbara,083,443738,1,0,0,0,0
2020-03-02,Santa Clara,085,1922200,108,7,1,8,0
2020-03-02,Santa Cruz,087,273765,9,0,0,0,0
2020-03-02,Shasta,089,179085,2,0,0,0,0
2020-03-02,Sierra,091,2930,0,0,0,0,0
2020-03-02,Siskiyou,093,43540,0,0,0,0,0
2020-03-02,Solano,095,438530,19,24,0,24,0
2020-03-02,Sonoma,097,501317,10,1,0,1,0
2020-03-02,Stanislaus,099,539301,2,0,2,2,0
2020-03-02,Sutter,101,95872,0,0,0,0,0
2020-03-02,Tehama,103,63373,0,0,0,0,0
2020-03-02,Trinity,105,12862,0,0,0,0,0
2020-03-02,Tulare,107,460477,6,0,0,0,0
2020-03-02,Tuolumne,109,53932,0,0,0,0,0
2020-03-02,Ventura,111,848112,10,0,0,0,0
2020-03-02,Yolo,113,214977,2,0,0,0,0
2020-03-02,Yuba,115,75493,0,0,0,0,0
2020-03-01,Alameda,001,1643700,20,1,0,1,0
2020-03-01,Alpine,003,1148,0,0,0,0,0
2020-03-01,Amador,005,37829,0,0,0,0,0
2020-03-01,Butte,007,227075,0,0,0,0,0
2020-03-01,Calaveras,009,45235,0,0,0,0,0
2020-03-01,Colusa,011,21464,0,0,0,0,0
2020-03-01,Contra Costa,013,1133247,24,0,0,0,0
2020-03-01,Del Norte,015,27424,0,0,0,0,0
2020-03-01,El Dorado,017,186661,1,0,0,0,0
2020-03-01,Fresno,019,978130,0,0,1,1,0
2020-03-01,Glenn,021,27897,0,0,0,0,0
2020-03-01,Humboldt,023,135768,1,1,0,1,0
2020-03-01,Imperial,025,180216,5,0,0,0,0
2020-03-01,Inyo,027,18085,0,0,0,0,0
2020-03-01,Kern,029,883053,2,0,0,0,0
2020-03-01,Kings,031,150075,1,0,1,1,0
2020-03-01,Lake,033,64148,0,0,0,0,0
2020-03-01,Lassen,035,31185,0,0,0,0,0
2020-03-01,Los Angeles,037,10098052,132,1,10,11,0
2020-03-01,Madera,039,155013,2,0,0,0,0
2020-03-01,Marin,041,260295,5,0,0,0,0
2020-03-01,Mariposa,043,17540,0,0,0,0,0
2020-03-01,Mendocino,045,87422,0,0,0,0,0
2020-03-01,Merced,047,269075,1,0,0,0,0
2020-03-01,Modoc,049,8938,0,0,0,0,0
2020-03-01,Mono,051,14174,1,0,0,0,0
2020-03-01,Monterey,053,433212,0,0,0,0,0
2020-03-01,Napa,055,140530,1,0,0,0,0
2020-03-01,Nevada,057,99092,0,0,1,1,0
2020-03-01,Orange,059,3164182,64,1,0,1,0
2020-03-01,Placer,061,380077,8,0,0,0,0
2020-03-01,Plumas,063,18699,0,0,0,0,0
2020-03-01,Riverside,065,2383286,18,0,1,1,0
2020-03-01,Sacramento,067,1510023,21,1,0,1,0
2020-03-01,San Benito,069,59416,0,2,0,2,0
2020-03-01,San Bernardino,071,2135413,24,0,0,0,0
2020-03-01,San Diego,073,3302833,21,2,0,2,0
2020-03-01,San Francisco,075,870044,13,0,0,0,0
2020-03-01,San Joaquin,077,732212,7,0,3,3,0
2020-03-01,San Luis Obispo,079,281455,2,0,0,0,0
2020-03-01,San Mateo,081,765935,36,0,0,0,0
2020-03-01,Santa Barbara,083,443738,1,0,0,0,0
2020-03-01,Santa Clara,085,1922200,95,6,1,7,0
2020-03-01,Santa Cruz,087,273765,8,0,0,0,0
2020-03-01,Shasta,089,179085,2,0,0,0,0
2020-03-01,Sierra,091,2930,0,0,0,0,0
2020-03-01,Siskiyou,093,43540,0,0,0,0,0
2020-03-01,Solano,095,438530,19,24,0,24,0
2020-03-01,Sonoma,097,501317,9,0,0,0,0
2020-03-01,Stanislaus,099,539301,2,0,2,2,0
2020-03-01,Sutter,101,95872,0,0,0,0,0
2020-03-01,Tehama,103,63373,0,0,0,0,0
2020-03-01,Trinity,105,12862,0,0,0,0,0
2020-03-01,Tulare,107,460477,6,0,0,0,0
2020-03-01,Tuolumne,109,53932,0,0,0,0,0
2020-03-01,Ventura,111,848112,8,0,0,0,0
2020-03-01,Yolo,113,214977,2,0,0,0,0
2020-03-01,Yuba,115,75493,0,0,0,0,0
2020-02-29,Alameda,001,1643700,16,0,0,0,0
2020-02-29,Alpine,003,1148,0,0,0,0,0
2020-02-29,Amador,005,37829,0,0,0,0,0
2020-02-29,Butte,007,227075,0,0,0,0,0
2020-02-29,Calaveras,009,45235,0,0,0,0,0
2020-02-29,Colusa,011,21464,0,0,0,0,0
2020-02-29,Contra Costa,013,1133247,20,0,0,0,0
2020-02-29,Del Norte,015,27424,0,0,0,0,0
2020-02-29,El Dorado,017,186661,1,0,0,0,0
2020-02-29,Fresno,019,978130,0,0,0,0,0
2020-02-29,Glenn,021,27897,0,0,0,0,0
2020-02-29,Humboldt,023,135768,1,1,0,1,0
2020-02-29,Imperial,025,180216,3,0,0,0,0
2020-02-29,Inyo,027,18085,0,0,0,0,0
2020-02-29,Kern,029,883053,2,0,0,0,0
2020-02-29,Kings,031,150075,1,0,1,1,0
2020-02-29,Lake,033,64148,0,0,0,0,0
2020-02-29,Lassen,035,31185,0,0,0,0,0
2020-02-29,Los Angeles,037,10098052,104,1,10,11,0
2020-02-29,Madera,039,155013,2,0,0,0,0
2020-02-29,Marin,041,260295,4,0,0,0,0
2020-02-29,Mariposa,043,17540,0,0,0,0,0
2020-02-29,Mendocino,045,87422,0,0,0,0,0
2020-02-29,Merced,047,269075,1,0,0,0,0
2020-02-29,Modoc,049,8938,0,0,0,0,0
2020-02-29,Mono,051,14174,1,0,0,0,0
2020-02-29,Monterey,053,433212,0,0,0,0,0
2020-02-29,Napa,055,140530,1,0,0,0,0
2020-02-29,Nevada,057,99092,0,0,1,1,0
2020-02-29,Orange,059,3164182,59,1,0,1,0
2020-02-29,Placer,061,380077,7,0,0,0,0
2020-02-29,Plumas,063,18699,0,0,0,0,0
2020-02-29,Riverside,065,2383286,15,0,1,1,0
2020-02-29,Sacramento,067,1510023,16,1,0,1,0
2020-02-29,San Benito,069,59416,0,2,0,2,0
2020-02-29,San Bernardino,071,2135413,22,0,0,0,0
2020-02-29,San Diego,073,3302833,16,2,0,2,0
2020-02-29,San Francisco,075,870044,12,0,0,0,0
2020-02-29,San Joaquin,077,732212,6,0,3,3,0
2020-02-29,San Luis Obispo,079,281455,2,0,0,0,0
2020-02-29,San Mateo,081,765935,29,0,0,0,0
2020-02-29,Santa Barbara,083,443738,0,0,0,0,0
2020-02-29,Santa Clara,085,1922200,73,3,1,4,0
2020-02-29,Santa Cruz,087,273765,8,0,0,0,0
2020-02-29,Shasta,089,179085,2,0,0,0,0
2020-02-29,Sierra,091,2930,0,0,0,0,0
2020-02-29,Siskiyou,093,43540,0,0,0,0,0
2020-02-29,Solano,095,438530,18,23,0,23,0
2020-02-29,Sonoma,097,501317,6,0,0,0,0
2020-02-29,Stanislaus,099,539301,2,0,2,2,0
2020-02-29,Sutter,101,95872,0,0,0,0,0
2020-02-29,Tehama,103,63373,0,0,0,0,0
2020-02-29,Trinity,105,12862,0,0,0,0,0
2020-02-29,Tulare,107,460477,4,0,0,0,0
2020-02-29,Tuolumne,109,53932,0,0,0,0,0
2020-02-29,Ventura,111,848112,6,0,0,0,0
2020-02-29,Yolo,113,214977,2,0,0,0,0
2020-02-29,Yuba,115,75493,0,0,0,0,0
2020-02-28,Alameda,001,1643700,14,0,0,0,0
2020-02-28,Alpine,003,1148,0,0,0,0,0
2020-02-28,Amador,005,37829,0,0,0,0,0
2020-02-28,Butte,007,227075,0,0,0,0,0
2020-02-28,Calaveras,009,45235,0,0,0,0,0
2020-02-28,Colusa,011,21464,0,0,0,0,0
2020-02-28,Contra Costa,013,1133247,20,0,0,0,0
2020-02-28,Del Norte,015,27424,0,0,0,0,0
2020-02-28,El Dorado,017,186661,0,0,0,0,0
2020-02-28,Fresno,019,978130,0,0,0,0,0
2020-02-28,Glenn,021,27897,0,0,0,0,0
2020-02-28,Humboldt,023,135768,1,1,0,1,0
2020-02-28,Imperial,025,180216,3,0,0,0,0
2020-02-28,Inyo,027,18085,0,0,0,0,0
2020-02-28,Kern,029,883053,2,0,0,0,0
2020-02-28,Kings,031,150075,1,0,1,1,0
2020-02-28,Lake,033,64148,0,0,0,0,0
2020-02-28,Lassen,035,31185,0,0,0,0,0
2020-02-28,Los Angeles,037,10098052,96,1,10,11,0
2020-02-28,Madera,039,155013,2,0,0,0,0
2020-02-28,Marin,041,260295,2,0,0,0,0
2020-02-28,Mariposa,043,17540,0,0,0,0,0
2020-02-28,Mendocino,045,87422,0,0,0,0,0
2020-02-28,Merced,047,269075,1,0,0,0,0
2020-02-28,Modoc,049,8938,0,0,0,0,0
2020-02-28,Mono,051,14174,0,0,0,0,0
2020-02-28,Monterey,053,433212,0,0,0,0,0
2020-02-28,Napa,055,140530,1,0,0,0,0
2020-02-28,Nevada,057,99092,0,0,1,1,0
2020-02-28,Orange,059,3164182,57,1,0,1,0
2020-02-28,Placer,061,380077,7,0,0,0,0
2020-02-28,Plumas,063,18699,0,0,0,0,0
2020-02-28,Riverside,065,2383286,13,0,1,1,0
2020-02-28,Sacramento,067,1510023,10,1,0,1,0
2020-02-28,San Benito,069,59416,0,2,0,2,0
2020-02-28,San Bernardino,071,2135413,22,0,0,0,0
2020-02-28,San Diego,073,3302833,13,2,0,2,0
2020-02-28,San Francisco,075,870044,10,0,0,0,0
2020-02-28,San Joaquin,077,732212,6,0,3,3,0
2020-02-28,San Luis Obispo,079,281455,2,0,0,0,0
2020-02-28,San Mateo,081,765935,24,0,0,0,0
2020-02-28,Santa Barbara,083,443738,0,0,0,0,0
2020-02-28,Santa Clara,085,1922200,69,3,1,4,0
2020-02-28,Santa Cruz,087,273765,8,0,0,0,0
2020-02-28,Shasta,089,179085,2,0,0,0,0
2020-02-28,Sierra,091,2930,0,0,0,0,0
2020-02-28,Siskiyou,093,43540,0,0,0,0,0
2020-02-28,Solano,095,438530,17,23,0,23,0
2020-02-28,Sonoma,097,501317,6,0,0,0,0
2020-02-28,Stanislaus,099,539301,2,0,2,2,0
2020-02-28,Sutter,101,95872,0,0,0,0,0
2020-02-28,Tehama,103,63373,0,0,0,0,0
2020-02-28,Trinity,105,12862,0,0,0,0,0
2020-02-28,Tulare,107,460477,3,0,0,0,0
2020-02-28,Tuolumne,109,53932,0,0,0,0,0
2020-02-28,Ventura,111,848112,6,0,0,0,0
2020-02-28,Yolo,113,214977,2,0,0,0,0
2020-02-28,Yuba,115,75493,0,0,0,0,0
2020-02-27,Alameda,001,1643700,13,0,0,0,0
2020-02-27,Alpine,003,1148,0,0,0,0,0
2020-02-27,Amador,005,37829,0,0,0,0,0
2020-02-27,Butte,007,227075,0,0,0,0,0
2020-02-27,Calaveras,009,45235,0,0,0,0,0
2020-02-27,Colusa,011,21464,0,0,0,0,0
2020-02-27,Contra Costa,013,1133247,14,0,0,0,0
2020-02-27,Del Norte,015,27424,0,0,0,0,0
2020-02-27,El Dorado,017,186661,0,0,0,0,0
2020-02-27,Fresno,019,978130,0,0,0,0,0
2020-02-27,Glenn,021,27897,0,0,0,0,0
2020-02-27,Humboldt,023,135768,1,1,0,1,0
2020-02-27,Imperial,025,180216,3,0,0,0,0
2020-02-27,Inyo,027,18085,0,0,0,0,0
2020-02-27,Kern,029,883053,2,0,0,0,0
2020-02-27,Kings,031,150075,1,0,1,1,0
2020-02-27,Lake,033,64148,0,0,0,0,0
2020-02-27,Lassen,035,31185,0,0,0,0,0
2020-02-27,Los Angeles,037,10098052,89,1,10,11,0
2020-02-27,Madera,039,155013,2,0,0,0,0
2020-02-27,Marin,041,260295,1,0,0,0,0
2020-02-27,Mariposa,043,17540,0,0,0,0,0
2020-02-27,Mendocino,045,87422,0,0,0,0,0
2020-02-27,Merced,047,269075,1,0,0,0,0
2020-02-27,Modoc,049,8938,0,0,0,0,0
2020-02-27,Mono,051,14174,0,0,0,0,0
2020-02-27,Monterey,053,433212,0,0,0,0,0
2020-02-27,Napa,055,140530,1,0,0,0,0
2020-02-27,Nevada,057,99092,0,0,1,1,0
2020-02-27,Orange,059,3164182,51,1,0,1,0
2020-02-27,Placer,061,380077,6,0,0,0,0
2020-02-27,Plumas,063,18699,0,0,0,0,0
2020-02-27,Riverside,065,2383286,12,0,1,1,0
2020-02-27,Sacramento,067,1510023,10,1,0,1,0
2020-02-27,San Benito,069,59416,0,2,0,2,0
2020-02-27,San Bernardino,071,2135413,22,0,0,0,0
2020-02-27,San Diego,073,3302833,12,2,0,2,0
2020-02-27,San Francisco,075,870044,9,0,0,0,0
2020-02-27,San Joaquin,077,732212,5,0,3,3,0
2020-02-27,San Luis Obispo,079,281455,2,0,0,0,0
2020-02-27,San Mateo,081,765935,20,0,0,0,0
2020-02-27,Santa Barbara,083,443738,0,0,0,0,0
2020-02-27,Santa Clara,085,1922200,58,2,1,3,0
2020-02-27,Santa Cruz,087,273765,6,0,0,0,0
2020-02-27,Shasta,089,179085,0,0,0,0,0
2020-02-27,Sierra,091,2930,0,0,0,0,0
2020-02-27,Siskiyou,093,43540,0,0,0,0,0
2020-02-27,Solano,095,438530,17,23,0,23,0
2020-02-27,Sonoma,097,501317,5,0,0,0,0
2020-02-27,Stanislaus,099,539301,2,0,2,2,0
2020-02-27,Sutter,101,95872,0,0,0,0,0
2020-02-27,Tehama,103,63373,0,0,0,0,0
2020-02-27,Trinity,105,12862,0,0,0,0,0
2020-02-27,Tulare,107,460477,3,0,0,0,0
2020-02-27,Tuolumne,109,53932,0,0,0,0,0
2020-02-27,Ventura,111,848112,4,0,0,0,0
2020-02-27,Yolo,113,214977,2,0,0,0,0
2020-02-27,Yuba,115,75493,0,0,0,0,0
2020-02-26,Alameda,001,1643700,13,0,0,0,0
2020-02-26,Alpine,003,1148,0,0,0,0,0
2020-02-26,Amador,005,37829,0,0,0,0,0
2020-02-26,Butte,007,227075,0,0,0,0,0
2020-02-26,Calaveras,009,45235,0,0,0,0,0
2020-02-26,Colusa,011,21464,0,0,0,0,0
2020-02-26,Contra Costa,013,1133247,13,0,0,0,0
2020-02-26,Del Norte,015,27424,0,0,0,0,0
2020-02-26,El Dorado,017,186661,0,0,0,0,0
2020-02-26,Fresno,019,978130,0,0,0,0,0
2020-02-26,Glenn,021,27897,0,0,0,0,0
2020-02-26,Humboldt,023,135768,1,1,0,1,0
2020-02-26,Imperial,025,180216,3,0,0,0,0
2020-02-26,Inyo,027,18085,0,0,0,0,0
2020-02-26,Kern,029,883053,2,0,0,0,0
2020-02-26,Kings,031,150075,1,0,1,1,0
2020-02-26,Lake,033,64148,0,0,0,0,0
2020-02-26,Lassen,035,31185,0,0,0,0,0
2020-02-26,Los Angeles,037,10098052,84,1,10,11,0
2020-02-26,Madera,039,155013,2,0,0,0,0
2020-02-26,Marin,041,260295,1,0,0,0,0
2020-02-26,Mariposa,043,17540,0,0,0,0,0
2020-02-26,Mendocino,045,87422,0,0,0,0,0
2020-02-26,Merced,047,269075,1,0,0,0,0
2020-02-26,Modoc,049,8938,0,0,0,0,0
2020-02-26,Mono,051,14174,0,0,0,0,0
2020-02-26,Monterey,053,433212,0,0,0,0,0
2020-02-26,Napa,055,140530,0,0,0,0,0
2020-02-26,Nevada,057,99092,0,0,1,1,0
2020-02-26,Orange,059,3164182,50,1,0,1,0
2020-02-26,Placer,061,380077,5,0,0,0,0
2020-02-26,Plumas,063,18699,0,0,0,0,0
2020-02-26,Riverside,065,2383286,10,0,1,1,0
2020-02-26,Sacramento,067,1510023,10,1,0,1,0
2020-02-26,San Benito,069,59416,0,2,0,2,0
2020-02-26,San Bernardino,071,2135413,20,0,0,0,0
2020-02-26,San Diego,073,3302833,11,2,0,2,0
2020-02-26,San Francisco,075,870044,9,0,0,0,0
2020-02-26,San Joaquin,077,732212,5,0,3,3,0
2020-02-26,San Luis Obispo,079,281455,2,0,0,0,0
2020-02-26,San Mateo,081,765935,18,0,0,0,0
2020-02-26,Santa Barbara,083,443738,0,0,0,0,0
2020-02-26,Santa Clara,085,1922200,50,2,1,3,0
2020-02-26,Santa Cruz,087,273765,6,0,0,0,0
2020-02-26,Shasta,089,179085,0,0,0,0,0
2020-02-26,Sierra,091,2930,0,0,0,0,0
2020-02-26,Siskiyou,093,43540,0,0,0,0,0
2020-02-26,Solano,095,438530,17,23,0,23,0
2020-02-26,Sonoma,097,501317,5,0,0,0,0
2020-02-26,Stanislaus,099,539301,2,0,2,2,0
2020-02-26,Sutter,101,95872,0,0,0,0,0
2020-02-26,Tehama,103,63373,0,0,0,0,0
2020-02-26,Trinity,105,12862,0,0,0,0,0
2020-02-26,Tulare,107,460477,3,0,0,0,0
2020-02-26,Tuolumne,109,53932,0,0,0,0,0
2020-02-26,Ventura,111,848112,4,0,0,0,0
2020-02-26,Yolo,113,214977,2,0,0,0,0
2020-02-26,Yuba,115,75493,0,0,0,0,0
2020-02-25,Alameda,001,1643700,13,0,0,0,0
2020-02-25,Alpine,003,1148,0,0,0,0,0
2020-02-25,Amador,005,37829,0,0,0,0,0
2020-02-25,Butte,007,227075,0,0,0,0,0
2020-02-25,Calaveras,009,45235,0,0,0,0,0
2020-02-25,Colusa,011,21464,0,0,0,0,0
2020-02-25,Contra Costa,013,1133247,11,0,0,0,0
2020-02-25,Del Norte,015,27424,0,0,0,0,0
2020-02-25,El Dorado,017,186661,0,0,0,0,0
2020-02-25,Fresno,019,978130,0,0,0,0,0
2020-02-25,Glenn,021,27897,0,0,0,0,0
2020-02-25,Humboldt,023,135768,1,1,0,1,0
2020-02-25,Imperial,025,180216,3,0,0,0,0
2020-02-25,Inyo,027,18085,0,0,0,0,0
2020-02-25,Kern,029,883053,2,0,0,0,0
2020-02-25,Kings,031,150075,1,0,1,1,0
2020-02-25,Lake,033,64148,0,0,0,0,0
2020-02-25,Lassen,035,31185,0,0,0,0,0
2020-02-25,Los Angeles,037,10098052,72,1,10,11,0
2020-02-25,Madera,039,155013,2,0,0,0,0
2020-02-25,Marin,041,260295,1,0,0,0,0
2020-02-25,Mariposa,043,17540,0,0,0,0,0
2020-02-25,Mendocino,045,87422,0,0,0,0,0
2020-02-25,Merced,047,269075,0,0,0,0,0
2020-02-25,Modoc,049,8938,0,0,0,0,0
2020-02-25,Mono,051,14174,0,0,0,0,0
2020-02-25,Monterey,053,433212,0,0,0,0,0
2020-02-25,Napa,055,140530,0,0,0,0,0
2020-02-25,Nevada,057,99092,0,0,1,1,0
2020-02-25,Orange,059,3164182,49,1,0,1,0
2020-02-25,Placer,061,380077,5,0,0,0,0
2020-02-25,Plumas,063,18699,0,0,0,0,0
2020-02-25,Riverside,065,2383286,10,0,1,1,0
2020-02-25,Sacramento,067,1510023,8,1,0,1,0
2020-02-25,San Benito,069,59416,0,2,0,2,0
2020-02-25,San Bernardino,071,2135413,18,0,0,0,0
2020-02-25,San Diego,073,3302833,7,2,0,2,0
2020-02-25,San Francisco,075,870044,7,0,0,0,0
2020-02-25,San Joaquin,077,732212,5,0,2,2,0
2020-02-25,San Luis Obispo,079,281455,2,0,0,0,0
2020-02-25,San Mateo,081,765935,17,0,0,0,0
2020-02-25,Santa Barbara,083,443738,0,0,0,0,0
2020-02-25,Santa Clara,085,1922200,40,2,1,3,0
2020-02-25,Santa Cruz,087,273765,5,0,0,0,0
2020-02-25,Shasta,089,179085,0,0,0,0,0
2020-02-25,Sierra,091,2930,0,0,0,0,0
2020-02-25,Siskiyou,093,43540,0,0,0,0,0
2020-02-25,Solano,095,438530,16,21,0,21,0
2020-02-25,Sonoma,097,501317,5,0,0,0,0
2020-02-25,Stanislaus,099,539301,2,0,2,2,0
2020-02-25,Sutter,101,95872,0,0,0,0,0
2020-02-25,Tehama,103,63373,0,0,0,0,0
2020-02-25,Trinity,105,12862,0,0,0,0,0
2020-02-25,Tulare,107,460477,3,0,0,0,0
2020-02-25,Tuolumne,109,53932,0,0,0,0,0
2020-02-25,Ventura,111,848112,4,0,0,0,0
2020-02-25,Yolo,113,214977,2,0,0,0,0
2020-02-25,Yuba,115,75493,0,0,0,0,0
2020-02-24,Alameda,001,1643700,13,0,0,0,0
2020-02-24,Alpine,003,1148,0,0,0,0,0
2020-02-24,Amador,005,37829,0,0,0,0,0
2020-02-24,Butte,007,227075,0,0,0,0,0
2020-02-24,Calaveras,009,45235,0,0,0,0,0
2020-02-24,Colusa,011,21464,0,0,0,0,0
2020-02-24,Contra Costa,013,1133247,9,0,0,0,0
2020-02-24,Del Norte,015,27424,0,0,0,0,0
2020-02-24,El Dorado,017,186661,0,0,0,0,0
2020-02-24,Fresno,019,978130,0,0,0,0,0
2020-02-24,Glenn,021,27897,0,0,0,0,0
2020-02-24,Humboldt,023,135768,1,1,0,1,0
2020-02-24,Imperial,025,180216,3,0,0,0,0
2020-02-24,Inyo,027,18085,0,0,0,0,0
2020-02-24,Kern,029,883053,2,0,0,0,0
2020-02-24,Kings,031,150075,1,0,1,1,0
2020-02-24,Lake,033,64148,0,0,0,0,0
2020-02-24,Lassen,035,31185,0,0,0,0,0
2020-02-24,Los Angeles,037,10098052,66,1,10,11,0
2020-02-24,Madera,039,155013,1,0,0,0,0
2020-02-24,Marin,041,260295,1,0,0,0,0
2020-02-24,Mariposa,043,17540,0,0,0,0,0
2020-02-24,Mendocino,045,87422,0,0,0,0,0
2020-02-24,Merced,047,269075,0,0,0,0,0
2020-02-24,Modoc,049,8938,0,0,0,0,0
2020-02-24,Mono,051,14174,0,0,0,0,0
2020-02-24,Monterey,053,433212,0,0,0,0,0
2020-02-24,Napa,055,140530,0,0,0,0,0
2020-02-24,Nevada,057,99092,0,0,1,1,0
2020-02-24,Orange,059,3164182,47,1,0,1,0
2020-02-24,Placer,061,380077,3,0,0,0,0
2020-02-24,Plumas,063,18699,0,0,0,0,0
2020-02-24,Riverside,065,2383286,9,0,1,1,0
2020-02-24,Sacramento,067,1510023,7,1,0,1,0
2020-02-24,San Benito,069,59416,0,2,0,2,0
2020-02-24,San Bernardino,071,2135413,18,0,0,0,0
2020-02-24,San Diego,073,3302833,7,2,0,2,0
2020-02-24,San Francisco,075,870044,6,0,0,0,0
2020-02-24,San Joaquin,077,732212,5,0,1,1,0
2020-02-24,San Luis Obispo,079,281455,2,0,0,0,0
2020-02-24,San Mateo,081,765935,13,0,0,0,0
2020-02-24,Santa Barbara,083,443738,0,0,0,0,0
2020-02-24,Santa Clara,085,1922200,38,2,1,3,0
2020-02-24,Santa Cruz,087,273765,5,0,0,0,0
2020-02-24,Shasta,089,179085,0,0,0,0,0
2020-02-24,Sierra,091,2930,0,0,0,0,0
2020-02-24,Siskiyou,093,43540,0,0,0,0,0
2020-02-24,Solano,095,438530,13,15,0,15,0
2020-02-24,Sonoma,097,501317,5,0,0,0,0
2020-02-24,Stanislaus,099,539301,2,0,2,2,0
2020-02-24,Sutter,101,95872,0,0,0,0,0
2020-02-24,Tehama,103,63373,0,0,0,0,0
2020-02-24,Trinity,105,12862,0,0,0,0,0
2020-02-24,Tulare,107,460477,3,0,0,0,0
2020-02-24,Tuolumne,109,53932,0,0,0,0,0
2020-02-24,Ventura,111,848112,4,0,0,0,0
2020-02-24,Yolo,113,214977,2,0,0,0,0
2020-02-24,Yuba,115,75493,0,0,0,0,0
2020-02-23,Alameda,001,1643700,11,0,0,0,0
2020-02-23,Alpine,003,1148,0,0,0,0,0
2020-02-23,Amador,005,37829,0,0,0,0,0
2020-02-23,Butte,007,227075,0,0,0,0,0
2020-02-23,Calaveras,009,45235,0,0,0,0,0
2020-02-23,Colusa,011,21464,0,0,0,0,0
2020-02-23,Contra Costa,013,1133247,6,0,0,0,0
2020-02-23,Del Norte,015,27424,0,0,0,0,0
2020-02-23,El Dorado,017,186661,0,0,0,0,0
2020-02-23,Fresno,019,978130,0,0,0,0,0
2020-02-23,Glenn,021,27897,0,0,0,0,0
2020-02-23,Humboldt,023,135768,1,1,0,1,0
2020-02-23,Imperial,025,180216,3,0,0,0,0
2020-02-23,Inyo,027,18085,0,0,0,0,0
2020-02-23,Kern,029,883053,2,0,0,0,0
2020-02-23,Kings,031,150075,1,0,1,1,0
2020-02-23,Lake,033,64148,0,0,0,0,0
2020-02-23,Lassen,035,31185,0,0,0,0,0
2020-02-23,Los Angeles,037,10098052,58,1,10,11,0
2020-02-23,Madera,039,155013,1,0,0,0,0
2020-02-23,Marin,041,260295,1,0,0,0,0
2020-02-23,Mariposa,043,17540,0,0,0,0,0
2020-02-23,Mendocino,045,87422,0,0,0,0,0
2020-02-23,Merced,047,269075,0,0,0,0,0
2020-02-23,Modoc,049,8938,0,0,0,0,0
2020-02-23,Mono,051,14174,0,0,0,0,0
2020-02-23,Monterey,053,433212,0,0,0,0,0
2020-02-23,Napa,055,140530,0,0,0,0,0
2020-02-23,Nevada,057,99092,0,0,1,1,0
2020-02-23,Orange,059,3164182,47,1,0,1,0
2020-02-23,Placer,061,380077,3,0,0,0,0
2020-02-23,Plumas,063,18699,0,0,0,0,0
2020-02-23,Riverside,065,2383286,9,0,0,0,0
2020-02-23,Sacramento,067,1510023,6,1,0,1,0
2020-02-23,San Benito,069,59416,0,2,0,2,0
2020-02-23,San Bernardino,071,2135413,17,0,0,0,0
2020-02-23,San Diego,073,3302833,6,2,0,2,0
2020-02-23,San Francisco,075,870044,5,0,0,0,0
2020-02-23,San Joaquin,077,732212,4,0,1,1,0
2020-02-23,San Luis Obispo,079,281455,2,0,0,0,0
2020-02-23,San Mateo,081,765935,10,0,0,0,0
2020-02-23,Santa Barbara,083,443738,0,0,0,0,0
2020-02-23,Santa Clara,085,1922200,26,2,1,3,0
2020-02-23,Santa Cruz,087,273765,2,0,0,0,0
2020-02-23,Shasta,089,179085,0,0,0,0,0
2020-02-23,Sierra,091,2930,0,0,0,0,0
2020-02-23,Siskiyou,093,43540,0,0,0,0,0
2020-02-23,Solano,095,438530,11,15,0,15,0
2020-02-23,Sonoma,097,501317,5,0,0,0,0
2020-02-23,Stanislaus,099,539301,2,0,2,2,0
2020-02-23,Sutter,101,95872,0,0,0,0,0
2020-02-23,Tehama,103,63373,0,0,0,0,0
2020-02-23,Trinity,105,12862,0,0,0,0,0
2020-02-23,Tulare,107,460477,2,0,0,0,0
2020-02-23,Tuolumne,109,53932,0,0,0,0,0
2020-02-23,Ventura,111,848112,4,0,0,0,0
2020-02-23,Yolo,113,214977,2,0,0,0,0
2020-02-23,Yuba,115,75493,0,0,0,0,0
2020-02-22,Alameda,001,1643700,10,0,0,0,0
2020-02-22,Alpine,003,1148,0,0,0,0,0
2020-02-22,Amador,005,37829,0,0,0,0,0
2020-02-22,Butte,007,227075,0,0,0,0,0
2020-02-22,Calaveras,009,45235,0,0,0,0,0
2020-02-22,Colusa,011,21464,0,0,0,0,0
2020-02-22,Contra Costa,013,1133247,5,0,0,0,0
2020-02-22,Del Norte,015,27424,0,0,0,0,0
2020-02-22,El Dorado,017,186661,0,0,0,0,0
2020-02-22,Fresno,019,978130,0,0,0,0,0
2020-02-22,Glenn,021,27897,0,0,0,0,0
2020-02-22,Humboldt,023,135768,1,1,0,1,0
2020-02-22,Imperial,025,180216,2,0,0,0,0
2020-02-22,Inyo,027,18085,0,0,0,0,0
2020-02-22,Kern,029,883053,2,0,0,0,0
2020-02-22,Kings,031,150075,1,0,1,1,0
2020-02-22,Lake,033,64148,0,0,0,0,0
2020-02-22,Lassen,035,31185,0,0,0,0,0
2020-02-22,Los Angeles,037,10098052,56,1,10,11,0
2020-02-22,Madera,039,155013,0,0,0,0,0
2020-02-22,Marin,041,260295,1,0,0,0,0
2020-02-22,Mariposa,043,17540,0,0,0,0,0
2020-02-22,Mendocino,045,87422,0,0,0,0,0
2020-02-22,Merced,047,269075,0,0,0,0,0
2020-02-22,Modoc,049,8938,0,0,0,0,0
2020-02-22,Mono,051,14174,0,0,0,0,0
2020-02-22,Monterey,053,433212,0,0,0,0,0
2020-02-22,Napa,055,140530,0,0,0,0,0
2020-02-22,Nevada,057,99092,0,0,1,1,0
2020-02-22,Orange,059,3164182,46,1,0,1,0
2020-02-22,Placer,061,380077,3,0,0,0,0
2020-02-22,Plumas,063,18699,0,0,0,0,0
2020-02-22,Riverside,065,2383286,9,0,0,0,0
2020-02-22,Sacramento,067,1510023,6,1,0,1,0
2020-02-22,San Benito,069,59416,0,2,0,2,0
2020-02-22,San Bernardino,071,2135413,15,0,0,0,0
2020-02-22,San Diego,073,3302833,5,2,0,2,0
2020-02-22,San Francisco,075,870044,3,0,0,0,0
2020-02-22,San Joaquin,077,732212,4,0,1,1,0
2020-02-22,San Luis Obispo,079,281455,2,0,0,0,0
2020-02-22,San Mateo,081,765935,8,0,0,0,0
2020-02-22,Santa Barbara,083,443738,0,0,0,0,0
2020-02-22,Santa Clara,085,1922200,23,2,1,3,0
2020-02-22,Santa Cruz,087,273765,2,0,0,0,0
2020-02-22,Shasta,089,179085,0,0,0,0,0
2020-02-22,Sierra,091,2930,0,0,0,0,0
2020-02-22,Siskiyou,093,43540,0,0,0,0,0
2020-02-22,Solano,095,438530,11,11,0,11,0
2020-02-22,Sonoma,097,501317,4,0,0,0,0
2020-02-22,Stanislaus,099,539301,2,0,2,2,0
2020-02-22,Sutter,101,95872,0,0,0,0,0
2020-02-22,Tehama,103,63373,0,0,0,0,0
2020-02-22,Trinity,105,12862,0,0,0,0,0
2020-02-22,Tulare,107,460477,2,0,0,0,0
2020-02-22,Tuolumne,109,53932,0,0,0,0,0
2020-02-22,Ventura,111,848112,4,0,0,0,0
2020-02-22,Yolo,113,214977,1,0,0,0,0
2020-02-22,Yuba,115,75493,0,0,0,0,0
2020-02-21,Alameda,001,1643700,9,0,0,0,0
2020-02-21,Alpine,003,1148,0,0,0,0,0
2020-02-21,Amador,005,37829,0,0,0,0,0
2020-02-21,Butte,007,227075,0,0,0,0,0
2020-02-21,Calaveras,009,45235,0,0,0,0,0
2020-02-21,Colusa,011,21464,0,0,0,0,0
2020-02-21,Contra Costa,013,1133247,4,0,0,0,0
2020-02-21,Del Norte,015,27424,0,0,0,0,0
2020-02-21,El Dorado,017,186661,0,0,0,0,0
2020-02-21,Fresno,019,978130,0,0,0,0,0
2020-02-21,Glenn,021,27897,0,0,0,0,0
2020-02-21,Humboldt,023,135768,1,1,0,1,0
2020-02-21,Imperial,025,180216,2,0,0,0,0
2020-02-21,Inyo,027,18085,0,0,0,0,0
2020-02-21,Kern,029,883053,2,0,0,0,0
2020-02-21,Kings,031,150075,1,0,1,1,0
2020-02-21,Lake,033,64148,0,0,0,0,0
2020-02-21,Lassen,035,31185,0,0,0,0,0
2020-02-21,Los Angeles,037,10098052,52,1,10,11,0
2020-02-21,Madera,039,155013,0,0,0,0,0
2020-02-21,Marin,041,260295,1,0,0,0,0
2020-02-21,Mariposa,043,17540,0,0,0,0,0
2020-02-21,Mendocino,045,87422,0,0,0,0,0
2020-02-21,Merced,047,269075,0,0,0,0,0
2020-02-21,Modoc,049,8938,0,0,0,0,0
2020-02-21,Mono,051,14174,0,0,0,0,0
2020-02-21,Monterey,053,433212,0,0,0,0,0
2020-02-21,Napa,055,140530,0,0,0,0,0
2020-02-21,Nevada,057,99092,0,0,1,1,0
2020-02-21,Orange,059,3164182,44,1,0,1,0
2020-02-21,Placer,061,380077,2,0,0,0,0
2020-02-21,Plumas,063,18699,0,0,0,0,0
2020-02-21,Riverside,065,2383286,9,0,0,0,0
2020-02-21,Sacramento,067,1510023,5,1,0,1,0
2020-02-21,San Benito,069,59416,0,2,0,2,0
2020-02-21,San Bernardino,071,2135413,14,0,0,0,0
2020-02-21,San Diego,073,3302833,5,2,0,2,0
2020-02-21,San Francisco,075,870044,3,0,0,0,0
2020-02-21,San Joaquin,077,732212,2,0,1,1,0
2020-02-21,San Luis Obispo,079,281455,2,0,0,0,0
2020-02-21,San Mateo,081,765935,8,0,0,0,0
2020-02-21,Santa Barbara,083,443738,0,0,0,0,0
2020-02-21,Santa Clara,085,1922200,21,2,1,3,0
2020-02-21,Santa Cruz,087,273765,2,0,0,0,0
2020-02-21,Shasta,089,179085,0,0,0,0,0
2020-02-21,Sierra,091,2930,0,0,0,0,0
2020-02-21,Siskiyou,093,43540,0,0,0,0,0
2020-02-21,Solano,095,438530,10,11,0,11,0
2020-02-21,Sonoma,097,501317,3,0,0,0,0
2020-02-21,Stanislaus,099,539301,2,0,2,2,0
2020-02-21,Sutter,101,95872,0,0,0,0,0
2020-02-21,Tehama,103,63373,0,0,0,0,0
2020-02-21,Trinity,105,12862,0,0,0,0,0
2020-02-21,Tulare,107,460477,2,0,0,0,0
2020-02-21,Tuolumne,109,53932,0,0,0,0,0
2020-02-21,Ventura,111,848112,4,0,0,0,0
2020-02-21,Yolo,113,214977,1,0,0,0,0
2020-02-21,Yuba,115,75493,0,0,0,0,0
2020-02-20,Alameda,001,1643700,7,0,0,0,0
2020-02-20,Alpine,003,1148,0,0,0,0,0
2020-02-20,Amador,005,37829,0,0,0,0,0
2020-02-20,Butte,007,227075,0,0,0,0,0
2020-02-20,Calaveras,009,45235,0,0,0,0,0
2020-02-20,Colusa,011,21464,0,0,0,0,0
2020-02-20,Contra Costa,013,1133247,3,0,0,0,0
2020-02-20,Del Norte,015,27424,0,0,0,0,0
2020-02-20,El Dorado,017,186661,0,0,0,0,0
2020-02-20,Fresno,019,978130,0,0,0,0,0
2020-02-20,Glenn,021,27897,0,0,0,0,0
2020-02-20,Humboldt,023,135768,1,1,0,1,0
2020-02-20,Imperial,025,180216,2,0,0,0,0
2020-02-20,Inyo,027,18085,0,0,0,0,0
2020-02-20,Kern,029,883053,2,0,0,0,0
2020-02-20,Kings,031,150075,1,0,1,1,0
2020-02-20,Lake,033,64148,0,0,0,0,0
2020-02-20,Lassen,035,31185,0,0,0,0,0
2020-02-20,Los Angeles,037,10098052,51,1,9,10,0
2020-02-20,Madera,039,155013,0,0,0,0,0
2020-02-20,Marin,041,260295,0,0,0,0,0
2020-02-20,Mariposa,043,17540,0,0,0,0,0
2020-02-20,Mendocino,045,87422,0,0,0,0,0
2020-02-20,Merced,047,269075,0,0,0,0,0
2020-02-20,Modoc,049,8938,0,0,0,0,0
2020-02-20,Mono,051,14174,0,0,0,0,0
2020-02-20,Monterey,053,433212,0,0,0,0,0
2020-02-20,Napa,055,140530,0,0,0,0,0
2020-02-20,Nevada,057,99092,0,0,1,1,0
2020-02-20,Orange,059,3164182,44,1,0,1,0
2020-02-20,Placer,061,380077,2,0,0,0,0
2020-02-20,Plumas,063,18699,0,0,0,0,0
2020-02-20,Riverside,065,2383286,7,0,0,0,0
2020-02-20,Sacramento,067,1510023,2,1,0,1,0
2020-02-20,San Benito,069,59416,0,2,0,2,0
2020-02-20,San Bernardino,071,2135413,13,0,0,0,0
2020-02-20,San Diego,073,3302833,5,2,0,2,0
2020-02-20,San Francisco,075,870044,3,0,0,0,0
2020-02-20,San Joaquin,077,732212,2,0,1,1,0
2020-02-20,San Luis Obispo,079,281455,2,0,0,0,0
2020-02-20,San Mateo,081,765935,7,0,0,0,0
2020-02-20,Santa Barbara,083,443738,0,0,0,0,0
2020-02-20,Santa Clara,085,1922200,17,2,1,3,0
2020-02-20,Santa Cruz,087,273765,2,0,0,0,0
2020-02-20,Shasta,089,179085,0,0,0,0,0
2020-02-20,Sierra,091,2930,0,0,0,0,0
2020-02-20,Siskiyou,093,43540,0,0,0,0,0
2020-02-20,Solano,095,438530,8,7,0,7,0
2020-02-20,Sonoma,097,501317,2,0,0,0,0
2020-02-20,Stanislaus,099,539301,2,0,2,2,0
2020-02-20,Sutter,101,95872,0,0,0,0,0
2020-02-20,Tehama,103,63373,0,0,0,0,0
2020-02-20,Trinity,105,12862,0,0,0,0,0
2020-02-20,Tulare,107,460477,2,0,0,0,0
2020-02-20,Tuolumne,109,53932,0,0,0,0,0
2020-02-20,Ventura,111,848112,4,0,0,0,0
2020-02-20,Yolo,113,214977,1,0,0,0,0
2020-02-20,Yuba,115,75493,0,0,0,0,0
2020-02-19,Alameda,001,1643700,6,0,0,0,0
2020-02-19,Alpine,003,1148,0,0,0,0,0
2020-02-19,Amador,005,37829,0,0,0,0,0
2020-02-19,Butte,007,227075,0,0,0,0,0
2020-02-19,Calaveras,009,45235,0,0,0,0,0
2020-02-19,Colusa,011,21464,0,0,0,0,0
2020-02-19,Contra Costa,013,1133247,3,0,0,0,0
2020-02-19,Del Norte,015,27424,0,0,0,0,0
2020-02-19,El Dorado,017,186661,0,0,0,0,0
2020-02-19,Fresno,019,978130,0,0,0,0,0
2020-02-19,Glenn,021,27897,0,0,0,0,0
2020-02-19,Humboldt,023,135768,1,0,0,0,0
2020-02-19,Imperial,025,180216,2,0,0,0,0
2020-02-19,Inyo,027,18085,0,0,0,0,0
2020-02-19,Kern,029,883053,2,0,0,0,0
2020-02-19,Kings,031,150075,1,0,1,1,0
2020-02-19,Lake,033,64148,0,0,0,0,0
2020-02-19,Lassen,035,31185,0,0,0,0,0
2020-02-19,Los Angeles,037,10098052,48,1,9,10,0
2020-02-19,Madera,039,155013,0,0,0,0,0
2020-02-19,Marin,041,260295,0,0,0,0,0
2020-02-19,Mariposa,043,17540,0,0,0,0,0
2020-02-19,Mendocino,045,87422,0,0,0,0,0
2020-02-19,Merced,047,269075,0,0,0,0,0
2020-02-19,Modoc,049,8938,0,0,0,0,0
2020-02-19,Mono,051,14174,0,0,0,0,0
2020-02-19,Monterey,053,433212,0,0,0,0,0
2020-02-19,Napa,055,140530,0,0,0,0,0
2020-02-19,Nevada,057,99092,0,0,1,1,0
2020-02-19,Orange,059,3164182,43,1,0,1,0
2020-02-19,Placer,061,380077,2,0,0,0,0
2020-02-19,Plumas,063,18699,0,0,0,0,0
2020-02-19,Riverside,065,2383286,5,0,0,0,0
2020-02-19,Sacramento,067,1510023,2,0,0,0,0
2020-02-19,San Benito,069,59416,0,2,0,2,0
2020-02-19,San Bernardino,071,2135413,12,0,0,0,0
2020-02-19,San Diego,073,3302833,4,2,0,2,0
2020-02-19,San Francisco,075,870044,2,0,0,0,0
2020-02-19,San Joaquin,077,732212,2,0,1,1,0
2020-02-19,San Luis Obispo,079,281455,2,0,0,0,0
2020-02-19,San Mateo,081,765935,6,0,0,0,0
2020-02-19,Santa Barbara,083,443738,0,0,0,0,0
2020-02-19,Santa Clara,085,1922200,15,2,1,3,0
2020-02-19,Santa Cruz,087,273765,0,0,0,0,0
2020-02-19,Shasta,089,179085,0,0,0,0,0
2020-02-19,Sierra,091,2930,0,0,0,0,0
2020-02-19,Siskiyou,093,43540,0,0,0,0,0
2020-02-19,Solano,095,438530,5,7,0,7,0
2020-02-19,Sonoma,097,501317,2,0,0,0,0
2020-02-19,Stanislaus,099,539301,1,0,2,2,0
2020-02-19,Sutter,101,95872,0,0,0,0,0
2020-02-19,Tehama,103,63373,0,0,0,0,0
2020-02-19,Trinity,105,12862,0,0,0,0,0
2020-02-19,Tulare,107,460477,2,0,0,0,0
2020-02-19,Tuolumne,109,53932,0,0,0,0,0
2020-02-19,Ventura,111,848112,2,0,0,0,0
2020-02-19,Yolo,113,214977,1,0,0,0,0
2020-02-19,Yuba,115,75493,0,0,0,0,0
2020-02-18,Alameda,001,1643700,6,0,0,0,0
2020-02-18,Alpine,003,1148,0,0,0,0,0
2020-02-18,Amador,005,37829,0,0,0,0,0
2020-02-18,Butte,007,227075,0,0,0,0,0
2020-02-18,Calaveras,009,45235,0,0,0,0,0
2020-02-18,Colusa,011,21464,0,0,0,0,0
2020-02-18,Contra Costa,013,1133247,3,0,0,0,0
2020-02-18,Del Norte,015,27424,0,0,0,0,0
2020-02-18,El Dorado,017,186661,0,0,0,0,0
2020-02-18,Fresno,019,978130,0,0,0,0,0
2020-02-18,Glenn,021,27897,0,0,0,0,0
2020-02-18,Humboldt,023,135768,1,0,0,0,0
2020-02-18,Imperial,025,180216,1,0,0,0,0
2020-02-18,Inyo,027,18085,0,0,0,0,0
2020-02-18,Kern,029,883053,2,0,0,0,0
2020-02-18,Kings,031,150075,1,0,1,1,0
2020-02-18,Lake,033,64148,0,0,0,0,0
2020-02-18,Lassen,035,31185,0,0,0,0,0
2020-02-18,Los Angeles,037,10098052,45,1,8,9,0
2020-02-18,Madera,039,155013,0,0,0,0,0
2020-02-18,Marin,041,260295,0,0,0,0,0
2020-02-18,Mariposa,043,17540,0,0,0,0,0
2020-02-18,Mendocino,045,87422,0,0,0,0,0
2020-02-18,Merced,047,269075,0,0,0,0,0
2020-02-18,Modoc,049,8938,0,0,0,0,0
2020-02-18,Mono,051,14174,0,0,0,0,0
2020-02-18,Monterey,053,433212,0,0,0,0,0
2020-02-18,Napa,055,140530,0,0,0,0,0
2020-02-18,Nevada,057,99092,0,0,1,1,0
2020-02-18,Orange,059,3164182,42,1,0,1,0
2020-02-18,Placer,061,380077,0,0,0,0,0
2020-02-18,Plumas,063,18699,0,0,0,0,0
2020-02-18,Riverside,065,2383286,5,0,0,0,0
2020-02-18,Sacramento,067,1510023,2,0,0,0,0
2020-02-18,San Benito,069,59416,0,2,0,2,0
2020-02-18,San Bernardino,071,2135413,12,0,0,0,0
2020-02-18,San Diego,073,3302833,4,2,0,2,0
2020-02-18,San Francisco,075,870044,2,0,0,0,0
2020-02-18,San Joaquin,077,732212,1,0,1,1,0
2020-02-18,San Luis Obispo,079,281455,2,0,0,0,0
2020-02-18,San Mateo,081,765935,5,0,0,0,0
2020-02-18,Santa Barbara,083,443738,0,0,0,0,0
2020-02-18,Santa Clara,085,1922200,14,2,1,3,0
2020-02-18,Santa Cruz,087,273765,0,0,0,0,0
2020-02-18,Shasta,089,179085,0,0,0,0,0
2020-02-18,Sierra,091,2930,0,0,0,0,0
2020-02-18,Siskiyou,093,43540,0,0,0,0,0
2020-02-18,Solano,095,438530,5,7,0,7,0
2020-02-18,Sonoma,097,501317,1,0,0,0,0
2020-02-18,Stanislaus,099,539301,1,0,2,2,0
2020-02-18,Sutter,101,95872,0,0,0,0,0
2020-02-18,Tehama,103,63373,0,0,0,0,0
2020-02-18,Trinity,105,12862,0,0,0,0,0
2020-02-18,Tulare,107,460477,2,0,0,0,0
2020-02-18,Tuolumne,109,53932,0,0,0,0,0
2020-02-18,Ventura,111,848112,2,0,0,0,0
2020-02-18,Yolo,113,214977,1,0,0,0,0
2020-02-18,Yuba,115,75493,0,0,0,0,0
2020-02-17,Alameda,001,1643700,6,0,0,0,0
2020-02-17,Alpine,003,1148,0,0,0,0,0
2020-02-17,Amador,005,37829,0,0,0,0,0
2020-02-17,Butte,007,227075,0,0,0,0,0
2020-02-17,Calaveras,009,45235,0,0,0,0,0
2020-02-17,Colusa,011,21464,0,0,0,0,0
2020-02-17,Contra Costa,013,1133247,3,0,0,0,0
2020-02-17,Del Norte,015,27424,0,0,0,0,0
2020-02-17,El Dorado,017,186661,0,0,0,0,0
2020-02-17,Fresno,019,978130,0,0,0,0,0
2020-02-17,Glenn,021,27897,0,0,0,0,0
2020-02-17,Humboldt,023,135768,1,0,0,0,0
2020-02-17,Imperial,025,180216,1,0,0,0,0
2020-02-17,Inyo,027,18085,0,0,0,0,0
2020-02-17,Kern,029,883053,2,0,0,0,0
2020-02-17,Kings,031,150075,1,0,0,0,0
2020-02-17,Lake,033,64148,0,0,0,0,0
2020-02-17,Lassen,035,31185,0,0,0,0,0
2020-02-17,Los Angeles,037,10098052,42,1,7,8,0
2020-02-17,Madera,039,155013,0,0,0,0,0
2020-02-17,Marin,041,260295,0,0,0,0,0
2020-02-17,Mariposa,043,17540,0,0,0,0,0
2020-02-17,Mendocino,045,87422,0,0,0,0,0
2020-02-17,Merced,047,269075,0,0,0,0,0
2020-02-17,Modoc,049,8938,0,0,0,0,0
2020-02-17,Mono,051,14174,0,0,0,0,0
2020-02-17,Monterey,053,433212,0,0,0,0,0
2020-02-17,Napa,055,140530,0,0,0,0,0
2020-02-17,Nevada,057,99092,0,0,1,1,0
2020-02-17,Orange,059,3164182,42,1,0,1,0
2020-02-17,Placer,061,380077,0,0,0,0,0
2020-02-17,Plumas,063,18699,0,0,0,0,0
2020-02-17,Riverside,065,2383286,5,0,0,0,0
2020-02-17,Sacramento,067,1510023,2,0,0,0,0
2020-02-17,San Benito,069,59416,0,2,0,2,0
2020-02-17,San Bernardino,071,2135413,10,0,0,0,0
2020-02-17,San Diego,073,3302833,4,2,0,2,0
2020-02-17,San Francisco,075,870044,2,0,0,0,0
2020-02-17,San Joaquin,077,732212,1,0,1,1,0
2020-02-17,San Luis Obispo,079,281455,1,0,0,0,0
2020-02-17,San Mateo,081,765935,5,0,0,0,0
2020-02-17,Santa Barbara,083,443738,0,0,0,0,0
2020-02-17,Santa Clara,085,1922200,12,2,1,3,0
2020-02-17,Santa Cruz,087,273765,0,0,0,0,0
2020-02-17,Shasta,089,179085,0,0,0,0,0
2020-02-17,Sierra,091,2930,0,0,0,0,0
2020-02-17,Siskiyou,093,43540,0,0,0,0,0
2020-02-17,Solano,095,438530,3,5,0,5,0
2020-02-17,Sonoma,097,501317,1,0,0,0,0
2020-02-17,Stanislaus,099,539301,1,0,2,2,0
2020-02-17,Sutter,101,95872,0,0,0,0,0
2020-02-17,Tehama,103,63373,0,0,0,0,0
2020-02-17,Trinity,105,12862,0,0,0,0,0
2020-02-17,Tulare,107,460477,2,0,0,0,0
2020-02-17,Tuolumne,109,53932,0,0,0,0,0
2020-02-17,Ventura,111,848112,2,0,0,0,0
2020-02-17,Yolo,113,214977,1,0,0,0,0
2020-02-17,Yuba,115,75493,0,0,0,0,0
2020-02-16,Alameda,001,1643700,5,0,0,0,0
2020-02-16,Alpine,003,1148,0,0,0,0,0
2020-02-16,Amador,005,37829,0,0,0,0,0
2020-02-16,Butte,007,227075,0,0,0,0,0
2020-02-16,Calaveras,009,45235,0,0,0,0,0
2020-02-16,Colusa,011,21464,0,0,0,0,0
2020-02-16,Contra Costa,013,1133247,3,0,0,0,0
2020-02-16,Del Norte,015,27424,0,0,0,0,0
2020-02-16,El Dorado,017,186661,0,0,0,0,0
2020-02-16,Fresno,019,978130,0,0,0,0,0
2020-02-16,Glenn,021,27897,0,0,0,0,0
2020-02-16,Humboldt,023,135768,1,0,0,0,0
2020-02-16,Imperial,025,180216,1,0,0,0,0
2020-02-16,Inyo,027,18085,0,0,0,0,0
2020-02-16,Kern,029,883053,2,0,0,0,0
2020-02-16,Kings,031,150075,1,0,0,0,0
2020-02-16,Lake,033,64148,0,0,0,0,0
2020-02-16,Lassen,035,31185,0,0,0,0,0
2020-02-16,Los Angeles,037,10098052,36,1,7,8,0
2020-02-16,Madera,039,155013,0,0,0,0,0
2020-02-16,Marin,041,260295,0,0,0,0,0
2020-02-16,Mariposa,043,17540,0,0,0,0,0
2020-02-16,Mendocino,045,87422,0,0,0,0,0
2020-02-16,Merced,047,269075,0,0,0,0,0
2020-02-16,Modoc,049,8938,0,0,0,0,0
2020-02-16,Mono,051,14174,0,0,0,0,0
2020-02-16,Monterey,053,433212,0,0,0,0,0
2020-02-16,Napa,055,140530,0,0,0,0,0
2020-02-16,Nevada,057,99092,0,0,0,0,0
2020-02-16,Orange,059,3164182,41,1,0,1,0
2020-02-16,Placer,061,380077,0,0,0,0,0
2020-02-16,Plumas,063,18699,0,0,0,0,0
2020-02-16,Riverside,065,2383286,5,0,0,0,0
2020-02-16,Sacramento,067,1510023,2,0,0,0,0
2020-02-16,San Benito,069,59416,0,2,0,2,0
2020-02-16,San Bernardino,071,2135413,9,0,0,0,0
2020-02-16,San Diego,073,3302833,4,2,0,2,0
2020-02-16,San Francisco,075,870044,2,0,0,0,0
2020-02-16,San Joaquin,077,732212,1,0,1,1,0
2020-02-16,San Luis Obispo,079,281455,1,0,0,0,0
2020-02-16,San Mateo,081,765935,4,0,0,0,0
2020-02-16,Santa Barbara,083,443738,0,0,0,0,0
2020-02-16,Santa Clara,085,1922200,10,2,1,3,0
2020-02-16,Santa Cruz,087,273765,0,0,0,0,0
2020-02-16,Shasta,089,179085,0,0,0,0,0
2020-02-16,Sierra,091,2930,0,0,0,0,0
2020-02-16,Siskiyou,093,43540,0,0,0,0,0
2020-02-16,Solano,095,438530,1,0,0,0,0
2020-02-16,Sonoma,097,501317,1,0,0,0,0
2020-02-16,Stanislaus,099,539301,1,0,2,2,0
2020-02-16,Sutter,101,95872,0,0,0,0,0
2020-02-16,Tehama,103,63373,0,0,0,0,0
2020-02-16,Trinity,105,12862,0,0,0,0,0
2020-02-16,Tulare,107,460477,2,0,0,0,0
2020-02-16,Tuolumne,109,53932,0,0,0,0,0
2020-02-16,Ventura,111,848112,2,0,0,0,0
2020-02-16,Yolo,113,214977,1,0,0,0,0
2020-02-16,Yuba,115,75493,0,0,0,0,0
2020-02-15,Alameda,001,1643700,5,0,0,0,0
2020-02-15,Alpine,003,1148,0,0,0,0,0
2020-02-15,Amador,005,37829,0,0,0,0,0
2020-02-15,Butte,007,227075,0,0,0,0,0
2020-02-15,Calaveras,009,45235,0,0,0,0,0
2020-02-15,Colusa,011,21464,0,0,0,0,0
2020-02-15,Contra Costa,013,1133247,3,0,0,0,0
2020-02-15,Del Norte,015,27424,0,0,0,0,0
2020-02-15,El Dorado,017,186661,0,0,0,0,0
2020-02-15,Fresno,019,978130,0,0,0,0,0
2020-02-15,Glenn,021,27897,0,0,0,0,0
2020-02-15,Humboldt,023,135768,1,0,0,0,0
2020-02-15,Imperial,025,180216,1,0,0,0,0
2020-02-15,Inyo,027,18085,0,0,0,0,0
2020-02-15,Kern,029,883053,2,0,0,0,0
2020-02-15,Kings,031,150075,1,0,0,0,0
2020-02-15,Lake,033,64148,0,0,0,0,0
2020-02-15,Lassen,035,31185,0,0,0,0,0
2020-02-15,Los Angeles,037,10098052,33,1,7,8,0
2020-02-15,Madera,039,155013,0,0,0,0,0
2020-02-15,Marin,041,260295,0,0,0,0,0
2020-02-15,Mariposa,043,17540,0,0,0,0,0
2020-02-15,Mendocino,045,87422,0,0,0,0,0
2020-02-15,Merced,047,269075,0,0,0,0,0
2020-02-15,Modoc,049,8938,0,0,0,0,0
2020-02-15,Mono,051,14174,0,0,0,0,0
2020-02-15,Monterey,053,433212,0,0,0,0,0
2020-02-15,Napa,055,140530,0,0,0,0,0
2020-02-15,Nevada,057,99092,0,0,0,0,0
2020-02-15,Orange,059,3164182,40,1,0,1,0
2020-02-15,Placer,061,380077,0,0,0,0,0
2020-02-15,Plumas,063,18699,0,0,0,0,0
2020-02-15,Riverside,065,2383286,4,0,0,0,0
2020-02-15,Sacramento,067,1510023,2,0,0,0,0
2020-02-15,San Benito,069,59416,0,2,0,2,0
2020-02-15,San Bernardino,071,2135413,8,0,0,0,0
2020-02-15,San Diego,073,3302833,4,2,0,2,0
2020-02-15,San Francisco,075,870044,2,0,0,0,0
2020-02-15,San Joaquin,077,732212,1,0,1,1,0
2020-02-15,San Luis Obispo,079,281455,1,0,0,0,0
2020-02-15,San Mateo,081,765935,4,0,0,0,0
2020-02-15,Santa Barbara,083,443738,0,0,0,0,0
2020-02-15,Santa Clara,085,1922200,10,2,1,3,0
2020-02-15,Santa Cruz,087,273765,0,0,0,0,0
2020-02-15,Shasta,089,179085,0,0,0,0,0
2020-02-15,Sierra,091,2930,0,0,0,0,0
2020-02-15,Siskiyou,093,43540,0,0,0,0,0
2020-02-15,Solano,095,438530,1,0,0,0,0
2020-02-15,Sonoma,097,501317,0,0,0,0,0
2020-02-15,Stanislaus,099,539301,1,0,2,2,0
2020-02-15,Sutter,101,95872,0,0,0,0,0
2020-02-15,Tehama,103,63373,0,0,0,0,0
2020-02-15,Trinity,105,12862,0,0,0,0,0
2020-02-15,Tulare,107,460477,2,0,0,0,0
2020-02-15,Tuolumne,109,53932,0,0,0,0,0
2020-02-15,Ventura,111,848112,2,0,0,0,0
2020-02-15,Yolo,113,214977,1,0,0,0,0
2020-02-15,Yuba,115,75493,0,0,0,0,0
2020-02-14,Alameda,001,1643700,4,0,0,0,0
2020-02-14,Alpine,003,1148,0,0,0,0,0
2020-02-14,Amador,005,37829,0,0,0,0,0
2020-02-14,Butte,007,227075,0,0,0,0,0
2020-02-14,Calaveras,009,45235,0,0,0,0,0
2020-02-14,Colusa,011,21464,0,0,0,0,0
2020-02-14,Contra Costa,013,1133247,3,0,0,0,0
2020-02-14,Del Norte,015,27424,0,0,0,0,0
2020-02-14,El Dorado,017,186661,0,0,0,0,0
2020-02-14,Fresno,019,978130,0,0,0,0,0
2020-02-14,Glenn,021,27897,0,0,0,0,0
2020-02-14,Humboldt,023,135768,1,0,0,0,0
2020-02-14,Imperial,025,180216,1,0,0,0,0
2020-02-14,Inyo,027,18085,0,0,0,0,0
2020-02-14,Kern,029,883053,2,0,0,0,0
2020-02-14,Kings,031,150075,1,0,0,0,0
2020-02-14,Lake,033,64148,0,0,0,0,0
2020-02-14,Lassen,035,31185,0,0,0,0,0
2020-02-14,Los Angeles,037,10098052,28,1,7,8,0
2020-02-14,Madera,039,155013,0,0,0,0,0
2020-02-14,Marin,041,260295,0,0,0,0,0
2020-02-14,Mariposa,043,17540,0,0,0,0,0
2020-02-14,Mendocino,045,87422,0,0,0,0,0
2020-02-14,Merced,047,269075,0,0,0,0,0
2020-02-14,Modoc,049,8938,0,0,0,0,0
2020-02-14,Mono,051,14174,0,0,0,0,0
2020-02-14,Monterey,053,433212,0,0,0,0,0
2020-02-14,Napa,055,140530,0,0,0,0,0
2020-02-14,Nevada,057,99092,0,0,0,0,0
2020-02-14,Orange,059,3164182,40,1,0,1,0
2020-02-14,Placer,061,380077,0,0,0,0,0
2020-02-14,Plumas,063,18699,0,0,0,0,0
2020-02-14,Riverside,065,2383286,4,0,0,0,0
2020-02-14,Sacramento,067,1510023,1,0,0,0,0
2020-02-14,San Benito,069,59416,0,2,0,2,0
2020-02-14,San Bernardino,071,2135413,8,0,0,0,0
2020-02-14,San Diego,073,3302833,3,2,0,2,0
2020-02-14,San Francisco,075,870044,2,0,0,0,0
2020-02-14,San Joaquin,077,732212,1,0,1,1,0
2020-02-14,San Luis Obispo,079,281455,0,0,0,0,0
2020-02-14,San Mateo,081,765935,3,0,0,0,0
2020-02-14,Santa Barbara,083,443738,0,0,0,0,0
2020-02-14,Santa Clara,085,1922200,8,2,1,3,0
2020-02-14,Santa Cruz,087,273765,0,0,0,0,0
2020-02-14,Shasta,089,179085,0,0,0,0,0
2020-02-14,Sierra,091,2930,0,0,0,0,0
2020-02-14,Siskiyou,093,43540,0,0,0,0,0
2020-02-14,Solano,095,438530,1,0,0,0,0
2020-02-14,Sonoma,097,501317,0,0,0,0,0
2020-02-14,Stanislaus,099,539301,1,0,2,2,0
2020-02-14,Sutter,101,95872,0,0,0,0,0
2020-02-14,Tehama,103,63373,0,0,0,0,0
2020-02-14,Trinity,105,12862,0,0,0,0,0
2020-02-14,Tulare,107,460477,2,0,0,0,0
2020-02-14,Tuolumne,109,53932,0,0,0,0,0
2020-02-14,Ventura,111,848112,2,0,0,0,0
2020-02-14,Yolo,113,214977,1,0,0,0,0
2020-02-14,Yuba,115,75493,0,0,0,0,0
2020-02-13,Alameda,001,1643700,4,0,0,0,0
2020-02-13,Alpine,003,1148,0,0,0,0,0
2020-02-13,Amador,005,37829,0,0,0,0,0
2020-02-13,Butte,007,227075,0,0,0,0,0
2020-02-13,Calaveras,009,45235,0,0,0,0,0
2020-02-13,Colusa,011,21464,0,0,0,0,0
2020-02-13,Contra Costa,013,1133247,3,0,0,0,0
2020-02-13,Del Norte,015,27424,0,0,0,0,0
2020-02-13,El Dorado,017,186661,0,0,0,0,0
2020-02-13,Fresno,019,978130,0,0,0,0,0
2020-02-13,Glenn,021,27897,0,0,0,0,0
2020-02-13,Humboldt,023,135768,1,0,0,0,0
2020-02-13,Imperial,025,180216,1,0,0,0,0
2020-02-13,Inyo,027,18085,0,0,0,0,0
2020-02-13,Kern,029,883053,2,0,0,0,0
2020-02-13,Kings,031,150075,1,0,0,0,0
2020-02-13,Lake,033,64148,0,0,0,0,0
2020-02-13,Lassen,035,31185,0,0,0,0,0
2020-02-13,Los Angeles,037,10098052,24,1,6,7,0
2020-02-13,Madera,039,155013,0,0,0,0,0
2020-02-13,Marin,041,260295,0,0,0,0,0
2020-02-13,Mariposa,043,17540,0,0,0,0,0
2020-02-13,Mendocino,045,87422,0,0,0,0,0
2020-02-13,Merced,047,269075,0,0,0,0,0
2020-02-13,Modoc,049,8938,0,0,0,0,0
2020-02-13,Mono,051,14174,0,0,0,0,0
2020-02-13,Monterey,053,433212,0,0,0,0,0
2020-02-13,Napa,055,140530,0,0,0,0,0
2020-02-13,Nevada,057,99092,0,0,0,0,0
2020-02-13,Orange,059,3164182,39,1,0,1,0
2020-02-13,Placer,061,380077,0,0,0,0,0
2020-02-13,Plumas,063,18699,0,0,0,0,0
2020-02-13,Riverside,065,2383286,4,0,0,0,0
2020-02-13,Sacramento,067,1510023,1,0,0,0,0
2020-02-13,San Benito,069,59416,0,2,0,2,0
2020-02-13,San Bernardino,071,2135413,8,0,0,0,0
2020-02-13,San Diego,073,3302833,2,2,0,2,0
2020-02-13,San Francisco,075,870044,2,0,0,0,0
2020-02-13,San Joaquin,077,732212,1,0,1,1,0
2020-02-13,San Luis Obispo,079,281455,0,0,0,0,0
2020-02-13,San Mateo,081,765935,2,0,0,0,0
2020-02-13,Santa Barbara,083,443738,0,0,0,0,0
2020-02-13,Santa Clara,085,1922200,7,2,0,2,0
2020-02-13,Santa Cruz,087,273765,0,0,0,0,0
2020-02-13,Shasta,089,179085,0,0,0,0,0
2020-02-13,Sierra,091,2930,0,0,0,0,0
2020-02-13,Siskiyou,093,43540,0,0,0,0,0
2020-02-13,Solano,095,438530,0,0,0,0,0
2020-02-13,Sonoma,097,501317,0,0,0,0,0
2020-02-13,Stanislaus,099,539301,1,0,1,1,0
2020-02-13,Sutter,101,95872,0,0,0,0,0
2020-02-13,Tehama,103,63373,0,0,0,0,0
2020-02-13,Trinity,105,12862,0,0,0,0,0
2020-02-13,Tulare,107,460477,2,0,0,0,0
2020-02-13,Tuolumne,109,53932,0,0,0,0,0
2020-02-13,Ventura,111,848112,2,0,0,0,0
2020-02-13,Yolo,113,214977,1,0,0,0,0
2020-02-13,Yuba,115,75493,0,0,0,0,0
2020-02-12,Alameda,001,1643700,4,0,0,0,0
2020-02-12,Alpine,003,1148,0,0,0,0,0
2020-02-12,Amador,005,37829,0,0,0,0,0
2020-02-12,Butte,007,227075,0,0,0,0,0
2020-02-12,Calaveras,009,45235,0,0,0,0,0
2020-02-12,Colusa,011,21464,0,0,0,0,0
2020-02-12,Contra Costa,013,1133247,3,0,0,0,0
2020-02-12,Del Norte,015,27424,0,0,0,0,0
2020-02-12,El Dorado,017,186661,0,0,0,0,0
2020-02-12,Fresno,019,978130,0,0,0,0,0
2020-02-12,Glenn,021,27897,0,0,0,0,0
2020-02-12,Humboldt,023,135768,1,0,0,0,0
2020-02-12,Imperial,025,180216,1,0,0,0,0
2020-02-12,Inyo,027,18085,0,0,0,0,0
2020-02-12,Kern,029,883053,2,0,0,0,0
2020-02-12,Kings,031,150075,1,0,0,0,0
2020-02-12,Lake,033,64148,0,0,0,0,0
2020-02-12,Lassen,035,31185,0,0,0,0,0
2020-02-12,Los Angeles,037,10098052,23,1,6,7,0
2020-02-12,Madera,039,155013,0,0,0,0,0
2020-02-12,Marin,041,260295,0,0,0,0,0
2020-02-12,Mariposa,043,17540,0,0,0,0,0
2020-02-12,Mendocino,045,87422,0,0,0,0,0
2020-02-12,Merced,047,269075,0,0,0,0,0
2020-02-12,Modoc,049,8938,0,0,0,0,0
2020-02-12,Mono,051,14174,0,0,0,0,0
2020-02-12,Monterey,053,433212,0,0,0,0,0
2020-02-12,Napa,055,140530,0,0,0,0,0
2020-02-12,Nevada,057,99092,0,0,0,0,0
2020-02-12,Orange,059,3164182,39,1,0,1,0
2020-02-12,Placer,061,380077,0,0,0,0,0
2020-02-12,Plumas,063,18699,0,0,0,0,0
2020-02-12,Riverside,065,2383286,4,0,0,0,0
2020-02-12,Sacramento,067,1510023,1,0,0,0,0
2020-02-12,San Benito,069,59416,0,2,0,2,0
2020-02-12,San Bernardino,071,2135413,8,0,0,0,0
2020-02-12,San Diego,073,3302833,2,2,0,2,0
2020-02-12,San Francisco,075,870044,2,0,0,0,0
2020-02-12,San Joaquin,077,732212,1,0,1,1,0
2020-02-12,San Luis Obispo,079,281455,0,0,0,0,0
2020-02-12,San Mateo,081,765935,2,0,0,0,0
2020-02-12,Santa Barbara,083,443738,0,0,0,0,0
2020-02-12,Santa Clara,085,1922200,6,2,0,2,0
2020-02-12,Santa Cruz,087,273765,0,0,0,0,0
2020-02-12,Shasta,089,179085,0,0,0,0,0
2020-02-12,Sierra,091,2930,0,0,0,0,0
2020-02-12,Siskiyou,093,43540,0,0,0,0,0
2020-02-12,Solano,095,438530,0,0,0,0,0
2020-02-12,Sonoma,097,501317,0,0,0,0,0
2020-02-12,Stanislaus,099,539301,1,0,1,1,0
2020-02-12,Sutter,101,95872,0,0,0,0,0
2020-02-12,Tehama,103,63373,0,0,0,0,0
2020-02-12,Trinity,105,12862,0,0,0,0,0
2020-02-12,Tulare,107,460477,2,0,0,0,0
2020-02-12,Tuolumne,109,53932,0,0,0,0,0
2020-02-12,Ventura,111,848112,2,0,0,0,0
2020-02-12,Yolo,113,214977,1,0,0,0,0
2020-02-12,Yuba,115,75493,0,0,0,0,0
2020-02-11,Alameda,001,1643700,4,0,0,0,0
2020-02-11,Alpine,003,1148,0,0,0,0,0
2020-02-11,Amador,005,37829,0,0,0,0,0
2020-02-11,Butte,007,227075,0,0,0,0,0
2020-02-11,Calaveras,009,45235,0,0,0,0,0
2020-02-11,Colusa,011,21464,0,0,0,0,0
2020-02-11,Contra Costa,013,1133247,3,0,0,0,0
2020-02-11,Del Norte,015,27424,0,0,0,0,0
2020-02-11,El Dorado,017,186661,0,0,0,0,0
2020-02-11,Fresno,019,978130,0,0,0,0,0
2020-02-11,Glenn,021,27897,0,0,0,0,0
2020-02-11,Humboldt,023,135768,1,0,0,0,0
2020-02-11,Imperial,025,180216,1,0,0,0,0
2020-02-11,Inyo,027,18085,0,0,0,0,0
2020-02-11,Kern,029,883053,2,0,0,0,0
2020-02-11,Kings,031,150075,1,0,0,0,0
2020-02-11,Lake,033,64148,0,0,0,0,0
2020-02-11,Lassen,035,31185,0,0,0,0,0
2020-02-11,Los Angeles,037,10098052,23,1,6,7,0
2020-02-11,Madera,039,155013,0,0,0,0,0
2020-02-11,Marin,041,260295,0,0,0,0,0
2020-02-11,Mariposa,043,17540,0,0,0,0,0
2020-02-11,Mendocino,045,87422,0,0,0,0,0
2020-02-11,Merced,047,269075,0,0,0,0,0
2020-02-11,Modoc,049,8938,0,0,0,0,0
2020-02-11,Mono,051,14174,0,0,0,0,0
2020-02-11,Monterey,053,433212,0,0,0,0,0
2020-02-11,Napa,055,140530,0,0,0,0,0
2020-02-11,Nevada,057,99092,0,0,0,0,0
2020-02-11,Orange,059,3164182,38,1,0,1,0
2020-02-11,Placer,061,380077,0,0,0,0,0
2020-02-11,Plumas,063,18699,0,0,0,0,0
2020-02-11,Riverside,065,2383286,4,0,0,0,0
2020-02-11,Sacramento,067,1510023,1,0,0,0,0
2020-02-11,San Benito,069,59416,0,2,0,2,0
2020-02-11,San Bernardino,071,2135413,8,0,0,0,0
2020-02-11,San Diego,073,3302833,2,1,0,1,0
2020-02-11,San Francisco,075,870044,2,0,0,0,0
2020-02-11,San Joaquin,077,732212,0,0,1,1,0
2020-02-11,San Luis Obispo,079,281455,0,0,0,0,0
2020-02-11,San Mateo,081,765935,2,0,0,0,0
2020-02-11,Santa Barbara,083,443738,0,0,0,0,0
2020-02-11,Santa Clara,085,1922200,5,2,0,2,0
2020-02-11,Santa Cruz,087,273765,0,0,0,0,0
2020-02-11,Shasta,089,179085,0,0,0,0,0
2020-02-11,Sierra,091,2930,0,0,0,0,0
2020-02-11,Siskiyou,093,43540,0,0,0,0,0
2020-02-11,Solano,095,438530,0,0,0,0,0
2020-02-11,Sonoma,097,501317,0,0,0,0,0
2020-02-11,Stanislaus,099,539301,1,0,1,1,0
2020-02-11,Sutter,101,95872,0,0,0,0,0
2020-02-11,Tehama,103,63373,0,0,0,0,0
2020-02-11,Trinity,105,12862,0,0,0,0,0
2020-02-11,Tulare,107,460477,2,0,0,0,0
2020-02-11,Tuolumne,109,53932,0,0,0,0,0
2020-02-11,Ventura,111,848112,2,0,0,0,0
2020-02-11,Yolo,113,214977,1,0,0,0,0
2020-02-11,Yuba,115,75493,0,0,0,0,0
2020-02-10,Alameda,001,1643700,4,0,0,0,0
2020-02-10,Alpine,003,1148,0,0,0,0,0
2020-02-10,Amador,005,37829,0,0,0,0,0
2020-02-10,Butte,007,227075,0,0,0,0,0
2020-02-10,Calaveras,009,45235,0,0,0,0,0
2020-02-10,Colusa,011,21464,0,0,0,0,0
2020-02-10,Contra Costa,013,1133247,3,0,0,0,0
2020-02-10,Del Norte,015,27424,0,0,0,0,0
2020-02-10,El Dorado,017,186661,0,0,0,0,0
2020-02-10,Fresno,019,978130,0,0,0,0,0
2020-02-10,Glenn,021,27897,0,0,0,0,0
2020-02-10,Humboldt,023,135768,0,0,0,0,0
2020-02-10,Imperial,025,180216,1,0,0,0,0
2020-02-10,Inyo,027,18085,0,0,0,0,0
2020-02-10,Kern,029,883053,2,0,0,0,0
2020-02-10,Kings,031,150075,1,0,0,0,0
2020-02-10,Lake,033,64148,0,0,0,0,0
2020-02-10,Lassen,035,31185,0,0,0,0,0
2020-02-10,Los Angeles,037,10098052,21,1,6,7,0
2020-02-10,Madera,039,155013,0,0,0,0,0
2020-02-10,Marin,041,260295,0,0,0,0,0
2020-02-10,Mariposa,043,17540,0,0,0,0,0
2020-02-10,Mendocino,045,87422,0,0,0,0,0
2020-02-10,Merced,047,269075,0,0,0,0,0
2020-02-10,Modoc,049,8938,0,0,0,0,0
2020-02-10,Mono,051,14174,0,0,0,0,0
2020-02-10,Monterey,053,433212,0,0,0,0,0
2020-02-10,Napa,055,140530,0,0,0,0,0
2020-02-10,Nevada,057,99092,0,0,0,0,0
2020-02-10,Orange,059,3164182,38,1,0,1,0
2020-02-10,Placer,061,380077,0,0,0,0,0
2020-02-10,Plumas,063,18699,0,0,0,0,0
2020-02-10,Riverside,065,2383286,4,0,0,0,0
2020-02-10,Sacramento,067,1510023,1,0,0,0,0
2020-02-10,San Benito,069,59416,0,2,0,2,0
2020-02-10,San Bernardino,071,2135413,7,0,0,0,0
2020-02-10,San Diego,073,3302833,2,0,0,0,0
2020-02-10,San Francisco,075,870044,2,0,0,0,0
2020-02-10,San Joaquin,077,732212,0,0,1,1,0
2020-02-10,San Luis Obispo,079,281455,0,0,0,0,0
2020-02-10,San Mateo,081,765935,2,0,0,0,0
2020-02-10,Santa Barbara,083,443738,0,0,0,0,0
2020-02-10,Santa Clara,085,1922200,5,2,0,2,0
2020-02-10,Santa Cruz,087,273765,0,0,0,0,0
2020-02-10,Shasta,089,179085,0,0,0,0,0
2020-02-10,Sierra,091,2930,0,0,0,0,0
2020-02-10,Siskiyou,093,43540,0,0,0,0,0
2020-02-10,Solano,095,438530,0,0,0,0,0
2020-02-10,Sonoma,097,501317,0,0,0,0,0
2020-02-10,Stanislaus,099,539301,1,0,0,0,0
2020-02-10,Sutter,101,95872,0,0,0,0,0
2020-02-10,Tehama,103,63373,0,0,0,0,0
2020-02-10,Trinity,105,12862,0,0,0,0,0
2020-02-10,Tulare,107,460477,2,0,0,0,0
2020-02-10,Tuolumne,109,53932,0,0,0,0,0
2020-02-10,Ventura,111,848112,2,0,0,0,0
2020-02-10,Yolo,113,214977,1,0,0,0,0
2020-02-10,Yuba,115,75493,0,0,0,0,0
2020-02-09,Alameda,001,1643700,4,0,0,0,0
2020-02-09,Alpine,003,1148,0,0,0,0,0
2020-02-09,Amador,005,37829,0,0,0,0,0
2020-02-09,Butte,007,227075,0,0,0,0,0
2020-02-09,Calaveras,009,45235,0,0,0,0,0
2020-02-09,Colusa,011,21464,0,0,0,0,0
2020-02-09,Contra Costa,013,1133247,3,0,0,0,0
2020-02-09,Del Norte,015,27424,0,0,0,0,0
2020-02-09,El Dorado,017,186661,0,0,0,0,0
2020-02-09,Fresno,019,978130,0,0,0,0,0
2020-02-09,Glenn,021,27897,0,0,0,0,0
2020-02-09,Humboldt,023,135768,0,0,0,0,0
2020-02-09,Imperial,025,180216,1,0,0,0,0
2020-02-09,Inyo,027,18085,0,0,0,0,0
2020-02-09,Kern,029,883053,2,0,0,0,0
2020-02-09,Kings,031,150075,1,0,0,0,0
2020-02-09,Lake,033,64148,0,0,0,0,0
2020-02-09,Lassen,035,31185,0,0,0,0,0
2020-02-09,Los Angeles,037,10098052,20,1,6,7,0
2020-02-09,Madera,039,155013,0,0,0,0,0
2020-02-09,Marin,041,260295,0,0,0,0,0
2020-02-09,Mariposa,043,17540,0,0,0,0,0
2020-02-09,Mendocino,045,87422,0,0,0,0,0
2020-02-09,Merced,047,269075,0,0,0,0,0
2020-02-09,Modoc,049,8938,0,0,0,0,0
2020-02-09,Mono,051,14174,0,0,0,0,0
2020-02-09,Monterey,053,433212,0,0,0,0,0
2020-02-09,Napa,055,140530,0,0,0,0,0
2020-02-09,Nevada,057,99092,0,0,0,0,0
2020-02-09,Orange,059,3164182,37,1,0,1,0
2020-02-09,Placer,061,380077,0,0,0,0,0
2020-02-09,Plumas,063,18699,0,0,0,0,0
2020-02-09,Riverside,065,2383286,4,0,0,0,0
2020-02-09,Sacramento,067,1510023,0,0,0,0,0
2020-02-09,San Benito,069,59416,0,2,0,2,0
2020-02-09,San Bernardino,071,2135413,7,0,0,0,0
2020-02-09,San Diego,073,3302833,2,0,0,0,0
2020-02-09,San Francisco,075,870044,1,0,0,0,0
2020-02-09,San Joaquin,077,732212,0,0,1,1,0
2020-02-09,San Luis Obispo,079,281455,0,0,0,0,0
2020-02-09,San Mateo,081,765935,2,0,0,0,0
2020-02-09,Santa Barbara,083,443738,0,0,0,0,0
2020-02-09,Santa Clara,085,1922200,4,2,0,2,0
2020-02-09,Santa Cruz,087,273765,0,0,0,0,0
2020-02-09,Shasta,089,179085,0,0,0,0,0
2020-02-09,Sierra,091,2930,0,0,0,0,0
2020-02-09,Siskiyou,093,43540,0,0,0,0,0
2020-02-09,Solano,095,438530,0,0,0,0,0
2020-02-09,Sonoma,097,501317,0,0,0,0,0
2020-02-09,Stanislaus,099,539301,0,0,0,0,0
2020-02-09,Sutter,101,95872,0,0,0,0,0
2020-02-09,Tehama,103,63373,0,0,0,0,0
2020-02-09,Trinity,105,12862,0,0,0,0,0
2020-02-09,Tulare,107,460477,2,0,0,0,0
2020-02-09,Tuolumne,109,53932,0,0,0,0,0
2020-02-09,Ventura,111,848112,1,0,0,0,0
2020-02-09,Yolo,113,214977,1,0,0,0,0
2020-02-09,Yuba,115,75493,0,0,0,0,0
2020-02-08,Alameda,001,1643700,3,0,0,0,0
2020-02-08,Alpine,003,1148,0,0,0,0,0
2020-02-08,Amador,005,37829,0,0,0,0,0
2020-02-08,Butte,007,227075,0,0,0,0,0
2020-02-08,Calaveras,009,45235,0,0,0,0,0
2020-02-08,Colusa,011,21464,0,0,0,0,0
2020-02-08,Contra Costa,013,1133247,2,0,0,0,0
2020-02-08,Del Norte,015,27424,0,0,0,0,0
2020-02-08,El Dorado,017,186661,0,0,0,0,0
2020-02-08,Fresno,019,978130,0,0,0,0,0
2020-02-08,Glenn,021,27897,0,0,0,0,0
2020-02-08,Humboldt,023,135768,0,0,0,0,0
2020-02-08,Imperial,025,180216,1,0,0,0,0
2020-02-08,Inyo,027,18085,0,0,0,0,0
2020-02-08,Kern,029,883053,2,0,0,0,0
2020-02-08,Kings,031,150075,1,0,0,0,0
2020-02-08,Lake,033,64148,0,0,0,0,0
2020-02-08,Lassen,035,31185,0,0,0,0,0
2020-02-08,Los Angeles,037,10098052,17,1,3,4,0
2020-02-08,Madera,039,155013,0,0,0,0,0
2020-02-08,Marin,041,260295,0,0,0,0,0
2020-02-08,Mariposa,043,17540,0,0,0,0,0
2020-02-08,Mendocino,045,87422,0,0,0,0,0
2020-02-08,Merced,047,269075,0,0,0,0,0
2020-02-08,Modoc,049,8938,0,0,0,0,0
2020-02-08,Mono,051,14174,0,0,0,0,0
2020-02-08,Monterey,053,433212,0,0,0,0,0
2020-02-08,Napa,055,140530,0,0,0,0,0
2020-02-08,Nevada,057,99092,0,0,0,0,0
2020-02-08,Orange,059,3164182,37,1,0,1,0
2020-02-08,Placer,061,380077,0,0,0,0,0
2020-02-08,Plumas,063,18699,0,0,0,0,0
2020-02-08,Riverside,065,2383286,4,0,0,0,0
2020-02-08,Sacramento,067,1510023,0,0,0,0,0
2020-02-08,San Benito,069,59416,0,2,0,2,0
2020-02-08,San Bernardino,071,2135413,7,0,0,0,0
2020-02-08,San Diego,073,3302833,1,0,0,0,0
2020-02-08,San Francisco,075,870044,1,0,0,0,0
2020-02-08,San Joaquin,077,732212,0,0,1,1,0
2020-02-08,San Luis Obispo,079,281455,0,0,0,0,0
2020-02-08,San Mateo,081,765935,2,0,0,0,0
2020-02-08,Santa Barbara,083,443738,0,0,0,0,0
2020-02-08,Santa Clara,085,1922200,4,2,0,2,0
2020-02-08,Santa Cruz,087,273765,0,0,0,0,0
2020-02-08,Shasta,089,179085,0,0,0,0,0
2020-02-08,Sierra,091,2930,0,0,0,0,0
2020-02-08,Siskiyou,093,43540,0,0,0,0,0
2020-02-08,Solano,095,438530,0,0,0,0,0
2020-02-08,Sonoma,097,501317,0,0,0,0,0
2020-02-08,Stanislaus,099,539301,0,0,0,0,0
2020-02-08,Sutter,101,95872,0,0,0,0,0
2020-02-08,Tehama,103,63373,0,0,0,0,0
2020-02-08,Trinity,105,12862,0,0,0,0,0
2020-02-08,Tulare,107,460477,2,0,0,0,0
2020-02-08,Tuolumne,109,53932,0,0,0,0,0
2020-02-08,Ventura,111,848112,1,0,0,0,0
2020-02-08,Yolo,113,214977,1,0,0,0,0
2020-02-08,Yuba,115,75493,0,0,0,0,0
2020-02-07,Alameda,001,1643700,3,0,0,0,0
2020-02-07,Alpine,003,1148,0,0,0,0,0
2020-02-07,Amador,005,37829,0,0,0,0,0
2020-02-07,Butte,007,227075,0,0,0,0,0
2020-02-07,Calaveras,009,45235,0,0,0,0,0
2020-02-07,Colusa,011,21464,0,0,0,0,0
2020-02-07,Contra Costa,013,1133247,2,0,0,0,0
2020-02-07,Del Norte,015,27424,0,0,0,0,0
2020-02-07,El Dorado,017,186661,0,0,0,0,0
2020-02-07,Fresno,019,978130,0,0,0,0,0
2020-02-07,Glenn,021,27897,0,0,0,0,0
2020-02-07,Humboldt,023,135768,0,0,0,0,0
2020-02-07,Imperial,025,180216,1,0,0,0,0
2020-02-07,Inyo,027,18085,0,0,0,0,0
2020-02-07,Kern,029,883053,2,0,0,0,0
2020-02-07,Kings,031,150075,1,0,0,0,0
2020-02-07,Lake,033,64148,0,0,0,0,0
2020-02-07,Lassen,035,31185,0,0,0,0,0
2020-02-07,Los Angeles,037,10098052,16,1,2,3,0
2020-02-07,Madera,039,155013,0,0,0,0,0
2020-02-07,Marin,041,260295,0,0,0,0,0
2020-02-07,Mariposa,043,17540,0,0,0,0,0
2020-02-07,Mendocino,045,87422,0,0,0,0,0
2020-02-07,Merced,047,269075,0,0,0,0,0
2020-02-07,Modoc,049,8938,0,0,0,0,0
2020-02-07,Mono,051,14174,0,0,0,0,0
2020-02-07,Monterey,053,433212,0,0,0,0,0
2020-02-07,Napa,055,140530,0,0,0,0,0
2020-02-07,Nevada,057,99092,0,0,0,0,0
2020-02-07,Orange,059,3164182,35,1,0,1,0
2020-02-07,Placer,061,380077,0,0,0,0,0
2020-02-07,Plumas,063,18699,0,0,0,0,0
2020-02-07,Riverside,065,2383286,4,0,0,0,0
2020-02-07,Sacramento,067,1510023,0,0,0,0,0
2020-02-07,San Benito,069,59416,0,2,0,2,0
2020-02-07,San Bernardino,071,2135413,4,0,0,0,0
2020-02-07,San Diego,073,3302833,1,0,0,0,0
2020-02-07,San Francisco,075,870044,1,0,0,0,0
2020-02-07,San Joaquin,077,732212,0,0,1,1,0
2020-02-07,San Luis Obispo,079,281455,0,0,0,0,0
2020-02-07,San Mateo,081,765935,1,0,0,0,0
2020-02-07,Santa Barbara,083,443738,0,0,0,0,0
2020-02-07,Santa Clara,085,1922200,4,2,0,2,0
2020-02-07,Santa Cruz,087,273765,0,0,0,0,0
2020-02-07,Shasta,089,179085,0,0,0,0,0
2020-02-07,Sierra,091,2930,0,0,0,0,0
2020-02-07,Siskiyou,093,43540,0,0,0,0,0
2020-02-07,Solano,095,438530,0,0,0,0,0
2020-02-07,Sonoma,097,501317,0,0,0,0,0
2020-02-07,Stanislaus,099,539301,0,0,0,0,0
2020-02-07,Sutter,101,95872,0,0,0,0,0
2020-02-07,Tehama,103,63373,0,0,0,0,0
2020-02-07,Trinity,105,12862,0,0,0,0,0
2020-02-07,Tulare,107,460477,2,0,0,0,0
2020-02-07,Tuolumne,109,53932,0,0,0,0,0
2020-02-07,Ventura,111,848112,1,0,0,0,0
2020-02-07,Yolo,113,214977,1,0,0,0,0
2020-02-07,Yuba,115,75493,0,0,0,0,0
2020-02-06,Alameda,001,1643700,3,0,0,0,0
2020-02-06,Alpine,003,1148,0,0,0,0,0
2020-02-06,Amador,005,37829,0,0,0,0,0
2020-02-06,Butte,007,227075,0,0,0,0,0
2020-02-06,Calaveras,009,45235,0,0,0,0,0
2020-02-06,Colusa,011,21464,0,0,0,0,0
2020-02-06,Contra Costa,013,1133247,2,0,0,0,0
2020-02-06,Del Norte,015,27424,0,0,0,0,0
2020-02-06,El Dorado,017,186661,0,0,0,0,0
2020-02-06,Fresno,019,978130,0,0,0,0,0
2020-02-06,Glenn,021,27897,0,0,0,0,0
2020-02-06,Humboldt,023,135768,0,0,0,0,0
2020-02-06,Imperial,025,180216,1,0,0,0,0
2020-02-06,Inyo,027,18085,0,0,0,0,0
2020-02-06,Kern,029,883053,2,0,0,0,0
2020-02-06,Kings,031,150075,0,0,0,0,0
2020-02-06,Lake,033,64148,0,0,0,0,0
2020-02-06,Lassen,035,31185,0,0,0,0,0
2020-02-06,Los Angeles,037,10098052,15,1,2,3,0
2020-02-06,Madera,039,155013,0,0,0,0,0
2020-02-06,Marin,041,260295,0,0,0,0,0
2020-02-06,Mariposa,043,17540,0,0,0,0,0
2020-02-06,Mendocino,045,87422,0,0,0,0,0
2020-02-06,Merced,047,269075,0,0,0,0,0
2020-02-06,Modoc,049,8938,0,0,0,0,0
2020-02-06,Mono,051,14174,0,0,0,0,0
2020-02-06,Monterey,053,433212,0,0,0,0,0
2020-02-06,Napa,055,140530,0,0,0,0,0
2020-02-06,Nevada,057,99092,0,0,0,0,0
2020-02-06,Orange,059,3164182,5,1,0,1,0
2020-02-06,Placer,061,380077,0,0,0,0,0
2020-02-06,Plumas,063,18699,0,0,0,0,0
2020-02-06,Riverside,065,2383286,4,0,0,0,0
2020-02-06,Sacramento,067,1510023,0,0,0,0,0
2020-02-06,San Benito,069,59416,0,2,0,2,0
2020-02-06,San Bernardino,071,2135413,4,0,0,0,0
2020-02-06,San Diego,073,3302833,1,0,0,0,0
2020-02-06,San Francisco,075,870044,1,0,0,0,0
2020-02-06,San Joaquin,077,732212,0,0,1,1,0
2020-02-06,San Luis Obispo,079,281455,0,0,0,0,0
2020-02-06,San Mateo,081,765935,1,0,0,0,0
2020-02-06,Santa Barbara,083,443738,0,0,0,0,0
2020-02-06,Santa Clara,085,1922200,4,2,0,2,0
2020-02-06,Santa Cruz,087,273765,0,0,0,0,0
2020-02-06,Shasta,089,179085,0,0,0,0,0
2020-02-06,Sierra,091,2930,0,0,0,0,0
2020-02-06,Siskiyou,093,43540,0,0,0,0,0
2020-02-06,Solano,095,438530,0,0,0,0,0
2020-02-06,Sonoma,097,501317,0,0,0,0,0
2020-02-06,Stanislaus,099,539301,0,0,0,0,0
2020-02-06,Sutter,101,95872,0,0,0,0,0
2020-02-06,Tehama,103,63373,0,0,0,0,0
2020-02-06,Trinity,105,12862,0,0,0,0,0
2020-02-06,Tulare,107,460477,2,0,0,0,0
2020-02-06,Tuolumne,109,53932,0,0,0,0,0
2020-02-06,Ventura,111,848112,1,0,0,0,0
2020-02-06,Yolo,113,214977,1,0,0,0,0
2020-02-06,Yuba,115,75493,0,0,0,0,0
2020-02-05,Alameda,001,1643700,3,0,0,0,0
2020-02-05,Alpine,003,1148,0,0,0,0,0
2020-02-05,Amador,005,37829,0,0,0,0,0
2020-02-05,Butte,007,227075,0,0,0,0,0
2020-02-05,Calaveras,009,45235,0,0,0,0,0
2020-02-05,Colusa,011,21464,0,0,0,0,0
2020-02-05,Contra Costa,013,1133247,2,0,0,0,0
2020-02-05,Del Norte,015,27424,0,0,0,0,0
2020-02-05,El Dorado,017,186661,0,0,0,0,0
2020-02-05,Fresno,019,978130,0,0,0,0,0
2020-02-05,Glenn,021,27897,0,0,0,0,0
2020-02-05,Humboldt,023,135768,0,0,0,0,0
2020-02-05,Imperial,025,180216,1,0,0,0,0
2020-02-05,Inyo,027,18085,0,0,0,0,0
2020-02-05,Kern,029,883053,1,0,0,0,0
2020-02-05,Kings,031,150075,0,0,0,0,0
2020-02-05,Lake,033,64148,0,0,0,0,0
2020-02-05,Lassen,035,31185,0,0,0,0,0
2020-02-05,Los Angeles,037,10098052,15,1,1,2,0
2020-02-05,Madera,039,155013,0,0,0,0,0
2020-02-05,Marin,041,260295,0,0,0,0,0
2020-02-05,Mariposa,043,17540,0,0,0,0,0
2020-02-05,Mendocino,045,87422,0,0,0,0,0
2020-02-05,Merced,047,269075,0,0,0,0,0
2020-02-05,Modoc,049,8938,0,0,0,0,0
2020-02-05,Mono,051,14174,0,0,0,0,0
2020-02-05,Monterey,053,433212,0,0,0,0,0
2020-02-05,Napa,055,140530,0,0,0,0,0
2020-02-05,Nevada,057,99092,0,0,0,0,0
2020-02-05,Orange,059,3164182,4,1,0,1,0
2020-02-05,Placer,061,380077,0,0,0,0,0
2020-02-05,Plumas,063,18699,0,0,0,0,0
2020-02-05,Riverside,065,2383286,4,0,0,0,0
2020-02-05,Sacramento,067,1510023,0,0,0,0,0
2020-02-05,San Benito,069,59416,0,2,0,2,0
2020-02-05,San Bernardino,071,2135413,4,0,0,0,0
2020-02-05,San Diego,073,3302833,0,0,0,0,0
2020-02-05,San Francisco,075,870044,1,0,0,0,0
2020-02-05,San Joaquin,077,732212,0,0,1,1,0
2020-02-05,San Luis Obispo,079,281455,0,0,0,0,0
2020-02-05,San Mateo,081,765935,1,0,0,0,0
2020-02-05,Santa Barbara,083,443738,0,0,0,0,0
2020-02-05,Santa Clara,085,1922200,2,2,0,2,0
2020-02-05,Santa Cruz,087,273765,0,0,0,0,0
2020-02-05,Shasta,089,179085,0,0,0,0,0
2020-02-05,Sierra,091,2930,0,0,0,0,0
2020-02-05,Siskiyou,093,43540,0,0,0,0,0
2020-02-05,Solano,095,438530,0,0,0,0,0
2020-02-05,Sonoma,097,501317,0,0,0,0,0
2020-02-05,Stanislaus,099,539301,0,0,0,0,0
2020-02-05,Sutter,101,95872,0,0,0,0,0
2020-02-05,Tehama,103,63373,0,0,0,0,0
2020-02-05,Trinity,105,12862,0,0,0,0,0
2020-02-05,Tulare,107,460477,2,0,0,0,0
2020-02-05,Tuolumne,109,53932,0,0,0,0,0
2020-02-05,Ventura,111,848112,0,0,0,0,0
2020-02-05,Yolo,113,214977,1,0,0,0,0
2020-02-05,Yuba,115,75493,0,0,0,0,0
2020-02-04,Alameda,001,1643700,3,0,0,0,0
2020-02-04,Alpine,003,1148,0,0,0,0,0
2020-02-04,Amador,005,37829,0,0,0,0,0
2020-02-04,Butte,007,227075,0,0,0,0,0
2020-02-04,Calaveras,009,45235,0,0,0,0,0
2020-02-04,Colusa,011,21464,0,0,0,0,0
2020-02-04,Contra Costa,013,1133247,2,0,0,0,0
2020-02-04,Del Norte,015,27424,0,0,0,0,0
2020-02-04,El Dorado,017,186661,0,0,0,0,0
2020-02-04,Fresno,019,978130,0,0,0,0,0
2020-02-04,Glenn,021,27897,0,0,0,0,0
2020-02-04,Humboldt,023,135768,0,0,0,0,0
2020-02-04,Imperial,025,180216,1,0,0,0,0
2020-02-04,Inyo,027,18085,0,0,0,0,0
2020-02-04,Kern,029,883053,0,0,0,0,0
2020-02-04,Kings,031,150075,0,0,0,0,0
2020-02-04,Lake,033,64148,0,0,0,0,0
2020-02-04,Lassen,035,31185,0,0,0,0,0
2020-02-04,Los Angeles,037,10098052,15,1,1,2,0
2020-02-04,Madera,039,155013,0,0,0,0,0
2020-02-04,Marin,041,260295,0,0,0,0,0
2020-02-04,Mariposa,043,17540,0,0,0,0,0
2020-02-04,Mendocino,045,87422,0,0,0,0,0
2020-02-04,Merced,047,269075,0,0,0,0,0
2020-02-04,Modoc,049,8938,0,0,0,0,0
2020-02-04,Mono,051,14174,0,0,0,0,0
2020-02-04,Monterey,053,433212,0,0,0,0,0
2020-02-04,Napa,055,140530,0,0,0,0,0
2020-02-04,Nevada,057,99092,0,0,0,0,0
2020-02-04,Orange,059,3164182,4,1,0,1,0
2020-02-04,Placer,061,380077,0,0,0,0,0
2020-02-04,Plumas,063,18699,0,0,0,0,0
2020-02-04,Riverside,065,2383286,4,0,0,0,0
2020-02-04,Sacramento,067,1510023,0,0,0,0,0
2020-02-04,San Benito,069,59416,0,2,0,2,0
2020-02-04,San Bernardino,071,2135413,3,0,0,0,0
2020-02-04,San Diego,073,3302833,0,0,0,0,0
2020-02-04,San Francisco,075,870044,1,0,0,0,0
2020-02-04,San Joaquin,077,732212,0,0,1,1,0
2020-02-04,San Luis Obispo,079,281455,0,0,0,0,0
2020-02-04,San Mateo,081,765935,0,0,0,0,0
2020-02-04,Santa Barbara,083,443738,0,0,0,0,0
2020-02-04,Santa Clara,085,1922200,2,2,0,2,0
2020-02-04,Santa Cruz,087,273765,0,0,0,0,0
2020-02-04,Shasta,089,179085,0,0,0,0,0
2020-02-04,Sierra,091,2930,0,0,0,0,0
2020-02-04,Siskiyou,093,43540,0,0,0,0,0
2020-02-04,Solano,095,438530,0,0,0,0,0
2020-02-04,Sonoma,097,501317,0,0,0,0,0
2020-02-04,Stanislaus,099,539301,0,0,0,0,0
2020-02-04,Sutter,101,95872,0,0,0,0,0
2020-02-04,Tehama,103,63373,0,0,0,0,0
2020-02-04,Trinity,105,12862,0,0,0,0,0
2020-02-04,Tulare,107,460477,2,0,0,0,0
2020-02-04,Tuolumne,109,53932,0,0,0,0,0
2020-02-04,Ventura,111,848112,0,0,0,0,0
2020-02-04,Yolo,113,214977,1,0,0,0,0
2020-02-04,Yuba,115,75493,0,0,0,0,0
2020-02-03,Alameda,001,1643700,3,0,0,0,0
2020-02-03,Alpine,003,1148,0,0,0,0,0
2020-02-03,Amador,005,37829,0,0,0,0,0
2020-02-03,Butte,007,227075,0,0,0,0,0
2020-02-03,Calaveras,009,45235,0,0,0,0,0
2020-02-03,Colusa,011,21464,0,0,0,0,0
2020-02-03,Contra Costa,013,1133247,2,0,0,0,0
2020-02-03,Del Norte,015,27424,0,0,0,0,0
2020-02-03,El Dorado,017,186661,0,0,0,0,0
2020-02-03,Fresno,019,978130,0,0,0,0,0
2020-02-03,Glenn,021,27897,0,0,0,0,0
2020-02-03,Humboldt,023,135768,0,0,0,0,0
2020-02-03,Imperial,025,180216,1,0,0,0,0
2020-02-03,Inyo,027,18085,0,0,0,0,0
2020-02-03,Kern,029,883053,0,0,0,0,0
2020-02-03,Kings,031,150075,0,0,0,0,0
2020-02-03,Lake,033,64148,0,0,0,0,0
2020-02-03,Lassen,035,31185,0,0,0,0,0
2020-02-03,Los Angeles,037,10098052,15,1,0,1,0
2020-02-03,Madera,039,155013,0,0,0,0,0
2020-02-03,Marin,041,260295,0,0,0,0,0
2020-02-03,Mariposa,043,17540,0,0,0,0,0
2020-02-03,Mendocino,045,87422,0,0,0,0,0
2020-02-03,Merced,047,269075,0,0,0,0,0
2020-02-03,Modoc,049,8938,0,0,0,0,0
2020-02-03,Mono,051,14174,0,0,0,0,0
2020-02-03,Monterey,053,433212,0,0,0,0,0
2020-02-03,Napa,055,140530,0,0,0,0,0
2020-02-03,Nevada,057,99092,0,0,0,0,0
2020-02-03,Orange,059,3164182,3,1,0,1,0
2020-02-03,Placer,061,380077,0,0,0,0,0
2020-02-03,Plumas,063,18699,0,0,0,0,0
2020-02-03,Riverside,065,2383286,4,0,0,0,0
2020-02-03,Sacramento,067,1510023,0,0,0,0,0
2020-02-03,San Benito,069,59416,0,2,0,2,0
2020-02-03,San Bernardino,071,2135413,3,0,0,0,0
2020-02-03,San Diego,073,3302833,0,0,0,0,0
2020-02-03,San Francisco,075,870044,1,0,0,0,0
2020-02-03,San Joaquin,077,732212,0,0,1,1,0
2020-02-03,San Luis Obispo,079,281455,0,0,0,0,0
2020-02-03,San Mateo,081,765935,0,0,0,0,0
2020-02-03,Santa Barbara,083,443738,0,0,0,0,0
2020-02-03,Santa Clara,085,1922200,2,2,0,2,0
2020-02-03,Santa Cruz,087,273765,0,0,0,0,0
2020-02-03,Shasta,089,179085,0,0,0,0,0
2020-02-03,Sierra,091,2930,0,0,0,0,0
2020-02-03,Siskiyou,093,43540,0,0,0,0,0
2020-02-03,Solano,095,438530,0,0,0,0,0
2020-02-03,Sonoma,097,501317,0,0,0,0,0
2020-02-03,Stanislaus,099,539301,0,0,0,0,0
2020-02-03,Sutter,101,95872,0,0,0,0,0
2020-02-03,Tehama,103,63373,0,0,0,0,0
2020-02-03,Trinity,105,12862,0,0,0,0,0
2020-02-03,Tulare,107,460477,2,0,0,0,0
2020-02-03,Tuolumne,109,53932,0,0,0,0,0
2020-02-03,Ventura,111,848112,0,0,0,0,0
2020-02-03,Yolo,113,214977,1,0,0,0,0
2020-02-03,Yuba,115,75493,0,0,0,0,0
2020-02-02,Alameda,001,1643700,3,0,0,0,0
2020-02-02,Alpine,003,1148,0,0,0,0,0
2020-02-02,Amador,005,37829,0,0,0,0,0
2020-02-02,Butte,007,227075,0,0,0,0,0
2020-02-02,Calaveras,009,45235,0,0,0,0,0
2020-02-02,Colusa,011,21464,0,0,0,0,0
2020-02-02,Contra Costa,013,1133247,1,0,0,0,0
2020-02-02,Del Norte,015,27424,0,0,0,0,0
2020-02-02,El Dorado,017,186661,0,0,0,0,0
2020-02-02,Fresno,019,978130,0,0,0,0,0
2020-02-02,Glenn,021,27897,0,0,0,0,0
2020-02-02,Humboldt,023,135768,0,0,0,0,0
2020-02-02,Imperial,025,180216,1,0,0,0,0
2020-02-02,Inyo,027,18085,0,0,0,0,0
2020-02-02,Kern,029,883053,0,0,0,0,0
2020-02-02,Kings,031,150075,0,0,0,0,0
2020-02-02,Lake,033,64148,0,0,0,0,0
2020-02-02,Lassen,035,31185,0,0,0,0,0
2020-02-02,Los Angeles,037,10098052,13,1,0,1,0
2020-02-02,Madera,039,155013,0,0,0,0,0
2020-02-02,Marin,041,260295,0,0,0,0,0
2020-02-02,Mariposa,043,17540,0,0,0,0,0
2020-02-02,Mendocino,045,87422,0,0,0,0,0
2020-02-02,Merced,047,269075,0,0,0,0,0
2020-02-02,Modoc,049,8938,0,0,0,0,0
2020-02-02,Mono,051,14174,0,0,0,0,0
2020-02-02,Monterey,053,433212,0,0,0,0,0
2020-02-02,Napa,055,140530,0,0,0,0,0
2020-02-02,Nevada,057,99092,0,0,0,0,0
2020-02-02,Orange,059,3164182,3,1,0,1,0
2020-02-02,Placer,061,380077,0,0,0,0,0
2020-02-02,Plumas,063,18699,0,0,0,0,0
2020-02-02,Riverside,065,2383286,3,0,0,0,0
2020-02-02,Sacramento,067,1510023,0,0,0,0,0
2020-02-02,San Benito,069,59416,0,2,0,2,0
2020-02-02,San Bernardino,071,2135413,2,0,0,0,0
2020-02-02,San Diego,073,3302833,0,0,0,0,0
2020-02-02,San Francisco,075,870044,1,0,0,0,0
2020-02-02,San Joaquin,077,732212,0,0,1,1,0
2020-02-02,San Luis Obispo,079,281455,0,0,0,0,0
2020-02-02,San Mateo,081,765935,0,0,0,0,0
2020-02-02,Santa Barbara,083,443738,0,0,0,0,0
2020-02-02,Santa Clara,085,1922200,2,2,0,2,0
2020-02-02,Santa Cruz,087,273765,0,0,0,0,0
2020-02-02,Shasta,089,179085,0,0,0,0,0
2020-02-02,Sierra,091,2930,0,0,0,0,0
2020-02-02,Siskiyou,093,43540,0,0,0,0,0
2020-02-02,Solano,095,438530,0,0,0,0,0
2020-02-02,Sonoma,097,501317,0,0,0,0,0
2020-02-02,Stanislaus,099,539301,0,0,0,0,0
2020-02-02,Sutter,101,95872,0,0,0,0,0
2020-02-02,Tehama,103,63373,0,0,0,0,0
2020-02-02,Trinity,105,12862,0,0,0,0,0
2020-02-02,Tulare,107,460477,2,0,0,0,0
2020-02-02,Tuolumne,109,53932,0,0,0,0,0
2020-02-02,Ventura,111,848112,0,0,0,0,0
2020-02-02,Yolo,113,214977,1,0,0,0,0
2020-02-02,Yuba,115,75493,0,0,0,0,0
2020-02-01,Alameda,001,1643700,3,0,0,0,0
2020-02-01,Alpine,003,1148,0,0,0,0,0
2020-02-01,Amador,005,37829,0,0,0,0,0
2020-02-01,Butte,007,227075,0,0,0,0,0
2020-02-01,Calaveras,009,45235,0,0,0,0,0
2020-02-01,Colusa,011,21464,0,0,0,0,0
2020-02-01,Contra Costa,013,1133247,0,0,0,0,0
2020-02-01,Del Norte,015,27424,0,0,0,0,0
2020-02-01,El Dorado,017,186661,0,0,0,0,0
2020-02-01,Fresno,019,978130,0,0,0,0,0
2020-02-01,Glenn,021,27897,0,0,0,0,0
2020-02-01,Humboldt,023,135768,0,0,0,0,0
2020-02-01,Imperial,025,180216,0,0,0,0,0
2020-02-01,Inyo,027,18085,0,0,0,0,0
2020-02-01,Kern,029,883053,0,0,0,0,0
2020-02-01,Kings,031,150075,0,0,0,0,0
2020-02-01,Lake,033,64148,0,0,0,0,0
2020-02-01,Lassen,035,31185,0,0,0,0,0
2020-02-01,Los Angeles,037,10098052,12,1,0,1,0
2020-02-01,Madera,039,155013,0,0,0,0,0
2020-02-01,Marin,041,260295,0,0,0,0,0
2020-02-01,Mariposa,043,17540,0,0,0,0,0
2020-02-01,Mendocino,045,87422,0,0,0,0,0
2020-02-01,Merced,047,269075,0,0,0,0,0
2020-02-01,Modoc,049,8938,0,0,0,0,0
2020-02-01,Mono,051,14174,0,0,0,0,0
2020-02-01,Monterey,053,433212,0,0,0,0,0
2020-02-01,Napa,055,140530,0,0,0,0,0
2020-02-01,Nevada,057,99092,0,0,0,0,0
2020-02-01,Orange,059,3164182,3,1,0,1,0
2020-02-01,Placer,061,380077,0,0,0,0,0
2020-02-01,Plumas,063,18699,0,0,0,0,0
2020-02-01,Riverside,065,2383286,2,0,0,0,0
2020-02-01,Sacramento,067,1510023,0,0,0,0,0
2020-02-01,San Benito,069,59416,0,0,0,0,0
2020-02-01,San Bernardino,071,2135413,1,0,0,0,0
2020-02-01,San Diego,073,3302833,0,0,0,0,0
2020-02-01,San Francisco,075,870044,1,0,0,0,0
2020-02-01,San Joaquin,077,732212,0,0,1,1,0
2020-02-01,San Luis Obispo,079,281455,0,0,0,0,0
2020-02-01,San Mateo,081,765935,0,0,0,0,0
2020-02-01,Santa Barbara,083,443738,0,0,0,0,0
2020-02-01,Santa Clara,085,1922200,2,1,0,1,0
2020-02-01,Santa Cruz,087,273765,0,0,0,0,0
2020-02-01,Shasta,089,179085,0,0,0,0,0
2020-02-01,Sierra,091,2930,0,0,0,0,0
2020-02-01,Siskiyou,093,43540,0,0,0,0,0
2020-02-01,Solano,095,438530,0,0,0,0,0
2020-02-01,Sonoma,097,501317,0,0,0,0,0
2020-02-01,Stanislaus,099,539301,0,0,0,0,0
2020-02-01,Sutter,101,95872,0,0,0,0,0
2020-02-01,Tehama,103,63373,0,0,0,0,0
2020-02-01,Trinity,105,12862,0,0,0,0,0
2020-02-01,Tulare,107,460477,1,0,0,0,0
2020-02-01,Tuolumne,109,53932,0,0,0,0,0
2020-02-01,Ventura,111,848112,0,0,0,0,0
2020-02-01,Yolo,113,214977,0,0,0,0,0
2020-02-01,Yuba,115,75493,0,0,0,0,0
